data_somministrazione,vaccinazioni,booster,cum_vaccinazioni,cum_booster
2020-12-27,20,0,20,0
2020-12-28,2,0,22,0
2020-12-29,1,0,23,0
2020-12-30,8,0,31,0
2020-12-31,72,0,103,0
2021-01-01,23,0,126,0
2021-01-02,126,0,252,0
2021-01-03,89,0,341,0
2021-01-04,212,0,553,0
2021-01-05,255,0,808,0
2021-01-06,221,0,1029,0
2021-01-07,305,0,1334,0
2021-01-08,350,0,1684,0
2021-01-09,263,0,1947,0
2021-01-10,158,0,2105,0
2021-01-11,282,0,2387,0
2021-01-12,275,0,2662,0
2021-01-13,401,0,3063,0
2021-01-14,485,0,3548,0
2021-01-15,304,0,3852,0
2021-01-16,213,0,4065,0
2021-01-17,3060,0,7125,0
2021-01-18,5213,0,12338,0
2021-01-19,1893,0,14231,0
2021-01-20,4656,0,18887,0
2021-01-21,20005,0,38892,0
2021-01-22,14220,0,53112,0
2021-01-23,33328,0,86440,0
2021-01-24,30785,0,117225,0
2021-01-25,64724,0,181949,0
2021-01-26,76491,0,258440,0
2021-01-27,64825,0,323265,0
2021-01-28,89272,0,412537,0
2021-01-29,94013,0,506550,0
2021-01-30,86555,0,593105,0
2021-01-31,57329,0,650434,0
2021-02-01,81855,0,732289,0
2021-02-02,82141,0,814430,0
2021-02-03,91115,0,905545,0
2021-02-04,95395,0,1000940,0
2021-02-05,90271,0,1091211,0
2021-02-06,63449,0,1154660,0
2021-02-07,32931,0,1187591,0
2021-02-08,40426,0,1228017,0
2021-02-09,32867,0,1260884,0
2021-02-10,28425,0,1289309,0
2021-02-11,20399,0,1309708,0
2021-02-12,16237,0,1325945,0
2021-02-13,7271,0,1333216,0
2021-02-14,2862,0,1336078,0
2021-02-15,6841,0,1342919,0
2021-02-16,6999,0,1349918,0
2021-02-17,10524,0,1360442,0
2021-02-18,9252,0,1369694,0
2021-02-19,8248,0,1377942,0
2021-02-20,5561,0,1383503,0
2021-02-21,3001,0,1386504,0
2021-02-22,6884,0,1393388,0
2021-02-23,7170,0,1400558,0
2021-02-24,9804,0,1410362,0
2021-02-25,14211,0,1424573,0
2021-02-26,17555,0,1442128,0
2021-02-27,13912,0,1456040,0
2021-02-28,9388,0,1465428,0
2021-03-01,26518,0,1491946,0
2021-03-02,33244,0,1525190,0
2021-03-03,44644,0,1569834,0
2021-03-04,50295,0,1620129,0
2021-03-05,55733,0,1675862,0
2021-03-06,41870,0,1717732,0
2021-03-07,22322,0,1740054,0
2021-03-08,50822,0,1790876,0
2021-03-09,53075,0,1843951,0
2021-03-10,58651,0,1902602,0
2021-03-11,63865,0,1966467,0
2021-03-12,65112,0,2031579,0
2021-03-13,51719,0,2083298,0
2021-03-14,35401,0,2118699,0
2021-03-15,73445,0,2192144,0
2021-03-16,74028,0,2266172,0
2021-03-17,83131,0,2349303,0
2021-03-18,81624,0,2430927,0
2021-03-19,81081,0,2512008,0
2021-03-20,64725,0,2576733,0
2021-03-21,47300,0,2624033,0
2021-03-22,69480,0,2693513,0
2021-03-23,75799,0,2769312,0
2021-03-24,90917,0,2860229,0
2021-03-25,89801,0,2950030,0
2021-03-26,83624,0,3033654,0
2021-03-27,71940,0,3105594,0
2021-03-28,44147,0,3149741,0
2021-03-29,70828,0,3220569,0
2021-03-30,81387,0,3301956,0
2021-03-31,96240,0,3398196,0
2021-04-01,95309,0,3493505,0
2021-04-02,84071,0,3577576,0
2021-04-03,64305,0,3641881,0
2021-04-04,21718,0,3663599,0
2021-04-05,40313,0,3703912,0
2021-04-06,81318,0,3785230,0
2021-04-07,95831,0,3881061,0
2021-04-08,95242,0,3976303,0
2021-04-09,88492,0,4064795,0
2021-04-10,74031,0,4138826,0
2021-04-11,44764,0,4183590,0
2021-04-12,66918,0,4250508,0
2021-04-13,72574,0,4323082,0
2021-04-14,85541,0,4408623,0
2021-04-15,105419,0,4514042,0
2021-04-16,106417,0,4620459,0
2021-04-17,90516,0,4710975,0
2021-04-18,58590,0,4769565,0
2021-04-19,93430,0,4862995,0
2021-04-20,103770,0,4966765,0
2021-04-21,125338,0,5092103,0
2021-04-22,143518,0,5235621,0
2021-04-23,138742,0,5374363,0
2021-04-24,124445,0,5498808,0
2021-04-25,61457,0,5560265,0
2021-04-26,97894,0,5658159,0
2021-04-27,128361,0,5786520,0
2021-04-28,156370,0,5942890,0
2021-04-29,195597,0,6138487,0
2021-04-30,214582,0,6353069,0
2021-05-01,174120,0,6527189,0
2021-05-02,135802,0,6662991,0
2021-05-03,142040,0,6805031,0
2021-05-04,158698,0,6963729,0
2021-05-05,170501,0,7134230,0
2021-05-06,197809,0,7332039,0
2021-05-07,213848,0,7545887,0
2021-05-08,213412,0,7759299,0
2021-05-09,143204,0,7902503,0
2021-05-10,165080,0,8067583,0
2021-05-11,174987,0,8242570,0
2021-05-12,179183,0,8421753,0
2021-05-13,203385,0,8625138,0
2021-05-14,222917,0,8848055,0
2021-05-15,210367,0,9058422,0
2021-05-16,159275,0,9217697,0
2021-05-17,219196,0,9436893,0
2021-05-18,213021,0,9649914,0
2021-05-19,207088,0,9857002,0
2021-05-20,270866,0,10127868,0
2021-05-21,270888,0,10398756,0
2021-05-22,245525,0,10644281,0
2021-05-23,197181,0,10841462,0
2021-05-24,228310,0,11069772,0
2021-05-25,245698,0,11315470,0
2021-05-26,277503,0,11592973,0
2021-05-27,311086,0,11904059,0
2021-05-28,299573,0,12203632,0
2021-05-29,231223,0,12434855,0
2021-05-30,170842,0,12605697,0
2021-05-31,216423,0,12822120,0
2021-06-01,207635,0,13029755,0
2021-06-02,115799,0,13145554,0
2021-06-03,180143,0,13325697,0
2021-06-04,184882,0,13510579,0
2021-06-05,185960,0,13696539,0
2021-06-06,139552,0,13836091,0
2021-06-07,161873,0,13997964,0
2021-06-08,171225,0,14169189,0
2021-06-09,171489,0,14340678,0
2021-06-10,174109,0,14514787,0
2021-06-11,169984,0,14684771,0
2021-06-12,128326,0,14813097,0
2021-06-13,91187,0,14904284,0
2021-06-14,214683,0,15118967,0
2021-06-15,228422,0,15347389,0
2021-06-16,253080,0,15600469,0
2021-06-17,301737,0,15902206,0
2021-06-18,306300,0,16208506,0
2021-06-19,275087,0,16483593,0
2021-06-20,220788,0,16704381,0
2021-06-21,288075,0,16992456,0
2021-06-22,296225,0,17288681,0
2021-06-23,302689,0,17591370,0
2021-06-24,332606,0,17923976,0
2021-06-25,348716,0,18272692,0
2021-06-26,300123,0,18572815,0
2021-06-27,228666,0,18801481,0
2021-06-28,307097,0,19108578,0
2021-06-29,329289,0,19437867,0
2021-06-30,342168,0,19780035,0
2021-07-01,363210,0,20143245,0
2021-07-02,368477,0,20511722,0
2021-07-03,371093,0,20882815,0
2021-07-04,283215,0,21166030,0
2021-07-05,384545,0,21550575,0
2021-07-06,385476,0,21936051,0
2021-07-07,412119,0,22348170,0
2021-07-08,479608,0,22827778,0
2021-07-09,498485,0,23326263,0
2021-07-10,475185,0,23801448,0
2021-07-11,357696,0,24159144,0
2021-07-12,485904,0,24645048,0
2021-07-13,492116,0,25137164,0
2021-07-14,480464,0,25617628,0
2021-07-15,523459,0,26141087,0
2021-07-16,509764,0,26650851,0
2021-07-17,464344,0,27115195,0
2021-07-18,364653,0,27479848,0
2021-07-19,463056,0,27942904,0
2021-07-20,458064,0,28400968,0
2021-07-21,462798,0,28863766,0
2021-07-22,475391,0,29339157,0
2021-07-23,441319,0,29780476,0
2021-07-24,386165,0,30166641,0
2021-07-25,287558,0,30454199,0
2021-07-26,430880,0,30885079,0
2021-07-27,440131,0,31325210,0
2021-07-28,391012,0,31716222,0
2021-07-29,372074,0,32088296,0
2021-07-30,341517,0,32429813,0
2021-07-31,287030,0,32716843,0
2021-08-01,191004,0,32907847,0
2021-08-02,333707,0,33241554,0
2021-08-03,323195,0,33564749,0
2021-08-04,310975,0,33875724,0
2021-08-05,292506,0,34168230,0
2021-08-06,260013,0,34428243,0
2021-08-07,199050,0,34627293,0
2021-08-08,153108,0,34780401,0
2021-08-09,234074,0,35014475,0
2021-08-10,205250,0,35219725,0
2021-08-11,193769,0,35413494,0
2021-08-12,168028,0,35581522,0
2021-08-13,148634,0,35730156,0
2021-08-14,66092,0,35796248,0
2021-08-15,26338,0,35822586,0
2021-08-16,114703,0,35937289,0
2021-08-17,129251,0,36066540,0
2021-08-18,128750,0,36195290,0
2021-08-19,124817,0,36320107,0
2021-08-20,123793,0,36443900,0
2021-08-21,83130,0,36527030,0
2021-08-22,68171,0,36595201,0
2021-08-23,176874,0,36772075,0
2021-08-24,156897,0,36928972,0
2021-08-25,177170,0,37106142,0
2021-08-26,172363,0,37278505,0
2021-08-27,185835,0,37464340,0
2021-08-28,140280,0,37604620,0
2021-08-29,98996,0,37703616,0
2021-08-30,209602,0,37913218,0
2021-08-31,194640,0,38107858,0
2021-09-01,192209,0,38300067,0
2021-09-02,189931,0,38489998,0
2021-09-03,191303,0,38681301,0
2021-09-04,131464,0,38812765,0
2021-09-05,87857,0,38900622,0
2021-09-06,193631,0,39094253,0
2021-09-07,196040,0,39290293,0
2021-09-08,187882,0,39478175,0
2021-09-09,201447,0,39679622,0
2021-09-10,198080,0,39877702,0
2021-09-11,141300,0,40019002,0
2021-09-12,89595,0,40108597,0
2021-09-13,191129,600,40299726,600
2021-09-14,177234,610,40476960,1210
2021-09-15,163101,615,40640061,1825
2021-09-16,160077,960,40800138,2785
2021-09-17,150171,1138,40950309,3923
2021-09-18,127982,753,41078291,4676
2021-09-19,81135,501,41159426,5177
2021-09-20,180077,9099,41339503,14276
2021-09-21,166647,8846,41506150,23122
2021-09-22,159089,9447,41665239,32569
2021-09-23,138079,9342,41803318,41911
2021-09-24,140542,8977,41943860,50888
2021-09-25,119557,5651,42063417,56539
2021-09-26,71969,4351,42135386,60890
2021-09-27,135659,10062,42271045,70952
2021-09-28,117509,11406,42388554,82358
2021-09-29,112349,11838,42500903,94196
2021-09-30,110258,14962,42611161,109158
2021-10-01,94989,19121,42706150,128279
2021-10-02,78506,14030,42784656,142309
2021-10-03,47747,7663,42832403,149972
2021-10-04,88378,34466,42920781,184438
2021-10-05,80367,33994,43001148,218432
2021-10-06,71996,34186,43073144,252618
2021-10-07,71864,34361,43145008,286979
2021-10-08,80630,33605,43225638,320584
2021-10-09,76103,22183,43301741,342767
2021-10-10,45778,13622,43347519,356389
2021-10-11,87440,41118,43434959,397507
2021-10-12,84499,46918,43519458,444425
2021-10-13,88199,52136,43607657,496561
2021-10-14,91551,58531,43699208,555092
2021-10-15,93595,55646,43792803,610738
2021-10-16,82967,36800,43875770,647538
2021-10-17,51462,23840,43927232,671378
2021-10-18,90305,59499,44017537,730877
2021-10-19,78346,69390,44095883,800267
2021-10-20,75067,78189,44170950,878456
2021-10-21,78295,81775,44249245,960231
2021-10-22,73784,77054,44323029,1037285
2021-10-23,60827,51965,44383856,1089250
2021-10-24,33373,23468,44417229,1112718
2021-10-25,64905,81639,44482134,1194357
2021-10-26,58371,91819,44540505,1286176
2021-10-27,58331,104007,44598836,1390183
2021-10-28,61455,114133,44660291,1504316
2021-10-29,61640,103153,44721931,1607469
2021-10-30,50673,68128,44772604,1675597
2021-10-31,25160,28302,44797764,1703899
2021-11-01,19047,28155,44816811,1732054
2021-11-02,62745,89412,44879556,1821466
2021-11-03,60725,118678,44940281,1940144
2021-11-04,59245,126682,44999526,2066826
2021-11-05,63094,135203,45062620,2202029
2021-11-06,46483,90933,45109103,2292962
2021-11-07,22252,37900,45131355,2330862
2021-11-08,51527,131281,45182882,2462143
2021-11-09,45396,144222,45228278,2606365
2021-11-10,42585,156361,45270863,2762726
2021-11-11,44935,155144,45315798,2917870
2021-11-12,46313,158652,45362111,3076522
2021-11-13,33261,116661,45395372,3193183
2021-11-14,14490,52454,45409862,3245637
2021-11-15,36900,157436,45446762,3403073
2021-11-16,30557,171390,45477319,3574463
2021-11-17,28467,178445,45505786,3752908
2021-11-18,30282,193739,45536068,3946647
2021-11-19,28810,205866,45564878,4152513
2021-11-20,21002,156452,45585880,4308965
2021-11-21,10612,64862,45596492,4373827
2021-11-22,21942,213158,45618434,4586985
2021-11-23,23579,241766,45642013,4828751
2021-11-24,27793,271020,45669806,5099771
2021-11-25,23241,301924,45693047,5401695
2021-11-26,24578,318282,45717625,5719977
2021-11-27,21386,266158,45739011,5986135
2021-11-28,9904,137057,45748915,6123192
2021-11-29,22342,326072,45771257,6449264
2021-11-30,23097,365840,45794354,6815104
2021-12-01,21516,413509,45815870,7228613
2021-12-02,23764,440422,45839634,7669035
2021-12-03,25263,467491,45864897,8136526
2021-12-04,22374,418779,45887271,8555305
2021-12-05,11934,261356,45899205,8816661
2021-12-06,25818,457613,45925023,9274274
2021-12-07,24139,480277,45949162,9754551
2021-12-08,10008,249705,45959170,10004256
2021-12-09,31577,491947,45990747,10496203
2021-12-10,28071,517903,46018818,11014106
2021-12-11,23565,459259,46042383,11473365
2021-12-12,12310,293515,46054693,11766880
2021-12-13,26158,467638,46080851,12234518
2021-12-14,25178,494219,46106029,12728737
2021-12-15,25327,517164,46131356,13245901
2021-12-16,27879,520274,46159235,13766175
2021-12-17,29365,517192,46188600,14283367
2021-12-18,27072,468746,46215672,14752113
2021-12-19,15155,300532,46230827,15052645
2021-12-20,30635,477496,46261462,15530141
2021-12-21,30381,493402,46291843,16023543
2021-12-22,29444,484726,46321287,16508269
2021-12-23,28241,426924,46349528,16935193
2021-12-24,13112,210836,46362640,17146029
2021-12-25,2103,33053,46364743,17179082
2021-12-26,8768,159073,46373511,17338155
2021-12-27,46810,504673,46420321,17842828
2021-12-28,42468,554229,46462789,18397057
2021-12-29,34344,550658,46497133,18947715
2021-12-30,31842,499841,46528975,19447556
2021-12-31,14128,247398,46543103,19694954
2022-01-01,3497,64815,46546600,19759769
2022-01-02,22790,276723,46569390,20036492
2022-01-03,47866,520022,46617256,20556514
2022-01-04,46384,572090,46663640,21128604
2022-01-05,40764,560400,46704404,21689004
2022-01-06,20589,244124,46724993,21933128
2022-01-07,63709,554198,46788702,22487326
2022-01-08,60881,503398,46849583,22990724
2022-01-09,42886,319686,46892469,23310410
2022-01-10,61101,542294,46953570,23852704
2022-01-11,61733,586996,47015303,24439700
2022-01-12,58457,581278,47073760,25020978
2022-01-13,58611,580392,47132371,25601370
2022-01-14,46813,588575,47179184,26189945
2022-01-15,39443,569947,47218627,26759892
2022-01-16,31244,341863,47249871,27101755
2022-01-17,54791,489665,47304662,27591420
2022-01-18,58398,517019,47363060,28108439
2022-01-19,57182,502790,47420242,28611229
2022-01-20,54325,498826,47474567,29110055
2022-01-21,42093,493879,47516660,29603934
2022-01-22,31209,469597,47547869,30073531
2022-01-23,34940,275374,47582809,30348905
2022-01-24,56173,437226,47638982,30786131
2022-01-25,61548,452112,47700530,31238243
2022-01-26,58534,435834,47759064,31674077
2022-01-27,48827,432378,47807891,32106455
2022-01-28,58692,436541,47866583,32542996
2022-01-29,68135,412496,47934718,32955492
2022-01-30,50377,235967,47985095,33191459
2022-01-31,60628,356933,48045723,33548392
2022-02-01,65548,328445,48111271,33876837
2022-02-02,63196,296977,48174467,34173814
2022-02-03,60044,274518,48234511,34448332
2022-02-04,72352,268457,48306863,34716789
2022-02-05,83772,248532,48390635,34965321
2022-02-06,55293,116204,48445928,35081525
2022-02-07,65145,199940,48511073,35281465
2022-02-08,66919,186113,48577992,35467578
2022-02-09,58747,166333,48636739,35633911
2022-02-10,58558,163239,48695297,35797150
2022-02-11,62242,162465,48757539,35959615
2022-02-12,71975,152140,48829514,36111755
2022-02-13,41472,68852,48870986,36180607
2022-02-14,46683,116185,48917669,36296792
2022-02-15,48528,123479,48966197,36420271
2022-02-16,45666,106121,49011863,36526392
2022-02-17,42857,98106,49054720,36624498
2022-02-18,46608,112570,49101328,36737068
2022-02-19,52532,100332,49153860,36837400
2022-02-20,31410,40362,49185270,36877762
2022-02-21,37882,89649,49223152,36967411
2022-02-22,37215,83775,49260367,37051186
2022-02-23,33381,79407,49293748,37130593
2022-02-24,32543,78162,49326291,37208755
2022-02-25,34753,90709,49361044,37299464
2022-02-26,39155,89133,49400199,37388597
2022-02-27,22544,35856,49422743,37424453
2022-02-28,28477,81689,49451220,37506142
2022-03-01,22720,53939,49473940,37560081
2022-03-02,21944,50678,49495884,37610759
2022-03-03,22615,54945,49518499,37665704
2022-03-04,23227,62795,49541726,37728499
2022-03-05,23797,57951,49565523,37786450
2022-03-06,9470,17200,49574993,37803650
2022-03-07,15913,51387,49590906,37855037
2022-03-08,15470,48794,49606376,37903831
2022-03-09,13809,46518,49620185,37950349
2022-03-10,14046,52117,49634231,38002466
2022-03-11,15581,57261,49649812,38059727
2022-03-12,15501,56617,49665313,38116344
2022-03-13,5543,16850,49670856,38133194
2022-03-14,10521,46697,49681377,38179891
2022-03-15,10538,46890,49691915,38226781
2022-03-16,9476,41973,49701391,38268754
2022-03-17,9714,44871,49711105,38313625
2022-03-18,10158,49054,49721263,38362679
2022-03-19,9146,46532,49730409,38409211
2022-03-20,2609,11701,49733018,38420912
2022-03-21,7578,40224,49740596,38461136
2022-03-22,8446,37758,49749042,38498894
2022-03-23,7213,33699,49756255,38532593
2022-03-24,8255,38800,49764510,38571393
2022-03-25,8134,43662,49772644,38615055
2022-03-26,8124,41721,49780768,38656776
2022-03-27,2429,9681,49783197,38666457
2022-03-28,6108,35237,49789305,38701694
2022-03-29,5773,32527,49795078,38734221
2022-03-30,5563,30201,49800641,38764422
2022-03-31,5891,33181,49806532,38797603
2022-04-01,4346,25187,49810878,38822790
2022-04-02,4493,23274,49815371,38846064
2022-04-03,1048,4500,49816419,38850564
2022-04-04,3656,21538,49820075,38872102
2022-04-05,3756,22929,49823831,38895031
2022-04-06,4100,21852,49827931,38916883
2022-04-07,3965,23320,49831896,38940203
2022-04-08,4691,26710,49836587,38966913
2022-04-09,4381,23884,49840968,38990797
2022-04-10,891,4614,49841859,38995411
2022-04-11,3813,22685,49845672,39018096
2022-04-12,3361,21776,49849033,39039872
2022-04-13,3562,21332,49852595,39061204
2022-04-14,3485,23786,49856080,39084990
2022-04-15,3083,20617,49859163,39105607
2022-04-16,2149,11918,49861312,39117525
2022-04-17,63,348,49861375,39117873
2022-04-18,151,650,49861526,39118523
2022-04-19,3497,21977,49865023,39140500
2022-04-20,3508,20249,49868531,39160749
2022-04-21,2844,19783,49871375,39180532
2022-04-22,2927,20697,49874302,39201229
2022-04-23,2642,16217,49876944,39217446
2022-04-24,509,2334,49877453,39219780
2022-04-25,183,1165,49877636,39220945
2022-04-26,2759,17801,49880395,39238746
2022-04-27,2372,15789,49882767,39254535
2022-04-28,2357,15557,49885124,39270092
2022-04-29,2293,14837,49887417,39284929
2022-04-30,2122,11578,49889539,39296507
2022-05-01,113,530,49889652,39297037
2022-05-02,1450,9389,49891102,39306426
2022-05-03,1575,10314,49892677,39316740
2022-05-04,1746,10261,49894423,39327001
2022-05-05,1652,10278,49896075,39337279
2022-05-06,1700,10952,49897775,39348231
2022-05-07,1431,8563,49899206,39356794
2022-05-08,416,1517,49899622,39358311
2022-05-09,1027,8918,49900649,39367229
2022-05-10,1422,9542,49902071,39376771
2022-05-11,1482,10091,49903553,39386862
2022-05-12,1369,10122,49904922,39396984
2022-05-13,1592,10511,49906514,39407495
2022-05-14,1356,8230,49907870,39415725
2022-05-15,336,1130,49908206,39416855
2022-05-16,813,8394,49909019,39425249
2022-05-17,1243,8677,49910262,39433926
2022-05-18,1374,9225,49911636,39443151
2022-05-19,1500,9272,49913136,39452423
2022-05-20,1422,9499,49914558,39461922
2022-05-21,1300,7893,49915858,39469815
2022-05-22,231,1012,49916089,39470827
2022-05-23,830,8262,49916919,39479089
2022-05-24,1073,8664,49917992,39487753
2022-05-25,1369,9446,49919361,39497199
2022-05-26,1195,9455,49920556,39506654
2022-05-27,1230,9909,49921786,39516563
2022-05-28,1204,7873,49922990,39524436
2022-05-29,286,1264,49923276,39525700
2022-05-30,930,8031,49924206,39533731
2022-05-31,1035,8532,49925241,39542263
2022-06-01,890,7644,49926131,39549907
2022-06-02,35,474,49926166,39550381
2022-06-03,817,7330,49926983,39557711
2022-06-04,870,5157,49927853,39562868
2022-06-05,89,586,49927942,39563454
2022-06-06,678,6984,49928620,39570438
2022-06-07,951,7842,49929571,39578280
2022-06-08,983,7901,49930554,39586181
2022-06-09,1037,8399,49931591,39594580
2022-06-10,958,8552,49932549,39603132
2022-06-11,903,6206,49933452,39609338
2022-06-12,140,767,49933592,39610105
2022-06-13,602,6298,49934194,39616403
2022-06-14,828,7883,49935022,39624286
2022-06-15,954,7844,49935976,39632130
2022-06-16,730,7390,49936706,39639520
2022-06-17,721,7242,49937427,39646762
2022-06-18,777,5589,49938204,39652351
2022-06-19,47,522,49938251,39652873
2022-06-20,587,6695,49938838,39659568
2022-06-21,735,7656,49939573,39667224
2022-06-22,780,7307,49940353,39674531
2022-06-23,651,7459,49941004,39681990
2022-06-24,643,7472,49941647,39689462
2022-06-25,835,6532,49942482,39695994
2022-06-26,128,523,49942610,39696517
2022-06-27,531,7123,49943141,39703640
2022-06-28,745,8195,49943886,39711835
2022-06-29,756,7723,49944642,39719558
2022-06-30,746,8131,49945388,39727689
2022-07-01,576,6438,49945964,39734127
2022-07-02,536,4767,49946500,39738894
2022-07-03,49,456,49946549,39739350
2022-07-04,469,6275,49947018,39745625
2022-07-05,628,8112,49947646,39753737
2022-07-06,634,7607,49948280,39761344
2022-07-07,570,8265,49948850,39769609
2022-07-08,671,8079,49949521,39777688
2022-07-09,550,6103,49950071,39783791
2022-07-10,58,533,49950129,39784324
2022-07-11,486,7639,49950615,39791963
2022-07-12,667,9026,49951282,39800989
2022-07-13,641,10061,49951923,39811050
2022-07-14,636,10220,49952559,39821270
2022-07-15,625,10664,49953184,39831934
2022-07-16,522,7209,49953706,39839143
2022-07-17,48,769,49953754,39839912
2022-07-18,497,9350,49954251,39849262
2022-07-19,573,10657,49954824,39859919
2022-07-20,579,11257,49955403,39871176
2022-07-21,627,12040,49956030,39883216
2022-07-22,584,11226,49956614,39894442
2022-07-23,379,6744,49956993,39901186
2022-07-24,76,834,49957069,39902020
2022-07-25,503,9033,49957572,39911053
2022-07-26,521,9727,49958093,39920780
2022-07-27,550,10160,49958643,39930940
2022-07-28,529,10482,49959172,39941422
2022-07-29,510,9427,49959682,39950849
2022-07-30,382,5853,49960064,39956702
2022-07-31,49,745,49960113,39957447
2022-08-01,386,6824,49960499,39964271
2022-08-02,540,7525,49961039,39971796
2022-08-03,513,7140,49961552,39978936
2022-08-04,453,7439,49962005,39986375
2022-08-05,419,6491,49962424,39992866
2022-08-06,298,3582,49962722,39996448
2022-08-07,44,551,49962766,39996999
2022-08-08,401,4874,49963167,40001873
2022-08-09,383,5269,49963550,40007142
2022-08-10,380,4790,49963930,40011932
2022-08-11,366,4757,49964296,40016689
2022-08-12,292,3699,49964588,40020388
2022-08-13,143,1597,49964731,40021985
2022-08-14,9,128,49964740,40022113
2022-08-15,1,26,49964741,40022139
2022-08-16,283,3028,49965024,40025167
2022-08-17,351,3511,49965375,40028678
2022-08-18,389,4142,49965764,40032820
2022-08-19,341,3309,49966105,40036129
2022-08-20,183,1710,49966288,40037839
2022-08-21,24,146,49966312,40037985
2022-08-22,329,2940,49966641,40040925
2022-08-23,371,3656,49967012,40044581
2022-08-24,383,3344,49967395,40047925
2022-08-25,420,3752,49967815,40051677
2022-08-26,397,3560,49968212,40055237
2022-08-27,235,1769,49968447,40057006
2022-08-28,29,260,49968476,40057266
2022-08-29,354,3148,49968830,40060414
2022-08-30,403,3645,49969233,40064059
2022-08-31,436,3716,49969669,40067775
2022-09-01,352,3098,49970021,40070873
2022-09-02,296,2882,49970317,40073755
2022-09-03,199,1686,49970516,40075441
2022-09-04,23,147,49970539,40075588
2022-09-05,186,2646,49970725,40078234
2022-09-06,302,2984,49971027,40081218
2022-09-07,541,2912,49971568,40084130
2022-09-08,289,2951,49971857,40087081
2022-09-09,301,2854,49972158,40089935
2022-09-10,227,1325,49972385,40091260
2022-09-11,21,123,49972406,40091383
2022-09-12,267,2248,49972673,40093631
2022-09-13,250,2267,49972923,40095898
2022-09-14,263,2555,49973186,40098453
2022-09-15,279,2480,49973465,40100933
2022-09-16,253,2532,49973718,40103465
2022-09-17,239,1339,49973957,40104804
2022-09-18,20,170,49973977,40104974
2022-09-19,205,1965,49974182,40106939
2022-09-20,236,2373,49974418,40109312
2022-09-21,289,2513,49974707,40111825
2022-09-22,260,2638,49974967,40114463
2022-09-23,256,2517,49975223,40116980
2022-09-24,193,1426,49975416,40118406
2022-09-25,28,134,49975444,40118540
2022-09-26,280,2239,49975724,40120779
2022-09-27,281,2638,49976005,40123417
2022-09-28,309,2875,49976314,40126292
2022-09-29,251,3029,49976565,40129321
2022-09-30,289,2965,49976854,40132286
2022-10-01,193,1505,49977047,40133791
2022-10-02,11,187,49977058,40133978
2022-10-03,180,2454,49977238,40136432
2022-10-04,233,2823,49977471,40139255
2022-10-05,224,3194,49977695,40142449
2022-10-06,239,3774,49977934,40146223
2022-10-07,282,4108,49978216,40150331
2022-10-08,198,2209,49978414,40152540
2022-10-09,8,287,49978422,40152827
2022-10-10,205,3305,49978627,40156132
2022-10-11,191,4263,49978818,40160395
2022-10-12,207,4362,49979025,40164757
2022-10-13,193,5213,49979218,40169970
2022-10-14,224,4934,49979442,40174904
2022-10-15,185,2583,49979627,40177487
2022-10-16,6,348,49979633,40177835
2022-10-17,185,3778,49979818,40181613
2022-10-18,252,4831,49980070,40186444
2022-10-19,231,5209,49980301,40191653
2022-10-20,212,5585,49980513,40197238
2022-10-21,147,2759,49980660,40199997