data_somministrazione,vaccinazioni,booster,cum_vaccinazioni,cum_booster
2020-12-27,20,0,20,0
2020-12-28,2,0,22,0
2020-12-29,1,0,23,0
2020-12-30,9,0,32,0
2020-12-31,73,0,105,0
2021-01-01,23,0,128,0
2021-01-02,131,0,259,0
2021-01-03,94,0,353,0
2021-01-04,222,0,575,0
2021-01-05,259,0,834,0
2021-01-06,228,0,1062,0
2021-01-07,308,0,1370,0
2021-01-08,357,0,1727,0
2021-01-09,268,0,1995,0
2021-01-10,162,0,2157,0
2021-01-11,290,0,2447,0
2021-01-12,275,0,2722,0
2021-01-13,405,0,3127,0
2021-01-14,489,0,3616,0
2021-01-15,309,0,3925,0
2021-01-16,215,0,4140,0
2021-01-17,3060,0,7200,0
2021-01-18,5215,0,12415,0
2021-01-19,1893,0,14308,0
2021-01-20,4656,0,18964,0
2021-01-21,20005,0,38969,0
2021-01-22,14220,0,53189,0
2021-01-23,33329,0,86518,0
2021-01-24,30781,0,117299,0
2021-01-25,64719,0,182018,0
2021-01-26,76485,0,258503,0
2021-01-27,64823,0,323326,0
2021-01-28,89269,0,412595,0
2021-01-29,94015,0,506610,0
2021-01-30,86549,0,593159,0
2021-01-31,57327,0,650486,0
2021-02-01,81852,0,732338,0
2021-02-02,82139,0,814477,0
2021-02-03,91112,0,905589,0
2021-02-04,95394,0,1000983,0
2021-02-05,90269,0,1091252,0
2021-02-06,63448,0,1154700,0
2021-02-07,32933,0,1187633,0
2021-02-08,40426,0,1228059,0
2021-02-09,32871,0,1260930,0
2021-02-10,28429,0,1289359,0
2021-02-11,20403,0,1309762,0
2021-02-12,16240,0,1326002,0
2021-02-13,7274,0,1333276,0
2021-02-14,2862,0,1336138,0
2021-02-15,6844,0,1342982,0
2021-02-16,7002,0,1349984,0
2021-02-17,10525,0,1360509,0
2021-02-18,9252,0,1369761,0
2021-02-19,8251,0,1378012,0
2021-02-20,5570,0,1383582,0
2021-02-21,3005,0,1386587,0
2021-02-22,6884,0,1393471,0
2021-02-23,7179,0,1400650,0
2021-02-24,9808,0,1410458,0
2021-02-25,14211,0,1424669,0
2021-02-26,17556,0,1442225,0
2021-02-27,13915,0,1456140,0
2021-02-28,9389,0,1465529,0
2021-03-01,26517,0,1492046,0
2021-03-02,33245,0,1525291,0
2021-03-03,44647,0,1569938,0
2021-03-04,50294,0,1620232,0
2021-03-05,55733,0,1675965,0
2021-03-06,41871,0,1717836,0
2021-03-07,22323,0,1740159,0
2021-03-08,50827,0,1790986,0
2021-03-09,53078,0,1844064,0
2021-03-10,58659,0,1902723,0
2021-03-11,63871,0,1966594,0
2021-03-12,65114,0,2031708,0
2021-03-13,51726,0,2083434,0
2021-03-14,35405,0,2118839,0
2021-03-15,73448,0,2192287,0
2021-03-16,74026,0,2266313,0
2021-03-17,83133,0,2349446,0
2021-03-18,81629,0,2431075,0
2021-03-19,81083,0,2512158,0
2021-03-20,64726,0,2576884,0
2021-03-21,47306,0,2624190,0
2021-03-22,69490,0,2693680,0
2021-03-23,75807,0,2769487,0
2021-03-24,90916,0,2860403,0
2021-03-25,89814,0,2950217,0
2021-03-26,83634,0,3033851,0
2021-03-27,71945,0,3105796,0
2021-03-28,44153,0,3149949,0
2021-03-29,70833,0,3220782,0
2021-03-30,81394,0,3302176,0
2021-03-31,96246,0,3398422,0
2021-04-01,95313,0,3493735,0
2021-04-02,84077,0,3577812,0
2021-04-03,64306,0,3642118,0
2021-04-04,21718,0,3663836,0
2021-04-05,40317,0,3704153,0
2021-04-06,81324,0,3785477,0
2021-04-07,95835,0,3881312,0
2021-04-08,95246,0,3976558,0
2021-04-09,88494,0,4065052,0
2021-04-10,74032,0,4139084,0
2021-04-11,44766,0,4183850,0
2021-04-12,66918,0,4250768,0
2021-04-13,72582,0,4323350,0
2021-04-14,85547,0,4408897,0
2021-04-15,105414,0,4514311,0
2021-04-16,106421,0,4620732,0
2021-04-17,90521,0,4711253,0
2021-04-18,58596,0,4769849,0
2021-04-19,93433,0,4863282,0
2021-04-20,103772,0,4967054,0
2021-04-21,125345,0,5092399,0
2021-04-22,143521,0,5235920,0
2021-04-23,138747,0,5374667,0
2021-04-24,124447,0,5499114,0
2021-04-25,61457,0,5560571,0
2021-04-26,97897,0,5658468,0
2021-04-27,128365,0,5786833,0
2021-04-28,156379,0,5943212,0
2021-04-29,195600,0,6138812,0
2021-04-30,214591,0,6353403,0
2021-05-01,174126,0,6527529,0
2021-05-02,135805,0,6663334,0
2021-05-03,142048,0,6805382,0
2021-05-04,158695,0,6964077,0
2021-05-05,170514,0,7134591,0
2021-05-06,197812,0,7332403,0
2021-05-07,213852,0,7546255,0
2021-05-08,213426,0,7759681,0
2021-05-09,143207,0,7902888,0
2021-05-10,165088,0,8067976,0
2021-05-11,174997,0,8242973,0
2021-05-12,179192,0,8422165,0
2021-05-13,203400,0,8625565,0
2021-05-14,222927,0,8848492,0
2021-05-15,210374,0,9058866,0
2021-05-16,159280,0,9218146,0
2021-05-17,219206,0,9437352,0
2021-05-18,213024,0,9650376,0
2021-05-19,207095,0,9857471,0
2021-05-20,270875,0,10128346,0
2021-05-21,270905,0,10399251,0
2021-05-22,245531,0,10644782,0
2021-05-23,197184,0,10841966,0
2021-05-24,228311,0,11070277,0
2021-05-25,245699,0,11315976,0
2021-05-26,277510,0,11593486,0
2021-05-27,311093,0,11904579,0
2021-05-28,299578,0,12204157,0
2021-05-29,231235,0,12435392,0
2021-05-30,170843,0,12606235,0
2021-05-31,216430,0,12822665,0
2021-06-01,207639,0,13030304,0
2021-06-02,115806,0,13146110,0
2021-06-03,180162,0,13326272,0
2021-06-04,184896,0,13511168,0
2021-06-05,185972,0,13697140,0
2021-06-06,139562,0,13836702,0
2021-06-07,161883,0,13998585,0
2021-06-08,171249,0,14169834,0
2021-06-09,171501,0,14341335,0
2021-06-10,174120,0,14515455,0
2021-06-11,169997,0,14685452,0
2021-06-12,128342,0,14813794,0
2021-06-13,91205,0,14904999,0
2021-06-14,214693,0,15119692,0
2021-06-15,228433,0,15348125,0
2021-06-16,253089,0,15601214,0
2021-06-17,301747,0,15902961,0
2021-06-18,306315,0,16209276,0
2021-06-19,275104,0,16484380,0
2021-06-20,220800,0,16705180,0
2021-06-21,288080,0,16993260,0
2021-06-22,296233,0,17289493,0
2021-06-23,302694,0,17592187,0
2021-06-24,332612,0,17924799,0
2021-06-25,348718,0,18273517,0
2021-06-26,300132,0,18573649,0
2021-06-27,228678,0,18802327,0
2021-06-28,307117,0,19109444,0
2021-06-29,329313,0,19438757,0
2021-06-30,342181,0,19780938,0
2021-07-01,363230,0,20144168,0
2021-07-02,368488,0,20512656,0
2021-07-03,371099,0,20883755,0
2021-07-04,283223,0,21166978,0
2021-07-05,384551,0,21551529,0
2021-07-06,385483,0,21937012,0
2021-07-07,412121,0,22349133,0
2021-07-08,479599,0,22828732,0
2021-07-09,498483,0,23327215,0
2021-07-10,475178,0,23802393,0
2021-07-11,357699,0,24160092,0
2021-07-12,485897,0,24645989,0
2021-07-13,492102,0,25138091,0
2021-07-14,480455,0,25618546,0
2021-07-15,523447,0,26141993,0
2021-07-16,509767,0,26651760,0
2021-07-17,464337,0,27116097,0
2021-07-18,364647,0,27480744,0
2021-07-19,463054,0,27943798,0
2021-07-20,458060,0,28401858,0
2021-07-21,462796,0,28864654,0
2021-07-22,475391,0,29340045,0
2021-07-23,441329,0,29781374,0
2021-07-24,386158,0,30167532,0
2021-07-25,287561,0,30455093,0
2021-07-26,430890,0,30885983,0
2021-07-27,440130,0,31326113,0
2021-07-28,391020,0,31717133,0
2021-07-29,372083,0,32089216,0
2021-07-30,341519,0,32430735,0
2021-07-31,287035,0,32717770,0
2021-08-01,190999,0,32908769,0
2021-08-02,333703,0,33242472,0
2021-08-03,323195,0,33565667,0
2021-08-04,310982,0,33876649,0
2021-08-05,292494,0,34169143,0
2021-08-06,260020,0,34429163,0
2021-08-07,199052,0,34628215,0
2021-08-08,153109,0,34781324,0
2021-08-09,234080,0,35015404,0
2021-08-10,205259,0,35220663,0
2021-08-11,193781,0,35414444,0
2021-08-12,168040,0,35582484,0
2021-08-13,148644,0,35731128,0
2021-08-14,66096,0,35797224,0
2021-08-15,26339,0,35823563,0
2021-08-16,114707,0,35938270,0
2021-08-17,129255,0,36067525,0
2021-08-18,128756,0,36196281,0
2021-08-19,124832,0,36321113,0
2021-08-20,123792,0,36444905,0
2021-08-21,83132,0,36528037,0
2021-08-22,68173,0,36596210,0
2021-08-23,176871,0,36773081,0
2021-08-24,156892,0,36929973,0
2021-08-25,177170,0,37107143,0
2021-08-26,172364,0,37279507,0
2021-08-27,185833,0,37465340,0
2021-08-28,140285,0,37605625,0
2021-08-29,98991,0,37704616,0
2021-08-30,209597,0,37914213,0
2021-08-31,194646,0,38108859,0
2021-09-01,192205,0,38301064,0
2021-09-02,189932,0,38490996,0
2021-09-03,191295,0,38682291,0
2021-09-04,131459,0,38813750,0
2021-09-05,87854,0,38901604,0
2021-09-06,193623,0,39095227,0
2021-09-07,196031,0,39291258,0
2021-09-08,187878,0,39479136,0
2021-09-09,201440,0,39680576,0
2021-09-10,198072,0,39878648,0
2021-09-11,141296,0,40019944,0
2021-09-12,89594,0,40109538,0
2021-09-13,191124,612,40300662,612
2021-09-14,177226,623,40477888,1235
2021-09-15,163094,627,40640982,1862
2021-09-16,160068,970,40801050,2832
2021-09-17,150174,1145,40951224,3977
2021-09-18,127981,761,41079205,4738
2021-09-19,81140,502,41160345,5240
2021-09-20,180068,9112,41340413,14352
2021-09-21,166661,8847,41507074,23199
2021-09-22,159098,9452,41666172,32651
2021-09-23,138086,9345,41804258,41996
2021-09-24,140551,8989,41944809,50985
2021-09-25,119564,5657,42064373,56642
2021-09-26,71980,4354,42136353,60996
2021-09-27,135665,10068,42272018,71064
2021-09-28,117509,11413,42389527,82477
2021-09-29,112358,11844,42501885,94321
2021-09-30,110268,14971,42612153,109292
2021-10-01,94994,19124,42707147,128416
2021-10-02,78513,14033,42785660,142449
2021-10-03,47751,7665,42833411,150114
2021-10-04,88386,34468,42921797,184582
2021-10-05,80379,34003,43002176,218585
2021-10-06,71996,34192,43074172,252777
2021-10-07,71872,34363,43146044,287140
2021-10-08,80629,33612,43226673,320752
2021-10-09,76108,22187,43302781,342939
2021-10-10,45782,13625,43348563,356564
2021-10-11,87444,41123,43436007,397687
2021-10-12,84508,46923,43520515,444610
2021-10-13,88211,52140,43608726,496750
2021-10-14,91547,58543,43700273,555293
2021-10-15,93595,55658,43793868,610951
2021-10-16,82971,36811,43876839,647762
2021-10-17,51460,23849,43928299,671611
2021-10-18,90303,59504,44018602,731115
2021-10-19,78348,69396,44096950,800511
2021-10-20,75069,78196,44172019,878707
2021-10-21,78304,81784,44250323,960491
2021-10-22,73781,77060,44324104,1037551
2021-10-23,60831,51967,44384935,1089518
2021-10-24,33371,23473,44418306,1112991
2021-10-25,64906,81647,44483212,1194638
2021-10-26,58374,91821,44541586,1286459
2021-10-27,58330,104015,44599916,1390474
2021-10-28,61453,114141,44661369,1504615
2021-10-29,61638,103163,44723007,1607778
2021-10-30,50677,68133,44773684,1675911
2021-10-31,25162,28304,44798846,1704215
2021-11-01,19048,28157,44817894,1732372
2021-11-02,62742,89422,44880636,1821794
2021-11-03,60727,118682,44941363,1940476
2021-11-04,59245,126686,45000608,2067162
2021-11-05,63094,135211,45063702,2202373
2021-11-06,46483,90935,45110185,2293308
2021-11-07,22253,37900,45132438,2331208
2021-11-08,51529,131291,45183967,2462499
2021-11-09,45402,144226,45229369,2606725
2021-11-10,42589,156364,45271958,2763089
2021-11-11,44931,155157,45316889,2918246
2021-11-12,46318,158659,45363207,3076905
2021-11-13,33266,116666,45396473,3193571
2021-11-14,14492,52456,45410965,3246027
2021-11-15,36909,157440,45447874,3403467
2021-11-16,30560,171399,45478434,3574866
2021-11-17,28468,178452,45506902,3753318
2021-11-18,30289,193746,45537191,3947064
2021-11-19,28813,205874,45566004,4152938
2021-11-20,21004,156455,45587008,4309393
2021-11-21,10611,64866,45597619,4374259
2021-11-22,21948,213159,45619567,4587418
2021-11-23,23590,241767,45643157,4829185
2021-11-24,27795,271034,45670952,5100219
2021-11-25,23248,301930,45694200,5402149
2021-11-26,24589,318289,45718789,5720438
2021-11-27,21394,266166,45740183,5986604
2021-11-28,9904,137065,45750087,6123669
2021-11-29,22354,326074,45772441,6449743
2021-11-30,23109,365854,45795550,6815597
2021-12-01,21534,413513,45817084,7229110
2021-12-02,23774,440431,45840858,7669541
2021-12-03,25268,467504,45866126,8137045
2021-12-04,22383,418787,45888509,8555832
2021-12-05,11939,261358,45900448,8817190
2021-12-06,25835,457619,45926283,9274809
2021-12-07,24153,480293,45950436,9755102
2021-12-08,10021,249715,45960457,10004817
2021-12-09,31610,491951,45992067,10496768
2021-12-10,28085,517916,46020152,11014684
2021-12-11,23580,459268,46043732,11473952
2021-12-12,12313,293521,46056045,11767473
2021-12-13,26169,467644,46082214,12235117
2021-12-14,25192,494226,46107406,12729343
2021-12-15,25359,517182,46132765,13246525
2021-12-16,27911,520286,46160676,13766811
2021-12-17,29382,517201,46190058,14284012
2021-12-18,27082,468763,46217140,14752775
2021-12-19,15162,300539,46232302,15053314
2021-12-20,30656,477499,46262958,15530813
2021-12-21,30405,493416,46293363,16024229
2021-12-22,29471,484736,46322834,16508965
2021-12-23,28271,426931,46351105,16935896
2021-12-24,13121,210837,46364226,17146733
2021-12-25,2103,33053,46366329,17179786
2021-12-26,8769,159074,46375098,17338860
2021-12-27,46824,504681,46421922,17843541
2021-12-28,42489,554235,46464411,18397776
2021-12-29,34383,550663,46498794,18948439
2021-12-30,31868,499851,46530662,19448290
2021-12-31,14135,247405,46544797,19695695
2022-01-01,3499,64815,46548296,19760510
2022-01-02,22804,276721,46571100,20037231
2022-01-03,47901,520028,46619001,20557259
2022-01-04,46426,572099,46665427,21129358
2022-01-05,40801,560408,46706228,21689766
2022-01-06,23516,274491,46729744,21964257
2022-01-07,63755,554208,46793499,22518465
2022-01-08,60927,503405,46854426,23021870
2022-01-09,42913,319695,46897339,23341565
2022-01-10,61137,542314,46958476,23883879
2022-01-11,61789,587016,47020265,24470895
2022-01-12,58507,581299,47078772,25052194
2022-01-13,58670,580417,47137442,25632611
2022-01-14,46875,588599,47184317,26221210
2022-01-15,39483,569968,47223800,26791178
2022-01-16,31277,341884,47255077,27133062
2022-01-17,54822,489676,47309899,27622738
2022-01-18,58437,517041,47368336,28139779
2022-01-19,57241,502811,47425577,28642590
2022-01-20,54383,498840,47479960,29141430
2022-01-21,42139,493886,47522099,29635316
2022-01-22,31243,469609,47553342,30104925
2022-01-23,34955,275385,47588297,30380310
2022-01-24,56202,437236,47644499,30817546
2022-01-25,61578,452119,47706077,31269665
2022-01-26,58564,435837,47764641,31705502
2022-01-27,48868,432388,47813509,32137890
2022-01-28,58732,436551,47872241,32574441
2022-01-29,68156,412502,47940397,32986943
2022-01-30,50399,235976,47990796,33222919
2022-01-31,60664,356939,48051460,33579858
2022-02-01,65579,328457,48117039,33908315
2022-02-02,63223,296981,48180262,34205296
2022-02-03,60073,274522,48240335,34479818
2022-02-04,72392,268466,48312727,34748284
2022-02-05,83800,248540,48396527,34996824
2022-02-06,55300,116207,48451827,35113031
2022-02-07,65165,199941,48516992,35312972
2022-02-08,66936,186118,48583928,35499090
2022-02-09,58769,166335,48642697,35665425
2022-02-10,58589,163239,48701286,35828664
2022-02-11,62260,162467,48763546,35991131
2022-02-12,71992,152147,48835538,36143278
2022-02-13,41474,68853,48877012,36212131
2022-02-14,46701,116187,48923713,36328318
2022-02-15,48544,123479,48972257,36451797
2022-02-16,45681,106122,49017938,36557919
2022-02-17,42868,98114,49060806,36656033
2022-02-18,46627,112579,49107433,36768612
2022-02-19,52541,100335,49159974,36868947
2022-02-20,31410,40366,49191384,36909313
2022-02-21,37889,89654,49229273,36998967
2022-02-22,37224,83777,49266497,37082744
2022-02-23,33397,79409,49299894,37162153
2022-02-24,32556,78160,49332450,37240313
2022-02-25,34764,90710,49367214,37331023
2022-02-26,39158,89135,49406372,37420158
2022-02-27,22545,35857,49428917,37456015
2022-02-28,28481,81690,49457398,37537705
2022-03-01,22722,53942,49480120,37591647
2022-03-02,21955,50683,49502075,37642330
2022-03-03,22621,54947,49524696,37697277
2022-03-04,23235,62799,49547931,37760076
2022-03-05,23800,57951,49571731,37818027
2022-03-06,9471,17201,49581202,37835228
2022-03-07,15918,51389,49597120,37886617
2022-03-08,15477,48796,49612597,37935413
2022-03-09,13812,46519,49626409,37981932
2022-03-10,14050,52119,49640459,38034051
2022-03-11,15585,57265,49656044,38091316
2022-03-12,15506,56619,49671550,38147935
2022-03-13,5544,16850,49677094,38164785
2022-03-14,10525,46699,49687619,38211484
2022-03-15,10548,46894,49698167,38258378
2022-03-16,9482,41973,49707649,38300351
2022-03-17,9717,44874,49717366,38345225
2022-03-18,10158,49057,49727524,38394282
2022-03-19,9150,46533,49736674,38440815
2022-03-20,2609,11702,49739283,38452517
2022-03-21,7579,40223,49746862,38492740
2022-03-22,8448,37758,49755310,38530498
2022-03-23,7214,33700,49762524,38564198
2022-03-24,8258,38803,49770782,38603001
2022-03-25,8139,43667,49778921,38646668
2022-03-26,8126,41721,49787047,38688389
2022-03-27,2430,9682,49789477,38698071
2022-03-28,6109,35238,49795586,38733309
2022-03-29,5777,32528,49801363,38765837
2022-03-30,5566,30201,49806929,38796038
2022-03-31,5897,33179,49812826,38829217
2022-04-01,4348,25189,49817174,38854406
2022-04-02,4495,23273,49821669,38877679
2022-04-03,1049,4500,49822718,38882179
2022-04-04,3657,21544,49826375,38903723
2022-04-05,3756,22931,49830131,38926654
2022-04-06,4103,21853,49834234,38948507
2022-04-07,3965,23320,49838199,38971827
2022-04-08,4692,26712,49842891,38998539
2022-04-09,4383,23885,49847274,39022424
2022-04-10,892,4613,49848166,39027037
2022-04-11,3816,22686,49851982,39049723
2022-04-12,3364,21777,49855346,39071500
2022-04-13,3567,21335,49858913,39092835
2022-04-14,3486,23786,49862399,39116621
2022-04-15,3084,20617,49865483,39137238
2022-04-16,2149,11918,49867632,39149156
2022-04-17,63,348,49867695,39149504
2022-04-18,152,650,49867847,39150154
2022-04-19,3499,21979,49871346,39172133
2022-04-20,3511,20251,49874857,39192384
2022-04-21,2847,19787,49877704,39212171
2022-04-22,2927,20703,49880631,39232874
2022-04-23,2644,16219,49883275,39249093
2022-04-24,509,2334,49883784,39251427
2022-04-25,183,1165,49883967,39252592
2022-04-26,2759,17806,49886726,39270398
2022-04-27,2374,15793,49889100,39286191
2022-04-28,2359,15559,49891459,39301750
2022-04-29,2294,14844,49893753,39316594
2022-04-30,2123,11580,49895876,39328174
2022-05-01,113,531,49895989,39328705
2022-05-02,1450,9391,49897439,39338096
2022-05-03,1576,10318,49899015,39348414
2022-05-04,1745,10268,49900760,39358682
2022-05-05,1653,10285,49902413,39368967
2022-05-06,1702,10956,49904115,39379923
2022-05-07,1431,8567,49905546,39388490
2022-05-08,416,1519,49905962,39390009
2022-05-09,1027,8928,49906989,39398937
2022-05-10,1424,9546,49908413,39408483
2022-05-11,1483,10097,49909896,39418580
2022-05-12,1369,10131,49911265,39428711
2022-05-13,1594,10517,49912859,39439228
2022-05-14,1357,8235,49914216,39447463
2022-05-15,336,1131,49914552,39448594
2022-05-16,813,8405,49915365,39456999
2022-05-17,1243,8696,49916608,39465695
2022-05-18,1372,9234,49917980,39474929
2022-05-19,1500,9277,49919480,39484206
2022-05-20,1421,9514,49920901,39493720
2022-05-21,1301,7899,49922202,39501619
2022-05-22,231,1013,49922433,39502632
2022-05-23,830,8267,49923263,39510899
2022-05-24,1073,8672,49924336,39519571
2022-05-25,1369,9458,49925705,39529029
2022-05-26,1195,9475,49926900,39538504
2022-05-27,1232,9912,49928132,39548416
2022-05-28,1205,7885,49929337,39556301
2022-05-29,286,1266,49929623,39557567
2022-05-30,931,8055,49930554,39565622
2022-05-31,1036,8546,49931590,39574168
2022-06-01,891,7655,49932481,39581823
2022-06-02,35,474,49932516,39582297
2022-06-03,818,7333,49933334,39589630
2022-06-04,870,5161,49934204,39594791
2022-06-05,89,586,49934293,39595377
2022-06-06,678,6992,49934971,39602369
2022-06-07,952,7848,49935923,39610217
2022-06-08,982,7908,49936905,39618125
2022-06-09,1037,8414,49937942,39626539
2022-06-10,958,8564,49938900,39635103
2022-06-11,903,6207,49939803,39641310
2022-06-12,140,768,49939943,39642078
2022-06-13,602,6301,49940545,39648379
2022-06-14,828,7896,49941373,39656275
2022-06-15,955,7852,49942328,39664127
2022-06-16,730,7392,49943058,39671519
2022-06-17,723,7243,49943781,39678762
2022-06-18,777,5593,49944558,39684355
2022-06-19,47,522,49944605,39684877
2022-06-20,587,6699,49945192,39691576
2022-06-21,736,7665,49945928,39699241
2022-06-22,781,7308,49946709,39706549
2022-06-23,651,7467,49947360,39714016
2022-06-24,644,7474,49948004,39721490
2022-06-25,835,6534,49948839,39728024
2022-06-26,128,523,49948967,39728547
2022-06-27,532,7123,49949499,39735670
2022-06-28,745,8206,49950244,39743876
2022-06-29,756,7729,49951000,39751605
2022-06-30,746,8143,49951746,39759748
2022-07-01,577,6443,49952323,39766191
2022-07-02,536,4769,49952859,39770960
2022-07-03,49,456,49952908,39771416
2022-07-04,469,6277,49953377,39777693
2022-07-05,629,8118,49954006,39785811
2022-07-06,633,7610,49954639,39793421
2022-07-07,571,8270,49955210,39801691
2022-07-08,673,8083,49955883,39809774
2022-07-09,550,6104,49956433,39815878
2022-07-10,58,533,49956491,39816411
2022-07-11,487,7638,49956978,39824049
2022-07-12,667,9028,49957645,39833077
2022-07-13,641,10067,49958286,39843144
2022-07-14,635,10224,49958921,39853368
2022-07-15,625,10667,49959546,39864035
2022-07-16,522,7214,49960068,39871249
2022-07-17,48,770,49960116,39872019
2022-07-18,497,9368,49960613,39881387
2022-07-19,574,10682,49961187,39892069
2022-07-20,580,11272,49961767,39903341
2022-07-21,627,12085,49962394,39915426
2022-07-22,583,11258,49962977,39926684
2022-07-23,380,6772,49963357,39933456
2022-07-24,76,857,49963433,39934313
2022-07-25,503,9052,49963936,39943365
2022-07-26,519,9758,49964455,39953123
2022-07-27,551,10200,49965006,39963323
2022-07-28,530,10530,49965536,39973853
2022-07-29,511,9464,49966047,39983317
2022-07-30,382,5881,49966429,39989198
2022-07-31,49,764,49966478,39989962
2022-08-01,386,6864,49966864,39996826
2022-08-02,539,7584,49967403,40004410
2022-08-03,513,7174,49967916,40011584
2022-08-04,455,7488,49968371,40019072
2022-08-05,420,6523,49968791,40025595
2022-08-06,299,3612,49969090,40029207
2022-08-07,44,562,49969134,40029769
2022-08-08,402,4893,49969536,40034662
2022-08-09,382,5307,49969918,40039969
2022-08-10,381,4814,49970299,40044783
2022-08-11,366,4778,49970665,40049561
2022-08-12,292,3721,49970957,40053282
2022-08-13,143,1600,49971100,40054882
2022-08-14,9,129,49971109,40055011
2022-08-15,1,26,49971110,40055037
2022-08-16,283,3043,49971393,40058080
2022-08-17,352,3536,49971745,40061616
2022-08-18,390,4160,49972135,40065776
2022-08-19,341,3318,49972476,40069094
2022-08-20,183,1715,49972659,40070809
2022-08-21,24,149,49972683,40070958
2022-08-22,329,2950,49973012,40073908
2022-08-23,370,3672,49973382,40077580
2022-08-24,383,3359,49973765,40080939
2022-08-25,421,3772,49974186,40084711
2022-08-26,398,3571,49974584,40088282
2022-08-27,237,1769,49974821,40090051
2022-08-28,29,267,49974850,40090318
2022-08-29,354,3161,49975204,40093479
2022-08-30,403,3670,49975607,40097149
2022-08-31,437,3734,49976044,40100883
2022-09-01,352,3117,49976396,40104000
2022-09-02,296,2890,49976692,40106890
2022-09-03,199,1688,49976891,40108578
2022-09-04,23,149,49976914,40108727
2022-09-05,186,2655,49977100,40111382
2022-09-06,303,2988,49977403,40114370
2022-09-07,540,2935,49977943,40117305
2022-09-08,291,2960,49978234,40120265
2022-09-09,304,2884,49978538,40123149
2022-09-10,227,1326,49978765,40124475
2022-09-11,21,124,49978786,40124599
2022-09-12,267,2263,49979053,40126862
2022-09-13,252,2274,49979305,40129136
2022-09-14,264,2564,49979569,40131700
2022-09-15,280,2491,49979849,40134191
2022-09-16,253,2544,49980102,40136735
2022-09-17,239,1339,49980341,40138074
2022-09-18,20,170,49980361,40138244
2022-09-19,205,1969,49980566,40140213
2022-09-20,236,2384,49980802,40142597
2022-09-21,289,2526,49981091,40145123
2022-09-22,263,2647,49981354,40147770
2022-09-23,258,2533,49981612,40150303
2022-09-24,193,1427,49981805,40151730
2022-09-25,29,133,49981834,40151863
2022-09-26,280,2247,49982114,40154110
2022-09-27,286,2671,49982400,40156781
2022-09-28,309,2888,49982709,40159669
2022-09-29,256,3045,49982965,40162714
2022-09-30,290,2972,49983255,40165686
2022-10-01,193,1513,49983448,40167199
2022-10-02,11,187,49983459,40167386
2022-10-03,182,2471,49983641,40169857
2022-10-04,235,2857,49983876,40172714
2022-10-05,226,3217,49984102,40175931
2022-10-06,241,3838,49984343,40179769
2022-10-07,282,4158,49984625,40183927
2022-10-08,201,2235,49984826,40186162
2022-10-09,8,304,49984834,40186466
2022-10-10,206,3335,49985040,40189801
2022-10-11,191,4347,49985231,40194148
2022-10-12,208,4413,49985439,40198561
2022-10-13,200,5290,49985639,40203851
2022-10-14,229,5016,49985868,40208867
2022-10-15,187,2665,49986055,40211532
2022-10-16,6,360,49986061,40211892
2022-10-17,186,3858,49986247,40215750
2022-10-18,255,4946,49986502,40220696
2022-10-19,236,5440,49986738,40226136
2022-10-20,221,5965,49986959,40232101
2022-10-21,250,5418,49987209,40237519
2022-10-22,194,2903,49987403,40240422
2022-10-23,13,356,49987416,40240778
2022-10-24,170,3899,49987586,40244677
2022-10-25,248,4877,49987834,40249554
2022-10-26,308,5406,49988142,40254960
2022-10-27,237,5571,49988379,40260531
2022-10-28,198,5087,49988577,40265618
2022-10-29,126,2555,49988703,40268173
2022-10-30,3,281,49988706,40268454
2022-10-31,113,2996,49988819,40271450
2022-11-01,10,326,49988829,40271776
2022-11-02,139,3555,49988968,40275331
2022-11-03,164,4613,49989132,40279944
2022-11-04,208,4342,49989340,40284286
2022-11-05,140,2412,49989480,40286698
2022-11-06,10,251,49989490,40286949