data_somministrazione,vaccinazioni,booster,cum_vaccinazioni,cum_booster
2020-12-27,20,0,20,0
2020-12-28,2,0,22,0
2020-12-29,1,0,23,0
2020-12-30,10,0,33,0
2020-12-31,76,0,109,0
2021-01-01,25,0,134,0
2021-01-02,143,0,277,0
2021-01-03,105,0,382,0
2021-01-04,236,0,618,0
2021-01-05,280,0,898,0
2021-01-06,245,0,1143,0
2021-01-07,322,0,1465,0
2021-01-08,378,0,1843,0
2021-01-09,281,0,2124,0
2021-01-10,165,0,2289,0
2021-01-11,304,0,2593,0
2021-01-12,283,0,2876,0
2021-01-13,417,0,3293,0
2021-01-14,503,0,3796,0
2021-01-15,319,0,4115,0
2021-01-16,224,0,4339,0
2021-01-17,3063,0,7402,0
2021-01-18,5220,0,12622,0
2021-01-19,1894,0,14516,0
2021-01-20,4659,0,19175,0
2021-01-21,20006,0,39181,0
2021-01-22,14220,0,53401,0
2021-01-23,33323,0,86724,0
2021-01-24,30775,0,117499,0
2021-01-25,64705,0,182204,0
2021-01-26,76465,0,258669,0
2021-01-27,64813,0,323482,0
2021-01-28,89256,0,412738,0
2021-01-29,93996,0,506734,0
2021-01-30,86544,0,593278,0
2021-01-31,57325,0,650603,0
2021-02-01,81839,0,732442,0
2021-02-02,82134,0,814576,0
2021-02-03,91107,0,905683,0
2021-02-04,95384,0,1001067,0
2021-02-05,90267,0,1091334,0
2021-02-06,63448,0,1154782,0
2021-02-07,32934,0,1187716,0
2021-02-08,40421,0,1228137,0
2021-02-09,32879,0,1261016,0
2021-02-10,28435,0,1289451,0
2021-02-11,20405,0,1309856,0
2021-02-12,16251,0,1326107,0
2021-02-13,7279,0,1333386,0
2021-02-14,2862,0,1336248,0
2021-02-15,6846,0,1343094,0
2021-02-16,7004,0,1350098,0
2021-02-17,10526,0,1360624,0
2021-02-18,9255,0,1369879,0
2021-02-19,8257,0,1378136,0
2021-02-20,5577,0,1383713,0
2021-02-21,3014,0,1386727,0
2021-02-22,6883,0,1393610,0
2021-02-23,7187,0,1400797,0
2021-02-24,9812,0,1410609,0
2021-02-25,14212,0,1424821,0
2021-02-26,17559,0,1442380,0
2021-02-27,13919,0,1456299,0
2021-02-28,9394,0,1465693,0
2021-03-01,26526,0,1492219,0
2021-03-02,33248,0,1525467,0
2021-03-03,44647,0,1570114,0
2021-03-04,50302,0,1620416,0
2021-03-05,55743,0,1676159,0
2021-03-06,41879,0,1718038,0
2021-03-07,22330,0,1740368,0
2021-03-08,50835,0,1791203,0
2021-03-09,53089,0,1844292,0
2021-03-10,58685,0,1902977,0
2021-03-11,63883,0,1966860,0
2021-03-12,65136,0,2031996,0
2021-03-13,51729,0,2083725,0
2021-03-14,35423,0,2119148,0
2021-03-15,73459,0,2192607,0
2021-03-16,74030,0,2266637,0
2021-03-17,83141,0,2349778,0
2021-03-18,81628,0,2431406,0
2021-03-19,81089,0,2512495,0
2021-03-20,64736,0,2577231,0
2021-03-21,47311,0,2624542,0
2021-03-22,69500,0,2694042,0
2021-03-23,75815,0,2769857,0
2021-03-24,90923,0,2860780,0
2021-03-25,89821,0,2950601,0
2021-03-26,83639,0,3034240,0
2021-03-27,71955,0,3106195,0
2021-03-28,44183,0,3150378,0
2021-03-29,70847,0,3221225,0
2021-03-30,81404,0,3302629,0
2021-03-31,96259,0,3398888,0
2021-04-01,95327,0,3494215,0
2021-04-02,84084,0,3578299,0
2021-04-03,64304,0,3642603,0
2021-04-04,21724,0,3664327,0
2021-04-05,40317,0,3704644,0
2021-04-06,81335,0,3785979,0
2021-04-07,95840,0,3881819,0
2021-04-08,95259,0,3977078,0
2021-04-09,88500,0,4065578,0
2021-04-10,74035,0,4139613,0
2021-04-11,44768,0,4184381,0
2021-04-12,66922,0,4251303,0
2021-04-13,72594,0,4323897,0
2021-04-14,85551,0,4409448,0
2021-04-15,105425,0,4514873,0
2021-04-16,106431,0,4621304,0
2021-04-17,90528,0,4711832,0
2021-04-18,58596,0,4770428,0
2021-04-19,93435,0,4863863,0
2021-04-20,103776,0,4967639,0
2021-04-21,125342,0,5092981,0
2021-04-22,143524,0,5236505,0
2021-04-23,138749,0,5375254,0
2021-04-24,124454,0,5499708,0
2021-04-25,61471,0,5561179,0
2021-04-26,97908,0,5659087,0
2021-04-27,128374,0,5787461,0
2021-04-28,156392,0,5943853,0
2021-04-29,195620,0,6139473,0
2021-04-30,214610,0,6354083,0
2021-05-01,174141,0,6528224,0
2021-05-02,135807,0,6664031,0
2021-05-03,142066,0,6806097,0
2021-05-04,158711,0,6964808,0
2021-05-05,170540,0,7135348,0
2021-05-06,197819,0,7333167,0
2021-05-07,213873,0,7547040,0
2021-05-08,213439,0,7760479,0
2021-05-09,143217,0,7903696,0
2021-05-10,165102,0,8068798,0
2021-05-11,175006,0,8243804,0
2021-05-12,179222,0,8423026,0
2021-05-13,203422,0,8626448,0
2021-05-14,222940,0,8849388,0
2021-05-15,210390,0,9059778,0
2021-05-16,159285,0,9219063,0
2021-05-17,219221,0,9438284,0
2021-05-18,213032,0,9651316,0
2021-05-19,207101,0,9858417,0
2021-05-20,270885,0,10129302,0
2021-05-21,270914,0,10400216,0
2021-05-22,245544,0,10645760,0
2021-05-23,197188,0,10842948,0
2021-05-24,228312,0,11071260,0
2021-05-25,245700,0,11316960,0
2021-05-26,277516,0,11594476,0
2021-05-27,311103,0,11905579,0
2021-05-28,299587,0,12205166,0
2021-05-29,231249,0,12436415,0
2021-05-30,170853,0,12607268,0
2021-05-31,216438,0,12823706,0
2021-06-01,207638,0,13031344,0
2021-06-02,115806,0,13147150,0
2021-06-03,180172,0,13327322,0
2021-06-04,184922,0,13512244,0
2021-06-05,185997,0,13698241,0
2021-06-06,139586,0,13837827,0
2021-06-07,161904,0,13999731,0
2021-06-08,171284,0,14171015,0
2021-06-09,171523,0,14342538,0
2021-06-10,174156,0,14516694,0
2021-06-11,170024,0,14686718,0
2021-06-12,128391,0,14815109,0
2021-06-13,91231,0,14906340,0
2021-06-14,214707,0,15121047,0
2021-06-15,228461,0,15349508,0
2021-06-16,253113,0,15602621,0
2021-06-17,301774,0,15904395,0
2021-06-18,306327,0,16210722,0
2021-06-19,275118,0,16485840,0
2021-06-20,220819,0,16706659,0
2021-06-21,288099,0,16994758,0
2021-06-22,296250,0,17291008,0
2021-06-23,302703,0,17593711,0
2021-06-24,332622,0,17926333,0
2021-06-25,348731,0,18275064,0
2021-06-26,300152,0,18575216,0
2021-06-27,228693,0,18803909,0
2021-06-28,307147,0,19111056,0
2021-06-29,329331,0,19440387,0
2021-06-30,342219,0,19782606,0
2021-07-01,363241,0,20145847,0
2021-07-02,368505,0,20514352,0
2021-07-03,371104,0,20885456,0
2021-07-04,283237,0,21168693,0
2021-07-05,384568,0,21553261,0
2021-07-06,385493,0,21938754,0
2021-07-07,412137,0,22350891,0
2021-07-08,479591,0,22830482,0
2021-07-09,498464,0,23328946,0
2021-07-10,475169,0,23804115,0
2021-07-11,357694,0,24161809,0
2021-07-12,485878,0,24647687,0
2021-07-13,492078,0,25139765,0
2021-07-14,480434,0,25620199,0
2021-07-15,523427,0,26143626,0
2021-07-16,509753,0,26653379,0
2021-07-17,464321,0,27117700,0
2021-07-18,364639,0,27482339,0
2021-07-19,463033,0,27945372,0
2021-07-20,458044,0,28403416,0
2021-07-21,462788,0,28866204,0
2021-07-22,475377,0,29341581,0
2021-07-23,441318,0,29782899,0
2021-07-24,386147,0,30169046,0
2021-07-25,287552,0,30456598,0
2021-07-26,430891,0,30887489,0
2021-07-27,440109,0,31327598,0
2021-07-28,391019,0,31718617,0
2021-07-29,372072,0,32090689,0
2021-07-30,341516,0,32432205,0
2021-07-31,287043,0,32719248,0
2021-08-01,191001,0,32910249,0
2021-08-02,333706,0,33243955,0
2021-08-03,323183,0,33567138,0
2021-08-04,310983,0,33878121,0
2021-08-05,292487,0,34170608,0
2021-08-06,260037,0,34430645,0
2021-08-07,199063,0,34629708,0
2021-08-08,153106,0,34782814,0
2021-08-09,234084,0,35016898,0
2021-08-10,205275,0,35222173,0
2021-08-11,193788,0,35415961,0
2021-08-12,168058,0,35584019,0
2021-08-13,148663,0,35732682,0
2021-08-14,66102,0,35798784,0
2021-08-15,26343,0,35825127,0
2021-08-16,114713,0,35939840,0
2021-08-17,129252,0,36069092,0
2021-08-18,128767,0,36197859,0
2021-08-19,124849,0,36322708,0
2021-08-20,123797,0,36446505,0
2021-08-21,83133,0,36529638,0
2021-08-22,68179,0,36597817,0
2021-08-23,176874,0,36774691,0
2021-08-24,156893,0,36931584,0
2021-08-25,177172,0,37108756,0
2021-08-26,172355,0,37281111,0
2021-08-27,185833,0,37466944,0
2021-08-28,140291,0,37607235,0
2021-08-29,98993,0,37706228,0
2021-08-30,209584,0,37915812,0
2021-08-31,194643,0,38110455,0
2021-09-01,192217,0,38302672,0
2021-09-02,189930,0,38492602,0
2021-09-03,191286,0,38683888,0
2021-09-04,131450,0,38815338,0
2021-09-05,87847,0,38903185,0
2021-09-06,193606,0,39096791,0
2021-09-07,196042,0,39292833,0
2021-09-08,187863,0,39480696,0
2021-09-09,201422,0,39682118,0
2021-09-10,198056,0,39880174,0
2021-09-11,141292,0,40021466,0
2021-09-12,89592,0,40111058,0
2021-09-13,191109,640,40302167,640
2021-09-14,177219,643,40479386,1283
2021-09-15,163078,648,40642464,1931
2021-09-16,160046,997,40802510,2928
2021-09-17,150156,1168,40952666,4096
2021-09-18,127978,776,41080644,4872
2021-09-19,81143,508,41161787,5380
2021-09-20,180065,9124,41341852,14504
2021-09-21,166671,8861,41508523,23365
2021-09-22,159110,9461,41667633,32826
2021-09-23,138102,9357,41805735,42183
2021-09-24,140553,9010,41946288,51193
2021-09-25,119561,5673,42065849,56866
2021-09-26,71990,4365,42137839,61231
2021-09-27,135662,10082,42273501,71313
2021-09-28,117519,11422,42391020,82735
2021-09-29,112372,11850,42503392,94585
2021-09-30,110283,14980,42613675,109565
2021-10-01,94993,19144,42708668,128709
2021-10-02,78519,14043,42787187,142752
2021-10-03,47761,7668,42834948,150420
2021-10-04,88393,34479,42923341,184899
2021-10-05,80378,34018,43003719,218917
2021-10-06,72008,34207,43075727,253124
2021-10-07,71880,34369,43147607,287493
2021-10-08,80639,33621,43228246,321114
2021-10-09,76114,22193,43304360,343307
2021-10-10,45787,13631,43350147,356938
2021-10-11,87450,41130,43437597,398068
2021-10-12,84518,46933,43522115,445001
2021-10-13,88216,52163,43610331,497164
2021-10-14,91554,58554,43701885,555718
2021-10-15,93600,55673,43795485,611391
2021-10-16,82970,36823,43878455,648214
2021-10-17,51462,23861,43929917,672075
2021-10-18,90300,59519,44020217,731594
2021-10-19,78355,69406,44098572,801000
2021-10-20,75062,78209,44173634,879209
2021-10-21,78287,81811,44251921,961020
2021-10-22,73767,77081,44325688,1038101
2021-10-23,60834,51973,44386522,1090074
2021-10-24,33369,23479,44419891,1113553
2021-10-25,64895,81666,44484786,1195219
2021-10-26,58377,91830,44543163,1287049
2021-10-27,58316,104029,44601479,1391078
2021-10-28,61448,114155,44662927,1505233
2021-10-29,61634,103180,44724561,1608413
2021-10-30,50675,68143,44775236,1676556
2021-10-31,25160,28310,44800396,1704866
2021-11-01,19049,28158,44819445,1733024
2021-11-02,62741,89434,44882186,1822458
2021-11-03,60714,118700,44942900,1941158
2021-11-04,59237,126699,45002137,2067857
2021-11-05,63095,135220,45065232,2203077
2021-11-06,46489,90939,45111721,2294016
2021-11-07,22249,37905,45133970,2331921
2021-11-08,51527,131292,45185497,2463213
2021-11-09,45401,144237,45230898,2607450
2021-11-10,42593,156373,45273491,2763823
2021-11-11,44930,155170,45318421,2918993
2021-11-12,46311,158685,45364732,3077678
2021-11-13,33266,116678,45397998,3194356
2021-11-14,14492,52459,45412490,3246815
2021-11-15,36908,157444,45449398,3404259
2021-11-16,30566,171403,45479964,3575662
2021-11-17,28469,178460,45508433,3754122
2021-11-18,30292,193762,45538725,3947884
2021-11-19,28820,205882,45567545,4153766
2021-11-20,21010,156457,45588555,4310223
2021-11-21,10611,64871,45599166,4375094
2021-11-22,21958,213161,45621124,4588255
2021-11-23,23605,241800,45644729,4830055
2021-11-24,27810,271054,45672539,5101109
2021-11-25,23267,301935,45695806,5403044
2021-11-26,24596,318308,45720402,5721352
2021-11-27,21410,266170,45741812,5987522
2021-11-28,9908,137069,45751720,6124591
2021-11-29,22368,326073,45774088,6450664
2021-11-30,23116,365864,45797204,6816528
2021-12-01,21555,413531,45818759,7230059
2021-12-02,23794,440439,45842553,7670498
2021-12-03,25274,467532,45867827,8138030
2021-12-04,22392,418799,45890219,8556829
2021-12-05,11944,261365,45902163,8818194
2021-12-06,25844,457630,45928007,9275824
2021-12-07,24162,480302,45952169,9756126
2021-12-08,10030,249720,45962199,10005846
2021-12-09,31619,491964,45993818,10497810
2021-12-10,28098,517929,46021916,11015739
2021-12-11,23588,459276,46045504,11475015
2021-12-12,12320,293528,46057824,11768543
2021-12-13,26175,467653,46083999,12236196
2021-12-14,25204,494236,46109203,12730432
2021-12-15,25368,517188,46134571,13247620
2021-12-16,27926,520301,46162497,13767921
2021-12-17,29396,517216,46191893,14285137
2021-12-18,27115,468777,46219008,14753914
2021-12-19,15172,300540,46234180,15054454
2021-12-20,30668,477508,46264848,15531962
2021-12-21,30409,493437,46295257,16025399
2021-12-22,29484,484748,46324741,16510147
2021-12-23,28285,426959,46353026,16937106
2021-12-24,13125,210842,46366151,17147948
2021-12-25,2104,33053,46368255,17181001
2021-12-26,8775,159077,46377030,17340078
2021-12-27,46847,504692,46423877,17844770
2021-12-28,42508,554254,46466385,18399024
2021-12-29,34391,550677,46500776,18949701
2021-12-30,31889,499865,46532665,19449566
2021-12-31,14148,247407,46546813,19696973
2022-01-01,3499,64815,46550312,19761788
2022-01-02,22827,276727,46573139,20038515
2022-01-03,47934,520034,46621073,20558549
2022-01-04,46472,572102,46667545,21130651
2022-01-05,40841,560422,46708386,21691073
2022-01-06,23536,274491,46731922,21965564
2022-01-07,63793,554221,46795715,22519785
2022-01-08,60964,503411,46856679,23023196
2022-01-09,42948,319700,46899627,23342896
2022-01-10,61171,542323,46960798,23885219
2022-01-11,61839,587039,47022637,24472258
2022-01-12,58551,581306,47081188,25053564
2022-01-13,58716,580431,47139904,25633995
2022-01-14,46935,588610,47186839,26222605
2022-01-15,39554,569983,47226393,26792588
2022-01-16,31308,341892,47257701,27134480
2022-01-17,54852,489687,47312553,27624167
2022-01-18,58465,517052,47371018,28141219
2022-01-19,57262,502823,47428280,28644042
2022-01-20,54415,498860,47482695,29142902
2022-01-21,42171,493896,47524866,29636798
2022-01-22,31288,469619,47556154,30106417
2022-01-23,34980,275392,47591134,30381809
2022-01-24,56228,437245,47647362,30819054
2022-01-25,61597,452132,47708959,31271186
2022-01-26,58586,435848,47767545,31707034
2022-01-27,48885,432399,47816430,32139433
2022-01-28,58750,436559,47875180,32575992
2022-01-29,68187,412515,47943367,32988507
2022-01-30,50411,235984,47993778,33224491
2022-01-31,60700,356947,48054478,33581438
2022-02-01,65614,328464,48120092,33909902
2022-02-02,63246,296994,48183338,34206896
2022-02-03,60089,274534,48243427,34481430
2022-02-04,72406,268469,48315833,34749899
2022-02-05,83817,248551,48399650,34998450
2022-02-06,55307,116208,48454957,35114658
2022-02-07,65178,199945,48520135,35314603
2022-02-08,66955,186125,48587090,35500728
2022-02-09,58773,166353,48645863,35667081
2022-02-10,58597,163248,48704460,35830329
2022-02-11,62274,162475,48766734,35992804
2022-02-12,72007,152155,48838741,36144959
2022-02-13,41482,68855,48880223,36213814
2022-02-14,46712,116190,48926935,36330004
2022-02-15,48563,123483,48975498,36453487
2022-02-16,45685,106129,49021183,36559616
2022-02-17,42873,98118,49064056,36657734
2022-02-18,46633,112583,49110689,36770317
2022-02-19,52544,100340,49163233,36870657
2022-02-20,31417,40366,49194650,36911023
2022-02-21,37899,89659,49232549,37000682
2022-02-22,37224,83783,49269773,37084465
2022-02-23,33399,79411,49303172,37163876
2022-02-24,32561,78166,49335733,37242042
2022-02-25,34771,90714,49370504,37332756
2022-02-26,39162,89136,49409666,37421892
2022-02-27,22548,35856,49432214,37457748
2022-02-28,28487,81696,49460701,37539444
2022-03-01,22727,53942,49483428,37593386
2022-03-02,21959,50685,49505387,37644071
2022-03-03,22633,54948,49528020,37699019
2022-03-04,23242,62800,49551262,37761819
2022-03-05,23802,57952,49575064,37819771
2022-03-06,9474,17201,49584538,37836972
2022-03-07,15923,51391,49600461,37888363
2022-03-08,15481,48795,49615942,37937158
2022-03-09,13814,46519,49629756,37983677
2022-03-10,14056,52125,49643812,38035802
2022-03-11,15591,57270,49659403,38093072
2022-03-12,15510,56619,49674913,38149691
2022-03-13,5545,16852,49680458,38166543
2022-03-14,10528,46701,49690986,38213244
2022-03-15,10552,46894,49701538,38260138
2022-03-16,9482,41974,49711020,38302112
2022-03-17,9723,44876,49720743,38346988
2022-03-18,10161,49058,49730904,38396046
2022-03-19,9151,46538,49740055,38442584
2022-03-20,2608,11704,49742663,38454288
2022-03-21,7580,40226,49750243,38494514
2022-03-22,8447,37767,49758690,38532281
2022-03-23,7218,33700,49765908,38565981
2022-03-24,8258,38819,49774166,38604800
2022-03-25,8142,43671,49782308,38648471
2022-03-26,8127,41722,49790435,38690193
2022-03-27,2431,9683,49792866,38699876
2022-03-28,6112,35241,49798978,38735117
2022-03-29,5780,32530,49804758,38767647
2022-03-30,5567,30204,49810325,38797851
2022-03-31,5902,33187,49816227,38831038
2022-04-01,4349,25189,49820576,38856227
2022-04-02,4496,23275,49825072,38879502
2022-04-03,1049,4500,49826121,38884002
2022-04-04,3660,21545,49829781,38905547
2022-04-05,3757,22937,49833538,38928484
2022-04-06,4104,21853,49837642,38950337
2022-04-07,3970,23320,49841612,38973657
2022-04-08,4696,26713,49846308,39000370
2022-04-09,4381,23888,49850689,39024258
2022-04-10,892,4613,49851581,39028871
2022-04-11,3818,22689,49855399,39051560
2022-04-12,3365,21779,49858764,39073339
2022-04-13,3569,21336,49862333,39094675
2022-04-14,3487,23787,49865820,39118462
2022-04-15,3083,20621,49868903,39139083
2022-04-16,2150,11918,49871053,39151001
2022-04-17,63,348,49871116,39151349
2022-04-18,152,650,49871268,39151999
2022-04-19,3499,21984,49874767,39173983
2022-04-20,3511,20252,49878278,39194235
2022-04-21,2848,19790,49881126,39214025
2022-04-22,2928,20712,49884054,39234737
2022-04-23,2646,16221,49886700,39250958
2022-04-24,509,2334,49887209,39253292
2022-04-25,183,1165,49887392,39254457
2022-04-26,2759,17810,49890151,39272267
2022-04-27,2374,15795,49892525,39288062
2022-04-28,2361,15562,49894886,39303624
2022-04-29,2296,14849,49897182,39318473
2022-04-30,2123,11583,49899305,39330056
2022-05-01,113,531,49899418,39330587
2022-05-02,1451,9391,49900869,39339978
2022-05-03,1577,10321,49902446,39350299
2022-05-04,1745,10271,49904191,39360570
2022-05-05,1654,10296,49905845,39370866
2022-05-06,1702,10967,49907547,39381833
2022-05-07,1431,8570,49908978,39390403
2022-05-08,416,1524,49909394,39391927
2022-05-09,1028,8929,49910422,39400856
2022-05-10,1426,9548,49911848,39410404
2022-05-11,1483,10105,49913331,39420509
2022-05-12,1371,10131,49914702,39430640
2022-05-13,1596,10518,49916298,39441158
2022-05-14,1359,8238,49917657,39449396
2022-05-15,336,1134,49917993,39450530
2022-05-16,813,8405,49918806,39458935
2022-05-17,1243,8697,49920049,39467632
2022-05-18,1371,9233,49921420,39476865
2022-05-19,1500,9282,49922920,39486147
2022-05-20,1422,9532,49924342,39495679
2022-05-21,1300,7900,49925642,39503579
2022-05-22,231,1014,49925873,39504593
2022-05-23,830,8271,49926703,39512864
2022-05-24,1073,8672,49927776,39521536
2022-05-25,1371,9460,49929147,39530996
2022-05-26,1195,9480,49930342,39540476
2022-05-27,1232,9915,49931574,39550391
2022-05-28,1205,7887,49932779,39558278
2022-05-29,288,1265,49933067,39559543
2022-05-30,930,8057,49933997,39567600
2022-05-31,1037,8548,49935034,39576148
2022-06-01,893,7656,49935927,39583804
2022-06-02,35,474,49935962,39584278
2022-06-03,817,7334,49936779,39591612
2022-06-04,870,5162,49937649,39596774
2022-06-05,89,586,49937738,39597360
2022-06-06,678,7004,49938416,39604364
2022-06-07,951,7849,49939367,39612213
2022-06-08,981,7907,49940348,39620120
2022-06-09,1036,8417,49941384,39628537
2022-06-10,958,8563,49942342,39637100
2022-06-11,903,6207,49943245,39643307
2022-06-12,140,768,49943385,39644075
2022-06-13,602,6301,49943987,39650376
2022-06-14,832,7901,49944819,39658277
2022-06-15,960,7855,49945779,39666132
2022-06-16,732,7397,49946511,39673529
2022-06-17,724,7249,49947235,39680778
2022-06-18,777,5594,49948012,39686372
2022-06-19,48,522,49948060,39686894
2022-06-20,587,6699,49948647,39693593
2022-06-21,739,7665,49949386,39701258
2022-06-22,782,7309,49950168,39708567
2022-06-23,652,7468,49950820,39716035
2022-06-24,644,7474,49951464,39723509
2022-06-25,835,6533,49952299,39730042
2022-06-26,128,523,49952427,39730565
2022-06-27,533,7126,49952960,39737691
2022-06-28,747,8207,49953707,39745898
2022-06-29,756,7731,49954463,39753629
2022-06-30,746,8145,49955209,39761774
2022-07-01,577,6443,49955786,39768217
2022-07-02,536,4769,49956322,39772986
2022-07-03,49,456,49956371,39773442
2022-07-04,469,6277,49956840,39779719
2022-07-05,631,8118,49957471,39787837
2022-07-06,633,7611,49958104,39795448
2022-07-07,574,8272,49958678,39803720
2022-07-08,674,8083,49959352,39811803
2022-07-09,550,6105,49959902,39817908
2022-07-10,58,533,49959960,39818441
2022-07-11,490,7640,49960450,39826081
2022-07-12,667,9030,49961117,39835111
2022-07-13,643,10068,49961760,39845179
2022-07-14,637,10225,49962397,39855404
2022-07-15,625,10668,49963022,39866072
2022-07-16,522,7215,49963544,39873287
2022-07-17,48,770,49963592,39874057
2022-07-18,496,9372,49964088,39883429
2022-07-19,575,10683,49964663,39894112
2022-07-20,580,11272,49965243,39905384
2022-07-21,628,12089,49965871,39917473
2022-07-22,584,11258,49966455,39928731
2022-07-23,381,6773,49966836,39935504
2022-07-24,76,857,49966912,39936361
2022-07-25,503,9051,49967415,39945412
2022-07-26,519,9761,49967934,39955173
2022-07-27,552,10208,49968486,39965381
2022-07-28,532,10534,49969018,39975915
2022-07-29,511,9465,49969529,39985380
2022-07-30,382,5881,49969911,39991261
2022-07-31,49,764,49969960,39992025
2022-08-01,386,6864,49970346,39998889
2022-08-02,543,7591,49970889,40006480
2022-08-03,512,7178,49971401,40013658
2022-08-04,455,7488,49971856,40021146
2022-08-05,421,6527,49972277,40027673
2022-08-06,299,3613,49972576,40031286
2022-08-07,44,561,49972620,40031847
2022-08-08,403,4890,49973023,40036737
2022-08-09,381,5311,49973404,40042048
2022-08-10,384,4817,49973788,40046865
2022-08-11,369,4803,49974157,40051668
2022-08-12,293,3720,49974450,40055388
2022-08-13,143,1600,49974593,40056988
2022-08-14,9,129,49974602,40057117
2022-08-15,1,26,49974603,40057143
2022-08-16,282,3043,49974885,40060186
2022-08-17,352,3536,49975237,40063722
2022-08-18,391,4160,49975628,40067882
2022-08-19,341,3320,49975969,40071202
2022-08-20,183,1715,49976152,40072917
2022-08-21,24,149,49976176,40073066
2022-08-22,329,2952,49976505,40076018
2022-08-23,370,3674,49976875,40079692
2022-08-24,384,3360,49977259,40083052
2022-08-25,422,3774,49977681,40086826
2022-08-26,399,3574,49978080,40090400
2022-08-27,237,1769,49978317,40092169
2022-08-28,29,267,49978346,40092436
2022-08-29,354,3161,49978700,40095597
2022-08-30,403,3671,49979103,40099268
2022-08-31,438,3734,49979541,40103002
2022-09-01,353,3116,49979894,40106118
2022-09-02,296,2893,49980190,40109011
2022-09-03,200,1689,49980390,40110700
2022-09-04,24,149,49980414,40110849
2022-09-05,187,2656,49980601,40113505
2022-09-06,304,2982,49980905,40116487
2022-09-07,540,2937,49981445,40119424
2022-09-08,292,2962,49981737,40122386
2022-09-09,305,2884,49982042,40125270
2022-09-10,227,1326,49982269,40126596
2022-09-11,23,124,49982292,40126720
2022-09-12,267,2267,49982559,40128987
2022-09-13,252,2276,49982811,40131263
2022-09-14,266,2566,49983077,40133829
2022-09-15,282,2498,49983359,40136327
2022-09-16,254,2545,49983613,40138872
2022-09-17,239,1339,49983852,40140211
2022-09-18,20,170,49983872,40140381
2022-09-19,206,1970,49984078,40142351
2022-09-20,236,2391,49984314,40144742
2022-09-21,289,2526,49984603,40147268
2022-09-22,266,2662,49984869,40149930
2022-09-23,259,2543,49985128,40152473
2022-09-24,193,1427,49985321,40153900
2022-09-25,29,133,49985350,40154033
2022-09-26,280,2248,49985630,40156281
2022-09-27,287,2683,49985917,40158964
2022-09-28,310,2903,49986227,40161867
2022-09-29,257,3049,49986484,40164916
2022-09-30,291,2989,49986775,40167905
2022-10-01,195,1515,49986970,40169420
2022-10-02,12,187,49986982,40169607
2022-10-03,182,2474,49987164,40172081
2022-10-04,236,2864,49987400,40174945
2022-10-05,229,3249,49987629,40178194
2022-10-06,243,3874,49987872,40182068
2022-10-07,282,4187,49988154,40186255
2022-10-08,202,2270,49988356,40188525
2022-10-09,8,305,49988364,40188830
2022-10-10,210,3356,49988574,40192186
2022-10-11,192,4379,49988766,40196565
2022-10-12,209,4439,49988975,40201004
2022-10-13,201,5304,49989176,40206308
2022-10-14,232,5021,49989408,40211329
2022-10-15,190,2671,49989598,40214000
2022-10-16,6,360,49989604,40214360
2022-10-17,185,3871,49989789,40218231
2022-10-18,257,4964,49990046,40223195
2022-10-19,244,5478,49990290,40228673
2022-10-20,224,5993,49990514,40234666
2022-10-21,250,5474,49990764,40240140
2022-10-22,195,2910,49990959,40243050
2022-10-23,13,364,49990972,40243414
2022-10-24,171,3924,49991143,40247338
2022-10-25,253,4925,49991396,40252263
2022-10-26,345,5499,49991741,40257762
2022-10-27,240,5669,49991981,40263431
2022-10-28,198,5259,49992179,40268690
2022-10-29,128,2844,49992307,40271534
2022-10-30,3,327,49992310,40271861
2022-10-31,117,3035,49992427,40274896
2022-11-01,11,353,49992438,40275249
2022-11-02,143,3712,49992581,40278961
2022-11-03,174,4780,49992755,40283741
2022-11-04,224,4594,49992979,40288335
2022-11-05,143,2593,49993122,40290928
2022-11-06,10,259,49993132,40291187
2022-11-07,170,3221,49993302,40294408
2022-11-08,259,4239,49993561,40298647
2022-11-09,196,4319,49993757,40302966
2022-11-10,182,4572,49993939,40307538
2022-11-11,191,4216,49994130,40311754
2022-11-12,154,2362,49994284,40314116
2022-11-13,7,335,49994291,40314451
2022-11-14,150,2834,49994441,40317285
2022-11-15,201,3735,49994642,40321020
2022-11-16,216,3964,49994858,40324984
2022-11-17,193,4073,49995051,40329057
2022-11-18,247,4000,49995298,40333057
2022-11-19,112,2084,49995410,40335141
2022-11-20,24,314,49995434,40335455
2022-11-21,118,2605,49995552,40338060
2022-11-22,141,3195,49995693,40341255
2022-11-23,191,3602,49995884,40344857
2022-11-24,154,3787,49996038,40348644
2022-11-25,184,3728,49996222,40352372
2022-11-26,130,2086,49996352,40354458
2022-11-27,22,356,49996374,40354814
2022-11-28,176,2657,49996550,40357471
2022-11-29,182,3184,49996732,40360655
2022-11-30,174,3657,49996906,40364312
2022-12-01,220,3534,49997126,40367846
2022-12-02,155,3433,49997281,40371279
2022-12-03,91,1671,49997372,40372950
2022-12-04,5,292,49997377,40373242
2022-12-05,122,2659,49997499,40375901
2022-12-06,70,1327,49997569,40377228