data_somministrazione,vaccinazioni,booster,cum_vaccinazioni,cum_booster
2020-12-27,20,0,20,0
2020-12-28,2,0,22,0
2020-12-29,1,0,23,0
2020-12-30,9,0,32,0
2020-12-31,73,0,105,0
2021-01-01,24,0,129,0
2021-01-02,131,0,260,0
2021-01-03,94,0,354,0
2021-01-04,224,0,578,0
2021-01-05,263,0,841,0
2021-01-06,232,0,1073,0
2021-01-07,315,0,1388,0
2021-01-08,360,0,1748,0
2021-01-09,269,0,2017,0
2021-01-10,163,0,2180,0
2021-01-11,293,0,2473,0
2021-01-12,279,0,2752,0
2021-01-13,407,0,3159,0
2021-01-14,491,0,3650,0
2021-01-15,311,0,3961,0
2021-01-16,218,0,4179,0
2021-01-17,3063,0,7242,0
2021-01-18,5215,0,12457,0
2021-01-19,1893,0,14350,0
2021-01-20,4657,0,19007,0
2021-01-21,20009,0,39016,0
2021-01-22,14220,0,53236,0
2021-01-23,33329,0,86565,0
2021-01-24,30782,0,117347,0
2021-01-25,64718,0,182065,0
2021-01-26,76483,0,258548,0
2021-01-27,64823,0,323371,0
2021-01-28,89261,0,412632,0
2021-01-29,94012,0,506644,0
2021-01-30,86550,0,593194,0
2021-01-31,57327,0,650521,0
2021-02-01,81847,0,732368,0
2021-02-02,82138,0,814506,0
2021-02-03,91109,0,905615,0
2021-02-04,95396,0,1001011,0
2021-02-05,90270,0,1091281,0
2021-02-06,63448,0,1154729,0
2021-02-07,32933,0,1187662,0
2021-02-08,40422,0,1228084,0
2021-02-09,32875,0,1260959,0
2021-02-10,28432,0,1289391,0
2021-02-11,20402,0,1309793,0
2021-02-12,16241,0,1326034,0
2021-02-13,7275,0,1333309,0
2021-02-14,2862,0,1336171,0
2021-02-15,6845,0,1343016,0
2021-02-16,7003,0,1350019,0
2021-02-17,10526,0,1360545,0
2021-02-18,9252,0,1369797,0
2021-02-19,8255,0,1378052,0
2021-02-20,5571,0,1383623,0
2021-02-21,3008,0,1386631,0
2021-02-22,6885,0,1393516,0
2021-02-23,7181,0,1400697,0
2021-02-24,9810,0,1410507,0
2021-02-25,14210,0,1424717,0
2021-02-26,17557,0,1442274,0
2021-02-27,13915,0,1456189,0
2021-02-28,9390,0,1465579,0
2021-03-01,26518,0,1492097,0
2021-03-02,33248,0,1525345,0
2021-03-03,44648,0,1569993,0
2021-03-04,50293,0,1620286,0
2021-03-05,55736,0,1676022,0
2021-03-06,41876,0,1717898,0
2021-03-07,22326,0,1740224,0
2021-03-08,50829,0,1791053,0
2021-03-09,53083,0,1844136,0
2021-03-10,58662,0,1902798,0
2021-03-11,63876,0,1966674,0
2021-03-12,65123,0,2031797,0
2021-03-13,51728,0,2083525,0
2021-03-14,35411,0,2118936,0
2021-03-15,73452,0,2192388,0
2021-03-16,74027,0,2266415,0
2021-03-17,83135,0,2349550,0
2021-03-18,81630,0,2431180,0
2021-03-19,81088,0,2512268,0
2021-03-20,64731,0,2576999,0
2021-03-21,47307,0,2624306,0
2021-03-22,69489,0,2693795,0
2021-03-23,75808,0,2769603,0
2021-03-24,90916,0,2860519,0
2021-03-25,89818,0,2950337,0
2021-03-26,83635,0,3033972,0
2021-03-27,71948,0,3105920,0
2021-03-28,44161,0,3150081,0
2021-03-29,70841,0,3220922,0
2021-03-30,81395,0,3302317,0
2021-03-31,96250,0,3398567,0
2021-04-01,95316,0,3493883,0
2021-04-02,84078,0,3577961,0
2021-04-03,64304,0,3642265,0
2021-04-04,21723,0,3663988,0
2021-04-05,40317,0,3704305,0
2021-04-06,81328,0,3785633,0
2021-04-07,95837,0,3881470,0
2021-04-08,95253,0,3976723,0
2021-04-09,88498,0,4065221,0
2021-04-10,74032,0,4139253,0
2021-04-11,44766,0,4184019,0
2021-04-12,66922,0,4250941,0
2021-04-13,72585,0,4323526,0
2021-04-14,85550,0,4409076,0
2021-04-15,105416,0,4514492,0
2021-04-16,106423,0,4620915,0
2021-04-17,90522,0,4711437,0
2021-04-18,58596,0,4770033,0
2021-04-19,93433,0,4863466,0
2021-04-20,103773,0,4967239,0
2021-04-21,125344,0,5092583,0
2021-04-22,143520,0,5236103,0
2021-04-23,138749,0,5374852,0
2021-04-24,124452,0,5499304,0
2021-04-25,61463,0,5560767,0
2021-04-26,97901,0,5658668,0
2021-04-27,128366,0,5787034,0
2021-04-28,156385,0,5943419,0
2021-04-29,195605,0,6139024,0
2021-04-30,214596,0,6353620,0
2021-05-01,174133,0,6527753,0
2021-05-02,135804,0,6663557,0
2021-05-03,142058,0,6805615,0
2021-05-04,158704,0,6964319,0
2021-05-05,170522,0,7134841,0
2021-05-06,197819,0,7332660,0
2021-05-07,213862,0,7546522,0
2021-05-08,213436,0,7759958,0
2021-05-09,143215,0,7903173,0
2021-05-10,165090,0,8068263,0
2021-05-11,174999,0,8243262,0
2021-05-12,179206,0,8422468,0
2021-05-13,203404,0,8625872,0
2021-05-14,222936,0,8848808,0
2021-05-15,210377,0,9059185,0
2021-05-16,159284,0,9218469,0
2021-05-17,219211,0,9437680,0
2021-05-18,213028,0,9650708,0
2021-05-19,207097,0,9857805,0
2021-05-20,270882,0,10128687,0
2021-05-21,270908,0,10399595,0
2021-05-22,245533,0,10645128,0
2021-05-23,197185,0,10842313,0
2021-05-24,228307,0,11070620,0
2021-05-25,245699,0,11316319,0
2021-05-26,277510,0,11593829,0
2021-05-27,311092,0,11904921,0
2021-05-28,299580,0,12204501,0
2021-05-29,231241,0,12435742,0
2021-05-30,170848,0,12606590,0
2021-05-31,216431,0,12823021,0
2021-06-01,207636,0,13030657,0
2021-06-02,115803,0,13146460,0
2021-06-03,180161,0,13326621,0
2021-06-04,184895,0,13511516,0
2021-06-05,185978,0,13697494,0
2021-06-06,139568,0,13837062,0
2021-06-07,161885,0,13998947,0
2021-06-08,171263,0,14170210,0
2021-06-09,171504,0,14341714,0
2021-06-10,174129,0,14515843,0
2021-06-11,170003,0,14685846,0
2021-06-12,128351,0,14814197,0
2021-06-13,91213,0,14905410,0
2021-06-14,214700,0,15120110,0
2021-06-15,228440,0,15348550,0
2021-06-16,253093,0,15601643,0
2021-06-17,301754,0,15903397,0
2021-06-18,306317,0,16209714,0
2021-06-19,275100,0,16484814,0
2021-06-20,220803,0,16705617,0
2021-06-21,288077,0,16993694,0
2021-06-22,296236,0,17289930,0
2021-06-23,302692,0,17592622,0
2021-06-24,332608,0,17925230,0
2021-06-25,348722,0,18273952,0
2021-06-26,300131,0,18574083,0
2021-06-27,228677,0,18802760,0
2021-06-28,307129,0,19109889,0
2021-06-29,329314,0,19439203,0
2021-06-30,342184,0,19781387,0
2021-07-01,363230,0,20144617,0
2021-07-02,368482,0,20513099,0
2021-07-03,371101,0,20884200,0
2021-07-04,283226,0,21167426,0
2021-07-05,384555,0,21551981,0
2021-07-06,385488,0,21937469,0
2021-07-07,412128,0,22349597,0
2021-07-08,479599,0,22829196,0
2021-07-09,498480,0,23327676,0
2021-07-10,475180,0,23802856,0
2021-07-11,357700,0,24160556,0
2021-07-12,485892,0,24646448,0
2021-07-13,492090,0,25138538,0
2021-07-14,480453,0,25618991,0
2021-07-15,523437,0,26142428,0
2021-07-16,509760,0,26652188,0
2021-07-17,464331,0,27116519,0
2021-07-18,364640,0,27481159,0
2021-07-19,463049,0,27944208,0
2021-07-20,458062,0,28402270,0
2021-07-21,462793,0,28865063,0
2021-07-22,475388,0,29340451,0
2021-07-23,441328,0,29781779,0
2021-07-24,386157,0,30167936,0
2021-07-25,287563,0,30455499,0
2021-07-26,430896,0,30886395,0
2021-07-27,440128,0,31326523,0
2021-07-28,391026,0,31717549,0
2021-07-29,372081,0,32089630,0
2021-07-30,341516,0,32431146,0
2021-07-31,287036,0,32718182,0
2021-08-01,191001,0,32909183,0
2021-08-02,333701,0,33242884,0
2021-08-03,323197,0,33566081,0
2021-08-04,310986,0,33877067,0
2021-08-05,292496,0,34169563,0
2021-08-06,260021,0,34429584,0
2021-08-07,199054,0,34628638,0
2021-08-08,153108,0,34781746,0
2021-08-09,234080,0,35015826,0
2021-08-10,205264,0,35221090,0
2021-08-11,193780,0,35414870,0
2021-08-12,168050,0,35582920,0
2021-08-13,148648,0,35731568,0
2021-08-14,66096,0,35797664,0
2021-08-15,26339,0,35824003,0
2021-08-16,114707,0,35938710,0
2021-08-17,129257,0,36067967,0
2021-08-18,128762,0,36196729,0
2021-08-19,124835,0,36321564,0
2021-08-20,123798,0,36445362,0
2021-08-21,83134,0,36528496,0
2021-08-22,68178,0,36596674,0
2021-08-23,176868,0,36773542,0
2021-08-24,156897,0,36930439,0
2021-08-25,177174,0,37107613,0
2021-08-26,172364,0,37279977,0
2021-08-27,185835,0,37465812,0
2021-08-28,140284,0,37606096,0
2021-08-29,98991,0,37705087,0
2021-08-30,209595,0,37914682,0
2021-08-31,194641,0,38109323,0
2021-09-01,192208,0,38301531,0
2021-09-02,189934,0,38491465,0
2021-09-03,191289,0,38682754,0
2021-09-04,131456,0,38814210,0
2021-09-05,87856,0,38902066,0
2021-09-06,193617,0,39095683,0
2021-09-07,196035,0,39291718,0
2021-09-08,187875,0,39479593,0
2021-09-09,201436,0,39681029,0
2021-09-10,198068,0,39879097,0
2021-09-11,141293,0,40020390,0
2021-09-12,89594,0,40109984,0
2021-09-13,191116,622,40301100,622
2021-09-14,177226,628,40478326,1250
2021-09-15,163087,635,40641413,1885
2021-09-16,160065,974,40801478,2859
2021-09-17,150167,1153,40951645,4012
2021-09-18,127981,765,41079626,4777
2021-09-19,81140,505,41160766,5282
2021-09-20,180067,9115,41340833,14397
2021-09-21,166663,8850,41507496,23247
2021-09-22,159102,9454,41666598,32701
2021-09-23,138087,9349,41804685,42050
2021-09-24,140552,8994,41945237,51044
2021-09-25,119563,5661,42064800,56705
2021-09-26,71983,4357,42136783,61062
2021-09-27,135666,10070,42272449,71132
2021-09-28,117511,11415,42389960,82547
2021-09-29,112363,11847,42502323,94394
2021-09-30,110273,14975,42612596,109369
2021-10-01,94995,19131,42707591,128500
2021-10-02,78512,14037,42786103,142537
2021-10-03,47754,7667,42833857,150204
2021-10-04,88387,34473,42922244,184677
2021-10-05,80383,34008,43002627,218685
2021-10-06,72004,34193,43074631,252878
2021-10-07,71876,34366,43146507,287244
2021-10-08,80631,33618,43227138,320862
2021-10-09,76110,22189,43303248,343051
2021-10-10,45781,13629,43349029,356680
2021-10-11,87446,41123,43436475,397803
2021-10-12,84515,46925,43520990,444728
2021-10-13,88208,52150,43609198,496878
2021-10-14,91548,58545,43700746,555423
2021-10-15,93595,55667,43794341,611090
2021-10-16,82971,36815,43877312,647905
2021-10-17,51460,23852,43928772,671757
2021-10-18,90303,59508,44019075,731265
2021-10-19,78350,69398,44097425,800663
2021-10-20,75068,78198,44172493,878861
2021-10-21,78302,81798,44250795,960659
2021-10-22,73779,77067,44324574,1037726
2021-10-23,60833,51970,44385407,1089696
2021-10-24,33370,23475,44418777,1113171
2021-10-25,64903,81655,44483680,1194826
2021-10-26,58373,91829,44542053,1286655
2021-10-27,58322,104021,44600375,1390676
2021-10-28,61451,114148,44661826,1504824
2021-10-29,61639,103169,44723465,1607993
2021-10-30,50676,68135,44774141,1676128
2021-10-31,25163,28305,44799304,1704433
2021-11-01,19049,28157,44818353,1732590
2021-11-02,62742,89427,44881095,1822017
2021-11-03,60723,118691,44941818,1940708
2021-11-04,59242,126690,45001060,2067398
2021-11-05,63094,135216,45064154,2202614
2021-11-06,46483,90936,45110637,2293550
2021-11-07,22252,37902,45132889,2331452
2021-11-08,51528,131292,45184417,2462744
2021-11-09,45402,144232,45229819,2606976
2021-11-10,42589,156370,45272408,2763346
2021-11-11,44931,155161,45317339,2918507
2021-11-12,46315,158670,45363654,3077177
2021-11-13,33265,116670,45396919,3193847
2021-11-14,14492,52457,45411411,3246304
2021-11-15,36909,157442,45448320,3403746
2021-11-16,30563,171403,45478883,3575149
2021-11-17,28469,178457,45507352,3753606
2021-11-18,30292,193760,45537644,3947366
2021-11-19,28813,205879,45566457,4153245
2021-11-20,21003,156456,45587460,4309701
2021-11-21,10612,64867,45598072,4374568
2021-11-22,21952,213162,45620024,4587730
2021-11-23,23595,241781,45643619,4829511
2021-11-24,27796,271036,45671415,5100547
2021-11-25,23260,301926,45694675,5402473
2021-11-26,24593,318300,45719268,5720773
2021-11-27,21398,266166,45740666,5986939
2021-11-28,9905,137066,45750571,6124005
2021-11-29,22357,326078,45772928,6450083
2021-11-30,23111,365859,45796039,6815942
2021-12-01,21546,413524,45817585,7229466
2021-12-02,23780,440431,45841365,7669897
2021-12-03,25268,467518,45866633,8137415
2021-12-04,22386,418792,45889019,8556207
2021-12-05,11941,261363,45900960,8817570
2021-12-06,25834,457621,45926794,9275191
2021-12-07,24154,480295,45950948,9755486
2021-12-08,10023,249715,45960971,10005201
2021-12-09,31611,491954,45992582,10497155
2021-12-10,28091,517919,46020673,11015074
2021-12-11,23583,459266,46044256,11474340
2021-12-12,12315,293523,46056571,11767863
2021-12-13,26170,467647,46082741,12235510
2021-12-14,25196,494230,46107937,12729740
2021-12-15,25360,517188,46133297,13246928
2021-12-16,27916,520295,46161213,13767223
2021-12-17,29386,517209,46190599,14284432
2021-12-18,27091,468771,46217690,14753203
2021-12-19,15165,300539,46232855,15053742
2021-12-20,30660,477502,46263515,15531244
2021-12-21,30404,493420,46293919,16024664
2021-12-22,29476,484746,46323395,16509410
2021-12-23,28279,426941,46351674,16936351
2021-12-24,13125,210837,46364799,17147188
2021-12-25,2103,33053,46366902,17180241
2021-12-26,8772,159076,46375674,17339317
2021-12-27,46835,504684,46422509,17844001
2021-12-28,42494,554243,46465003,18398244
2021-12-29,34384,550670,46499387,18948914
2021-12-30,31873,499857,46531260,19448771
2021-12-31,14137,247405,46545397,19696176
2022-01-01,3498,64815,46548895,19760991
2022-01-02,22807,276722,46571702,20037713
2022-01-03,47910,520029,46619612,20557742
2022-01-04,46437,572100,46666049,21129842
2022-01-05,40804,560411,46706853,21690253
2022-01-06,23520,274489,46730373,21964742
2022-01-07,63769,554215,46794142,22518957
2022-01-08,60936,503407,46855078,23022364
2022-01-09,42923,319698,46898001,23342062
2022-01-10,61142,542318,46959143,23884380
2022-01-11,61810,587028,47020953,24471408
2022-01-12,58523,581300,47079476,25052708
2022-01-13,58679,580424,47138155,25633132
2022-01-14,46894,588604,47185049,26221736
2022-01-15,39497,569973,47224546,26791709
2022-01-16,31284,341888,47255830,27133597
2022-01-17,54826,489681,47310656,27623278
2022-01-18,58446,517045,47369102,28140323
2022-01-19,57248,502814,47426350,28643137
2022-01-20,54389,498850,47480739,29141987
2022-01-21,42141,493892,47522880,29635879
2022-01-22,31254,469611,47554134,30105490
2022-01-23,34967,275384,47589101,30380874
2022-01-24,56208,437239,47645309,30818113
2022-01-25,61582,452125,47706891,31270238
2022-01-26,58566,435842,47765457,31706080
2022-01-27,48870,432394,47814327,32138474
2022-01-28,58732,436552,47873059,32575026
2022-01-29,68161,412506,47941220,32987532
2022-01-30,50397,235982,47991617,33223514
2022-01-31,60666,356939,48052283,33580453
2022-02-01,65588,328458,48117871,33908911
2022-02-02,63232,296986,48181103,34205897
2022-02-03,60077,274525,48241180,34480422
2022-02-04,72394,268468,48313574,34748890
2022-02-05,83809,248543,48397383,34997433
2022-02-06,55302,116207,48452685,35113640
2022-02-07,65166,199942,48517851,35313582
2022-02-08,66943,186119,48584794,35499701
2022-02-09,58768,166341,48643562,35666042
2022-02-10,58594,163241,48702156,35829283
2022-02-11,62267,162469,48764423,35991752
2022-02-12,71997,152149,48836420,36143901
2022-02-13,41475,68853,48877895,36212754
2022-02-14,46702,116188,48924597,36328942
2022-02-15,48547,123480,48973144,36452422
2022-02-16,45683,106122,49018827,36558544
2022-02-17,42871,98114,49061698,36656658
2022-02-18,46629,112579,49108327,36769237
2022-02-19,52543,100337,49160870,36869574
2022-02-20,31411,40366,49192281,36909940
2022-02-21,37894,89655,49230175,36999595
2022-02-22,37225,83778,49267400,37083373
2022-02-23,33398,79408,49300798,37162781
2022-02-24,32558,78162,49333356,37240943
2022-02-25,34766,90710,49368122,37331653
2022-02-26,39159,89136,49407281,37420789
2022-02-27,22546,35857,49429827,37456646
2022-02-28,28482,81693,49458309,37538339
2022-03-01,22723,53942,49481032,37592281
2022-03-02,21956,50683,49502988,37642964
2022-03-03,22624,54947,49525612,37697911
2022-03-04,23236,62800,49548848,37760711
2022-03-05,23800,57951,49572648,37818662
2022-03-06,9471,17201,49582119,37835863
2022-03-07,15919,51390,49598038,37887253
2022-03-08,15480,48796,49613518,37936049
2022-03-09,13814,46519,49627332,37982568
2022-03-10,14052,52120,49641384,38034688
2022-03-11,15586,57268,49656970,38091956
2022-03-12,15507,56620,49672477,38148576
2022-03-13,5544,16851,49678021,38165427
2022-03-14,10526,46700,49688547,38212127
2022-03-15,10548,46895,49699095,38259022
2022-03-16,9481,41974,49708576,38300996
2022-03-17,9718,44874,49718294,38345870
2022-03-18,10158,49056,49728452,38394926
2022-03-19,9151,46534,49737603,38441460
2022-03-20,2609,11702,49740212,38453162
2022-03-21,7580,40222,49747792,38493384
2022-03-22,8447,37761,49756239,38531145
2022-03-23,7215,33700,49763454,38564845
2022-03-24,8258,38815,49771712,38603660
2022-03-25,8141,43667,49779853,38647327
2022-03-26,8127,41721,49787980,38689048
2022-03-27,2431,9682,49790411,38698730
2022-03-28,6111,35239,49796522,38733969
2022-03-29,5778,32530,49802300,38766499
2022-03-30,5566,30205,49807866,38796704
2022-03-31,5898,33182,49813764,38829886
2022-04-01,4348,25190,49818112,38855076
2022-04-02,4495,23274,49822607,38878350
2022-04-03,1049,4500,49823656,38882850
2022-04-04,3657,21544,49827313,38904394
2022-04-05,3756,22932,49831069,38927326
2022-04-06,4103,21853,49835172,38949179
2022-04-07,3968,23320,49839140,38972499
2022-04-08,4692,26713,49843832,38999212
2022-04-09,4382,23886,49848214,39023098
2022-04-10,892,4613,49849106,39027711
2022-04-11,3816,22688,49852922,39050399
2022-04-12,3365,21778,49856287,39072177
2022-04-13,3568,21335,49859855,39093512
2022-04-14,3485,23786,49863340,39117298
2022-04-15,3084,20618,49866424,39137916
2022-04-16,2149,11918,49868573,39149834
2022-04-17,63,348,49868636,39150182
2022-04-18,152,650,49868788,39150832
2022-04-19,3499,21979,49872287,39172811
2022-04-20,3511,20251,49875798,39193062
2022-04-21,2847,19790,49878645,39212852
2022-04-22,2927,20703,49881572,39233555
2022-04-23,2646,16219,49884218,39249774
2022-04-24,509,2334,49884727,39252108
2022-04-25,183,1165,49884910,39253273
2022-04-26,2759,17806,49887669,39271079
2022-04-27,2374,15793,49890043,39286872
2022-04-28,2359,15560,49892402,39302432
2022-04-29,2295,14846,49894697,39317278
2022-04-30,2123,11581,49896820,39328859
2022-05-01,113,531,49896933,39329390
2022-05-02,1451,9391,49898384,39338781
2022-05-03,1576,10319,49899960,39349100
2022-05-04,1745,10268,49901705,39359368
2022-05-05,1652,10285,49903357,39369653
2022-05-06,1701,10958,49905058,39380611
2022-05-07,1431,8568,49906489,39389179
2022-05-08,416,1521,49906905,39390700
2022-05-09,1027,8929,49907932,39399629
2022-05-10,1424,9548,49909356,39409177
2022-05-11,1484,10099,49910840,39419276
2022-05-12,1369,10131,49912209,39429407
2022-05-13,1595,10518,49913804,39439925
2022-05-14,1357,8236,49915161,39448161
2022-05-15,336,1133,49915497,39449294
2022-05-16,813,8405,49916310,39457699
2022-05-17,1243,8697,49917553,39466396
2022-05-18,1372,9232,49918925,39475628
2022-05-19,1500,9278,49920425,39484906
2022-05-20,1422,9528,49921847,39494434
2022-05-21,1300,7900,49923147,39502334
2022-05-22,231,1014,49923378,39503348
2022-05-23,830,8267,49924208,39511615
2022-05-24,1073,8672,49925281,39520287
2022-05-25,1370,9460,49926651,39529747
2022-05-26,1195,9477,49927846,39539224
2022-05-27,1232,9914,49929078,39549138
2022-05-28,1205,7886,49930283,39557024
2022-05-29,288,1264,49930571,39558288
2022-05-30,930,8055,49931501,39566343
2022-05-31,1036,8547,49932537,39574890
2022-06-01,891,7655,49933428,39582545
2022-06-02,35,474,49933463,39583019
2022-06-03,818,7333,49934281,39590352
2022-06-04,870,5161,49935151,39595513
2022-06-05,89,586,49935240,39596099
2022-06-06,678,6993,49935918,39603092
2022-06-07,952,7849,49936870,39610941
2022-06-08,980,7908,49937850,39618849
2022-06-09,1037,8414,49938887,39627263
2022-06-10,958,8564,49939845,39635827
2022-06-11,903,6207,49940748,39642034
2022-06-12,140,768,49940888,39642802
2022-06-13,602,6301,49941490,39649103
2022-06-14,830,7899,49942320,39657002
2022-06-15,955,7853,49943275,39664855
2022-06-16,730,7394,49944005,39672249
2022-06-17,723,7243,49944728,39679492
2022-06-18,777,5593,49945505,39685085
2022-06-19,48,522,49945553,39685607
2022-06-20,587,6699,49946140,39692306
2022-06-21,736,7666,49946876,39699972
2022-06-22,781,7308,49947657,39707280
2022-06-23,652,7468,49948309,39714748
2022-06-24,644,7473,49948953,39722221
2022-06-25,835,6535,49949788,39728756
2022-06-26,128,523,49949916,39729279
2022-06-27,533,7124,49950449,39736403
2022-06-28,746,8207,49951195,39744610
2022-06-29,756,7731,49951951,39752341
2022-06-30,745,8144,49952696,39760485
2022-07-01,577,6443,49953273,39766928
2022-07-02,536,4770,49953809,39771698
2022-07-03,49,456,49953858,39772154
2022-07-04,469,6276,49954327,39778430
2022-07-05,629,8118,49954956,39786548
2022-07-06,633,7611,49955589,39794159
2022-07-07,572,8271,49956161,39802430
2022-07-08,672,8082,49956833,39810512
2022-07-09,550,6104,49957383,39816616
2022-07-10,58,533,49957441,39817149
2022-07-11,487,7638,49957928,39824787
2022-07-12,667,9028,49958595,39833815
2022-07-13,641,10068,49959236,39843883
2022-07-14,636,10223,49959872,39854106
2022-07-15,625,10666,49960497,39864772
2022-07-16,522,7214,49961019,39871986
2022-07-17,48,770,49961067,39872756
2022-07-18,497,9368,49961564,39882124
2022-07-19,574,10682,49962138,39892806
2022-07-20,580,11272,49962718,39904078
2022-07-21,627,12088,49963345,39916166
2022-07-22,583,11257,49963928,39927423
2022-07-23,381,6772,49964309,39934195
2022-07-24,76,857,49964385,39935052
2022-07-25,503,9051,49964888,39944103
2022-07-26,519,9760,49965407,39953863
2022-07-27,552,10200,49965959,39964063
2022-07-28,530,10535,49966489,39974598
2022-07-29,511,9464,49967000,39984062
2022-07-30,382,5881,49967382,39989943
2022-07-31,49,764,49967431,39990707
2022-08-01,386,6864,49967817,39997571
2022-08-02,541,7584,49968358,40005155
2022-08-03,512,7175,49968870,40012330
2022-08-04,455,7488,49969325,40019818
2022-08-05,420,6526,49969745,40026344
2022-08-06,299,3612,49970044,40029956
2022-08-07,44,561,49970088,40030517
2022-08-08,402,4893,49970490,40035410
2022-08-09,381,5307,49970871,40040717
2022-08-10,381,4815,49971252,40045532
2022-08-11,366,4778,49971618,40050310
2022-08-12,292,3721,49971910,40054031
2022-08-13,143,1600,49972053,40055631
2022-08-14,9,129,49972062,40055760
2022-08-15,1,26,49972063,40055786
2022-08-16,283,3043,49972346,40058829
2022-08-17,352,3536,49972698,40062365
2022-08-18,391,4160,49973089,40066525
2022-08-19,341,3320,49973430,40069845
2022-08-20,183,1715,49973613,40071560
2022-08-21,24,149,49973637,40071709
2022-08-22,329,2951,49973966,40074660
2022-08-23,370,3674,49974336,40078334
2022-08-24,383,3359,49974719,40081693
2022-08-25,421,3772,49975140,40085465
2022-08-26,400,3571,49975540,40089036
2022-08-27,237,1769,49975777,40090805
2022-08-28,29,267,49975806,40091072
2022-08-29,354,3161,49976160,40094233
2022-08-30,403,3671,49976563,40097904
2022-08-31,437,3734,49977000,40101638
2022-09-01,353,3117,49977353,40104755
2022-09-02,296,2890,49977649,40107645
2022-09-03,200,1688,49977849,40109333
2022-09-04,23,149,49977872,40109482
2022-09-05,187,2655,49978059,40112137
2022-09-06,303,2986,49978362,40115123
2022-09-07,540,2936,49978902,40118059
2022-09-08,291,2961,49979193,40121020
2022-09-09,305,2884,49979498,40123904
2022-09-10,227,1326,49979725,40125230
2022-09-11,23,124,49979748,40125354
2022-09-12,267,2263,49980015,40127617
2022-09-13,252,2274,49980267,40129891
2022-09-14,265,2564,49980532,40132455
2022-09-15,280,2493,49980812,40134948
2022-09-16,254,2545,49981066,40137493
2022-09-17,239,1339,49981305,40138832
2022-09-18,20,170,49981325,40139002
2022-09-19,206,1969,49981531,40140971
2022-09-20,236,2384,49981767,40143355
2022-09-21,289,2526,49982056,40145881
2022-09-22,263,2651,49982319,40148532
2022-09-23,258,2537,49982577,40151069
2022-09-24,193,1427,49982770,40152496
2022-09-25,29,133,49982799,40152629
2022-09-26,280,2248,49983079,40154877
2022-09-27,287,2682,49983366,40157559
2022-09-28,309,2896,49983675,40160455
2022-09-29,256,3045,49983931,40163500
2022-09-30,290,2974,49984221,40166474
2022-10-01,194,1514,49984415,40167988
2022-10-02,12,187,49984427,40168175
2022-10-03,182,2473,49984609,40170648
2022-10-04,236,2860,49984845,40173508
2022-10-05,227,3218,49985072,40176726
2022-10-06,242,3847,49985314,40180573
2022-10-07,282,4165,49985596,40184738
2022-10-08,202,2235,49985798,40186973
2022-10-09,8,304,49985806,40187277
2022-10-10,206,3337,49986012,40190614
2022-10-11,191,4350,49986203,40194964
2022-10-12,209,4415,49986412,40199379
2022-10-13,200,5296,49986612,40204675
2022-10-14,229,5021,49986841,40209696
2022-10-15,188,2669,49987029,40212365
2022-10-16,6,360,49987035,40212725
2022-10-17,186,3863,49987221,40216588
2022-10-18,256,4955,49987477,40221543
2022-10-19,241,5464,49987718,40227007
2022-10-20,222,5982,49987940,40232989
2022-10-21,249,5461,49988189,40238450
2022-10-22,193,2907,49988382,40241357
2022-10-23,13,356,49988395,40241713
2022-10-24,171,3914,49988566,40245627
2022-10-25,252,4912,49988818,40250539
2022-10-26,340,5467,49989158,40256006
2022-10-27,240,5622,49989398,40261628
2022-10-28,199,5227,49989597,40266855
2022-10-29,127,2832,49989724,40269687
2022-10-30,3,326,49989727,40270013
2022-10-31,116,3025,49989843,40273038
2022-11-01,10,327,49989853,40273365
2022-11-02,142,3673,49989995,40277038
2022-11-03,170,4743,49990165,40281781
2022-11-04,219,4553,49990384,40286334
2022-11-05,142,2572,49990526,40288906
2022-11-06,10,258,49990536,40289164
2022-11-07,159,3194,49990695,40292358
2022-11-08,258,4181,49990953,40296539
2022-11-09,194,4232,49991147,40300771
2022-11-10,177,4454,49991324,40305225
2022-11-11,186,4114,49991510,40309339
2022-11-12,153,2318,49991663,40311657
2022-11-13,7,327,49991670,40311984
2022-11-14,146,2693,49991816,40314677
2022-11-15,111,1749,49991927,40316426