data_somministrazione,vaccinazioni,booster,cum_vaccinazioni,cum_booster
2020-12-27,22,0,22,0
2020-12-28,2,0,24,0
2020-12-29,1,0,25,0
2020-12-30,8,0,33,0
2020-12-31,80,0,113,0
2021-01-01,26,0,139,0
2021-01-02,150,0,289,0
2021-01-03,112,0,401,0
2021-01-04,246,0,647,0
2021-01-05,291,0,938,0
2021-01-06,262,0,1200,0
2021-01-07,331,0,1531,0
2021-01-08,385,0,1916,0
2021-01-09,290,0,2206,0
2021-01-10,172,0,2378,0
2021-01-11,312,0,2690,0
2021-01-12,292,0,2982,0
2021-01-13,425,0,3407,0
2021-01-14,506,0,3913,0
2021-01-15,327,0,4240,0
2021-01-16,225,0,4465,0
2021-01-17,3065,0,7530,0
2021-01-18,5221,0,12751,0
2021-01-19,1896,0,14647,0
2021-01-20,4660,0,19307,0
2021-01-21,20004,0,39311,0
2021-01-22,14220,0,53531,0
2021-01-23,33317,0,86848,0
2021-01-24,30775,0,117623,0
2021-01-25,64698,0,182321,0
2021-01-26,76456,0,258777,0
2021-01-27,64805,0,323582,0
2021-01-28,89244,0,412826,0
2021-01-29,93991,0,506817,0
2021-01-30,86538,0,593355,0
2021-01-31,57320,0,650675,0
2021-02-01,81833,0,732508,0
2021-02-02,82126,0,814634,0
2021-02-03,91101,0,905735,0
2021-02-04,95381,0,1001116,0
2021-02-05,90264,0,1091380,0
2021-02-06,63450,0,1154830,0
2021-02-07,32935,0,1187765,0
2021-02-08,40421,0,1228186,0
2021-02-09,32880,0,1261066,0
2021-02-10,28440,0,1289506,0
2021-02-11,20408,0,1309914,0
2021-02-12,16252,0,1326166,0
2021-02-13,7281,0,1333447,0
2021-02-14,2862,0,1336309,0
2021-02-15,6851,0,1343160,0
2021-02-16,7008,0,1350168,0
2021-02-17,10526,0,1360694,0
2021-02-18,9258,0,1369952,0
2021-02-19,8259,0,1378211,0
2021-02-20,5585,0,1383796,0
2021-02-21,3015,0,1386811,0
2021-02-22,6884,0,1393695,0
2021-02-23,7191,0,1400886,0
2021-02-24,9815,0,1410701,0
2021-02-25,14215,0,1424916,0
2021-02-26,17563,0,1442479,0
2021-02-27,13925,0,1456404,0
2021-02-28,9399,0,1465803,0
2021-03-01,26533,0,1492336,0
2021-03-02,33247,0,1525583,0
2021-03-03,44652,0,1570235,0
2021-03-04,50304,0,1620539,0
2021-03-05,55745,0,1676284,0
2021-03-06,41887,0,1718171,0
2021-03-07,22332,0,1740503,0
2021-03-08,50840,0,1791343,0
2021-03-09,53095,0,1844438,0
2021-03-10,58701,0,1903139,0
2021-03-11,63895,0,1967034,0
2021-03-12,65146,0,2032180,0
2021-03-13,51732,0,2083912,0
2021-03-14,35428,0,2119340,0
2021-03-15,73463,0,2192803,0
2021-03-16,74030,0,2266833,0
2021-03-17,83146,0,2349979,0
2021-03-18,81634,0,2431613,0
2021-03-19,81091,0,2512704,0
2021-03-20,64746,0,2577450,0
2021-03-21,47312,0,2624762,0
2021-03-22,69506,0,2694268,0
2021-03-23,75822,0,2770090,0
2021-03-24,90940,0,2861030,0
2021-03-25,89830,0,2950860,0
2021-03-26,83645,0,3034505,0
2021-03-27,71965,0,3106470,0
2021-03-28,44192,0,3150662,0
2021-03-29,70852,0,3221514,0
2021-03-30,81420,0,3302934,0
2021-03-31,96267,0,3399201,0
2021-04-01,95345,0,3494546,0
2021-04-02,84089,0,3578635,0
2021-04-03,64315,0,3642950,0
2021-04-04,21726,0,3664676,0
2021-04-05,40326,0,3705002,0
2021-04-06,81352,0,3786354,0
2021-04-07,95851,0,3882205,0
2021-04-08,95268,0,3977473,0
2021-04-09,88510,0,4065983,0
2021-04-10,74040,0,4140023,0
2021-04-11,44774,0,4184797,0
2021-04-12,66929,0,4251726,0
2021-04-13,72601,0,4324327,0
2021-04-14,85560,0,4409887,0
2021-04-15,105427,0,4515314,0
2021-04-16,106436,0,4621750,0
2021-04-17,90533,0,4712283,0
2021-04-18,58599,0,4770882,0
2021-04-19,93447,0,4864329,0
2021-04-20,103783,0,4968112,0
2021-04-21,125346,0,5093458,0
2021-04-22,143539,0,5236997,0
2021-04-23,138765,0,5375762,0
2021-04-24,124455,0,5500217,0
2021-04-25,61471,0,5561688,0
2021-04-26,97920,0,5659608,0
2021-04-27,128381,0,5787989,0
2021-04-28,156403,0,5944392,0
2021-04-29,195627,0,6140019,0
2021-04-30,214623,0,6354642,0
2021-05-01,174150,0,6528792,0
2021-05-02,135818,0,6664610,0
2021-05-03,142083,0,6806693,0
2021-05-04,158720,0,6965413,0
2021-05-05,170557,0,7135970,0
2021-05-06,197838,0,7333808,0
2021-05-07,213891,0,7547699,0
2021-05-08,213444,0,7761143,0
2021-05-09,143224,0,7904367,0
2021-05-10,165112,0,8069479,0
2021-05-11,175019,0,8244498,0
2021-05-12,179238,0,8423736,0
2021-05-13,203429,0,8627165,0
2021-05-14,222953,0,8850118,0
2021-05-15,210398,0,9060516,0
2021-05-16,159296,0,9219812,0
2021-05-17,219229,0,9439041,0
2021-05-18,213036,0,9652077,0
2021-05-19,207109,0,9859186,0
2021-05-20,270914,0,10130100,0
2021-05-21,270918,0,10401018,0
2021-05-22,245553,0,10646571,0
2021-05-23,197199,0,10843770,0
2021-05-24,228315,0,11072085,0
2021-05-25,245704,0,11317789,0
2021-05-26,277578,0,11595367,0
2021-05-27,311112,0,11906479,0
2021-05-28,299593,0,12206072,0
2021-05-29,231262,0,12437334,0
2021-05-30,170858,0,12608192,0
2021-05-31,216445,0,12824637,0
2021-06-01,207647,0,13032284,0
2021-06-02,115812,0,13148096,0
2021-06-03,180189,0,13328285,0
2021-06-04,184939,0,13513224,0
2021-06-05,186017,0,13699241,0
2021-06-06,139605,0,13838846,0
2021-06-07,161925,0,14000771,0
2021-06-08,171313,0,14172084,0
2021-06-09,171542,0,14343626,0
2021-06-10,174184,0,14517810,0
2021-06-11,170065,0,14687875,0
2021-06-12,128419,0,14816294,0
2021-06-13,91255,0,14907549,0
2021-06-14,214720,0,15122269,0
2021-06-15,228473,0,15350742,0
2021-06-16,253121,0,15603863,0
2021-06-17,301800,0,15905663,0
2021-06-18,306347,0,16212010,0
2021-06-19,275143,0,16487153,0
2021-06-20,220838,0,16707991,0
2021-06-21,288122,0,16996113,0
2021-06-22,296276,0,17292389,0
2021-06-23,302719,0,17595108,0
2021-06-24,332636,0,17927744,0
2021-06-25,348747,0,18276491,0
2021-06-26,300157,0,18576648,0
2021-06-27,228706,0,18805354,0
2021-06-28,307172,0,19112526,0
2021-06-29,329360,0,19441886,0
2021-06-30,342240,0,19784126,0
2021-07-01,363263,0,20147389,0
2021-07-02,368514,0,20515903,0
2021-07-03,371108,0,20887011,0
2021-07-04,283252,0,21170263,0
2021-07-05,384569,0,21554832,0
2021-07-06,385494,0,21940326,0
2021-07-07,412141,0,22352467,0
2021-07-08,479583,0,22832050,0
2021-07-09,498462,0,23330512,0
2021-07-10,475173,0,23805685,0
2021-07-11,357687,0,24163372,0
2021-07-12,485871,0,24649243,0
2021-07-13,492060,0,25141303,0
2021-07-14,480429,0,25621732,0
2021-07-15,523407,0,26145139,0
2021-07-16,509738,0,26654877,0
2021-07-17,464317,0,27119194,0
2021-07-18,364625,0,27483819,0
2021-07-19,463030,0,27946849,0
2021-07-20,458043,0,28404892,0
2021-07-21,462787,0,28867679,0
2021-07-22,475372,0,29343051,0
2021-07-23,441325,0,29784376,0
2021-07-24,386142,0,30170518,0
2021-07-25,287536,0,30458054,0
2021-07-26,430889,0,30888943,0
2021-07-27,440101,0,31329044,0
2021-07-28,391012,0,31720056,0
2021-07-29,372072,0,32092128,0
2021-07-30,341523,0,32433651,0
2021-07-31,287050,0,32720701,0
2021-08-01,190996,0,32911697,0
2021-08-02,333711,0,33245408,0
2021-08-03,323183,0,33568591,0
2021-08-04,310997,0,33879588,0
2021-08-05,292478,0,34172066,0
2021-08-06,260047,0,34432113,0
2021-08-07,199071,0,34631184,0
2021-08-08,153108,0,34784292,0
2021-08-09,234083,0,35018375,0
2021-08-10,205298,0,35223673,0
2021-08-11,193802,0,35417475,0
2021-08-12,168079,0,35585554,0
2021-08-13,148676,0,35734230,0
2021-08-14,66103,0,35800333,0
2021-08-15,26345,0,35826678,0
2021-08-16,114724,0,35941402,0
2021-08-17,129261,0,36070663,0
2021-08-18,128762,0,36199425,0
2021-08-19,124867,0,36324292,0
2021-08-20,123797,0,36448089,0
2021-08-21,83135,0,36531224,0
2021-08-22,68183,0,36599407,0
2021-08-23,176870,0,36776277,0
2021-08-24,156889,0,36933166,0
2021-08-25,177169,0,37110335,0
2021-08-26,172349,0,37282684,0
2021-08-27,185828,0,37468512,0
2021-08-28,140295,0,37608807,0
2021-08-29,98998,0,37707805,0
2021-08-30,209582,0,37917387,0
2021-08-31,194641,0,38112028,0
2021-09-01,192215,0,38304243,0
2021-09-02,189926,0,38494169,0
2021-09-03,191278,0,38685447,0
2021-09-04,131437,0,38816884,0
2021-09-05,87840,0,38904724,0
2021-09-06,193600,0,39098324,0
2021-09-07,196039,0,39294363,0
2021-09-08,187858,0,39482221,0
2021-09-09,201416,0,39683637,0
2021-09-10,198047,0,39881684,0
2021-09-11,141290,0,40022974,0
2021-09-12,89590,0,40112564,0
2021-09-13,191097,665,40303661,665
2021-09-14,177204,663,40480865,1328
2021-09-15,163081,658,40643946,1986
2021-09-16,160033,1018,40803979,3004
2021-09-17,150153,1177,40954132,4181
2021-09-18,127985,784,41082117,4965
2021-09-19,81141,513,41163258,5478
2021-09-20,180057,9139,41343315,14617
2021-09-21,166676,8867,41509991,23484
2021-09-22,159125,9465,41669116,32949
2021-09-23,138108,9361,41807224,42310
2021-09-24,140549,9023,41947773,51333
2021-09-25,119564,5678,42067337,57011
2021-09-26,71990,4371,42139327,61382
2021-09-27,135673,10092,42275000,71474
2021-09-28,117520,11439,42392520,82913
2021-09-29,112383,11857,42504903,94770
2021-09-30,110297,14986,42615200,109756
2021-10-01,95004,19145,42710204,128901
2021-10-02,78529,14048,42788733,142949
2021-10-03,47760,7672,42836493,150621
2021-10-04,88392,34491,42924885,185112
2021-10-05,80385,34023,43005270,219135
2021-10-06,72007,34220,43077277,253355
2021-10-07,71882,34382,43149159,287737
2021-10-08,80651,33629,43229810,321366
2021-10-09,76117,22202,43305927,343568
2021-10-10,45795,13632,43351722,357200
2021-10-11,87447,41137,43439169,398337
2021-10-12,84515,46940,43523684,445277
2021-10-13,88227,52174,43611911,497451
2021-10-14,91559,58563,43703470,556014
2021-10-15,93600,55688,43797070,611702
2021-10-16,82977,36834,43880047,648536
2021-10-17,51461,23864,43931508,672400
2021-10-18,90299,59529,44021807,731929
2021-10-19,78352,69424,44100159,801353
2021-10-20,75060,78216,44175219,879569
2021-10-21,78282,81826,44253501,961395
2021-10-22,73765,77092,44327266,1038487
2021-10-23,60838,51977,44388104,1090464
2021-10-24,33369,23483,44421473,1113947
2021-10-25,64894,81673,44486367,1195620
2021-10-26,58372,91846,44544739,1287466
2021-10-27,58317,104045,44603056,1391511
2021-10-28,61443,114167,44664499,1505678
2021-10-29,61621,103201,44726120,1608879
2021-10-30,50671,68162,44776791,1677041
2021-10-31,25158,28315,44801949,1705356
2021-11-01,19050,28159,44820999,1733515
2021-11-02,62737,89447,44883736,1822962
2021-11-03,60714,118708,44944450,1941670
2021-11-04,59238,126709,45003688,2068379
2021-11-05,63091,135234,45066779,2203613
2021-11-06,46495,90946,45113274,2294559
2021-11-07,22248,37908,45135522,2332467
2021-11-08,51523,131301,45187045,2463768
2021-11-09,45403,144238,45232448,2608006
2021-11-10,42593,156382,45275041,2764388
2021-11-11,44930,155181,45319971,2919569
2021-11-12,46300,158713,45366271,3078282
2021-11-13,33273,116683,45399544,3194965
2021-11-14,14490,52462,45414034,3247427
2021-11-15,36907,157449,45450941,3404876
2021-11-16,30568,171416,45481509,3576292
2021-11-17,28470,178469,45509979,3754761
2021-11-18,30297,193770,45540276,3948531
2021-11-19,28825,205889,45569101,4154420
2021-11-20,21015,156461,45590116,4310881
2021-11-21,10613,64870,45600729,4375751
2021-11-22,21959,213164,45622688,4588915
2021-11-23,23609,241803,45646297,4830718
2021-11-24,27770,271103,45674067,5101821
2021-11-25,23269,301953,45697336,5403774
2021-11-26,24599,318314,45721935,5722088
2021-11-27,21420,266176,45743355,5988264
2021-11-28,9913,137069,45753268,6125333
2021-11-29,22369,326082,45775637,6451415
2021-11-30,23121,365862,45798758,6817277
2021-12-01,21563,413547,45820321,7230824
2021-12-02,23799,440445,45844120,7671269
2021-12-03,25283,467548,45869403,8138817
2021-12-04,22392,418813,45891795,8557630
2021-12-05,11944,261369,45903739,8818999
2021-12-06,25850,457637,45929589,9276636
2021-12-07,24171,480310,45953760,9756946
2021-12-08,10032,249725,45963792,10006671
2021-12-09,31628,491970,45995420,10498641
2021-12-10,28110,517940,46023530,11016581
2021-12-11,23595,459288,46047125,11475869
2021-12-12,12328,293538,46059453,11769407
2021-12-13,26186,467663,46085639,12237070
2021-12-14,25208,494246,46110847,12731316
2021-12-15,25383,517191,46136230,13248507
2021-12-16,27938,520310,46164168,13768817
2021-12-17,29405,517229,46193573,14286046
2021-12-18,27117,468788,46220690,14754834
2021-12-19,15173,300548,46235863,15055382
2021-12-20,30684,477513,46266547,15532895
2021-12-21,30424,493451,46296971,16026346
2021-12-22,29494,484761,46326465,16511107
2021-12-23,28291,426972,46354756,16938079
2021-12-24,13127,210846,46367883,17148925
2021-12-25,2104,33053,46369987,17181978
2021-12-26,8784,159077,46378771,17341055
2021-12-27,46851,504703,46425622,17845758
2021-12-28,42513,554270,46468135,18400028
2021-12-29,34410,550686,46502545,18950714
2021-12-30,31905,499871,46534450,19450585
2021-12-31,14152,247410,46548602,19697995
2022-01-01,3503,64815,46552105,19762810
2022-01-02,22842,276729,46574947,20039539
2022-01-03,47967,520042,46622914,20559581
2022-01-04,46495,572107,46669409,21131688
2022-01-05,40865,560430,46710274,21692118
2022-01-06,23545,274489,46733819,21966607
2022-01-07,63817,554228,46797636,22520835
2022-01-08,61005,503426,46858641,23024261
2022-01-09,42980,319709,46901621,23343970
2022-01-10,61187,542330,46962808,23886300
2022-01-11,61881,587041,47024689,24473341
2022-01-12,58575,581316,47083264,25054657
2022-01-13,58731,580438,47141995,25635095
2022-01-14,46959,588625,47188954,26223720
2022-01-15,39607,570002,47228561,26793722
2022-01-16,31334,341899,47259895,27135621
2022-01-17,54863,489701,47314758,27625322
2022-01-18,58484,517059,47373242,28142381
2022-01-19,57283,502825,47430525,28645206
2022-01-20,54434,498865,47484959,29144071
2022-01-21,42196,493905,47527155,29637976
2022-01-22,31317,469624,47558472,30107600
2022-01-23,34987,275391,47593459,30382991
2022-01-24,56234,437255,47649693,30820246
2022-01-25,61608,452135,47711301,31272381
2022-01-26,58605,435851,47769906,31708232
2022-01-27,48903,432420,47818809,32140652
2022-01-28,58770,436570,47877579,32577222
2022-01-29,68199,412521,47945778,32989743
2022-01-30,50416,235991,47996194,33225734
2022-01-31,60728,356955,48056922,33582689
2022-02-01,65626,328472,48122548,33911161
2022-02-02,63255,297003,48185803,34208164
2022-02-03,60098,274542,48245901,34482706
2022-02-04,72417,268475,48318318,34751181
2022-02-05,83822,248559,48402140,34999740
2022-02-06,55309,116208,48457449,35115948
2022-02-07,65192,199949,48522641,35315897
2022-02-08,66959,186133,48589600,35502030
2022-02-09,58780,166355,48648380,35668385
2022-02-10,58604,163256,48706984,35831641
2022-02-11,62280,162481,48769264,35994122
2022-02-12,72018,152157,48841282,36146279
2022-02-13,41488,68859,48882770,36215138
2022-02-14,46713,116196,48929483,36331334
2022-02-15,48573,123482,48978056,36454816
2022-02-16,45701,106131,49023757,36560947
2022-02-17,42877,98127,49066634,36659074
2022-02-18,46639,112590,49113273,36771664
2022-02-19,52548,100341,49165821,36872005
2022-02-20,31416,40367,49197237,36912372
2022-02-21,37903,89660,49235140,37002032
2022-02-22,37227,83786,49272367,37085818
2022-02-23,33404,79406,49305771,37165224
2022-02-24,32562,78169,49338333,37243393
2022-02-25,34775,90714,49373108,37334107
2022-02-26,39163,89139,49412271,37423246
2022-02-27,22548,35859,49434819,37459105
2022-02-28,28491,81699,49463310,37540804
2022-03-01,22734,53943,49486044,37594747
2022-03-02,21935,50714,49507979,37645461
2022-03-03,22641,54947,49530620,37700408
2022-03-04,23244,62802,49553864,37763210
2022-03-05,23805,57953,49577669,37821163
2022-03-06,9473,17201,49587142,37838364
2022-03-07,15927,51391,49603069,37889755
2022-03-08,15481,48797,49618550,37938552
2022-03-09,13815,46518,49632365,37985070
2022-03-10,14061,52128,49646426,38037198
2022-03-11,15593,57274,49662019,38094472
2022-03-12,15514,56620,49677533,38151092
2022-03-13,5545,16852,49683078,38167944
2022-03-14,10528,46703,49693606,38214647
2022-03-15,10555,46895,49704161,38261542
2022-03-16,9486,41979,49713647,38303521
2022-03-17,9726,44877,49723373,38348398
2022-03-18,10164,49059,49733537,38397457
2022-03-19,9152,46540,49742689,38443997
2022-03-20,2608,11704,49745297,38455701
2022-03-21,7587,40233,49752884,38495934
2022-03-22,8448,37768,49761332,38533702
2022-03-23,7221,33701,49768553,38567403
2022-03-24,8261,38821,49776814,38606224
2022-03-25,8144,43673,49784958,38649897
2022-03-26,8129,41722,49793087,38691619
2022-03-27,2432,9683,49795519,38701302
2022-03-28,6112,35245,49801631,38736547
2022-03-29,5783,32532,49807414,38769079
2022-03-30,5567,30205,49812981,38799284
2022-03-31,5906,33187,49818887,38832471
2022-04-01,4351,25189,49823238,38857660
2022-04-02,4497,23275,49827735,38880935
2022-04-03,1049,4500,49828784,38885435
2022-04-04,3662,21547,49832446,38906982
2022-04-05,3758,22938,49836204,38929920
2022-04-06,4105,21853,49840309,38951773
2022-04-07,3970,23321,49844279,38975094
2022-04-08,4696,26716,49848975,39001810
2022-04-09,4382,23889,49853357,39025699
2022-04-10,893,4613,49854250,39030312
2022-04-11,3820,22689,49858070,39053001
2022-04-12,3364,21780,49861434,39074781
2022-04-13,3574,21337,49865008,39096118
2022-04-14,3487,23789,49868495,39119907
2022-04-15,3086,20621,49871581,39140528
2022-04-16,2152,11918,49873733,39152446
2022-04-17,63,348,49873796,39152794
2022-04-18,152,650,49873948,39153444
2022-04-19,3500,21985,49877448,39175429
2022-04-20,3513,20250,49880961,39195679
2022-04-21,2848,19793,49883809,39215472
2022-04-22,2928,20714,49886737,39236186
2022-04-23,2648,16222,49889385,39252408
2022-04-24,509,2334,49889894,39254742
2022-04-25,183,1165,49890077,39255907
2022-04-26,2760,17811,49892837,39273718
2022-04-27,2374,15795,49895211,39289513
2022-04-28,2363,15566,49897574,39305079
2022-04-29,2298,14850,49899872,39319929
2022-04-30,2123,11585,49901995,39331514
2022-05-01,113,531,49902108,39332045
2022-05-02,1451,9393,49903559,39341438
2022-05-03,1577,10326,49905136,39351764
2022-05-04,1747,10276,49906883,39362040
2022-05-05,1654,10301,49908537,39372341
2022-05-06,1702,10972,49910239,39383313
2022-05-07,1431,8573,49911670,39391886
2022-05-08,417,1526,49912087,39393412
2022-05-09,1029,8934,49913116,39402346
2022-05-10,1426,9550,49914542,39411896
2022-05-11,1484,10109,49916026,39422005
2022-05-12,1370,10137,49917396,39432142
2022-05-13,1596,10524,49918992,39442666
2022-05-14,1360,8246,49920352,39450912
2022-05-15,336,1136,49920688,39452048
2022-05-16,814,8409,49921502,39460457
2022-05-17,1244,8707,49922746,39469164
2022-05-18,1373,9256,49924119,39478420
2022-05-19,1501,9287,49925620,39487707
2022-05-20,1426,9535,49927046,39497242
2022-05-21,1302,7901,49928348,39505143
2022-05-22,231,1013,49928579,39506156
2022-05-23,830,8273,49929409,39514429
2022-05-24,1073,8673,49930482,39523102
2022-05-25,1372,9460,49931854,39532562
2022-05-26,1198,9480,49933052,39542042
2022-05-27,1232,9916,49934284,39551958
2022-05-28,1205,7890,49935489,39559848
2022-05-29,288,1265,49935777,39561113
2022-05-30,931,8058,49936708,39569171
2022-05-31,1039,8549,49937747,39577720
2022-06-01,895,7657,49938642,39585377
2022-06-02,35,474,49938677,39585851
2022-06-03,817,7334,49939494,39593185
2022-06-04,870,5162,49940364,39598347
2022-06-05,89,586,49940453,39598933
2022-06-06,680,7004,49941133,39605937
2022-06-07,952,7850,49942085,39613787
2022-06-08,981,7906,49943066,39621693
2022-06-09,1037,8418,49944103,39630111
2022-06-10,958,8563,49945061,39638674
2022-06-11,904,6206,49945965,39644880
2022-06-12,140,768,49946105,39645648
2022-06-13,602,6301,49946707,39651949
2022-06-14,831,7904,49947538,39659853
2022-06-15,960,7856,49948498,39667709
2022-06-16,733,7397,49949231,39675106
2022-06-17,723,7248,49949954,39682354
2022-06-18,778,5596,49950732,39687950
2022-06-19,49,521,49950781,39688471
2022-06-20,587,6699,49951368,39695170
2022-06-21,741,7664,49952109,39702834
2022-06-22,779,7312,49952888,39710146
2022-06-23,648,7472,49953536,39717618
2022-06-24,644,7474,49954180,39725092
2022-06-25,835,6533,49955015,39731625
2022-06-26,128,523,49955143,39732148
2022-06-27,534,7127,49955677,39739275
2022-06-28,747,8207,49956424,39747482
2022-06-29,756,7733,49957180,39755215
2022-06-30,747,8145,49957927,39763360
2022-07-01,577,6443,49958504,39769803
2022-07-02,536,4769,49959040,39774572
2022-07-03,49,456,49959089,39775028
2022-07-04,469,6278,49959558,39781306
2022-07-05,631,8122,49960189,39789428
2022-07-06,634,7611,49960823,39797039
2022-07-07,576,8273,49961399,39805312
2022-07-08,677,8086,49962076,39813398
2022-07-09,550,6105,49962626,39819503
2022-07-10,58,533,49962684,39820036
2022-07-11,491,7641,49963175,39827677
2022-07-12,669,9030,49963844,39836707
2022-07-13,645,10067,49964489,39846774
2022-07-14,637,10224,49965126,39856998
2022-07-15,626,10674,49965752,39867672
2022-07-16,523,7215,49966275,39874887
2022-07-17,48,770,49966323,39875657
2022-07-18,496,9374,49966819,39885031
2022-07-19,575,10684,49967394,39895715
2022-07-20,582,11277,49967976,39906992
2022-07-21,630,12093,49968606,39919085
2022-07-22,584,11262,49969190,39930347
2022-07-23,381,6775,49969571,39937122
2022-07-24,76,857,49969647,39937979
2022-07-25,503,9056,49970150,39947035
2022-07-26,522,9764,49970672,39956799
2022-07-27,554,10210,49971226,39967009
2022-07-28,532,10535,49971758,39977544
2022-07-29,511,9466,49972269,39987010
2022-07-30,383,5883,49972652,39992893
2022-07-31,49,764,49972701,39993657
2022-08-01,386,6865,49973087,40000522
2022-08-02,548,7590,49973635,40008112
2022-08-03,513,7179,49974148,40015291
2022-08-04,455,7492,49974603,40022783
2022-08-05,421,6526,49975024,40029309
2022-08-06,299,3613,49975323,40032922
2022-08-07,44,563,49975367,40033485
2022-08-08,403,4890,49975770,40038375
2022-08-09,381,5313,49976151,40043688
2022-08-10,385,4816,49976536,40048504
2022-08-11,369,4804,49976905,40053308
2022-08-12,294,3720,49977199,40057028
2022-08-13,143,1600,49977342,40058628
2022-08-14,9,129,49977351,40058757
2022-08-15,1,26,49977352,40058783
2022-08-16,283,3043,49977635,40061826
2022-08-17,352,3536,49977987,40065362
2022-08-18,393,4160,49978380,40069522
2022-08-19,341,3319,49978721,40072841
2022-08-20,183,1715,49978904,40074556
2022-08-21,24,149,49978928,40074705
2022-08-22,330,2952,49979258,40077657
2022-08-23,370,3674,49979628,40081331
2022-08-24,384,3360,49980012,40084691
2022-08-25,423,3773,49980435,40088464
2022-08-26,400,3574,49980835,40092038
2022-08-27,237,1770,49981072,40093808
2022-08-28,29,267,49981101,40094075
2022-08-29,354,3161,49981455,40097236
2022-08-30,405,3671,49981860,40100907
2022-08-31,438,3734,49982298,40104641
2022-09-01,353,3116,49982651,40107757
2022-09-02,296,2894,49982947,40110651
2022-09-03,200,1689,49983147,40112340
2022-09-04,24,149,49983171,40112489
2022-09-05,187,2656,49983358,40115145
2022-09-06,306,2983,49983664,40118128
2022-09-07,541,2937,49984205,40121065
2022-09-08,293,2963,49984498,40124028
2022-09-09,306,2886,49984804,40126914
2022-09-10,228,1326,49985032,40128240
2022-09-11,23,124,49985055,40128364
2022-09-12,267,2268,49985322,40130632
2022-09-13,252,2277,49985574,40132909
2022-09-14,266,2566,49985840,40135475
2022-09-15,282,2501,49986122,40137976
2022-09-16,256,2546,49986378,40140522
2022-09-17,239,1339,49986617,40141861
2022-09-18,20,170,49986637,40142031
2022-09-19,206,1971,49986843,40144002
2022-09-20,235,2392,49987078,40146394
2022-09-21,289,2526,49987367,40148920
2022-09-22,267,2663,49987634,40151583
2022-09-23,259,2545,49987893,40154128
2022-09-24,193,1427,49988086,40155555
2022-09-25,29,133,49988115,40155688
2022-09-26,280,2248,49988395,40157936
2022-09-27,287,2683,49988682,40160619
2022-09-28,310,2906,49988992,40163525
2022-09-29,257,3049,49989249,40166574
2022-09-30,292,2989,49989541,40169563
2022-10-01,195,1515,49989736,40171078
2022-10-02,12,187,49989748,40171265
2022-10-03,185,2475,49989933,40173740
2022-10-04,236,2862,49990169,40176602
2022-10-05,229,3252,49990398,40179854
2022-10-06,243,3874,49990641,40183728
2022-10-07,283,4189,49990924,40187917
2022-10-08,204,2270,49991128,40190187
2022-10-09,8,305,49991136,40190492
2022-10-10,212,3356,49991348,40193848
2022-10-11,194,4379,49991542,40198227
2022-10-12,207,4441,49991749,40202668
2022-10-13,204,5304,49991953,40207972
2022-10-14,233,5026,49992186,40212998
2022-10-15,191,2671,49992377,40215669
2022-10-16,6,360,49992383,40216029
2022-10-17,186,3873,49992569,40219902
2022-10-18,256,4967,49992825,40224869
2022-10-19,244,5478,49993069,40230347
2022-10-20,224,5998,49993293,40236345
2022-10-21,250,5477,49993543,40241822
2022-10-22,195,2911,49993738,40244733
2022-10-23,13,364,49993751,40245097
2022-10-24,171,3931,49993922,40249028
2022-10-25,254,4926,49994176,40253954
2022-10-26,347,5503,49994523,40259457
2022-10-27,241,5672,49994764,40265129
2022-10-28,200,5263,49994964,40270392
2022-10-29,128,2844,49995092,40273236
2022-10-30,3,328,49995095,40273564
2022-10-31,117,3042,49995212,40276606
2022-11-01,11,353,49995223,40276959
2022-11-02,145,3723,49995368,40280682
2022-11-03,172,4790,49995540,40285472
2022-11-04,225,4602,49995765,40290074
2022-11-05,144,2598,49995909,40292672
2022-11-06,10,261,49995919,40292933
2022-11-07,169,3225,49996088,40296158
2022-11-08,260,4254,49996348,40300412
2022-11-09,197,4331,49996545,40304743
2022-11-10,183,4597,49996728,40309340
2022-11-11,193,4221,49996921,40313561
2022-11-12,158,2378,49997079,40315939
2022-11-13,7,338,49997086,40316277
2022-11-14,150,2838,49997236,40319115
2022-11-15,202,3748,49997438,40322863
2022-11-16,217,3992,49997655,40326855
2022-11-17,191,4107,49997846,40330962
2022-11-18,246,4034,49998092,40334996
2022-11-19,112,2106,49998204,40337102
2022-11-20,24,317,49998228,40337419
2022-11-21,119,2621,49998347,40340040
2022-11-22,143,3217,49998490,40343257
2022-11-23,191,3625,49998681,40346882
2022-11-24,158,3840,49998839,40350722
2022-11-25,184,3785,49999023,40354507
2022-11-26,133,2093,49999156,40356600
2022-11-27,22,356,49999178,40356956
2022-11-28,182,2683,49999360,40359639
2022-11-29,257,3231,49999617,40362870
2022-11-30,182,3736,49999799,40366606
2022-12-01,150,3626,49999949,40370232
2022-12-02,156,3527,50000105,40373759
2022-12-03,106,1968,50000211,40375727
2022-12-04,5,290,50000216,40376017
2022-12-05,129,2855,50000345,40378872
2022-12-06,176,3655,50000521,40382527
2022-12-07,135,3136,50000656,40385663
2022-12-08,8,169,50000664,40385832
2022-12-09,161,3034,50000825,40388866
2022-12-10,78,1604,50000903,40390470
2022-12-11,7,193,50000910,40390663
2022-12-12,171,2535,50001081,40393198
2022-12-13,253,3051,50001334,40396249
2022-12-14,227,3216,50001561,40399465
2022-12-15,204,3268,50001765,40402733
2022-12-16,162,3176,50001927,40405909
2022-12-17,94,1683,50002021,40407592
2022-12-18,10,270,50002031,40407862
2022-12-19,143,2164,50002174,40410026
2022-12-20,211,2510,50002385,40412536
2022-12-21,156,2228,50002541,40414764
2022-12-22,141,1869,50002682,40416633
2022-12-23,151,1212,50002833,40417845
2022-12-24,32,160,50002865,40418005
2022-12-25,0,6,50002865,40418011
2022-12-26,6,41,50002871,40418052
2022-12-27,132,1553,50003003,40419605
2022-12-28,132,1768,50003135,40421373
2022-12-29,92,1694,50003227,40423067
2022-12-30,115,1602,50003342,40424669
2022-12-31,21,274,50003363,40424943
2023-01-01,0,6,50003363,40424949
2023-01-02,47,1104,50003410,40426053
2023-01-03,95,1850,50003505,40427903
2023-01-04,114,1893,50003619,40429796