data_somministrazione,vaccinazioni,booster,cum_vaccinazioni,cum_booster
2020-12-27,20,0,20,0
2020-12-28,2,0,22,0
2020-12-29,1,0,23,0
2020-12-30,9,0,32,0
2020-12-31,73,0,105,0
2021-01-01,24,0,129,0
2021-01-02,131,0,260,0
2021-01-03,94,0,354,0
2021-01-04,223,0,577,0
2021-01-05,259,0,836,0
2021-01-06,228,0,1064,0
2021-01-07,309,0,1373,0
2021-01-08,358,0,1731,0
2021-01-09,268,0,1999,0
2021-01-10,162,0,2161,0
2021-01-11,290,0,2451,0
2021-01-12,275,0,2726,0
2021-01-13,405,0,3131,0
2021-01-14,489,0,3620,0
2021-01-15,309,0,3929,0
2021-01-16,216,0,4145,0
2021-01-17,3060,0,7205,0
2021-01-18,5215,0,12420,0
2021-01-19,1893,0,14313,0
2021-01-20,4656,0,18969,0
2021-01-21,20005,0,38974,0
2021-01-22,14220,0,53194,0
2021-01-23,33329,0,86523,0
2021-01-24,30781,0,117304,0
2021-01-25,64720,0,182024,0
2021-01-26,76485,0,258509,0
2021-01-27,64824,0,323333,0
2021-01-28,89269,0,412602,0
2021-01-29,94015,0,506617,0
2021-01-30,86549,0,593166,0
2021-01-31,57327,0,650493,0
2021-02-01,81852,0,732345,0
2021-02-02,82139,0,814484,0
2021-02-03,91112,0,905596,0
2021-02-04,95394,0,1000990,0
2021-02-05,90269,0,1091259,0
2021-02-06,63448,0,1154707,0
2021-02-07,32933,0,1187640,0
2021-02-08,40426,0,1228066,0
2021-02-09,32871,0,1260937,0
2021-02-10,28430,0,1289367,0
2021-02-11,20403,0,1309770,0
2021-02-12,16240,0,1326010,0
2021-02-13,7274,0,1333284,0
2021-02-14,2862,0,1336146,0
2021-02-15,6844,0,1342990,0
2021-02-16,7002,0,1349992,0
2021-02-17,10525,0,1360517,0
2021-02-18,9252,0,1369769,0
2021-02-19,8251,0,1378020,0
2021-02-20,5570,0,1383590,0
2021-02-21,3006,0,1386596,0
2021-02-22,6885,0,1393481,0
2021-02-23,7179,0,1400660,0
2021-02-24,9808,0,1410468,0
2021-02-25,14211,0,1424679,0
2021-02-26,17557,0,1442236,0
2021-02-27,13915,0,1456151,0
2021-02-28,9389,0,1465540,0
2021-03-01,26517,0,1492057,0
2021-03-02,33245,0,1525302,0
2021-03-03,44647,0,1569949,0
2021-03-04,50294,0,1620243,0
2021-03-05,55733,0,1675976,0
2021-03-06,41871,0,1717847,0
2021-03-07,22323,0,1740170,0
2021-03-08,50827,0,1790997,0
2021-03-09,53078,0,1844075,0
2021-03-10,58659,0,1902734,0
2021-03-11,63872,0,1966606,0
2021-03-12,65115,0,2031721,0
2021-03-13,51726,0,2083447,0
2021-03-14,35406,0,2118853,0
2021-03-15,73449,0,2192302,0
2021-03-16,74026,0,2266328,0
2021-03-17,83134,0,2349462,0
2021-03-18,81629,0,2431091,0
2021-03-19,81083,0,2512174,0
2021-03-20,64727,0,2576901,0
2021-03-21,47307,0,2624208,0
2021-03-22,69490,0,2693698,0
2021-03-23,75807,0,2769505,0
2021-03-24,90916,0,2860421,0
2021-03-25,89815,0,2950236,0
2021-03-26,83634,0,3033870,0
2021-03-27,71946,0,3105816,0
2021-03-28,44154,0,3149970,0
2021-03-29,70834,0,3220804,0
2021-03-30,81393,0,3302197,0
2021-03-31,96247,0,3398444,0
2021-04-01,95314,0,3493758,0
2021-04-02,84079,0,3577837,0
2021-04-03,64306,0,3642143,0
2021-04-04,21718,0,3663861,0
2021-04-05,40317,0,3704178,0
2021-04-06,81325,0,3785503,0
2021-04-07,95836,0,3881339,0
2021-04-08,95246,0,3976585,0
2021-04-09,88495,0,4065080,0
2021-04-10,74032,0,4139112,0
2021-04-11,44766,0,4183878,0
2021-04-12,66918,0,4250796,0
2021-04-13,72582,0,4323378,0
2021-04-14,85547,0,4408925,0
2021-04-15,105415,0,4514340,0
2021-04-16,106422,0,4620762,0
2021-04-17,90521,0,4711283,0
2021-04-18,58596,0,4769879,0
2021-04-19,93433,0,4863312,0
2021-04-20,103773,0,4967085,0
2021-04-21,125345,0,5092430,0
2021-04-22,143521,0,5235951,0
2021-04-23,138748,0,5374699,0
2021-04-24,124448,0,5499147,0
2021-04-25,61457,0,5560604,0
2021-04-26,97897,0,5658501,0
2021-04-27,128365,0,5786866,0
2021-04-28,156379,0,5943245,0
2021-04-29,195601,0,6138846,0
2021-04-30,214592,0,6353438,0
2021-05-01,174127,0,6527565,0
2021-05-02,135806,0,6663371,0
2021-05-03,142051,0,6805422,0
2021-05-04,158696,0,6964118,0
2021-05-05,170516,0,7134634,0
2021-05-06,197816,0,7332450,0
2021-05-07,213852,0,7546302,0
2021-05-08,213426,0,7759728,0
2021-05-09,143207,0,7902935,0
2021-05-10,165089,0,8068024,0
2021-05-11,174998,0,8243022,0
2021-05-12,179196,0,8422218,0
2021-05-13,203400,0,8625618,0
2021-05-14,222928,0,8848546,0
2021-05-15,210375,0,9058921,0
2021-05-16,159281,0,9218202,0
2021-05-17,219207,0,9437409,0
2021-05-18,213025,0,9650434,0
2021-05-19,207096,0,9857530,0
2021-05-20,270875,0,10128405,0
2021-05-21,270905,0,10399310,0
2021-05-22,245531,0,10644841,0
2021-05-23,197184,0,10842025,0
2021-05-24,228311,0,11070336,0
2021-05-25,245700,0,11316036,0
2021-05-26,277510,0,11593546,0
2021-05-27,311093,0,11904639,0
2021-05-28,299579,0,12204218,0
2021-05-29,231235,0,12435453,0
2021-05-30,170843,0,12606296,0
2021-05-31,216430,0,12822726,0
2021-06-01,207640,0,13030366,0
2021-06-02,115806,0,13146172,0
2021-06-03,180162,0,13326334,0
2021-06-04,184896,0,13511230,0
2021-06-05,185974,0,13697204,0
2021-06-06,139563,0,13836767,0
2021-06-07,161884,0,13998651,0
2021-06-08,171249,0,14169900,0
2021-06-09,171501,0,14341401,0
2021-06-10,174122,0,14515523,0
2021-06-11,169999,0,14685522,0
2021-06-12,128344,0,14813866,0
2021-06-13,91206,0,14905072,0
2021-06-14,214695,0,15119767,0
2021-06-15,228433,0,15348200,0
2021-06-16,253090,0,15601290,0
2021-06-17,301748,0,15903038,0
2021-06-18,306318,0,16209356,0
2021-06-19,275105,0,16484461,0
2021-06-20,220800,0,16705261,0
2021-06-21,288081,0,16993342,0
2021-06-22,296236,0,17289578,0
2021-06-23,302695,0,17592273,0
2021-06-24,332613,0,17924886,0
2021-06-25,348719,0,18273605,0
2021-06-26,300132,0,18573737,0
2021-06-27,228679,0,18802416,0
2021-06-28,307121,0,19109537,0
2021-06-29,329313,0,19438850,0
2021-06-30,342182,0,19781032,0
2021-07-01,363232,0,20144264,0
2021-07-02,368489,0,20512753,0
2021-07-03,371099,0,20883852,0
2021-07-04,283224,0,21167076,0
2021-07-05,384552,0,21551628,0
2021-07-06,385483,0,21937111,0
2021-07-07,412122,0,22349233,0
2021-07-08,479600,0,22828833,0
2021-07-09,498483,0,23327316,0
2021-07-10,475179,0,23802495,0
2021-07-11,357699,0,24160194,0
2021-07-12,485898,0,24646092,0
2021-07-13,492102,0,25138194,0
2021-07-14,480455,0,25618649,0
2021-07-15,523448,0,26142097,0
2021-07-16,509766,0,26651863,0
2021-07-17,464337,0,27116200,0
2021-07-18,364647,0,27480847,0
2021-07-19,463055,0,27943902,0
2021-07-20,458061,0,28401963,0
2021-07-21,462798,0,28864761,0
2021-07-22,475391,0,29340152,0
2021-07-23,441329,0,29781481,0
2021-07-24,386159,0,30167640,0
2021-07-25,287563,0,30455203,0
2021-07-26,430893,0,30886096,0
2021-07-27,440131,0,31326227,0
2021-07-28,391024,0,31717251,0
2021-07-29,372083,0,32089334,0
2021-07-30,341520,0,32430854,0
2021-07-31,287038,0,32717892,0
2021-08-01,191000,0,32908892,0
2021-08-02,333704,0,33242596,0
2021-08-03,323196,0,33565792,0
2021-08-04,310982,0,33876774,0
2021-08-05,292497,0,34169271,0
2021-08-06,260020,0,34429291,0
2021-08-07,199055,0,34628346,0
2021-08-08,153110,0,34781456,0
2021-08-09,234080,0,35015536,0
2021-08-10,205261,0,35220797,0
2021-08-11,193782,0,35414579,0
2021-08-12,168042,0,35582621,0
2021-08-13,148646,0,35731267,0
2021-08-14,66096,0,35797363,0
2021-08-15,26339,0,35823702,0
2021-08-16,114707,0,35938409,0
2021-08-17,129255,0,36067664,0
2021-08-18,128757,0,36196421,0
2021-08-19,124832,0,36321253,0
2021-08-20,123793,0,36445046,0
2021-08-21,83133,0,36528179,0
2021-08-22,68174,0,36596353,0
2021-08-23,176871,0,36773224,0
2021-08-24,156894,0,36930118,0
2021-08-25,177170,0,37107288,0
2021-08-26,172367,0,37279655,0
2021-08-27,185835,0,37465490,0
2021-08-28,140286,0,37605776,0
2021-08-29,98991,0,37704767,0
2021-08-30,209598,0,37914365,0
2021-08-31,194646,0,38109011,0
2021-09-01,192206,0,38301217,0
2021-09-02,189933,0,38491150,0
2021-09-03,191295,0,38682445,0
2021-09-04,131460,0,38813905,0
2021-09-05,87856,0,38901761,0
2021-09-06,193623,0,39095384,0
2021-09-07,196033,0,39291417,0
2021-09-08,187879,0,39479296,0
2021-09-09,201442,0,39680738,0
2021-09-10,198072,0,39878810,0
2021-09-11,141296,0,40020106,0
2021-09-12,89595,0,40109701,0
2021-09-13,191124,612,40300825,612
2021-09-14,177226,624,40478051,1236
2021-09-15,163095,627,40641146,1863
2021-09-16,160068,970,40801214,2833
2021-09-17,150175,1145,40951389,3978
2021-09-18,127982,761,41079371,4739
2021-09-19,81140,502,41160511,5241
2021-09-20,180068,9112,41340579,14353
2021-09-21,166659,8849,41507238,23202
2021-09-22,159099,9452,41666337,32654
2021-09-23,138086,9345,41804423,41999
2021-09-24,140552,8989,41944975,50988
2021-09-25,119564,5657,42064539,56645
2021-09-26,71980,4354,42136519,60999
2021-09-27,135665,10068,42272184,71067
2021-09-28,117509,11413,42389693,82480
2021-09-29,112358,11844,42502051,94324
2021-09-30,110269,14971,42612320,109295
2021-10-01,94994,19125,42707314,128420
2021-10-02,78513,14033,42785827,142453
2021-10-03,47752,7665,42833579,150118
2021-10-04,88387,34468,42921966,184586
2021-10-05,80379,34005,43002345,218591
2021-10-06,71999,34192,43074344,252783
2021-10-07,71873,34365,43146217,287148
2021-10-08,80631,33613,43226848,320761
2021-10-09,76108,22188,43302956,342949
2021-10-10,45782,13625,43348738,356574
2021-10-11,87444,41122,43436182,397696
2021-10-12,84508,46923,43520690,444619
2021-10-13,88210,52141,43608900,496760
2021-10-14,91548,58543,43700448,555303
2021-10-15,93596,55659,43794044,610962
2021-10-16,82971,36811,43877015,647773
2021-10-17,51460,23849,43928475,671622
2021-10-18,90303,59504,44018778,731126
2021-10-19,78349,69395,44097127,800521
2021-10-20,75069,78196,44172196,878717
2021-10-21,78304,81785,44250500,960502
2021-10-22,73782,77060,44324282,1037562
2021-10-23,60831,51967,44385113,1089529
2021-10-24,33372,23473,44418485,1113002
2021-10-25,64906,81649,44483391,1194651
2021-10-26,58375,91821,44541766,1286472
2021-10-27,58330,104015,44600096,1390487
2021-10-28,61453,114143,44661549,1504630
2021-10-29,61638,103163,44723187,1607793
2021-10-30,50677,68133,44773864,1675926
2021-10-31,25162,28304,44799026,1704230
2021-11-01,19048,28157,44818074,1732387
2021-11-02,62743,89422,44880817,1821809
2021-11-03,60728,118685,44941545,1940494
2021-11-04,59245,126687,45000790,2067181
2021-11-05,63094,135211,45063884,2202392
2021-11-06,46483,90935,45110367,2293327
2021-11-07,22253,37900,45132620,2331227
2021-11-08,51529,131291,45184149,2462518
2021-11-09,45402,144226,45229551,2606744
2021-11-10,42591,156367,45272142,2763111
2021-11-11,44931,155159,45317073,2918270
2021-11-12,46318,158661,45363391,3076931
2021-11-13,33266,116666,45396657,3193597
2021-11-14,14492,52457,45411149,3246054
2021-11-15,36909,157440,45448058,3403494
2021-11-16,30560,171400,45478618,3574894
2021-11-17,28468,178452,45507086,3753346
2021-11-18,30290,193749,45537376,3947095
2021-11-19,28813,205876,45566189,4152971
2021-11-20,21004,156455,45587193,4309426
2021-11-21,10612,64866,45597805,4374292
2021-11-22,21949,213160,45619754,4587452
2021-11-23,23590,241777,45643344,4829229
2021-11-24,27795,271034,45671139,5100263
2021-11-25,23247,301931,45694386,5402194
2021-11-26,24590,318291,45718976,5720485
2021-11-27,21394,266167,45740370,5986652
2021-11-28,9905,137065,45750275,6123717
2021-11-29,22355,326074,45772630,6449791
2021-11-30,23109,365855,45795739,6815646
2021-12-01,21535,413515,45817274,7229161
2021-12-02,23775,440431,45841049,7669592
2021-12-03,25268,467504,45866317,8137096
2021-12-04,22383,418787,45888700,8555883
2021-12-05,11939,261358,45900639,8817241
2021-12-06,25835,457620,45926474,9274861
2021-12-07,24155,480292,45950629,9755153
2021-12-08,10021,249715,45960650,10004868
2021-12-09,31610,491951,45992260,10496819
2021-12-10,28087,517916,46020347,11014735
2021-12-11,23581,459270,46043928,11474005
2021-12-12,12313,293521,46056241,11767526
2021-12-13,26170,467643,46082411,12235169
2021-12-14,25194,494227,46107605,12729396
2021-12-15,25359,517182,46132964,13246578
2021-12-16,27911,520287,46160875,13766865
2021-12-17,29382,517201,46190257,14284066
2021-12-18,27083,468766,46217340,14752832
2021-12-19,15162,300539,46232502,15053371
2021-12-20,30657,477499,46263159,15530870
2021-12-21,30406,493416,46293565,16024286
2021-12-22,29472,484736,46323037,16509022
2021-12-23,28272,426932,46351309,16935954
2021-12-24,13121,210836,46364430,17146790
2021-12-25,2103,33053,46366533,17179843
2021-12-26,8769,159074,46375302,17338917
2021-12-27,46825,504682,46422127,17843599
2021-12-28,42490,554236,46464617,18397835
2021-12-29,34382,550664,46498999,18948499
2021-12-30,31869,499851,46530868,19448350
2021-12-31,14135,247405,46545003,19695755
2022-01-01,3499,64815,46548502,19760570
2022-01-02,22805,276721,46571307,20037291
2022-01-03,47903,520028,46619210,20557319
2022-01-04,46427,572099,46665637,21129418
2022-01-05,40801,560408,46706438,21689826
2022-01-06,23516,274491,46729954,21964317
2022-01-07,63755,554208,46793709,22518525
2022-01-08,60929,503404,46854638,23021929
2022-01-09,42913,319696,46897551,23341625
2022-01-10,61137,542313,46958688,23883938
2022-01-11,61792,587026,47020480,24470964
2022-01-12,58507,581303,47078987,25052267
2022-01-13,58672,580416,47137659,25632683
2022-01-14,46878,588599,47184537,26221282
2022-01-15,39486,569968,47224023,26791250
2022-01-16,31279,341886,47255302,27133136
2022-01-17,54822,489679,47310124,27622815
2022-01-18,58438,517042,47368562,28139857
2022-01-19,57241,502812,47425803,28642669
2022-01-20,54383,498842,47480186,29141511
2022-01-21,42140,493887,47522326,29635398
2022-01-22,31245,469608,47553571,30105006
2022-01-23,34955,275385,47588526,30380391
2022-01-24,56203,437237,47644729,30817628
2022-01-25,61580,452120,47706309,31269748
2022-01-26,58564,435839,47764873,31705587
2022-01-27,48868,432390,47813741,32137977
2022-01-28,58732,436551,47872473,32574528
2022-01-29,68157,412503,47940630,32987031
2022-01-30,50398,235977,47991028,33223008
2022-01-31,60664,356939,48051692,33579947
2022-02-01,65579,328457,48117271,33908404
2022-02-02,63224,296982,48180495,34205386
2022-02-03,60075,274521,48240570,34479907
2022-02-04,72392,268466,48312962,34748373
2022-02-05,83801,248541,48396763,34996914
2022-02-06,55301,116207,48452064,35113121
2022-02-07,65165,199941,48517229,35313062
2022-02-08,66936,186118,48584165,35499180
2022-02-09,58769,166336,48642934,35665516
2022-02-10,58590,163240,48701524,35828756
2022-02-11,62262,162467,48763786,35991223
2022-02-12,71992,152147,48835778,36143370
2022-02-13,41474,68853,48877252,36212223
2022-02-14,46701,116187,48923953,36328410
2022-02-15,48544,123479,48972497,36451889
2022-02-16,45681,106123,49018178,36558012
2022-02-17,42868,98114,49061046,36656126
2022-02-18,46627,112579,49107673,36768705
2022-02-19,52543,100334,49160216,36869039
2022-02-20,31410,40366,49191626,36909405
2022-02-21,37890,89656,49229516,36999061
2022-02-22,37224,83777,49266740,37082838
2022-02-23,33398,79409,49300138,37162247
2022-02-24,32556,78161,49332694,37240408
2022-02-25,34765,90709,49367459,37331117
2022-02-26,39158,89135,49406617,37420252
2022-02-27,22545,35857,49429162,37456109
2022-02-28,28481,81692,49457643,37537801
2022-03-01,22722,53942,49480365,37591743
2022-03-02,21955,50683,49502320,37642426
2022-03-03,22621,54947,49524941,37697373
2022-03-04,23235,62800,49548176,37760173
2022-03-05,23800,57951,49571976,37818124
2022-03-06,9471,17201,49581447,37835325
2022-03-07,15918,51389,49597365,37886714
2022-03-08,15477,48796,49612842,37935510
2022-03-09,13812,46519,49626654,37982029
2022-03-10,14051,52119,49640705,38034148
2022-03-11,15586,57266,49656291,38091414
2022-03-12,15506,56619,49671797,38148033
2022-03-13,5544,16851,49677341,38164884
2022-03-14,10525,46699,49687866,38211583
2022-03-15,10548,46894,49698414,38258477
2022-03-16,9482,41973,49707896,38300450
2022-03-17,9717,44874,49717613,38345324
2022-03-18,10158,49057,49727771,38394381
2022-03-19,9150,46533,49736921,38440914
2022-03-20,2609,11702,49739530,38452616
2022-03-21,7579,40223,49747109,38492839
2022-03-22,8448,37758,49755557,38530597
2022-03-23,7214,33700,49762771,38564297
2022-03-24,8258,38806,49771029,38603103
2022-03-25,8139,43667,49779168,38646770
2022-03-26,8126,41721,49787294,38688491
2022-03-27,2430,9682,49789724,38698173
2022-03-28,6109,35238,49795833,38733411
2022-03-29,5777,32528,49801610,38765939
2022-03-30,5566,30201,49807176,38796140
2022-03-31,5897,33179,49813073,38829319
2022-04-01,4348,25189,49817421,38854508
2022-04-02,4495,23274,49821916,38877782
2022-04-03,1049,4500,49822965,38882282
2022-04-04,3657,21544,49826622,38903826
2022-04-05,3756,22931,49830378,38926757
2022-04-06,4103,21853,49834481,38948610
2022-04-07,3965,23320,49838446,38971930
2022-04-08,4693,26711,49843139,38998641
2022-04-09,4383,23885,49847522,39022526
2022-04-10,892,4613,49848414,39027139
2022-04-11,3816,22686,49852230,39049825
2022-04-12,3364,21777,49855594,39071602
2022-04-13,3567,21335,49859161,39092937
2022-04-14,3485,23786,49862646,39116723
2022-04-15,3084,20617,49865730,39137340
2022-04-16,2149,11918,49867879,39149258
2022-04-17,63,348,49867942,39149606
2022-04-18,152,650,49868094,39150256
2022-04-19,3499,21979,49871593,39172235
2022-04-20,3511,20251,49875104,39192486
2022-04-21,2847,19787,49877951,39212273
2022-04-22,2927,20703,49880878,39232976
2022-04-23,2644,16219,49883522,39249195
2022-04-24,509,2334,49884031,39251529
2022-04-25,183,1165,49884214,39252694
2022-04-26,2759,17807,49886973,39270501
2022-04-27,2374,15793,49889347,39286294
2022-04-28,2359,15559,49891706,39301853
2022-04-29,2294,14844,49894000,39316697
2022-04-30,2123,11580,49896123,39328277
2022-05-01,113,531,49896236,39328808
2022-05-02,1450,9391,49897686,39338199
2022-05-03,1576,10318,49899262,39348517
2022-05-04,1745,10268,49901007,39358785
2022-05-05,1653,10285,49902660,39369070
2022-05-06,1702,10956,49904362,39380026
2022-05-07,1431,8568,49905793,39388594
2022-05-08,416,1519,49906209,39390113
2022-05-09,1027,8928,49907236,39399041
2022-05-10,1424,9546,49908660,39408587
2022-05-11,1483,10097,49910143,39418684
2022-05-12,1369,10131,49911512,39428815
2022-05-13,1594,10517,49913106,39439332
2022-05-14,1357,8235,49914463,39447567
2022-05-15,336,1131,49914799,39448698
2022-05-16,813,8405,49915612,39457103
2022-05-17,1243,8696,49916855,39465799
2022-05-18,1372,9234,49918227,39475033
2022-05-19,1500,9277,49919727,39484310
2022-05-20,1421,9515,49921148,39493825
2022-05-21,1301,7899,49922449,39501724
2022-05-22,231,1013,49922680,39502737
2022-05-23,830,8267,49923510,39511004
2022-05-24,1073,8672,49924583,39519676
2022-05-25,1369,9458,49925952,39529134
2022-05-26,1195,9475,49927147,39538609
2022-05-27,1232,9912,49928379,39548521
2022-05-28,1205,7885,49929584,39556406
2022-05-29,288,1264,49929872,39557670
2022-05-30,931,8055,49930803,39565725
2022-05-31,1036,8547,49931839,39574272
2022-06-01,891,7655,49932730,39581927
2022-06-02,35,474,49932765,39582401
2022-06-03,818,7333,49933583,39589734
2022-06-04,870,5161,49934453,39594895
2022-06-05,89,586,49934542,39595481
2022-06-06,678,6992,49935220,39602473
2022-06-07,952,7848,49936172,39610321
2022-06-08,981,7908,49937153,39618229
2022-06-09,1037,8414,49938190,39626643
2022-06-10,958,8564,49939148,39635207
2022-06-11,903,6207,49940051,39641414
2022-06-12,140,768,49940191,39642182
2022-06-13,602,6301,49940793,39648483
2022-06-14,828,7896,49941621,39656379
2022-06-15,955,7852,49942576,39664231
2022-06-16,730,7392,49943306,39671623
2022-06-17,723,7243,49944029,39678866
2022-06-18,777,5593,49944806,39684459
2022-06-19,47,522,49944853,39684981
2022-06-20,587,6699,49945440,39691680
2022-06-21,736,7665,49946176,39699345
2022-06-22,781,7308,49946957,39706653
2022-06-23,651,7467,49947608,39714120
2022-06-24,644,7474,49948252,39721594
2022-06-25,835,6534,49949087,39728128
2022-06-26,128,523,49949215,39728651
2022-06-27,532,7123,49949747,39735774
2022-06-28,745,8206,49950492,39743980
2022-06-29,756,7729,49951248,39751709
2022-06-30,746,8143,49951994,39759852
2022-07-01,577,6443,49952571,39766295
2022-07-02,536,4769,49953107,39771064
2022-07-03,49,456,49953156,39771520
2022-07-04,469,6277,49953625,39777797
2022-07-05,629,8118,49954254,39785915
2022-07-06,633,7610,49954887,39793525
2022-07-07,571,8270,49955458,39801795
2022-07-08,673,8083,49956131,39809878
2022-07-09,550,6104,49956681,39815982
2022-07-10,58,533,49956739,39816515
2022-07-11,487,7638,49957226,39824153
2022-07-12,667,9028,49957893,39833181
2022-07-13,641,10067,49958534,39843248
2022-07-14,635,10224,49959169,39853472
2022-07-15,625,10668,49959794,39864140
2022-07-16,522,7214,49960316,39871354
2022-07-17,48,770,49960364,39872124
2022-07-18,497,9368,49960861,39881492
2022-07-19,574,10682,49961435,39892174
2022-07-20,580,11272,49962015,39903446
2022-07-21,627,12085,49962642,39915531
2022-07-22,583,11258,49963225,39926789
2022-07-23,380,6772,49963605,39933561
2022-07-24,76,857,49963681,39934418
2022-07-25,503,9052,49964184,39943470
2022-07-26,519,9759,49964703,39953229
2022-07-27,551,10200,49965254,39963429
2022-07-28,530,10530,49965784,39973959
2022-07-29,511,9464,49966295,39983423
2022-07-30,382,5881,49966677,39989304
2022-07-31,49,764,49966726,39990068
2022-08-01,386,6864,49967112,39996932
2022-08-02,540,7584,49967652,40004516
2022-08-03,512,7174,49968164,40011690
2022-08-04,455,7488,49968619,40019178
2022-08-05,420,6523,49969039,40025701
2022-08-06,299,3612,49969338,40029313
2022-08-07,44,562,49969382,40029875
2022-08-08,402,4893,49969784,40034768
2022-08-09,382,5307,49970166,40040075
2022-08-10,381,4814,49970547,40044889
2022-08-11,366,4778,49970913,40049667
2022-08-12,292,3721,49971205,40053388
2022-08-13,143,1600,49971348,40054988
2022-08-14,9,129,49971357,40055117
2022-08-15,1,26,49971358,40055143
2022-08-16,283,3043,49971641,40058186
2022-08-17,352,3536,49971993,40061722
2022-08-18,390,4160,49972383,40065882
2022-08-19,341,3319,49972724,40069201
2022-08-20,183,1715,49972907,40070916
2022-08-21,24,149,49972931,40071065
2022-08-22,329,2951,49973260,40074016
2022-08-23,370,3672,49973630,40077688
2022-08-24,383,3359,49974013,40081047
2022-08-25,421,3771,49974434,40084818
2022-08-26,398,3571,49974832,40088389
2022-08-27,237,1769,49975069,40090158
2022-08-28,29,267,49975098,40090425
2022-08-29,354,3161,49975452,40093586
2022-08-30,402,3670,49975854,40097256
2022-08-31,437,3734,49976291,40100990
2022-09-01,352,3117,49976643,40104107
2022-09-02,296,2890,49976939,40106997
2022-09-03,199,1688,49977138,40108685
2022-09-04,23,149,49977161,40108834
2022-09-05,186,2655,49977347,40111489
2022-09-06,303,2988,49977650,40114477
2022-09-07,540,2936,49978190,40117413
2022-09-08,291,2960,49978481,40120373
2022-09-09,305,2884,49978786,40123257
2022-09-10,227,1326,49979013,40124583
2022-09-11,21,124,49979034,40124707
2022-09-12,267,2263,49979301,40126970
2022-09-13,252,2274,49979553,40129244
2022-09-14,265,2564,49979818,40131808
2022-09-15,280,2491,49980098,40134299
2022-09-16,253,2544,49980351,40136843
2022-09-17,239,1339,49980590,40138182
2022-09-18,20,170,49980610,40138352
2022-09-19,205,1969,49980815,40140321
2022-09-20,236,2384,49981051,40142705
2022-09-21,289,2526,49981340,40145231
2022-09-22,263,2647,49981603,40147878
2022-09-23,258,2536,49981861,40150414
2022-09-24,193,1427,49982054,40151841
2022-09-25,29,133,49982083,40151974
2022-09-26,280,2247,49982363,40154221
2022-09-27,286,2671,49982649,40156892
2022-09-28,308,2888,49982957,40159780
2022-09-29,256,3045,49983213,40162825
2022-09-30,290,2973,49983503,40165798
2022-10-01,194,1513,49983697,40167311
2022-10-02,11,187,49983708,40167498
2022-10-03,182,2471,49983890,40169969
2022-10-04,236,2858,49984126,40172827
2022-10-05,226,3217,49984352,40176044
2022-10-06,241,3839,49984593,40179883
2022-10-07,282,4159,49984875,40184042
2022-10-08,201,2235,49985076,40186277
2022-10-09,8,304,49985084,40186581
2022-10-10,206,3336,49985290,40189917
2022-10-11,191,4348,49985481,40194265
2022-10-12,208,4413,49985689,40198678
2022-10-13,200,5289,49985889,40203967
2022-10-14,229,5016,49986118,40208983
2022-10-15,187,2665,49986305,40211648
2022-10-16,6,360,49986311,40212008
2022-10-17,186,3859,49986497,40215867
2022-10-18,255,4946,49986752,40220813
2022-10-19,238,5451,49986990,40226264
2022-10-20,221,5971,49987211,40232235
2022-10-21,251,5438,49987462,40237673
2022-10-22,194,2903,49987656,40240576
2022-10-23,13,356,49987669,40240932
2022-10-24,170,3901,49987839,40244833
2022-10-25,248,4880,49988087,40249713
2022-10-26,309,5414,49988396,40255127
2022-10-27,236,5591,49988632,40260718
2022-10-28,198,5126,49988830,40265844
2022-10-29,126,2557,49988956,40268401
2022-10-30,3,281,49988959,40268682
2022-10-31,115,3009,49989074,40271691
2022-11-01,10,326,49989084,40272017
2022-11-02,140,3585,49989224,40275602
2022-11-03,165,4658,49989389,40280260
2022-11-04,212,4407,49989601,40284667
2022-11-05,142,2495,49989743,40287162
2022-11-06,10,253,49989753,40287415
2022-11-07,155,2945,49989908,40290360