data_somministrazione,vaccinazioni,booster,cum_vaccinazioni,cum_booster
2020-12-27,22,0,22,0
2020-12-28,2,0,24,0
2020-12-29,1,0,25,0
2020-12-30,8,0,33,0
2020-12-31,80,0,113,0
2021-01-01,26,0,139,0
2021-01-02,151,0,290,0
2021-01-03,112,0,402,0
2021-01-04,246,0,648,0
2021-01-05,291,0,939,0
2021-01-06,262,0,1201,0
2021-01-07,331,0,1532,0
2021-01-08,385,0,1917,0
2021-01-09,290,0,2207,0
2021-01-10,172,0,2379,0
2021-01-11,312,0,2691,0
2021-01-12,292,0,2983,0
2021-01-13,425,0,3408,0
2021-01-14,506,0,3914,0
2021-01-15,327,0,4241,0
2021-01-16,225,0,4466,0
2021-01-17,3065,0,7531,0
2021-01-18,5220,0,12751,0
2021-01-19,1896,0,14647,0
2021-01-20,4660,0,19307,0
2021-01-21,20004,0,39311,0
2021-01-22,14220,0,53531,0
2021-01-23,33316,0,86847,0
2021-01-24,30775,0,117622,0
2021-01-25,64698,0,182320,0
2021-01-26,76456,0,258776,0
2021-01-27,64804,0,323580,0
2021-01-28,89244,0,412824,0
2021-01-29,93991,0,506815,0
2021-01-30,86538,0,593353,0
2021-01-31,57320,0,650673,0
2021-02-01,81833,0,732506,0
2021-02-02,82126,0,814632,0
2021-02-03,91101,0,905733,0
2021-02-04,95381,0,1001114,0
2021-02-05,90263,0,1091377,0
2021-02-06,63450,0,1154827,0
2021-02-07,32935,0,1187762,0
2021-02-08,40421,0,1228183,0
2021-02-09,32880,0,1261063,0
2021-02-10,28440,0,1289503,0
2021-02-11,20408,0,1309911,0
2021-02-12,16252,0,1326163,0
2021-02-13,7281,0,1333444,0
2021-02-14,2862,0,1336306,0
2021-02-15,6851,0,1343157,0
2021-02-16,7008,0,1350165,0
2021-02-17,10526,0,1360691,0
2021-02-18,9258,0,1369949,0
2021-02-19,8259,0,1378208,0
2021-02-20,5585,0,1383793,0
2021-02-21,3015,0,1386808,0
2021-02-22,6884,0,1393692,0
2021-02-23,7191,0,1400883,0
2021-02-24,9815,0,1410698,0
2021-02-25,14215,0,1424913,0
2021-02-26,17563,0,1442476,0
2021-02-27,13925,0,1456401,0
2021-02-28,9398,0,1465799,0
2021-03-01,26533,0,1492332,0
2021-03-02,33247,0,1525579,0
2021-03-03,44652,0,1570231,0
2021-03-04,50304,0,1620535,0
2021-03-05,55745,0,1676280,0
2021-03-06,41887,0,1718167,0
2021-03-07,22332,0,1740499,0
2021-03-08,50840,0,1791339,0
2021-03-09,53095,0,1844434,0
2021-03-10,58702,0,1903136,0
2021-03-11,63895,0,1967031,0
2021-03-12,65146,0,2032177,0
2021-03-13,51732,0,2083909,0
2021-03-14,35428,0,2119337,0
2021-03-15,73462,0,2192799,0
2021-03-16,74030,0,2266829,0
2021-03-17,83146,0,2349975,0
2021-03-18,81634,0,2431609,0
2021-03-19,81091,0,2512700,0
2021-03-20,64746,0,2577446,0
2021-03-21,47312,0,2624758,0
2021-03-22,69506,0,2694264,0
2021-03-23,75822,0,2770086,0
2021-03-24,90940,0,2861026,0
2021-03-25,89830,0,2950856,0
2021-03-26,83645,0,3034501,0
2021-03-27,71965,0,3106466,0
2021-03-28,44192,0,3150658,0
2021-03-29,70852,0,3221510,0
2021-03-30,81420,0,3302930,0
2021-03-31,96267,0,3399197,0
2021-04-01,95344,0,3494541,0
2021-04-02,84089,0,3578630,0
2021-04-03,64314,0,3642944,0
2021-04-04,21726,0,3664670,0
2021-04-05,40326,0,3704996,0
2021-04-06,81351,0,3786347,0
2021-04-07,95851,0,3882198,0
2021-04-08,95268,0,3977466,0
2021-04-09,88510,0,4065976,0
2021-04-10,74040,0,4140016,0
2021-04-11,44774,0,4184790,0
2021-04-12,66929,0,4251719,0
2021-04-13,72601,0,4324320,0
2021-04-14,85560,0,4409880,0
2021-04-15,105428,0,4515308,0
2021-04-16,106436,0,4621744,0
2021-04-17,90533,0,4712277,0
2021-04-18,58599,0,4770876,0
2021-04-19,93447,0,4864323,0
2021-04-20,103783,0,4968106,0
2021-04-21,125346,0,5093452,0
2021-04-22,143539,0,5236991,0
2021-04-23,138765,0,5375756,0
2021-04-24,124455,0,5500211,0
2021-04-25,61471,0,5561682,0
2021-04-26,97920,0,5659602,0
2021-04-27,128380,0,5787982,0
2021-04-28,156403,0,5944385,0
2021-04-29,195627,0,6140012,0
2021-04-30,214622,0,6354634,0
2021-05-01,174150,0,6528784,0
2021-05-02,135818,0,6664602,0
2021-05-03,142083,0,6806685,0
2021-05-04,158720,0,6965405,0
2021-05-05,170556,0,7135961,0
2021-05-06,197836,0,7333797,0
2021-05-07,213890,0,7547687,0
2021-05-08,213444,0,7761131,0
2021-05-09,143224,0,7904355,0
2021-05-10,165112,0,8069467,0
2021-05-11,175019,0,8244486,0
2021-05-12,179238,0,8423724,0
2021-05-13,203429,0,8627153,0
2021-05-14,222952,0,8850105,0
2021-05-15,210398,0,9060503,0
2021-05-16,159295,0,9219798,0
2021-05-17,219228,0,9439026,0
2021-05-18,213036,0,9652062,0
2021-05-19,207109,0,9859171,0
2021-05-20,270914,0,10130085,0
2021-05-21,270917,0,10401002,0
2021-05-22,245553,0,10646555,0
2021-05-23,197199,0,10843754,0
2021-05-24,228315,0,11072069,0
2021-05-25,245704,0,11317773,0
2021-05-26,277577,0,11595350,0
2021-05-27,311112,0,11906462,0
2021-05-28,299591,0,12206053,0
2021-05-29,231262,0,12437315,0
2021-05-30,170858,0,12608173,0
2021-05-31,216445,0,12824618,0
2021-06-01,207647,0,13032265,0
2021-06-02,115812,0,13148077,0
2021-06-03,180188,0,13328265,0
2021-06-04,184939,0,13513204,0
2021-06-05,186017,0,13699221,0
2021-06-06,139605,0,13838826,0
2021-06-07,161924,0,14000750,0
2021-06-08,171313,0,14172063,0
2021-06-09,171542,0,14343605,0
2021-06-10,174184,0,14517789,0
2021-06-11,170065,0,14687854,0
2021-06-12,128419,0,14816273,0
2021-06-13,91255,0,14907528,0
2021-06-14,214719,0,15122247,0
2021-06-15,228473,0,15350720,0
2021-06-16,253121,0,15603841,0
2021-06-17,301800,0,15905641,0
2021-06-18,306346,0,16211987,0
2021-06-19,275143,0,16487130,0
2021-06-20,220838,0,16707968,0
2021-06-21,288122,0,16996090,0
2021-06-22,296276,0,17292366,0
2021-06-23,302719,0,17595085,0
2021-06-24,332636,0,17927721,0
2021-06-25,348747,0,18276468,0
2021-06-26,300157,0,18576625,0
2021-06-27,228706,0,18805331,0
2021-06-28,307171,0,19112502,0
2021-06-29,329359,0,19441861,0
2021-06-30,342240,0,19784101,0
2021-07-01,363262,0,20147363,0
2021-07-02,368514,0,20515877,0
2021-07-03,371108,0,20886985,0
2021-07-04,283252,0,21170237,0
2021-07-05,384570,0,21554807,0
2021-07-06,385494,0,21940301,0
2021-07-07,412141,0,22352442,0
2021-07-08,479583,0,22832025,0
2021-07-09,498462,0,23330487,0
2021-07-10,475173,0,23805660,0
2021-07-11,357688,0,24163348,0
2021-07-12,485871,0,24649219,0
2021-07-13,492060,0,25141279,0
2021-07-14,480429,0,25621708,0
2021-07-15,523407,0,26145115,0
2021-07-16,509738,0,26654853,0
2021-07-17,464316,0,27119169,0
2021-07-18,364625,0,27483794,0
2021-07-19,463030,0,27946824,0
2021-07-20,458043,0,28404867,0
2021-07-21,462787,0,28867654,0
2021-07-22,475371,0,29343025,0
2021-07-23,441325,0,29784350,0
2021-07-24,386141,0,30170491,0
2021-07-25,287536,0,30458027,0
2021-07-26,430887,0,30888914,0
2021-07-27,440101,0,31329015,0
2021-07-28,391012,0,31720027,0
2021-07-29,372072,0,32092099,0
2021-07-30,341524,0,32433623,0
2021-07-31,287050,0,32720673,0
2021-08-01,190996,0,32911669,0
2021-08-02,333712,0,33245381,0
2021-08-03,323182,0,33568563,0
2021-08-04,310997,0,33879560,0
2021-08-05,292478,0,34172038,0
2021-08-06,260047,0,34432085,0
2021-08-07,199070,0,34631155,0
2021-08-08,153108,0,34784263,0
2021-08-09,234082,0,35018345,0
2021-08-10,205296,0,35223641,0
2021-08-11,193802,0,35417443,0
2021-08-12,168079,0,35585522,0
2021-08-13,148676,0,35734198,0
2021-08-14,66104,0,35800302,0
2021-08-15,26345,0,35826647,0
2021-08-16,114723,0,35941370,0
2021-08-17,129262,0,36070632,0
2021-08-18,128761,0,36199393,0
2021-08-19,124866,0,36324259,0
2021-08-20,123797,0,36448056,0
2021-08-21,83135,0,36531191,0
2021-08-22,68183,0,36599374,0
2021-08-23,176869,0,36776243,0
2021-08-24,156889,0,36933132,0
2021-08-25,177169,0,37110301,0
2021-08-26,172349,0,37282650,0
2021-08-27,185828,0,37468478,0
2021-08-28,140295,0,37608773,0
2021-08-29,98998,0,37707771,0
2021-08-30,209582,0,37917353,0
2021-08-31,194640,0,38111993,0
2021-09-01,192216,0,38304209,0
2021-09-02,189925,0,38494134,0
2021-09-03,191278,0,38685412,0
2021-09-04,131437,0,38816849,0
2021-09-05,87839,0,38904688,0
2021-09-06,193598,0,39098286,0
2021-09-07,196038,0,39294324,0
2021-09-08,187856,0,39482180,0
2021-09-09,201415,0,39683595,0
2021-09-10,198047,0,39881642,0
2021-09-11,141289,0,40022931,0
2021-09-12,89588,0,40112519,0
2021-09-13,191097,665,40303616,665
2021-09-14,177205,662,40480821,1327
2021-09-15,163080,658,40643901,1985
2021-09-16,160034,1017,40803935,3002
2021-09-17,150152,1177,40954087,4179
2021-09-18,127985,784,41082072,4963
2021-09-19,81141,513,41163213,5476
2021-09-20,180057,9139,41343270,14615
2021-09-21,166676,8867,41509946,23482
2021-09-22,159125,9465,41669071,32947
2021-09-23,138108,9361,41807179,42308
2021-09-24,140548,9022,41947727,51330
2021-09-25,119565,5678,42067292,57008
2021-09-26,71991,4370,42139283,61378
2021-09-27,135673,10092,42274956,71470
2021-09-28,117520,11438,42392476,82908
2021-09-29,112384,11856,42504860,94764
2021-09-30,110296,14986,42615156,109750
2021-10-01,95004,19145,42710160,128895
2021-10-02,78528,14048,42788688,142943
2021-10-03,47760,7672,42836448,150615
2021-10-04,88392,34491,42924840,185106
2021-10-05,80385,34023,43005225,219129
2021-10-06,72007,34220,43077232,253349
2021-10-07,71881,34382,43149113,287731
2021-10-08,80652,33629,43229765,321360
2021-10-09,76117,22202,43305882,343562
2021-10-10,45794,13632,43351676,357194
2021-10-11,87447,41137,43439123,398331
2021-10-12,84515,46940,43523638,445271
2021-10-13,88227,52174,43611865,497445
2021-10-14,91559,58563,43703424,556008
2021-10-15,93599,55688,43797023,611696
2021-10-16,82977,36834,43880000,648530
2021-10-17,51461,23864,43931461,672394
2021-10-18,90299,59529,44021760,731923
2021-10-19,78352,69424,44100112,801347
2021-10-20,75060,78216,44175172,879563
2021-10-21,78281,81826,44253453,961389
2021-10-22,73764,77092,44327217,1038481
2021-10-23,60838,51977,44388055,1090458
2021-10-24,33369,23483,44421424,1113941
2021-10-25,64893,81673,44486317,1195614
2021-10-26,58371,91846,44544688,1287460
2021-10-27,58317,104045,44603005,1391505
2021-10-28,61443,114165,44664448,1505670
2021-10-29,61621,103201,44726069,1608871
2021-10-30,50672,68160,44776741,1677031
2021-10-31,25158,28315,44801899,1705346
2021-11-01,19050,28159,44820949,1733505
2021-11-02,62737,89447,44883686,1822952
2021-11-03,60714,118707,44944400,1941659
2021-11-04,59238,126709,45003638,2068368
2021-11-05,63091,135234,45066729,2203602
2021-11-06,46495,90945,45113224,2294547
2021-11-07,22248,37908,45135472,2332455
2021-11-08,51523,131301,45186995,2463756
2021-11-09,45403,144238,45232398,2607994
2021-11-10,42593,156382,45274991,2764376
2021-11-11,44931,155179,45319922,2919555
2021-11-12,46300,158713,45366222,3078268
2021-11-13,33273,116683,45399495,3194951
2021-11-14,14490,52462,45413985,3247413
2021-11-15,36907,157449,45450892,3404862
2021-11-16,30568,171415,45481460,3576277
2021-11-17,28469,178470,45509929,3754747
2021-11-18,30297,193770,45540226,3948517
2021-11-19,28826,205889,45569052,4154406
2021-11-20,21015,156461,45590067,4310867
2021-11-21,10613,64870,45600680,4375737
2021-11-22,21961,213164,45622641,4588901
2021-11-23,23608,241804,45646249,4830705
2021-11-24,27769,271103,45674018,5101808
2021-11-25,23269,301953,45697287,5403761
2021-11-26,24599,318314,45721886,5722075
2021-11-27,21421,266175,45743307,5988250
2021-11-28,9911,137072,45753218,6125322
2021-11-29,22371,326081,45775589,6451403
2021-11-30,23121,365862,45798710,6817265
2021-12-01,21563,413547,45820273,7230812
2021-12-02,23801,440445,45844074,7671257
2021-12-03,25283,467547,45869357,8138804
2021-12-04,22392,418813,45891749,8557617
2021-12-05,11945,261369,45903694,8818986
2021-12-06,25850,457637,45929544,9276623
2021-12-07,24171,480309,45953715,9756932
2021-12-08,10033,249724,45963748,10006656
2021-12-09,31629,491970,45995377,10498626
2021-12-10,28111,517939,46023488,11016565
2021-12-11,23595,459288,46047083,11475853
2021-12-12,12328,293536,46059411,11769389
2021-12-13,26186,467663,46085597,12237052
2021-12-14,25207,494246,46110804,12731298
2021-12-15,25384,517190,46136188,13248488
2021-12-16,27938,520309,46164126,13768797
2021-12-17,29406,517229,46193532,14286026
2021-12-18,27117,468788,46220649,14754814
2021-12-19,15173,300547,46235822,15055361
2021-12-20,30684,477513,46266506,15532874
2021-12-21,30425,493451,46296931,16026325
2021-12-22,29495,484760,46326426,16511085
2021-12-23,28292,426972,46354718,16938057
2021-12-24,13126,210847,46367844,17148904
2021-12-25,2104,33053,46369948,17181957
2021-12-26,8784,159077,46378732,17341034
2021-12-27,46851,504702,46425583,17845736
2021-12-28,42514,554269,46468097,18400005
2021-12-29,34410,550685,46502507,18950690
2021-12-30,31904,499871,46534411,19450561
2021-12-31,14152,247410,46548563,19697971
2022-01-01,3503,64815,46552066,19762786
2022-01-02,22842,276729,46574908,20039515
2022-01-03,47968,520037,46622876,20559552
2022-01-04,46497,572107,46669373,21131659
2022-01-05,40864,560430,46710237,21692089
2022-01-06,23545,274489,46733782,21966578
2022-01-07,63817,554228,46797599,22520806
2022-01-08,61005,503426,46858604,23024232
2022-01-09,42980,319709,46901584,23343941
2022-01-10,61186,542331,46962770,23886272
2022-01-11,61881,587041,47024651,24473313
2022-01-12,58576,581316,47083227,25054629
2022-01-13,58732,580436,47141959,25635065
2022-01-14,46957,588625,47188916,26223690
2022-01-15,39607,570001,47228523,26793691
2022-01-16,31334,341899,47259857,27135590
2022-01-17,54863,489699,47314720,27625289
2022-01-18,58483,517059,47373203,28142348
2022-01-19,57283,502826,47430486,28645174
2022-01-20,54434,498866,47484920,29144040
2022-01-21,42196,493905,47527116,29637945
2022-01-22,31316,469624,47558432,30107569
2022-01-23,34986,275391,47593418,30382960
2022-01-24,56234,437255,47649652,30820215
2022-01-25,61608,452135,47711260,31272350
2022-01-26,58605,435851,47769865,31708201
2022-01-27,48903,432419,47818768,32140620
2022-01-28,58769,436569,47877537,32577189
2022-01-29,68199,412521,47945736,32989710
2022-01-30,50415,235992,47996151,33225702
2022-01-31,60728,356954,48056879,33582656
2022-02-01,65625,328472,48122504,33911128
2022-02-02,63255,297002,48185759,34208130
2022-02-03,60098,274542,48245857,34482672
2022-02-04,72417,268474,48318274,34751146
2022-02-05,83822,248561,48402096,34999707
2022-02-06,55309,116208,48457405,35115915
2022-02-07,65192,199948,48522597,35315863
2022-02-08,66959,186133,48589556,35501996
2022-02-09,58778,166356,48648334,35668352
2022-02-10,58604,163256,48706938,35831608
2022-02-11,62279,162481,48769217,35994089
2022-02-12,72018,152157,48841235,36146246
2022-02-13,41488,68859,48882723,36215105
2022-02-14,46712,116195,48929435,36331300
2022-02-15,48573,123482,48978008,36454782
2022-02-16,45701,106131,49023709,36560913
2022-02-17,42877,98127,49066586,36659040
2022-02-18,46639,112590,49113225,36771630
2022-02-19,52549,100341,49165774,36871971
2022-02-20,31416,40367,49197190,36912338
2022-02-21,37902,89658,49235092,37001996
2022-02-22,37227,83786,49272319,37085782
2022-02-23,33404,79408,49305723,37165190
2022-02-24,32562,78169,49338285,37243359
2022-02-25,34775,90714,49373060,37334073
2022-02-26,39163,89139,49412223,37423212
2022-02-27,22548,35858,49434771,37459070
2022-02-28,28491,81699,49463262,37540769
2022-03-01,22733,53943,49485995,37594712
2022-03-02,21935,50714,49507930,37645426
2022-03-03,22641,54946,49530571,37700372
2022-03-04,23245,62801,49553816,37763173
2022-03-05,23806,57953,49577622,37821126
2022-03-06,9473,17201,49587095,37838327
2022-03-07,15927,51391,49603022,37889718
2022-03-08,15481,48797,49618503,37938515
2022-03-09,13815,46518,49632318,37985033
2022-03-10,14061,52128,49646379,38037161
2022-03-11,15593,57274,49661972,38094435
2022-03-12,15513,56620,49677485,38151055
2022-03-13,5545,16852,49683030,38167907
2022-03-14,10529,46703,49693559,38214610
2022-03-15,10555,46895,49704114,38261505
2022-03-16,9486,41979,49713600,38303484
2022-03-17,9726,44877,49723326,38348361
2022-03-18,10164,49059,49733490,38397420
2022-03-19,9152,46540,49742642,38443960
2022-03-20,2608,11704,49745250,38455664
2022-03-21,7587,40231,49752837,38495895
2022-03-22,8448,37768,49761285,38533663
2022-03-23,7221,33701,49768506,38567364
2022-03-24,8261,38821,49776767,38606185
2022-03-25,8144,43673,49784911,38649858
2022-03-26,8129,41722,49793040,38691580
2022-03-27,2432,9683,49795472,38701263
2022-03-28,6112,35244,49801584,38736507
2022-03-29,5783,32532,49807367,38769039
2022-03-30,5567,30204,49812934,38799243
2022-03-31,5906,33186,49818840,38832429
2022-04-01,4351,25189,49823191,38857618
2022-04-02,4497,23275,49827688,38880893
2022-04-03,1049,4500,49828737,38885393
2022-04-04,3662,21547,49832399,38906940
2022-04-05,3758,22938,49836157,38929878
2022-04-06,4105,21853,49840262,38951731
2022-04-07,3970,23321,49844232,38975052
2022-04-08,4696,26716,49848928,39001768
2022-04-09,4381,23889,49853309,39025657
2022-04-10,893,4613,49854202,39030270
2022-04-11,3820,22689,49858022,39052959
2022-04-12,3364,21780,49861386,39074739
2022-04-13,3574,21337,49864960,39096076
2022-04-14,3487,23789,49868447,39119865
2022-04-15,3086,20621,49871533,39140486
2022-04-16,2151,11918,49873684,39152404
2022-04-17,63,348,49873747,39152752
2022-04-18,152,650,49873899,39153402
2022-04-19,3500,21985,49877399,39175387
2022-04-20,3513,20250,49880912,39195637
2022-04-21,2848,19793,49883760,39215430
2022-04-22,2928,20715,49886688,39236145
2022-04-23,2648,16222,49889336,39252367
2022-04-24,509,2334,49889845,39254701
2022-04-25,183,1165,49890028,39255866
2022-04-26,2760,17810,49892788,39273676
2022-04-27,2374,15795,49895162,39289471
2022-04-28,2363,15566,49897525,39305037
2022-04-29,2298,14850,49899823,39319887
2022-04-30,2123,11585,49901946,39331472
2022-05-01,113,531,49902059,39332003
2022-05-02,1451,9393,49903510,39341396
2022-05-03,1577,10326,49905087,39351722
2022-05-04,1747,10276,49906834,39361998
2022-05-05,1654,10297,49908488,39372295
2022-05-06,1702,10972,49910190,39383267
2022-05-07,1432,8573,49911622,39391840
2022-05-08,417,1526,49912039,39393366
2022-05-09,1029,8934,49913068,39402300
2022-05-10,1426,9550,49914494,39411850
2022-05-11,1484,10109,49915978,39421959
2022-05-12,1371,10137,49917349,39432096
2022-05-13,1596,10524,49918945,39442620
2022-05-14,1360,8243,49920305,39450863
2022-05-15,336,1136,49920641,39451999
2022-05-16,814,8408,49921455,39460407
2022-05-17,1244,8707,49922699,39469114
2022-05-18,1373,9256,49924072,39478370
2022-05-19,1501,9287,49925573,39487657
2022-05-20,1426,9535,49926999,39497192
2022-05-21,1302,7901,49928301,39505093
2022-05-22,231,1013,49928532,39506106
2022-05-23,830,8273,49929362,39514379
2022-05-24,1073,8673,49930435,39523052
2022-05-25,1372,9460,49931807,39532512
2022-05-26,1198,9480,49933005,39541992
2022-05-27,1232,9916,49934237,39551908
2022-05-28,1205,7890,49935442,39559798
2022-05-29,288,1265,49935730,39561063
2022-05-30,931,8058,49936661,39569121
2022-05-31,1039,8549,49937700,39577670
2022-06-01,895,7657,49938595,39585327
2022-06-02,35,474,49938630,39585801
2022-06-03,817,7334,49939447,39593135
2022-06-04,870,5162,49940317,39598297
2022-06-05,89,586,49940406,39598883
2022-06-06,679,7004,49941085,39605887
2022-06-07,952,7850,49942037,39613737
2022-06-08,981,7906,49943018,39621643
2022-06-09,1037,8418,49944055,39630061
2022-06-10,958,8563,49945013,39638624
2022-06-11,904,6206,49945917,39644830
2022-06-12,140,768,49946057,39645598
2022-06-13,602,6301,49946659,39651899
2022-06-14,831,7904,49947490,39659803
2022-06-15,960,7856,49948450,39667659
2022-06-16,733,7397,49949183,39675056
2022-06-17,723,7248,49949906,39682304
2022-06-18,778,5596,49950684,39687900
2022-06-19,49,521,49950733,39688421
2022-06-20,587,6699,49951320,39695120
2022-06-21,741,7664,49952061,39702784
2022-06-22,779,7312,49952840,39710096
2022-06-23,648,7472,49953488,39717568
2022-06-24,644,7474,49954132,39725042
2022-06-25,835,6533,49954967,39731575
2022-06-26,128,523,49955095,39732098
2022-06-27,534,7126,49955629,39739224
2022-06-28,747,8207,49956376,39747431
2022-06-29,756,7733,49957132,39755164
2022-06-30,747,8145,49957879,39763309
2022-07-01,577,6443,49958456,39769752
2022-07-02,536,4769,49958992,39774521
2022-07-03,49,456,49959041,39774977
2022-07-04,469,6278,49959510,39781255
2022-07-05,631,8122,49960141,39789377
2022-07-06,634,7611,49960775,39796988
2022-07-07,576,8273,49961351,39805261
2022-07-08,673,8086,49962024,39813347
2022-07-09,550,6105,49962574,39819452
2022-07-10,58,533,49962632,39819985
2022-07-11,491,7641,49963123,39827626
2022-07-12,669,9030,49963792,39836656
2022-07-13,645,10067,49964437,39846723
2022-07-14,637,10224,49965074,39856947
2022-07-15,626,10674,49965700,39867621
2022-07-16,523,7215,49966223,39874836
2022-07-17,48,770,49966271,39875606
2022-07-18,496,9374,49966767,39884980
2022-07-19,575,10683,49967342,39895663
2022-07-20,582,11277,49967924,39906940
2022-07-21,630,12093,49968554,39919033
2022-07-22,584,11262,49969138,39930295
2022-07-23,381,6775,49969519,39937070
2022-07-24,76,857,49969595,39937927
2022-07-25,503,9054,49970098,39946981
2022-07-26,522,9764,49970620,39956745
2022-07-27,554,10210,49971174,39966955
2022-07-28,532,10535,49971706,39977490
2022-07-29,511,9466,49972217,39986956
2022-07-30,383,5883,49972600,39992839
2022-07-31,49,764,49972649,39993603
2022-08-01,386,6865,49973035,40000468
2022-08-02,548,7590,49973583,40008058
2022-08-03,513,7179,49974096,40015237
2022-08-04,455,7492,49974551,40022729
2022-08-05,421,6526,49974972,40029255
2022-08-06,299,3613,49975271,40032868
2022-08-07,44,563,49975315,40033431
2022-08-08,403,4890,49975718,40038321
2022-08-09,381,5313,49976099,40043634
2022-08-10,385,4816,49976484,40048450
2022-08-11,369,4804,49976853,40053254
2022-08-12,294,3720,49977147,40056974
2022-08-13,143,1600,49977290,40058574
2022-08-14,9,129,49977299,40058703
2022-08-15,1,26,49977300,40058729
2022-08-16,283,3043,49977583,40061772
2022-08-17,352,3536,49977935,40065308
2022-08-18,393,4160,49978328,40069468
2022-08-19,341,3319,49978669,40072787
2022-08-20,183,1715,49978852,40074502
2022-08-21,24,149,49978876,40074651
2022-08-22,330,2952,49979206,40077603
2022-08-23,370,3674,49979576,40081277
2022-08-24,384,3360,49979960,40084637
2022-08-25,423,3773,49980383,40088410
2022-08-26,400,3574,49980783,40091984
2022-08-27,237,1769,49981020,40093753
2022-08-28,29,267,49981049,40094020
2022-08-29,354,3161,49981403,40097181
2022-08-30,405,3671,49981808,40100852
2022-08-31,438,3733,49982246,40104585
2022-09-01,353,3116,49982599,40107701
2022-09-02,296,2894,49982895,40110595
2022-09-03,200,1689,49983095,40112284
2022-09-04,24,149,49983119,40112433
2022-09-05,187,2656,49983306,40115089
2022-09-06,306,2983,49983612,40118072
2022-09-07,541,2937,49984153,40121009
2022-09-08,293,2963,49984446,40123972
2022-09-09,306,2886,49984752,40126858
2022-09-10,228,1326,49984980,40128184
2022-09-11,23,124,49985003,40128308
2022-09-12,267,2268,49985270,40130576
2022-09-13,252,2277,49985522,40132853
2022-09-14,266,2566,49985788,40135419
2022-09-15,282,2501,49986070,40137920
2022-09-16,256,2546,49986326,40140466
2022-09-17,239,1339,49986565,40141805
2022-09-18,20,170,49986585,40141975
2022-09-19,206,1971,49986791,40143946
2022-09-20,235,2392,49987026,40146338
2022-09-21,289,2526,49987315,40148864
2022-09-22,267,2663,49987582,40151527
2022-09-23,259,2545,49987841,40154072
2022-09-24,193,1427,49988034,40155499
2022-09-25,29,133,49988063,40155632
2022-09-26,280,2248,49988343,40157880
2022-09-27,287,2683,49988630,40160563
2022-09-28,310,2906,49988940,40163469
2022-09-29,257,3049,49989197,40166518
2022-09-30,292,2989,49989489,40169507
2022-10-01,195,1515,49989684,40171022
2022-10-02,12,187,49989696,40171209
2022-10-03,185,2475,49989881,40173684
2022-10-04,236,2862,49990117,40176546
2022-10-05,229,3252,49990346,40179798
2022-10-06,243,3874,49990589,40183672
2022-10-07,284,4188,49990873,40187860
2022-10-08,204,2270,49991077,40190130
2022-10-09,8,305,49991085,40190435
2022-10-10,211,3356,49991296,40193791
2022-10-11,194,4379,49991490,40198170
2022-10-12,207,4441,49991697,40202611
2022-10-13,204,5304,49991901,40207915
2022-10-14,233,5026,49992134,40212941
2022-10-15,191,2671,49992325,40215612
2022-10-16,6,360,49992331,40215972
2022-10-17,186,3873,49992517,40219845
2022-10-18,256,4967,49992773,40224812
2022-10-19,244,5478,49993017,40230290
2022-10-20,224,5998,49993241,40236288
2022-10-21,250,5477,49993491,40241765
2022-10-22,195,2911,49993686,40244676
2022-10-23,13,364,49993699,40245040
2022-10-24,171,3931,49993870,40248971
2022-10-25,254,4926,49994124,40253897
2022-10-26,347,5503,49994471,40259400
2022-10-27,241,5672,49994712,40265072
2022-10-28,200,5263,49994912,40270335
2022-10-29,128,2844,49995040,40273179
2022-10-30,3,328,49995043,40273507
2022-10-31,117,3042,49995160,40276549
2022-11-01,11,353,49995171,40276902
2022-11-02,145,3723,49995316,40280625
2022-11-03,172,4789,49995488,40285414
2022-11-04,225,4603,49995713,40290017
2022-11-05,144,2598,49995857,40292615
2022-11-06,10,261,49995867,40292876
2022-11-07,169,3225,49996036,40296101
2022-11-08,260,4254,49996296,40300355
2022-11-09,197,4331,49996493,40304686
2022-11-10,183,4597,49996676,40309283
2022-11-11,193,4221,49996869,40313504
2022-11-12,153,2377,49997022,40315881
2022-11-13,7,338,49997029,40316219
2022-11-14,150,2838,49997179,40319057
2022-11-15,202,3748,49997381,40322805
2022-11-16,217,3992,49997598,40326797
2022-11-17,191,4107,49997789,40330904
2022-11-18,247,4034,49998036,40334938
2022-11-19,112,2106,49998148,40337044
2022-11-20,24,317,49998172,40337361
2022-11-21,119,2620,49998291,40339981
2022-11-22,143,3217,49998434,40343198
2022-11-23,191,3625,49998625,40346823
2022-11-24,157,3837,49998782,40350660
2022-11-25,184,3785,49998966,40354445
2022-11-26,133,2093,49999099,40356538
2022-11-27,22,356,49999121,40356894
2022-11-28,182,2683,49999303,40359577
2022-11-29,257,3231,49999560,40362808
2022-11-30,182,3735,49999742,40366543
2022-12-01,150,3625,49999892,40370168
2022-12-02,156,3527,50000048,40373695
2022-12-03,106,1968,50000154,40375663
2022-12-04,5,290,50000159,40375953
2022-12-05,128,2855,50000287,40378808
2022-12-06,176,3654,50000463,40382462
2022-12-07,136,3133,50000599,40385595
2022-12-08,8,169,50000607,40385764
2022-12-09,161,3030,50000768,40388794
2022-12-10,78,1604,50000846,40390398
2022-12-11,7,193,50000853,40390591
2022-12-12,171,2534,50001024,40393125
2022-12-13,253,3047,50001277,40396172
2022-12-14,227,3216,50001504,40399388
2022-12-15,204,3263,50001708,40402651
2022-12-16,162,3174,50001870,40405825
2022-12-17,94,1681,50001964,40407506
2022-12-18,10,270,50001974,40407776
2022-12-19,143,2160,50002117,40409936
2022-12-20,211,2500,50002328,40412436
2022-12-21,156,2223,50002484,40414659
2022-12-22,141,1866,50002625,40416525
2022-12-23,150,1211,50002775,40417736
2022-12-24,32,160,50002807,40417896
2022-12-25,0,6,50002807,40417902
2022-12-26,6,41,50002813,40417943
2022-12-27,131,1552,50002944,40419495
2022-12-28,132,1763,50003076,40421258
2022-12-29,92,1688,50003168,40422946
2022-12-30,115,1594,50003283,40424540
2022-12-31,21,272,50003304,40424812
2023-01-01,0,6,50003304,40424818
2023-01-02,55,1092,50003359,40425910
2023-01-03,61,1013,50003420,40426923