data_somministrazione,vaccinazioni,booster,cum_vaccinazioni,cum_booster
2020-12-27,16,0,16,0
2020-12-28,2,0,18,0
2020-12-29,1,0,19,0
2020-12-30,3,0,22,0
2020-12-31,34,0,56,0
2021-01-01,12,0,68,0
2021-01-02,55,0,123,0
2021-01-03,46,0,169,0
2021-01-04,124,0,293,0
2021-01-05,165,0,458,0
2021-01-06,135,0,593,0
2021-01-07,203,0,796,0
2021-01-08,247,0,1043,0
2021-01-09,175,0,1218,0
2021-01-10,110,0,1328,0
2021-01-11,200,0,1528,0
2021-01-12,208,0,1736,0
2021-01-13,314,0,2050,0
2021-01-14,415,0,2465,0
2021-01-15,255,0,2720,0
2021-01-16,169,0,2889,0
2021-01-17,3050,0,5939,0
2021-01-18,5186,0,11125,0
2021-01-19,1877,0,13002,0
2021-01-20,4648,0,17650,0
2021-01-21,20006,0,37656,0
2021-01-22,14198,0,51854,0
2021-01-23,33358,0,85212,0
2021-01-24,30794,0,116006,0
2021-01-25,64779,0,180785,0
2021-01-26,76552,0,257337,0
2021-01-27,64882,0,322219,0
2021-01-28,89345,0,411564,0
2021-01-29,94076,0,505640,0
2021-01-30,86619,0,592259,0
2021-01-31,57355,0,649614,0
2021-02-01,81910,0,731524,0
2021-02-02,82173,0,813697,0
2021-02-03,91218,0,904915,0
2021-02-04,95388,0,1000303,0
2021-02-05,90294,0,1090597,0
2021-02-06,63734,0,1154331,0
2021-02-07,32920,0,1187251,0
2021-02-08,40417,0,1227668,0
2021-02-09,32846,0,1260514,0
2021-02-10,28387,0,1288901,0
2021-02-11,20356,0,1309257,0
2021-02-12,16181,0,1325438,0
2021-02-13,7217,0,1332655,0
2021-02-14,2856,0,1335511,0
2021-02-15,6823,0,1342334,0
2021-02-16,6974,0,1349308,0
2021-02-17,10497,0,1359805,0
2021-02-18,9218,0,1369023,0
2021-02-19,8172,0,1377195,0
2021-02-20,5476,0,1382671,0
2021-02-21,2948,0,1385619,0
2021-02-22,6840,0,1392459,0
2021-02-23,7108,0,1399567,0
2021-02-24,9792,0,1409359,0
2021-02-25,14172,0,1423531,0
2021-02-26,17493,0,1441024,0
2021-02-27,13857,0,1454881,0
2021-02-28,9345,0,1464226,0
2021-03-01,26446,0,1490672,0
2021-03-02,33173,0,1523845,0
2021-03-03,44601,0,1568446,0
2021-03-04,50212,0,1618658,0
2021-03-05,55627,0,1674285,0
2021-03-06,41842,0,1716127,0
2021-03-07,22292,0,1738419,0
2021-03-08,50530,0,1788949,0
2021-03-09,52912,0,1841861,0
2021-03-10,58530,0,1900391,0
2021-03-11,63749,0,1964140,0
2021-03-12,65013,0,2029153,0
2021-03-13,51651,0,2080804,0
2021-03-14,35345,0,2116149,0
2021-03-15,73366,0,2189515,0
2021-03-16,73987,0,2263502,0
2021-03-17,83001,0,2346503,0
2021-03-18,81588,0,2428091,0
2021-03-19,81023,0,2509114,0
2021-03-20,64642,0,2573756,0
2021-03-21,47247,0,2621003,0
2021-03-22,69404,0,2690407,0
2021-03-23,75694,0,2766101,0
2021-03-24,90780,0,2856881,0
2021-03-25,89706,0,2946587,0
2021-03-26,83491,0,3030078,0
2021-03-27,71820,0,3101898,0
2021-03-28,44036,0,3145934,0
2021-03-29,70696,0,3216630,0
2021-03-30,81245,0,3297875,0
2021-03-31,96088,0,3393963,0
2021-04-01,95198,0,3489161,0
2021-04-02,83982,0,3573143,0
2021-04-03,64248,0,3637391,0
2021-04-04,21689,0,3659080,0
2021-04-05,40259,0,3699339,0
2021-04-06,81223,0,3780562,0
2021-04-07,95719,0,3876281,0
2021-04-08,95150,0,3971431,0
2021-04-09,88387,0,4059818,0
2021-04-10,73945,0,4133763,0
2021-04-11,44702,0,4178465,0
2021-04-12,66837,0,4245302,0
2021-04-13,72497,0,4317799,0
2021-04-14,85421,0,4403220,0
2021-04-15,105298,0,4508518,0
2021-04-16,106307,0,4614825,0
2021-04-17,90399,0,4705224,0
2021-04-18,58529,0,4763753,0
2021-04-19,93382,0,4857135,0
2021-04-20,103688,0,4960823,0
2021-04-21,125269,0,5086092,0
2021-04-22,143419,0,5229511,0
2021-04-23,138616,0,5368127,0
2021-04-24,124349,0,5492476,0
2021-04-25,61388,0,5553864,0
2021-04-26,97796,0,5651660,0
2021-04-27,128268,0,5779928,0
2021-04-28,156240,0,5936168,0
2021-04-29,195418,0,6131586,0
2021-04-30,214417,0,6346003,0
2021-05-01,174001,0,6520004,0
2021-05-02,135731,0,6655735,0
2021-05-03,141895,0,6797630,0
2021-05-04,158587,0,6956217,0
2021-05-05,170350,0,7126567,0
2021-05-06,197682,0,7324249,0
2021-05-07,213666,0,7537915,0
2021-05-08,213284,0,7751199,0
2021-05-09,143081,0,7894280,0
2021-05-10,164987,0,8059267,0
2021-05-11,174811,0,8234078,0
2021-05-12,178975,0,8413053,0
2021-05-13,203168,0,8616221,0
2021-05-14,222741,0,8838962,0
2021-05-15,210165,0,9049127,0
2021-05-16,159152,0,9208279,0
2021-05-17,219075,0,9427354,0
2021-05-18,212878,0,9640232,0
2021-05-19,206923,0,9847155,0
2021-05-20,270671,0,10117826,0
2021-05-21,270690,0,10388516,0
2021-05-22,245400,0,10633916,0
2021-05-23,197112,0,10831028,0
2021-05-24,228216,0,11059244,0
2021-05-25,245607,0,11304851,0
2021-05-26,277369,0,11582220,0
2021-05-27,310955,0,11893175,0
2021-05-28,299431,0,12192606,0
2021-05-29,231067,0,12423673,0
2021-05-30,170748,0,12594421,0
2021-05-31,216304,0,12810725,0
2021-06-01,207538,0,13018263,0
2021-06-02,115664,0,13133927,0
2021-06-03,179894,0,13313821,0
2021-06-04,184618,0,13498439,0
2021-06-05,185737,0,13684176,0
2021-06-06,139304,0,13823480,0
2021-06-07,161620,0,13985100,0
2021-06-08,170870,0,14155970,0
2021-06-09,171187,0,14327157,0
2021-06-10,173747,0,14500904,0
2021-06-11,169647,0,14670551,0
2021-06-12,128055,0,14798606,0
2021-06-13,91008,0,14889614,0
2021-06-14,214477,0,15104091,0
2021-06-15,228231,0,15332322,0
2021-06-16,252959,0,15585281,0
2021-06-17,301589,0,15886870,0
2021-06-18,306131,0,16193001,0
2021-06-19,275021,0,16468022,0
2021-06-20,220647,0,16688669,0
2021-06-21,287990,0,16976659,0
2021-06-22,296106,0,17272765,0
2021-06-23,302686,0,17575451,0
2021-06-24,332521,0,17907972,0
2021-06-25,348667,0,18256639,0
2021-06-26,300065,0,18556704,0
2021-06-27,228661,0,18785365,0
2021-06-28,306945,0,19092310,0
2021-06-29,329215,0,19421525,0
2021-06-30,342130,0,19763655,0
2021-07-01,363067,0,20126722,0
2021-07-02,368469,0,20495191,0
2021-07-03,371133,0,20866324,0
2021-07-04,283180,0,21149504,0
2021-07-05,384514,0,21534018,0
2021-07-06,385434,0,21919452,0
2021-07-07,412096,0,22331548,0
2021-07-08,479889,0,22811437,0
2021-07-09,498637,0,23310074,0
2021-07-10,475334,0,23785408,0
2021-07-11,357851,0,24143259,0
2021-07-12,486070,0,24629329,0
2021-07-13,492368,0,25121697,0
2021-07-14,480650,0,25602347,0
2021-07-15,523652,0,26125999,0
2021-07-16,509916,0,26635915,0
2021-07-17,464628,0,27100543,0
2021-07-18,364860,0,27465403,0
2021-07-19,463291,0,27928694,0
2021-07-20,458212,0,28386906,0
2021-07-21,462910,0,28849816,0
2021-07-22,475442,0,29325258,0
2021-07-23,441366,0,29766624,0
2021-07-24,386183,0,30152807,0
2021-07-25,287617,0,30440424,0
2021-07-26,430956,0,30871380,0
2021-07-27,440168,0,31311548,0
2021-07-28,391050,0,31702598,0
2021-07-29,372102,0,32074700,0
2021-07-30,341432,0,32416132,0
2021-07-31,286974,0,32703106,0
2021-08-01,190854,0,32893960,0
2021-08-02,333708,0,33227668,0
2021-08-03,323145,0,33550813,0
2021-08-04,310944,0,33861757,0
2021-08-05,292551,0,34154308,0
2021-08-06,259971,0,34414279,0
2021-08-07,198940,0,34613219,0
2021-08-08,153079,0,34766298,0
2021-08-09,234128,0,35000426,0
2021-08-10,205148,0,35205574,0
2021-08-11,193601,0,35399175,0
2021-08-12,167786,0,35566961,0
2021-08-13,148391,0,35715352,0
2021-08-14,66003,0,35781355,0
2021-08-15,26305,0,35807660,0
2021-08-16,114537,0,35922197,0
2021-08-17,129115,0,36051312,0
2021-08-18,128570,0,36179882,0
2021-08-19,124647,0,36304529,0
2021-08-20,123670,0,36428199,0
2021-08-21,83053,0,36511252,0
2021-08-22,68116,0,36579368,0
2021-08-23,176730,0,36756098,0
2021-08-24,156933,0,36913031,0
2021-08-25,177054,0,37090085,0
2021-08-26,172256,0,37262341,0
2021-08-27,185785,0,37448126,0
2021-08-28,140120,0,37588246,0
2021-08-29,98987,0,37687233,0
2021-08-30,209481,0,37896714,0
2021-08-31,194462,0,38091176,0
2021-09-01,192064,0,38283240,0
2021-09-02,189751,0,38472991,0
2021-09-03,191210,0,38664201,0
2021-09-04,131409,0,38795610,0
2021-09-05,87813,0,38883423,0
2021-09-06,193590,0,39077013,0
2021-09-07,195895,0,39272908,0
2021-09-08,187819,0,39460727,0
2021-09-09,201371,0,39662098,0
2021-09-10,197973,0,39860071,0
2021-09-11,141199,0,40001270,0
2021-09-12,89529,0,40090799,0
2021-09-13,191106,347,40281905,347
2021-09-14,177173,425,40459078,772
2021-09-15,162988,456,40622066,1228
2021-09-16,159961,787,40782027,2015
2021-09-17,149979,1006,40932006,3021
2021-09-18,127775,656,41059781,3677
2021-09-19,81042,442,41140823,4119
2021-09-20,179824,8957,41320647,13076
2021-09-21,166363,8729,41487010,21805
2021-09-22,158794,9365,41645804,31170
2021-09-23,137758,9242,41783562,40412
2021-09-24,140245,8861,41923807,49273
2021-09-25,119345,5559,42043152,54832
2021-09-26,71793,4295,42114945,59127
2021-09-27,135362,9979,42250307,69106
2021-09-28,117222,11316,42367529,80422
2021-09-29,112035,11760,42479564,92182
2021-09-30,109967,14855,42589531,107037
2021-10-01,94729,19035,42684260,126072
2021-10-02,78248,13988,42762508,140060
2021-10-03,47575,7632,42810083,147692
2021-10-04,88131,34366,42898214,182058
2021-10-05,80180,33907,42978394,215965
2021-10-06,71778,34078,43050172,250043
2021-10-07,71550,34291,43121722,284334
2021-10-08,80400,33500,43202122,317834
2021-10-09,75857,22112,43277979,339946
2021-10-10,45648,13591,43323627,353537
2021-10-11,87171,41008,43410798,394545
2021-10-12,84251,46799,43495049,441344
2021-10-13,87932,52012,43582981,493356
2021-10-14,91212,58394,43674193,551750
2021-10-15,93268,55488,43767461,607238
2021-10-16,82689,36714,43850150,643952
2021-10-17,51287,23785,43901437,667737
2021-10-18,90098,59339,43991535,727076
2021-10-19,78139,69292,44069674,796368
2021-10-20,74853,78049,44144527,874417
2021-10-21,78097,81614,44222624,956031
2021-10-22,73670,76901,44296294,1032932
2021-10-23,60651,51886,44356945,1084818
2021-10-24,33323,23400,44390268,1108218
2021-10-25,64792,81532,44455060,1189750
2021-10-26,58260,91635,44513320,1281385
2021-10-27,58189,103844,44571509,1385229
2021-10-28,61323,113914,44632832,1499143
2021-10-29,61588,102953,44694420,1602096
2021-10-30,50569,68012,44744989,1670108
2021-10-31,25129,28241,44770118,1698349
2021-11-01,19020,28120,44789138,1726469
2021-11-02,62715,89223,44851853,1815692
2021-11-03,60641,118509,44912494,1934201
2021-11-04,59130,126469,44971624,2060670
2021-11-05,62989,134987,45034613,2195657
2021-11-06,46367,90775,45080980,2286432
2021-11-07,22208,37838,45103188,2324270
2021-11-08,51391,131124,45154579,2455394
2021-11-09,45329,143949,45199908,2599343
2021-11-10,42485,156047,45242393,2755390
2021-11-11,44826,154973,45287219,2910363
2021-11-12,46246,158383,45333465,3068746
2021-11-13,33147,116478,45366612,3185224
2021-11-14,14446,52395,45381058,3237619
2021-11-15,36792,157191,45417850,3394810
2021-11-16,30446,171188,45448296,3565998
2021-11-17,28332,178272,45476628,3744270
2021-11-18,30116,193530,45506744,3937800
2021-11-19,28668,205623,45535412,4143423
2021-11-20,20885,156122,45556297,4299545
2021-11-21,10545,64711,45566842,4364256
2021-11-22,21822,212938,45588664,4577194
2021-11-23,23443,241464,45612107,4818658
2021-11-24,27682,270673,45639789,5089331
2021-11-25,23059,301587,45662848,5390918
2021-11-26,24409,317959,45687257,5708877
2021-11-27,21223,265850,45708480,5974727
2021-11-28,9827,136839,45718307,6111566
2021-11-29,22125,325694,45740432,6437260
2021-11-30,22883,365425,45763315,6802685
2021-12-01,21284,413029,45784599,7215714
2021-12-02,23541,440222,45808140,7655936
2021-12-03,24987,467226,45833127,8123162
2021-12-04,22151,418595,45855278,8541757
2021-12-05,11764,261253,45867042,8803010
2021-12-06,25495,457397,45892537,9260407
2021-12-07,23850,480026,45916387,9740433
2021-12-08,9867,249582,45926254,9990015
2021-12-09,31241,491764,45957495,10481779
2021-12-10,27768,517614,45985263,10999393
2021-12-11,23294,459079,46008557,11458472
2021-12-12,12127,293376,46020684,11751848
2021-12-13,25858,467440,46046542,12219288
2021-12-14,24862,493974,46071404,12713262
2021-12-15,25008,516940,46096412,13230202
2021-12-16,27472,520005,46123884,13750207
2021-12-17,28976,516881,46152860,14267088
2021-12-18,26646,468511,46179506,14735599
2021-12-19,14898,300362,46194404,15035961
2021-12-20,30237,477276,46224641,15513237
2021-12-21,30025,493134,46254666,16006371
2021-12-22,29033,484474,46283699,16490845
2021-12-23,27824,426726,46311523,16917571
2021-12-24,12957,210738,46324480,17128309
2021-12-25,2083,33041,46326563,17161350
2021-12-26,8644,159015,46335207,17320365
2021-12-27,46293,504458,46381500,17824823
2021-12-28,41816,553992,46423316,18378815
2021-12-29,33618,550402,46456934,18929217
2021-12-30,31172,499594,46488106,19428811
2021-12-31,13597,247315,46501703,19676126
2022-01-01,3417,64782,46505120,19740908
2022-01-02,22200,276655,46527320,20017563
2022-01-03,46735,520783,46574055,20538346
2022-01-04,45160,572788,46619215,21111134
2022-01-05,39260,561079,46658475,21672213
2022-01-06,22551,274354,46681026,21946567
2022-01-07,61816,554835,46742842,22501402
2022-01-08,58706,503184,46801548,23004586
2022-01-09,41017,319575,46842565,23324161
2022-01-10,59203,542913,46901768,23867074
2022-01-11,59449,587569,46961217,24454643
2022-01-12,55926,581818,47017143,25036461
2022-01-13,56151,580933,47073294,25617394
2022-01-14,44099,588799,47117393,26206193
2022-01-15,35839,568756,47153232,26774949
2022-01-16,28859,341346,47182091,27116295
2022-01-17,52622,490250,47234713,27606545
2022-01-18,56203,518011,47290916,28124556
2022-01-19,54980,503320,47345896,28627876
2022-01-20,52211,499272,47398107,29127148
2022-01-21,39838,494285,47437945,29621433
2022-01-22,28345,469249,47466290,30090682
2022-01-23,33356,275159,47499646,30365841
2022-01-24,54652,437754,47554298,30803595
2022-01-25,60154,452627,47614452,31256222
2022-01-26,57036,436281,47671488,31692503
2022-01-27,47356,432791,47718844,32125294
2022-01-28,57089,437026,47775933,32562320
2022-01-29,66246,411853,47842179,32974173
2022-01-30,49082,235577,47891261,33209750
2022-01-31,59091,357504,47950352,33567254
2022-02-01,64305,328954,48014657,33896208
2022-02-02,62039,297279,48076696,34193487
2022-02-03,59118,274853,48135814,34468340
2022-02-04,71379,268655,48207193,34736995
2022-02-05,82412,248020,48289605,34985015
2022-02-06,54564,116002,48344169,35101017
2022-02-07,64392,200354,48408561,35301371
2022-02-08,66053,186451,48474614,35487822
2022-02-09,57983,166555,48532597,35654377
2022-02-10,57784,163267,48590381,35817644
2022-02-11,61510,162386,48651891,35980030
2022-02-12,71113,151690,48723004,36131720
2022-02-13,41002,68572,48764006,36200292
2022-02-14,46140,116311,48810146,36316603
2022-02-15,47729,123013,48857875,36439616
2022-02-16,44729,105047,48902604,36544663
2022-02-17,18945,47015,48921549,36591678