data_somministrazione,vaccinazioni,booster,cum_vaccinazioni,cum_booster
2020-12-27,19,0,19,0
2020-12-28,2,0,21,0
2020-12-29,1,0,22,0
2020-12-30,6,0,28,0
2020-12-31,59,0,87,0
2021-01-01,22,0,109,0
2021-01-02,98,0,207,0
2021-01-03,73,0,280,0
2021-01-04,190,0,470,0
2021-01-05,230,0,700,0
2021-01-06,184,0,884,0
2021-01-07,277,0,1161,0
2021-01-08,320,0,1481,0
2021-01-09,235,0,1716,0
2021-01-10,142,0,1858,0
2021-01-11,264,0,2122,0
2021-01-12,260,0,2382,0
2021-01-13,382,0,2764,0
2021-01-14,467,0,3231,0
2021-01-15,290,0,3521,0
2021-01-16,202,0,3723,0
2021-01-17,3057,0,6780,0
2021-01-18,5206,0,11986,0
2021-01-19,1889,0,13875,0
2021-01-20,4652,0,18527,0
2021-01-21,20003,0,38530,0
2021-01-22,14201,0,52731,0
2021-01-23,33335,0,86066,0
2021-01-24,30792,0,116858,0
2021-01-25,64740,0,181598,0
2021-01-26,76504,0,258102,0
2021-01-27,64850,0,322952,0
2021-01-28,89302,0,412254,0
2021-01-29,94039,0,506293,0
2021-01-30,86579,0,592872,0
2021-01-31,57342,0,650214,0
2021-02-01,81877,0,732091,0
2021-02-02,82148,0,814239,0
2021-02-03,91197,0,905436,0
2021-02-04,95403,0,1000839,0
2021-02-05,90284,0,1091123,0
2021-02-06,63451,0,1154574,0
2021-02-07,32926,0,1187500,0
2021-02-08,40431,0,1227931,0
2021-02-09,32865,0,1260796,0
2021-02-10,28419,0,1289215,0
2021-02-11,20385,0,1309600,0
2021-02-12,16225,0,1325825,0
2021-02-13,7250,0,1333075,0
2021-02-14,2861,0,1335936,0
2021-02-15,6836,0,1342772,0
2021-02-16,6993,0,1349765,0
2021-02-17,10518,0,1360283,0
2021-02-18,9245,0,1369528,0
2021-02-19,8234,0,1377762,0
2021-02-20,5536,0,1383298,0
2021-02-21,2985,0,1386283,0
2021-02-22,6880,0,1393163,0
2021-02-23,7156,0,1400319,0
2021-02-24,9823,0,1410142,0
2021-02-25,14198,0,1424340,0
2021-02-26,17550,0,1441890,0
2021-02-27,13896,0,1455786,0
2021-02-28,9386,0,1465172,0
2021-03-01,26506,0,1491678,0
2021-03-02,33235,0,1524913,0
2021-03-03,44641,0,1569554,0
2021-03-04,50288,0,1619842,0
2021-03-05,55734,0,1675576,0
2021-03-06,41870,0,1717446,0
2021-03-07,22320,0,1739766,0
2021-03-08,50793,0,1790559,0
2021-03-09,53055,0,1843614,0
2021-03-10,58621,0,1902235,0
2021-03-11,63832,0,1966067,0
2021-03-12,65093,0,2031160,0
2021-03-13,51706,0,2082866,0
2021-03-14,35383,0,2118249,0
2021-03-15,73425,0,2191674,0
2021-03-16,74022,0,2265696,0
2021-03-17,83128,0,2348824,0
2021-03-18,81621,0,2430445,0
2021-03-19,81077,0,2511522,0
2021-03-20,64705,0,2576227,0
2021-03-21,47285,0,2623512,0
2021-03-22,69470,0,2692982,0
2021-03-23,75777,0,2768759,0
2021-03-24,90884,0,2859643,0
2021-03-25,89783,0,2949426,0
2021-03-26,83602,0,3033028,0
2021-03-27,71916,0,3104944,0
2021-03-28,44120,0,3149064,0
2021-03-29,70803,0,3219867,0
2021-03-30,81353,0,3301220,0
2021-03-31,96216,0,3397436,0
2021-04-01,95289,0,3492725,0
2021-04-02,84060,0,3576785,0
2021-04-03,64295,0,3641080,0
2021-04-04,21715,0,3662795,0
2021-04-05,40295,0,3703090,0
2021-04-06,81295,0,3784385,0
2021-04-07,95801,0,3880186,0
2021-04-08,95224,0,3975410,0
2021-04-09,88476,0,4063886,0
2021-04-10,74026,0,4137912,0
2021-04-11,44747,0,4182659,0
2021-04-12,66904,0,4249563,0
2021-04-13,72559,0,4322122,0
2021-04-14,85514,0,4407636,0
2021-04-15,105396,0,4513032,0
2021-04-16,106407,0,4619439,0
2021-04-17,90488,0,4709927,0
2021-04-18,58581,0,4768508,0
2021-04-19,93424,0,4861932,0
2021-04-20,103759,0,4965691,0
2021-04-21,125324,0,5091015,0
2021-04-22,143501,0,5234516,0
2021-04-23,138714,0,5373230,0
2021-04-24,124430,0,5497660,0
2021-04-25,61453,0,5559113,0
2021-04-26,97873,0,5656986,0
2021-04-27,128348,0,5785334,0
2021-04-28,156347,0,5941681,0
2021-04-29,195575,0,6137256,0
2021-04-30,214552,0,6351808,0
2021-05-01,174087,0,6525895,0
2021-05-02,135792,0,6661687,0
2021-05-03,141999,0,6803686,0
2021-05-04,158673,0,6962359,0
2021-05-05,170465,0,7132824,0
2021-05-06,197786,0,7330610,0
2021-05-07,213798,0,7544408,0
2021-05-08,213378,0,7757786,0
2021-05-09,143186,0,7900972,0
2021-05-10,165077,0,8066049,0
2021-05-11,174951,0,8241000,0
2021-05-12,179141,0,8420141,0
2021-05-13,203353,0,8623494,0
2021-05-14,222888,0,8846382,0
2021-05-15,210325,0,9056707,0
2021-05-16,159258,0,9215965,0
2021-05-17,219176,0,9435141,0
2021-05-18,212994,0,9648135,0
2021-05-19,207066,0,9855201,0
2021-05-20,270835,0,10126036,0
2021-05-21,270857,0,10396893,0
2021-05-22,245512,0,10642405,0
2021-05-23,197171,0,10839576,0
2021-05-24,228288,0,11067864,0
2021-05-25,245684,0,11313548,0
2021-05-26,277477,0,11591025,0
2021-05-27,311076,0,11902101,0
2021-05-28,299553,0,12201654,0
2021-05-29,231188,0,12432842,0
2021-05-30,170819,0,12603661,0
2021-05-31,216400,0,12820061,0
2021-06-01,207626,0,13027687,0
2021-06-02,115765,0,13143452,0
2021-06-03,180095,0,13323547,0
2021-06-04,184840,0,13508387,0
2021-06-05,185914,0,13694301,0
2021-06-06,139502,0,13833803,0
2021-06-07,161827,0,13995630,0
2021-06-08,171147,0,14166777,0
2021-06-09,171417,0,14338194,0
2021-06-10,174031,0,14512225,0
2021-06-11,169921,0,14682146,0
2021-06-12,128294,0,14810440,0
2021-06-13,91131,0,14901571,0
2021-06-14,214632,0,15116203,0
2021-06-15,228374,0,15344577,0
2021-06-16,253026,0,15597603,0
2021-06-17,301687,0,15899290,0
2021-06-18,306246,0,16205536,0
2021-06-19,275040,0,16480576,0
2021-06-20,220732,0,16701308,0
2021-06-21,288029,0,16989337,0
2021-06-22,296178,0,17285515,0
2021-06-23,302657,0,17588172,0
2021-06-24,332546,0,17920718,0
2021-06-25,348685,0,18269403,0
2021-06-26,300082,0,18569485,0
2021-06-27,228607,0,18798092,0
2021-06-28,307025,0,19105117,0
2021-06-29,329224,0,19434341,0
2021-06-30,342091,0,19776432,0
2021-07-01,363146,0,20139578,0
2021-07-02,368428,0,20508006,0
2021-07-03,371061,0,20879067,0
2021-07-04,283186,0,21162253,0
2021-07-05,384495,0,21546748,0
2021-07-06,385424,0,21932172,0
2021-07-07,412061,0,22344233,0
2021-07-08,479626,0,22823859,0
2021-07-09,498492,0,23322351,0
2021-07-10,475180,0,23797531,0
2021-07-11,357707,0,24155238,0
2021-07-12,485917,0,24641155,0
2021-07-13,492150,0,25133305,0
2021-07-14,480482,0,25613787,0
2021-07-15,523496,0,26137283,0
2021-07-16,509794,0,26647077,0
2021-07-17,464373,0,27111450,0
2021-07-18,364700,0,27476150,0
2021-07-19,463077,0,27939227,0
2021-07-20,458088,0,28397315,0
2021-07-21,462823,0,28860138,0
2021-07-22,475393,0,29335531,0
2021-07-23,441311,0,29776842,0
2021-07-24,386191,0,30163033,0
2021-07-25,287599,0,30450632,0
2021-07-26,430894,0,30881526,0
2021-07-27,440127,0,31321653,0
2021-07-28,391016,0,31712669,0
2021-07-29,372078,0,32084747,0
2021-07-30,341502,0,32426249,0
2021-07-31,287014,0,32713263,0
2021-08-01,191023,0,32904286,0
2021-08-02,333734,0,33238020,0
2021-08-03,323185,0,33561205,0
2021-08-04,310966,0,33872171,0
2021-08-05,292510,0,34164681,0
2021-08-06,260001,0,34424682,0
2021-08-07,199049,0,34623731,0
2021-08-08,153104,0,34776835,0
2021-08-09,234071,0,35010906,0
2021-08-10,205244,0,35216150,0
2021-08-11,193756,0,35409906,0
2021-08-12,167970,0,35577876,0
2021-08-13,148594,0,35726470,0
2021-08-14,66086,0,35792556,0
2021-08-15,26333,0,35818889,0
2021-08-16,114672,0,35933561,0
2021-08-17,129234,0,36062795,0
2021-08-18,128729,0,36191524,0
2021-08-19,124782,0,36316306,0
2021-08-20,123786,0,36440092,0
2021-08-21,83111,0,36523203,0
2021-08-22,68163,0,36591366,0
2021-08-23,176863,0,36768229,0
2021-08-24,156904,0,36925133,0
2021-08-25,177167,0,37102300,0
2021-08-26,172352,0,37274652,0
2021-08-27,185847,0,37460499,0
2021-08-28,140271,0,37600770,0
2021-08-29,99005,0,37699775,0
2021-08-30,209637,0,37909412,0
2021-08-31,194627,0,38104039,0
2021-09-01,192218,0,38296257,0
2021-09-02,189942,0,38486199,0
2021-09-03,191338,0,38677537,0
2021-09-04,131486,0,38809023,0
2021-09-05,87871,0,38896894,0
2021-09-06,193661,0,39090555,0
2021-09-07,196071,0,39286626,0
2021-09-08,187911,0,39474537,0
2021-09-09,201481,0,39676018,0
2021-09-10,198113,0,39874131,0
2021-09-11,141326,0,40015457,0
2021-09-12,89603,0,40105060,0
2021-09-13,191169,543,40296229,543
2021-09-14,177269,567,40473498,1110
2021-09-15,163132,564,40636630,1674
2021-09-16,160099,912,40796729,2586
2021-09-17,150171,1106,40946900,3692
2021-09-18,127977,729,41074877,4421
2021-09-19,81129,489,41156006,4910
2021-09-20,180073,9064,41336079,13974
2021-09-21,166625,8825,41502704,22799
2021-09-22,159074,9426,41661778,32225
2021-09-23,138078,9316,41799856,41541
2021-09-24,140541,8946,41940397,50487
2021-09-25,119544,5629,42059941,56116
2021-09-26,71948,4338,42131889,60454
2021-09-27,135629,10037,42267518,70491
2021-09-28,117484,11376,42385002,81867
2021-09-29,112327,11821,42497329,93688
2021-09-30,110221,14938,42607550,108626
2021-10-01,94971,19101,42702521,127727
2021-10-02,78470,14010,42780991,141737
2021-10-03,47726,7655,42828717,149392
2021-10-04,88373,34438,42917090,183830
2021-10-05,80360,33967,42997450,217797
2021-10-06,71977,34156,43069427,251953
2021-10-07,71847,34339,43141274,286292
2021-10-08,80623,33585,43221897,319877
2021-10-09,76097,22163,43297994,342040
2021-10-10,45772,13614,43343766,355654
2021-10-11,87408,41096,43431174,396750
2021-10-12,84488,46891,43515662,443641
2021-10-13,88185,52104,43603847,495745
2021-10-14,91520,58500,43695367,554245
2021-10-15,93578,55617,43788945,609862
2021-10-16,82956,36776,43871901,646638
2021-10-17,51459,23823,43923360,670461
2021-10-18,90287,59475,44013647,729936
2021-10-19,78340,69367,44091987,799303
2021-10-20,75074,78157,44167061,877460
2021-10-21,78299,81746,44245360,959206
2021-10-22,73791,77014,44319151,1036220
2021-10-23,60809,51949,44379960,1088169
2021-10-24,33379,23447,44413339,1111616
2021-10-25,64901,81622,44478240,1193238
2021-10-26,58373,91772,44536613,1285010
2021-10-27,58328,103958,44594941,1388968
2021-10-28,61467,114095,44656408,1503063
2021-10-29,61660,103105,44718068,1606168
2021-10-30,50669,68110,44768737,1674278
2021-10-31,25167,28284,44793904,1702562
2021-11-01,19047,28146,44812951,1730708
2021-11-02,62768,89369,44875719,1820077
2021-11-03,60733,118656,44936452,1938733
2021-11-04,59244,126654,44995696,2065387
2021-11-05,63093,135166,45058789,2200553
2021-11-06,46472,90921,45105261,2291474
2021-11-07,22253,37892,45127514,2329366
2021-11-08,51526,131259,45179040,2460625
2021-11-09,45402,144192,45224442,2604817
2021-11-10,42578,156343,45267020,2761160
2021-11-11,44934,155135,45311954,2916295
2021-11-12,46371,158569,45358325,3074864
2021-11-13,33250,116643,45391575,3191507
2021-11-14,14478,52446,45406053,3243953
2021-11-15,36894,157419,45442947,3401372
2021-11-16,30544,171370,45473491,3572742
2021-11-17,28448,178432,45501939,3751174
2021-11-18,30277,193709,45532216,3944883
2021-11-19,28796,205847,45561012,4150730
2021-11-20,20989,156434,45582001,4307164
2021-11-21,10609,64855,45592610,4372019
2021-11-22,21925,213137,45614535,4585156
2021-11-23,23563,241739,45638098,4826895
2021-11-24,27828,270941,45665926,5097836
2021-11-25,23229,301894,45689155,5399730
2021-11-26,24573,318260,45713728,5717990
2021-11-27,21372,266148,45735100,5984138
2021-11-28,9893,137053,45744993,6121191
2021-11-29,22310,326060,45767303,6447251
2021-11-30,23075,365819,45790378,6813070
2021-12-01,21507,413498,45811885,7226568
2021-12-02,23746,440376,45835631,7666944
2021-12-03,25224,467449,45860855,8134393
2021-12-04,22345,418725,45883200,8553118
2021-12-05,11902,261330,45895102,8814448
2021-12-06,25801,457560,45920903,9272008
2021-12-07,24102,480243,45945005,9752251
2021-12-08,9992,249678,45954997,10001929
2021-12-09,31555,491910,45986552,10493839
2021-12-10,28041,517863,46014593,11011702
2021-12-11,23542,459238,46038135,11470940
2021-12-12,12292,293495,46050427,11764435
2021-12-13,26125,467617,46076552,12232052
2021-12-14,25148,494187,46101700,12726239
2021-12-15,25303,517126,46127003,13243365
2021-12-16,27861,520237,46154864,13763602
2021-12-17,29331,517158,46184195,14280760
2021-12-18,27024,468710,46211219,14749470
2021-12-19,15125,300514,46226344,15049984
2021-12-20,30603,477466,46256947,15527450
2021-12-21,30345,493376,46287292,16020826
2021-12-22,29424,484694,46316716,16505520
2021-12-23,28215,426890,46344931,16932410
2021-12-24,13103,210819,46358034,17143229
2021-12-25,2101,33052,46360135,17176281
2021-12-26,8749,159065,46368884,17335346
2021-12-27,46745,504648,46415629,17839994
2021-12-28,42415,554196,46458044,18394190
2021-12-29,34295,550625,46492339,18944815
2021-12-30,31788,499818,46524127,19444633
2021-12-31,14093,247394,46538220,19692027
2022-01-01,3493,64812,46541713,19756839
2022-01-02,22729,276716,46564442,20033555
2022-01-03,47774,520007,46612216,20553562
2022-01-04,46277,572069,46658493,21125631
2022-01-05,40663,560377,46699156,21686008
2022-01-06,23435,274480,46722591,21960488
2022-01-07,63604,554175,46786195,22514663
2022-01-08,60755,503376,46846950,23018039
2022-01-09,42755,319683,46889705,23337722
2022-01-10,60986,542271,46950691,23879993
2022-01-11,61613,586980,47012304,24466973
2022-01-12,58351,581269,47070655,25048242
2022-01-13,58502,580370,47129157,25628612
2022-01-14,46679,588559,47175836,26217171
2022-01-15,39236,569934,47215072,26787105
2022-01-16,31105,341848,47246177,27128953
2022-01-17,54702,489643,47300879,27618596
2022-01-18,58302,517008,47359181,28135604
2022-01-19,57120,502780,47416301,28638384
2022-01-20,54256,498810,47470557,29137194
2022-01-21,41973,493865,47512530,29631059
2022-01-22,31077,469590,47543607,30100649
2022-01-23,34867,275365,47578474,30376014
2022-01-24,56122,437206,47634596,30813220
2022-01-25,61488,452086,47696084,31265306
2022-01-26,58479,435814,47754563,31701120
2022-01-27,48774,432353,47803337,32133473
2022-01-28,58613,436526,47861950,32569999
2022-01-29,68040,412477,47929990,32982476
2022-01-30,50329,235966,47980319,33218442
2022-01-31,60556,356920,48040875,33575362
2022-02-01,65478,328430,48106353,33903792
2022-02-02,63123,296960,48169476,34200752
2022-02-03,59997,274512,48229473,34475264
2022-02-04,72315,268441,48301788,34743705
2022-02-05,83702,248523,48385490,34992228
2022-02-06,55250,116192,48440740,35108420
2022-02-07,65098,199927,48505838,35308347
2022-02-08,66890,186102,48572728,35494449
2022-02-09,58723,166329,48631451,35660778
2022-02-10,58521,163231,48689972,35824009
2022-02-11,62209,162451,48752181,35986460
2022-02-12,71935,152135,48824116,36138595
2022-02-13,41456,68849,48865572,36207444
2022-02-14,46650,116182,48912222,36323626
2022-02-15,48495,123477,48960717,36447103
2022-02-16,45651,106110,49006368,36553213
2022-02-17,42845,98100,49049213,36651313
2022-02-18,46588,112565,49095801,36763878
2022-02-19,52511,100326,49148312,36864204
2022-02-20,31407,40359,49179719,36904563
2022-02-21,37881,89641,49217600,36994204
2022-02-22,37204,83769,49254804,37077973
2022-02-23,33368,79404,49288172,37157377
2022-02-24,32543,78160,49320715,37235537
2022-02-25,34740,90703,49355455,37326240
2022-02-26,39142,89131,49394597,37415371
2022-02-27,22539,35855,49417136,37451226
2022-02-28,28464,81690,49445600,37532916
2022-03-01,22694,53934,49468294,37586850
2022-03-02,21985,50627,49490279,37637477
2022-03-03,22596,54940,49512875,37692417
2022-03-04,23205,62790,49536080,37755207
2022-03-05,23779,57949,49559859,37813156
2022-03-06,9469,17199,49569328,37830355
2022-03-07,15895,51389,49585223,37881744
2022-03-08,15447,48795,49600670,37930539
2022-03-09,13797,46513,49614467,37977052
2022-03-10,14027,52115,49628494,38029167
2022-03-11,15562,57250,49644056,38086417
2022-03-12,15488,56614,49659544,38143031
2022-03-13,5541,16848,49665085,38159879
2022-03-14,10516,46691,49675601,38206570
2022-03-15,10533,46892,49686134,38253462
2022-03-16,9470,41977,49695604,38295439
2022-03-17,9697,44875,49705301,38340314
2022-03-18,10149,49052,49715450,38389366
2022-03-19,9142,46531,49724592,38435897
2022-03-20,2606,11699,49727198,38447596
2022-03-21,7569,40221,49734767,38487817
2022-03-22,8439,37747,49743206,38525564
2022-03-23,7203,33694,49750409,38559258
2022-03-24,8245,38796,49758654,38598054
2022-03-25,8122,43664,49766776,38641718
2022-03-26,8118,41719,49774894,38683437
2022-03-27,2428,9682,49777322,38693119
2022-03-28,6097,35230,49783419,38728349
2022-03-29,5773,32523,49789192,38760872
2022-03-30,5554,30192,49794746,38791064
2022-03-31,5884,33171,49800630,38824235
2022-04-01,4340,25184,49804970,38849419
2022-04-02,4486,23272,49809456,38872691
2022-04-03,1048,4499,49810504,38877190
2022-04-04,3650,21531,49814154,38898721
2022-04-05,3746,22923,49817900,38921644
2022-04-06,4096,21844,49821996,38943488
2022-04-07,3954,23317,49825950,38966805
2022-04-08,4682,26709,49830632,38993514
2022-04-09,4374,23882,49835006,39017396
2022-04-10,892,4614,49835898,39022010
2022-04-11,3801,22683,49839699,39044693
2022-04-12,3356,21776,49843055,39066469
2022-04-13,3557,21334,49846612,39087803
2022-04-14,3483,23775,49850095,39111578
2022-04-15,3076,20614,49853171,39132192
2022-04-16,2148,11921,49855319,39144113
2022-04-17,63,348,49855382,39144461
2022-04-18,148,650,49855530,39145111
2022-04-19,3484,21978,49859014,39167089
2022-04-20,3495,20249,49862509,39187338
2022-04-21,2838,19781,49865347,39207119
2022-04-22,2914,20695,49868261,39227814
2022-04-23,2636,16205,49870897,39244019
2022-04-24,509,2335,49871406,39246354
2022-04-25,183,1165,49871589,39247519
2022-04-26,2759,17793,49874348,39265312
2022-04-27,2364,15782,49876712,39281094
2022-04-28,2348,15534,49879060,39296628
2022-04-29,2290,14835,49881350,39311463
2022-04-30,2120,11576,49883470,39323039
2022-05-01,113,530,49883583,39323569
2022-05-02,1443,9382,49885026,39332951
2022-05-03,1571,10308,49886597,39343259
2022-05-04,1744,10255,49888341,39353514
2022-05-05,1647,10272,49889988,39363786
2022-05-06,1693,10944,49891681,39374730
2022-05-07,1431,8563,49893112,39383293
2022-05-08,404,1514,49893516,39384807
2022-05-09,1023,8917,49894539,39393724
2022-05-10,1418,9536,49895957,39403260
2022-05-11,1477,10087,49897434,39413347
2022-05-12,1366,10119,49898800,39423466
2022-05-13,1587,10509,49900387,39433975
2022-05-14,1355,8226,49901742,39442201
2022-05-15,336,1129,49902078,39443330
2022-05-16,809,8388,49902887,39451718
2022-05-17,1241,8667,49904128,39460385
2022-05-18,1368,9214,49905496,39469599
2022-05-19,1498,9267,49906994,39478866
2022-05-20,1419,9492,49908413,39488358
2022-05-21,1299,7892,49909712,39496250
2022-05-22,230,1012,49909942,39497262
2022-05-23,825,8260,49910767,39505522
2022-05-24,1070,8665,49911837,39514187
2022-05-25,1365,9444,49913202,39523631
2022-05-26,1192,9452,49914394,39533083
2022-05-27,1223,9909,49915617,39542992
2022-05-28,1202,7873,49916819,39550865
2022-05-29,285,1264,49917104,39552129
2022-05-30,929,8026,49918033,39560155
2022-05-31,1033,8529,49919066,39568684
2022-06-01,891,7644,49919957,39576328
2022-06-02,35,474,49919992,39576802
2022-06-03,813,7327,49920805,39584129
2022-06-04,869,5155,49921674,39589284
2022-06-05,89,586,49921763,39589870
2022-06-06,670,6964,49922433,39596834
2022-06-07,930,7841,49923363,39604675
2022-06-08,981,7897,49924344,39612572
2022-06-09,1034,8399,49925378,39620971
2022-06-10,954,8537,49926332,39629508
2022-06-11,899,6207,49927231,39635715
2022-06-12,140,767,49927371,39636482
2022-06-13,602,6295,49927973,39642777
2022-06-14,824,7880,49928797,39650657
2022-06-15,950,7845,49929747,39658502
2022-06-16,728,7383,49930475,39665885
2022-06-17,718,7238,49931193,39673123
2022-06-18,776,5588,49931969,39678711
2022-06-19,47,522,49932016,39679233
2022-06-20,587,6694,49932603,39685927
2022-06-21,731,7638,49933334,39693565
2022-06-22,780,7303,49934114,39700868
2022-06-23,648,7455,49934762,39708323
2022-06-24,643,7472,49935405,39715795
2022-06-25,835,6531,49936240,39722326
2022-06-26,128,523,49936368,39722849
2022-06-27,532,7117,49936900,39729966
2022-06-28,743,8208,49937643,39738174
2022-06-29,755,7718,49938398,39745892
2022-06-30,742,8131,49939140,39754023
2022-07-01,577,6436,49939717,39760459
2022-07-02,536,4765,49940253,39765224
2022-07-03,49,456,49940302,39765680
2022-07-04,470,6269,49940772,39771949
2022-07-05,622,8107,49941394,39780056
2022-07-06,625,7594,49942019,39787650
2022-07-07,562,8250,49942581,39795900
2022-07-08,670,8075,49943251,39803975
2022-07-09,548,6103,49943799,39810078
2022-07-10,58,533,49943857,39810611
2022-07-11,477,7626,49944334,39818237
2022-07-12,653,8981,49944987,39827218
2022-07-13,629,10065,49945616,39837283
2022-07-14,618,10219,49946234,39847502
2022-07-15,616,10650,49946850,39858152
2022-07-16,512,7207,49947362,39865359
2022-07-17,48,769,49947410,39866128
2022-07-18,495,9340,49947905,39875468
2022-07-19,560,10644,49948465,39886112
2022-07-20,564,11248,49949029,39897360
2022-07-21,620,12016,49949649,39909376
2022-07-22,572,11208,49950221,39920584
2022-07-23,377,6731,49950598,39927315
2022-07-24,75,834,49950673,39928149
2022-07-25,493,9020,49951166,39937169
2022-07-26,517,9713,49951683,39946882
2022-07-27,540,10135,49952223,39957017
2022-07-28,525,10455,49952748,39967472
2022-07-29,506,9391,49953254,39976863
2022-07-30,380,5848,49953634,39982711
2022-07-31,49,746,49953683,39983457
2022-08-01,383,6808,49954066,39990265
2022-08-02,534,7492,49954600,39997757
2022-08-03,495,7097,49955095,40004854
2022-08-04,448,7390,49955543,40012244
2022-08-05,410,6448,49955953,40018692
2022-08-06,297,3576,49956250,40022268
2022-08-07,44,547,49956294,40022815
2022-08-08,392,4846,49956686,40027661
2022-08-09,376,5233,49957062,40032894
2022-08-10,368,4749,49957430,40037643
2022-08-11,359,4725,49957789,40042368
2022-08-12,286,3671,49958075,40046039
2022-08-13,139,1595,49958214,40047634
2022-08-14,9,127,49958223,40047761
2022-08-15,1,24,49958224,40047785
2022-08-16,279,2996,49958503,40050781
2022-08-17,339,3458,49958842,40054239
2022-08-18,373,3988,49959215,40058227
2022-08-19,314,3112,49959529,40061339
2022-08-20,178,1659,49959707,40062998
2022-08-21,21,110,49959728,40063108