data_somministrazione,vaccinazioni,booster,cum_vaccinazioni,cum_booster
2020-12-27,22,0,22,0
2020-12-28,2,0,24,0
2020-12-29,1,0,25,0
2020-12-30,8,0,33,0
2020-12-31,84,0,117,0
2021-01-01,27,0,144,0
2021-01-02,154,0,298,0
2021-01-03,118,0,416,0
2021-01-04,250,0,666,0
2021-01-05,295,0,961,0
2021-01-06,267,0,1228,0
2021-01-07,336,0,1564,0
2021-01-08,392,0,1956,0
2021-01-09,299,0,2255,0
2021-01-10,179,0,2434,0
2021-01-11,316,0,2750,0
2021-01-12,295,0,3045,0
2021-01-13,429,0,3474,0
2021-01-14,509,0,3983,0
2021-01-15,330,0,4313,0
2021-01-16,226,0,4539,0
2021-01-17,3065,0,7604,0
2021-01-18,5223,0,12827,0
2021-01-19,1897,0,14724,0
2021-01-20,4660,0,19384,0
2021-01-21,20002,0,39386,0
2021-01-22,14219,0,53605,0
2021-01-23,33314,0,86919,0
2021-01-24,30771,0,117690,0
2021-01-25,64693,0,182383,0
2021-01-26,76451,0,258834,0
2021-01-27,64802,0,323636,0
2021-01-28,89236,0,412872,0
2021-01-29,93984,0,506856,0
2021-01-30,86533,0,593389,0
2021-01-31,57315,0,650704,0
2021-02-01,81827,0,732531,0
2021-02-02,82126,0,814657,0
2021-02-03,91096,0,905753,0
2021-02-04,95378,0,1001131,0
2021-02-05,90265,0,1091396,0
2021-02-06,63451,0,1154847,0
2021-02-07,32935,0,1187782,0
2021-02-08,40419,0,1228201,0
2021-02-09,32882,0,1261083,0
2021-02-10,28443,0,1289526,0
2021-02-11,20410,0,1309936,0
2021-02-12,16255,0,1326191,0
2021-02-13,7287,0,1333478,0
2021-02-14,2862,0,1336340,0
2021-02-15,6852,0,1343192,0
2021-02-16,7010,0,1350202,0
2021-02-17,10528,0,1360730,0
2021-02-18,9261,0,1369991,0
2021-02-19,8259,0,1378250,0
2021-02-20,5593,0,1383843,0
2021-02-21,3017,0,1386860,0
2021-02-22,6885,0,1393745,0
2021-02-23,7191,0,1400936,0
2021-02-24,9817,0,1410753,0
2021-02-25,14219,0,1424972,0
2021-02-26,17563,0,1442535,0
2021-02-27,13930,0,1456465,0
2021-02-28,9400,0,1465865,0
2021-03-01,26535,0,1492400,0
2021-03-02,33247,0,1525647,0
2021-03-03,44655,0,1570302,0
2021-03-04,50304,0,1620606,0
2021-03-05,55747,0,1676353,0
2021-03-06,41886,0,1718239,0
2021-03-07,22332,0,1740571,0
2021-03-08,50839,0,1791410,0
2021-03-09,53096,0,1844506,0
2021-03-10,58702,0,1903208,0
2021-03-11,63901,0,1967109,0
2021-03-12,65153,0,2032262,0
2021-03-13,51733,0,2083995,0
2021-03-14,35430,0,2119425,0
2021-03-15,73468,0,2192893,0
2021-03-16,74031,0,2266924,0
2021-03-17,83153,0,2350077,0
2021-03-18,81631,0,2431708,0
2021-03-19,81092,0,2512800,0
2021-03-20,64749,0,2577549,0
2021-03-21,47316,0,2624865,0
2021-03-22,69508,0,2694373,0
2021-03-23,75826,0,2770199,0
2021-03-24,90945,0,2861144,0
2021-03-25,89833,0,2950977,0
2021-03-26,83649,0,3034626,0
2021-03-27,71964,0,3106590,0
2021-03-28,44197,0,3150787,0
2021-03-29,70853,0,3221640,0
2021-03-30,81424,0,3303064,0
2021-03-31,96274,0,3399338,0
2021-04-01,95344,0,3494682,0
2021-04-02,84090,0,3578772,0
2021-04-03,64315,0,3643087,0
2021-04-04,21727,0,3664814,0
2021-04-05,40329,0,3705143,0
2021-04-06,81362,0,3786505,0
2021-04-07,95852,0,3882357,0
2021-04-08,95271,0,3977628,0
2021-04-09,88510,0,4066138,0
2021-04-10,74043,0,4140181,0
2021-04-11,44770,0,4184951,0
2021-04-12,66928,0,4251879,0
2021-04-13,72606,0,4324485,0
2021-04-14,85562,0,4410047,0
2021-04-15,105427,0,4515474,0
2021-04-16,106445,0,4621919,0
2021-04-17,90539,0,4712458,0
2021-04-18,58601,0,4771059,0
2021-04-19,93449,0,4864508,0
2021-04-20,103784,0,4968292,0
2021-04-21,125345,0,5093637,0
2021-04-22,143540,0,5237177,0
2021-04-23,138769,0,5375946,0
2021-04-24,124458,0,5500404,0
2021-04-25,61473,0,5561877,0
2021-04-26,97921,0,5659798,0
2021-04-27,128388,0,5788186,0
2021-04-28,156410,0,5944596,0
2021-04-29,195630,0,6140226,0
2021-04-30,214626,0,6354852,0
2021-05-01,174154,0,6529006,0
2021-05-02,135822,0,6664828,0
2021-05-03,142093,0,6806921,0
2021-05-04,158727,0,6965648,0
2021-05-05,170559,0,7136207,0
2021-05-06,197841,0,7334048,0
2021-05-07,211995,0,7546043,0
2021-05-08,213455,0,7759498,0
2021-05-09,143229,0,7902727,0
2021-05-10,165110,0,8067837,0
2021-05-11,175019,0,8242856,0
2021-05-12,179246,0,8422102,0
2021-05-13,203447,0,8625549,0
2021-05-14,222961,0,8848510,0
2021-05-15,210401,0,9058911,0
2021-05-16,159303,0,9218214,0
2021-05-17,218866,0,9437080,0
2021-05-18,213033,0,9650113,0
2021-05-19,207106,0,9857219,0
2021-05-20,270923,0,10128142,0
2021-05-21,270918,0,10399060,0
2021-05-22,245549,0,10644609,0
2021-05-23,197199,0,10841808,0
2021-05-24,228328,0,11070136,0
2021-05-25,245702,0,11315838,0
2021-05-26,277578,0,11593416,0
2021-05-27,311112,0,11904528,0
2021-05-28,299596,0,12204124,0
2021-05-29,231267,0,12435391,0
2021-05-30,170861,0,12606252,0
2021-05-31,216451,0,12822703,0
2021-06-01,207649,0,13030352,0
2021-06-02,115817,0,13146169,0
2021-06-03,180196,0,13326365,0
2021-06-04,184950,0,13511315,0
2021-06-05,186033,0,13697348,0
2021-06-06,139612,0,13836960,0
2021-06-07,161933,0,13998893,0
2021-06-08,171326,0,14170219,0
2021-06-09,171549,0,14341768,0
2021-06-10,174194,0,14515962,0
2021-06-11,170077,0,14686039,0
2021-06-12,128426,0,14814465,0
2021-06-13,91266,0,14905731,0
2021-06-14,214726,0,15120457,0
2021-06-15,228482,0,15348939,0
2021-06-16,253130,0,15602069,0
2021-06-17,301809,0,15903878,0
2021-06-18,306368,0,16210246,0
2021-06-19,275159,0,16485405,0
2021-06-20,220838,0,16706243,0
2021-06-21,288132,0,16994375,0
2021-06-22,296282,0,17290657,0
2021-06-23,302727,0,17593384,0
2021-06-24,332635,0,17926019,0
2021-06-25,348750,0,18274769,0
2021-06-26,300161,0,18574930,0
2021-06-27,228722,0,18803652,0
2021-06-28,307177,0,19110829,0
2021-06-29,329371,0,19440200,0
2021-06-30,342247,0,19782447,0
2021-07-01,363273,0,20145720,0
2021-07-02,368525,0,20514245,0
2021-07-03,371111,0,20885356,0
2021-07-04,283259,0,21168615,0
2021-07-05,384574,0,21553189,0
2021-07-06,385502,0,21938691,0
2021-07-07,412149,0,22350840,0
2021-07-08,479581,0,22830421,0
2021-07-09,498452,0,23328873,0
2021-07-10,475170,0,23804043,0
2021-07-11,357683,0,24161726,0
2021-07-12,485870,0,24647596,0
2021-07-13,492050,0,25139646,0
2021-07-14,480426,0,25620072,0
2021-07-15,523399,0,26143471,0
2021-07-16,509731,0,26653202,0
2021-07-17,464308,0,27117510,0
2021-07-18,364618,0,27482128,0
2021-07-19,463025,0,27945153,0
2021-07-20,458028,0,28403181,0
2021-07-21,462786,0,28865967,0
2021-07-22,475368,0,29341335,0
2021-07-23,441317,0,29782652,0
2021-07-24,386142,0,30168794,0
2021-07-25,287527,0,30456321,0
2021-07-26,430879,0,30887200,0
2021-07-27,440101,0,31327301,0
2021-07-28,391006,0,31718307,0
2021-07-29,372067,0,32090374,0
2021-07-30,341531,0,32431905,0
2021-07-31,287050,0,32718955,0
2021-08-01,190994,0,32909949,0
2021-08-02,333707,0,33243656,0
2021-08-03,323185,0,33566841,0
2021-08-04,311006,0,33877847,0
2021-08-05,292476,0,34170323,0
2021-08-06,260046,0,34430369,0
2021-08-07,199077,0,34629446,0
2021-08-08,153110,0,34782556,0
2021-08-09,234081,0,35016637,0
2021-08-10,205296,0,35221933,0
2021-08-11,193803,0,35415736,0
2021-08-12,168083,0,35583819,0
2021-08-13,148687,0,35732506,0
2021-08-14,66109,0,35798615,0
2021-08-15,26346,0,35824961,0
2021-08-16,114725,0,35939686,0
2021-08-17,129265,0,36068951,0
2021-08-18,128767,0,36197718,0
2021-08-19,124868,0,36322586,0
2021-08-20,123801,0,36446387,0
2021-08-21,83139,0,36529526,0
2021-08-22,68182,0,36597708,0
2021-08-23,176860,0,36774568,0
2021-08-24,156890,0,36931458,0
2021-08-25,177167,0,37108625,0
2021-08-26,172343,0,37280968,0
2021-08-27,185827,0,37466795,0
2021-08-28,140292,0,37607087,0
2021-08-29,98998,0,37706085,0
2021-08-30,209580,0,37915665,0
2021-08-31,194635,0,38110300,0
2021-09-01,192216,0,38302516,0
2021-09-02,189931,0,38492447,0
2021-09-03,191268,0,38683715,0
2021-09-04,131426,0,38815141,0
2021-09-05,87839,0,38902980,0
2021-09-06,193588,0,39096568,0
2021-09-07,196030,0,39292598,0
2021-09-08,187845,0,39480443,0
2021-09-09,201412,0,39681855,0
2021-09-10,198036,0,39879891,0
2021-09-11,141283,0,40021174,0
2021-09-12,89587,0,40110761,0
2021-09-13,191084,680,40301845,680
2021-09-14,177198,674,40479043,1354
2021-09-15,163079,666,40642122,2020
2021-09-16,160036,1026,40802158,3046
2021-09-17,150159,1185,40952317,4231
2021-09-18,127986,789,41080303,5020
2021-09-19,81139,516,41161442,5536
2021-09-20,180060,9149,41341502,14685
2021-09-21,166678,8870,41508180,23555
2021-09-22,159132,9472,41667312,33027
2021-09-23,138120,9366,41805432,42393
2021-09-24,140556,9026,41945988,51419
2021-09-25,119561,5686,42065549,57105
2021-09-26,72000,4371,42137549,61476
2021-09-27,135673,10100,42273222,71576
2021-09-28,117522,11442,42390744,83018
2021-09-29,112389,11859,42503133,94877
2021-09-30,110301,14994,42613434,109871
2021-10-01,95010,19146,42708444,129017
2021-10-02,78533,14049,42786977,143066
2021-10-03,47761,7673,42834738,150739
2021-10-04,88392,34499,42923130,185238
2021-10-05,80393,34026,43003523,219264
2021-10-06,72001,34229,43075524,253493
2021-10-07,71884,34386,43147408,287879
2021-10-08,80648,33635,43228056,321514
2021-10-09,76120,22204,43304176,343718
2021-10-10,45797,13632,43349973,357350
2021-10-11,87458,41140,43437431,398490
2021-10-12,84519,46945,43521950,445435
2021-10-13,88228,52179,43610178,497614
2021-10-14,91560,58567,43701738,556181
2021-10-15,93603,55694,43795341,611875
2021-10-16,82976,36838,43878317,648713
2021-10-17,51461,23866,43929778,672579
2021-10-18,90300,59540,44020078,732119
2021-10-19,78355,69429,44098433,801548
2021-10-20,75060,78226,44173493,879774
2021-10-21,78285,81833,44251778,961607
2021-10-22,73768,77095,44325546,1038702
2021-10-23,60840,51977,44386386,1090679
2021-10-24,33365,23487,44419751,1114166
2021-10-25,64903,81678,44484654,1195844
2021-10-26,58369,91854,44543023,1287698
2021-10-27,58316,104047,44601339,1391745
2021-10-28,61442,114178,44662781,1505923
2021-10-29,61620,103209,44724401,1609132
2021-10-30,50670,68165,44775071,1677297
2021-10-31,25157,28315,44800228,1705612
2021-11-01,19050,28161,44819278,1733773
2021-11-02,62738,89454,44882016,1823227
2021-11-03,60712,118721,44942728,1941948
2021-11-04,59237,126719,45001965,2068667
2021-11-05,63092,135240,45065057,2203907
2021-11-06,46494,90948,45111551,2294855
2021-11-07,22248,37908,45133799,2332763
2021-11-08,51522,131310,45185321,2464073
2021-11-09,45407,144240,45230728,2608313
2021-11-10,42594,156388,45273322,2764701
2021-11-11,44927,155191,45318249,2919892
2021-11-12,46304,158725,45364553,3078617
2021-11-13,33270,116685,45397823,3195302
2021-11-14,14490,52463,45412313,3247765
2021-11-15,36908,157459,45449221,3405224
2021-11-16,30566,171427,45479787,3576651
2021-11-17,28468,178472,45508255,3755123
2021-11-18,30297,193781,45538552,3948904
2021-11-19,28826,205900,45567378,4154804
2021-11-20,21013,156463,45588391,4311267
2021-11-21,10610,64873,45599001,4376140
2021-11-22,21962,213170,45620963,4589310
2021-11-23,23611,241806,45644574,4831116
2021-11-24,27772,271108,45672346,5102224
2021-11-25,23243,300963,45695589,5403187
2021-11-26,24602,318316,45720191,5721503
2021-11-27,21417,266181,45741608,5987684
2021-11-28,9911,137073,45751519,6124757
2021-11-29,22370,326081,45773889,6450838
2021-11-30,23123,365865,45797012,6816703
2021-12-01,21566,413547,45818578,7230250
2021-12-02,23800,440445,45842378,7670695
2021-12-03,25287,467549,45867665,8138244
2021-12-04,22397,418816,45890062,8557060
2021-12-05,11945,261372,45902007,8818432
2021-12-06,25855,457639,45927862,9276071
2021-12-07,24175,480314,45952037,9756385
2021-12-08,10033,249727,45962070,10006112
2021-12-09,31636,491972,45993706,10498084
2021-12-10,28113,517941,46021819,11016025
2021-12-11,23596,459290,46045415,11475315
2021-12-12,12327,293539,46057742,11768854
2021-12-13,26189,467666,46083931,12236520
2021-12-14,25214,494248,46109145,12730768
2021-12-15,25387,517190,46134532,13247958
2021-12-16,27944,520315,46162476,13768273
2021-12-17,29403,517233,46191879,14285506
2021-12-18,27120,468788,46218999,14754294
2021-12-19,15178,300549,46234177,15054843
2021-12-20,30688,477512,46264865,15532355
2021-12-21,30426,493454,46295291,16025809
2021-12-22,29500,484761,46324791,16510570
2021-12-23,28292,426976,46353083,16937546
2021-12-24,13129,210846,46366212,17148392
2021-12-25,2104,33053,46368316,17181445
2021-12-26,8785,159080,46377101,17340525
2021-12-27,46853,504707,46423954,17845232
2021-12-28,42514,554275,46466468,18399507
2021-12-29,34405,550694,46500873,18950201
2021-12-30,31905,499878,46532778,19450079
2021-12-31,14154,247410,46546932,19697489
2022-01-01,3503,64816,46550435,19762305
2022-01-02,22845,276728,46573280,20039033
2022-01-03,47963,520049,46621243,20559082
2022-01-04,46498,572110,46667741,21131192
2022-01-05,40871,560433,46708612,21691625
2022-01-06,23549,274490,46732161,21966115
2022-01-07,63821,554233,46795982,22520348
2022-01-08,61018,503429,46857000,23023777
2022-01-09,42991,319710,46899991,23343487
2022-01-10,61195,542334,46961186,23885821
2022-01-11,61885,587043,47023071,24472864
2022-01-12,58578,581321,47081649,25054185
2022-01-13,58737,580440,47140386,25634625
2022-01-14,46970,588630,47187356,26223255
2022-01-15,39626,570003,47226982,26793258
2022-01-16,31338,341902,47258320,27135160
2022-01-17,54872,489700,47313192,27624860
2022-01-18,58486,517061,47371678,28141921
2022-01-19,57286,502828,47428964,28644749
2022-01-20,54303,498445,47483267,29143194
2022-01-21,42198,493908,47525465,29637102
2022-01-22,31301,469090,47556766,30106192
2022-01-23,34997,275394,47591763,30381586
2022-01-24,56239,437259,47648002,30818845
2022-01-25,61516,451763,47709518,31270608
2022-01-26,58610,435852,47768128,31706460
2022-01-27,48908,432423,47817036,32138883
2022-01-28,58773,436572,47875809,32575455
2022-01-29,68204,412523,47944013,32987978
2022-01-30,50416,235995,47994429,33223973
2022-01-31,60730,356958,48055159,33580931
2022-02-01,65631,328473,48120790,33909404
2022-02-02,63254,297005,48184044,34206409
2022-02-03,60105,274542,48244149,34480951
2022-02-04,72421,268478,48316570,34749429
2022-02-05,83829,248562,48400399,34997991
2022-02-06,55309,116208,48455708,35114199
2022-02-07,65194,199950,48520902,35314149
2022-02-08,66962,186135,48587864,35500284
2022-02-09,58783,166357,48646647,35666641
2022-02-10,58602,163260,48705249,35829901
2022-02-11,62283,162484,48767532,35992385
2022-02-12,72019,152157,48839551,36144542
2022-02-13,41488,68860,48881039,36213402
2022-02-14,46714,116196,48927753,36329598
2022-02-15,48574,123483,48976327,36453081
2022-02-16,45704,106133,49022031,36559214
2022-02-17,42878,98128,49064909,36657342
2022-02-18,46639,112591,49111548,36769933
2022-02-19,52547,100342,49164095,36870275
2022-02-20,31416,40369,49195511,36910644
2022-02-21,37905,89661,49233416,37000305
2022-02-22,37228,83787,49270644,37084092
2022-02-23,33406,79409,49304050,37163501
2022-02-24,32563,78169,49336613,37241670
2022-02-25,34775,90716,49371388,37332386
2022-02-26,39167,89139,49410555,37421525
2022-02-27,22550,35860,49433105,37457385
2022-02-28,28493,81702,49461598,37539087
2022-03-01,22735,53944,49484333,37593031
2022-03-02,21940,50714,49506273,37643745
2022-03-03,22641,54947,49528914,37698692
2022-03-04,23245,62803,49552159,37761495
2022-03-05,23805,57954,49575964,37819449
2022-03-06,9473,17203,49585437,37836652
2022-03-07,15927,51392,49601364,37888044
2022-03-08,15482,48799,49616846,37936843
2022-03-09,13815,46518,49630661,37983361
2022-03-10,14055,52056,49644716,38035417
2022-03-11,15594,57277,49660310,38092694
2022-03-12,15513,56621,49675823,38149315
2022-03-13,5546,16852,49681369,38166167
2022-03-14,10528,46703,49691897,38212870
2022-03-15,10555,46895,49702452,38259765
2022-03-16,9487,41979,49711939,38301744
2022-03-17,9727,44878,49721666,38346622
2022-03-18,10164,49059,49731830,38395681
2022-03-19,9153,46541,49740983,38442222
2022-03-20,2608,11704,49743591,38453926
2022-03-21,7588,40233,49751179,38494159
2022-03-22,8448,37769,49759627,38531928
2022-03-23,7221,33701,49766848,38565629
2022-03-24,8262,38821,49775110,38604450
2022-03-25,8144,43674,49783254,38648124
2022-03-26,8128,41724,49791382,38689848
2022-03-27,2432,9683,49793814,38699531
2022-03-28,6113,35245,49799927,38734776
2022-03-29,5783,32533,49805710,38767309
2022-03-30,5567,30206,49811277,38797515
2022-03-31,5906,33188,49817183,38830703
2022-04-01,4351,25190,49821534,38855893
2022-04-02,4497,23275,49826031,38879168
2022-04-03,1049,4500,49827080,38883668
2022-04-04,3663,21546,49830743,38905214
2022-04-05,3759,22938,49834502,38928152
2022-04-06,4106,21852,49838608,38950004
2022-04-07,3971,23321,49842579,38973325
2022-04-08,4696,26716,49847275,39000041
2022-04-09,4382,23888,49851657,39023929
2022-04-10,893,4613,49852550,39028542
2022-04-11,3819,22691,49856369,39051233
2022-04-12,3364,21781,49859733,39073014
2022-04-13,3574,21337,49863307,39094351
2022-04-14,3487,23789,49866794,39118140
2022-04-15,3085,20623,49869879,39138763
2022-04-16,2153,11918,49872032,39150681
2022-04-17,63,348,49872095,39151029
2022-04-18,152,650,49872247,39151679
2022-04-19,3500,21988,49875747,39173667
2022-04-20,3513,20250,49879260,39193917
2022-04-21,2848,19793,49882108,39213710
2022-04-22,2928,20716,49885036,39234426
2022-04-23,2648,16222,49887684,39250648
2022-04-24,509,2335,49888193,39252983
2022-04-25,183,1165,49888376,39254148
2022-04-26,2761,17813,49891137,39271961
2022-04-27,2375,15795,49893512,39287756
2022-04-28,2363,15567,49895875,39303323
2022-04-29,2299,14850,49898174,39318173
2022-04-30,2123,11585,49900297,39329758
2022-05-01,113,531,49900410,39330289
2022-05-02,1451,9394,49901861,39339683
2022-05-03,1577,10326,49903438,39350009
2022-05-04,1747,10276,49905185,39360285
2022-05-05,1654,10301,49906839,39370586
2022-05-06,1703,10972,49908542,39381558
2022-05-07,1431,8575,49909973,39390133
2022-05-08,417,1526,49910390,39391659
2022-05-09,1028,8935,49911418,39400594
2022-05-10,1427,9554,49912845,39410148
2022-05-11,1486,10109,49914331,39420257
2022-05-12,1372,10137,49915703,39430394
2022-05-13,1596,10526,49917299,39440920
2022-05-14,1361,8248,49918660,39449168
2022-05-15,336,1138,49918996,39450306
2022-05-16,814,8409,49919810,39458715
2022-05-17,1244,8708,49921054,39467423
2022-05-18,1373,9256,49922427,39476679
2022-05-19,1501,9287,49923928,39485966
2022-05-20,1426,9535,49925354,39495501
2022-05-21,1302,7902,49926656,39503403
2022-05-22,231,1013,49926887,39504416
2022-05-23,830,8274,49927717,39512690
2022-05-24,1073,8674,49928790,39521364
2022-05-25,1372,9460,49930162,39530824
2022-05-26,1198,9480,49931360,39540304
2022-05-27,1233,9917,49932593,39550221
2022-05-28,1205,7890,49933798,39558111
2022-05-29,288,1265,49934086,39559376
2022-05-30,931,8060,49935017,39567436
2022-05-31,1039,8549,49936056,39575985
2022-06-01,896,7657,49936952,39583642
2022-06-02,35,474,49936987,39584116
2022-06-03,818,7334,49937805,39591450
2022-06-04,870,5162,49938675,39596612
2022-06-05,88,586,49938763,39597198
2022-06-06,679,7004,49939442,39604202
2022-06-07,952,7851,49940394,39612053
2022-06-08,981,7906,49941375,39619959
2022-06-09,1037,8418,49942412,39628377
2022-06-10,958,8563,49943370,39636940
2022-06-11,903,6207,49944273,39643147
2022-06-12,140,768,49944413,39643915
2022-06-13,602,6302,49945015,39650217
2022-06-14,832,7905,49945847,39658122
2022-06-15,960,7856,49946807,39665978
2022-06-16,733,7399,49947540,39673377
2022-06-17,723,7248,49948263,39680625
2022-06-18,778,5596,49949041,39686221
2022-06-19,49,521,49949090,39686742
2022-06-20,587,6699,49949677,39693441
2022-06-21,741,7664,49950418,39701105
2022-06-22,779,7313,49951197,39708418
2022-06-23,649,7472,49951846,39715890
2022-06-24,644,7475,49952490,39723365
2022-06-25,835,6533,49953325,39729898
2022-06-26,128,523,49953453,39730421
2022-06-27,534,7126,49953987,39737547
2022-06-28,748,8208,49954735,39745755
2022-06-29,756,7733,49955491,39753488
2022-06-30,747,8145,49956238,39761633
2022-07-01,577,6443,49956815,39768076
2022-07-02,536,4769,49957351,39772845
2022-07-03,49,456,49957400,39773301
2022-07-04,469,6278,49957869,39779579
2022-07-05,631,8122,49958500,39787701
2022-07-06,634,7611,49959134,39795312
2022-07-07,576,8274,49959710,39803586
2022-07-08,677,8086,49960387,39811672
2022-07-09,550,6105,49960937,39817777
2022-07-10,58,533,49960995,39818310
2022-07-11,493,7642,49961488,39825952
2022-07-12,669,9030,49962157,39834982
2022-07-13,645,10066,49962802,39845048
2022-07-14,637,10225,49963439,39855273
2022-07-15,627,10674,49964066,39865947
2022-07-16,523,7215,49964589,39873162
2022-07-17,48,770,49964637,39873932
2022-07-18,496,9377,49965133,39883309
2022-07-19,576,10684,49965709,39893993
2022-07-20,582,11277,49966291,39905270
2022-07-21,632,12093,49966923,39917363
2022-07-22,584,11261,49967507,39928624
2022-07-23,381,6775,49967888,39935399
2022-07-24,76,857,49967964,39936256
2022-07-25,504,9056,49968468,39945312
2022-07-26,522,9768,49968990,39955080
2022-07-27,554,10212,49969544,39965292
2022-07-28,533,10534,49970077,39975826
2022-07-29,510,9467,49970587,39985293
2022-07-30,383,5884,49970970,39991177
2022-07-31,49,764,49971019,39991941
2022-08-01,386,6865,49971405,39998806
2022-08-02,548,7590,49971953,40006396
2022-08-03,513,7182,49972466,40013578
2022-08-04,455,7493,49972921,40021071
2022-08-05,421,6529,49973342,40027600
2022-08-06,300,3613,49973642,40031213
2022-08-07,44,563,49973686,40031776
2022-08-08,403,4890,49974089,40036666
2022-08-09,381,5313,49974470,40041979
2022-08-10,385,4816,49974855,40046795
2022-08-11,369,4804,49975224,40051599
2022-08-12,295,3719,49975519,40055318
2022-08-13,143,1600,49975662,40056918
2022-08-14,9,129,49975671,40057047
2022-08-15,1,26,49975672,40057073
2022-08-16,283,3043,49975955,40060116
2022-08-17,352,3533,49976307,40063649
2022-08-18,394,4160,49976701,40067809
2022-08-19,341,3321,49977042,40071130
2022-08-20,184,1715,49977226,40072845
2022-08-21,24,149,49977250,40072994
2022-08-22,331,2952,49977581,40075946
2022-08-23,370,3674,49977951,40079620
2022-08-24,384,3360,49978335,40082980
2022-08-25,423,3773,49978758,40086753
2022-08-26,399,3585,49979157,40090338
2022-08-27,237,1770,49979394,40092108
2022-08-28,29,267,49979423,40092375
2022-08-29,354,3161,49979777,40095536
2022-08-30,406,3672,49980183,40099208
2022-08-31,438,3734,49980621,40102942
2022-09-01,353,3117,49980974,40106059
2022-09-02,297,2894,49981271,40108953
2022-09-03,200,1692,49981471,40110645
2022-09-04,24,149,49981495,40110794
2022-09-05,187,2656,49981682,40113450
2022-09-06,307,2985,49981989,40116435
2022-09-07,542,2937,49982531,40119372
2022-09-08,293,2964,49982824,40122336
2022-09-09,308,2886,49983132,40125222
2022-09-10,228,1327,49983360,40126549
2022-09-11,23,124,49983383,40126673
2022-09-12,267,2269,49983650,40128942
2022-09-13,253,2279,49983903,40131221
2022-09-14,266,2566,49984169,40133787
2022-09-15,283,2501,49984452,40136288
2022-09-16,255,2542,49984707,40138830
2022-09-17,239,1339,49984946,40140169
2022-09-18,20,170,49984966,40140339
2022-09-19,206,1971,49985172,40142310
2022-09-20,237,2392,49985409,40144702
2022-09-21,289,2526,49985698,40147228
2022-09-22,267,2663,49985965,40149891
2022-09-23,261,2546,49986226,40152437
2022-09-24,193,1427,49986419,40153864
2022-09-25,29,133,49986448,40153997
2022-09-26,281,2249,49986729,40156246
2022-09-27,287,2680,49987016,40158926
2022-09-28,310,2905,49987326,40161831
2022-09-29,257,3050,49987583,40164881
2022-09-30,292,2987,49987875,40167868
2022-10-01,195,1515,49988070,40169383
2022-10-02,12,187,49988082,40169570
2022-10-03,186,2475,49988268,40172045
2022-10-04,236,2861,49988504,40174906
2022-10-05,233,3253,49988737,40178159
2022-10-06,244,3872,49988981,40182031
2022-10-07,283,4184,49989264,40186215
2022-10-08,206,2268,49989470,40188483
2022-10-09,8,305,49989478,40188788
2022-10-10,214,3347,49989692,40192135
2022-10-11,195,4378,49989887,40196513
2022-10-12,211,4436,49990098,40200949
2022-10-13,206,5299,49990304,40206248
2022-10-14,233,5006,49990537,40211254
2022-10-15,191,2669,49990728,40213923
2022-10-16,6,360,49990734,40214283
2022-10-17,187,3873,49990921,40218156
2022-10-18,257,4959,49991178,40223115
2022-10-19,246,5477,49991424,40228592
2022-10-20,225,5995,49991649,40234587
2022-10-21,257,5475,49991906,40240062
2022-10-22,195,2911,49992101,40242973
2022-10-23,13,364,49992114,40243337
2022-10-24,171,3929,49992285,40247266
2022-10-25,256,4925,49992541,40252191
2022-10-26,350,5501,49992891,40257692
2022-10-27,240,5675,49993131,40263367
2022-10-28,199,5265,49993330,40268632
2022-10-29,128,2844,49993458,40271476
2022-10-30,3,328,49993461,40271804
2022-10-31,118,3039,49993579,40274843
2022-11-01,11,353,49993590,40275196
2022-11-02,146,3721,49993736,40278917
2022-11-03,172,4788,49993908,40283705
2022-11-04,228,4600,49994136,40288305
2022-11-05,145,2598,49994281,40290903
2022-11-06,10,261,49994291,40291164
2022-11-07,169,3227,49994460,40294391
2022-11-08,261,4253,49994721,40298644
2022-11-09,202,4335,49994923,40302979
2022-11-10,184,4598,49995107,40307577
2022-11-11,194,4231,49995301,40311808
2022-11-12,161,2378,49995462,40314186
2022-11-13,7,338,49995469,40314524
2022-11-14,150,2836,49995619,40317360
2022-11-15,204,3748,49995823,40321108
2022-11-16,217,4000,49996040,40325108
2022-11-17,194,4110,49996234,40329218
2022-11-18,248,4036,49996482,40333254
2022-11-19,112,2087,49996594,40335341
2022-11-20,24,317,49996618,40335658
2022-11-21,119,2621,49996737,40338279
2022-11-22,142,3222,49996879,40341501
2022-11-23,191,3627,49997070,40345128
2022-11-24,158,3846,49997228,40348974
2022-11-25,184,3780,49997412,40352754
2022-11-26,134,2094,49997546,40354848
2022-11-27,22,356,49997568,40355204
2022-11-28,182,2692,49997750,40357896
2022-11-29,257,3231,49998007,40361127
2022-11-30,183,3737,49998190,40364864
2022-12-01,151,3630,49998341,40368494
2022-12-02,162,3529,49998503,40372023
2022-12-03,106,1997,49998609,40374020
2022-12-04,5,290,49998614,40374310
2022-12-05,129,2856,49998743,40377166
2022-12-06,177,3656,49998920,40380822
2022-12-07,136,3128,49999056,40383950
2022-12-08,8,168,49999064,40384118
2022-12-09,164,3035,49999228,40387153
2022-12-10,71,1602,49999299,40388755
2022-12-11,7,193,49999306,40388948
2022-12-12,172,2533,49999478,40391481
2022-12-13,251,3050,49999729,40394531
2022-12-14,232,3237,49999961,40397768
2022-12-15,207,3288,50000168,40401056
2022-12-16,161,3213,50000329,40404269
2022-12-17,95,1692,50000424,40405961
2022-12-18,10,270,50000434,40406231
2022-12-19,148,2164,50000582,40408395
2022-12-20,213,2523,50000795,40410918
2022-12-21,159,2249,50000954,40413167
2022-12-22,140,1870,50001094,40415037
2022-12-23,153,1219,50001247,40416256
2022-12-24,32,161,50001279,40416417
2022-12-25,0,6,50001279,40416423
2022-12-26,6,42,50001285,40416465
2022-12-27,133,1552,50001418,40418017
2022-12-28,138,1776,50001556,40419793
2022-12-29,93,1705,50001649,40421498
2022-12-30,116,1611,50001765,40423109
2022-12-31,21,273,50001786,40423382
2023-01-01,0,6,50001786,40423388
2023-01-02,48,1125,50001834,40424513
2023-01-03,98,1899,50001932,40426412
2023-01-04,111,2005,50002043,40428417
2023-01-05,99,1902,50002142,40430319
2023-01-06,0,69,50002142,40430388
2023-01-07,51,686,50002193,40431074
2023-01-08,2,97,50002195,40431171
2023-01-09,129,1419,50002324,40432590
2023-01-10,125,1771,50002449,40434361
2023-01-11,113,1754,50002562,40436115
2023-01-12,113,1972,50002675,40438087
2023-01-13,106,1863,50002781,40439950
2023-01-14,62,927,50002843,40440877
2023-01-15,1,64,50002844,40440941
2023-01-16,37,1117,50002881,40442058
2023-01-17,60,636,50002941,40442694