data_somministrazione,vaccinazioni,booster,cum_vaccinazioni,cum_booster
2020-12-27,20,0,20,0
2020-12-28,2,0,22,0
2020-12-29,1,0,23,0
2020-12-30,8,0,31,0
2020-12-31,71,0,102,0
2021-01-01,23,0,125,0
2021-01-02,116,0,241,0
2021-01-03,82,0,323,0
2021-01-04,208,0,531,0
2021-01-05,243,0,774,0
2021-01-06,208,0,982,0
2021-01-07,297,0,1279,0
2021-01-08,341,0,1620,0
2021-01-09,253,0,1873,0
2021-01-10,150,0,2023,0
2021-01-11,277,0,2300,0
2021-01-12,266,0,2566,0
2021-01-13,393,0,2959,0
2021-01-14,480,0,3439,0
2021-01-15,298,0,3737,0
2021-01-16,212,0,3949,0
2021-01-17,3059,0,7008,0
2021-01-18,5210,0,12218,0
2021-01-19,1892,0,14110,0
2021-01-20,4655,0,18765,0
2021-01-21,19999,0,38764,0
2021-01-22,14205,0,52969,0
2021-01-23,33326,0,86295,0
2021-01-24,30786,0,117081,0
2021-01-25,64723,0,181804,0
2021-01-26,76493,0,258297,0
2021-01-27,64832,0,323129,0
2021-01-28,89283,0,412412,0
2021-01-29,94014,0,506426,0
2021-01-30,86560,0,592986,0
2021-01-31,57330,0,650316,0
2021-02-01,81859,0,732175,0
2021-02-02,82147,0,814322,0
2021-02-03,91191,0,905513,0
2021-02-04,95399,0,1000912,0
2021-02-05,90275,0,1091187,0
2021-02-06,63444,0,1154631,0
2021-02-07,32927,0,1187558,0
2021-02-08,40428,0,1227986,0
2021-02-09,32866,0,1260852,0
2021-02-10,28421,0,1289273,0
2021-02-11,20393,0,1309666,0
2021-02-12,16231,0,1325897,0
2021-02-13,7264,0,1333161,0
2021-02-14,2861,0,1336022,0
2021-02-15,6839,0,1342861,0
2021-02-16,6998,0,1349859,0
2021-02-17,10520,0,1360379,0
2021-02-18,9251,0,1369630,0
2021-02-19,8244,0,1377874,0
2021-02-20,5551,0,1383425,0
2021-02-21,2995,0,1386420,0
2021-02-22,6882,0,1393302,0
2021-02-23,7165,0,1400467,0
2021-02-24,9828,0,1410295,0
2021-02-25,14205,0,1424500,0
2021-02-26,17554,0,1442054,0
2021-02-27,13909,0,1455963,0
2021-02-28,9387,0,1465350,0
2021-03-01,26513,0,1491863,0
2021-03-02,33239,0,1525102,0
2021-03-03,44643,0,1569745,0
2021-03-04,50290,0,1620035,0
2021-03-05,55735,0,1675770,0
2021-03-06,41870,0,1717640,0
2021-03-07,22323,0,1739963,0
2021-03-08,50805,0,1790768,0
2021-03-09,53063,0,1843831,0
2021-03-10,58637,0,1902468,0
2021-03-11,63851,0,1966319,0
2021-03-12,65106,0,2031425,0
2021-03-13,51714,0,2083139,0
2021-03-14,35391,0,2118530,0
2021-03-15,73433,0,2191963,0
2021-03-16,74024,0,2265987,0
2021-03-17,83129,0,2349116,0
2021-03-18,81621,0,2430737,0
2021-03-19,81077,0,2511814,0
2021-03-20,64715,0,2576529,0
2021-03-21,47291,0,2623820,0
2021-03-22,69469,0,2693289,0
2021-03-23,75785,0,2769074,0
2021-03-24,90898,0,2859972,0
2021-03-25,89793,0,2949765,0
2021-03-26,83615,0,3033380,0
2021-03-27,71928,0,3105308,0
2021-03-28,44139,0,3149447,0
2021-03-29,70814,0,3220261,0
2021-03-30,81375,0,3301636,0
2021-03-31,96224,0,3397860,0
2021-04-01,95297,0,3493157,0
2021-04-02,84066,0,3577223,0
2021-04-03,64299,0,3641522,0
2021-04-04,21717,0,3663239,0
2021-04-05,40303,0,3703542,0
2021-04-06,81305,0,3784847,0
2021-04-07,95819,0,3880666,0
2021-04-08,95233,0,3975899,0
2021-04-09,88484,0,4064383,0
2021-04-10,74032,0,4138415,0
2021-04-11,44760,0,4183175,0
2021-04-12,66911,0,4250086,0
2021-04-13,72568,0,4322654,0
2021-04-14,85525,0,4408179,0
2021-04-15,105404,0,4513583,0
2021-04-16,106415,0,4619998,0
2021-04-17,90506,0,4710504,0
2021-04-18,58582,0,4769086,0
2021-04-19,93426,0,4862512,0
2021-04-20,103757,0,4966269,0
2021-04-21,125334,0,5091603,0
2021-04-22,143502,0,5235105,0
2021-04-23,138723,0,5373828,0
2021-04-24,124438,0,5498266,0
2021-04-25,61454,0,5559720,0
2021-04-26,97882,0,5657602,0
2021-04-27,128354,0,5785956,0
2021-04-28,156358,0,5942314,0
2021-04-29,195587,0,6137901,0
2021-04-30,214559,0,6352460,0
2021-05-01,174100,0,6526560,0
2021-05-02,135794,0,6662354,0
2021-05-03,142010,0,6804364,0
2021-05-04,158680,0,6963044,0
2021-05-05,170484,0,7133528,0
2021-05-06,197792,0,7331320,0
2021-05-07,213824,0,7545144,0
2021-05-08,213391,0,7758535,0
2021-05-09,143196,0,7901731,0
2021-05-10,165080,0,8066811,0
2021-05-11,174971,0,8241782,0
2021-05-12,179168,0,8420950,0
2021-05-13,203371,0,8624321,0
2021-05-14,222901,0,8847222,0
2021-05-15,210352,0,9057574,0
2021-05-16,159269,0,9216843,0
2021-05-17,219182,0,9436025,0
2021-05-18,213001,0,9649026,0
2021-05-19,207070,0,9856096,0
2021-05-20,270842,0,10126938,0
2021-05-21,270869,0,10397807,0
2021-05-22,245518,0,10643325,0
2021-05-23,197171,0,10840496,0
2021-05-24,228299,0,11068795,0
2021-05-25,245690,0,11314485,0
2021-05-26,277479,0,11591964,0
2021-05-27,311077,0,11903041,0
2021-05-28,299567,0,12202608,0
2021-05-29,231215,0,12433823,0
2021-05-30,170834,0,12604657,0
2021-05-31,216416,0,12821073,0
2021-06-01,207624,0,13028697,0
2021-06-02,115780,0,13144477,0
2021-06-03,180131,0,13324608,0
2021-06-04,184865,0,13509473,0
2021-06-05,185951,0,13695424,0
2021-06-06,139532,0,13834956,0
2021-06-07,161859,0,13996815,0
2021-06-08,171196,0,14168011,0
2021-06-09,171456,0,14339467,0
2021-06-10,174077,0,14513544,0
2021-06-11,169960,0,14683504,0
2021-06-12,128316,0,14811820,0
2021-06-13,91165,0,14902985,0
2021-06-14,214664,0,15117649,0
2021-06-15,228400,0,15346049,0
2021-06-16,253058,0,15599107,0
2021-06-17,301717,0,15900824,0
2021-06-18,306283,0,16207107,0
2021-06-19,275072,0,16482179,0
2021-06-20,220750,0,16702929,0
2021-06-21,288060,0,16990989,0
2021-06-22,296199,0,17287188,0
2021-06-23,302670,0,17589858,0
2021-06-24,332575,0,17922433,0
2021-06-25,348697,0,18271130,0
2021-06-26,300091,0,18571221,0
2021-06-27,228633,0,18799854,0
2021-06-28,307061,0,19106915,0
2021-06-29,329256,0,19436171,0
2021-06-30,342121,0,19778292,0
2021-07-01,363180,0,20141472,0
2021-07-02,368438,0,20509910,0
2021-07-03,371073,0,20880983,0
2021-07-04,283202,0,21164185,0
2021-07-05,384519,0,21548704,0
2021-07-06,385440,0,21934144,0
2021-07-07,412076,0,22346220,0
2021-07-08,479602,0,22825822,0
2021-07-09,498476,0,23324298,0
2021-07-10,475168,0,23799466,0
2021-07-11,357688,0,24157154,0
2021-07-12,485884,0,24643038,0
2021-07-13,492124,0,25135162,0
2021-07-14,480466,0,25615628,0
2021-07-15,523456,0,26139084,0
2021-07-16,509768,0,26648852,0
2021-07-17,464352,0,27113204,0
2021-07-18,364672,0,27477876,0
2021-07-19,463057,0,27940933,0
2021-07-20,458073,0,28399006,0
2021-07-21,462797,0,28861803,0
2021-07-22,475399,0,29337202,0
2021-07-23,441294,0,29778496,0
2021-07-24,386168,0,30164664,0
2021-07-25,287571,0,30452235,0
2021-07-26,430870,0,30883105,0
2021-07-27,440121,0,31323226,0
2021-07-28,391002,0,31714228,0
2021-07-29,372072,0,32086300,0
2021-07-30,341503,0,32427803,0
2021-07-31,287023,0,32714826,0
2021-08-01,191010,0,32905836,0
2021-08-02,333715,0,33239551,0
2021-08-03,323183,0,33562734,0
2021-08-04,310967,0,33873701,0
2021-08-05,292503,0,34166204,0
2021-08-06,260004,0,34426208,0
2021-08-07,199046,0,34625254,0
2021-08-08,153108,0,34778362,0
2021-08-09,234073,0,35012435,0
2021-08-10,205243,0,35217678,0
2021-08-11,193759,0,35411437,0
2021-08-12,168012,0,35579449,0
2021-08-13,148615,0,35728064,0
2021-08-14,66090,0,35794154,0
2021-08-15,26337,0,35820491,0
2021-08-16,114691,0,35935182,0
2021-08-17,129247,0,36064429,0
2021-08-18,128747,0,36193176,0
2021-08-19,124805,0,36317981,0
2021-08-20,123798,0,36441779,0
2021-08-21,83124,0,36524903,0
2021-08-22,68169,0,36593072,0
2021-08-23,176866,0,36769938,0
2021-08-24,156901,0,36926839,0
2021-08-25,177170,0,37104009,0
2021-08-26,172351,0,37276360,0
2021-08-27,185840,0,37462200,0
2021-08-28,140273,0,37602473,0
2021-08-29,98995,0,37701468,0
2021-08-30,209622,0,37911090,0
2021-08-31,194641,0,38105731,0
2021-09-01,192212,0,38297943,0
2021-09-02,189935,0,38487878,0
2021-09-03,191325,0,38679203,0
2021-09-04,131475,0,38810678,0
2021-09-05,87860,0,38898538,0
2021-09-06,193640,0,39092178,0
2021-09-07,196043,0,39288221,0
2021-09-08,187892,0,39476113,0
2021-09-09,201458,0,39677571,0
2021-09-10,198090,0,39875661,0
2021-09-11,141314,0,40016975,0
2021-09-12,89599,0,40106574,0
2021-09-13,191142,580,40297716,580
2021-09-14,177239,596,40474955,1176
2021-09-15,163107,601,40638062,1777
2021-09-16,160084,943,40798146,2720
2021-09-17,150173,1128,40948319,3848
2021-09-18,127978,747,41076297,4595
2021-09-19,81135,497,41157432,5092
2021-09-20,180080,9085,41337512,14177
2021-09-21,166643,8838,41504155,23015
2021-09-22,159084,9447,41663239,32462
2021-09-23,138077,9335,41801316,41797
2021-09-24,140540,8969,41941856,50766
2021-09-25,119554,5645,42061410,56411
2021-09-26,71964,4345,42133374,60756
2021-09-27,135653,10053,42269027,70809
2021-09-28,117500,11396,42386527,82205
2021-09-29,112349,11830,42498876,94035
2021-09-30,110238,14957,42609114,108992
2021-10-01,94982,19113,42704096,128105
2021-10-02,78494,14021,42782590,142126
2021-10-03,47744,7659,42830334,149785
2021-10-04,88375,34452,42918709,184237
2021-10-05,80371,33973,42999080,218210
2021-10-06,71986,34169,43071066,252379
2021-10-07,71854,34352,43142920,286731
2021-10-08,80632,33592,43223552,320323
2021-10-09,76101,22176,43299653,342499
2021-10-10,45775,13619,43345428,356118
2021-10-11,87430,41108,43432858,397226
2021-10-12,84495,46908,43517353,444134
2021-10-13,88191,52127,43605544,496261
2021-10-14,91538,58518,43697082,554779
2021-10-15,93601,55636,43790683,610415
2021-10-16,82970,36785,43873653,647200
2021-10-17,51467,23829,43925120,671029
2021-10-18,90301,59489,44015421,730518
2021-10-19,78344,69383,44093765,799901
2021-10-20,75073,78174,44168838,878075
2021-10-21,78297,81766,44247135,959841
2021-10-22,73785,77035,44320920,1036876
2021-10-23,60820,51962,44381740,1088838
2021-10-24,33374,23461,44415114,1112299
2021-10-25,64907,81629,44480021,1193928
2021-10-26,58371,91791,44538392,1285719
2021-10-27,58329,103976,44596721,1389695
2021-10-28,61466,114108,44658187,1503803
2021-10-29,61644,103132,44719831,1606935
2021-10-30,50671,68121,44770502,1675056
2021-10-31,25163,28293,44795665,1703349
2021-11-01,19045,28150,44814710,1731499
2021-11-02,62755,89385,44877465,1820884
2021-11-03,60727,118665,44938192,1939549
2021-11-04,59243,126668,44997435,2066217
2021-11-05,63093,135184,45060528,2201401
2021-11-06,46477,90923,45107005,2292324
2021-11-07,22252,37896,45129257,2330220
2021-11-08,51528,131270,45180785,2461490
2021-11-09,45400,144208,45226185,2605698
2021-11-10,42584,156350,45268769,2762048
2021-11-11,44934,155138,45313703,2917186
2021-11-12,46373,158577,45360076,3075763
2021-11-13,33258,116654,45393334,3192417
2021-11-14,14486,52448,45407820,3244865
2021-11-15,36895,157430,45444715,3402295
2021-11-16,30553,171375,45475268,3573670
2021-11-17,28456,178442,45503724,3752112
2021-11-18,30283,193726,45534007,3945838
2021-11-19,28807,205854,45562814,4151692
2021-11-20,20993,156439,45583807,4308131
2021-11-21,10611,64859,45594418,4372990
2021-11-22,21939,213140,45616357,4586130
2021-11-23,23577,241747,45639934,4827877
2021-11-24,27843,270950,45667777,5098827
2021-11-25,23236,301911,45691013,5400738
2021-11-26,24586,318268,45715599,5719006
2021-11-27,21381,266151,45736980,5985157
2021-11-28,9901,137059,45746881,6122216
2021-11-29,22333,326063,45769214,6448279
2021-11-30,23092,365821,45792306,6814100
2021-12-01,21525,413504,45813831,7227604
2021-12-02,23764,440378,45837595,7667982
2021-12-03,25260,467460,45862855,8135442
2021-12-04,22372,418732,45885227,8554174
2021-12-05,11927,261331,45897154,8815505
2021-12-06,25813,457582,45922967,9273087
2021-12-07,24133,480255,45947100,9753342
2021-12-08,10005,249684,45957105,10003026
2021-12-09,31583,491912,45988688,10494938
2021-12-10,28068,517872,46016756,11012810
2021-12-11,23562,459243,46040318,11472053
2021-12-12,12308,293497,46052626,11765550
2021-12-13,26154,467622,46078780,12233172
2021-12-14,25172,494194,46103952,12727366
2021-12-15,25338,517140,46129290,13244506
2021-12-16,27882,520241,46157172,13764747
2021-12-17,29366,517164,46186538,14281911
2021-12-18,27062,468717,46213600,14750628
2021-12-19,15144,300516,46228744,15051144
2021-12-20,30628,477482,46259372,15528626
2021-12-21,30372,493379,46289744,16022005
2021-12-22,29448,484702,46319192,16506707
2021-12-23,28248,426894,46347440,16933601
2021-12-24,13111,210824,46360551,17144425
2021-12-25,2102,33053,46362653,17177478
2021-12-26,8763,159069,46371416,17336547
2021-12-27,46787,504658,46418203,17841205
2021-12-28,42451,554212,46460654,18395417
2021-12-29,34347,550640,46495001,18946057
2021-12-30,31840,499821,46526841,19445878
2021-12-31,14121,247389,46540962,19693267
2022-01-01,3496,64814,46544458,19758081
2022-01-02,22769,276720,46567227,20034801
2022-01-03,47849,520011,46615076,20554812
2022-01-04,46363,572080,46661439,21126892
2022-01-05,40747,560391,46702186,21687283
2022-01-06,23482,274482,46725668,21961765
2022-01-07,63691,554185,46789359,22515950
2022-01-08,60846,503378,46850205,23019328
2022-01-09,42846,319685,46893051,23339013
2022-01-10,61078,542287,46954129,23881300
2022-01-11,61706,586985,47015835,24468285
2022-01-12,58436,581274,47074271,25049559
2022-01-13,58597,580379,47132868,25629938
2022-01-14,46783,588564,47179651,26218502
2022-01-15,39393,569935,47219044,26788437
2022-01-16,31211,341853,47250255,27130290
2022-01-17,54768,489652,47305023,27619942
2022-01-18,58389,517006,47363412,28136948
2022-01-19,57186,502780,47420598,28639728
2022-01-20,54334,498814,47474932,29138542
2022-01-21,42072,493867,47517004,29632409
2022-01-22,31181,469593,47548185,30102002
2022-01-23,34923,275361,47583108,30377363
2022-01-24,56177,437211,47639285,30814574
2022-01-25,61538,452098,47700823,31266672
2022-01-26,58533,435824,47759356,31702496
2022-01-27,48833,432356,47808189,32134852
2022-01-28,58688,436531,47866877,32571383
2022-01-29,68114,412486,47934991,32983869
2022-01-30,50367,235967,47985358,33219836
2022-01-31,60618,356928,48045976,33576764
2022-02-01,65542,328436,48111518,33905200
2022-02-02,63188,296970,48174706,34202170
2022-02-03,60049,274513,48234755,34476683
2022-02-04,72372,268451,48307127,34745134
2022-02-05,83762,248528,48390889,34993662
2022-02-06,55282,116200,48446171,35109862
2022-02-07,65134,199936,48511305,35309798
2022-02-08,66921,186108,48578226,35495906
2022-02-09,58754,166335,48636980,35662241
2022-02-10,58557,163234,48695537,35825475
2022-02-11,62240,162456,48757777,35987931
2022-02-12,71969,152139,48829746,36140070
2022-02-13,41468,68849,48871214,36208919
2022-02-14,46683,116187,48917897,36325106
2022-02-15,48522,123479,48966419,36448585
2022-02-16,45668,106116,49012087,36554701
2022-02-17,42855,98105,49054942,36652806
2022-02-18,46613,112569,49101555,36765375
2022-02-19,52524,100329,49154079,36865704
2022-02-20,31411,40361,49185490,36906065
2022-02-21,37884,89644,49223374,36995709
2022-02-22,37217,83770,49260591,37079479
2022-02-23,33386,79404,49293977,37158883
2022-02-24,32549,78159,49326526,37237042
2022-02-25,34755,90708,49361281,37327750
2022-02-26,39152,89131,49400433,37416881
2022-02-27,22541,35856,49422974,37452737
2022-02-28,28470,81688,49451444,37534425
2022-03-01,22713,53939,49474157,37588364
2022-03-02,21993,50627,49496150,37638991
2022-03-03,22608,54939,49518758,37693930
2022-03-04,23220,62791,49541978,37756721
2022-03-05,23791,57952,49565769,37814673
2022-03-06,9470,17200,49575239,37831873
2022-03-07,15908,51386,49591147,37883259
2022-03-08,15471,48793,49606618,37932052
2022-03-09,13809,46514,49620427,37978566
2022-03-10,14042,52115,49634469,38030681
2022-03-11,15578,57254,49650047,38087935
2022-03-12,15497,56614,49665544,38144549
2022-03-13,5544,16849,49671088,38161398
2022-03-14,10521,46694,49681609,38208092
2022-03-15,10536,46890,49692145,38254982
2022-03-16,9476,41975,49701621,38296957
2022-03-17,9709,44871,49711330,38341828
2022-03-18,10154,49052,49721484,38390880
2022-03-19,9146,46530,49730630,38437410
2022-03-20,2608,11700,49733238,38449110
2022-03-21,7577,40223,49740815,38489333
2022-03-22,8446,37754,49749261,38527087
2022-03-23,7210,33699,49756471,38560786
2022-03-24,8254,38797,49764725,38599583
2022-03-25,8131,43661,49772856,38643244
2022-03-26,8124,41721,49780980,38684965
2022-03-27,2429,9681,49783409,38694646
2022-03-28,6103,35234,49789512,38729880
2022-03-29,5773,32525,49795285,38762405
2022-03-30,5560,30199,49800845,38792604
2022-03-31,5887,33176,49806732,38825780
2022-04-01,4345,25188,49811077,38850968
2022-04-02,4490,23275,49815567,38874243
2022-04-03,1049,4499,49816616,38878742
2022-04-04,3653,21533,49820269,38900275
2022-04-05,3751,22925,49824020,38923200
2022-04-06,4099,21848,49828119,38945048
2022-04-07,3964,23320,49832083,38968368
2022-04-08,4688,26709,49836771,38995077
2022-04-09,4380,23884,49841151,39018961
2022-04-10,891,4614,49842042,39023575
2022-04-11,3813,22685,49845855,39046260
2022-04-12,3358,21778,49849213,39068038
2022-04-13,3561,21333,49852774,39089371
2022-04-14,3485,23781,49856259,39113152
2022-04-15,3081,20617,49859340,39133769
2022-04-16,2149,11919,49861489,39145688
2022-04-17,63,348,49861552,39146036
2022-04-18,149,650,49861701,39146686
2022-04-19,3493,21978,49865194,39168664
2022-04-20,3504,20248,49868698,39188912
2022-04-21,2841,19781,49871539,39208693
2022-04-22,2925,20696,49874464,39229389
2022-04-23,2638,16212,49877102,39245601
2022-04-24,509,2335,49877611,39247936
2022-04-25,183,1165,49877794,39249101
2022-04-26,2760,17795,49880554,39266896
2022-04-27,2371,15785,49882925,39282681
2022-04-28,2358,15553,49885283,39298234
2022-04-29,2292,14835,49887575,39313069
2022-04-30,2121,11577,49889696,39324646
2022-05-01,113,530,49889809,39325176
2022-05-02,1450,9386,49891259,39334562
2022-05-03,1574,10310,49892833,39344872
2022-05-04,1746,10258,49894579,39355130
2022-05-05,1651,10274,49896230,39365404
2022-05-06,1700,10946,49897930,39376350
2022-05-07,1431,8562,49899361,39384912
2022-05-08,404,1514,49899765,39386426
2022-05-09,1026,8917,49900791,39395343
2022-05-10,1422,9539,49902213,39404882
2022-05-11,1482,10087,49903695,39414969
2022-05-12,1368,10119,49905063,39425088
2022-05-13,1588,10511,49906651,39435599
2022-05-14,1356,8228,49908007,39443827
2022-05-15,336,1129,49908343,39444956
2022-05-16,811,8392,49909154,39453348
2022-05-17,1243,8674,49910397,39462022
2022-05-18,1372,9221,49911769,39471243
2022-05-19,1500,9269,49913269,39480512
2022-05-20,1420,9495,49914689,39490007
2022-05-21,1299,7892,49915988,39497899
2022-05-22,231,1012,49916219,39498911
2022-05-23,827,8261,49917046,39507172
2022-05-24,1070,8666,49918116,39515838
2022-05-25,1367,9446,49919483,39525284
2022-05-26,1194,9454,49920677,39534738
2022-05-27,1226,9910,49921903,39544648
2022-05-28,1203,7873,49923106,39552521
2022-05-29,285,1264,49923391,39553785
2022-05-30,930,8028,49924321,39561813
2022-05-31,1033,8532,49925354,39570345
2022-06-01,891,7644,49926245,39577989
2022-06-02,35,474,49926280,39578463
2022-06-03,816,7328,49927096,39585791
2022-06-04,870,5155,49927966,39590946
2022-06-05,89,586,49928055,39591532
2022-06-06,675,6984,49928730,39598516
2022-06-07,932,7842,49929662,39606358
2022-06-08,982,7900,49930644,39614258
2022-06-09,1036,8400,49931680,39622658
2022-06-10,957,8552,49932637,39631210
2022-06-11,900,6206,49933537,39637416
2022-06-12,140,767,49933677,39638183
2022-06-13,603,6295,49934280,39644478
2022-06-14,826,7882,49935106,39652360
2022-06-15,954,7843,49936060,39660203
2022-06-16,729,7389,49936789,39667592
2022-06-17,720,7240,49937509,39674832
2022-06-18,777,5588,49938286,39680420
2022-06-19,47,522,49938333,39680942
2022-06-20,588,6694,49938921,39687636
2022-06-21,733,7652,49939654,39695288
2022-06-22,780,7305,49940434,39702593
2022-06-23,651,7459,49941085,39710052
2022-06-24,642,7473,49941727,39717525
2022-06-25,835,6532,49942562,39724057
2022-06-26,128,523,49942690,39724580
2022-06-27,532,7120,49943222,39731700
2022-06-28,745,8193,49943967,39739893
2022-06-29,756,7719,49944723,39747612
2022-06-30,744,8132,49945467,39755744
2022-07-01,576,6438,49946043,39762182
2022-07-02,536,4766,49946579,39766948
2022-07-03,49,456,49946628,39767404
2022-07-04,470,6274,49947098,39773678
2022-07-05,628,8112,49947726,39781790
2022-07-06,630,7606,49948356,39789396
2022-07-07,568,8261,49948924,39797657
2022-07-08,670,8078,49949594,39805735
2022-07-09,550,6103,49950144,39811838
2022-07-10,58,533,49950202,39812371
2022-07-11,487,7639,49950689,39820010
2022-07-12,664,9026,49951353,39829036
2022-07-13,639,10060,49951992,39839096
2022-07-14,636,10219,49952628,39849315
2022-07-15,623,10664,49953251,39859979
2022-07-16,522,7209,49953773,39867188
2022-07-17,48,769,49953821,39867957
2022-07-18,497,9350,49954318,39877307
2022-07-19,574,10652,49954892,39887959
2022-07-20,576,11258,49955468,39899217
2022-07-21,626,12039,49956094,39911256
2022-07-22,581,11227,49956675,39922483
2022-07-23,379,6743,49957054,39929226
2022-07-24,76,834,49957130,39930060
2022-07-25,501,9033,49957631,39939093
2022-07-26,519,9728,49958150,39948821
2022-07-27,549,10155,49958699,39958976
2022-07-28,527,10482,49959226,39969458
2022-07-29,510,9424,49959736,39978882
2022-07-30,380,5853,49960116,39984735
2022-07-31,49,745,49960165,39985480
2022-08-01,386,6823,49960551,39992303
2022-08-02,539,7518,49961090,39999821
2022-08-03,511,7143,49961601,40006964
2022-08-04,452,7427,49962053,40014391
2022-08-05,417,6485,49962470,40020876
2022-08-06,298,3582,49962768,40024458
2022-08-07,44,551,49962812,40025009
2022-08-08,401,4874,49963213,40029883
2022-08-09,383,5267,49963596,40035150
2022-08-10,376,4788,49963972,40039938
2022-08-11,364,4756,49964336,40044694
2022-08-12,288,3700,49964624,40048394
2022-08-13,143,1596,49964767,40049990
2022-08-14,9,128,49964776,40050118
2022-08-15,1,26,49964777,40050144
2022-08-16,282,3026,49965059,40053170
2022-08-17,351,3513,49965410,40056683
2022-08-18,388,4142,49965798,40060825
2022-08-19,341,3305,49966139,40064130
2022-08-20,182,1711,49966321,40065841
2022-08-21,24,146,49966345,40065987
2022-08-22,329,2935,49966674,40068922
2022-08-23,371,3647,49967045,40072569
2022-08-24,381,3332,49967426,40075901
2022-08-25,419,3731,49967845,40079632
2022-08-26,394,3545,49968239,40083177
2022-08-27,234,1767,49968473,40084944
2022-08-28,29,260,49968502,40085204
2022-08-29,353,3136,49968855,40088340
2022-08-30,400,3636,49969255,40091976
2022-08-31,434,3703,49969689,40095679
2022-09-01,352,3068,49970041,40098747
2022-09-02,291,2867,49970332,40101614
2022-09-03,199,1683,49970531,40103297
2022-09-04,22,147,49970553,40103444
2022-09-05,186,2623,49970739,40106067
2022-09-06,301,2959,49971040,40109026
2022-09-07,538,2907,49971578,40111933
2022-09-08,288,2940,49971866,40114873
2022-09-09,297,2847,49972163,40117720
2022-09-10,227,1324,49972390,40119044
2022-09-11,21,123,49972411,40119167
2022-09-12,264,2206,49972675,40121373
2022-09-13,245,2242,49972920,40123615
2022-09-14,258,2529,49973178,40126144
2022-09-15,275,2444,49973453,40128588
2022-09-16,251,2479,49973704,40131067
2022-09-17,237,1317,49973941,40132384
2022-09-18,19,170,49973960,40132554
2022-09-19,206,1962,49974166,40134516
2022-09-20,232,2362,49974398,40136878
2022-09-21,287,2502,49974685,40139380
2022-09-22,257,2575,49974942,40141955
2022-09-23,244,2250,49975186,40144205
2022-09-24,195,1407,49975381,40145612
2022-09-25,28,134,49975409,40145746
2022-09-26,269,2214,49975678,40147960
2022-09-27,278,2567,49975956,40150527
2022-09-28,287,2745,49976243,40153272
2022-09-29,238,2673,49976481,40155945
2022-09-30,167,1574,49976648,40157519
2022-10-01,28,213,49976676,40157732