data_somministrazione,vaccinazioni,booster,cum_vaccinazioni,cum_booster
2020-12-27,22,0,22,0
2020-12-28,2,0,24,0
2020-12-29,1,0,25,0
2020-12-30,8,0,33,0
2020-12-31,86,0,119,0
2021-01-01,27,0,146,0
2021-01-02,157,0,303,0
2021-01-03,118,0,421,0
2021-01-04,259,0,680,0
2021-01-05,298,0,978,0
2021-01-06,272,0,1250,0
2021-01-07,341,0,1591,0
2021-01-08,395,0,1986,0
2021-01-09,301,0,2287,0
2021-01-10,183,0,2470,0
2021-01-11,317,0,2787,0
2021-01-12,295,0,3082,0
2021-01-13,431,0,3513,0
2021-01-14,511,0,4024,0
2021-01-15,330,0,4354,0
2021-01-16,226,0,4580,0
2021-01-17,3066,0,7646,0
2021-01-18,5226,0,12872,0
2021-01-19,1898,0,14770,0
2021-01-20,4661,0,19431,0
2021-01-21,20001,0,39432,0
2021-01-22,14219,0,53651,0
2021-01-23,33310,0,86961,0
2021-01-24,30771,0,117732,0
2021-01-25,64685,0,182417,0
2021-01-26,76450,0,258867,0
2021-01-27,64800,0,323667,0
2021-01-28,89231,0,412898,0
2021-01-29,93981,0,506879,0
2021-01-30,86529,0,593408,0
2021-01-31,57313,0,650721,0
2021-02-01,81825,0,732546,0
2021-02-02,82125,0,814671,0
2021-02-03,91095,0,905766,0
2021-02-04,95379,0,1001145,0
2021-02-05,90265,0,1091410,0
2021-02-06,63451,0,1154861,0
2021-02-07,32934,0,1187795,0
2021-02-08,40418,0,1228213,0
2021-02-09,32884,0,1261097,0
2021-02-10,28444,0,1289541,0
2021-02-11,20413,0,1309954,0
2021-02-12,16255,0,1326209,0
2021-02-13,7289,0,1333498,0
2021-02-14,2862,0,1336360,0
2021-02-15,6852,0,1343212,0
2021-02-16,7011,0,1350223,0
2021-02-17,10527,0,1360750,0
2021-02-18,9262,0,1370012,0
2021-02-19,8260,0,1378272,0
2021-02-20,5594,0,1383866,0
2021-02-21,3023,0,1386889,0
2021-02-22,6887,0,1393776,0
2021-02-23,7192,0,1400968,0
2021-02-24,9821,0,1410789,0
2021-02-25,14220,0,1425009,0
2021-02-26,17566,0,1442575,0
2021-02-27,13931,0,1456506,0
2021-02-28,9399,0,1465905,0
2021-03-01,26536,0,1492441,0
2021-03-02,33245,0,1525686,0
2021-03-03,44656,0,1570342,0
2021-03-04,50304,0,1620646,0
2021-03-05,55749,0,1676395,0
2021-03-06,41887,0,1718282,0
2021-03-07,22332,0,1740614,0
2021-03-08,50841,0,1791455,0
2021-03-09,53098,0,1844553,0
2021-03-10,58705,0,1903258,0
2021-03-11,63903,0,1967161,0
2021-03-12,65156,0,2032317,0
2021-03-13,51737,0,2084054,0
2021-03-14,35432,0,2119486,0
2021-03-15,73469,0,2192955,0
2021-03-16,74030,0,2266985,0
2021-03-17,83151,0,2350136,0
2021-03-18,81632,0,2431768,0
2021-03-19,81090,0,2512858,0
2021-03-20,64751,0,2577609,0
2021-03-21,47317,0,2624926,0
2021-03-22,69509,0,2694435,0
2021-03-23,75831,0,2770266,0
2021-03-24,90946,0,2861212,0
2021-03-25,89780,0,2950992,0
2021-03-26,83653,0,3034645,0
2021-03-27,71967,0,3106612,0
2021-03-28,44199,0,3150811,0
2021-03-29,70857,0,3221668,0
2021-03-30,81424,0,3303092,0
2021-03-31,96274,0,3399366,0
2021-04-01,95346,0,3494712,0
2021-04-02,83811,0,3578523,0
2021-04-03,64315,0,3642838,0
2021-04-04,21727,0,3664565,0
2021-04-05,40329,0,3704894,0
2021-04-06,81364,0,3786258,0
2021-04-07,95850,0,3882108,0
2021-04-08,95269,0,3977377,0
2021-04-09,88510,0,4065887,0
2021-04-10,74045,0,4139932,0
2021-04-11,44773,0,4184705,0
2021-04-12,66928,0,4251633,0
2021-04-13,72607,0,4324240,0
2021-04-14,85563,0,4409803,0
2021-04-15,105429,0,4515232,0
2021-04-16,106445,0,4621677,0
2021-04-17,90539,0,4712216,0
2021-04-18,58600,0,4770816,0
2021-04-19,93448,0,4864264,0
2021-04-20,103785,0,4968049,0
2021-04-21,125346,0,5093395,0
2021-04-22,143539,0,5236934,0
2021-04-23,138770,0,5375704,0
2021-04-24,124459,0,5500163,0
2021-04-25,61473,0,5561636,0
2021-04-26,97922,0,5659558,0
2021-04-27,128391,0,5787949,0
2021-04-28,156413,0,5944362,0
2021-04-29,195630,0,6139992,0
2021-04-30,214627,0,6354619,0
2021-05-01,174154,0,6528773,0
2021-05-02,135823,0,6664596,0
2021-05-03,142097,0,6806693,0
2021-05-04,158727,0,6965420,0
2021-05-05,170563,0,7135983,0
2021-05-06,196129,0,7332112,0
2021-05-07,211997,0,7544109,0
2021-05-08,213455,0,7757564,0
2021-05-09,143231,0,7900795,0
2021-05-10,165111,0,8065906,0
2021-05-11,175024,0,8240930,0
2021-05-12,179249,0,8420179,0
2021-05-13,203450,0,8623629,0
2021-05-14,222963,0,8846592,0
2021-05-15,210404,0,9056996,0
2021-05-16,159304,0,9216300,0
2021-05-17,218863,0,9435163,0
2021-05-18,213033,0,9648196,0
2021-05-19,207105,0,9855301,0
2021-05-20,270924,0,10126225,0
2021-05-21,270921,0,10397146,0
2021-05-22,245551,0,10642697,0
2021-05-23,197199,0,10839896,0
2021-05-24,228327,0,11068223,0
2021-05-25,245697,0,11313920,0
2021-05-26,277577,0,11591497,0
2021-05-27,311111,0,11902608,0
2021-05-28,299400,0,12202008,0
2021-05-29,231269,0,12433277,0
2021-05-30,170862,0,12604139,0
2021-05-31,216451,0,12820590,0
2021-06-01,207649,0,13028239,0
2021-06-02,115817,0,13144056,0
2021-06-03,180205,0,13324261,0
2021-06-04,184953,0,13509214,0
2021-06-05,186034,0,13695248,0
2021-06-06,139621,0,13834869,0
2021-06-07,161941,0,13996810,0
2021-06-08,171328,0,14168138,0
2021-06-09,171552,0,14339690,0
2021-06-10,174207,0,14513897,0
2021-06-11,170088,0,14683985,0
2021-06-12,128432,0,14812417,0
2021-06-13,91272,0,14903689,0
2021-06-14,214730,0,15118419,0
2021-06-15,228486,0,15346905,0
2021-06-16,253137,0,15600042,0
2021-06-17,301813,0,15901855,0
2021-06-18,306372,0,16208227,0
2021-06-19,275171,0,16483398,0
2021-06-20,220846,0,16704244,0
2021-06-21,288135,0,16992379,0
2021-06-22,296282,0,17288661,0
2021-06-23,302732,0,17591393,0
2021-06-24,332640,0,17924033,0
2021-06-25,348754,0,18272787,0
2021-06-26,300165,0,18572952,0
2021-06-27,228732,0,18801684,0
2021-06-28,307189,0,19108873,0
2021-06-29,329382,0,19438255,0
2021-06-30,342254,0,19780509,0
2021-07-01,363278,0,20143787,0
2021-07-02,368527,0,20512314,0
2021-07-03,371119,0,20883433,0
2021-07-04,283262,0,21166695,0
2021-07-05,384576,0,21551271,0
2021-07-06,385506,0,21936777,0
2021-07-07,412154,0,22348931,0
2021-07-08,478969,0,22827900,0
2021-07-09,498449,0,23326349,0
2021-07-10,475165,0,23801514,0
2021-07-11,357678,0,24159192,0
2021-07-12,485863,0,24645055,0
2021-07-13,492039,0,25137094,0
2021-07-14,480428,0,25617522,0
2021-07-15,523385,0,26140907,0
2021-07-16,509721,0,26650628,0
2021-07-17,464304,0,27114932,0
2021-07-18,364613,0,27479545,0
2021-07-19,463019,0,27942564,0
2021-07-20,458023,0,28400587,0
2021-07-21,462781,0,28863368,0
2021-07-22,475368,0,29338736,0
2021-07-23,441318,0,29780054,0
2021-07-24,386131,0,30166185,0
2021-07-25,287527,0,30453712,0
2021-07-26,430879,0,30884591,0
2021-07-27,440107,0,31324698,0
2021-07-28,391001,0,31715699,0
2021-07-29,371875,0,32087574,0
2021-07-30,341534,0,32429108,0
2021-07-31,287049,0,32716157,0
2021-08-01,190991,0,32907148,0
2021-08-02,333695,0,33240843,0
2021-08-03,323178,0,33564021,0
2021-08-04,311004,0,33875025,0
2021-08-05,292475,0,34167500,0
2021-08-06,260047,0,34427547,0
2021-08-07,199078,0,34626625,0
2021-08-08,153109,0,34779734,0
2021-08-09,234081,0,35013815,0
2021-08-10,205296,0,35219111,0
2021-08-11,193805,0,35412916,0
2021-08-12,168086,0,35581002,0
2021-08-13,148691,0,35729693,0
2021-08-14,66112,0,35795805,0
2021-08-15,26346,0,35822151,0
2021-08-16,114726,0,35936877,0
2021-08-17,129267,0,36066144,0
2021-08-18,128769,0,36194913,0
2021-08-19,124871,0,36319784,0
2021-08-20,123806,0,36443590,0
2021-08-21,83140,0,36526730,0
2021-08-22,68184,0,36594914,0
2021-08-23,176854,0,36771768,0
2021-08-24,156888,0,36928656,0
2021-08-25,177165,0,37105821,0
2021-08-26,172342,0,37278163,0
2021-08-27,185825,0,37463988,0
2021-08-28,140289,0,37604277,0
2021-08-29,98998,0,37703275,0
2021-08-30,209579,0,37912854,0
2021-08-31,194630,0,38107484,0
2021-09-01,192212,0,38299696,0
2021-09-02,189928,0,38489624,0
2021-09-03,191265,0,38680889,0
2021-09-04,131427,0,38812316,0
2021-09-05,87838,0,38900154,0
2021-09-06,193585,0,39093739,0
2021-09-07,196026,0,39289765,0
2021-09-08,187846,0,39477611,0
2021-09-09,201409,0,39679020,0
2021-09-10,197838,0,39876858,0
2021-09-11,141282,0,40018140,0
2021-09-12,89583,0,40107723,0
2021-09-13,191077,687,40298800,687
2021-09-14,177199,679,40475999,1366
2021-09-15,163077,669,40639076,2035
2021-09-16,160028,1032,40799104,3067
2021-09-17,150161,1188,40949265,4255
2021-09-18,127989,791,41077254,5046
2021-09-19,81139,517,41158393,5563
2021-09-20,180058,9155,41338451,14718
2021-09-21,166680,8873,41505131,23591
2021-09-22,159134,9472,41664265,33063
2021-09-23,138121,9368,41802386,42431
2021-09-24,140562,9026,41942948,51457
2021-09-25,119570,5687,42062518,57144
2021-09-26,72001,4373,42134519,61517
2021-09-27,135673,10103,42270192,71620
2021-09-28,117525,11443,42387717,83063
2021-09-29,112392,11861,42500109,94924
2021-09-30,110302,14997,42610411,109921
2021-10-01,95015,19147,42705426,129068
2021-10-02,78536,14049,42783962,143117
2021-10-03,47760,7675,42831722,150792
2021-10-04,88391,34501,42920113,185293
2021-10-05,80393,34028,43000506,219321
2021-10-06,72000,34231,43072506,253552
2021-10-07,71885,34387,43144391,287939
2021-10-08,80646,33637,43225037,321576
2021-10-09,76121,22206,43301158,343782
2021-10-10,45795,13633,43346953,357415
2021-10-11,87457,41143,43434410,398558
2021-10-12,84515,46949,43518925,445507
2021-10-13,88227,52184,43607152,497691
2021-10-14,91564,58567,43698716,556258
2021-10-15,93597,55701,43792313,611959
2021-10-16,82975,36842,43875288,648801
2021-10-17,51460,23869,43926748,672670
2021-10-18,90300,59544,44017048,732214
2021-10-19,78356,69430,44095404,801644
2021-10-20,75058,78229,44170462,879873
2021-10-21,78281,81839,44248743,961712
2021-10-22,73767,77098,44322510,1038810
2021-10-23,60839,51979,44383349,1090789
2021-10-24,33364,23488,44416713,1114277
2021-10-25,64904,81677,44481617,1195954
2021-10-26,58368,91857,44539985,1287811
2021-10-27,58316,104048,44598301,1391859
2021-10-28,61441,114182,44659742,1506041
2021-10-29,61618,103211,44721360,1609252
2021-10-30,50668,68165,44772028,1677417
2021-10-31,25157,28315,44797185,1705732
2021-11-01,19049,28162,44816234,1733894
2021-11-02,62735,89457,44878969,1823351
2021-11-03,60713,118721,44939682,1942072
2021-11-04,59232,126725,44998914,2068797
2021-11-05,63091,135240,45062005,2204037
2021-11-06,46491,90951,45108496,2294988
2021-11-07,22247,37909,45130743,2332897
2021-11-08,51522,131312,45182265,2464209
2021-11-09,45406,144241,45227671,2608450
2021-11-10,42594,156389,45270265,2764839
2021-11-11,44926,155192,45315191,2920031
2021-11-12,46305,158725,45361496,3078756
2021-11-13,33269,116686,45394765,3195442
2021-11-14,14490,52463,45409255,3247905
2021-11-15,36907,157460,45446162,3405365
2021-11-16,30568,171431,45476730,3576796
2021-11-17,28468,178472,45505198,3755268
2021-11-18,30296,193782,45535494,3949050
2021-11-19,28826,205901,45564320,4154951
2021-11-20,21012,156465,45585332,4311416
2021-11-21,10611,64873,45595943,4376289
2021-11-22,21962,213171,45617905,4589460
2021-11-23,23608,241825,45641513,4831285
2021-11-24,27733,270639,45669246,5101924
2021-11-25,23244,300965,45692490,5402889
2021-11-26,24603,318314,45717093,5721203
2021-11-27,21419,266184,45738512,5987387
2021-11-28,9913,137073,45748425,6124460
2021-11-29,22370,326081,45770795,6450541
2021-11-30,23124,365865,45793919,6816406
2021-12-01,21568,413548,45815487,7229954
2021-12-02,23801,440446,45839288,7670400
2021-12-03,25288,467550,45864576,8137950
2021-12-04,22396,418820,45886972,8556770
2021-12-05,11946,261372,45898918,8818142
2021-12-06,25855,457640,45924773,9275782
2021-12-07,24176,480317,45948949,9756099
2021-12-08,10034,249729,45958983,10005828
2021-12-09,31634,491974,45990617,10497802
2021-12-10,28113,517941,46018730,11015743
2021-12-11,23598,459291,46042328,11475034
2021-12-12,12326,293541,46054654,11768575
2021-12-13,26190,467667,46080844,12236242
2021-12-14,25216,494251,46106060,12730493
2021-12-15,25386,517190,46131446,13247683
2021-12-16,27945,520317,46159391,13768000
2021-12-17,29403,517232,46188794,14285232
2021-12-18,27121,468791,46215915,14754023
2021-12-19,15172,300257,46231087,15054280
2021-12-20,30687,477513,46261774,15531793
2021-12-21,30426,493456,46292200,16025249
2021-12-22,29500,484763,46321700,16510012
2021-12-23,28251,426658,46349951,16936670
2021-12-24,13130,210847,46363081,17147517
2021-12-25,2104,33053,46365185,17180570
2021-12-26,8789,159080,46373974,17339650
2021-12-27,46849,504713,46420823,17844363
2021-12-28,42513,554277,46463336,18398640
2021-12-29,34407,550698,46497743,18949338
2021-12-30,31907,499880,46529650,19449218
2021-12-31,14157,247410,46543807,19696628
2022-01-01,3503,64816,46547310,19761444
2022-01-02,22844,276730,46570154,20038174
2022-01-03,47966,520052,46618120,20558226
2022-01-04,46413,571621,46664533,21129847
2022-01-05,40874,560433,46705407,21690280
2022-01-06,23551,274490,46728958,21964770
2022-01-07,63823,554232,46792781,22519002
2022-01-08,61000,502727,46853781,23021729
2022-01-09,42993,319710,46896774,23341439
2022-01-10,61195,542336,46957969,23883775
2022-01-11,61745,586524,47019714,24470299
2022-01-12,58579,581322,47078293,25051621
2022-01-13,58623,579972,47136916,25631593
2022-01-14,46972,588632,47183888,26220225
2022-01-15,39632,570004,47223520,26790229
2022-01-16,31342,341903,47254862,27132132
2022-01-17,54875,489702,47309737,27621834
2022-01-18,58486,517062,47368223,28138896
2022-01-19,57292,502829,47425515,28641725
2022-01-20,54303,498447,47479818,29140172
2022-01-21,42202,493909,47522020,29634081
2022-01-22,31303,469092,47553323,30103173
2022-01-23,34996,275397,47588319,30378570
2022-01-24,56241,437259,47644560,30815829
2022-01-25,61517,451764,47706077,31267593
2022-01-26,58612,435853,47764689,31703446
2022-01-27,48911,432425,47813600,32135871
2022-01-28,58774,436578,47872374,32572449
2022-01-29,68205,412523,47940579,32984972
2022-01-30,50415,235995,47990994,33220967
2022-01-31,60731,356958,48051725,33577925
2022-02-01,65634,328473,48117359,33906398
2022-02-02,63253,297006,48180612,34203404
2022-02-03,60107,274544,48240719,34477948
2022-02-04,72422,268480,48313141,34746428
2022-02-05,83829,248564,48396970,34994992
2022-02-06,55309,116209,48452279,35111201
2022-02-07,65194,199951,48517473,35311152
2022-02-08,66966,186136,48584439,35497288
2022-02-09,58782,166357,48643221,35663645
2022-02-10,58601,163261,48701822,35826906
2022-02-11,62286,162484,48764108,35989390
2022-02-12,72019,152157,48836127,36141547
2022-02-13,41483,68861,48877610,36210408
2022-02-14,46713,116198,48924323,36326606
2022-02-15,48575,123482,48972898,36450088
2022-02-16,45703,106137,49018601,36556225
2022-02-17,42877,98130,49061478,36654355
2022-02-18,46640,112591,49108118,36766946
2022-02-19,52549,100344,49160667,36867290
2022-02-20,31416,40369,49192083,36907659
2022-02-21,37905,89663,49229988,36997322
2022-02-22,37228,83788,49267216,37081110
2022-02-23,33406,79409,49300622,37160519
2022-02-24,32563,78169,49333185,37238688
2022-02-25,34775,90717,49367960,37329405
2022-02-26,39169,89140,49407129,37418545
2022-02-27,22548,35861,49429677,37454406
2022-02-28,28493,81702,49458170,37536108
2022-03-01,22735,53945,49480905,37590053
2022-03-02,21940,50715,49502845,37640768
2022-03-03,22641,54947,49525486,37695715
2022-03-04,23247,62804,49548733,37758519
2022-03-05,23805,57954,49572538,37816473
2022-03-06,9472,17204,49582010,37833677
2022-03-07,15927,51392,49597937,37885069
2022-03-08,15482,48799,49613419,37933868
2022-03-09,13815,46518,49627234,37980386
2022-03-10,14056,52058,49641290,38032444
2022-03-11,15596,57277,49656886,38089721
2022-03-12,15513,56621,49672399,38146342
2022-03-13,5546,16853,49677945,38163195
2022-03-14,10529,46704,49688474,38209899
2022-03-15,10555,46896,49699029,38256795
2022-03-16,9487,41980,49708516,38298775
2022-03-17,9727,44879,49718243,38343654
2022-03-18,10164,49060,49728407,38392714
2022-03-19,9153,46541,49737560,38439255
2022-03-20,2608,11704,49740168,38450959
2022-03-21,7589,40232,49747757,38491191
2022-03-22,8449,37769,49756206,38528960
2022-03-23,7221,33701,49763427,38562661
2022-03-24,8262,38821,49771689,38601482
2022-03-25,8144,43676,49779833,38645158
2022-03-26,8128,41724,49787961,38686882
2022-03-27,2431,9683,49790392,38696565
2022-03-28,6113,35245,49796505,38731810
2022-03-29,5784,32533,49802289,38764343
2022-03-30,5568,30206,49807857,38794549
2022-03-31,5906,33188,49813763,38827737
2022-04-01,4351,25191,49818114,38852928
2022-04-02,4497,23275,49822611,38876203
2022-04-03,1049,4500,49823660,38880703
2022-04-04,3664,21546,49827324,38902249
2022-04-05,3759,22938,49831083,38925187
2022-04-06,4106,21853,49835189,38947040
2022-04-07,3971,23321,49839160,38970361
2022-04-08,4696,26716,49843856,38997077
2022-04-09,4382,23888,49848238,39020965
2022-04-10,893,4613,49849131,39025578
2022-04-11,3819,22691,49852950,39048269
2022-04-12,3364,21781,49856314,39070050
2022-04-13,3574,21337,49859888,39091387
2022-04-14,3487,23789,49863375,39115176
2022-04-15,3085,20624,49866460,39135800
2022-04-16,2153,11919,49868613,39147719
2022-04-17,63,348,49868676,39148067
2022-04-18,152,650,49868828,39148717
2022-04-19,3500,21988,49872328,39170705
2022-04-20,3513,20250,49875841,39190955
2022-04-21,2848,19793,49878689,39210748
2022-04-22,2927,20717,49881616,39231465
2022-04-23,2648,16222,49884264,39247687
2022-04-24,509,2335,49884773,39250022
2022-04-25,183,1165,49884956,39251187
2022-04-26,2761,17813,49887717,39269000
2022-04-27,2376,15795,49890093,39284795
2022-04-28,2363,15568,49892456,39300363
2022-04-29,2298,14849,49894754,39315212
2022-04-30,2123,11585,49896877,39326797
2022-05-01,113,531,49896990,39327328
2022-05-02,1451,9394,49898441,39336722
2022-05-03,1577,10327,49900018,39347049
2022-05-04,1748,10277,49901766,39357326
2022-05-05,1654,10301,49903420,39367627
2022-05-06,1703,10972,49905123,39378599
2022-05-07,1432,8575,49906555,39387174
2022-05-08,417,1526,49906972,39388700
2022-05-09,1028,8935,49908000,39397635
2022-05-10,1427,9554,49909427,39407189
2022-05-11,1486,10109,49910913,39417298
2022-05-12,1372,10137,49912285,39427435
2022-05-13,1596,10527,49913881,39437962
2022-05-14,1362,8248,49915243,39446210
2022-05-15,336,1138,49915579,39447348
2022-05-16,814,8409,49916393,39455757
2022-05-17,1244,8708,49917637,39464465
2022-05-18,1373,9256,49919010,39473721
2022-05-19,1502,9290,49920512,39483011
2022-05-20,1428,9535,49921940,39492546
2022-05-21,1302,7903,49923242,39500449
2022-05-22,231,1013,49923473,39501462
2022-05-23,830,8274,49924303,39509736
2022-05-24,1073,8675,49925376,39518411
2022-05-25,1372,9460,49926748,39527871
2022-05-26,1198,9480,49927946,39537351
2022-05-27,1234,9917,49929180,39547268
2022-05-28,1205,7890,49930385,39555158
2022-05-29,288,1265,49930673,39556423
2022-05-30,931,8061,49931604,39564484
2022-05-31,1039,8551,49932643,39573035
2022-06-01,896,7657,49933539,39580692
2022-06-02,35,474,49933574,39581166
2022-06-03,819,7334,49934393,39588500
2022-06-04,870,5162,49935263,39593662
2022-06-05,88,586,49935351,39594248
2022-06-06,679,7004,49936030,39601252
2022-06-07,952,7851,49936982,39609103
2022-06-08,981,7907,49937963,39617010
2022-06-09,1037,8418,49939000,39625428
2022-06-10,958,8563,49939958,39633991
2022-06-11,903,6206,49940861,39640197
2022-06-12,140,768,49941001,39640965
2022-06-13,602,6302,49941603,39647267
2022-06-14,833,7906,49942436,39655173
2022-06-15,960,7856,49943396,39663029
2022-06-16,733,7399,49944129,39670428
2022-06-17,724,7248,49944853,39677676
2022-06-18,779,5596,49945632,39683272
2022-06-19,49,521,49945681,39683793
2022-06-20,587,6699,49946268,39690492
2022-06-21,741,7664,49947009,39698156
2022-06-22,779,7313,49947788,39705469
2022-06-23,649,7473,49948437,39712942
2022-06-24,644,7475,49949081,39720417
2022-06-25,836,6533,49949917,39726950
2022-06-26,128,523,49950045,39727473
2022-06-27,534,7126,49950579,39734599
2022-06-28,748,8208,49951327,39742807
2022-06-29,756,7733,49952083,39750540
2022-06-30,748,8145,49952831,39758685
2022-07-01,577,6443,49953408,39765128
2022-07-02,536,4770,49953944,39769898
2022-07-03,49,456,49953993,39770354
2022-07-04,469,6278,49954462,39776632
2022-07-05,631,8122,49955093,39784754
2022-07-06,634,7611,49955727,39792365
2022-07-07,577,8275,49956304,39800640
2022-07-08,677,8086,49956981,39808726
2022-07-09,550,6105,49957531,39814831
2022-07-10,58,533,49957589,39815364
2022-07-11,493,7642,49958082,39823006
2022-07-12,669,9031,49958751,39832037
2022-07-13,645,10066,49959396,39842103
2022-07-14,638,10225,49960034,39852328
2022-07-15,627,10674,49960661,39863002
2022-07-16,523,7215,49961184,39870217
2022-07-17,48,770,49961232,39870987
2022-07-18,496,9377,49961728,39880364
2022-07-19,576,10684,49962304,39891048
2022-07-20,582,11277,49962886,39902325
2022-07-21,633,12094,49963519,39914419
2022-07-22,584,11262,49964103,39925681
2022-07-23,381,6776,49964484,39932457
2022-07-24,76,857,49964560,39933314
2022-07-25,504,9057,49965064,39942371
2022-07-26,522,9768,49965586,39952139
2022-07-27,554,10212,49966140,39962351
2022-07-28,533,10535,49966673,39972886
2022-07-29,510,9467,49967183,39982353
2022-07-30,383,5884,49967566,39988237
2022-07-31,49,764,49967615,39989001
2022-08-01,386,6865,49968001,39995866
2022-08-02,548,7590,49968549,40003456
2022-08-03,513,7182,49969062,40010638
2022-08-04,455,7493,49969517,40018131
2022-08-05,421,6529,49969938,40024660
2022-08-06,300,3613,49970238,40028273
2022-08-07,44,563,49970282,40028836
2022-08-08,403,4890,49970685,40033726
2022-08-09,381,5315,49971066,40039041
2022-08-10,385,4817,49971451,40043858
2022-08-11,370,4804,49971821,40048662
2022-08-12,295,3719,49972116,40052381
2022-08-13,143,1600,49972259,40053981
2022-08-14,9,129,49972268,40054110
2022-08-15,1,26,49972269,40054136
2022-08-16,284,3043,49972553,40057179
2022-08-17,352,3533,49972905,40060712
2022-08-18,395,4160,49973300,40064872
2022-08-19,341,3321,49973641,40068193
2022-08-20,184,1715,49973825,40069908
2022-08-21,24,149,49973849,40070057
2022-08-22,332,2952,49974181,40073009
2022-08-23,370,3674,49974551,40076683
2022-08-24,384,3360,49974935,40080043
2022-08-25,424,3773,49975359,40083816
2022-08-26,399,3585,49975758,40087401
2022-08-27,237,1770,49975995,40089171
2022-08-28,29,267,49976024,40089438
2022-08-29,354,3161,49976378,40092599
2022-08-30,406,3672,49976784,40096271
2022-08-31,438,3734,49977222,40100005
2022-09-01,353,3117,49977575,40103122
2022-09-02,298,2894,49977873,40106016
2022-09-03,200,1692,49978073,40107708
2022-09-04,24,149,49978097,40107857
2022-09-05,187,2656,49978284,40110513
2022-09-06,307,2985,49978591,40113498
2022-09-07,541,2938,49979132,40116436
2022-09-08,293,2964,49979425,40119400
2022-09-09,308,2886,49979733,40122286
2022-09-10,228,1327,49979961,40123613
2022-09-11,23,124,49979984,40123737
2022-09-12,267,2269,49980251,40126006
2022-09-13,253,2279,49980504,40128285
2022-09-14,266,2566,49980770,40130851
2022-09-15,284,2501,49981054,40133352
2022-09-16,255,2544,49981309,40135896
2022-09-17,239,1339,49981548,40137235
2022-09-18,20,170,49981568,40137405
2022-09-19,206,1972,49981774,40139377
2022-09-20,237,2392,49982011,40141769
2022-09-21,289,2526,49982300,40144295
2022-09-22,267,2663,49982567,40146958
2022-09-23,261,2545,49982828,40149503
2022-09-24,193,1427,49983021,40150930
2022-09-25,29,133,49983050,40151063
2022-09-26,281,2249,49983331,40153312
2022-09-27,287,2680,49983618,40155992
2022-09-28,310,2905,49983928,40158897
2022-09-29,257,3050,49984185,40161947
2022-09-30,292,2987,49984477,40164934
2022-10-01,195,1515,49984672,40166449
2022-10-02,12,187,49984684,40166636
2022-10-03,186,2475,49984870,40169111
2022-10-04,236,2861,49985106,40171972
2022-10-05,233,3254,49985339,40175226
2022-10-06,244,3872,49985583,40179098
2022-10-07,283,4185,49985866,40183283
2022-10-08,206,2268,49986072,40185551
2022-10-09,8,305,49986080,40185856
2022-10-10,214,3348,49986294,40189204
2022-10-11,195,4378,49986489,40193582
2022-10-12,211,4436,49986700,40198018
2022-10-13,207,5299,49986907,40203317
2022-10-14,233,5006,49987140,40208323
2022-10-15,191,2669,49987331,40210992
2022-10-16,6,360,49987337,40211352
2022-10-17,187,3873,49987524,40215225
2022-10-18,257,4959,49987781,40220184
2022-10-19,246,5477,49988027,40225661
2022-10-20,225,5995,49988252,40231656
2022-10-21,257,5475,49988509,40237131
2022-10-22,196,2911,49988705,40240042
2022-10-23,13,364,49988718,40240406
2022-10-24,171,3929,49988889,40244335
2022-10-25,256,4925,49989145,40249260
2022-10-26,351,5505,49989496,40254765
2022-10-27,240,5675,49989736,40260440
2022-10-28,200,5265,49989936,40265705
2022-10-29,128,2844,49990064,40268549
2022-10-30,3,328,49990067,40268877
2022-10-31,118,3039,49990185,40271916
2022-11-01,11,353,49990196,40272269
2022-11-02,146,3721,49990342,40275990
2022-11-03,172,4791,49990514,40280781
2022-11-04,228,4601,49990742,40285382
2022-11-05,145,2601,49990887,40287983
2022-11-06,10,261,49990897,40288244
2022-11-07,169,3227,49991066,40291471
2022-11-08,262,4254,49991328,40295725
2022-11-09,202,4335,49991530,40300060
2022-11-10,184,4600,49991714,40304660
2022-11-11,194,4232,49991908,40308892
2022-11-12,161,2378,49992069,40311270
2022-11-13,7,338,49992076,40311608
2022-11-14,150,2842,49992226,40314450
2022-11-15,204,3748,49992430,40318198
2022-11-16,217,4001,49992647,40322199
2022-11-17,194,4110,49992841,40326309
2022-11-18,248,4041,49993089,40330350
2022-11-19,112,2087,49993201,40332437
2022-11-20,24,317,49993225,40332754
2022-11-21,119,2622,49993344,40335376
2022-11-22,142,3222,49993486,40338598
2022-11-23,191,3633,49993677,40342231
2022-11-24,158,3846,49993835,40346077
2022-11-25,184,3781,49994019,40349858
2022-11-26,134,2095,49994153,40351953
2022-11-27,22,356,49994175,40352309
2022-11-28,182,2691,49994357,40355000
2022-11-29,257,3231,49994614,40358231
2022-11-30,183,3736,49994797,40361967
2022-12-01,151,3634,49994948,40365601
2022-12-02,161,3529,49995109,40369130
2022-12-03,106,1999,49995215,40371129
2022-12-04,5,290,49995220,40371419
2022-12-05,129,2856,49995349,40374275
2022-12-06,177,3656,49995526,40377931
2022-12-07,136,3133,49995662,40381064
2022-12-08,8,168,49995670,40381232
2022-12-09,164,3035,49995834,40384267
2022-12-10,71,1602,49995905,40385869
2022-12-11,7,193,49995912,40386062
2022-12-12,172,2534,49996084,40388596
2022-12-13,251,3049,49996335,40391645
2022-12-14,232,3237,49996567,40394882
2022-12-15,207,3291,49996774,40398173
2022-12-16,163,3216,49996937,40401389
2022-12-17,95,1691,49997032,40403080
2022-12-18,10,270,49997042,40403350
2022-12-19,149,2169,49997191,40405519
2022-12-20,213,2530,49997404,40408049
2022-12-21,160,2250,49997564,40410299
2022-12-22,140,1873,49997704,40412172
2022-12-23,153,1216,49997857,40413388
2022-12-24,32,161,49997889,40413549
2022-12-25,0,6,49997889,40413555
2022-12-26,6,42,49997895,40413597
2022-12-27,133,1553,49998028,40415150
2022-12-28,138,1778,49998166,40416928
2022-12-29,93,1709,49998259,40418637
2022-12-30,116,1612,49998375,40420249
2022-12-31,21,273,49998396,40420522
2023-01-01,0,6,49998396,40420528
2023-01-02,48,1125,49998444,40421653
2023-01-03,99,1900,49998543,40423553
2023-01-04,111,2009,49998654,40425562
2023-01-05,98,1911,49998752,40427473
2023-01-06,0,69,49998752,40427542
2023-01-07,51,686,49998803,40428228
2023-01-08,2,97,49998805,40428325
2023-01-09,129,1429,49998934,40429754
2023-01-10,128,1783,49999062,40431537
2023-01-11,116,1767,49999178,40433304
2023-01-12,115,2001,49999293,40435305
2023-01-13,106,1885,49999399,40437190
2023-01-14,64,950,49999463,40438140
2023-01-15,1,67,49999464,40438207
2023-01-16,37,1148,49999501,40439355
2023-01-17,108,1295,49999609,40440650
2023-01-18,78,1396,49999687,40442046
2023-01-19,108,1566,49999795,40443612
2023-01-20,72,1347,49999867,40444959
2023-01-21,45,621,49999912,40445580
2023-01-22,2,36,49999914,40445616