data_somministrazione,vaccinazioni,booster,cum_vaccinazioni,cum_booster
2020-12-27,20,0,20,0
2020-12-28,2,0,22,0
2020-12-29,1,0,23,0
2020-12-30,6,0,29,0
2020-12-31,67,0,96,0
2021-01-01,22,0,118,0
2021-01-02,107,0,225,0
2021-01-03,79,0,304,0
2021-01-04,200,0,504,0
2021-01-05,237,0,741,0
2021-01-06,197,0,938,0
2021-01-07,289,0,1227,0
2021-01-08,335,0,1562,0
2021-01-09,246,0,1808,0
2021-01-10,145,0,1953,0
2021-01-11,268,0,2221,0
2021-01-12,265,0,2486,0
2021-01-13,388,0,2874,0
2021-01-14,476,0,3350,0
2021-01-15,298,0,3648,0
2021-01-16,203,0,3851,0
2021-01-17,3057,0,6908,0
2021-01-18,5209,0,12117,0
2021-01-19,1892,0,14009,0
2021-01-20,4653,0,18662,0
2021-01-21,19998,0,38660,0
2021-01-22,14200,0,52860,0
2021-01-23,33330,0,86190,0
2021-01-24,30790,0,116980,0
2021-01-25,64730,0,181710,0
2021-01-26,76501,0,258211,0
2021-01-27,64839,0,323050,0
2021-01-28,89294,0,412344,0
2021-01-29,94026,0,506370,0
2021-01-30,86570,0,592940,0
2021-01-31,57339,0,650279,0
2021-02-01,81874,0,732153,0
2021-02-02,82146,0,814299,0
2021-02-03,91194,0,905493,0
2021-02-04,95399,0,1000892,0
2021-02-05,90277,0,1091169,0
2021-02-06,63450,0,1154619,0
2021-02-07,32928,0,1187547,0
2021-02-08,40431,0,1227978,0
2021-02-09,32864,0,1260842,0
2021-02-10,28422,0,1289264,0
2021-02-11,20391,0,1309655,0
2021-02-12,16230,0,1325885,0
2021-02-13,7252,0,1333137,0
2021-02-14,2861,0,1335998,0
2021-02-15,6837,0,1342835,0
2021-02-16,6994,0,1349829,0
2021-02-17,10519,0,1360348,0
2021-02-18,9247,0,1369595,0
2021-02-19,8239,0,1377834,0
2021-02-20,5544,0,1383378,0
2021-02-21,2986,0,1386364,0
2021-02-22,6883,0,1393247,0
2021-02-23,7165,0,1400412,0
2021-02-24,9825,0,1410237,0
2021-02-25,14203,0,1424440,0
2021-02-26,17553,0,1441993,0
2021-02-27,13904,0,1455897,0
2021-02-28,9386,0,1465283,0
2021-03-01,26509,0,1491792,0
2021-03-02,33239,0,1525031,0
2021-03-03,44642,0,1569673,0
2021-03-04,50288,0,1619961,0
2021-03-05,55734,0,1675695,0
2021-03-06,41877,0,1717572,0
2021-03-07,22325,0,1739897,0
2021-03-08,50797,0,1790694,0
2021-03-09,53062,0,1843756,0
2021-03-10,58631,0,1902387,0
2021-03-11,63845,0,1966232,0
2021-03-12,65101,0,2031333,0
2021-03-13,51707,0,2083040,0
2021-03-14,35387,0,2118427,0
2021-03-15,73424,0,2191851,0
2021-03-16,74023,0,2265874,0
2021-03-17,83130,0,2349004,0
2021-03-18,81623,0,2430627,0
2021-03-19,81081,0,2511708,0
2021-03-20,64712,0,2576420,0
2021-03-21,47287,0,2623707,0
2021-03-22,69474,0,2693181,0
2021-03-23,75780,0,2768961,0
2021-03-24,90892,0,2859853,0
2021-03-25,89788,0,2949641,0
2021-03-26,83603,0,3033244,0
2021-03-27,71924,0,3105168,0
2021-03-28,44132,0,3149300,0
2021-03-29,70809,0,3220109,0
2021-03-30,81366,0,3301475,0
2021-03-31,96219,0,3397694,0
2021-04-01,95294,0,3492988,0
2021-04-02,84067,0,3577055,0
2021-04-03,64296,0,3641351,0
2021-04-04,21717,0,3663068,0
2021-04-05,40300,0,3703368,0
2021-04-06,81303,0,3784671,0
2021-04-07,95809,0,3880480,0
2021-04-08,95227,0,3975707,0
2021-04-09,88484,0,4064191,0
2021-04-10,74028,0,4138219,0
2021-04-11,44756,0,4182975,0
2021-04-12,66909,0,4249884,0
2021-04-13,72562,0,4322446,0
2021-04-14,85522,0,4407968,0
2021-04-15,105404,0,4513372,0
2021-04-16,106412,0,4619784,0
2021-04-17,90494,0,4710278,0
2021-04-18,58584,0,4768862,0
2021-04-19,93425,0,4862287,0
2021-04-20,103761,0,4966048,0
2021-04-21,125332,0,5091380,0
2021-04-22,143501,0,5234881,0
2021-04-23,138717,0,5373598,0
2021-04-24,124436,0,5498034,0
2021-04-25,61452,0,5559486,0
2021-04-26,97878,0,5657364,0
2021-04-27,128353,0,5785717,0
2021-04-28,156353,0,5942070,0
2021-04-29,195581,0,6137651,0
2021-04-30,214559,0,6352210,0
2021-05-01,174090,0,6526300,0
2021-05-02,135795,0,6662095,0
2021-05-03,142004,0,6804099,0
2021-05-04,158678,0,6962777,0
2021-05-05,170472,0,7133249,0
2021-05-06,197790,0,7331039,0
2021-05-07,213809,0,7544848,0
2021-05-08,213385,0,7758233,0
2021-05-09,143197,0,7901430,0
2021-05-10,165083,0,8066513,0
2021-05-11,174960,0,8241473,0
2021-05-12,179158,0,8420631,0
2021-05-13,203361,0,8623992,0
2021-05-14,222895,0,8846887,0
2021-05-15,210343,0,9057230,0
2021-05-16,159266,0,9216496,0
2021-05-17,219176,0,9435672,0
2021-05-18,213000,0,9648672,0
2021-05-19,207070,0,9855742,0
2021-05-20,270836,0,10126578,0
2021-05-21,270863,0,10397441,0
2021-05-22,245519,0,10642960,0
2021-05-23,197174,0,10840134,0
2021-05-24,228292,0,11068426,0
2021-05-25,245687,0,11314113,0
2021-05-26,277478,0,11591591,0
2021-05-27,311076,0,11902667,0
2021-05-28,299565,0,12202232,0
2021-05-29,231199,0,12433431,0
2021-05-30,170827,0,12604258,0
2021-05-31,216413,0,12820671,0
2021-06-01,207631,0,13028302,0
2021-06-02,115774,0,13144076,0
2021-06-03,180113,0,13324189,0
2021-06-04,184855,0,13509044,0
2021-06-05,185934,0,13694978,0
2021-06-06,139517,0,13834495,0
2021-06-07,161845,0,13996340,0
2021-06-08,171172,0,14167512,0
2021-06-09,171444,0,14338956,0
2021-06-10,174046,0,14513002,0
2021-06-11,169941,0,14682943,0
2021-06-12,128307,0,14811250,0
2021-06-13,91142,0,14902392,0
2021-06-14,214645,0,15117037,0
2021-06-15,228390,0,15345427,0
2021-06-16,253039,0,15598466,0
2021-06-17,301699,0,15900165,0
2021-06-18,306268,0,16206433,0
2021-06-19,275056,0,16481489,0
2021-06-20,220734,0,16702223,0
2021-06-21,288038,0,16990261,0
2021-06-22,296184,0,17286445,0
2021-06-23,302665,0,17589110,0
2021-06-24,332560,0,17921670,0
2021-06-25,348695,0,18270365,0
2021-06-26,300088,0,18570453,0
2021-06-27,228618,0,18799071,0
2021-06-28,307042,0,19106113,0
2021-06-29,329242,0,19435355,0
2021-06-30,342106,0,19777461,0
2021-07-01,363160,0,20140621,0
2021-07-02,368430,0,20509051,0
2021-07-03,371072,0,20880123,0
2021-07-04,283196,0,21163319,0
2021-07-05,384505,0,21547824,0
2021-07-06,385435,0,21933259,0
2021-07-07,412067,0,22345326,0
2021-07-08,479620,0,22824946,0
2021-07-09,498482,0,23323428,0
2021-07-10,475179,0,23798607,0
2021-07-11,357702,0,24156309,0
2021-07-12,485905,0,24642214,0
2021-07-13,492144,0,25134358,0
2021-07-14,480474,0,25614832,0
2021-07-15,523484,0,26138316,0
2021-07-16,509784,0,26648100,0
2021-07-17,464369,0,27112469,0
2021-07-18,364694,0,27477163,0
2021-07-19,463071,0,27940234,0
2021-07-20,458084,0,28398318,0
2021-07-21,462814,0,28861132,0
2021-07-22,475404,0,29336536,0
2021-07-23,441309,0,29777845,0
2021-07-24,386196,0,30164041,0
2021-07-25,287600,0,30451641,0
2021-07-26,430892,0,30882533,0
2021-07-27,440130,0,31322663,0
2021-07-28,391019,0,31713682,0
2021-07-29,372084,0,32085766,0
2021-07-30,341523,0,32427289,0
2021-07-31,287029,0,32714318,0
2021-08-01,191017,0,32905335,0
2021-08-02,333730,0,33239065,0
2021-08-03,323190,0,33562255,0
2021-08-04,310976,0,33873231,0
2021-08-05,292512,0,34165743,0
2021-08-06,260018,0,34425761,0
2021-08-07,199052,0,34624813,0
2021-08-08,153106,0,34777919,0
2021-08-09,234082,0,35012001,0
2021-08-10,205249,0,35217250,0
2021-08-11,193765,0,35411015,0
2021-08-12,167984,0,35578999,0
2021-08-13,148603,0,35727602,0
2021-08-14,66090,0,35793692,0
2021-08-15,26335,0,35820027,0
2021-08-16,114679,0,35934706,0
2021-08-17,129243,0,36063949,0
2021-08-18,128742,0,36192691,0
2021-08-19,124797,0,36317488,0
2021-08-20,123797,0,36441285,0
2021-08-21,83119,0,36524404,0
2021-08-22,68167,0,36592571,0
2021-08-23,176874,0,36769445,0
2021-08-24,156910,0,36926355,0
2021-08-25,177169,0,37103524,0
2021-08-26,172349,0,37275873,0
2021-08-27,185842,0,37461715,0
2021-08-28,140270,0,37601985,0
2021-08-29,98999,0,37700984,0
2021-08-30,209632,0,37910616,0
2021-08-31,194633,0,38105249,0
2021-09-01,192217,0,38297466,0
2021-09-02,189944,0,38487410,0
2021-09-03,191339,0,38678749,0
2021-09-04,131480,0,38810229,0
2021-09-05,87869,0,38898098,0
2021-09-06,193658,0,39091756,0
2021-09-07,196064,0,39287820,0
2021-09-08,187909,0,39475729,0
2021-09-09,201475,0,39677204,0
2021-09-10,198107,0,39875311,0
2021-09-11,141326,0,40016637,0
2021-09-12,89601,0,40106238,0
2021-09-13,191169,555,40297407,555
2021-09-14,177261,577,40474668,1132
2021-09-15,163126,580,40637794,1712
2021-09-16,160097,925,40797891,2637
2021-09-17,150182,1113,40948073,3750
2021-09-18,127980,738,41076053,4488
2021-09-19,81133,492,41157186,4980
2021-09-20,180084,9073,41337270,14053
2021-09-21,166637,8832,41503907,22885
2021-09-22,159084,9436,41662991,32321
2021-09-23,138088,9320,41801079,41641
2021-09-24,140545,8954,41941624,50595
2021-09-25,119559,5635,42061183,56230
2021-09-26,71958,4340,42133141,60570
2021-09-27,135644,10048,42268785,70618
2021-09-28,117499,11383,42386284,82001
2021-09-29,112338,11826,42498622,93827
2021-09-30,110234,14946,42608856,108773
2021-10-01,94979,19106,42703835,127879
2021-10-02,78487,14013,42782322,141892
2021-10-03,47739,7656,42830061,149548
2021-10-04,88379,34444,42918440,183992
2021-10-05,80368,33970,42998808,217962
2021-10-06,71988,34162,43070796,252124
2021-10-07,71854,34346,43142650,286470
2021-10-08,80627,33589,43223277,320059
2021-10-09,76104,22169,43299381,342228
2021-10-10,45776,13615,43345157,355843
2021-10-11,87419,41104,43432576,396947
2021-10-12,84492,46897,43517068,443844
2021-10-13,88196,52113,43605264,495957
2021-10-14,91532,58507,43696796,554464
2021-10-15,93594,55625,43790390,610089
2021-10-16,82968,36780,43873358,646869
2021-10-17,51466,23827,43924824,670696
2021-10-18,90294,59482,44015118,730178
2021-10-19,78347,69371,44093465,799549
2021-10-20,75076,78166,44168541,877715
2021-10-21,78303,81753,44246844,959468
2021-10-22,73790,77022,44320634,1036490
2021-10-23,60816,51954,44381450,1088444
2021-10-24,33378,23454,44414828,1111898
2021-10-25,64905,81622,44479733,1193520
2021-10-26,58376,91777,44538109,1285297
2021-10-27,58330,103969,44596439,1389266
2021-10-28,61468,114101,44657907,1503367
2021-10-29,61662,103109,44719569,1606476
2021-10-30,50673,68114,44770242,1674590
2021-10-31,25164,28289,44795406,1702879
2021-11-01,19046,28148,44814452,1731027
2021-11-02,62769,89373,44877221,1820400
2021-11-03,60741,118657,44937962,1939057
2021-11-04,59244,126664,44997206,2065721
2021-11-05,63095,135169,45060301,2200890
2021-11-06,46475,90923,45106776,2291813
2021-11-07,22253,37894,45129029,2329707
2021-11-08,51530,131261,45180559,2460968
2021-11-09,45402,144199,45225961,2605167
2021-11-10,42581,156345,45268542,2761512
2021-11-11,44935,155134,45313477,2916646
2021-11-12,46372,158575,45359849,3075221
2021-11-13,33254,116650,45393103,3191871
2021-11-14,14481,52446,45407584,3244317
2021-11-15,36895,157426,45444479,3401743
2021-11-16,30548,171376,45475027,3573119
2021-11-17,28451,178436,45503478,3751555
2021-11-18,30283,193717,45533761,3945272
2021-11-19,28800,205849,45562561,4151121
2021-11-20,20994,156434,45583555,4307555
2021-11-21,10612,64857,45594167,4372412
2021-11-22,21936,213139,45616103,4585551
2021-11-23,23568,241743,45639671,4827294
2021-11-24,27840,270945,45667511,5098239
2021-11-25,23232,301901,45690743,5400140
2021-11-26,24581,318262,45715324,5718402
2021-11-27,21381,266150,45736705,5984552
2021-11-28,9899,137056,45746604,6121608
2021-11-29,22324,326061,45768928,6447669
2021-11-30,23084,365823,45792012,6813492
2021-12-01,21517,413501,45813529,7226993
2021-12-02,23755,440379,45837284,7667372
2021-12-03,25250,467456,45862534,8134828
2021-12-04,22357,418729,45884891,8553557
2021-12-05,11916,261329,45896807,8814886
2021-12-06,25820,457560,45922627,9272446
2021-12-07,24125,480250,45946752,9752696
2021-12-08,10003,249680,45956755,10002376
2021-12-09,31572,491919,45988327,10494295
2021-12-10,28060,517868,46016387,11012163
2021-12-11,23556,459241,46039943,11471404
2021-12-12,12303,293497,46052246,11764901
2021-12-13,26145,467623,46078391,12232524
2021-12-14,25169,494188,46103560,12726712
2021-12-15,25323,517131,46128883,13243843
2021-12-16,27875,520240,46156758,13764083
2021-12-17,29355,517163,46186113,14281246
2021-12-18,27036,468715,46213149,14749961
2021-12-19,15137,300516,46228286,15050477
2021-12-20,30616,477473,46258902,15527950
2021-12-21,30359,493382,46289261,16021332
2021-12-22,29434,484700,46318695,16506032
2021-12-23,28235,426894,46346930,16932926
2021-12-24,13113,210820,46360043,17143746
2021-12-25,2100,33053,46362143,17176799
2021-12-26,8760,159065,46370903,17335864
2021-12-27,46771,504652,46417674,17840516
2021-12-28,42436,554205,46460110,18394721
2021-12-29,34328,550627,46494438,18945348
2021-12-30,31813,499823,46526251,19445171
2021-12-31,14110,247393,46540361,19692564
2022-01-01,3493,64813,46543854,19757377
2022-01-02,22749,276719,46566603,20034096
2022-01-03,47826,520008,46614429,20554104
2022-01-04,46324,572079,46660753,21126183
2022-01-05,40705,560388,46701458,21686571
2022-01-06,23462,274483,46724920,21961054
2022-01-07,63659,554179,46788579,22515233
2022-01-08,60809,503377,46849388,23018610
2022-01-09,42793,319687,46892181,23338297
2022-01-10,61033,542276,46953214,23880573
2022-01-11,61670,586984,47014884,24467557
2022-01-12,58394,581276,47073278,25048833
2022-01-13,58564,580376,47131842,25629209
2022-01-14,46733,588567,47178575,26217776
2022-01-15,39337,569938,47217912,26787714
2022-01-16,31149,341847,47249061,27129561
2022-01-17,54733,489648,47303794,27619209
2022-01-18,58352,517009,47362146,28136218
2022-01-19,57156,502783,47419302,28639001
2022-01-20,54302,498813,47473604,29137814
2022-01-21,42036,493869,47515640,29631683
2022-01-22,31127,469593,47546767,30101276
2022-01-23,34903,275365,47581670,30376641
2022-01-24,56150,437213,47637820,30813854
2022-01-25,61526,452087,47699346,31265941
2022-01-26,58509,435817,47757855,31701758
2022-01-27,48805,432353,47806660,32134111
2022-01-28,58661,436532,47865321,32570643
2022-01-29,68087,412487,47933408,32983130
2022-01-30,50355,235969,47983763,33219099
2022-01-31,60593,356922,48044356,33576021
2022-02-01,65515,328434,48109871,33904455
2022-02-02,63163,296966,48173034,34201421
2022-02-03,60030,274512,48233064,34475933
2022-02-04,72348,268453,48305412,34744386
2022-02-05,83733,248529,48389145,34992915
2022-02-06,55272,116199,48444417,35109114
2022-02-07,65118,199937,48509535,35309051
2022-02-08,66912,186103,48576447,35495154
2022-02-09,58742,166331,48635189,35661485
2022-02-10,58542,163231,48693731,35824716
2022-02-11,62224,162455,48755955,35987171
2022-02-12,71955,152135,48827910,36139306
2022-02-13,41464,68849,48869374,36208155
2022-02-14,46668,116187,48916042,36324342
2022-02-15,48514,123480,48964556,36447822
2022-02-16,45667,106114,49010223,36553936
2022-02-17,42850,98106,49053073,36652042
2022-02-18,46598,112569,49099671,36764611
2022-02-19,52519,100327,49152190,36864938
2022-02-20,31410,40360,49183600,36905298
2022-02-21,37888,89643,49221488,36994941
2022-02-22,37212,83768,49258700,37078709
2022-02-23,33377,79405,49292077,37158114
2022-02-24,32551,78160,49324628,37236274
2022-02-25,34748,90706,49359376,37326980
2022-02-26,39147,89132,49398523,37416112
2022-02-27,22540,35855,49421063,37451967
2022-02-28,28470,81691,49449533,37533658
2022-03-01,22705,53937,49472238,37587595
2022-03-02,21991,50627,49494229,37638222
2022-03-03,22605,54941,49516834,37693163
2022-03-04,23217,62793,49540051,37755956
2022-03-05,23782,57954,49563833,37813910
2022-03-06,9471,17200,49573304,37831110
2022-03-07,15899,51390,49589203,37882500
2022-03-08,15456,48797,49604659,37931297
2022-03-09,13805,46515,49618464,37977812
2022-03-10,14039,52115,49632503,38029927
2022-03-11,15571,57252,49648074,38087179
2022-03-12,15492,56614,49663566,38143793
2022-03-13,5542,16849,49669108,38160642
2022-03-14,10518,46693,49679626,38207335
2022-03-15,10534,46892,49690160,38254227
2022-03-16,9472,41978,49699632,38296205
2022-03-17,9703,44876,49709335,38341081
2022-03-18,10152,49053,49719487,38390134
2022-03-19,9146,46533,49728633,38436667
2022-03-20,2607,11700,49731240,38448367
2022-03-21,7575,40223,49738815,38488590
2022-03-22,8443,37751,49747258,38526341
2022-03-23,7207,33698,49754465,38560039
2022-03-24,8251,38797,49762716,38598836
2022-03-25,8129,43665,49770845,38642501
2022-03-26,8120,41723,49778965,38684224
2022-03-27,2428,9683,49781393,38693907
2022-03-28,6099,35230,49787492,38729137
2022-03-29,5773,32523,49793265,38761660
2022-03-30,5557,30195,49798822,38791855
2022-03-31,5886,33177,49804708,38825032
2022-04-01,4342,25187,49809050,38850219
2022-04-02,4489,23273,49813539,38873492
2022-04-03,1049,4499,49814588,38877991
2022-04-04,3654,21532,49818242,38899523
2022-04-05,3747,22925,49821989,38922448
2022-04-06,4098,21845,49826087,38944293
2022-04-07,3958,23321,49830045,38967614
2022-04-08,4687,26710,49834732,38994324
2022-04-09,4376,23885,49839108,39018209
2022-04-10,893,4614,49840001,39022823
2022-04-11,3811,22685,49843812,39045508
2022-04-12,3358,21779,49847170,39067287
2022-04-13,3559,21331,49850729,39088618
2022-04-14,3483,23776,49854212,39112394
2022-04-15,3078,20618,49857290,39133012
2022-04-16,2149,11921,49859439,39144933
2022-04-17,63,348,49859502,39145281
2022-04-18,149,650,49859651,39145931
2022-04-19,3490,21978,49863141,39167909
2022-04-20,3500,20248,49866641,39188157
2022-04-21,2840,19781,49869481,39207938
2022-04-22,2921,20696,49872402,39228634
2022-04-23,2637,16210,49875039,39244844
2022-04-24,509,2335,49875548,39247179
2022-04-25,183,1165,49875731,39248344
2022-04-26,2760,17792,49878491,39266136
2022-04-27,2367,15784,49880858,39281920
2022-04-28,2353,15552,49883211,39297472
2022-04-29,2291,14835,49885502,39312307
2022-04-30,2121,11576,49887623,39323883
2022-05-01,113,530,49887736,39324413
2022-05-02,1445,9384,49889181,39333797
2022-05-03,1574,10308,49890755,39344105
2022-05-04,1744,10257,49892499,39354362
2022-05-05,1650,10273,49894149,39364635
2022-05-06,1698,10946,49895847,39375581
2022-05-07,1431,8562,49897278,39384143
2022-05-08,404,1514,49897682,39385657
2022-05-09,1024,8917,49898706,39394574
2022-05-10,1421,9537,49900127,39404111
2022-05-11,1480,10087,49901607,39414198
2022-05-12,1368,10119,49902975,39424317
2022-05-13,1587,10510,49904562,39434827
2022-05-14,1357,8228,49905919,39443055
2022-05-15,336,1129,49906255,39444184
2022-05-16,812,8388,49907067,39452572
2022-05-17,1241,8672,49908308,39461244
2022-05-18,1368,9216,49909676,39470460
2022-05-19,1498,9268,49911174,39479728
2022-05-20,1419,9494,49912593,39489222
2022-05-21,1299,7892,49913892,39497114
2022-05-22,231,1012,49914123,39498126
2022-05-23,826,8261,49914949,39506387
2022-05-24,1071,8666,49916020,39515053
2022-05-25,1365,9445,49917385,39524498
2022-05-26,1194,9454,49918579,39533952
2022-05-27,1225,9911,49919804,39543863
2022-05-28,1202,7873,49921006,39551736
2022-05-29,285,1264,49921291,39553000
2022-05-30,930,8026,49922221,39561026
2022-05-31,1033,8531,49923254,39569557
2022-06-01,891,7644,49924145,39577201
2022-06-02,35,474,49924180,39577675
2022-06-03,814,7328,49924994,39585003
2022-06-04,870,5155,49925864,39590158
2022-06-05,89,586,49925953,39590744
2022-06-06,672,6984,49926625,39597728
2022-06-07,930,7842,49927555,39605570
2022-06-08,982,7898,49928537,39613468
2022-06-09,1034,8406,49929571,39621874
2022-06-10,957,8550,49930528,39630424
2022-06-11,900,6207,49931428,39636631
2022-06-12,140,767,49931568,39637398
2022-06-13,603,6295,49932171,39643693
2022-06-14,826,7881,49932997,39651574
2022-06-15,951,7845,49933948,39659419
2022-06-16,728,7386,49934676,39666805
2022-06-17,719,7239,49935395,39674044
2022-06-18,777,5589,49936172,39679633
2022-06-19,47,522,49936219,39680155
2022-06-20,588,6694,49936807,39686849
2022-06-21,733,7645,49937540,39694494
2022-06-22,780,7304,49938320,39701798
2022-06-23,649,7457,49938969,39709255
2022-06-24,644,7473,49939613,39716728
2022-06-25,835,6532,49940448,39723260
2022-06-26,128,523,49940576,39723783
2022-06-27,532,7119,49941108,39730902
2022-06-28,745,8208,49941853,39739110
2022-06-29,755,7718,49942608,39746828
2022-06-30,744,8131,49943352,39754959
2022-07-01,576,6437,49943928,39761396
2022-07-02,536,4765,49944464,39766161
2022-07-03,49,456,49944513,39766617
2022-07-04,469,6269,49944982,39772886
2022-07-05,625,8112,49945607,39780998
2022-07-06,628,7605,49946235,39788603
2022-07-07,567,8254,49946802,39796857
2022-07-08,670,8078,49947472,39804935
2022-07-09,549,6104,49948021,39811039
2022-07-10,58,533,49948079,39811572
2022-07-11,486,7637,49948565,39819209
2022-07-12,662,9001,49949227,39828210
2022-07-13,638,10058,49949865,39838268
2022-07-14,636,10219,49950501,39848487
2022-07-15,623,10664,49951124,39859151
2022-07-16,521,7207,49951645,39866358
2022-07-17,48,769,49951693,39867127
2022-07-18,497,9349,49952190,39876476
2022-07-19,574,10649,49952764,39887125
2022-07-20,576,11256,49953340,39898381
2022-07-21,625,12033,49953965,39910414
2022-07-22,582,11221,49954547,39921635
2022-07-23,379,6740,49954926,39928375
2022-07-24,76,834,49955002,39929209
2022-07-25,500,9031,49955502,39938240
2022-07-26,518,9724,49956020,39947964
2022-07-27,546,10149,49956566,39958113
2022-07-28,527,10475,49957093,39968588
2022-07-29,510,9416,49957603,39978004
2022-07-30,380,5852,49957983,39983856
2022-07-31,49,745,49958032,39984601
2022-08-01,386,6822,49958418,39991423
2022-08-02,537,7513,49958955,39998936
2022-08-03,509,7138,49959464,40006074
2022-08-04,449,7415,49959913,40013489
2022-08-05,416,6477,49960329,40019966
2022-08-06,297,3581,49960626,40023547
2022-08-07,44,550,49960670,40024097
2022-08-08,395,4871,49961065,40028968
2022-08-09,383,5266,49961448,40034234
2022-08-10,373,4778,49961821,40039012
2022-08-11,361,4755,49962182,40043767
2022-08-12,287,3698,49962469,40047465
2022-08-13,141,1595,49962610,40049060
2022-08-14,9,128,49962619,40049188
2022-08-15,1,24,49962620,40049212
2022-08-16,281,3021,49962901,40052233
2022-08-17,351,3513,49963252,40055746
2022-08-18,384,4140,49963636,40059886
2022-08-19,338,3300,49963974,40063186
2022-08-20,182,1711,49964156,40064897
2022-08-21,24,146,49964180,40065043
2022-08-22,326,2928,49964506,40067971
2022-08-23,371,3644,49964877,40071615
2022-08-24,381,3320,49965258,40074935
2022-08-25,416,3701,49965674,40078636
2022-08-26,391,3526,49966065,40082162
2022-08-27,233,1766,49966298,40083928
2022-08-28,29,260,49966327,40084188
2022-08-29,352,3132,49966679,40087320
2022-08-30,398,3628,49967077,40090948
2022-08-31,423,3687,49967500,40094635
2022-09-01,351,3050,49967851,40097685
2022-09-02,285,2850,49968136,40100535
2022-09-03,197,1682,49968333,40102217
2022-09-04,22,147,49968355,40102364
2022-09-05,184,2608,49968539,40104972
2022-09-06,297,2912,49968836,40107884
2022-09-07,374,2704,49969210,40110588
2022-09-08,173,1305,49969383,40111893