data_somministrazione,vaccinazioni,booster,cum_vaccinazioni,cum_booster
2020-12-27,18,0,18,0
2020-12-28,2,0,20,0
2020-12-29,1,0,21,0
2020-12-30,6,0,27,0
2020-12-31,54,0,81,0
2021-01-01,21,0,102,0
2021-01-02,93,0,195,0
2021-01-03,70,0,265,0
2021-01-04,186,0,451,0
2021-01-05,227,0,678,0
2021-01-06,179,0,857,0
2021-01-07,267,0,1124,0
2021-01-08,315,0,1439,0
2021-01-09,234,0,1673,0
2021-01-10,139,0,1812,0
2021-01-11,257,0,2069,0
2021-01-12,259,0,2328,0
2021-01-13,375,0,2703,0
2021-01-14,461,0,3164,0
2021-01-15,284,0,3448,0
2021-01-16,200,0,3648,0
2021-01-17,3055,0,6703,0
2021-01-18,5206,0,11909,0
2021-01-19,1890,0,13799,0
2021-01-20,4651,0,18450,0
2021-01-21,20007,0,38457,0
2021-01-22,14201,0,52658,0
2021-01-23,33340,0,85998,0
2021-01-24,30794,0,116792,0
2021-01-25,64744,0,181536,0
2021-01-26,76506,0,258042,0
2021-01-27,64851,0,322893,0
2021-01-28,89311,0,412204,0
2021-01-29,94045,0,506249,0
2021-01-30,86584,0,592833,0
2021-01-31,57344,0,650177,0
2021-02-01,81880,0,732057,0
2021-02-02,82149,0,814206,0
2021-02-03,91201,0,905407,0
2021-02-04,95405,0,1000812,0
2021-02-05,90290,0,1091102,0
2021-02-06,63451,0,1154553,0
2021-02-07,32925,0,1187478,0
2021-02-08,40432,0,1227910,0
2021-02-09,32864,0,1260774,0
2021-02-10,28414,0,1289188,0
2021-02-11,20381,0,1309569,0
2021-02-12,16220,0,1325789,0
2021-02-13,7244,0,1333033,0
2021-02-14,2861,0,1335894,0
2021-02-15,6835,0,1342729,0
2021-02-16,6990,0,1349719,0
2021-02-17,10518,0,1360237,0
2021-02-18,9243,0,1369480,0
2021-02-19,8231,0,1377711,0
2021-02-20,5533,0,1383244,0
2021-02-21,2977,0,1386221,0
2021-02-22,6877,0,1393098,0
2021-02-23,7154,0,1400252,0
2021-02-24,9822,0,1410074,0
2021-02-25,14199,0,1424273,0
2021-02-26,17548,0,1441821,0
2021-02-27,13894,0,1455715,0
2021-02-28,9384,0,1465099,0
2021-03-01,26504,0,1491603,0
2021-03-02,33231,0,1524834,0
2021-03-03,44643,0,1569477,0
2021-03-04,50288,0,1619765,0
2021-03-05,55734,0,1675499,0
2021-03-06,41872,0,1717371,0
2021-03-07,22320,0,1739691,0
2021-03-08,50787,0,1790478,0
2021-03-09,53057,0,1843535,0
2021-03-10,58620,0,1902155,0
2021-03-11,63824,0,1965979,0
2021-03-12,65089,0,2031068,0
2021-03-13,51698,0,2082766,0
2021-03-14,35383,0,2118149,0
2021-03-15,73421,0,2191570,0
2021-03-16,74022,0,2265592,0
2021-03-17,83128,0,2348720,0
2021-03-18,81618,0,2430338,0
2021-03-19,81077,0,2511415,0
2021-03-20,64701,0,2576116,0
2021-03-21,47285,0,2623401,0
2021-03-22,69467,0,2692868,0
2021-03-23,75776,0,2768644,0
2021-03-24,90880,0,2859524,0
2021-03-25,89777,0,2949301,0
2021-03-26,83600,0,3032901,0
2021-03-27,71907,0,3104808,0
2021-03-28,44116,0,3148924,0
2021-03-29,70797,0,3219721,0
2021-03-30,81346,0,3301067,0
2021-03-31,96202,0,3397269,0
2021-04-01,95288,0,3492557,0
2021-04-02,84063,0,3576620,0
2021-04-03,64294,0,3640914,0
2021-04-04,21715,0,3662629,0
2021-04-05,40294,0,3702923,0
2021-04-06,81290,0,3784213,0
2021-04-07,95794,0,3880007,0
2021-04-08,95218,0,3975225,0
2021-04-09,88468,0,4063693,0
2021-04-10,74019,0,4137712,0
2021-04-11,44744,0,4182456,0
2021-04-12,66901,0,4249357,0
2021-04-13,72553,0,4321910,0
2021-04-14,85515,0,4407425,0
2021-04-15,105396,0,4512821,0
2021-04-16,106403,0,4619224,0
2021-04-17,90479,0,4709703,0
2021-04-18,58580,0,4768283,0
2021-04-19,93426,0,4861709,0
2021-04-20,103757,0,4965466,0
2021-04-21,125321,0,5090787,0
2021-04-22,143500,0,5234287,0
2021-04-23,138706,0,5372993,0
2021-04-24,124428,0,5497421,0
2021-04-25,61448,0,5558869,0
2021-04-26,97871,0,5656740,0
2021-04-27,128346,0,5785086,0
2021-04-28,156347,0,5941433,0
2021-04-29,195569,0,6137002,0
2021-04-30,214550,0,6351552,0
2021-05-01,174084,0,6525636,0
2021-05-02,135787,0,6661423,0
2021-05-03,141994,0,6803417,0
2021-05-04,158678,0,6962095,0
2021-05-05,170461,0,7132556,0
2021-05-06,197783,0,7330339,0
2021-05-07,213797,0,7544136,0
2021-05-08,213369,0,7757505,0
2021-05-09,143188,0,7900693,0
2021-05-10,165067,0,8065760,0
2021-05-11,174943,0,8240703,0
2021-05-12,179127,0,8419830,0
2021-05-13,203342,0,8623172,0
2021-05-14,222883,0,8846055,0
2021-05-15,210324,0,9056379,0
2021-05-16,159251,0,9215630,0
2021-05-17,219170,0,9434800,0
2021-05-18,212990,0,9647790,0
2021-05-19,207052,0,9854842,0
2021-05-20,270831,0,10125673,0
2021-05-21,270848,0,10396521,0
2021-05-22,245507,0,10642028,0
2021-05-23,197168,0,10839196,0
2021-05-24,228284,0,11067480,0
2021-05-25,245676,0,11313156,0
2021-05-26,277473,0,11590629,0
2021-05-27,311067,0,11901696,0
2021-05-28,299547,0,12201243,0
2021-05-29,231186,0,12432429,0
2021-05-30,170808,0,12603237,0
2021-05-31,216391,0,12819628,0
2021-06-01,207619,0,13027247,0
2021-06-02,115757,0,13143004,0
2021-06-03,180078,0,13323082,0
2021-06-04,184824,0,13507906,0
2021-06-05,185902,0,13693808,0
2021-06-06,139491,0,13833299,0
2021-06-07,161804,0,13995103,0
2021-06-08,171132,0,14166235,0
2021-06-09,171394,0,14337629,0
2021-06-10,173999,0,14511628,0
2021-06-11,169907,0,14681535,0
2021-06-12,128287,0,14809822,0
2021-06-13,91114,0,14900936,0
2021-06-14,214619,0,15115555,0
2021-06-15,228355,0,15343910,0
2021-06-16,253014,0,15596924,0
2021-06-17,301679,0,15898603,0
2021-06-18,306234,0,16204837,0
2021-06-19,275027,0,16479864,0
2021-06-20,220704,0,16700568,0
2021-06-21,288014,0,16988582,0
2021-06-22,296168,0,17284750,0
2021-06-23,302649,0,17587399,0
2021-06-24,332536,0,17919935,0
2021-06-25,348680,0,18268615,0
2021-06-26,300076,0,18568691,0
2021-06-27,228601,0,18797292,0
2021-06-28,307016,0,19104308,0
2021-06-29,329207,0,19433515,0
2021-06-30,342076,0,19775591,0
2021-07-01,363134,0,20138725,0
2021-07-02,368420,0,20507145,0
2021-07-03,371054,0,20878199,0
2021-07-04,283184,0,21161383,0
2021-07-05,384496,0,21545879,0
2021-07-06,385422,0,21931301,0
2021-07-07,412048,0,22343349,0
2021-07-08,479632,0,22822981,0
2021-07-09,498506,0,23321487,0
2021-07-10,475181,0,23796668,0
2021-07-11,357703,0,24154371,0
2021-07-12,485920,0,24640291,0
2021-07-13,492158,0,25132449,0
2021-07-14,480483,0,25612932,0
2021-07-15,523516,0,26136448,0
2021-07-16,509792,0,26646240,0
2021-07-17,464376,0,27110616,0
2021-07-18,364706,0,27475322,0
2021-07-19,463081,0,27938403,0
2021-07-20,458098,0,28396501,0
2021-07-21,462821,0,28859322,0
2021-07-22,475399,0,29334721,0
2021-07-23,441311,0,29776032,0
2021-07-24,386189,0,30162221,0
2021-07-25,287609,0,30449830,0
2021-07-26,430908,0,30880738,0
2021-07-27,440129,0,31320867,0
2021-07-28,391025,0,31711892,0
2021-07-29,372080,0,32083972,0
2021-07-30,341491,0,32425463,0
2021-07-31,286999,0,32712462,0
2021-08-01,191020,0,32903482,0
2021-08-02,333726,0,33237208,0
2021-08-03,323183,0,33560391,0
2021-08-04,310966,0,33871357,0
2021-08-05,292512,0,34163869,0
2021-08-06,259992,0,34423861,0
2021-08-07,199035,0,34622896,0
2021-08-08,153101,0,34775997,0
2021-08-09,234072,0,35010069,0
2021-08-10,205243,0,35215312,0
2021-08-11,193739,0,35409051,0
2021-08-12,167955,0,35577006,0
2021-08-13,148586,0,35725592,0
2021-08-14,66082,0,35791674,0
2021-08-15,26331,0,35818005,0
2021-08-16,114665,0,35932670,0
2021-08-17,129234,0,36061904,0
2021-08-18,128724,0,36190628,0
2021-08-19,124776,0,36315404,0
2021-08-20,123779,0,36439183,0
2021-08-21,83107,0,36522290,0
2021-08-22,68162,0,36590452,0
2021-08-23,176868,0,36767320,0
2021-08-24,156897,0,36924217,0
2021-08-25,177164,0,37101381,0
2021-08-26,172347,0,37273728,0
2021-08-27,185858,0,37459586,0
2021-08-28,140270,0,37599856,0
2021-08-29,99008,0,37698864,0
2021-08-30,209636,0,37908500,0
2021-08-31,194627,0,38103127,0
2021-09-01,192215,0,38295342,0
2021-09-02,189941,0,38485283,0
2021-09-03,191351,0,38676634,0
2021-09-04,131493,0,38808127,0
2021-09-05,87876,0,38896003,0
2021-09-06,193666,0,39089669,0
2021-09-07,196077,0,39285746,0
2021-09-08,187916,0,39473662,0
2021-09-09,201483,0,39675145,0
2021-09-10,198119,0,39873264,0
2021-09-11,141333,0,40014597,0
2021-09-12,89603,0,40104200,0
2021-09-13,191189,521,40295389,521
2021-09-14,177274,555,40472663,1076
2021-09-15,163129,558,40635792,1634
2021-09-16,160103,901,40795895,2535
2021-09-17,150172,1097,40946067,3632
2021-09-18,127977,719,41074044,4351
2021-09-19,81130,483,41155174,4834
2021-09-20,180077,9055,41335251,13889
2021-09-21,166618,8819,41501869,22708
2021-09-22,159071,9417,41660940,32125
2021-09-23,138069,9308,41799009,41433
2021-09-24,140530,8943,41939539,50376
2021-09-25,119539,5624,42059078,56000
2021-09-26,71946,4333,42131024,60333
2021-09-27,135625,10033,42266649,70366
2021-09-28,117478,11371,42384127,81737
2021-09-29,112312,11821,42496439,93558
2021-09-30,110219,14930,42606658,108488
2021-10-01,94965,19098,42701623,127586
2021-10-02,78464,14011,42780087,141597
2021-10-03,47719,7651,42827806,149248
2021-10-04,88370,34438,42916176,183686
2021-10-05,80358,33962,42996534,217648
2021-10-06,71974,34149,43068508,251797
2021-10-07,71841,34338,43140349,286135
2021-10-08,80614,33582,43220963,319717
2021-10-09,76094,22161,43297057,341878
2021-10-10,45770,13611,43342827,355489
2021-10-11,87398,41094,43430225,396583
2021-10-12,84481,46887,43514706,443470
2021-10-13,88184,52097,43602890,495567
2021-10-14,91521,58489,43694411,554056
2021-10-15,93577,55608,43787988,609664
2021-10-16,82952,36771,43870940,646435
2021-10-17,51456,23820,43922396,670255
2021-10-18,90290,59468,44012686,729723
2021-10-19,78336,69365,44091022,799088
2021-10-20,75073,78147,44166095,877235
2021-10-21,78308,81736,44244403,958971
2021-10-22,73796,77006,44318199,1035977
2021-10-23,60813,51945,44379012,1087922
2021-10-24,33382,23440,44412394,1111362
2021-10-25,64903,81615,44477297,1192977
2021-10-26,58369,91768,44535666,1284745
2021-10-27,58327,103955,44593993,1388700
2021-10-28,61465,114094,44655458,1502794
2021-10-29,61665,103097,44717123,1605891
2021-10-30,50672,68107,44767795,1673998
2021-10-31,25168,28280,44792963,1702278
2021-11-01,19048,28145,44812011,1730423
2021-11-02,62774,89357,44874785,1819780
2021-11-03,60731,118653,44935516,1938433
2021-11-04,59244,126650,44994760,2065083
2021-11-05,63098,135161,45057858,2200244
2021-11-06,46470,90920,45104328,2291164
2021-11-07,22253,37891,45126581,2329055
2021-11-08,51524,131252,45178105,2460307
2021-11-09,45403,144184,45223508,2604491
2021-11-10,42576,156338,45266084,2760829
2021-11-11,44932,155127,45311016,2915956
2021-11-12,46368,158560,45357384,3074516
2021-11-13,33254,116638,45390638,3191154
2021-11-14,14478,52445,45405116,3243599
2021-11-15,36894,157414,45442010,3401013
2021-11-16,30541,171366,45472551,3572379
2021-11-17,28442,178428,45500993,3750807
2021-11-18,30276,193706,45531269,3944513
2021-11-19,28788,205841,45560057,4150354
2021-11-20,20987,156433,45581044,4306787
2021-11-21,10603,64854,45591647,4371641
2021-11-22,21920,213136,45613567,4584777
2021-11-23,23558,241735,45637125,4826512
2021-11-24,27825,270937,45664950,5097449
2021-11-25,23219,301891,45688169,5399340
2021-11-26,24562,318256,45712731,5717596
2021-11-27,21365,266145,45734096,5983741
2021-11-28,9891,137052,45743987,6120793
2021-11-29,22308,326057,45766295,6446850
2021-11-30,23067,365816,45789362,6812666
2021-12-01,21503,413491,45810865,7226157
2021-12-02,23739,440372,45834604,7666529
2021-12-03,25210,467447,45859814,8133976
2021-12-04,22335,418721,45882149,8552697
2021-12-05,11905,261329,45894054,8814026
2021-12-06,25791,457551,45919845,9271577
2021-12-07,24095,480239,45943940,9751816
2021-12-08,9984,249676,45953924,10001492
2021-12-09,31540,491906,45985464,10493398
2021-12-10,28034,517848,46013498,11011246
2021-12-11,23532,459235,46037030,11470481
2021-12-12,12285,293490,46049315,11763971
2021-12-13,26120,467612,46075435,12231583
2021-12-14,25141,494180,46100576,12725763
2021-12-15,25292,517125,46125868,13242888
2021-12-16,27848,520227,46153716,13763115
2021-12-17,29315,517149,46183031,14280264
2021-12-18,27004,468706,46210035,14748970
2021-12-19,15119,300508,46225154,15049478
2021-12-20,30587,477458,46255741,15526936
2021-12-21,30326,493364,46286067,16020300
2021-12-22,29406,484688,46315473,16504988
2021-12-23,28191,426885,46343664,16931873
2021-12-24,13100,210814,46356764,17142687
2021-12-25,2101,33052,46358865,17175739
2021-12-26,8745,159062,46367610,17334801
2021-12-27,46722,504639,46414332,17839440
2021-12-28,42396,554187,46456728,18393627
2021-12-29,34261,550624,46490989,18944251
2021-12-30,31766,499809,46522755,19444060
2021-12-31,14085,247390,46536840,19691450
2022-01-01,3490,64811,46540330,19756261
2022-01-02,22710,276716,46563040,20032977
2022-01-03,47725,520006,46610765,20552983
2022-01-04,46221,572063,46656986,21125046
2022-01-05,40619,560373,46697605,21685419
2022-01-06,23407,274477,46721012,21959896
2022-01-07,63540,554174,46784552,22514070
2022-01-08,60697,503367,46845249,23017437
2022-01-09,42704,319681,46887953,23337118
2022-01-10,60931,542264,46948884,23879382
2022-01-11,61549,586979,47010433,24466361
2022-01-12,58287,581267,47068720,25047628
2022-01-13,58432,580364,47127152,25627992
2022-01-14,46614,588549,47173766,26216541
2022-01-15,39161,569928,47212927,26786469
2022-01-16,31064,341846,47243991,27128315
2022-01-17,54653,489640,47298644,27617955
2022-01-18,58253,517001,47356897,28134956
2022-01-19,57081,502774,47413978,28637730
2022-01-20,54214,498804,47468192,29136534
2022-01-21,41935,493857,47510127,29630391
2022-01-22,31026,469584,47541153,30099975
2022-01-23,34834,275361,47575987,30375336
2022-01-24,56093,437204,47632080,30812540
2022-01-25,61456,452076,47693536,31264616
2022-01-26,58452,435807,47751988,31700423
2022-01-27,48759,432349,47800747,32132772
2022-01-28,58578,436519,47859325,32569291
2022-01-29,68004,412473,47927329,32981764
2022-01-30,50304,235959,47977633,33217723
2022-01-31,60502,356915,48038135,33574638
2022-02-01,65445,328420,48103580,33903058
2022-02-02,63103,296951,48166683,34200009
2022-02-03,59980,274505,48226663,34474514
2022-02-04,72289,268435,48298952,34742949
2022-02-05,83676,248520,48382628,34991469
2022-02-06,55230,116193,48437858,35107662
2022-02-07,65080,199924,48502938,35307586
2022-02-08,66872,186100,48569810,35493686
2022-02-09,58702,166327,48628512,35660013
2022-02-10,58494,163228,48687006,35823241
2022-02-11,62178,162448,48749184,35985689
2022-02-12,71919,152133,48821103,36137822
2022-02-13,41449,68848,48862552,36206670
2022-02-14,46640,116180,48909192,36322850
2022-02-15,48479,123477,48957671,36446327
2022-02-16,45638,106106,49003309,36552433
2022-02-17,42835,98097,49046144,36650530
2022-02-18,46575,112564,49092719,36763094
2022-02-19,52503,100325,49145222,36863419
2022-02-20,31405,40356,49176627,36903775
2022-02-21,37877,89636,49214504,36993411
2022-02-22,37185,83764,49251689,37077175
2022-02-23,33367,79400,49285056,37156575
2022-02-24,32537,78159,49317593,37234734
2022-02-25,34735,90701,49352328,37325435
2022-02-26,39133,89131,49391461,37414566
2022-02-27,22536,35855,49413997,37450421
2022-02-28,28456,81689,49442453,37532110
2022-03-01,22682,53932,49465135,37586042
2022-03-02,21979,50624,49487114,37636666
2022-03-03,22588,54940,49509702,37691606
2022-03-04,23202,62788,49532904,37754394
2022-03-05,23769,57949,49556673,37812343
2022-03-06,9468,17199,49566141,37829542
2022-03-07,15891,51387,49582032,37880929
2022-03-08,15436,48796,49597468,37929725
2022-03-09,13793,46511,49611261,37976236
2022-03-10,14017,52115,49625278,38028351
2022-03-11,15551,57246,49640829,38085597
2022-03-12,15481,56611,49656310,38142208
2022-03-13,5540,16848,49661850,38159056
2022-03-14,10513,46690,49672363,38205746
2022-03-15,10524,46892,49682887,38252638
2022-03-16,9465,41975,49692352,38294613
2022-03-17,9693,44875,49702045,38339488
2022-03-18,10146,49046,49712191,38388534
2022-03-19,9139,46531,49721330,38435065
2022-03-20,2603,11699,49723933,38446764
2022-03-21,7565,40220,49731498,38486984
2022-03-22,8432,37744,49739930,38524728
2022-03-23,7201,33695,49747131,38558423
2022-03-24,8241,38792,49755372,38597215
2022-03-25,8116,43660,49763488,38640875
2022-03-26,8119,41716,49771607,38682591
2022-03-27,2426,9683,49774033,38692274
2022-03-28,6093,35228,49780126,38727502
2022-03-29,5771,32522,49785897,38760024
2022-03-30,5550,30193,49791447,38790217
2022-03-31,5877,33168,49797324,38823385
2022-04-01,4339,25178,49801663,38848563
2022-04-02,4486,23270,49806149,38871833
2022-04-03,1046,4499,49807195,38876332
2022-04-04,3648,21532,49810843,38897864
2022-04-05,3745,22922,49814588,38920786
2022-04-06,4093,21837,49818681,38942623
2022-04-07,3951,23317,49822632,38965940
2022-04-08,4681,26708,49827313,38992648
2022-04-09,4373,23883,49831686,39016531
2022-04-10,892,4614,49832578,39021145
2022-04-11,3798,22681,49836376,39043826
2022-04-12,3351,21774,49839727,39065600
2022-04-13,3554,21334,49843281,39086934
2022-04-14,3477,23772,49846758,39110706
2022-04-15,3075,20613,49849833,39131319
2022-04-16,2146,11920,49851979,39143239
2022-04-17,63,348,49852042,39143587
2022-04-18,148,650,49852190,39144237
2022-04-19,3480,21976,49855670,39166213
2022-04-20,3491,20249,49859161,39186462
2022-04-21,2834,19773,49861995,39206235
2022-04-22,2912,20695,49864907,39226930
2022-04-23,2634,16205,49867541,39243135
2022-04-24,509,2335,49868050,39245470
2022-04-25,183,1165,49868233,39246635
2022-04-26,2757,17789,49870990,39264424
2022-04-27,2362,15777,49873352,39280201
2022-04-28,2345,15533,49875697,39295734
2022-04-29,2287,14831,49877984,39310565
2022-04-30,2116,11577,49880100,39322142
2022-05-01,113,530,49880213,39322672
2022-05-02,1443,9380,49881656,39332052
2022-05-03,1569,10307,49883225,39342359
2022-05-04,1744,10254,49884969,39352613
2022-05-05,1647,10273,49886616,39362886
2022-05-06,1693,10943,49888309,39373829
2022-05-07,1431,8561,49889740,39382390
2022-05-08,404,1514,49890144,39383904
2022-05-09,1023,8915,49891167,39392819
2022-05-10,1418,9536,49892585,39402355
2022-05-11,1476,10087,49894061,39412442
2022-05-12,1362,10119,49895423,39422561
2022-05-13,1587,10505,49897010,39433066
2022-05-14,1355,8288,49898365,39441354
2022-05-15,336,1129,49898701,39442483
2022-05-16,809,8388,49899510,39450871
2022-05-17,1239,8665,49900749,39459536
2022-05-18,1368,9210,49902117,39468746
2022-05-19,1496,9266,49903613,39478012
2022-05-20,1419,9488,49905032,39487500
2022-05-21,1299,7891,49906331,39495391
2022-05-22,231,1012,49906562,39496403
2022-05-23,825,8259,49907387,39504662
2022-05-24,1070,8663,49908457,39513325
2022-05-25,1363,9443,49909820,39522768
2022-05-26,1192,9452,49911012,39532220
2022-05-27,1223,9908,49912235,39542128
2022-05-28,1201,7873,49913436,39550001
2022-05-29,285,1263,49913721,39551264
2022-05-30,922,8023,49914643,39559287
2022-05-31,1032,8529,49915675,39567816
2022-06-01,890,7643,49916565,39575459
2022-06-02,35,474,49916600,39575933
2022-06-03,811,7327,49917411,39583260
2022-06-04,869,5155,49918280,39588415
2022-06-05,89,586,49918369,39589001
2022-06-06,670,6964,49919039,39595965
2022-06-07,928,7841,49919967,39603806
2022-06-08,977,7897,49920944,39611703
2022-06-09,1031,8398,49921975,39620101
2022-06-10,949,8534,49922924,39628635
2022-06-11,897,6208,49923821,39634843
2022-06-12,140,767,49923961,39635610
2022-06-13,602,6293,49924563,39641903
2022-06-14,824,7878,49925387,39649781
2022-06-15,949,7842,49926336,39657623
2022-06-16,726,7382,49927062,39665005
2022-06-17,715,7232,49927777,39672237
2022-06-18,776,5587,49928553,39677824
2022-06-19,47,522,49928600,39678346
2022-06-20,587,6694,49929187,39685040
2022-06-21,730,7636,49929917,39692676
2022-06-22,775,7299,49930692,39699975
2022-06-23,648,7455,49931340,39707430
2022-06-24,640,7465,49931980,39714895
2022-06-25,835,6531,49932815,39721426
2022-06-26,128,523,49932943,39721949
2022-06-27,530,7113,49933473,39729062
2022-06-28,743,8206,49934216,39737268
2022-06-29,754,7711,49934970,39744979
2022-06-30,741,8129,49935711,39753108
2022-07-01,577,6435,49936288,39759543
2022-07-02,536,4763,49936824,39764306
2022-07-03,49,456,49936873,39764762
2022-07-04,467,6267,49937340,39771029
2022-07-05,618,8104,49937958,39779133
2022-07-06,623,7589,49938581,39786722
2022-07-07,561,8247,49939142,39794969
2022-07-08,667,8067,49939809,39803036
2022-07-09,548,6103,49940357,39809139
2022-07-10,58,533,49940415,39809672
2022-07-11,475,7624,49940890,39817296
2022-07-12,651,8965,49941541,39826261
2022-07-13,625,10053,49942166,39836314
2022-07-14,618,10181,49942784,39846495
2022-07-15,615,10618,49943399,39857113
2022-07-16,511,7194,49943910,39864307
2022-07-17,48,767,49943958,39865074
2022-07-18,493,9329,49944451,39874403
2022-07-19,557,10609,49945008,39885012
2022-07-20,557,11207,49945565,39896219
2022-07-21,617,11956,49946182,39908175
2022-07-22,562,11171,49946744,39919346
2022-07-23,374,6725,49947118,39926071
2022-07-24,75,834,49947193,39926905
2022-07-25,490,9011,49947683,39935916
2022-07-26,513,9676,49948196,39945592
2022-07-27,523,10058,49948719,39955650
2022-07-28,517,10350,49949236,39966000
2022-07-29,500,9287,49949736,39975287
2022-07-30,376,5781,49950112,39981068
2022-07-31,49,735,49950161,39981803
2022-08-01,380,6769,49950541,39988572
2022-08-02,520,7328,49951061,39995900
2022-08-03,504,6520,49951565,40002420