data_somministrazione,vaccinazioni,booster,cum_vaccinazioni,cum_booster
2020-12-27,20,0,20,0
2020-12-28,2,0,22,0
2020-12-29,1,0,23,0
2020-12-30,7,0,30,0
2020-12-31,70,0,100,0
2021-01-01,23,0,123,0
2021-01-02,110,0,233,0
2021-01-03,81,0,314,0
2021-01-04,204,0,518,0
2021-01-05,242,0,760,0
2021-01-06,205,0,965,0
2021-01-07,294,0,1259,0
2021-01-08,336,0,1595,0
2021-01-09,251,0,1846,0
2021-01-10,148,0,1994,0
2021-01-11,275,0,2269,0
2021-01-12,266,0,2535,0
2021-01-13,392,0,2927,0
2021-01-14,480,0,3407,0
2021-01-15,298,0,3705,0
2021-01-16,210,0,3915,0
2021-01-17,3059,0,6974,0
2021-01-18,5209,0,12183,0
2021-01-19,1892,0,14075,0
2021-01-20,4656,0,18731,0
2021-01-21,19998,0,38729,0
2021-01-22,14204,0,52933,0
2021-01-23,33330,0,86263,0
2021-01-24,30785,0,117048,0
2021-01-25,64724,0,181772,0
2021-01-26,76499,0,258271,0
2021-01-27,64834,0,323105,0
2021-01-28,89289,0,412394,0
2021-01-29,94020,0,506414,0
2021-01-30,86565,0,592979,0
2021-01-31,57333,0,650312,0
2021-02-01,81864,0,732176,0
2021-02-02,82146,0,814322,0
2021-02-03,91193,0,905515,0
2021-02-04,95400,0,1000915,0
2021-02-05,90275,0,1091190,0
2021-02-06,63448,0,1154638,0
2021-02-07,32928,0,1187566,0
2021-02-08,40432,0,1227998,0
2021-02-09,32867,0,1260865,0
2021-02-10,28420,0,1289285,0
2021-02-11,20393,0,1309678,0
2021-02-12,16230,0,1325908,0
2021-02-13,7259,0,1333167,0
2021-02-14,2861,0,1336028,0
2021-02-15,6839,0,1342867,0
2021-02-16,6997,0,1349864,0
2021-02-17,10520,0,1360384,0
2021-02-18,9250,0,1369634,0
2021-02-19,8243,0,1377877,0
2021-02-20,5551,0,1383428,0
2021-02-21,2992,0,1386420,0
2021-02-22,6882,0,1393302,0
2021-02-23,7165,0,1400467,0
2021-02-24,9826,0,1410293,0
2021-02-25,14204,0,1424497,0
2021-02-26,17555,0,1442052,0
2021-02-27,13908,0,1455960,0
2021-02-28,9385,0,1465345,0
2021-03-01,26511,0,1491856,0
2021-03-02,33238,0,1525094,0
2021-03-03,44644,0,1569738,0
2021-03-04,50291,0,1620029,0
2021-03-05,55735,0,1675764,0
2021-03-06,41875,0,1717639,0
2021-03-07,22324,0,1739963,0
2021-03-08,50800,0,1790763,0
2021-03-09,53064,0,1843827,0
2021-03-10,58633,0,1902460,0
2021-03-11,63846,0,1966306,0
2021-03-12,65104,0,2031410,0
2021-03-13,51714,0,2083124,0
2021-03-14,35390,0,2118514,0
2021-03-15,73428,0,2191942,0
2021-03-16,74024,0,2265966,0
2021-03-17,83132,0,2349098,0
2021-03-18,81622,0,2430720,0
2021-03-19,81079,0,2511799,0
2021-03-20,64714,0,2576513,0
2021-03-21,47291,0,2623804,0
2021-03-22,69470,0,2693274,0
2021-03-23,75785,0,2769059,0
2021-03-24,90897,0,2859956,0
2021-03-25,89793,0,2949749,0
2021-03-26,83615,0,3033364,0
2021-03-27,71928,0,3105292,0
2021-03-28,44136,0,3149428,0
2021-03-29,70816,0,3220244,0
2021-03-30,81372,0,3301616,0
2021-03-31,96222,0,3397838,0
2021-04-01,95298,0,3493136,0
2021-04-02,84066,0,3577202,0
2021-04-03,64298,0,3641500,0
2021-04-04,21717,0,3663217,0
2021-04-05,40304,0,3703521,0
2021-04-06,81306,0,3784827,0
2021-04-07,95819,0,3880646,0
2021-04-08,95229,0,3975875,0
2021-04-09,88485,0,4064360,0
2021-04-10,74030,0,4138390,0
2021-04-11,44759,0,4183149,0
2021-04-12,66910,0,4250059,0
2021-04-13,72568,0,4322627,0
2021-04-14,85524,0,4408151,0
2021-04-15,105404,0,4513555,0
2021-04-16,106414,0,4619969,0
2021-04-17,90502,0,4710471,0
2021-04-18,58582,0,4769053,0
2021-04-19,93426,0,4862479,0
2021-04-20,103762,0,4966241,0
2021-04-21,125334,0,5091575,0
2021-04-22,143502,0,5235077,0
2021-04-23,138723,0,5373800,0
2021-04-24,124438,0,5498238,0
2021-04-25,61454,0,5559692,0
2021-04-26,97879,0,5657571,0
2021-04-27,128353,0,5785924,0
2021-04-28,156357,0,5942281,0
2021-04-29,195584,0,6137865,0
2021-04-30,214554,0,6352419,0
2021-05-01,174100,0,6526519,0
2021-05-02,135798,0,6662317,0
2021-05-03,142010,0,6804327,0
2021-05-04,158680,0,6963007,0
2021-05-05,170482,0,7133489,0
2021-05-06,197791,0,7331280,0
2021-05-07,213824,0,7545104,0
2021-05-08,213393,0,7758497,0
2021-05-09,143198,0,7901695,0
2021-05-10,165084,0,8066779,0
2021-05-11,174968,0,8241747,0
2021-05-12,179165,0,8420912,0
2021-05-13,203371,0,8624283,0
2021-05-14,222894,0,8847177,0
2021-05-15,210352,0,9057529,0
2021-05-16,159269,0,9216798,0
2021-05-17,219184,0,9435982,0
2021-05-18,213005,0,9648987,0
2021-05-19,207068,0,9856055,0
2021-05-20,270841,0,10126896,0
2021-05-21,270869,0,10397765,0
2021-05-22,245517,0,10643282,0
2021-05-23,197171,0,10840453,0
2021-05-24,228299,0,11068752,0
2021-05-25,245692,0,11314444,0
2021-05-26,277482,0,11591926,0
2021-05-27,311079,0,11903005,0
2021-05-28,299566,0,12202571,0
2021-05-29,231212,0,12433783,0
2021-05-30,170832,0,12604615,0
2021-05-31,216416,0,12821031,0
2021-06-01,207625,0,13028656,0
2021-06-02,115781,0,13144437,0
2021-06-03,180123,0,13324560,0
2021-06-04,184864,0,13509424,0
2021-06-05,185949,0,13695373,0
2021-06-06,139529,0,13834902,0
2021-06-07,161859,0,13996761,0
2021-06-08,171186,0,14167947,0
2021-06-09,171454,0,14339401,0
2021-06-10,174068,0,14513469,0
2021-06-11,169957,0,14683426,0
2021-06-12,128317,0,14811743,0
2021-06-13,91156,0,14902899,0
2021-06-14,214662,0,15117561,0
2021-06-15,228399,0,15345960,0
2021-06-16,253053,0,15599013,0
2021-06-17,301716,0,15900729,0
2021-06-18,306278,0,16207007,0
2021-06-19,275072,0,16482079,0
2021-06-20,220744,0,16702823,0
2021-06-21,288058,0,16990881,0
2021-06-22,296197,0,17287078,0
2021-06-23,302666,0,17589744,0
2021-06-24,332565,0,17922309,0
2021-06-25,348693,0,18271002,0
2021-06-26,300089,0,18571091,0
2021-06-27,228627,0,18799718,0
2021-06-28,307060,0,19106778,0
2021-06-29,329253,0,19436031,0
2021-06-30,342119,0,19778150,0
2021-07-01,363178,0,20141328,0
2021-07-02,368440,0,20509768,0
2021-07-03,371074,0,20880842,0
2021-07-04,283200,0,21164042,0
2021-07-05,384517,0,21548559,0
2021-07-06,385434,0,21933993,0
2021-07-07,412075,0,22346068,0
2021-07-08,479611,0,22825679,0
2021-07-09,498478,0,23324157,0
2021-07-10,475177,0,23799334,0
2021-07-11,357692,0,24157026,0
2021-07-12,485889,0,24642915,0
2021-07-13,492137,0,25135052,0
2021-07-14,480470,0,25615522,0
2021-07-15,523470,0,26138992,0
2021-07-16,509769,0,26648761,0
2021-07-17,464356,0,27113117,0
2021-07-18,364682,0,27477799,0
2021-07-19,463065,0,27940864,0
2021-07-20,458080,0,28398944,0
2021-07-21,462807,0,28861751,0
2021-07-22,475399,0,29337150,0
2021-07-23,441299,0,29778449,0
2021-07-24,386176,0,30164625,0
2021-07-25,287581,0,30452206,0
2021-07-26,430875,0,30883081,0
2021-07-27,440122,0,31323203,0
2021-07-28,391009,0,31714212,0
2021-07-29,372081,0,32086293,0
2021-07-30,341511,0,32427804,0
2021-07-31,287026,0,32714830,0
2021-08-01,191016,0,32905846,0
2021-08-02,333727,0,33239573,0
2021-08-03,323188,0,33562761,0
2021-08-04,310971,0,33873732,0
2021-08-05,292503,0,34166235,0
2021-08-06,260011,0,34426246,0
2021-08-07,199052,0,34625298,0
2021-08-08,153106,0,34778404,0
2021-08-09,234077,0,35012481,0
2021-08-10,205250,0,35217731,0
2021-08-11,193764,0,35411495,0
2021-08-12,168006,0,35579501,0
2021-08-13,148610,0,35728111,0
2021-08-14,66091,0,35794202,0
2021-08-15,26336,0,35820538,0
2021-08-16,114689,0,35935227,0
2021-08-17,129245,0,36064472,0
2021-08-18,128744,0,36193216,0
2021-08-19,124804,0,36318020,0
2021-08-20,123800,0,36441820,0
2021-08-21,83125,0,36524945,0
2021-08-22,68170,0,36593115,0
2021-08-23,176872,0,36769987,0
2021-08-24,156902,0,36926889,0
2021-08-25,177172,0,37104061,0
2021-08-26,172353,0,37276414,0
2021-08-27,185843,0,37462257,0
2021-08-28,140271,0,37602528,0
2021-08-29,98997,0,37701525,0
2021-08-30,209626,0,37911151,0
2021-08-31,194642,0,38105793,0
2021-09-01,192216,0,38298009,0
2021-09-02,189941,0,38487950,0
2021-09-03,191332,0,38679282,0
2021-09-04,131477,0,38810759,0
2021-09-05,87864,0,38898623,0
2021-09-06,193646,0,39092269,0
2021-09-07,196052,0,39288321,0
2021-09-08,187900,0,39476221,0
2021-09-09,201461,0,39677682,0
2021-09-10,198096,0,39875778,0
2021-09-11,141319,0,40017097,0
2021-09-12,89601,0,40106698,0
2021-09-13,191151,571,40297849,571
2021-09-14,177246,588,40475095,1159
2021-09-15,163111,596,40638206,1755
2021-09-16,160086,938,40798292,2693
2021-09-17,150179,1120,40948471,3813
2021-09-18,127978,745,41076449,4558
2021-09-19,81132,497,41157581,5055
2021-09-20,180080,9081,41337661,14136
2021-09-21,166644,8835,41504305,22971
2021-09-22,159085,9445,41663390,32416
2021-09-23,138081,9331,41801471,41747
2021-09-24,140539,8964,41942010,50711
2021-09-25,119555,5644,42061565,56355
2021-09-26,71962,4343,42133527,60698
2021-09-27,135651,10050,42269178,70748
2021-09-28,117501,11392,42386679,82140
2021-09-29,112350,11827,42499029,93967
2021-09-30,110236,14957,42609265,108924
2021-10-01,94983,19110,42704248,128034
2021-10-02,78491,14019,42782739,142053
2021-10-03,47742,7659,42830481,149712
2021-10-04,88373,34450,42918854,184162
2021-10-05,80369,33972,42999223,218134
2021-10-06,71988,34166,43071211,252300
2021-10-07,71857,34349,43143068,286649
2021-10-08,80630,33590,43223698,320239
2021-10-09,76104,22171,43299802,342410
2021-10-10,45775,13618,43345577,356028
2021-10-11,87426,41108,43433003,397136
2021-10-12,84494,46906,43517497,444042
2021-10-13,88194,52121,43605691,496163
2021-10-14,91536,58515,43697227,554678
2021-10-15,93600,55634,43790827,610312
2021-10-16,82970,36784,43873797,647096
2021-10-17,51467,23828,43925264,670924
2021-10-18,90305,59484,44015569,730408
2021-10-19,78347,69378,44093916,799786
2021-10-20,75076,78170,44168992,877956
2021-10-21,78302,81758,44247294,959714
2021-10-22,73788,77028,44321082,1036742
2021-10-23,60818,51959,44381900,1088701
2021-10-24,33377,23457,44415277,1112158
2021-10-25,64907,81625,44480184,1193783
2021-10-26,58373,91785,44538557,1285568
2021-10-27,58329,103974,44596886,1389542
2021-10-28,61467,114104,44658353,1503646
2021-10-29,61649,103127,44720002,1606773
2021-10-30,50673,68117,44770675,1674890
2021-10-31,25162,28291,44795837,1703181
2021-11-01,19046,28149,44814883,1731330
2021-11-02,62758,89381,44877641,1820711
2021-11-03,60733,118658,44938374,1939369
2021-11-04,59241,126666,44997615,2066035
2021-11-05,63100,135172,45060715,2201207
2021-11-06,46476,90924,45107191,2292131
2021-11-07,22252,37896,45129443,2330027
2021-11-08,51529,131269,45180972,2461296
2021-11-09,45402,144204,45226374,2605500
2021-11-10,42585,156348,45268959,2761848
2021-11-11,44934,155135,45313893,2916983
2021-11-12,46374,158577,45360267,3075560
2021-11-13,33258,116651,45393525,3192211
2021-11-14,14488,52444,45408013,3244655
2021-11-15,36895,157428,45444908,3402083
2021-11-16,30552,171376,45475460,3573459
2021-11-17,28456,178443,45503916,3751902
2021-11-18,30287,193720,45534203,3945622
2021-11-19,28804,205851,45563007,4151473
2021-11-20,20993,156439,45584000,4307912
2021-11-21,10610,64858,45594610,4372770
2021-11-22,21938,213140,45616548,4585910
2021-11-23,23578,241744,45640126,4827654
2021-11-24,27844,270948,45667970,5098602
2021-11-25,23233,301911,45691203,5400513
2021-11-26,24588,318267,45715791,5718780
2021-11-27,21381,266149,45737172,5984929
2021-11-28,9898,137058,45747070,6121987
2021-11-29,22329,326065,45769399,6448052
2021-11-30,23092,365823,45792491,6813875
2021-12-01,21524,413499,45814015,7227374
2021-12-02,23764,440376,45837779,7667750
2021-12-03,25261,467459,45863040,8135209
2021-12-04,22366,418731,45885406,8553940
2021-12-05,11932,261324,45897338,8815264
2021-12-06,25818,457574,45923156,9272838
2021-12-07,24134,480252,45947290,9753090
2021-12-08,10005,249682,45957295,10002772
2021-12-09,31581,491910,45988876,10494682
2021-12-10,28070,517866,46016946,11012548
2021-12-11,23560,459243,46040506,11471791
2021-12-12,12306,293494,46052812,11765285
2021-12-13,26151,467621,46078963,12232906
2021-12-14,25171,494193,46104134,12727099
2021-12-15,25335,517131,46129469,13244230
2021-12-16,27881,520240,46157350,13764470
2021-12-17,29366,517161,46186716,14281631
2021-12-18,27055,468716,46213771,14750347
2021-12-19,15144,300515,46228915,15050862
2021-12-20,30620,477482,46259535,15528344
2021-12-21,30371,493376,46289906,16021720
2021-12-22,29443,484703,46319349,16506423
2021-12-23,28243,426893,46347592,16933316
2021-12-24,13111,210824,46360703,17144140
2021-12-25,2101,33053,46362804,17177193
2021-12-26,8763,159066,46371567,17336259
2021-12-27,46784,504655,46418351,17840914
2021-12-28,42443,554209,46460794,18395123
2021-12-29,34345,550633,46495139,18945756
2021-12-30,31828,499820,46526967,19445576
2021-12-31,14116,247389,46541083,19692965
2022-01-01,3496,64814,46544579,19757779
2022-01-02,22761,276718,46567340,20034497
2022-01-03,47846,520008,46615186,20554505
2022-01-04,46355,572077,46661541,21126582
2022-01-05,40736,560391,46702277,21686973
2022-01-06,23476,274483,46725753,21961456
2022-01-07,63684,554181,46789437,22515637
2022-01-08,60831,503375,46850268,23019012
2022-01-09,42830,319684,46893098,23338696
2022-01-10,61063,542282,46954161,23880978
2022-01-11,61701,586983,47015862,24467961
2022-01-12,58422,581273,47074284,25049234
2022-01-13,58593,580375,47132877,25629609
2022-01-14,46772,588559,47179649,26218168
2022-01-15,39379,569933,47219028,26788101
2022-01-16,31194,341849,47250222,27129950
2022-01-17,54757,489650,47304979,27619600
2022-01-18,58371,517007,47363350,28136607
2022-01-19,57175,502777,47420525,28639384
2022-01-20,54328,498811,47474853,29138195
2022-01-21,42068,493864,47516921,29632059
2022-01-22,31168,469592,47548089,30101651
2022-01-23,34918,275359,47583007,30377010
2022-01-24,56170,437208,47639177,30814218
2022-01-25,61532,452097,47700709,31266315
2022-01-26,58528,435822,47759237,31702137
2022-01-27,48818,432354,47808055,32134491
2022-01-28,58683,436529,47866738,32571020
2022-01-29,68110,412484,47934848,32983504
2022-01-30,50367,235963,47985215,33219467
2022-01-31,60612,356925,48045827,33576392
2022-02-01,65532,328436,48111359,33904828
2022-02-02,63182,296964,48174541,34201792
2022-02-03,60046,274513,48234587,34476305
2022-02-04,72367,268449,48306954,34744754
2022-02-05,83758,248527,48390712,34993281
2022-02-06,55276,116200,48445988,35109481
2022-02-07,65132,199936,48511120,35309417
2022-02-08,66918,186107,48578038,35495524
2022-02-09,58753,166333,48636791,35661857
2022-02-10,58552,163233,48695343,35825090
2022-02-11,62236,162454,48757579,35987544
2022-02-12,71965,152137,48829544,36139681
2022-02-13,41467,68848,48871011,36208529
2022-02-14,46682,116186,48917693,36324715
2022-02-15,48520,123478,48966213,36448193
2022-02-16,45667,106115,49011880,36554308
2022-02-17,42855,98102,49054735,36652410
2022-02-18,46611,112568,49101346,36764978
2022-02-19,52520,100328,49153866,36865306
2022-02-20,31412,40359,49185278,36905665
2022-02-21,37887,89641,49223165,36995306
2022-02-22,37217,83769,49260382,37079075
2022-02-23,33385,79403,49293767,37158478
2022-02-24,32551,78158,49326318,37236636
2022-02-25,34754,90708,49361072,37327344
2022-02-26,39155,89128,49400227,37416472
2022-02-27,22540,35856,49422767,37452328
2022-02-28,28473,81685,49451240,37534013
2022-03-01,22711,53939,49473951,37587952
2022-03-02,21992,50626,49495943,37638578
2022-03-03,22606,54939,49518549,37693517
2022-03-04,23219,62791,49541768,37756308
2022-03-05,23790,57952,49565558,37814260
2022-03-06,9470,17200,49575028,37831460
2022-03-07,15907,51386,49590935,37882846
2022-03-08,15469,48794,49606404,37931640
2022-03-09,13810,46512,49620214,37978152
2022-03-10,14041,52115,49634255,38030267
2022-03-11,15577,57254,49649832,38087521
2022-03-12,15496,56613,49665328,38144134
2022-03-13,5543,16849,49670871,38160983
2022-03-14,10518,46693,49681389,38207676
2022-03-15,10536,46889,49691925,38254565
2022-03-16,9475,41975,49701400,38296540
2022-03-17,9706,44871,49711106,38341411
2022-03-18,10156,49050,49721262,38390461
2022-03-19,9146,46530,49730408,38436991
2022-03-20,2608,11700,49733016,38448691
2022-03-21,7577,40223,49740593,38488914
2022-03-22,8446,37753,49749039,38526667
2022-03-23,7208,33699,49756247,38560366
2022-03-24,8253,38797,49764500,38599163
2022-03-25,8132,43659,49772632,38642822
2022-03-26,8125,41721,49780757,38684543
2022-03-27,2429,9681,49783186,38694224
2022-03-28,6103,35232,49789289,38729456
2022-03-29,5773,32525,49795062,38761981
2022-03-30,5559,30198,49800621,38792179
2022-03-31,5887,33176,49806508,38825355
2022-04-01,4344,25188,49810852,38850543
2022-04-02,4490,23273,49815342,38873816
2022-04-03,1049,4499,49816391,38878315
2022-04-04,3654,21533,49820045,38899848
2022-04-05,3751,22925,49823796,38922773
2022-04-06,4099,21847,49827895,38944620
2022-04-07,3962,23320,49831857,38967940
2022-04-08,4688,26709,49836545,38994649
2022-04-09,4380,23884,49840925,39018533
2022-04-10,891,4614,49841816,39023147
2022-04-11,3812,22685,49845628,39045832
2022-04-12,3358,21778,49848986,39067610
2022-04-13,3561,21333,49852547,39088943
2022-04-14,3484,23775,49856031,39112718
2022-04-15,3079,20617,49859110,39133335
2022-04-16,2148,11919,49861258,39145254
2022-04-17,63,348,49861321,39145602
2022-04-18,149,650,49861470,39146252
2022-04-19,3491,21978,49864961,39168230
2022-04-20,3503,20248,49868464,39188478
2022-04-21,2840,19780,49871304,39208258
2022-04-22,2925,20696,49874229,39228954
2022-04-23,2638,16212,49876867,39245166
2022-04-24,509,2335,49877376,39247501
2022-04-25,183,1165,49877559,39248666
2022-04-26,2760,17793,49880319,39266459
2022-04-27,2371,15785,49882690,39282244
2022-04-28,2355,15553,49885045,39297797
2022-04-29,2292,14835,49887337,39312632
2022-04-30,2121,11577,49889458,39324209
2022-05-01,113,530,49889571,39324739
2022-05-02,1447,9385,49891018,39334124
2022-05-03,1574,10310,49892592,39344434
2022-05-04,1746,10258,49894338,39354692
2022-05-05,1651,10274,49895989,39364966
2022-05-06,1699,10946,49897688,39375912
2022-05-07,1431,8562,49899119,39384474
2022-05-08,404,1514,49899523,39385988
2022-05-09,1027,8919,49900550,39394907
2022-05-10,1422,9539,49901972,39404446
2022-05-11,1481,10088,49903453,39414534
2022-05-12,1368,10118,49904821,39424652
2022-05-13,1588,10511,49906409,39435163
2022-05-14,1356,8228,49907765,39443391
2022-05-15,336,1129,49908101,39444520
2022-05-16,812,8391,49908913,39452911
2022-05-17,1242,8673,49910155,39461584
2022-05-18,1371,9221,49911526,39470805
2022-05-19,1500,9269,49913026,39480074
2022-05-20,1419,9495,49914445,39489569
2022-05-21,1299,7892,49915744,39497461
2022-05-22,231,1012,49915975,39498473
2022-05-23,827,8261,49916802,39506734
2022-05-24,1070,8666,49917872,39515400
2022-05-25,1366,9446,49919238,39524846
2022-05-26,1193,9455,49920431,39534301
2022-05-27,1226,9911,49921657,39544212
2022-05-28,1202,7873,49922859,39552085
2022-05-29,285,1264,49923144,39553349
2022-05-30,930,8028,49924074,39561377
2022-05-31,1033,8532,49925107,39569909
2022-06-01,891,7644,49925998,39577553
2022-06-02,35,474,49926033,39578027
2022-06-03,815,7328,49926848,39585355
2022-06-04,870,5155,49927718,39590510
2022-06-05,89,586,49927807,39591096
2022-06-06,676,6982,49928483,39598078
2022-06-07,931,7842,49929414,39605920
2022-06-08,982,7900,49930396,39613820
2022-06-09,1036,8400,49931432,39622220
2022-06-10,957,8551,49932389,39630771
2022-06-11,900,6206,49933289,39636977
2022-06-12,140,767,49933429,39637744
2022-06-13,603,6295,49934032,39644039
2022-06-14,826,7881,49934858,39651920
2022-06-15,954,7843,49935812,39659763
2022-06-16,729,7389,49936541,39667152
2022-06-17,720,7240,49937261,39674392
2022-06-18,777,5588,49938038,39679980
2022-06-19,47,522,49938085,39680502
2022-06-20,588,6694,49938673,39687196
2022-06-21,733,7647,49939406,39694843
2022-06-22,780,7305,49940186,39702148
2022-06-23,651,7459,49940837,39709607
2022-06-24,643,7473,49941480,39717080
2022-06-25,835,6532,49942315,39723612
2022-06-26,128,523,49942443,39724135
2022-06-27,532,7120,49942975,39731255
2022-06-28,745,8193,49943720,39739448
2022-06-29,754,7719,49944474,39747167
2022-06-30,744,8132,49945218,39755299
2022-07-01,576,6437,49945794,39761736
2022-07-02,536,4766,49946330,39766502
2022-07-03,49,456,49946379,39766958
2022-07-04,470,6274,49946849,39773232
2022-07-05,628,8112,49947477,39781344
2022-07-06,630,7606,49948107,39788950
2022-07-07,568,8260,49948675,39797210
2022-07-08,670,8078,49949345,39805288
2022-07-09,549,6103,49949894,39811391
2022-07-10,58,533,49949952,39811924
2022-07-11,487,7638,49950439,39819562
2022-07-12,664,9026,49951103,39828588
2022-07-13,639,10058,49951742,39838646
2022-07-14,636,10219,49952378,39848865
2022-07-15,622,10665,49953000,39859530
2022-07-16,522,7208,49953522,39866738
2022-07-17,48,769,49953570,39867507
2022-07-18,497,9350,49954067,39876857
2022-07-19,574,10649,49954641,39887506
2022-07-20,576,11258,49955217,39898764
2022-07-21,625,12039,49955842,39910803
2022-07-22,581,11225,49956423,39922028
2022-07-23,379,6743,49956802,39928771
2022-07-24,76,834,49956878,39929605
2022-07-25,501,9032,49957379,39938637
2022-07-26,519,9724,49957898,39948361
2022-07-27,549,10154,49958447,39958515
2022-07-28,527,10481,49958974,39968996
2022-07-29,510,9422,49959484,39978418
2022-07-30,380,5851,49959864,39984269
2022-07-31,49,745,49959913,39985014
2022-08-01,386,6823,49960299,39991837
2022-08-02,539,7518,49960838,39999355
2022-08-03,510,7143,49961348,40006498
2022-08-04,452,7426,49961800,40013924
2022-08-05,416,6484,49962216,40020408
2022-08-06,298,3581,49962514,40023989
2022-08-07,44,551,49962558,40024540
2022-08-08,401,4873,49962959,40029413
2022-08-09,383,5267,49963342,40034680
2022-08-10,375,4787,49963717,40039467
2022-08-11,364,4756,49964081,40044223
2022-08-12,288,3700,49964369,40047923
2022-08-13,143,1596,49964512,40049519
2022-08-14,9,128,49964521,40049647
2022-08-15,1,26,49964522,40049673
2022-08-16,282,3025,49964804,40052698
2022-08-17,351,3513,49965155,40056211
2022-08-18,388,4142,49965543,40060353
2022-08-19,339,3306,49965882,40063659
2022-08-20,182,1711,49966064,40065370
2022-08-21,24,146,49966088,40065516
2022-08-22,327,2929,49966415,40068445
2022-08-23,371,3648,49966786,40072093
2022-08-24,381,3332,49967167,40075425
2022-08-25,419,3730,49967586,40079155
2022-08-26,394,3545,49967980,40082700
2022-08-27,234,1767,49968214,40084467
2022-08-28,29,260,49968243,40084727
2022-08-29,353,3135,49968596,40087862
2022-08-30,400,3636,49968996,40091498
2022-08-31,432,3700,49969428,40095198
2022-09-01,352,3062,49969780,40098260
2022-09-02,290,2867,49970070,40101127
2022-09-03,199,1683,49970269,40102810
2022-09-04,22,147,49970291,40102957
2022-09-05,186,2623,49970477,40105580
2022-09-06,300,2958,49970777,40108538
2022-09-07,537,2898,49971314,40111436
2022-09-08,284,2934,49971598,40114370
2022-09-09,297,2840,49971895,40117210
2022-09-10,227,1323,49972122,40118533
2022-09-11,21,122,49972143,40118655
2022-09-12,264,2187,49972407,40120842
2022-09-13,242,2216,49972649,40123058
2022-09-14,257,2505,49972906,40125563
2022-09-15,274,2396,49973180,40127959
2022-09-16,248,2408,49973428,40130367
2022-09-17,237,1306,49973665,40131673
2022-09-18,19,170,49973684,40131843
2022-09-19,203,1860,49973887,40133703
2022-09-20,229,2251,49974116,40135954
2022-09-21,272,2322,49974388,40138276
2022-09-22,251,2404,49974639,40140680
2022-09-23,239,2026,49974878,40142706
2022-09-24,193,1354,49975071,40144060
2022-09-25,26,130,49975097,40144190
2022-09-26,149,1288,49975246,40145478