data_somministrazione,vaccinazioni,booster,cum_vaccinazioni,cum_booster
2020-12-27,20,0,20,0
2020-12-28,2,0,22,0
2020-12-29,1,0,23,0
2020-12-30,8,0,31,0
2020-12-31,70,0,101,0
2021-01-01,23,0,124,0
2021-01-02,115,0,239,0
2021-01-03,81,0,320,0
2021-01-04,207,0,527,0
2021-01-05,242,0,769,0
2021-01-06,208,0,977,0
2021-01-07,296,0,1273,0
2021-01-08,338,0,1611,0
2021-01-09,252,0,1863,0
2021-01-10,149,0,2012,0
2021-01-11,276,0,2288,0
2021-01-12,266,0,2554,0
2021-01-13,392,0,2946,0
2021-01-14,480,0,3426,0
2021-01-15,298,0,3724,0
2021-01-16,210,0,3934,0
2021-01-17,3059,0,6993,0
2021-01-18,5210,0,12203,0
2021-01-19,1892,0,14095,0
2021-01-20,4655,0,18750,0
2021-01-21,20000,0,38750,0
2021-01-22,14206,0,52956,0
2021-01-23,33330,0,86286,0
2021-01-24,30787,0,117073,0
2021-01-25,64724,0,181797,0
2021-01-26,76496,0,258293,0
2021-01-27,64833,0,323126,0
2021-01-28,89283,0,412409,0
2021-01-29,94019,0,506428,0
2021-01-30,86562,0,592990,0
2021-01-31,57331,0,650321,0
2021-02-01,81861,0,732182,0
2021-02-02,82147,0,814329,0
2021-02-03,91192,0,905521,0
2021-02-04,95399,0,1000920,0
2021-02-05,90273,0,1091193,0
2021-02-06,63446,0,1154639,0
2021-02-07,32927,0,1187566,0
2021-02-08,40429,0,1227995,0
2021-02-09,32866,0,1260861,0
2021-02-10,28422,0,1289283,0
2021-02-11,20393,0,1309676,0
2021-02-12,16230,0,1325906,0
2021-02-13,7260,0,1333166,0
2021-02-14,2861,0,1336027,0
2021-02-15,6839,0,1342866,0
2021-02-16,6998,0,1349864,0
2021-02-17,10520,0,1360384,0
2021-02-18,9250,0,1369634,0
2021-02-19,8243,0,1377877,0
2021-02-20,5551,0,1383428,0
2021-02-21,2994,0,1386422,0
2021-02-22,6882,0,1393304,0
2021-02-23,7165,0,1400469,0
2021-02-24,9827,0,1410296,0
2021-02-25,14204,0,1424500,0
2021-02-26,17555,0,1442055,0
2021-02-27,13907,0,1455962,0
2021-02-28,9386,0,1465348,0
2021-03-01,26511,0,1491859,0
2021-03-02,33238,0,1525097,0
2021-03-03,44644,0,1569741,0
2021-03-04,50290,0,1620031,0
2021-03-05,55736,0,1675767,0
2021-03-06,41873,0,1717640,0
2021-03-07,22323,0,1739963,0
2021-03-08,50804,0,1790767,0
2021-03-09,53062,0,1843829,0
2021-03-10,58634,0,1902463,0
2021-03-11,63847,0,1966310,0
2021-03-12,65105,0,2031415,0
2021-03-13,51714,0,2083129,0
2021-03-14,35391,0,2118520,0
2021-03-15,73431,0,2191951,0
2021-03-16,74024,0,2265975,0
2021-03-17,83131,0,2349106,0
2021-03-18,81622,0,2430728,0
2021-03-19,81079,0,2511807,0
2021-03-20,64714,0,2576521,0
2021-03-21,47291,0,2623812,0
2021-03-22,69470,0,2693282,0
2021-03-23,75786,0,2769068,0
2021-03-24,90897,0,2859965,0
2021-03-25,89793,0,2949758,0
2021-03-26,83616,0,3033374,0
2021-03-27,71928,0,3105302,0
2021-03-28,44138,0,3149440,0
2021-03-29,70815,0,3220255,0
2021-03-30,81375,0,3301630,0
2021-03-31,96222,0,3397852,0
2021-04-01,95299,0,3493151,0
2021-04-02,84067,0,3577218,0
2021-04-03,64298,0,3641516,0
2021-04-04,21717,0,3663233,0
2021-04-05,40304,0,3703537,0
2021-04-06,81306,0,3784843,0
2021-04-07,95819,0,3880662,0
2021-04-08,95232,0,3975894,0
2021-04-09,88485,0,4064379,0
2021-04-10,74030,0,4138409,0
2021-04-11,44761,0,4183170,0
2021-04-12,66911,0,4250081,0
2021-04-13,72568,0,4322649,0
2021-04-14,85525,0,4408174,0
2021-04-15,105405,0,4513579,0
2021-04-16,106415,0,4619994,0
2021-04-17,90503,0,4710497,0
2021-04-18,58582,0,4769079,0
2021-04-19,93425,0,4862504,0
2021-04-20,103760,0,4966264,0
2021-04-21,125336,0,5091600,0
2021-04-22,143502,0,5235102,0
2021-04-23,138723,0,5373825,0
2021-04-24,124439,0,5498264,0
2021-04-25,61454,0,5559718,0
2021-04-26,97880,0,5657598,0
2021-04-27,128354,0,5785952,0
2021-04-28,156357,0,5942309,0
2021-04-29,195587,0,6137896,0
2021-04-30,214556,0,6352452,0
2021-05-01,174101,0,6526553,0
2021-05-02,135795,0,6662348,0
2021-05-03,142010,0,6804358,0
2021-05-04,158679,0,6963037,0
2021-05-05,170486,0,7133523,0
2021-05-06,197792,0,7331315,0
2021-05-07,213823,0,7545138,0
2021-05-08,213392,0,7758530,0
2021-05-09,143197,0,7901727,0
2021-05-10,165082,0,8066809,0
2021-05-11,174970,0,8241779,0
2021-05-12,179167,0,8420946,0
2021-05-13,203370,0,8624316,0
2021-05-14,222896,0,8847212,0
2021-05-15,210353,0,9057565,0
2021-05-16,159268,0,9216833,0
2021-05-17,219183,0,9436016,0
2021-05-18,213003,0,9649019,0
2021-05-19,207069,0,9856088,0
2021-05-20,270842,0,10126930,0
2021-05-21,270869,0,10397799,0
2021-05-22,245516,0,10643315,0
2021-05-23,197171,0,10840486,0
2021-05-24,228299,0,11068785,0
2021-05-25,245692,0,11314477,0
2021-05-26,277481,0,11591958,0
2021-05-27,311079,0,11903037,0
2021-05-28,299567,0,12202604,0
2021-05-29,231215,0,12433819,0
2021-05-30,170832,0,12604651,0
2021-05-31,216415,0,12821066,0
2021-06-01,207625,0,13028691,0
2021-06-02,115780,0,13144471,0
2021-06-03,180126,0,13324597,0
2021-06-04,184863,0,13509460,0
2021-06-05,185949,0,13695409,0
2021-06-06,139530,0,13834939,0
2021-06-07,161857,0,13996796,0
2021-06-08,171192,0,14167988,0
2021-06-09,171456,0,14339444,0
2021-06-10,174073,0,14513517,0
2021-06-11,169958,0,14683475,0
2021-06-12,128316,0,14811791,0
2021-06-13,91160,0,14902951,0
2021-06-14,214662,0,15117613,0
2021-06-15,228400,0,15346013,0
2021-06-16,253054,0,15599067,0
2021-06-17,301717,0,15900784,0
2021-06-18,306282,0,16207066,0
2021-06-19,275069,0,16482135,0
2021-06-20,220749,0,16702884,0
2021-06-21,288060,0,16990944,0
2021-06-22,296198,0,17287142,0
2021-06-23,302668,0,17589810,0
2021-06-24,332570,0,17922380,0
2021-06-25,348698,0,18271078,0
2021-06-26,300088,0,18571166,0
2021-06-27,228632,0,18799798,0
2021-06-28,307061,0,19106859,0
2021-06-29,329256,0,19436115,0
2021-06-30,342120,0,19778235,0
2021-07-01,363178,0,20141413,0
2021-07-02,368439,0,20509852,0
2021-07-03,371074,0,20880926,0
2021-07-04,283203,0,21164129,0
2021-07-05,384516,0,21548645,0
2021-07-06,385435,0,21934080,0
2021-07-07,412072,0,22346152,0
2021-07-08,479607,0,22825759,0
2021-07-09,498476,0,23324235,0
2021-07-10,475169,0,23799404,0
2021-07-11,357690,0,24157094,0
2021-07-12,485886,0,24642980,0
2021-07-13,492132,0,25135112,0
2021-07-14,480466,0,25615578,0
2021-07-15,523460,0,26139038,0
2021-07-16,509768,0,26648806,0
2021-07-17,464355,0,27113161,0
2021-07-18,364677,0,27477838,0
2021-07-19,463062,0,27940900,0
2021-07-20,458075,0,28398975,0
2021-07-21,462804,0,28861779,0
2021-07-22,475397,0,29337176,0
2021-07-23,441292,0,29778468,0
2021-07-24,386171,0,30164639,0
2021-07-25,287574,0,30452213,0
2021-07-26,430871,0,30883084,0
2021-07-27,440118,0,31323202,0
2021-07-28,391005,0,31714207,0
2021-07-29,372078,0,32086285,0
2021-07-30,341507,0,32427792,0
2021-07-31,287022,0,32714814,0
2021-08-01,191012,0,32905826,0
2021-08-02,333715,0,33239541,0
2021-08-03,323185,0,33562726,0
2021-08-04,310963,0,33873689,0
2021-08-05,292503,0,34166192,0
2021-08-06,260005,0,34426197,0
2021-08-07,199045,0,34625242,0
2021-08-08,153108,0,34778350,0
2021-08-09,234073,0,35012423,0
2021-08-10,205248,0,35217671,0
2021-08-11,193762,0,35411433,0
2021-08-12,168009,0,35579442,0
2021-08-13,148613,0,35728055,0
2021-08-14,66090,0,35794145,0
2021-08-15,26336,0,35820481,0
2021-08-16,114688,0,35935169,0
2021-08-17,129246,0,36064415,0
2021-08-18,128748,0,36193163,0
2021-08-19,124802,0,36317965,0
2021-08-20,123800,0,36441765,0
2021-08-21,83126,0,36524891,0
2021-08-22,68170,0,36593061,0
2021-08-23,176866,0,36769927,0
2021-08-24,156900,0,36926827,0
2021-08-25,177169,0,37103996,0
2021-08-26,172352,0,37276348,0
2021-08-27,185841,0,37462189,0
2021-08-28,140272,0,37602461,0
2021-08-29,98996,0,37701457,0
2021-08-30,209623,0,37911080,0
2021-08-31,194637,0,38105717,0
2021-09-01,192215,0,38297932,0
2021-09-02,189937,0,38487869,0
2021-09-03,191326,0,38679195,0
2021-09-04,131477,0,38810672,0
2021-09-05,87862,0,38898534,0
2021-09-06,193642,0,39092176,0
2021-09-07,196050,0,39288226,0
2021-09-08,187899,0,39476125,0
2021-09-09,201459,0,39677584,0
2021-09-10,198097,0,39875681,0
2021-09-11,141317,0,40016998,0
2021-09-12,89600,0,40106598,0
2021-09-13,191149,574,40297747,574
2021-09-14,177240,594,40474987,1168
2021-09-15,163107,601,40638094,1769
2021-09-16,160086,940,40798180,2709
2021-09-17,150174,1125,40948354,3834
2021-09-18,127979,745,41076333,4579
2021-09-19,81134,497,41157467,5076
2021-09-20,180079,9084,41337546,14160
2021-09-21,166645,8836,41504191,22996
2021-09-22,159083,9447,41663274,32443
2021-09-23,138077,9334,41801351,41777
2021-09-24,140538,8968,41941889,50745
2021-09-25,119554,5645,42061443,56390
2021-09-26,71963,4344,42133406,60734
2021-09-27,135652,10052,42269058,70786
2021-09-28,117501,11394,42386559,82180
2021-09-29,112352,11828,42498911,94008
2021-09-30,110237,14957,42609148,108965
2021-10-01,94982,19111,42704130,128076
2021-10-02,78490,14021,42782620,142097
2021-10-03,47744,7659,42830364,149756
2021-10-04,88375,34451,42918739,184207
2021-10-05,80371,33973,42999110,218180
2021-10-06,71988,34167,43071098,252347
2021-10-07,71855,34351,43142953,286698
2021-10-08,80630,33591,43223583,320289
2021-10-09,76103,22173,43299686,342462
2021-10-10,45776,13618,43345462,356080
2021-10-11,87428,41108,43432890,397188
2021-10-12,84495,46906,43517385,444094
2021-10-13,88190,52126,43605575,496220
2021-10-14,91537,58517,43697112,554737
2021-10-15,93599,55635,43790711,610372
2021-10-16,82970,36784,43873681,647156
2021-10-17,51468,23828,43925149,670984
2021-10-18,90304,59486,44015453,730470
2021-10-19,78345,69380,44093798,799850
2021-10-20,75075,78171,44168873,878021
2021-10-21,78297,81765,44247170,959786
2021-10-22,73786,77033,44320956,1036819
2021-10-23,60817,51960,44381773,1088779
2021-10-24,33374,23461,44415147,1112240
2021-10-25,64907,81628,44480054,1193868
2021-10-26,58373,91788,44538427,1285656
2021-10-27,58329,103976,44596756,1389632
2021-10-28,61465,114108,44658221,1503740
2021-10-29,61646,103130,44719867,1606870
2021-10-30,50673,68119,44770540,1674989
2021-10-31,25162,28293,44795702,1703282
2021-11-01,19045,28150,44814747,1731432
2021-11-02,62757,89383,44877504,1820815
2021-11-03,60729,118663,44938233,1939478
2021-11-04,59242,126668,44997475,2066146
2021-11-05,63096,135179,45060571,2201325
2021-11-06,46476,90923,45107047,2292248
2021-11-07,22252,37896,45129299,2330144
2021-11-08,51527,131271,45180826,2461415
2021-11-09,45399,144208,45226225,2605623
2021-11-10,42583,156351,45268808,2761974
2021-11-11,44933,155138,45313741,2917112
2021-11-12,46372,158578,45360113,3075690
2021-11-13,33258,116653,45393371,3192343
2021-11-14,14486,52446,45407857,3244789
2021-11-15,36896,157428,45444753,3402217
2021-11-16,30553,171375,45475306,3573592
2021-11-17,28456,178442,45503762,3752034
2021-11-18,30283,193723,45534045,3945757
2021-11-19,28804,205852,45562849,4151609
2021-11-20,20994,156439,45583843,4308048
2021-11-21,10610,64859,45594453,4372907
2021-11-22,21939,213141,45616392,4586048
2021-11-23,23578,241745,45639970,4827793
2021-11-24,27843,270948,45667813,5098741
2021-11-25,23235,301910,45691048,5400651
2021-11-26,24586,318269,45715634,5718920
2021-11-27,21381,266149,45737015,5985069
2021-11-28,9898,137058,45746913,6122127
2021-11-29,22329,326064,45769242,6448191
2021-11-30,23092,365824,45792334,6814015
2021-12-01,21523,413504,45813857,7227519
2021-12-02,23764,440376,45837621,7667895
2021-12-03,25262,467459,45862883,8135354
2021-12-04,22371,418731,45885254,8554085
2021-12-05,11927,261331,45897181,8815416
2021-12-06,25816,457578,45922997,9272994
2021-12-07,24134,480254,45947131,9753248
2021-12-08,10004,249684,45957135,10002932
2021-12-09,31581,491912,45988716,10494844
2021-12-10,28070,517868,46016786,11012712
2021-12-11,23561,459243,46040347,11471955
2021-12-12,12306,293495,46052653,11765450
2021-12-13,26152,467622,46078805,12233072
2021-12-14,25172,494193,46103977,12727265
2021-12-15,25335,517138,46129312,13244403
2021-12-16,27879,520242,46157191,13764645
2021-12-17,29366,517161,46186557,14281806
2021-12-18,27056,468717,46213613,14750523
2021-12-19,15144,300516,46228757,15051039
2021-12-20,30621,477482,46259378,15528521
2021-12-21,30373,493378,46289751,16021899
2021-12-22,29443,484704,46319194,16506603
2021-12-23,28244,426894,46347438,16933497
2021-12-24,13111,210824,46360549,17144321
2021-12-25,2101,33053,46362650,17177374
2021-12-26,8762,159068,46371412,17336442
2021-12-27,46785,504656,46418197,17841098
2021-12-28,42445,554209,46460642,18395307
2021-12-29,34342,550638,46494984,18945945
2021-12-30,31828,499820,46526812,19445765
2021-12-31,14119,247389,46540931,19693154
2022-01-01,3496,64814,46544427,19757968
2022-01-02,22763,276720,46567190,20034688
2022-01-03,47847,520010,46615037,20554698
2022-01-04,46357,572080,46661394,21126778
2022-01-05,40736,560393,46702130,21687171
2022-01-06,23489,274483,46725619,21961654
2022-01-07,63698,554181,46789317,22515835
2022-01-08,60838,503377,46850155,23019212
2022-01-09,42831,319684,46892986,23338896
2022-01-10,61066,542283,46954052,23881179
2022-01-11,61702,586985,47015754,24468164
2022-01-12,58423,581274,47074177,25049438
2022-01-13,58592,580378,47132769,25629816
2022-01-14,46775,588563,47179544,26218379
2022-01-15,39383,569934,47218927,26788313
2022-01-16,31196,341851,47250123,27130164
2022-01-17,54757,489652,47304880,27619816
2022-01-18,58377,517007,47363257,28136823
2022-01-19,57177,502779,47420434,28639602
2022-01-20,54328,498813,47474762,29138415
2022-01-21,42068,493867,47516830,29632282
2022-01-22,31169,469593,47547999,30101875
2022-01-23,34919,275360,47582918,30377235
2022-01-24,56172,437210,47639090,30814445
2022-01-25,61533,452098,47700623,31266543
2022-01-26,58528,435823,47759151,31702366
2022-01-27,48822,432354,47807973,32134720
2022-01-28,58683,436530,47866656,32571250
2022-01-29,68111,412486,47934767,32983736
2022-01-30,50365,235965,47985132,33219701
2022-01-31,60612,356927,48045744,33576628
2022-02-01,65534,328436,48111278,33905064
2022-02-02,63182,296967,48174460,34202031
2022-02-03,60047,274513,48234507,34476544
2022-02-04,72364,268452,48306871,34744996
2022-02-05,83759,248527,48390630,34993523
2022-02-06,55277,116200,48445907,35109723
2022-02-07,65132,199936,48511039,35309659
2022-02-08,66918,186107,48577957,35495766
2022-02-09,58753,166333,48636710,35662099
2022-02-10,58556,163234,48695266,35825333
2022-02-11,62235,162456,48757501,35987789
2022-02-12,71967,152137,48829468,36139926
2022-02-13,41467,68848,48870935,36208774
2022-02-14,46682,116186,48917617,36324960
2022-02-15,48520,123478,48966137,36448438
2022-02-16,45667,106115,49011804,36554553
2022-02-17,42856,98104,49054660,36652657
2022-02-18,46610,112569,49101270,36765226
2022-02-19,52522,100329,49153792,36865555
2022-02-20,31412,40359,49185204,36905914
2022-02-21,37884,89643,49223088,36995557
2022-02-22,37216,83770,49260304,37079327
2022-02-23,33386,79403,49293690,37158730
2022-02-24,32550,78158,49326240,37236888
2022-02-25,34754,90708,49360994,37327596
2022-02-26,39152,89131,49400146,37416727
2022-02-27,22540,35856,49422686,37452583
2022-02-28,28472,81686,49451158,37534269
2022-03-01,22712,53939,49473870,37588208
2022-03-02,21992,50627,49495862,37638835
2022-03-03,22606,54939,49518468,37693774
2022-03-04,23219,62791,49541687,37756565
2022-03-05,23790,57952,49565477,37814517
2022-03-06,9470,17200,49574947,37831717
2022-03-07,15907,51386,49590854,37883103
2022-03-08,15469,48793,49606323,37931896
2022-03-09,13809,46513,49620132,37978409
2022-03-10,14041,52115,49634173,38030524
2022-03-11,15578,57255,49649751,38087779
2022-03-12,15495,56614,49665246,38144393
2022-03-13,5543,16849,49670789,38161242
2022-03-14,10519,46694,49681308,38207936
2022-03-15,10536,46889,49691844,38254825
2022-03-16,9476,41975,49701320,38296800
2022-03-17,9707,44871,49711027,38341671
2022-03-18,10154,49052,49721181,38390723
2022-03-19,9146,46530,49730327,38437253
2022-03-20,2608,11700,49732935,38448953
2022-03-21,7577,40223,49740512,38489176
2022-03-22,8446,37753,49748958,38526929
2022-03-23,7208,33699,49756166,38560628
2022-03-24,8254,38798,49764420,38599426
2022-03-25,8131,43661,49772551,38643087
2022-03-26,8125,41721,49780676,38684808
2022-03-27,2429,9681,49783105,38694489
2022-03-28,6103,35234,49789208,38729723
2022-03-29,5773,32525,49794981,38762248
2022-03-30,5559,30198,49800540,38792446
2022-03-31,5887,33176,49806427,38825622
2022-04-01,4344,25188,49810771,38850810
2022-04-02,4490,23275,49815261,38874085
2022-04-03,1049,4499,49816310,38878584
2022-04-04,3654,21533,49819964,38900117
2022-04-05,3751,22925,49823715,38923042
2022-04-06,4099,21848,49827814,38944890
2022-04-07,3963,23320,49831777,38968210
2022-04-08,4688,26709,49836465,38994919
2022-04-09,4380,23884,49840845,39018803
2022-04-10,891,4614,49841736,39023417
2022-04-11,3812,22685,49845548,39046102
2022-04-12,3358,21778,49848906,39067880
2022-04-13,3561,21333,49852467,39089213
2022-04-14,3484,23781,49855951,39112994
2022-04-15,3080,20617,49859031,39133611
2022-04-16,2149,11919,49861180,39145530
2022-04-17,63,348,49861243,39145878
2022-04-18,149,650,49861392,39146528
2022-04-19,3492,21978,49864884,39168506
2022-04-20,3503,20248,49868387,39188754
2022-04-21,2842,19780,49871229,39208534
2022-04-22,2925,20696,49874154,39229230
2022-04-23,2638,16212,49876792,39245442
2022-04-24,509,2335,49877301,39247777
2022-04-25,183,1165,49877484,39248942
2022-04-26,2760,17795,49880244,39266737
2022-04-27,2371,15785,49882615,39282522
2022-04-28,2358,15553,49884973,39298075
2022-04-29,2292,14835,49887265,39312910
2022-04-30,2121,11577,49889386,39324487
2022-05-01,113,530,49889499,39325017
2022-05-02,1448,9386,49890947,39334403
2022-05-03,1574,10310,49892521,39344713
2022-05-04,1747,10258,49894268,39354971
2022-05-05,1651,10274,49895919,39365245
2022-05-06,1700,10946,49897619,39376191
2022-05-07,1431,8562,49899050,39384753
2022-05-08,404,1514,49899454,39386267
2022-05-09,1026,8918,49900480,39395185
2022-05-10,1422,9539,49901902,39404724
2022-05-11,1485,10088,49903387,39414812
2022-05-12,1368,10119,49904755,39424931
2022-05-13,1588,10511,49906343,39435442
2022-05-14,1356,8228,49907699,39443670
2022-05-15,336,1129,49908035,39444799
2022-05-16,811,8392,49908846,39453191
2022-05-17,1242,8673,49910088,39461864
2022-05-18,1372,9221,49911460,39471085
2022-05-19,1500,9269,49912960,39480354
2022-05-20,1420,9495,49914380,39489849
2022-05-21,1299,7892,49915679,39497741
2022-05-22,231,1012,49915910,39498753
2022-05-23,828,8261,49916738,39507014
2022-05-24,1070,8666,49917808,39515680
2022-05-25,1367,9446,49919175,39525126
2022-05-26,1193,9455,49920368,39534581
2022-05-27,1226,9911,49921594,39544492
2022-05-28,1202,7873,49922796,39552365
2022-05-29,285,1264,49923081,39553629
2022-05-30,930,8028,49924011,39561657
2022-05-31,1033,8532,49925044,39570189
2022-06-01,891,7644,49925935,39577833
2022-06-02,35,474,49925970,39578307
2022-06-03,816,7327,49926786,39585634
2022-06-04,870,5155,49927656,39590789
2022-06-05,89,586,49927745,39591375
2022-06-06,675,6984,49928420,39598359
2022-06-07,931,7842,49929351,39606201
2022-06-08,982,7900,49930333,39614101
2022-06-09,1036,8400,49931369,39622501
2022-06-10,957,8552,49932326,39631053
2022-06-11,900,6206,49933226,39637259
2022-06-12,140,767,49933366,39638026
2022-06-13,603,6295,49933969,39644321
2022-06-14,826,7882,49934795,39652203
2022-06-15,954,7843,49935749,39660046
2022-06-16,729,7389,49936478,39667435
2022-06-17,720,7240,49937198,39674675
2022-06-18,777,5588,49937975,39680263
2022-06-19,47,522,49938022,39680785
2022-06-20,588,6694,49938610,39687479
2022-06-21,733,7652,49939343,39695131
2022-06-22,780,7305,49940123,39702436
2022-06-23,651,7459,49940774,39709895
2022-06-24,642,7473,49941416,39717368
2022-06-25,835,6532,49942251,39723900
2022-06-26,128,523,49942379,39724423
2022-06-27,532,7120,49942911,39731543
2022-06-28,745,8193,49943656,39739736
2022-06-29,755,7719,49944411,39747455
2022-06-30,744,8132,49945155,39755587
2022-07-01,576,6438,49945731,39762025
2022-07-02,536,4766,49946267,39766791
2022-07-03,49,456,49946316,39767247
2022-07-04,470,6274,49946786,39773521
2022-07-05,628,8112,49947414,39781633
2022-07-06,630,7606,49948044,39789239
2022-07-07,568,8260,49948612,39797499
2022-07-08,670,8078,49949282,39805577
2022-07-09,549,6103,49949831,39811680
2022-07-10,58,533,49949889,39812213
2022-07-11,487,7638,49950376,39819851
2022-07-12,664,9026,49951040,39828877
2022-07-13,639,10060,49951679,39838937
2022-07-14,636,10219,49952315,39849156
2022-07-15,622,10665,49952937,39859821
2022-07-16,522,7209,49953459,39867030
2022-07-17,48,769,49953507,39867799
2022-07-18,497,9350,49954004,39877149
2022-07-19,574,10649,49954578,39887798
2022-07-20,576,11258,49955154,39899056
2022-07-21,625,12040,49955779,39911096
2022-07-22,581,11226,49956360,39922322
2022-07-23,379,6743,49956739,39929065
2022-07-24,76,834,49956815,39929899
2022-07-25,501,9033,49957316,39938932
2022-07-26,519,9725,49957835,39948657
2022-07-27,549,10155,49958384,39958812
2022-07-28,527,10482,49958911,39969294
2022-07-29,510,9423,49959421,39978717
2022-07-30,380,5853,49959801,39984570
2022-07-31,49,745,49959850,39985315
2022-08-01,386,6823,49960236,39992138
2022-08-02,539,7518,49960775,39999656
2022-08-03,511,7143,49961286,40006799
2022-08-04,452,7427,49961738,40014226
2022-08-05,417,6485,49962155,40020711
2022-08-06,298,3581,49962453,40024292
2022-08-07,44,551,49962497,40024843
2022-08-08,401,4874,49962898,40029717
2022-08-09,383,5267,49963281,40034984
2022-08-10,375,4788,49963656,40039772
2022-08-11,364,4756,49964020,40044528
2022-08-12,288,3700,49964308,40048228
2022-08-13,143,1596,49964451,40049824
2022-08-14,9,128,49964460,40049952
2022-08-15,1,26,49964461,40049978
2022-08-16,282,3026,49964743,40053004
2022-08-17,351,3513,49965094,40056517
2022-08-18,388,4142,49965482,40060659
2022-08-19,339,3306,49965821,40063965
2022-08-20,182,1711,49966003,40065676
2022-08-21,24,146,49966027,40065822
2022-08-22,329,2935,49966356,40068757
2022-08-23,371,3647,49966727,40072404
2022-08-24,381,3332,49967108,40075736
2022-08-25,419,3730,49967527,40079466
2022-08-26,394,3545,49967921,40083011
2022-08-27,234,1767,49968155,40084778
2022-08-28,29,260,49968184,40085038
2022-08-29,353,3136,49968537,40088174
2022-08-30,400,3636,49968937,40091810
2022-08-31,432,3700,49969369,40095510
2022-09-01,352,3064,49969721,40098574
2022-09-02,291,2867,49970012,40101441
2022-09-03,199,1683,49970211,40103124
2022-09-04,22,147,49970233,40103271
2022-09-05,186,2623,49970419,40105894
2022-09-06,301,2959,49970720,40108853
2022-09-07,538,2907,49971258,40111760
2022-09-08,286,2935,49971544,40114695
2022-09-09,297,2845,49971841,40117540
2022-09-10,227,1324,49972068,40118864
2022-09-11,21,123,49972089,40118987
2022-09-12,264,2204,49972353,40121191
2022-09-13,246,2241,49972599,40123432
2022-09-14,260,2526,49972859,40125958
2022-09-15,276,2441,49973135,40128399
2022-09-16,252,2472,49973387,40130871
2022-09-17,239,1315,49973626,40132186
2022-09-18,19,170,49973645,40132356
2022-09-19,208,1960,49973853,40134316
2022-09-20,234,2359,49974087,40136675
2022-09-21,287,2487,49974374,40139162
2022-09-22,263,2541,49974637,40141703
2022-09-23,248,2225,49974885,40143928
2022-09-24,195,1400,49975080,40145328
2022-09-25,28,132,49975108,40145460
2022-09-26,266,2188,49975374,40147648
2022-09-27,277,2524,49975651,40150172
2022-09-28,160,1343,49975811,40151515