data_somministrazione,vaccinazioni,booster,cum_vaccinazioni,cum_booster
2020-12-27,15,0,15,0
2020-12-28,2,0,17,0
2020-12-29,1,0,18,0
2020-12-30,2,0,20,0
2020-12-31,34,0,54,0
2021-01-01,12,0,66,0
2021-01-02,53,0,119,0
2021-01-03,45,0,164,0
2021-01-04,120,0,284,0
2021-01-05,157,0,441,0
2021-01-06,132,0,573,0
2021-01-07,194,0,767,0
2021-01-08,241,0,1008,0
2021-01-09,170,0,1178,0
2021-01-10,108,0,1286,0
2021-01-11,196,0,1482,0
2021-01-12,202,0,1684,0
2021-01-13,303,0,1987,0
2021-01-14,390,0,2377,0
2021-01-15,231,0,2608,0
2021-01-16,163,0,2771,0
2021-01-17,3046,0,5817,0
2021-01-18,5178,0,10995,0
2021-01-19,1868,0,12863,0
2021-01-20,4649,0,17512,0
2021-01-21,20002,0,37514,0
2021-01-22,14194,0,51708,0
2021-01-23,33352,0,85060,0
2021-01-24,30791,0,115851,0
2021-01-25,64765,0,180616,0
2021-01-26,76534,0,257150,0
2021-01-27,64871,0,322021,0
2021-01-28,89326,0,411347,0
2021-01-29,94064,0,505411,0
2021-01-30,86603,0,592014,0
2021-01-31,57338,0,649352,0
2021-02-01,81889,0,731241,0
2021-02-02,82152,0,813393,0
2021-02-03,91206,0,904599,0
2021-02-04,95355,0,999954,0
2021-02-05,90262,0,1090216,0
2021-02-06,63724,0,1153940,0
2021-02-07,32913,0,1186853,0
2021-02-08,40401,0,1227254,0
2021-02-09,32826,0,1260080,0
2021-02-10,28371,0,1288451,0
2021-02-11,20340,0,1308791,0
2021-02-12,16170,0,1324961,0
2021-02-13,7215,0,1332176,0
2021-02-14,2855,0,1335031,0
2021-02-15,6814,0,1341845,0
2021-02-16,6968,0,1348813,0
2021-02-17,10486,0,1359299,0
2021-02-18,9206,0,1368505,0
2021-02-19,8140,0,1376645,0
2021-02-20,5466,0,1382111,0
2021-02-21,2938,0,1385049,0
2021-02-22,6826,0,1391875,0
2021-02-23,7085,0,1398960,0
2021-02-24,9780,0,1408740,0
2021-02-25,14159,0,1422899,0
2021-02-26,17463,0,1440362,0
2021-02-27,13841,0,1454203,0
2021-02-28,9334,0,1463537,0
2021-03-01,26424,0,1489961,0
2021-03-02,33141,0,1523102,0
2021-03-03,44578,0,1567680,0
2021-03-04,50179,0,1617859,0
2021-03-05,55670,0,1673529,0
2021-03-06,41822,0,1715351,0
2021-03-07,22279,0,1737630,0
2021-03-08,50597,0,1788227,0
2021-03-09,52926,0,1841153,0
2021-03-10,58481,0,1899634,0
2021-03-11,63688,0,1963322,0
2021-03-12,65000,0,2028322,0
2021-03-13,51634,0,2079956,0
2021-03-14,35332,0,2115288,0
2021-03-15,73280,0,2188568,0
2021-03-16,73958,0,2262526,0
2021-03-17,82971,0,2345497,0
2021-03-18,81568,0,2427065,0
2021-03-19,80982,0,2508047,0
2021-03-20,64609,0,2572656,0
2021-03-21,47237,0,2619893,0
2021-03-22,69365,0,2689258,0
2021-03-23,75661,0,2764919,0
2021-03-24,90738,0,2855657,0
2021-03-25,89659,0,2945316,0
2021-03-26,83456,0,3028772,0
2021-03-27,71785,0,3100557,0
2021-03-28,44017,0,3144574,0
2021-03-29,70672,0,3215246,0
2021-03-30,81219,0,3296465,0
2021-03-31,96056,0,3392521,0
2021-04-01,95165,0,3487686,0
2021-04-02,83947,0,3571633,0
2021-04-03,64211,0,3635844,0
2021-04-04,21678,0,3657522,0
2021-04-05,40245,0,3697767,0
2021-04-06,81198,0,3778965,0
2021-04-07,95621,0,3874586,0
2021-04-08,95119,0,3969705,0
2021-04-09,88343,0,4058048,0
2021-04-10,73907,0,4131955,0
2021-04-11,44680,0,4176635,0
2021-04-12,66811,0,4243446,0
2021-04-13,72484,0,4315930,0
2021-04-14,85384,0,4401314,0
2021-04-15,105267,0,4506581,0
2021-04-16,106266,0,4612847,0
2021-04-17,90513,0,4703360,0
2021-04-18,58648,0,4762008,0
2021-04-19,93330,0,4855338,0
2021-04-20,103634,0,4958972,0
2021-04-21,125222,0,5084194,0
2021-04-22,143366,0,5227560,0
2021-04-23,138523,0,5366083,0
2021-04-24,124289,0,5490372,0
2021-04-25,61371,0,5551743,0
2021-04-26,97757,0,5649500,0
2021-04-27,128213,0,5777713,0
2021-04-28,156185,0,5933898,0
2021-04-29,195350,0,6129248,0
2021-04-30,214337,0,6343585,0
2021-05-01,174116,0,6517701,0
2021-05-02,135852,0,6653553,0
2021-05-03,141820,0,6795373,0
2021-05-04,158507,0,6953880,0
2021-05-05,170259,0,7124139,0
2021-05-06,197586,0,7321725,0
2021-05-07,213509,0,7535234,0
2021-05-08,213162,0,7748396,0
2021-05-09,143011,0,7891407,0
2021-05-10,164893,0,8056300,0
2021-05-11,174717,0,8231017,0
2021-05-12,178870,0,8409887,0
2021-05-13,203046,0,8612933,0
2021-05-14,222612,0,8835545,0
2021-05-15,210053,0,9045598,0
2021-05-16,159119,0,9204717,0
2021-05-17,218982,0,9423699,0
2021-05-18,212762,0,9636461,0
2021-05-19,206816,0,9843277,0
2021-05-20,270519,0,10113796,0
2021-05-21,270554,0,10384350,0
2021-05-22,245316,0,10629666,0
2021-05-23,197043,0,10826709,0
2021-05-24,228132,0,11054841,0
2021-05-25,245491,0,11300332,0
2021-05-26,277231,0,11577563,0
2021-05-27,310813,0,11888376,0
2021-05-28,299330,0,12187706,0
2021-05-29,230953,0,12418659,0
2021-05-30,170667,0,12589326,0
2021-05-31,216194,0,12805520,0
2021-06-01,207439,0,13012959,0
2021-06-02,115603,0,13128562,0
2021-06-03,179759,0,13308321,0
2021-06-04,184476,0,13492797,0
2021-06-05,185697,0,13678494,0
2021-06-06,139349,0,13817843,0
2021-06-07,161500,0,13979343,0
2021-06-08,170748,0,14150091,0
2021-06-09,171031,0,14321122,0
2021-06-10,173607,0,14494729,0
2021-06-11,169543,0,14664272,0
2021-06-12,127944,0,14792216,0
2021-06-13,90901,0,14883117,0
2021-06-14,214379,0,15097496,0
2021-06-15,228143,0,15325639,0
2021-06-16,252855,0,15578494,0
2021-06-17,301477,0,15879971,0
2021-06-18,306011,0,16185982,0
2021-06-19,274924,0,16460906,0
2021-06-20,220565,0,16681471,0
2021-06-21,287885,0,16969356,0
2021-06-22,295993,0,17265349,0
2021-06-23,302563,0,17567912,0
2021-06-24,332441,0,17900353,0
2021-06-25,348558,0,18248911,0
2021-06-26,300153,0,18549064,0
2021-06-27,228753,0,18777817,0
2021-06-28,306823,0,19084640,0
2021-06-29,329003,0,19413643,0
2021-06-30,341941,0,19755584,0
2021-07-01,362935,0,20118519,0
2021-07-02,368323,0,20486842,0
2021-07-03,371235,0,20858077,0
2021-07-04,283192,0,21141269,0
2021-07-05,384382,0,21525651,0
2021-07-06,385255,0,21910906,0
2021-07-07,411966,0,22322872,0
2021-07-08,479706,0,22802578,0
2021-07-09,498473,0,23301051,0
2021-07-10,475202,0,23776253,0
2021-07-11,357757,0,24134010,0
2021-07-12,485929,0,24619939,0
2021-07-13,492240,0,25112179,0
2021-07-14,480494,0,25592673,0
2021-07-15,523616,0,26116289,0
2021-07-16,509854,0,26626143,0
2021-07-17,464460,0,27090603,0
2021-07-18,364768,0,27455371,0
2021-07-19,463350,0,27918721,0
2021-07-20,458209,0,28376930,0
2021-07-21,462844,0,28839774,0
2021-07-22,475330,0,29315104,0
2021-07-23,441253,0,29756357,0
2021-07-24,386090,0,30142447,0
2021-07-25,287515,0,30429962,0
2021-07-26,430819,0,30860781,0
2021-07-27,440093,0,31300874,0
2021-07-28,390904,0,31691778,0
2021-07-29,371965,0,32063743,0
2021-07-30,341421,0,32405164,0
2021-07-31,286911,0,32692075,0
2021-08-01,190763,0,32882838,0
2021-08-02,333738,0,33216576,0
2021-08-03,323050,0,33539626,0
2021-08-04,310765,0,33850391,0
2021-08-05,292390,0,34142781,0
2021-08-06,259834,0,34402615,0
2021-08-07,198817,0,34601432,0
2021-08-08,153027,0,34754459,0
2021-08-09,234084,0,34988543,0
2021-08-10,205030,0,35193573,0
2021-08-11,193482,0,35387055,0
2021-08-12,167735,0,35554790,0
2021-08-13,148313,0,35703103,0
2021-08-14,65944,0,35769047,0
2021-08-15,26284,0,35795331,0
2021-08-16,114526,0,35909857,0
2021-08-17,129048,0,36038905,0
2021-08-18,128621,0,36167526,0
2021-08-19,124600,0,36292126,0
2021-08-20,123588,0,36415714,0
2021-08-21,82976,0,36498690,0
2021-08-22,68050,0,36566740,0
2021-08-23,176601,0,36743341,0
2021-08-24,156844,0,36900185,0
2021-08-25,176918,0,37077103,0
2021-08-26,172203,0,37249306,0
2021-08-27,185700,0,37435006,0
2021-08-28,140015,0,37575021,0
2021-08-29,98886,0,37673907,0
2021-08-30,209473,0,37883380,0
2021-08-31,194556,0,38077936,0
2021-09-01,192022,0,38269958,0
2021-09-02,189757,0,38459715,0
2021-09-03,191139,0,38650854,0
2021-09-04,131333,0,38782187,0
2021-09-05,87828,0,38870015,0
2021-09-06,193507,0,39063522,0
2021-09-07,195710,0,39259232,0
2021-09-08,187703,0,39446935,0
2021-09-09,201278,0,39648213,0
2021-09-10,197877,0,39846090,0
2021-09-11,141125,0,39987215,0
2021-09-12,89449,0,40076664,0
2021-09-13,190994,335,40267658,335
2021-09-14,177231,418,40444889,753
2021-09-15,162946,451,40607835,1204
2021-09-16,159924,785,40767759,1989
2021-09-17,149970,1001,40917729,2990
2021-09-18,127783,653,41045512,3643
2021-09-19,80936,440,41126448,4083
2021-09-20,179750,8951,41306198,13034
2021-09-21,166222,8722,41472420,21756
2021-09-22,158660,9356,41631080,31112
2021-09-23,137603,9234,41768683,40346
2021-09-24,140110,8850,41908793,49196
2021-09-25,119259,5555,42028052,54751
2021-09-26,71738,4293,42099790,59044
2021-09-27,135311,9963,42235101,69007
2021-09-28,117100,11299,42352201,80306
2021-09-29,111911,11754,42464112,92060
2021-09-30,109831,14833,42573943,106893
2021-10-01,94592,19022,42668535,125915
2021-10-02,78173,13982,42746708,139897
2021-10-03,47498,7626,42794206,147523
2021-10-04,88041,34356,42882247,181879
2021-10-05,80059,33907,42962306,215786
2021-10-06,71707,34052,43034013,249838
2021-10-07,71462,34272,43105475,284110
2021-10-08,80325,33482,43185800,317592
2021-10-09,75768,22104,43261568,339696
2021-10-10,45604,13590,43307172,353286
2021-10-11,87054,40984,43394226,394270
2021-10-12,84143,46779,43478369,441049
2021-10-13,87839,51972,43566208,493021
2021-10-14,91043,58372,43657251,551393
2021-10-15,93171,55459,43750422,606852
2021-10-16,82611,36695,43833033,643547
2021-10-17,51213,23773,43884246,667320
2021-10-18,90021,59319,43974267,726639
2021-10-19,78103,69272,44052370,795911
2021-10-20,74866,78009,44127236,873920
2021-10-21,78052,81556,44205288,955476
2021-10-22,73705,76848,44278993,1032324
2021-10-23,60690,51880,44339683,1084204
2021-10-24,33284,23395,44372967,1107599
2021-10-25,64713,81485,44437680,1189084
2021-10-26,58226,91596,44495906,1280680
2021-10-27,58096,103807,44554002,1384487
2021-10-28,61271,113810,44615273,1498297
2021-10-29,61592,102894,44676865,1601191
2021-10-30,50538,67969,44727403,1669160
2021-10-31,25100,28230,44752503,1697390
2021-11-01,19005,28115,44771508,1725505
2021-11-02,62626,89188,44834134,1814693
2021-11-03,60588,118454,44894722,1933147
2021-11-04,59072,126415,44953794,2059562
2021-11-05,62941,134936,45016735,2194498
2021-11-06,46317,90784,45063052,2285282
2021-11-07,22196,37822,45085248,2323104
2021-11-08,51331,131071,45136579,2454175
2021-11-09,45271,143833,45181850,2598008
2021-11-10,42487,155939,45224337,2753947
2021-11-11,44771,154869,45269108,2908816
2021-11-12,46192,158291,45315300,3067107
2021-11-13,33125,116421,45348425,3183528
2021-11-14,14432,52382,45362857,3235910
2021-11-15,36730,157108,45399587,3393018
2021-11-16,30390,171074,45429977,3564092
2021-11-17,28264,178195,45458241,3742287
2021-11-18,30082,193368,45488323,3935655
2021-11-19,28614,205444,45516937,4141099
2021-11-20,20847,156098,45537784,4297197
2021-11-21,10520,64696,45548304,4361893
2021-11-22,21741,212730,45570045,4574623
2021-11-23,23355,241356,45593400,4815979
2021-11-24,27588,270427,45620988,5086406
2021-11-25,22934,301372,45643922,5387778
2021-11-26,24285,317742,45668207,5705520
2021-11-27,21134,265735,45689341,5971255
2021-11-28,9757,136809,45699098,6108064
2021-11-29,21939,325477,45721037,6433541
2021-11-30,22710,365116,45743747,6798657
2021-12-01,21081,412704,45764828,7211361
2021-12-02,23268,439791,45788096,7651152
2021-12-03,24681,466737,45812777,8117889
2021-12-04,21879,418341,45834656,8536230
2021-12-05,11564,261133,45846220,8797363
2021-12-06,25042,457059,45871262,9254422
2021-12-07,23365,479631,45894627,9734053
2021-12-08,9599,249450,45904226,9983503
2021-12-09,30661,491401,45934887,10474904
2021-12-10,27176,517076,45962063,10991980
2021-12-11,22758,458830,45984821,11450810
2021-12-12,11771,293196,45996592,11744006
2021-12-13,25172,467045,46021764,12211051
2021-12-14,24136,493599,46045900,12704650
2021-12-15,24309,516498,46070209,13221148
2021-12-16,26587,519475,46096796,13740623
2021-12-17,28173,516112,46124969,14256735
2021-12-18,25802,468221,46150771,14724956
2021-12-19,14256,300218,46165027,15025174
2021-12-20,29337,476898,46194364,15502072
2021-12-21,29051,492627,46223415,15994699
2021-12-22,27943,484040,46251358,16478739
2021-12-23,26737,426325,46278095,16905064
2021-12-24,12527,210578,46290622,17115642
2021-12-25,2055,33003,46292677,17148645
2021-12-26,8070,158963,46300747,17307608
2021-12-27,44243,504165,46344990,17811773
2021-12-28,39042,553552,46384032,18365325
2021-12-29,30696,549948,46414728,18915273
2021-12-30,28265,499097,46442993,19414370
2021-12-31,12389,247124,46455382,19661494
2022-01-01,3130,64743,46458512,19726237
2022-01-02,19676,276511,46478188,20002748
2022-01-03,43054,520400,46521242,20523148
2022-01-04,41157,572388,46562399,21095536
2022-01-05,35559,560660,46597958,21656196
2022-01-06,20646,274170,46618604,21930366
2022-01-07,58532,554054,46677136,22484420
2022-01-08,55359,502633,46732495,22987053
2022-01-09,38609,319315,46771104,23306368
2022-01-10,56969,542007,46828073,23848375
2022-01-11,57130,586509,46885203,24434884
2022-01-12,53939,580817,46939142,25015701
2022-01-13,54465,579774,46993607,25595475
2022-01-14,42602,587687,47036209,26183162
2022-01-15,34208,567330,47070417,26750492
2022-01-16,27767,340612,47098184,27091104
2022-01-17,52029,489198,47150213,27580302
2022-01-18,55708,516288,47205921,28096590
2022-01-19,54682,502110,47260603,28598700
2022-01-20,51977,497795,47312580,29096495
2022-01-21,39607,492305,47352187,29588800
2022-01-22,28214,467809,47380401,30056609
2022-01-23,33212,274385,47413613,30330994
2022-01-24,54486,435605,47468099,30766599
2022-01-25,59889,449954,47527988,31216553
2022-01-26,56512,432027,47584500,31648580
2022-01-27,48255,424532,47632755,32073112
2022-01-28,59974,412960,47692729,32486072