data_somministrazione,vaccinazioni,booster,cum_vaccinazioni,cum_booster
2020-12-27,18,0,18,0
2020-12-28,2,0,20,0
2020-12-29,1,0,21,0
2020-12-30,6,0,27,0
2020-12-31,55,0,82,0
2021-01-01,21,0,103,0
2021-01-02,94,0,197,0
2021-01-03,71,0,268,0
2021-01-04,186,0,454,0
2021-01-05,227,0,681,0
2021-01-06,179,0,860,0
2021-01-07,269,0,1129,0
2021-01-08,316,0,1445,0
2021-01-09,235,0,1680,0
2021-01-10,139,0,1819,0
2021-01-11,258,0,2077,0
2021-01-12,259,0,2336,0
2021-01-13,375,0,2711,0
2021-01-14,463,0,3174,0
2021-01-15,286,0,3460,0
2021-01-16,200,0,3660,0
2021-01-17,3055,0,6715,0
2021-01-18,5206,0,11921,0
2021-01-19,1890,0,13811,0
2021-01-20,4651,0,18462,0
2021-01-21,20006,0,38468,0
2021-01-22,14201,0,52669,0
2021-01-23,33339,0,86008,0
2021-01-24,30793,0,116801,0
2021-01-25,64743,0,181544,0
2021-01-26,76504,0,258048,0
2021-01-27,64851,0,322899,0
2021-01-28,89309,0,412208,0
2021-01-29,94043,0,506251,0
2021-01-30,86582,0,592833,0
2021-01-31,57344,0,650177,0
2021-02-01,81880,0,732057,0
2021-02-02,82150,0,814207,0
2021-02-03,91199,0,905406,0
2021-02-04,95404,0,1000810,0
2021-02-05,90288,0,1091098,0
2021-02-06,63452,0,1154550,0
2021-02-07,32925,0,1187475,0
2021-02-08,40432,0,1227907,0
2021-02-09,32864,0,1260771,0
2021-02-10,28416,0,1289187,0
2021-02-11,20382,0,1309569,0
2021-02-12,16221,0,1325790,0
2021-02-13,7245,0,1333035,0
2021-02-14,2861,0,1335896,0
2021-02-15,6836,0,1342732,0
2021-02-16,6991,0,1349723,0
2021-02-17,10518,0,1360241,0
2021-02-18,9243,0,1369484,0
2021-02-19,8234,0,1377718,0
2021-02-20,5532,0,1383250,0
2021-02-21,2977,0,1386227,0
2021-02-22,6877,0,1393104,0
2021-02-23,7154,0,1400258,0
2021-02-24,9822,0,1410080,0
2021-02-25,14199,0,1424279,0
2021-02-26,17548,0,1441827,0
2021-02-27,13894,0,1455721,0
2021-02-28,9384,0,1465105,0
2021-03-01,26505,0,1491610,0
2021-03-02,33231,0,1524841,0
2021-03-03,44641,0,1569482,0
2021-03-04,50288,0,1619770,0
2021-03-05,55733,0,1675503,0
2021-03-06,41872,0,1717375,0
2021-03-07,22320,0,1739695,0
2021-03-08,50787,0,1790482,0
2021-03-09,53055,0,1843537,0
2021-03-10,58619,0,1902156,0
2021-03-11,63826,0,1965982,0
2021-03-12,65087,0,2031069,0
2021-03-13,51699,0,2082768,0
2021-03-14,35383,0,2118151,0
2021-03-15,73421,0,2191572,0
2021-03-16,74022,0,2265594,0
2021-03-17,83128,0,2348722,0
2021-03-18,81619,0,2430341,0
2021-03-19,81077,0,2511418,0
2021-03-20,64700,0,2576118,0
2021-03-21,47285,0,2623403,0
2021-03-22,69467,0,2692870,0
2021-03-23,75776,0,2768646,0
2021-03-24,90879,0,2859525,0
2021-03-25,89778,0,2949303,0
2021-03-26,83600,0,3032903,0
2021-03-27,71907,0,3104810,0
2021-03-28,44118,0,3148928,0
2021-03-29,70797,0,3219725,0
2021-03-30,81348,0,3301073,0
2021-03-31,96205,0,3397278,0
2021-04-01,95288,0,3492566,0
2021-04-02,84062,0,3576628,0
2021-04-03,64294,0,3640922,0
2021-04-04,21715,0,3662637,0
2021-04-05,40294,0,3702931,0
2021-04-06,81290,0,3784221,0
2021-04-07,95795,0,3880016,0
2021-04-08,95219,0,3975235,0
2021-04-09,88470,0,4063705,0
2021-04-10,74019,0,4137724,0
2021-04-11,44744,0,4182468,0
2021-04-12,66901,0,4249369,0
2021-04-13,72553,0,4321922,0
2021-04-14,85515,0,4407437,0
2021-04-15,105396,0,4512833,0
2021-04-16,106403,0,4619236,0
2021-04-17,90481,0,4709717,0
2021-04-18,58580,0,4768297,0
2021-04-19,93426,0,4861723,0
2021-04-20,103759,0,4965482,0
2021-04-21,125322,0,5090804,0
2021-04-22,143501,0,5234305,0
2021-04-23,138706,0,5373011,0
2021-04-24,124428,0,5497439,0
2021-04-25,61450,0,5558889,0
2021-04-26,97873,0,5656762,0
2021-04-27,128347,0,5785109,0
2021-04-28,156346,0,5941455,0
2021-04-29,195570,0,6137025,0
2021-04-30,214548,0,6351573,0
2021-05-01,174084,0,6525657,0
2021-05-02,135787,0,6661444,0
2021-05-03,141994,0,6803438,0
2021-05-04,158676,0,6962114,0
2021-05-05,170462,0,7132576,0
2021-05-06,197785,0,7330361,0
2021-05-07,213797,0,7544158,0
2021-05-08,213369,0,7757527,0
2021-05-09,143188,0,7900715,0
2021-05-10,165068,0,8065783,0
2021-05-11,174944,0,8240727,0
2021-05-12,179128,0,8419855,0
2021-05-13,203342,0,8623197,0
2021-05-14,222884,0,8846081,0
2021-05-15,210326,0,9056407,0
2021-05-16,159252,0,9215659,0
2021-05-17,219173,0,9434832,0
2021-05-18,212991,0,9647823,0
2021-05-19,207054,0,9854877,0
2021-05-20,270831,0,10125708,0
2021-05-21,270851,0,10396559,0
2021-05-22,245509,0,10642068,0
2021-05-23,197169,0,10839237,0
2021-05-24,228284,0,11067521,0
2021-05-25,245676,0,11313197,0
2021-05-26,277472,0,11590669,0
2021-05-27,311067,0,11901736,0
2021-05-28,299549,0,12201285,0
2021-05-29,231187,0,12432472,0
2021-05-30,170811,0,12603283,0
2021-05-31,216391,0,12819674,0
2021-06-01,207620,0,13027294,0
2021-06-02,115758,0,13143052,0
2021-06-03,180081,0,13323133,0
2021-06-04,184825,0,13507958,0
2021-06-05,185903,0,13693861,0
2021-06-06,139493,0,13833354,0
2021-06-07,161806,0,13995160,0
2021-06-08,171134,0,14166294,0
2021-06-09,171397,0,14337691,0
2021-06-10,174002,0,14511693,0
2021-06-11,169910,0,14681603,0
2021-06-12,128286,0,14809889,0
2021-06-13,91118,0,14901007,0
2021-06-14,214620,0,15115627,0
2021-06-15,228356,0,15343983,0
2021-06-16,253014,0,15596997,0
2021-06-17,301679,0,15898676,0
2021-06-18,306234,0,16204910,0
2021-06-19,275028,0,16479938,0
2021-06-20,220705,0,16700643,0
2021-06-21,288015,0,16988658,0
2021-06-22,296169,0,17284827,0
2021-06-23,302650,0,17587477,0
2021-06-24,332537,0,17920014,0
2021-06-25,348679,0,18268693,0
2021-06-26,300076,0,18568769,0
2021-06-27,228602,0,18797371,0
2021-06-28,307015,0,19104386,0
2021-06-29,329208,0,19433594,0
2021-06-30,342075,0,19775669,0
2021-07-01,363136,0,20138805,0
2021-07-02,368419,0,20507224,0
2021-07-03,371054,0,20878278,0
2021-07-04,283183,0,21161461,0
2021-07-05,384495,0,21545956,0
2021-07-06,385421,0,21931377,0
2021-07-07,412049,0,22343426,0
2021-07-08,479630,0,22823056,0
2021-07-09,498503,0,23321559,0
2021-07-10,475181,0,23796740,0
2021-07-11,357703,0,24154443,0
2021-07-12,485919,0,24640362,0
2021-07-13,492160,0,25132522,0
2021-07-14,480483,0,25613005,0
2021-07-15,523514,0,26136519,0
2021-07-16,509791,0,26646310,0
2021-07-17,464375,0,27110685,0
2021-07-18,364703,0,27475388,0
2021-07-19,463081,0,27938469,0
2021-07-20,458094,0,28396563,0
2021-07-21,462819,0,28859382,0
2021-07-22,475401,0,29334783,0
2021-07-23,441312,0,29776095,0
2021-07-24,386190,0,30162285,0
2021-07-25,287604,0,30449889,0
2021-07-26,430903,0,30880792,0
2021-07-27,440130,0,31320922,0
2021-07-28,391023,0,31711945,0
2021-07-29,372080,0,32084025,0
2021-07-30,341495,0,32425520,0
2021-07-31,286998,0,32712518,0
2021-08-01,191020,0,32903538,0
2021-08-02,333724,0,33237262,0
2021-08-03,323181,0,33560443,0
2021-08-04,310969,0,33871412,0
2021-08-05,292511,0,34163923,0
2021-08-06,259993,0,34423916,0
2021-08-07,199037,0,34622953,0
2021-08-08,153104,0,34776057,0
2021-08-09,234072,0,35010129,0
2021-08-10,205246,0,35215375,0
2021-08-11,193739,0,35409114,0
2021-08-12,167954,0,35577068,0
2021-08-13,148586,0,35725654,0
2021-08-14,66082,0,35791736,0
2021-08-15,26333,0,35818069,0
2021-08-16,114666,0,35932735,0
2021-08-17,129233,0,36061968,0
2021-08-18,128724,0,36190692,0
2021-08-19,124778,0,36315470,0
2021-08-20,123783,0,36439253,0
2021-08-21,83108,0,36522361,0
2021-08-22,68162,0,36590523,0
2021-08-23,176866,0,36767389,0
2021-08-24,156897,0,36924286,0
2021-08-25,177164,0,37101450,0
2021-08-26,172346,0,37273796,0
2021-08-27,185855,0,37459651,0
2021-08-28,140270,0,37599921,0
2021-08-29,99004,0,37698925,0
2021-08-30,209635,0,37908560,0
2021-08-31,194629,0,38103189,0
2021-09-01,192216,0,38295405,0
2021-09-02,189939,0,38485344,0
2021-09-03,191349,0,38676693,0
2021-09-04,131491,0,38808184,0
2021-09-05,87876,0,38896060,0
2021-09-06,193664,0,39089724,0
2021-09-07,196080,0,39285804,0
2021-09-08,187916,0,39473720,0
2021-09-09,201481,0,39675201,0
2021-09-10,198112,0,39873313,0
2021-09-11,141330,0,40014643,0
2021-09-12,89603,0,40104246,0
2021-09-13,191191,522,40295437,522
2021-09-14,177273,557,40472710,1079
2021-09-15,163132,558,40635842,1637
2021-09-16,160101,903,40795943,2540
2021-09-17,150173,1098,40946116,3638
2021-09-18,127976,721,41074092,4359
2021-09-19,81131,484,41155223,4843
2021-09-20,180075,9057,41335298,13900
2021-09-21,166617,8821,41501915,22721
2021-09-22,159072,9419,41660987,32140
2021-09-23,138069,9310,41799056,41450
2021-09-24,140532,8943,41939588,50393
2021-09-25,119540,5625,42059128,56018
2021-09-26,71949,4333,42131077,60351
2021-09-27,135627,10033,42266704,70384
2021-09-28,117478,11372,42384182,81756
2021-09-29,112315,11821,42496497,93577
2021-09-30,110218,14931,42606715,108508
2021-10-01,94965,19098,42701680,127606
2021-10-02,78465,14011,42780145,141617
2021-10-03,47721,7652,42827866,149269
2021-10-04,88370,34438,42916236,183707
2021-10-05,80356,33965,42996592,217672
2021-10-06,71973,34152,43068565,251824
2021-10-07,71841,34339,43140406,286163
2021-10-08,80614,33583,43221020,319746
2021-10-09,76094,22161,43297114,341907
2021-10-10,45770,13611,43342884,355518
2021-10-11,87400,41094,43430284,396612
2021-10-12,84482,46889,43514766,443501
2021-10-13,88183,52097,43602949,495598
2021-10-14,91521,58490,43694470,554088
2021-10-15,93578,55609,43788048,609697
2021-10-16,82952,36772,43871000,646469
2021-10-17,51455,23822,43922455,670291
2021-10-18,90288,59470,44012743,729761
2021-10-19,78336,69365,44091079,799126
2021-10-20,75071,78149,44166150,877275
2021-10-21,78307,81737,44244457,959012
2021-10-22,73796,77007,44318253,1036019
2021-10-23,60812,51945,44379065,1087964
2021-10-24,33382,23441,44412447,1111405
2021-10-25,64904,81616,44477351,1193021
2021-10-26,58369,91768,44535720,1284789
2021-10-27,58328,103955,44594048,1388744
2021-10-28,61465,114094,44655513,1502838
2021-10-29,61664,103098,44717177,1605936
2021-10-30,50671,68109,44767848,1674045
2021-10-31,25168,28281,44793016,1702326
2021-11-01,19048,28145,44812064,1730471
2021-11-02,62775,89359,44874839,1819830
2021-11-03,60731,118654,44935570,1938484
2021-11-04,59243,126651,44994813,2065135
2021-11-05,63096,135164,45057909,2200299
2021-11-06,46470,90919,45104379,2291218
2021-11-07,22253,37891,45126632,2329109
2021-11-08,51523,131254,45178155,2460363
2021-11-09,45405,144183,45223560,2604546
2021-11-10,42573,156341,45266133,2760887
2021-11-11,44932,155129,45311065,2916016
2021-11-12,46365,158563,45357430,3074579
2021-11-13,33253,116641,45390683,3191220
2021-11-14,14478,52445,45405161,3243665
2021-11-15,36895,157414,45442056,3401079
2021-11-16,30542,171367,45472598,3572446
2021-11-17,28442,178429,45501040,3750875
2021-11-18,30277,193704,45531317,3944579
2021-11-19,28788,205841,45560105,4150420
2021-11-20,20987,156433,45581092,4306853
2021-11-21,10603,64854,45591695,4371707
2021-11-22,21920,213136,45613615,4584843
2021-11-23,23557,241738,45637172,4826581
2021-11-24,27826,270937,45664998,5097518
2021-11-25,23219,301892,45688217,5399410
2021-11-26,24560,318255,45712777,5717665
2021-11-27,21367,266145,45734144,5983810
2021-11-28,9892,137052,45744036,6120862
2021-11-29,22308,326058,45766344,6446920
2021-11-30,23069,365817,45789413,6812737
2021-12-01,21505,413491,45810918,7226228
2021-12-02,23744,440374,45834662,7666602
2021-12-03,25213,467446,45859875,8134048
2021-12-04,22338,418720,45882213,8552768
2021-12-05,11904,261330,45894117,8814098
2021-12-06,25791,457552,45919908,9271650
2021-12-07,24095,480240,45944003,9751890
2021-12-08,9984,249676,45953987,10001566
2021-12-09,31541,491908,45985528,10493474
2021-12-10,28032,517851,46013560,11011325
2021-12-11,23536,459235,46037096,11470560
2021-12-12,12289,293491,46049385,11764051
2021-12-13,26120,467612,46075505,12231663
2021-12-14,25144,494180,46100649,12725843
2021-12-15,25294,517128,46125943,13242971
2021-12-16,27847,520228,46153790,13763199
2021-12-17,29317,517151,46183107,14280350
2021-12-18,27004,468708,46210111,14749058
2021-12-19,15122,300508,46225233,15049566
2021-12-20,30588,477461,46255821,15527027
2021-12-21,30327,493365,46286148,16020392
2021-12-22,29410,484690,46315558,16505082
2021-12-23,28191,426889,46343749,16931971
2021-12-24,13100,210815,46356849,17142786
2021-12-25,2101,33052,46358950,17175838
2021-12-26,8747,159062,46367697,17334900
2021-12-27,46724,504642,46414421,17839542
2021-12-28,42395,554189,46456816,18393731
2021-12-29,34262,550627,46491078,18944358
2021-12-30,31765,499810,46522843,19444168
2021-12-31,14085,247392,46536928,19691560
2022-01-01,3491,64811,46540419,19756371
2022-01-02,22712,276716,46563131,20033087
2022-01-03,47729,520008,46610860,20553095
2022-01-04,46226,572064,46657086,21125159
2022-01-05,40620,560372,46697706,21685531
2022-01-06,23410,274477,46721116,21960008
2022-01-07,63548,554174,46784664,22514182
2022-01-08,60700,503370,46845364,23017552
2022-01-09,42708,319682,46888072,23337234
2022-01-10,60935,542265,46949007,23879499
2022-01-11,61559,586978,47010566,24466477
2022-01-12,58293,581268,47068859,25047745
2022-01-13,58441,580366,47127300,25628111
2022-01-14,46619,588554,47173919,26216665
2022-01-15,39166,569930,47213085,26786595
2022-01-16,31069,341846,47244154,27128441
2022-01-17,54661,489641,47298815,27618082
2022-01-18,58257,517001,47357072,28135083
2022-01-19,57084,502775,47414156,28637858
2022-01-20,54219,498806,47468375,29136664
2022-01-21,41940,493857,47510315,29630521
2022-01-22,31036,469585,47541351,30100106
2022-01-23,34840,275363,47576191,30375469
2022-01-24,56094,437204,47632285,30812673
2022-01-25,61457,452081,47693742,31264754
2022-01-26,58452,435808,47752194,31700562
2022-01-27,48761,432349,47800955,32132911
2022-01-28,58580,436519,47859535,32569430
2022-01-29,68009,412473,47927544,32981903
2022-01-30,50309,235960,47977853,33217863
2022-01-31,60504,356916,48038357,33574779
2022-02-01,65452,328422,48103809,33903201
2022-02-02,63106,296952,48166915,34200153
2022-02-03,59980,274507,48226895,34474660
2022-02-04,72294,268437,48299189,34743097
2022-02-05,83681,248520,48382870,34991617
2022-02-06,55231,116192,48438101,35107809
2022-02-07,65084,199926,48503185,35307735
2022-02-08,66877,186101,48570062,35493836
2022-02-09,58704,166327,48628766,35660163
2022-02-10,58499,163229,48687265,35823392
2022-02-11,62182,162448,48749447,35985840
2022-02-12,71923,152133,48821370,36137973
2022-02-13,41450,68848,48862820,36206821
2022-02-14,46640,116180,48909460,36323001
2022-02-15,48480,123477,48957940,36446478
2022-02-16,45641,106107,49003581,36552585
2022-02-17,42835,98097,49046416,36650682
2022-02-18,46579,112565,49092995,36763247
2022-02-19,52503,100325,49145498,36863572
2022-02-20,31404,40359,49176902,36903931
2022-02-21,37876,89638,49214778,36993569
2022-02-22,37187,83765,49251965,37077334
2022-02-23,33368,79401,49285333,37156735
2022-02-24,32537,78159,49317870,37234894
2022-02-25,34736,90701,49352606,37325595
2022-02-26,39133,89131,49391739,37414726
2022-02-27,22536,35855,49414275,37450581
2022-02-28,28456,81689,49442731,37532270
2022-03-01,22682,53932,49465413,37586202
2022-03-02,21980,50626,49487393,37636828
2022-03-03,22591,54940,49509984,37691768
2022-03-04,23203,62788,49533187,37754556
2022-03-05,23771,57949,49556958,37812505
2022-03-06,9468,17199,49566426,37829704
2022-03-07,15892,51389,49582318,37881093
2022-03-08,15438,48796,49597756,37929889
2022-03-09,13793,46512,49611549,37976401
2022-03-10,14018,52115,49625567,38028516
2022-03-11,15553,57246,49641120,38085762
2022-03-12,15482,56613,49656602,38142375
2022-03-13,5540,16848,49662142,38159223
2022-03-14,10513,46690,49672655,38205913
2022-03-15,10525,46892,49683180,38252805
2022-03-16,9465,41975,49692645,38294780
2022-03-17,9694,44875,49702339,38339655
2022-03-18,10147,49048,49712486,38388703
2022-03-19,9139,46530,49721625,38435233
2022-03-20,2604,11699,49724229,38446932
2022-03-21,7566,40220,49731795,38487152
2022-03-22,8433,37745,49740228,38524897
2022-03-23,7201,33695,49747429,38558592
2022-03-24,8242,38796,49755671,38597388
2022-03-25,8116,43662,49763787,38641050
2022-03-26,8118,41718,49771905,38682768
2022-03-27,2426,9683,49774331,38692451
2022-03-28,6093,35229,49780424,38727680
2022-03-29,5771,32524,49786195,38760204
2022-03-30,5550,30193,49791745,38790397
2022-03-31,5877,33168,49797622,38823565
2022-04-01,4339,25178,49801961,38848743
2022-04-02,4486,23271,49806447,38872014
2022-04-03,1046,4499,49807493,38876513
2022-04-04,3648,21532,49811141,38898045
2022-04-05,3745,22922,49814886,38920967
2022-04-06,4094,21837,49818980,38942804
2022-04-07,3951,23317,49822931,38966121
2022-04-08,4681,26708,49827612,38992829
2022-04-09,4373,23883,49831985,39016712
2022-04-10,892,4614,49832877,39021326
2022-04-11,3798,22681,49836675,39044007
2022-04-12,3351,21774,49840026,39065781
2022-04-13,3554,21334,49843580,39087115
2022-04-14,3478,23772,49847058,39110887
2022-04-15,3075,20613,49850133,39131500
2022-04-16,2146,11920,49852279,39143420
2022-04-17,63,348,49852342,39143768
2022-04-18,148,650,49852490,39144418
2022-04-19,3480,21976,49855970,39166394
2022-04-20,3492,20249,49859462,39186643
2022-04-21,2834,19774,49862296,39206417
2022-04-22,2913,20695,49865209,39227112
2022-04-23,2634,16205,49867843,39243317
2022-04-24,509,2335,49868352,39245652
2022-04-25,183,1165,49868535,39246817
2022-04-26,2757,17789,49871292,39264606
2022-04-27,2363,15779,49873655,39280385
2022-04-28,2346,15533,49876001,39295918
2022-04-29,2288,14831,49878289,39310749
2022-04-30,2116,11577,49880405,39322326
2022-05-01,113,530,49880518,39322856
2022-05-02,1443,9384,49881961,39332240
2022-05-03,1569,10307,49883530,39342547
2022-05-04,1744,10255,49885274,39352802
2022-05-05,1647,10273,49886921,39363075
2022-05-06,1693,10943,49888614,39374018
2022-05-07,1431,8561,49890045,39382579
2022-05-08,404,1514,49890449,39384093
2022-05-09,1023,8915,49891472,39393008
2022-05-10,1418,9536,49892890,39402544
2022-05-11,1476,10087,49894366,39412631
2022-05-12,1362,10119,49895728,39422750
2022-05-13,1587,10506,49897315,39433256
2022-05-14,1355,8226,49898670,39441482
2022-05-15,336,1129,49899006,39442611
2022-05-16,809,8388,49899815,39450999
2022-05-17,1239,8665,49901054,39459664
2022-05-18,1368,9211,49902422,39468875
2022-05-19,1496,9266,49903918,39478141
2022-05-20,1419,9490,49905337,39487631
2022-05-21,1299,7891,49906636,39495522
2022-05-22,231,1012,49906867,39496534
2022-05-23,825,8260,49907692,39504794
2022-05-24,1070,8663,49908762,39513457
2022-05-25,1363,9443,49910125,39522900
2022-05-26,1192,9452,49911317,39532352
2022-05-27,1223,9908,49912540,39542260
2022-05-28,1201,7872,49913741,39550132
2022-05-29,285,1264,49914026,39551396
2022-05-30,925,8023,49914951,39559419
2022-05-31,1032,8529,49915983,39567948
2022-06-01,890,7643,49916873,39575591
2022-06-02,35,474,49916908,39576065
2022-06-03,811,7327,49917719,39583392
2022-06-04,869,5155,49918588,39588547
2022-06-05,89,586,49918677,39589133
2022-06-06,670,6964,49919347,39596097
2022-06-07,928,7841,49920275,39603938
2022-06-08,977,7896,49921252,39611834
2022-06-09,1031,8398,49922283,39620232
2022-06-10,949,8537,49923232,39628769
2022-06-11,897,6208,49924129,39634977
2022-06-12,140,767,49924269,39635744
2022-06-13,602,6295,49924871,39642039
2022-06-14,824,7878,49925695,39649917
2022-06-15,949,7842,49926644,39657759
2022-06-16,727,7382,49927371,39665141
2022-06-17,715,7232,49928086,39672373
2022-06-18,776,5587,49928862,39677960
2022-06-19,47,522,49928909,39678482
2022-06-20,587,6694,49929496,39685176
2022-06-21,730,7637,49930226,39692813
2022-06-22,775,7299,49931001,39700112
2022-06-23,648,7456,49931649,39707568
2022-06-24,640,7465,49932289,39715033
2022-06-25,835,6531,49933124,39721564
2022-06-26,128,523,49933252,39722087
2022-06-27,530,7113,49933782,39729200
2022-06-28,743,8206,49934525,39737406
2022-06-29,754,7714,49935279,39745120
2022-06-30,741,8130,49936020,39753250
2022-07-01,578,6436,49936598,39759686
2022-07-02,536,4763,49937134,39764449
2022-07-03,49,456,49937183,39764905
2022-07-04,467,6269,49937650,39771174
2022-07-05,619,8104,49938269,39779278
2022-07-06,623,7589,49938892,39786867
2022-07-07,562,8247,49939454,39795114
2022-07-08,667,8072,49940121,39803186
2022-07-09,548,6103,49940669,39809289
2022-07-10,58,533,49940727,39809822
2022-07-11,475,7624,49941202,39817446
2022-07-12,650,8971,49941852,39826417
2022-07-13,624,10054,49942476,39836471
2022-07-14,618,10185,49943094,39846656
2022-07-15,615,10626,49943709,39857282
2022-07-16,511,7194,49944220,39864476
2022-07-17,48,767,49944268,39865243
2022-07-18,493,9326,49944761,39874569
2022-07-19,557,10618,49945318,39885187
2022-07-20,561,11217,49945879,39896404
2022-07-21,617,11965,49946496,39908369
2022-07-22,562,11172,49947058,39919541
2022-07-23,374,6728,49947432,39926269
2022-07-24,75,834,49947507,39927103
2022-07-25,490,9010,49947997,39936113
2022-07-26,515,9684,49948512,39945797
2022-07-27,523,10072,49949035,39955869
2022-07-28,518,10369,49949553,39966238
2022-07-29,501,9344,49950054,39975582
2022-07-30,378,5813,49950432,39981395
2022-07-31,49,739,49950481,39982134
2022-08-01,380,6787,49950861,39988921
2022-08-02,528,7443,49951389,39996364
2022-08-03,465,6911,49951854,40003275
2022-08-04,429,7097,49952283,40010372
2022-08-05,312,3517,49952595,40013889