data_somministrazione,vaccinazioni,booster,cum_vaccinazioni,cum_booster
2020-12-27,20,0,20,0
2020-12-28,2,0,22,0
2020-12-29,1,0,23,0
2020-12-30,8,0,31,0
2020-12-31,72,0,103,0
2021-01-01,23,0,126,0
2021-01-02,125,0,251,0
2021-01-03,89,0,340,0
2021-01-04,212,0,552,0
2021-01-05,255,0,807,0
2021-01-06,221,0,1028,0
2021-01-07,304,0,1332,0
2021-01-08,350,0,1682,0
2021-01-09,262,0,1944,0
2021-01-10,158,0,2102,0
2021-01-11,282,0,2384,0
2021-01-12,275,0,2659,0
2021-01-13,400,0,3059,0
2021-01-14,484,0,3543,0
2021-01-15,303,0,3846,0
2021-01-16,213,0,4059,0
2021-01-17,3060,0,7119,0
2021-01-18,5212,0,12331,0
2021-01-19,1893,0,14224,0
2021-01-20,4656,0,18880,0
2021-01-21,20004,0,38884,0
2021-01-22,14219,0,53103,0
2021-01-23,33329,0,86432,0
2021-01-24,30784,0,117216,0
2021-01-25,64723,0,181939,0
2021-01-26,76491,0,258430,0
2021-01-27,64825,0,323255,0
2021-01-28,89273,0,412528,0
2021-01-29,94013,0,506541,0
2021-01-30,86555,0,593096,0
2021-01-31,57330,0,650426,0
2021-02-01,81854,0,732280,0
2021-02-02,82141,0,814421,0
2021-02-03,91115,0,905536,0
2021-02-04,95396,0,1000932,0
2021-02-05,90271,0,1091203,0
2021-02-06,63446,0,1154649,0
2021-02-07,32931,0,1187580,0
2021-02-08,40426,0,1228006,0
2021-02-09,32867,0,1260873,0
2021-02-10,28424,0,1289297,0
2021-02-11,20399,0,1309696,0
2021-02-12,16237,0,1325933,0
2021-02-13,7269,0,1333202,0
2021-02-14,2861,0,1336063,0
2021-02-15,6841,0,1342904,0
2021-02-16,6999,0,1349903,0
2021-02-17,10523,0,1360426,0
2021-02-18,9252,0,1369678,0
2021-02-19,8247,0,1377925,0
2021-02-20,5561,0,1383486,0
2021-02-21,3001,0,1386487,0
2021-02-22,6884,0,1393371,0
2021-02-23,7169,0,1400540,0
2021-02-24,9804,0,1410344,0
2021-02-25,14210,0,1424554,0
2021-02-26,17556,0,1442110,0
2021-02-27,13912,0,1456022,0
2021-02-28,9388,0,1465410,0
2021-03-01,26518,0,1491928,0
2021-03-02,33243,0,1525171,0
2021-03-03,44643,0,1569814,0
2021-03-04,50291,0,1620105,0
2021-03-05,55732,0,1675837,0
2021-03-06,41870,0,1717707,0
2021-03-07,22323,0,1740030,0
2021-03-08,50822,0,1790852,0
2021-03-09,53072,0,1843924,0
2021-03-10,58651,0,1902575,0
2021-03-11,63864,0,1966439,0
2021-03-12,65111,0,2031550,0
2021-03-13,51719,0,2083269,0
2021-03-14,35400,0,2118669,0
2021-03-15,73443,0,2192112,0
2021-03-16,74028,0,2266140,0
2021-03-17,83131,0,2349271,0
2021-03-18,81623,0,2430894,0
2021-03-19,81081,0,2511975,0
2021-03-20,64723,0,2576698,0
2021-03-21,47298,0,2623996,0
2021-03-22,69479,0,2693475,0
2021-03-23,75799,0,2769274,0
2021-03-24,90915,0,2860189,0
2021-03-25,89801,0,2949990,0
2021-03-26,83621,0,3033611,0
2021-03-27,71938,0,3105549,0
2021-03-28,44147,0,3149696,0
2021-03-29,70825,0,3220521,0
2021-03-30,81387,0,3301908,0
2021-03-31,96239,0,3398147,0
2021-04-01,95307,0,3493454,0
2021-04-02,84071,0,3577525,0
2021-04-03,64305,0,3641830,0
2021-04-04,21718,0,3663548,0
2021-04-05,40313,0,3703861,0
2021-04-06,81314,0,3785175,0
2021-04-07,95831,0,3881006,0
2021-04-08,95235,0,3976241,0
2021-04-09,88489,0,4064730,0
2021-04-10,74028,0,4138758,0
2021-04-11,44764,0,4183522,0
2021-04-12,66917,0,4250439,0
2021-04-13,72573,0,4323012,0
2021-04-14,85540,0,4408552,0
2021-04-15,105418,0,4513970,0
2021-04-16,106417,0,4620387,0
2021-04-17,90516,0,4710903,0
2021-04-18,58589,0,4769492,0
2021-04-19,93430,0,4862922,0
2021-04-20,103769,0,4966691,0
2021-04-21,125337,0,5092028,0
2021-04-22,143518,0,5235546,0
2021-04-23,138741,0,5374287,0
2021-04-24,124446,0,5498733,0
2021-04-25,61457,0,5560190,0
2021-04-26,97894,0,5658084,0
2021-04-27,128362,0,5786446,0
2021-04-28,156369,0,5942815,0
2021-04-29,195595,0,6138410,0
2021-04-30,214578,0,6352988,0
2021-05-01,174116,0,6527104,0
2021-05-02,135801,0,6662905,0
2021-05-03,142039,0,6804944,0
2021-05-04,158696,0,6963640,0
2021-05-05,170500,0,7134140,0
2021-05-06,197808,0,7331948,0
2021-05-07,213848,0,7545796,0
2021-05-08,213411,0,7759207,0
2021-05-09,143201,0,7902408,0
2021-05-10,165078,0,8067486,0
2021-05-11,174985,0,8242471,0
2021-05-12,179181,0,8421652,0
2021-05-13,203382,0,8625034,0
2021-05-14,222914,0,8847948,0
2021-05-15,210364,0,9058312,0
2021-05-16,159275,0,9217587,0
2021-05-17,219195,0,9436782,0
2021-05-18,213017,0,9649799,0
2021-05-19,207088,0,9856887,0
2021-05-20,270865,0,10127752,0
2021-05-21,270888,0,10398640,0
2021-05-22,245524,0,10644164,0
2021-05-23,197180,0,10841344,0
2021-05-24,228306,0,11069650,0
2021-05-25,245696,0,11315346,0
2021-05-26,277493,0,11592839,0
2021-05-27,311083,0,11903922,0
2021-05-28,299571,0,12203493,0
2021-05-29,231221,0,12434714,0
2021-05-30,170841,0,12605555,0
2021-05-31,216420,0,12821975,0
2021-06-01,207633,0,13029608,0
2021-06-02,115797,0,13145405,0
2021-06-03,180140,0,13325545,0
2021-06-04,184877,0,13510422,0
2021-06-05,185958,0,13696380,0
2021-06-06,139550,0,13835930,0
2021-06-07,161872,0,13997802,0
2021-06-08,171222,0,14169024,0
2021-06-09,171482,0,14340506,0
2021-06-10,174103,0,14514609,0
2021-06-11,169977,0,14684586,0
2021-06-12,128322,0,14812908,0
2021-06-13,91183,0,14904091,0
2021-06-14,214681,0,15118772,0
2021-06-15,228419,0,15347191,0
2021-06-16,253076,0,15600267,0
2021-06-17,301732,0,15901999,0
2021-06-18,306298,0,16208297,0
2021-06-19,275087,0,16483384,0
2021-06-20,220786,0,16704170,0
2021-06-21,288075,0,16992245,0
2021-06-22,296223,0,17288468,0
2021-06-23,302688,0,17591156,0
2021-06-24,332602,0,17923758,0
2021-06-25,348715,0,18272473,0
2021-06-26,300123,0,18572596,0
2021-06-27,228665,0,18801261,0
2021-06-28,307092,0,19108353,0
2021-06-29,329288,0,19437641,0
2021-06-30,342168,0,19779809,0
2021-07-01,363209,0,20143018,0
2021-07-02,368473,0,20511491,0
2021-07-03,371090,0,20882581,0
2021-07-04,283215,0,21165796,0
2021-07-05,384545,0,21550341,0
2021-07-06,385472,0,21935813,0
2021-07-07,412116,0,22347929,0
2021-07-08,479606,0,22827535,0
2021-07-09,498484,0,23326019,0
2021-07-10,475186,0,23801205,0
2021-07-11,357698,0,24158903,0
2021-07-12,485905,0,24644808,0
2021-07-13,492117,0,25136925,0
2021-07-14,480462,0,25617387,0
2021-07-15,523460,0,26140847,0
2021-07-16,509766,0,26650613,0
2021-07-17,464346,0,27114959,0
2021-07-18,364657,0,27479616,0
2021-07-19,463056,0,27942672,0
2021-07-20,458063,0,28400735,0
2021-07-21,462800,0,28863535,0
2021-07-22,475394,0,29338929,0
2021-07-23,441317,0,29780246,0
2021-07-24,386165,0,30166411,0
2021-07-25,287556,0,30453967,0
2021-07-26,430881,0,30884848,0
2021-07-27,440128,0,31324976,0
2021-07-28,391010,0,31715986,0
2021-07-29,372072,0,32088058,0
2021-07-30,341520,0,32429578,0
2021-07-31,287026,0,32716604,0
2021-08-01,191004,0,32907608,0
2021-08-02,333711,0,33241319,0
2021-08-03,323191,0,33564510,0
2021-08-04,310977,0,33875487,0
2021-08-05,292505,0,34167992,0
2021-08-06,260010,0,34428002,0
2021-08-07,199049,0,34627051,0
2021-08-08,153108,0,34780159,0
2021-08-09,234072,0,35014231,0
2021-08-10,205250,0,35219481,0
2021-08-11,193769,0,35413250,0
2021-08-12,168025,0,35581275,0
2021-08-13,148633,0,35729908,0
2021-08-14,66093,0,35796001,0
2021-08-15,26338,0,35822339,0
2021-08-16,114702,0,35937041,0
2021-08-17,129251,0,36066292,0
2021-08-18,128750,0,36195042,0
2021-08-19,124817,0,36319859,0
2021-08-20,123793,0,36443652,0
2021-08-21,83129,0,36526781,0
2021-08-22,68172,0,36594953,0
2021-08-23,176870,0,36771823,0
2021-08-24,156895,0,36928718,0
2021-08-25,177171,0,37105889,0
2021-08-26,172362,0,37278251,0
2021-08-27,185836,0,37464087,0
2021-08-28,140279,0,37604366,0
2021-08-29,98995,0,37703361,0
2021-08-30,209602,0,37912963,0
2021-08-31,194640,0,38107603,0
2021-09-01,192211,0,38299814,0
2021-09-02,189930,0,38489744,0
2021-09-03,191303,0,38681047,0
2021-09-04,131466,0,38812513,0
2021-09-05,87858,0,38900371,0
2021-09-06,193631,0,39094002,0
2021-09-07,196044,0,39290046,0
2021-09-08,187882,0,39477928,0
2021-09-09,201447,0,39679375,0
2021-09-10,198079,0,39877454,0
2021-09-11,141301,0,40018755,0
2021-09-12,89595,0,40108350,0
2021-09-13,191130,598,40299480,598
2021-09-14,177236,610,40476716,1208
2021-09-15,163100,615,40639816,1823
2021-09-16,160076,960,40799892,2783
2021-09-17,150171,1138,40950063,3921
2021-09-18,127983,751,41078046,4672
2021-09-19,81136,499,41159182,5171
2021-09-20,180075,9098,41339257,14269
2021-09-21,166646,8846,41505903,23115
2021-09-22,159090,9447,41664993,32562
2021-09-23,138079,9340,41803072,41902
2021-09-24,140542,8976,41943614,50878
2021-09-25,119555,5652,42063169,56530
2021-09-26,71969,4351,42135138,60881
2021-09-27,135658,10062,42270796,70943
2021-09-28,117506,11403,42388302,82346
2021-09-29,112350,11838,42500652,94184
2021-09-30,110256,14962,42610908,109146
2021-10-01,94990,19119,42705898,128265
2021-10-02,78503,14030,42784401,142295
2021-10-03,47746,7663,42832147,149958
2021-10-04,88379,34465,42920526,184423
2021-10-05,80368,33993,43000894,218416
2021-10-06,71997,34185,43072891,252601
2021-10-07,71862,34361,43144753,286962
2021-10-08,80634,33602,43225387,320564
2021-10-09,76103,22183,43301490,342747
2021-10-10,45779,13620,43347269,356367
2021-10-11,87438,41116,43434707,397483
2021-10-12,84498,46918,43519205,444401
2021-10-13,88199,52135,43607404,496536
2021-10-14,91550,58528,43698954,555064
2021-10-15,93597,55646,43792551,610710
2021-10-16,82967,36799,43875518,647509
2021-10-17,51462,23840,43926980,671349
2021-10-18,90305,59495,44017285,730844
2021-10-19,78348,69387,44095633,800231
2021-10-20,75067,78189,44170700,878420
2021-10-21,78296,81774,44248996,960194
2021-10-22,73784,77049,44322780,1037243
2021-10-23,60827,51965,44383607,1089208
2021-10-24,33373,23468,44416980,1112676
2021-10-25,64906,81641,44481886,1194317
2021-10-26,58373,91818,44540259,1286135
2021-10-27,58331,104007,44598590,1390142
2021-10-28,61456,114132,44660046,1504274
2021-10-29,61640,103153,44721686,1607427
2021-10-30,50675,68125,44772361,1675552
2021-10-31,25161,28301,44797522,1703853
2021-11-01,19047,28155,44816569,1732008
2021-11-02,62746,89410,44879315,1821418
2021-11-03,60727,118676,44940042,1940094
2021-11-04,59247,126681,44999289,2066775
2021-11-05,63095,135199,45062384,2201974
2021-11-06,46483,90932,45108867,2292906
2021-11-07,22251,37900,45131118,2330806
2021-11-08,51530,131281,45182648,2462087
2021-11-09,45398,144222,45228046,2606309
2021-11-10,42586,156361,45270632,2762670
2021-11-11,44937,155141,45315569,2917811
2021-11-12,46326,158639,45361895,3076450
2021-11-13,33263,116657,45395158,3193107
2021-11-14,14490,52454,45409648,3245561
2021-11-15,36901,157436,45446549,3402997
2021-11-16,30559,171386,45477108,3574383
2021-11-17,28466,178444,45505574,3752827
2021-11-18,30282,193737,45535856,3946564
2021-11-19,28813,205862,45564669,4152426
2021-11-20,21001,156451,45585670,4308877
2021-11-21,10612,64862,45596282,4373739
2021-11-22,21944,213154,45618226,4586893
2021-11-23,23579,241765,45641805,4828658
2021-11-24,27814,271000,45669619,5099658
2021-11-25,23242,301920,45692861,5401578
2021-11-26,24586,318280,45717447,5719858
2021-11-27,21387,266157,45738834,5986015
2021-11-28,9902,137057,45748736,6123072
2021-11-29,22343,326072,45771079,6449144
2021-11-30,23100,365831,45794179,6814975
2021-12-01,21528,413520,45815707,7228495
2021-12-02,23774,440418,45839481,7668913
2021-12-03,25268,467487,45864749,8136400
2021-12-04,22378,418759,45887127,8555159
2021-12-05,11935,261349,45899062,8816508
2021-12-06,25826,457597,45924888,9274105
2021-12-07,24144,480271,45949032,9754376
2021-12-08,10008,249701,45959040,10004077
2021-12-09,31596,491944,45990636,10496021
2021-12-10,28080,517897,46018716,11013918
2021-12-11,23575,459258,46042291,11473176
2021-12-12,12310,293515,46054601,11766691
2021-12-13,26163,467639,46080764,12234330
2021-12-14,25181,494217,46105945,12728547
2021-12-15,25342,517163,46131287,13245710
2021-12-16,27893,520271,46159180,13765981
2021-12-17,29371,517191,46188551,14283172
2021-12-18,27077,468744,46215628,14751916
2021-12-19,15157,300532,46230785,15052448
2021-12-20,30644,477493,46261429,15529941
2021-12-21,30390,493393,46291819,16023334
2021-12-22,29459,484723,46321278,16508057
2021-12-23,28261,426920,46349539,16934977
2021-12-24,13115,210836,46362654,17145813
2021-12-25,2103,33053,46364757,17178866
2021-12-26,8768,159073,46373525,17337939
2021-12-27,46812,504672,46420337,17842611
2021-12-28,42470,554229,46462807,18396840
2021-12-29,34364,550654,46497171,18947494
2021-12-30,31856,499840,46529027,19447334
2021-12-31,14130,247397,46543157,19694731
2022-01-01,3497,64815,46546654,19759546
2022-01-02,22787,276723,46569441,20036269
2022-01-03,47874,520021,46617315,20556290
2022-01-04,46396,572091,46663711,21128381
2022-01-05,40781,560399,46704492,21688780
2022-01-06,23500,274489,46727992,21963269
2022-01-07,63724,554198,46791716,22517467
2022-01-08,60885,503396,46852601,23020863
2022-01-09,42884,319686,46895485,23340549
2022-01-10,61112,542293,46956597,23882842
2022-01-11,61747,586997,47018344,24469839
2022-01-12,58471,581281,47076815,25051120
2022-01-13,58630,580391,47135445,25631511
2022-01-14,46832,588575,47182277,26220086
2022-01-15,39445,569947,47221722,26790033
2022-01-16,31247,341861,47252969,27131894
2022-01-17,54799,489664,47307768,27621558
2022-01-18,58410,517020,47366178,28138578
2022-01-19,57212,502790,47423390,28641368
2022-01-20,54357,498826,47477747,29140194
2022-01-21,42109,493875,47519856,29634069
2022-01-22,31218,469594,47551074,30103663
2022-01-23,34945,275373,47586019,30379036
2022-01-24,56190,437225,47642209,30816261
2022-01-25,61559,452113,47703768,31268374
2022-01-26,58554,435834,47762322,31704208
2022-01-27,48848,432378,47811170,32136586
2022-01-28,58707,436540,47869877,32573126
2022-01-29,68141,412495,47938018,32985621
2022-01-30,50381,235967,47988399,33221588
2022-01-31,60633,356933,48049032,33578521
2022-02-01,65562,328445,48114594,33906966
2022-02-02,63207,296977,48177801,34203943
2022-02-03,60058,274518,48237859,34478461
2022-02-04,72381,268457,48310240,34746918
2022-02-05,83780,248532,48394020,34995450
2022-02-06,55291,116203,48449311,35111653
2022-02-07,65152,199940,48514463,35311593
2022-02-08,66930,186113,48581393,35497706
2022-02-09,58761,166334,48640154,35664040
2022-02-10,58580,163238,48698734,35827278
2022-02-11,62250,162465,48760984,35989743
2022-02-12,71979,152140,48832963,36141883
2022-02-13,41471,68851,48874434,36210734
2022-02-14,46690,116185,48921124,36326919
2022-02-15,48537,123478,48969661,36450397
2022-02-16,45678,106120,49015339,36556517
2022-02-17,42861,98106,49058200,36654623
2022-02-18,46620,112571,49104820,36767194
2022-02-19,52534,100332,49157354,36867526
2022-02-20,31411,40362,49188765,36907888
2022-02-21,37885,89649,49226650,36997537
2022-02-22,37217,83774,49263867,37081311
2022-02-23,33392,79407,49297259,37160718
2022-02-24,32550,78160,49329809,37238878
2022-02-25,34758,90709,49364567,37329587
2022-02-26,39156,89132,49403723,37418719
2022-02-27,22544,35856,49426267,37454575
2022-02-28,28478,81689,49454745,37536264
2022-03-01,22720,53939,49477465,37590203
2022-03-02,21976,50650,49499441,37640853
2022-03-03,22616,54944,49522057,37695797
2022-03-04,23229,62795,49545286,37758592
2022-03-05,23796,57951,49569082,37816543
2022-03-06,9471,17200,49578553,37833743
2022-03-07,15914,51387,49594467,37885130
2022-03-08,15472,48794,49609939,37933924
2022-03-09,13811,46518,49623750,37980442
2022-03-10,14048,52117,49637798,38032559
2022-03-11,15582,57260,49653380,38089819
2022-03-12,15502,56616,49668882,38146435
2022-03-13,5543,16850,49674425,38163285
2022-03-14,10522,46696,49684947,38209981
2022-03-15,10539,46890,49695486,38256871
2022-03-16,9478,41973,49704964,38298844
2022-03-17,9714,44871,49714678,38343715
2022-03-18,10158,49054,49724836,38392769
2022-03-19,9148,46531,49733984,38439300
2022-03-20,2609,11701,49736593,38451001
2022-03-21,7578,40224,49744171,38491225
2022-03-22,8446,37758,49752617,38528983
2022-03-23,7213,33700,49759830,38562683
2022-03-24,8257,38799,49768087,38601482
2022-03-25,8134,43662,49776221,38645144
2022-03-26,8124,41720,49784345,38686864
2022-03-27,2429,9681,49786774,38696545
2022-03-28,6108,35237,49792882,38731782
2022-03-29,5774,32527,49798656,38764309
2022-03-30,5564,30202,49804220,38794511
2022-03-31,5891,33181,49810111,38827692
2022-04-01,4347,25186,49814458,38852878
2022-04-02,4493,23274,49818951,38876152
2022-04-03,1049,4500,49820000,38880652
2022-04-04,3656,21538,49823656,38902190
2022-04-05,3756,22929,49827412,38925119
2022-04-06,4101,21850,49831513,38946969
2022-04-07,3965,23320,49835478,38970289
2022-04-08,4691,26710,49840169,38996999
2022-04-09,4381,23884,49844550,39020883
2022-04-10,891,4614,49845441,39025497
2022-04-11,3814,22685,49849255,39048182
2022-04-12,3361,21776,49852616,39069958
2022-04-13,3563,21332,49856179,39091290
2022-04-14,3486,23785,49859665,39115075
2022-04-15,3084,20617,49862749,39135692
2022-04-16,2149,11918,49864898,39147610
2022-04-17,63,348,49864961,39147958
2022-04-18,151,650,49865112,39148608
2022-04-19,3497,21977,49868609,39170585
2022-04-20,3508,20249,49872117,39190834
2022-04-21,2844,19783,49874961,39210617
2022-04-22,2927,20696,49877888,39231313
2022-04-23,2642,16217,49880530,39247530
2022-04-24,509,2334,49881039,39249864
2022-04-25,183,1165,49881222,39251029
2022-04-26,2757,17801,49883979,39268830
2022-04-27,2372,15789,49886351,39284619
2022-04-28,2357,15557,49888708,39300176
2022-04-29,2293,14837,49891001,39315013
2022-04-30,2122,11578,49893123,39326591
2022-05-01,113,530,49893236,39327121
2022-05-02,1450,9388,49894686,39336509
2022-05-03,1575,10314,49896261,39346823
2022-05-04,1746,10260,49898007,39357083
2022-05-05,1652,10278,49899659,39367361
2022-05-06,1700,10951,49901359,39378312
2022-05-07,1431,8563,49902790,39386875
2022-05-08,405,1515,49903195,39388390
2022-05-09,1027,8918,49904222,39397308
2022-05-10,1422,9542,49905644,39406850
2022-05-11,1483,10091,49907127,39416941
2022-05-12,1369,10122,49908496,39427063
2022-05-13,1591,10511,49910087,39437574
2022-05-14,1356,8230,49911443,39445804
2022-05-15,336,1130,49911779,39446934
2022-05-16,813,8394,49912592,39455328
2022-05-17,1243,8675,49913835,39464003
2022-05-18,1374,9225,49915209,39473228
2022-05-19,1500,9272,49916709,39482500
2022-05-20,1422,9498,49918131,39491998
2022-05-21,1299,7893,49919430,39499891
2022-05-22,231,1012,49919661,39500903
2022-05-23,830,8262,49920491,39509165
2022-05-24,1073,8664,49921564,39517829
2022-05-25,1369,9445,49922933,39527274
2022-05-26,1195,9455,49924128,39536729
2022-05-27,1227,9912,49925355,39546641
2022-05-28,1203,7874,49926558,39554515
2022-05-29,286,1264,49926844,39555779
2022-05-30,930,8031,49927774,39563810
2022-05-31,1035,8532,49928809,39572342
2022-06-01,890,7644,49929699,39579986
2022-06-02,35,474,49929734,39580460
2022-06-03,817,7330,49930551,39587790
2022-06-04,870,5157,49931421,39592947
2022-06-05,89,586,49931510,39593533
2022-06-06,676,6986,49932186,39600519
2022-06-07,951,7842,49933137,39608361
2022-06-08,983,7901,49934120,39616262
2022-06-09,1037,8399,49935157,39624661
2022-06-10,958,8552,49936115,39633213
2022-06-11,902,6206,49937017,39639419
2022-06-12,140,767,49937157,39640186
2022-06-13,602,6296,49937759,39646482
2022-06-14,828,7883,49938587,39654365
2022-06-15,954,7844,49939541,39662209
2022-06-16,729,7390,49940270,39669599
2022-06-17,722,7242,49940992,39676841
2022-06-18,777,5589,49941769,39682430
2022-06-19,47,522,49941816,39682952
2022-06-20,587,6695,49942403,39689647
2022-06-21,735,7656,49943138,39697303
2022-06-22,780,7307,49943918,39704610
2022-06-23,651,7459,49944569,39712069
2022-06-24,643,7472,49945212,39719541
2022-06-25,835,6532,49946047,39726073
2022-06-26,128,523,49946175,39726596
2022-06-27,531,7123,49946706,39733719
2022-06-28,745,8194,49947451,39741913
2022-06-29,756,7723,49948207,39749636
2022-06-30,746,8131,49948953,39757767
2022-07-01,576,6438,49949529,39764205
2022-07-02,536,4767,49950065,39768972
2022-07-03,49,456,49950114,39769428
2022-07-04,469,6275,49950583,39775703
2022-07-05,628,8112,49951211,39783815
2022-07-06,632,7607,49951843,39791422
2022-07-07,570,8264,49952413,39799686
2022-07-08,671,8080,49953084,39807766
2022-07-09,550,6103,49953634,39813869
2022-07-10,58,533,49953692,39814402
2022-07-11,487,7639,49954179,39822041
2022-07-12,665,9028,49954844,39831069
2022-07-13,640,10062,49955484,39841131
2022-07-14,636,10219,49956120,39851350
2022-07-15,625,10664,49956745,39862014
2022-07-16,522,7209,49957267,39869223
2022-07-17,48,769,49957315,39869992
2022-07-18,497,9350,49957812,39879342
2022-07-19,573,10657,49958385,39889999
2022-07-20,578,11258,49958963,39901257
2022-07-21,627,12040,49959590,39913297
2022-07-22,583,11227,49960173,39924524
2022-07-23,379,6744,49960552,39931268
2022-07-24,76,834,49960628,39932102
2022-07-25,503,9033,49961131,39941135
2022-07-26,521,9727,49961652,39950862
2022-07-27,550,10161,49962202,39961023
2022-07-28,529,10482,49962731,39971505
2022-07-29,510,9427,49963241,39980932
2022-07-30,382,5852,49963623,39986784
2022-07-31,49,745,49963672,39987529
2022-08-01,386,6824,49964058,39994353
2022-08-02,540,7526,49964598,40001879
2022-08-03,511,7142,49965109,40009021
2022-08-04,454,7438,49965563,40016459
2022-08-05,419,6490,49965982,40022949
2022-08-06,298,3582,49966280,40026531
2022-08-07,44,551,49966324,40027082
2022-08-08,401,4874,49966725,40031956
2022-08-09,383,5269,49967108,40037225
2022-08-10,379,4789,49967487,40042014
2022-08-11,365,4757,49967852,40046771
2022-08-12,292,3699,49968144,40050470
2022-08-13,143,1597,49968287,40052067
2022-08-14,9,128,49968296,40052195
2022-08-15,1,26,49968297,40052221
2022-08-16,283,3028,49968580,40055249
2022-08-17,351,3512,49968931,40058761
2022-08-18,389,4142,49969320,40062903
2022-08-19,341,3309,49969661,40066212
2022-08-20,183,1710,49969844,40067922
2022-08-21,24,146,49969868,40068068
2022-08-22,329,2940,49970197,40071008
2022-08-23,371,3656,49970568,40074664
2022-08-24,383,3344,49970951,40078008
2022-08-25,420,3752,49971371,40081760
2022-08-26,397,3560,49971768,40085320
2022-08-27,235,1769,49972003,40087089
2022-08-28,29,260,49972032,40087349
2022-08-29,353,3148,49972385,40090497
2022-08-30,403,3645,49972788,40094142
2022-08-31,436,3716,49973224,40097858
2022-09-01,352,3098,49973576,40100956
2022-09-02,296,2882,49973872,40103838
2022-09-03,199,1684,49974071,40105522
2022-09-04,23,147,49974094,40105669
2022-09-05,186,2646,49974280,40108315
2022-09-06,302,2984,49974582,40111299
2022-09-07,541,2912,49975123,40114211
2022-09-08,289,2951,49975412,40117162
2022-09-09,301,2854,49975713,40120016
2022-09-10,227,1325,49975940,40121341
2022-09-11,21,123,49975961,40121464
2022-09-12,267,2209,49976228,40123673
2022-09-13,248,2267,49976476,40125940
2022-09-14,263,2554,49976739,40128494
2022-09-15,279,2480,49977018,40130974
2022-09-16,253,2532,49977271,40133506
2022-09-17,239,1339,49977510,40134845
2022-09-18,20,170,49977530,40135015
2022-09-19,205,1965,49977735,40136980
2022-09-20,236,2370,49977971,40139350
2022-09-21,289,2511,49978260,40141861
2022-09-22,260,2637,49978520,40144498
2022-09-23,256,2516,49978776,40147014
2022-09-24,193,1426,49978969,40148440
2022-09-25,28,134,49978997,40148574
2022-09-26,280,2239,49979277,40150813
2022-09-27,281,2637,49979558,40153450
2022-09-28,309,2872,49979867,40156322
2022-09-29,251,3027,49980118,40159349
2022-09-30,289,2962,49980407,40162311
2022-10-01,193,1503,49980600,40163814
2022-10-02,11,187,49980611,40164001
2022-10-03,180,2453,49980791,40166454
2022-10-04,233,2818,49981024,40169272
2022-10-05,223,3192,49981247,40172464
2022-10-06,239,3772,49981486,40176236
2022-10-07,282,4108,49981768,40180344
2022-10-08,198,2209,49981966,40182553
2022-10-09,8,287,49981974,40182840
2022-10-10,205,3301,49982179,40186141
2022-10-11,191,4262,49982370,40190403
2022-10-12,207,4355,49982577,40194758
2022-10-13,191,5197,49982768,40199955
2022-10-14,224,4921,49982992,40204876
2022-10-15,184,2570,49983176,40207446
2022-10-16,6,344,49983182,40207790
2022-10-17,184,3743,49983366,40211533
2022-10-18,251,4789,49983617,40216322
2022-10-19,226,5041,49983843,40221363
2022-10-20,118,2844,49983961,40224207