data_somministrazione,vaccinazioni,booster,cum_vaccinazioni,cum_booster
2020-12-27,19,0,19,0
2020-12-28,2,0,21,0
2020-12-29,1,0,22,0
2020-12-30,6,0,28,0
2020-12-31,56,0,84,0
2021-01-01,22,0,106,0
2021-01-02,95,0,201,0
2021-01-03,73,0,274,0
2021-01-04,188,0,462,0
2021-01-05,229,0,691,0
2021-01-06,182,0,873,0
2021-01-07,273,0,1146,0
2021-01-08,318,0,1464,0
2021-01-09,235,0,1699,0
2021-01-10,141,0,1840,0
2021-01-11,258,0,2098,0
2021-01-12,260,0,2358,0
2021-01-13,379,0,2737,0
2021-01-14,466,0,3203,0
2021-01-15,287,0,3490,0
2021-01-16,200,0,3690,0
2021-01-17,3056,0,6746,0
2021-01-18,5206,0,11952,0
2021-01-19,1889,0,13841,0
2021-01-20,4651,0,18492,0
2021-01-21,20005,0,38497,0
2021-01-22,14201,0,52698,0
2021-01-23,33338,0,86036,0
2021-01-24,30792,0,116828,0
2021-01-25,64740,0,181568,0
2021-01-26,76503,0,258071,0
2021-01-27,64851,0,322922,0
2021-01-28,89307,0,412229,0
2021-01-29,94040,0,506269,0
2021-01-30,86580,0,592849,0
2021-01-31,57342,0,650191,0
2021-02-01,81880,0,732071,0
2021-02-02,82149,0,814220,0
2021-02-03,91199,0,905419,0
2021-02-04,95403,0,1000822,0
2021-02-05,90286,0,1091108,0
2021-02-06,63452,0,1154560,0
2021-02-07,32926,0,1187486,0
2021-02-08,40431,0,1227917,0
2021-02-09,32866,0,1260783,0
2021-02-10,28417,0,1289200,0
2021-02-11,20382,0,1309582,0
2021-02-12,16223,0,1325805,0
2021-02-13,7248,0,1333053,0
2021-02-14,2861,0,1335914,0
2021-02-15,6836,0,1342750,0
2021-02-16,6992,0,1349742,0
2021-02-17,10518,0,1360260,0
2021-02-18,9243,0,1369503,0
2021-02-19,8234,0,1377737,0
2021-02-20,5535,0,1383272,0
2021-02-21,2984,0,1386256,0
2021-02-22,6879,0,1393135,0
2021-02-23,7156,0,1400291,0
2021-02-24,9822,0,1410113,0
2021-02-25,14200,0,1424313,0
2021-02-26,17550,0,1441863,0
2021-02-27,13894,0,1455757,0
2021-02-28,9385,0,1465142,0
2021-03-01,26505,0,1491647,0
2021-03-02,33231,0,1524878,0
2021-03-03,44640,0,1569518,0
2021-03-04,50290,0,1619808,0
2021-03-05,55732,0,1675540,0
2021-03-06,41871,0,1717411,0
2021-03-07,22320,0,1739731,0
2021-03-08,50790,0,1790521,0
2021-03-09,53054,0,1843575,0
2021-03-10,58620,0,1902195,0
2021-03-11,63830,0,1966025,0
2021-03-12,65089,0,2031114,0
2021-03-13,51701,0,2082815,0
2021-03-14,35383,0,2118198,0
2021-03-15,73423,0,2191621,0
2021-03-16,74021,0,2265642,0
2021-03-17,83128,0,2348770,0
2021-03-18,81621,0,2430391,0
2021-03-19,81077,0,2511468,0
2021-03-20,64704,0,2576172,0
2021-03-21,47285,0,2623457,0
2021-03-22,69468,0,2692925,0
2021-03-23,75778,0,2768703,0
2021-03-24,90883,0,2859586,0
2021-03-25,89781,0,2949367,0
2021-03-26,83602,0,3032969,0
2021-03-27,71910,0,3104879,0
2021-03-28,44120,0,3148999,0
2021-03-29,70801,0,3219800,0
2021-03-30,81350,0,3301150,0
2021-03-31,96212,0,3397362,0
2021-04-01,95289,0,3492651,0
2021-04-02,84060,0,3576711,0
2021-04-03,64295,0,3641006,0
2021-04-04,21715,0,3662721,0
2021-04-05,40294,0,3703015,0
2021-04-06,81294,0,3784309,0
2021-04-07,95797,0,3880106,0
2021-04-08,95223,0,3975329,0
2021-04-09,88477,0,4063806,0
2021-04-10,74024,0,4137830,0
2021-04-11,44747,0,4182577,0
2021-04-12,66902,0,4249479,0
2021-04-13,72559,0,4322038,0
2021-04-14,85514,0,4407552,0
2021-04-15,105396,0,4512948,0
2021-04-16,106405,0,4619353,0
2021-04-17,90488,0,4709841,0
2021-04-18,58581,0,4768422,0
2021-04-19,93424,0,4861846,0
2021-04-20,103760,0,4965606,0
2021-04-21,125323,0,5090929,0
2021-04-22,143502,0,5234431,0
2021-04-23,138711,0,5373142,0
2021-04-24,124428,0,5497570,0
2021-04-25,61452,0,5559022,0
2021-04-26,97873,0,5656895,0
2021-04-27,128346,0,5785241,0
2021-04-28,156346,0,5941587,0
2021-04-29,195573,0,6137160,0
2021-04-30,214549,0,6351709,0
2021-05-01,174086,0,6525795,0
2021-05-02,135791,0,6661586,0
2021-05-03,141998,0,6803584,0
2021-05-04,158671,0,6962255,0
2021-05-05,170463,0,7132718,0
2021-05-06,197783,0,7330501,0
2021-05-07,213799,0,7544300,0
2021-05-08,213376,0,7757676,0
2021-05-09,143186,0,7900862,0
2021-05-10,165077,0,8065939,0
2021-05-11,174949,0,8240888,0
2021-05-12,179135,0,8420023,0
2021-05-13,203349,0,8623372,0
2021-05-14,222883,0,8846255,0
2021-05-15,210326,0,9056581,0
2021-05-16,159256,0,9215837,0
2021-05-17,219175,0,9435012,0
2021-05-18,212993,0,9648005,0
2021-05-19,207064,0,9855069,0
2021-05-20,270832,0,10125901,0
2021-05-21,270855,0,10396756,0
2021-05-22,245510,0,10642266,0
2021-05-23,197169,0,10839435,0
2021-05-24,228286,0,11067721,0
2021-05-25,245680,0,11313401,0
2021-05-26,277477,0,11590878,0
2021-05-27,311072,0,11901950,0
2021-05-28,299550,0,12201500,0
2021-05-29,231186,0,12432686,0
2021-05-30,170817,0,12603503,0
2021-05-31,216399,0,12819902,0
2021-06-01,207625,0,13027527,0
2021-06-02,115763,0,13143290,0
2021-06-03,180092,0,13323382,0
2021-06-04,184831,0,13508213,0
2021-06-05,185910,0,13694123,0
2021-06-06,139498,0,13833621,0
2021-06-07,161817,0,13995438,0
2021-06-08,171138,0,14166576,0
2021-06-09,171409,0,14337985,0
2021-06-10,174017,0,14512002,0
2021-06-11,169916,0,14681918,0
2021-06-12,128290,0,14810208,0
2021-06-13,91123,0,14901331,0
2021-06-14,214625,0,15115956,0
2021-06-15,228370,0,15344326,0
2021-06-16,253018,0,15597344,0
2021-06-17,301684,0,15899028,0
2021-06-18,306241,0,16205269,0
2021-06-19,275034,0,16480303,0
2021-06-20,220724,0,16701027,0
2021-06-21,288022,0,16989049,0
2021-06-22,296173,0,17285222,0
2021-06-23,302649,0,17587871,0
2021-06-24,332546,0,17920417,0
2021-06-25,348682,0,18269099,0
2021-06-26,300080,0,18569179,0
2021-06-27,228606,0,18797785,0
2021-06-28,307021,0,19104806,0
2021-06-29,329220,0,19434026,0
2021-06-30,342083,0,19776109,0
2021-07-01,363139,0,20139248,0
2021-07-02,368426,0,20507674,0
2021-07-03,371061,0,20878735,0
2021-07-04,283188,0,21161923,0
2021-07-05,384493,0,21546416,0
2021-07-06,385424,0,21931840,0
2021-07-07,412054,0,22343894,0
2021-07-08,479628,0,22823522,0
2021-07-09,498499,0,23322021,0
2021-07-10,475180,0,23797201,0
2021-07-11,357708,0,24154909,0
2021-07-12,485917,0,24640826,0
2021-07-13,492159,0,25132985,0
2021-07-14,480486,0,25613471,0
2021-07-15,523505,0,26136976,0
2021-07-16,509792,0,26646768,0
2021-07-17,464377,0,27111145,0
2021-07-18,364703,0,27475848,0
2021-07-19,463080,0,27938928,0
2021-07-20,458088,0,28397016,0
2021-07-21,462820,0,28859836,0
2021-07-22,475394,0,29335230,0
2021-07-23,441308,0,29776538,0
2021-07-24,386190,0,30162728,0
2021-07-25,287597,0,30450325,0
2021-07-26,430898,0,30881223,0
2021-07-27,440128,0,31321351,0
2021-07-28,391022,0,31712373,0
2021-07-29,372077,0,32084450,0
2021-07-30,341500,0,32425950,0
2021-07-31,287005,0,32712955,0
2021-08-01,191024,0,32903979,0
2021-08-02,333732,0,33237711,0
2021-08-03,323186,0,33560897,0
2021-08-04,310970,0,33871867,0
2021-08-05,292512,0,34164379,0
2021-08-06,259998,0,34424377,0
2021-08-07,199036,0,34623413,0
2021-08-08,153103,0,34776516,0
2021-08-09,234076,0,35010592,0
2021-08-10,205245,0,35215837,0
2021-08-11,193749,0,35409586,0
2021-08-12,167961,0,35577547,0
2021-08-13,148587,0,35726134,0
2021-08-14,66082,0,35792216,0
2021-08-15,26333,0,35818549,0
2021-08-16,114668,0,35933217,0
2021-08-17,129237,0,36062454,0
2021-08-18,128721,0,36191175,0
2021-08-19,124782,0,36315957,0
2021-08-20,123781,0,36439738,0
2021-08-21,83111,0,36522849,0
2021-08-22,68160,0,36591009,0
2021-08-23,176864,0,36767873,0
2021-08-24,156904,0,36924777,0
2021-08-25,177165,0,37101942,0
2021-08-26,172350,0,37274292,0
2021-08-27,185854,0,37460146,0
2021-08-28,140273,0,37600419,0
2021-08-29,99002,0,37699421,0
2021-08-30,209635,0,37909056,0
2021-08-31,194630,0,38103686,0
2021-09-01,192214,0,38295900,0
2021-09-02,189942,0,38485842,0
2021-09-03,191347,0,38677189,0
2021-09-04,131491,0,38808680,0
2021-09-05,87875,0,38896555,0
2021-09-06,193666,0,39090221,0
2021-09-07,196072,0,39286293,0
2021-09-08,187913,0,39474206,0
2021-09-09,201481,0,39675687,0
2021-09-10,198117,0,39873804,0
2021-09-11,141329,0,40015133,0
2021-09-12,89605,0,40104738,0
2021-09-13,191182,531,40295920,531
2021-09-14,177270,565,40473190,1096
2021-09-15,163134,561,40636324,1657
2021-09-16,160106,906,40796430,2563
2021-09-17,150175,1101,40946605,3664
2021-09-18,127974,726,41074579,4390
2021-09-19,81132,485,41155711,4875
2021-09-20,180075,9060,41335786,13935
2021-09-21,166619,8825,41502405,22760
2021-09-22,159077,9422,41661482,32182
2021-09-23,138073,9312,41799555,41494
2021-09-24,140537,8944,41940092,50438
2021-09-25,119541,5627,42059633,56065
2021-09-26,71950,4334,42131583,60399
2021-09-27,135631,10034,42267214,70433
2021-09-28,117481,11376,42384695,81809
2021-09-29,112326,11822,42497021,93631
2021-09-30,110222,14932,42607243,108563
2021-10-01,94971,19100,42702214,127663
2021-10-02,78468,14011,42780682,141674
2021-10-03,47723,7653,42828405,149327
2021-10-04,88374,34438,42916779,183765
2021-10-05,80355,33967,42997134,217732
2021-10-06,71974,34155,43069108,251887
2021-10-07,71846,34338,43140954,286225
2021-10-08,80620,33584,43221574,319809
2021-10-09,76097,22161,43297671,341970
2021-10-10,45771,13613,43343442,355583
2021-10-11,87404,41096,43430846,396679
2021-10-12,84485,46892,43515331,443571
2021-10-13,88182,52102,43603513,495673
2021-10-14,91518,58497,43695031,554170
2021-10-15,93579,55614,43788610,609784
2021-10-16,82957,36773,43871567,646557
2021-10-17,51457,23823,43923024,670380
2021-10-18,90288,59473,44013312,729853
2021-10-19,78338,69367,44091650,799220
2021-10-20,75070,78156,44166720,877376
2021-10-21,78303,81742,44245023,959118
2021-10-22,73794,77010,44318817,1036128
2021-10-23,60814,51944,44379631,1088072
2021-10-24,33381,23444,44413012,1111516
2021-10-25,64902,81619,44477914,1193135
2021-10-26,58371,91769,44536285,1284904
2021-10-27,58330,103956,44594615,1388860
2021-10-28,61467,114094,44656082,1502954
2021-10-29,61659,103103,44717741,1606057
2021-10-30,50672,68109,44768413,1674166
2021-10-31,25168,28282,44793581,1702448
2021-11-01,19048,28145,44812629,1730593
2021-11-02,62770,89364,44875399,1819957
2021-11-03,60732,118655,44936131,1938612
2021-11-04,59243,126653,44995374,2065265
2021-11-05,63094,135164,45058468,2200429
2021-11-06,46470,90921,45104938,2291350
2021-11-07,22253,37891,45127191,2329241
2021-11-08,51526,131259,45178717,2460500
2021-11-09,45403,144187,45224120,2604687
2021-11-10,42575,156341,45266695,2761028
2021-11-11,44932,155133,45311627,2916161
2021-11-12,46370,158568,45357997,3074729
2021-11-13,33253,116639,45391250,3191368
2021-11-14,14478,52446,45405728,3243814
2021-11-15,36895,157418,45442623,3401232
2021-11-16,30543,171370,45473166,3572602
2021-11-17,28446,178430,45501612,3751032
2021-11-18,30277,193704,45531889,3944736
2021-11-19,28792,205845,45560681,4150581
2021-11-20,20990,156432,45581671,4307013
2021-11-21,10606,64854,45592277,4371867
2021-11-22,21924,213135,45614201,4585002
2021-11-23,23560,241738,45637761,4826740
2021-11-24,27828,270941,45665589,5097681
2021-11-25,23226,301893,45688815,5399574
2021-11-26,24570,318260,45713385,5717834
2021-11-27,21369,266147,45734754,5983981
2021-11-28,9893,137053,45744647,6121034
2021-11-29,22309,326059,45766956,6447093
2021-11-30,23075,365817,45790031,6812910
2021-12-01,21508,413495,45811539,7226405
2021-12-02,23749,440375,45835288,7666780
2021-12-03,25220,467447,45860508,8134227
2021-12-04,22341,418721,45882849,8552948
2021-12-05,11903,261330,45894752,8814278
2021-12-06,25796,457561,45920548,9271839
2021-12-07,24098,480241,45944646,9752080
2021-12-08,9989,249677,45954635,10001757
2021-12-09,31552,491909,45986187,10493666
2021-12-10,28038,517860,46014225,11011526
2021-12-11,23538,459235,46037763,11470761
2021-12-12,12289,293495,46050052,11764256
2021-12-13,26123,467616,46076175,12231872
2021-12-14,25150,494184,46101325,12726056
2021-12-15,25301,517127,46126626,13243183
2021-12-16,27857,520236,46154483,13763419
2021-12-17,29329,517156,46183812,14280575
2021-12-18,27022,468709,46210834,14749284
2021-12-19,15129,300509,46225963,15049793
2021-12-20,30598,477465,46256561,15527258
2021-12-21,30339,493373,46286900,16020631
2021-12-22,29419,484693,46316319,16505324
2021-12-23,28208,426890,46344527,16932214
2021-12-24,13102,210817,46357629,17143031
2021-12-25,2101,33052,46359730,17176083
2021-12-26,8749,159063,46368479,17335146
2021-12-27,46738,504646,46415217,17839792
2021-12-28,42412,554191,46457629,18393983
2021-12-29,34285,550625,46491914,18944608
2021-12-30,31779,499815,46523693,19444423
2021-12-31,14092,247393,46537785,19691816
2022-01-01,3492,64812,46541277,19756628
2022-01-02,22725,276715,46564002,20033343
2022-01-03,47755,520008,46611757,20553351
2022-01-04,46265,572067,46658022,21125418
2022-01-05,40651,560376,46698673,21685794
2022-01-06,23426,274477,46722099,21960271
2022-01-07,63582,554173,46785681,22514444
2022-01-08,60736,503373,46846417,23017817
2022-01-09,42741,319682,46889158,23337499
2022-01-10,60974,542267,46950132,23879766
2022-01-11,61593,586978,47011725,24466744
2022-01-12,58324,581271,47070049,25048015
2022-01-13,58478,580368,47128527,25628383
2022-01-14,46657,588556,47175184,26216939
2022-01-15,39213,569932,47214397,26786871
2022-01-16,31097,341847,47245494,27128718
2022-01-17,54691,489642,47300185,27618360
2022-01-18,58286,517003,47358471,28135363
2022-01-19,57111,502777,47415582,28638140
2022-01-20,54245,498807,47469827,29136947
2022-01-21,41958,493864,47511785,29630811
2022-01-22,31072,469587,47542857,30100398
2022-01-23,34855,275363,47577712,30375761
2022-01-24,56112,437205,47633824,30812966
2022-01-25,61479,452084,47695303,31265050
2022-01-26,58465,435813,47753768,31700863
2022-01-27,48772,432350,47802540,32133213
2022-01-28,58607,436521,47861147,32569734
2022-01-29,68029,412476,47929176,32982210
2022-01-30,50320,235965,47979496,33218175
2022-01-31,60542,356916,48040038,33575091
2022-02-01,65469,328427,48105507,33903518
2022-02-02,63113,296958,48168620,34200476
2022-02-03,59987,274511,48228607,34474987
2022-02-04,72309,268442,48300916,34743429
2022-02-05,83691,248520,48384607,34991949
2022-02-06,55245,116193,48439852,35108142
2022-02-07,65090,199929,48504942,35308071
2022-02-08,66884,186101,48571826,35494172
2022-02-09,58720,166328,48630546,35660500
2022-02-10,58511,163231,48689057,35823731
2022-02-11,62205,162450,48751262,35986181
2022-02-12,71933,152133,48823195,36138314
2022-02-13,41454,68848,48864649,36207162
2022-02-14,46649,116180,48911298,36323342
2022-02-15,48487,123477,48959785,36446819
2022-02-16,45650,106106,49005435,36552925
2022-02-17,42841,98099,49048276,36651024
2022-02-18,46585,112565,49094861,36763589
2022-02-19,52509,100324,49147370,36863913
2022-02-20,31407,40359,49178777,36904272
2022-02-21,37879,89639,49216656,36993911
2022-02-22,37199,83767,49253855,37077678
2022-02-23,33369,79403,49287224,37157081
2022-02-24,32542,78160,49319766,37235241
2022-02-25,34740,90702,49354506,37325943
2022-02-26,39139,89131,49393645,37415074
2022-02-27,22537,35855,49416182,37450929
2022-02-28,28461,81689,49444643,37532618
2022-03-01,22692,53934,49467335,37586552
2022-03-02,21983,50627,49489318,37637179
2022-03-03,22593,54940,49511911,37692119
2022-03-04,23203,62789,49535114,37754908
2022-03-05,23777,57950,49558891,37812858
2022-03-06,9468,17199,49568359,37830057
2022-03-07,15894,51389,49584253,37881446
2022-03-08,15442,48796,49599695,37930242
2022-03-09,13796,46512,49613491,37976754
2022-03-10,14022,52115,49627513,38028869
2022-03-11,15561,57249,49643074,38086118
2022-03-12,15484,56614,49658558,38142732
2022-03-13,5540,16848,49664098,38159580
2022-03-14,10515,46691,49674613,38206271
2022-03-15,10525,46892,49685138,38253163
2022-03-16,9469,41975,49694607,38295138
2022-03-17,9696,44875,49704303,38340013
2022-03-18,10148,49052,49714451,38389065
2022-03-19,9141,46531,49723592,38435596
2022-03-20,2606,11699,49726198,38447295
2022-03-21,7569,40220,49733767,38487515
2022-03-22,8435,37745,49742202,38525260
2022-03-23,7202,33695,49749404,38558955
2022-03-24,8245,38796,49757649,38597751
2022-03-25,8120,43664,49765769,38641415
2022-03-26,8118,41719,49773887,38683134
2022-03-27,2428,9682,49776315,38692816
2022-03-28,6094,35230,49782409,38728046
2022-03-29,5772,32523,49788181,38760569
2022-03-30,5552,30192,49793733,38790761
2022-03-31,5880,33169,49799613,38823930
2022-04-01,4340,25180,49803953,38849110
2022-04-02,4486,23272,49808439,38872382
2022-04-03,1047,4499,49809486,38876881
2022-04-04,3649,21531,49813135,38898412
2022-04-05,3746,22922,49816881,38921334
2022-04-06,4095,21837,49820976,38943171
2022-04-07,3954,23317,49824930,38966488
2022-04-08,4681,26709,49829611,38993197
2022-04-09,4374,23882,49833985,39017079
2022-04-10,892,4614,49834877,39021693
2022-04-11,3801,22682,49838678,39044375
2022-04-12,3354,21776,49842032,39066151
2022-04-13,3557,21333,49845589,39087484
2022-04-14,3481,23774,49849070,39111258
2022-04-15,3074,20613,49852144,39131871
2022-04-16,2147,11920,49854291,39143791
2022-04-17,63,348,49854354,39144139
2022-04-18,148,650,49854502,39144789
2022-04-19,3481,21977,49857983,39166766
2022-04-20,3493,20249,49861476,39187015
2022-04-21,2838,19778,49864314,39206793
2022-04-22,2913,20695,49867227,39227488
2022-04-23,2635,16205,49869862,39243693
2022-04-24,509,2335,49870371,39246028
2022-04-25,183,1165,49870554,39247193
2022-04-26,2757,17792,49873311,39264985
2022-04-27,2363,15781,49875674,39280766
2022-04-28,2348,15533,49878022,39296299
2022-04-29,2289,14833,49880311,39311132
2022-04-30,2117,11577,49882428,39322709
2022-05-01,113,530,49882541,39323239
2022-05-02,1443,9381,49883984,39332620
2022-05-03,1569,10307,49885553,39342927
2022-05-04,1744,10256,49887297,39353183
2022-05-05,1647,10273,49888944,39363456
2022-05-06,1690,10944,49890634,39374400
2022-05-07,1431,8563,49892065,39382963
2022-05-08,404,1514,49892469,39384477
2022-05-09,1023,8915,49893492,39393392
2022-05-10,1418,9536,49894910,39402928
2022-05-11,1477,10087,49896387,39413015
2022-05-12,1365,10119,49897752,39423134
2022-05-13,1587,10508,49899339,39433642
2022-05-14,1355,8226,49900694,39441868
2022-05-15,336,1129,49901030,39442997
2022-05-16,809,8388,49901839,39451385
2022-05-17,1239,8667,49903078,39460052
2022-05-18,1368,9213,49904446,39469265
2022-05-19,1498,9267,49905944,39478532
2022-05-20,1420,9491,49907364,39488023
2022-05-21,1299,7891,49908663,39495914
2022-05-22,231,1012,49908894,39496926
2022-05-23,825,8260,49909719,39505186
2022-05-24,1070,8663,49910789,39513849
2022-05-25,1365,9444,49912154,39523293
2022-05-26,1192,9452,49913346,39532745
2022-05-27,1223,9908,49914569,39542653
2022-05-28,1202,7872,49915771,39550525
2022-05-29,285,1264,49916056,39551789
2022-05-30,928,8025,49916984,39559814
2022-05-31,1033,8529,49918017,39568343
2022-06-01,891,7643,49918908,39575986
2022-06-02,35,474,49918943,39576460
2022-06-03,813,7327,49919756,39583787
2022-06-04,869,5155,49920625,39588942
2022-06-05,89,586,49920714,39589528
2022-06-06,671,6964,49921385,39596492
2022-06-07,930,7841,49922315,39604333
2022-06-08,981,7896,49923296,39612229
2022-06-09,1034,8398,49924330,39620627
2022-06-10,950,8537,49925280,39629164
2022-06-11,898,6207,49926178,39635371
2022-06-12,140,767,49926318,39636138
2022-06-13,602,6295,49926920,39642433
2022-06-14,824,7880,49927744,39650313
2022-06-15,949,7842,49928693,39658155
2022-06-16,728,7383,49929421,39665538
2022-06-17,717,7235,49930138,39672773
2022-06-18,776,5588,49930914,39678361
2022-06-19,47,522,49930961,39678883
2022-06-20,587,6694,49931548,39685577
2022-06-21,730,7637,49932278,39693214
2022-06-22,777,7300,49933055,39700514
2022-06-23,648,7455,49933703,39707969
2022-06-24,643,7468,49934346,39715437
2022-06-25,835,6531,49935181,39721968
2022-06-26,128,523,49935309,39722491
2022-06-27,532,7116,49935841,39729607
2022-06-28,743,8208,49936584,39737815
2022-06-29,754,7717,49937338,39745532
2022-06-30,740,8132,49938078,39753664
2022-07-01,577,6436,49938655,39760100
2022-07-02,536,4765,49939191,39764865
2022-07-03,49,456,49939240,39765321
2022-07-04,468,6268,49939708,39771589
2022-07-05,622,8107,49940330,39779696
2022-07-06,624,7591,49940954,39787287
2022-07-07,562,8249,49941516,39795536
2022-07-08,670,8074,49942186,39803610
2022-07-09,548,6103,49942734,39809713
2022-07-10,58,533,49942792,39810246
2022-07-11,476,7626,49943268,39817872
2022-07-12,651,8980,49943919,39826852
2022-07-13,627,10060,49944546,39836912
2022-07-14,618,10218,49945164,39847130
2022-07-15,616,10642,49945780,39857772
2022-07-16,512,7205,49946292,39864977
2022-07-17,48,769,49946340,39865746
2022-07-18,495,9338,49946835,39875084
2022-07-19,559,10635,49947394,39885719
2022-07-20,562,11236,49947956,39896955
2022-07-21,619,11995,49948575,39908950
2022-07-22,568,11196,49949143,39920146
2022-07-23,375,6730,49949518,39926876
2022-07-24,75,834,49949593,39927710
2022-07-25,492,9019,49950085,39936729
2022-07-26,517,9700,49950602,39946429
2022-07-27,532,10113,49951134,39956542
2022-07-28,525,10442,49951659,39966984
2022-07-29,505,9383,49952164,39976367
2022-07-30,380,5844,49952544,39982211
2022-07-31,49,745,49952593,39982956
2022-08-01,384,6803,49952977,39989759
2022-08-02,534,7483,49953511,39997242
2022-08-03,488,7072,49953999,40004314
2022-08-04,443,7375,49954442,40011689
2022-08-05,410,6434,49954852,40018123
2022-08-06,295,3565,49955147,40021688
2022-08-07,44,547,49955191,40022235
2022-08-08,389,4818,49955580,40027053
2022-08-09,374,5205,49955954,40032258
2022-08-10,365,4683,49956319,40036941
2022-08-11,359,4565,49956678,40041506
2022-08-12,220,2149,49956898,40043655