data_somministrazione,vaccinazioni,booster,cum_vaccinazioni,cum_booster
2020-12-27,22,0,22,0
2020-12-28,2,0,24,0
2020-12-29,1,0,25,0
2020-12-30,8,0,33,0
2020-12-31,84,0,117,0
2021-01-01,27,0,144,0
2021-01-02,155,0,299,0
2021-01-03,118,0,417,0
2021-01-04,251,0,668,0
2021-01-05,296,0,964,0
2021-01-06,268,0,1232,0
2021-01-07,338,0,1570,0
2021-01-08,392,0,1962,0
2021-01-09,299,0,2261,0
2021-01-10,179,0,2440,0
2021-01-11,316,0,2756,0
2021-01-12,295,0,3051,0
2021-01-13,429,0,3480,0
2021-01-14,510,0,3990,0
2021-01-15,330,0,4320,0
2021-01-16,226,0,4546,0
2021-01-17,3065,0,7611,0
2021-01-18,5223,0,12834,0
2021-01-19,1897,0,14731,0
2021-01-20,4660,0,19391,0
2021-01-21,20002,0,39393,0
2021-01-22,14219,0,53612,0
2021-01-23,33314,0,86926,0
2021-01-24,30771,0,117697,0
2021-01-25,64692,0,182389,0
2021-01-26,76449,0,258838,0
2021-01-27,64801,0,323639,0
2021-01-28,89235,0,412874,0
2021-01-29,93984,0,506858,0
2021-01-30,86533,0,593391,0
2021-01-31,57315,0,650706,0
2021-02-01,81827,0,732533,0
2021-02-02,82126,0,814659,0
2021-02-03,91096,0,905755,0
2021-02-04,95378,0,1001133,0
2021-02-05,90265,0,1091398,0
2021-02-06,63452,0,1154850,0
2021-02-07,32935,0,1187785,0
2021-02-08,40418,0,1228203,0
2021-02-09,32882,0,1261085,0
2021-02-10,28443,0,1289528,0
2021-02-11,20412,0,1309940,0
2021-02-12,16255,0,1326195,0
2021-02-13,7287,0,1333482,0
2021-02-14,2862,0,1336344,0
2021-02-15,6852,0,1343196,0
2021-02-16,7010,0,1350206,0
2021-02-17,10528,0,1360734,0
2021-02-18,9261,0,1369995,0
2021-02-19,8259,0,1378254,0
2021-02-20,5593,0,1383847,0
2021-02-21,3020,0,1386867,0
2021-02-22,6887,0,1393754,0
2021-02-23,7191,0,1400945,0
2021-02-24,9817,0,1410762,0
2021-02-25,14219,0,1424981,0
2021-02-26,17563,0,1442544,0
2021-02-27,13931,0,1456475,0
2021-02-28,9400,0,1465875,0
2021-03-01,26535,0,1492410,0
2021-03-02,33247,0,1525657,0
2021-03-03,44656,0,1570313,0
2021-03-04,50303,0,1620616,0
2021-03-05,55748,0,1676364,0
2021-03-06,41887,0,1718251,0
2021-03-07,22334,0,1740585,0
2021-03-08,50839,0,1791424,0
2021-03-09,53098,0,1844522,0
2021-03-10,58703,0,1903225,0
2021-03-11,63901,0,1967126,0
2021-03-12,65153,0,2032279,0
2021-03-13,51734,0,2084013,0
2021-03-14,35431,0,2119444,0
2021-03-15,73466,0,2192910,0
2021-03-16,74031,0,2266941,0
2021-03-17,83154,0,2350095,0
2021-03-18,81631,0,2431726,0
2021-03-19,81092,0,2512818,0
2021-03-20,64750,0,2577568,0
2021-03-21,47316,0,2624884,0
2021-03-22,69508,0,2694392,0
2021-03-23,75828,0,2770220,0
2021-03-24,90946,0,2861166,0
2021-03-25,89834,0,2951000,0
2021-03-26,83652,0,3034652,0
2021-03-27,71965,0,3106617,0
2021-03-28,44196,0,3150813,0
2021-03-29,70854,0,3221667,0
2021-03-30,81425,0,3303092,0
2021-03-31,96273,0,3399365,0
2021-04-01,95345,0,3494710,0
2021-04-02,84091,0,3578801,0
2021-04-03,64315,0,3643116,0
2021-04-04,21727,0,3664843,0
2021-04-05,40329,0,3705172,0
2021-04-06,81362,0,3786534,0
2021-04-07,95852,0,3882386,0
2021-04-08,95271,0,3977657,0
2021-04-09,88510,0,4066167,0
2021-04-10,74044,0,4140211,0
2021-04-11,44770,0,4184981,0
2021-04-12,66928,0,4251909,0
2021-04-13,72606,0,4324515,0
2021-04-14,85562,0,4410077,0
2021-04-15,105429,0,4515506,0
2021-04-16,106444,0,4621950,0
2021-04-17,90539,0,4712489,0
2021-04-18,58600,0,4771089,0
2021-04-19,93449,0,4864538,0
2021-04-20,103785,0,4968323,0
2021-04-21,125345,0,5093668,0
2021-04-22,143540,0,5237208,0
2021-04-23,138769,0,5375977,0
2021-04-24,124457,0,5500434,0
2021-04-25,61473,0,5561907,0
2021-04-26,97921,0,5659828,0
2021-04-27,128387,0,5788215,0
2021-04-28,156410,0,5944625,0
2021-04-29,195630,0,6140255,0
2021-04-30,214626,0,6354881,0
2021-05-01,174153,0,6529034,0
2021-05-02,135823,0,6664857,0
2021-05-03,142093,0,6806950,0
2021-05-04,158728,0,6965678,0
2021-05-05,170560,0,7136238,0
2021-05-06,197841,0,7334079,0
2021-05-07,211995,0,7546074,0
2021-05-08,213456,0,7759530,0
2021-05-09,143231,0,7902761,0
2021-05-10,165110,0,8067871,0
2021-05-11,175019,0,8242890,0
2021-05-12,179246,0,8422136,0
2021-05-13,203447,0,8625583,0
2021-05-14,222962,0,8848545,0
2021-05-15,210401,0,9058946,0
2021-05-16,159303,0,9218249,0
2021-05-17,218866,0,9437115,0
2021-05-18,213033,0,9650148,0
2021-05-19,207106,0,9857254,0
2021-05-20,270924,0,10128178,0
2021-05-21,270920,0,10399098,0
2021-05-22,245550,0,10644648,0
2021-05-23,197199,0,10841847,0
2021-05-24,228327,0,11070174,0
2021-05-25,245701,0,11315875,0
2021-05-26,277577,0,11593452,0
2021-05-27,311113,0,11904565,0
2021-05-28,299399,0,12203964,0
2021-05-29,231267,0,12435231,0
2021-05-30,170862,0,12606093,0
2021-05-31,216451,0,12822544,0
2021-06-01,207648,0,13030192,0
2021-06-02,115817,0,13146009,0
2021-06-03,180200,0,13326209,0
2021-06-04,184950,0,13511159,0
2021-06-05,186032,0,13697191,0
2021-06-06,139614,0,13836805,0
2021-06-07,161932,0,13998737,0
2021-06-08,171326,0,14170063,0
2021-06-09,171550,0,14341613,0
2021-06-10,174196,0,14515809,0
2021-06-11,170080,0,14685889,0
2021-06-12,128429,0,14814318,0
2021-06-13,91270,0,14905588,0
2021-06-14,214726,0,15120314,0
2021-06-15,228484,0,15348798,0
2021-06-16,253131,0,15601929,0
2021-06-17,301810,0,15903739,0
2021-06-18,306369,0,16210108,0
2021-06-19,275162,0,16485270,0
2021-06-20,220841,0,16706111,0
2021-06-21,288134,0,16994245,0
2021-06-22,296285,0,17290530,0
2021-06-23,302730,0,17593260,0
2021-06-24,332637,0,17925897,0
2021-06-25,348750,0,18274647,0
2021-06-26,300164,0,18574811,0
2021-06-27,228724,0,18803535,0
2021-06-28,307180,0,19110715,0
2021-06-29,329374,0,19440089,0
2021-06-30,342248,0,19782337,0
2021-07-01,363273,0,20145610,0
2021-07-02,368525,0,20514135,0
2021-07-03,371113,0,20885248,0
2021-07-04,283260,0,21168508,0
2021-07-05,384575,0,21553083,0
2021-07-06,385502,0,21938585,0
2021-07-07,412150,0,22350735,0
2021-07-08,478970,0,22829705,0
2021-07-09,498452,0,23328157,0
2021-07-10,475169,0,23803326,0
2021-07-11,357683,0,24161009,0
2021-07-12,485868,0,24646877,0
2021-07-13,492048,0,25138925,0
2021-07-14,480428,0,25619353,0
2021-07-15,523397,0,26142750,0
2021-07-16,509730,0,26652480,0
2021-07-17,464307,0,27116787,0
2021-07-18,364616,0,27481403,0
2021-07-19,463026,0,27944429,0
2021-07-20,458027,0,28402456,0
2021-07-21,462783,0,28865239,0
2021-07-22,475368,0,29340607,0
2021-07-23,441317,0,29781924,0
2021-07-24,386141,0,30168065,0
2021-07-25,287527,0,30455592,0
2021-07-26,430882,0,30886474,0
2021-07-27,440103,0,31326577,0
2021-07-28,391007,0,31717584,0
2021-07-29,371878,0,32089462,0
2021-07-30,341534,0,32430996,0
2021-07-31,287051,0,32718047,0
2021-08-01,190994,0,32909041,0
2021-08-02,333705,0,33242746,0
2021-08-03,323183,0,33565929,0
2021-08-04,311005,0,33876934,0
2021-08-05,292474,0,34169408,0
2021-08-06,260046,0,34429454,0
2021-08-07,199078,0,34628532,0
2021-08-08,153109,0,34781641,0
2021-08-09,234085,0,35015726,0
2021-08-10,205296,0,35221022,0
2021-08-11,193802,0,35414824,0
2021-08-12,168084,0,35582908,0
2021-08-13,148689,0,35731597,0
2021-08-14,66112,0,35797709,0
2021-08-15,26346,0,35824055,0
2021-08-16,114727,0,35938782,0
2021-08-17,129264,0,36068046,0
2021-08-18,128769,0,36196815,0
2021-08-19,124869,0,36321684,0
2021-08-20,123803,0,36445487,0
2021-08-21,83139,0,36528626,0
2021-08-22,68183,0,36596809,0
2021-08-23,176860,0,36773669,0
2021-08-24,156889,0,36930558,0
2021-08-25,177167,0,37107725,0
2021-08-26,172343,0,37280068,0
2021-08-27,185827,0,37465895,0
2021-08-28,140291,0,37606186,0
2021-08-29,98998,0,37705184,0
2021-08-30,209579,0,37914763,0
2021-08-31,194635,0,38109398,0
2021-09-01,192216,0,38301614,0
2021-09-02,189931,0,38491545,0
2021-09-03,191266,0,38682811,0
2021-09-04,131425,0,38814236,0
2021-09-05,87839,0,38902075,0
2021-09-06,193586,0,39095661,0
2021-09-07,196029,0,39291690,0
2021-09-08,187846,0,39479536,0
2021-09-09,201411,0,39680947,0
2021-09-10,198034,0,39878981,0
2021-09-11,141283,0,40020264,0
2021-09-12,89587,0,40109851,0
2021-09-13,191082,682,40300933,682
2021-09-14,177201,674,40478134,1356
2021-09-15,163080,666,40641214,2022
2021-09-16,160034,1028,40801248,3050
2021-09-17,150161,1186,40951409,4236
2021-09-18,127986,789,41079395,5025
2021-09-19,81139,516,41160534,5541
2021-09-20,180061,9150,41340595,14691
2021-09-21,166678,8872,41507273,23563
2021-09-22,159133,9472,41666406,33035
2021-09-23,138121,9366,41804527,42401
2021-09-24,140557,9026,41945084,51427
2021-09-25,119567,5686,42064651,57113
2021-09-26,72002,4371,42136653,61484
2021-09-27,135671,10101,42272324,71585
2021-09-28,117525,11442,42389849,83027
2021-09-29,112390,11860,42502239,94887
2021-09-30,110302,14994,42612541,109881
2021-10-01,95012,19146,42707553,129027
2021-10-02,78533,14049,42786086,143076
2021-10-03,47761,7673,42833847,150749
2021-10-04,88392,34500,42922239,185249
2021-10-05,80393,34026,43002632,219275
2021-10-06,72001,34229,43074633,253504
2021-10-07,71884,34386,43146517,287890
2021-10-08,80647,33636,43227164,321526
2021-10-09,76120,22204,43303284,343730
2021-10-10,45796,13633,43349080,357363
2021-10-11,87456,41141,43436536,398504
2021-10-12,84516,46948,43521052,445452
2021-10-13,88229,52179,43609281,497631
2021-10-14,91560,58567,43700841,556198
2021-10-15,93600,55697,43794441,611895
2021-10-16,82975,36839,43877416,648734
2021-10-17,51461,23868,43928877,672602
2021-10-18,90302,59540,44019179,732142
2021-10-19,78355,69430,44097534,801572
2021-10-20,75059,78227,44172593,879799
2021-10-21,78283,81836,44250876,961635
2021-10-22,73767,77096,44324643,1038731
2021-10-23,60839,51978,44385482,1090709
2021-10-24,33365,23487,44418847,1114196
2021-10-25,64904,81678,44483751,1195874
2021-10-26,58369,91854,44542120,1287728
2021-10-27,58316,104048,44600436,1391776
2021-10-28,61443,114178,44661879,1505954
2021-10-29,61619,103209,44723498,1609163
2021-10-30,50670,68165,44774168,1677328
2021-10-31,25157,28315,44799325,1705643
2021-11-01,19050,28161,44818375,1733804
2021-11-02,62738,89453,44881113,1823257
2021-11-03,60713,118721,44941826,1941978
2021-11-04,59237,126719,45001063,2068697
2021-11-05,63092,135239,45064155,2203936
2021-11-06,46494,90948,45110649,2294884
2021-11-07,22247,37909,45132896,2332793
2021-11-08,51523,131310,45184419,2464103
2021-11-09,45407,144240,45229826,2608343
2021-11-10,42594,156388,45272420,2764731
2021-11-11,44927,155191,45317347,2919922
2021-11-12,46304,158725,45363651,3078647
2021-11-13,33269,116686,45396920,3195333
2021-11-14,14490,52463,45411410,3247796
2021-11-15,36908,157459,45448318,3405255
2021-11-16,30567,171429,45478885,3576684
2021-11-17,28468,178472,45507353,3755156
2021-11-18,30297,193781,45537650,3948937
2021-11-19,28826,205902,45566476,4154839
2021-11-20,21013,156464,45587489,4311303
2021-11-21,10610,64873,45598099,4376176
2021-11-22,21962,213172,45620061,4589348
2021-11-23,23611,241806,45643672,4831154
2021-11-24,27773,271108,45671445,5102262
2021-11-25,23244,300963,45694689,5403225
2021-11-26,24602,318317,45719291,5721542
2021-11-27,21418,266182,45740709,5987724
2021-11-28,9912,137073,45750621,6124797
2021-11-29,22370,326082,45772991,6450879
2021-11-30,23123,365865,45796114,6816744
2021-12-01,21568,413547,45817682,7230291
2021-12-02,23800,440446,45841482,7670737
2021-12-03,25287,467550,45866769,8138287
2021-12-04,22396,418818,45889165,8557105
2021-12-05,11945,261372,45901110,8818477
2021-12-06,25855,457639,45926965,9276116
2021-12-07,24175,480314,45951140,9756430
2021-12-08,10034,249728,45961174,10006158
2021-12-09,31634,491974,45992808,10498132
2021-12-10,28113,517941,46020921,11016073
2021-12-11,23597,459289,46044518,11475362
2021-12-12,12327,293540,46056845,11768902
2021-12-13,26190,467665,46083035,12236567
2021-12-14,25215,494249,46108250,12730816
2021-12-15,25387,517190,46133637,13248006
2021-12-16,27943,520317,46161580,13768323
2021-12-17,29404,517232,46190984,14285555
2021-12-18,27119,468789,46218103,14754344
2021-12-19,15178,300549,46233281,15054893
2021-12-20,30687,477515,46263968,15532408
2021-12-21,30426,493455,46294394,16025863
2021-12-22,29499,484764,46323893,16510627
2021-12-23,28292,426976,46352185,16937603
2021-12-24,13130,210847,46365315,17148450
2021-12-25,2104,33053,46367419,17181503
2021-12-26,8787,159080,46376206,17340583
2021-12-27,46852,504710,46423058,17845293
2021-12-28,42514,554275,46465572,18399568
2021-12-29,34405,550696,46499977,18950264
2021-12-30,31904,499880,46531881,19450144
2021-12-31,14154,247410,46546035,19697554
2022-01-01,3503,64816,46549538,19762370
2022-01-02,22846,276728,46572384,20039098
2022-01-03,47963,520049,46620347,20559147
2022-01-04,46412,571620,46666759,21130767
2022-01-05,40871,560433,46707630,21691200
2022-01-06,23550,274490,46731180,21965690
2022-01-07,63821,554233,46795001,22519923
2022-01-08,61021,503429,46856022,23023352
2022-01-09,42992,319710,46899014,23343062
2022-01-10,61196,542335,46960210,23885397
2022-01-11,61887,587043,47022097,24472440
2022-01-12,58578,581321,47080675,25053761
2022-01-13,58620,579972,47139295,25633733
2022-01-14,46970,588631,47186265,26222364
2022-01-15,39628,570002,47225893,26792366
2022-01-16,31340,341902,47257233,27134268
2022-01-17,54874,489700,47312107,27623968
2022-01-18,58486,517061,47370593,28141029
2022-01-19,57287,502829,47427880,28643858
2022-01-20,54305,498446,47482185,29142304
2022-01-21,42200,493908,47524385,29636212
2022-01-22,31303,469091,47555688,30105303
2022-01-23,34995,275394,47590683,30380697
2022-01-24,56239,437259,47646922,30817956
2022-01-25,61516,451763,47708438,31269719
2022-01-26,58611,435852,47767049,31705571
2022-01-27,48909,432424,47815958,32137995
2022-01-28,58773,436576,47874731,32574571
2022-01-29,68204,412523,47942935,32987094
2022-01-30,50414,235995,47993349,33223089
2022-01-31,60730,356958,48054079,33580047
2022-02-01,65633,328473,48119712,33908520
2022-02-02,63255,297005,48182967,34205525
2022-02-03,60105,274543,48243072,34480068
2022-02-04,72422,268479,48315494,34748547
2022-02-05,83829,248564,48399323,34997111
2022-02-06,55309,116208,48454632,35113319
2022-02-07,65194,199950,48519826,35313269
2022-02-08,66964,186134,48586790,35499403
2022-02-09,58783,166357,48645573,35665760
2022-02-10,58602,163260,48704175,35829020
2022-02-11,62284,162484,48766459,35991504
2022-02-12,72019,152157,48838478,36143661
2022-02-13,41484,68861,48879962,36212522
2022-02-14,46713,116198,48926675,36328720
2022-02-15,48574,123483,48975249,36452203
2022-02-16,45704,106134,49020953,36558337
2022-02-17,42877,98128,49063830,36656465
2022-02-18,46640,112591,49110470,36769056
2022-02-19,52548,100343,49163018,36869399
2022-02-20,31416,40369,49194434,36909768
2022-02-21,37906,89661,49232340,36999429
2022-02-22,37228,83787,49269568,37083216
2022-02-23,33406,79409,49302974,37162625
2022-02-24,32563,78169,49335537,37240794
2022-02-25,34775,90717,49370312,37331511
2022-02-26,39169,89139,49409481,37420650
2022-02-27,22548,35860,49432029,37456510
2022-02-28,28493,81702,49460522,37538212
2022-03-01,22735,53945,49483257,37592157
2022-03-02,21939,50715,49505196,37642872
2022-03-03,22641,54946,49527837,37697818
2022-03-04,23246,62803,49551083,37760621
2022-03-05,23805,57953,49574888,37818574
2022-03-06,9473,17203,49584361,37835777
2022-03-07,15927,51392,49600288,37887169
2022-03-08,15482,48799,49615770,37935968
2022-03-09,13815,46518,49629585,37982486
2022-03-10,14055,52057,49643640,38034543
2022-03-11,15594,57277,49659234,38091820
2022-03-12,15513,56621,49674747,38148441
2022-03-13,5546,16852,49680293,38165293
2022-03-14,10528,46703,49690821,38211996
2022-03-15,10555,46895,49701376,38258891
2022-03-16,9487,41980,49710863,38300871
2022-03-17,9727,44879,49720590,38345750
2022-03-18,10164,49059,49730754,38394809
2022-03-19,9153,46541,49739907,38441350
2022-03-20,2608,11704,49742515,38453054
2022-03-21,7588,40233,49750103,38493287
2022-03-22,8448,37769,49758551,38531056
2022-03-23,7221,33701,49765772,38564757
2022-03-24,8262,38821,49774034,38603578
2022-03-25,8144,43675,49782178,38647253
2022-03-26,8128,41724,49790306,38688977
2022-03-27,2432,9683,49792738,38698660
2022-03-28,6113,35244,49798851,38733904
2022-03-29,5784,32533,49804635,38766437
2022-03-30,5568,30206,49810203,38796643
2022-03-31,5906,33188,49816109,38829831
2022-04-01,4351,25191,49820460,38855022
2022-04-02,4497,23275,49824957,38878297
2022-04-03,1049,4500,49826006,38882797
2022-04-04,3663,21546,49829669,38904343
2022-04-05,3759,22938,49833428,38927281
2022-04-06,4106,21853,49837534,38949134
2022-04-07,3971,23321,49841505,38972455
2022-04-08,4696,26716,49846201,38999171
2022-04-09,4382,23888,49850583,39023059
2022-04-10,893,4613,49851476,39027672
2022-04-11,3819,22691,49855295,39050363
2022-04-12,3364,21781,49858659,39072144
2022-04-13,3574,21337,49862233,39093481
2022-04-14,3487,23789,49865720,39117270
2022-04-15,3085,20623,49868805,39137893
2022-04-16,2153,11918,49870958,39149811
2022-04-17,63,348,49871021,39150159
2022-04-18,152,650,49871173,39150809
2022-04-19,3500,21988,49874673,39172797
2022-04-20,3513,20250,49878186,39193047
2022-04-21,2848,19793,49881034,39212840
2022-04-22,2927,20717,49883961,39233557
2022-04-23,2648,16222,49886609,39249779
2022-04-24,509,2335,49887118,39252114
2022-04-25,183,1165,49887301,39253279
2022-04-26,2761,17813,49890062,39271092
2022-04-27,2376,15795,49892438,39286887
2022-04-28,2363,15568,49894801,39302455
2022-04-29,2299,14850,49897100,39317305
2022-04-30,2123,11585,49899223,39328890
2022-05-01,113,531,49899336,39329421
2022-05-02,1451,9394,49900787,39338815
2022-05-03,1577,10326,49902364,39349141
2022-05-04,1747,10276,49904111,39359417
2022-05-05,1654,10301,49905765,39369718
2022-05-06,1703,10972,49907468,39380690
2022-05-07,1431,8575,49908899,39389265
2022-05-08,417,1526,49909316,39390791
2022-05-09,1028,8935,49910344,39399726
2022-05-10,1427,9554,49911771,39409280
2022-05-11,1486,10109,49913257,39419389
2022-05-12,1372,10137,49914629,39429526
2022-05-13,1596,10527,49916225,39440053
2022-05-14,1362,8248,49917587,39448301
2022-05-15,336,1138,49917923,39449439
2022-05-16,814,8409,49918737,39457848
2022-05-17,1244,8708,49919981,39466556
2022-05-18,1373,9256,49921354,39475812
2022-05-19,1502,9289,49922856,39485101
2022-05-20,1426,9535,49924282,39494636
2022-05-21,1302,7902,49925584,39502538
2022-05-22,231,1013,49925815,39503551
2022-05-23,830,8274,49926645,39511825
2022-05-24,1073,8674,49927718,39520499
2022-05-25,1372,9460,49929090,39529959
2022-05-26,1198,9480,49930288,39539439
2022-05-27,1234,9917,49931522,39549356
2022-05-28,1205,7890,49932727,39557246
2022-05-29,288,1265,49933015,39558511
2022-05-30,931,8061,49933946,39566572
2022-05-31,1039,8550,49934985,39575122
2022-06-01,896,7657,49935881,39582779
2022-06-02,35,474,49935916,39583253
2022-06-03,819,7334,49936735,39590587
2022-06-04,870,5162,49937605,39595749
2022-06-05,88,586,49937693,39596335
2022-06-06,679,7004,49938372,39603339
2022-06-07,952,7851,49939324,39611190
2022-06-08,981,7907,49940305,39619097
2022-06-09,1037,8418,49941342,39627515
2022-06-10,958,8563,49942300,39636078
2022-06-11,903,6207,49943203,39642285
2022-06-12,140,768,49943343,39643053
2022-06-13,602,6302,49943945,39649355
2022-06-14,833,7906,49944778,39657261
2022-06-15,960,7856,49945738,39665117
2022-06-16,733,7399,49946471,39672516
2022-06-17,723,7248,49947194,39679764
2022-06-18,778,5596,49947972,39685360
2022-06-19,49,521,49948021,39685881
2022-06-20,587,6699,49948608,39692580
2022-06-21,741,7664,49949349,39700244
2022-06-22,779,7313,49950128,39707557
2022-06-23,649,7473,49950777,39715030
2022-06-24,644,7475,49951421,39722505
2022-06-25,836,6533,49952257,39729038
2022-06-26,128,523,49952385,39729561
2022-06-27,534,7126,49952919,39736687
2022-06-28,748,8208,49953667,39744895
2022-06-29,756,7733,49954423,39752628
2022-06-30,748,8145,49955171,39760773
2022-07-01,577,6443,49955748,39767216
2022-07-02,536,4769,49956284,39771985
2022-07-03,49,456,49956333,39772441
2022-07-04,469,6278,49956802,39778719
2022-07-05,631,8122,49957433,39786841
2022-07-06,634,7611,49958067,39794452
2022-07-07,577,8274,49958644,39802726
2022-07-08,677,8086,49959321,39810812
2022-07-09,550,6105,49959871,39816917
2022-07-10,58,533,49959929,39817450
2022-07-11,493,7642,49960422,39825092
2022-07-12,669,9030,49961091,39834122
2022-07-13,645,10066,49961736,39844188
2022-07-14,637,10225,49962373,39854413
2022-07-15,627,10674,49963000,39865087
2022-07-16,526,7215,49963526,39872302
2022-07-17,48,770,49963574,39873072
2022-07-18,496,9377,49964070,39882449
2022-07-19,576,10684,49964646,39893133
2022-07-20,582,11277,49965228,39904410
2022-07-21,633,12094,49965861,39916504
2022-07-22,584,11261,49966445,39927765
2022-07-23,381,6775,49966826,39934540
2022-07-24,76,857,49966902,39935397
2022-07-25,504,9057,49967406,39944454
2022-07-26,522,9768,49967928,39954222
2022-07-27,554,10212,49968482,39964434
2022-07-28,533,10534,49969015,39974968
2022-07-29,510,9467,49969525,39984435
2022-07-30,383,5884,49969908,39990319
2022-07-31,49,764,49969957,39991083
2022-08-01,386,6865,49970343,39997948
2022-08-02,548,7590,49970891,40005538
2022-08-03,512,7182,49971403,40012720
2022-08-04,455,7493,49971858,40020213
2022-08-05,421,6529,49972279,40026742
2022-08-06,300,3613,49972579,40030355
2022-08-07,44,563,49972623,40030918
2022-08-08,403,4890,49973026,40035808
2022-08-09,381,5313,49973407,40041121
2022-08-10,385,4817,49973792,40045938
2022-08-11,370,4804,49974162,40050742
2022-08-12,295,3719,49974457,40054461
2022-08-13,143,1600,49974600,40056061
2022-08-14,9,129,49974609,40056190
2022-08-15,1,26,49974610,40056216
2022-08-16,283,3043,49974893,40059259
2022-08-17,352,3533,49975245,40062792
2022-08-18,394,4160,49975639,40066952
2022-08-19,341,3321,49975980,40070273
2022-08-20,184,1715,49976164,40071988
2022-08-21,24,149,49976188,40072137
2022-08-22,331,2952,49976519,40075089
2022-08-23,370,3674,49976889,40078763
2022-08-24,384,3360,49977273,40082123
2022-08-25,424,3773,49977697,40085896
2022-08-26,399,3585,49978096,40089481
2022-08-27,237,1770,49978333,40091251
2022-08-28,29,267,49978362,40091518
2022-08-29,354,3161,49978716,40094679
2022-08-30,406,3672,49979122,40098351
2022-08-31,438,3734,49979560,40102085
2022-09-01,353,3117,49979913,40105202
2022-09-02,297,2894,49980210,40108096
2022-09-03,200,1692,49980410,40109788
2022-09-04,24,149,49980434,40109937
2022-09-05,187,2656,49980621,40112593
2022-09-06,307,2985,49980928,40115578
2022-09-07,542,2937,49981470,40118515
2022-09-08,293,2964,49981763,40121479
2022-09-09,308,2886,49982071,40124365
2022-09-10,228,1327,49982299,40125692
2022-09-11,23,124,49982322,40125816
2022-09-12,267,2269,49982589,40128085
2022-09-13,253,2279,49982842,40130364
2022-09-14,266,2566,49983108,40132930
2022-09-15,284,2501,49983392,40135431
2022-09-16,255,2542,49983647,40137973
2022-09-17,239,1339,49983886,40139312
2022-09-18,20,170,49983906,40139482
2022-09-19,206,1971,49984112,40141453
2022-09-20,237,2392,49984349,40143845
2022-09-21,289,2526,49984638,40146371
2022-09-22,267,2663,49984905,40149034
2022-09-23,261,2546,49985166,40151580
2022-09-24,193,1427,49985359,40153007
2022-09-25,29,133,49985388,40153140
2022-09-26,281,2249,49985669,40155389
2022-09-27,287,2680,49985956,40158069
2022-09-28,310,2905,49986266,40160974
2022-09-29,257,3050,49986523,40164024
2022-09-30,292,2987,49986815,40167011
2022-10-01,195,1515,49987010,40168526
2022-10-02,12,187,49987022,40168713
2022-10-03,186,2475,49987208,40171188
2022-10-04,236,2861,49987444,40174049
2022-10-05,233,3254,49987677,40177303
2022-10-06,244,3872,49987921,40181175
2022-10-07,283,4185,49988204,40185360
2022-10-08,206,2268,49988410,40187628
2022-10-09,8,305,49988418,40187933
2022-10-10,214,3348,49988632,40191281
2022-10-11,195,4378,49988827,40195659
2022-10-12,211,4436,49989038,40200095
2022-10-13,207,5299,49989245,40205394
2022-10-14,233,5006,49989478,40210400
2022-10-15,191,2669,49989669,40213069
2022-10-16,6,360,49989675,40213429
2022-10-17,187,3873,49989862,40217302
2022-10-18,257,4959,49990119,40222261
2022-10-19,245,5477,49990364,40227738
2022-10-20,225,5995,49990589,40233733
2022-10-21,257,5475,49990846,40239208
2022-10-22,195,2911,49991041,40242119
2022-10-23,13,364,49991054,40242483
2022-10-24,171,3929,49991225,40246412
2022-10-25,256,4925,49991481,40251337
2022-10-26,350,5504,49991831,40256841
2022-10-27,240,5675,49992071,40262516
2022-10-28,199,5265,49992270,40267781
2022-10-29,128,2844,49992398,40270625
2022-10-30,3,328,49992401,40270953
2022-10-31,118,3039,49992519,40273992
2022-11-01,11,353,49992530,40274345
2022-11-02,146,3721,49992676,40278066
2022-11-03,172,4788,49992848,40282854
2022-11-04,228,4601,49993076,40287455
2022-11-05,145,2598,49993221,40290053
2022-11-06,10,261,49993231,40290314
2022-11-07,169,3227,49993400,40293541
2022-11-08,261,4254,49993661,40297795
2022-11-09,202,4335,49993863,40302130
2022-11-10,184,4599,49994047,40306729
2022-11-11,194,4231,49994241,40310960
2022-11-12,161,2378,49994402,40313338
2022-11-13,7,338,49994409,40313676
2022-11-14,150,2836,49994559,40316512
2022-11-15,204,3748,49994763,40320260
2022-11-16,217,4000,49994980,40324260
2022-11-17,194,4110,49995174,40328370
2022-11-18,248,4041,49995422,40332411
2022-11-19,112,2087,49995534,40334498
2022-11-20,24,317,49995558,40334815
2022-11-21,119,2621,49995677,40337436
2022-11-22,142,3222,49995819,40340658
2022-11-23,191,3628,49996010,40344286
2022-11-24,158,3846,49996168,40348132
2022-11-25,184,3781,49996352,40351913
2022-11-26,134,2094,49996486,40354007
2022-11-27,22,356,49996508,40354363
2022-11-28,182,2691,49996690,40357054
2022-11-29,257,3231,49996947,40360285
2022-11-30,183,3736,49997130,40364021
2022-12-01,151,3630,49997281,40367651
2022-12-02,162,3529,49997443,40371180
2022-12-03,106,1997,49997549,40373177
2022-12-04,5,290,49997554,40373467
2022-12-05,129,2856,49997683,40376323
2022-12-06,177,3656,49997860,40379979
2022-12-07,136,3128,49997996,40383107
2022-12-08,8,168,49998004,40383275
2022-12-09,165,3035,49998169,40386310
2022-12-10,71,1602,49998240,40387912
2022-12-11,7,193,49998247,40388105
2022-12-12,172,2534,49998419,40390639
2022-12-13,251,3050,49998670,40393689
2022-12-14,232,3237,49998902,40396926
2022-12-15,207,3289,49999109,40400215
2022-12-16,161,3213,49999270,40403428
2022-12-17,95,1692,49999365,40405120
2022-12-18,10,270,49999375,40405390
2022-12-19,149,2164,49999524,40407554
2022-12-20,213,2523,49999737,40410077
2022-12-21,159,2250,49999896,40412327
2022-12-22,140,1872,50000036,40414199
2022-12-23,153,1219,50000189,40415418
2022-12-24,32,161,50000221,40415579
2022-12-25,0,6,50000221,40415585
2022-12-26,6,42,50000227,40415627
2022-12-27,133,1552,50000360,40417179
2022-12-28,138,1778,50000498,40418957
2022-12-29,93,1705,50000591,40420662
2022-12-30,116,1612,50000707,40422274
2022-12-31,21,273,50000728,40422547
2023-01-01,0,6,50000728,40422553
2023-01-02,48,1125,50000776,40423678
2023-01-03,98,1899,50000874,40425577
2023-01-04,111,2008,50000985,40427585
2023-01-05,99,1904,50001084,40429489
2023-01-06,0,69,50001084,40429558
2023-01-07,51,686,50001135,40430244
2023-01-08,2,97,50001137,40430341
2023-01-09,129,1424,50001266,40431765
2023-01-10,126,1775,50001392,40433540
2023-01-11,116,1759,50001508,40435299
2023-01-12,113,1981,50001621,40437280
2023-01-13,106,1867,50001727,40439147
2023-01-14,63,935,50001790,40440082
2023-01-15,1,64,50001791,40440146
2023-01-16,36,1124,50001827,40441270
2023-01-17,107,1276,50001934,40442546
2023-01-18,78,1327,50002012,40443873