data_somministrazione,vaccinazioni,booster,cum_vaccinazioni,cum_booster
2020-12-27,22,0,22,0
2020-12-28,2,0,24,0
2020-12-29,1,0,25,0
2020-12-30,8,0,33,0
2020-12-31,84,0,117,0
2021-01-01,27,0,144,0
2021-01-02,154,0,298,0
2021-01-03,118,0,416,0
2021-01-04,251,0,667,0
2021-01-05,296,0,963,0
2021-01-06,268,0,1231,0
2021-01-07,337,0,1568,0
2021-01-08,392,0,1960,0
2021-01-09,299,0,2259,0
2021-01-10,179,0,2438,0
2021-01-11,316,0,2754,0
2021-01-12,295,0,3049,0
2021-01-13,429,0,3478,0
2021-01-14,510,0,3988,0
2021-01-15,330,0,4318,0
2021-01-16,226,0,4544,0
2021-01-17,3065,0,7609,0
2021-01-18,5223,0,12832,0
2021-01-19,1897,0,14729,0
2021-01-20,4660,0,19389,0
2021-01-21,20002,0,39391,0
2021-01-22,14219,0,53610,0
2021-01-23,33314,0,86924,0
2021-01-24,30771,0,117695,0
2021-01-25,64692,0,182387,0
2021-01-26,76449,0,258836,0
2021-01-27,64801,0,323637,0
2021-01-28,89235,0,412872,0
2021-01-29,93984,0,506856,0
2021-01-30,86533,0,593389,0
2021-01-31,57315,0,650704,0
2021-02-01,81827,0,732531,0
2021-02-02,82126,0,814657,0
2021-02-03,91096,0,905753,0
2021-02-04,95378,0,1001131,0
2021-02-05,90265,0,1091396,0
2021-02-06,63451,0,1154847,0
2021-02-07,32935,0,1187782,0
2021-02-08,40418,0,1228200,0
2021-02-09,32882,0,1261082,0
2021-02-10,28443,0,1289525,0
2021-02-11,20412,0,1309937,0
2021-02-12,16255,0,1326192,0
2021-02-13,7287,0,1333479,0
2021-02-14,2862,0,1336341,0
2021-02-15,6852,0,1343193,0
2021-02-16,7010,0,1350203,0
2021-02-17,10528,0,1360731,0
2021-02-18,9261,0,1369992,0
2021-02-19,8259,0,1378251,0
2021-02-20,5593,0,1383844,0
2021-02-21,3020,0,1386864,0
2021-02-22,6887,0,1393751,0
2021-02-23,7191,0,1400942,0
2021-02-24,9817,0,1410759,0
2021-02-25,14219,0,1424978,0
2021-02-26,17563,0,1442541,0
2021-02-27,13931,0,1456472,0
2021-02-28,9400,0,1465872,0
2021-03-01,26535,0,1492407,0
2021-03-02,33247,0,1525654,0
2021-03-03,44656,0,1570310,0
2021-03-04,50303,0,1620613,0
2021-03-05,55748,0,1676361,0
2021-03-06,41886,0,1718247,0
2021-03-07,22334,0,1740581,0
2021-03-08,50839,0,1791420,0
2021-03-09,53097,0,1844517,0
2021-03-10,58703,0,1903220,0
2021-03-11,63901,0,1967121,0
2021-03-12,65153,0,2032274,0
2021-03-13,51733,0,2084007,0
2021-03-14,35431,0,2119438,0
2021-03-15,73466,0,2192904,0
2021-03-16,74031,0,2266935,0
2021-03-17,83154,0,2350089,0
2021-03-18,81631,0,2431720,0
2021-03-19,81092,0,2512812,0
2021-03-20,64750,0,2577562,0
2021-03-21,47316,0,2624878,0
2021-03-22,69508,0,2694386,0
2021-03-23,75827,0,2770213,0
2021-03-24,90946,0,2861159,0
2021-03-25,89834,0,2950993,0
2021-03-26,83652,0,3034645,0
2021-03-27,71965,0,3106610,0
2021-03-28,44196,0,3150806,0
2021-03-29,70854,0,3221660,0
2021-03-30,81425,0,3303085,0
2021-03-31,96273,0,3399358,0
2021-04-01,95344,0,3494702,0
2021-04-02,84091,0,3578793,0
2021-04-03,64315,0,3643108,0
2021-04-04,21727,0,3664835,0
2021-04-05,40329,0,3705164,0
2021-04-06,81362,0,3786526,0
2021-04-07,95852,0,3882378,0
2021-04-08,95271,0,3977649,0
2021-04-09,88510,0,4066159,0
2021-04-10,74044,0,4140203,0
2021-04-11,44770,0,4184973,0
2021-04-12,66928,0,4251901,0
2021-04-13,72606,0,4324507,0
2021-04-14,85562,0,4410069,0
2021-04-15,105429,0,4515498,0
2021-04-16,106444,0,4621942,0
2021-04-17,90539,0,4712481,0
2021-04-18,58600,0,4771081,0
2021-04-19,93449,0,4864530,0
2021-04-20,103785,0,4968315,0
2021-04-21,125345,0,5093660,0
2021-04-22,143540,0,5237200,0
2021-04-23,138769,0,5375969,0
2021-04-24,124457,0,5500426,0
2021-04-25,61473,0,5561899,0
2021-04-26,97921,0,5659820,0
2021-04-27,128387,0,5788207,0
2021-04-28,156410,0,5944617,0
2021-04-29,195630,0,6140247,0
2021-04-30,214626,0,6354873,0
2021-05-01,174153,0,6529026,0
2021-05-02,135823,0,6664849,0
2021-05-03,142093,0,6806942,0
2021-05-04,158727,0,6965669,0
2021-05-05,170559,0,7136228,0
2021-05-06,197840,0,7334068,0
2021-05-07,211995,0,7546063,0
2021-05-08,213456,0,7759519,0
2021-05-09,143230,0,7902749,0
2021-05-10,165110,0,8067859,0
2021-05-11,175019,0,8242878,0
2021-05-12,179246,0,8422124,0
2021-05-13,203447,0,8625571,0
2021-05-14,222962,0,8848533,0
2021-05-15,210401,0,9058934,0
2021-05-16,159303,0,9218237,0
2021-05-17,218866,0,9437103,0
2021-05-18,213033,0,9650136,0
2021-05-19,207106,0,9857242,0
2021-05-20,270924,0,10128166,0
2021-05-21,270920,0,10399086,0
2021-05-22,245550,0,10644636,0
2021-05-23,197199,0,10841835,0
2021-05-24,228327,0,11070162,0
2021-05-25,245701,0,11315863,0
2021-05-26,277577,0,11593440,0
2021-05-27,311113,0,11904553,0
2021-05-28,299399,0,12203952,0
2021-05-29,231267,0,12435219,0
2021-05-30,170862,0,12606081,0
2021-05-31,216451,0,12822532,0
2021-06-01,207648,0,13030180,0
2021-06-02,115817,0,13145997,0
2021-06-03,180199,0,13326196,0
2021-06-04,184950,0,13511146,0
2021-06-05,186032,0,13697178,0
2021-06-06,139614,0,13836792,0
2021-06-07,161932,0,13998724,0
2021-06-08,171326,0,14170050,0
2021-06-09,171550,0,14341600,0
2021-06-10,174196,0,14515796,0
2021-06-11,170079,0,14685875,0
2021-06-12,128429,0,14814304,0
2021-06-13,91270,0,14905574,0
2021-06-14,214726,0,15120300,0
2021-06-15,228483,0,15348783,0
2021-06-16,253131,0,15601914,0
2021-06-17,301810,0,15903724,0
2021-06-18,306369,0,16210093,0
2021-06-19,275161,0,16485254,0
2021-06-20,220840,0,16706094,0
2021-06-21,288132,0,16994226,0
2021-06-22,296284,0,17290510,0
2021-06-23,302729,0,17593239,0
2021-06-24,332637,0,17925876,0
2021-06-25,348749,0,18274625,0
2021-06-26,300160,0,18574785,0
2021-06-27,228723,0,18803508,0
2021-06-28,307180,0,19110688,0
2021-06-29,329374,0,19440062,0
2021-06-30,342248,0,19782310,0
2021-07-01,363272,0,20145582,0
2021-07-02,368525,0,20514107,0
2021-07-03,371112,0,20885219,0
2021-07-04,283260,0,21168479,0
2021-07-05,384574,0,21553053,0
2021-07-06,385501,0,21938554,0
2021-07-07,412149,0,22350703,0
2021-07-08,478970,0,22829673,0
2021-07-09,498452,0,23328125,0
2021-07-10,475169,0,23803294,0
2021-07-11,357683,0,24160977,0
2021-07-12,485868,0,24646845,0
2021-07-13,492048,0,25138893,0
2021-07-14,480426,0,25619319,0
2021-07-15,523397,0,26142716,0
2021-07-16,509730,0,26652446,0
2021-07-17,464307,0,27116753,0
2021-07-18,364616,0,27481369,0
2021-07-19,463026,0,27944395,0
2021-07-20,458027,0,28402422,0
2021-07-21,462783,0,28865205,0
2021-07-22,475368,0,29340573,0
2021-07-23,441315,0,29781888,0
2021-07-24,386141,0,30168029,0
2021-07-25,287526,0,30455555,0
2021-07-26,430880,0,30886435,0
2021-07-27,440101,0,31326536,0
2021-07-28,391006,0,31717542,0
2021-07-29,371878,0,32089420,0
2021-07-30,341534,0,32430954,0
2021-07-31,287051,0,32718005,0
2021-08-01,190994,0,32908999,0
2021-08-02,333705,0,33242704,0
2021-08-03,323183,0,33565887,0
2021-08-04,311005,0,33876892,0
2021-08-05,292474,0,34169366,0
2021-08-06,260046,0,34429412,0
2021-08-07,199078,0,34628490,0
2021-08-08,153109,0,34781599,0
2021-08-09,234084,0,35015683,0
2021-08-10,205296,0,35220979,0
2021-08-11,193802,0,35414781,0
2021-08-12,168084,0,35582865,0
2021-08-13,148689,0,35731554,0
2021-08-14,66111,0,35797665,0
2021-08-15,26346,0,35824011,0
2021-08-16,114727,0,35938738,0
2021-08-17,129264,0,36068002,0
2021-08-18,128767,0,36196769,0
2021-08-19,124869,0,36321638,0
2021-08-20,123803,0,36445441,0
2021-08-21,83139,0,36528580,0
2021-08-22,68183,0,36596763,0
2021-08-23,176860,0,36773623,0
2021-08-24,156889,0,36930512,0
2021-08-25,177167,0,37107679,0
2021-08-26,172343,0,37280022,0
2021-08-27,185827,0,37465849,0
2021-08-28,140291,0,37606140,0
2021-08-29,98998,0,37705138,0
2021-08-30,209579,0,37914717,0
2021-08-31,194634,0,38109351,0
2021-09-01,192215,0,38301566,0
2021-09-02,189931,0,38491497,0
2021-09-03,191266,0,38682763,0
2021-09-04,131425,0,38814188,0
2021-09-05,87839,0,38902027,0
2021-09-06,193585,0,39095612,0
2021-09-07,196029,0,39291641,0
2021-09-08,187846,0,39479487,0
2021-09-09,201411,0,39680898,0
2021-09-10,198034,0,39878932,0
2021-09-11,141283,0,40020215,0
2021-09-12,89587,0,40109802,0
2021-09-13,191082,682,40300884,682
2021-09-14,177201,674,40478085,1356
2021-09-15,163079,666,40641164,2022
2021-09-16,160034,1028,40801198,3050
2021-09-17,150161,1186,40951359,4236
2021-09-18,127986,789,41079345,5025
2021-09-19,81139,516,41160484,5541
2021-09-20,180061,9150,41340545,14691
2021-09-21,166678,8872,41507223,23563
2021-09-22,159133,9472,41666356,33035
2021-09-23,138121,9366,41804477,42401
2021-09-24,140557,9026,41945034,51427
2021-09-25,119567,5686,42064601,57113
2021-09-26,72001,4371,42136602,61484
2021-09-27,135672,10100,42272274,71584
2021-09-28,117524,11442,42389798,83026
2021-09-29,112388,11860,42502186,94886
2021-09-30,110302,14994,42612488,109880
2021-10-01,95011,19146,42707499,129026
2021-10-02,78533,14049,42786032,143075
2021-10-03,47761,7673,42833793,150748
2021-10-04,88392,34500,42922185,185248
2021-10-05,80393,34026,43002578,219274
2021-10-06,72001,34229,43074579,253503
2021-10-07,71884,34386,43146463,287889
2021-10-08,80647,33636,43227110,321525
2021-10-09,76120,22204,43303230,343729
2021-10-10,45796,13633,43349026,357362
2021-10-11,87456,41141,43436482,398503
2021-10-12,84516,46948,43520998,445451
2021-10-13,88229,52179,43609227,497630
2021-10-14,91560,58567,43700787,556197
2021-10-15,93600,55697,43794387,611894
2021-10-16,82975,36839,43877362,648733
2021-10-17,51461,23868,43928823,672601
2021-10-18,90302,59540,44019125,732141
2021-10-19,78355,69430,44097480,801571
2021-10-20,75059,78227,44172539,879798
2021-10-21,78283,81836,44250822,961634
2021-10-22,73768,77095,44324590,1038729
2021-10-23,60839,51978,44385429,1090707
2021-10-24,33365,23487,44418794,1114194
2021-10-25,64904,81678,44483698,1195872
2021-10-26,58369,91854,44542067,1287726
2021-10-27,58317,104048,44600384,1391774
2021-10-28,61443,114178,44661827,1505952
2021-10-29,61619,103209,44723446,1609161
2021-10-30,50670,68165,44774116,1677326
2021-10-31,25157,28315,44799273,1705641
2021-11-01,19050,28161,44818323,1733802
2021-11-02,62738,89453,44881061,1823255
2021-11-03,60712,118721,44941773,1941976
2021-11-04,59237,126719,45001010,2068695
2021-11-05,63092,135240,45064102,2203935
2021-11-06,46494,90948,45110596,2294883
2021-11-07,22247,37909,45132843,2332792
2021-11-08,51522,131311,45184365,2464103
2021-11-09,45407,144240,45229772,2608343
2021-11-10,42594,156388,45272366,2764731
2021-11-11,44927,155191,45317293,2919922
2021-11-12,46304,158725,45363597,3078647
2021-11-13,33269,116686,45396866,3195333
2021-11-14,14490,52463,45411356,3247796
2021-11-15,36908,157459,45448264,3405255
2021-11-16,30567,171429,45478831,3576684
2021-11-17,28468,178472,45507299,3755156
2021-11-18,30297,193781,45537596,3948937
2021-11-19,28826,205902,45566422,4154839
2021-11-20,21014,156463,45587436,4311302
2021-11-21,10610,64873,45598046,4376175
2021-11-22,21962,213171,45620008,4589346
2021-11-23,23610,241806,45643618,4831152
2021-11-24,27772,271108,45671390,5102260
2021-11-25,23243,300963,45694633,5403223
2021-11-26,24603,318316,45719236,5721539
2021-11-27,21419,266181,45740655,5987720
2021-11-28,9911,137073,45750566,6124793
2021-11-29,22371,326081,45772937,6450874
2021-11-30,23123,365865,45796060,6816739
2021-12-01,21567,413547,45817627,7230286
2021-12-02,23800,440445,45841427,7670731
2021-12-03,25286,467549,45866713,8138280
2021-12-04,22396,418818,45889109,8557098
2021-12-05,11945,261372,45901054,8818470
2021-12-06,25855,457639,45926909,9276109
2021-12-07,24175,480314,45951084,9756423
2021-12-08,10034,249727,45961118,10006150
2021-12-09,31635,491973,45992753,10498123
2021-12-10,28113,517941,46020866,11016064
2021-12-11,23596,459290,46044462,11475354
2021-12-12,12327,293540,46056789,11768894
2021-12-13,26188,467666,46082977,12236560
2021-12-14,25214,494249,46108191,12730809
2021-12-15,25387,517190,46133578,13247999
2021-12-16,27944,520315,46161522,13768314
2021-12-17,29403,517233,46190925,14285547
2021-12-18,27119,468789,46218044,14754336
2021-12-19,15178,300549,46233222,15054885
2021-12-20,30688,477512,46263910,15532397
2021-12-21,30426,493455,46294336,16025852
2021-12-22,29500,484763,46323836,16510615
2021-12-23,28292,426976,46352128,16937591
2021-12-24,13131,210846,46365259,17148437
2021-12-25,2104,33053,46367363,17181490
2021-12-26,8787,159080,46376150,17340570
2021-12-27,46853,504708,46423003,17845278
2021-12-28,42514,554275,46465517,18399553
2021-12-29,34405,550695,46499922,18950248
2021-12-30,31904,499879,46531826,19450127
2021-12-31,14154,247410,46545980,19697537
2022-01-01,3503,64816,46549483,19762353
2022-01-02,22846,276728,46572329,20039081
2022-01-03,47963,520049,46620292,20559130
2022-01-04,46498,572110,46666790,21131240
2022-01-05,40871,560433,46707661,21691673
2022-01-06,23550,274490,46731211,21966163
2022-01-07,63821,554233,46795032,22520396
2022-01-08,61020,503429,46856052,23023825
2022-01-09,42991,319710,46899043,23343535
2022-01-10,61196,542334,46960239,23885869
2022-01-11,61887,587043,47022126,24472912
2022-01-12,58577,581321,47080703,25054233
2022-01-13,58620,579972,47139323,25634205
2022-01-14,46969,588631,47186292,26222836
2022-01-15,39627,570003,47225919,26792839
2022-01-16,31339,341903,47257258,27134742
2022-01-17,54872,489701,47312130,27624443
2022-01-18,58485,517061,47370615,28141504
2022-01-19,57286,502828,47427901,28644332
2022-01-20,54303,498446,47482204,29142778
2022-01-21,42199,493908,47524403,29636686
2022-01-22,31304,469090,47555707,30105776
2022-01-23,34993,275394,47590700,30381170
2022-01-24,56239,437259,47646939,30818429
2022-01-25,61516,451763,47708455,31270192
2022-01-26,58610,435852,47767065,31706044
2022-01-27,48908,432424,47815973,32138468
2022-01-28,58773,436575,47874746,32575043
2022-01-29,68204,412523,47942950,32987566
2022-01-30,50414,235995,47993364,33223561
2022-01-31,60730,356958,48054094,33580519
2022-02-01,65632,328473,48119726,33908992
2022-02-02,63254,297005,48182980,34205997
2022-02-03,60105,274543,48243085,34480540
2022-02-04,72421,268479,48315506,34749019
2022-02-05,83829,248563,48399335,34997582
2022-02-06,55309,116208,48454644,35113790
2022-02-07,65194,199950,48519838,35313740
2022-02-08,66962,186135,48586800,35499875
2022-02-09,58783,166357,48645583,35666232
2022-02-10,58602,163260,48704185,35829492
2022-02-11,62283,162484,48766468,35991976
2022-02-12,72019,152157,48838487,36144133
2022-02-13,41484,68861,48879971,36212994
2022-02-14,46714,116196,48926685,36329190
2022-02-15,48574,123483,48975259,36452673
2022-02-16,45704,106134,49020963,36558807
2022-02-17,42877,98128,49063840,36656935
2022-02-18,46639,112591,49110479,36769526
2022-02-19,52549,100342,49163028,36869868
2022-02-20,31416,40369,49194444,36910237
2022-02-21,37906,89661,49232350,36999898
2022-02-22,37228,83787,49269578,37083685
2022-02-23,33406,79409,49302984,37163094
2022-02-24,32563,78169,49335547,37241263
2022-02-25,34775,90717,49370322,37331980
2022-02-26,39168,89139,49409490,37421119
2022-02-27,22548,35860,49432038,37456979
2022-02-28,28493,81702,49460531,37538681
2022-03-01,22735,53944,49483266,37592625
2022-03-02,21939,50715,49505205,37643340
2022-03-03,22641,54946,49527846,37698286
2022-03-04,23246,62803,49551092,37761089
2022-03-05,23805,57953,49574897,37819042
2022-03-06,9473,17203,49584370,37836245
2022-03-07,15927,51392,49600297,37887637
2022-03-08,15482,48799,49615779,37936436
2022-03-09,13815,46518,49629594,37982954
2022-03-10,14055,52056,49643649,38035010
2022-03-11,15594,57277,49659243,38092287
2022-03-12,15513,56621,49674756,38148908
2022-03-13,5546,16852,49680302,38165760
2022-03-14,10528,46703,49690830,38212463
2022-03-15,10555,46895,49701385,38259358
2022-03-16,9487,41980,49710872,38301338
2022-03-17,9727,44878,49720599,38346216
2022-03-18,10164,49059,49730763,38395275
2022-03-19,9153,46541,49739916,38441816
2022-03-20,2608,11704,49742524,38453520
2022-03-21,7588,40233,49750112,38493753
2022-03-22,8448,37769,49758560,38531522
2022-03-23,7221,33701,49765781,38565223
2022-03-24,8262,38821,49774043,38604044
2022-03-25,8144,43675,49782187,38647719
2022-03-26,8128,41724,49790315,38689443
2022-03-27,2432,9683,49792747,38699126
2022-03-28,6113,35244,49798860,38734370
2022-03-29,5784,32533,49804644,38766903
2022-03-30,5568,30206,49810212,38797109
2022-03-31,5906,33188,49816118,38830297
2022-04-01,4351,25191,49820469,38855488
2022-04-02,4497,23275,49824966,38878763
2022-04-03,1049,4500,49826015,38883263
2022-04-04,3663,21546,49829678,38904809
2022-04-05,3759,22938,49833437,38927747
2022-04-06,4106,21853,49837543,38949600
2022-04-07,3971,23321,49841514,38972921
2022-04-08,4696,26716,49846210,38999637
2022-04-09,4382,23888,49850592,39023525
2022-04-10,893,4613,49851485,39028138
2022-04-11,3819,22691,49855304,39050829
2022-04-12,3364,21781,49858668,39072610
2022-04-13,3574,21337,49862242,39093947
2022-04-14,3487,23789,49865729,39117736
2022-04-15,3085,20623,49868814,39138359
2022-04-16,2153,11918,49870967,39150277
2022-04-17,63,348,49871030,39150625
2022-04-18,152,650,49871182,39151275
2022-04-19,3500,21988,49874682,39173263
2022-04-20,3513,20250,49878195,39193513
2022-04-21,2848,19793,49881043,39213306
2022-04-22,2927,20717,49883970,39234023
2022-04-23,2648,16222,49886618,39250245
2022-04-24,509,2335,49887127,39252580
2022-04-25,183,1165,49887310,39253745
2022-04-26,2761,17813,49890071,39271558
2022-04-27,2375,15795,49892446,39287353
2022-04-28,2363,15568,49894809,39302921
2022-04-29,2299,14850,49897108,39317771
2022-04-30,2123,11585,49899231,39329356
2022-05-01,113,531,49899344,39329887
2022-05-02,1451,9394,49900795,39339281
2022-05-03,1577,10326,49902372,39349607
2022-05-04,1747,10276,49904119,39359883
2022-05-05,1654,10301,49905773,39370184
2022-05-06,1703,10972,49907476,39381156
2022-05-07,1431,8575,49908907,39389731
2022-05-08,417,1526,49909324,39391257
2022-05-09,1028,8935,49910352,39400192
2022-05-10,1427,9554,49911779,39409746
2022-05-11,1486,10109,49913265,39419855
2022-05-12,1372,10137,49914637,39429992
2022-05-13,1596,10527,49916233,39440519
2022-05-14,1361,8248,49917594,39448767
2022-05-15,336,1138,49917930,39449905
2022-05-16,814,8409,49918744,39458314
2022-05-17,1244,8708,49919988,39467022
2022-05-18,1373,9256,49921361,39476278
2022-05-19,1502,9289,49922863,39485567
2022-05-20,1426,9535,49924289,39495102
2022-05-21,1302,7902,49925591,39503004
2022-05-22,231,1013,49925822,39504017
2022-05-23,830,8274,49926652,39512291
2022-05-24,1073,8674,49927725,39520965
2022-05-25,1372,9460,49929097,39530425
2022-05-26,1198,9480,49930295,39539905
2022-05-27,1234,9917,49931529,39549822
2022-05-28,1205,7890,49932734,39557712
2022-05-29,288,1265,49933022,39558977
2022-05-30,931,8060,49933953,39567037
2022-05-31,1039,8549,49934992,39575586
2022-06-01,896,7657,49935888,39583243
2022-06-02,35,474,49935923,39583717
2022-06-03,819,7334,49936742,39591051
2022-06-04,870,5162,49937612,39596213
2022-06-05,88,586,49937700,39596799
2022-06-06,679,7004,49938379,39603803
2022-06-07,952,7851,49939331,39611654
2022-06-08,981,7906,49940312,39619560
2022-06-09,1037,8418,49941349,39627978
2022-06-10,958,8563,49942307,39636541
2022-06-11,903,6207,49943210,39642748
2022-06-12,140,768,49943350,39643516
2022-06-13,602,6302,49943952,39649818
2022-06-14,832,7906,49944784,39657724
2022-06-15,960,7856,49945744,39665580
2022-06-16,733,7399,49946477,39672979
2022-06-17,723,7248,49947200,39680227
2022-06-18,778,5596,49947978,39685823
2022-06-19,49,521,49948027,39686344
2022-06-20,587,6699,49948614,39693043
2022-06-21,741,7664,49949355,39700707
2022-06-22,779,7313,49950134,39708020
2022-06-23,649,7473,49950783,39715493
2022-06-24,644,7475,49951427,39722968
2022-06-25,836,6533,49952263,39729501
2022-06-26,128,523,49952391,39730024
2022-06-27,534,7126,49952925,39737150
2022-06-28,748,8208,49953673,39745358
2022-06-29,756,7733,49954429,39753091
2022-06-30,748,8145,49955177,39761236
2022-07-01,577,6443,49955754,39767679
2022-07-02,536,4769,49956290,39772448
2022-07-03,49,456,49956339,39772904
2022-07-04,469,6278,49956808,39779182
2022-07-05,631,8122,49957439,39787304
2022-07-06,634,7611,49958073,39794915
2022-07-07,576,8274,49958649,39803189
2022-07-08,677,8086,49959326,39811275
2022-07-09,550,6105,49959876,39817380
2022-07-10,58,533,49959934,39817913
2022-07-11,493,7642,49960427,39825555
2022-07-12,669,9030,49961096,39834585
2022-07-13,645,10066,49961741,39844651
2022-07-14,637,10225,49962378,39854876
2022-07-15,627,10674,49963005,39865550
2022-07-16,526,7215,49963531,39872765
2022-07-17,48,770,49963579,39873535
2022-07-18,496,9377,49964075,39882912
2022-07-19,576,10684,49964651,39893596
2022-07-20,582,11277,49965233,39904873
2022-07-21,633,12094,49965866,39916967
2022-07-22,584,11261,49966450,39928228
2022-07-23,381,6775,49966831,39935003
2022-07-24,76,857,49966907,39935860
2022-07-25,504,9057,49967411,39944917
2022-07-26,522,9768,49967933,39954685
2022-07-27,554,10212,49968487,39964897
2022-07-28,533,10534,49969020,39975431
2022-07-29,510,9467,49969530,39984898
2022-07-30,383,5884,49969913,39990782
2022-07-31,49,764,49969962,39991546
2022-08-01,386,6865,49970348,39998411
2022-08-02,548,7590,49970896,40006001
2022-08-03,512,7182,49971408,40013183
2022-08-04,455,7493,49971863,40020676
2022-08-05,421,6529,49972284,40027205
2022-08-06,300,3613,49972584,40030818
2022-08-07,44,563,49972628,40031381
2022-08-08,403,4890,49973031,40036271
2022-08-09,381,5313,49973412,40041584
2022-08-10,385,4817,49973797,40046401
2022-08-11,370,4804,49974167,40051205
2022-08-12,295,3719,49974462,40054924
2022-08-13,143,1600,49974605,40056524
2022-08-14,9,129,49974614,40056653
2022-08-15,1,26,49974615,40056679
2022-08-16,283,3043,49974898,40059722
2022-08-17,352,3533,49975250,40063255
2022-08-18,394,4160,49975644,40067415
2022-08-19,341,3321,49975985,40070736
2022-08-20,184,1715,49976169,40072451
2022-08-21,24,149,49976193,40072600
2022-08-22,331,2952,49976524,40075552
2022-08-23,370,3674,49976894,40079226
2022-08-24,384,3360,49977278,40082586
2022-08-25,423,3773,49977701,40086359
2022-08-26,399,3585,49978100,40089944
2022-08-27,237,1770,49978337,40091714
2022-08-28,29,267,49978366,40091981
2022-08-29,354,3161,49978720,40095142
2022-08-30,406,3672,49979126,40098814
2022-08-31,438,3734,49979564,40102548
2022-09-01,353,3117,49979917,40105665
2022-09-02,297,2894,49980214,40108559
2022-09-03,200,1692,49980414,40110251
2022-09-04,24,149,49980438,40110400
2022-09-05,187,2656,49980625,40113056
2022-09-06,307,2985,49980932,40116041
2022-09-07,542,2937,49981474,40118978
2022-09-08,293,2964,49981767,40121942
2022-09-09,308,2886,49982075,40124828
2022-09-10,228,1327,49982303,40126155
2022-09-11,23,124,49982326,40126279
2022-09-12,267,2269,49982593,40128548
2022-09-13,253,2279,49982846,40130827
2022-09-14,266,2566,49983112,40133393
2022-09-15,284,2501,49983396,40135894
2022-09-16,255,2542,49983651,40138436
2022-09-17,239,1339,49983890,40139775
2022-09-18,20,170,49983910,40139945
2022-09-19,206,1971,49984116,40141916
2022-09-20,237,2392,49984353,40144308
2022-09-21,289,2526,49984642,40146834
2022-09-22,267,2663,49984909,40149497
2022-09-23,261,2546,49985170,40152043
2022-09-24,193,1427,49985363,40153470
2022-09-25,29,133,49985392,40153603
2022-09-26,281,2249,49985673,40155852
2022-09-27,287,2680,49985960,40158532
2022-09-28,310,2905,49986270,40161437
2022-09-29,257,3050,49986527,40164487
2022-09-30,292,2987,49986819,40167474
2022-10-01,195,1515,49987014,40168989
2022-10-02,12,187,49987026,40169176
2022-10-03,186,2475,49987212,40171651
2022-10-04,236,2861,49987448,40174512
2022-10-05,233,3254,49987681,40177766
2022-10-06,244,3872,49987925,40181638
2022-10-07,283,4184,49988208,40185822
2022-10-08,206,2268,49988414,40188090
2022-10-09,8,305,49988422,40188395
2022-10-10,214,3348,49988636,40191743
2022-10-11,195,4378,49988831,40196121
2022-10-12,211,4436,49989042,40200557
2022-10-13,207,5299,49989249,40205856
2022-10-14,233,5006,49989482,40210862
2022-10-15,191,2669,49989673,40213531
2022-10-16,6,360,49989679,40213891
2022-10-17,187,3873,49989866,40217764
2022-10-18,257,4959,49990123,40222723
2022-10-19,245,5477,49990368,40228200
2022-10-20,225,5995,49990593,40234195
2022-10-21,257,5475,49990850,40239670
2022-10-22,195,2911,49991045,40242581
2022-10-23,13,364,49991058,40242945
2022-10-24,171,3929,49991229,40246874
2022-10-25,256,4925,49991485,40251799
2022-10-26,350,5504,49991835,40257303
2022-10-27,240,5675,49992075,40262978
2022-10-28,199,5265,49992274,40268243
2022-10-29,128,2844,49992402,40271087
2022-10-30,3,328,49992405,40271415
2022-10-31,118,3039,49992523,40274454
2022-11-01,11,353,49992534,40274807
2022-11-02,146,3721,49992680,40278528
2022-11-03,172,4788,49992852,40283316
2022-11-04,228,4601,49993080,40287917
2022-11-05,145,2598,49993225,40290515
2022-11-06,10,261,49993235,40290776
2022-11-07,169,3227,49993404,40294003
2022-11-08,261,4253,49993665,40298256
2022-11-09,202,4335,49993867,40302591
2022-11-10,184,4599,49994051,40307190
2022-11-11,194,4231,49994245,40311421
2022-11-12,161,2378,49994406,40313799
2022-11-13,7,338,49994413,40314137
2022-11-14,150,2836,49994563,40316973
2022-11-15,204,3748,49994767,40320721
2022-11-16,217,4000,49994984,40324721
2022-11-17,194,4110,49995178,40328831
2022-11-18,248,4041,49995426,40332872
2022-11-19,112,2087,49995538,40334959
2022-11-20,24,317,49995562,40335276
2022-11-21,119,2621,49995681,40337897
2022-11-22,142,3222,49995823,40341119
2022-11-23,191,3628,49996014,40344747
2022-11-24,158,3846,49996172,40348593
2022-11-25,184,3781,49996356,40352374
2022-11-26,134,2094,49996490,40354468
2022-11-27,22,356,49996512,40354824
2022-11-28,182,2691,49996694,40357515
2022-11-29,257,3231,49996951,40360746
2022-11-30,183,3738,49997134,40364484
2022-12-01,151,3630,49997285,40368114
2022-12-02,162,3529,49997447,40371643
2022-12-03,106,1997,49997553,40373640
2022-12-04,5,290,49997558,40373930
2022-12-05,129,2856,49997687,40376786
2022-12-06,177,3656,49997864,40380442
2022-12-07,136,3128,49998000,40383570
2022-12-08,8,168,49998008,40383738
2022-12-09,165,3035,49998173,40386773
2022-12-10,71,1602,49998244,40388375
2022-12-11,7,193,49998251,40388568
2022-12-12,172,2534,49998423,40391102
2022-12-13,251,3050,49998674,40394152
2022-12-14,232,3237,49998906,40397389
2022-12-15,207,3289,49999113,40400678
2022-12-16,161,3213,49999274,40403891
2022-12-17,95,1692,49999369,40405583
2022-12-18,10,270,49999379,40405853
2022-12-19,149,2164,49999528,40408017
2022-12-20,213,2523,49999741,40410540
2022-12-21,159,2250,49999900,40412790
2022-12-22,140,1872,50000040,40414662
2022-12-23,153,1219,50000193,40415881
2022-12-24,32,161,50000225,40416042
2022-12-25,0,6,50000225,40416048
2022-12-26,6,42,50000231,40416090
2022-12-27,133,1552,50000364,40417642
2022-12-28,138,1778,50000502,40419420
2022-12-29,93,1705,50000595,40421125
2022-12-30,116,1612,50000711,40422737
2022-12-31,21,273,50000732,40423010
2023-01-01,0,6,50000732,40423016
2023-01-02,48,1125,50000780,40424141
2023-01-03,98,1899,50000878,40426040
2023-01-04,111,2006,50000989,40428046
2023-01-05,99,1904,50001088,40429950
2023-01-06,0,69,50001088,40430019
2023-01-07,51,686,50001139,40430705
2023-01-08,2,97,50001141,40430802
2023-01-09,129,1422,50001270,40432224
2023-01-10,126,1775,50001396,40433999
2023-01-11,116,1758,50001512,40435757
2023-01-12,113,1977,50001625,40437734
2023-01-13,106,1867,50001731,40439601
2023-01-14,63,934,50001794,40440535
2023-01-15,1,64,50001795,40440599
2023-01-16,36,1124,50001831,40441723
2023-01-17,107,1269,50001938,40442992
2023-01-18,43,642,50001981,40443634