data_somministrazione,vaccinazioni,booster,cum_vaccinazioni,cum_booster
2020-12-27,15,0,15,0
2020-12-28,2,0,17,0
2020-12-29,1,0,18,0
2020-12-30,2,0,20,0
2020-12-31,34,0,54,0
2021-01-01,12,0,66,0
2021-01-02,53,0,119,0
2021-01-03,45,0,164,0
2021-01-04,119,0,283,0
2021-01-05,156,0,439,0
2021-01-06,133,0,572,0
2021-01-07,193,0,765,0
2021-01-08,240,0,1005,0
2021-01-09,168,0,1173,0
2021-01-10,108,0,1281,0
2021-01-11,195,0,1476,0
2021-01-12,200,0,1676,0
2021-01-13,296,0,1972,0
2021-01-14,386,0,2358,0
2021-01-15,228,0,2586,0
2021-01-16,161,0,2747,0
2021-01-17,3046,0,5793,0
2021-01-18,5177,0,10970,0
2021-01-19,1866,0,12836,0
2021-01-20,4648,0,17484,0
2021-01-21,20002,0,37486,0
2021-01-22,14194,0,51680,0
2021-01-23,33351,0,85031,0
2021-01-24,30789,0,115820,0
2021-01-25,64764,0,180584,0
2021-01-26,76534,0,257118,0
2021-01-27,64871,0,321989,0
2021-01-28,89324,0,411313,0
2021-01-29,94070,0,505383,0
2021-01-30,86601,0,591984,0
2021-01-31,57337,0,649321,0
2021-02-01,81880,0,731201,0
2021-02-02,82151,0,813352,0
2021-02-03,91205,0,904557,0
2021-02-04,94509,0,999066,0
2021-02-05,90253,0,1089319,0
2021-02-06,63722,0,1153041,0
2021-02-07,32910,0,1185951,0
2021-02-08,40398,0,1226349,0
2021-02-09,32825,0,1259174,0
2021-02-10,28364,0,1287538,0
2021-02-11,20337,0,1307875,0
2021-02-12,16170,0,1324045,0
2021-02-13,7210,0,1331255,0
2021-02-14,2851,0,1334106,0
2021-02-15,6810,0,1340916,0
2021-02-16,6965,0,1347881,0
2021-02-17,10482,0,1358363,0
2021-02-18,9206,0,1367569,0
2021-02-19,8130,0,1375699,0
2021-02-20,5462,0,1381161,0
2021-02-21,2935,0,1384096,0
2021-02-22,6822,0,1390918,0
2021-02-23,7079,0,1397997,0
2021-02-24,9776,0,1407773,0
2021-02-25,14157,0,1421930,0
2021-02-26,17454,0,1439384,0
2021-02-27,13838,0,1453222,0
2021-02-28,9328,0,1462550,0
2021-03-01,26422,0,1488972,0
2021-03-02,33137,0,1522109,0
2021-03-03,44574,0,1566683,0
2021-03-04,50166,0,1616849,0
2021-03-05,55661,0,1672510,0
2021-03-06,41816,0,1714326,0
2021-03-07,22275,0,1736601,0
2021-03-08,50587,0,1787188,0
2021-03-09,52910,0,1840098,0
2021-03-10,58062,0,1898160,0
2021-03-11,63678,0,1961838,0
2021-03-12,64991,0,2026829,0
2021-03-13,51625,0,2078454,0
2021-03-14,35325,0,2113779,0
2021-03-15,73275,0,2187054,0
2021-03-16,73956,0,2261010,0
2021-03-17,83016,0,2344026,0
2021-03-18,81556,0,2425582,0
2021-03-19,80308,0,2505890,0
2021-03-20,64597,0,2570487,0
2021-03-21,47232,0,2617719,0
2021-03-22,69357,0,2687076,0
2021-03-23,75443,0,2762519,0
2021-03-24,90725,0,2853244,0
2021-03-25,89644,0,2942888,0
2021-03-26,83440,0,3026328,0
2021-03-27,71767,0,3098095,0
2021-03-28,44004,0,3142099,0
2021-03-29,70664,0,3212763,0
2021-03-30,81209,0,3293972,0
2021-03-31,95525,0,3389497,0
2021-04-01,95162,0,3484659,0
2021-04-02,83470,0,3568129,0
2021-04-03,64202,0,3632331,0
2021-04-04,21677,0,3654008,0
2021-04-05,40236,0,3694244,0
2021-04-06,81187,0,3775431,0
2021-04-07,95613,0,3871044,0
2021-04-08,95106,0,3966150,0
2021-04-09,87745,0,4053895,0
2021-04-10,73559,0,4127454,0
2021-04-11,44674,0,4172128,0
2021-04-12,66801,0,4238929,0
2021-04-13,72471,0,4311400,0
2021-04-14,85377,0,4396777,0
2021-04-15,104716,0,4501493,0
2021-04-16,106250,0,4607743,0
2021-04-17,90113,0,4697856,0
2021-04-18,58638,0,4756494,0
2021-04-19,93207,0,4849701,0
2021-04-20,102844,0,4952545,0
2021-04-21,124324,0,5076869,0
2021-04-22,142895,0,5219764,0
2021-04-23,137805,0,5357569,0
2021-04-24,123818,0,5481387,0
2021-04-25,61364,0,5542751,0
2021-04-26,97751,0,5640502,0
2021-04-27,128196,0,5768698,0
2021-04-28,155985,0,5924683,0
2021-04-29,195332,0,6120015,0
2021-04-30,213597,0,6333612,0
2021-05-01,174102,0,6507714,0
2021-05-02,135818,0,6643532,0
2021-05-03,141707,0,6785239,0
2021-05-04,158320,0,6943559,0
2021-05-05,170145,0,7113704,0
2021-05-06,197222,0,7310926,0
2021-05-07,213153,0,7524079,0
2021-05-08,212968,0,7737047,0
2021-05-09,143001,0,7880048,0
2021-05-10,164670,0,8044718,0
2021-05-11,174265,0,8218983,0
2021-05-12,178841,0,8397824,0
2021-05-13,202383,0,8600207,0
2021-05-14,222580,0,8822787,0
2021-05-15,209833,0,9032620,0
2021-05-16,159101,0,9191721,0
2021-05-17,218561,0,9410282,0
2021-05-18,212345,0,9622627,0
2021-05-19,206388,0,9829015,0
2021-05-20,270240,0,10099255,0
2021-05-21,269833,0,10369088,0
2021-05-22,244660,0,10613748,0
2021-05-23,197017,0,10810765,0
2021-05-24,228114,0,11038879,0
2021-05-25,245456,0,11284335,0
2021-05-26,277078,0,11561413,0
2021-05-27,310491,0,11871904,0
2021-05-28,298621,0,12170525,0
2021-05-29,230482,0,12401007,0
2021-05-30,170646,0,12571653,0
2021-05-31,215940,0,12787593,0
2021-06-01,207051,0,12994644,0
2021-06-02,115572,0,13110216,0
2021-06-03,179643,0,13289859,0
2021-06-04,183971,0,13473830,0
2021-06-05,185147,0,13658977,0
2021-06-06,139313,0,13798290,0
2021-06-07,161031,0,13959321,0
2021-06-08,170343,0,14129664,0
2021-06-09,170768,0,14300432,0
2021-06-10,173531,0,14473963,0
2021-06-11,168660,0,14642623,0
2021-06-12,127233,0,14769856,0
2021-06-13,90863,0,14860719,0
2021-06-14,214074,0,15074793,0
2021-06-15,227790,0,15302583,0
2021-06-16,252781,0,15555364,0
2021-06-17,301136,0,15856500,0
2021-06-18,305400,0,16161900,0
2021-06-19,274734,0,16436634,0
2021-06-20,220549,0,16657183,0
2021-06-21,287709,0,16944892,0
2021-06-22,295677,0,17240569,0
2021-06-23,302288,0,17542857,0
2021-06-24,332075,0,17874932,0
2021-06-25,347963,0,18222895,0
2021-06-26,299898,0,18522793,0
2021-06-27,228727,0,18751520,0
2021-06-28,306783,0,19058303,0
2021-06-29,328282,0,19386585,0
2021-06-30,341899,0,19728484,0
2021-07-01,362188,0,20090672,0
2021-07-02,367861,0,20458533,0
2021-07-03,371202,0,20829735,0
2021-07-04,283169,0,21112904,0
2021-07-05,384143,0,21497047,0
2021-07-06,384851,0,21881898,0
2021-07-07,411850,0,22293748,0
2021-07-08,479130,0,22772878,0
2021-07-09,497504,0,23270382,0
2021-07-10,475167,0,23745549,0
2021-07-11,357721,0,24103270,0
2021-07-12,485889,0,24589159,0
2021-07-13,491466,0,25080625,0
2021-07-14,480304,0,25560929,0
2021-07-15,523188,0,26084117,0
2021-07-16,509295,0,26593412,0
2021-07-17,464367,0,27057779,0
2021-07-18,364752,0,27422531,0
2021-07-19,463030,0,27885561,0
2021-07-20,457794,0,28343355,0
2021-07-21,462651,0,28806006,0
2021-07-22,475057,0,29281063,0
2021-07-23,441197,0,29722260,0
2021-07-24,386052,0,30108312,0
2021-07-25,287487,0,30395799,0
2021-07-26,430429,0,30826228,0
2021-07-27,439564,0,31265792,0
2021-07-28,390702,0,31656494,0
2021-07-29,371761,0,32028255,0
2021-07-30,340784,0,32369039,0
2021-07-31,286846,0,32655885,0
2021-08-01,190721,0,32846606,0
2021-08-02,333678,0,33180284,0
2021-08-03,322514,0,33502798,0
2021-08-04,310643,0,33813441,0
2021-08-05,291997,0,34105438,0
2021-08-06,259156,0,34364594,0
2021-08-07,198776,0,34563370,0
2021-08-08,153015,0,34716385,0
2021-08-09,233681,0,34950066,0
2021-08-10,204543,0,35154609,0
2021-08-11,193320,0,35347929,0
2021-08-12,167624,0,35515553,0
2021-08-13,148087,0,35663640,0
2021-08-14,65919,0,35729559,0
2021-08-15,26270,0,35755829,0
2021-08-16,114482,0,35870311,0
2021-08-17,128883,0,35999194,0
2021-08-18,128461,0,36127655,0
2021-08-19,124328,0,36251983,0
2021-08-20,123327,0,36375310,0
2021-08-21,82949,0,36458259,0
2021-08-22,68042,0,36526301,0
2021-08-23,176103,0,36702404,0
2021-08-24,156260,0,36858664,0
2021-08-25,176813,0,37035477,0
2021-08-26,172072,0,37207549,0
2021-08-27,185657,0,37393206,0
2021-08-28,139972,0,37533178,0
2021-08-29,98858,0,37632036,0
2021-08-30,209283,0,37841319,0
2021-08-31,194292,0,38035611,0
2021-09-01,191982,0,38227593,0
2021-09-02,189479,0,38417072,0
2021-09-03,190781,0,38607853,0
2021-09-04,131290,0,38739143,0
2021-09-05,87796,0,38826939,0
2021-09-06,193294,0,39020233,0
2021-09-07,195541,0,39215774,0
2021-09-08,187529,0,39403303,0
2021-09-09,201091,0,39604394,0
2021-09-10,197680,0,39802074,0
2021-09-11,141098,0,39943172,0
2021-09-12,89417,0,40032589,0
2021-09-13,190933,336,40223522,336
2021-09-14,177102,418,40400624,754
2021-09-15,162899,451,40563523,1205
2021-09-16,159566,784,40723089,1989
2021-09-17,149735,998,40872824,2987
2021-09-18,127744,652,41000568,3639
2021-09-19,80919,440,41081487,4079
2021-09-20,179355,8951,41260842,13030
2021-09-21,166182,8718,41427024,21748
2021-09-22,158485,9353,41585509,31101
2021-09-23,137536,9228,41723045,40329
2021-09-24,139745,8845,41862790,49174
2021-09-25,119219,5553,41982009,54727
2021-09-26,71717,4293,42053726,59020
2021-09-27,135138,9956,42188864,68976
2021-09-28,116876,11281,42305740,80257
2021-09-29,111872,11751,42417612,92008
2021-09-30,109781,14826,42527393,106834
2021-10-01,94427,18967,42621820,125801
2021-10-02,78141,13980,42699961,139781
2021-10-03,47478,7622,42747439,147403
2021-10-04,87926,34340,42835365,181743
2021-10-05,79957,33864,42915322,215607
2021-10-06,71462,34036,42986784,249643
2021-10-07,71360,34243,43058144,283886
2021-10-08,80165,33364,43138309,317250
2021-10-09,75734,22100,43214043,339350
2021-10-10,45582,13588,43259625,352938
2021-10-11,87017,40982,43346642,393920
2021-10-12,84092,46771,43430734,440691
2021-10-13,87752,51959,43518486,492650
2021-10-14,90872,58335,43609358,550985
2021-10-15,92934,55249,43702292,606234
2021-10-16,82572,36688,43784864,642922
2021-10-17,51196,23771,43836060,666693
2021-10-18,89875,59138,43925935,725831
2021-10-19,78005,69102,44003940,794933
2021-10-20,74763,77795,44078703,872728
2021-10-21,77950,81441,44156653,954169
2021-10-22,73507,76507,44230160,1030676
2021-10-23,60652,51836,44290812,1082512
2021-10-24,33268,23395,44324080,1105907
2021-10-25,64667,81464,44388747,1187371
2021-10-26,58188,91591,44446935,1278962
2021-10-27,58014,103577,44504949,1382539
2021-10-28,61190,113528,44566139,1496067
2021-10-29,61405,102512,44627544,1598579
2021-10-30,50522,67959,44678066,1666538
2021-10-31,25094,28228,44703160,1694766
2021-11-01,19001,28107,44722161,1722873
2021-11-02,62512,89039,44784673,1811912
2021-11-03,60447,118153,44845120,1930065
2021-11-04,58933,126208,44904053,2056273
2021-11-05,62768,134616,44966821,2190889
2021-11-06,46300,90769,45013121,2281658
2021-11-07,22185,37815,45035306,2319473
2021-11-08,51111,130693,45086417,2450166
2021-11-09,45158,143519,45131575,2593685
2021-11-10,42408,155598,45173983,2749283
2021-11-11,44684,154331,45218667,2903614
2021-11-12,46026,157848,45264693,3061462
2021-11-13,32977,116272,45297670,3177734
2021-11-14,14414,52370,45312084,3230104
2021-11-15,36611,156642,45348695,3386746
2021-11-16,30293,170742,45378988,3557488
2021-11-17,28180,177852,45407168,3735340
2021-11-18,30036,193313,45437204,3928653
2021-11-19,28499,204913,45465703,4133566
2021-11-20,20818,155978,45486521,4289544
2021-11-21,10501,64684,45497022,4354228
2021-11-22,21634,212042,45518656,4566270
2021-11-23,23266,240843,45541922,4807113
2021-11-24,27466,269959,45569388,5077072
2021-11-25,22778,300818,45592166,5377890
2021-11-26,24076,317175,45616242,5695065
2021-11-27,20984,265566,45637226,5960631
2021-11-28,9710,136786,45646936,6097417
2021-11-29,21690,324875,45668626,6422292
2021-11-30,22418,364449,45691044,6786741
2021-12-01,20795,411910,45711839,7198651
2021-12-02,22898,438829,45734737,7637480
2021-12-03,24274,465459,45759011,8102939
2021-12-04,21492,418100,45780503,8521039
2021-12-05,11292,261055,45791795,8782094
2021-12-06,24428,455948,45816223,9238042
2021-12-07,22737,478346,45838960,9716388
2021-12-08,9237,249398,45848197,9965786
2021-12-09,29875,490142,45878072,10455928
2021-12-10,26403,515797,45904475,10971725
2021-12-11,22081,458686,45926556,11430411
2021-12-12,11344,293122,45937900,11723533
2021-12-13,24423,466026,45962323,12189559
2021-12-14,23388,492767,45985711,12682326
2021-12-15,23574,515238,46009285,13197564
2021-12-16,25674,518457,46034959,13716021
2021-12-17,27363,515042,46062322,14231063
2021-12-18,24882,467972,46087204,14699035
2021-12-19,13550,300075,46100754,14999110
2021-12-20,28427,475556,46129181,15474666
2021-12-21,28169,491493,46157350,15966159
2021-12-22,27060,483185,46184410,16449344
2021-12-23,25826,425573,46210236,16874917
2021-12-24,12251,210270,46222487,17085187
2021-12-25,2027,32986,46224514,17118173
2021-12-26,7779,158913,46232293,17277086
2021-12-27,43431,503220,46275724,17780306
2021-12-28,38317,552506,46314041,18332812
2021-12-29,30163,548970,46344204,18881782
2021-12-30,27902,498135,46372106,19379917
2021-12-31,12272,246645,46384378,19626562
2022-01-01,3103,64681,46387481,19691243
2022-01-02,19552,276367,46407033,19967610
2022-01-03,42808,519317,46449841,20486927
2022-01-04,40921,570880,46490762,21057807
2022-01-05,35366,559501,46526128,21617308
2022-01-06,20443,274003,46546571,21891311
2022-01-07,58374,553524,46604945,22444835
2022-01-08,55245,502252,46660190,22947087
2022-01-09,38526,319114,46698716,23266201
2022-01-10,56707,540163,46755423,23806364
2022-01-11,56970,584878,46812393,24391242
2022-01-12,53689,578506,46866082,24969748
2022-01-13,54088,577540,46920170,25547288
2022-01-14,42453,585400,46962623,26132688
2022-01-15,34089,565634,46996712,26698322
2022-01-16,27716,339596,47024428,27037918
2022-01-17,51676,486718,47076104,27524636
2022-01-18,55331,513131,47131435,28037767
2022-01-19,54148,497505,47185583,28535272
2022-01-20,51332,491648,47236915,29026920
2022-01-21,38902,482817,47275817,29509737
2022-01-22,21763,266079,47297580,29775816