data_somministrazione,vaccinazioni,booster,cum_vaccinazioni,cum_booster
2020-12-27,20,0,20,0
2020-12-28,2,0,22,0
2020-12-29,1,0,23,0
2020-12-30,8,0,31,0
2020-12-31,72,0,103,0
2021-01-01,23,0,126,0
2021-01-02,125,0,251,0
2021-01-03,87,0,338,0
2021-01-04,212,0,550,0
2021-01-05,254,0,804,0
2021-01-06,218,0,1022,0
2021-01-07,303,0,1325,0
2021-01-08,350,0,1675,0
2021-01-09,260,0,1935,0
2021-01-10,157,0,2092,0
2021-01-11,280,0,2372,0
2021-01-12,270,0,2642,0
2021-01-13,399,0,3041,0
2021-01-14,484,0,3525,0
2021-01-15,302,0,3827,0
2021-01-16,213,0,4040,0
2021-01-17,3060,0,7100,0
2021-01-18,5211,0,12311,0
2021-01-19,1893,0,14204,0
2021-01-20,4655,0,18859,0
2021-01-21,19999,0,38858,0
2021-01-22,14206,0,53064,0
2021-01-23,33319,0,86383,0
2021-01-24,30782,0,117165,0
2021-01-25,64723,0,181888,0
2021-01-26,76491,0,258379,0
2021-01-27,64825,0,323204,0
2021-01-28,89275,0,412479,0
2021-01-29,94013,0,506492,0
2021-01-30,86558,0,593050,0
2021-01-31,57329,0,650379,0
2021-02-01,81856,0,732235,0
2021-02-02,82142,0,814377,0
2021-02-03,91192,0,905569,0
2021-02-04,95395,0,1000964,0
2021-02-05,90272,0,1091236,0
2021-02-06,63444,0,1154680,0
2021-02-07,32929,0,1187609,0
2021-02-08,40426,0,1228035,0
2021-02-09,32866,0,1260901,0
2021-02-10,28422,0,1289323,0
2021-02-11,20398,0,1309721,0
2021-02-12,16237,0,1325958,0
2021-02-13,7268,0,1333226,0
2021-02-14,2861,0,1336087,0
2021-02-15,6840,0,1342927,0
2021-02-16,6998,0,1349925,0
2021-02-17,10522,0,1360447,0
2021-02-18,9252,0,1369699,0
2021-02-19,8246,0,1377945,0
2021-02-20,5560,0,1383505,0
2021-02-21,2999,0,1386504,0
2021-02-22,6884,0,1393388,0
2021-02-23,7168,0,1400556,0
2021-02-24,9831,0,1410387,0
2021-02-25,14211,0,1424598,0
2021-02-26,17555,0,1442153,0
2021-02-27,13910,0,1456063,0
2021-02-28,9388,0,1465451,0
2021-03-01,26516,0,1491967,0
2021-03-02,33238,0,1525205,0
2021-03-03,44644,0,1569849,0
2021-03-04,50291,0,1620140,0
2021-03-05,55731,0,1675871,0
2021-03-06,41870,0,1717741,0
2021-03-07,22323,0,1740064,0
2021-03-08,50823,0,1790887,0
2021-03-09,53072,0,1843959,0
2021-03-10,58649,0,1902608,0
2021-03-11,63862,0,1966470,0
2021-03-12,65109,0,2031579,0
2021-03-13,51718,0,2083297,0
2021-03-14,35396,0,2118693,0
2021-03-15,73440,0,2192133,0
2021-03-16,74028,0,2266161,0
2021-03-17,83132,0,2349293,0
2021-03-18,81622,0,2430915,0
2021-03-19,81082,0,2511997,0
2021-03-20,64721,0,2576718,0
2021-03-21,47296,0,2624014,0
2021-03-22,69477,0,2693491,0
2021-03-23,75799,0,2769290,0
2021-03-24,90913,0,2860203,0
2021-03-25,89799,0,2950002,0
2021-03-26,83621,0,3033623,0
2021-03-27,71937,0,3105560,0
2021-03-28,44145,0,3149705,0
2021-03-29,70824,0,3220529,0
2021-03-30,81384,0,3301913,0
2021-03-31,96237,0,3398150,0
2021-04-01,95308,0,3493458,0
2021-04-02,84072,0,3577530,0
2021-04-03,64305,0,3641835,0
2021-04-04,21719,0,3663554,0
2021-04-05,40310,0,3703864,0
2021-04-06,81312,0,3785176,0
2021-04-07,95829,0,3881005,0
2021-04-08,95234,0,3976239,0
2021-04-09,88488,0,4064727,0
2021-04-10,74030,0,4138757,0
2021-04-11,44762,0,4183519,0
2021-04-12,66918,0,4250437,0
2021-04-13,72573,0,4323010,0
2021-04-14,85538,0,4408548,0
2021-04-15,105417,0,4513965,0
2021-04-16,106416,0,4620381,0
2021-04-17,90514,0,4710895,0
2021-04-18,58590,0,4769485,0
2021-04-19,93430,0,4862915,0
2021-04-20,103768,0,4966683,0
2021-04-21,125339,0,5092022,0
2021-04-22,143517,0,5235539,0
2021-04-23,138738,0,5374277,0
2021-04-24,124444,0,5498721,0
2021-04-25,61456,0,5560177,0
2021-04-26,97894,0,5658071,0
2021-04-27,128361,0,5786432,0
2021-04-28,156369,0,5942801,0
2021-04-29,195595,0,6138396,0
2021-04-30,214576,0,6352972,0
2021-05-01,174115,0,6527087,0
2021-05-02,135803,0,6662890,0
2021-05-03,142037,0,6804927,0
2021-05-04,158695,0,6963622,0
2021-05-05,170499,0,7134121,0
2021-05-06,197808,0,7331929,0
2021-05-07,213845,0,7545774,0
2021-05-08,213410,0,7759184,0
2021-05-09,143199,0,7902383,0
2021-05-10,165086,0,8067469,0
2021-05-11,174988,0,8242457,0
2021-05-12,179182,0,8421639,0
2021-05-13,203384,0,8625023,0
2021-05-14,222911,0,8847934,0
2021-05-15,210358,0,9058292,0
2021-05-16,159272,0,9217564,0
2021-05-17,219193,0,9436757,0
2021-05-18,213017,0,9649774,0
2021-05-19,207085,0,9856859,0
2021-05-20,270861,0,10127720,0
2021-05-21,270887,0,10398607,0
2021-05-22,245524,0,10644131,0
2021-05-23,197178,0,10841309,0
2021-05-24,228304,0,11069613,0
2021-05-25,245694,0,11315307,0
2021-05-26,277491,0,11592798,0
2021-05-27,311084,0,11903882,0
2021-05-28,299572,0,12203454,0
2021-05-29,231219,0,12434673,0
2021-05-30,170840,0,12605513,0
2021-05-31,216421,0,12821934,0
2021-06-01,207631,0,13029565,0
2021-06-02,115789,0,13145354,0
2021-06-03,180137,0,13325491,0
2021-06-04,184876,0,13510367,0
2021-06-05,185956,0,13696323,0
2021-06-06,139547,0,13835870,0
2021-06-07,161869,0,13997739,0
2021-06-08,171214,0,14168953,0
2021-06-09,171473,0,14340426,0
2021-06-10,174093,0,14514519,0
2021-06-11,169973,0,14684492,0
2021-06-12,128322,0,14812814,0
2021-06-13,91183,0,14903997,0
2021-06-14,214674,0,15118671,0
2021-06-15,228418,0,15347089,0
2021-06-16,253074,0,15600163,0
2021-06-17,301732,0,15901895,0
2021-06-18,306295,0,16208190,0
2021-06-19,275085,0,16483275,0
2021-06-20,220777,0,16704052,0
2021-06-21,288075,0,16992127,0
2021-06-22,296218,0,17288345,0
2021-06-23,302687,0,17591032,0
2021-06-24,332593,0,17923625,0
2021-06-25,348711,0,18272336,0
2021-06-26,300120,0,18572456,0
2021-06-27,228661,0,18801117,0
2021-06-28,307090,0,19108207,0
2021-06-29,329282,0,19437489,0
2021-06-30,342163,0,19779652,0
2021-07-01,363205,0,20142857,0
2021-07-02,368467,0,20511324,0
2021-07-03,371089,0,20882413,0
2021-07-04,283210,0,21165623,0
2021-07-05,384545,0,21550168,0
2021-07-06,385465,0,21935633,0
2021-07-07,412119,0,22347752,0
2021-07-08,479613,0,22827365,0
2021-07-09,498478,0,23325843,0
2021-07-10,475187,0,23801030,0
2021-07-11,357699,0,24158729,0
2021-07-12,485901,0,24644630,0
2021-07-13,492125,0,25136755,0
2021-07-14,480468,0,25617223,0
2021-07-15,523463,0,26140686,0
2021-07-16,509763,0,26650449,0
2021-07-17,464350,0,27114799,0
2021-07-18,364655,0,27479454,0
2021-07-19,463061,0,27942515,0
2021-07-20,458065,0,28400580,0
2021-07-21,462793,0,28863373,0
2021-07-22,475394,0,29338767,0
2021-07-23,441317,0,29780084,0
2021-07-24,386170,0,30166254,0
2021-07-25,287562,0,30453816,0
2021-07-26,430877,0,30884693,0
2021-07-27,440129,0,31324822,0
2021-07-28,391013,0,31715835,0
2021-07-29,372078,0,32087913,0
2021-07-30,341510,0,32429423,0
2021-07-31,287025,0,32716448,0
2021-08-01,191000,0,32907448,0
2021-08-02,333712,0,33241160,0
2021-08-03,323191,0,33564351,0
2021-08-04,310976,0,33875327,0
2021-08-05,292503,0,34167830,0
2021-08-06,260007,0,34427837,0
2021-08-07,199046,0,34626883,0
2021-08-08,153111,0,34779994,0
2021-08-09,234067,0,35014061,0
2021-08-10,205247,0,35219308,0
2021-08-11,193766,0,35413074,0
2021-08-12,168025,0,35581099,0
2021-08-13,148631,0,35729730,0
2021-08-14,66093,0,35795823,0
2021-08-15,26338,0,35822161,0
2021-08-16,114699,0,35936860,0
2021-08-17,129242,0,36066102,0
2021-08-18,128749,0,36194851,0
2021-08-19,124812,0,36319663,0
2021-08-20,123795,0,36443458,0
2021-08-21,83128,0,36526586,0
2021-08-22,68172,0,36594758,0
2021-08-23,176872,0,36771630,0
2021-08-24,156897,0,36928527,0
2021-08-25,177173,0,37105700,0
2021-08-26,172359,0,37278059,0
2021-08-27,185837,0,37463896,0
2021-08-28,140274,0,37604170,0
2021-08-29,98993,0,37703163,0
2021-08-30,209605,0,37912768,0
2021-08-31,194639,0,38107407,0
2021-09-01,192207,0,38299614,0
2021-09-02,189934,0,38489548,0
2021-09-03,191306,0,38680854,0
2021-09-04,131468,0,38812322,0
2021-09-05,87857,0,38900179,0
2021-09-06,193632,0,39093811,0
2021-09-07,196041,0,39289852,0
2021-09-08,187884,0,39477736,0
2021-09-09,201449,0,39679185,0
2021-09-10,198080,0,39877265,0
2021-09-11,141305,0,40018570,0
2021-09-12,89600,0,40108170,0
2021-09-13,191136,591,40299306,591
2021-09-14,177236,607,40476542,1198
2021-09-15,163099,612,40639641,1810
2021-09-16,160079,955,40799720,2765
2021-09-17,150170,1134,40949890,3899
2021-09-18,127983,751,41077873,4650
2021-09-19,81135,499,41159008,5149
2021-09-20,180078,9095,41339086,14244
2021-09-21,166650,8842,41505736,23086
2021-09-22,159086,9447,41664822,32533
2021-09-23,138078,9338,41802900,41871
2021-09-24,140541,8976,41943441,50847
2021-09-25,119556,5651,42062997,56498
2021-09-26,71968,4350,42134965,60848
2021-09-27,135654,10059,42270619,70907
2021-09-28,117508,11401,42388127,82308
2021-09-29,112354,11834,42500481,94142
2021-09-30,110250,14961,42610731,109103
2021-10-01,94986,19119,42705717,128222
2021-10-02,78502,14030,42784219,142252
2021-10-03,47745,7663,42831964,149915
2021-10-04,88375,34465,42920339,184380
2021-10-05,80369,33992,43000708,218372
2021-10-06,71997,34183,43072705,252555
2021-10-07,71859,34360,43144564,286915
2021-10-08,80633,33599,43225197,320514
2021-10-09,76100,22183,43301297,342697
2021-10-10,45777,13620,43347074,356317
2021-10-11,87435,41115,43434509,397432
2021-10-12,84496,46917,43519005,444349
2021-10-13,88196,52130,43607201,496479
2021-10-14,91548,58526,43698749,555005
2021-10-15,93600,55643,43792349,610648
2021-10-16,82965,36799,43875314,647447
2021-10-17,51461,23840,43926775,671287
2021-10-18,90303,59495,44017078,730782
2021-10-19,78346,69386,44095424,800168
2021-10-20,75067,78186,44170491,878354
2021-10-21,78294,81775,44248785,960129
2021-10-22,73785,77045,44322570,1037174
2021-10-23,60826,51963,44383396,1089137
2021-10-24,33374,23466,44416770,1112603
2021-10-25,64906,81640,44481676,1194243
2021-10-26,58370,91813,44540046,1286056
2021-10-27,58332,103997,44598378,1390053
2021-10-28,61460,114125,44659838,1504178
2021-10-29,61642,103148,44721480,1607326
2021-10-30,50676,68124,44772156,1675450
2021-10-31,25161,28300,44797317,1703750
2021-11-01,19047,28152,44816364,1731902
2021-11-02,62747,89399,44879111,1821301
2021-11-03,60728,118673,44939839,1939974
2021-11-04,59247,126679,44999086,2066653
2021-11-05,63094,135195,45062180,2201848
2021-11-06,46483,90933,45108663,2292781
2021-11-07,22253,37897,45130916,2330678
2021-11-08,51531,131278,45182447,2461956
2021-11-09,45397,144217,45227844,2606173
2021-11-10,42584,156359,45270428,2762532
2021-11-11,44935,155142,45315363,2917674
2021-11-12,46377,158587,45361740,3076261
2021-11-13,33262,116658,45395002,3192919
2021-11-14,14489,52454,45409491,3245373
2021-11-15,36901,157436,45446392,3402809
2021-11-16,30559,171386,45476951,3574195
2021-11-17,28465,178446,45505416,3752641
2021-11-18,30281,193736,45535697,3946377
2021-11-19,28810,205861,45564507,4152238
2021-11-20,20999,156453,45585506,4308691
2021-11-21,10611,64860,45596117,4373551
2021-11-22,21944,213155,45618061,4586706
2021-11-23,23579,241761,45641640,4828467
2021-11-24,27846,270969,45669486,5099436
2021-11-25,23240,301918,45692726,5401354
2021-11-26,24585,318275,45717311,5719629
2021-11-27,21386,266156,45738697,5985785
2021-11-28,9903,137059,45748600,6122844
2021-11-29,22340,326075,45770940,6448919
2021-11-30,23102,365824,45794042,6814743
2021-12-01,21528,413520,45815570,7228263
2021-12-02,23773,440416,45839343,7668679
2021-12-03,25267,467483,45864610,8136162
2021-12-04,22378,418759,45886988,8554921
2021-12-05,11933,261349,45898921,8816270
2021-12-06,25821,457595,45924742,9273865
2021-12-07,24144,480269,45948886,9754134
2021-12-08,10008,249698,45958894,10003832
2021-12-09,31593,491941,45990487,10495773
2021-12-10,28078,517895,46018565,11013668
2021-12-11,23573,459259,46042138,11472927
2021-12-12,12309,293514,46054447,11766441
2021-12-13,26162,467639,46080609,12234080
2021-12-14,25176,494217,46105785,12728297
2021-12-15,25343,517159,46131128,13245456
2021-12-16,27893,520267,46159021,13765723
2021-12-17,29368,517188,46188389,14282911
2021-12-18,27072,468740,46215461,14751651
2021-12-19,15156,300532,46230617,15052183
2021-12-20,30643,477492,46261260,15529675
2021-12-21,30392,493393,46291652,16023068
2021-12-22,29458,484718,46321110,16507786
2021-12-23,28263,426916,46349373,16934702
2021-12-24,13115,210835,46362488,17145537
2021-12-25,2102,33053,46364590,17178590
2021-12-26,8765,159071,46373355,17337661
2021-12-27,46810,504667,46420165,17842328
2021-12-28,42462,554226,46462627,18396554
2021-12-29,34361,550653,46496988,18947207
2021-12-30,31855,499837,46528843,19447044
2021-12-31,14128,247396,46542971,19694440
2022-01-01,3496,64815,46546467,19759255
2022-01-02,22783,276723,46569250,20035978
2022-01-03,47871,520020,46617121,20555998
2022-01-04,46395,572089,46663516,21128087
2022-01-05,40775,560398,46704291,21688485
2022-01-06,23497,274487,46727788,21962972
2022-01-07,63722,554193,46791510,22517165
2022-01-08,60882,503393,46852392,23020558
2022-01-09,42880,319684,46895272,23340242
2022-01-10,61105,542291,46956377,23882533
2022-01-11,61743,586994,47018120,24469527
2022-01-12,58465,581278,47076585,25050805
2022-01-13,58623,580386,47135208,25631191
2022-01-14,46828,588569,47182036,26219760
2022-01-15,39431,569940,47221467,26789700
2022-01-16,31241,341859,47252708,27131559
2022-01-17,54794,489661,47307502,27621220
2022-01-18,58402,517016,47365904,28138236
2022-01-19,57205,502788,47423109,28641024
2022-01-20,54350,498826,47477459,29139850
2022-01-21,42101,493870,47519560,29633720
2022-01-22,31209,469593,47550769,30103313
2022-01-23,34941,275368,47585710,30378681
2022-01-24,56188,437223,47641898,30815904
2022-01-25,61559,452111,47703457,31268015
2022-01-26,58551,435828,47762008,31703843
2022-01-27,48847,432368,47810855,32136211
2022-01-28,58703,436536,47869558,32572747
2022-01-29,68135,412486,47937693,32985233
2022-01-30,50377,235964,47988070,33221197
2022-01-31,60628,356931,48048698,33578128
2022-02-01,65558,328443,48114256,33906571
2022-02-02,63202,296974,48177458,34203545
2022-02-03,60057,274515,48237515,34478060
2022-02-04,72381,268453,48309896,34746513
2022-02-05,83777,248529,48393673,34995042
2022-02-06,55288,116201,48448961,35111243
2022-02-07,65147,199936,48514108,35311179
2022-02-08,66928,186111,48581036,35497290
2022-02-09,58760,166334,48639796,35663624
2022-02-10,58576,163235,48698372,35826859
2022-02-11,62247,162464,48760619,35989323
2022-02-12,71977,152139,48832596,36141462
2022-02-13,41471,68850,48874067,36210312
2022-02-14,46688,116186,48920755,36326498
2022-02-15,48532,123476,48969287,36449974
2022-02-16,45678,106117,49014965,36556091
2022-02-17,42860,98105,49057825,36654196
2022-02-18,46621,112570,49104446,36766766
2022-02-19,52533,100329,49156979,36867095
2022-02-20,31411,40360,49188390,36907455
2022-02-21,37885,89647,49226275,36997102
2022-02-22,37217,83772,49263492,37080874
2022-02-23,33391,79405,49296883,37160279
2022-02-24,32548,78161,49329431,37238440
2022-02-25,34755,90708,49364186,37329148
2022-02-26,39155,89130,49403341,37418278
2022-02-27,22543,35856,49425884,37454134
2022-02-28,28478,81689,49454362,37535823
2022-03-01,22718,53939,49477080,37589762
2022-03-02,21997,50626,49499077,37640388
2022-03-03,22615,54940,49521692,37695328
2022-03-04,23229,62794,49544921,37758122
2022-03-05,23795,57951,49568716,37816073
2022-03-06,9470,17200,49578186,37833273
2022-03-07,15911,51387,49594097,37884660
2022-03-08,15472,48794,49609569,37933454
2022-03-09,13812,46517,49623381,37979971
2022-03-10,14048,52115,49637429,38032086
2022-03-11,15580,57260,49653009,38089346
2022-03-12,15501,56615,49668510,38145961
2022-03-13,5543,16850,49674053,38162811
2022-03-14,10520,46694,49684573,38209505
2022-03-15,10537,46890,49695110,38256395
2022-03-16,9476,41972,49704586,38298367
2022-03-17,9711,44871,49714297,38343238
2022-03-18,10157,49054,49724454,38392292
2022-03-19,9148,46531,49733602,38438823
2022-03-20,2608,11700,49736210,38450523
2022-03-21,7578,40223,49743788,38490746
2022-03-22,8447,37756,49752235,38528502
2022-03-23,7212,33699,49759447,38562201
2022-03-24,8256,38799,49767703,38601000
2022-03-25,8133,43660,49775836,38644660
2022-03-26,8125,41720,49783961,38686380
2022-03-27,2429,9681,49786390,38696061
2022-03-28,6106,35236,49792496,38731297
2022-03-29,5774,32527,49798270,38763824
2022-03-30,5564,30200,49803834,38794024
2022-03-31,5890,33181,49809724,38827205
2022-04-01,4347,25186,49814071,38852391
2022-04-02,4493,23274,49818564,38875665
2022-04-03,1049,4499,49819613,38880164
2022-04-04,3656,21535,49823269,38901699
2022-04-05,3755,22927,49827024,38924626
2022-04-06,4101,21848,49831125,38946474
2022-04-07,3964,23320,49835089,38969794
2022-04-08,4691,26709,49839780,38996503
2022-04-09,4381,23884,49844161,39020387
2022-04-10,891,4614,49845052,39025001
2022-04-11,3814,22685,49848866,39047686
2022-04-12,3359,21777,49852225,39069463
2022-04-13,3562,21333,49855787,39090796
2022-04-14,3485,23784,49859272,39114580
2022-04-15,3084,20617,49862356,39135197
2022-04-16,2149,11918,49864505,39147115
2022-04-17,63,348,49864568,39147463
2022-04-18,151,650,49864719,39148113
2022-04-19,3496,21977,49868215,39170090
2022-04-20,3507,20249,49871722,39190339
2022-04-21,2843,19783,49874565,39210122
2022-04-22,2926,20695,49877491,39230817
2022-04-23,2642,16217,49880133,39247034
2022-04-24,509,2334,49880642,39249368
2022-04-25,183,1165,49880825,39250533
2022-04-26,2756,17801,49883581,39268334
2022-04-27,2371,15788,49885952,39284122
2022-04-28,2356,15555,49888308,39299677
2022-04-29,2292,14836,49890600,39314513
2022-04-30,2122,11577,49892722,39326090
2022-05-01,113,530,49892835,39326620
2022-05-02,1450,9388,49894285,39336008
2022-05-03,1575,10312,49895860,39346320
2022-05-04,1746,10259,49897606,39356579
2022-05-05,1652,10278,49899258,39366857
2022-05-06,1700,10950,49900958,39377807
2022-05-07,1431,8563,49902389,39386370
2022-05-08,405,1514,49902794,39387884
2022-05-09,1027,8918,49903821,39396802
2022-05-10,1422,9541,49905243,39406343
2022-05-11,1483,10090,49906726,39416433
2022-05-12,1369,10121,49908095,39426554
2022-05-13,1590,10510,49909685,39437064
2022-05-14,1356,8228,49911041,39445292
2022-05-15,336,1129,49911377,39446421
2022-05-16,811,8392,49912188,39454813
2022-05-17,1243,8674,49913431,39463487
2022-05-18,1372,9224,49914803,39472711
2022-05-19,1500,9270,49916303,39481981
2022-05-20,1422,9498,49917725,39491479
2022-05-21,1299,7892,49919024,39499371
2022-05-22,231,1012,49919255,39500383
2022-05-23,829,8262,49920084,39508645
2022-05-24,1073,8664,49921157,39517309
2022-05-25,1369,9444,49922526,39526753
2022-05-26,1195,9455,49923721,39536208
2022-05-27,1227,9912,49924948,39546120
2022-05-28,1203,7874,49926151,39553994
2022-05-29,286,1264,49926437,39555258
2022-05-30,929,8031,49927366,39563289
2022-05-31,1034,8532,49928400,39571821
2022-06-01,890,7644,49929290,39579465
2022-06-02,35,474,49929325,39579939
2022-06-03,817,7328,49930142,39587267
2022-06-04,870,5156,49931012,39592423
2022-06-05,89,586,49931101,39593009
2022-06-06,675,6986,49931776,39599995
2022-06-07,951,7842,49932727,39607837
2022-06-08,983,7901,49933710,39615738
2022-06-09,1036,8400,49934746,39624138
2022-06-10,957,8552,49935703,39632690
2022-06-11,901,6206,49936604,39638896
2022-06-12,140,767,49936744,39639663
2022-06-13,602,6295,49937346,39645958
2022-06-14,827,7882,49938173,39653840
2022-06-15,954,7844,49939127,39661684
2022-06-16,729,7389,49939856,39669073
2022-06-17,721,7241,49940577,39676314
2022-06-18,777,5588,49941354,39681902
2022-06-19,47,522,49941401,39682424
2022-06-20,587,6695,49941988,39689119
2022-06-21,734,7654,49942722,39696773
2022-06-22,780,7307,49943502,39704080
2022-06-23,651,7459,49944153,39711539
2022-06-24,643,7472,49944796,39719011
2022-06-25,835,6532,49945631,39725543
2022-06-26,128,523,49945759,39726066
2022-06-27,531,7122,49946290,39733188
2022-06-28,745,8193,49947035,39741381
2022-06-29,756,7722,49947791,39749103
2022-06-30,745,8132,49948536,39757235
2022-07-01,576,6437,49949112,39763672
2022-07-02,536,4766,49949648,39768438
2022-07-03,49,456,49949697,39768894
2022-07-04,471,6274,49950168,39775168
2022-07-05,628,8112,49950796,39783280
2022-07-06,630,7607,49951426,39790887
2022-07-07,570,8264,49951996,39799151
2022-07-08,671,8079,49952667,39807230
2022-07-09,550,6103,49953217,39813333
2022-07-10,58,533,49953275,39813866
2022-07-11,487,7639,49953762,39821505
2022-07-12,665,9027,49954427,39830532
2022-07-13,640,10063,49955067,39840595
2022-07-14,636,10219,49955703,39850814
2022-07-15,624,10663,49956327,39861477
2022-07-16,522,7209,49956849,39868686
2022-07-17,48,769,49956897,39869455
2022-07-18,497,9350,49957394,39878805
2022-07-19,573,10657,49957967,39889462
2022-07-20,578,11258,49958545,39900720
2022-07-21,627,12040,49959172,39912760
2022-07-22,582,11228,49959754,39923988
2022-07-23,379,6744,49960133,39930732
2022-07-24,76,834,49960209,39931566
2022-07-25,501,9034,49960710,39940600
2022-07-26,519,9728,49961229,39950328
2022-07-27,550,10158,49961779,39960486
2022-07-28,527,10481,49962306,39970967
2022-07-29,510,9426,49962816,39980393
2022-07-30,381,5852,49963197,39986245
2022-07-31,49,745,49963246,39986990
2022-08-01,386,6824,49963632,39993814
2022-08-02,540,7526,49964172,40001340
2022-08-03,511,7142,49964683,40008482
2022-08-04,454,7439,49965137,40015921
2022-08-05,419,6489,49965556,40022410
2022-08-06,298,3582,49965854,40025992
2022-08-07,44,551,49965898,40026543
2022-08-08,401,4874,49966299,40031417
2022-08-09,383,5269,49966682,40036686
2022-08-10,378,4789,49967060,40041475
2022-08-11,364,4756,49967424,40046231
2022-08-12,292,3698,49967716,40049929
2022-08-13,143,1597,49967859,40051526
2022-08-14,9,128,49967868,40051654
2022-08-15,1,26,49967869,40051680
2022-08-16,283,3028,49968152,40054708
2022-08-17,351,3512,49968503,40058220
2022-08-18,389,4142,49968892,40062362
2022-08-19,341,3309,49969233,40065671
2022-08-20,183,1710,49969416,40067381
2022-08-21,24,146,49969440,40067527
2022-08-22,329,2940,49969769,40070467
2022-08-23,371,3656,49970140,40074123
2022-08-24,382,3344,49970522,40077467
2022-08-25,419,3753,49970941,40081220
2022-08-26,395,3562,49971336,40084782
2022-08-27,235,1769,49971571,40086551
2022-08-28,29,260,49971600,40086811
2022-08-29,353,3148,49971953,40089959
2022-08-30,402,3646,49972355,40093605
2022-08-31,436,3716,49972791,40097321
2022-09-01,352,3097,49973143,40100418
2022-09-02,294,2883,49973437,40103301
2022-09-03,199,1684,49973636,40104985
2022-09-04,22,147,49973658,40105132
2022-09-05,186,2646,49973844,40107778
2022-09-06,301,2984,49974145,40110762
2022-09-07,540,2912,49974685,40113674
2022-09-08,288,2946,49974973,40116620
2022-09-09,301,2852,49975274,40119472
2022-09-10,227,1325,49975501,40120797
2022-09-11,21,123,49975522,40120920
2022-09-12,267,2203,49975789,40123123
2022-09-13,248,2267,49976037,40125390
2022-09-14,261,2551,49976298,40127941
2022-09-15,279,2480,49976577,40130421
2022-09-16,252,2530,49976829,40132951
2022-09-17,239,1339,49977068,40134290
2022-09-18,20,170,49977088,40134460
2022-09-19,205,1965,49977293,40136425
2022-09-20,235,2371,49977528,40138796
2022-09-21,289,2508,49977817,40141304
2022-09-22,258,2625,49978075,40143929
2022-09-23,248,2317,49978323,40146246
2022-09-24,193,1426,49978516,40147672
2022-09-25,28,134,49978544,40147806
2022-09-26,280,2238,49978824,40150044
2022-09-27,280,2629,49979104,40152673
2022-09-28,307,2869,49979411,40155542
2022-09-29,250,3025,49979661,40158567
2022-09-30,289,2942,49979950,40161509
2022-10-01,193,1492,49980143,40163001
2022-10-02,11,187,49980154,40163188
2022-10-03,179,2451,49980333,40165639
2022-10-04,232,2811,49980565,40168450
2022-10-05,222,3175,49980787,40171625
2022-10-06,240,3764,49981027,40175389
2022-10-07,282,4082,49981309,40179471
2022-10-08,196,2206,49981505,40181677
2022-10-09,8,287,49981513,40181964
2022-10-10,205,3272,49981718,40185236
2022-10-11,190,4212,49981908,40189448
2022-10-12,198,4158,49982106,40193606
2022-10-13,166,4943,49982272,40198549
2022-10-14,208,4647,49982480,40203196
2022-10-15,182,2518,49982662,40205714
2022-10-16,5,278,49982667,40205992