data_somministrazione,vaccinazioni,booster,cum_vaccinazioni,cum_booster
2020-12-27,19,0,19,0
2020-12-28,2,0,21,0
2020-12-29,1,0,22,0
2020-12-30,6,0,28,0
2020-12-31,66,0,94,0
2021-01-01,22,0,116,0
2021-01-02,104,0,220,0
2021-01-03,74,0,294,0
2021-01-04,198,0,492,0
2021-01-05,233,0,725,0
2021-01-06,188,0,913,0
2021-01-07,281,0,1194,0
2021-01-08,328,0,1522,0
2021-01-09,239,0,1761,0
2021-01-10,144,0,1905,0
2021-01-11,265,0,2170,0
2021-01-12,264,0,2434,0
2021-01-13,383,0,2817,0
2021-01-14,469,0,3286,0
2021-01-15,292,0,3578,0
2021-01-16,203,0,3781,0
2021-01-17,3057,0,6838,0
2021-01-18,5208,0,12046,0
2021-01-19,1890,0,13936,0
2021-01-20,4653,0,18589,0
2021-01-21,20000,0,38589,0
2021-01-22,14200,0,52789,0
2021-01-23,33333,0,86122,0
2021-01-24,30791,0,116913,0
2021-01-25,64732,0,181645,0
2021-01-26,76501,0,258146,0
2021-01-27,64845,0,322991,0
2021-01-28,89301,0,412292,0
2021-01-29,94032,0,506324,0
2021-01-30,86576,0,592900,0
2021-01-31,57340,0,650240,0
2021-02-01,81876,0,732116,0
2021-02-02,82144,0,814260,0
2021-02-03,91196,0,905456,0
2021-02-04,95404,0,1000860,0
2021-02-05,90282,0,1091142,0
2021-02-06,63450,0,1154592,0
2021-02-07,32927,0,1187519,0
2021-02-08,40431,0,1227950,0
2021-02-09,32864,0,1260814,0
2021-02-10,28420,0,1289234,0
2021-02-11,20389,0,1309623,0
2021-02-12,16227,0,1325850,0
2021-02-13,7251,0,1333101,0
2021-02-14,2861,0,1335962,0
2021-02-15,6837,0,1342799,0
2021-02-16,6993,0,1349792,0
2021-02-17,10519,0,1360311,0
2021-02-18,9246,0,1369557,0
2021-02-19,8239,0,1377796,0
2021-02-20,5540,0,1383336,0
2021-02-21,2986,0,1386322,0
2021-02-22,6881,0,1393203,0
2021-02-23,7160,0,1400363,0
2021-02-24,9824,0,1410187,0
2021-02-25,14201,0,1424388,0
2021-02-26,17551,0,1441939,0
2021-02-27,13902,0,1455841,0
2021-02-28,9387,0,1465228,0
2021-03-01,26508,0,1491736,0
2021-03-02,33239,0,1524975,0
2021-03-03,44644,0,1569619,0
2021-03-04,50289,0,1619908,0
2021-03-05,55734,0,1675642,0
2021-03-06,41876,0,1717518,0
2021-03-07,22322,0,1739840,0
2021-03-08,50795,0,1790635,0
2021-03-09,53056,0,1843691,0
2021-03-10,58624,0,1902315,0
2021-03-11,63837,0,1966152,0
2021-03-12,65097,0,2031249,0
2021-03-13,51707,0,2082956,0
2021-03-14,35384,0,2118340,0
2021-03-15,73424,0,2191764,0
2021-03-16,74022,0,2265786,0
2021-03-17,83130,0,2348916,0
2021-03-18,81621,0,2430537,0
2021-03-19,81079,0,2511616,0
2021-03-20,64707,0,2576323,0
2021-03-21,47286,0,2623609,0
2021-03-22,69471,0,2693080,0
2021-03-23,75776,0,2768856,0
2021-03-24,90887,0,2859743,0
2021-03-25,89785,0,2949528,0
2021-03-26,83600,0,3033128,0
2021-03-27,71917,0,3105045,0
2021-03-28,44127,0,3149172,0
2021-03-29,70806,0,3219978,0
2021-03-30,81357,0,3301335,0
2021-03-31,96218,0,3397553,0
2021-04-01,95291,0,3492844,0
2021-04-02,84066,0,3576910,0
2021-04-03,64296,0,3641206,0
2021-04-04,21716,0,3662922,0
2021-04-05,40297,0,3703219,0
2021-04-06,81299,0,3784518,0
2021-04-07,95805,0,3880323,0
2021-04-08,95227,0,3975550,0
2021-04-09,88480,0,4064030,0
2021-04-10,74026,0,4138056,0
2021-04-11,44752,0,4182808,0
2021-04-12,66908,0,4249716,0
2021-04-13,72562,0,4322278,0
2021-04-14,85519,0,4407797,0
2021-04-15,105399,0,4513196,0
2021-04-16,106409,0,4619605,0
2021-04-17,90490,0,4710095,0
2021-04-18,58583,0,4768678,0
2021-04-19,93423,0,4862101,0
2021-04-20,103763,0,4965864,0
2021-04-21,125329,0,5091193,0
2021-04-22,143501,0,5234694,0
2021-04-23,138717,0,5373411,0
2021-04-24,124436,0,5497847,0
2021-04-25,61452,0,5559299,0
2021-04-26,97874,0,5657173,0
2021-04-27,128347,0,5785520,0
2021-04-28,156349,0,5941869,0
2021-04-29,195578,0,6137447,0
2021-04-30,214556,0,6352003,0
2021-05-01,174090,0,6526093,0
2021-05-02,135789,0,6661882,0
2021-05-03,142003,0,6803885,0
2021-05-04,158676,0,6962561,0
2021-05-05,170470,0,7133031,0
2021-05-06,197787,0,7330818,0
2021-05-07,213803,0,7544621,0
2021-05-08,213383,0,7758004,0
2021-05-09,143189,0,7901193,0
2021-05-10,165081,0,8066274,0
2021-05-11,174957,0,8241231,0
2021-05-12,179147,0,8420378,0
2021-05-13,203356,0,8623734,0
2021-05-14,222891,0,8846625,0
2021-05-15,210334,0,9056959,0
2021-05-16,159262,0,9216221,0
2021-05-17,219179,0,9435400,0
2021-05-18,212999,0,9648399,0
2021-05-19,207067,0,9855466,0
2021-05-20,270834,0,10126300,0
2021-05-21,270863,0,10397163,0
2021-05-22,245515,0,10642678,0
2021-05-23,197175,0,10839853,0
2021-05-24,228287,0,11068140,0
2021-05-25,245682,0,11313822,0
2021-05-26,277475,0,11591297,0
2021-05-27,311079,0,11902376,0
2021-05-28,299558,0,12201934,0
2021-05-29,231193,0,12433127,0
2021-05-30,170823,0,12603950,0
2021-05-31,216407,0,12820357,0
2021-06-01,207630,0,13027987,0
2021-06-02,115768,0,13143755,0
2021-06-03,180101,0,13323856,0
2021-06-04,184848,0,13508704,0
2021-06-05,185925,0,13694629,0
2021-06-06,139508,0,13834137,0
2021-06-07,161837,0,13995974,0
2021-06-08,171158,0,14167132,0
2021-06-09,171427,0,14338559,0
2021-06-10,174039,0,14512598,0
2021-06-11,169932,0,14682530,0
2021-06-12,128301,0,14810831,0
2021-06-13,91134,0,14901965,0
2021-06-14,214637,0,15116602,0
2021-06-15,228382,0,15344984,0
2021-06-16,253033,0,15598017,0
2021-06-17,301695,0,15899712,0
2021-06-18,306255,0,16205967,0
2021-06-19,275048,0,16481015,0
2021-06-20,220730,0,16701745,0
2021-06-21,288035,0,16989780,0
2021-06-22,296176,0,17285956,0
2021-06-23,302662,0,17588618,0
2021-06-24,332551,0,17921169,0
2021-06-25,348689,0,18269858,0
2021-06-26,300081,0,18569939,0
2021-06-27,228611,0,18798550,0
2021-06-28,307036,0,19105586,0
2021-06-29,329239,0,19434825,0
2021-06-30,342107,0,19776932,0
2021-07-01,363153,0,20140085,0
2021-07-02,368429,0,20508514,0
2021-07-03,371064,0,20879578,0
2021-07-04,283190,0,21162768,0
2021-07-05,384498,0,21547266,0
2021-07-06,385428,0,21932694,0
2021-07-07,412064,0,22344758,0
2021-07-08,479624,0,22824382,0
2021-07-09,498483,0,23322865,0
2021-07-10,475179,0,23798044,0
2021-07-11,357707,0,24155751,0
2021-07-12,485907,0,24641658,0
2021-07-13,492143,0,25133801,0
2021-07-14,480478,0,25614279,0
2021-07-15,523490,0,26137769,0
2021-07-16,509789,0,26647558,0
2021-07-17,464369,0,27111927,0
2021-07-18,364701,0,27476628,0
2021-07-19,463072,0,27939700,0
2021-07-20,458089,0,28397789,0
2021-07-21,462819,0,28860608,0
2021-07-22,475399,0,29336007,0
2021-07-23,441311,0,29777318,0
2021-07-24,386195,0,30163513,0
2021-07-25,287597,0,30451110,0
2021-07-26,430894,0,30882004,0
2021-07-27,440129,0,31322133,0
2021-07-28,391017,0,31713150,0
2021-07-29,372082,0,32085232,0
2021-07-30,341515,0,32426747,0
2021-07-31,287017,0,32713764,0
2021-08-01,191024,0,32904788,0
2021-08-02,333726,0,33238514,0
2021-08-03,323184,0,33561698,0
2021-08-04,310975,0,33872673,0
2021-08-05,292513,0,34165186,0
2021-08-06,260007,0,34425193,0
2021-08-07,199050,0,34624243,0
2021-08-08,153107,0,34777350,0
2021-08-09,234078,0,35011428,0
2021-08-10,205250,0,35216678,0
2021-08-11,193758,0,35410436,0
2021-08-12,167975,0,35578411,0
2021-08-13,148601,0,35727012,0
2021-08-14,66087,0,35793099,0
2021-08-15,26334,0,35819433,0
2021-08-16,114674,0,35934107,0
2021-08-17,129238,0,36063345,0
2021-08-18,128736,0,36192081,0
2021-08-19,124788,0,36316869,0
2021-08-20,123791,0,36440660,0
2021-08-21,83116,0,36523776,0
2021-08-22,68163,0,36591939,0
2021-08-23,176869,0,36768808,0
2021-08-24,156906,0,36925714,0
2021-08-25,177170,0,37102884,0
2021-08-26,172353,0,37275237,0
2021-08-27,185839,0,37461076,0
2021-08-28,140268,0,37601344,0
2021-08-29,99002,0,37700346,0
2021-08-30,209634,0,37909980,0
2021-08-31,194629,0,38104609,0
2021-09-01,192214,0,38296823,0
2021-09-02,189943,0,38486766,0
2021-09-03,191340,0,38678106,0
2021-09-04,131485,0,38809591,0
2021-09-05,87869,0,38897460,0
2021-09-06,193661,0,39091121,0
2021-09-07,196066,0,39287187,0
2021-09-08,187908,0,39475095,0
2021-09-09,201474,0,39676569,0
2021-09-10,198112,0,39874681,0
2021-09-11,141329,0,40016010,0
2021-09-12,89601,0,40105611,0
2021-09-13,191164,550,40296775,550
2021-09-14,177266,572,40474041,1122
2021-09-15,163128,573,40637169,1695
2021-09-16,160102,916,40797271,2611
2021-09-17,150174,1110,40947445,3721
2021-09-18,127982,731,41075427,4452
2021-09-19,81130,490,41156557,4942
2021-09-20,180076,9070,41336633,14012
2021-09-21,166633,8828,41503266,22840
2021-09-22,159081,9429,41662347,32269
2021-09-23,138083,9318,41800430,41587
2021-09-24,140543,8948,41940973,50535
2021-09-25,119551,5633,42060524,56168
2021-09-26,71954,4338,42132478,60506
2021-09-27,135639,10041,42268117,70547
2021-09-28,117491,11381,42385608,81928
2021-09-29,112333,11824,42497941,93752
2021-09-30,110226,14944,42608167,108696
2021-10-01,94974,19104,42703141,127800
2021-10-02,78484,14011,42781625,141811
2021-10-03,47735,7656,42829360,149467
2021-10-04,88376,34442,42917736,183909
2021-10-05,80367,33968,42998103,217877
2021-10-06,71981,34156,43070084,252033
2021-10-07,71854,34341,43141938,286374
2021-10-08,80626,33588,43222564,319962
2021-10-09,76103,22168,43298667,342130
2021-10-10,45774,13614,43344441,355744
2021-10-11,87411,41101,43431852,396845
2021-10-12,84492,46894,43516344,443739
2021-10-13,88189,52110,43604533,495849
2021-10-14,91527,58503,43696060,554352
2021-10-15,93589,55623,43789649,609975
2021-10-16,82962,36779,43872611,646754
2021-10-17,51461,23824,43924072,670578
2021-10-18,90293,59480,44014365,730058
2021-10-19,78347,69369,44092712,799427
2021-10-20,75076,78161,44167788,877588
2021-10-21,78302,81748,44246090,959336
2021-10-22,73793,77017,44319883,1036353
2021-10-23,60815,51951,44380698,1088304
2021-10-24,33377,23452,44414075,1111756
2021-10-25,64906,81621,44478981,1193377
2021-10-26,58376,91774,44537357,1285151
2021-10-27,58331,103965,44595688,1389116
2021-10-28,61469,114097,44657157,1503213
2021-10-29,61663,103108,44718820,1606321
2021-10-30,50674,68110,44769494,1674431
2021-10-31,25166,28286,44794660,1702717
2021-11-01,19046,28148,44813706,1730865
2021-11-02,62768,89370,44876474,1820235
2021-11-03,60739,118656,44937213,1938891
2021-11-04,59245,126659,44996458,2065550
2021-11-05,63094,135168,45059552,2200718
2021-11-06,46474,90922,45106026,2291640
2021-11-07,22254,37893,45128280,2329533
2021-11-08,51529,131259,45179809,2460792
2021-11-09,45402,144195,45225211,2604987
2021-11-10,42580,156345,45267791,2761332
2021-11-11,44935,155136,45312726,2916468
2021-11-12,46374,158571,45359100,3075039
2021-11-13,33251,116647,45392351,3191686
2021-11-14,14480,52446,45406831,3244132
2021-11-15,36895,157422,45443726,3401554
2021-11-16,30545,171375,45474271,3572929
2021-11-17,28449,178435,45502720,3751364
2021-11-18,30282,193711,45533002,3945075
2021-11-19,28801,205849,45561803,4150924
2021-11-20,20992,156434,45582795,4307358
2021-11-21,10610,64855,45593405,4372213
2021-11-22,21935,213139,45615340,4585352
2021-11-23,23563,241742,45638903,4827094
2021-11-24,27837,270942,45666740,5098036
2021-11-25,23232,301897,45689972,5399933
2021-11-26,24580,318261,45714552,5718194
2021-11-27,21378,266150,45735930,5984344
2021-11-28,9896,137054,45745826,6121398
2021-11-29,22319,326061,45768145,6447459
2021-11-30,23079,365820,45791224,6813279
2021-12-01,21513,413500,45812737,7226779
2021-12-02,23754,440378,45836491,7667157
2021-12-03,25236,467452,45861727,8134609
2021-12-04,22353,418727,45884080,8553336
2021-12-05,11910,261329,45895990,8814665
2021-12-06,25807,457563,45921797,9272228
2021-12-07,24116,480246,45945913,9752474
2021-12-08,10000,249678,45955913,10002152
2021-12-09,31568,491916,45987481,10494068
2021-12-10,28057,517866,46015538,11011934
2021-12-11,23548,459241,46039086,11471175
2021-12-12,12300,293496,46051386,11764671
2021-12-13,26134,467619,46077520,12232290
2021-12-14,25159,494187,46102679,12726477
2021-12-15,25309,517129,46127988,13243606
2021-12-16,27866,520239,46155854,13763845
2021-12-17,29349,517161,46185203,14281006
2021-12-18,27030,468711,46212233,14749717
2021-12-19,15130,300513,46227363,15050230
2021-12-20,30614,477470,46257977,15527700
2021-12-21,30350,493380,46288327,16021080
2021-12-22,29431,484698,46317758,16505778
2021-12-23,28225,426895,46345983,16932673
2021-12-24,13110,210819,46359093,17143492
2021-12-25,2101,33052,46361194,17176544
2021-12-26,8752,159065,46369946,17335609
2021-12-27,46758,504651,46416704,17840260
2021-12-28,42425,554204,46459129,18394464
2021-12-29,34316,550628,46493445,18945092
2021-12-30,31801,499818,46525246,19444910
2021-12-31,14105,247394,46539351,19692304
2022-01-01,3493,64813,46542844,19757117
2022-01-02,22740,276717,46565584,20033834
2022-01-03,47799,520006,46613383,20553840
2022-01-04,46301,572072,46659684,21125912
2022-01-05,40686,560381,46700370,21686293
2022-01-06,23449,274481,46723819,21960774
2022-01-07,63630,554178,46787449,22514952
2022-01-08,60782,503377,46848231,23018329
2022-01-09,42775,319686,46891006,23338015
2022-01-10,61002,542277,46952008,23880292
2022-01-11,61643,586981,47013651,24467273
2022-01-12,58371,581272,47072022,25048545
2022-01-13,58536,580374,47130558,25628919
2022-01-14,46710,588561,47177268,26217480
2022-01-15,39288,569936,47216556,26787416
2022-01-16,31128,341849,47247684,27129265
2022-01-17,54718,489645,47302402,27618910
2022-01-18,58326,517010,47360728,28135920
2022-01-19,57138,502782,47417866,28638702
2022-01-20,54284,498809,47472150,29137511
2022-01-21,42014,493864,47514164,29631375
2022-01-22,31098,469592,47545262,30100967
2022-01-23,34890,275365,47580152,30376332
2022-01-24,56130,437209,47636282,30813541
2022-01-25,61507,452086,47697789,31265627
2022-01-26,58495,435818,47756284,31701445
2022-01-27,48793,432353,47805077,32133798
2022-01-28,58644,436529,47863721,32570327
2022-01-29,68059,412479,47931780,32982806
2022-01-30,50342,235966,47982122,33218772
2022-01-31,60582,356920,48042704,33575692
2022-02-01,65500,328431,48108204,33904123
2022-02-02,63146,296965,48171350,34201088
2022-02-03,60015,274513,48231365,34475601
2022-02-04,72334,268448,48303699,34744049
2022-02-05,83719,248526,48387418,34992575
2022-02-06,55265,116194,48442683,35108769
2022-02-07,65111,199930,48507794,35308699
2022-02-08,66904,186102,48574698,35494801
2022-02-09,58732,166330,48633430,35661131
2022-02-10,58528,163231,48691958,35824362
2022-02-11,62217,162453,48754175,35986815
2022-02-12,71947,152136,48826122,36138951
2022-02-13,41462,68849,48867584,36207800
2022-02-14,46659,116184,48914243,36323984
2022-02-15,48507,123476,48962750,36447460
2022-02-16,45661,106111,49008411,36553571
2022-02-17,42851,98101,49051262,36651672
2022-02-18,46596,112566,49097858,36764238
2022-02-19,52516,100327,49150374,36864565
2022-02-20,31409,40360,49181783,36904925
2022-02-21,37885,89643,49219668,36994568
2022-02-22,37209,83769,49256877,37078337
2022-02-23,33373,79403,49290250,37157740
2022-02-24,32546,78160,49322796,37235900
2022-02-25,34745,90705,49357541,37326605
2022-02-26,39144,89132,49396685,37415737
2022-02-27,22540,35855,49419225,37451592
2022-02-28,28465,81693,49447690,37533285
2022-03-01,22701,53936,49470391,37587221
2022-03-02,21987,50627,49492378,37637848
2022-03-03,22600,54941,49514978,37692789
2022-03-04,23211,62791,49538189,37755580
2022-03-05,23783,57951,49561972,37813531
2022-03-06,9471,17200,49571443,37830731
2022-03-07,15898,51389,49587341,37882120
2022-03-08,15452,48795,49602793,37930915
2022-03-09,13802,46514,49616595,37977429
2022-03-10,14030,52115,49630625,38029544
2022-03-11,15567,57251,49646192,38086795
2022-03-12,15491,56613,49661683,38143408
2022-03-13,5543,16849,49667226,38160257
2022-03-14,10517,46691,49677743,38206948
2022-03-15,10533,46892,49688276,38253840
2022-03-16,9472,41978,49697748,38295818
2022-03-17,9699,44875,49707447,38340693
2022-03-18,10150,49051,49717597,38389744
2022-03-19,9144,46530,49726741,38436274
2022-03-20,2607,11699,49729348,38447973
2022-03-21,7573,40222,49736921,38488195
2022-03-22,8440,37748,49745361,38525943
2022-03-23,7204,33695,49752565,38559638
2022-03-24,8247,38795,49760812,38598433
2022-03-25,8128,43665,49768940,38642098
2022-03-26,8121,41723,49777061,38683821
2022-03-27,2428,9682,49779489,38693503
2022-03-28,6099,35230,49785588,38728733
2022-03-29,5773,32523,49791361,38761256
2022-03-30,5556,30193,49796917,38791449
2022-03-31,5884,33173,49802801,38824622
2022-04-01,4340,25187,49807141,38849809
2022-04-02,4489,23272,49811630,38873081
2022-04-03,1048,4499,49812678,38877580
2022-04-04,3653,21530,49816331,38899110
2022-04-05,3747,22923,49820078,38922033
2022-04-06,4098,21845,49824176,38943878
2022-04-07,3956,23317,49828132,38967195
2022-04-08,4683,26709,49832815,38993904
2022-04-09,4375,23885,49837190,39017789
2022-04-10,893,4614,49838083,39022403
2022-04-11,3802,22683,49841885,39045086
2022-04-12,3356,21776,49845241,39066862
2022-04-13,3560,21333,49848801,39088195
2022-04-14,3484,23777,49852285,39111972
2022-04-15,3078,20615,49855363,39132587
2022-04-16,2149,11921,49857512,39144508
2022-04-17,63,348,49857575,39144856
2022-04-18,149,650,49857724,39145506
2022-04-19,3489,21978,49861213,39167484
2022-04-20,3500,20249,49864713,39187733
2022-04-21,2839,19781,49867552,39207514
2022-04-22,2917,20696,49870469,39228210
2022-04-23,2637,16209,49873106,39244419
2022-04-24,509,2335,49873615,39246754
2022-04-25,183,1165,49873798,39247919
2022-04-26,2759,17791,49876557,39265710
2022-04-27,2364,15783,49878921,39281493
2022-04-28,2349,15534,49881270,39297027
2022-04-29,2291,14836,49883561,39311863
2022-04-30,2121,11576,49885682,39323439
2022-05-01,113,530,49885795,39323969
2022-05-02,1443,9382,49887238,39333351
2022-05-03,1572,10309,49888810,39343660
2022-05-04,1743,10255,49890553,39353915
2022-05-05,1647,10272,49892200,39364187
2022-05-06,1693,10944,49893893,39375131
2022-05-07,1431,8563,49895324,39383694
2022-05-08,404,1514,49895728,39385208
2022-05-09,1024,8917,49896752,39394125
2022-05-10,1418,9536,49898170,39403661
2022-05-11,1479,10087,49899649,39413748
2022-05-12,1368,10119,49901017,39423867
2022-05-13,1587,10509,49902604,39434376
2022-05-14,1357,8226,49903961,39442602
2022-05-15,336,1129,49904297,39443731
2022-05-16,812,8388,49905109,39452119
2022-05-17,1241,8670,49906350,39460789
2022-05-18,1368,9215,49907718,39470004
2022-05-19,1498,9267,49909216,39479271
2022-05-20,1419,9492,49910635,39488763
2022-05-21,1299,7892,49911934,39496655
2022-05-22,231,1012,49912165,39497667
2022-05-23,826,8260,49912991,39505927
2022-05-24,1070,8665,49914061,39514592
2022-05-25,1364,9444,49915425,39524036
2022-05-26,1194,9453,49916619,39533489
2022-05-27,1225,9910,49917844,39543399
2022-05-28,1202,7873,49919046,39551272
2022-05-29,285,1264,49919331,39552536
2022-05-30,930,8026,49920261,39560562
2022-05-31,1033,8531,49921294,39569093
2022-06-01,892,7644,49922186,39576737
2022-06-02,35,474,49922221,39577211
2022-06-03,813,7327,49923034,39584538
2022-06-04,870,5155,49923904,39589693
2022-06-05,89,586,49923993,39590279
2022-06-06,672,6964,49924665,39597243
2022-06-07,930,7841,49925595,39605084
2022-06-08,982,7897,49926577,39612981
2022-06-09,1034,8400,49927611,39621381
2022-06-10,955,8540,49928566,39629921
2022-06-11,900,6207,49929466,39636128
2022-06-12,140,767,49929606,39636895
2022-06-13,603,6295,49930209,39643190
2022-06-14,825,7881,49931034,39651071
2022-06-15,950,7845,49931984,39658916
2022-06-16,728,7383,49932712,39666299
2022-06-17,719,7238,49933431,39673537
2022-06-18,776,5589,49934207,39679126
2022-06-19,47,522,49934254,39679648
2022-06-20,587,6694,49934841,39686342
2022-06-21,732,7643,49935573,39693985
2022-06-22,780,7303,49936353,39701288
2022-06-23,649,7455,49937002,39708743
2022-06-24,643,7472,49937645,39716215
2022-06-25,835,6531,49938480,39722746
2022-06-26,128,523,49938608,39723269
2022-06-27,532,7119,49939140,39730388
2022-06-28,744,8208,49939884,39738596
2022-06-29,755,7718,49940639,39746314
2022-06-30,744,8131,49941383,39754445
2022-07-01,577,6436,49941960,39760881
2022-07-02,536,4765,49942496,39765646
2022-07-03,49,456,49942545,39766102
2022-07-04,470,6269,49943015,39772371
2022-07-05,622,8107,49943637,39780478
2022-07-06,626,7594,49944263,39788072
2022-07-07,565,8251,49944828,39796323
2022-07-08,670,8076,49945498,39804399
2022-07-09,549,6103,49946047,39810502
2022-07-10,58,533,49946105,39811035
2022-07-11,484,7629,49946589,39818664
2022-07-12,661,9000,49947250,39827664
2022-07-13,635,10058,49947885,39837722
2022-07-14,627,10219,49948512,39847941
2022-07-15,620,10659,49949132,39858600
2022-07-16,522,7207,49949654,39865807
2022-07-17,48,769,49949702,39866576
2022-07-18,498,9345,49950200,39875921
2022-07-19,573,10644,49950773,39886565
2022-07-20,576,11251,49951349,39897816
2022-07-21,623,12026,49951972,39909842
2022-07-22,579,11215,49952551,39921057
2022-07-23,377,6733,49952928,39927790
2022-07-24,76,834,49953004,39928624
2022-07-25,497,9026,49953501,39937650
2022-07-26,517,9718,49954018,39947368
2022-07-27,542,10145,49954560,39957513
2022-07-28,524,10462,49955084,39967975
2022-07-29,510,9406,49955594,39977381
2022-07-30,381,5849,49955975,39983230
2022-07-31,49,746,49956024,39983976
2022-08-01,385,6817,49956409,39990793
2022-08-02,536,7505,49956945,39998298
2022-08-03,498,7112,49957443,40005410
2022-08-04,448,7403,49957891,40012813
2022-08-05,414,6453,49958305,40019266
2022-08-06,298,3578,49958603,40022844
2022-08-07,44,549,49958647,40023393
2022-08-08,391,4857,49959038,40028250
2022-08-09,383,5261,49959421,40033511
2022-08-10,370,4758,49959791,40038269
2022-08-11,360,4743,49960151,40043012
2022-08-12,286,3682,49960437,40046694
2022-08-13,140,1595,49960577,40048289
2022-08-14,9,128,49960586,40048417
2022-08-15,1,24,49960587,40048441
2022-08-16,281,3016,49960868,40051457
2022-08-17,348,3490,49961216,40054947
2022-08-18,381,4119,49961597,40059066
2022-08-19,331,3297,49961928,40062363
2022-08-20,180,1698,49962108,40064061
2022-08-21,24,145,49962132,40064206
2022-08-22,326,2919,49962458,40067125
2022-08-23,368,3614,49962826,40070739
2022-08-24,375,3258,49963201,40073997
2022-08-25,402,3520,49963603,40077517
2022-08-26,376,3289,49963979,40080806