data_somministrazione,vaccinazioni,booster,cum_vaccinazioni,cum_booster
2020-12-27,20,0,20,0
2020-12-28,2,0,22,0
2020-12-29,1,0,23,0
2020-12-30,10,0,33,0
2020-12-31,77,0,110,0
2021-01-01,25,0,135,0
2021-01-02,143,0,278,0
2021-01-03,105,0,383,0
2021-01-04,236,0,619,0
2021-01-05,280,0,899,0
2021-01-06,249,0,1148,0
2021-01-07,323,0,1471,0
2021-01-08,378,0,1849,0
2021-01-09,281,0,2130,0
2021-01-10,165,0,2295,0
2021-01-11,308,0,2603,0
2021-01-12,283,0,2886,0
2021-01-13,417,0,3303,0
2021-01-14,504,0,3807,0
2021-01-15,319,0,4126,0
2021-01-16,224,0,4350,0
2021-01-17,3064,0,7414,0
2021-01-18,5220,0,12634,0
2021-01-19,1894,0,14528,0
2021-01-20,4659,0,19187,0
2021-01-21,20005,0,39192,0
2021-01-22,14220,0,53412,0
2021-01-23,33324,0,86736,0
2021-01-24,30775,0,117511,0
2021-01-25,64705,0,182216,0
2021-01-26,76465,0,258681,0
2021-01-27,64810,0,323491,0
2021-01-28,89255,0,412746,0
2021-01-29,93996,0,506742,0
2021-01-30,86544,0,593286,0
2021-01-31,57325,0,650611,0
2021-02-01,81835,0,732446,0
2021-02-02,82135,0,814581,0
2021-02-03,91107,0,905688,0
2021-02-04,95383,0,1001071,0
2021-02-05,90267,0,1091338,0
2021-02-06,63449,0,1154787,0
2021-02-07,32934,0,1187721,0
2021-02-08,40421,0,1228142,0
2021-02-09,32880,0,1261022,0
2021-02-10,28435,0,1289457,0
2021-02-11,20405,0,1309862,0
2021-02-12,16251,0,1326113,0
2021-02-13,7279,0,1333392,0
2021-02-14,2862,0,1336254,0
2021-02-15,6847,0,1343101,0
2021-02-16,7004,0,1350105,0
2021-02-17,10526,0,1360631,0
2021-02-18,9256,0,1369887,0
2021-02-19,8258,0,1378145,0
2021-02-20,5577,0,1383722,0
2021-02-21,3014,0,1386736,0
2021-02-22,6883,0,1393619,0
2021-02-23,7187,0,1400806,0
2021-02-24,9812,0,1410618,0
2021-02-25,14213,0,1424831,0
2021-02-26,17559,0,1442390,0
2021-02-27,13920,0,1456310,0
2021-02-28,9396,0,1465706,0
2021-03-01,26527,0,1492233,0
2021-03-02,33248,0,1525481,0
2021-03-03,44649,0,1570130,0
2021-03-04,50302,0,1620432,0
2021-03-05,55743,0,1676175,0
2021-03-06,41880,0,1718055,0
2021-03-07,22331,0,1740386,0
2021-03-08,50836,0,1791222,0
2021-03-09,53091,0,1844313,0
2021-03-10,58687,0,1903000,0
2021-03-11,63884,0,1966884,0
2021-03-12,65137,0,2032021,0
2021-03-13,51729,0,2083750,0
2021-03-14,35423,0,2119173,0
2021-03-15,73459,0,2192632,0
2021-03-16,74031,0,2266663,0
2021-03-17,83141,0,2349804,0
2021-03-18,81629,0,2431433,0
2021-03-19,81089,0,2512522,0
2021-03-20,64737,0,2577259,0
2021-03-21,47309,0,2624568,0
2021-03-22,69501,0,2694069,0
2021-03-23,75815,0,2769884,0
2021-03-24,90923,0,2860807,0
2021-03-25,89821,0,2950628,0
2021-03-26,83640,0,3034268,0
2021-03-27,71957,0,3106225,0
2021-03-28,44183,0,3150408,0
2021-03-29,70848,0,3221256,0
2021-03-30,81407,0,3302663,0
2021-03-31,96258,0,3398921,0
2021-04-01,95329,0,3494250,0
2021-04-02,84085,0,3578335,0
2021-04-03,64304,0,3642639,0
2021-04-04,21724,0,3664363,0
2021-04-05,40318,0,3704681,0
2021-04-06,81336,0,3786017,0
2021-04-07,95840,0,3881857,0
2021-04-08,95259,0,3977116,0
2021-04-09,88501,0,4065617,0
2021-04-10,74035,0,4139652,0
2021-04-11,44769,0,4184421,0
2021-04-12,66922,0,4251343,0
2021-04-13,72594,0,4323937,0
2021-04-14,85550,0,4409487,0
2021-04-15,105425,0,4514912,0
2021-04-16,106431,0,4621343,0
2021-04-17,90528,0,4711871,0
2021-04-18,58596,0,4770467,0
2021-04-19,93436,0,4863903,0
2021-04-20,103776,0,4967679,0
2021-04-21,125342,0,5093021,0
2021-04-22,143524,0,5236545,0
2021-04-23,138750,0,5375295,0
2021-04-24,124454,0,5499749,0
2021-04-25,61471,0,5561220,0
2021-04-26,97909,0,5659129,0
2021-04-27,128374,0,5787503,0
2021-04-28,156392,0,5943895,0
2021-04-29,195621,0,6139516,0
2021-04-30,214613,0,6354129,0
2021-05-01,174141,0,6528270,0
2021-05-02,135809,0,6664079,0
2021-05-03,142067,0,6806146,0
2021-05-04,158712,0,6964858,0
2021-05-05,170545,0,7135403,0
2021-05-06,197823,0,7333226,0
2021-05-07,213873,0,7547099,0
2021-05-08,213439,0,7760538,0
2021-05-09,143217,0,7903755,0
2021-05-10,165101,0,8068856,0
2021-05-11,175009,0,8243865,0
2021-05-12,179223,0,8423088,0
2021-05-13,203423,0,8626511,0
2021-05-14,222943,0,8849454,0
2021-05-15,210392,0,9059846,0
2021-05-16,159285,0,9219131,0
2021-05-17,219221,0,9438352,0
2021-05-18,213032,0,9651384,0
2021-05-19,207103,0,9858487,0
2021-05-20,270888,0,10129375,0
2021-05-21,270916,0,10400291,0
2021-05-22,245546,0,10645837,0
2021-05-23,197188,0,10843025,0
2021-05-24,228310,0,11071335,0
2021-05-25,245702,0,11317037,0
2021-05-26,277515,0,11594552,0
2021-05-27,311105,0,11905657,0
2021-05-28,299590,0,12205247,0
2021-05-29,231250,0,12436497,0
2021-05-30,170853,0,12607350,0
2021-05-31,216438,0,12823788,0
2021-06-01,207638,0,13031426,0
2021-06-02,115805,0,13147231,0
2021-06-03,180176,0,13327407,0
2021-06-04,184920,0,13512327,0
2021-06-05,185999,0,13698326,0
2021-06-06,139587,0,13837913,0
2021-06-07,161903,0,13999816,0
2021-06-08,171284,0,14171100,0
2021-06-09,171524,0,14342624,0
2021-06-10,174159,0,14516783,0
2021-06-11,170028,0,14686811,0
2021-06-12,128395,0,14815206,0
2021-06-13,91230,0,14906436,0
2021-06-14,214707,0,15121143,0
2021-06-15,228463,0,15349606,0
2021-06-16,253115,0,15602721,0
2021-06-17,301778,0,15904499,0
2021-06-18,306327,0,16210826,0
2021-06-19,275120,0,16485946,0
2021-06-20,220822,0,16706768,0
2021-06-21,288100,0,16994868,0
2021-06-22,296248,0,17291116,0
2021-06-23,302703,0,17593819,0
2021-06-24,332621,0,17926440,0
2021-06-25,348732,0,18275172,0
2021-06-26,300150,0,18575322,0
2021-06-27,228693,0,18804015,0
2021-06-28,307153,0,19111168,0
2021-06-29,329334,0,19440502,0
2021-06-30,342222,0,19782724,0
2021-07-01,363243,0,20145967,0
2021-07-02,368506,0,20514473,0
2021-07-03,371105,0,20885578,0
2021-07-04,283239,0,21168817,0
2021-07-05,384564,0,21553381,0
2021-07-06,385495,0,21938876,0
2021-07-07,412139,0,22351015,0
2021-07-08,479590,0,22830605,0
2021-07-09,498464,0,23329069,0
2021-07-10,475168,0,23804237,0
2021-07-11,357699,0,24161936,0
2021-07-12,485878,0,24647814,0
2021-07-13,492078,0,25139892,0
2021-07-14,480433,0,25620325,0
2021-07-15,523425,0,26143750,0
2021-07-16,509750,0,26653500,0
2021-07-17,464320,0,27117820,0
2021-07-18,364637,0,27482457,0
2021-07-19,463033,0,27945490,0
2021-07-20,458044,0,28403534,0
2021-07-21,462791,0,28866325,0
2021-07-22,475376,0,29341701,0
2021-07-23,441316,0,29783017,0
2021-07-24,386145,0,30169162,0
2021-07-25,287553,0,30456715,0
2021-07-26,430888,0,30887603,0
2021-07-27,440109,0,31327712,0
2021-07-28,391016,0,31718728,0
2021-07-29,372073,0,32090801,0
2021-07-30,341518,0,32432319,0
2021-07-31,287046,0,32719365,0
2021-08-01,190999,0,32910364,0
2021-08-02,333703,0,33244067,0
2021-08-03,323187,0,33567254,0
2021-08-04,310983,0,33878237,0
2021-08-05,292484,0,34170721,0
2021-08-06,260037,0,34430758,0
2021-08-07,199062,0,34629820,0
2021-08-08,153108,0,34782928,0
2021-08-09,234085,0,35017013,0
2021-08-10,205279,0,35222292,0
2021-08-11,193790,0,35416082,0
2021-08-12,168061,0,35584143,0
2021-08-13,148666,0,35732809,0
2021-08-14,66103,0,35798912,0
2021-08-15,26343,0,35825255,0
2021-08-16,114714,0,35939969,0
2021-08-17,129253,0,36069222,0
2021-08-18,128766,0,36197988,0
2021-08-19,124850,0,36322838,0
2021-08-20,123797,0,36446635,0
2021-08-21,83133,0,36529768,0
2021-08-22,68180,0,36597948,0
2021-08-23,176874,0,36774822,0
2021-08-24,156892,0,36931714,0
2021-08-25,177172,0,37108886,0
2021-08-26,172354,0,37281240,0
2021-08-27,185832,0,37467072,0
2021-08-28,140292,0,37607364,0
2021-08-29,98993,0,37706357,0
2021-08-30,209583,0,37915940,0
2021-08-31,194641,0,38110581,0
2021-09-01,192216,0,38302797,0
2021-09-02,189933,0,38492730,0
2021-09-03,191286,0,38684016,0
2021-09-04,131446,0,38815462,0
2021-09-05,87845,0,38903307,0
2021-09-06,193605,0,39096912,0
2021-09-07,196035,0,39292947,0
2021-09-08,187864,0,39480811,0
2021-09-09,201420,0,39682231,0
2021-09-10,198054,0,39880285,0
2021-09-11,141293,0,40021578,0
2021-09-12,89591,0,40111169,0
2021-09-13,191108,643,40302277,643
2021-09-14,177216,647,40479493,1290
2021-09-15,163078,649,40642571,1939
2021-09-16,160045,998,40802616,2937
2021-09-17,150155,1169,40952771,4106
2021-09-18,127978,777,41080749,4883
2021-09-19,81144,508,41161893,5391
2021-09-20,180065,9126,41341958,14517
2021-09-21,166672,8862,41508630,23379
2021-09-22,159112,9462,41667742,32841
2021-09-23,138102,9357,41805844,42198
2021-09-24,140550,9013,41946394,51211
2021-09-25,119562,5673,42065956,56884
2021-09-26,71991,4365,42137947,61249
2021-09-27,135664,10083,42273611,71332
2021-09-28,117518,11423,42391129,82755
2021-09-29,112376,11850,42503505,94605
2021-09-30,110286,14980,42613791,109585
2021-10-01,94992,19144,42708783,128729
2021-10-02,78519,14043,42787302,142772
2021-10-03,47760,7669,42835062,150441
2021-10-04,88391,34482,42923453,184923
2021-10-05,80378,34018,43003831,218941
2021-10-06,72008,34208,43075839,253149
2021-10-07,71880,34371,43147719,287520
2021-10-08,80639,33621,43228358,321141
2021-10-09,76115,22194,43304473,343335
2021-10-10,45789,13631,43350262,356966
2021-10-11,87447,41131,43437709,398097
2021-10-12,84517,46933,43522226,445030
2021-10-13,88216,52164,43610442,497194
2021-10-14,91554,58555,43701996,555749
2021-10-15,93601,55675,43795597,611424
2021-10-16,82971,36823,43878568,648247
2021-10-17,51462,23861,43930030,672108
2021-10-18,90302,59519,44020332,731627
2021-10-19,78356,69406,44098688,801033
2021-10-20,75061,78211,44173749,879244
2021-10-21,78286,81813,44252035,961057
2021-10-22,73767,77082,44325802,1038139
2021-10-23,60835,51973,44386637,1090112
2021-10-24,33369,23479,44420006,1113591
2021-10-25,64894,81666,44484900,1195257
2021-10-26,58376,91832,44543276,1287089
2021-10-27,58315,104030,44601591,1391119
2021-10-28,61446,114155,44663037,1505274
2021-10-29,61635,103182,44724672,1608456
2021-10-30,50676,68145,44775348,1676601
2021-10-31,25160,28310,44800508,1704911
2021-11-01,19049,28158,44819557,1733069
2021-11-02,62741,89435,44882298,1822504
2021-11-03,60714,118701,44943012,1941205
2021-11-04,59238,126700,45002250,2067905
2021-11-05,63092,135224,45065342,2203129
2021-11-06,46490,90939,45111832,2294068
2021-11-07,22248,37906,45134080,2331974
2021-11-08,51528,131292,45185608,2463266
2021-11-09,45401,144237,45231009,2607503
2021-11-10,42594,156373,45273603,2763876
2021-11-11,44928,155172,45318531,2919048
2021-11-12,46295,158702,45364826,3077750
2021-11-13,33267,116680,45398093,3194430
2021-11-14,14492,52460,45412585,3246890
2021-11-15,36908,157443,45449493,3404333
2021-11-16,30567,171404,45480060,3575737
2021-11-17,28470,178460,45508530,3754197
2021-11-18,30292,193762,45538822,3947959
2021-11-19,28821,205884,45567643,4153843
2021-11-20,21011,156457,45588654,4310300
2021-11-21,10610,64872,45599264,4375172
2021-11-22,21959,213160,45621223,4588332
2021-11-23,23603,241801,45644826,4830133
2021-11-24,27769,271094,45672595,5101227
2021-11-25,23265,301936,45695860,5403163
2021-11-26,24598,318308,45720458,5721471
2021-11-27,21412,266171,45741870,5987642
2021-11-28,9909,137070,45751779,6124712
2021-11-29,22366,326073,45774145,6450785
2021-11-30,23117,365862,45797262,6816647
2021-12-01,21555,413532,45818817,7230179
2021-12-02,23790,440440,45842607,7670619
2021-12-03,25273,467531,45867880,8138150
2021-12-04,22393,418799,45890273,8556949
2021-12-05,11943,261365,45902216,8818314
2021-12-06,25843,457629,45928059,9275943
2021-12-07,24159,480301,45952218,9756244
2021-12-08,10030,249721,45962248,10005965
2021-12-09,31615,491963,45993863,10497928
2021-12-10,28101,517930,46021964,11015858
2021-12-11,23589,459277,46045553,11475135
2021-12-12,12323,293528,46057876,11768663
2021-12-13,26176,467654,46084052,12236317
2021-12-14,25204,494236,46109256,12730553
2021-12-15,25368,517189,46134624,13247742
2021-12-16,27926,520301,46162550,13768043
2021-12-17,29394,517219,46191944,14285262
2021-12-18,27111,468777,46219055,14754039
2021-12-19,15171,300542,46234226,15054581
2021-12-20,30667,477508,46264893,15532089
2021-12-21,30410,493438,46295303,16025527
2021-12-22,29487,484751,46324790,16510278
2021-12-23,28286,426959,46353076,16937237
2021-12-24,13125,210842,46366201,17148079
2021-12-25,2104,33053,46368305,17181132
2021-12-26,8776,159077,46377081,17340209
2021-12-27,46847,504692,46423928,17844901
2021-12-28,42507,554255,46466435,18399156
2021-12-29,34390,550677,46500825,18949833
2021-12-30,31892,499865,46532717,19449698
2021-12-31,14148,247407,46546865,19697105
2022-01-01,3499,64815,46550364,19761920
2022-01-02,22829,276727,46573193,20038647
2022-01-03,47940,520035,46621133,20558682
2022-01-04,46471,572104,46667604,21130786
2022-01-05,40842,560423,46708446,21691209
2022-01-06,23536,274491,46731982,21965700
2022-01-07,63796,554221,46795778,22519921
2022-01-08,60967,503413,46856745,23023334
2022-01-09,42957,319701,46899702,23343035
2022-01-10,61174,542324,46960876,23885359
2022-01-11,61840,587037,47022716,24472396
2022-01-12,58548,581306,47081264,25053702
2022-01-13,58706,580431,47139970,25634133
2022-01-14,46932,588612,47186902,26222745
2022-01-15,39560,569984,47226462,26792729
2022-01-16,31312,341892,47257774,27134621
2022-01-17,54847,489688,47312621,27624309
2022-01-18,58466,517054,47371087,28141363
2022-01-19,57264,502823,47428351,28644186
2022-01-20,54417,498861,47482768,29143047
2022-01-21,42177,493897,47524945,29636944
2022-01-22,31293,469619,47556238,30106563
2022-01-23,34983,275391,47591221,30381954
2022-01-24,56231,437245,47647452,30819199
2022-01-25,61599,452130,47709051,31271329
2022-01-26,58589,435848,47767640,31707177
2022-01-27,48887,432402,47816527,32139579
2022-01-28,58749,436560,47875276,32576139
2022-01-29,68188,412516,47943464,32988655
2022-01-30,50409,235985,47993873,33224640
2022-01-31,60702,356946,48054575,33581586
2022-02-01,65616,328465,48120191,33910051
2022-02-02,63248,296994,48183439,34207045
2022-02-03,60087,274534,48243526,34481579
2022-02-04,72410,268471,48315936,34750050
2022-02-05,83818,248550,48399754,34998600
2022-02-06,55308,116208,48455062,35114808
2022-02-07,65177,199945,48520239,35314753
2022-02-08,66954,186127,48587193,35500880
2022-02-09,58774,166353,48645967,35667233
2022-02-10,58598,163249,48704565,35830482
2022-02-11,62275,162477,48766840,35992959
2022-02-12,72008,152155,48838848,36145114
2022-02-13,41483,68855,48880331,36213969
2022-02-14,46714,116190,48927045,36330159
2022-02-15,48564,123481,48975609,36453640
2022-02-16,45687,106129,49021296,36559769
2022-02-17,42873,98120,49064169,36657889
2022-02-18,46633,112583,49110802,36770472
2022-02-19,52546,100339,49163348,36870811
2022-02-20,31417,40366,49194765,36911177
2022-02-21,37899,89658,49232664,37000835
2022-02-22,37224,83784,49269888,37084619
2022-02-23,33400,79410,49303288,37164029
2022-02-24,32561,78166,49335849,37242195
2022-02-25,34771,90715,49370620,37332910
2022-02-26,39162,89135,49409782,37422045
2022-02-27,22548,35857,49432330,37457902
2022-02-28,28486,81696,49460816,37539598
2022-03-01,22726,53942,49483542,37593540
2022-03-02,21934,50711,49505476,37644251
2022-03-03,22635,54947,49528111,37699198
2022-03-04,23242,62800,49551353,37761998
2022-03-05,23802,57952,49575155,37819950
2022-03-06,9474,17201,49584629,37837151
2022-03-07,15924,51391,49600553,37888542
2022-03-08,15481,48795,49616034,37937337
2022-03-09,13816,46517,49629850,37983854
2022-03-10,14057,52125,49643907,38035979
2022-03-11,15590,57271,49659497,38093250
2022-03-12,15510,56619,49675007,38149869
2022-03-13,5545,16852,49680552,38166721
2022-03-14,10528,46701,49691080,38213422
2022-03-15,10552,46894,49701632,38260316
2022-03-16,9482,41973,49711114,38302289
2022-03-17,9723,44876,49720837,38347165
2022-03-18,10161,49058,49730998,38396223
2022-03-19,9151,46539,49740149,38442762
2022-03-20,2608,11704,49742757,38454466
2022-03-21,7581,40227,49750338,38494693
2022-03-22,8448,37766,49758786,38532459
2022-03-23,7218,33700,49766004,38566159
2022-03-24,8259,38820,49774263,38604979
2022-03-25,8142,43671,49782405,38648650
2022-03-26,8127,41722,49790532,38690372
2022-03-27,2431,9683,49792963,38700055
2022-03-28,6112,35241,49799075,38735296
2022-03-29,5780,32531,49804855,38767827
2022-03-30,5567,30204,49810422,38798031
2022-03-31,5903,33186,49816325,38831217
2022-04-01,4349,25189,49820674,38856406
2022-04-02,4497,23275,49825171,38879681
2022-04-03,1049,4500,49826220,38884181
2022-04-04,3660,21544,49829880,38905725
2022-04-05,3758,22936,49833638,38928661
2022-04-06,4105,21852,49837743,38950513
2022-04-07,3970,23320,49841713,38973833
2022-04-08,4696,26714,49846409,39000547
2022-04-09,4382,23888,49850791,39024435
2022-04-10,893,4613,49851684,39029048
2022-04-11,3819,22689,49855503,39051737
2022-04-12,3365,21779,49858868,39073516
2022-04-13,3570,21336,49862438,39094852
2022-04-14,3487,23787,49865925,39118639
2022-04-15,3083,20621,49869008,39139260
2022-04-16,2151,11918,49871159,39151178
2022-04-17,63,348,49871222,39151526
2022-04-18,152,650,49871374,39152176
2022-04-19,3499,21983,49874873,39174159
2022-04-20,3512,20251,49878385,39194410
2022-04-21,2848,19791,49881233,39214201
2022-04-22,2928,20712,49884161,39234913
2022-04-23,2647,16221,49886808,39251134
2022-04-24,509,2334,49887317,39253468
2022-04-25,183,1165,49887500,39254633
2022-04-26,2759,17810,49890259,39272443
2022-04-27,2374,15795,49892633,39288238
2022-04-28,2361,15562,49894994,39303800
2022-04-29,2297,14849,49897291,39318649
2022-04-30,2123,11583,49899414,39330232
2022-05-01,113,531,49899527,39330763
2022-05-02,1451,9391,49900978,39340154
2022-05-03,1577,10321,49902555,39350475
2022-05-04,1745,10271,49904300,39360746
2022-05-05,1654,10296,49905954,39371042
2022-05-06,1702,10969,49907656,39382011
2022-05-07,1431,8570,49909087,39390581
2022-05-08,416,1525,49909503,39392106
2022-05-09,1028,8929,49910531,39401035
2022-05-10,1426,9548,49911957,39410583
2022-05-11,1484,10104,49913441,39420687
2022-05-12,1372,10137,49914813,39430824
2022-05-13,1596,10518,49916409,39441342
2022-05-14,1360,8239,49917769,39449581
2022-05-15,336,1135,49918105,39450716
2022-05-16,814,8404,49918919,39459120
2022-05-17,1244,8697,49920163,39467817
2022-05-18,1372,9235,49921535,39477052
2022-05-19,1500,9282,49923035,39486334
2022-05-20,1422,9532,49924457,39495866
2022-05-21,1301,7900,49925758,39503766
2022-05-22,231,1014,49925989,39504780
2022-05-23,830,8271,49926819,39513051
2022-05-24,1073,8672,49927892,39521723
2022-05-25,1372,9459,49929264,39531182
2022-05-26,1196,9479,49930460,39540661
2022-05-27,1232,9915,49931692,39550576
2022-05-28,1205,7887,49932897,39558463
2022-05-29,288,1265,49933185,39559728
2022-05-30,930,8057,49934115,39567785
2022-05-31,1038,8548,49935153,39576333
2022-06-01,893,7656,49936046,39583989
2022-06-02,35,474,49936081,39584463
2022-06-03,817,7334,49936898,39591797
2022-06-04,870,5162,49937768,39596959
2022-06-05,89,586,49937857,39597545
2022-06-06,678,7003,49938535,39604548
2022-06-07,952,7849,49939487,39612397
2022-06-08,981,7907,49940468,39620304
2022-06-09,1036,8417,49941504,39628721
2022-06-10,958,8563,49942462,39637284
2022-06-11,903,6207,49943365,39643491
2022-06-12,140,768,49943505,39644259
2022-06-13,602,6301,49944107,39650560
2022-06-14,832,7902,49944939,39658462
2022-06-15,960,7855,49945899,39666317
2022-06-16,733,7396,49946632,39673713
2022-06-17,724,7249,49947356,39680962
2022-06-18,777,5594,49948133,39686556
2022-06-19,49,521,49948182,39687077
2022-06-20,587,6699,49948769,39693776
2022-06-21,741,7663,49949510,39701439
2022-06-22,779,7313,49950289,39708752
2022-06-23,648,7472,49950937,39716224
2022-06-24,644,7474,49951581,39723698
2022-06-25,835,6533,49952416,39730231
2022-06-26,128,523,49952544,39730754
2022-06-27,534,7125,49953078,39737879
2022-06-28,747,8207,49953825,39746086
2022-06-29,756,7731,49954581,39753817
2022-06-30,747,8144,49955328,39761961
2022-07-01,577,6443,49955905,39768404
2022-07-02,536,4769,49956441,39773173
2022-07-03,49,456,49956490,39773629
2022-07-04,469,6277,49956959,39779906
2022-07-05,631,8118,49957590,39788024
2022-07-06,633,7611,49958223,39795635
2022-07-07,575,8271,49958798,39803906
2022-07-08,674,8083,49959472,39811989
2022-07-09,550,6105,49960022,39818094
2022-07-10,58,533,49960080,39818627
2022-07-11,491,7639,49960571,39826266
2022-07-12,667,9030,49961238,39835296
2022-07-13,644,10066,49961882,39845362
2022-07-14,637,10226,49962519,39855588
2022-07-15,626,10667,49963145,39866255
2022-07-16,522,7215,49963667,39873470
2022-07-17,48,770,49963715,39874240
2022-07-18,496,9372,49964211,39883612
2022-07-19,575,10684,49964786,39894296
2022-07-20,580,11274,49965366,39905570
2022-07-21,629,12088,49965995,39917658
2022-07-22,584,11258,49966579,39928916
2022-07-23,381,6774,49966960,39935690
2022-07-24,76,857,49967036,39936547
2022-07-25,503,9051,49967539,39945598
2022-07-26,520,9761,49968059,39955359
2022-07-27,552,10208,49968611,39965567
2022-07-28,533,10533,49969144,39976100
2022-07-29,511,9465,49969655,39985565
2022-07-30,383,5881,49970038,39991446
2022-07-31,49,764,49970087,39992210
2022-08-01,386,6864,49970473,39999074
2022-08-02,545,7589,49971018,40006663
2022-08-03,512,7179,49971530,40013842
2022-08-04,455,7489,49971985,40021331
2022-08-05,421,6527,49972406,40027858
2022-08-06,299,3613,49972705,40031471
2022-08-07,44,561,49972749,40032032
2022-08-08,403,4890,49973152,40036922
2022-08-09,381,5311,49973533,40042233
2022-08-10,385,4817,49973918,40047050
2022-08-11,369,4803,49974287,40051853
2022-08-12,293,3720,49974580,40055573
2022-08-13,143,1600,49974723,40057173
2022-08-14,9,129,49974732,40057302
2022-08-15,1,26,49974733,40057328
2022-08-16,282,3043,49975015,40060371
2022-08-17,352,3536,49975367,40063907
2022-08-18,392,4160,49975759,40068067
2022-08-19,341,3319,49976100,40071386
2022-08-20,183,1715,49976283,40073101
2022-08-21,24,149,49976307,40073250
2022-08-22,329,2952,49976636,40076202
2022-08-23,370,3674,49977006,40079876
2022-08-24,384,3360,49977390,40083236
2022-08-25,422,3774,49977812,40087010
2022-08-26,400,3574,49978212,40090584
2022-08-27,237,1769,49978449,40092353
2022-08-28,29,267,49978478,40092620
2022-08-29,354,3161,49978832,40095781
2022-08-30,403,3671,49979235,40099452
2022-08-31,438,3734,49979673,40103186
2022-09-01,353,3116,49980026,40106302
2022-09-02,296,2893,49980322,40109195
2022-09-03,200,1689,49980522,40110884
2022-09-04,24,149,49980546,40111033
2022-09-05,187,2656,49980733,40113689
2022-09-06,305,2981,49981038,40116670
2022-09-07,540,2937,49981578,40119607
2022-09-08,292,2962,49981870,40122569
2022-09-09,305,2886,49982175,40125455
2022-09-10,227,1326,49982402,40126781
2022-09-11,23,124,49982425,40126905
2022-09-12,267,2267,49982692,40129172
2022-09-13,252,2276,49982944,40131448
2022-09-14,266,2566,49983210,40134014
2022-09-15,282,2499,49983492,40136513
2022-09-16,254,2546,49983746,40139059
2022-09-17,239,1339,49983985,40140398
2022-09-18,20,170,49984005,40140568
2022-09-19,206,1970,49984211,40142538
2022-09-20,236,2391,49984447,40144929
2022-09-21,289,2526,49984736,40147455
2022-09-22,266,2662,49985002,40150117
2022-09-23,259,2543,49985261,40152660
2022-09-24,193,1427,49985454,40154087
2022-09-25,29,133,49985483,40154220
2022-09-26,280,2248,49985763,40156468
2022-09-27,287,2683,49986050,40159151
2022-09-28,310,2903,49986360,40162054
2022-09-29,257,3049,49986617,40165103
2022-09-30,292,2989,49986909,40168092
2022-10-01,195,1515,49987104,40169607
2022-10-02,12,187,49987116,40169794
2022-10-03,183,2473,49987299,40172267
2022-10-04,236,2864,49987535,40175131
2022-10-05,229,3249,49987764,40178380
2022-10-06,243,3874,49988007,40182254
2022-10-07,282,4187,49988289,40186441
2022-10-08,202,2270,49988491,40188711
2022-10-09,8,305,49988499,40189016
2022-10-10,210,3356,49988709,40192372
2022-10-11,192,4379,49988901,40196751
2022-10-12,209,4440,49989110,40201191
2022-10-13,201,5304,49989311,40206495
2022-10-14,232,5021,49989543,40211516
2022-10-15,190,2671,49989733,40214187
2022-10-16,6,360,49989739,40214547
2022-10-17,185,3871,49989924,40218418
2022-10-18,257,4964,49990181,40223382
2022-10-19,244,5478,49990425,40228860
2022-10-20,224,5993,49990649,40234853
2022-10-21,250,5476,49990899,40240329
2022-10-22,195,2910,49991094,40243239
2022-10-23,13,364,49991107,40243603
2022-10-24,171,3926,49991278,40247529
2022-10-25,253,4925,49991531,40252454
2022-10-26,345,5499,49991876,40257953
2022-10-27,240,5669,49992116,40263622
2022-10-28,198,5260,49992314,40268882
2022-10-29,128,2844,49992442,40271726
2022-10-30,3,328,49992445,40272054
2022-10-31,117,3035,49992562,40275089
2022-11-01,11,353,49992573,40275442
2022-11-02,143,3715,49992716,40279157
2022-11-03,174,4782,49992890,40283939
2022-11-04,224,4595,49993114,40288534
2022-11-05,144,2594,49993258,40291128
2022-11-06,10,259,49993268,40291387
2022-11-07,170,3222,49993438,40294609
2022-11-08,259,4239,49993697,40298848
2022-11-09,197,4324,49993894,40303172
2022-11-10,182,4577,49994076,40307749
2022-11-11,192,4215,49994268,40311964
2022-11-12,154,2363,49994422,40314327
2022-11-13,7,335,49994429,40314662
2022-11-14,149,2835,49994578,40317497
2022-11-15,201,3737,49994779,40321234
2022-11-16,216,3975,49994995,40325209
2022-11-17,192,4079,49995187,40329288
2022-11-18,247,4004,49995434,40333292
2022-11-19,112,2091,49995546,40335383
2022-11-20,24,314,49995570,40335697
2022-11-21,118,2608,49995688,40338305
2022-11-22,142,3200,49995830,40341505
2022-11-23,193,3610,49996023,40345115
2022-11-24,155,3796,49996178,40348911
2022-11-25,184,3735,49996362,40352646
2022-11-26,130,2087,49996492,40354733
2022-11-27,22,356,49996514,40355089
2022-11-28,177,2665,49996691,40357754
2022-11-29,183,3200,49996874,40360954
2022-11-30,174,3687,49997048,40364641
2022-12-01,222,3563,49997270,40368204
2022-12-02,155,3478,49997425,40371682
2022-12-03,101,1937,49997526,40373619
2022-12-04,5,290,49997531,40373909
2022-12-05,124,2776,49997655,40376685
2022-12-06,163,3500,49997818,40380185
2022-12-07,127,2853,49997945,40383038
2022-12-08,7,122,49997952,40383160
2022-12-09,87,1557,49998039,40384717