data_somministrazione,vaccinazioni,booster,cum_vaccinazioni,cum_booster
2020-12-27,20,0,20,0
2020-12-28,2,0,22,0
2020-12-29,1,0,23,0
2020-12-30,8,0,31,0
2020-12-31,72,0,103,0
2021-01-01,23,0,126,0
2021-01-02,125,0,251,0
2021-01-03,87,0,338,0
2021-01-04,212,0,550,0
2021-01-05,255,0,805,0
2021-01-06,218,0,1023,0
2021-01-07,304,0,1327,0
2021-01-08,350,0,1677,0
2021-01-09,261,0,1938,0
2021-01-10,158,0,2096,0
2021-01-11,281,0,2377,0
2021-01-12,271,0,2648,0
2021-01-13,400,0,3048,0
2021-01-14,484,0,3532,0
2021-01-15,303,0,3835,0
2021-01-16,213,0,4048,0
2021-01-17,3060,0,7108,0
2021-01-18,5211,0,12319,0
2021-01-19,1893,0,14212,0
2021-01-20,4656,0,18868,0
2021-01-21,20004,0,38872,0
2021-01-22,14219,0,53091,0
2021-01-23,33329,0,86420,0
2021-01-24,30785,0,117205,0
2021-01-25,64724,0,181929,0
2021-01-26,76491,0,258420,0
2021-01-27,64826,0,323246,0
2021-01-28,89273,0,412519,0
2021-01-29,94013,0,506532,0
2021-01-30,86557,0,593089,0
2021-01-31,57329,0,650418,0
2021-02-01,81855,0,732273,0
2021-02-02,82143,0,814416,0
2021-02-03,91192,0,905608,0
2021-02-04,95394,0,1001002,0
2021-02-05,90271,0,1091273,0
2021-02-06,63445,0,1154718,0
2021-02-07,32929,0,1187647,0
2021-02-08,40427,0,1228074,0
2021-02-09,32866,0,1260940,0
2021-02-10,28422,0,1289362,0
2021-02-11,20398,0,1309760,0
2021-02-12,16237,0,1325997,0
2021-02-13,7268,0,1333265,0
2021-02-14,2861,0,1336126,0
2021-02-15,6840,0,1342966,0
2021-02-16,6998,0,1349964,0
2021-02-17,10522,0,1360486,0
2021-02-18,9252,0,1369738,0
2021-02-19,8247,0,1377985,0
2021-02-20,5560,0,1383545,0
2021-02-21,2999,0,1386544,0
2021-02-22,6883,0,1393427,0
2021-02-23,7168,0,1400595,0
2021-02-24,9832,0,1410427,0
2021-02-25,14211,0,1424638,0
2021-02-26,17555,0,1442193,0
2021-02-27,13910,0,1456103,0
2021-02-28,9388,0,1465491,0
2021-03-01,26518,0,1492009,0
2021-03-02,33240,0,1525249,0
2021-03-03,44644,0,1569893,0
2021-03-04,50291,0,1620184,0
2021-03-05,55732,0,1675916,0
2021-03-06,41870,0,1717786,0
2021-03-07,22323,0,1740109,0
2021-03-08,50823,0,1790932,0
2021-03-09,53074,0,1844006,0
2021-03-10,58650,0,1902656,0
2021-03-11,63863,0,1966519,0
2021-03-12,65108,0,2031627,0
2021-03-13,51718,0,2083345,0
2021-03-14,35398,0,2118743,0
2021-03-15,73442,0,2192185,0
2021-03-16,74028,0,2266213,0
2021-03-17,83133,0,2349346,0
2021-03-18,81622,0,2430968,0
2021-03-19,81082,0,2512050,0
2021-03-20,64723,0,2576773,0
2021-03-21,47297,0,2624070,0
2021-03-22,69478,0,2693548,0
2021-03-23,75800,0,2769348,0
2021-03-24,90914,0,2860262,0
2021-03-25,89799,0,2950061,0
2021-03-26,83620,0,3033681,0
2021-03-27,71938,0,3105619,0
2021-03-28,44147,0,3149766,0
2021-03-29,70824,0,3220590,0
2021-03-30,81384,0,3301974,0
2021-03-31,96237,0,3398211,0
2021-04-01,95308,0,3493519,0
2021-04-02,84072,0,3577591,0
2021-04-03,64305,0,3641896,0
2021-04-04,21719,0,3663615,0
2021-04-05,40311,0,3703926,0
2021-04-06,81313,0,3785239,0
2021-04-07,95830,0,3881069,0
2021-04-08,95235,0,3976304,0
2021-04-09,88488,0,4064792,0
2021-04-10,74030,0,4138822,0
2021-04-11,44764,0,4183586,0
2021-04-12,66918,0,4250504,0
2021-04-13,72573,0,4323077,0
2021-04-14,85539,0,4408616,0
2021-04-15,105418,0,4514034,0
2021-04-16,106417,0,4620451,0
2021-04-17,90514,0,4710965,0
2021-04-18,58589,0,4769554,0
2021-04-19,93431,0,4862985,0
2021-04-20,103769,0,4966754,0
2021-04-21,125339,0,5092093,0
2021-04-22,143518,0,5235611,0
2021-04-23,138739,0,5374350,0
2021-04-24,124444,0,5498794,0
2021-04-25,61457,0,5560251,0
2021-04-26,97895,0,5658146,0
2021-04-27,128362,0,5786508,0
2021-04-28,156369,0,5942877,0
2021-04-29,195595,0,6138472,0
2021-04-30,214576,0,6353048,0
2021-05-01,174117,0,6527165,0
2021-05-02,135801,0,6662966,0
2021-05-03,142038,0,6805004,0
2021-05-04,158696,0,6963700,0
2021-05-05,170500,0,7134200,0
2021-05-06,197809,0,7332009,0
2021-05-07,213846,0,7545855,0
2021-05-08,213411,0,7759266,0
2021-05-09,143201,0,7902467,0
2021-05-10,165087,0,8067554,0
2021-05-11,174987,0,8242541,0
2021-05-12,179183,0,8421724,0
2021-05-13,203384,0,8625108,0
2021-05-14,222913,0,8848021,0
2021-05-15,210359,0,9058380,0
2021-05-16,159273,0,9217653,0
2021-05-17,219192,0,9436845,0
2021-05-18,213018,0,9649863,0
2021-05-19,207086,0,9856949,0
2021-05-20,270861,0,10127810,0
2021-05-21,270888,0,10398698,0
2021-05-22,245524,0,10644222,0
2021-05-23,197179,0,10841401,0
2021-05-24,228305,0,11069706,0
2021-05-25,245694,0,11315400,0
2021-05-26,277492,0,11592892,0
2021-05-27,311083,0,11903975,0
2021-05-28,299570,0,12203545,0
2021-05-29,231221,0,12434766,0
2021-05-30,170840,0,12605606,0
2021-05-31,216420,0,12822026,0
2021-06-01,207632,0,13029658,0
2021-06-02,115791,0,13145449,0
2021-06-03,180138,0,13325587,0
2021-06-04,184876,0,13510463,0
2021-06-05,185957,0,13696420,0
2021-06-06,139548,0,13835968,0
2021-06-07,161870,0,13997838,0
2021-06-08,171218,0,14169056,0
2021-06-09,171476,0,14340532,0
2021-06-10,174098,0,14514630,0
2021-06-11,169971,0,14684601,0
2021-06-12,128321,0,14812922,0
2021-06-13,91183,0,14904105,0
2021-06-14,214676,0,15118781,0
2021-06-15,228418,0,15347199,0
2021-06-16,253074,0,15600273,0
2021-06-17,301733,0,15902006,0
2021-06-18,306295,0,16208301,0
2021-06-19,275086,0,16483387,0
2021-06-20,220779,0,16704166,0
2021-06-21,288077,0,16992243,0
2021-06-22,296221,0,17288464,0
2021-06-23,302690,0,17591154,0
2021-06-24,332594,0,17923748,0
2021-06-25,348715,0,18272463,0
2021-06-26,300119,0,18572582,0
2021-06-27,228662,0,18801244,0
2021-06-28,307091,0,19108335,0
2021-06-29,329283,0,19437618,0
2021-06-30,342164,0,19779782,0
2021-07-01,363205,0,20142987,0
2021-07-02,368471,0,20511458,0
2021-07-03,371090,0,20882548,0
2021-07-04,283210,0,21165758,0
2021-07-05,384544,0,21550302,0
2021-07-06,385469,0,21935771,0
2021-07-07,412118,0,22347889,0
2021-07-08,479611,0,22827500,0
2021-07-09,498479,0,23325979,0
2021-07-10,475185,0,23801164,0
2021-07-11,357699,0,24158863,0
2021-07-12,485901,0,24644764,0
2021-07-13,492120,0,25136884,0
2021-07-14,480468,0,25617352,0
2021-07-15,523459,0,26140811,0
2021-07-16,509763,0,26650574,0
2021-07-17,464349,0,27114923,0
2021-07-18,364655,0,27479578,0
2021-07-19,463058,0,27942636,0
2021-07-20,458063,0,28400699,0
2021-07-21,462799,0,28863498,0
2021-07-22,475394,0,29338892,0
2021-07-23,441318,0,29780210,0
2021-07-24,386169,0,30166379,0
2021-07-25,287560,0,30453939,0
2021-07-26,430877,0,30884816,0
2021-07-27,440131,0,31324947,0
2021-07-28,391012,0,31715959,0
2021-07-29,372077,0,32088036,0
2021-07-30,341512,0,32429548,0
2021-07-31,287028,0,32716576,0
2021-08-01,191003,0,32907579,0
2021-08-02,333712,0,33241291,0
2021-08-03,323191,0,33564482,0
2021-08-04,310976,0,33875458,0
2021-08-05,292504,0,34167962,0
2021-08-06,260010,0,34427972,0
2021-08-07,199045,0,34627017,0
2021-08-08,153111,0,34780128,0
2021-08-09,234065,0,35014193,0
2021-08-10,205248,0,35219441,0
2021-08-11,193769,0,35413210,0
2021-08-12,168025,0,35581235,0
2021-08-13,148631,0,35729866,0
2021-08-14,66093,0,35795959,0
2021-08-15,26338,0,35822297,0
2021-08-16,114699,0,35936996,0
2021-08-17,129247,0,36066243,0
2021-08-18,128749,0,36194992,0
2021-08-19,124814,0,36319806,0
2021-08-20,123796,0,36443602,0
2021-08-21,83128,0,36526730,0
2021-08-22,68172,0,36594902,0
2021-08-23,176872,0,36771774,0
2021-08-24,156897,0,36928671,0
2021-08-25,177170,0,37105841,0
2021-08-26,172359,0,37278200,0
2021-08-27,185836,0,37464036,0
2021-08-28,140274,0,37604310,0
2021-08-29,98993,0,37703303,0
2021-08-30,209603,0,37912906,0
2021-08-31,194638,0,38107544,0
2021-09-01,192209,0,38299753,0
2021-09-02,189929,0,38489682,0
2021-09-03,191303,0,38680985,0
2021-09-04,131468,0,38812453,0
2021-09-05,87858,0,38900311,0
2021-09-06,193633,0,39093944,0
2021-09-07,196042,0,39289986,0
2021-09-08,187881,0,39477867,0
2021-09-09,201448,0,39679315,0
2021-09-10,198078,0,39877393,0
2021-09-11,141306,0,40018699,0
2021-09-12,89596,0,40108295,0
2021-09-13,191132,595,40299427,595
2021-09-14,177233,609,40476660,1204
2021-09-15,163099,612,40639759,1816
2021-09-16,160077,958,40799836,2774
2021-09-17,150170,1136,40950006,3910
2021-09-18,127983,751,41077989,4661
2021-09-19,81135,499,41159124,5160
2021-09-20,180079,9095,41339203,14255
2021-09-21,166648,8843,41505851,23098
2021-09-22,159087,9447,41664938,32545
2021-09-23,138078,9339,41803016,41884
2021-09-24,140540,8976,41943556,50860
2021-09-25,119555,5652,42063111,56512
2021-09-26,71969,4351,42135080,60863
2021-09-27,135656,10060,42270736,70923
2021-09-28,117505,11403,42388241,82326
2021-09-29,112353,11834,42500594,94160
2021-09-30,110251,14961,42610845,109121
2021-10-01,94986,19119,42705831,128240
2021-10-02,78502,14030,42784333,142270
2021-10-03,47745,7663,42832078,149933
2021-10-04,88375,34465,42920453,184398
2021-10-05,80369,33992,43000822,218390
2021-10-06,71997,34183,43072819,252573
2021-10-07,71858,34361,43144677,286934
2021-10-08,80630,33601,43225307,320535
2021-10-09,76100,22183,43301407,342718
2021-10-10,45778,13620,43347185,356338
2021-10-11,87436,41115,43434621,397453
2021-10-12,84498,46917,43519119,444370
2021-10-13,88195,52130,43607314,496500
2021-10-14,91549,58527,43698863,555027
2021-10-15,93598,55644,43792461,610671
2021-10-16,82965,36799,43875426,647470
2021-10-17,51462,23840,43926888,671310
2021-10-18,90301,59495,44017189,730805
2021-10-19,78346,69387,44095535,800192
2021-10-20,75067,78188,44170602,878380
2021-10-21,78295,81775,44248897,960155
2021-10-22,73782,77048,44322679,1037203
2021-10-23,60827,51964,44383506,1089167
2021-10-24,33374,23466,44416880,1112633
2021-10-25,64906,81641,44481786,1194274
2021-10-26,58371,91813,44540157,1286087
2021-10-27,58333,104006,44598490,1390093
2021-10-28,61460,114128,44659950,1504221
2021-10-29,61641,103152,44721591,1607373
2021-10-30,50676,68124,44772267,1675497
2021-10-31,25162,28300,44797429,1703797
2021-11-01,19047,28155,44816476,1731952
2021-11-02,62746,89409,44879222,1821361
2021-11-03,60726,118675,44939948,1940036
2021-11-04,59249,126680,44999197,2066716
2021-11-05,63093,135198,45062290,2201914
2021-11-06,46483,90933,45108773,2292847
2021-11-07,22253,37898,45131026,2330745
2021-11-08,51531,131279,45182557,2462024
2021-11-09,45397,144222,45227954,2606246
2021-11-10,42584,156361,45270538,2762607
2021-11-11,44936,155143,45315474,2917750
2021-11-12,46367,158596,45361841,3076346
2021-11-13,33263,116658,45395104,3193004
2021-11-14,14490,52454,45409594,3245458
2021-11-15,36900,157438,45446494,3402896
2021-11-16,30558,171387,45477052,3574283
2021-11-17,28465,178447,45505517,3752730
2021-11-18,30280,193736,45535797,3946466
2021-11-19,28811,205862,45564608,4152328
2021-11-20,21001,156452,45585609,4308780
2021-11-21,10611,64860,45596220,4373640
2021-11-22,21944,213154,45618164,4586794
2021-11-23,23579,241765,45641743,4828559
2021-11-24,27846,270970,45669589,5099529
2021-11-25,23239,301919,45692828,5401448
2021-11-26,24585,318279,45717413,5719727
2021-11-27,21387,266158,45738800,5985885
2021-11-28,9902,137060,45748702,6122945
2021-11-29,22339,326075,45771041,6449020
2021-11-30,23097,365826,45794138,6814846
2021-12-01,21525,413521,45815663,7228367
2021-12-02,23773,440416,45839436,7668783
2021-12-03,25266,467488,45864702,8136271
2021-12-04,22375,418759,45887077,8555030
2021-12-05,11933,261349,45899010,8816379
2021-12-06,25809,457596,45924819,9273975
2021-12-07,24139,480272,45948958,9754247
2021-12-08,10001,249701,45958959,10003948
2021-12-09,31589,491943,45990548,10495891
2021-12-10,28072,517896,46018620,11013787
2021-12-11,23571,459259,46042191,11473046
2021-12-12,12309,293514,46054500,11766560
2021-12-13,26158,467639,46080658,12234199
2021-12-14,25173,494217,46105831,12728416
2021-12-15,25339,517160,46131170,13245576
2021-12-16,27889,520267,46159059,13765843
2021-12-17,29364,517190,46188423,14283033
2021-12-18,27071,468741,46215494,14751774
2021-12-19,15157,300533,46230651,15052307
2021-12-20,30635,477492,46261286,15529799
2021-12-21,30386,493393,46291672,16023192
2021-12-22,29456,484719,46321128,16507911
2021-12-23,28263,426916,46349391,16934827
2021-12-24,13113,210835,46362504,17145662
2021-12-25,2104,33053,46364608,17178715
2021-12-26,8765,159071,46373373,17337786
2021-12-27,46807,504670,46420180,17842456
2021-12-28,42460,554228,46462640,18396684
2021-12-29,34361,550654,46497001,18947338
2021-12-30,31850,499838,46528851,19447176
2021-12-31,14128,247396,46542979,19694572
2022-01-01,3495,64815,46546474,19759387
2022-01-02,22783,276723,46569257,20036110
2022-01-03,47866,520020,46617123,20556130
2022-01-04,46390,572089,46663513,21128219
2022-01-05,40768,560398,46704281,21688617
2022-01-06,23498,274489,46727779,21963106
2022-01-07,63716,554195,46791495,22517301
2022-01-08,60880,503395,46852375,23020696
2022-01-09,42881,319685,46895256,23340381
2022-01-10,61093,542292,46956349,23882673
2022-01-11,61735,586996,47018084,24469669
2022-01-12,58461,581278,47076545,25050947
2022-01-13,58622,580389,47135167,25631336
2022-01-14,46820,588570,47181987,26219906
2022-01-15,39428,569941,47221415,26789847
2022-01-16,31239,341859,47252654,27131706
2022-01-17,54779,489660,47307433,27621366
2022-01-18,58401,517018,47365834,28138384
2022-01-19,57202,502788,47423036,28641172
2022-01-20,54351,498826,47477387,29139998
2022-01-21,42094,493869,47519481,29633867
2022-01-22,31209,469594,47550690,30103461
2022-01-23,34941,275368,47585631,30378829
2022-01-24,56186,437224,47641817,30816053
2022-01-25,61552,452111,47703369,31268164
2022-01-26,58548,435830,47761917,31703994
2022-01-27,48841,432376,47810758,32136370
2022-01-28,58700,436538,47869458,32572908
2022-01-29,68132,412490,47937590,32985398
2022-01-30,50378,235965,47987968,33221363
2022-01-31,60631,356932,48048599,33578295
2022-02-01,65557,328444,48114156,33906739
2022-02-02,63199,296975,48177355,34203714
2022-02-03,60053,274515,48237408,34478229
2022-02-04,72377,268453,48309785,34746682
2022-02-05,83776,248529,48393561,34995211
2022-02-06,55285,116201,48448846,35111412
2022-02-07,65146,199938,48513992,35311350
2022-02-08,66925,186111,48580917,35497461
2022-02-09,58755,166334,48639672,35663795
2022-02-10,58573,163237,48698245,35827032
2022-02-11,62245,162465,48760490,35989497
2022-02-12,71974,152139,48832464,36141636
2022-02-13,41470,68849,48873934,36210485
2022-02-14,46687,116186,48920621,36326671
2022-02-15,48529,123476,48969150,36450147
2022-02-16,45675,106117,49014825,36556264
2022-02-17,42860,98106,49057685,36654370
2022-02-18,46617,112571,49104302,36766941
2022-02-19,52534,100329,49156836,36867270
2022-02-20,31411,40360,49188247,36907630
2022-02-21,37885,89647,49226132,36997277
2022-02-22,37217,83774,49263349,37081051
2022-02-23,33390,79405,49296739,37160456
2022-02-24,32546,78161,49329285,37238617
2022-02-25,34754,90708,49364039,37329325
2022-02-26,39154,89130,49403193,37418455
2022-02-27,22544,35856,49425737,37454311
2022-02-28,28475,81689,49454212,37536000
2022-03-01,22717,53939,49476929,37589939
2022-03-02,21992,50632,49498921,37640571
2022-03-03,22615,54941,49521536,37695512
2022-03-04,23228,62794,49544764,37758306
2022-03-05,23795,57949,49568559,37816255
2022-03-06,9471,17200,49578030,37833455
2022-03-07,15913,51387,49593943,37884842
2022-03-08,15471,48794,49609414,37933636
2022-03-09,13812,46517,49623226,37980153
2022-03-10,14046,52115,49637272,38032268
2022-03-11,15582,57260,49652854,38089528
2022-03-12,15501,56615,49668355,38146143
2022-03-13,5543,16850,49673898,38162993
2022-03-14,10521,46695,49684419,38209688
2022-03-15,10537,46890,49694956,38256578
2022-03-16,9477,41971,49704433,38298549
2022-03-17,9713,44871,49714146,38343420
2022-03-18,10157,49054,49724303,38392474
2022-03-19,9148,46531,49733451,38439005
2022-03-20,2608,11700,49736059,38450705
2022-03-21,7578,40224,49743637,38490929
2022-03-22,8446,37758,49752083,38528687
2022-03-23,7213,33699,49759296,38562386
2022-03-24,8257,38799,49767553,38601185
2022-03-25,8133,43662,49775686,38644847
2022-03-26,8125,41720,49783811,38686567
2022-03-27,2429,9681,49786240,38696248
2022-03-28,6106,35237,49792346,38731485
2022-03-29,5774,32527,49798120,38764012
2022-03-30,5564,30200,49803684,38794212
2022-03-31,5890,33181,49809574,38827393
2022-04-01,4347,25186,49813921,38852579
2022-04-02,4493,23274,49818414,38875853
2022-04-03,1049,4499,49819463,38880352
2022-04-04,3657,21536,49823120,38901888
2022-04-05,3756,22927,49826876,38924815
2022-04-06,4101,21848,49830977,38946663
2022-04-07,3965,23320,49834942,38969983
2022-04-08,4690,26709,49839632,38996692
2022-04-09,4381,23884,49844013,39020576
2022-04-10,891,4614,49844904,39025190
2022-04-11,3814,22685,49848718,39047875
2022-04-12,3359,21777,49852077,39069652
2022-04-13,3563,21331,49855640,39090983
2022-04-14,3486,23784,49859126,39114767
2022-04-15,3084,20617,49862210,39135384
2022-04-16,2149,11918,49864359,39147302
2022-04-17,63,348,49864422,39147650
2022-04-18,151,650,49864573,39148300
2022-04-19,3497,21977,49868070,39170277
2022-04-20,3508,20249,49871578,39190526
2022-04-21,2844,19783,49874422,39210309
2022-04-22,2927,20695,49877349,39231004
2022-04-23,2642,16217,49879991,39247221
2022-04-24,509,2334,49880500,39249555
2022-04-25,183,1165,49880683,39250720
2022-04-26,2756,17801,49883439,39268521
2022-04-27,2371,15789,49885810,39284310
2022-04-28,2356,15555,49888166,39299865
2022-04-29,2292,14836,49890458,39314701
2022-04-30,2122,11577,49892580,39326278
2022-05-01,113,530,49892693,39326808
2022-05-02,1450,9388,49894143,39336196
2022-05-03,1575,10314,49895718,39346510
2022-05-04,1746,10260,49897464,39356770
2022-05-05,1652,10278,49899116,39367048
2022-05-06,1700,10950,49900816,39377998
2022-05-07,1431,8563,49902247,39386561
2022-05-08,405,1514,49902652,39388075
2022-05-09,1027,8918,49903679,39396993
2022-05-10,1422,9541,49905101,39406534
2022-05-11,1483,10091,49906584,39416625
2022-05-12,1369,10121,49907953,39426746
2022-05-13,1591,10510,49909544,39437256
2022-05-14,1356,8230,49910900,39445486
2022-05-15,336,1130,49911236,39446616
2022-05-16,811,8394,49912047,39455010
2022-05-17,1243,8674,49913290,39463684
2022-05-18,1372,9224,49914662,39472908
2022-05-19,1500,9272,49916162,39482180
2022-05-20,1422,9498,49917584,39491678
2022-05-21,1299,7893,49918883,39499571
2022-05-22,231,1012,49919114,39500583
2022-05-23,829,8262,49919943,39508845
2022-05-24,1073,8663,49921016,39517508
2022-05-25,1369,9445,49922385,39526953
2022-05-26,1195,9455,49923580,39536408
2022-05-27,1227,9912,49924807,39546320
2022-05-28,1202,7874,49926009,39554194
2022-05-29,286,1264,49926295,39555458
2022-05-30,930,8031,49927225,39563489
2022-05-31,1034,8532,49928259,39572021
2022-06-01,890,7644,49929149,39579665
2022-06-02,35,474,49929184,39580139
2022-06-03,817,7328,49930001,39587467
2022-06-04,870,5157,49930871,39592624
2022-06-05,89,586,49930960,39593210
2022-06-06,675,6986,49931635,39600196
2022-06-07,951,7841,49932586,39608037
2022-06-08,983,7901,49933569,39615938
2022-06-09,1036,8400,49934605,39624338
2022-06-10,957,8552,49935562,39632890
2022-06-11,901,6206,49936463,39639096
2022-06-12,140,767,49936603,39639863
2022-06-13,602,6295,49937205,39646158
2022-06-14,827,7883,49938032,39654041
2022-06-15,954,7844,49938986,39661885
2022-06-16,729,7389,49939715,39669274
2022-06-17,720,7242,49940435,39676516
2022-06-18,777,5589,49941212,39682105
2022-06-19,47,522,49941259,39682627
2022-06-20,587,6695,49941846,39689322
2022-06-21,735,7654,49942581,39696976
2022-06-22,780,7307,49943361,39704283
2022-06-23,651,7459,49944012,39711742
2022-06-24,643,7472,49944655,39719214
2022-06-25,835,6532,49945490,39725746
2022-06-26,128,523,49945618,39726269
2022-06-27,531,7122,49946149,39733391
2022-06-28,745,8193,49946894,39741584
2022-06-29,756,7722,49947650,39749306
2022-06-30,745,8132,49948395,39757438
2022-07-01,576,6438,49948971,39763876
2022-07-02,536,4766,49949507,39768642
2022-07-03,49,456,49949556,39769098
2022-07-04,469,6276,49950025,39775374
2022-07-05,628,8112,49950653,39783486
2022-07-06,631,7607,49951284,39791093
2022-07-07,570,8264,49951854,39799357
2022-07-08,671,8079,49952525,39807436
2022-07-09,550,6103,49953075,39813539
2022-07-10,58,533,49953133,39814072
2022-07-11,487,7639,49953620,39821711
2022-07-12,665,9028,49954285,39830739
2022-07-13,640,10063,49954925,39840802
2022-07-14,636,10219,49955561,39851021
2022-07-15,624,10664,49956185,39861685
2022-07-16,522,7209,49956707,39868894
2022-07-17,48,769,49956755,39869663
2022-07-18,497,9350,49957252,39879013
2022-07-19,573,10657,49957825,39889670
2022-07-20,578,11259,49958403,39900929
2022-07-21,627,12040,49959030,39912969
2022-07-22,583,11227,49959613,39924196
2022-07-23,379,6744,49959992,39930940
2022-07-24,76,834,49960068,39931774
2022-07-25,502,9034,49960570,39940808
2022-07-26,519,9728,49961089,39950536
2022-07-27,550,10160,49961639,39960696
2022-07-28,527,10481,49962166,39971177
2022-07-29,510,9426,49962676,39980603
2022-07-30,381,5852,49963057,39986455
2022-07-31,49,745,49963106,39987200
2022-08-01,386,6824,49963492,39994024
2022-08-02,540,7526,49964032,40001550
2022-08-03,511,7142,49964543,40008692
2022-08-04,454,7439,49964997,40016131
2022-08-05,419,6489,49965416,40022620
2022-08-06,298,3582,49965714,40026202
2022-08-07,44,551,49965758,40026753
2022-08-08,401,4874,49966159,40031627
2022-08-09,383,5269,49966542,40036896
2022-08-10,378,4790,49966920,40041686
2022-08-11,365,4756,49967285,40046442
2022-08-12,292,3699,49967577,40050141
2022-08-13,143,1597,49967720,40051738
2022-08-14,9,128,49967729,40051866
2022-08-15,1,26,49967730,40051892
2022-08-16,283,3028,49968013,40054920
2022-08-17,351,3512,49968364,40058432
2022-08-18,389,4142,49968753,40062574
2022-08-19,341,3309,49969094,40065883
2022-08-20,183,1710,49969277,40067593
2022-08-21,24,146,49969301,40067739
2022-08-22,329,2940,49969630,40070679
2022-08-23,371,3656,49970001,40074335
2022-08-24,383,3343,49970384,40077678
2022-08-25,419,3753,49970803,40081431
2022-08-26,397,3560,49971200,40084991
2022-08-27,235,1769,49971435,40086760
2022-08-28,29,260,49971464,40087020
2022-08-29,353,3148,49971817,40090168
2022-08-30,403,3645,49972220,40093813
2022-08-31,436,3716,49972656,40097529
2022-09-01,352,3097,49973008,40100626
2022-09-02,295,2883,49973303,40103509
2022-09-03,199,1684,49973502,40105193
2022-09-04,23,147,49973525,40105340
2022-09-05,186,2646,49973711,40107986
2022-09-06,302,2984,49974013,40110970
2022-09-07,540,2913,49974553,40113883
2022-09-08,288,2947,49974841,40116830
2022-09-09,301,2854,49975142,40119684
2022-09-10,227,1325,49975369,40121009
2022-09-11,21,123,49975390,40121132
2022-09-12,267,2209,49975657,40123341
2022-09-13,248,2267,49975905,40125608
2022-09-14,262,2553,49976167,40128161
2022-09-15,279,2480,49976446,40130641
2022-09-16,253,2530,49976699,40133171
2022-09-17,239,1339,49976938,40134510
2022-09-18,20,170,49976958,40134680
2022-09-19,205,1965,49977163,40136645
2022-09-20,235,2371,49977398,40139016
2022-09-21,289,2509,49977687,40141525
2022-09-22,258,2625,49977945,40144150
2022-09-23,248,2323,49978193,40146473
2022-09-24,193,1426,49978386,40147899
2022-09-25,28,134,49978414,40148033
2022-09-26,280,2239,49978694,40150272
2022-09-27,280,2629,49978974,40152901
2022-09-28,308,2869,49979282,40155770
2022-09-29,251,3025,49979533,40158795
2022-09-30,289,2953,49979822,40161748
2022-10-01,193,1493,49980015,40163241
2022-10-02,11,187,49980026,40163428
2022-10-03,180,2453,49980206,40165881
2022-10-04,232,2817,49980438,40168698
2022-10-05,223,3183,49980661,40171881
2022-10-06,239,3769,49980900,40175650
2022-10-07,282,4082,49981182,40179732
2022-10-08,198,2207,49981380,40181939
2022-10-09,8,287,49981388,40182226
2022-10-10,205,3277,49981593,40185503
2022-10-11,190,4238,49981783,40189741
2022-10-12,199,4194,49981982,40193935
2022-10-13,178,5024,49982160,40198959
2022-10-14,213,4748,49982373,40203707
2022-10-15,185,2556,49982558,40206263
2022-10-16,6,342,49982564,40206605
2022-10-17,184,3681,49982748,40210286
2022-10-18,112,2513,49982860,40212799