data_somministrazione,vaccinazioni,booster,cum_vaccinazioni,cum_booster
2020-12-27,20,0,20,0
2020-12-28,2,0,22,0
2020-12-29,1,0,23,0
2020-12-30,10,0,33,0
2020-12-31,74,0,107,0
2021-01-01,25,0,132,0
2021-01-02,138,0,270,0
2021-01-03,100,0,370,0
2021-01-04,231,0,601,0
2021-01-05,277,0,878,0
2021-01-06,243,0,1121,0
2021-01-07,319,0,1440,0
2021-01-08,373,0,1813,0
2021-01-09,280,0,2093,0
2021-01-10,165,0,2258,0
2021-01-11,301,0,2559,0
2021-01-12,281,0,2840,0
2021-01-13,412,0,3252,0
2021-01-14,501,0,3753,0
2021-01-15,316,0,4069,0
2021-01-16,222,0,4291,0
2021-01-17,3063,0,7354,0
2021-01-18,5219,0,12573,0
2021-01-19,1894,0,14467,0
2021-01-20,4659,0,19126,0
2021-01-21,20008,0,39134,0
2021-01-22,14220,0,53354,0
2021-01-23,33325,0,86679,0
2021-01-24,30777,0,117456,0
2021-01-25,64712,0,182168,0
2021-01-26,76469,0,258637,0
2021-01-27,64815,0,323452,0
2021-01-28,89257,0,412709,0
2021-01-29,94002,0,506711,0
2021-01-30,86545,0,593256,0
2021-01-31,57325,0,650581,0
2021-02-01,81840,0,732421,0
2021-02-02,82135,0,814556,0
2021-02-03,91107,0,905663,0
2021-02-04,95388,0,1001051,0
2021-02-05,90266,0,1091317,0
2021-02-06,63446,0,1154763,0
2021-02-07,32934,0,1187697,0
2021-02-08,40424,0,1228121,0
2021-02-09,32878,0,1260999,0
2021-02-10,28434,0,1289433,0
2021-02-11,20405,0,1309838,0
2021-02-12,16248,0,1326086,0
2021-02-13,7279,0,1333365,0
2021-02-14,2862,0,1336227,0
2021-02-15,6846,0,1343073,0
2021-02-16,7004,0,1350077,0
2021-02-17,10526,0,1360603,0
2021-02-18,9254,0,1369857,0
2021-02-19,8254,0,1378111,0
2021-02-20,5577,0,1383688,0
2021-02-21,3011,0,1386699,0
2021-02-22,6882,0,1393581,0
2021-02-23,7186,0,1400767,0
2021-02-24,9812,0,1410579,0
2021-02-25,14213,0,1424792,0
2021-02-26,17557,0,1442349,0
2021-02-27,13917,0,1456266,0
2021-02-28,9393,0,1465659,0
2021-03-01,26521,0,1492180,0
2021-03-02,33247,0,1525427,0
2021-03-03,44645,0,1570072,0
2021-03-04,50298,0,1620370,0
2021-03-05,55741,0,1676111,0
2021-03-06,41877,0,1717988,0
2021-03-07,22329,0,1740317,0
2021-03-08,50831,0,1791148,0
2021-03-09,53087,0,1844235,0
2021-03-10,58680,0,1902915,0
2021-03-11,63877,0,1966792,0
2021-03-12,65130,0,2031922,0
2021-03-13,51728,0,2083650,0
2021-03-14,35419,0,2119069,0
2021-03-15,73458,0,2192527,0
2021-03-16,74027,0,2266554,0
2021-03-17,83138,0,2349692,0
2021-03-18,81627,0,2431319,0
2021-03-19,81091,0,2512410,0
2021-03-20,64735,0,2577145,0
2021-03-21,47311,0,2624456,0
2021-03-22,69496,0,2693952,0
2021-03-23,75810,0,2769762,0
2021-03-24,90920,0,2860682,0
2021-03-25,89820,0,2950502,0
2021-03-26,83645,0,3034147,0
2021-03-27,71954,0,3106101,0
2021-03-28,44177,0,3150278,0
2021-03-29,70845,0,3221123,0
2021-03-30,81401,0,3302524,0
2021-03-31,96258,0,3398782,0
2021-04-01,95325,0,3494107,0
2021-04-02,84084,0,3578191,0
2021-04-03,64302,0,3642493,0
2021-04-04,21724,0,3664217,0
2021-04-05,40319,0,3704536,0
2021-04-06,81334,0,3785870,0
2021-04-07,95840,0,3881710,0
2021-04-08,95256,0,3976966,0
2021-04-09,88501,0,4065467,0
2021-04-10,74033,0,4139500,0
2021-04-11,44768,0,4184268,0
2021-04-12,66918,0,4251186,0
2021-04-13,72588,0,4323774,0
2021-04-14,85551,0,4409325,0
2021-04-15,105423,0,4514748,0
2021-04-16,106425,0,4621173,0
2021-04-17,90526,0,4711699,0
2021-04-18,58598,0,4770297,0
2021-04-19,93434,0,4863731,0
2021-04-20,103775,0,4967506,0
2021-04-21,125342,0,5092848,0
2021-04-22,143525,0,5236373,0
2021-04-23,138749,0,5375122,0
2021-04-24,124454,0,5499576,0
2021-04-25,61468,0,5561044,0
2021-04-26,97907,0,5658951,0
2021-04-27,128369,0,5787320,0
2021-04-28,156385,0,5943705,0
2021-04-29,195615,0,6139320,0
2021-04-30,214605,0,6353925,0
2021-05-01,174136,0,6528061,0
2021-05-02,135803,0,6663864,0
2021-05-03,142067,0,6805931,0
2021-05-04,158709,0,6964640,0
2021-05-05,170535,0,7135175,0
2021-05-06,197819,0,7332994,0
2021-05-07,213870,0,7546864,0
2021-05-08,213439,0,7760303,0
2021-05-09,143219,0,7903522,0
2021-05-10,165102,0,8068624,0
2021-05-11,175003,0,8243627,0
2021-05-12,179216,0,8422843,0
2021-05-13,203415,0,8626258,0
2021-05-14,222939,0,8849197,0
2021-05-15,210387,0,9059584,0
2021-05-16,159285,0,9218869,0
2021-05-17,219217,0,9438086,0
2021-05-18,213030,0,9651116,0
2021-05-19,207097,0,9858213,0
2021-05-20,270886,0,10129099,0
2021-05-21,270907,0,10400006,0
2021-05-22,245542,0,10645548,0
2021-05-23,197188,0,10842736,0
2021-05-24,228308,0,11071044,0
2021-05-25,245700,0,11316744,0
2021-05-26,277513,0,11594257,0
2021-05-27,311097,0,11905354,0
2021-05-28,299583,0,12204937,0
2021-05-29,231243,0,12436180,0
2021-05-30,170849,0,12607029,0
2021-05-31,216436,0,12823465,0
2021-06-01,207640,0,13031105,0
2021-06-02,115804,0,13146909,0
2021-06-03,180169,0,13327078,0
2021-06-04,184917,0,13511995,0
2021-06-05,185991,0,13697986,0
2021-06-06,139581,0,13837567,0
2021-06-07,161901,0,13999468,0
2021-06-08,171276,0,14170744,0
2021-06-09,171517,0,14342261,0
2021-06-10,174146,0,14516407,0
2021-06-11,170015,0,14686422,0
2021-06-12,128375,0,14814797,0
2021-06-13,91223,0,14906020,0
2021-06-14,214709,0,15120729,0
2021-06-15,228453,0,15349182,0
2021-06-16,253109,0,15602291,0
2021-06-17,301770,0,15904061,0
2021-06-18,306326,0,16210387,0
2021-06-19,275117,0,16485504,0
2021-06-20,220812,0,16706316,0
2021-06-21,288096,0,16994412,0
2021-06-22,296248,0,17290660,0
2021-06-23,302704,0,17593364,0
2021-06-24,332616,0,17925980,0
2021-06-25,348727,0,18274707,0
2021-06-26,300144,0,18574851,0
2021-06-27,228690,0,18803541,0
2021-06-28,307144,0,19110685,0
2021-06-29,329326,0,19440011,0
2021-06-30,342208,0,19782219,0
2021-07-01,363243,0,20145462,0
2021-07-02,368495,0,20513957,0
2021-07-03,371099,0,20885056,0
2021-07-04,283237,0,21168293,0
2021-07-05,384561,0,21552854,0
2021-07-06,385487,0,21938341,0
2021-07-07,412137,0,22350478,0
2021-07-08,479593,0,22830071,0
2021-07-09,498468,0,23328539,0
2021-07-10,475171,0,23803710,0
2021-07-11,357697,0,24161407,0
2021-07-12,485878,0,24647285,0
2021-07-13,492085,0,25139370,0
2021-07-14,480443,0,25619813,0
2021-07-15,523437,0,26143250,0
2021-07-16,509759,0,26653009,0
2021-07-17,464328,0,27117337,0
2021-07-18,364640,0,27481977,0
2021-07-19,463033,0,27945010,0
2021-07-20,458050,0,28403060,0
2021-07-21,462786,0,28865846,0
2021-07-22,475384,0,29341230,0
2021-07-23,441321,0,29782551,0
2021-07-24,386146,0,30168697,0
2021-07-25,287557,0,30456254,0
2021-07-26,430891,0,30887145,0
2021-07-27,440114,0,31327259,0
2021-07-28,391019,0,31718278,0
2021-07-29,372076,0,32090354,0
2021-07-30,341516,0,32431870,0
2021-07-31,287039,0,32718909,0
2021-08-01,191001,0,32909910,0
2021-08-02,333709,0,33243619,0
2021-08-03,323183,0,33566802,0
2021-08-04,310984,0,33877786,0
2021-08-05,292486,0,34170272,0
2021-08-06,260037,0,34430309,0
2021-08-07,199061,0,34629370,0
2021-08-08,153107,0,34782477,0
2021-08-09,234083,0,35016560,0
2021-08-10,205270,0,35221830,0
2021-08-11,193785,0,35415615,0
2021-08-12,168056,0,35583671,0
2021-08-13,148656,0,35732327,0
2021-08-14,66101,0,35798428,0
2021-08-15,26341,0,35824769,0
2021-08-16,114710,0,35939479,0
2021-08-17,129253,0,36068732,0
2021-08-18,128765,0,36197497,0
2021-08-19,124839,0,36322336,0
2021-08-20,123798,0,36446134,0
2021-08-21,83135,0,36529269,0
2021-08-22,68178,0,36597447,0
2021-08-23,176872,0,36774319,0
2021-08-24,156898,0,36931217,0
2021-08-25,177173,0,37108390,0
2021-08-26,172354,0,37280744,0
2021-08-27,185828,0,37466572,0
2021-08-28,140285,0,37606857,0
2021-08-29,98992,0,37705849,0
2021-08-30,209587,0,37915436,0
2021-08-31,194644,0,38110080,0
2021-09-01,192214,0,38302294,0
2021-09-02,189934,0,38492228,0
2021-09-03,191289,0,38683517,0
2021-09-04,131452,0,38814969,0
2021-09-05,87850,0,38902819,0
2021-09-06,193608,0,39096427,0
2021-09-07,196040,0,39292467,0
2021-09-08,187870,0,39480337,0
2021-09-09,201434,0,39681771,0
2021-09-10,198063,0,39879834,0
2021-09-11,141288,0,40021122,0
2021-09-12,89590,0,40110712,0
2021-09-13,191114,632,40301826,632
2021-09-14,177220,638,40479046,1270
2021-09-15,163083,642,40642129,1912
2021-09-16,160051,988,40802180,2900
2021-09-17,150162,1161,40952342,4061
2021-09-18,127982,771,41080324,4832
2021-09-19,81142,506,41161466,5338
2021-09-20,180067,9118,41341533,14456
2021-09-21,166670,8856,41508203,23312
2021-09-22,159110,9460,41667313,32772
2021-09-23,138091,9355,41805404,42127
2021-09-24,140557,9002,41945961,51129
2021-09-25,119560,5668,42065521,56797
2021-09-26,71990,4361,42137511,61158
2021-09-27,135666,10075,42273177,71233
2021-09-28,117515,11419,42390692,82652
2021-09-29,112370,11850,42503062,94502
2021-09-30,110281,14979,42613343,109481
2021-10-01,94993,19139,42708336,128620
2021-10-02,78518,14041,42786854,142661
2021-10-03,47758,7668,42834612,150329
2021-10-04,88391,34478,42923003,184807
2021-10-05,80382,34012,43003385,218819
2021-10-06,72005,34202,43075390,253021
2021-10-07,71877,34369,43147267,287390
2021-10-08,80633,33621,43227900,321011
2021-10-09,76112,22190,43304012,343201
2021-10-10,45788,13630,43349800,356831
2021-10-11,87446,41129,43437246,397960
2021-10-12,84517,46929,43521763,444889
2021-10-13,88209,52162,43609972,497051
2021-10-14,91549,58553,43701521,555604
2021-10-15,93600,55671,43795121,611275
2021-10-16,82969,36821,43878090,648096
2021-10-17,51464,23856,43929554,671952
2021-10-18,90301,59515,44019855,731467
2021-10-19,78350,69402,44098205,800869
2021-10-20,75065,78202,44173270,879071
2021-10-21,78294,81805,44251564,960876
2021-10-22,73772,77075,44325336,1037951
2021-10-23,60834,51973,44386170,1089924
2021-10-24,33367,23479,44419537,1113403
2021-10-25,64899,81661,44484436,1195064
2021-10-26,58374,91830,44542810,1286894
2021-10-27,58315,104028,44601125,1390922
2021-10-28,61452,114150,44662577,1505072
2021-10-29,61638,103175,44724215,1608247
2021-10-30,50678,68138,44774893,1676385
2021-10-31,25160,28308,44800053,1704693
2021-11-01,19048,28158,44819101,1732851
2021-11-02,62740,89431,44881841,1822282
2021-11-03,60717,118694,44942558,1940976
2021-11-04,59238,126696,45001796,2067672
2021-11-05,63094,135216,45064890,2202888
2021-11-06,46487,90937,45111377,2293825
2021-11-07,22250,37904,45133627,2331729
2021-11-08,51529,131292,45185156,2463021
2021-11-09,45401,144235,45230557,2607256
2021-11-10,42593,156370,45273150,2763626
2021-11-11,44928,155167,45318078,2918793
2021-11-12,46313,158677,45364391,3077470
2021-11-13,33264,116676,45397655,3194146
2021-11-14,14491,52458,45412146,3246604
2021-11-15,36909,157443,45449055,3404047
2021-11-16,30566,171401,45479621,3575448
2021-11-17,28469,178460,45508090,3753908
2021-11-18,30293,193761,45538383,3947669
2021-11-19,28814,205882,45567197,4153551
2021-11-20,21003,156459,45588200,4310010
2021-11-21,10611,64871,45598811,4374881
2021-11-22,21956,213160,45620767,4588041
2021-11-23,23603,241794,45644370,4829835
2021-11-24,27806,271039,45672176,5100874
2021-11-25,23265,301932,45695441,5402806
2021-11-26,24598,318303,45720039,5721109
2021-11-27,21401,266168,45741440,5987277
2021-11-28,9908,137067,45751348,6124344
2021-11-29,22363,326074,45773711,6450418
2021-11-30,23115,365861,45796826,6816279
2021-12-01,21552,413527,45818378,7229806
2021-12-02,23790,440437,45842168,7670243
2021-12-03,25271,467528,45867439,8137771
2021-12-04,22393,418793,45889832,8556564
2021-12-05,11944,261364,45901776,8817928
2021-12-06,25840,457627,45927616,9275555
2021-12-07,24155,480302,45951771,9755857
2021-12-08,10028,249718,45961799,10005575
2021-12-09,31618,491958,45993417,10497533
2021-12-10,28096,517925,46021513,11015458
2021-12-11,23583,459275,46045096,11474733
2021-12-12,12318,293524,46057414,11768257
2021-12-13,26172,467653,46083586,12235910
2021-12-14,25201,494234,46108787,12730144
2021-12-15,25367,517189,46134154,13247333
2021-12-16,27919,520300,46162073,13767633
2021-12-17,29394,517215,46191467,14284848
2021-12-18,27103,468775,46218570,14753623
2021-12-19,15169,300540,46233739,15054163
2021-12-20,30668,477502,46264407,15531665
2021-12-21,30405,493431,46294812,16025096
2021-12-22,29477,484749,46324289,16509845
2021-12-23,28285,426954,46352574,16936799
2021-12-24,13123,210841,46365697,17147640
2021-12-25,2104,33053,46367801,17180693
2021-12-26,8775,159076,46376576,17339769
2021-12-27,46843,504690,46423419,17844459
2021-12-28,42505,554252,46465924,18398711
2021-12-29,34393,550675,46500317,18949386
2021-12-30,31885,499862,46532202,19449248
2021-12-31,14142,247406,46546344,19696654
2022-01-01,3498,64815,46549842,19761469
2022-01-02,22817,276726,46572659,20038195
2022-01-03,47923,520035,46620582,20558230
2022-01-04,46456,572100,46667038,21130330
2022-01-05,40827,560415,46707865,21690745
2022-01-06,23531,274491,46731396,21965236
2022-01-07,63786,554219,46795182,22519455
2022-01-08,60956,503410,46856138,23022865
2022-01-09,42943,319700,46899081,23342565
2022-01-10,61155,542324,46960236,23884889
2022-01-11,61825,587035,47022061,24471924
2022-01-12,58531,581303,47080592,25053227
2022-01-13,58692,580429,47139284,25633656
2022-01-14,46916,588606,47186200,26222262
2022-01-15,39537,569979,47225737,26792241
2022-01-16,31299,341889,47257036,27134130
2022-01-17,54842,489685,47311878,27623815
2022-01-18,58459,517046,47370337,28140861
2022-01-19,57255,502820,47427592,28643681
2022-01-20,54408,498856,47482000,29142537
2022-01-21,42162,493898,47524162,29636435
2022-01-22,31274,469615,47555436,30106050
2022-01-23,34975,275386,47590411,30381436
2022-01-24,56224,437240,47646635,30818676
2022-01-25,61588,452129,47708223,31270805
2022-01-26,58575,435844,47766798,31706649
2022-01-27,48883,432397,47815681,32139046
2022-01-28,58740,436556,47874421,32575602
2022-01-29,68177,412510,47942598,32988112
2022-01-30,50404,235985,47993002,33224097
2022-01-31,60690,356943,48053692,33581040
2022-02-01,65601,328462,48119293,33909502
2022-02-02,63240,296989,48182533,34206491
2022-02-03,60086,274528,48242619,34481019
2022-02-04,72399,268468,48315018,34749487
2022-02-05,83814,248547,48398832,34998034
2022-02-06,55305,116207,48454137,35114241
2022-02-07,65174,199946,48519311,35314187
2022-02-08,66952,186124,48586263,35500311
2022-02-09,58774,166348,48645037,35666659
2022-02-10,58594,163244,48703631,35829903
2022-02-11,62274,162473,48765905,35992376
2022-02-12,72001,152152,48837906,36144528
2022-02-13,41478,68854,48879384,36213382
2022-02-14,46707,116190,48926091,36329572
2022-02-15,48556,123481,48974647,36453053
2022-02-16,45684,106127,49020331,36559180
2022-02-17,42869,98118,49063200,36657298
2022-02-18,46631,112582,49109831,36769880
2022-02-19,52543,100338,49162374,36870218
2022-02-20,31412,40368,49193786,36910586
2022-02-21,37900,89658,49231686,37000244
2022-02-22,37227,83779,49268913,37084023
2022-02-23,33399,79409,49302312,37163432
2022-02-24,32562,78164,49334874,37241596
2022-02-25,34769,90713,49369643,37332309
2022-02-26,39160,89136,49408803,37421445
2022-02-27,22548,35857,49431351,37457302
2022-02-28,28483,81695,49459834,37538997
2022-03-01,22724,53942,49482558,37592939
2022-03-02,21957,50685,49504515,37643624
2022-03-03,22630,54947,49527145,37698571
2022-03-04,23239,62799,49550384,37761370
2022-03-05,23802,57952,49574186,37819322
2022-03-06,9473,17201,49583659,37836523
2022-03-07,15921,51391,49599580,37887914
2022-03-08,15480,48795,49615060,37936709
2022-03-09,13814,46519,49628874,37983228
2022-03-10,14053,52123,49642927,38035351
2022-03-11,15589,57270,49658516,38092621
2022-03-12,15509,56619,49674025,38149240
2022-03-13,5545,16852,49679570,38166092
2022-03-14,10526,46701,49690096,38212793
2022-03-15,10550,46895,49700646,38259688
2022-03-16,9482,41974,49710128,38301662
2022-03-17,9722,44874,49719850,38346536
2022-03-18,10160,49058,49730010,38395594
2022-03-19,9151,46536,49739161,38442130
2022-03-20,2608,11704,49741769,38453834
2022-03-21,7580,40225,49749349,38494059
2022-03-22,8447,37764,49757796,38531823
2022-03-23,7216,33700,49765012,38565523
2022-03-24,8258,38819,49773270,38604342
2022-03-25,8141,43670,49781411,38648012
2022-03-26,8126,41721,49789537,38689733
2022-03-27,2431,9682,49791968,38699415
2022-03-28,6112,35241,49798080,38734656
2022-03-29,5779,32530,49803859,38767186
2022-03-30,5566,30205,49809425,38797391
2022-03-31,5901,33185,49815326,38830576
2022-04-01,4349,25190,49819675,38855766
2022-04-02,4496,23275,49824171,38879041
2022-04-03,1049,4500,49825220,38883541
2022-04-04,3658,21544,49828878,38905085
2022-04-05,3756,22934,49832634,38928019
2022-04-06,4103,21853,49836737,38949872
2022-04-07,3970,23320,49840707,38973192
2022-04-08,4696,26713,49845403,38999905
2022-04-09,4383,23887,49849786,39023792
2022-04-10,892,4613,49850678,39028405
2022-04-11,3818,22689,49854496,39051094
2022-04-12,3365,21778,49857861,39072872
2022-04-13,3568,21335,49861429,39094207
2022-04-14,3486,23786,49864915,39117993
2022-04-15,3084,20620,49867999,39138613
2022-04-16,2149,11918,49870148,39150531
2022-04-17,63,348,49870211,39150879
2022-04-18,152,650,49870363,39151529
2022-04-19,3499,21982,49873862,39173511
2022-04-20,3510,20252,49877372,39193763
2022-04-21,2847,19790,49880219,39213553
2022-04-22,2928,20704,49883147,39234257
2022-04-23,2646,16220,49885793,39250477
2022-04-24,509,2334,49886302,39252811
2022-04-25,183,1165,49886485,39253976
2022-04-26,2759,17809,49889244,39271785
2022-04-27,2374,15793,49891618,39287578
2022-04-28,2361,15562,49893979,39303140
2022-04-29,2296,14848,49896275,39317988
2022-04-30,2123,11582,49898398,39329570
2022-05-01,113,531,49898511,39330101
2022-05-02,1451,9391,49899962,39339492
2022-05-03,1576,10321,49901538,39349813
2022-05-04,1745,10270,49903283,39360083
2022-05-05,1654,10296,49904937,39370379
2022-05-06,1702,10965,49906639,39381344
2022-05-07,1431,8570,49908070,39389914
2022-05-08,416,1522,49908486,39391436
2022-05-09,1027,8929,49909513,39400365
2022-05-10,1426,9548,49910939,39409913
2022-05-11,1483,10105,49912422,39420018
2022-05-12,1370,10131,49913792,39430149
2022-05-13,1596,10518,49915388,39440667
2022-05-14,1358,8237,49916746,39448904
2022-05-15,336,1134,49917082,39450038
2022-05-16,813,8405,49917895,39458443
2022-05-17,1243,8697,49919138,39467140
2022-05-18,1372,9233,49920510,39476373
2022-05-19,1500,9278,49922010,39485651
2022-05-20,1422,9532,49923432,39495183
2022-05-21,1300,7900,49924732,39503083
2022-05-22,231,1014,49924963,39504097
2022-05-23,830,8270,49925793,39512367
2022-05-24,1073,8672,49926866,39521039
2022-05-25,1370,9460,49928236,39530499
2022-05-26,1195,9479,49929431,39539978
2022-05-27,1232,9915,49930663,39549893
2022-05-28,1205,7887,49931868,39557780
2022-05-29,288,1265,49932156,39559045
2022-05-30,930,8057,49933086,39567102
2022-05-31,1037,8547,49934123,39575649
2022-06-01,893,7655,49935016,39583304
2022-06-02,35,474,49935051,39583778
2022-06-03,818,7333,49935869,39591111
2022-06-04,870,5163,49936739,39596274
2022-06-05,89,586,49936828,39596860
2022-06-06,678,7003,49937506,39603863
2022-06-07,952,7849,49938458,39611712
2022-06-08,981,7908,49939439,39619620
2022-06-09,1036,8416,49940475,39628036
2022-06-10,958,8564,49941433,39636600
2022-06-11,903,6207,49942336,39642807
2022-06-12,140,768,49942476,39643575
2022-06-13,602,6301,49943078,39649876
2022-06-14,831,7902,49943909,39657778
2022-06-15,960,7854,49944869,39665632
2022-06-16,730,7395,49945599,39673027
2022-06-17,724,7247,49946323,39680274
2022-06-18,777,5593,49947100,39685867
2022-06-19,48,522,49947148,39686389
2022-06-20,587,6699,49947735,39693088
2022-06-21,737,7665,49948472,39700753
2022-06-22,781,7308,49949253,39708061
2022-06-23,652,7468,49949905,39715529
2022-06-24,644,7473,49950549,39723002
2022-06-25,835,6535,49951384,39729537
2022-06-26,128,523,49951512,39730060
2022-06-27,533,7126,49952045,39737186
2022-06-28,746,8206,49952791,39745392
2022-06-29,756,7731,49953547,39753123
2022-06-30,746,8145,49954293,39761268
2022-07-01,577,6443,49954870,39767711
2022-07-02,536,4770,49955406,39772481
2022-07-03,49,456,49955455,39772937
2022-07-04,469,6278,49955924,39779215
2022-07-05,630,8118,49956554,39787333
2022-07-06,633,7611,49957187,39794944
2022-07-07,573,8270,49957760,39803214
2022-07-08,673,8083,49958433,39811297
2022-07-09,550,6104,49958983,39817401
2022-07-10,58,533,49959041,39817934
2022-07-11,488,7638,49959529,39825572
2022-07-12,667,9030,49960196,39834602
2022-07-13,643,10068,49960839,39844670
2022-07-14,636,10225,49961475,39854895
2022-07-15,625,10666,49962100,39865561
2022-07-16,522,7214,49962622,39872775
2022-07-17,48,770,49962670,39873545
2022-07-18,496,9369,49963166,39882914
2022-07-19,575,10683,49963741,39893597
2022-07-20,580,11274,49964321,39904871
2022-07-21,628,12088,49964949,39916959
2022-07-22,584,11256,49965533,39928215
2022-07-23,381,6773,49965914,39934988
2022-07-24,76,857,49965990,39935845
2022-07-25,503,9051,49966493,39944896
2022-07-26,519,9759,49967012,39954655
2022-07-27,553,10207,49967565,39964862
2022-07-28,532,10535,49968097,39975397
2022-07-29,509,9464,49968606,39984861
2022-07-30,382,5881,49968988,39990742
2022-07-31,49,764,49969037,39991506
2022-08-01,386,6863,49969423,39998369
2022-08-02,543,7588,49969966,40005957
2022-08-03,511,7177,49970477,40013134
2022-08-04,456,7488,49970933,40020622
2022-08-05,420,6528,49971353,40027150
2022-08-06,299,3613,49971652,40030763
2022-08-07,44,561,49971696,40031324
2022-08-08,402,4891,49972098,40036215
2022-08-09,380,5310,49972478,40041525
2022-08-10,384,4816,49972862,40046341
2022-08-11,369,4783,49973231,40051124
2022-08-12,293,3720,49973524,40054844
2022-08-13,143,1600,49973667,40056444
2022-08-14,9,129,49973676,40056573
2022-08-15,1,26,49973677,40056599
2022-08-16,283,3043,49973960,40059642
2022-08-17,352,3536,49974312,40063178
2022-08-18,392,4161,49974704,40067339
2022-08-19,341,3320,49975045,40070659
2022-08-20,183,1715,49975228,40072374
2022-08-21,24,149,49975252,40072523
2022-08-22,329,2952,49975581,40075475
2022-08-23,370,3674,49975951,40079149
2022-08-24,384,3359,49976335,40082508
2022-08-25,421,3773,49976756,40086281
2022-08-26,399,3573,49977155,40089854
2022-08-27,237,1769,49977392,40091623
2022-08-28,29,267,49977421,40091890
2022-08-29,354,3161,49977775,40095051
2022-08-30,403,3671,49978178,40098722
2022-08-31,437,3735,49978615,40102457
2022-09-01,353,3116,49978968,40105573
2022-09-02,296,2893,49979264,40108466
2022-09-03,200,1688,49979464,40110154
2022-09-04,23,149,49979487,40110303
2022-09-05,187,2656,49979674,40112959
2022-09-06,303,2983,49979977,40115942
2022-09-07,540,2937,49980517,40118879
2022-09-08,292,2962,49980809,40121841
2022-09-09,305,2884,49981114,40124725
2022-09-10,227,1326,49981341,40126051
2022-09-11,23,124,49981364,40126175
2022-09-12,267,2267,49981631,40128442
2022-09-13,252,2276,49981883,40130718
2022-09-14,266,2565,49982149,40133283
2022-09-15,281,2497,49982430,40135780
2022-09-16,254,2544,49982684,40138324
2022-09-17,239,1339,49982923,40139663
2022-09-18,20,170,49982943,40139833
2022-09-19,206,1970,49983149,40141803
2022-09-20,236,2385,49983385,40144188
2022-09-21,289,2526,49983674,40146714
2022-09-22,264,2662,49983938,40149376
2022-09-23,258,2542,49984196,40151918
2022-09-24,193,1427,49984389,40153345
2022-09-25,29,133,49984418,40153478
2022-09-26,280,2248,49984698,40155726
2022-09-27,287,2683,49984985,40158409
2022-09-28,309,2896,49985294,40161305
2022-09-29,257,3048,49985551,40164353
2022-09-30,291,2987,49985842,40167340
2022-10-01,195,1515,49986037,40168855
2022-10-02,12,187,49986049,40169042
2022-10-03,182,2474,49986231,40171516
2022-10-04,236,2865,49986467,40174381
2022-10-05,229,3249,49986696,40177630
2022-10-06,243,3874,49986939,40181504
2022-10-07,282,4186,49987221,40185690
2022-10-08,202,2270,49987423,40187960
2022-10-09,8,304,49987431,40188264
2022-10-10,210,3354,49987641,40191618
2022-10-11,192,4374,49987833,40195992
2022-10-12,209,4435,49988042,40200427
2022-10-13,201,5301,49988243,40205728
2022-10-14,231,5022,49988474,40210750
2022-10-15,189,2671,49988663,40213421
2022-10-16,6,360,49988669,40213781
2022-10-17,185,3868,49988854,40217649
2022-10-18,257,4958,49989111,40222607
2022-10-19,241,5466,49989352,40228073
2022-10-20,224,5988,49989576,40234061
2022-10-21,249,5471,49989825,40239532
2022-10-22,195,2909,49990020,40242441
2022-10-23,13,356,49990033,40242797
2022-10-24,171,3918,49990204,40246715
2022-10-25,251,4919,49990455,40251634
2022-10-26,342,5478,49990797,40257112
2022-10-27,239,5661,49991036,40262773
2022-10-28,198,5254,49991234,40268027
2022-10-29,128,2844,49991362,40270871
2022-10-30,3,326,49991365,40271197
2022-10-31,117,3035,49991482,40274232
2022-11-01,10,330,49991492,40274562
2022-11-02,143,3702,49991635,40278264
2022-11-03,172,4767,49991807,40283031
2022-11-04,224,4583,49992031,40287614
2022-11-05,143,2590,49992174,40290204
2022-11-06,10,258,49992184,40290462
2022-11-07,161,3216,49992345,40293678
2022-11-08,259,4211,49992604,40297889
2022-11-09,197,4305,49992801,40302194
2022-11-10,181,4567,49992982,40306761
2022-11-11,189,4204,49993171,40310965
2022-11-12,153,2353,49993324,40313318
2022-11-13,7,334,49993331,40313652
2022-11-14,149,2826,49993480,40316478
2022-11-15,200,3716,49993680,40320194
2022-11-16,210,3942,49993890,40324136
2022-11-17,190,4047,49994080,40328183
2022-11-18,244,3965,49994324,40332148
2022-11-19,111,2062,49994435,40334210
2022-11-20,24,312,49994459,40334522
2022-11-21,119,2591,49994578,40337113
2022-11-22,140,3140,49994718,40340253
2022-11-23,187,3558,49994905,40343811
2022-11-24,125,3338,49995030,40347149
2022-11-25,168,3500,49995198,40350649
2022-11-26,130,2025,49995328,40352674
2022-11-27,23,352,49995351,40353026