data_somministrazione,vaccinazioni,booster,cum_vaccinazioni,cum_booster
2020-12-27,20,0,20,0
2020-12-28,2,0,22,0
2020-12-29,1,0,23,0
2020-12-30,10,0,33,0
2020-12-31,78,0,111,0
2021-01-01,25,0,136,0
2021-01-02,143,0,279,0
2021-01-03,108,0,387,0
2021-01-04,239,0,626,0
2021-01-05,283,0,909,0
2021-01-06,250,0,1159,0
2021-01-07,324,0,1483,0
2021-01-08,379,0,1862,0
2021-01-09,282,0,2144,0
2021-01-10,166,0,2310,0
2021-01-11,308,0,2618,0
2021-01-12,284,0,2902,0
2021-01-13,418,0,3320,0
2021-01-14,504,0,3824,0
2021-01-15,319,0,4143,0
2021-01-16,224,0,4367,0
2021-01-17,3064,0,7431,0
2021-01-18,5220,0,12651,0
2021-01-19,1896,0,14547,0
2021-01-20,4659,0,19206,0
2021-01-21,20005,0,39211,0
2021-01-22,14220,0,53431,0
2021-01-23,33324,0,86755,0
2021-01-24,30774,0,117529,0
2021-01-25,64704,0,182233,0
2021-01-26,76464,0,258697,0
2021-01-27,64810,0,323507,0
2021-01-28,89257,0,412764,0
2021-01-29,93996,0,506760,0
2021-01-30,86548,0,593308,0
2021-01-31,57326,0,650634,0
2021-02-01,81836,0,732470,0
2021-02-02,82135,0,814605,0
2021-02-03,91107,0,905712,0
2021-02-04,95384,0,1001096,0
2021-02-05,90268,0,1091364,0
2021-02-06,63449,0,1154813,0
2021-02-07,32934,0,1187747,0
2021-02-08,40422,0,1228169,0
2021-02-09,32881,0,1261050,0
2021-02-10,28435,0,1289485,0
2021-02-11,20406,0,1309891,0
2021-02-12,16251,0,1326142,0
2021-02-13,7279,0,1333421,0
2021-02-14,2862,0,1336283,0
2021-02-15,6847,0,1343130,0
2021-02-16,7004,0,1350134,0
2021-02-17,10527,0,1360661,0
2021-02-18,9257,0,1369918,0
2021-02-19,8258,0,1378176,0
2021-02-20,5579,0,1383755,0
2021-02-21,3014,0,1386769,0
2021-02-22,6883,0,1393652,0
2021-02-23,7187,0,1400839,0
2021-02-24,9814,0,1410653,0
2021-02-25,14213,0,1424866,0
2021-02-26,17560,0,1442426,0
2021-02-27,13921,0,1456347,0
2021-02-28,9396,0,1465743,0
2021-03-01,26526,0,1492269,0
2021-03-02,33247,0,1525516,0
2021-03-03,44652,0,1570168,0
2021-03-04,50302,0,1620470,0
2021-03-05,55745,0,1676215,0
2021-03-06,41882,0,1718097,0
2021-03-07,22331,0,1740428,0
2021-03-08,50838,0,1791266,0
2021-03-09,53095,0,1844361,0
2021-03-10,58692,0,1903053,0
2021-03-11,63888,0,1966941,0
2021-03-12,65137,0,2032078,0
2021-03-13,51730,0,2083808,0
2021-03-14,35423,0,2119231,0
2021-03-15,73460,0,2192691,0
2021-03-16,74032,0,2266723,0
2021-03-17,83142,0,2349865,0
2021-03-18,81632,0,2431497,0
2021-03-19,81090,0,2512587,0
2021-03-20,64739,0,2577326,0
2021-03-21,47310,0,2624636,0
2021-03-22,69505,0,2694141,0
2021-03-23,75818,0,2769959,0
2021-03-24,90930,0,2860889,0
2021-03-25,89826,0,2950715,0
2021-03-26,83641,0,3034356,0
2021-03-27,71961,0,3106317,0
2021-03-28,44185,0,3150502,0
2021-03-29,70850,0,3221352,0
2021-03-30,81414,0,3302766,0
2021-03-31,96263,0,3399029,0
2021-04-01,95338,0,3494367,0
2021-04-02,84089,0,3578456,0
2021-04-03,64312,0,3642768,0
2021-04-04,21725,0,3664493,0
2021-04-05,40320,0,3704813,0
2021-04-06,81341,0,3786154,0
2021-04-07,95843,0,3881997,0
2021-04-08,95261,0,3977258,0
2021-04-09,88503,0,4065761,0
2021-04-10,74035,0,4139796,0
2021-04-11,44771,0,4184567,0
2021-04-12,66929,0,4251496,0
2021-04-13,72598,0,4324094,0
2021-04-14,85557,0,4409651,0
2021-04-15,105428,0,4515079,0
2021-04-16,106434,0,4621513,0
2021-04-17,90529,0,4712042,0
2021-04-18,58597,0,4770639,0
2021-04-19,93441,0,4864080,0
2021-04-20,103779,0,4967859,0
2021-04-21,125344,0,5093203,0
2021-04-22,143532,0,5236735,0
2021-04-23,138757,0,5375492,0
2021-04-24,124455,0,5499947,0
2021-04-25,61473,0,5561420,0
2021-04-26,97915,0,5659335,0
2021-04-27,128377,0,5787712,0
2021-04-28,156400,0,5944112,0
2021-04-29,195622,0,6139734,0
2021-04-30,214615,0,6354349,0
2021-05-01,174146,0,6528495,0
2021-05-02,135813,0,6664308,0
2021-05-03,142072,0,6806380,0
2021-05-04,158714,0,6965094,0
2021-05-05,170549,0,7135643,0
2021-05-06,197831,0,7333474,0
2021-05-07,213879,0,7547353,0
2021-05-08,213444,0,7760797,0
2021-05-09,143217,0,7904014,0
2021-05-10,165106,0,8069120,0
2021-05-11,175014,0,8244134,0
2021-05-12,179227,0,8423361,0
2021-05-13,203427,0,8626788,0
2021-05-14,222946,0,8849734,0
2021-05-15,210395,0,9060129,0
2021-05-16,159287,0,9219416,0
2021-05-17,219224,0,9438640,0
2021-05-18,213035,0,9651675,0
2021-05-19,207106,0,9858781,0
2021-05-20,270896,0,10129677,0
2021-05-21,270917,0,10400594,0
2021-05-22,245549,0,10646143,0
2021-05-23,197194,0,10843337,0
2021-05-24,228311,0,11071648,0
2021-05-25,245702,0,11317350,0
2021-05-26,277576,0,11594926,0
2021-05-27,311107,0,11906033,0
2021-05-28,299592,0,12205625,0
2021-05-29,231254,0,12436879,0
2021-05-30,170854,0,12607733,0
2021-05-31,216442,0,12824175,0
2021-06-01,207637,0,13031812,0
2021-06-02,115807,0,13147619,0
2021-06-03,180180,0,13327799,0
2021-06-04,184923,0,13512722,0
2021-06-05,186006,0,13698728,0
2021-06-06,139591,0,13838319,0
2021-06-07,161906,0,14000225,0
2021-06-08,171289,0,14171514,0
2021-06-09,171527,0,14343041,0
2021-06-10,174163,0,14517204,0
2021-06-11,170037,0,14687241,0
2021-06-12,128404,0,14815645,0
2021-06-13,91234,0,14906879,0
2021-06-14,214710,0,15121589,0
2021-06-15,228465,0,15350054,0
2021-06-16,253119,0,15603173,0
2021-06-17,301785,0,15904958,0
2021-06-18,306331,0,16211289,0
2021-06-19,275121,0,16486410,0
2021-06-20,220828,0,16707238,0
2021-06-21,288102,0,16995340,0
2021-06-22,296253,0,17291593,0
2021-06-23,302710,0,17594303,0
2021-06-24,332627,0,17926930,0
2021-06-25,348747,0,18275677,0
2021-06-26,300153,0,18575830,0
2021-06-27,228699,0,18804529,0
2021-06-28,307160,0,19111689,0
2021-06-29,329339,0,19441028,0
2021-06-30,342231,0,19783259,0
2021-07-01,363250,0,20146509,0
2021-07-02,368515,0,20515024,0
2021-07-03,371109,0,20886133,0
2021-07-04,283238,0,21169371,0
2021-07-05,384569,0,21553940,0
2021-07-06,385498,0,21939438,0
2021-07-07,412143,0,22351581,0
2021-07-08,479594,0,22831175,0
2021-07-09,498473,0,23329648,0
2021-07-10,475180,0,23804828,0
2021-07-11,357700,0,24162528,0
2021-07-12,485878,0,24648406,0
2021-07-13,492079,0,25140485,0
2021-07-14,480435,0,25620920,0
2021-07-15,523426,0,26144346,0
2021-07-16,509754,0,26654100,0
2021-07-17,464325,0,27118425,0
2021-07-18,364637,0,27483062,0
2021-07-19,463035,0,27946097,0
2021-07-20,458047,0,28404144,0
2021-07-21,462791,0,28866935,0
2021-07-22,475374,0,29342309,0
2021-07-23,441326,0,29783635,0
2021-07-24,386151,0,30169786,0
2021-07-25,287553,0,30457339,0
2021-07-26,430891,0,30888230,0
2021-07-27,440112,0,31328342,0
2021-07-28,391015,0,31719357,0
2021-07-29,372072,0,32091429,0
2021-07-30,341524,0,32432953,0
2021-07-31,287052,0,32720005,0
2021-08-01,190996,0,32911001,0
2021-08-02,333705,0,33244706,0
2021-08-03,323190,0,33567896,0
2021-08-04,310991,0,33878887,0
2021-08-05,292483,0,34171370,0
2021-08-06,260042,0,34431412,0
2021-08-07,199065,0,34630477,0
2021-08-08,153109,0,34783586,0
2021-08-09,234088,0,35017674,0
2021-08-10,205284,0,35222958,0
2021-08-11,193792,0,35416750,0
2021-08-12,168069,0,35584819,0
2021-08-13,148669,0,35733488,0
2021-08-14,66103,0,35799591,0
2021-08-15,26344,0,35825935,0
2021-08-16,114716,0,35940651,0
2021-08-17,129253,0,36069904,0
2021-08-18,128766,0,36198670,0
2021-08-19,124857,0,36323527,0
2021-08-20,123798,0,36447325,0
2021-08-21,83135,0,36530460,0
2021-08-22,68180,0,36598640,0
2021-08-23,176875,0,36775515,0
2021-08-24,156893,0,36932408,0
2021-08-25,177172,0,37109580,0
2021-08-26,172354,0,37281934,0
2021-08-27,185834,0,37467768,0
2021-08-28,140294,0,37608062,0
2021-08-29,98994,0,37707056,0
2021-08-30,209587,0,37916643,0
2021-08-31,194641,0,38111284,0
2021-09-01,192218,0,38303502,0
2021-09-02,189933,0,38493435,0
2021-09-03,191287,0,38684722,0
2021-09-04,131448,0,38816170,0
2021-09-05,87845,0,38904015,0
2021-09-06,193603,0,39097618,0
2021-09-07,196038,0,39293656,0
2021-09-08,187864,0,39481520,0
2021-09-09,201420,0,39682940,0
2021-09-10,198055,0,39880995,0
2021-09-11,141293,0,40022288,0
2021-09-12,89593,0,40111881,0
2021-09-13,191112,644,40302993,644
2021-09-14,177213,650,40480206,1294
2021-09-15,163077,650,40643283,1944
2021-09-16,160046,1001,40803329,2945
2021-09-17,150154,1170,40953483,4115
2021-09-18,127980,780,41081463,4895
2021-09-19,81144,508,41162607,5403
2021-09-20,180065,9130,41342672,14533
2021-09-21,166672,8862,41509344,23395
2021-09-22,159116,9463,41668460,32858
2021-09-23,138107,9357,41806567,42215
2021-09-24,140552,9013,41947119,51228
2021-09-25,119562,5673,42066681,56901
2021-09-26,71993,4365,42138674,61266
2021-09-27,135667,10084,42274341,71350
2021-09-28,117517,11428,42391858,82778
2021-09-29,112378,11850,42504236,94628
2021-09-30,110288,14982,42614524,109610
2021-10-01,94996,19144,42709520,128754
2021-10-02,78521,14045,42788041,142799
2021-10-03,47760,7669,42835801,150468
2021-10-04,88392,34486,42924193,184954
2021-10-05,80380,34022,43004573,218976
2021-10-06,72008,34213,43076581,253189
2021-10-07,71882,34374,43148463,287563
2021-10-08,80642,33622,43229105,321185
2021-10-09,76117,22195,43305222,343380
2021-10-10,45791,13631,43351013,357011
2021-10-11,87447,41133,43438460,398144
2021-10-12,84518,46934,43522978,445078
2021-10-13,88221,52165,43611199,497243
2021-10-14,91554,58559,43702753,555802
2021-10-15,93598,55680,43796351,611482
2021-10-16,82973,36827,43879324,648309
2021-10-17,51462,23861,43930786,672170
2021-10-18,90303,59520,44021089,731690
2021-10-19,78356,69415,44099445,801105
2021-10-20,75063,78211,44174508,879316
2021-10-21,78289,81817,44252797,961133
2021-10-22,73768,77082,44326565,1038215
2021-10-23,60838,51974,44387403,1090189
2021-10-24,33370,23480,44420773,1113669
2021-10-25,64895,81670,44485668,1195339
2021-10-26,58376,91837,44544044,1287176
2021-10-27,58318,104041,44602362,1391217
2021-10-28,61446,114159,44663808,1505376
2021-10-29,61632,103187,44725440,1608563
2021-10-30,50677,68152,44776117,1676715
2021-10-31,25160,28311,44801277,1705026
2021-11-01,19050,28159,44820327,1733185
2021-11-02,62739,89440,44883066,1822625
2021-11-03,60715,118703,44943781,1941328
2021-11-04,59237,126706,45003018,2068034
2021-11-05,63093,135229,45066111,2203263
2021-11-06,46492,90941,45112603,2294204
2021-11-07,22247,37907,45134850,2332111
2021-11-08,51528,131293,45186378,2463404
2021-11-09,45401,144237,45231779,2607641
2021-11-10,42594,156376,45274373,2764017
2021-11-11,44928,155175,45319301,2919192
2021-11-12,46294,158710,45365595,3077902
2021-11-13,33269,116684,45398864,3194586
2021-11-14,14491,52461,45413355,3247047
2021-11-15,36910,157445,45450265,3404492
2021-11-16,30567,171412,45480832,3575904
2021-11-17,28470,178466,45509302,3754370
2021-11-18,30293,193767,45539595,3948137
2021-11-19,28821,205888,45568416,4154025
2021-11-20,21011,156460,45589427,4310485
2021-11-21,10610,64872,45600037,4375357
2021-11-22,21960,213164,45621997,4588521
2021-11-23,23606,241803,45645603,4830324
2021-11-24,27767,271103,45673370,5101427
2021-11-25,23266,301952,45696636,5403379
2021-11-26,24599,318310,45721235,5721689
2021-11-27,21413,266174,45742648,5987863
2021-11-28,9909,137072,45752557,6124935
2021-11-29,22366,326083,45774923,6451018
2021-11-30,23120,365863,45798043,6816881
2021-12-01,21555,413545,45819598,7230426
2021-12-02,23797,440445,45843395,7670871
2021-12-03,25277,467540,45868672,8138411
2021-12-04,22391,418803,45891063,8557214
2021-12-05,11946,261366,45903009,8818580
2021-12-06,25845,457638,45928854,9276218
2021-12-07,24168,480306,45953022,9756524
2021-12-08,10031,249724,45963053,10006248
2021-12-09,31620,491967,45994673,10498215
2021-12-10,28104,517934,46022777,11016149
2021-12-11,23594,459285,46046371,11475434
2021-12-12,12324,293535,46058695,11768969
2021-12-13,26179,467657,46084874,12236626
2021-12-14,25204,494241,46110078,12730867
2021-12-15,25371,517196,46135449,13248063
2021-12-16,27927,520308,46163376,13768371
2021-12-17,29399,517227,46192775,14285598
2021-12-18,27118,468784,46219893,14754382
2021-12-19,15171,300543,46235064,15054925
2021-12-20,30673,477511,46265737,15532436
2021-12-21,30414,493446,46296151,16025882
2021-12-22,29490,484759,46325641,16510641
2021-12-23,28287,426968,46353928,16937609
2021-12-24,13126,210843,46367054,17148452
2021-12-25,2104,33053,46369158,17181505
2021-12-26,8779,159078,46377937,17340583
2021-12-27,46849,504696,46424786,17845279
2021-12-28,42511,554262,46467297,18399541
2021-12-29,34394,550683,46501691,18950224
2021-12-30,31894,499869,46533585,19450093
2021-12-31,14149,247410,46547734,19697503
2022-01-01,3500,64815,46551234,19762318
2022-01-02,22833,276727,46574067,20039045
2022-01-03,47944,520036,46622011,20559081
2022-01-04,46477,572105,46668488,21131186
2022-01-05,40846,560427,46709334,21691613
2022-01-06,23536,274491,46732870,21966104
2022-01-07,63802,554224,46796672,22520328
2022-01-08,60979,503423,46857651,23023751
2022-01-09,42965,319702,46900616,23343453
2022-01-10,61177,542326,46961793,23885779
2022-01-11,61844,587037,47023637,24472816
2022-01-12,58552,581310,47082189,25054126
2022-01-13,58713,580432,47140902,25634558
2022-01-14,46937,588620,47187839,26223178
2022-01-15,39567,569993,47227406,26793171
2022-01-16,31317,341893,47258723,27135064
2022-01-17,54853,489690,47313576,27624754
2022-01-18,58471,517056,47372047,28141810
2022-01-19,57268,502826,47429315,28644636
2022-01-20,54419,498863,47483734,29143499
2022-01-21,42182,493898,47525916,29637397
2022-01-22,31300,469620,47557216,30107017
2022-01-23,34984,275390,47592200,30382407
2022-01-24,56232,437250,47648432,30819657
2022-01-25,61601,452133,47710033,31271790
2022-01-26,58590,435849,47768623,31707639
2022-01-27,48890,432407,47817513,32140046
2022-01-28,58752,436563,47876265,32576609
2022-01-29,68192,412516,47944457,32989125
2022-01-30,50409,235988,47994866,33225113
2022-01-31,60709,356950,48055575,33582063
2022-02-01,65617,328467,48121192,33910530
2022-02-02,63251,296999,48184443,34207529
2022-02-03,60089,274537,48244532,34482066
2022-02-04,72413,268471,48316945,34750537
2022-02-05,83817,248555,48400762,34999092
2022-02-06,55307,116208,48456069,35115300
2022-02-07,65183,199945,48521252,35315245
2022-02-08,66957,186128,48588209,35501373
2022-02-09,58774,166353,48646983,35667726
2022-02-10,58599,163251,48705582,35830977
2022-02-11,62275,162478,48767857,35993455
2022-02-12,72010,152155,48839867,36145610
2022-02-13,41484,68856,48881351,36214466
2022-02-14,46712,116192,48928063,36330658
2022-02-15,48567,123482,48976630,36454140
2022-02-16,45688,106129,49022318,36560269
2022-02-17,42873,98120,49065191,36658389
2022-02-18,46633,112586,49111824,36770975
2022-02-19,52546,100339,49164370,36871314
2022-02-20,31416,40367,49195786,36911681
2022-02-21,37899,89659,49233685,37001340
2022-02-22,37226,83784,49270911,37085124
2022-02-23,33401,79410,49304312,37164534
2022-02-24,32561,78167,49336873,37242701
2022-02-25,34772,90715,49371645,37333416
2022-02-26,39163,89138,49410808,37422554
2022-02-27,22548,35857,49433356,37458411
2022-02-28,28489,81698,49461845,37540109
2022-03-01,22729,53943,49484574,37594052
2022-03-02,21934,50712,49506508,37644764
2022-03-03,22636,54947,49529144,37699711
2022-03-04,23242,62801,49552386,37762512
2022-03-05,23803,57952,49576189,37820464
2022-03-06,9474,17201,49585663,37837665
2022-03-07,15925,51390,49601588,37889055
2022-03-08,15481,48796,49617069,37937851
2022-03-09,13816,46517,49630885,37984368
2022-03-10,14058,52125,49644943,38036493
2022-03-11,15590,57274,49660533,38093767
2022-03-12,15511,56619,49676044,38150386
2022-03-13,5545,16852,49681589,38167238
2022-03-14,10529,46701,49692118,38213939
2022-03-15,10552,46895,49702670,38260834
2022-03-16,9482,41975,49712152,38302809
2022-03-17,9724,44876,49721876,38347685
2022-03-18,10162,49058,49732038,38396743
2022-03-19,9151,46539,49741189,38443282
2022-03-20,2608,11704,49743797,38454986
2022-03-21,7581,40229,49751378,38495215
2022-03-22,8447,37767,49759825,38532982
2022-03-23,7218,33701,49767043,38566683
2022-03-24,8259,38820,49775302,38605503
2022-03-25,8142,43671,49783444,38649174
2022-03-26,8128,41722,49791572,38690896
2022-03-27,2431,9683,49794003,38700579
2022-03-28,6112,35243,49800115,38735822
2022-03-29,5781,32531,49805896,38768353
2022-03-30,5567,30204,49811463,38798557
2022-03-31,5903,33187,49817366,38831744
2022-04-01,4350,25189,49821716,38856933
2022-04-02,4497,23275,49826213,38880208
2022-04-03,1049,4500,49827262,38884708
2022-04-04,3660,21545,49830922,38906253
2022-04-05,3758,22936,49834680,38929189
2022-04-06,4105,21852,49838785,38951041
2022-04-07,3970,23321,49842755,38974362
2022-04-08,4696,26714,49847451,39001076
2022-04-09,4381,23888,49851832,39024964
2022-04-10,893,4613,49852725,39029577
2022-04-11,3819,22689,49856544,39052266
2022-04-12,3365,21779,49859909,39074045
2022-04-13,3571,21337,49863480,39095382
2022-04-14,3488,23787,49866968,39119169
2022-04-15,3083,20621,49870051,39139790
2022-04-16,2151,11918,49872202,39151708
2022-04-17,63,348,49872265,39152056
2022-04-18,152,650,49872417,39152706
2022-04-19,3499,21984,49875916,39174690
2022-04-20,3512,20251,49879428,39194941
2022-04-21,2848,19791,49882276,39214732
2022-04-22,2928,20712,49885204,39235444
2022-04-23,2647,16222,49887851,39251666
2022-04-24,509,2334,49888360,39254000
2022-04-25,183,1165,49888543,39255165
2022-04-26,2759,17810,49891302,39272975
2022-04-27,2374,15795,49893676,39288770
2022-04-28,2361,15564,49896037,39304334
2022-04-29,2297,14850,49898334,39319184
2022-04-30,2123,11584,49900457,39330768
2022-05-01,113,531,49900570,39331299
2022-05-02,1451,9392,49902021,39340691
2022-05-03,1577,10323,49903598,39351014
2022-05-04,1745,10271,49905343,39361285
2022-05-05,1654,10296,49906997,39371581
2022-05-06,1702,10970,49908699,39382551
2022-05-07,1431,8570,49910130,39391121
2022-05-08,416,1526,49910546,39392647
2022-05-09,1029,8930,49911575,39401577
2022-05-10,1426,9549,49913001,39411126
2022-05-11,1484,10104,49914485,39421230
2022-05-12,1372,10137,49915857,39431367
2022-05-13,1596,10518,49917453,39441885
2022-05-14,1360,8240,49918813,39450125
2022-05-15,336,1135,49919149,39451260
2022-05-16,814,8404,49919963,39459664
2022-05-17,1244,8697,49921207,39468361
2022-05-18,1372,9235,49922579,39477596
2022-05-19,1500,9283,49924079,39486879
2022-05-20,1422,9532,49925501,39496411
2022-05-21,1301,7900,49926802,39504311
2022-05-22,231,1014,49927033,39505325
2022-05-23,830,8271,49927863,39513596
2022-05-24,1073,8672,49928936,39522268
2022-05-25,1372,9459,49930308,39531727
2022-05-26,1196,9480,49931504,39541207
2022-05-27,1232,9915,49932736,39551122
2022-05-28,1205,7887,49933941,39559009
2022-05-29,288,1265,49934229,39560274
2022-05-30,930,8057,49935159,39568331
2022-05-31,1038,8548,49936197,39576879
2022-06-01,894,7658,49937091,39584537
2022-06-02,35,474,49937126,39585011
2022-06-03,817,7334,49937943,39592345
2022-06-04,870,5162,49938813,39597507
2022-06-05,89,586,49938902,39598093
2022-06-06,679,7003,49939581,39605096
2022-06-07,952,7849,49940533,39612945
2022-06-08,981,7907,49941514,39620852
2022-06-09,1036,8417,49942550,39629269
2022-06-10,958,8563,49943508,39637832
2022-06-11,903,6207,49944411,39644039
2022-06-12,140,768,49944551,39644807
2022-06-13,602,6301,49945153,39651108
2022-06-14,832,7903,49945985,39659011
2022-06-15,960,7855,49946945,39666866
2022-06-16,733,7396,49947678,39674262
2022-06-17,724,7249,49948402,39681511
2022-06-18,777,5594,49949179,39687105
2022-06-19,49,521,49949228,39687626
2022-06-20,587,6699,49949815,39694325
2022-06-21,741,7663,49950556,39701988
2022-06-22,779,7313,49951335,39709301
2022-06-23,648,7472,49951983,39716773
2022-06-24,644,7474,49952627,39724247
2022-06-25,835,6533,49953462,39730780
2022-06-26,128,523,49953590,39731303
2022-06-27,534,7125,49954124,39738428
2022-06-28,747,8207,49954871,39746635
2022-06-29,756,7732,49955627,39754367
2022-06-30,747,8145,49956374,39762512
2022-07-01,577,6443,49956951,39768955
2022-07-02,536,4769,49957487,39773724
2022-07-03,49,456,49957536,39774180
2022-07-04,469,6277,49958005,39780457
2022-07-05,631,8120,49958636,39788577
2022-07-06,633,7611,49959269,39796188
2022-07-07,575,8271,49959844,39804459
2022-07-08,674,8084,49960518,39812543
2022-07-09,550,6105,49961068,39818648
2022-07-10,58,533,49961126,39819181
2022-07-11,491,7639,49961617,39826820
2022-07-12,667,9030,49962284,39835850
2022-07-13,644,10066,49962928,39845916
2022-07-14,637,10226,49963565,39856142
2022-07-15,626,10667,49964191,39866809
2022-07-16,522,7215,49964713,39874024
2022-07-17,48,770,49964761,39874794
2022-07-18,496,9372,49965257,39884166
2022-07-19,575,10683,49965832,39894849
2022-07-20,581,11275,49966413,39906124
2022-07-21,630,12090,49967043,39918214
2022-07-22,584,11258,49967627,39929472
2022-07-23,381,6775,49968008,39936247
2022-07-24,76,857,49968084,39937104
2022-07-25,503,9051,49968587,39946155
2022-07-26,522,9761,49969109,39955916
2022-07-27,552,10208,49969661,39966124
2022-07-28,532,10534,49970193,39976658
2022-07-29,511,9465,49970704,39986123
2022-07-30,383,5881,49971087,39992004
2022-07-31,49,764,49971136,39992768
2022-08-01,386,6864,49971522,39999632
2022-08-02,545,7589,49972067,40007221
2022-08-03,512,7179,49972579,40014400
2022-08-04,455,7489,49973034,40021889
2022-08-05,421,6527,49973455,40028416
2022-08-06,299,3613,49973754,40032029
2022-08-07,44,561,49973798,40032590
2022-08-08,403,4890,49974201,40037480
2022-08-09,381,5311,49974582,40042791
2022-08-10,385,4816,49974967,40047607
2022-08-11,369,4803,49975336,40052410
2022-08-12,293,3720,49975629,40056130
2022-08-13,143,1600,49975772,40057730
2022-08-14,9,129,49975781,40057859
2022-08-15,1,26,49975782,40057885
2022-08-16,282,3043,49976064,40060928
2022-08-17,352,3536,49976416,40064464
2022-08-18,392,4160,49976808,40068624
2022-08-19,341,3319,49977149,40071943
2022-08-20,183,1715,49977332,40073658
2022-08-21,24,149,49977356,40073807
2022-08-22,329,2952,49977685,40076759
2022-08-23,370,3674,49978055,40080433
2022-08-24,384,3360,49978439,40083793
2022-08-25,422,3774,49978861,40087567
2022-08-26,399,3575,49979260,40091142
2022-08-27,237,1769,49979497,40092911
2022-08-28,29,267,49979526,40093178
2022-08-29,354,3161,49979880,40096339
2022-08-30,403,3671,49980283,40100010
2022-08-31,438,3734,49980721,40103744
2022-09-01,353,3116,49981074,40106860
2022-09-02,296,2893,49981370,40109753
2022-09-03,200,1689,49981570,40111442
2022-09-04,24,149,49981594,40111591
2022-09-05,187,2656,49981781,40114247
2022-09-06,305,2981,49982086,40117228
2022-09-07,540,2937,49982626,40120165
2022-09-08,292,2962,49982918,40123127
2022-09-09,305,2886,49983223,40126013
2022-09-10,227,1326,49983450,40127339
2022-09-11,23,124,49983473,40127463
2022-09-12,267,2267,49983740,40129730
2022-09-13,252,2276,49983992,40132006
2022-09-14,266,2566,49984258,40134572
2022-09-15,282,2499,49984540,40137071
2022-09-16,254,2546,49984794,40139617
2022-09-17,239,1339,49985033,40140956
2022-09-18,20,170,49985053,40141126
2022-09-19,206,1971,49985259,40143097
2022-09-20,236,2391,49985495,40145488
2022-09-21,289,2526,49985784,40148014
2022-09-22,266,2663,49986050,40150677
2022-09-23,259,2544,49986309,40153221
2022-09-24,193,1427,49986502,40154648
2022-09-25,29,133,49986531,40154781
2022-09-26,280,2248,49986811,40157029
2022-09-27,287,2682,49987098,40159711
2022-09-28,310,2905,49987408,40162616
2022-09-29,257,3049,49987665,40165665
2022-09-30,292,2989,49987957,40168654
2022-10-01,195,1515,49988152,40170169
2022-10-02,12,187,49988164,40170356
2022-10-03,185,2474,49988349,40172830
2022-10-04,236,2863,49988585,40175693
2022-10-05,229,3249,49988814,40178942
2022-10-06,243,3874,49989057,40182816
2022-10-07,282,4187,49989339,40187003
2022-10-08,202,2270,49989541,40189273
2022-10-09,8,305,49989549,40189578
2022-10-10,210,3356,49989759,40192934
2022-10-11,193,4379,49989952,40197313
2022-10-12,209,4440,49990161,40201753
2022-10-13,203,5304,49990364,40207057
2022-10-14,232,5023,49990596,40212080
2022-10-15,190,2671,49990786,40214751
2022-10-16,6,360,49990792,40215111
2022-10-17,185,3871,49990977,40218982
2022-10-18,257,4965,49991234,40223947
2022-10-19,244,5478,49991478,40229425
2022-10-20,224,5993,49991702,40235418
2022-10-21,250,5476,49991952,40240894
2022-10-22,195,2910,49992147,40243804
2022-10-23,13,364,49992160,40244168
2022-10-24,171,3929,49992331,40248097
2022-10-25,253,4927,49992584,40253024
2022-10-26,347,5498,49992931,40258522
2022-10-27,241,5669,49993172,40264191
2022-10-28,199,5260,49993371,40269451
2022-10-29,128,2844,49993499,40272295
2022-10-30,3,328,49993502,40272623
2022-10-31,117,3037,49993619,40275660
2022-11-01,11,353,49993630,40276013
2022-11-02,143,3719,49993773,40279732
2022-11-03,173,4784,49993946,40284516
2022-11-04,224,4600,49994170,40289116
2022-11-05,144,2596,49994314,40291712
2022-11-06,10,259,49994324,40291971
2022-11-07,169,3223,49994493,40295194
2022-11-08,259,4240,49994752,40299434
2022-11-09,197,4326,49994949,40303760
2022-11-10,182,4580,49995131,40308340
2022-11-11,192,4215,49995323,40312555
2022-11-12,154,2363,49995477,40314918
2022-11-13,7,335,49995484,40315253
2022-11-14,149,2836,49995633,40318089
2022-11-15,202,3737,49995835,40321826
2022-11-16,216,3977,49996051,40325803
2022-11-17,192,4085,49996243,40329888
2022-11-18,247,4015,49996490,40333903
2022-11-19,112,2096,49996602,40335999
2022-11-20,24,314,49996626,40336313
2022-11-21,118,2612,49996744,40338925
2022-11-22,142,3204,49996886,40342129
2022-11-23,192,3613,49997078,40345742
2022-11-24,155,3811,49997233,40349553
2022-11-25,184,3753,49997417,40353306
2022-11-26,130,2091,49997547,40355397
2022-11-27,22,356,49997569,40355753
2022-11-28,180,2670,49997749,40358423
2022-11-29,183,3207,49997932,40361630
2022-11-30,176,3708,49998108,40365338
2022-12-01,222,3582,49998330,40368920
2022-12-02,156,3492,49998486,40372412
2022-12-03,101,1946,49998587,40374358
2022-12-04,5,290,49998592,40374648
2022-12-05,125,2799,49998717,40377447
2022-12-06,168,3555,49998885,40381002
2022-12-07,129,2979,49999014,40383981
2022-12-08,7,123,49999021,40384104
2022-12-09,132,2748,49999153,40386852
2022-12-10,68,1412,49999221,40388264
2022-12-11,3,139,49999224,40388403
2022-12-12,157,2260,49999381,40390663
2022-12-13,156,2544,49999537,40393207