data_somministrazione,vaccinazioni,booster,cum_vaccinazioni,cum_booster
2020-12-27,16,0,16,0
2020-12-28,2,0,18,0
2020-12-29,1,0,19,0
2020-12-30,3,0,22,0
2020-12-31,34,0,56,0
2021-01-01,12,0,68,0
2021-01-02,55,0,123,0
2021-01-03,46,0,169,0
2021-01-04,124,0,293,0
2021-01-05,165,0,458,0
2021-01-06,135,0,593,0
2021-01-07,203,0,796,0
2021-01-08,247,0,1043,0
2021-01-09,175,0,1218,0
2021-01-10,110,0,1328,0
2021-01-11,200,0,1528,0
2021-01-12,208,0,1736,0
2021-01-13,314,0,2050,0
2021-01-14,415,0,2465,0
2021-01-15,255,0,2720,0
2021-01-16,169,0,2889,0
2021-01-17,3050,0,5939,0
2021-01-18,5186,0,11125,0
2021-01-19,1877,0,13002,0
2021-01-20,4648,0,17650,0
2021-01-21,20006,0,37656,0
2021-01-22,14198,0,51854,0
2021-01-23,33358,0,85212,0
2021-01-24,30794,0,116006,0
2021-01-25,64779,0,180785,0
2021-01-26,76552,0,257337,0
2021-01-27,64882,0,322219,0
2021-01-28,89344,0,411563,0
2021-01-29,94077,0,505640,0
2021-01-30,86619,0,592259,0
2021-01-31,57355,0,649614,0
2021-02-01,81910,0,731524,0
2021-02-02,82173,0,813697,0
2021-02-03,91218,0,904915,0
2021-02-04,95389,0,1000304,0
2021-02-05,90294,0,1090598,0
2021-02-06,63734,0,1154332,0
2021-02-07,32920,0,1187252,0
2021-02-08,40417,0,1227669,0
2021-02-09,32846,0,1260515,0
2021-02-10,28387,0,1288902,0
2021-02-11,20355,0,1309257,0
2021-02-12,16181,0,1325438,0
2021-02-13,7217,0,1332655,0
2021-02-14,2856,0,1335511,0
2021-02-15,6824,0,1342335,0
2021-02-16,6974,0,1349309,0
2021-02-17,10497,0,1359806,0
2021-02-18,9218,0,1369024,0
2021-02-19,8173,0,1377197,0
2021-02-20,5476,0,1382673,0
2021-02-21,2948,0,1385621,0
2021-02-22,6840,0,1392461,0
2021-02-23,7109,0,1399570,0
2021-02-24,9791,0,1409361,0
2021-02-25,14171,0,1423532,0
2021-02-26,17493,0,1441025,0
2021-02-27,13857,0,1454882,0
2021-02-28,9345,0,1464227,0
2021-03-01,26446,0,1490673,0
2021-03-02,33173,0,1523846,0
2021-03-03,44602,0,1568448,0
2021-03-04,50212,0,1618660,0
2021-03-05,55627,0,1674287,0
2021-03-06,41842,0,1716129,0
2021-03-07,22293,0,1738422,0
2021-03-08,50530,0,1788952,0
2021-03-09,52912,0,1841864,0
2021-03-10,58531,0,1900395,0
2021-03-11,63750,0,1964145,0
2021-03-12,65013,0,2029158,0
2021-03-13,51652,0,2080810,0
2021-03-14,35345,0,2116155,0
2021-03-15,73367,0,2189522,0
2021-03-16,73987,0,2263509,0
2021-03-17,83002,0,2346511,0
2021-03-18,81588,0,2428099,0
2021-03-19,81023,0,2509122,0
2021-03-20,64644,0,2573766,0
2021-03-21,47246,0,2621012,0
2021-03-22,69405,0,2690417,0
2021-03-23,75693,0,2766110,0
2021-03-24,90782,0,2856892,0
2021-03-25,89707,0,2946599,0
2021-03-26,83491,0,3030090,0
2021-03-27,71820,0,3101910,0
2021-03-28,44036,0,3145946,0
2021-03-29,70697,0,3216643,0
2021-03-30,81246,0,3297889,0
2021-03-31,96089,0,3393978,0
2021-04-01,95199,0,3489177,0
2021-04-02,83984,0,3573161,0
2021-04-03,64249,0,3637410,0
2021-04-04,21689,0,3659099,0
2021-04-05,40259,0,3699358,0
2021-04-06,81223,0,3780581,0
2021-04-07,95719,0,3876300,0
2021-04-08,95151,0,3971451,0
2021-04-09,88388,0,4059839,0
2021-04-10,73945,0,4133784,0
2021-04-11,44703,0,4178487,0
2021-04-12,66837,0,4245324,0
2021-04-13,72498,0,4317822,0
2021-04-14,85424,0,4403246,0
2021-04-15,105297,0,4508543,0
2021-04-16,106306,0,4614849,0
2021-04-17,90399,0,4705248,0
2021-04-18,58529,0,4763777,0
2021-04-19,93384,0,4857161,0
2021-04-20,103689,0,4960850,0
2021-04-21,125271,0,5086121,0
2021-04-22,143420,0,5229541,0
2021-04-23,138616,0,5368157,0
2021-04-24,124352,0,5492509,0
2021-04-25,61388,0,5553897,0
2021-04-26,97796,0,5651693,0
2021-04-27,128270,0,5779963,0
2021-04-28,156241,0,5936204,0
2021-04-29,195421,0,6131625,0
2021-04-30,214420,0,6346045,0
2021-05-01,174001,0,6520046,0
2021-05-02,135732,0,6655778,0
2021-05-03,141898,0,6797676,0
2021-05-04,158587,0,6956263,0
2021-05-05,170350,0,7126613,0
2021-05-06,197684,0,7324297,0
2021-05-07,213669,0,7537966,0
2021-05-08,213286,0,7751252,0
2021-05-09,143081,0,7894333,0
2021-05-10,164992,0,8059325,0
2021-05-11,174816,0,8234141,0
2021-05-12,178976,0,8413117,0
2021-05-13,203173,0,8616290,0
2021-05-14,222743,0,8839033,0
2021-05-15,210165,0,9049198,0
2021-05-16,159153,0,9208351,0
2021-05-17,219075,0,9427426,0
2021-05-18,212880,0,9640306,0
2021-05-19,206925,0,9847231,0
2021-05-20,270675,0,10117906,0
2021-05-21,270691,0,10388597,0
2021-05-22,245404,0,10634001,0
2021-05-23,197113,0,10831114,0
2021-05-24,228216,0,11059330,0
2021-05-25,245608,0,11304938,0
2021-05-26,277375,0,11582313,0
2021-05-27,310962,0,11893275,0
2021-05-28,299436,0,12192711,0
2021-05-29,231068,0,12423779,0
2021-05-30,170751,0,12594530,0
2021-05-31,216306,0,12810836,0
2021-06-01,207544,0,13018380,0
2021-06-02,115665,0,13134045,0
2021-06-03,179895,0,13313940,0
2021-06-04,184625,0,13498565,0
2021-06-05,185737,0,13684302,0
2021-06-06,139307,0,13823609,0
2021-06-07,161621,0,13985230,0
2021-06-08,170869,0,14156099,0
2021-06-09,171190,0,14327289,0
2021-06-10,173749,0,14501038,0
2021-06-11,169659,0,14670697,0
2021-06-12,128056,0,14798753,0
2021-06-13,91008,0,14889761,0
2021-06-14,214478,0,15104239,0
2021-06-15,228233,0,15332472,0
2021-06-16,252959,0,15585431,0
2021-06-17,301590,0,15887021,0
2021-06-18,306134,0,16193155,0
2021-06-19,275022,0,16468177,0
2021-06-20,220648,0,16688825,0
2021-06-21,287992,0,16976817,0
2021-06-22,296111,0,17272928,0
2021-06-23,302688,0,17575616,0
2021-06-24,332522,0,17908138,0
2021-06-25,348667,0,18256805,0
2021-06-26,300065,0,18556870,0
2021-06-27,228663,0,18785533,0
2021-06-28,306947,0,19092480,0
2021-06-29,329216,0,19421696,0
2021-06-30,342133,0,19763829,0
2021-07-01,363068,0,20126897,0
2021-07-02,368473,0,20495370,0
2021-07-03,371134,0,20866504,0
2021-07-04,283182,0,21149686,0
2021-07-05,384518,0,21534204,0
2021-07-06,385434,0,21919638,0
2021-07-07,412096,0,22331734,0
2021-07-08,479889,0,22811623,0
2021-07-09,498643,0,23310266,0
2021-07-10,475336,0,23785602,0
2021-07-11,357854,0,24143456,0
2021-07-12,486071,0,24629527,0
2021-07-13,492368,0,25121895,0
2021-07-14,480652,0,25602547,0
2021-07-15,523653,0,26126200,0
2021-07-16,509921,0,26636121,0
2021-07-17,464632,0,27100753,0
2021-07-18,364860,0,27465613,0
2021-07-19,463291,0,27928904,0
2021-07-20,458212,0,28387116,0
2021-07-21,462911,0,28850027,0
2021-07-22,475443,0,29325470,0
2021-07-23,441368,0,29766838,0
2021-07-24,386183,0,30153021,0
2021-07-25,287618,0,30440639,0
2021-07-26,430957,0,30871596,0
2021-07-27,440170,0,31311766,0
2021-07-28,391051,0,31702817,0
2021-07-29,372106,0,32074923,0
2021-07-30,341435,0,32416358,0
2021-07-31,286975,0,32703333,0
2021-08-01,190853,0,32894186,0
2021-08-02,333707,0,33227893,0
2021-08-03,323149,0,33551042,0
2021-08-04,310947,0,33861989,0
2021-08-05,292552,0,34154541,0
2021-08-06,259975,0,34414516,0
2021-08-07,198943,0,34613459,0
2021-08-08,153079,0,34766538,0
2021-08-09,234130,0,35000668,0
2021-08-10,205149,0,35205817,0
2021-08-11,193602,0,35399419,0
2021-08-12,167792,0,35567211,0
2021-08-13,148393,0,35715604,0
2021-08-14,66003,0,35781607,0
2021-08-15,26305,0,35807912,0
2021-08-16,114538,0,35922450,0
2021-08-17,129119,0,36051569,0
2021-08-18,128576,0,36180145,0
2021-08-19,124649,0,36304794,0
2021-08-20,123672,0,36428466,0
2021-08-21,83055,0,36511521,0
2021-08-22,68118,0,36579639,0
2021-08-23,176732,0,36756371,0
2021-08-24,156934,0,36913305,0
2021-08-25,177057,0,37090362,0
2021-08-26,172261,0,37262623,0
2021-08-27,185785,0,37448408,0
2021-08-28,140121,0,37588529,0
2021-08-29,98990,0,37687519,0
2021-08-30,209484,0,37897003,0
2021-08-31,194464,0,38091467,0
2021-09-01,192067,0,38283534,0
2021-09-02,189750,0,38473284,0
2021-09-03,191215,0,38664499,0
2021-09-04,131411,0,38795910,0
2021-09-05,87814,0,38883724,0
2021-09-06,193590,0,39077314,0
2021-09-07,195900,0,39273214,0
2021-09-08,187819,0,39461033,0
2021-09-09,201375,0,39662408,0
2021-09-10,197978,0,39860386,0
2021-09-11,141201,0,40001587,0
2021-09-12,89531,0,40091118,0
2021-09-13,191111,347,40282229,347
2021-09-14,177175,426,40459404,773
2021-09-15,162989,455,40622393,1228
2021-09-16,159961,787,40782354,2015
2021-09-17,149980,1006,40932334,3021
2021-09-18,127776,656,41060110,3677
2021-09-19,81044,442,41141154,4119
2021-09-20,179826,8954,41320980,13073
2021-09-21,166367,8725,41487347,21798
2021-09-22,158797,9363,41646144,31161
2021-09-23,137764,9239,41783908,40400
2021-09-24,140249,8860,41924157,49260
2021-09-25,119344,5552,42043501,54812
2021-09-26,71797,4295,42115298,59107
2021-09-27,135368,9973,42250666,69080
2021-09-28,117225,11314,42367891,80394
2021-09-29,112038,11759,42479929,92153
2021-09-30,109971,14851,42589900,107004
2021-10-01,94732,19032,42684632,126036
2021-10-02,78249,13983,42762881,140019
2021-10-03,47576,7630,42810457,147649
2021-10-04,88136,34366,42898593,182015
2021-10-05,80181,33905,42978774,215920
2021-10-06,71778,34077,43050552,249997
2021-10-07,71552,34289,43122104,284286
2021-10-08,80399,33495,43202503,317781
2021-10-09,75858,22111,43278361,339892
2021-10-10,45648,13590,43324009,353482
2021-10-11,87177,41006,43411186,394488
2021-10-12,84255,46796,43495441,441284
2021-10-13,87940,52010,43583381,493294
2021-10-14,91218,58386,43674599,551680
2021-10-15,93274,55484,43767873,607164
2021-10-16,82689,36711,43850562,643875
2021-10-17,51289,23784,43901851,667659
2021-10-18,90100,59335,43991951,726994
2021-10-19,78141,69289,44070092,796283
2021-10-20,74854,78043,44144946,874326
2021-10-21,78100,81616,44223046,955942
2021-10-22,73671,76902,44296717,1032844
2021-10-23,60652,51886,44357369,1084730
2021-10-24,33326,23401,44390695,1108131
2021-10-25,64794,81532,44455489,1189663
2021-10-26,58262,91633,44513751,1281296
2021-10-27,58192,103844,44571943,1385140
2021-10-28,61324,113914,44633267,1499054
2021-10-29,61588,102949,44694855,1602003
2021-10-30,50569,68011,44745424,1670014
2021-10-31,25130,28239,44770554,1698253
2021-11-01,19020,28120,44789574,1726373
2021-11-02,62716,89221,44852290,1815594
2021-11-03,60641,118507,44912931,1934101
2021-11-04,59130,126472,44972061,2060573
2021-11-05,62990,134984,45035051,2195557
2021-11-06,46368,90776,45081419,2286333
2021-11-07,22208,37838,45103627,2324171
2021-11-08,51395,131123,45155022,2455294
2021-11-09,45328,143949,45200350,2599243
2021-11-10,42485,156048,45242835,2755291
2021-11-11,44826,154973,45287661,2910264
2021-11-12,46248,158381,45333909,3068645
2021-11-13,33147,116476,45367056,3185121
2021-11-14,14446,52395,45381502,3237516
2021-11-15,36796,157193,45418298,3394709
2021-11-16,30447,171183,45448745,3565892
2021-11-17,28333,178270,45477078,3744162
2021-11-18,30118,193528,45507196,3937690
2021-11-19,28668,205624,45535864,4143314
2021-11-20,20887,156118,45556751,4299432
2021-11-21,10547,64712,45567298,4364144
2021-11-22,21824,212934,45589122,4577078
2021-11-23,23446,241458,45612568,4818536
2021-11-24,27683,270675,45640251,5089211
2021-11-25,23063,301582,45663314,5390793
2021-11-26,24413,317956,45687727,5708749
2021-11-27,21229,265843,45708956,5974592
2021-11-28,9828,136839,45718784,6111431
2021-11-29,22132,325693,45740916,6437124
2021-11-30,22885,365419,45763801,6802543
2021-12-01,21287,413027,45785088,7215570
2021-12-02,23542,440215,45808630,7655785
2021-12-03,24989,467225,45833619,8123010
2021-12-04,22155,418595,45855774,8541605
2021-12-05,11763,261253,45867537,8802858
2021-12-06,25502,457400,45893039,9260258
2021-12-07,23850,480028,45916889,9740286
2021-12-08,9869,249585,45926758,9989871
2021-12-09,31241,491760,45957999,10481631
2021-12-10,27780,517608,45985779,10999239
2021-12-11,23302,459085,46009081,11458324
2021-12-12,12129,293375,46021210,11751699
2021-12-13,25869,467441,46047079,12219140
2021-12-14,24875,493973,46071954,12713113
2021-12-15,25030,516938,46096984,13230051
2021-12-16,27487,520005,46124471,13750056
2021-12-17,28987,516881,46153458,14266937
2021-12-18,26662,468510,46180120,14735447
2021-12-19,14905,300360,46195025,15035807
2021-12-20,30247,477274,46225272,15513081
2021-12-21,30029,493133,46255301,16006214
2021-12-22,29049,484471,46284350,16490685
2021-12-23,27839,426726,46312189,16917411
2021-12-24,12960,210738,46325149,17128149
2021-12-25,2085,33041,46327234,17161190
2021-12-26,8644,159014,46335878,17320204
2021-12-27,46320,504457,46382198,17824661
2021-12-28,41839,553992,46424037,18378653
2021-12-29,33653,550403,46457690,18929056
2021-12-30,31214,499601,46488904,19428657
2021-12-31,13612,247312,46502516,19675969
2022-01-01,3419,64783,46505935,19740752
2022-01-02,22251,276655,46528186,20017407
2022-01-03,46813,520780,46574999,20538187
2022-01-04,45234,572795,46620233,21110982
2022-01-05,39377,561084,46659610,21672066
2022-01-06,22608,274354,46682218,21946420
2022-01-07,61952,554836,46744170,22501256
2022-01-08,58880,503187,46803050,23004443
2022-01-09,41153,319577,46844203,23324020
2022-01-10,59334,542913,46903537,23866933
2022-01-11,59618,587577,46963155,24454510
2022-01-12,56121,581823,47019276,25036333
2022-01-13,56323,580935,47075599,25617268
2022-01-14,44264,588810,47119863,26206078
2022-01-15,36110,568760,47155973,26774838
2022-01-16,29012,341348,47184985,27116186
2022-01-17,52739,490253,47237724,27606439
2022-01-18,56335,518019,47294059,28124458
2022-01-19,55098,503329,47349157,28627787
2022-01-20,52287,499285,47401444,29127072
2022-01-21,39866,494293,47441310,29621365
2022-01-22,28363,469259,47469673,30090624
2022-01-23,33370,275158,47503043,30365782
2022-01-24,54666,437771,47557709,30803553
2022-01-25,60154,452642,47617863,31256195
2022-01-26,57030,436304,47674893,31692499
2022-01-27,47362,432806,47722255,32125305
2022-01-28,57094,437034,47779349,32562339
2022-01-29,66242,411860,47845591,32974199
2022-01-30,49086,235621,47894677,33209820
2022-01-31,59086,357505,47953763,33567325
2022-02-01,64306,328959,48018069,33896284
2022-02-02,62039,297284,48080108,34193568
2022-02-03,59118,274875,48139226,34468443
2022-02-04,71379,268667,48210605,34737110
2022-02-05,82411,248020,48293016,34985130
2022-02-06,54568,116010,48347584,35101140
2022-02-07,64391,200361,48411975,35301501
2022-02-08,66060,186470,48478035,35487971
2022-02-09,57984,166563,48536019,35654534
2022-02-10,57803,163307,48593822,35817841
2022-02-11,61522,162433,48655344,35980274
2022-02-12,71113,151721,48726457,36131995
2022-02-13,41006,68579,48767463,36200574
2022-02-14,46154,116352,48813617,36316926
2022-02-15,47760,123157,48861377,36440083
2022-02-16,44888,105432,48906265,36545515
2022-02-17,38731,88068,48944996,36633583