data_somministrazione,vaccinazioni,booster,cum_vaccinazioni,cum_booster
2020-12-27,18,0,18,0
2020-12-28,2,0,20,0
2020-12-29,1,0,21,0
2020-12-30,6,0,27,0
2020-12-31,53,0,80,0
2021-01-01,20,0,100,0
2021-01-02,88,0,188,0
2021-01-03,69,0,257,0
2021-01-04,184,0,441,0
2021-01-05,226,0,667,0
2021-01-06,177,0,844,0
2021-01-07,265,0,1109,0
2021-01-08,313,0,1422,0
2021-01-09,234,0,1656,0
2021-01-10,138,0,1794,0
2021-01-11,257,0,2051,0
2021-01-12,259,0,2310,0
2021-01-13,371,0,2681,0
2021-01-14,460,0,3141,0
2021-01-15,283,0,3424,0
2021-01-16,198,0,3622,0
2021-01-17,3055,0,6677,0
2021-01-18,5206,0,11883,0
2021-01-19,1890,0,13773,0
2021-01-20,4651,0,18424,0
2021-01-21,20008,0,38432,0
2021-01-22,14201,0,52633,0
2021-01-23,33341,0,85974,0
2021-01-24,30794,0,116768,0
2021-01-25,64743,0,181511,0
2021-01-26,76508,0,258019,0
2021-01-27,64853,0,322872,0
2021-01-28,89313,0,412185,0
2021-01-29,94045,0,506230,0
2021-01-30,86584,0,592814,0
2021-01-31,57345,0,650159,0
2021-02-01,81880,0,732039,0
2021-02-02,82149,0,814188,0
2021-02-03,91200,0,905388,0
2021-02-04,95405,0,1000793,0
2021-02-05,90291,0,1091084,0
2021-02-06,63451,0,1154535,0
2021-02-07,32925,0,1187460,0
2021-02-08,40432,0,1227892,0
2021-02-09,32864,0,1260756,0
2021-02-10,28413,0,1289169,0
2021-02-11,20380,0,1309549,0
2021-02-12,16219,0,1325768,0
2021-02-13,7243,0,1333011,0
2021-02-14,2861,0,1335872,0
2021-02-15,6835,0,1342707,0
2021-02-16,6990,0,1349697,0
2021-02-17,10516,0,1360213,0
2021-02-18,9241,0,1369454,0
2021-02-19,8231,0,1377685,0
2021-02-20,5532,0,1383217,0
2021-02-21,2976,0,1386193,0
2021-02-22,6876,0,1393069,0
2021-02-23,7154,0,1400223,0
2021-02-24,9822,0,1410045,0
2021-02-25,14199,0,1424244,0
2021-02-26,17545,0,1441789,0
2021-02-27,13894,0,1455683,0
2021-02-28,9383,0,1465066,0
2021-03-01,26505,0,1491571,0
2021-03-02,33231,0,1524802,0
2021-03-03,44642,0,1569444,0
2021-03-04,50287,0,1619731,0
2021-03-05,55734,0,1675465,0
2021-03-06,41870,0,1717335,0
2021-03-07,22319,0,1739654,0
2021-03-08,50786,0,1790440,0
2021-03-09,53055,0,1843495,0
2021-03-10,58619,0,1902114,0
2021-03-11,63822,0,1965936,0
2021-03-12,65086,0,2031022,0
2021-03-13,51695,0,2082717,0
2021-03-14,35382,0,2118099,0
2021-03-15,73420,0,2191519,0
2021-03-16,74021,0,2265540,0
2021-03-17,83128,0,2348668,0
2021-03-18,81617,0,2430285,0
2021-03-19,81079,0,2511364,0
2021-03-20,64700,0,2576064,0
2021-03-21,47284,0,2623348,0
2021-03-22,69467,0,2692815,0
2021-03-23,75774,0,2768589,0
2021-03-24,90873,0,2859462,0
2021-03-25,89776,0,2949238,0
2021-03-26,83590,0,3032828,0
2021-03-27,71902,0,3104730,0
2021-03-28,44112,0,3148842,0
2021-03-29,70795,0,3219637,0
2021-03-30,81345,0,3300982,0
2021-03-31,96199,0,3397181,0
2021-04-01,95285,0,3492466,0
2021-04-02,84060,0,3576526,0
2021-04-03,64292,0,3640818,0
2021-04-04,21715,0,3662533,0
2021-04-05,40294,0,3702827,0
2021-04-06,81290,0,3784117,0
2021-04-07,95790,0,3879907,0
2021-04-08,95218,0,3975125,0
2021-04-09,88467,0,4063592,0
2021-04-10,74017,0,4137609,0
2021-04-11,44743,0,4182352,0
2021-04-12,66900,0,4249252,0
2021-04-13,72551,0,4321803,0
2021-04-14,85513,0,4407316,0
2021-04-15,105395,0,4512711,0
2021-04-16,106401,0,4619112,0
2021-04-17,90476,0,4709588,0
2021-04-18,58580,0,4768168,0
2021-04-19,93426,0,4861594,0
2021-04-20,103753,0,4965347,0
2021-04-21,125317,0,5090664,0
2021-04-22,143499,0,5234163,0
2021-04-23,138705,0,5372868,0
2021-04-24,124427,0,5497295,0
2021-04-25,61448,0,5558743,0
2021-04-26,97869,0,5656612,0
2021-04-27,128343,0,5784955,0
2021-04-28,156344,0,5941299,0
2021-04-29,195564,0,6136863,0
2021-04-30,214546,0,6351409,0
2021-05-01,174083,0,6525492,0
2021-05-02,135785,0,6661277,0
2021-05-03,141991,0,6803268,0
2021-05-04,158675,0,6961943,0
2021-05-05,170458,0,7132401,0
2021-05-06,197780,0,7330181,0
2021-05-07,213796,0,7543977,0
2021-05-08,213367,0,7757344,0
2021-05-09,143189,0,7900533,0
2021-05-10,165066,0,8065599,0
2021-05-11,174941,0,8240540,0
2021-05-12,179125,0,8419665,0
2021-05-13,203341,0,8623006,0
2021-05-14,222879,0,8845885,0
2021-05-15,210319,0,9056204,0
2021-05-16,159250,0,9215454,0
2021-05-17,219166,0,9434620,0
2021-05-18,212989,0,9647609,0
2021-05-19,207048,0,9854657,0
2021-05-20,270831,0,10125488,0
2021-05-21,270844,0,10396332,0
2021-05-22,245505,0,10641837,0
2021-05-23,197167,0,10839004,0
2021-05-24,228279,0,11067283,0
2021-05-25,245669,0,11312952,0
2021-05-26,277468,0,11590420,0
2021-05-27,311064,0,11901484,0
2021-05-28,299542,0,12201026,0
2021-05-29,231183,0,12432209,0
2021-05-30,170807,0,12603016,0
2021-05-31,216387,0,12819403,0
2021-06-01,207619,0,13027022,0
2021-06-02,115753,0,13142775,0
2021-06-03,180077,0,13322852,0
2021-06-04,184822,0,13507674,0
2021-06-05,185897,0,13693571,0
2021-06-06,139486,0,13833057,0
2021-06-07,161798,0,13994855,0
2021-06-08,171126,0,14165981,0
2021-06-09,171388,0,14337369,0
2021-06-10,173989,0,14511358,0
2021-06-11,169902,0,14681260,0
2021-06-12,128275,0,14809535,0
2021-06-13,91113,0,14900648,0
2021-06-14,214616,0,15115264,0
2021-06-15,228349,0,15343613,0
2021-06-16,253010,0,15596623,0
2021-06-17,301673,0,15898296,0
2021-06-18,306230,0,16204526,0
2021-06-19,275026,0,16479552,0
2021-06-20,220695,0,16700247,0
2021-06-21,288011,0,16988258,0
2021-06-22,296161,0,17284419,0
2021-06-23,302650,0,17587069,0
2021-06-24,332528,0,17919597,0
2021-06-25,348677,0,18268274,0
2021-06-26,300073,0,18568347,0
2021-06-27,228593,0,18796940,0
2021-06-28,307012,0,19103952,0
2021-06-29,329200,0,19433152,0
2021-06-30,342073,0,19775225,0
2021-07-01,363132,0,20138357,0
2021-07-02,368415,0,20506772,0
2021-07-03,371054,0,20877826,0
2021-07-04,283180,0,21161006,0
2021-07-05,384494,0,21545500,0
2021-07-06,385420,0,21930920,0
2021-07-07,412045,0,22342965,0
2021-07-08,479630,0,22822595,0
2021-07-09,498505,0,23321100,0
2021-07-10,475179,0,23796279,0
2021-07-11,357703,0,24153982,0
2021-07-12,485918,0,24639900,0
2021-07-13,492155,0,25132055,0
2021-07-14,480484,0,25612539,0
2021-07-15,523519,0,26136058,0
2021-07-16,509792,0,26645850,0
2021-07-17,464377,0,27110227,0
2021-07-18,364702,0,27474929,0
2021-07-19,463084,0,27938013,0
2021-07-20,458097,0,28396110,0
2021-07-21,462819,0,28858929,0
2021-07-22,475394,0,29334323,0
2021-07-23,441308,0,29775631,0
2021-07-24,386188,0,30161819,0
2021-07-25,287611,0,30449430,0
2021-07-26,430905,0,30880335,0
2021-07-27,440129,0,31320464,0
2021-07-28,391024,0,31711488,0
2021-07-29,372081,0,32083569,0
2021-07-30,341484,0,32425053,0
2021-07-31,286997,0,32712050,0
2021-08-01,191016,0,32903066,0
2021-08-02,333725,0,33236791,0
2021-08-03,323179,0,33559970,0
2021-08-04,310964,0,33870934,0
2021-08-05,292514,0,34163448,0
2021-08-06,259989,0,34423437,0
2021-08-07,199034,0,34622471,0
2021-08-08,153102,0,34775573,0
2021-08-09,234069,0,35009642,0
2021-08-10,205238,0,35214880,0
2021-08-11,193736,0,35408616,0
2021-08-12,167950,0,35576566,0
2021-08-13,148577,0,35725143,0
2021-08-14,66081,0,35791224,0
2021-08-15,26330,0,35817554,0
2021-08-16,114663,0,35932217,0
2021-08-17,129231,0,36061448,0
2021-08-18,128722,0,36190170,0
2021-08-19,124774,0,36314944,0
2021-08-20,123775,0,36438719,0
2021-08-21,83103,0,36521822,0
2021-08-22,68158,0,36589980,0
2021-08-23,176867,0,36766847,0
2021-08-24,156896,0,36923743,0
2021-08-25,177162,0,37100905,0
2021-08-26,172346,0,37273251,0
2021-08-27,185857,0,37459108,0
2021-08-28,140262,0,37599370,0
2021-08-29,99008,0,37698378,0
2021-08-30,209634,0,37908012,0
2021-08-31,194623,0,38102635,0
2021-09-01,192212,0,38294847,0
2021-09-02,189938,0,38484785,0
2021-09-03,191355,0,38676140,0
2021-09-04,131491,0,38807631,0
2021-09-05,87876,0,38895507,0
2021-09-06,193665,0,39089172,0
2021-09-07,196072,0,39285244,0
2021-09-08,187914,0,39473158,0
2021-09-09,201480,0,39674638,0
2021-09-10,198120,0,39872758,0
2021-09-11,141333,0,40014091,0
2021-09-12,89606,0,40103697,0
2021-09-13,191189,520,40294886,520
2021-09-14,177276,552,40472162,1072
2021-09-15,163129,559,40635291,1631
2021-09-16,160101,901,40795392,2532
2021-09-17,150169,1095,40945561,3627
2021-09-18,127975,717,41073536,4344
2021-09-19,81133,479,41154669,4823
2021-09-20,180082,9051,41334751,13874
2021-09-21,166616,8817,41501367,22691
2021-09-22,159066,9417,41660433,32108
2021-09-23,138068,9308,41798501,41416
2021-09-24,140529,8942,41939030,50358
2021-09-25,119533,5624,42058563,55982
2021-09-26,71946,4333,42130509,60315
2021-09-27,135623,10032,42266132,70347
2021-09-28,117472,11371,42383604,81718
2021-09-29,112309,11820,42495913,93538
2021-09-30,110213,14929,42606126,108467
2021-10-01,94963,19097,42701089,127564
2021-10-02,78459,14010,42779548,141574
2021-10-03,47713,7651,42827261,149225
2021-10-04,88367,34438,42915628,183663
2021-10-05,80351,33962,42995979,217625
2021-10-06,71968,34149,43067947,251774
2021-10-07,71839,34333,43139786,286107
2021-10-08,80613,33580,43220399,319687
2021-10-09,76093,22159,43296492,341846
2021-10-10,45768,13609,43342260,355455
2021-10-11,87395,41093,43429655,396548
2021-10-12,84480,46885,43514135,443433
2021-10-13,88179,52097,43602314,495530
2021-10-14,91516,58488,43693830,554018
2021-10-15,93580,55605,43787410,609623
2021-10-16,82948,36770,43870358,646393
2021-10-17,51454,23820,43921812,670213
2021-10-18,90286,59467,44012098,729680
2021-10-19,78334,69363,44090432,799043
2021-10-20,75075,78141,44165507,877184
2021-10-21,78304,81736,44243811,958920
2021-10-22,73795,77005,44317606,1035925
2021-10-23,60813,51945,44378419,1087870
2021-10-24,33381,23440,44411800,1111310
2021-10-25,64902,81614,44476702,1192924
2021-10-26,58369,91767,44535071,1284691
2021-10-27,58328,103953,44593399,1388644
2021-10-28,61465,114093,44654864,1502737
2021-10-29,61666,103093,44716530,1605830
2021-10-30,50673,68105,44767203,1673935
2021-10-31,25168,28280,44792371,1702215
2021-11-01,19048,28145,44811419,1730360
2021-11-02,62775,89356,44874194,1819716
2021-11-03,60731,118653,44934925,1938369
2021-11-04,59245,126643,44994170,2065012
2021-11-05,63097,135159,45057267,2200171
2021-11-06,46470,90920,45103737,2291091
2021-11-07,22253,37891,45125990,2328982
2021-11-08,51527,131247,45177517,2460229
2021-11-09,45404,144182,45222921,2604411
2021-11-10,42576,156337,45265497,2760748
2021-11-11,44933,155126,45310430,2915874
2021-11-12,46370,158555,45356800,3074429
2021-11-13,33254,116639,45390054,3191068
2021-11-14,14476,52445,45404530,3243513
2021-11-15,36895,157411,45441425,3400924
2021-11-16,30542,171366,45471967,3572290
2021-11-17,28440,178426,45500407,3750716
2021-11-18,30275,193704,45530682,3944420
2021-11-19,28788,205838,45559470,4150258
2021-11-20,20986,156431,45580456,4306689
2021-11-21,10603,64852,45591059,4371541
2021-11-22,21922,213136,45612981,4584677
2021-11-23,23554,241734,45636535,4826411
2021-11-24,27821,270933,45664356,5097344
2021-11-25,23218,301891,45687574,5399235
2021-11-26,24558,318255,45712132,5717490
2021-11-27,21363,266144,45733495,5983634
2021-11-28,9888,137052,45743383,6120686
2021-11-29,22306,326052,45765689,6446738
2021-11-30,23063,365808,45788752,6812546
2021-12-01,21501,413487,45810253,7226033
2021-12-02,23737,440380,45833990,7666413
2021-12-03,25206,467439,45859196,8133852
2021-12-04,22331,418717,45881527,8552569
2021-12-05,11902,261328,45893429,8813897
2021-12-06,25790,457553,45919219,9271450
2021-12-07,24094,480237,45943313,9751687
2021-12-08,9983,249674,45953296,10001361
2021-12-09,31538,491905,45984834,10493266
2021-12-10,28026,517850,46012860,11011116
2021-12-11,23531,459234,46036391,11470350
2021-12-12,12285,293488,46048676,11763838
2021-12-13,26117,467611,46074793,12231449
2021-12-14,25139,494179,46099932,12725628
2021-12-15,25290,517120,46125222,13242748
2021-12-16,27840,520227,46153062,13762975
2021-12-17,29308,517146,46182370,14280121
2021-12-18,26996,468704,46209366,14748825
2021-12-19,15118,300508,46224484,15049333
2021-12-20,30583,477455,46255067,15526788
2021-12-21,30318,493363,46285385,16020151
2021-12-22,29397,484688,46314782,16504839
2021-12-23,28184,426885,46342966,16931724
2021-12-24,13098,210815,46356064,17142539
2021-12-25,2101,33052,46358165,17175591
2021-12-26,8744,159060,46366909,17334651
2021-12-27,46714,504638,46413623,17839289
2021-12-28,42388,554182,46456011,18393471
2021-12-29,34247,550628,46490258,18944099
2021-12-30,31755,499803,46522013,19443902
2021-12-31,14080,247389,46536093,19691291
2022-01-01,3488,64811,46539581,19756102
2022-01-02,22701,276714,46562282,20032816
2022-01-03,47707,520001,46609989,20552817
2022-01-04,46211,572062,46656200,21124879
2022-01-05,40606,560371,46696806,21685250
2022-01-06,23400,274476,46720206,21959726
2022-01-07,63520,554170,46783726,22513896
2022-01-08,60669,503365,46844395,23017261
2022-01-09,42688,319680,46887083,23336941
2022-01-10,60920,542262,46948003,23879203
2022-01-11,61533,586971,47009536,24466174
2022-01-12,58270,581265,47067806,25047439
2022-01-13,58415,580361,47126221,25627800
2022-01-14,46594,588547,47172815,26216347
2022-01-15,39134,569925,47211949,26786272
2022-01-16,31049,341847,47242998,27128119
2022-01-17,54627,489641,47297625,27617760
2022-01-18,58244,516999,47355869,28134759
2022-01-19,57066,502769,47412935,28637528
2022-01-20,54204,498797,47467139,29136325
2022-01-21,41918,493852,47509057,29630177
2022-01-22,31018,469583,47540075,30099760
2022-01-23,34822,275359,47574897,30375119
2022-01-24,56083,437201,47630980,30812320
2022-01-25,61445,452077,47692425,31264397
2022-01-26,58438,435804,47750863,31700201
2022-01-27,48753,432347,47799616,32132548
2022-01-28,58563,436517,47858179,32569065
2022-01-29,68000,412468,47926179,32981533
2022-01-30,50297,235959,47976476,33217492
2022-01-31,60489,356914,48036965,33574406
2022-02-01,65438,328419,48102403,33902825
2022-02-02,63092,296947,48165495,34199772
2022-02-03,59969,274504,48225464,34474276
2022-02-04,72280,268432,48297744,34742708
2022-02-05,83671,248517,48381415,34991225
2022-02-06,55225,116190,48436640,35107415
2022-02-07,65077,199925,48501717,35307340
2022-02-08,66868,186097,48568585,35493437
2022-02-09,58693,166326,48627278,35659763
2022-02-10,58489,163227,48685767,35822990
2022-02-11,62170,162446,48747937,35985436
2022-02-12,71914,152132,48819851,36137568
2022-02-13,41443,68848,48861294,36206416
2022-02-14,46634,116180,48907928,36322596
2022-02-15,48475,123477,48956403,36446073
2022-02-16,45633,106106,49002036,36552179
2022-02-17,42832,98094,49044868,36650273
2022-02-18,46574,112563,49091442,36762836
2022-02-19,52498,100324,49143940,36863160
2022-02-20,31404,40358,49175344,36903518
2022-02-21,37873,89637,49213217,36993155
2022-02-22,37183,83762,49250400,37076917
2022-02-23,33363,79400,49283763,37156317
2022-02-24,32536,78156,49316299,37234473
2022-02-25,34733,90700,49351032,37325173
2022-02-26,39131,89131,49390163,37414304
2022-02-27,22535,35855,49412698,37450159
2022-02-28,28453,81689,49441151,37531848
2022-03-01,22680,53932,49463831,37585780
2022-03-02,21976,50624,49485807,37636404
2022-03-03,22584,54936,49508391,37691340
2022-03-04,23200,62787,49531591,37754127
2022-03-05,23765,57949,49555356,37812076
2022-03-06,9468,17199,49564824,37829275
2022-03-07,15886,51386,49580710,37880661
2022-03-08,15434,48796,49596144,37929457
2022-03-09,13788,46510,49609932,37975967
2022-03-10,14015,52115,49623947,38028082
2022-03-11,15549,57245,49639496,38085327
2022-03-12,15478,56612,49654974,38141939
2022-03-13,5540,16848,49660514,38158787
2022-03-14,10513,46688,49671027,38205475
2022-03-15,10523,46891,49681550,38252366
2022-03-16,9463,41975,49691013,38294341
2022-03-17,9691,44873,49700704,38339214
2022-03-18,10144,49044,49710848,38388258
2022-03-19,9137,46530,49719985,38434788
2022-03-20,2603,11699,49722588,38446487
2022-03-21,7565,40217,49730153,38486704
2022-03-22,8430,37744,49738583,38524448
2022-03-23,7200,33695,49745783,38558143
2022-03-24,8239,38793,49754022,38596936
2022-03-25,8111,43660,49762133,38640596
2022-03-26,8117,41715,49770250,38682311
2022-03-27,2425,9683,49772675,38691994
2022-03-28,6093,35227,49778768,38727221
2022-03-29,5772,32522,49784540,38759743
2022-03-30,5550,30193,49790090,38789936
2022-03-31,5875,33164,49795965,38823100
2022-04-01,4338,25178,49800303,38848278
2022-04-02,4485,23269,49804788,38871547
2022-04-03,1045,4499,49805833,38876046
2022-04-04,3648,21532,49809481,38897578
2022-04-05,3743,22921,49813224,38920499
2022-04-06,4093,21836,49817317,38942335
2022-04-07,3948,23318,49821265,38965653
2022-04-08,4681,26707,49825946,38992360
2022-04-09,4373,23881,49830319,39016241
2022-04-10,892,4614,49831211,39020855
2022-04-11,3798,22681,49835009,39043536
2022-04-12,3350,21774,49838359,39065310
2022-04-13,3553,21333,49841912,39086643
2022-04-14,3476,23772,49845388,39110415
2022-04-15,3076,20613,49848464,39131028
2022-04-16,2145,11920,49850609,39142948
2022-04-17,63,348,49850672,39143296
2022-04-18,148,650,49850820,39143946
2022-04-19,3480,21976,49854300,39165922
2022-04-20,3491,20249,49857791,39186171
2022-04-21,2834,19774,49860625,39205945
2022-04-22,2912,20693,49863537,39226638
2022-04-23,2634,16204,49866171,39242842
2022-04-24,509,2335,49866680,39245177
2022-04-25,183,1165,49866863,39246342
2022-04-26,2756,17790,49869619,39264132
2022-04-27,2362,15777,49871981,39279909
2022-04-28,2345,15533,49874326,39295442
2022-04-29,2287,14831,49876613,39310273
2022-04-30,2116,11576,49878729,39321849
2022-05-01,113,530,49878842,39322379
2022-05-02,1443,9380,49880285,39331759
2022-05-03,1568,10306,49881853,39342065
2022-05-04,1744,10254,49883597,39352319
2022-05-05,1647,10273,49885244,39362592
2022-05-06,1693,10943,49886937,39373535
2022-05-07,1431,8561,49888368,39382096
2022-05-08,404,1514,49888772,39383610
2022-05-09,1023,8914,49889795,39392524
2022-05-10,1418,9536,49891213,39402060
2022-05-11,1476,10087,49892689,39412147
2022-05-12,1362,10117,49894051,39422264
2022-05-13,1587,10505,49895638,39432769
2022-05-14,1355,8226,49896993,39440995
2022-05-15,336,1129,49897329,39442124
2022-05-16,809,8388,49898138,39450512
2022-05-17,1239,8665,49899377,39459177
2022-05-18,1368,9208,49900745,39468385
2022-05-19,1496,9265,49902241,39477650
2022-05-20,1419,9488,49903660,39487138
2022-05-21,1300,7891,49904960,39495029
2022-05-22,232,1011,49905192,39496040
2022-05-23,824,8259,49906016,39504299
2022-05-24,1069,8663,49907085,39512962
2022-05-25,1363,9443,49908448,39522405
2022-05-26,1192,9452,49909640,39531857
2022-05-27,1223,9907,49910863,39541764
2022-05-28,1201,7873,49912064,39549637
2022-05-29,285,1263,49912349,39550900
2022-05-30,926,8023,49913275,39558923
2022-05-31,1032,8529,49914307,39567452
2022-06-01,890,7641,49915197,39575093
2022-06-02,34,474,49915231,39575567
2022-06-03,810,7327,49916041,39582894
2022-06-04,869,5155,49916910,39588049
2022-06-05,89,586,49916999,39588635
2022-06-06,670,6963,49917669,39595598
2022-06-07,928,7841,49918597,39603439
2022-06-08,977,7896,49919574,39611335
2022-06-09,1031,8398,49920605,39619733
2022-06-10,949,8534,49921554,39628267
2022-06-11,897,6208,49922451,39634475
2022-06-12,140,767,49922591,39635242
2022-06-13,601,6292,49923192,39641534
2022-06-14,824,7868,49924016,39649402
2022-06-15,949,7842,49924965,39657244
2022-06-16,726,7382,49925691,39664626
2022-06-17,715,7232,49926406,39671858
2022-06-18,775,5587,49927181,39677445
2022-06-19,47,522,49927228,39677967
2022-06-20,587,6690,49927815,39684657
2022-06-21,730,7635,49928545,39692292
2022-06-22,775,7299,49929320,39699591
2022-06-23,646,7454,49929966,39707045
2022-06-24,638,7453,49930604,39714498
2022-06-25,835,6531,49931439,39721029
2022-06-26,128,523,49931567,39721552
2022-06-27,528,7110,49932095,39728662
2022-06-28,741,8187,49932836,39736849
2022-06-29,754,7710,49933590,39744559
2022-06-30,740,8128,49934330,39752687
2022-07-01,576,6434,49934906,39759121
2022-07-02,535,4763,49935441,39763884
2022-07-03,49,456,49935490,39764340
2022-07-04,468,6257,49935958,39770597
2022-07-05,617,8104,49936575,39778701
2022-07-06,621,7572,49937196,39786273
2022-07-07,561,8243,49937757,39794516
2022-07-08,667,8065,49938424,39802581
2022-07-09,548,6101,49938972,39808682
2022-07-10,58,533,49939030,39809215
2022-07-11,473,7622,49939503,39816837
2022-07-12,648,8962,49940151,39825799
2022-07-13,624,10049,49940775,39835848
2022-07-14,618,10168,49941393,39846016
2022-07-15,616,10579,49942009,39856595
2022-07-16,511,7191,49942520,39863786
2022-07-17,48,767,49942568,39864553
2022-07-18,493,9324,49943061,39873877
2022-07-19,557,10602,49943618,39884479
2022-07-20,556,11187,49944174,39895666
2022-07-21,613,11943,49944787,39907609
2022-07-22,557,11148,49945344,39918757
2022-07-23,373,6688,49945717,39925445
2022-07-24,75,833,49945792,39926278
2022-07-25,488,8981,49946280,39935259
2022-07-26,510,9637,49946790,39944896
2022-07-27,522,9960,49947312,39954856
2022-07-28,510,10242,49947822,39965098
2022-07-29,475,9070,49948297,39974168
2022-07-30,368,5680,49948665,39979848
2022-07-31,66,702,49948731,39980550