data_somministrazione,vaccinazioni,booster,cum_vaccinazioni,cum_booster
2020-12-27,15,0,15,0
2020-12-28,2,0,17,0
2020-12-29,1,0,18,0
2020-12-30,2,0,20,0
2020-12-31,34,0,54,0
2021-01-01,12,0,66,0
2021-01-02,53,0,119,0
2021-01-03,46,0,165,0
2021-01-04,120,0,285,0
2021-01-05,157,0,442,0
2021-01-06,133,0,575,0
2021-01-07,196,0,771,0
2021-01-08,244,0,1015,0
2021-01-09,170,0,1185,0
2021-01-10,109,0,1294,0
2021-01-11,196,0,1490,0
2021-01-12,202,0,1692,0
2021-01-13,305,0,1997,0
2021-01-14,391,0,2388,0
2021-01-15,236,0,2624,0
2021-01-16,163,0,2787,0
2021-01-17,3046,0,5833,0
2021-01-18,5178,0,11011,0
2021-01-19,1871,0,12882,0
2021-01-20,4649,0,17531,0
2021-01-21,20002,0,37533,0
2021-01-22,14194,0,51727,0
2021-01-23,33353,0,85080,0
2021-01-24,30791,0,115871,0
2021-01-25,64767,0,180638,0
2021-01-26,76535,0,257173,0
2021-01-27,64871,0,322044,0
2021-01-28,89329,0,411373,0
2021-01-29,94062,0,505435,0
2021-01-30,86603,0,592038,0
2021-01-31,57339,0,649377,0
2021-02-01,81888,0,731265,0
2021-02-02,82155,0,813420,0
2021-02-03,91206,0,904626,0
2021-02-04,95358,0,999984,0
2021-02-05,90267,0,1090251,0
2021-02-06,63724,0,1153975,0
2021-02-07,32914,0,1186889,0
2021-02-08,40403,0,1227292,0
2021-02-09,32827,0,1260119,0
2021-02-10,28373,0,1288492,0
2021-02-11,20346,0,1308838,0
2021-02-12,16173,0,1325011,0
2021-02-13,7216,0,1332227,0
2021-02-14,2855,0,1335082,0
2021-02-15,6816,0,1341898,0
2021-02-16,6968,0,1348866,0
2021-02-17,10487,0,1359353,0
2021-02-18,9208,0,1368561,0
2021-02-19,8151,0,1376712,0
2021-02-20,5466,0,1382178,0
2021-02-21,2939,0,1385117,0
2021-02-22,6826,0,1391943,0
2021-02-23,7089,0,1399032,0
2021-02-24,9781,0,1408813,0
2021-02-25,14160,0,1422973,0
2021-02-26,17471,0,1440444,0
2021-02-27,13843,0,1454287,0
2021-02-28,9335,0,1463622,0
2021-03-01,26427,0,1490049,0
2021-03-02,33143,0,1523192,0
2021-03-03,44580,0,1567772,0
2021-03-04,50182,0,1617954,0
2021-03-05,55671,0,1673625,0
2021-03-06,41825,0,1715450,0
2021-03-07,22279,0,1737729,0
2021-03-08,50599,0,1788328,0
2021-03-09,52932,0,1841260,0
2021-03-10,58485,0,1899745,0
2021-03-11,63692,0,1963437,0
2021-03-12,65002,0,2028439,0
2021-03-13,51636,0,2080075,0
2021-03-14,35334,0,2115409,0
2021-03-15,73235,0,2188644,0
2021-03-16,73960,0,2262604,0
2021-03-17,82973,0,2345577,0
2021-03-18,81570,0,2427147,0
2021-03-19,80984,0,2508131,0
2021-03-20,64613,0,2572744,0
2021-03-21,47238,0,2619982,0
2021-03-22,69366,0,2689348,0
2021-03-23,75661,0,2765009,0
2021-03-24,90744,0,2855753,0
2021-03-25,89664,0,2945417,0
2021-03-26,83466,0,3028883,0
2021-03-27,71791,0,3100674,0
2021-03-28,44021,0,3144695,0
2021-03-29,70672,0,3215367,0
2021-03-30,81224,0,3296591,0
2021-03-31,96060,0,3392651,0
2021-04-01,95175,0,3487826,0
2021-04-02,83952,0,3571778,0
2021-04-03,64220,0,3635998,0
2021-04-04,21684,0,3657682,0
2021-04-05,40248,0,3697930,0
2021-04-06,81202,0,3779132,0
2021-04-07,95543,0,3874675,0
2021-04-08,95129,0,3969804,0
2021-04-09,88358,0,4058162,0
2021-04-10,73911,0,4132073,0
2021-04-11,44684,0,4176757,0
2021-04-12,66817,0,4243574,0
2021-04-13,72487,0,4316061,0
2021-04-14,85390,0,4401451,0
2021-04-15,105273,0,4506724,0
2021-04-16,106273,0,4612997,0
2021-04-17,90518,0,4703515,0
2021-04-18,58647,0,4762162,0
2021-04-19,93316,0,4855478,0
2021-04-20,103641,0,4959119,0
2021-04-21,125229,0,5084348,0
2021-04-22,143374,0,5227722,0
2021-04-23,138537,0,5366259,0
2021-04-24,124301,0,5490560,0
2021-04-25,61371,0,5551931,0
2021-04-26,97763,0,5649694,0
2021-04-27,128219,0,5777913,0
2021-04-28,156192,0,5934105,0
2021-04-29,195357,0,6129462,0
2021-04-30,214349,0,6343811,0
2021-05-01,174120,0,6517931,0
2021-05-02,135860,0,6653791,0
2021-05-03,141831,0,6795622,0
2021-05-04,158516,0,6954138,0
2021-05-05,170273,0,7124411,0
2021-05-06,197596,0,7322007,0
2021-05-07,213543,0,7535550,0
2021-05-08,213180,0,7748730,0
2021-05-09,143023,0,7891753,0
2021-05-10,164905,0,8056658,0
2021-05-11,174732,0,8231390,0
2021-05-12,178889,0,8410279,0
2021-05-13,203067,0,8613346,0
2021-05-14,222622,0,8835968,0
2021-05-15,210072,0,9046040,0
2021-05-16,159134,0,9205174,0
2021-05-17,218988,0,9424162,0
2021-05-18,212773,0,9636935,0
2021-05-19,206822,0,9843757,0
2021-05-20,270535,0,10114292,0
2021-05-21,270577,0,10384869,0
2021-05-22,245327,0,10630196,0
2021-05-23,197056,0,10827252,0
2021-05-24,228146,0,11055398,0
2021-05-25,245509,0,11300907,0
2021-05-26,277250,0,11578157,0
2021-05-27,310829,0,11888986,0
2021-05-28,299339,0,12188325,0
2021-05-29,230967,0,12419292,0
2021-05-30,170679,0,12589971,0
2021-05-31,216214,0,12806185,0
2021-06-01,207454,0,13013639,0
2021-06-02,115616,0,13129255,0
2021-06-03,179786,0,13309041,0
2021-06-04,184496,0,13493537,0
2021-06-05,185714,0,13679251,0
2021-06-06,139374,0,13818625,0
2021-06-07,161523,0,13980148,0
2021-06-08,170762,0,14150910,0
2021-06-09,171057,0,14321967,0
2021-06-10,173632,0,14495599,0
2021-06-11,169560,0,14665159,0
2021-06-12,127960,0,14793119,0
2021-06-13,90917,0,14884036,0
2021-06-14,214389,0,15098425,0
2021-06-15,228154,0,15326579,0
2021-06-16,252868,0,15579447,0
2021-06-17,301499,0,15880946,0
2021-06-18,306028,0,16186974,0
2021-06-19,274942,0,16461916,0
2021-06-20,220579,0,16682495,0
2021-06-21,287905,0,16970400,0
2021-06-22,296008,0,17266408,0
2021-06-23,302582,0,17568990,0
2021-06-24,332456,0,17901446,0
2021-06-25,348578,0,18250024,0
2021-06-26,300173,0,18550197,0
2021-06-27,228769,0,18778966,0
2021-06-28,306844,0,19085810,0
2021-06-29,329029,0,19414839,0
2021-06-30,341972,0,19756811,0
2021-07-01,362956,0,20119767,0
2021-07-02,368356,0,20488123,0
2021-07-03,371252,0,20859375,0
2021-07-04,283209,0,21142584,0
2021-07-05,384405,0,21526989,0
2021-07-06,385293,0,21912282,0
2021-07-07,411986,0,22324268,0
2021-07-08,479732,0,22804000,0
2021-07-09,498496,0,23302496,0
2021-07-10,475215,0,23777711,0
2021-07-11,357775,0,24135486,0
2021-07-12,485955,0,24621441,0
2021-07-13,492257,0,25113698,0
2021-07-14,480535,0,25594233,0
2021-07-15,523641,0,26117874,0
2021-07-16,509874,0,26627748,0
2021-07-17,464480,0,27092228,0
2021-07-18,364790,0,27457018,0
2021-07-19,463370,0,27920388,0
2021-07-20,458230,0,28378618,0
2021-07-21,462851,0,28841469,0
2021-07-22,475345,0,29316814,0
2021-07-23,441285,0,29758099,0
2021-07-24,386102,0,30144201,0
2021-07-25,287523,0,30431724,0
2021-07-26,430854,0,30862578,0
2021-07-27,440113,0,31302691,0
2021-07-28,390928,0,31693619,0
2021-07-29,371996,0,32065615,0
2021-07-30,341444,0,32407059,0
2021-07-31,286934,0,32693993,0
2021-08-01,190784,0,32884777,0
2021-08-02,333728,0,33218505,0
2021-08-03,323077,0,33541582,0
2021-08-04,310787,0,33852369,0
2021-08-05,292407,0,34144776,0
2021-08-06,259855,0,34404631,0
2021-08-07,198823,0,34603454,0
2021-08-08,153034,0,34756488,0
2021-08-09,234094,0,34990582,0
2021-08-10,205053,0,35195635,0
2021-08-11,193504,0,35389139,0
2021-08-12,167744,0,35556883,0
2021-08-13,148329,0,35705212,0
2021-08-14,65953,0,35771165,0
2021-08-15,26287,0,35797452,0
2021-08-16,114533,0,35911985,0
2021-08-17,129062,0,36041047,0
2021-08-18,128633,0,36169680,0
2021-08-19,124614,0,36294294,0
2021-08-20,123596,0,36417890,0
2021-08-21,82983,0,36500873,0
2021-08-22,68056,0,36568929,0
2021-08-23,176618,0,36745547,0
2021-08-24,156847,0,36902394,0
2021-08-25,176924,0,37079318,0
2021-08-26,172196,0,37251514,0
2021-08-27,185707,0,37437221,0
2021-08-28,140032,0,37577253,0
2021-08-29,98904,0,37676157,0
2021-08-30,209483,0,37885640,0
2021-08-31,194543,0,38080183,0
2021-09-01,192043,0,38272226,0
2021-09-02,189770,0,38461996,0
2021-09-03,191151,0,38653147,0
2021-09-04,131353,0,38784500,0
2021-09-05,87845,0,38872345,0
2021-09-06,193523,0,39065868,0
2021-09-07,195723,0,39261591,0
2021-09-08,187719,0,39449310,0
2021-09-09,201293,0,39650603,0
2021-09-10,197901,0,39848504,0
2021-09-11,141145,0,39989649,0
2021-09-12,89465,0,40079114,0
2021-09-13,191013,336,40270127,336
2021-09-14,177242,421,40447369,757
2021-09-15,162957,453,40610326,1210
2021-09-16,159939,785,40770265,1995
2021-09-17,149988,1001,40920253,2996
2021-09-18,127796,655,41048049,3651
2021-09-19,80948,438,41128997,4089
2021-09-20,179760,8951,41308757,13040
2021-09-21,166247,8724,41475004,21764
2021-09-22,158676,9356,41633680,31120
2021-09-23,137619,9235,41771299,40355
2021-09-24,140131,8849,41911430,49204
2021-09-25,119273,5556,42030703,54760
2021-09-26,71754,4293,42102457,59053
2021-09-27,135329,9966,42237786,69019
2021-09-28,117112,11300,42354898,80319
2021-09-29,111922,11753,42466820,92072
2021-09-30,109849,14836,42576669,106908
2021-10-01,94607,19023,42671276,125931
2021-10-02,78182,13983,42749458,139914
2021-10-03,47502,7626,42796960,147540
2021-10-04,88051,34356,42885011,181896
2021-10-05,80068,33908,42965079,215804
2021-10-06,71718,34052,43036797,249856
2021-10-07,71476,34271,43108273,284127
2021-10-08,80339,33484,43188612,317611
2021-10-09,75778,22105,43264390,339716
2021-10-10,45609,13589,43309999,353305
2021-10-11,87067,40985,43397066,394290
2021-10-12,84156,46781,43481222,441071
2021-10-13,87862,51973,43569084,493044
2021-10-14,91073,58378,43660157,551422
2021-10-15,93193,55461,43753350,606883
2021-10-16,82632,36695,43835982,643578
2021-10-17,51222,23774,43887204,667352
2021-10-18,90038,59323,43977242,726675
2021-10-19,78118,69275,44055360,795950
2021-10-20,74879,78016,44130239,873966
2021-10-21,78072,81556,44208311,955522
2021-10-22,73713,76850,44282024,1032372
2021-10-23,60695,51879,44342719,1084251
2021-10-24,33296,23395,44376015,1107646
2021-10-25,64723,81489,44440738,1189135
2021-10-26,58233,91598,44498971,1280733
2021-10-27,58109,103806,44557080,1384539
2021-10-28,61281,113812,44618361,1498351
2021-10-29,61600,102898,44679961,1601249
2021-10-30,50549,67974,44730510,1669223
2021-10-31,25104,28231,44755614,1697454
2021-11-01,19008,28115,44774622,1725569
2021-11-02,62636,89190,44837258,1814759
2021-11-03,60600,118470,44897858,1933229
2021-11-04,59076,126422,44956934,2059651
2021-11-05,62948,134941,45019882,2194592
2021-11-06,46323,90787,45066205,2285379
2021-11-07,22200,37822,45088405,2323201
2021-11-08,51339,131073,45139744,2454274
2021-11-09,45273,143845,45185017,2598119
2021-11-10,42499,155950,45227516,2754069
2021-11-11,44780,154878,45272296,2908947
2021-11-12,46205,158297,45318501,3067244
2021-11-13,33132,116427,45351633,3183671
2021-11-14,14436,52382,45366069,3236053
2021-11-15,36740,157115,45402809,3393168
2021-11-16,30407,171084,45433216,3564252
2021-11-17,28276,178205,45461492,3742457
2021-11-18,30092,193385,45491584,3935842
2021-11-19,28627,205483,45520211,4141325
2021-11-20,20858,156108,45541069,4297433
2021-11-21,10524,64700,45551593,4362133
2021-11-22,21756,212664,45573349,4574797
2021-11-23,23373,241363,45596722,4816160
2021-11-24,27600,270453,45624322,5086613
2021-11-25,22956,301383,45647278,5387996
2021-11-26,24315,317758,45671593,5705754
2021-11-27,21166,265747,45692759,5971501
2021-11-28,9782,136813,45702541,6108314
2021-11-29,21986,325500,45724527,6433814
2021-11-30,22751,365153,45747278,6798967
2021-12-01,21152,412744,45768430,7211711
2021-12-02,23343,439874,45791773,7651585
2021-12-03,24761,466786,45816534,8118371
2021-12-04,21964,418367,45838498,8536738
2021-12-05,11622,261153,45850120,8797891
2021-12-06,25173,457094,45875293,9254985
2021-12-07,23523,479678,45898816,9734663
2021-12-08,9677,249465,45908493,9984128
2021-12-09,30823,491445,45939316,10475573
2021-12-10,27367,517181,45966683,10992754
2021-12-11,22929,458879,45989612,11451633
2021-12-12,11874,293213,46001486,11744846
2021-12-13,25384,467096,46026870,12211942
2021-12-14,24341,493640,46051211,12705582
2021-12-15,24512,516552,46075723,13222134
2021-12-16,26833,519540,46102556,13741674
2021-12-17,28412,516248,46130968,14257922
2021-12-18,26052,468281,46157020,14726203
2021-12-19,14457,300239,46171477,15026442
2021-12-20,29587,476937,46201064,15503379
2021-12-21,29322,492680,46230386,15996059
2021-12-22,28222,484090,46258608,16480149
2021-12-23,27004,426358,46285612,16906507
2021-12-24,12647,210595,46298259,17117102
2021-12-25,2065,33007,46300324,17150109
2021-12-26,8231,158971,46308555,17309080
2021-12-27,44731,504210,46353286,17813290
2021-12-28,39679,553648,46392965,18366938
2021-12-29,31291,549992,46424256,18916930
2021-12-30,28779,499166,46453035,19416096
2021-12-31,12606,247152,46465641,19663248
2022-01-01,3171,64748,46468812,19727996
2022-01-02,19940,276539,46488752,20004535
2022-01-03,43263,520472,46532015,20525007
2022-01-04,41264,572468,46573279,21097475
2022-01-05,35625,560727,46608904,21658202
2022-01-06,20687,274201,46629591,21932403
2022-01-07,58577,554294,46688168,22486697
2022-01-08,55419,502836,46743587,22989533
2022-01-09,38646,319376,46782233,23308909
2022-01-10,57024,542180,46839257,23851089
2022-01-11,57161,586752,46896418,24437841
2022-01-12,53978,580984,46950396,25018825
2022-01-13,54503,580035,47004899,25598860
2022-01-14,42647,587928,47047546,26186788
2022-01-15,34240,567622,47081786,26754410
2022-01-16,27776,340754,47109562,27095164
2022-01-17,52038,489543,47161600,27584707
2022-01-18,55731,516569,47217331,28101276
2022-01-19,54691,502389,47272022,28603665
2022-01-20,51988,498109,47324010,29101774
2022-01-21,39616,492918,47363626,29594692
2022-01-22,28188,468463,47391814,30063155
2022-01-23,33221,274666,47425035,30337821
2022-01-24,54490,436488,47479525,30774309
2022-01-25,59937,450919,47539462,31225228
2022-01-26,56686,433580,47596148,31658808
2022-01-27,47170,430880,47643318,32089688
2022-01-28,56594,433925,47699912,32523613
2022-01-29,65902,409262,47765814,32932875
2022-01-30,48863,233807,47814677,33166682
2022-01-31,61155,345397,47875832,33512079