data_somministrazione,vaccinazioni,booster,cum_vaccinazioni,cum_booster
2020-12-27,18,0,18,0
2020-12-28,2,0,20,0
2020-12-29,1,0,21,0
2020-12-30,6,0,27,0
2020-12-31,54,0,81,0
2021-01-01,21,0,102,0
2021-01-02,93,0,195,0
2021-01-03,70,0,265,0
2021-01-04,186,0,451,0
2021-01-05,227,0,678,0
2021-01-06,179,0,857,0
2021-01-07,267,0,1124,0
2021-01-08,315,0,1439,0
2021-01-09,234,0,1673,0
2021-01-10,139,0,1812,0
2021-01-11,257,0,2069,0
2021-01-12,259,0,2328,0
2021-01-13,375,0,2703,0
2021-01-14,461,0,3164,0
2021-01-15,284,0,3448,0
2021-01-16,200,0,3648,0
2021-01-17,3055,0,6703,0
2021-01-18,5206,0,11909,0
2021-01-19,1890,0,13799,0
2021-01-20,4651,0,18450,0
2021-01-21,20007,0,38457,0
2021-01-22,14201,0,52658,0
2021-01-23,33339,0,85997,0
2021-01-24,30794,0,116791,0
2021-01-25,64744,0,181535,0
2021-01-26,76504,0,258039,0
2021-01-27,64851,0,322890,0
2021-01-28,89311,0,412201,0
2021-01-29,94043,0,506244,0
2021-01-30,86583,0,592827,0
2021-01-31,57344,0,650171,0
2021-02-01,81880,0,732051,0
2021-02-02,82150,0,814201,0
2021-02-03,91199,0,905400,0
2021-02-04,95405,0,1000805,0
2021-02-05,90290,0,1091095,0
2021-02-06,63451,0,1154546,0
2021-02-07,32925,0,1187471,0
2021-02-08,40432,0,1227903,0
2021-02-09,32864,0,1260767,0
2021-02-10,28414,0,1289181,0
2021-02-11,20381,0,1309562,0
2021-02-12,16220,0,1325782,0
2021-02-13,7244,0,1333026,0
2021-02-14,2861,0,1335887,0
2021-02-15,6836,0,1342723,0
2021-02-16,6990,0,1349713,0
2021-02-17,10518,0,1360231,0
2021-02-18,9243,0,1369474,0
2021-02-19,8231,0,1377705,0
2021-02-20,5533,0,1383238,0
2021-02-21,2977,0,1386215,0
2021-02-22,6877,0,1393092,0
2021-02-23,7154,0,1400246,0
2021-02-24,9822,0,1410068,0
2021-02-25,14199,0,1424267,0
2021-02-26,17548,0,1441815,0
2021-02-27,13894,0,1455709,0
2021-02-28,9384,0,1465093,0
2021-03-01,26504,0,1491597,0
2021-03-02,33231,0,1524828,0
2021-03-03,44642,0,1569470,0
2021-03-04,50287,0,1619757,0
2021-03-05,55734,0,1675491,0
2021-03-06,41872,0,1717363,0
2021-03-07,22320,0,1739683,0
2021-03-08,50787,0,1790470,0
2021-03-09,53056,0,1843526,0
2021-03-10,58619,0,1902145,0
2021-03-11,63824,0,1965969,0
2021-03-12,65089,0,2031058,0
2021-03-13,51698,0,2082756,0
2021-03-14,35383,0,2118139,0
2021-03-15,73421,0,2191560,0
2021-03-16,74022,0,2265582,0
2021-03-17,83128,0,2348710,0
2021-03-18,81619,0,2430329,0
2021-03-19,81077,0,2511406,0
2021-03-20,64700,0,2576106,0
2021-03-21,47285,0,2623391,0
2021-03-22,69467,0,2692858,0
2021-03-23,75776,0,2768634,0
2021-03-24,90879,0,2859513,0
2021-03-25,89777,0,2949290,0
2021-03-26,83600,0,3032890,0
2021-03-27,71907,0,3104797,0
2021-03-28,44116,0,3148913,0
2021-03-29,70797,0,3219710,0
2021-03-30,81347,0,3301057,0
2021-03-31,96202,0,3397259,0
2021-04-01,95287,0,3492546,0
2021-04-02,84062,0,3576608,0
2021-04-03,64293,0,3640901,0
2021-04-04,21715,0,3662616,0
2021-04-05,40294,0,3702910,0
2021-04-06,81289,0,3784199,0
2021-04-07,95794,0,3879993,0
2021-04-08,95218,0,3975211,0
2021-04-09,88468,0,4063679,0
2021-04-10,74019,0,4137698,0
2021-04-11,44744,0,4182442,0
2021-04-12,66901,0,4249343,0
2021-04-13,72552,0,4321895,0
2021-04-14,85515,0,4407410,0
2021-04-15,105396,0,4512806,0
2021-04-16,106403,0,4619209,0
2021-04-17,90479,0,4709688,0
2021-04-18,58580,0,4768268,0
2021-04-19,93426,0,4861694,0
2021-04-20,103757,0,4965451,0
2021-04-21,125321,0,5090772,0
2021-04-22,143500,0,5234272,0
2021-04-23,138706,0,5372978,0
2021-04-24,124428,0,5497406,0
2021-04-25,61450,0,5558856,0
2021-04-26,97872,0,5656728,0
2021-04-27,128346,0,5785074,0
2021-04-28,156346,0,5941420,0
2021-04-29,195569,0,6136989,0
2021-04-30,214550,0,6351539,0
2021-05-01,174084,0,6525623,0
2021-05-02,135786,0,6661409,0
2021-05-03,141994,0,6803403,0
2021-05-04,158677,0,6962080,0
2021-05-05,170461,0,7132541,0
2021-05-06,197783,0,7330324,0
2021-05-07,213796,0,7544120,0
2021-05-08,213369,0,7757489,0
2021-05-09,143188,0,7900677,0
2021-05-10,165067,0,8065744,0
2021-05-11,174943,0,8240687,0
2021-05-12,179128,0,8419815,0
2021-05-13,203341,0,8623156,0
2021-05-14,222884,0,8846040,0
2021-05-15,210324,0,9056364,0
2021-05-16,159251,0,9215615,0
2021-05-17,219170,0,9434785,0
2021-05-18,212990,0,9647775,0
2021-05-19,207052,0,9854827,0
2021-05-20,270830,0,10125657,0
2021-05-21,270848,0,10396505,0
2021-05-22,245509,0,10642014,0
2021-05-23,197168,0,10839182,0
2021-05-24,228284,0,11067466,0
2021-05-25,245676,0,11313142,0
2021-05-26,277473,0,11590615,0
2021-05-27,311067,0,11901682,0
2021-05-28,299547,0,12201229,0
2021-05-29,231186,0,12432415,0
2021-05-30,170808,0,12603223,0
2021-05-31,216391,0,12819614,0
2021-06-01,207620,0,13027234,0
2021-06-02,115757,0,13142991,0
2021-06-03,180078,0,13323069,0
2021-06-04,184824,0,13507893,0
2021-06-05,185902,0,13693795,0
2021-06-06,139491,0,13833286,0
2021-06-07,161804,0,13995090,0
2021-06-08,171132,0,14166222,0
2021-06-09,171394,0,14337616,0
2021-06-10,173998,0,14511614,0
2021-06-11,169907,0,14681521,0
2021-06-12,128287,0,14809808,0
2021-06-13,91114,0,14900922,0
2021-06-14,214619,0,15115541,0
2021-06-15,228355,0,15343896,0
2021-06-16,253014,0,15596910,0
2021-06-17,301679,0,15898589,0
2021-06-18,306233,0,16204822,0
2021-06-19,275026,0,16479848,0
2021-06-20,220704,0,16700552,0
2021-06-21,288014,0,16988566,0
2021-06-22,296168,0,17284734,0
2021-06-23,302648,0,17587382,0
2021-06-24,332536,0,17919918,0
2021-06-25,348680,0,18268598,0
2021-06-26,300076,0,18568674,0
2021-06-27,228602,0,18797276,0
2021-06-28,307015,0,19104291,0
2021-06-29,329207,0,19433498,0
2021-06-30,342075,0,19775573,0
2021-07-01,363135,0,20138708,0
2021-07-02,368419,0,20507127,0
2021-07-03,371054,0,20878181,0
2021-07-04,283184,0,21161365,0
2021-07-05,384495,0,21545860,0
2021-07-06,385421,0,21931281,0
2021-07-07,412046,0,22343327,0
2021-07-08,479631,0,22822958,0
2021-07-09,498504,0,23321462,0
2021-07-10,475180,0,23796642,0
2021-07-11,357703,0,24154345,0
2021-07-12,485920,0,24640265,0
2021-07-13,492158,0,25132423,0
2021-07-14,480482,0,25612905,0
2021-07-15,523517,0,26136422,0
2021-07-16,509790,0,26646212,0
2021-07-17,464374,0,27110586,0
2021-07-18,364705,0,27475291,0
2021-07-19,463081,0,27938372,0
2021-07-20,458096,0,28396468,0
2021-07-21,462819,0,28859287,0
2021-07-22,475399,0,29334686,0
2021-07-23,441310,0,29775996,0
2021-07-24,386189,0,30162185,0
2021-07-25,287605,0,30449790,0
2021-07-26,430904,0,30880694,0
2021-07-27,440129,0,31320823,0
2021-07-28,391025,0,31711848,0
2021-07-29,372079,0,32083927,0
2021-07-30,341491,0,32425418,0
2021-07-31,286998,0,32712416,0
2021-08-01,191019,0,32903435,0
2021-08-02,333725,0,33237160,0
2021-08-03,323182,0,33560342,0
2021-08-04,310968,0,33871310,0
2021-08-05,292510,0,34163820,0
2021-08-06,259990,0,34423810,0
2021-08-07,199035,0,34622845,0
2021-08-08,153101,0,34775946,0
2021-08-09,234072,0,35010018,0
2021-08-10,205243,0,35215261,0
2021-08-11,193739,0,35409000,0
2021-08-12,167953,0,35576953,0
2021-08-13,148586,0,35725539,0
2021-08-14,66082,0,35791621,0
2021-08-15,26331,0,35817952,0
2021-08-16,114666,0,35932618,0
2021-08-17,129235,0,36061853,0
2021-08-18,128723,0,36190576,0
2021-08-19,124777,0,36315353,0
2021-08-20,123780,0,36439133,0
2021-08-21,83108,0,36522241,0
2021-08-22,68162,0,36590403,0
2021-08-23,176867,0,36767270,0
2021-08-24,156897,0,36924167,0
2021-08-25,177164,0,37101331,0
2021-08-26,172347,0,37273678,0
2021-08-27,185858,0,37459536,0
2021-08-28,140270,0,37599806,0
2021-08-29,99007,0,37698813,0
2021-08-30,209635,0,37908448,0
2021-08-31,194627,0,38103075,0
2021-09-01,192215,0,38295290,0
2021-09-02,189940,0,38485230,0
2021-09-03,191350,0,38676580,0
2021-09-04,131491,0,38808071,0
2021-09-05,87876,0,38895947,0
2021-09-06,193665,0,39089612,0
2021-09-07,196078,0,39285690,0
2021-09-08,187914,0,39473604,0
2021-09-09,201481,0,39675085,0
2021-09-10,198114,0,39873199,0
2021-09-11,141331,0,40014530,0
2021-09-12,89603,0,40104133,0
2021-09-13,191190,521,40295323,521
2021-09-14,177274,555,40472597,1076
2021-09-15,163130,558,40635727,1634
2021-09-16,160102,902,40795829,2536
2021-09-17,150172,1097,40946001,3633
2021-09-18,127976,721,41073977,4354
2021-09-19,81131,483,41155108,4837
2021-09-20,180075,9057,41335183,13894
2021-09-21,166618,8819,41501801,22713
2021-09-22,159070,9419,41660871,32132
2021-09-23,138067,9310,41798938,41442
2021-09-24,140530,8943,41939468,50385
2021-09-25,119539,5625,42059007,56010
2021-09-26,71947,4333,42130954,60343
2021-09-27,135626,10033,42266580,70376
2021-09-28,117478,11371,42384058,81747
2021-09-29,112314,11821,42496372,93568
2021-09-30,110218,14931,42606590,108499
2021-10-01,94965,19098,42701555,127597
2021-10-02,78464,14011,42780019,141608
2021-10-03,47719,7652,42827738,149260
2021-10-04,88370,34438,42916108,183698
2021-10-05,80358,33963,42996466,217661
2021-10-06,71973,34150,43068439,251811
2021-10-07,71841,34338,43140280,286149
2021-10-08,80613,33583,43220893,319732
2021-10-09,76094,22161,43296987,341893
2021-10-10,45770,13611,43342757,355504
2021-10-11,87398,41094,43430155,396598
2021-10-12,84482,46888,43514637,443486
2021-10-13,88184,52097,43602821,495583
2021-10-14,91519,58490,43694340,554073
2021-10-15,93577,55609,43787917,609682
2021-10-16,82952,36771,43870869,646453
2021-10-17,51456,23820,43922325,670273
2021-10-18,90289,59469,44012614,729742
2021-10-19,78336,69365,44090950,799107
2021-10-20,75073,78147,44166023,877254
2021-10-21,78307,81737,44244330,958991
2021-10-22,73796,77007,44318126,1035998
2021-10-23,60812,51946,44378938,1087944
2021-10-24,33383,23440,44412321,1111384
2021-10-25,64904,81615,44477225,1192999
2021-10-26,58369,91768,44535594,1284767
2021-10-27,58327,103955,44593921,1388722
2021-10-28,61465,114094,44655386,1502816
2021-10-29,61665,103097,44717051,1605913
2021-10-30,50670,68109,44767721,1674022
2021-10-31,25168,28281,44792889,1702303
2021-11-01,19048,28145,44811937,1730448
2021-11-02,62774,89357,44874711,1819805
2021-11-03,60731,118654,44935442,1938459
2021-11-04,59244,126650,44994686,2065109
2021-11-05,63096,135163,45057782,2200272
2021-11-06,46470,90920,45104252,2291192
2021-11-07,22253,37891,45126505,2329083
2021-11-08,51525,131252,45178030,2460335
2021-11-09,45404,144183,45223434,2604518
2021-11-10,42573,156341,45266007,2760859
2021-11-11,44932,155127,45310939,2915986
2021-11-12,46367,158560,45357306,3074546
2021-11-13,33254,116639,45390560,3191185
2021-11-14,14478,52445,45405038,3243630
2021-11-15,36894,157413,45441932,3401043
2021-11-16,30544,171366,45472476,3572409
2021-11-17,28443,178427,45500919,3750836
2021-11-18,30276,193706,45531195,3944542
2021-11-19,28789,205842,45559984,4150384
2021-11-20,20987,156433,45580971,4306817
2021-11-21,10604,64854,45591575,4371671
2021-11-22,21920,213136,45613495,4584807
2021-11-23,23557,241737,45637052,4826544
2021-11-24,27826,270937,45664878,5097481
2021-11-25,23218,301892,45688096,5399373
2021-11-26,24561,318256,45712657,5717629
2021-11-27,21366,266145,45734023,5983774
2021-11-28,9891,137052,45743914,6120826
2021-11-29,22307,326057,45766221,6446883
2021-11-30,23067,365816,45789288,6812699
2021-12-01,21502,413491,45810790,7226190
2021-12-02,23739,440373,45834529,7666563
2021-12-03,25212,467444,45859741,8134007
2021-12-04,22335,418720,45882076,8552727
2021-12-05,11904,261330,45893980,8814057
2021-12-06,25790,457552,45919770,9271609
2021-12-07,24095,480239,45943865,9751848
2021-12-08,9984,249676,45953849,10001524
2021-12-09,31542,491908,45985391,10493432
2021-12-10,28033,517850,46013424,11011282
2021-12-11,23532,459235,46036956,11470517
2021-12-12,12285,293490,46049241,11764007
2021-12-13,26120,467613,46075361,12231620
2021-12-14,25141,494180,46100502,12725800
2021-12-15,25291,517126,46125793,13242926
2021-12-16,27848,520227,46153641,13763153
2021-12-17,29314,517150,46182955,14280303
2021-12-18,27003,468707,46209958,14749010
2021-12-19,15119,300508,46225077,15049518
2021-12-20,30587,477460,46255664,15526978
2021-12-21,30325,493365,46285989,16020343
2021-12-22,29406,484689,46315395,16505032
2021-12-23,28190,426888,46343585,16931920
2021-12-24,13099,210815,46356684,17142735
2021-12-25,2101,33052,46358785,17175787
2021-12-26,8745,159062,46367530,17334849
2021-12-27,46721,504641,46414251,17839490
2021-12-28,42395,554189,46456646,18393679
2021-12-29,34258,550626,46490904,18944305
2021-12-30,31766,499809,46522670,19444114
2021-12-31,14085,247392,46536755,19691506
2022-01-01,3490,64811,46540245,19756317
2022-01-02,22711,276716,46562956,20033033
2022-01-03,47724,520007,46610680,20553040
2022-01-04,46221,572063,46656901,21125103
2022-01-05,40619,560372,46697520,21685475
2022-01-06,23407,274477,46720927,21959952
2022-01-07,63540,554175,46784467,22514127
2022-01-08,60697,503368,46845164,23017495
2022-01-09,42704,319681,46887868,23337176
2022-01-10,60931,542264,46948799,23879440
2022-01-11,61549,586977,47010348,24466417
2022-01-12,58288,581267,47068636,25047684
2022-01-13,58433,580365,47127069,25628049
2022-01-14,46613,588550,47173682,26216599
2022-01-15,39161,569929,47212843,26786528
2022-01-16,31064,341846,47243907,27128374
2022-01-17,54653,489640,47298560,27618014
2022-01-18,58253,517001,47356813,28135015
2022-01-19,57080,502774,47413893,28637789
2022-01-20,54214,498806,47468107,29136595
2022-01-21,41935,493857,47510042,29630452
2022-01-22,31026,469585,47541068,30100037
2022-01-23,34834,275361,47575902,30375398
2022-01-24,56092,437204,47631994,30812602
2022-01-25,61455,452079,47693449,31264681
2022-01-26,58452,435807,47751901,31700488
2022-01-27,48759,432348,47800660,32132836
2022-01-28,58578,436519,47859238,32569355
2022-01-29,68004,412472,47927242,32981827
2022-01-30,50304,235960,47977546,33217787
2022-01-31,60503,356915,48038049,33574702
2022-02-01,65444,328421,48103493,33903123
2022-02-02,63103,296952,48166596,34200075
2022-02-03,59981,274506,48226577,34474581
2022-02-04,72290,268436,48298867,34743017
2022-02-05,83676,248520,48382543,34991537
2022-02-06,55230,116193,48437773,35107730
2022-02-07,65079,199926,48502852,35307656
2022-02-08,66873,186100,48569725,35493756
2022-02-09,58702,166327,48628427,35660083
2022-02-10,58494,163229,48686921,35823312
2022-02-11,62179,162448,48749100,35985760
2022-02-12,71920,152133,48821020,36137893
2022-02-13,41449,68848,48862469,36206741
2022-02-14,46638,116180,48909107,36322921
2022-02-15,48479,123478,48957586,36446399
2022-02-16,45638,106105,49003224,36552504
2022-02-17,42835,98097,49046059,36650601
2022-02-18,46575,112565,49092634,36763166
2022-02-19,52503,100325,49145137,36863491
2022-02-20,31404,40359,49176541,36903850
2022-02-21,37876,89637,49214417,36993487
2022-02-22,37184,83765,49251601,37077252
2022-02-23,33367,79401,49284968,37156653
2022-02-24,32537,78159,49317505,37234812
2022-02-25,34735,90701,49352240,37325513
2022-02-26,39133,89131,49391373,37414644
2022-02-27,22536,35855,49413909,37450499
2022-02-28,28456,81689,49442365,37532188
2022-03-01,22682,53932,49465047,37586120
2022-03-02,21979,50626,49487026,37636746
2022-03-03,22589,54940,49509615,37691686
2022-03-04,23202,62788,49532817,37754474
2022-03-05,23769,57949,49556586,37812423
2022-03-06,9468,17199,49566054,37829622
2022-03-07,15891,51387,49581945,37881009
2022-03-08,15436,48796,49597381,37929805
2022-03-09,13793,46511,49611174,37976316
2022-03-10,14017,52115,49625191,38028431
2022-03-11,15551,57246,49640742,38085677
2022-03-12,15480,56613,49656222,38142290
2022-03-13,5540,16848,49661762,38159138
2022-03-14,10513,46690,49672275,38205828
2022-03-15,10524,46893,49682799,38252721
2022-03-16,9465,41975,49692264,38294696
2022-03-17,9693,44875,49701957,38339571
2022-03-18,10146,49048,49712103,38388619
2022-03-19,9139,46531,49721242,38435150
2022-03-20,2604,11699,49723846,38446849
2022-03-21,7566,40219,49731412,38487068
2022-03-22,8432,37744,49739844,38524812
2022-03-23,7201,33695,49747045,38558507
2022-03-24,8241,38793,49755286,38597300
2022-03-25,8116,43661,49763402,38640961
2022-03-26,8119,41718,49771521,38682679
2022-03-27,2426,9683,49773947,38692362
2022-03-28,6093,35228,49780040,38727590
2022-03-29,5771,32522,49785811,38760112
2022-03-30,5550,30193,49791361,38790305
2022-03-31,5877,33168,49797238,38823473
2022-04-01,4339,25178,49801577,38848651
2022-04-02,4486,23270,49806063,38871921
2022-04-03,1046,4499,49807109,38876420
2022-04-04,3648,21532,49810757,38897952
2022-04-05,3745,22922,49814502,38920874
2022-04-06,4093,21837,49818595,38942711
2022-04-07,3951,23317,49822546,38966028
2022-04-08,4681,26708,49827227,38992736
2022-04-09,4373,23883,49831600,39016619
2022-04-10,892,4614,49832492,39021233
2022-04-11,3798,22681,49836290,39043914
2022-04-12,3351,21774,49839641,39065688
2022-04-13,3554,21334,49843195,39087022
2022-04-14,3477,23772,49846672,39110794
2022-04-15,3075,20613,49849747,39131407
2022-04-16,2146,11920,49851893,39143327
2022-04-17,63,348,49851956,39143675
2022-04-18,148,650,49852104,39144325
2022-04-19,3480,21976,49855584,39166301
2022-04-20,3491,20249,49859075,39186550
2022-04-21,2834,19774,49861909,39206324
2022-04-22,2913,20695,49864822,39227019
2022-04-23,2634,16205,49867456,39243224
2022-04-24,509,2335,49867965,39245559
2022-04-25,183,1165,49868148,39246724
2022-04-26,2757,17789,49870905,39264513
2022-04-27,2362,15777,49873267,39280290
2022-04-28,2345,15533,49875612,39295823
2022-04-29,2287,14831,49877899,39310654
2022-04-30,2116,11577,49880015,39322231
2022-05-01,113,530,49880128,39322761
2022-05-02,1443,9380,49881571,39332141
2022-05-03,1569,10307,49883140,39342448
2022-05-04,1744,10254,49884884,39352702
2022-05-05,1647,10273,49886531,39362975
2022-05-06,1693,10943,49888224,39373918
2022-05-07,1431,8561,49889655,39382479
2022-05-08,404,1514,49890059,39383993
2022-05-09,1023,8915,49891082,39392908
2022-05-10,1418,9536,49892500,39402444
2022-05-11,1476,10087,49893976,39412531
2022-05-12,1362,10119,49895338,39422650
2022-05-13,1587,10505,49896925,39433155
2022-05-14,1355,8226,49898280,39441381
2022-05-15,336,1129,49898616,39442510
2022-05-16,809,8388,49899425,39450898
2022-05-17,1239,8665,49900664,39459563
2022-05-18,1368,9210,49902032,39468773
2022-05-19,1496,9266,49903528,39478039
2022-05-20,1419,9490,49904947,39487529
2022-05-21,1299,7891,49906246,39495420
2022-05-22,231,1012,49906477,39496432
2022-05-23,825,8259,49907302,39504691
2022-05-24,1070,8663,49908372,39513354
2022-05-25,1363,9443,49909735,39522797
2022-05-26,1192,9452,49910927,39532249
2022-05-27,1223,9908,49912150,39542157
2022-05-28,1201,7872,49913351,39550029
2022-05-29,285,1263,49913636,39551292
2022-05-30,923,8023,49914559,39559315
2022-05-31,1032,8529,49915591,39567844
2022-06-01,890,7643,49916481,39575487
2022-06-02,35,474,49916516,39575961
2022-06-03,811,7327,49917327,39583288
2022-06-04,869,5155,49918196,39588443
2022-06-05,89,586,49918285,39589029
2022-06-06,670,6964,49918955,39595993
2022-06-07,928,7841,49919883,39603834
2022-06-08,977,7896,49920860,39611730
2022-06-09,1031,8398,49921891,39620128
2022-06-10,949,8534,49922840,39628662
2022-06-11,897,6208,49923737,39634870
2022-06-12,140,767,49923877,39635637
2022-06-13,602,6293,49924479,39641930
2022-06-14,824,7878,49925303,39649808
2022-06-15,949,7842,49926252,39657650
2022-06-16,726,7382,49926978,39665032
2022-06-17,715,7232,49927693,39672264
2022-06-18,776,5587,49928469,39677851
2022-06-19,47,522,49928516,39678373
2022-06-20,587,6694,49929103,39685067
2022-06-21,730,7636,49929833,39692703
2022-06-22,775,7299,49930608,39700002
2022-06-23,648,7455,49931256,39707457
2022-06-24,640,7465,49931896,39714922
2022-06-25,835,6531,49932731,39721453
2022-06-26,128,523,49932859,39721976
2022-06-27,530,7113,49933389,39729089
2022-06-28,743,8206,49934132,39737295
2022-06-29,754,7711,49934886,39745006
2022-06-30,741,8130,49935627,39753136
2022-07-01,577,6435,49936204,39759571
2022-07-02,536,4763,49936740,39764334
2022-07-03,49,456,49936789,39764790
2022-07-04,467,6267,49937256,39771057
2022-07-05,618,8104,49937874,39779161
2022-07-06,623,7589,49938497,39786750
2022-07-07,561,8247,49939058,39794997
2022-07-08,667,8069,49939725,39803066
2022-07-09,549,6103,49940274,39809169
2022-07-10,58,533,49940332,39809702
2022-07-11,475,7624,49940807,39817326
2022-07-12,650,8968,49941457,39826294
2022-07-13,624,10053,49942081,39836347
2022-07-14,618,10182,49942699,39846529
2022-07-15,616,10620,49943315,39857149
2022-07-16,511,7194,49943826,39864343
2022-07-17,48,767,49943874,39865110
2022-07-18,493,9326,49944367,39874436
2022-07-19,557,10612,49944924,39885048
2022-07-20,557,11209,49945481,39896257
2022-07-21,617,11960,49946098,39908217
2022-07-22,562,11173,49946660,39919390
2022-07-23,374,6726,49947034,39926116
2022-07-24,75,834,49947109,39926950
2022-07-25,490,9010,49947599,39935960
2022-07-26,513,9677,49948112,39945637
2022-07-27,523,10064,49948635,39955701
2022-07-28,517,10357,49949152,39966058
2022-07-29,499,9314,49949651,39975372
2022-07-30,377,5812,49950028,39981184
2022-07-31,49,737,49950077,39981921
2022-08-01,380,6778,49950457,39988699
2022-08-02,519,7406,49950976,39996105
2022-08-03,461,6732,49951437,40002837
2022-08-04,294,3541,49951731,40006378