data_somministrazione,vaccinazioni,booster,cum_vaccinazioni,cum_booster
2020-12-27,16,0,16,0
2020-12-28,2,0,18,0
2020-12-29,1,0,19,0
2020-12-30,3,0,22,0
2020-12-31,36,0,58,0
2021-01-01,13,0,71,0
2021-01-02,55,0,126,0
2021-01-03,46,0,172,0
2021-01-04,125,0,297,0
2021-01-05,165,0,462,0
2021-01-06,136,0,598,0
2021-01-07,205,0,803,0
2021-01-08,249,0,1052,0
2021-01-09,177,0,1229,0
2021-01-10,111,0,1340,0
2021-01-11,202,0,1542,0
2021-01-12,212,0,1754,0
2021-01-13,314,0,2068,0
2021-01-14,415,0,2483,0
2021-01-15,254,0,2737,0
2021-01-16,170,0,2907,0
2021-01-17,3050,0,5957,0
2021-01-18,5186,0,11143,0
2021-01-19,1878,0,13021,0
2021-01-20,4648,0,17669,0
2021-01-21,20010,0,37679,0
2021-01-22,14197,0,51876,0
2021-01-23,33358,0,85234,0
2021-01-24,30796,0,116030,0
2021-01-25,64780,0,180810,0
2021-01-26,76552,0,257362,0
2021-01-27,64881,0,322243,0
2021-01-28,89343,0,411586,0
2021-01-29,94076,0,505662,0
2021-01-30,86621,0,592283,0
2021-01-31,57355,0,649638,0
2021-02-01,81912,0,731550,0
2021-02-02,82170,0,813720,0
2021-02-03,91219,0,904939,0
2021-02-04,95391,0,1000330,0
2021-02-05,90296,0,1090626,0
2021-02-06,63735,0,1154361,0
2021-02-07,32920,0,1187281,0
2021-02-08,40417,0,1227698,0
2021-02-09,32846,0,1260544,0
2021-02-10,28387,0,1288931,0
2021-02-11,20356,0,1309287,0
2021-02-12,16182,0,1325469,0
2021-02-13,7216,0,1332685,0
2021-02-14,2856,0,1335541,0
2021-02-15,6826,0,1342367,0
2021-02-16,6974,0,1349341,0
2021-02-17,10499,0,1359840,0
2021-02-18,9219,0,1369059,0
2021-02-19,8176,0,1377235,0
2021-02-20,5479,0,1382714,0
2021-02-21,2950,0,1385664,0
2021-02-22,6841,0,1392505,0
2021-02-23,7109,0,1399614,0
2021-02-24,9796,0,1409410,0
2021-02-25,14171,0,1423581,0
2021-02-26,17498,0,1441079,0
2021-02-27,13858,0,1454937,0
2021-02-28,9346,0,1464283,0
2021-03-01,26448,0,1490731,0
2021-03-02,33175,0,1523906,0
2021-03-03,44603,0,1568509,0
2021-03-04,50214,0,1618723,0
2021-03-05,55631,0,1674354,0
2021-03-06,41847,0,1716201,0
2021-03-07,22293,0,1738494,0
2021-03-08,50533,0,1789027,0
2021-03-09,52915,0,1841942,0
2021-03-10,58533,0,1900475,0
2021-03-11,63753,0,1964228,0
2021-03-12,65016,0,2029244,0
2021-03-13,51655,0,2080899,0
2021-03-14,35346,0,2116245,0
2021-03-15,73369,0,2189614,0
2021-03-16,73988,0,2263602,0
2021-03-17,83098,0,2346700,0
2021-03-18,81589,0,2428289,0
2021-03-19,81025,0,2509314,0
2021-03-20,64646,0,2573960,0
2021-03-21,47246,0,2621206,0
2021-03-22,69406,0,2690612,0
2021-03-23,75698,0,2766310,0
2021-03-24,90784,0,2857094,0
2021-03-25,89708,0,2946802,0
2021-03-26,83495,0,3030297,0
2021-03-27,71822,0,3102119,0
2021-03-28,44040,0,3146159,0
2021-03-29,70700,0,3216859,0
2021-03-30,81252,0,3298111,0
2021-03-31,96097,0,3394208,0
2021-04-01,95200,0,3489408,0
2021-04-02,83988,0,3573396,0
2021-04-03,64247,0,3637643,0
2021-04-04,21691,0,3659334,0
2021-04-05,40261,0,3699595,0
2021-04-06,81227,0,3780822,0
2021-04-07,95725,0,3876547,0
2021-04-08,95157,0,3971704,0
2021-04-09,88389,0,4060093,0
2021-04-10,73952,0,4134045,0
2021-04-11,44702,0,4178747,0
2021-04-12,66840,0,4245587,0
2021-04-13,72505,0,4318092,0
2021-04-14,85430,0,4403522,0
2021-04-15,105302,0,4508824,0
2021-04-16,106312,0,4615136,0
2021-04-17,90405,0,4705541,0
2021-04-18,58530,0,4764071,0
2021-04-19,93389,0,4857460,0
2021-04-20,103690,0,4961150,0
2021-04-21,125272,0,5086422,0
2021-04-22,143426,0,5229848,0
2021-04-23,138618,0,5368466,0
2021-04-24,124358,0,5492824,0
2021-04-25,61391,0,5554215,0
2021-04-26,97797,0,5652012,0
2021-04-27,128273,0,5780285,0
2021-04-28,156249,0,5936534,0
2021-04-29,195428,0,6131962,0
2021-04-30,214428,0,6346390,0
2021-05-01,174003,0,6520393,0
2021-05-02,135733,0,6656126,0
2021-05-03,141902,0,6798028,0
2021-05-04,158590,0,6956618,0
2021-05-05,170357,0,7126975,0
2021-05-06,197695,0,7324670,0
2021-05-07,213679,0,7538349,0
2021-05-08,213300,0,7751649,0
2021-05-09,143090,0,7894739,0
2021-05-10,164997,0,8059736,0
2021-05-11,174823,0,8234559,0
2021-05-12,178983,0,8413542,0
2021-05-13,203180,0,8616722,0
2021-05-14,222755,0,8839477,0
2021-05-15,210173,0,9049650,0
2021-05-16,159158,0,9208808,0
2021-05-17,219080,0,9427888,0
2021-05-18,212889,0,9640777,0
2021-05-19,206937,0,9847714,0
2021-05-20,270692,0,10118406,0
2021-05-21,270700,0,10389106,0
2021-05-22,245413,0,10634519,0
2021-05-23,197116,0,10831635,0
2021-05-24,228227,0,11059862,0
2021-05-25,245619,0,11305481,0
2021-05-26,277388,0,11582869,0
2021-05-27,310974,0,11893843,0
2021-05-28,299448,0,12193291,0
2021-05-29,231075,0,12424366,0
2021-05-30,170760,0,12595126,0
2021-05-31,216318,0,12811444,0
2021-06-01,207548,0,13018992,0
2021-06-02,115675,0,13134667,0
2021-06-03,179903,0,13314570,0
2021-06-04,184640,0,13499210,0
2021-06-05,185753,0,13684963,0
2021-06-06,139319,0,13824282,0
2021-06-07,161634,0,13985916,0
2021-06-08,170887,0,14156803,0
2021-06-09,171205,0,14328008,0
2021-06-10,173764,0,14501772,0
2021-06-11,169664,0,14671436,0
2021-06-12,128069,0,14799505,0
2021-06-13,91015,0,14890520,0
2021-06-14,214492,0,15105012,0
2021-06-15,228242,0,15333254,0
2021-06-16,252963,0,15586217,0
2021-06-17,301593,0,15887810,0
2021-06-18,306144,0,16193954,0
2021-06-19,275030,0,16468984,0
2021-06-20,220651,0,16689635,0
2021-06-21,287996,0,16977631,0
2021-06-22,296122,0,17273753,0
2021-06-23,302693,0,17576446,0
2021-06-24,332528,0,17908974,0
2021-06-25,348675,0,18257649,0
2021-06-26,300074,0,18557723,0
2021-06-27,228667,0,18786390,0
2021-06-28,306952,0,19093342,0
2021-06-29,329251,0,19422593,0
2021-06-30,342146,0,19764739,0
2021-07-01,363072,0,20127811,0
2021-07-02,368479,0,20496290,0
2021-07-03,371143,0,20867433,0
2021-07-04,283192,0,21150625,0
2021-07-05,384529,0,21535154,0
2021-07-06,385443,0,21920597,0
2021-07-07,412106,0,22332703,0
2021-07-08,479891,0,22812594,0
2021-07-09,498652,0,23311246,0
2021-07-10,475347,0,23786593,0
2021-07-11,357860,0,24144453,0
2021-07-12,486078,0,24630531,0
2021-07-13,492369,0,25122900,0
2021-07-14,480659,0,25603559,0
2021-07-15,523665,0,26127224,0
2021-07-16,509928,0,26637152,0
2021-07-17,464642,0,27101794,0
2021-07-18,364862,0,27466656,0
2021-07-19,463303,0,27929959,0
2021-07-20,458227,0,28388186,0
2021-07-21,462921,0,28851107,0
2021-07-22,475453,0,29326560,0
2021-07-23,441371,0,29767931,0
2021-07-24,386188,0,30154119,0
2021-07-25,287633,0,30441752,0
2021-07-26,430977,0,30872729,0
2021-07-27,440188,0,31312917,0
2021-07-28,391059,0,31703976,0
2021-07-29,372110,0,32076086,0
2021-07-30,341451,0,32417537,0
2021-07-31,286988,0,32704525,0
2021-08-01,190859,0,32895384,0
2021-08-02,333697,0,33229081,0
2021-08-03,323168,0,33552249,0
2021-08-04,310966,0,33863215,0
2021-08-05,292570,0,34155785,0
2021-08-06,259987,0,34415772,0
2021-08-07,198956,0,34614728,0
2021-08-08,153085,0,34767813,0
2021-08-09,234144,0,35001957,0
2021-08-10,205164,0,35207121,0
2021-08-11,193618,0,35400739,0
2021-08-12,167831,0,35568570,0
2021-08-13,148412,0,35716982,0
2021-08-14,66006,0,35782988,0
2021-08-15,26309,0,35809297,0
2021-08-16,114548,0,35923845,0
2021-08-17,129130,0,36052975,0
2021-08-18,128603,0,36181578,0
2021-08-19,124661,0,36306239,0
2021-08-20,123683,0,36429922,0
2021-08-21,83058,0,36512980,0
2021-08-22,68125,0,36581105,0
2021-08-23,176744,0,36757849,0
2021-08-24,156940,0,36914789,0
2021-08-25,177075,0,37091864,0
2021-08-26,172280,0,37264144,0
2021-08-27,185803,0,37449947,0
2021-08-28,140134,0,37590081,0
2021-08-29,98997,0,37689078,0
2021-08-30,209509,0,37898587,0
2021-08-31,194487,0,38093074,0
2021-09-01,192088,0,38285162,0
2021-09-02,189798,0,38474960,0
2021-09-03,191236,0,38666196,0
2021-09-04,131422,0,38797618,0
2021-09-05,87817,0,38885435,0
2021-09-06,193608,0,39079043,0
2021-09-07,195926,0,39274969,0
2021-09-08,187835,0,39462804,0
2021-09-09,201388,0,39664192,0
2021-09-10,198001,0,39862193,0
2021-09-11,141222,0,40003415,0
2021-09-12,89540,0,40092955,0
2021-09-13,191137,349,40284092,349
2021-09-14,177200,430,40461292,779
2021-09-15,163006,458,40624298,1237
2021-09-16,159985,789,40784283,2026
2021-09-17,150001,1007,40934284,3033
2021-09-18,127795,657,41062079,3690
2021-09-19,81053,444,41143132,4134
2021-09-20,179844,8954,41322976,13088
2021-09-21,166382,8725,41489358,21813
2021-09-22,158814,9362,41648172,31175
2021-09-23,137795,9242,41785967,40417
2021-09-24,140285,8863,41926252,49280
2021-09-25,119357,5555,42045609,54835
2021-09-26,71802,4299,42117411,59134
2021-09-27,135380,9976,42252791,69110
2021-09-28,117242,11318,42370033,80428
2021-09-29,112064,11763,42482097,92191
2021-09-30,109986,14852,42592083,107043
2021-10-01,94753,19040,42686836,126083
2021-10-02,78254,13986,42765090,140069
2021-10-03,47584,7630,42812674,147699
2021-10-04,88152,34369,42900826,182068
2021-10-05,80195,33911,42981021,215979
2021-10-06,71790,34082,43052811,250061
2021-10-07,71563,34293,43124374,284354
2021-10-08,80408,33499,43204782,317853
2021-10-09,75880,22115,43280662,339968
2021-10-10,45660,13590,43326322,353558
2021-10-11,87189,41011,43413511,394569
2021-10-12,84275,46812,43497786,441381
2021-10-13,87953,52026,43585739,493407
2021-10-14,91248,58390,43676987,551797
2021-10-15,93298,55496,43770285,607293
2021-10-16,82711,36717,43852996,644010
2021-10-17,51298,23789,43904294,667799
2021-10-18,90124,59344,43994418,727143
2021-10-19,78158,69314,44072576,796457
2021-10-20,74873,78049,44147449,874506
2021-10-21,78110,81636,44225559,956142
2021-10-22,73680,76915,44299239,1033057
2021-10-23,60659,51907,44359898,1084964
2021-10-24,33328,23405,44393226,1108369
2021-10-25,64810,81554,44458036,1189923
2021-10-26,58263,91680,44516299,1281603
2021-10-27,58218,103873,44574517,1385476
2021-10-28,61334,113973,44635851,1499449
2021-10-29,61591,102981,44697442,1602430
2021-10-30,50575,68041,44748017,1670471
2021-10-31,25130,28251,44773147,1698722
2021-11-01,19020,28121,44792167,1726843
2021-11-02,62724,89251,44854891,1816094
2021-11-03,60646,118551,44915537,1934645
2021-11-04,59146,126524,44974683,2061169
2021-11-05,62995,135058,45037678,2196227
2021-11-06,46377,90834,45084055,2287061
2021-11-07,22211,37859,45106266,2324920
2021-11-08,51407,131188,45157673,2456108
2021-11-09,45339,144058,45203012,2600166
2021-11-10,42509,156150,45245521,2756316
2021-11-11,44830,155046,45290351,2911362
2021-11-12,46251,158482,45336602,3069844
2021-11-13,33163,116635,45369765,3186479
2021-11-14,14446,52413,45384211,3238892
2021-11-15,36802,157283,45421013,3396175
2021-11-16,30458,171305,45451471,3567480
2021-11-17,28338,178364,45479809,3745844
2021-11-18,30123,193596,45509932,3939440
2021-11-19,28672,205716,45538604,4145156
2021-11-20,20891,156284,45559495,4301440
2021-11-21,10555,64811,45570050,4366251
2021-11-22,21832,213064,45591882,4579315
2021-11-23,23454,241624,45615336,4820939
2021-11-24,27699,270835,45643035,5091774
2021-11-25,23078,301803,45666113,5393577
2021-11-26,24416,318157,45690529,5711734
2021-11-27,21236,266036,45711765,5977770
2021-11-28,9833,136994,45721598,6114764
2021-11-29,22145,325939,45743743,6440703
2021-11-30,22906,365699,45766649,6806402
2021-12-01,21308,413426,45787957,7219828
2021-12-02,23558,440257,45811515,7660085
2021-12-03,25002,467260,45836517,8127345
2021-12-04,22176,418626,45858693,8545971
2021-12-05,11780,261281,45870473,8807252
2021-12-06,25528,457428,45896001,9264680
2021-12-07,23876,480072,45919877,9744752
2021-12-08,9884,249594,45929761,9994346
2021-12-09,31280,491802,45961041,10486148
2021-12-10,27818,517699,45988859,11003847
2021-12-11,23318,459177,46012177,11463024
2021-12-12,12150,293412,46024327,11756436
2021-12-13,25901,467473,46050228,12223909
2021-12-14,24913,494051,46075141,12717960
2021-12-15,25076,516986,46100217,13234946
2021-12-16,27525,520071,46127742,13755017
2021-12-17,29036,516945,46156778,14271962
2021-12-18,26737,468559,46183515,14740521
2021-12-19,14935,300437,46198450,15040958
2021-12-20,30293,477317,46228743,15518275
2021-12-21,30065,493185,46258808,16011460
2021-12-22,29097,484509,46287905,16495969
2021-12-23,27884,426757,46315789,16922726
2021-12-24,12979,210746,46328768,17133472
2021-12-25,2088,33043,46330856,17166515
2021-12-26,8658,159028,46339514,17325543
2021-12-27,46395,504492,46385909,17830035
2021-12-28,41955,554050,46427864,18384085
2021-12-29,33760,550476,46461624,18934561
2021-12-30,31338,499659,46492962,19434220
2021-12-31,13661,247328,46506623,19681548
2022-01-01,3428,64789,46510051,19746337
2022-01-02,22360,276673,46532411,20023010
2022-01-03,47042,520827,46579453,20543837
2022-01-04,45542,572847,46624995,21116684
2022-01-05,39714,561126,46664709,21677810
2022-01-06,22808,274381,46687517,21952191
2022-01-07,62376,554887,46749893,22507078
2022-01-08,59371,503227,46809264,23010305
2022-01-09,41541,319599,46850805,23329904
2022-01-10,59862,542954,46910667,23872858
2022-01-11,60216,587690,46970883,24460548
2022-01-12,56799,581943,47027682,25042491
2022-01-13,56988,581011,47084670,25623502
2022-01-14,44927,589002,47129597,26212504
2022-01-15,37053,569384,47166650,26781888
2022-01-16,29679,341388,47196329,27123276
2022-01-17,53286,490317,47249615,27613593
2022-01-18,56930,518086,47306545,28131679
2022-01-19,55642,503391,47362187,28635070
2022-01-20,52798,499385,47414985,29134455
2022-01-21,40293,494401,47455278,29628856
2022-01-22,28910,469331,47484188,30098187
2022-01-23,33600,275195,47517788,30373382
2022-01-24,54816,437844,47572604,30811226
2022-01-25,60266,452741,47632870,31263967
2022-01-26,57078,436400,47689948,31700367
2022-01-27,47385,432889,47737333,32133256
2022-01-28,57125,437138,47794458,32570394
2022-01-29,66285,411923,47860743,32982317
2022-01-30,49105,235667,47909848,33217984
2022-01-31,59119,357601,47968967,33575585
2022-02-01,64331,329077,48033298,33904662
2022-02-02,62074,297392,48095372,34202054
2022-02-03,59155,274987,48154527,34477041
2022-02-04,71413,268805,48225940,34745846
2022-02-05,82451,248143,48308391,34993989
2022-02-06,54586,116066,48362977,35110055
2022-02-07,64413,200486,48427390,35310541
2022-02-08,66090,186609,48493480,35497150
2022-02-09,58037,166738,48551517,35663888
2022-02-10,57850,163501,48609367,35827389
2022-02-11,61575,162663,48670942,35990052
2022-02-12,71192,151889,48742134,36141941
2022-02-13,41035,68651,48783169,36210592
2022-02-14,46200,116547,48829369,36327139
2022-02-15,47921,123655,48877290,36450794
2022-02-16,45132,106132,48922422,36556926
2022-02-17,42407,97946,48964829,36654872
2022-02-18,46119,112253,49010948,36767125
2022-02-19,52055,100121,49063003,36867246
2022-02-20,31211,40218,49094214,36907464
2022-02-21,37542,89336,49131756,36996800
2022-02-22,36584,82987,49168340,37079787
2022-02-23,15230,37073,49183570,37116860