data_somministrazione,vaccinazioni,booster,cum_vaccinazioni,cum_booster
2020-12-27,22,0,22,0
2020-12-28,2,0,24,0
2020-12-29,1,0,25,0
2020-12-30,8,0,33,0
2020-12-31,80,0,113,0
2021-01-01,26,0,139,0
2021-01-02,151,0,290,0
2021-01-03,112,0,402,0
2021-01-04,246,0,648,0
2021-01-05,291,0,939,0
2021-01-06,262,0,1201,0
2021-01-07,331,0,1532,0
2021-01-08,385,0,1917,0
2021-01-09,290,0,2207,0
2021-01-10,172,0,2379,0
2021-01-11,312,0,2691,0
2021-01-12,292,0,2983,0
2021-01-13,425,0,3408,0
2021-01-14,506,0,3914,0
2021-01-15,327,0,4241,0
2021-01-16,225,0,4466,0
2021-01-17,3065,0,7531,0
2021-01-18,5220,0,12751,0
2021-01-19,1896,0,14647,0
2021-01-20,4660,0,19307,0
2021-01-21,20004,0,39311,0
2021-01-22,14220,0,53531,0
2021-01-23,33316,0,86847,0
2021-01-24,30775,0,117622,0
2021-01-25,64698,0,182320,0
2021-01-26,76456,0,258776,0
2021-01-27,64804,0,323580,0
2021-01-28,89244,0,412824,0
2021-01-29,93991,0,506815,0
2021-01-30,86538,0,593353,0
2021-01-31,57320,0,650673,0
2021-02-01,81833,0,732506,0
2021-02-02,82126,0,814632,0
2021-02-03,91101,0,905733,0
2021-02-04,95380,0,1001113,0
2021-02-05,90263,0,1091376,0
2021-02-06,63450,0,1154826,0
2021-02-07,32935,0,1187761,0
2021-02-08,40421,0,1228182,0
2021-02-09,32880,0,1261062,0
2021-02-10,28440,0,1289502,0
2021-02-11,20408,0,1309910,0
2021-02-12,16252,0,1326162,0
2021-02-13,7281,0,1333443,0
2021-02-14,2862,0,1336305,0
2021-02-15,6851,0,1343156,0
2021-02-16,7008,0,1350164,0
2021-02-17,10526,0,1360690,0
2021-02-18,9258,0,1369948,0
2021-02-19,8259,0,1378207,0
2021-02-20,5585,0,1383792,0
2021-02-21,3015,0,1386807,0
2021-02-22,6884,0,1393691,0
2021-02-23,7191,0,1400882,0
2021-02-24,9815,0,1410697,0
2021-02-25,14215,0,1424912,0
2021-02-26,17563,0,1442475,0
2021-02-27,13925,0,1456400,0
2021-02-28,9398,0,1465798,0
2021-03-01,26533,0,1492331,0
2021-03-02,33247,0,1525578,0
2021-03-03,44652,0,1570230,0
2021-03-04,50304,0,1620534,0
2021-03-05,55745,0,1676279,0
2021-03-06,41886,0,1718165,0
2021-03-07,22332,0,1740497,0
2021-03-08,50840,0,1791337,0
2021-03-09,53095,0,1844432,0
2021-03-10,58702,0,1903134,0
2021-03-11,63895,0,1967029,0
2021-03-12,65146,0,2032175,0
2021-03-13,51732,0,2083907,0
2021-03-14,35427,0,2119334,0
2021-03-15,73462,0,2192796,0
2021-03-16,74030,0,2266826,0
2021-03-17,83146,0,2349972,0
2021-03-18,81634,0,2431606,0
2021-03-19,81091,0,2512697,0
2021-03-20,64746,0,2577443,0
2021-03-21,47312,0,2624755,0
2021-03-22,69506,0,2694261,0
2021-03-23,75821,0,2770082,0
2021-03-24,90940,0,2861022,0
2021-03-25,89830,0,2950852,0
2021-03-26,83645,0,3034497,0
2021-03-27,71965,0,3106462,0
2021-03-28,44192,0,3150654,0
2021-03-29,70852,0,3221506,0
2021-03-30,81420,0,3302926,0
2021-03-31,96267,0,3399193,0
2021-04-01,95343,0,3494536,0
2021-04-02,84089,0,3578625,0
2021-04-03,64314,0,3642939,0
2021-04-04,21726,0,3664665,0
2021-04-05,40326,0,3704991,0
2021-04-06,81351,0,3786342,0
2021-04-07,95851,0,3882193,0
2021-04-08,95268,0,3977461,0
2021-04-09,88510,0,4065971,0
2021-04-10,74039,0,4140010,0
2021-04-11,44774,0,4184784,0
2021-04-12,66929,0,4251713,0
2021-04-13,72601,0,4324314,0
2021-04-14,85560,0,4409874,0
2021-04-15,105428,0,4515302,0
2021-04-16,106436,0,4621738,0
2021-04-17,90533,0,4712271,0
2021-04-18,58599,0,4770870,0
2021-04-19,93447,0,4864317,0
2021-04-20,103783,0,4968100,0
2021-04-21,125346,0,5093446,0
2021-04-22,143539,0,5236985,0
2021-04-23,138764,0,5375749,0
2021-04-24,124455,0,5500204,0
2021-04-25,61471,0,5561675,0
2021-04-26,97920,0,5659595,0
2021-04-27,128380,0,5787975,0
2021-04-28,156403,0,5944378,0
2021-04-29,195627,0,6140005,0
2021-04-30,214622,0,6354627,0
2021-05-01,174151,0,6528778,0
2021-05-02,135818,0,6664596,0
2021-05-03,142083,0,6806679,0
2021-05-04,158720,0,6965399,0
2021-05-05,170556,0,7135955,0
2021-05-06,197834,0,7333789,0
2021-05-07,213890,0,7547679,0
2021-05-08,213443,0,7761122,0
2021-05-09,143224,0,7904346,0
2021-05-10,165110,0,8069456,0
2021-05-11,175019,0,8244475,0
2021-05-12,179238,0,8423713,0
2021-05-13,203429,0,8627142,0
2021-05-14,222952,0,8850094,0
2021-05-15,210398,0,9060492,0
2021-05-16,159294,0,9219786,0
2021-05-17,219227,0,9439013,0
2021-05-18,213036,0,9652049,0
2021-05-19,207108,0,9859157,0
2021-05-20,270914,0,10130071,0
2021-05-21,270917,0,10400988,0
2021-05-22,245553,0,10646541,0
2021-05-23,197199,0,10843740,0
2021-05-24,228315,0,11072055,0
2021-05-25,245704,0,11317759,0
2021-05-26,277577,0,11595336,0
2021-05-27,311112,0,11906448,0
2021-05-28,299590,0,12206038,0
2021-05-29,231262,0,12437300,0
2021-05-30,170858,0,12608158,0
2021-05-31,216445,0,12824603,0
2021-06-01,207647,0,13032250,0
2021-06-02,115812,0,13148062,0
2021-06-03,180188,0,13328250,0
2021-06-04,184939,0,13513189,0
2021-06-05,186016,0,13699205,0
2021-06-06,139605,0,13838810,0
2021-06-07,161924,0,14000734,0
2021-06-08,171313,0,14172047,0
2021-06-09,171542,0,14343589,0
2021-06-10,174184,0,14517773,0
2021-06-11,170065,0,14687838,0
2021-06-12,128419,0,14816257,0
2021-06-13,91255,0,14907512,0
2021-06-14,214719,0,15122231,0
2021-06-15,228473,0,15350704,0
2021-06-16,253121,0,15603825,0
2021-06-17,301800,0,15905625,0
2021-06-18,306346,0,16211971,0
2021-06-19,275143,0,16487114,0
2021-06-20,220838,0,16707952,0
2021-06-21,288122,0,16996074,0
2021-06-22,296276,0,17292350,0
2021-06-23,302719,0,17595069,0
2021-06-24,332635,0,17927704,0
2021-06-25,348747,0,18276451,0
2021-06-26,300157,0,18576608,0
2021-06-27,228706,0,18805314,0
2021-06-28,307171,0,19112485,0
2021-06-29,329360,0,19441845,0
2021-06-30,342240,0,19784085,0
2021-07-01,363262,0,20147347,0
2021-07-02,368514,0,20515861,0
2021-07-03,371108,0,20886969,0
2021-07-04,283252,0,21170221,0
2021-07-05,384570,0,21554791,0
2021-07-06,385494,0,21940285,0
2021-07-07,412141,0,22352426,0
2021-07-08,479583,0,22832009,0
2021-07-09,498462,0,23330471,0
2021-07-10,475173,0,23805644,0
2021-07-11,357688,0,24163332,0
2021-07-12,485870,0,24649202,0
2021-07-13,492060,0,25141262,0
2021-07-14,480429,0,25621691,0
2021-07-15,523407,0,26145098,0
2021-07-16,509738,0,26654836,0
2021-07-17,464316,0,27119152,0
2021-07-18,364625,0,27483777,0
2021-07-19,463030,0,27946807,0
2021-07-20,458043,0,28404850,0
2021-07-21,462787,0,28867637,0
2021-07-22,475372,0,29343009,0
2021-07-23,441325,0,29784334,0
2021-07-24,386140,0,30170474,0
2021-07-25,287536,0,30458010,0
2021-07-26,430886,0,30888896,0
2021-07-27,440101,0,31328997,0
2021-07-28,391012,0,31720009,0
2021-07-29,372071,0,32092080,0
2021-07-30,341524,0,32433604,0
2021-07-31,287050,0,32720654,0
2021-08-01,190996,0,32911650,0
2021-08-02,333711,0,33245361,0
2021-08-03,323182,0,33568543,0
2021-08-04,310997,0,33879540,0
2021-08-05,292478,0,34172018,0
2021-08-06,260047,0,34432065,0
2021-08-07,199069,0,34631134,0
2021-08-08,153108,0,34784242,0
2021-08-09,234082,0,35018324,0
2021-08-10,205296,0,35223620,0
2021-08-11,193801,0,35417421,0
2021-08-12,168079,0,35585500,0
2021-08-13,148676,0,35734176,0
2021-08-14,66104,0,35800280,0
2021-08-15,26345,0,35826625,0
2021-08-16,114723,0,35941348,0
2021-08-17,129261,0,36070609,0
2021-08-18,128761,0,36199370,0
2021-08-19,124866,0,36324236,0
2021-08-20,123797,0,36448033,0
2021-08-21,83135,0,36531168,0
2021-08-22,68183,0,36599351,0
2021-08-23,176869,0,36776220,0
2021-08-24,156889,0,36933109,0
2021-08-25,177169,0,37110278,0
2021-08-26,172348,0,37282626,0
2021-08-27,185828,0,37468454,0
2021-08-28,140295,0,37608749,0
2021-08-29,98997,0,37707746,0
2021-08-30,209582,0,37917328,0
2021-08-31,194640,0,38111968,0
2021-09-01,192216,0,38304184,0
2021-09-02,189924,0,38494108,0
2021-09-03,191278,0,38685386,0
2021-09-04,131437,0,38816823,0
2021-09-05,87840,0,38904663,0
2021-09-06,193598,0,39098261,0
2021-09-07,196038,0,39294299,0
2021-09-08,187856,0,39482155,0
2021-09-09,201415,0,39683570,0
2021-09-10,198047,0,39881617,0
2021-09-11,141289,0,40022906,0
2021-09-12,89588,0,40112494,0
2021-09-13,191097,665,40303591,665
2021-09-14,177205,662,40480796,1327
2021-09-15,163079,658,40643875,1985
2021-09-16,160034,1017,40803909,3002
2021-09-17,150153,1177,40954062,4179
2021-09-18,127985,784,41082047,4963
2021-09-19,81141,513,41163188,5476
2021-09-20,180057,9139,41343245,14615
2021-09-21,166675,8867,41509920,23482
2021-09-22,159125,9465,41669045,32947
2021-09-23,138108,9361,41807153,42308
2021-09-24,140550,9022,41947703,51330
2021-09-25,119565,5678,42067268,57008
2021-09-26,71992,4369,42139260,61377
2021-09-27,135673,10092,42274933,71469
2021-09-28,117520,11438,42392453,82907
2021-09-29,112384,11856,42504837,94763
2021-09-30,110296,14986,42615133,109749
2021-10-01,95004,19145,42710137,128894
2021-10-02,78527,14048,42788664,142942
2021-10-03,47760,7672,42836424,150614
2021-10-04,88392,34491,42924816,185105
2021-10-05,80385,34023,43005201,219128
2021-10-06,72007,34220,43077208,253348
2021-10-07,71881,34382,43149089,287730
2021-10-08,80651,33629,43229740,321359
2021-10-09,76117,22202,43305857,343561
2021-10-10,45795,13632,43351652,357193
2021-10-11,87446,41137,43439098,398330
2021-10-12,84515,46940,43523613,445270
2021-10-13,88227,52174,43611840,497444
2021-10-14,91559,58563,43703399,556007
2021-10-15,93599,55688,43796998,611695
2021-10-16,82977,36834,43879975,648529
2021-10-17,51461,23864,43931436,672393
2021-10-18,90300,59528,44021736,731921
2021-10-19,78353,69423,44100089,801344
2021-10-20,75060,78216,44175149,879560
2021-10-21,78280,81826,44253429,961386
2021-10-22,73765,77092,44327194,1038478
2021-10-23,60838,51977,44388032,1090455
2021-10-24,33369,23483,44421401,1113938
2021-10-25,64894,81673,44486295,1195611
2021-10-26,58372,91844,44544667,1287455
2021-10-27,58317,104045,44602984,1391500
2021-10-28,61442,114165,44664426,1505665
2021-10-29,61621,103201,44726047,1608866
2021-10-30,50672,68160,44776719,1677026
2021-10-31,25158,28315,44801877,1705341
2021-11-01,19050,28159,44820927,1733500
2021-11-02,62737,89447,44883664,1822947
2021-11-03,60714,118707,44944378,1941654
2021-11-04,59238,126709,45003616,2068363
2021-11-05,63091,135234,45066707,2203597
2021-11-06,46495,90945,45113202,2294542
2021-11-07,22248,37908,45135450,2332450
2021-11-08,51523,131301,45186973,2463751
2021-11-09,45403,144238,45232376,2607989
2021-11-10,42593,156382,45274969,2764371
2021-11-11,44931,155178,45319900,2919549
2021-11-12,46300,158712,45366200,3078261
2021-11-13,33273,116683,45399473,3194944
2021-11-14,14490,52462,45413963,3247406
2021-11-15,36907,157448,45450870,3404854
2021-11-16,30569,171414,45481439,3576268
2021-11-17,28469,178470,45509908,3754738
2021-11-18,30297,193770,45540205,3948508
2021-11-19,28824,205889,45569029,4154397
2021-11-20,21015,156460,45590044,4310857
2021-11-21,10613,64870,45600657,4375727
2021-11-22,21960,213163,45622617,4588890
2021-11-23,23608,241804,45646225,4830694
2021-11-24,27769,271103,45673994,5101797
2021-11-25,23269,301953,45697263,5403750
2021-11-26,24599,318313,45721862,5722063
2021-11-27,21420,266175,45743282,5988238
2021-11-28,9911,137072,45753193,6125310
2021-11-29,22368,326082,45775561,6451392
2021-11-30,23121,365862,45798682,6817254
2021-12-01,21562,413547,45820244,7230801
2021-12-02,23799,440445,45844043,7671246
2021-12-03,25283,467547,45869326,8138793
2021-12-04,22392,418813,45891718,8557606
2021-12-05,11944,261370,45903662,8818976
2021-12-06,25849,457637,45929511,9276613
2021-12-07,24171,480308,45953682,9756921
2021-12-08,10032,249724,45963714,10006645
2021-12-09,31627,491969,45995341,10498614
2021-12-10,28110,517939,46023451,11016553
2021-12-11,23595,459288,46047046,11475841
2021-12-12,12328,293536,46059374,11769377
2021-12-13,26186,467663,46085560,12237040
2021-12-14,25207,494246,46110767,12731286
2021-12-15,25382,517191,46136149,13248477
2021-12-16,27938,520309,46164087,13768786
2021-12-17,29405,517229,46193492,14286015
2021-12-18,27117,468788,46220609,14754803
2021-12-19,15173,300547,46235782,15055350
2021-12-20,30684,477513,46266466,15532863
2021-12-21,30424,493452,46296890,16026315
2021-12-22,29495,484760,46326385,16511075
2021-12-23,28291,426971,46354676,16938046
2021-12-24,13126,210847,46367802,17148893
2021-12-25,2104,33053,46369906,17181946
2021-12-26,8783,159077,46378689,17341023
2021-12-27,46851,504702,46425540,17845725
2021-12-28,42514,554268,46468054,18399993
2021-12-29,34410,550685,46502464,18950678
2021-12-30,31905,499871,46534369,19450549
2021-12-31,14152,247410,46548521,19697959
2022-01-01,3503,64814,46552024,19762773
2022-01-02,22841,276728,46574865,20039501
2022-01-03,47966,520037,46622831,20559538
2022-01-04,46494,572107,46669325,21131645
2022-01-05,40864,560430,46710189,21692075
2022-01-06,23545,274489,46733734,21966564
2022-01-07,63817,554226,46797551,22520790
2022-01-08,61005,503426,46858556,23024216
2022-01-09,42980,319709,46901536,23343925
2022-01-10,61186,542331,46962722,23886256
2022-01-11,61881,587040,47024603,24473296
2022-01-12,58576,581316,47083179,25054612
2022-01-13,58732,580436,47141911,25635048
2022-01-14,46957,588626,47188868,26223674
2022-01-15,39607,570001,47228475,26793675
2022-01-16,31333,341899,47259808,27135574
2022-01-17,54863,489699,47314671,27625273
2022-01-18,58483,517059,47373154,28142332
2022-01-19,57283,502826,47430437,28645158
2022-01-20,54434,498866,47484871,29144024
2022-01-21,42196,493904,47527067,29637928
2022-01-22,31316,469624,47558383,30107552
2022-01-23,34985,275392,47593368,30382944
2022-01-24,56234,437255,47649602,30820199
2022-01-25,61607,452135,47711209,31272334
2022-01-26,58605,435851,47769814,31708185
2022-01-27,48903,432418,47818717,32140603
2022-01-28,58769,436569,47877486,32577172
2022-01-29,68201,412520,47945687,32989692
2022-01-30,50415,235992,47996102,33225684
2022-01-31,60728,356954,48056830,33582638
2022-02-01,65624,328473,48122454,33911111
2022-02-02,63255,297003,48185709,34208114
2022-02-03,60098,274541,48245807,34482655
2022-02-04,72417,268476,48318224,34751131
2022-02-05,83822,248561,48402046,34999692
2022-02-06,55309,116208,48457355,35115900
2022-02-07,65192,199948,48522547,35315848
2022-02-08,66959,186133,48589506,35501981
2022-02-09,58777,166356,48648283,35668337
2022-02-10,58604,163256,48706887,35831593
2022-02-11,62279,162481,48769166,35994074
2022-02-12,72018,152157,48841184,36146231
2022-02-13,41488,68859,48882672,36215090
2022-02-14,46712,116195,48929384,36331285
2022-02-15,48573,123482,48977957,36454767
2022-02-16,45700,106131,49023657,36560898
2022-02-17,42877,98127,49066534,36659025
2022-02-18,46639,112590,49113173,36771615
2022-02-19,52547,100341,49165720,36871956
2022-02-20,31416,40367,49197136,36912323
2022-02-21,37903,89659,49235039,37001982
2022-02-22,37227,83786,49272266,37085768
2022-02-23,33404,79408,49305670,37165176
2022-02-24,32562,78169,49338232,37243345
2022-02-25,34775,90714,49373007,37334059
2022-02-26,39163,89139,49412170,37423198
2022-02-27,22548,35859,49434718,37459057
2022-02-28,28491,81699,49463209,37540756
2022-03-01,22733,53943,49485942,37594699
2022-03-02,21935,50714,49507877,37645413
2022-03-03,22641,54947,49530518,37700360
2022-03-04,23245,62801,49553763,37763161
2022-03-05,23805,57953,49577568,37821114
2022-03-06,9473,17201,49587041,37838315
2022-03-07,15927,51391,49602968,37889706
2022-03-08,15481,48797,49618449,37938503
2022-03-09,13815,46518,49632264,37985021
2022-03-10,14061,52127,49646325,38037148
2022-03-11,15593,57273,49661918,38094421
2022-03-12,15514,56620,49677432,38151041
2022-03-13,5545,16852,49682977,38167893
2022-03-14,10529,46701,49693506,38214594
2022-03-15,10555,46895,49704061,38261489
2022-03-16,9486,41978,49713547,38303467
2022-03-17,9726,44876,49723273,38348343
2022-03-18,10164,49059,49733437,38397402
2022-03-19,9152,46540,49742589,38443942
2022-03-20,2608,11704,49745197,38455646
2022-03-21,7587,40231,49752784,38495877
2022-03-22,8448,37768,49761232,38533645
2022-03-23,7220,33701,49768452,38567346
2022-03-24,8261,38821,49776713,38606167
2022-03-25,8144,43673,49784857,38649840
2022-03-26,8129,41722,49792986,38691562
2022-03-27,2432,9683,49795418,38701245
2022-03-28,6112,35244,49801530,38736489
2022-03-29,5783,32532,49807313,38769021
2022-03-30,5567,30205,49812880,38799226
2022-03-31,5905,33187,49818785,38832413
2022-04-01,4351,25189,49823136,38857602
2022-04-02,4497,23275,49827633,38880877
2022-04-03,1049,4500,49828682,38885377
2022-04-04,3661,21547,49832343,38906924
2022-04-05,3758,22938,49836101,38929862
2022-04-06,4105,21853,49840206,38951715
2022-04-07,3970,23321,49844176,38975036
2022-04-08,4696,26716,49848872,39001752
2022-04-09,4381,23889,49853253,39025641
2022-04-10,893,4613,49854146,39030254
2022-04-11,3820,22689,49857966,39052943
2022-04-12,3364,21780,49861330,39074723
2022-04-13,3574,21337,49864904,39096060
2022-04-14,3487,23789,49868391,39119849
2022-04-15,3086,20621,49871477,39140470
2022-04-16,2151,11918,49873628,39152388
2022-04-17,63,348,49873691,39152736
2022-04-18,152,650,49873843,39153386
2022-04-19,3499,21985,49877342,39175371
2022-04-20,3513,20250,49880855,39195621
2022-04-21,2848,19793,49883703,39215414
2022-04-22,2928,20715,49886631,39236129
2022-04-23,2648,16222,49889279,39252351
2022-04-24,509,2334,49889788,39254685
2022-04-25,183,1165,49889971,39255850
2022-04-26,2760,17810,49892731,39273660
2022-04-27,2374,15795,49895105,39289455
2022-04-28,2363,15566,49897468,39305021
2022-04-29,2298,14850,49899766,39319871
2022-04-30,2123,11585,49901889,39331456
2022-05-01,113,531,49902002,39331987
2022-05-02,1451,9393,49903453,39341380
2022-05-03,1577,10326,49905030,39351706
2022-05-04,1747,10276,49906777,39361982
2022-05-05,1654,10297,49908431,39372279
2022-05-06,1702,10972,49910133,39383251
2022-05-07,1431,8573,49911564,39391824
2022-05-08,417,1526,49911981,39393350
2022-05-09,1029,8934,49913010,39402284
2022-05-10,1426,9550,49914436,39411834
2022-05-11,1484,10109,49915920,39421943
2022-05-12,1371,10137,49917291,39432080
2022-05-13,1596,10520,49918887,39442600
2022-05-14,1360,8243,49920247,39450843
2022-05-15,336,1136,49920583,39451979
2022-05-16,814,8408,49921397,39460387
2022-05-17,1244,8707,49922641,39469094
2022-05-18,1373,9256,49924014,39478350
2022-05-19,1501,9287,49925515,39487637
2022-05-20,1426,9535,49926941,39497172
2022-05-21,1302,7901,49928243,39505073
2022-05-22,231,1013,49928474,39506086
2022-05-23,830,8273,49929304,39514359
2022-05-24,1073,8673,49930377,39523032
2022-05-25,1372,9460,49931749,39532492
2022-05-26,1198,9480,49932947,39541972
2022-05-27,1232,9916,49934179,39551888
2022-05-28,1205,7890,49935384,39559778
2022-05-29,288,1265,49935672,39561043
2022-05-30,931,8058,49936603,39569101
2022-05-31,1039,8548,49937642,39577649
2022-06-01,895,7657,49938537,39585306
2022-06-02,35,474,49938572,39585780
2022-06-03,817,7334,49939389,39593114
2022-06-04,870,5162,49940259,39598276
2022-06-05,89,586,49940348,39598862
2022-06-06,679,7004,49941027,39605866
2022-06-07,952,7850,49941979,39613716
2022-06-08,981,7906,49942960,39621622
2022-06-09,1037,8418,49943997,39630040
2022-06-10,958,8563,49944955,39638603
2022-06-11,904,6206,49945859,39644809
2022-06-12,140,768,49945999,39645577
2022-06-13,602,6301,49946601,39651878
2022-06-14,831,7904,49947432,39659782
2022-06-15,960,7856,49948392,39667638
2022-06-16,733,7397,49949125,39675035
2022-06-17,723,7248,49949848,39682283
2022-06-18,778,5596,49950626,39687879
2022-06-19,49,521,49950675,39688400
2022-06-20,587,6699,49951262,39695099
2022-06-21,741,7664,49952003,39702763
2022-06-22,779,7312,49952782,39710075
2022-06-23,648,7472,49953430,39717547
2022-06-24,644,7474,49954074,39725021
2022-06-25,835,6533,49954909,39731554
2022-06-26,128,523,49955037,39732077
2022-06-27,534,7126,49955571,39739203
2022-06-28,747,8206,49956318,39747409
2022-06-29,756,7732,49957074,39755141
2022-06-30,747,8145,49957821,39763286
2022-07-01,577,6443,49958398,39769729
2022-07-02,536,4769,49958934,39774498
2022-07-03,49,456,49958983,39774954
2022-07-04,469,6277,49959452,39781231
2022-07-05,631,8122,49960083,39789353
2022-07-06,634,7611,49960717,39796964
2022-07-07,576,8273,49961293,39805237
2022-07-08,673,8086,49961966,39813323
2022-07-09,550,6105,49962516,39819428
2022-07-10,58,533,49962574,39819961
2022-07-11,491,7641,49963065,39827602
2022-07-12,669,9030,49963734,39836632
2022-07-13,645,10067,49964379,39846699
2022-07-14,637,10225,49965016,39856924
2022-07-15,626,10674,49965642,39867598
2022-07-16,523,7215,49966165,39874813
2022-07-17,48,770,49966213,39875583
2022-07-18,496,9374,49966709,39884957
2022-07-19,575,10683,49967284,39895640
2022-07-20,582,11277,49967866,39906917
2022-07-21,630,12093,49968496,39919010
2022-07-22,584,11262,49969080,39930272
2022-07-23,381,6775,49969461,39937047
2022-07-24,76,857,49969537,39937904
2022-07-25,503,9054,49970040,39946958
2022-07-26,522,9764,49970562,39956722
2022-07-27,554,10210,49971116,39966932
2022-07-28,532,10535,49971648,39977467
2022-07-29,511,9466,49972159,39986933
2022-07-30,383,5882,49972542,39992815
2022-07-31,49,764,49972591,39993579
2022-08-01,386,6865,49972977,40000444
2022-08-02,548,7590,49973525,40008034
2022-08-03,513,7179,49974038,40015213
2022-08-04,455,7492,49974493,40022705
2022-08-05,421,6526,49974914,40029231
2022-08-06,299,3613,49975213,40032844
2022-08-07,44,563,49975257,40033407
2022-08-08,403,4890,49975660,40038297
2022-08-09,381,5312,49976041,40043609
2022-08-10,385,4816,49976426,40048425
2022-08-11,369,4804,49976795,40053229
2022-08-12,294,3720,49977089,40056949
2022-08-13,143,1600,49977232,40058549
2022-08-14,9,129,49977241,40058678
2022-08-15,1,26,49977242,40058704
2022-08-16,283,3043,49977525,40061747
2022-08-17,352,3536,49977877,40065283
2022-08-18,393,4160,49978270,40069443
2022-08-19,341,3319,49978611,40072762
2022-08-20,183,1715,49978794,40074477
2022-08-21,24,149,49978818,40074626
2022-08-22,330,2952,49979148,40077578
2022-08-23,370,3674,49979518,40081252
2022-08-24,384,3360,49979902,40084612
2022-08-25,423,3773,49980325,40088385
2022-08-26,400,3574,49980725,40091959
2022-08-27,237,1769,49980962,40093728
2022-08-28,29,267,49980991,40093995
2022-08-29,354,3161,49981345,40097156
2022-08-30,405,3671,49981750,40100827
2022-08-31,438,3734,49982188,40104561
2022-09-01,353,3116,49982541,40107677
2022-09-02,296,2893,49982837,40110570
2022-09-03,200,1689,49983037,40112259
2022-09-04,24,149,49983061,40112408
2022-09-05,187,2656,49983248,40115064
2022-09-06,306,2983,49983554,40118047
2022-09-07,541,2937,49984095,40120984
2022-09-08,293,2963,49984388,40123947
2022-09-09,306,2886,49984694,40126833
2022-09-10,228,1326,49984922,40128159
2022-09-11,23,124,49984945,40128283
2022-09-12,267,2268,49985212,40130551
2022-09-13,252,2277,49985464,40132828
2022-09-14,266,2566,49985730,40135394
2022-09-15,282,2501,49986012,40137895
2022-09-16,256,2546,49986268,40140441
2022-09-17,239,1339,49986507,40141780
2022-09-18,20,170,49986527,40141950
2022-09-19,206,1971,49986733,40143921
2022-09-20,235,2392,49986968,40146313
2022-09-21,289,2526,49987257,40148839
2022-09-22,267,2663,49987524,40151502
2022-09-23,259,2545,49987783,40154047
2022-09-24,193,1427,49987976,40155474
2022-09-25,29,133,49988005,40155607
2022-09-26,280,2248,49988285,40157855
2022-09-27,287,2683,49988572,40160538
2022-09-28,310,2906,49988882,40163444
2022-09-29,257,3049,49989139,40166493
2022-09-30,292,2989,49989431,40169482
2022-10-01,195,1515,49989626,40170997
2022-10-02,12,187,49989638,40171184
2022-10-03,185,2474,49989823,40173658
2022-10-04,236,2862,49990059,40176520
2022-10-05,229,3252,49990288,40179772
2022-10-06,243,3874,49990531,40183646
2022-10-07,283,4188,49990814,40187834
2022-10-08,204,2270,49991018,40190104
2022-10-09,8,305,49991026,40190409
2022-10-10,211,3356,49991237,40193765
2022-10-11,194,4379,49991431,40198144
2022-10-12,207,4441,49991638,40202585
2022-10-13,204,5304,49991842,40207889
2022-10-14,233,5026,49992075,40212915
2022-10-15,191,2671,49992266,40215586
2022-10-16,6,360,49992272,40215946
2022-10-17,186,3873,49992458,40219819
2022-10-18,256,4967,49992714,40224786
2022-10-19,244,5478,49992958,40230264
2022-10-20,224,5997,49993182,40236261
2022-10-21,250,5477,49993432,40241738
2022-10-22,195,2911,49993627,40244649
2022-10-23,13,364,49993640,40245013
2022-10-24,171,3930,49993811,40248943
2022-10-25,254,4926,49994065,40253869
2022-10-26,347,5503,49994412,40259372
2022-10-27,241,5672,49994653,40265044
2022-10-28,200,5263,49994853,40270307
2022-10-29,128,2844,49994981,40273151
2022-10-30,3,328,49994984,40273479
2022-10-31,117,3042,49995101,40276521
2022-11-01,11,353,49995112,40276874
2022-11-02,145,3722,49995257,40280596
2022-11-03,172,4789,49995429,40285385
2022-11-04,225,4603,49995654,40289988
2022-11-05,144,2598,49995798,40292586
2022-11-06,10,261,49995808,40292847
2022-11-07,169,3225,49995977,40296072
2022-11-08,260,4254,49996237,40300326
2022-11-09,197,4331,49996434,40304657
2022-11-10,183,4597,49996617,40309254
2022-11-11,193,4221,49996810,40313475
2022-11-12,153,2377,49996963,40315852
2022-11-13,7,338,49996970,40316190
2022-11-14,150,2838,49997120,40319028
2022-11-15,202,3748,49997322,40322776
2022-11-16,217,3992,49997539,40326768
2022-11-17,191,4106,49997730,40330874
2022-11-18,247,4034,49997977,40334908
2022-11-19,112,2106,49998089,40337014
2022-11-20,24,317,49998113,40337331
2022-11-21,119,2620,49998232,40339951
2022-11-22,143,3215,49998375,40343166
2022-11-23,191,3624,49998566,40346790
2022-11-24,157,3837,49998723,40350627
2022-11-25,184,3785,49998907,40354412
2022-11-26,133,2093,49999040,40356505
2022-11-27,22,356,49999062,40356861
2022-11-28,182,2682,49999244,40359543
2022-11-29,257,3230,49999501,40362773
2022-11-30,182,3734,49999683,40366507
2022-12-01,150,3624,49999833,40370131
2022-12-02,156,3527,49999989,40373658
2022-12-03,106,1968,50000095,40375626
2022-12-04,5,290,50000100,40375916
2022-12-05,128,2852,50000228,40378768
2022-12-06,176,3652,50000404,40382420
2022-12-07,136,3133,50000540,40385553
2022-12-08,8,169,50000548,40385722
2022-12-09,161,3023,50000709,40388745
2022-12-10,78,1604,50000787,40390349
2022-12-11,7,193,50000794,40390542
2022-12-12,170,2534,50000964,40393076
2022-12-13,253,3045,50001217,40396121
2022-12-14,227,3212,50001444,40399333
2022-12-15,204,3260,50001648,40402593
2022-12-16,162,3165,50001810,40405758
2022-12-17,94,1677,50001904,40407435
2022-12-18,10,270,50001914,40407705
2022-12-19,143,2155,50002057,40409860
2022-12-20,211,2492,50002268,40412352
2022-12-21,155,2215,50002423,40414567
2022-12-22,141,1857,50002564,40416424
2022-12-23,151,1205,50002715,40417629
2022-12-24,32,160,50002747,40417789
2022-12-25,0,6,50002747,40417795
2022-12-26,6,41,50002753,40417836
2022-12-27,131,1552,50002884,40419388
2022-12-28,130,1749,50003014,40421137
2022-12-29,90,1677,50003104,40422814
2022-12-30,115,1584,50003219,40424398
2022-12-31,21,272,50003240,40424670
2023-01-01,0,6,50003240,40424676
2023-01-02,26,518,50003266,40425194