data_somministrazione,vaccinazioni,booster,cum_vaccinazioni,cum_booster
2020-12-27,16,0,16,0
2020-12-28,2,0,18,0
2020-12-29,1,0,19,0
2020-12-30,3,0,22,0
2020-12-31,34,0,56,0
2021-01-01,12,0,68,0
2021-01-02,53,0,121,0
2021-01-03,46,0,167,0
2021-01-04,124,0,291,0
2021-01-05,163,0,454,0
2021-01-06,135,0,589,0
2021-01-07,200,0,789,0
2021-01-08,247,0,1036,0
2021-01-09,173,0,1209,0
2021-01-10,110,0,1319,0
2021-01-11,199,0,1518,0
2021-01-12,207,0,1725,0
2021-01-13,313,0,2038,0
2021-01-14,414,0,2452,0
2021-01-15,252,0,2704,0
2021-01-16,167,0,2871,0
2021-01-17,3050,0,5921,0
2021-01-18,5186,0,11107,0
2021-01-19,1875,0,12982,0
2021-01-20,4650,0,17632,0
2021-01-21,20008,0,37640,0
2021-01-22,14195,0,51835,0
2021-01-23,33355,0,85190,0
2021-01-24,30793,0,115983,0
2021-01-25,64774,0,180757,0
2021-01-26,76549,0,257306,0
2021-01-27,64875,0,322181,0
2021-01-28,89340,0,411521,0
2021-01-29,94072,0,505593,0
2021-01-30,86615,0,592208,0
2021-01-31,57348,0,649556,0
2021-02-01,81902,0,731458,0
2021-02-02,82168,0,813626,0
2021-02-03,91216,0,904842,0
2021-02-04,95376,0,1000218,0
2021-02-05,90284,0,1090502,0
2021-02-06,63729,0,1154231,0
2021-02-07,32919,0,1187150,0
2021-02-08,40410,0,1227560,0
2021-02-09,32839,0,1260399,0
2021-02-10,28385,0,1288784,0
2021-02-11,20353,0,1309137,0
2021-02-12,16179,0,1325316,0
2021-02-13,7217,0,1332533,0
2021-02-14,2856,0,1335389,0
2021-02-15,6823,0,1342212,0
2021-02-16,6973,0,1349185,0
2021-02-17,10491,0,1359676,0
2021-02-18,9215,0,1368891,0
2021-02-19,8162,0,1377053,0
2021-02-20,5473,0,1382526,0
2021-02-21,2947,0,1385473,0
2021-02-22,6836,0,1392309,0
2021-02-23,7104,0,1399413,0
2021-02-24,9787,0,1409200,0
2021-02-25,14170,0,1423370,0
2021-02-26,17485,0,1440855,0
2021-02-27,13855,0,1454710,0
2021-02-28,9344,0,1464054,0
2021-03-01,26436,0,1490490,0
2021-03-02,33166,0,1523656,0
2021-03-03,44592,0,1568248,0
2021-03-04,50199,0,1618447,0
2021-03-05,55624,0,1674071,0
2021-03-06,41840,0,1715911,0
2021-03-07,22287,0,1738198,0
2021-03-08,50523,0,1788721,0
2021-03-09,52905,0,1841626,0
2021-03-10,58524,0,1900150,0
2021-03-11,63738,0,1963888,0
2021-03-12,65011,0,2028899,0
2021-03-13,51648,0,2080547,0
2021-03-14,35343,0,2115890,0
2021-03-15,73361,0,2189251,0
2021-03-16,73986,0,2263237,0
2021-03-17,82998,0,2346235,0
2021-03-18,81583,0,2427818,0
2021-03-19,81014,0,2508832,0
2021-03-20,64640,0,2573472,0
2021-03-21,47246,0,2620718,0
2021-03-22,69399,0,2690117,0
2021-03-23,75691,0,2765808,0
2021-03-24,90774,0,2856582,0
2021-03-25,89697,0,2946279,0
2021-03-26,83482,0,3029761,0
2021-03-27,71814,0,3101575,0
2021-03-28,44033,0,3145608,0
2021-03-29,70687,0,3216295,0
2021-03-30,81240,0,3297535,0
2021-03-31,96083,0,3393618,0
2021-04-01,95189,0,3488807,0
2021-04-02,83974,0,3572781,0
2021-04-03,64240,0,3637021,0
2021-04-04,21687,0,3658708,0
2021-04-05,40253,0,3698961,0
2021-04-06,81217,0,3780178,0
2021-04-07,95716,0,3875894,0
2021-04-08,95145,0,3971039,0
2021-04-09,88371,0,4059410,0
2021-04-10,73937,0,4133347,0
2021-04-11,44700,0,4178047,0
2021-04-12,66834,0,4244881,0
2021-04-13,72492,0,4317373,0
2021-04-14,85415,0,4402788,0
2021-04-15,105290,0,4508078,0
2021-04-16,106300,0,4614378,0
2021-04-17,90392,0,4704770,0
2021-04-18,58528,0,4763298,0
2021-04-19,93379,0,4856677,0
2021-04-20,103679,0,4960356,0
2021-04-21,125259,0,5085615,0
2021-04-22,143415,0,5229030,0
2021-04-23,138587,0,5367617,0
2021-04-24,124341,0,5491958,0
2021-04-25,61382,0,5553340,0
2021-04-26,97789,0,5651129,0
2021-04-27,128258,0,5779387,0
2021-04-28,156235,0,5935622,0
2021-04-29,195404,0,6131026,0
2021-04-30,214400,0,6345426,0
2021-05-01,173986,0,6519412,0
2021-05-02,135727,0,6655139,0
2021-05-03,141887,0,6797026,0
2021-05-04,158577,0,6955603,0
2021-05-05,170337,0,7125940,0
2021-05-06,197676,0,7323616,0
2021-05-07,213639,0,7537255,0
2021-05-08,213275,0,7750530,0
2021-05-09,143067,0,7893597,0
2021-05-10,164976,0,8058573,0
2021-05-11,174792,0,8233365,0
2021-05-12,178954,0,8412319,0
2021-05-13,203150,0,8615469,0
2021-05-14,222722,0,8838191,0
2021-05-15,210142,0,9048333,0
2021-05-16,159144,0,9207477,0
2021-05-17,219063,0,9426540,0
2021-05-18,212854,0,9639394,0
2021-05-19,206907,0,9846301,0
2021-05-20,270646,0,10116947,0
2021-05-21,270664,0,10387611,0
2021-05-22,245388,0,10632999,0
2021-05-23,197099,0,10830098,0
2021-05-24,228204,0,11058302,0
2021-05-25,245589,0,11303891,0
2021-05-26,277347,0,11581238,0
2021-05-27,310940,0,11892178,0
2021-05-28,299410,0,12191588,0
2021-05-29,231045,0,12422633,0
2021-05-30,170740,0,12593373,0
2021-05-31,216289,0,12809662,0
2021-06-01,207523,0,13017185,0
2021-06-02,115653,0,13132838,0
2021-06-03,179875,0,13312713,0
2021-06-04,184592,0,13497305,0
2021-06-05,185597,0,13682902,0
2021-06-06,139294,0,13822196,0
2021-06-07,161598,0,13983794,0
2021-06-08,170834,0,14154628,0
2021-06-09,171160,0,14325788,0
2021-06-10,173706,0,14499494,0
2021-06-11,169622,0,14669116,0
2021-06-12,128043,0,14797159,0
2021-06-13,90996,0,14888155,0
2021-06-14,214464,0,15102619,0
2021-06-15,228215,0,15330834,0
2021-06-16,252945,0,15583779,0
2021-06-17,301560,0,15885339,0
2021-06-18,306108,0,16191447,0
2021-06-19,275004,0,16466451,0
2021-06-20,220639,0,16687090,0
2021-06-21,287971,0,16975061,0
2021-06-22,296093,0,17271154,0
2021-06-23,302666,0,17573820,0
2021-06-24,332508,0,17906328,0
2021-06-25,348650,0,18254978,0
2021-06-26,300047,0,18555025,0
2021-06-27,228653,0,18783678,0
2021-06-28,306934,0,19090612,0
2021-06-29,329183,0,19419795,0
2021-06-30,342024,0,19761819,0
2021-07-01,363053,0,20124872,0
2021-07-02,368460,0,20493332,0
2021-07-03,371122,0,20864454,0
2021-07-04,283173,0,21147627,0
2021-07-05,384499,0,21532126,0
2021-07-06,385412,0,21917538,0
2021-07-07,412085,0,22329623,0
2021-07-08,479869,0,22809492,0
2021-07-09,498619,0,23308111,0
2021-07-10,475315,0,23783426,0
2021-07-11,357844,0,24141270,0
2021-07-12,486054,0,24627324,0
2021-07-13,492359,0,25119683,0
2021-07-14,480638,0,25600321,0
2021-07-15,523640,0,26123961,0
2021-07-16,509886,0,26633847,0
2021-07-17,464503,0,27098350,0
2021-07-18,364853,0,27463203,0
2021-07-19,463284,0,27926487,0
2021-07-20,458196,0,28384683,0
2021-07-21,462885,0,28847568,0
2021-07-22,475419,0,29322987,0
2021-07-23,441331,0,29764318,0
2021-07-24,386172,0,30150490,0
2021-07-25,287601,0,30438091,0
2021-07-26,430919,0,30869010,0
2021-07-27,440153,0,31309163,0
2021-07-28,391029,0,31700192,0
2021-07-29,372086,0,32072278,0
2021-07-30,341410,0,32413688,0
2021-07-31,286952,0,32700640,0
2021-08-01,190840,0,32891480,0
2021-08-02,333716,0,33225196,0
2021-08-03,323127,0,33548323,0
2021-08-04,310919,0,33859242,0
2021-08-05,292524,0,34151766,0
2021-08-06,259944,0,34411710,0
2021-08-07,198922,0,34610632,0
2021-08-08,153058,0,34763690,0
2021-08-09,234099,0,34997789,0
2021-08-10,205126,0,35202915,0
2021-08-11,193572,0,35396487,0
2021-08-12,167766,0,35564253,0
2021-08-13,148379,0,35712632,0
2021-08-14,65984,0,35778616,0
2021-08-15,26298,0,35804914,0
2021-08-16,114508,0,35919422,0
2021-08-17,129093,0,36048515,0
2021-08-18,128556,0,36177071,0
2021-08-19,124609,0,36301680,0
2021-08-20,123632,0,36425312,0
2021-08-21,83039,0,36508351,0
2021-08-22,68112,0,36576463,0
2021-08-23,176702,0,36753165,0
2021-08-24,156907,0,36910072,0
2021-08-25,177019,0,37087091,0
2021-08-26,172205,0,37259296,0
2021-08-27,185698,0,37444994,0
2021-08-28,140101,0,37585095,0
2021-08-29,98969,0,37684064,0
2021-08-30,209414,0,37893478,0
2021-08-31,194418,0,38087896,0
2021-09-01,192039,0,38279935,0
2021-09-02,189702,0,38469637,0
2021-09-03,191184,0,38660821,0
2021-09-04,131385,0,38792206,0
2021-09-05,87797,0,38880003,0
2021-09-06,193550,0,39073553,0
2021-09-07,195809,0,39269362,0
2021-09-08,187792,0,39457154,0
2021-09-09,201331,0,39658485,0
2021-09-10,197934,0,39856419,0
2021-09-11,141180,0,39997599,0
2021-09-12,89506,0,40087105,0
2021-09-13,191083,345,40278188,345
2021-09-14,177147,422,40455335,767
2021-09-15,162963,454,40618298,1221
2021-09-16,159924,788,40778222,2009
2021-09-17,149951,1005,40928173,3014
2021-09-18,127744,655,41055917,3669
2021-09-19,81022,442,41136939,4111
2021-09-20,179792,8956,41316731,13067
2021-09-21,166322,8728,41483053,21795
2021-09-22,158760,9365,41641813,31160
2021-09-23,137733,9242,41779546,40402
2021-09-24,140202,8860,41919748,49262
2021-09-25,119315,5562,42039063,54824
2021-09-26,71781,4294,42110844,59118
2021-09-27,135326,9978,42246170,69096
2021-09-28,117195,11313,42363365,80409
2021-09-29,112003,11759,42475368,92168
2021-09-30,109921,14851,42585289,107019
2021-10-01,94696,19032,42679985,126051
2021-10-02,78231,13987,42758216,140038
2021-10-03,47558,7631,42805774,147669
2021-10-04,88108,34360,42893882,182029
2021-10-05,80131,33907,42974013,215936
2021-10-06,71751,34076,43045764,250012
2021-10-07,71519,34289,43117283,284301
2021-10-08,80362,33494,43197645,317795
2021-10-09,75831,22109,43273476,339904
2021-10-10,45632,13591,43319108,353495
2021-10-11,87131,41004,43406239,394499
2021-10-12,84218,46793,43490457,441292
2021-10-13,87883,52002,43578340,493294
2021-10-14,91165,58393,43669505,551687
2021-10-15,93206,55481,43762711,607168
2021-10-16,82653,36711,43845364,643879
2021-10-17,51266,23782,43896630,667661
2021-10-18,90042,59335,43986672,726996
2021-10-19,78107,69289,44064779,796285
2021-10-20,74825,78028,44139604,874313
2021-10-21,78070,81602,44217674,955915
2021-10-22,73648,76897,44291322,1032812
2021-10-23,60629,51887,44351951,1084699
2021-10-24,33311,23400,44385262,1108099
2021-10-25,64775,81519,44450037,1189618
2021-10-26,58243,91628,44508280,1281246
2021-10-27,58155,103833,44566435,1385079
2021-10-28,61283,113899,44627718,1498978
2021-10-29,61568,102947,44689286,1601925
2021-10-30,50548,68007,44739834,1669932
2021-10-31,25117,28237,44764951,1698169
2021-11-01,19012,28119,44783963,1726288
2021-11-02,62691,89213,44846654,1815501
2021-11-03,60624,118495,44907278,1933996
2021-11-04,59115,126461,44966393,2060457
2021-11-05,62961,134982,45029354,2195439
2021-11-06,46354,90768,45075708,2286207
2021-11-07,22204,37836,45097912,2324043
2021-11-08,51367,131116,45149279,2455159
2021-11-09,45312,143933,45194591,2599092
2021-11-10,42467,156029,45237058,2755121
2021-11-11,44807,154962,45281865,2910083
2021-11-12,46222,158375,45328087,3068458
2021-11-13,33118,116471,45361205,3184929
2021-11-14,14437,52395,45375642,3237324
2021-11-15,36778,157173,45412420,3394497
2021-11-16,30431,171172,45442851,3565669
2021-11-17,28317,178261,45471168,3743930
2021-11-18,30108,193462,45501276,3937392
2021-11-19,28652,205554,45529928,4142946
2021-11-20,20874,156112,45550802,4299058
2021-11-21,10537,64697,45561339,4363755
2021-11-22,21798,212924,45583137,4576679
2021-11-23,23423,241446,45606560,4818125
2021-11-24,27650,270619,45634210,5088744
2021-11-25,23030,301553,45657240,5390297
2021-11-26,24385,317920,45681625,5708217
2021-11-27,21201,265825,45702826,5974042
2021-11-28,9819,136831,45712645,6110873
2021-11-29,22095,325662,45734740,6436535
2021-11-30,22847,365384,45757587,6801919
2021-12-01,21253,412983,45778840,7214902
2021-12-02,23506,440139,45802346,7655041
2021-12-03,24947,467086,45827293,8122127
2021-12-04,22116,418555,45849409,8540682
2021-12-05,11735,261230,45861144,8801912
2021-12-06,25437,457343,45886581,9259255
2021-12-07,23790,479965,45910371,9739220
2021-12-08,9828,249553,45920199,9988773
2021-12-09,31158,491705,45951357,10480478
2021-12-10,27688,517504,45979045,10997982
2021-12-11,23232,459027,46002277,11457009
2021-12-12,12082,293334,46014359,11750343
2021-12-13,25767,467382,46040126,12217725
2021-12-14,24764,493920,46064890,12711645
2021-12-15,24912,516814,46089802,13228459
2021-12-16,27352,519934,46117154,13748393
2021-12-17,28889,516727,46146043,14265120
2021-12-18,26549,468457,46172592,14733577
2021-12-19,14839,300341,46187431,15033918
2021-12-20,30120,477195,46217551,15511113
2021-12-21,29909,493063,46247460,16004176
2021-12-22,28896,484388,46276356,16488564
2021-12-23,27680,426660,46304036,16915224
2021-12-24,12892,210712,46316928,17125936
2021-12-25,2080,33034,46319008,17158970
2021-12-26,8588,159010,46327596,17317980
2021-12-27,46021,504393,46373617,17822373
2021-12-28,41481,553854,46415098,18376227
2021-12-29,33182,550281,46448280,18926508
2021-12-30,30739,499521,46479019,19426029
2021-12-31,13419,247289,46492438,19673318
2022-01-01,3363,64777,46495801,19738095
2022-01-02,21805,276636,46517606,20014731
2022-01-03,45938,520739,46563544,20535470
2022-01-04,44177,572727,46607721,21108197
2022-01-05,38190,561014,46645911,21669211
2022-01-06,21924,274322,46667835,21943533
2022-01-07,60525,554668,46728360,22498201
2022-01-08,57323,503145,46785683,23001346
2022-01-09,40011,319556,46825694,23320902
2022-01-10,58045,542681,46883739,23863583
2022-01-11,58080,587409,46941819,24450992
2022-01-12,54603,581587,46996422,25032579
2022-01-13,54944,580776,47051366,25613355
2022-01-14,42922,588574,47094288,26201929
2022-01-15,34487,568391,47128775,26770320
2022-01-16,27994,341091,47156769,27111411
2022-01-17,52173,490045,47208942,27601456
2022-01-18,55882,517881,47264824,28119337
2022-01-19,54832,503163,47319656,28622500
2022-01-20,52114,499088,47371770,29121588
2022-01-21,39793,494011,47411563,29615599
2022-01-22,28300,469133,47439863,30084732
2022-01-23,33321,275084,47473184,30359816
2022-01-24,54621,437617,47527805,30797433
2022-01-25,60124,452438,47587929,31249871
2022-01-26,57010,436143,47644939,31686014
2022-01-27,47306,432507,47692245,32118521
2022-01-28,57026,436790,47749271,32555311
2022-01-29,66226,411754,47815497,32967065
2022-01-30,49067,235512,47864564,33202577
2022-01-31,59050,357260,47923614,33559837
2022-02-01,64252,328707,47987866,33888544
2022-02-02,62000,297039,48049866,34185583
2022-02-03,59056,274621,48108922,34460204
2022-02-04,71280,268355,48180202,34728559
2022-02-05,82363,247839,48262565,34976398
2022-02-06,54536,115867,48317101,35092265
2022-02-07,64219,200036,48381320,35292301
2022-02-08,65925,185979,48447245,35478280
2022-02-09,57836,165959,48505081,35644239
2022-02-10,57382,161967,48562463,35806206
2022-02-11,62121,157586,48624584,35963792