data_somministrazione,vaccinazioni,booster,cum_vaccinazioni,cum_booster
2020-12-27,17,0,17,0
2020-12-28,2,0,19,0
2020-12-29,1,0,20,0
2020-12-30,6,0,26,0
2020-12-31,50,0,76,0
2021-01-01,20,0,96,0
2021-01-02,83,0,179,0
2021-01-03,64,0,243,0
2021-01-04,173,0,416,0
2021-01-05,213,0,629,0
2021-01-06,173,0,802,0
2021-01-07,256,0,1058,0
2021-01-08,307,0,1365,0
2021-01-09,229,0,1594,0
2021-01-10,135,0,1729,0
2021-01-11,248,0,1977,0
2021-01-12,254,0,2231,0
2021-01-13,364,0,2595,0
2021-01-14,456,0,3051,0
2021-01-15,277,0,3328,0
2021-01-16,193,0,3521,0
2021-01-17,3052,0,6573,0
2021-01-18,5204,0,11777,0
2021-01-19,1889,0,13666,0
2021-01-20,4651,0,18317,0
2021-01-21,20008,0,38325,0
2021-01-22,14199,0,52524,0
2021-01-23,33346,0,85870,0
2021-01-24,30795,0,116665,0
2021-01-25,64751,0,181416,0
2021-01-26,76519,0,257935,0
2021-01-27,64858,0,322793,0
2021-01-28,89322,0,412115,0
2021-01-29,94050,0,506165,0
2021-01-30,86589,0,592754,0
2021-01-31,57347,0,650101,0
2021-02-01,81885,0,731986,0
2021-02-02,82152,0,814138,0
2021-02-03,91207,0,905345,0
2021-02-04,95408,0,1000753,0
2021-02-05,90295,0,1091048,0
2021-02-06,63452,0,1154500,0
2021-02-07,32925,0,1187425,0
2021-02-08,40435,0,1227860,0
2021-02-09,32861,0,1260721,0
2021-02-10,28410,0,1289131,0
2021-02-11,20379,0,1309510,0
2021-02-12,16216,0,1325726,0
2021-02-13,7238,0,1332964,0
2021-02-14,2861,0,1335825,0
2021-02-15,6834,0,1342659,0
2021-02-16,6990,0,1349649,0
2021-02-17,10517,0,1360166,0
2021-02-18,9241,0,1369407,0
2021-02-19,8227,0,1377634,0
2021-02-20,5523,0,1383157,0
2021-02-21,2974,0,1386131,0
2021-02-22,6872,0,1393003,0
2021-02-23,7152,0,1400155,0
2021-02-24,9820,0,1409975,0
2021-02-25,14193,0,1424168,0
2021-02-26,17545,0,1441713,0
2021-02-27,13892,0,1455605,0
2021-02-28,9379,0,1464984,0
2021-03-01,26500,0,1491484,0
2021-03-02,33227,0,1524711,0
2021-03-03,44641,0,1569352,0
2021-03-04,50282,0,1619634,0
2021-03-05,55727,0,1675361,0
2021-03-06,41861,0,1717222,0
2021-03-07,22318,0,1739540,0
2021-03-08,50784,0,1790324,0
2021-03-09,53052,0,1843376,0
2021-03-10,58609,0,1901985,0
2021-03-11,63814,0,1965799,0
2021-03-12,65080,0,2030879,0
2021-03-13,51691,0,2082570,0
2021-03-14,35381,0,2117951,0
2021-03-15,73419,0,2191370,0
2021-03-16,74021,0,2265391,0
2021-03-17,83126,0,2348517,0
2021-03-18,81616,0,2430133,0
2021-03-19,81077,0,2511210,0
2021-03-20,64698,0,2575908,0
2021-03-21,47284,0,2623192,0
2021-03-22,69460,0,2692652,0
2021-03-23,75769,0,2768421,0
2021-03-24,90863,0,2859284,0
2021-03-25,89769,0,2949053,0
2021-03-26,83580,0,3032633,0
2021-03-27,71898,0,3104531,0
2021-03-28,44109,0,3148640,0
2021-03-29,70788,0,3219428,0
2021-03-30,81341,0,3300769,0
2021-03-31,96188,0,3396957,0
2021-04-01,95275,0,3492232,0
2021-04-02,84054,0,3576286,0
2021-04-03,64290,0,3640576,0
2021-04-04,21711,0,3662287,0
2021-04-05,40292,0,3702579,0
2021-04-06,81284,0,3783863,0
2021-04-07,95785,0,3879648,0
2021-04-08,95213,0,3974861,0
2021-04-09,88461,0,4063322,0
2021-04-10,74004,0,4137326,0
2021-04-11,44740,0,4182066,0
2021-04-12,66893,0,4248959,0
2021-04-13,72545,0,4321504,0
2021-04-14,85504,0,4407008,0
2021-04-15,105389,0,4512397,0
2021-04-16,106389,0,4618786,0
2021-04-17,90470,0,4709256,0
2021-04-18,58575,0,4767831,0
2021-04-19,93421,0,4861252,0
2021-04-20,103749,0,4965001,0
2021-04-21,125319,0,5090320,0
2021-04-22,143491,0,5233811,0
2021-04-23,138698,0,5372509,0
2021-04-24,124416,0,5496925,0
2021-04-25,61441,0,5558366,0
2021-04-26,97860,0,5656226,0
2021-04-27,128334,0,5784560,0
2021-04-28,156337,0,5940897,0
2021-04-29,195562,0,6136459,0
2021-04-30,214537,0,6350996,0
2021-05-01,174072,0,6525068,0
2021-05-02,135779,0,6660847,0
2021-05-03,141979,0,6802826,0
2021-05-04,158671,0,6961497,0
2021-05-05,170445,0,7131942,0
2021-05-06,197768,0,7329710,0
2021-05-07,213776,0,7543486,0
2021-05-08,213361,0,7756847,0
2021-05-09,143173,0,7900020,0
2021-05-10,165057,0,8065077,0
2021-05-11,174925,0,8240002,0
2021-05-12,179111,0,8419113,0
2021-05-13,203320,0,8622433,0
2021-05-14,222865,0,8845298,0
2021-05-15,210307,0,9055605,0
2021-05-16,159245,0,9214850,0
2021-05-17,219162,0,9434012,0
2021-05-18,212977,0,9646989,0
2021-05-19,207036,0,9854025,0
2021-05-20,270811,0,10124836,0
2021-05-21,270832,0,10395668,0
2021-05-22,245493,0,10641161,0
2021-05-23,197162,0,10838323,0
2021-05-24,228269,0,11066592,0
2021-05-25,245664,0,11312256,0
2021-05-26,277463,0,11589719,0
2021-05-27,311045,0,11900764,0
2021-05-28,299531,0,12200295,0
2021-05-29,231167,0,12431462,0
2021-05-30,170803,0,12602265,0
2021-05-31,216370,0,12818635,0
2021-06-01,207602,0,13026237,0
2021-06-02,115741,0,13141978,0
2021-06-03,180057,0,13322035,0
2021-06-04,184795,0,13506830,0
2021-06-05,185871,0,13692701,0
2021-06-06,139466,0,13832167,0
2021-06-07,161773,0,13993940,0
2021-06-08,171093,0,14165033,0
2021-06-09,171371,0,14336404,0
2021-06-10,173957,0,14510361,0
2021-06-11,169880,0,14680241,0
2021-06-12,128248,0,14808489,0
2021-06-13,91097,0,14899586,0
2021-06-14,214601,0,15114187,0
2021-06-15,228326,0,15342513,0
2021-06-16,252986,0,15595499,0
2021-06-17,301652,0,15897151,0
2021-06-18,306216,0,16203367,0
2021-06-19,275019,0,16478386,0
2021-06-20,220682,0,16699068,0
2021-06-21,287992,0,16987060,0
2021-06-22,296151,0,17283211,0
2021-06-23,302642,0,17585853,0
2021-06-24,332516,0,17918369,0
2021-06-25,348664,0,18267033,0
2021-06-26,300058,0,18567091,0
2021-06-27,228594,0,18795685,0
2021-06-28,306990,0,19102675,0
2021-06-29,329182,0,19431857,0
2021-06-30,342055,0,19773912,0
2021-07-01,363118,0,20137030,0
2021-07-02,368408,0,20505438,0
2021-07-03,371052,0,20876490,0
2021-07-04,283170,0,21159660,0
2021-07-05,384484,0,21544144,0
2021-07-06,385394,0,21929538,0
2021-07-07,412033,0,22341571,0
2021-07-08,479640,0,22821211,0
2021-07-09,498509,0,23319720,0
2021-07-10,475176,0,23794896,0
2021-07-11,357703,0,24152599,0
2021-07-12,485927,0,24638526,0
2021-07-13,492157,0,25130683,0
2021-07-14,480494,0,25611177,0
2021-07-15,523533,0,26134710,0
2021-07-16,509793,0,26644503,0
2021-07-17,464388,0,27108891,0
2021-07-18,364713,0,27473604,0
2021-07-19,463081,0,27936685,0
2021-07-20,458108,0,28394793,0
2021-07-21,462813,0,28857606,0
2021-07-22,475389,0,29332995,0
2021-07-23,441309,0,29774304,0
2021-07-24,386184,0,30160488,0
2021-07-25,287614,0,30448102,0
2021-07-26,430910,0,30879012,0
2021-07-27,440128,0,31319140,0
2021-07-28,391021,0,31710161,0
2021-07-29,372077,0,32082238,0
2021-07-30,341482,0,32423720,0
2021-07-31,286983,0,32710703,0
2021-08-01,191024,0,32901727,0
2021-08-02,333714,0,33235441,0
2021-08-03,323180,0,33558621,0
2021-08-04,310953,0,33869574,0
2021-08-05,292517,0,34162091,0
2021-08-06,259981,0,34422072,0
2021-08-07,199026,0,34621098,0
2021-08-08,153102,0,34774200,0
2021-08-09,234053,0,35008253,0
2021-08-10,205232,0,35213485,0
2021-08-11,193727,0,35407212,0
2021-08-12,167932,0,35575144,0
2021-08-13,148565,0,35723709,0
2021-08-14,66076,0,35789785,0
2021-08-15,26330,0,35816115,0
2021-08-16,114659,0,35930774,0
2021-08-17,129227,0,36060001,0
2021-08-18,128715,0,36188716,0
2021-08-19,124757,0,36313473,0
2021-08-20,123772,0,36437245,0
2021-08-21,83092,0,36520337,0
2021-08-22,68156,0,36588493,0
2021-08-23,176854,0,36765347,0
2021-08-24,156890,0,36922237,0
2021-08-25,177170,0,37099407,0
2021-08-26,172341,0,37271748,0
2021-08-27,185857,0,37457605,0
2021-08-28,140261,0,37597866,0
2021-08-29,99015,0,37696881,0
2021-08-30,209630,0,37906511,0
2021-08-31,194614,0,38101125,0
2021-09-01,192207,0,38293332,0
2021-09-02,189933,0,38483265,0
2021-09-03,191357,0,38674622,0
2021-09-04,131499,0,38806121,0
2021-09-05,87873,0,38893994,0
2021-09-06,193671,0,39087665,0
2021-09-07,196074,0,39283739,0
2021-09-08,187927,0,39471666,0
2021-09-09,201482,0,39673148,0
2021-09-10,198119,0,39871267,0
2021-09-11,141337,0,40012604,0
2021-09-12,89610,0,40102214,0
2021-09-13,191191,503,40293405,503
2021-09-14,177275,542,40470680,1045
2021-09-15,163130,547,40633810,1592
2021-09-16,160103,885,40793913,2477
2021-09-17,150172,1082,40944085,3559
2021-09-18,127966,709,41072051,4268
2021-09-19,81129,476,41153180,4744
2021-09-20,180076,9039,41333256,13783
2021-09-21,166607,8807,41499863,22590
2021-09-22,159046,9413,41658909,32003
2021-09-23,138057,9305,41796966,41308
2021-09-24,140519,8935,41937485,50243
2021-09-25,119526,5618,42057011,55861
2021-09-26,71942,4331,42128953,60192
2021-09-27,135603,10029,42264556,70221
2021-09-28,117462,11363,42382018,81584
2021-09-29,112302,11814,42494320,93398
2021-09-30,110208,14919,42604528,108317
2021-10-01,94941,19095,42699469,127412
2021-10-02,78450,14007,42777919,141419
2021-10-03,47710,7649,42825629,149068
2021-10-04,88366,34429,42913995,183497
2021-10-05,80348,33961,42994343,217458
2021-10-06,71964,34142,43066307,251600
2021-10-07,71828,34333,43138135,285933
2021-10-08,80605,33574,43218740,319507
2021-10-09,76086,22153,43294826,341660
2021-10-10,45764,13608,43340590,355268
2021-10-11,87388,41088,43427978,396356
2021-10-12,84467,46883,43512445,443239
2021-10-13,88173,52087,43600618,495326
2021-10-14,91495,58479,43692113,553805
2021-10-15,93568,55592,43785681,609397
2021-10-16,82947,36762,43868628,646159
2021-10-17,51452,23817,43920080,669976
2021-10-18,90277,59464,44010357,729440
2021-10-19,78326,69360,44088683,798800
2021-10-20,75064,78138,44163747,876938
2021-10-21,78303,81729,44242050,958667
2021-10-22,73796,76999,44315846,1035666
2021-10-23,60800,51946,44376646,1087612
2021-10-24,33388,23433,44410034,1111045
2021-10-25,64895,81610,44474929,1192655
2021-10-26,58367,91763,44533296,1284418
2021-10-27,58327,103940,44591623,1388358
2021-10-28,61461,114085,44653084,1502443
2021-10-29,61675,103081,44714759,1605524
2021-10-30,50678,68098,44765437,1673622
2021-10-31,25167,28278,44790604,1701900
2021-11-01,19047,28144,44809651,1730044
2021-11-02,62778,89340,44872429,1819384
2021-11-03,60736,118637,44933165,1938021
2021-11-04,59251,126632,44992416,2064653
2021-11-05,63097,135152,45055513,2199805
2021-11-06,46472,90911,45101985,2290716
2021-11-07,22253,37888,45124238,2328604
2021-11-08,51520,131238,45175758,2459842
2021-11-09,45405,144171,45221163,2604013
2021-11-10,42576,156335,45263739,2760348
2021-11-11,44933,155119,45308672,2915467
2021-11-12,46369,158545,45355041,3074012
2021-11-13,33250,116638,45388291,3190650
2021-11-14,14476,52443,45402767,3243093
2021-11-15,36894,157407,45439661,3400500
2021-11-16,30536,171359,45470197,3571859
2021-11-17,28436,178422,45498633,3750281
2021-11-18,30269,193697,45528902,3943978
2021-11-19,28783,205823,45557685,4149801
2021-11-20,20978,156426,45578663,4306227
2021-11-21,10604,64857,45589267,4371084
2021-11-22,21921,213130,45611188,4584214
2021-11-23,23546,241730,45634734,4825944
2021-11-24,27810,270926,45662544,5096870
2021-11-25,23207,301885,45685751,5398755
2021-11-26,24549,318246,45710300,5717001
2021-11-27,21348,266138,45731648,5983139
2021-11-28,9885,137047,45741533,6120186
2021-11-29,22295,326046,45763828,6446232
2021-11-30,23057,365810,45786885,6812042
2021-12-01,21491,413489,45808376,7225531
2021-12-02,23735,440367,45832111,7665898
2021-12-03,25184,467427,45857295,8133325
2021-12-04,22322,418714,45879617,8552039
2021-12-05,11892,261325,45891509,8813364
2021-12-06,25765,457549,45917274,9270913
2021-12-07,24082,480228,45941356,9751141
2021-12-08,9975,249674,45951331,10000815
2021-12-09,31510,491904,45982841,10492719
2021-12-10,28006,517842,46010847,11010561
2021-12-11,23509,459224,46034356,11469785
2021-12-12,12276,293482,46046632,11763267
2021-12-13,26096,467604,46072728,12230871
2021-12-14,25116,494172,46097844,12725043
2021-12-15,25285,517109,46123129,13242152
2021-12-16,27811,520213,46150940,13762365
2021-12-17,29283,517134,46180223,14279499
2021-12-18,26957,468701,46207180,14748200
2021-12-19,15090,300505,46222270,15048705
2021-12-20,30540,477449,46252810,15526154
2021-12-21,30287,493352,46283097,16019506
2021-12-22,29368,484679,46312465,16504185
2021-12-23,28150,426880,46340615,16931065
2021-12-24,13085,210809,46353700,17141874
2021-12-25,2099,33053,46355799,17174927
2021-12-26,8734,159060,46364533,17333987
2021-12-27,46677,504629,46411210,17838616
2021-12-28,42330,554176,46453540,18392792
2021-12-29,34188,550626,46487728,18943418
2021-12-30,31705,499799,46519433,19443217
2021-12-31,14060,247390,46533493,19690607
2022-01-01,3478,64809,46536971,19755416
2022-01-02,22658,276713,46559629,20032129
2022-01-03,47660,520945,46607289,20553074
2022-01-04,46272,572978,46653561,21126052
2022-01-05,40543,561291,46694104,21687343
2022-01-06,23336,274474,46717440,21961817
2022-01-07,63483,555122,46780923,22516939
2022-01-08,60565,503357,46841488,23020296
2022-01-09,42594,319679,46884082,23339975
2022-01-10,60894,543201,46944976,23883176
2022-01-11,61552,587951,47006528,24471127
2022-01-12,58187,582234,47064715,25053361
2022-01-13,58370,581275,47123085,25634636
2022-01-14,46517,589471,47169602,26224107
2022-01-15,39009,569918,47208611,26794025
2022-01-16,30968,341847,47239579,27135872
2022-01-17,54606,490561,47294185,27626433
2022-01-18,58279,517869,47352464,28144302
2022-01-19,57027,503625,47409491,28647927
2022-01-20,54235,499658,47463726,29147585
2022-01-21,41867,494732,47505593,29642317
2022-01-22,30918,469581,47536511,30111898
2022-01-23,34768,275359,47571279,30387257
2022-01-24,56084,438128,47627363,30825385
2022-01-25,61572,453022,47688935,31278407
2022-01-26,58439,436692,47747374,31715099
2022-01-27,48748,433243,47796122,32148342
2022-01-28,58541,437425,47854663,32585767
2022-01-29,67927,412468,47922590,32998235
2022-01-30,50246,235958,47972836,33234193
2022-01-31,60443,357872,48033279,33592065
2022-02-01,65463,329397,48098742,33921462
2022-02-02,63134,297874,48161876,34219336
2022-02-03,60039,275333,48221915,34494669
2022-02-04,72372,269265,48294287,34763934
2022-02-05,83631,248515,48377918,35012449
2022-02-06,55197,116188,48433115,35128637
2022-02-07,65111,200761,48498226,35329398
2022-02-08,66883,186891,48565109,35516289
2022-02-09,58712,167021,48623821,35683310
2022-02-10,58525,163900,48682346,35847210
2022-02-11,62234,163088,48744580,36010298
2022-02-12,71884,152128,48816464,36162426
2022-02-13,41430,68849,48857894,36231275
2022-02-14,46680,116845,48904574,36348120
2022-02-15,48527,124093,48953101,36472213
2022-02-16,45664,106685,48998765,36578898
2022-02-17,42905,98518,49041670,36677416
2022-02-18,46625,112916,49088295,36790332
2022-02-19,52477,100318,49140772,36890650
2022-02-20,31390,40358,49172162,36931008
2022-02-21,37940,89880,49210102,37020888
2022-02-22,37257,83933,49247359,37104821
2022-02-23,33440,79528,49280799,37184349
2022-02-24,32596,78275,49313395,37262624
2022-02-25,34772,90850,49348167,37353474
2022-02-26,39126,89126,49387293,37442600
2022-02-27,22533,35855,49409826,37478455
2022-02-28,28509,81907,49438335,37560362
2022-03-01,22719,54103,49461054,37614465
2022-03-02,22020,50729,49483074,37665194
2022-03-03,22629,55053,49505703,37720247
2022-03-04,23218,62927,49528921,37783174
2022-03-05,23757,57949,49552678,37841123
2022-03-06,9462,17197,49562140,37858320
2022-03-07,15921,51549,49578061,37909869
2022-03-08,15485,48997,49593546,37958866
2022-03-09,13823,46591,49607369,38005457
2022-03-10,14026,52271,49621395,38057728
2022-03-11,15571,57381,49636966,38115109
2022-03-12,15469,56611,49652435,38171720
2022-03-13,5537,16847,49657972,38188567
2022-03-14,10523,46844,49668495,38235411
2022-03-15,10544,47029,49679039,38282440
2022-03-16,9476,42089,49688515,38324529
2022-03-17,9711,45003,49698226,38369532
2022-03-18,10186,49159,49708412,38418691
2022-03-19,9131,46528,49717543,38465219
2022-03-20,2600,11699,49720143,38476918
2022-03-21,7577,40354,49727720,38517272
2022-03-22,8444,37843,49736164,38555115
2022-03-23,7216,33759,49743380,38588874
2022-03-24,8263,38853,49751643,38627727
2022-03-25,8137,43738,49759780,38671465
2022-03-26,8109,41716,49767889,38713181
2022-03-27,2422,9683,49770311,38722864
2022-03-28,6108,35305,49776419,38758169
2022-03-29,5781,32594,49782200,38790763
2022-03-30,5551,30243,49787751,38821006
2022-03-31,5889,33234,49793640,38854240
2022-04-01,4349,25198,49797989,38879438
2022-04-02,4483,23268,49802472,38902706
2022-04-03,1043,4498,49803515,38907204
2022-04-04,3643,21527,49807158,38928731
2022-04-05,3771,23026,49810929,38951757
2022-04-06,4095,21897,49815024,38973654
2022-04-07,3958,23373,49818982,38997027
2022-04-08,4678,26704,49823660,39023731
2022-04-09,4372,23878,49828032,39047609
2022-04-10,889,4614,49828921,39052223
2022-04-11,3791,22678,49832712,39074901
2022-04-12,3382,21861,49836094,39096762
2022-04-13,3554,21363,49839648,39118125
2022-04-14,3479,23840,49843127,39141965
2022-04-15,3073,20611,49846200,39162576
2022-04-16,2144,11920,49848344,39174496
2022-04-17,63,348,49848407,39174844
2022-04-18,148,650,49848555,39175494
2022-04-19,3492,22060,49852047,39197554
2022-04-20,3492,20283,49855539,39217837
2022-04-21,2845,19828,49858384,39237665
2022-04-22,2906,20694,49861290,39258359
2022-04-23,2633,16204,49863923,39274563
2022-04-24,508,2335,49864431,39276898
2022-04-25,183,1165,49864614,39278063
2022-04-26,2752,17849,49867366,39295912
2022-04-27,2363,15811,49869729,39311723
2022-04-28,2348,15577,49872077,39327300
2022-04-29,2284,14831,49874361,39342131
2022-04-30,2116,11575,49876477,39353706
2022-05-01,113,530,49876590,39354236
2022-05-02,1439,9379,49878029,39363615
2022-05-03,1579,10343,49879608,39373958
2022-05-04,1748,10277,49881356,39384235
2022-05-05,1645,10285,49883001,39394520
2022-05-06,1689,10940,49884690,39405460
2022-05-07,1429,8562,49886119,39414022
2022-05-08,404,1514,49886523,39415536
2022-05-09,1024,8913,49887547,39424449
2022-05-10,1423,9566,49888970,39434015
2022-05-11,1477,10106,49890447,39444121
2022-05-12,1364,10131,49891811,39454252
2022-05-13,1586,10504,49893397,39464756
2022-05-14,1356,8224,49894753,39472980
2022-05-15,336,1129,49895089,39474109
2022-05-16,804,8385,49895893,39482494
2022-05-17,1240,8690,49897133,39491184
2022-05-18,1370,9222,49898503,39500406
2022-05-19,1491,9266,49899994,39509672
2022-05-20,1415,9483,49901409,39519155
2022-05-21,1298,7890,49902707,39527045
2022-05-22,232,1012,49902939,39528057
2022-05-23,824,8257,49903763,39536314
2022-05-24,1069,8667,49904832,39544981
2022-05-25,1363,9463,49906195,39554444
2022-05-26,1190,9476,49907385,39563920
2022-05-27,1222,9905,49908607,39573825
2022-05-28,1201,7870,49909808,39581695
2022-05-29,285,1263,49910093,39582958
2022-05-30,925,8021,49911018,39590979
2022-05-31,1033,8525,49912051,39599504
2022-06-01,888,7641,49912939,39607145
2022-06-02,34,474,49912973,39607619
2022-06-03,808,7323,49913781,39614942
2022-06-04,868,5154,49914649,39620096
2022-06-05,89,586,49914738,39620682
2022-06-06,661,6961,49915399,39627643
2022-06-07,924,7841,49916323,39635484
2022-06-08,977,7894,49917300,39643378
2022-06-09,1028,8386,49918328,39651764
2022-06-10,947,8534,49919275,39660298
2022-06-11,897,6204,49920172,39666502
2022-06-12,140,767,49920312,39667269
2022-06-13,598,6290,49920910,39673559
2022-06-14,822,7866,49921732,39681425
2022-06-15,947,7841,49922679,39689266
2022-06-16,725,7376,49923404,39696642
2022-06-17,715,7223,49924119,39703865
2022-06-18,772,5586,49924891,39709451
2022-06-19,45,522,49924936,39709973
2022-06-20,585,6690,49925521,39716663
2022-06-21,729,7587,49926250,39724250
2022-06-22,773,7294,49927023,39731544
2022-06-23,638,7451,49927661,39738995
2022-06-24,633,7450,49928294,39746445
2022-06-25,832,6520,49929126,39752965
2022-06-26,128,523,49929254,39753488
2022-06-27,523,7092,49929777,39760580
2022-06-28,737,8172,49930514,39768752
2022-06-29,753,7676,49931267,39776428
2022-06-30,737,8109,49932004,39784537
2022-07-01,572,6412,49932576,39790949
2022-07-02,535,4756,49933111,39795705
2022-07-03,49,463,49933160,39796168
2022-07-04,468,6244,49933628,39802412
2022-07-05,615,8088,49934243,39810500
2022-07-06,617,7545,49934860,39818045
2022-07-07,550,8217,49935410,39826262
2022-07-08,664,8022,49936074,39834284
2022-07-09,544,6089,49936618,39840373
2022-07-10,58,532,49936676,39840905
2022-07-11,471,7574,49937147,39848479
2022-07-12,624,8816,49937771,39857295
2022-07-13,647,9588,49938418,39866883