data_somministrazione,vaccinazioni,booster,cum_vaccinazioni,cum_booster
2020-12-27,16,0,16,0
2020-12-28,2,0,18,0
2020-12-29,1,0,19,0
2020-12-30,3,0,22,0
2020-12-31,34,0,56,0
2021-01-01,12,0,68,0
2021-01-02,53,0,121,0
2021-01-03,46,0,167,0
2021-01-04,123,0,290,0
2021-01-05,160,0,450,0
2021-01-06,135,0,585,0
2021-01-07,198,0,783,0
2021-01-08,245,0,1028,0
2021-01-09,172,0,1200,0
2021-01-10,110,0,1310,0
2021-01-11,199,0,1509,0
2021-01-12,208,0,1717,0
2021-01-13,312,0,2029,0
2021-01-14,413,0,2442,0
2021-01-15,250,0,2692,0
2021-01-16,165,0,2857,0
2021-01-17,3049,0,5906,0
2021-01-18,5186,0,11092,0
2021-01-19,1872,0,12964,0
2021-01-20,4660,0,17624,0
2021-01-21,20015,0,37639,0
2021-01-22,14196,0,51835,0
2021-01-23,33369,0,85204,0
2021-01-24,30794,0,115998,0
2021-01-25,64787,0,180785,0
2021-01-26,76710,0,257495,0
2021-01-27,64883,0,322378,0
2021-01-28,89400,0,411778,0
2021-01-29,94183,0,505961,0
2021-01-30,86802,0,592763,0
2021-01-31,57383,0,650146,0
2021-02-01,81944,0,732090,0
2021-02-02,82220,0,814310,0
2021-02-03,91388,0,905698,0
2021-02-04,95447,0,1001145,0
2021-02-05,90352,0,1091497,0
2021-02-06,63816,0,1155313,0
2021-02-07,32951,0,1188264,0
2021-02-08,40485,0,1228749,0
2021-02-09,32839,0,1261588,0
2021-02-10,28386,0,1289974,0
2021-02-11,20354,0,1310328,0
2021-02-12,16178,0,1326506,0
2021-02-13,7218,0,1333724,0
2021-02-14,2856,0,1336580,0
2021-02-15,6872,0,1343452,0
2021-02-16,6976,0,1350428,0
2021-02-17,10510,0,1360938,0
2021-02-18,9331,0,1370269,0
2021-02-19,8242,0,1378511,0
2021-02-20,5560,0,1384071,0
2021-02-21,2983,0,1387054,0
2021-02-22,6861,0,1393915,0
2021-02-23,7136,0,1401051,0
2021-02-24,9790,0,1410841,0
2021-02-25,14168,0,1425009,0
2021-02-26,17517,0,1442526,0
2021-02-27,13856,0,1456382,0
2021-02-28,9372,0,1465754,0
2021-03-01,26436,0,1492190,0
2021-03-02,33173,0,1525363,0
2021-03-03,44670,0,1570033,0
2021-03-04,50243,0,1620276,0
2021-03-05,55717,0,1675993,0
2021-03-06,41860,0,1717853,0
2021-03-07,22286,0,1740139,0
2021-03-08,50686,0,1790825,0
2021-03-09,53031,0,1843856,0
2021-03-10,58568,0,1902424,0
2021-03-11,63827,0,1966251,0
2021-03-12,65065,0,2031316,0
2021-03-13,51722,0,2083038,0
2021-03-14,35343,0,2118381,0
2021-03-15,73563,0,2191944,0
2021-03-16,74076,0,2266020,0
2021-03-17,83076,0,2349096,0
2021-03-18,81626,0,2430722,0
2021-03-19,81079,0,2511801,0
2021-03-20,64750,0,2576551,0
2021-03-21,47273,0,2623824,0
2021-03-22,69452,0,2693276,0
2021-03-23,75810,0,2769086,0
2021-03-24,90852,0,2859938,0
2021-03-25,89749,0,2949687,0
2021-03-26,83536,0,3033223,0
2021-03-27,71906,0,3105129,0
2021-03-28,44033,0,3149162,0
2021-03-29,70795,0,3219957,0
2021-03-30,81273,0,3301230,0
2021-03-31,96140,0,3397370,0
2021-04-01,95236,0,3492606,0
2021-04-02,84076,0,3576682,0
2021-04-03,64288,0,3640970,0
2021-04-04,21687,0,3662657,0
2021-04-05,40261,0,3702918,0
2021-04-06,81328,0,3784246,0
2021-04-07,95829,0,3880075,0
2021-04-08,95333,0,3975408,0
2021-04-09,88433,0,4063841,0
2021-04-10,74042,0,4137883,0
2021-04-11,44766,0,4182649,0
2021-04-12,66996,0,4249645,0
2021-04-13,72675,0,4322320,0
2021-04-14,85492,0,4407812,0
2021-04-15,105351,0,4513163,0
2021-04-16,106439,0,4619602,0
2021-04-17,90602,0,4710204,0
2021-04-18,58752,0,4768956,0
2021-04-19,93544,0,4862500,0
2021-04-20,103882,0,4966382,0
2021-04-21,125485,0,5091867,0
2021-04-22,143639,0,5235506,0
2021-04-23,138815,0,5374321,0
2021-04-24,124491,0,5498812,0
2021-04-25,61404,0,5560216,0
2021-04-26,97943,0,5658159,0
2021-04-27,128557,0,5786716,0
2021-04-28,156480,0,5943196,0
2021-04-29,195620,0,6138816,0
2021-04-30,214776,0,6353592,0
2021-05-01,174279,0,6527871,0
2021-05-02,136479,0,6664350,0
2021-05-03,142239,0,6806589,0
2021-05-04,158927,0,6965516,0
2021-05-05,171329,0,7136845,0
2021-05-06,198772,0,7335617,0
2021-05-07,214691,0,7550308,0
2021-05-08,213881,0,7764189,0
2021-05-09,143416,0,7907605,0
2021-05-10,165397,0,8073002,0
2021-05-11,175237,0,8248239,0
2021-05-12,179367,0,8427606,0
2021-05-13,203589,0,8631195,0
2021-05-14,223436,0,8854631,0
2021-05-15,211941,0,9066572,0
2021-05-16,160730,0,9227302,0
2021-05-17,219435,0,9446737,0
2021-05-18,213420,0,9660157,0
2021-05-19,207435,0,9867592,0
2021-05-20,271264,0,10138856,0
2021-05-21,271280,0,10410136,0
2021-05-22,246482,0,10656618,0
2021-05-23,198412,0,10855030,0
2021-05-24,228708,0,11083738,0
2021-05-25,247142,0,11330880,0
2021-05-26,278965,0,11609845,0
2021-05-27,312620,0,11922465,0
2021-05-28,300089,0,12222554,0
2021-05-29,231713,0,12454267,0
2021-05-30,172014,0,12626281,0
2021-05-31,217943,0,12844224,0
2021-06-01,208345,0,13052569,0
2021-06-02,116266,0,13168835,0
2021-06-03,180530,0,13349365,0
2021-06-04,186107,0,13535472,0
2021-06-05,186620,0,13722092,0
2021-06-06,140143,0,13862235,0
2021-06-07,162265,0,14024500,0
2021-06-08,171254,0,14195754,0
2021-06-09,171662,0,14367416,0
2021-06-10,174076,0,14541492,0
2021-06-11,170001,0,14711493,0
2021-06-12,128301,0,14839794,0
2021-06-13,91511,0,14931305,0
2021-06-14,215257,0,15146562,0
2021-06-15,228929,0,15375491,0
2021-06-16,254263,0,15629754,0
2021-06-17,302853,0,15932607,0
2021-06-18,307142,0,16239749,0
2021-06-19,276233,0,16515982,0
2021-06-20,221568,0,16737550,0
2021-06-21,289158,0,17026708,0
2021-06-22,297607,0,17324315,0
2021-06-23,304335,0,17628650,0
2021-06-24,333950,0,17962600,0
2021-06-25,350007,0,18312607,0
2021-06-26,301423,0,18614030,0
2021-06-27,229723,0,18843753,0
2021-06-28,308401,0,19152154,0
2021-06-29,331013,0,19483167,0
2021-06-30,344160,0,19827327,0
2021-07-01,364844,0,20192171,0
2021-07-02,370284,0,20562455,0
2021-07-03,373393,0,20935848,0
2021-07-04,284529,0,21220377,0
2021-07-05,386285,0,21606662,0
2021-07-06,387430,0,21994092,0
2021-07-07,414238,0,22408330,0
2021-07-08,482554,0,22890884,0
2021-07-09,500769,0,23391653,0
2021-07-10,477361,0,23869014,0
2021-07-11,359030,0,24228044,0
2021-07-12,487807,0,24715851,0
2021-07-13,494564,0,25210415,0
2021-07-14,482768,0,25693183,0
2021-07-15,525865,0,26219048,0
2021-07-16,511653,0,26730701,0
2021-07-17,466391,0,27197092,0
2021-07-18,366094,0,27563186,0
2021-07-19,465080,0,28028266,0
2021-07-20,459810,0,28488076,0
2021-07-21,464664,0,28952740,0
2021-07-22,476616,0,29429356,0
2021-07-23,442883,0,29872239,0
2021-07-24,386915,0,30259154,0
2021-07-25,288053,0,30547207,0
2021-07-26,432379,0,30979586,0
2021-07-27,441779,0,31421365,0
2021-07-28,392593,0,31813958,0
2021-07-29,373627,0,32187585,0
2021-07-30,342895,0,32530480,0
2021-07-31,288357,0,32818837,0
2021-08-01,191395,0,33010232,0
2021-08-02,335339,0,33345571,0
2021-08-03,324454,0,33670025,0
2021-08-04,312297,0,33982322,0
2021-08-05,293698,0,34276020,0
2021-08-06,260993,0,34537013,0
2021-08-07,199386,0,34736399,0
2021-08-08,153567,0,34889966,0
2021-08-09,235239,0,35125205,0
2021-08-10,205554,0,35330759,0
2021-08-11,194256,0,35525015,0
2021-08-12,168473,0,35693488,0
2021-08-13,148648,0,35842136,0
2021-08-14,65978,0,35908114,0
2021-08-15,26296,0,35934410,0
2021-08-16,114859,0,36049269,0
2021-08-17,129245,0,36178514,0
2021-08-18,128838,0,36307352,0
2021-08-19,125177,0,36432529,0
2021-08-20,124258,0,36556787,0
2021-08-21,83488,0,36640275,0
2021-08-22,68360,0,36708635,0
2021-08-23,177071,0,36885706,0
2021-08-24,157827,0,37043533,0
2021-08-25,177776,0,37221309,0
2021-08-26,173141,0,37394450,0
2021-08-27,186321,0,37580771,0
2021-08-28,140247,0,37721018,0
2021-08-29,99148,0,37820166,0
2021-08-30,210015,0,38030181,0
2021-08-31,195082,0,38225263,0
2021-09-01,192647,0,38417910,0
2021-09-02,190122,0,38608032,0
2021-09-03,191313,0,38799345,0
2021-09-04,131494,0,38930839,0
2021-09-05,87894,0,39018733,0
2021-09-06,193769,0,39212502,0
2021-09-07,195923,0,39408425,0
2021-09-08,187868,0,39596293,0
2021-09-09,201486,0,39797779,0
2021-09-10,198137,0,39995916,0
2021-09-11,141207,0,40137123,0
2021-09-12,89562,0,40226685,0
2021-09-13,191196,349,40417881,349
2021-09-14,177317,425,40595198,774
2021-09-15,163083,456,40758281,1230
2021-09-16,160040,790,40918321,2020
2021-09-17,150076,1006,41068397,3026
2021-09-18,127808,656,41196205,3682
2021-09-19,81107,441,41277312,4123
2021-09-20,179875,8958,41457187,13081
2021-09-21,166364,8728,41623551,21809
2021-09-22,158914,9369,41782465,31178
2021-09-23,137793,9245,41920258,40423
2021-09-24,140252,8859,42060510,49282
2021-09-25,119347,5563,42179857,54845
2021-09-26,71802,4293,42251659,59138
2021-09-27,135418,9981,42387077,69119
2021-09-28,117236,11312,42504313,80431
2021-09-29,112067,11763,42616380,92194
2021-09-30,109976,14849,42726356,107043
2021-10-01,94695,19029,42821051,126072
2021-10-02,78228,13987,42899279,140059
2021-10-03,47568,7630,42946847,147689
2021-10-04,88094,34357,43034941,182046
2021-10-05,80125,33918,43115066,215964
2021-10-06,71747,34080,43186813,250044
2021-10-07,71516,34291,43258329,284335
2021-10-08,80352,33504,43338681,317839
2021-10-09,75827,22107,43414508,339946
2021-10-10,45650,13591,43460158,353537
2021-10-11,87119,41003,43547277,394540
2021-10-12,84206,46796,43631483,441336
2021-10-13,87865,52004,43719348,493340
2021-10-14,91140,58400,43810488,551740
2021-10-15,93198,55484,43903686,607224
2021-10-16,82641,36706,43986327,643930
2021-10-17,51260,23781,44037587,667711
2021-10-18,90031,59336,44127618,727047
2021-10-19,78096,69293,44205714,796340
2021-10-20,74817,78036,44280531,874376
2021-10-21,78061,81602,44358592,955978
2021-10-22,73644,76898,44432236,1032876
2021-10-23,60634,51884,44492870,1084760
2021-10-24,33312,23400,44526182,1108160
2021-10-25,64835,81532,44591017,1189692
2021-10-26,58244,91633,44649261,1281325
2021-10-27,58145,103832,44707406,1385157
2021-10-28,61282,113883,44768688,1499040
2021-10-29,61570,103025,44830258,1602065
2021-10-30,50547,68119,44880805,1670184
2021-10-31,25116,28237,44905921,1698421
2021-11-01,19012,28118,44924933,1726539
2021-11-02,62713,89283,44987646,1815822
2021-11-03,60633,118608,45048279,1934430
2021-11-04,59118,126490,45107397,2060920
2021-11-05,62966,134987,45170363,2195907
2021-11-06,46346,90886,45216709,2286793
2021-11-07,22203,37836,45238912,2324629
2021-11-08,51362,131125,45290274,2455754
2021-11-09,45327,143998,45335601,2599752
2021-11-10,42465,156170,45378066,2755922
2021-11-11,44798,155007,45422864,2910929
2021-11-12,46215,158490,45469079,3069419
2021-11-13,33110,116553,45502189,3185972
2021-11-14,14444,52393,45516633,3238365
2021-11-15,36768,157220,45553401,3395585
2021-11-16,30426,171298,45583827,3566883
2021-11-17,28302,178399,45612129,3745282
2021-11-18,30098,193937,45642227,3939219
2021-11-19,28649,205833,45670876,4145052
2021-11-20,20873,156246,45691749,4301298
2021-11-21,10534,64739,45702283,4366037
2021-11-22,21789,213191,45724072,4579228
2021-11-23,23427,241822,45747499,4821050
2021-11-24,27650,271027,45775149,5092077
2021-11-25,23019,301861,45798168,5393938
2021-11-26,24369,318136,45822537,5712074
2021-11-27,21198,265879,45843735,5977953
2021-11-28,9814,136849,45853549,6114802
2021-11-29,22076,325787,45875625,6440589
2021-11-30,22834,365614,45898459,6806203
2021-12-01,21228,413023,45919687,7219226
2021-12-02,23465,440217,45943152,7659443
2021-12-03,24918,467114,45968070,8126557
2021-12-04,22090,418601,45990160,8545158
2021-12-05,11722,261252,46001882,8806410
2021-12-06,25382,457719,46027264,9264129
2021-12-07,23739,480341,46051003,9744470
2021-12-08,9800,249894,46060803,9994364
2021-12-09,31086,492008,46091889,10486372
2021-12-10,27637,517777,46119526,11004149
2021-12-11,23166,459485,46142692,11463634
2021-12-12,12044,293635,46154736,11757269
2021-12-13,25698,467672,46180434,12224941
2021-12-14,24695,494257,46205129,12719198
2021-12-15,24850,517149,46229979,13236347
2021-12-16,27263,520250,46257242,13756597
2021-12-17,28801,516962,46286043,14273559
2021-12-18,26458,468965,46312501,14742524
2021-12-19,14768,300753,46327269,15043277
2021-12-20,30024,477589,46357293,15520866
2021-12-21,29816,493443,46387109,16014309
2021-12-22,28780,484761,46415889,16499070
2021-12-23,27558,427155,46443447,16926225
2021-12-24,12856,210947,46456303,17137172
2021-12-25,2079,33031,46458382,17170203
2021-12-26,8522,159002,46466904,17329205
2021-12-27,45792,505218,46512696,17834423
2021-12-28,41132,554753,46553828,18389176
2021-12-29,32804,551177,46586632,18940353
2021-12-30,30346,500381,46616978,19440734
2021-12-31,13233,248019,46630211,19688753
2022-01-01,3318,64773,46633529,19753526
2022-01-02,21351,277462,46654880,20030988
2022-01-03,45236,521539,46700116,20552527
2022-01-04,43280,573580,46743396,21126107
2022-01-05,37264,561790,46780660,21687897
2022-01-06,21403,274658,46802063,21962555
2022-01-07,59638,555455,46861701,22518010
2022-01-08,56283,503921,46917984,23021931
2022-01-09,39208,319523,46957192,23341454
2022-01-10,57376,542565,47014568,23884019
2022-01-11,57443,587282,47072011,24471301
2022-01-12,54161,581477,47126172,25052778
2022-01-13,54660,580592,47180832,25633370
2022-01-14,42787,588442,47223619,26221812
2022-01-15,34420,568225,47258039,26790037
2022-01-16,27941,341024,47285980,27131061
2022-01-17,52148,489990,47338128,27621051
2022-01-18,55850,517214,47393978,28138265
2022-01-19,54811,502982,47448789,28641247
2022-01-20,52076,498891,47500865,29140138
2022-01-21,39742,493828,47540607,29633966
2022-01-22,28262,469037,47568869,30103003
2022-01-23,33298,275009,47602167,30378012
2022-01-24,54597,437505,47656764,30815517
2022-01-25,60099,452204,47716863,31267721
2022-01-26,56979,435961,47773842,31703682
2022-01-27,47271,432264,47821113,32135946
2022-01-28,56987,436495,47878100,32572441
2022-01-29,66193,411542,47944293,32983983
2022-01-30,49047,235447,47993340,33219430
2022-01-31,59003,356913,48052343,33576343
2022-02-01,64177,328346,48116520,33904689
2022-02-02,61913,296651,48178433,34201340
2022-02-03,58945,273979,48237378,34475319
2022-02-04,71092,267595,48308470,34742914
2022-02-05,82071,247337,48390541,34990251
2022-02-06,54401,115470,48444942,35105721
2022-02-07,63919,198313,48508861,35304034
2022-02-08,31436,95841,48540297,35399875