data_somministrazione,vaccinazioni,booster,cum_vaccinazioni,cum_booster
2020-12-27,16,0,16,0
2020-12-28,2,0,18,0
2020-12-29,1,0,19,0
2020-12-30,3,0,22,0
2020-12-31,37,0,59,0
2021-01-01,13,0,72,0
2021-01-02,59,0,131,0
2021-01-03,46,0,177,0
2021-01-04,129,0,306,0
2021-01-05,170,0,476,0
2021-01-06,140,0,616,0
2021-01-07,208,0,824,0
2021-01-08,253,0,1077,0
2021-01-09,184,0,1261,0
2021-01-10,110,0,1371,0
2021-01-11,207,0,1578,0
2021-01-12,214,0,1792,0
2021-01-13,317,0,2109,0
2021-01-14,417,0,2526,0
2021-01-15,256,0,2782,0
2021-01-16,172,0,2954,0
2021-01-17,3050,0,6004,0
2021-01-18,5189,0,11193,0
2021-01-19,1878,0,13071,0
2021-01-20,4650,0,17721,0
2021-01-21,20010,0,37731,0
2021-01-22,14199,0,51930,0
2021-01-23,33358,0,85288,0
2021-01-24,30797,0,116085,0
2021-01-25,64778,0,180863,0
2021-01-26,76548,0,257411,0
2021-01-27,64880,0,322291,0
2021-01-28,89349,0,411640,0
2021-01-29,94076,0,505716,0
2021-01-30,86617,0,592333,0
2021-01-31,57355,0,649688,0
2021-02-01,81910,0,731598,0
2021-02-02,82171,0,813769,0
2021-02-03,91217,0,904986,0
2021-02-04,95391,0,1000377,0
2021-02-05,90297,0,1090674,0
2021-02-06,63738,0,1154412,0
2021-02-07,32917,0,1187329,0
2021-02-08,40415,0,1227744,0
2021-02-09,32848,0,1260592,0
2021-02-10,28395,0,1288987,0
2021-02-11,20357,0,1309344,0
2021-02-12,16185,0,1325529,0
2021-02-13,7217,0,1332746,0
2021-02-14,2856,0,1335602,0
2021-02-15,6828,0,1342430,0
2021-02-16,6975,0,1349405,0
2021-02-17,10500,0,1359905,0
2021-02-18,9223,0,1369128,0
2021-02-19,8185,0,1377313,0
2021-02-20,5482,0,1382795,0
2021-02-21,2952,0,1385747,0
2021-02-22,6843,0,1392590,0
2021-02-23,7115,0,1399705,0
2021-02-24,9801,0,1409506,0
2021-02-25,14174,0,1423680,0
2021-02-26,17509,0,1441189,0
2021-02-27,13867,0,1455056,0
2021-02-28,9353,0,1464409,0
2021-03-01,26456,0,1490865,0
2021-03-02,33184,0,1524049,0
2021-03-03,44613,0,1568662,0
2021-03-04,50227,0,1618889,0
2021-03-05,55759,0,1674648,0
2021-03-06,41851,0,1716499,0
2021-03-07,22300,0,1738799,0
2021-03-08,50547,0,1789346,0
2021-03-09,52919,0,1842265,0
2021-03-10,58537,0,1900802,0
2021-03-11,63757,0,1964559,0
2021-03-12,65024,0,2029583,0
2021-03-13,51662,0,2081245,0
2021-03-14,35350,0,2116595,0
2021-03-15,73368,0,2189963,0
2021-03-16,73992,0,2263955,0
2021-03-17,83098,0,2347053,0
2021-03-18,81594,0,2428647,0
2021-03-19,81026,0,2509673,0
2021-03-20,64649,0,2574322,0
2021-03-21,47251,0,2621573,0
2021-03-22,69408,0,2690981,0
2021-03-23,75709,0,2766690,0
2021-03-24,90791,0,2857481,0
2021-03-25,89711,0,2947192,0
2021-03-26,83502,0,3030694,0
2021-03-27,71826,0,3102520,0
2021-03-28,44047,0,3146567,0
2021-03-29,70702,0,3217269,0
2021-03-30,81264,0,3298533,0
2021-03-31,96108,0,3394641,0
2021-04-01,95208,0,3489849,0
2021-04-02,83984,0,3573833,0
2021-04-03,64249,0,3638082,0
2021-04-04,21695,0,3659777,0
2021-04-05,40266,0,3700043,0
2021-04-06,81236,0,3781279,0
2021-04-07,95736,0,3877015,0
2021-04-08,95159,0,3972174,0
2021-04-09,88406,0,4060580,0
2021-04-10,73948,0,4134528,0
2021-04-11,44703,0,4179231,0
2021-04-12,66846,0,4246077,0
2021-04-13,72502,0,4318579,0
2021-04-14,85431,0,4404010,0
2021-04-15,105312,0,4509322,0
2021-04-16,106311,0,4615633,0
2021-04-17,90412,0,4706045,0
2021-04-18,58531,0,4764576,0
2021-04-19,93384,0,4857960,0
2021-04-20,103690,0,4961650,0
2021-04-21,125266,0,5086916,0
2021-04-22,143424,0,5230340,0
2021-04-23,138611,0,5368951,0
2021-04-24,124352,0,5493303,0
2021-04-25,61398,0,5554701,0
2021-04-26,97800,0,5652501,0
2021-04-27,128264,0,5780765,0
2021-04-28,156240,0,5937005,0
2021-04-29,195436,0,6132441,0
2021-04-30,214423,0,6346864,0
2021-05-01,174003,0,6520867,0
2021-05-02,135719,0,6656586,0
2021-05-03,141887,0,6798473,0
2021-05-04,158591,0,6957064,0
2021-05-05,170349,0,7127413,0
2021-05-06,197677,0,7325090,0
2021-05-07,213660,0,7538750,0
2021-05-08,213278,0,7752028,0
2021-05-09,143077,0,7895105,0
2021-05-10,164987,0,8060092,0
2021-05-11,174819,0,8234911,0
2021-05-12,178989,0,8413900,0
2021-05-13,203173,0,8617073,0
2021-05-14,222748,0,8839821,0
2021-05-15,210150,0,9049971,0
2021-05-16,159150,0,9209121,0
2021-05-17,219070,0,9428191,0
2021-05-18,212887,0,9641078,0
2021-05-19,206938,0,9848016,0
2021-05-20,270698,0,10118714,0
2021-05-21,270697,0,10389411,0
2021-05-22,245390,0,10634801,0
2021-05-23,197096,0,10831897,0
2021-05-24,228212,0,11060109,0
2021-05-25,245581,0,11305690,0
2021-05-26,277380,0,11583070,0
2021-05-27,310916,0,11893986,0
2021-05-28,299435,0,12193421,0
2021-05-29,231051,0,12424472,0
2021-05-30,170730,0,12595202,0
2021-05-31,216273,0,12811475,0
2021-06-01,207526,0,13019001,0
2021-06-02,115667,0,13134668,0
2021-06-03,179914,0,13314582,0
2021-06-04,184610,0,13499192,0
2021-06-05,185766,0,13684958,0
2021-06-06,139330,0,13824288,0
2021-06-07,161619,0,13985907,0
2021-06-08,170907,0,14156814,0
2021-06-09,171209,0,14328023,0
2021-06-10,173783,0,14501806,0
2021-06-11,169677,0,14671483,0
2021-06-12,128087,0,14799570,0
2021-06-13,90989,0,14890559,0
2021-06-14,214483,0,15105042,0
2021-06-15,228209,0,15333251,0
2021-06-16,252887,0,15586138,0
2021-06-17,301514,0,15887652,0
2021-06-18,306086,0,16193738,0
2021-06-19,274918,0,16468656,0
2021-06-20,220539,0,16689195,0
2021-06-21,287894,0,16977089,0
2021-06-22,296017,0,17273106,0
2021-06-23,302585,0,17575691,0
2021-06-24,332410,0,17908101,0
2021-06-25,348577,0,18256678,0
2021-06-26,299954,0,18556632,0
2021-06-27,228516,0,18785148,0
2021-06-28,306862,0,19092010,0
2021-06-29,329042,0,19421052,0
2021-06-30,341947,0,19762999,0
2021-07-01,362983,0,20125982,0
2021-07-02,368305,0,20494287,0
2021-07-03,370980,0,20865267,0
2021-07-04,283070,0,21148337,0
2021-07-05,384404,0,21532741,0
2021-07-06,385287,0,21918028,0
2021-07-07,411957,0,22329985,0
2021-07-08,479616,0,22809601,0
2021-07-09,498492,0,23308093,0
2021-07-10,475157,0,23783250,0
2021-07-11,357694,0,24140944,0
2021-07-12,485900,0,24626844,0
2021-07-13,492144,0,25118988,0
2021-07-14,480464,0,25599452,0
2021-07-15,523508,0,26122960,0
2021-07-16,509773,0,26632733,0
2021-07-17,464427,0,27097160,0
2021-07-18,364703,0,27461863,0
2021-07-19,463074,0,27924937,0
2021-07-20,458088,0,28383025,0
2021-07-21,462755,0,28845780,0
2021-07-22,475355,0,29321135,0
2021-07-23,441227,0,29762362,0
2021-07-24,386120,0,30148482,0
2021-07-25,287578,0,30436060,0
2021-07-26,430840,0,30866900,0
2021-07-27,440048,0,31306948,0
2021-07-28,390926,0,31697874,0
2021-07-29,371993,0,32069867,0
2021-07-30,341299,0,32411166,0
2021-07-31,286890,0,32698056,0
2021-08-01,190821,0,32888877,0
2021-08-02,333536,0,33222413,0
2021-08-03,323070,0,33545483,0
2021-08-04,310822,0,33856305,0
2021-08-05,292451,0,34148756,0
2021-08-06,259882,0,34408638,0
2021-08-07,198927,0,34607565,0
2021-08-08,153023,0,34760588,0
2021-08-09,233950,0,34994538,0
2021-08-10,205127,0,35199665,0
2021-08-11,193571,0,35393236,0
2021-08-12,167762,0,35560998,0
2021-08-13,148428,0,35709426,0
2021-08-14,66016,0,35775442,0
2021-08-15,26310,0,35801752,0
2021-08-16,114559,0,35916311,0
2021-08-17,129139,0,36045450,0
2021-08-18,128616,0,36174066,0
2021-08-19,124652,0,36298718,0
2021-08-20,123672,0,36422390,0
2021-08-21,83027,0,36505417,0
2021-08-22,68098,0,36573515,0
2021-08-23,176749,0,36750264,0
2021-08-24,156813,0,36907077,0
2021-08-25,177061,0,37084138,0
2021-08-26,172246,0,37256384,0
2021-08-27,185792,0,37442176,0
2021-08-28,140162,0,37582338,0
2021-08-29,98985,0,37681323,0
2021-08-30,209550,0,37890873,0
2021-08-31,194484,0,38085357,0
2021-09-01,192089,0,38277446,0
2021-09-02,189816,0,38467262,0
2021-09-03,191275,0,38658537,0
2021-09-04,131440,0,38789977,0
2021-09-05,87832,0,38877809,0
2021-09-06,193636,0,39071445,0
2021-09-07,195976,0,39267421,0
2021-09-08,187856,0,39455277,0
2021-09-09,201419,0,39656696,0
2021-09-10,198016,0,39854712,0
2021-09-11,141238,0,39995950,0
2021-09-12,89546,0,40085496,0
2021-09-13,191165,359,40276661,359
2021-09-14,177223,438,40453884,797
2021-09-15,163040,465,40616924,1262
2021-09-16,160011,798,40776935,2060
2021-09-17,150025,1010,40926960,3070
2021-09-18,127833,660,41054793,3730
2021-09-19,81049,446,41135842,4176
2021-09-20,179899,8958,41315741,13134
2021-09-21,166432,8732,41482173,21866
2021-09-22,158853,9368,41641026,31234
2021-09-23,137841,9242,41778867,40476
2021-09-24,140328,8867,41919195,49343
2021-09-25,119401,5556,42038596,54899
2021-09-26,71822,4299,42110418,59198
2021-09-27,135424,9980,42245842,69178
2021-09-28,117286,11321,42363128,80499
2021-09-29,112102,11766,42475230,92265
2021-09-30,110007,14858,42585237,107123
2021-10-01,94776,19048,42680013,126171
2021-10-02,78281,13987,42758294,140158
2021-10-03,47594,7634,42805888,147792
2021-10-04,88190,34375,42894078,182167
2021-10-05,80219,33923,42974297,216090
2021-10-06,71832,34082,43046129,250172
2021-10-07,71611,34293,43117740,284465
2021-10-08,80436,33512,43198176,317977
2021-10-09,75906,22118,43274082,340095
2021-10-10,45680,13590,43319762,353685
2021-10-11,87219,41018,43406981,394703
2021-10-12,84330,46814,43491311,441517
2021-10-13,87989,52028,43579300,493545
2021-10-14,91284,58399,43670584,551944
2021-10-15,93359,55500,43763943,607444
2021-10-16,82769,36723,43846712,644167
2021-10-17,51319,23785,43898031,667952
2021-10-18,90156,59351,43988187,727303
2021-10-19,78192,69320,44066379,796623
2021-10-20,74913,78051,44141292,874674
2021-10-21,78149,81653,44219441,956327
2021-10-22,73706,76925,44293147,1033252
2021-10-23,60679,51909,44353826,1085161
2021-10-24,33338,23410,44387164,1108571
2021-10-25,64797,81560,44451961,1190131
2021-10-26,58283,91690,44510244,1281821
2021-10-27,58233,103887,44568477,1385708
2021-10-28,61357,114005,44629834,1499713
2021-10-29,61606,102998,44691440,1602711
2021-10-30,50591,68048,44742031,1670759
2021-10-31,25140,28254,44767171,1699013
2021-11-01,19023,28128,44786194,1727141
2021-11-02,62718,89261,44848912,1816402
2021-11-03,60659,118565,44909571,1934967
2021-11-04,59160,126538,44968731,2061505
2021-11-05,63007,135072,45031738,2196577
2021-11-06,46397,90903,45078135,2287480
2021-11-07,22219,37859,45100354,2325339
2021-11-08,51425,131198,45151779,2456537
2021-11-09,45348,144078,45197127,2600615
2021-11-10,42517,156243,45239644,2756858
2021-11-11,44848,155062,45284492,2911920
2021-11-12,46270,158490,45330762,3070410
2021-11-13,33168,116639,45363930,3187049
2021-11-14,14448,52416,45378378,3239465
2021-11-15,36813,157302,45415191,3396767
2021-11-16,30466,171315,45445657,3568082
2021-11-17,28347,178379,45474004,3746461
2021-11-18,30138,193602,45504142,3940063
2021-11-19,28685,205725,45532827,4145788
2021-11-20,20903,156448,45553730,4302236
2021-11-21,10559,64815,45564289,4367051
2021-11-22,21849,213082,45586138,4580133
2021-11-23,23462,241639,45609600,4821772
2021-11-24,27715,270858,45637315,5092630
2021-11-25,23096,301822,45660411,5394452
2021-11-26,24444,318179,45684855,5712631
2021-11-27,21262,266060,45706117,5978691
2021-11-28,9847,136999,45715964,6115690
2021-11-29,22171,325955,45738135,6441645
2021-11-30,22936,365729,45761071,6807374
2021-12-01,21336,413448,45782407,7220822
2021-12-02,23595,440284,45806002,7661106
2021-12-03,25050,467317,45831052,8128423
2021-12-04,22199,418661,45853251,8547084
2021-12-05,11801,261285,45865052,8808369
2021-12-06,25573,457462,45890625,9265831
2021-12-07,23923,480112,45914548,9745943
2021-12-08,9898,249618,45924446,9995561
2021-12-09,31332,491846,45955778,10487407
2021-12-10,27864,517756,45983642,11005163
2021-12-11,23374,459179,46007016,11464342
2021-12-12,12176,293432,46019192,11757774
2021-12-13,25941,467514,46045133,12225288
2021-12-14,24964,494085,46070097,12719373
2021-12-15,25116,517023,46095213,13236396
2021-12-16,27577,520090,46122790,13756486
2021-12-17,29094,517009,46151884,14273495
2021-12-18,26750,468620,46178634,14742115
2021-12-19,14978,300452,46193612,15042567
2021-12-20,30367,477351,46223979,15519918
2021-12-21,30140,493200,46254119,16013118
2021-12-22,29165,484551,46283284,16497669
2021-12-23,27956,426798,46311240,16924467
2021-12-24,12999,210760,46324239,17135227
2021-12-25,2092,33048,46326331,17168275
2021-12-26,8670,159035,46335001,17327310
2021-12-27,46461,504534,46381462,17831844
2021-12-28,42068,554077,46423530,18385921
2021-12-29,33925,550529,46457455,18936450
2021-12-30,31461,499708,46488916,19436158
2021-12-31,13923,247338,46502839,19683496
2022-01-01,3447,64792,46506286,19748288
2022-01-02,22485,276683,46528771,20024971
2022-01-03,47299,520860,46576070,20545831
2022-01-04,45830,572907,46621900,21118738
2022-01-05,40047,561194,46661947,21679932
2022-01-06,23029,274404,46684976,21954336
2022-01-07,62891,554978,46747867,22509314
2022-01-08,59872,503260,46807739,23012574
2022-01-09,41987,319618,46849726,23332192
2022-01-10,60358,543046,46910084,23875238
2022-01-11,60847,587771,46970931,24463009
2022-01-12,57491,582043,47028422,25045052
2022-01-13,57699,581095,47086121,25626147
2022-01-14,45734,589139,47131855,26215286
2022-01-15,38050,569479,47169905,26784765
2022-01-16,30392,341426,47200297,27126191
2022-01-17,53967,490381,47254264,27616572
2022-01-18,57656,517678,47311920,28134250
2022-01-19,56425,503443,47368345,28637693
2022-01-20,53600,499475,47421945,29137168
2022-01-21,41190,494532,47463135,29631700
2022-01-22,30063,469403,47493198,30101103
2022-01-23,34293,275246,47527491,30376349
2022-01-24,55505,437951,47582996,30814300
2022-01-25,60929,452836,47643925,31267136
2022-01-26,57761,436501,47701686,31703637
2022-01-27,48061,432998,47749747,32136635
2022-01-28,57762,437234,47807509,32573869
2022-01-29,67046,411987,47874555,32985856
2022-01-30,49613,235715,47924168,33221571
2022-01-31,59530,357706,47983698,33579277
2022-02-01,64598,329199,48048296,33908476
2022-02-02,62293,297538,48110589,34206014
2022-02-03,59327,275105,48169916,34481119
2022-02-04,71574,268994,48241490,34750113
2022-02-05,82614,248265,48324104,34998378
2022-02-06,54671,116107,48378775,35114485
2022-02-07,64470,200588,48443245,35315073
2022-02-08,66160,186735,48509405,35501808
2022-02-09,58112,166873,48567517,35668681
2022-02-10,57959,163692,48625476,35832373
2022-02-11,61628,162844,48687104,35995217
2022-02-12,71255,152009,48758359,36147226
2022-02-13,41086,68744,48799445,36215970
2022-02-14,46268,116672,48845713,36332642
2022-02-15,48026,123914,48893739,36456556
2022-02-16,45214,106473,48938953,36563029
2022-02-17,42514,98212,48981467,36661241
2022-02-18,46223,112610,49027690,36773851
2022-02-19,52122,100246,49079812,36874097
2022-02-20,31239,40260,49111051,36914357
2022-02-21,37663,89686,49148714,37004043
2022-02-22,36932,83755,49185646,37087798
2022-02-23,33155,79341,49218801,37167139
2022-02-24,32288,78048,49251089,37245187
2022-02-25,34467,90573,49285556,37335760
2022-02-26,38760,88687,49324316,37424447
2022-02-27,22401,35719,49346717,37460166
2022-02-28,28162,81534,49374879,37541700
2022-03-01,22329,53904,49397208,37595604
2022-03-02,21676,50393,49418884,37645997
2022-03-03,22168,54441,49441052,37700438
2022-03-04,22581,62044,49463633,37762482
2022-03-05,23592,57216,49487225,37819698