data_somministrazione,vaccinazioni,booster,cum_vaccinazioni,cum_booster
2020-12-27,19,0,19,0
2020-12-28,2,0,21,0
2020-12-29,1,0,22,0
2020-12-30,6,0,28,0
2020-12-31,58,0,86,0
2021-01-01,22,0,108,0
2021-01-02,97,0,205,0
2021-01-03,73,0,278,0
2021-01-04,188,0,466,0
2021-01-05,229,0,695,0
2021-01-06,182,0,877,0
2021-01-07,273,0,1150,0
2021-01-08,319,0,1469,0
2021-01-09,235,0,1704,0
2021-01-10,141,0,1845,0
2021-01-11,260,0,2105,0
2021-01-12,260,0,2365,0
2021-01-13,380,0,2745,0
2021-01-14,466,0,3211,0
2021-01-15,288,0,3499,0
2021-01-16,200,0,3699,0
2021-01-17,3057,0,6756,0
2021-01-18,5206,0,11962,0
2021-01-19,1889,0,13851,0
2021-01-20,4652,0,18503,0
2021-01-21,20005,0,38508,0
2021-01-22,14201,0,52709,0
2021-01-23,33337,0,86046,0
2021-01-24,30792,0,116838,0
2021-01-25,64741,0,181579,0
2021-01-26,76503,0,258082,0
2021-01-27,64851,0,322933,0
2021-01-28,89307,0,412240,0
2021-01-29,94039,0,506279,0
2021-01-30,86580,0,592859,0
2021-01-31,57342,0,650201,0
2021-02-01,81880,0,732081,0
2021-02-02,82149,0,814230,0
2021-02-03,91199,0,905429,0
2021-02-04,95403,0,1000832,0
2021-02-05,90286,0,1091118,0
2021-02-06,63452,0,1154570,0
2021-02-07,32926,0,1187496,0
2021-02-08,40431,0,1227927,0
2021-02-09,32866,0,1260793,0
2021-02-10,28418,0,1289211,0
2021-02-11,20383,0,1309594,0
2021-02-12,16222,0,1325816,0
2021-02-13,7248,0,1333064,0
2021-02-14,2861,0,1335925,0
2021-02-15,6836,0,1342761,0
2021-02-16,6992,0,1349753,0
2021-02-17,10518,0,1360271,0
2021-02-18,9244,0,1369515,0
2021-02-19,8234,0,1377749,0
2021-02-20,5536,0,1383285,0
2021-02-21,2985,0,1386270,0
2021-02-22,6879,0,1393149,0
2021-02-23,7156,0,1400305,0
2021-02-24,9823,0,1410128,0
2021-02-25,14200,0,1424328,0
2021-02-26,17550,0,1441878,0
2021-02-27,13896,0,1455774,0
2021-02-28,9386,0,1465160,0
2021-03-01,26507,0,1491667,0
2021-03-02,33233,0,1524900,0
2021-03-03,44642,0,1569542,0
2021-03-04,50290,0,1619832,0
2021-03-05,55733,0,1675565,0
2021-03-06,41871,0,1717436,0
2021-03-07,22320,0,1739756,0
2021-03-08,50790,0,1790546,0
2021-03-09,53055,0,1843601,0
2021-03-10,58621,0,1902222,0
2021-03-11,63830,0,1966052,0
2021-03-12,65092,0,2031144,0
2021-03-13,51703,0,2082847,0
2021-03-14,35383,0,2118230,0
2021-03-15,73425,0,2191655,0
2021-03-16,74021,0,2265676,0
2021-03-17,83128,0,2348804,0
2021-03-18,81621,0,2430425,0
2021-03-19,81077,0,2511502,0
2021-03-20,64704,0,2576206,0
2021-03-21,47285,0,2623491,0
2021-03-22,69470,0,2692961,0
2021-03-23,75777,0,2768738,0
2021-03-24,90883,0,2859621,0
2021-03-25,89782,0,2949403,0
2021-03-26,83602,0,3033005,0
2021-03-27,71913,0,3104918,0
2021-03-28,44120,0,3149038,0
2021-03-29,70803,0,3219841,0
2021-03-30,81352,0,3301193,0
2021-03-31,96214,0,3397407,0
2021-04-01,95289,0,3492696,0
2021-04-02,84060,0,3576756,0
2021-04-03,64296,0,3641052,0
2021-04-04,21715,0,3662767,0
2021-04-05,40296,0,3703063,0
2021-04-06,81296,0,3784359,0
2021-04-07,95800,0,3880159,0
2021-04-08,95224,0,3975383,0
2021-04-09,88477,0,4063860,0
2021-04-10,74027,0,4137887,0
2021-04-11,44747,0,4182634,0
2021-04-12,66904,0,4249538,0
2021-04-13,72559,0,4322097,0
2021-04-14,85514,0,4407611,0
2021-04-15,105395,0,4513006,0
2021-04-16,106407,0,4619413,0
2021-04-17,90488,0,4709901,0
2021-04-18,58581,0,4768482,0
2021-04-19,93424,0,4861906,0
2021-04-20,103760,0,4965666,0
2021-04-21,125323,0,5090989,0
2021-04-22,143502,0,5234491,0
2021-04-23,138712,0,5373203,0
2021-04-24,124429,0,5497632,0
2021-04-25,61453,0,5559085,0
2021-04-26,97874,0,5656959,0
2021-04-27,128348,0,5785307,0
2021-04-28,156346,0,5941653,0
2021-04-29,195575,0,6137228,0
2021-04-30,214551,0,6351779,0
2021-05-01,174085,0,6525864,0
2021-05-02,135792,0,6661656,0
2021-05-03,141999,0,6803655,0
2021-05-04,158670,0,6962325,0
2021-05-05,170463,0,7132788,0
2021-05-06,197785,0,7330573,0
2021-05-07,213801,0,7544374,0
2021-05-08,213376,0,7757750,0
2021-05-09,143186,0,7900936,0
2021-05-10,165078,0,8066014,0
2021-05-11,174950,0,8240964,0
2021-05-12,179139,0,8420103,0
2021-05-13,203351,0,8623454,0
2021-05-14,222885,0,8846339,0
2021-05-15,210328,0,9056667,0
2021-05-16,159256,0,9215923,0
2021-05-17,219175,0,9435098,0
2021-05-18,212993,0,9648091,0
2021-05-19,207065,0,9855156,0
2021-05-20,270836,0,10125992,0
2021-05-21,270858,0,10396850,0
2021-05-22,245512,0,10642362,0
2021-05-23,197170,0,10839532,0
2021-05-24,228287,0,11067819,0
2021-05-25,245683,0,11313502,0
2021-05-26,277477,0,11590979,0
2021-05-27,311075,0,11902054,0
2021-05-28,299553,0,12201607,0
2021-05-29,231187,0,12432794,0
2021-05-30,170819,0,12603613,0
2021-05-31,216402,0,12820015,0
2021-06-01,207625,0,13027640,0
2021-06-02,115764,0,13143404,0
2021-06-03,180093,0,13323497,0
2021-06-04,184835,0,13508332,0
2021-06-05,185911,0,13694243,0
2021-06-06,139501,0,13833744,0
2021-06-07,161822,0,13995566,0
2021-06-08,171143,0,14166709,0
2021-06-09,171414,0,14338123,0
2021-06-10,174024,0,14512147,0
2021-06-11,169917,0,14682064,0
2021-06-12,128291,0,14810355,0
2021-06-13,91128,0,14901483,0
2021-06-14,214626,0,15116109,0
2021-06-15,228373,0,15344482,0
2021-06-16,253022,0,15597504,0
2021-06-17,301688,0,15899192,0
2021-06-18,306243,0,16205435,0
2021-06-19,275039,0,16480474,0
2021-06-20,220727,0,16701201,0
2021-06-21,288026,0,16989227,0
2021-06-22,296176,0,17285403,0
2021-06-23,302650,0,17588053,0
2021-06-24,332548,0,17920601,0
2021-06-25,348684,0,18269285,0
2021-06-26,300081,0,18569366,0
2021-06-27,228607,0,18797973,0
2021-06-28,307024,0,19104997,0
2021-06-29,329222,0,19434219,0
2021-06-30,342083,0,19776302,0
2021-07-01,363139,0,20139441,0
2021-07-02,368426,0,20507867,0
2021-07-03,371060,0,20878927,0
2021-07-04,283187,0,21162114,0
2021-07-05,384493,0,21546607,0
2021-07-06,385425,0,21932032,0
2021-07-07,412056,0,22344088,0
2021-07-08,479630,0,22823718,0
2021-07-09,498497,0,23322215,0
2021-07-10,475181,0,23797396,0
2021-07-11,357708,0,24155104,0
2021-07-12,485919,0,24641023,0
2021-07-13,492158,0,25133181,0
2021-07-14,480487,0,25613668,0
2021-07-15,523507,0,26137175,0
2021-07-16,509793,0,26646968,0
2021-07-17,464375,0,27111343,0
2021-07-18,364705,0,27476048,0
2021-07-19,463082,0,27939130,0
2021-07-20,458088,0,28397218,0
2021-07-21,462822,0,28860040,0
2021-07-22,475392,0,29335432,0
2021-07-23,441311,0,29776743,0
2021-07-24,386192,0,30162935,0
2021-07-25,287599,0,30450534,0
2021-07-26,430898,0,30881432,0
2021-07-27,440128,0,31321560,0
2021-07-28,391021,0,31712581,0
2021-07-29,372080,0,32084661,0
2021-07-30,341502,0,32426163,0
2021-07-31,287013,0,32713176,0
2021-08-01,191026,0,32904202,0
2021-08-02,333734,0,33237936,0
2021-08-03,323186,0,33561122,0
2021-08-04,310974,0,33872096,0
2021-08-05,292515,0,34164611,0
2021-08-06,260000,0,34424611,0
2021-08-07,199042,0,34623653,0
2021-08-08,153105,0,34776758,0
2021-08-09,234075,0,35010833,0
2021-08-10,205246,0,35216079,0
2021-08-11,193750,0,35409829,0
2021-08-12,167966,0,35577795,0
2021-08-13,148593,0,35726388,0
2021-08-14,66083,0,35792471,0
2021-08-15,26333,0,35818804,0
2021-08-16,114671,0,35933475,0
2021-08-17,129237,0,36062712,0
2021-08-18,128724,0,36191436,0
2021-08-19,124782,0,36316218,0
2021-08-20,123781,0,36439999,0
2021-08-21,83111,0,36523110,0
2021-08-22,68161,0,36591271,0
2021-08-23,176863,0,36768134,0
2021-08-24,156906,0,36925040,0
2021-08-25,177167,0,37102207,0
2021-08-26,172351,0,37274558,0
2021-08-27,185853,0,37460411,0
2021-08-28,140273,0,37600684,0
2021-08-29,99004,0,37699688,0
2021-08-30,209636,0,37909324,0
2021-08-31,194629,0,38103953,0
2021-09-01,192215,0,38296168,0
2021-09-02,189943,0,38486111,0
2021-09-03,191348,0,38677459,0
2021-09-04,131493,0,38808952,0
2021-09-05,87874,0,38896826,0
2021-09-06,193664,0,39090490,0
2021-09-07,196072,0,39286562,0
2021-09-08,187915,0,39474477,0
2021-09-09,201480,0,39675957,0
2021-09-10,198115,0,39874072,0
2021-09-11,141328,0,40015400,0
2021-09-12,89605,0,40105005,0
2021-09-13,191182,531,40296187,531
2021-09-14,177271,565,40473458,1096
2021-09-15,163135,561,40636593,1657
2021-09-16,160105,907,40796698,2564
2021-09-17,150173,1104,40946871,3668
2021-09-18,127976,726,41074847,4394
2021-09-19,81133,485,41155980,4879
2021-09-20,180076,9061,41336056,13940
2021-09-21,166624,8825,41502680,22765
2021-09-22,159075,9424,41661755,32189
2021-09-23,138078,9312,41799833,41501
2021-09-24,140540,8944,41940373,50445
2021-09-25,119540,5628,42059913,56073
2021-09-26,71950,4336,42131863,60409
2021-09-27,135633,10034,42267496,70443
2021-09-28,117484,11376,42384980,81819
2021-09-29,112327,11821,42497307,93640
2021-09-30,110225,14933,42607532,108573
2021-10-01,94970,19101,42702502,127674
2021-10-02,78470,14011,42780972,141685
2021-10-03,47725,7653,42828697,149338
2021-10-04,88375,34438,42917072,183776
2021-10-05,80359,33967,42997431,217743
2021-10-06,71975,34155,43069406,251898
2021-10-07,71846,34339,43141252,286237
2021-10-08,80622,33585,43221874,319822
2021-10-09,76099,22162,43297973,341984
2021-10-10,45771,13614,43343744,355598
2021-10-11,87405,41096,43431149,396694
2021-10-12,84487,46892,43515636,443586
2021-10-13,88187,52102,43603823,495688
2021-10-14,91521,58498,43695344,554186
2021-10-15,93580,55615,43788924,609801
2021-10-16,82958,36774,43871882,646575
2021-10-17,51459,23823,43923341,670398
2021-10-18,90289,59473,44013630,729871
2021-10-19,78340,69368,44091970,799239
2021-10-20,75075,78156,44167045,877395
2021-10-21,78301,81744,44245346,959139
2021-10-22,73795,77010,44319141,1036149
2021-10-23,60813,51945,44379954,1088094
2021-10-24,33380,23446,44413334,1111540
2021-10-25,64903,81620,44478237,1193160
2021-10-26,58374,91770,44536611,1284930
2021-10-27,58329,103957,44594940,1388887
2021-10-28,61468,114093,44656408,1502980
2021-10-29,61658,103105,44718066,1606085
2021-10-30,50672,68108,44768738,1674193
2021-10-31,25169,28282,44793907,1702475
2021-11-01,19047,28146,44812954,1730621
2021-11-02,62772,89363,44875726,1819984
2021-11-03,60733,118655,44936459,1938639
2021-11-04,59245,126653,44995704,2065292
2021-11-05,63093,135166,45058797,2200458
2021-11-06,46471,90921,45105268,2291379
2021-11-07,22253,37892,45127521,2329271
2021-11-08,51526,131259,45179047,2460530
2021-11-09,45403,144189,45224450,2604719
2021-11-10,42579,156342,45267029,2761061
2021-11-11,44933,155133,45311962,2916194
2021-11-12,46370,158569,45358332,3074763
2021-11-13,33254,116638,45391586,3191401
2021-11-14,14479,52446,45406065,3243847
2021-11-15,36894,157419,45442959,3401266
2021-11-16,30543,171370,45473502,3572636
2021-11-17,28448,178430,45501950,3751066
2021-11-18,30279,193704,45532229,3944770
2021-11-19,28794,205846,45561023,4150616
2021-11-20,20990,156433,45582013,4307049
2021-11-21,10607,64854,45592620,4371903
2021-11-22,21924,213137,45614544,4585040
2021-11-23,23562,241740,45638106,4826780
2021-11-24,27827,270942,45665933,5097722
2021-11-25,23229,301893,45689162,5399615
2021-11-26,24572,318258,45713734,5717873
2021-11-27,21373,266148,45735107,5984021
2021-11-28,9894,137053,45745001,6121074
2021-11-29,22310,326059,45767311,6447133
2021-11-30,23076,365819,45790387,6812952
2021-12-01,21508,413495,45811895,7226447
2021-12-02,23748,440375,45835643,7666822
2021-12-03,25223,467448,45860866,8134270
2021-12-04,22347,418720,45883213,8552990
2021-12-05,11903,261330,45895116,8814320
2021-12-06,25799,457560,45920915,9271880
2021-12-07,24101,480242,45945016,9752122
2021-12-08,9992,249677,45955008,10001799
2021-12-09,31556,491909,45986564,10493708
2021-12-10,28041,517861,46014605,11011569
2021-12-11,23543,459236,46038148,11470805
2021-12-12,12292,293495,46050440,11764300
2021-12-13,26126,467616,46076566,12231916
2021-12-14,25149,494186,46101715,12726102
2021-12-15,25304,517125,46127019,13243227
2021-12-16,27860,520236,46154879,13763463
2021-12-17,29332,517156,46184211,14280619
2021-12-18,27025,468708,46211236,14749327
2021-12-19,15128,300512,46226364,15049839
2021-12-20,30602,477468,46256966,15527307
2021-12-21,30342,493374,46287308,16020681
2021-12-22,29423,484694,46316731,16505375
2021-12-23,28215,426890,46344946,16932265
2021-12-24,13103,210817,46358049,17143082
2021-12-25,2101,33052,46360150,17176134
2021-12-26,8750,159064,46368900,17335198
2021-12-27,46747,504646,46415647,17839844
2021-12-28,42415,554194,46458062,18394038
2021-12-29,34294,550625,46492356,18944663
2021-12-30,31787,499816,46524143,19444479
2021-12-31,14093,247394,46538236,19691873
2022-01-01,3493,64812,46541729,19756685
2022-01-02,22730,276715,46564459,20033400
2022-01-03,47772,520007,46612231,20553407
2022-01-04,46277,572068,46658508,21125475
2022-01-05,40661,560377,46699169,21685852
2022-01-06,23436,274477,46722605,21960329
2022-01-07,63601,554173,46786206,22514502
2022-01-08,60753,503374,46846959,23017876
2022-01-09,42755,319683,46889714,23337559
2022-01-10,60987,542268,46950701,23879827
2022-01-11,61615,586977,47012316,24466804
2022-01-12,58348,581269,47070664,25048073
2022-01-13,58501,580369,47129165,25628442
2022-01-14,46677,588557,47175842,26216999
2022-01-15,39236,569933,47215078,26786932
2022-01-16,31104,341848,47246182,27128780
2022-01-17,54702,489641,47300884,27618421
2022-01-18,58302,517003,47359186,28135424
2022-01-19,57121,502779,47416307,28638203
2022-01-20,54257,498807,47470564,29137010
2022-01-21,41972,493865,47512536,29630875
2022-01-22,31077,469587,47543613,30100462
2022-01-23,34866,275364,47578479,30375826
2022-01-24,56123,437205,47634602,30813031
2022-01-25,61487,452086,47696089,31265117
2022-01-26,58476,435815,47754565,31700932
2022-01-27,48774,432352,47803339,32133284
2022-01-28,58614,436521,47861953,32569805
2022-01-29,68037,412476,47929990,32982281
2022-01-30,50329,235966,47980319,33218247
2022-01-31,60555,356917,48040874,33575164
2022-02-01,65476,328428,48106350,33903592
2022-02-02,63124,296959,48169474,34200551
2022-02-03,59997,274511,48229471,34475062
2022-02-04,72316,268442,48301787,34743504
2022-02-05,83701,248522,48385488,34992026
2022-02-06,55251,116193,48440739,35108219
2022-02-07,65098,199927,48505837,35308146
2022-02-08,66889,186101,48572726,35494247
2022-02-09,58723,166329,48631449,35660576
2022-02-10,58520,163231,48689969,35823807
2022-02-11,62211,162450,48752180,35986257
2022-02-12,71937,152132,48824117,36138389
2022-02-13,41456,68848,48865573,36207237
2022-02-14,46651,116180,48912224,36323417
2022-02-15,48491,123477,48960715,36446894
2022-02-16,45652,106106,49006367,36553000
2022-02-17,42843,98100,49049210,36651100
2022-02-18,46588,112565,49095798,36763665
2022-02-19,52512,100324,49148310,36863989
2022-02-20,31407,40359,49179717,36904348
2022-02-21,37881,89639,49217598,36993987
2022-02-22,37204,83767,49254802,37077754
2022-02-23,33368,79404,49288170,37157158
2022-02-24,32544,78160,49320714,37235318
2022-02-25,34740,90702,49355454,37326020
2022-02-26,39141,89130,49394595,37415150
2022-02-27,22539,35855,49417134,37451005
2022-02-28,28463,81689,49445597,37532694
2022-03-01,22693,53934,49468290,37586628
2022-03-02,21985,50627,49490275,37637255
2022-03-03,22596,54939,49512871,37692194
2022-03-04,23204,62789,49536075,37754983
2022-03-05,23779,57950,49559854,37812933
2022-03-06,9469,17199,49569323,37830132
2022-03-07,15895,51389,49585218,37881521
2022-03-08,15446,48796,49600664,37930317
2022-03-09,13797,46512,49614461,37976829
2022-03-10,14027,52115,49628488,38028944
2022-03-11,15563,57249,49644051,38086193
2022-03-12,15486,56615,49659537,38142808
2022-03-13,5541,16848,49665078,38159656
2022-03-14,10516,46691,49675594,38206347
2022-03-15,10533,46892,49686127,38253239
2022-03-16,9470,41975,49695597,38295214
2022-03-17,9697,44875,49705294,38340089
2022-03-18,10149,49052,49715443,38389141
2022-03-19,9141,46531,49724584,38435672
2022-03-20,2606,11699,49727190,38447371
2022-03-21,7569,40221,49734759,38487592
2022-03-22,8438,37745,49743197,38525337
2022-03-23,7202,33695,49750399,38559032
2022-03-24,8245,38796,49758644,38597828
2022-03-25,8122,43664,49766766,38641492
2022-03-26,8118,41719,49774884,38683211
2022-03-27,2428,9682,49777312,38692893
2022-03-28,6097,35230,49783409,38728123
2022-03-29,5773,32523,49789182,38760646
2022-03-30,5554,30192,49794736,38790838
2022-03-31,5884,33170,49800620,38824008
2022-04-01,4340,25182,49804960,38849190
2022-04-02,4486,23272,49809446,38872462
2022-04-03,1048,4499,49810494,38876961
2022-04-04,3650,21532,49814144,38898493
2022-04-05,3746,22923,49817890,38921416
2022-04-06,4095,21839,49821985,38943255
2022-04-07,3954,23317,49825939,38966572
2022-04-08,4682,26709,49830621,38993281
2022-04-09,4374,23882,49834995,39017163
2022-04-10,892,4614,49835887,39021777
2022-04-11,3801,22682,49839688,39044459
2022-04-12,3356,21776,49843044,39066235
2022-04-13,3557,21333,49846601,39087568
2022-04-14,3482,23774,49850083,39111342
2022-04-15,3076,20613,49853159,39131955
2022-04-16,2147,11920,49855306,39143875
2022-04-17,63,348,49855369,39144223
2022-04-18,148,650,49855517,39144873
2022-04-19,3483,21977,49859000,39166850
2022-04-20,3495,20249,49862495,39187099
2022-04-21,2838,19781,49865333,39206880
2022-04-22,2914,20695,49868247,39227575
2022-04-23,2635,16205,49870882,39243780
2022-04-24,509,2335,49871391,39246115
2022-04-25,183,1165,49871574,39247280
2022-04-26,2758,17792,49874332,39265072
2022-04-27,2364,15782,49876696,39280854
2022-04-28,2348,15534,49879044,39296388
2022-04-29,2290,14834,49881334,39311222
2022-04-30,2118,11576,49883452,39322798
2022-05-01,113,530,49883565,39323328
2022-05-02,1443,9381,49885008,39332709
2022-05-03,1571,10307,49886579,39343016
2022-05-04,1744,10256,49888323,39353272
2022-05-05,1647,10273,49889970,39363545
2022-05-06,1692,10944,49891662,39374489
2022-05-07,1431,8563,49893093,39383052
2022-05-08,404,1514,49893497,39384566
2022-05-09,1023,8915,49894520,39393481
2022-05-10,1418,9536,49895938,39403017
2022-05-11,1477,10087,49897415,39413104
2022-05-12,1365,10119,49898780,39423223
2022-05-13,1588,10508,49900368,39433731
2022-05-14,1355,8226,49901723,39441957
2022-05-15,336,1129,49902059,39443086
2022-05-16,809,8388,49902868,39451474
2022-05-17,1239,8667,49904107,39460141
2022-05-18,1368,9214,49905475,39469355
2022-05-19,1498,9267,49906973,39478622
2022-05-20,1420,9492,49908393,39488114
2022-05-21,1299,7891,49909692,39496005
2022-05-22,231,1012,49909923,39497017
2022-05-23,825,8260,49910748,39505277
2022-05-24,1070,8664,49911818,39513941
2022-05-25,1365,9444,49913183,39523385
2022-05-26,1192,9452,49914375,39532837
2022-05-27,1223,9908,49915598,39542745
2022-05-28,1202,7872,49916800,39550617
2022-05-29,285,1264,49917085,39551881
2022-05-30,929,8026,49918014,39559907
2022-05-31,1033,8529,49919047,39568436
2022-06-01,891,7643,49919938,39576079
2022-06-02,35,474,49919973,39576553
2022-06-03,813,7327,49920786,39583880
2022-06-04,869,5155,49921655,39589035
2022-06-05,89,586,49921744,39589621
2022-06-06,671,6964,49922415,39596585
2022-06-07,930,7841,49923345,39604426
2022-06-08,981,7896,49924326,39612322
2022-06-09,1034,8398,49925360,39620720
2022-06-10,950,8537,49926310,39629257
2022-06-11,898,6207,49927208,39635464
2022-06-12,140,767,49927348,39636231
2022-06-13,602,6295,49927950,39642526
2022-06-14,824,7880,49928774,39650406
2022-06-15,949,7842,49929723,39658248
2022-06-16,728,7383,49930451,39665631
2022-06-17,717,7235,49931168,39672866
2022-06-18,776,5588,49931944,39678454
2022-06-19,47,522,49931991,39678976
2022-06-20,587,6694,49932578,39685670
2022-06-21,731,7637,49933309,39693307
2022-06-22,779,7300,49934088,39700607
2022-06-23,648,7455,49934736,39708062
2022-06-24,643,7468,49935379,39715530
2022-06-25,835,6531,49936214,39722061
2022-06-26,128,523,49936342,39722584
2022-06-27,532,7116,49936874,39729700
2022-06-28,743,8208,49937617,39737908
2022-06-29,755,7717,49938372,39745625
2022-06-30,743,8130,49939115,39753755
2022-07-01,577,6436,49939692,39760191
2022-07-02,536,4765,49940228,39764956
2022-07-03,49,456,49940277,39765412
2022-07-04,470,6269,49940747,39771681
2022-07-05,622,8107,49941369,39779788
2022-07-06,624,7595,49941993,39787383
2022-07-07,562,8250,49942555,39795633
2022-07-08,670,8074,49943225,39803707
2022-07-09,548,6103,49943773,39809810
2022-07-10,58,533,49943831,39810343
2022-07-11,477,7626,49944308,39817969
2022-07-12,653,8980,49944961,39826949
2022-07-13,627,10061,49945588,39837010
2022-07-14,618,10218,49946206,39847228
2022-07-15,616,10645,49946822,39857873
2022-07-16,512,7207,49947334,39865080
2022-07-17,48,769,49947382,39865849
2022-07-18,495,9339,49947877,39875188
2022-07-19,560,10641,49948437,39885829
2022-07-20,562,11245,49948999,39897074
2022-07-21,620,12004,49949619,39909078
2022-07-22,570,11197,49950189,39920275
2022-07-23,375,6730,49950564,39927005
2022-07-24,75,834,49950639,39927839
2022-07-25,492,9019,49951131,39936858
2022-07-26,516,9699,49951647,39946557
2022-07-27,533,10127,49952180,39956684
2022-07-28,525,10451,49952705,39967135
2022-07-29,505,9387,49953210,39976522
2022-07-30,380,5845,49953590,39982367
2022-07-31,49,746,49953639,39983113
2022-08-01,383,6805,49954022,39989918
2022-08-02,534,7487,49954556,39997405
2022-08-03,489,7085,49955045,40004490
2022-08-04,444,7383,49955489,40011873
2022-08-05,410,6444,49955899,40018317
2022-08-06,295,3567,49956194,40021884
2022-08-07,44,547,49956238,40022431
2022-08-08,391,4830,49956629,40027261
2022-08-09,375,5228,49957004,40032489
2022-08-10,369,4715,49957373,40037204
2022-08-11,359,4691,49957732,40041895
2022-08-12,277,3605,49958009,40045500
2022-08-13,136,1547,49958145,40047047
2022-08-14,9,127,49958154,40047174
2022-08-15,1,24,49958155,40047198
2022-08-16,285,2873,49958440,40050071