data_somministrazione,vaccinazioni,booster,cum_vaccinazioni,cum_booster
2020-12-27,19,0,19,0
2020-12-28,2,0,21,0
2020-12-29,1,0,22,0
2020-12-30,6,0,28,0
2020-12-31,59,0,87,0
2021-01-01,22,0,109,0
2021-01-02,98,0,207,0
2021-01-03,73,0,280,0
2021-01-04,190,0,470,0
2021-01-05,230,0,700,0
2021-01-06,184,0,884,0
2021-01-07,277,0,1161,0
2021-01-08,320,0,1481,0
2021-01-09,235,0,1716,0
2021-01-10,142,0,1858,0
2021-01-11,264,0,2122,0
2021-01-12,260,0,2382,0
2021-01-13,381,0,2763,0
2021-01-14,467,0,3230,0
2021-01-15,290,0,3520,0
2021-01-16,202,0,3722,0
2021-01-17,3057,0,6779,0
2021-01-18,5206,0,11985,0
2021-01-19,1889,0,13874,0
2021-01-20,4652,0,18526,0
2021-01-21,20003,0,38529,0
2021-01-22,14201,0,52730,0
2021-01-23,33335,0,86065,0
2021-01-24,30792,0,116857,0
2021-01-25,64741,0,181598,0
2021-01-26,76504,0,258102,0
2021-01-27,64850,0,322952,0
2021-01-28,89304,0,412256,0
2021-01-29,94039,0,506295,0
2021-01-30,86579,0,592874,0
2021-01-31,57342,0,650216,0
2021-02-01,81879,0,732095,0
2021-02-02,82149,0,814244,0
2021-02-03,91198,0,905442,0
2021-02-04,95403,0,1000845,0
2021-02-05,90284,0,1091129,0
2021-02-06,63452,0,1154581,0
2021-02-07,32926,0,1187507,0
2021-02-08,40432,0,1227939,0
2021-02-09,32865,0,1260804,0
2021-02-10,28419,0,1289223,0
2021-02-11,20384,0,1309607,0
2021-02-12,16225,0,1325832,0
2021-02-13,7250,0,1333082,0
2021-02-14,2861,0,1335943,0
2021-02-15,6836,0,1342779,0
2021-02-16,6993,0,1349772,0
2021-02-17,10518,0,1360290,0
2021-02-18,9245,0,1369535,0
2021-02-19,8234,0,1377769,0
2021-02-20,5536,0,1383305,0
2021-02-21,2985,0,1386290,0
2021-02-22,6880,0,1393170,0
2021-02-23,7156,0,1400326,0
2021-02-24,9823,0,1410149,0
2021-02-25,14199,0,1424348,0
2021-02-26,17550,0,1441898,0
2021-02-27,13896,0,1455794,0
2021-02-28,9386,0,1465180,0
2021-03-01,26506,0,1491686,0
2021-03-02,33235,0,1524921,0
2021-03-03,44641,0,1569562,0
2021-03-04,50289,0,1619851,0
2021-03-05,55733,0,1675584,0
2021-03-06,41870,0,1717454,0
2021-03-07,22320,0,1739774,0
2021-03-08,50793,0,1790567,0
2021-03-09,53054,0,1843621,0
2021-03-10,58621,0,1902242,0
2021-03-11,63832,0,1966074,0
2021-03-12,65094,0,2031168,0
2021-03-13,51706,0,2082874,0
2021-03-14,35383,0,2118257,0
2021-03-15,73425,0,2191682,0
2021-03-16,74022,0,2265704,0
2021-03-17,83128,0,2348832,0
2021-03-18,81621,0,2430453,0
2021-03-19,81077,0,2511530,0
2021-03-20,64705,0,2576235,0
2021-03-21,47285,0,2623520,0
2021-03-22,69470,0,2692990,0
2021-03-23,75777,0,2768767,0
2021-03-24,90884,0,2859651,0
2021-03-25,89783,0,2949434,0
2021-03-26,83601,0,3033035,0
2021-03-27,71916,0,3104951,0
2021-03-28,44120,0,3149071,0
2021-03-29,70803,0,3219874,0
2021-03-30,81353,0,3301227,0
2021-03-31,96217,0,3397444,0
2021-04-01,95289,0,3492733,0
2021-04-02,84060,0,3576793,0
2021-04-03,64295,0,3641088,0
2021-04-04,21715,0,3662803,0
2021-04-05,40295,0,3703098,0
2021-04-06,81295,0,3784393,0
2021-04-07,95801,0,3880194,0
2021-04-08,95224,0,3975418,0
2021-04-09,88476,0,4063894,0
2021-04-10,74026,0,4137920,0
2021-04-11,44747,0,4182667,0
2021-04-12,66904,0,4249571,0
2021-04-13,72559,0,4322130,0
2021-04-14,85514,0,4407644,0
2021-04-15,105396,0,4513040,0
2021-04-16,106407,0,4619447,0
2021-04-17,90488,0,4709935,0
2021-04-18,58581,0,4768516,0
2021-04-19,93424,0,4861940,0
2021-04-20,103759,0,4965699,0
2021-04-21,125324,0,5091023,0
2021-04-22,143501,0,5234524,0
2021-04-23,138714,0,5373238,0
2021-04-24,124431,0,5497669,0
2021-04-25,61453,0,5559122,0
2021-04-26,97873,0,5656995,0
2021-04-27,128348,0,5785343,0
2021-04-28,156346,0,5941689,0
2021-04-29,195576,0,6137265,0
2021-04-30,214551,0,6351816,0
2021-05-01,174086,0,6525902,0
2021-05-02,135792,0,6661694,0
2021-05-03,141999,0,6803693,0
2021-05-04,158673,0,6962366,0
2021-05-05,170465,0,7132831,0
2021-05-06,197787,0,7330618,0
2021-05-07,213798,0,7544416,0
2021-05-08,213377,0,7757793,0
2021-05-09,143186,0,7900979,0
2021-05-10,165078,0,8066057,0
2021-05-11,174951,0,8241008,0
2021-05-12,179140,0,8420148,0
2021-05-13,203353,0,8623501,0
2021-05-14,222888,0,8846389,0
2021-05-15,210326,0,9056715,0
2021-05-16,159258,0,9215973,0
2021-05-17,219176,0,9435149,0
2021-05-18,212994,0,9648143,0
2021-05-19,207066,0,9855209,0
2021-05-20,270835,0,10126044,0
2021-05-21,270858,0,10396902,0
2021-05-22,245513,0,10642415,0
2021-05-23,197171,0,10839586,0
2021-05-24,228287,0,11067873,0
2021-05-25,245683,0,11313556,0
2021-05-26,277477,0,11591033,0
2021-05-27,311076,0,11902109,0
2021-05-28,299553,0,12201662,0
2021-05-29,231188,0,12432850,0
2021-05-30,170819,0,12603669,0
2021-05-31,216401,0,12820070,0
2021-06-01,207628,0,13027698,0
2021-06-02,115765,0,13143463,0
2021-06-03,180096,0,13323559,0
2021-06-04,184839,0,13508398,0
2021-06-05,185914,0,13694312,0
2021-06-06,139501,0,13833813,0
2021-06-07,161827,0,13995640,0
2021-06-08,171147,0,14166787,0
2021-06-09,171417,0,14338204,0
2021-06-10,174029,0,14512233,0
2021-06-11,169921,0,14682154,0
2021-06-12,128294,0,14810448,0
2021-06-13,91131,0,14901579,0
2021-06-14,214630,0,15116209,0
2021-06-15,228375,0,15344584,0
2021-06-16,253025,0,15597609,0
2021-06-17,301687,0,15899296,0
2021-06-18,306247,0,16205543,0
2021-06-19,275041,0,16480584,0
2021-06-20,220731,0,16701315,0
2021-06-21,288028,0,16989343,0
2021-06-22,296177,0,17285520,0
2021-06-23,302657,0,17588177,0
2021-06-24,332547,0,17920724,0
2021-06-25,348686,0,18269410,0
2021-06-26,300082,0,18569492,0
2021-06-27,228607,0,18798099,0
2021-06-28,307026,0,19105125,0
2021-06-29,329222,0,19434347,0
2021-06-30,342091,0,19776438,0
2021-07-01,363146,0,20139584,0
2021-07-02,368429,0,20508013,0
2021-07-03,371062,0,20879075,0
2021-07-04,283187,0,21162262,0
2021-07-05,384495,0,21546757,0
2021-07-06,385425,0,21932182,0
2021-07-07,412061,0,22344243,0
2021-07-08,479627,0,22823870,0
2021-07-09,498492,0,23322362,0
2021-07-10,475180,0,23797542,0
2021-07-11,357708,0,24155250,0
2021-07-12,485917,0,24641167,0
2021-07-13,492152,0,25133319,0
2021-07-14,480482,0,25613801,0
2021-07-15,523499,0,26137300,0
2021-07-16,509794,0,26647094,0
2021-07-17,464372,0,27111466,0
2021-07-18,364702,0,27476168,0
2021-07-19,463083,0,27939251,0
2021-07-20,458088,0,28397339,0
2021-07-21,462822,0,28860161,0
2021-07-22,475392,0,29335553,0
2021-07-23,441312,0,29776865,0
2021-07-24,386191,0,30163056,0
2021-07-25,287600,0,30450656,0
2021-07-26,430896,0,30881552,0
2021-07-27,440128,0,31321680,0
2021-07-28,391018,0,31712698,0
2021-07-29,372080,0,32084778,0
2021-07-30,341502,0,32426280,0
2021-07-31,287016,0,32713296,0
2021-08-01,191023,0,32904319,0
2021-08-02,333736,0,33238055,0
2021-08-03,323187,0,33561242,0
2021-08-04,310969,0,33872211,0
2021-08-05,292513,0,34164724,0
2021-08-06,260001,0,34424725,0
2021-08-07,199049,0,34623774,0
2021-08-08,153105,0,34776879,0
2021-08-09,234072,0,35010951,0
2021-08-10,205245,0,35216196,0
2021-08-11,193756,0,35409952,0
2021-08-12,167970,0,35577922,0
2021-08-13,148595,0,35726517,0
2021-08-14,66086,0,35792603,0
2021-08-15,26333,0,35818936,0
2021-08-16,114672,0,35933608,0
2021-08-17,129236,0,36062844,0
2021-08-18,128729,0,36191573,0
2021-08-19,124783,0,36316356,0
2021-08-20,123787,0,36440143,0
2021-08-21,83112,0,36523255,0
2021-08-22,68163,0,36591418,0
2021-08-23,176862,0,36768280,0
2021-08-24,156904,0,36925184,0
2021-08-25,177167,0,37102351,0
2021-08-26,172355,0,37274706,0
2021-08-27,185849,0,37460555,0
2021-08-28,140274,0,37600829,0
2021-08-29,99005,0,37699834,0
2021-08-30,209637,0,37909471,0
2021-08-31,194627,0,38104098,0
2021-09-01,192218,0,38296316,0
2021-09-02,189942,0,38486258,0
2021-09-03,191339,0,38677597,0
2021-09-04,131487,0,38809084,0
2021-09-05,87871,0,38896955,0
2021-09-06,193661,0,39090616,0
2021-09-07,196071,0,39286687,0
2021-09-08,187911,0,39474598,0
2021-09-09,201481,0,39676079,0
2021-09-10,198115,0,39874194,0
2021-09-11,141326,0,40015520,0
2021-09-12,89604,0,40105124,0
2021-09-13,191170,543,40296294,543
2021-09-14,177269,567,40473563,1110
2021-09-15,163132,564,40636695,1674
2021-09-16,160103,910,40796798,2584
2021-09-17,150171,1106,40946969,3690
2021-09-18,127977,729,41074946,4419
2021-09-19,81131,488,41156077,4907
2021-09-20,180073,9064,41336150,13971
2021-09-21,166625,8825,41502775,22796
2021-09-22,159075,9425,41661850,32221
2021-09-23,138078,9316,41799928,41537
2021-09-24,140542,8946,41940470,50483
2021-09-25,119544,5629,42060014,56112
2021-09-26,71950,4338,42131964,60450
2021-09-27,135630,10037,42267594,70487
2021-09-28,117486,11376,42385080,81863
2021-09-29,112328,11821,42497408,93684
2021-09-30,110224,14936,42607632,108620
2021-10-01,94972,19101,42702604,127721
2021-10-02,78471,14010,42781075,141731
2021-10-03,47726,7655,42828801,149386
2021-10-04,88376,34438,42917177,183824
2021-10-05,80360,33967,42997537,217791
2021-10-06,71977,34156,43069514,251947
2021-10-07,71848,34339,43141362,286286
2021-10-08,80623,33585,43221985,319871
2021-10-09,76098,22163,43298083,342034
2021-10-10,45773,13614,43343856,355648
2021-10-11,87408,41096,43431264,396744
2021-10-12,84488,46892,43515752,443636
2021-10-13,88185,52104,43603937,495740
2021-10-14,91521,58499,43695458,554239
2021-10-15,93579,55618,43789037,609857
2021-10-16,82957,36776,43871994,646633
2021-10-17,51460,23823,43923454,670456
2021-10-18,90288,59475,44013742,729931
2021-10-19,78340,69367,44092082,799298
2021-10-20,75075,78157,44167157,877455
2021-10-21,78301,81745,44245458,959200
2021-10-22,73794,77013,44319252,1036213
2021-10-23,60811,51948,44380063,1088161
2021-10-24,33379,23447,44413442,1111608
2021-10-25,64901,81622,44478343,1193230
2021-10-26,58374,91771,44536717,1285001
2021-10-27,58329,103957,44595046,1388958
2021-10-28,61469,114094,44656515,1503052
2021-10-29,61659,103105,44718174,1606157
2021-10-30,50670,68110,44768844,1674267
2021-10-31,25169,28283,44794013,1702550
2021-11-01,19047,28146,44813060,1730696
2021-11-02,62771,89365,44875831,1820061
2021-11-03,60734,118656,44936565,1938717
2021-11-04,59244,126654,44995809,2065371
2021-11-05,63094,135167,45058903,2200538
2021-11-06,46472,90921,45105375,2291459
2021-11-07,22253,37892,45127628,2329351
2021-11-08,51526,131259,45179154,2460610
2021-11-09,45403,144192,45224557,2604802
2021-11-10,42578,156343,45267135,2761145
2021-11-11,44934,155135,45312069,2916280
2021-11-12,46372,158569,45358441,3074849
2021-11-13,33250,116643,45391691,3191492
2021-11-14,14479,52446,45406170,3243938
2021-11-15,36895,157418,45443065,3401356
2021-11-16,30544,171370,45473609,3572726
2021-11-17,28448,178432,45502057,3751158
2021-11-18,30277,193709,45532334,3944867
2021-11-19,28796,205847,45561130,4150714
2021-11-20,20989,156435,45582119,4307149
2021-11-21,10609,64855,45592728,4372004
2021-11-22,21925,213138,45614653,4585142
2021-11-23,23563,241739,45638216,4826881
2021-11-24,27828,270941,45666044,5097822
2021-11-25,23229,301894,45689273,5399716
2021-11-26,24573,318260,45713846,5717976
2021-11-27,21373,266148,45735219,5984124
2021-11-28,9894,137053,45745113,6121177
2021-11-29,22310,326060,45767423,6447237
2021-11-30,23075,365819,45790498,6813056
2021-12-01,21507,413501,45812005,7226557
2021-12-02,23747,440376,45835752,7666933
2021-12-03,25224,467449,45860976,8134382
2021-12-04,22345,418726,45883321,8553108
2021-12-05,11902,261330,45895223,8814438
2021-12-06,25802,457560,45921025,9271998
2021-12-07,24102,480244,45945127,9752242
2021-12-08,9992,249678,45955119,10001920
2021-12-09,31555,491911,45986674,10493831
2021-12-10,28040,517864,46014714,11011695
2021-12-11,23544,459235,46038258,11470930
2021-12-12,12292,293495,46050550,11764425
2021-12-13,26125,467617,46076675,12232042
2021-12-14,25148,494187,46101823,12726229
2021-12-15,25303,517126,46127126,13243355
2021-12-16,27861,520237,46154987,13763592
2021-12-17,29331,517158,46184318,14280750
2021-12-18,27024,468710,46211342,14749460
2021-12-19,15125,300515,46226467,15049975
2021-12-20,30604,477465,46257071,15527440
2021-12-21,30345,493376,46287416,16020816
2021-12-22,29424,484694,46316840,16505510
2021-12-23,28215,426890,46345055,16932400
2021-12-24,13103,210818,46358158,17143218
2021-12-25,2101,33052,46360259,17176270
2021-12-26,8750,159064,46369009,17335334
2021-12-27,46748,504646,46415757,17839980
2021-12-28,42417,554194,46458174,18394174
2021-12-29,34295,550625,46492469,18944799
2021-12-30,31789,499817,46524258,19444616
2021-12-31,14093,247394,46538351,19692010
2022-01-01,3493,64812,46541844,19756822
2022-01-02,22730,276715,46564574,20033537
2022-01-03,47775,520007,46612349,20553544
2022-01-04,46278,572068,46658627,21125612
2022-01-05,40663,560378,46699290,21685990
2022-01-06,23436,274480,46722726,21960470
2022-01-07,63604,554174,46786330,22514644
2022-01-08,60755,503376,46847085,23018020
2022-01-09,42755,319683,46889840,23337703
2022-01-10,60986,542271,46950826,23879974
2022-01-11,61613,586980,47012439,24466954
2022-01-12,58351,581269,47070790,25048223
2022-01-13,58502,580370,47129292,25628593
2022-01-14,46679,588559,47175971,26217152
2022-01-15,39237,569933,47215208,26787085
2022-01-16,31106,341847,47246314,27128932
2022-01-17,54702,489643,47301016,27618575
2022-01-18,58302,517008,47359318,28135583
2022-01-19,57122,502778,47416440,28638361
2022-01-20,54256,498811,47470696,29137172
2022-01-21,41973,493865,47512669,29631037
2022-01-22,31077,469590,47543746,30100627
2022-01-23,34867,275365,47578613,30375992
2022-01-24,56122,437207,47634735,30813199
2022-01-25,61488,452086,47696223,31265285
2022-01-26,58479,435814,47754702,31701099
2022-01-27,48774,432352,47803476,32133451
2022-01-28,58613,436526,47862089,32569977
2022-01-29,68041,412476,47930130,32982453
2022-01-30,50329,235966,47980459,33218419
2022-01-31,60556,356920,48041015,33575339
2022-02-01,65478,328430,48106493,33903769
2022-02-02,63125,296959,48169618,34200728
2022-02-03,59998,274512,48229616,34475240
2022-02-04,72316,268443,48301932,34743683
2022-02-05,83703,248522,48385635,34992205
2022-02-06,55251,116193,48440886,35108398
2022-02-07,65098,199928,48505984,35308326
2022-02-08,66890,186102,48572874,35494428
2022-02-09,58723,166329,48631597,35660757
2022-02-10,58522,163230,48690119,35823987
2022-02-11,62209,162452,48752328,35986439
2022-02-12,71935,152135,48824263,36138574
2022-02-13,41456,68849,48865719,36207423
2022-02-14,46650,116182,48912369,36323605
2022-02-15,48495,123477,48960864,36447082
2022-02-16,45651,106109,49006515,36553191
2022-02-17,42845,98100,49049360,36651291
2022-02-18,46588,112567,49095948,36763858
2022-02-19,52512,100325,49148460,36864183
2022-02-20,31407,40359,49179867,36904542
2022-02-21,37881,89641,49217748,36994183
2022-02-22,37204,83769,49254952,37077952
2022-02-23,33368,79404,49288320,37157356
2022-02-24,32544,78160,49320864,37235516
2022-02-25,34740,90703,49355604,37326219
2022-02-26,39142,89131,49394746,37415350
2022-02-27,22539,35855,49417285,37451205
2022-02-28,28464,81690,49445749,37532895
2022-03-01,22694,53934,49468443,37586829
2022-03-02,21985,50627,49490428,37637456
2022-03-03,22596,54940,49513024,37692396
2022-03-04,23205,62790,49536229,37755186
2022-03-05,23779,57950,49560008,37813136
2022-03-06,9469,17199,49569477,37830335
2022-03-07,15895,51389,49585372,37881724
2022-03-08,15447,48796,49600819,37930520
2022-03-09,13797,46514,49614616,37977034
2022-03-10,14027,52115,49628643,38029149
2022-03-11,15562,57251,49644205,38086400
2022-03-12,15488,56614,49659693,38143014
2022-03-13,5541,16848,49665234,38159862
2022-03-14,10516,46691,49675750,38206553
2022-03-15,10533,46892,49686283,38253445
2022-03-16,9470,41976,49695753,38295421
2022-03-17,9697,44875,49705450,38340296
2022-03-18,10149,49053,49715599,38389349
2022-03-19,9142,46531,49724741,38435880
2022-03-20,2606,11699,49727347,38447579
2022-03-21,7569,40221,49734916,38487800
2022-03-22,8439,37747,49743355,38525547
2022-03-23,7203,33695,49750558,38559242
2022-03-24,8245,38797,49758803,38598039
2022-03-25,8122,43664,49766925,38641703
2022-03-26,8118,41719,49775043,38683422
2022-03-27,2428,9682,49777471,38693104
2022-03-28,6097,35230,49783568,38728334
2022-03-29,5773,32523,49789341,38760857
2022-03-30,5554,30192,49794895,38791049
2022-03-31,5884,33171,49800779,38824220
2022-04-01,4340,25184,49805119,38849404
2022-04-02,4486,23272,49809605,38872676
2022-04-03,1048,4499,49810653,38877175
2022-04-04,3650,21532,49814303,38898707
2022-04-05,3746,22923,49818049,38921630
2022-04-06,4096,21844,49822145,38943474
2022-04-07,3954,23318,49826099,38966792
2022-04-08,4682,26709,49830781,38993501
2022-04-09,4374,23882,49835155,39017383
2022-04-10,892,4614,49836047,39021997
2022-04-11,3801,22683,49839848,39044680
2022-04-12,3356,21776,49843204,39066456
2022-04-13,3557,21334,49846761,39087790
2022-04-14,3483,23775,49850244,39111565
2022-04-15,3076,20614,49853320,39132179
2022-04-16,2147,11922,49855467,39144101
2022-04-17,63,348,49855530,39144449
2022-04-18,148,650,49855678,39145099
2022-04-19,3484,21978,49859162,39167077
2022-04-20,3495,20249,49862657,39187326
2022-04-21,2838,19781,49865495,39207107
2022-04-22,2914,20695,49868409,39227802
2022-04-23,2636,16205,49871045,39244007
2022-04-24,509,2335,49871554,39246342
2022-04-25,183,1165,49871737,39247507
2022-04-26,2759,17793,49874496,39265300
2022-04-27,2364,15782,49876860,39281082
2022-04-28,2348,15534,49879208,39296616
2022-04-29,2290,14835,49881498,39311451
2022-04-30,2120,11576,49883618,39323027
2022-05-01,113,530,49883731,39323557
2022-05-02,1443,9382,49885174,39332939
2022-05-03,1571,10308,49886745,39343247
2022-05-04,1744,10256,49888489,39353503
2022-05-05,1647,10273,49890136,39363776
2022-05-06,1693,10944,49891829,39374720
2022-05-07,1431,8563,49893260,39383283
2022-05-08,404,1514,49893664,39384797
2022-05-09,1023,8915,49894687,39393712
2022-05-10,1418,9536,49896105,39403248
2022-05-11,1477,10087,49897582,39413335
2022-05-12,1366,10119,49898948,39423454
2022-05-13,1587,10509,49900535,39433963
2022-05-14,1355,8226,49901890,39442189
2022-05-15,336,1129,49902226,39443318
2022-05-16,809,8388,49903035,39451706
2022-05-17,1241,8667,49904276,39460373
2022-05-18,1368,9214,49905644,39469587
2022-05-19,1498,9267,49907142,39478854
2022-05-20,1419,9492,49908561,39488346
2022-05-21,1299,7892,49909860,39496238
2022-05-22,230,1012,49910090,39497250
2022-05-23,825,8260,49910915,39505510
2022-05-24,1070,8665,49911985,39514175
2022-05-25,1365,9444,49913350,39523619
2022-05-26,1192,9452,49914542,39533071
2022-05-27,1223,9909,49915765,39542980
2022-05-28,1202,7873,49916967,39550853
2022-05-29,285,1264,49917252,39552117
2022-05-30,929,8026,49918181,39560143
2022-05-31,1033,8529,49919214,39568672
2022-06-01,891,7644,49920105,39576316
2022-06-02,35,474,49920140,39576790
2022-06-03,813,7327,49920953,39584117
2022-06-04,869,5155,49921822,39589272
2022-06-05,89,586,49921911,39589858
2022-06-06,670,6964,49922581,39596822
2022-06-07,930,7841,49923511,39604663
2022-06-08,981,7897,49924492,39612560
2022-06-09,1034,8399,49925526,39620959
2022-06-10,954,8537,49926480,39629496
2022-06-11,899,6207,49927379,39635703
2022-06-12,140,767,49927519,39636470
2022-06-13,602,6295,49928121,39642765
2022-06-14,824,7880,49928945,39650645
2022-06-15,950,7845,49929895,39658490
2022-06-16,729,7382,49930624,39665872
2022-06-17,718,7238,49931342,39673110
2022-06-18,776,5588,49932118,39678698
2022-06-19,47,522,49932165,39679220
2022-06-20,587,6694,49932752,39685914
2022-06-21,731,7638,49933483,39693552
2022-06-22,780,7303,49934263,39700855
2022-06-23,648,7455,49934911,39708310
2022-06-24,643,7472,49935554,39715782
2022-06-25,835,6531,49936389,39722313
2022-06-26,128,523,49936517,39722836
2022-06-27,532,7117,49937049,39729953
2022-06-28,743,8208,49937792,39738161
2022-06-29,755,7718,49938547,39745879
2022-06-30,743,8130,49939290,39754009
2022-07-01,577,6436,49939867,39760445
2022-07-02,536,4765,49940403,39765210
2022-07-03,49,456,49940452,39765666
2022-07-04,470,6269,49940922,39771935
2022-07-05,622,8107,49941544,39780042
2022-07-06,625,7594,49942169,39787636
2022-07-07,562,8250,49942731,39795886
2022-07-08,670,8075,49943401,39803961
2022-07-09,548,6103,49943949,39810064
2022-07-10,58,533,49944007,39810597
2022-07-11,477,7627,49944484,39818224
2022-07-12,653,8981,49945137,39827205
2022-07-13,629,10065,49945766,39837270
2022-07-14,618,10219,49946384,39847489
2022-07-15,616,10650,49947000,39858139
2022-07-16,512,7207,49947512,39865346
2022-07-17,48,769,49947560,39866115
2022-07-18,495,9340,49948055,39875455
2022-07-19,560,10644,49948615,39886099
2022-07-20,564,11248,49949179,39897347
2022-07-21,620,12016,49949799,39909363
2022-07-22,572,11207,49950371,39920570
2022-07-23,377,6732,49950748,39927302
2022-07-24,75,834,49950823,39928136
2022-07-25,493,9019,49951316,39937155
2022-07-26,517,9713,49951833,39946868
2022-07-27,541,10133,49952374,39957001
2022-07-28,525,10454,49952899,39967455
2022-07-29,505,9393,49953404,39976848
2022-07-30,380,5848,49953784,39982696
2022-07-31,49,746,49953833,39983442
2022-08-01,383,6808,49954216,39990250
2022-08-02,534,7492,49954750,39997742
2022-08-03,495,7096,49955245,40004838
2022-08-04,448,7390,49955693,40012228
2022-08-05,410,6449,49956103,40018677
2022-08-06,297,3576,49956400,40022253
2022-08-07,44,547,49956444,40022800
2022-08-08,392,4848,49956836,40027648
2022-08-09,376,5233,49957212,40032881
2022-08-10,368,4750,49957580,40037631
2022-08-11,359,4724,49957939,40042355
2022-08-12,286,3670,49958225,40046025
2022-08-13,139,1595,49958364,40047620
2022-08-14,9,127,49958373,40047747
2022-08-15,1,24,49958374,40047771
2022-08-16,279,2991,49958653,40050762
2022-08-17,339,3443,49958992,40054205
2022-08-18,371,3978,49959363,40058183
2022-08-19,328,3046,49959691,40061229