data_somministrazione,vaccinazioni,booster,cum_vaccinazioni,cum_booster
2020-12-27,20,0,20,0
2020-12-28,2,0,22,0
2020-12-29,1,0,23,0
2020-12-30,10,0,33,0
2020-12-31,77,0,110,0
2021-01-01,25,0,135,0
2021-01-02,143,0,278,0
2021-01-03,105,0,383,0
2021-01-04,236,0,619,0
2021-01-05,280,0,899,0
2021-01-06,249,0,1148,0
2021-01-07,323,0,1471,0
2021-01-08,378,0,1849,0
2021-01-09,281,0,2130,0
2021-01-10,165,0,2295,0
2021-01-11,308,0,2603,0
2021-01-12,283,0,2886,0
2021-01-13,417,0,3303,0
2021-01-14,504,0,3807,0
2021-01-15,319,0,4126,0
2021-01-16,224,0,4350,0
2021-01-17,3063,0,7413,0
2021-01-18,5220,0,12633,0
2021-01-19,1894,0,14527,0
2021-01-20,4659,0,19186,0
2021-01-21,20005,0,39191,0
2021-01-22,14220,0,53411,0
2021-01-23,33324,0,86735,0
2021-01-24,30775,0,117510,0
2021-01-25,64705,0,182215,0
2021-01-26,76465,0,258680,0
2021-01-27,64810,0,323490,0
2021-01-28,89255,0,412745,0
2021-01-29,93996,0,506741,0
2021-01-30,86544,0,593285,0
2021-01-31,57325,0,650610,0
2021-02-01,81835,0,732445,0
2021-02-02,82135,0,814580,0
2021-02-03,91107,0,905687,0
2021-02-04,95383,0,1001070,0
2021-02-05,90267,0,1091337,0
2021-02-06,63449,0,1154786,0
2021-02-07,32934,0,1187720,0
2021-02-08,40421,0,1228141,0
2021-02-09,32879,0,1261020,0
2021-02-10,28435,0,1289455,0
2021-02-11,20405,0,1309860,0
2021-02-12,16251,0,1326111,0
2021-02-13,7279,0,1333390,0
2021-02-14,2862,0,1336252,0
2021-02-15,6847,0,1343099,0
2021-02-16,7004,0,1350103,0
2021-02-17,10526,0,1360629,0
2021-02-18,9256,0,1369885,0
2021-02-19,8257,0,1378142,0
2021-02-20,5577,0,1383719,0
2021-02-21,3014,0,1386733,0
2021-02-22,6883,0,1393616,0
2021-02-23,7187,0,1400803,0
2021-02-24,9812,0,1410615,0
2021-02-25,14213,0,1424828,0
2021-02-26,17559,0,1442387,0
2021-02-27,13920,0,1456307,0
2021-02-28,9396,0,1465703,0
2021-03-01,26526,0,1492229,0
2021-03-02,33248,0,1525477,0
2021-03-03,44649,0,1570126,0
2021-03-04,50302,0,1620428,0
2021-03-05,55743,0,1676171,0
2021-03-06,41880,0,1718051,0
2021-03-07,22331,0,1740382,0
2021-03-08,50836,0,1791218,0
2021-03-09,53091,0,1844309,0
2021-03-10,58687,0,1902996,0
2021-03-11,63884,0,1966880,0
2021-03-12,65137,0,2032017,0
2021-03-13,51729,0,2083746,0
2021-03-14,35423,0,2119169,0
2021-03-15,73459,0,2192628,0
2021-03-16,74030,0,2266658,0
2021-03-17,83141,0,2349799,0
2021-03-18,81629,0,2431428,0
2021-03-19,81089,0,2512517,0
2021-03-20,64737,0,2577254,0
2021-03-21,47309,0,2624563,0
2021-03-22,69501,0,2694064,0
2021-03-23,75815,0,2769879,0
2021-03-24,90923,0,2860802,0
2021-03-25,89822,0,2950624,0
2021-03-26,83640,0,3034264,0
2021-03-27,71957,0,3106221,0
2021-03-28,44183,0,3150404,0
2021-03-29,70848,0,3221252,0
2021-03-30,81406,0,3302658,0
2021-03-31,96258,0,3398916,0
2021-04-01,95328,0,3494244,0
2021-04-02,84085,0,3578329,0
2021-04-03,64304,0,3642633,0
2021-04-04,21724,0,3664357,0
2021-04-05,40318,0,3704675,0
2021-04-06,81336,0,3786011,0
2021-04-07,95840,0,3881851,0
2021-04-08,95258,0,3977109,0
2021-04-09,88501,0,4065610,0
2021-04-10,74035,0,4139645,0
2021-04-11,44769,0,4184414,0
2021-04-12,66922,0,4251336,0
2021-04-13,72594,0,4323930,0
2021-04-14,85550,0,4409480,0
2021-04-15,105425,0,4514905,0
2021-04-16,106431,0,4621336,0
2021-04-17,90528,0,4711864,0
2021-04-18,58596,0,4770460,0
2021-04-19,93436,0,4863896,0
2021-04-20,103776,0,4967672,0
2021-04-21,125342,0,5093014,0
2021-04-22,143524,0,5236538,0
2021-04-23,138749,0,5375287,0
2021-04-24,124454,0,5499741,0
2021-04-25,61471,0,5561212,0
2021-04-26,97909,0,5659121,0
2021-04-27,128374,0,5787495,0
2021-04-28,156392,0,5943887,0
2021-04-29,195621,0,6139508,0
2021-04-30,214612,0,6354120,0
2021-05-01,174141,0,6528261,0
2021-05-02,135809,0,6664070,0
2021-05-03,142067,0,6806137,0
2021-05-04,158711,0,6964848,0
2021-05-05,170545,0,7135393,0
2021-05-06,197822,0,7333215,0
2021-05-07,213873,0,7547088,0
2021-05-08,213439,0,7760527,0
2021-05-09,143217,0,7903744,0
2021-05-10,165101,0,8068845,0
2021-05-11,175009,0,8243854,0
2021-05-12,179223,0,8423077,0
2021-05-13,203421,0,8626498,0
2021-05-14,222943,0,8849441,0
2021-05-15,210392,0,9059833,0
2021-05-16,159285,0,9219118,0
2021-05-17,219220,0,9438338,0
2021-05-18,213032,0,9651370,0
2021-05-19,207103,0,9858473,0
2021-05-20,270887,0,10129360,0
2021-05-21,270913,0,10400273,0
2021-05-22,245545,0,10645818,0
2021-05-23,197188,0,10843006,0
2021-05-24,228310,0,11071316,0
2021-05-25,245701,0,11317017,0
2021-05-26,277514,0,11594531,0
2021-05-27,311104,0,11905635,0
2021-05-28,299589,0,12205224,0
2021-05-29,231249,0,12436473,0
2021-05-30,170852,0,12607325,0
2021-05-31,216438,0,12823763,0
2021-06-01,207638,0,13031401,0
2021-06-02,115804,0,13147205,0
2021-06-03,180175,0,13327380,0
2021-06-04,184919,0,13512299,0
2021-06-05,185999,0,13698298,0
2021-06-06,139587,0,13837885,0
2021-06-07,161904,0,13999789,0
2021-06-08,171284,0,14171073,0
2021-06-09,171524,0,14342597,0
2021-06-10,174158,0,14516755,0
2021-06-11,170027,0,14686782,0
2021-06-12,128394,0,14815176,0
2021-06-13,91231,0,14906407,0
2021-06-14,214707,0,15121114,0
2021-06-15,228463,0,15349577,0
2021-06-16,253115,0,15602692,0
2021-06-17,301777,0,15904469,0
2021-06-18,306327,0,16210796,0
2021-06-19,275120,0,16485916,0
2021-06-20,220821,0,16706737,0
2021-06-21,288100,0,16994837,0
2021-06-22,296248,0,17291085,0
2021-06-23,302702,0,17593787,0
2021-06-24,332621,0,17926408,0
2021-06-25,348732,0,18275140,0
2021-06-26,300150,0,18575290,0
2021-06-27,228693,0,18803983,0
2021-06-28,307152,0,19111135,0
2021-06-29,329334,0,19440469,0
2021-06-30,342222,0,19782691,0
2021-07-01,363243,0,20145934,0
2021-07-02,368507,0,20514441,0
2021-07-03,371103,0,20885544,0
2021-07-04,283239,0,21168783,0
2021-07-05,384566,0,21553349,0
2021-07-06,385495,0,21938844,0
2021-07-07,412138,0,22350982,0
2021-07-08,479589,0,22830571,0
2021-07-09,498464,0,23329035,0
2021-07-10,475168,0,23804203,0
2021-07-11,357699,0,24161902,0
2021-07-12,485877,0,24647779,0
2021-07-13,492078,0,25139857,0
2021-07-14,480433,0,25620290,0
2021-07-15,523425,0,26143715,0
2021-07-16,509750,0,26653465,0
2021-07-17,464320,0,27117785,0
2021-07-18,364637,0,27482422,0
2021-07-19,463033,0,27945455,0
2021-07-20,458044,0,28403499,0
2021-07-21,462791,0,28866290,0
2021-07-22,475377,0,29341667,0
2021-07-23,441317,0,29782984,0
2021-07-24,386145,0,30169129,0
2021-07-25,287553,0,30456682,0
2021-07-26,430888,0,30887570,0
2021-07-27,440109,0,31327679,0
2021-07-28,391016,0,31718695,0
2021-07-29,372072,0,32090767,0
2021-07-30,341518,0,32432285,0
2021-07-31,287046,0,32719331,0
2021-08-01,190999,0,32910330,0
2021-08-02,333704,0,33244034,0
2021-08-03,323187,0,33567221,0
2021-08-04,310983,0,33878204,0
2021-08-05,292484,0,34170688,0
2021-08-06,260037,0,34430725,0
2021-08-07,199062,0,34629787,0
2021-08-08,153108,0,34782895,0
2021-08-09,234085,0,35016980,0
2021-08-10,205279,0,35222259,0
2021-08-11,193790,0,35416049,0
2021-08-12,168061,0,35584110,0
2021-08-13,148666,0,35732776,0
2021-08-14,66103,0,35798879,0
2021-08-15,26343,0,35825222,0
2021-08-16,114714,0,35939936,0
2021-08-17,129253,0,36069189,0
2021-08-18,128767,0,36197956,0
2021-08-19,124850,0,36322806,0
2021-08-20,123798,0,36446604,0
2021-08-21,83132,0,36529736,0
2021-08-22,68180,0,36597916,0
2021-08-23,176874,0,36774790,0
2021-08-24,156892,0,36931682,0
2021-08-25,177172,0,37108854,0
2021-08-26,172354,0,37281208,0
2021-08-27,185832,0,37467040,0
2021-08-28,140291,0,37607331,0
2021-08-29,98993,0,37706324,0
2021-08-30,209583,0,37915907,0
2021-08-31,194641,0,38110548,0
2021-09-01,192217,0,38302765,0
2021-09-02,189933,0,38492698,0
2021-09-03,191286,0,38683984,0
2021-09-04,131446,0,38815430,0
2021-09-05,87845,0,38903275,0
2021-09-06,193605,0,39096880,0
2021-09-07,196037,0,39292917,0
2021-09-08,187864,0,39480781,0
2021-09-09,201421,0,39682202,0
2021-09-10,198054,0,39880256,0
2021-09-11,141293,0,40021549,0
2021-09-12,89591,0,40111140,0
2021-09-13,191108,643,40302248,643
2021-09-14,177216,646,40479464,1289
2021-09-15,163078,649,40642542,1938
2021-09-16,160045,998,40802587,2936
2021-09-17,150155,1169,40952742,4105
2021-09-18,127979,776,41080721,4881
2021-09-19,81144,508,41161865,5389
2021-09-20,180065,9126,41341930,14515
2021-09-21,166672,8862,41508602,23377
2021-09-22,159111,9462,41667713,32839
2021-09-23,138103,9357,41805816,42196
2021-09-24,140550,9013,41946366,51209
2021-09-25,119562,5673,42065928,56882
2021-09-26,71991,4365,42137919,61247
2021-09-27,135664,10083,42273583,71330
2021-09-28,117519,11423,42391102,82753
2021-09-29,112376,11850,42503478,94603
2021-09-30,110285,14980,42613763,109583
2021-10-01,94993,19144,42708756,128727
2021-10-02,78520,14043,42787276,142770
2021-10-03,47760,7669,42835036,150439
2021-10-04,88391,34482,42923427,184921
2021-10-05,80379,34018,43003806,218939
2021-10-06,72008,34208,43075814,253147
2021-10-07,71880,34370,43147694,287517
2021-10-08,80639,33621,43228333,321138
2021-10-09,76114,22194,43304447,343332
2021-10-10,45789,13631,43350236,356963
2021-10-11,87448,41131,43437684,398094
2021-10-12,84517,46933,43522201,445027
2021-10-13,88216,52164,43610417,497191
2021-10-14,91554,58555,43701971,555746
2021-10-15,93601,55675,43795572,611421
2021-10-16,82971,36823,43878543,648244
2021-10-17,51462,23861,43930005,672105
2021-10-18,90302,59519,44020307,731624
2021-10-19,78356,69406,44098663,801030
2021-10-20,75061,78211,44173724,879241
2021-10-21,78287,81812,44252011,961053
2021-10-22,73767,77081,44325778,1038134
2021-10-23,60835,51973,44386613,1090107
2021-10-24,33369,23479,44419982,1113586
2021-10-25,64895,81666,44484877,1195252
2021-10-26,58376,91832,44543253,1287084
2021-10-27,58315,104030,44601568,1391114
2021-10-28,61446,114155,44663014,1505269
2021-10-29,61635,103182,44724649,1608451
2021-10-30,50676,68145,44775325,1676596
2021-10-31,25160,28310,44800485,1704906
2021-11-01,19049,28158,44819534,1733064
2021-11-02,62741,89435,44882275,1822499
2021-11-03,60714,118701,44942989,1941200
2021-11-04,59238,126700,45002227,2067900
2021-11-05,63092,135223,45065319,2203123
2021-11-06,46490,90939,45111809,2294062
2021-11-07,22248,37906,45134057,2331968
2021-11-08,51528,131292,45185585,2463260
2021-11-09,45401,144237,45230986,2607497
2021-11-10,42594,156373,45273580,2763870
2021-11-11,44928,155172,45318508,2919042
2021-11-12,46296,158700,45364804,3077742
2021-11-13,33266,116679,45398070,3194421
2021-11-14,14492,52459,45412562,3246880
2021-11-15,36908,157443,45449470,3404323
2021-11-16,30567,171403,45480037,3575726
2021-11-17,28469,178459,45508506,3754185
2021-11-18,30292,193762,45538798,3947947
2021-11-19,28820,205883,45567618,4153830
2021-11-20,21011,156457,45588629,4310287
2021-11-21,10610,64872,45599239,4375159
2021-11-22,21959,213160,45621198,4588319
2021-11-23,23603,241801,45644801,4830120
2021-11-24,27769,271093,45672570,5101213
2021-11-25,23266,301936,45695836,5403149
2021-11-26,24598,318308,45720434,5721457
2021-11-27,21410,266171,45741844,5987628
2021-11-28,9909,137070,45751753,6124698
2021-11-29,22366,326073,45774119,6450771
2021-11-30,23118,365862,45797237,6816633
2021-12-01,21555,413531,45818792,7230164
2021-12-02,23793,440440,45842585,7670604
2021-12-03,25274,467531,45867859,8138135
2021-12-04,22392,418799,45890251,8556934
2021-12-05,11942,261365,45902193,8818299
2021-12-06,25845,457630,45928038,9275929
2021-12-07,24162,480301,45952200,9756230
2021-12-08,10030,249721,45962230,10005951
2021-12-09,31619,491964,45993849,10497915
2021-12-10,28101,517928,46021950,11015843
2021-12-11,23589,459277,46045539,11475120
2021-12-12,12322,293528,46057861,11768648
2021-12-13,26176,467655,46084037,12236303
2021-12-14,25204,494236,46109241,12730539
2021-12-15,25367,517189,46134608,13247728
2021-12-16,27927,520301,46162535,13768029
2021-12-17,29395,517216,46191930,14285245
2021-12-18,27115,468777,46219045,14754022
2021-12-19,15168,300542,46234213,15054564
2021-12-20,30668,477508,46264881,15532072
2021-12-21,30412,493437,46295293,16025509
2021-12-22,29485,484751,46324778,16510260
2021-12-23,28286,426959,46353064,16937219
2021-12-24,13125,210842,46366189,17148061
2021-12-25,2104,33053,46368293,17181114
2021-12-26,8776,159077,46377069,17340191
2021-12-27,46847,504692,46423916,17844883
2021-12-28,42507,554255,46466423,18399138
2021-12-29,34391,550677,46500814,18949815
2021-12-30,31892,499865,46532706,19449680
2021-12-31,14148,247407,46546854,19697087
2022-01-01,3499,64815,46550353,19761902
2022-01-02,22827,276727,46573180,20038629
2022-01-03,47937,520035,46621117,20558664
2022-01-04,46472,572102,46667589,21130766
2022-01-05,40843,560423,46708432,21691189
2022-01-06,23536,274491,46731968,21965680
2022-01-07,63796,554221,46795764,22519901
2022-01-08,60966,503411,46856730,23023312
2022-01-09,42953,319700,46899683,23343012
2022-01-10,61173,542324,46960856,23885336
2022-01-11,61842,587037,47022698,24472373
2022-01-12,58547,581307,47081245,25053680
2022-01-13,58710,580431,47139955,25634111
2022-01-14,46932,588612,47186887,26222723
2022-01-15,39559,569984,47226446,26792707
2022-01-16,31309,341892,47257755,27134599
2022-01-17,54851,489688,47312606,27624287
2022-01-18,58466,517054,47371072,28141341
2022-01-19,57264,502823,47428336,28644164
2022-01-20,54415,498861,47482751,29143025
2022-01-21,42179,493897,47524930,29636922
2022-01-22,31292,469619,47556222,30106541
2022-01-23,34983,275391,47591205,30381932
2022-01-24,56229,437245,47647434,30819177
2022-01-25,61597,452131,47709031,31271308
2022-01-26,58588,435848,47767619,31707156
2022-01-27,48885,432401,47816504,32139557
2022-01-28,58750,436560,47875254,32576117
2022-01-29,68187,412515,47943441,32988632
2022-01-30,50409,235985,47993850,33224617
2022-01-31,60703,356947,48054553,33581564
2022-02-01,65615,328465,48120168,33910029
2022-02-02,63248,296994,48183416,34207023
2022-02-03,60089,274534,48243505,34481557
2022-02-04,72410,268471,48315915,34750028
2022-02-05,83816,248550,48399731,34998578
2022-02-06,55307,116208,48455038,35114786
2022-02-07,65180,199945,48520218,35314731
2022-02-08,66955,186127,48587173,35500858
2022-02-09,58774,166353,48645947,35667211
2022-02-10,58597,163249,48704544,35830460
2022-02-11,62275,162476,48766819,35992936
2022-02-12,72007,152155,48838826,36145091
2022-02-13,41483,68855,48880309,36213946
2022-02-14,46714,116190,48927023,36330136
2022-02-15,48565,123481,48975588,36453617
2022-02-16,45687,106129,49021275,36559746
2022-02-17,42873,98120,49064148,36657866
2022-02-18,46634,112583,49110782,36770449
2022-02-19,52545,100340,49163327,36870789
2022-02-20,31417,40366,49194744,36911155
2022-02-21,37899,89659,49232643,37000814
2022-02-22,37224,83784,49269867,37084598
2022-02-23,33401,79410,49303268,37164008
2022-02-24,32561,78166,49335829,37242174
2022-02-25,34771,90715,49370600,37332889
2022-02-26,39162,89136,49409762,37422025
2022-02-27,22548,35857,49432310,37457882
2022-02-28,28487,81696,49460797,37539578
2022-03-01,22727,53942,49483524,37593520
2022-03-02,21934,50711,49505458,37644231
2022-03-03,22635,54947,49528093,37699178
2022-03-04,23242,62800,49551335,37761978
2022-03-05,23802,57952,49575137,37819930
2022-03-06,9474,17201,49584611,37837131
2022-03-07,15924,51391,49600535,37888522
2022-03-08,15481,48795,49616016,37937317
2022-03-09,13816,46517,49629832,37983834
2022-03-10,14057,52125,49643889,38035959
2022-03-11,15590,57271,49659479,38093230
2022-03-12,15510,56619,49674989,38149849
2022-03-13,5545,16852,49680534,38166701
2022-03-14,10528,46701,49691062,38213402
2022-03-15,10552,46895,49701614,38260297
2022-03-16,9482,41974,49711096,38302271
2022-03-17,9723,44876,49720819,38347147
2022-03-18,10161,49058,49730980,38396205
2022-03-19,9151,46538,49740131,38442743
2022-03-20,2608,11704,49742739,38454447
2022-03-21,7581,40227,49750320,38494674
2022-03-22,8448,37766,49758768,38532440
2022-03-23,7218,33700,49765986,38566140
2022-03-24,8259,38820,49774245,38604960
2022-03-25,8142,43671,49782387,38648631
2022-03-26,8127,41722,49790514,38690353
2022-03-27,2431,9683,49792945,38700036
2022-03-28,6112,35241,49799057,38735277
2022-03-29,5780,32531,49804837,38767808
2022-03-30,5567,30204,49810404,38798012
2022-03-31,5903,33186,49816307,38831198
2022-04-01,4349,25189,49820656,38856387
2022-04-02,4497,23275,49825153,38879662
2022-04-03,1049,4500,49826202,38884162
2022-04-04,3660,21545,49829862,38905707
2022-04-05,3757,22937,49833619,38928644
2022-04-06,4105,21852,49837724,38950496
2022-04-07,3970,23320,49841694,38973816
2022-04-08,4696,26714,49846390,39000530
2022-04-09,4382,23888,49850772,39024418
2022-04-10,893,4613,49851665,39029031
2022-04-11,3819,22689,49855484,39051720
2022-04-12,3365,21779,49858849,39073499
2022-04-13,3570,21336,49862419,39094835
2022-04-14,3487,23787,49865906,39118622
2022-04-15,3083,20621,49868989,39139243
2022-04-16,2151,11918,49871140,39151161
2022-04-17,63,348,49871203,39151509
2022-04-18,152,650,49871355,39152159
2022-04-19,3499,21984,49874854,39174143
2022-04-20,3512,20251,49878366,39194394
2022-04-21,2848,19791,49881214,39214185
2022-04-22,2928,20712,49884142,39234897
2022-04-23,2647,16221,49886789,39251118
2022-04-24,509,2334,49887298,39253452
2022-04-25,183,1165,49887481,39254617
2022-04-26,2759,17810,49890240,39272427
2022-04-27,2374,15795,49892614,39288222
2022-04-28,2361,15562,49894975,39303784
2022-04-29,2297,14849,49897272,39318633
2022-04-30,2123,11583,49899395,39330216
2022-05-01,113,531,49899508,39330747
2022-05-02,1451,9391,49900959,39340138
2022-05-03,1577,10321,49902536,39350459
2022-05-04,1745,10271,49904281,39360730
2022-05-05,1654,10296,49905935,39371026
2022-05-06,1702,10969,49907637,39381995
2022-05-07,1431,8570,49909068,39390565
2022-05-08,416,1524,49909484,39392089
2022-05-09,1028,8929,49910512,39401018
2022-05-10,1426,9548,49911938,39410566
2022-05-11,1484,10104,49913422,39420670
2022-05-12,1372,10130,49914794,39430800
2022-05-13,1596,10518,49916390,39441318
2022-05-14,1360,8239,49917750,39449557
2022-05-15,336,1135,49918086,39450692
2022-05-16,814,8404,49918900,39459096
2022-05-17,1244,8697,49920144,39467793
2022-05-18,1372,9235,49921516,39477028
2022-05-19,1500,9282,49923016,39486310
2022-05-20,1422,9532,49924438,39495842
2022-05-21,1301,7900,49925739,39503742
2022-05-22,231,1014,49925970,39504756
2022-05-23,830,8271,49926800,39513027
2022-05-24,1073,8672,49927873,39521699
2022-05-25,1372,9459,49929245,39531158
2022-05-26,1196,9479,49930441,39540637
2022-05-27,1232,9915,49931673,39550552
2022-05-28,1205,7887,49932878,39558439
2022-05-29,288,1265,49933166,39559704
2022-05-30,930,8057,49934096,39567761
2022-05-31,1038,8548,49935134,39576309
2022-06-01,893,7656,49936027,39583965
2022-06-02,35,474,49936062,39584439
2022-06-03,817,7334,49936879,39591773
2022-06-04,870,5162,49937749,39596935
2022-06-05,89,586,49937838,39597521
2022-06-06,678,7003,49938516,39604524
2022-06-07,951,7849,49939467,39612373
2022-06-08,981,7907,49940448,39620280
2022-06-09,1036,8417,49941484,39628697
2022-06-10,958,8563,49942442,39637260
2022-06-11,903,6207,49943345,39643467
2022-06-12,140,768,49943485,39644235
2022-06-13,602,6301,49944087,39650536
2022-06-14,832,7902,49944919,39658438
2022-06-15,960,7855,49945879,39666293
2022-06-16,733,7396,49946612,39673689
2022-06-17,724,7249,49947336,39680938
2022-06-18,777,5594,49948113,39686532
2022-06-19,49,521,49948162,39687053
2022-06-20,587,6699,49948749,39693752
2022-06-21,741,7663,49949490,39701415
2022-06-22,780,7312,49950270,39708727
2022-06-23,648,7472,49950918,39716199
2022-06-24,644,7474,49951562,39723673
2022-06-25,835,6533,49952397,39730206
2022-06-26,128,523,49952525,39730729
2022-06-27,534,7125,49953059,39737854
2022-06-28,747,8207,49953806,39746061
2022-06-29,756,7731,49954562,39753792
2022-06-30,747,8144,49955309,39761936
2022-07-01,577,6443,49955886,39768379
2022-07-02,536,4769,49956422,39773148
2022-07-03,49,456,49956471,39773604
2022-07-04,469,6277,49956940,39779881
2022-07-05,631,8118,49957571,39787999
2022-07-06,633,7611,49958204,39795610
2022-07-07,575,8271,49958779,39803881
2022-07-08,674,8083,49959453,39811964
2022-07-09,550,6105,49960003,39818069
2022-07-10,58,533,49960061,39818602
2022-07-11,491,7639,49960552,39826241
2022-07-12,667,9030,49961219,39835271
2022-07-13,644,10067,49961863,39845338
2022-07-14,637,10225,49962500,39855563
2022-07-15,626,10667,49963126,39866230
2022-07-16,522,7215,49963648,39873445
2022-07-17,48,770,49963696,39874215
2022-07-18,496,9372,49964192,39883587
2022-07-19,575,10684,49964767,39894271
2022-07-20,580,11274,49965347,39905545
2022-07-21,629,12088,49965976,39917633
2022-07-22,584,11258,49966560,39928891
2022-07-23,381,6773,49966941,39935664
2022-07-24,76,857,49967017,39936521
2022-07-25,503,9051,49967520,39945572
2022-07-26,520,9761,49968040,39955333
2022-07-27,551,10208,49968591,39965541
2022-07-28,533,10533,49969124,39976074
2022-07-29,511,9465,49969635,39985539
2022-07-30,383,5881,49970018,39991420
2022-07-31,49,764,49970067,39992184
2022-08-01,386,6864,49970453,39999048
2022-08-02,545,7589,49970998,40006637
2022-08-03,512,7179,49971510,40013816
2022-08-04,455,7489,49971965,40021305
2022-08-05,421,6527,49972386,40027832
2022-08-06,299,3613,49972685,40031445
2022-08-07,44,561,49972729,40032006
2022-08-08,403,4890,49973132,40036896
2022-08-09,381,5311,49973513,40042207
2022-08-10,384,4817,49973897,40047024
2022-08-11,369,4803,49974266,40051827
2022-08-12,293,3720,49974559,40055547
2022-08-13,143,1600,49974702,40057147
2022-08-14,9,129,49974711,40057276
2022-08-15,1,26,49974712,40057302
2022-08-16,282,3043,49974994,40060345
2022-08-17,352,3536,49975346,40063881
2022-08-18,392,4160,49975738,40068041
2022-08-19,341,3319,49976079,40071360
2022-08-20,183,1715,49976262,40073075
2022-08-21,24,149,49976286,40073224
2022-08-22,329,2952,49976615,40076176
2022-08-23,370,3674,49976985,40079850
2022-08-24,384,3360,49977369,40083210
2022-08-25,422,3774,49977791,40086984
2022-08-26,400,3574,49978191,40090558
2022-08-27,237,1769,49978428,40092327
2022-08-28,29,267,49978457,40092594
2022-08-29,354,3161,49978811,40095755
2022-08-30,403,3671,49979214,40099426
2022-08-31,438,3734,49979652,40103160
2022-09-01,353,3116,49980005,40106276
2022-09-02,296,2893,49980301,40109169
2022-09-03,200,1689,49980501,40110858
2022-09-04,24,149,49980525,40111007
2022-09-05,187,2656,49980712,40113663
2022-09-06,305,2981,49981017,40116644
2022-09-07,540,2937,49981557,40119581
2022-09-08,292,2962,49981849,40122543
2022-09-09,305,2886,49982154,40125429
2022-09-10,227,1326,49982381,40126755
2022-09-11,23,124,49982404,40126879
2022-09-12,267,2267,49982671,40129146
2022-09-13,252,2276,49982923,40131422
2022-09-14,266,2566,49983189,40133988
2022-09-15,282,2499,49983471,40136487
2022-09-16,254,2546,49983725,40139033
2022-09-17,239,1339,49983964,40140372
2022-09-18,20,170,49983984,40140542
2022-09-19,206,1970,49984190,40142512
2022-09-20,236,2391,49984426,40144903
2022-09-21,289,2526,49984715,40147429
2022-09-22,266,2662,49984981,40150091
2022-09-23,259,2543,49985240,40152634
2022-09-24,193,1427,49985433,40154061
2022-09-25,29,133,49985462,40154194
2022-09-26,280,2248,49985742,40156442
2022-09-27,287,2683,49986029,40159125
2022-09-28,310,2903,49986339,40162028
2022-09-29,257,3049,49986596,40165077
2022-09-30,291,2989,49986887,40168066
2022-10-01,195,1515,49987082,40169581
2022-10-02,12,187,49987094,40169768
2022-10-03,183,2473,49987277,40172241
2022-10-04,236,2864,49987513,40175105
2022-10-05,229,3249,49987742,40178354
2022-10-06,243,3874,49987985,40182228
2022-10-07,282,4187,49988267,40186415
2022-10-08,202,2270,49988469,40188685
2022-10-09,8,305,49988477,40188990
2022-10-10,210,3356,49988687,40192346
2022-10-11,192,4379,49988879,40196725
2022-10-12,209,4439,49989088,40201164
2022-10-13,201,5304,49989289,40206468
2022-10-14,232,5021,49989521,40211489
2022-10-15,190,2671,49989711,40214160
2022-10-16,6,360,49989717,40214520
2022-10-17,185,3871,49989902,40218391
2022-10-18,257,4964,49990159,40223355
2022-10-19,244,5478,49990403,40228833
2022-10-20,224,5993,49990627,40234826
2022-10-21,250,5475,49990877,40240301
2022-10-22,195,2910,49991072,40243211
2022-10-23,13,364,49991085,40243575
2022-10-24,171,3926,49991256,40247501
2022-10-25,253,4925,49991509,40252426
2022-10-26,345,5499,49991854,40257925
2022-10-27,240,5669,49992094,40263594
2022-10-28,198,5260,49992292,40268854
2022-10-29,128,2844,49992420,40271698
2022-10-30,3,328,49992423,40272026
2022-10-31,117,3035,49992540,40275061
2022-11-01,11,353,49992551,40275414
2022-11-02,143,3715,49992694,40279129
2022-11-03,174,4782,49992868,40283911
2022-11-04,224,4595,49993092,40288506
2022-11-05,144,2594,49993236,40291100
2022-11-06,10,259,49993246,40291359
2022-11-07,170,3222,49993416,40294581
2022-11-08,259,4239,49993675,40298820
2022-11-09,196,4323,49993871,40303143
2022-11-10,182,4577,49994053,40307720
2022-11-11,192,4215,49994245,40311935
2022-11-12,154,2363,49994399,40314298
2022-11-13,7,335,49994406,40314633
2022-11-14,150,2835,49994556,40317468
2022-11-15,201,3737,49994757,40321205
2022-11-16,216,3969,49994973,40325174
2022-11-17,193,4078,49995166,40329252
2022-11-18,247,4003,49995413,40333255
2022-11-19,112,2091,49995525,40335346
2022-11-20,24,314,49995549,40335660
2022-11-21,118,2608,49995667,40338268
2022-11-22,141,3199,49995808,40341467
2022-11-23,192,3608,49996000,40345075
2022-11-24,155,3796,49996155,40348871
2022-11-25,184,3733,49996339,40352604
2022-11-26,130,2087,49996469,40354691
2022-11-27,22,356,49996491,40355047
2022-11-28,177,2664,49996668,40357711
2022-11-29,183,3195,49996851,40360906
2022-11-30,174,3679,49997025,40364585
2022-12-01,222,3554,49997247,40368139
2022-12-02,154,3472,49997401,40371611
2022-12-03,101,1931,49997502,40373542
2022-12-04,5,290,49997507,40373832
2022-12-05,123,2729,49997630,40376561
2022-12-06,163,3484,49997793,40380045
2022-12-07,124,2809,49997917,40382854
2022-12-08,8,77,49997925,40382931