data_somministrazione,vaccinazioni,booster,cum_vaccinazioni,cum_booster
2020-12-27,22,0,22,0
2020-12-28,2,0,24,0
2020-12-29,1,0,25,0
2020-12-30,8,0,33,0
2020-12-31,83,0,116,0
2021-01-01,27,0,143,0
2021-01-02,154,0,297,0
2021-01-03,118,0,415,0
2021-01-04,249,0,664,0
2021-01-05,293,0,957,0
2021-01-06,265,0,1222,0
2021-01-07,335,0,1557,0
2021-01-08,391,0,1948,0
2021-01-09,298,0,2246,0
2021-01-10,178,0,2424,0
2021-01-11,314,0,2738,0
2021-01-12,295,0,3033,0
2021-01-13,427,0,3460,0
2021-01-14,509,0,3969,0
2021-01-15,329,0,4298,0
2021-01-16,226,0,4524,0
2021-01-17,3065,0,7589,0
2021-01-18,5222,0,12811,0
2021-01-19,1897,0,14708,0
2021-01-20,4660,0,19368,0
2021-01-21,20003,0,39371,0
2021-01-22,14219,0,53590,0
2021-01-23,33314,0,86904,0
2021-01-24,30771,0,117675,0
2021-01-25,64694,0,182369,0
2021-01-26,76452,0,258821,0
2021-01-27,64804,0,323625,0
2021-01-28,89237,0,412862,0
2021-01-29,93985,0,506847,0
2021-01-30,86534,0,593381,0
2021-01-31,57315,0,650696,0
2021-02-01,81829,0,732525,0
2021-02-02,82125,0,814650,0
2021-02-03,91097,0,905747,0
2021-02-04,95378,0,1001125,0
2021-02-05,90264,0,1091389,0
2021-02-06,63451,0,1154840,0
2021-02-07,32936,0,1187776,0
2021-02-08,40420,0,1228196,0
2021-02-09,32882,0,1261078,0
2021-02-10,28443,0,1289521,0
2021-02-11,20410,0,1309931,0
2021-02-12,16254,0,1326185,0
2021-02-13,7287,0,1333472,0
2021-02-14,2862,0,1336334,0
2021-02-15,6852,0,1343186,0
2021-02-16,7008,0,1350194,0
2021-02-17,10528,0,1360722,0
2021-02-18,9260,0,1369982,0
2021-02-19,8259,0,1378241,0
2021-02-20,5592,0,1383833,0
2021-02-21,3017,0,1386850,0
2021-02-22,6884,0,1393734,0
2021-02-23,7191,0,1400925,0
2021-02-24,9817,0,1410742,0
2021-02-25,14217,0,1424959,0
2021-02-26,17563,0,1442522,0
2021-02-27,13929,0,1456451,0
2021-02-28,9401,0,1465852,0
2021-03-01,26534,0,1492386,0
2021-03-02,33246,0,1525632,0
2021-03-03,44653,0,1570285,0
2021-03-04,50304,0,1620589,0
2021-03-05,55746,0,1676335,0
2021-03-06,41885,0,1718220,0
2021-03-07,22331,0,1740551,0
2021-03-08,50839,0,1791390,0
2021-03-09,53095,0,1844485,0
2021-03-10,58702,0,1903187,0
2021-03-11,63897,0,1967084,0
2021-03-12,65153,0,2032237,0
2021-03-13,51733,0,2083970,0
2021-03-14,35429,0,2119399,0
2021-03-15,73467,0,2192866,0
2021-03-16,74031,0,2266897,0
2021-03-17,83150,0,2350047,0
2021-03-18,81632,0,2431679,0
2021-03-19,81092,0,2512771,0
2021-03-20,64748,0,2577519,0
2021-03-21,47315,0,2624834,0
2021-03-22,69507,0,2694341,0
2021-03-23,75826,0,2770167,0
2021-03-24,90945,0,2861112,0
2021-03-25,89831,0,2950943,0
2021-03-26,83649,0,3034592,0
2021-03-27,71964,0,3106556,0
2021-03-28,44196,0,3150752,0
2021-03-29,70853,0,3221605,0
2021-03-30,81423,0,3303028,0
2021-03-31,96273,0,3399301,0
2021-04-01,95345,0,3494646,0
2021-04-02,84089,0,3578735,0
2021-04-03,64315,0,3643050,0
2021-04-04,21727,0,3664777,0
2021-04-05,40329,0,3705106,0
2021-04-06,81360,0,3786466,0
2021-04-07,95853,0,3882319,0
2021-04-08,95271,0,3977590,0
2021-04-09,88508,0,4066098,0
2021-04-10,74043,0,4140141,0
2021-04-11,44771,0,4184912,0
2021-04-12,66928,0,4251840,0
2021-04-13,72606,0,4324446,0
2021-04-14,85560,0,4410006,0
2021-04-15,105426,0,4515432,0
2021-04-16,106441,0,4621873,0
2021-04-17,90538,0,4712411,0
2021-04-18,58601,0,4771012,0
2021-04-19,93448,0,4864460,0
2021-04-20,103784,0,4968244,0
2021-04-21,125344,0,5093588,0
2021-04-22,143540,0,5237128,0
2021-04-23,138769,0,5375897,0
2021-04-24,124456,0,5500353,0
2021-04-25,61471,0,5561824,0
2021-04-26,97921,0,5659745,0
2021-04-27,128385,0,5788130,0
2021-04-28,156407,0,5944537,0
2021-04-29,195630,0,6140167,0
2021-04-30,214626,0,6354793,0
2021-05-01,174153,0,6528946,0
2021-05-02,135819,0,6664765,0
2021-05-03,142090,0,6806855,0
2021-05-04,158724,0,6965579,0
2021-05-05,170557,0,7136136,0
2021-05-06,197840,0,7333976,0
2021-05-07,213890,0,7547866,0
2021-05-08,213446,0,7761312,0
2021-05-09,143226,0,7904538,0
2021-05-10,165110,0,8069648,0
2021-05-11,175019,0,8244667,0
2021-05-12,179243,0,8423910,0
2021-05-13,203443,0,8627353,0
2021-05-14,222958,0,8850311,0
2021-05-15,210400,0,9060711,0
2021-05-16,159300,0,9220011,0
2021-05-17,219231,0,9439242,0
2021-05-18,213034,0,9652276,0
2021-05-19,207107,0,9859383,0
2021-05-20,270919,0,10130302,0
2021-05-21,270918,0,10401220,0
2021-05-22,245551,0,10646771,0
2021-05-23,197199,0,10843970,0
2021-05-24,228312,0,11072282,0
2021-05-25,245702,0,11317984,0
2021-05-26,277578,0,11595562,0
2021-05-27,311112,0,11906674,0
2021-05-28,299594,0,12206268,0
2021-05-29,231265,0,12437533,0
2021-05-30,170860,0,12608393,0
2021-05-31,216447,0,12824840,0
2021-06-01,207649,0,13032489,0
2021-06-02,115815,0,13148304,0
2021-06-03,180197,0,13328501,0
2021-06-04,184945,0,13513446,0
2021-06-05,186029,0,13699475,0
2021-06-06,139610,0,13839085,0
2021-06-07,161929,0,14001014,0
2021-06-08,171322,0,14172336,0
2021-06-09,171547,0,14343883,0
2021-06-10,174193,0,14518076,0
2021-06-11,170076,0,14688152,0
2021-06-12,128428,0,14816580,0
2021-06-13,91261,0,14907841,0
2021-06-14,214723,0,15122564,0
2021-06-15,228481,0,15351045,0
2021-06-16,253127,0,15604172,0
2021-06-17,301807,0,15905979,0
2021-06-18,306361,0,16212340,0
2021-06-19,275155,0,16487495,0
2021-06-20,220839,0,16708334,0
2021-06-21,288127,0,16996461,0
2021-06-22,296281,0,17292742,0
2021-06-23,302725,0,17595467,0
2021-06-24,332635,0,17928102,0
2021-06-25,348747,0,18276849,0
2021-06-26,300159,0,18577008,0
2021-06-27,228716,0,18805724,0
2021-06-28,307175,0,19112899,0
2021-06-29,329369,0,19442268,0
2021-06-30,342246,0,19784514,0
2021-07-01,363268,0,20147782,0
2021-07-02,368521,0,20516303,0
2021-07-03,371108,0,20887411,0
2021-07-04,283254,0,21170665,0
2021-07-05,384574,0,21555239,0
2021-07-06,385500,0,21940739,0
2021-07-07,412150,0,22352889,0
2021-07-08,479581,0,22832470,0
2021-07-09,498449,0,23330919,0
2021-07-10,475172,0,23806091,0
2021-07-11,357686,0,24163777,0
2021-07-12,485868,0,24649645,0
2021-07-13,492053,0,25141698,0
2021-07-14,480427,0,25622125,0
2021-07-15,523398,0,26145523,0
2021-07-16,509731,0,26655254,0
2021-07-17,464311,0,27119565,0
2021-07-18,364620,0,27484185,0
2021-07-19,463028,0,27947213,0
2021-07-20,458033,0,28405246,0
2021-07-21,462786,0,28868032,0
2021-07-22,475369,0,29343401,0
2021-07-23,441320,0,29784721,0
2021-07-24,386141,0,30170862,0
2021-07-25,287530,0,30458392,0
2021-07-26,430879,0,30889271,0
2021-07-27,440102,0,31329373,0
2021-07-28,391010,0,31720383,0
2021-07-29,372066,0,32092449,0
2021-07-30,341530,0,32433979,0
2021-07-31,287054,0,32721033,0
2021-08-01,190998,0,32912031,0
2021-08-02,333706,0,33245737,0
2021-08-03,323182,0,33568919,0
2021-08-04,311006,0,33879925,0
2021-08-05,292475,0,34172400,0
2021-08-06,260046,0,34432446,0
2021-08-07,199078,0,34631524,0
2021-08-08,153110,0,34784634,0
2021-08-09,234078,0,35018712,0
2021-08-10,205293,0,35224005,0
2021-08-11,193803,0,35417808,0
2021-08-12,168083,0,35585891,0
2021-08-13,148683,0,35734574,0
2021-08-14,66106,0,35800680,0
2021-08-15,26346,0,35827026,0
2021-08-16,114725,0,35941751,0
2021-08-17,129265,0,36071016,0
2021-08-18,128766,0,36199782,0
2021-08-19,124869,0,36324651,0
2021-08-20,123799,0,36448450,0
2021-08-21,83139,0,36531589,0
2021-08-22,68181,0,36599770,0
2021-08-23,176861,0,36776631,0
2021-08-24,156886,0,36933517,0
2021-08-25,177168,0,37110685,0
2021-08-26,172344,0,37283029,0
2021-08-27,185826,0,37468855,0
2021-08-28,140294,0,37609149,0
2021-08-29,98998,0,37708147,0
2021-08-30,209580,0,37917727,0
2021-08-31,194637,0,38112364,0
2021-09-01,192217,0,38304581,0
2021-09-02,189931,0,38494512,0
2021-09-03,191271,0,38685783,0
2021-09-04,131427,0,38817210,0
2021-09-05,87839,0,38905049,0
2021-09-06,193590,0,39098639,0
2021-09-07,196027,0,39294666,0
2021-09-08,187847,0,39482513,0
2021-09-09,201408,0,39683921,0
2021-09-10,198038,0,39881959,0
2021-09-11,141283,0,40023242,0
2021-09-12,89588,0,40112830,0
2021-09-13,191088,675,40303918,675
2021-09-14,177201,671,40481119,1346
2021-09-15,163079,665,40644198,2011
2021-09-16,160038,1024,40804236,3035
2021-09-17,150160,1182,40954396,4217
2021-09-18,127985,789,41082381,5006
2021-09-19,81140,515,41163521,5521
2021-09-20,180058,9148,41343579,14669
2021-09-21,166679,8868,41510258,23537
2021-09-22,159126,9472,41669384,33009
2021-09-23,138117,9366,41807501,42375
2021-09-24,140555,9026,41948056,51401
2021-09-25,119562,5683,42067618,57084
2021-09-26,71993,4371,42139611,61455
2021-09-27,135672,10099,42275283,71554
2021-09-28,117523,11439,42392806,82993
2021-09-29,112385,11859,42505191,94852
2021-09-30,110297,14993,42615488,109845
2021-10-01,95010,19146,42710498,128991
2021-10-02,78532,14048,42789030,143039
2021-10-03,47761,7673,42836791,150712
2021-10-04,88394,34492,42925185,185204
2021-10-05,80394,34024,43005579,219228
2021-10-06,72001,34228,43077580,253456
2021-10-07,71883,34385,43149463,287841
2021-10-08,80649,33633,43230112,321474
2021-10-09,76119,22204,43306231,343678
2021-10-10,45795,13632,43352026,357310
2021-10-11,87456,41140,43439482,398450
2021-10-12,84518,46943,43524000,445393
2021-10-13,88229,52179,43612229,497572
2021-10-14,91559,58565,43703788,556137
2021-10-15,93604,55693,43797392,611830
2021-10-16,82976,36837,43880368,648667
2021-10-17,51459,23866,43931827,672533
2021-10-18,90303,59534,44022130,732067
2021-10-19,78354,69429,44100484,801496
2021-10-20,75060,78223,44175544,879719
2021-10-21,78286,81830,44253830,961549
2021-10-22,73767,77094,44327597,1038643
2021-10-23,60840,51977,44388437,1090620
2021-10-24,33365,23487,44421802,1114107
2021-10-25,64902,81677,44486704,1195784
2021-10-26,58370,91852,44545074,1287636
2021-10-27,58317,104048,44603391,1391684
2021-10-28,61443,114176,44664834,1505860
2021-10-29,61620,103209,44726454,1609069
2021-10-30,50670,68165,44777124,1677234
2021-10-31,25158,28314,44802282,1705548
2021-11-01,19050,28160,44821332,1733708
2021-11-02,62738,89453,44884070,1823161
2021-11-03,60711,118719,44944781,1941880
2021-11-04,59237,126719,45004018,2068599
2021-11-05,63091,135240,45067109,2203839
2021-11-06,46494,90947,45113603,2294786
2021-11-07,22248,37908,45135851,2332694
2021-11-08,51522,131309,45187373,2464003
2021-11-09,45407,144240,45232780,2608243
2021-11-10,42594,156387,45275374,2764630
2021-11-11,44927,155191,45320301,2919821
2021-11-12,46303,158722,45366604,3078543
2021-11-13,33272,116683,45399876,3195226
2021-11-14,14490,52463,45414366,3247689
2021-11-15,36907,157459,45451273,3405148
2021-11-16,30567,171425,45481840,3576573
2021-11-17,28467,178472,45510307,3755045
2021-11-18,30297,193777,45540604,3948822
2021-11-19,28824,205897,45569428,4154719
2021-11-20,21013,156461,45590441,4311180
2021-11-21,10611,64872,45601052,4376052
2021-11-22,21960,213170,45623012,4589222
2021-11-23,23610,241805,45646622,4831027
2021-11-24,27770,271106,45674392,5102133
2021-11-25,23267,301955,45697659,5404088
2021-11-26,24602,318314,45722261,5722402
2021-11-27,21420,266178,45743681,5988580
2021-11-28,9910,137071,45753591,6125651
2021-11-29,22370,326083,45775961,6451734
2021-11-30,23121,365865,45799082,6817599
2021-12-01,21566,413548,45820648,7231147
2021-12-02,23800,440444,45844448,7671591
2021-12-03,25285,467547,45869733,8139138
2021-12-04,22396,418813,45892129,8557951
2021-12-05,11945,261369,45904074,8819320
2021-12-06,25853,457638,45929927,9276958
2021-12-07,24173,480314,45954100,9757272
2021-12-08,10033,249726,45964133,10006998
2021-12-09,31634,491970,45995767,10498968
2021-12-10,28111,517942,46023878,11016910
2021-12-11,23597,459288,46047475,11476198
2021-12-12,12328,293539,46059803,11769737
2021-12-13,26188,467665,46085991,12237402
2021-12-14,25212,494248,46111203,12731650
2021-12-15,25384,517190,46136587,13248840
2021-12-16,27943,520313,46164530,13769153
2021-12-17,29405,517231,46193935,14286384
2021-12-18,27117,468788,46221052,14755172
2021-12-19,15176,300548,46236228,15055720
2021-12-20,30687,477512,46266915,15533232
2021-12-21,30425,493453,46297340,16026685
2021-12-22,29498,484761,46326838,16511446
2021-12-23,28291,426974,46355129,16938420
2021-12-24,13129,210846,46368258,17149266
2021-12-25,2104,33053,46370362,17182319
2021-12-26,8785,159077,46379147,17341396
2021-12-27,46852,504706,46425999,17846102
2021-12-28,42512,554272,46468511,18400374
2021-12-29,34407,550689,46502918,18951063
2021-12-30,31904,499874,46534822,19450937
2021-12-31,14154,247410,46548976,19698347
2022-01-01,3503,64815,46552479,19763162
2022-01-02,22844,276728,46575323,20039890
2022-01-03,47963,520049,46623286,20559939
2022-01-04,46497,572109,46669783,21132048
2022-01-05,40866,560430,46710649,21692478
2022-01-06,23548,274489,46734197,21966967
2022-01-07,63817,554231,46798014,22521198
2022-01-08,61012,503428,46859026,23024626
2022-01-09,42987,319710,46902013,23344336
2022-01-10,61193,542332,46963206,23886668
2022-01-11,61881,587041,47025087,24473709
2022-01-12,58573,581318,47083660,25055027
2022-01-13,58736,580438,47142396,25635465
2022-01-14,46967,588627,47189363,26224092
2022-01-15,39618,570003,47228981,26794095
2022-01-16,31335,341899,47260316,27135994
2022-01-17,54866,489701,47315182,27625695
2022-01-18,58484,517061,47373666,28142756
2022-01-19,57284,502826,47430950,28645582
2022-01-20,54439,498866,47485389,29144448
2022-01-21,42198,493907,47527587,29638355
2022-01-22,31322,469625,47558909,30107980
2022-01-23,34991,275394,47593900,30383374
2022-01-24,56236,437258,47650136,30820632
2022-01-25,61610,452136,47711746,31272768
2022-01-26,58607,435850,47770353,31708618
2022-01-27,48906,432421,47819259,32141039
2022-01-28,58771,436571,47878030,32577610
2022-01-29,68203,412523,47946233,32990133
2022-01-30,50414,235994,47996647,33226127
2022-01-31,60730,356956,48057377,33583083
2022-02-01,65627,328473,48123004,33911556
2022-02-02,63256,297003,48186260,34208559
2022-02-03,60102,274543,48246362,34483102
2022-02-04,72419,268478,48318781,34751580
2022-02-05,83822,248561,48402603,35000141
2022-02-06,55309,116208,48457912,35116349
2022-02-07,65194,199947,48523106,35316296
2022-02-08,66960,186134,48590066,35502430
2022-02-09,58783,166356,48648849,35668786
2022-02-10,58602,163257,48707451,35832043
2022-02-11,62282,162483,48769733,35994526
2022-02-12,72018,152157,48841751,36146683
2022-02-13,41488,68860,48883239,36215543
2022-02-14,46713,116196,48929952,36331739
2022-02-15,48573,123483,48978525,36455222
2022-02-16,45702,106132,49024227,36561354
2022-02-17,42877,98128,49067104,36659482
2022-02-18,46638,112591,49113742,36772073
2022-02-19,52547,100342,49166289,36872415
2022-02-20,31415,40368,49197704,36912783
2022-02-21,37903,89661,49235607,37002444
2022-02-22,37228,83786,49272835,37086230
2022-02-23,33404,79409,49306239,37165639
2022-02-24,32563,78169,49338802,37243808
2022-02-25,34776,90716,49373578,37334524
2022-02-26,39166,89139,49412744,37423663
2022-02-27,22548,35860,49435292,37459523
2022-02-28,28492,81701,49463784,37541224
2022-03-01,22735,53944,49486519,37595168
2022-03-02,21937,50713,49508456,37645881
2022-03-03,22641,54947,49531097,37700828
2022-03-04,23245,62803,49554342,37763631
2022-03-05,23805,57952,49578147,37821583
2022-03-06,9473,17200,49587620,37838783
2022-03-07,15928,51391,49603548,37890174
2022-03-08,15482,48797,49619030,37938971
2022-03-09,13815,46518,49632845,37985489
2022-03-10,14061,52128,49646906,38037617
2022-03-11,15594,57276,49662500,38094893
2022-03-12,15513,56620,49678013,38151513
2022-03-13,5545,16852,49683558,38168365
2022-03-14,10528,46703,49694086,38215068
2022-03-15,10555,46895,49704641,38261963
2022-03-16,9487,41980,49714128,38303943
2022-03-17,9727,44877,49723855,38348820
2022-03-18,10164,49059,49734019,38397879
2022-03-19,9152,46541,49743171,38444420
2022-03-20,2608,11704,49745779,38456124
2022-03-21,7587,40233,49753366,38496357
2022-03-22,8448,37769,49761814,38534126
2022-03-23,7221,33701,49769035,38567827
2022-03-24,8262,38820,49777297,38606647
2022-03-25,8144,43673,49785441,38650320
2022-03-26,8129,41722,49793570,38692042
2022-03-27,2432,9683,49796002,38701725
2022-03-28,6113,35245,49802115,38736970
2022-03-29,5783,32532,49807898,38769502
2022-03-30,5567,30205,49813465,38799707
2022-03-31,5906,33187,49819371,38832894
2022-04-01,4351,25191,49823722,38858085
2022-04-02,4498,23275,49828220,38881360
2022-04-03,1049,4500,49829269,38885860
2022-04-04,3662,21547,49832931,38907407
2022-04-05,3759,22938,49836690,38930345
2022-04-06,4105,21853,49840795,38952198
2022-04-07,3971,23321,49844766,38975519
2022-04-08,4696,26716,49849462,39002235
2022-04-09,4382,23888,49853844,39026123
2022-04-10,893,4613,49854737,39030736
2022-04-11,3819,22691,49858556,39053427
2022-04-12,3364,21781,49861920,39075208
2022-04-13,3574,21337,49865494,39096545
2022-04-14,3487,23789,49868981,39120334
2022-04-15,3085,20623,49872066,39140957
2022-04-16,2152,11918,49874218,39152875
2022-04-17,63,348,49874281,39153223
2022-04-18,152,650,49874433,39153873
2022-04-19,3500,21988,49877933,39175861
2022-04-20,3513,20250,49881446,39196111
2022-04-21,2848,19793,49884294,39215904
2022-04-22,2928,20715,49887222,39236619
2022-04-23,2648,16222,49889870,39252841
2022-04-24,509,2335,49890379,39255176
2022-04-25,183,1165,49890562,39256341
2022-04-26,2761,17813,49893323,39274154
2022-04-27,2375,15795,49895698,39289949
2022-04-28,2363,15567,49898061,39305516
2022-04-29,2299,14850,49900360,39320366
2022-04-30,2123,11585,49902483,39331951
2022-05-01,113,531,49902596,39332482
2022-05-02,1451,9394,49904047,39341876
2022-05-03,1577,10326,49905624,39352202
2022-05-04,1747,10276,49907371,39362478
2022-05-05,1654,10301,49909025,39372779
2022-05-06,1702,10972,49910727,39383751
2022-05-07,1431,8574,49912158,39392325
2022-05-08,417,1526,49912575,39393851
2022-05-09,1028,8935,49913603,39402786
2022-05-10,1427,9554,49915030,39412340
2022-05-11,1485,10109,49916515,39422449
2022-05-12,1371,10137,49917886,39432586
2022-05-13,1596,10527,49919482,39443113
2022-05-14,1361,8248,49920843,39451361
2022-05-15,336,1138,49921179,39452499
2022-05-16,814,8409,49921993,39460908
2022-05-17,1244,8707,49923237,39469615
2022-05-18,1373,9256,49924610,39478871
2022-05-19,1501,9287,49926111,39488158
2022-05-20,1426,9535,49927537,39497693
2022-05-21,1302,7902,49928839,39505595
2022-05-22,231,1013,49929070,39506608
2022-05-23,830,8274,49929900,39514882
2022-05-24,1073,8673,49930973,39523555
2022-05-25,1372,9460,49932345,39533015
2022-05-26,1198,9480,49933543,39542495
2022-05-27,1232,9917,49934775,39552412
2022-05-28,1205,7890,49935980,39560302
2022-05-29,288,1265,49936268,39561567
2022-05-30,931,8060,49937199,39569627
2022-05-31,1039,8549,49938238,39578176
2022-06-01,896,7657,49939134,39585833
2022-06-02,35,474,49939169,39586307
2022-06-03,817,7334,49939986,39593641
2022-06-04,870,5162,49940856,39598803
2022-06-05,88,586,49940944,39599389
2022-06-06,679,7004,49941623,39606393
2022-06-07,952,7850,49942575,39614243
2022-06-08,981,7906,49943556,39622149
2022-06-09,1037,8418,49944593,39630567
2022-06-10,958,8563,49945551,39639130
2022-06-11,904,6207,49946455,39645337
2022-06-12,140,768,49946595,39646105
2022-06-13,602,6301,49947197,39652406
2022-06-14,832,7905,49948029,39660311
2022-06-15,960,7856,49948989,39668167
2022-06-16,733,7399,49949722,39675566
2022-06-17,723,7248,49950445,39682814
2022-06-18,778,5596,49951223,39688410
2022-06-19,49,521,49951272,39688931
2022-06-20,587,6699,49951859,39695630
2022-06-21,741,7664,49952600,39703294
2022-06-22,779,7313,49953379,39710607
2022-06-23,649,7472,49954028,39718079
2022-06-24,644,7474,49954672,39725553
2022-06-25,835,6533,49955507,39732086
2022-06-26,128,523,49955635,39732609
2022-06-27,534,7126,49956169,39739735
2022-06-28,748,8208,49956917,39747943
2022-06-29,756,7733,49957673,39755676
2022-06-30,747,8145,49958420,39763821
2022-07-01,577,6443,49958997,39770264
2022-07-02,536,4769,49959533,39775033
2022-07-03,49,456,49959582,39775489
2022-07-04,469,6278,49960051,39781767
2022-07-05,631,8122,49960682,39789889
2022-07-06,634,7611,49961316,39797500
2022-07-07,576,8274,49961892,39805774
2022-07-08,677,8086,49962569,39813860
2022-07-09,550,6105,49963119,39819965
2022-07-10,58,533,49963177,39820498
2022-07-11,493,7642,49963670,39828140
2022-07-12,669,9029,49964339,39837169
2022-07-13,645,10066,49964984,39847235
2022-07-14,637,10225,49965621,39857460
2022-07-15,627,10674,49966248,39868134
2022-07-16,523,7215,49966771,39875349
2022-07-17,48,770,49966819,39876119
2022-07-18,496,9375,49967315,39885494
2022-07-19,576,10684,49967891,39896178
2022-07-20,582,11277,49968473,39907455
2022-07-21,632,12093,49969105,39919548
2022-07-22,584,11262,49969689,39930810
2022-07-23,381,6775,49970070,39937585
2022-07-24,76,857,49970146,39938442
2022-07-25,504,9056,49970650,39947498
2022-07-26,522,9766,49971172,39957264
2022-07-27,554,10210,49971726,39967474
2022-07-28,533,10533,49972259,39978007
2022-07-29,510,9467,49972769,39987474
2022-07-30,383,5883,49973152,39993357
2022-07-31,49,763,49973201,39994120
2022-08-01,386,6865,49973587,40000985
2022-08-02,548,7590,49974135,40008575
2022-08-03,513,7182,49974648,40015757
2022-08-04,455,7493,49975103,40023250
2022-08-05,421,6527,49975524,40029777
2022-08-06,300,3613,49975824,40033390
2022-08-07,44,563,49975868,40033953
2022-08-08,403,4890,49976271,40038843
2022-08-09,381,5313,49976652,40044156
2022-08-10,385,4816,49977037,40048972
2022-08-11,369,4804,49977406,40053776
2022-08-12,294,3719,49977700,40057495
2022-08-13,143,1600,49977843,40059095
2022-08-14,9,129,49977852,40059224
2022-08-15,1,26,49977853,40059250
2022-08-16,283,3043,49978136,40062293
2022-08-17,352,3536,49978488,40065829
2022-08-18,394,4160,49978882,40069989
2022-08-19,341,3319,49979223,40073308
2022-08-20,184,1715,49979407,40075023
2022-08-21,24,149,49979431,40075172
2022-08-22,330,2952,49979761,40078124
2022-08-23,370,3674,49980131,40081798
2022-08-24,384,3360,49980515,40085158
2022-08-25,423,3773,49980938,40088931
2022-08-26,399,3585,49981337,40092516
2022-08-27,237,1770,49981574,40094286
2022-08-28,29,267,49981603,40094553
2022-08-29,354,3161,49981957,40097714
2022-08-30,406,3672,49982363,40101386
2022-08-31,438,3734,49982801,40105120
2022-09-01,353,3117,49983154,40108237
2022-09-02,297,2894,49983451,40111131
2022-09-03,200,1692,49983651,40112823
2022-09-04,24,149,49983675,40112972
2022-09-05,187,2656,49983862,40115628
2022-09-06,306,2985,49984168,40118613
2022-09-07,542,2936,49984710,40121549
2022-09-08,293,2964,49985003,40124513
2022-09-09,308,2886,49985311,40127399
2022-09-10,228,1327,49985539,40128726
2022-09-11,23,124,49985562,40128850
2022-09-12,267,2269,49985829,40131119
2022-09-13,253,2279,49986082,40133398
2022-09-14,266,2566,49986348,40135964
2022-09-15,283,2501,49986631,40138465
2022-09-16,255,2542,49986886,40141007
2022-09-17,239,1339,49987125,40142346
2022-09-18,20,170,49987145,40142516
2022-09-19,206,1971,49987351,40144487
2022-09-20,237,2392,49987588,40146879
2022-09-21,289,2526,49987877,40149405
2022-09-22,267,2663,49988144,40152068
2022-09-23,261,2546,49988405,40154614
2022-09-24,193,1427,49988598,40156041
2022-09-25,29,133,49988627,40156174
2022-09-26,281,2249,49988908,40158423
2022-09-27,287,2680,49989195,40161103
2022-09-28,310,2905,49989505,40164008
2022-09-29,257,3050,49989762,40167058
2022-09-30,292,2987,49990054,40170045
2022-10-01,195,1515,49990249,40171560
2022-10-02,12,187,49990261,40171747
2022-10-03,186,2475,49990447,40174222
2022-10-04,236,2861,49990683,40177083
2022-10-05,233,3253,49990916,40180336
2022-10-06,243,3872,49991159,40184208
2022-10-07,283,4184,49991442,40188392
2022-10-08,206,2268,49991648,40190660
2022-10-09,8,305,49991656,40190965
2022-10-10,214,3347,49991870,40194312
2022-10-11,195,4378,49992065,40198690
2022-10-12,207,4436,49992272,40203126
2022-10-13,206,5299,49992478,40208425
2022-10-14,233,5006,49992711,40213431
2022-10-15,191,2669,49992902,40216100
2022-10-16,6,360,49992908,40216460
2022-10-17,187,3873,49993095,40220333
2022-10-18,257,4959,49993352,40225292
2022-10-19,246,5476,49993598,40230768
2022-10-20,224,5995,49993822,40236763
2022-10-21,257,5475,49994079,40242238
2022-10-22,195,2910,49994274,40245148
2022-10-23,13,364,49994287,40245512
2022-10-24,171,3929,49994458,40249441
2022-10-25,256,4925,49994714,40254366
2022-10-26,350,5501,49995064,40259867
2022-10-27,240,5675,49995304,40265542
2022-10-28,199,5264,49995503,40270806
2022-10-29,128,2844,49995631,40273650
2022-10-30,3,328,49995634,40273978
2022-10-31,117,3039,49995751,40277017
2022-11-01,11,353,49995762,40277370
2022-11-02,146,3721,49995908,40281091
2022-11-03,172,4788,49996080,40285879
2022-11-04,228,4600,49996308,40290479
2022-11-05,144,2598,49996452,40293077
2022-11-06,10,261,49996462,40293338
2022-11-07,169,3226,49996631,40296564
2022-11-08,261,4252,49996892,40300816
2022-11-09,202,4334,49997094,40305150
2022-11-10,183,4596,49997277,40309746
2022-11-11,194,4230,49997471,40313976
2022-11-12,161,2378,49997632,40316354
2022-11-13,7,338,49997639,40316692
2022-11-14,150,2836,49997789,40319528
2022-11-15,204,3748,49997993,40323276
2022-11-16,217,3999,49998210,40327275
2022-11-17,193,4106,49998403,40331381
2022-11-18,248,4033,49998651,40335414
2022-11-19,112,2087,49998763,40337501
2022-11-20,24,317,49998787,40337818
2022-11-21,119,2621,49998906,40340439
2022-11-22,142,3220,49999048,40343659
2022-11-23,191,3625,49999239,40347284
2022-11-24,158,3845,49999397,40351129
2022-11-25,184,3776,49999581,40354905
2022-11-26,134,2094,49999715,40356999
2022-11-27,22,356,49999737,40357355
2022-11-28,182,2690,49999919,40360045
2022-11-29,257,3235,50000176,40363280
2022-11-30,183,3734,50000359,40367014
2022-12-01,151,3628,50000510,40370642
2022-12-02,158,3528,50000668,40374170
2022-12-03,106,1972,50000774,40376142
2022-12-04,5,290,50000779,40376432
2022-12-05,129,2855,50000908,40379287
2022-12-06,177,3659,50001085,40382946
2022-12-07,136,3128,50001221,40386074
2022-12-08,8,168,50001229,40386242
2022-12-09,164,3035,50001393,40389277
2022-12-10,71,1601,50001464,40390878
2022-12-11,7,193,50001471,40391071
2022-12-12,171,2534,50001642,40393605
2022-12-13,251,3049,50001893,40396654
2022-12-14,232,3234,50002125,40399888
2022-12-15,206,3287,50002331,40403175
2022-12-16,159,3177,50002490,40406352
2022-12-17,95,1692,50002585,40408044
2022-12-18,10,270,50002595,40408314
2022-12-19,147,2163,50002742,40410477
2022-12-20,213,2517,50002955,40412994
2022-12-21,159,2247,50003114,40415241
2022-12-22,141,1867,50003255,40417108
2022-12-23,154,1219,50003409,40418327
2022-12-24,32,161,50003441,40418488
2022-12-25,0,6,50003441,40418494
2022-12-26,6,41,50003447,40418535
2022-12-27,133,1557,50003580,40420092
2022-12-28,136,1774,50003716,40421866
2022-12-29,93,1703,50003809,40423569
2022-12-30,116,1610,50003925,40425179
2022-12-31,21,273,50003946,40425452
2023-01-01,0,6,50003946,40425458
2023-01-02,48,1122,50003994,40426580
2023-01-03,97,1893,50004091,40428473
2023-01-04,109,1991,50004200,40430464
2023-01-05,98,1900,50004298,40432364
2023-01-06,0,68,50004298,40432432
2023-01-07,52,681,50004350,40433113
2023-01-08,2,97,50004352,40433210
2023-01-09,124,1393,50004476,40434603
2023-01-10,123,1744,50004599,40436347
2023-01-11,115,1663,50004714,40438010
2023-01-12,58,865,50004772,40438875