data_somministrazione,vaccinazioni,booster,cum_vaccinazioni,cum_booster
2020-12-27,21,0,21,0
2020-12-28,2,0,23,0
2020-12-29,1,0,24,0
2020-12-30,9,0,33,0
2020-12-31,80,0,113,0
2021-01-01,26,0,139,0
2021-01-02,148,0,287,0
2021-01-03,112,0,399,0
2021-01-04,245,0,644,0
2021-01-05,287,0,931,0
2021-01-06,260,0,1191,0
2021-01-07,330,0,1521,0
2021-01-08,383,0,1904,0
2021-01-09,287,0,2191,0
2021-01-10,170,0,2361,0
2021-01-11,311,0,2672,0
2021-01-12,289,0,2961,0
2021-01-13,421,0,3382,0
2021-01-14,506,0,3888,0
2021-01-15,324,0,4212,0
2021-01-16,225,0,4437,0
2021-01-17,3065,0,7502,0
2021-01-18,5220,0,12722,0
2021-01-19,1895,0,14617,0
2021-01-20,4659,0,19276,0
2021-01-21,20004,0,39280,0
2021-01-22,14220,0,53500,0
2021-01-23,33319,0,86819,0
2021-01-24,30775,0,117594,0
2021-01-25,64698,0,182292,0
2021-01-26,76459,0,258751,0
2021-01-27,64804,0,323555,0
2021-01-28,89247,0,412802,0
2021-01-29,93992,0,506794,0
2021-01-30,86541,0,593335,0
2021-01-31,57322,0,650657,0
2021-02-01,81834,0,732491,0
2021-02-02,82130,0,814621,0
2021-02-03,91104,0,905725,0
2021-02-04,95382,0,1001107,0
2021-02-05,90267,0,1091374,0
2021-02-06,63450,0,1154824,0
2021-02-07,32935,0,1187759,0
2021-02-08,40421,0,1228180,0
2021-02-09,32881,0,1261061,0
2021-02-10,28439,0,1289500,0
2021-02-11,20407,0,1309907,0
2021-02-12,16252,0,1326159,0
2021-02-13,7280,0,1333439,0
2021-02-14,2862,0,1336301,0
2021-02-15,6850,0,1343151,0
2021-02-16,7007,0,1350158,0
2021-02-17,10527,0,1360685,0
2021-02-18,9258,0,1369943,0
2021-02-19,8259,0,1378202,0
2021-02-20,5581,0,1383783,0
2021-02-21,3015,0,1386798,0
2021-02-22,6883,0,1393681,0
2021-02-23,7190,0,1400871,0
2021-02-24,9815,0,1410686,0
2021-02-25,14213,0,1424899,0
2021-02-26,17561,0,1442460,0
2021-02-27,13925,0,1456385,0
2021-02-28,9397,0,1465782,0
2021-03-01,26531,0,1492313,0
2021-03-02,33248,0,1525561,0
2021-03-03,44652,0,1570213,0
2021-03-04,50300,0,1620513,0
2021-03-05,55744,0,1676257,0
2021-03-06,41885,0,1718142,0
2021-03-07,22332,0,1740474,0
2021-03-08,50841,0,1791315,0
2021-03-09,53095,0,1844410,0
2021-03-10,58697,0,1903107,0
2021-03-11,63895,0,1967002,0
2021-03-12,65142,0,2032144,0
2021-03-13,51733,0,2083877,0
2021-03-14,35425,0,2119302,0
2021-03-15,73464,0,2192766,0
2021-03-16,74029,0,2266795,0
2021-03-17,83143,0,2349938,0
2021-03-18,81632,0,2431570,0
2021-03-19,81090,0,2512660,0
2021-03-20,64741,0,2577401,0
2021-03-21,47310,0,2624711,0
2021-03-22,69507,0,2694218,0
2021-03-23,75820,0,2770038,0
2021-03-24,90938,0,2860976,0
2021-03-25,89830,0,2950806,0
2021-03-26,83644,0,3034450,0
2021-03-27,71962,0,3106412,0
2021-03-28,44190,0,3150602,0
2021-03-29,70849,0,3221451,0
2021-03-30,81419,0,3302870,0
2021-03-31,96268,0,3399138,0
2021-04-01,95339,0,3494477,0
2021-04-02,84090,0,3578567,0
2021-04-03,64314,0,3642881,0
2021-04-04,21726,0,3664607,0
2021-04-05,40323,0,3704930,0
2021-04-06,81347,0,3786277,0
2021-04-07,95848,0,3882125,0
2021-04-08,95263,0,3977388,0
2021-04-09,88510,0,4065898,0
2021-04-10,74039,0,4139937,0
2021-04-11,44774,0,4184711,0
2021-04-12,66928,0,4251639,0
2021-04-13,72600,0,4324239,0
2021-04-14,85561,0,4409800,0
2021-04-15,105428,0,4515228,0
2021-04-16,106435,0,4621663,0
2021-04-17,90533,0,4712196,0
2021-04-18,58597,0,4770793,0
2021-04-19,93448,0,4864241,0
2021-04-20,103782,0,4968023,0
2021-04-21,125344,0,5093367,0
2021-04-22,143539,0,5236906,0
2021-04-23,138764,0,5375670,0
2021-04-24,124453,0,5500123,0
2021-04-25,61470,0,5561593,0
2021-04-26,97917,0,5659510,0
2021-04-27,128381,0,5787891,0
2021-04-28,156404,0,5944295,0
2021-04-29,195625,0,6139920,0
2021-04-30,214622,0,6354542,0
2021-05-01,174150,0,6528692,0
2021-05-02,135817,0,6664509,0
2021-05-03,142077,0,6806586,0
2021-05-04,158719,0,6965305,0
2021-05-05,170556,0,7135861,0
2021-05-06,197834,0,7333695,0
2021-05-07,213882,0,7547577,0
2021-05-08,213445,0,7761022,0
2021-05-09,143221,0,7904243,0
2021-05-10,165108,0,8069351,0
2021-05-11,175016,0,8244367,0
2021-05-12,179237,0,8423604,0
2021-05-13,203427,0,8627031,0
2021-05-14,222949,0,8849980,0
2021-05-15,210398,0,9060378,0
2021-05-16,159292,0,9219670,0
2021-05-17,219226,0,9438896,0
2021-05-18,213036,0,9651932,0
2021-05-19,207106,0,9859038,0
2021-05-20,270902,0,10129940,0
2021-05-21,270918,0,10400858,0
2021-05-22,245554,0,10646412,0
2021-05-23,197197,0,10843609,0
2021-05-24,228313,0,11071922,0
2021-05-25,245702,0,11317624,0
2021-05-26,277577,0,11595201,0
2021-05-27,311108,0,11906309,0
2021-05-28,299592,0,12205901,0
2021-05-29,231261,0,12437162,0
2021-05-30,170858,0,12608020,0
2021-05-31,216442,0,12824462,0
2021-06-01,207645,0,13032107,0
2021-06-02,115807,0,13147914,0
2021-06-03,180185,0,13328099,0
2021-06-04,184932,0,13513031,0
2021-06-05,186010,0,13699041,0
2021-06-06,139601,0,13838642,0
2021-06-07,161918,0,14000560,0
2021-06-08,171301,0,14171861,0
2021-06-09,171535,0,14343396,0
2021-06-10,174177,0,14517573,0
2021-06-11,170055,0,14687628,0
2021-06-12,128412,0,14816040,0
2021-06-13,91246,0,14907286,0
2021-06-14,214715,0,15122001,0
2021-06-15,228473,0,15350474,0
2021-06-16,253122,0,15603596,0
2021-06-17,301797,0,15905393,0
2021-06-18,306343,0,16211736,0
2021-06-19,275138,0,16486874,0
2021-06-20,220836,0,16707710,0
2021-06-21,288116,0,16995826,0
2021-06-22,296270,0,17292096,0
2021-06-23,302716,0,17594812,0
2021-06-24,332631,0,17927443,0
2021-06-25,348747,0,18276190,0
2021-06-26,300156,0,18576346,0
2021-06-27,228703,0,18805049,0
2021-06-28,307167,0,19112216,0
2021-06-29,329356,0,19441572,0
2021-06-30,342235,0,19783807,0
2021-07-01,363258,0,20147065,0
2021-07-02,368515,0,20515580,0
2021-07-03,371107,0,20886687,0
2021-07-04,283248,0,21169935,0
2021-07-05,384570,0,21554505,0
2021-07-06,385495,0,21940000,0
2021-07-07,412144,0,22352144,0
2021-07-08,479592,0,22831736,0
2021-07-09,498465,0,23330201,0
2021-07-10,475177,0,23805378,0
2021-07-11,357690,0,24163068,0
2021-07-12,485875,0,24648943,0
2021-07-13,492072,0,25141015,0
2021-07-14,480431,0,25621446,0
2021-07-15,523412,0,26144858,0
2021-07-16,509742,0,26654600,0
2021-07-17,464323,0,27118923,0
2021-07-18,364627,0,27483550,0
2021-07-19,463035,0,27946585,0
2021-07-20,458043,0,28404628,0
2021-07-21,462787,0,28867415,0
2021-07-22,475374,0,29342789,0
2021-07-23,441326,0,29784115,0
2021-07-24,386147,0,30170262,0
2021-07-25,287543,0,30457805,0
2021-07-26,430891,0,30888696,0
2021-07-27,440104,0,31328800,0
2021-07-28,391014,0,31719814,0
2021-07-29,372075,0,32091889,0
2021-07-30,341525,0,32433414,0
2021-07-31,287049,0,32720463,0
2021-08-01,190994,0,32911457,0
2021-08-02,333715,0,33245172,0
2021-08-03,323189,0,33568361,0
2021-08-04,310995,0,33879356,0
2021-08-05,292478,0,34171834,0
2021-08-06,260044,0,34431878,0
2021-08-07,199067,0,34630945,0
2021-08-08,153108,0,34784053,0
2021-08-09,234086,0,35018139,0
2021-08-10,205296,0,35223435,0
2021-08-11,193798,0,35417233,0
2021-08-12,168076,0,35585309,0
2021-08-13,148677,0,35733986,0
2021-08-14,66104,0,35800090,0
2021-08-15,26344,0,35826434,0
2021-08-16,114720,0,35941154,0
2021-08-17,129256,0,36070410,0
2021-08-18,128764,0,36199174,0
2021-08-19,124864,0,36324038,0
2021-08-20,123798,0,36447836,0
2021-08-21,83134,0,36530970,0
2021-08-22,68182,0,36599152,0
2021-08-23,176870,0,36776022,0
2021-08-24,156891,0,36932913,0
2021-08-25,177170,0,37110083,0
2021-08-26,172350,0,37282433,0
2021-08-27,185830,0,37468263,0
2021-08-28,140293,0,37608556,0
2021-08-29,98997,0,37707553,0
2021-08-30,209582,0,37917135,0
2021-08-31,194642,0,38111777,0
2021-09-01,192216,0,38303993,0
2021-09-02,189926,0,38493919,0
2021-09-03,191279,0,38685198,0
2021-09-04,131440,0,38816638,0
2021-09-05,87841,0,38904479,0
2021-09-06,193602,0,39098081,0
2021-09-07,196038,0,39294119,0
2021-09-08,187858,0,39481977,0
2021-09-09,201419,0,39683396,0
2021-09-10,198051,0,39881447,0
2021-09-11,141291,0,40022738,0
2021-09-12,89592,0,40112330,0
2021-09-13,191101,659,40303431,659
2021-09-14,177206,658,40480637,1317
2021-09-15,163080,653,40643717,1970
2021-09-16,160036,1014,40803753,2984
2021-09-17,150151,1174,40953904,4158
2021-09-18,127984,782,41081888,4940
2021-09-19,81142,512,41163030,5452
2021-09-20,180058,9137,41343088,14589
2021-09-21,166675,8865,41509763,23454
2021-09-22,159119,9466,41668882,32920
2021-09-23,138108,9358,41806990,42278
2021-09-24,140550,9020,41947540,51298
2021-09-25,119563,5676,42067103,56974
2021-09-26,71994,4367,42139097,61341
2021-09-27,135673,10086,42274770,71427
2021-09-28,117523,11432,42392293,82859
2021-09-29,112380,11855,42504673,94714
2021-09-30,110294,14985,42614967,109699
2021-10-01,95004,19144,42709971,128843
2021-10-02,78526,14047,42788497,142890
2021-10-03,47761,7671,42836258,150561
2021-10-04,88390,34490,42924648,185051
2021-10-05,80384,34023,43005032,219074
2021-10-06,72010,34217,43077042,253291
2021-10-07,71882,34380,43148924,287671
2021-10-08,80649,33626,43229573,321297
2021-10-09,76114,22202,43305687,343499
2021-10-10,45792,13632,43351479,357131
2021-10-11,87446,41136,43438925,398267
2021-10-12,84518,46937,43523443,445204
2021-10-13,88226,52172,43611669,497376
2021-10-14,91559,58562,43703228,555938
2021-10-15,93599,55686,43796827,611624
2021-10-16,82978,36829,43879805,648453
2021-10-17,51460,23864,43931265,672317
2021-10-18,90301,59526,44021566,731843
2021-10-19,78355,69420,44099921,801263
2021-10-20,75061,78214,44174982,879477
2021-10-21,78282,81824,44253264,961301
2021-10-22,73767,77090,44327031,1038391
2021-10-23,60838,51976,44387869,1090367
2021-10-24,33372,23480,44421241,1113847
2021-10-25,64893,81672,44486134,1195519
2021-10-26,58372,91843,44544506,1287362
2021-10-27,58318,104042,44602824,1391404
2021-10-28,61442,114166,44664266,1505570
2021-10-29,61626,103197,44725892,1608767
2021-10-30,50672,68159,44776564,1676926
2021-10-31,25160,28313,44801724,1705239
2021-11-01,19050,28159,44820774,1733398
2021-11-02,62737,89446,44883511,1822844
2021-11-03,60716,118705,44944227,1941549
2021-11-04,59237,126708,45003464,2068257
2021-11-05,63090,135232,45066554,2203489
2021-11-06,46496,90943,45113050,2294432
2021-11-07,22248,37908,45135298,2332340
2021-11-08,51525,131299,45186823,2463639
2021-11-09,45403,144237,45232226,2607876
2021-11-10,42593,156380,45274819,2764256
2021-11-11,44928,155176,45319747,2919432
2021-11-12,46297,158711,45366044,3078143
2021-11-13,33273,116683,45399317,3194826
2021-11-14,14490,52462,45413807,3247288
2021-11-15,36908,157446,45450715,3404734
2021-11-16,30569,171414,45481284,3576148
2021-11-17,28469,178470,45509753,3754618
2021-11-18,30296,193771,45540049,3948389
2021-11-19,28823,205890,45568872,4154279
2021-11-20,21014,156460,45589886,4310739
2021-11-21,10613,64870,45600499,4375609
2021-11-22,21960,213163,45622459,4588772
2021-11-23,23606,241805,45646065,4830577
2021-11-24,27768,271104,45673833,5101681
2021-11-25,23272,301951,45697105,5403632
2021-11-26,24602,318311,45721707,5721943
2021-11-27,21419,266172,45743126,5988115
2021-11-28,9909,137072,45753035,6125187
2021-11-29,22368,326082,45775403,6451269
2021-11-30,23122,365862,45798525,6817131
2021-12-01,21561,413546,45820086,7230677
2021-12-02,23800,440445,45843886,7671122
2021-12-03,25284,467545,45869170,8138667
2021-12-04,22389,418810,45891559,8557477
2021-12-05,11944,261369,45903503,8818846
2021-12-06,25848,457637,45929351,9276483
2021-12-07,24168,480309,45953519,9756792
2021-12-08,10032,249723,45963551,10006515
2021-12-09,31624,491968,45995175,10498483
2021-12-10,28108,517938,46023283,11016421
2021-12-11,23595,459286,46046878,11475707
2021-12-12,12327,293536,46059205,11769243
2021-12-13,26185,467661,46085390,12236904
2021-12-14,25207,494244,46110597,12731148
2021-12-15,25379,517191,46135976,13248339
2021-12-16,27934,520311,46163910,13768650
2021-12-17,29402,517229,46193312,14285879
2021-12-18,27118,468786,46220430,14754665
2021-12-19,15173,300546,46235603,15055211
2021-12-20,30679,477513,46266282,15532724
2021-12-21,30420,493450,46296702,16026174
2021-12-22,29492,484759,46326194,16510933
2021-12-23,28290,426971,46354484,16937904
2021-12-24,13123,210846,46367607,17148750
2021-12-25,2104,33053,46369711,17181803
2021-12-26,8781,159078,46378492,17340881
2021-12-27,46853,504701,46425345,17845582
2021-12-28,42514,554267,46467859,18399849
2021-12-29,34407,550685,46502266,18950534
2021-12-30,31903,499870,46534169,19450404
2021-12-31,14150,247410,46548319,19697814
2022-01-01,3502,64814,46551821,19762628
2022-01-02,22836,276728,46574657,20039356
2022-01-03,47960,520036,46622617,20559392
2022-01-04,46488,572107,46669105,21131499
2022-01-05,40864,560428,46709969,21691927
2022-01-06,23542,274491,46733511,21966418
2022-01-07,63811,554226,46797322,22520644
2022-01-08,60994,503426,46858316,23024070
2022-01-09,42976,319708,46901292,23343778
2022-01-10,61184,542330,46962476,23886108
2022-01-11,61875,587039,47024351,24473147
2022-01-12,58570,581315,47082921,25054462
2022-01-13,58725,580434,47141646,25634896
2022-01-14,46952,588625,47188598,26223521
2022-01-15,39585,570001,47228183,26793522
2022-01-16,31331,341897,47259514,27135419
2022-01-17,54864,489693,47314378,27625112
2022-01-18,58477,517057,47372855,28142169
2022-01-19,57277,502827,47430132,28644996
2022-01-20,54431,498866,47484563,29143862
2022-01-21,42192,493899,47526755,29637761
2022-01-22,31310,469623,47558065,30107384
2022-01-23,34984,275390,47593049,30382774
2022-01-24,56230,437255,47649279,30820029
2022-01-25,61606,452136,47710885,31272165
2022-01-26,58600,435852,47769485,31708017
2022-01-27,48900,432414,47818385,32140431
2022-01-28,58764,436566,47877149,32576997
2022-01-29,68197,412520,47945346,32989517
2022-01-30,50413,235990,47995759,33225507
2022-01-31,60721,356951,48056480,33582458
2022-02-01,65615,328474,48122095,33910932
2022-02-02,63254,296999,48185349,34207931
2022-02-03,60095,274540,48245444,34482471
2022-02-04,72417,268474,48317861,34750945
2022-02-05,83817,248559,48401678,34999504
2022-02-06,55310,116206,48456988,35115710
2022-02-07,65193,199947,48522181,35315657
2022-02-08,66958,186132,48589139,35501789
2022-02-09,58777,166356,48647916,35668145
2022-02-10,58604,163256,48706520,35831401
2022-02-11,62278,162480,48768798,35993881
2022-02-12,72015,152157,48840813,36146038
2022-02-13,41484,68859,48882297,36214897
2022-02-14,46711,116194,48929008,36331091
2022-02-15,48573,123482,48977581,36454573
2022-02-16,45693,106131,49023274,36560704
2022-02-17,42876,98124,49066150,36658828
2022-02-18,46639,112589,49112789,36771417
2022-02-19,52548,100339,49165337,36871756
2022-02-20,31416,40367,49196753,36912123
2022-02-21,37900,89659,49234653,37001782
2022-02-22,37227,83785,49271880,37085567
2022-02-23,33402,79409,49305282,37164976
2022-02-24,32561,78168,49337843,37243144
2022-02-25,34775,90714,49372618,37333858
2022-02-26,39164,89138,49411782,37422996
2022-02-27,22548,35858,49434330,37458854
2022-02-28,28489,81700,49462819,37540554
2022-03-01,22731,53943,49485550,37594497
2022-03-02,21936,50713,49507486,37645210
2022-03-03,22640,54947,49530126,37700157
2022-03-04,23244,62801,49553370,37762958
2022-03-05,23803,57953,49577173,37820911
2022-03-06,9474,17201,49586647,37838112
2022-03-07,15927,51391,49602574,37889503
2022-03-08,15481,48797,49618055,37938300
2022-03-09,13816,46517,49631871,37984817
2022-03-10,14061,52127,49645932,38036944
2022-03-11,15593,57273,49661525,38094217
2022-03-12,15513,56620,49677038,38150837
2022-03-13,5545,16852,49682583,38167689
2022-03-14,10529,46701,49693112,38214390
2022-03-15,10553,46895,49703665,38261285
2022-03-16,9483,41977,49713148,38303262
2022-03-17,9725,44876,49722873,38348138
2022-03-18,10162,49059,49733035,38397197
2022-03-19,9151,46539,49742186,38443736
2022-03-20,2608,11704,49744794,38455440
2022-03-21,7582,40231,49752376,38495671
2022-03-22,8448,37767,49760824,38533438
2022-03-23,7220,33701,49768044,38567139
2022-03-24,8260,38821,49776304,38605960
2022-03-25,8143,43673,49784447,38649633
2022-03-26,8128,41722,49792575,38691355
2022-03-27,2431,9683,49795006,38701038
2022-03-28,6112,35244,49801118,38736282
2022-03-29,5783,32532,49806901,38768814
2022-03-30,5567,30204,49812468,38799018
2022-03-31,5905,33187,49818373,38832205
2022-04-01,4351,25188,49822724,38857393
2022-04-02,4497,23275,49827221,38880668
2022-04-03,1049,4500,49828270,38885168
2022-04-04,3661,21545,49831931,38906713
2022-04-05,3758,22938,49835689,38929651
2022-04-06,4105,21852,49839794,38951503
2022-04-07,3970,23321,49843764,38974824
2022-04-08,4696,26714,49848460,39001538
2022-04-09,4381,23889,49852841,39025427
2022-04-10,893,4613,49853734,39030040
2022-04-11,3819,22689,49857553,39052729
2022-04-12,3365,21779,49860918,39074508
2022-04-13,3574,21337,49864492,39095845
2022-04-14,3487,23789,49867979,39119634
2022-04-15,3086,20621,49871065,39140255
2022-04-16,2151,11918,49873216,39152173
2022-04-17,63,348,49873279,39152521
2022-04-18,152,650,49873431,39153171
2022-04-19,3499,21984,49876930,39175155
2022-04-20,3513,20250,49880443,39195405
2022-04-21,2848,19792,49883291,39215197
2022-04-22,2928,20714,49886219,39235911
2022-04-23,2648,16222,49888867,39252133
2022-04-24,509,2334,49889376,39254467
2022-04-25,183,1165,49889559,39255632
2022-04-26,2760,17810,49892319,39273442
2022-04-27,2374,15795,49894693,39289237
2022-04-28,2362,15564,49897055,39304801
2022-04-29,2298,14850,49899353,39319651
2022-04-30,2123,11584,49901476,39331235
2022-05-01,113,531,49901589,39331766
2022-05-02,1451,9393,49903040,39341159
2022-05-03,1577,10323,49904617,39351482
2022-05-04,1747,10273,49906364,39361755
2022-05-05,1654,10297,49908018,39372052
2022-05-06,1702,10971,49909720,39383023
2022-05-07,1431,8570,49911151,39391593
2022-05-08,417,1526,49911568,39393119
2022-05-09,1029,8930,49912597,39402049
2022-05-10,1426,9549,49914023,39411598
2022-05-11,1484,10108,49915507,39421706
2022-05-12,1371,10137,49916878,39431843
2022-05-13,1597,10520,49918475,39442363
2022-05-14,1360,8240,49919835,39450603
2022-05-15,336,1136,49920171,39451739
2022-05-16,814,8405,49920985,39460144
2022-05-17,1244,8698,49922229,39468842
2022-05-18,1373,9237,49923602,39478079
2022-05-19,1501,9283,49925103,39487362
2022-05-20,1426,9532,49926529,39496894
2022-05-21,1302,7900,49927831,39504794
2022-05-22,231,1013,49928062,39505807
2022-05-23,830,8272,49928892,39514079
2022-05-24,1073,8673,49929965,39522752
2022-05-25,1372,9460,49931337,39532212
2022-05-26,1198,9480,49932535,39541692
2022-05-27,1232,9915,49933767,39551607
2022-05-28,1205,7887,49934972,39559494
2022-05-29,288,1265,49935260,39560759
2022-05-30,931,8058,49936191,39568817
2022-05-31,1039,8548,49937230,39577365
2022-06-01,895,7658,49938125,39585023
2022-06-02,35,474,49938160,39585497
2022-06-03,817,7334,49938977,39592831
2022-06-04,870,5162,49939847,39597993
2022-06-05,89,586,49939936,39598579
2022-06-06,679,7004,49940615,39605583
2022-06-07,952,7850,49941567,39613433
2022-06-08,981,7906,49942548,39621339
2022-06-09,1037,8418,49943585,39629757
2022-06-10,958,8563,49944543,39638320
2022-06-11,904,6206,49945447,39644526
2022-06-12,140,768,49945587,39645294
2022-06-13,602,6301,49946189,39651595
2022-06-14,832,7904,49947021,39659499
2022-06-15,960,7856,49947981,39667355
2022-06-16,733,7397,49948714,39674752
2022-06-17,724,7249,49949438,39682001
2022-06-18,778,5594,49950216,39687595
2022-06-19,49,521,49950265,39688116
2022-06-20,587,6699,49950852,39694815
2022-06-21,741,7664,49951593,39702479
2022-06-22,779,7312,49952372,39709791
2022-06-23,648,7472,49953020,39717263
2022-06-24,644,7474,49953664,39724737
2022-06-25,835,6533,49954499,39731270
2022-06-26,128,523,49954627,39731793
2022-06-27,534,7125,49955161,39738918
2022-06-28,747,8207,49955908,39747125
2022-06-29,756,7732,49956664,39754857
2022-06-30,747,8146,49957411,39763003
2022-07-01,577,6443,49957988,39769446
2022-07-02,536,4769,49958524,39774215
2022-07-03,49,456,49958573,39774671
2022-07-04,469,6277,49959042,39780948
2022-07-05,631,8122,49959673,39789070
2022-07-06,634,7611,49960307,39796681
2022-07-07,576,8272,49960883,39804953
2022-07-08,674,8085,49961557,39813038
2022-07-09,550,6105,49962107,39819143
2022-07-10,58,533,49962165,39819676
2022-07-11,491,7641,49962656,39827317
2022-07-12,668,9031,49963324,39836348
2022-07-13,644,10067,49963968,39846415
2022-07-14,637,10225,49964605,39856640
2022-07-15,627,10672,49965232,39867312
2022-07-16,523,7215,49965755,39874527
2022-07-17,48,770,49965803,39875297
2022-07-18,496,9374,49966299,39884671
2022-07-19,575,10682,49966874,39895353
2022-07-20,582,11276,49967456,39906629
2022-07-21,630,12091,49968086,39918720
2022-07-22,585,11260,49968671,39929980
2022-07-23,381,6775,49969052,39936755
2022-07-24,76,857,49969128,39937612
2022-07-25,503,9052,49969631,39946664
2022-07-26,522,9762,49970153,39956426
2022-07-27,553,10210,49970706,39966636
2022-07-28,532,10535,49971238,39977171
2022-07-29,511,9466,49971749,39986637
2022-07-30,383,5882,49972132,39992519
2022-07-31,49,764,49972181,39993283
2022-08-01,386,6865,49972567,40000148
2022-08-02,546,7590,49973113,40007738
2022-08-03,513,7179,49973626,40014917
2022-08-04,455,7491,49974081,40022408
2022-08-05,421,6526,49974502,40028934
2022-08-06,299,3613,49974801,40032547
2022-08-07,44,563,49974845,40033110
2022-08-08,403,4890,49975248,40038000
2022-08-09,381,5312,49975629,40043312
2022-08-10,385,4816,49976014,40048128
2022-08-11,369,4803,49976383,40052931
2022-08-12,294,3720,49976677,40056651
2022-08-13,143,1600,49976820,40058251
2022-08-14,9,129,49976829,40058380
2022-08-15,1,26,49976830,40058406
2022-08-16,283,3043,49977113,40061449
2022-08-17,352,3536,49977465,40064985
2022-08-18,392,4160,49977857,40069145
2022-08-19,342,3319,49978199,40072464
2022-08-20,183,1715,49978382,40074179
2022-08-21,24,149,49978406,40074328
2022-08-22,329,2952,49978735,40077280
2022-08-23,370,3674,49979105,40080954
2022-08-24,384,3360,49979489,40084314
2022-08-25,422,3774,49979911,40088088
2022-08-26,399,3575,49980310,40091663
2022-08-27,237,1769,49980547,40093432
2022-08-28,29,267,49980576,40093699
2022-08-29,354,3161,49980930,40096860
2022-08-30,405,3671,49981335,40100531
2022-08-31,438,3734,49981773,40104265
2022-09-01,353,3116,49982126,40107381
2022-09-02,296,2893,49982422,40110274
2022-09-03,200,1689,49982622,40111963
2022-09-04,24,149,49982646,40112112
2022-09-05,187,2656,49982833,40114768
2022-09-06,306,2983,49983139,40117751
2022-09-07,541,2937,49983680,40120688
2022-09-08,293,2963,49983973,40123651
2022-09-09,305,2886,49984278,40126537
2022-09-10,228,1326,49984506,40127863
2022-09-11,23,124,49984529,40127987
2022-09-12,267,2267,49984796,40130254
2022-09-13,252,2276,49985048,40132530
2022-09-14,266,2566,49985314,40135096
2022-09-15,282,2501,49985596,40137597
2022-09-16,255,2546,49985851,40140143
2022-09-17,239,1339,49986090,40141482
2022-09-18,20,170,49986110,40141652
2022-09-19,206,1971,49986316,40143623
2022-09-20,237,2392,49986553,40146015
2022-09-21,289,2526,49986842,40148541
2022-09-22,267,2663,49987109,40151204
2022-09-23,259,2545,49987368,40153749
2022-09-24,193,1427,49987561,40155176
2022-09-25,29,133,49987590,40155309
2022-09-26,280,2248,49987870,40157557
2022-09-27,287,2683,49988157,40160240
2022-09-28,310,2904,49988467,40163144
2022-09-29,257,3048,49988724,40166192
2022-09-30,292,2989,49989016,40169181
2022-10-01,195,1515,49989211,40170696
2022-10-02,12,187,49989223,40170883
2022-10-03,185,2474,49989408,40173357
2022-10-04,236,2862,49989644,40176219
2022-10-05,229,3252,49989873,40179471
2022-10-06,243,3874,49990116,40183345
2022-10-07,283,4189,49990399,40187534
2022-10-08,203,2270,49990602,40189804
2022-10-09,8,305,49990610,40190109
2022-10-10,210,3356,49990820,40193465
2022-10-11,194,4378,49991014,40197843
2022-10-12,209,4441,49991223,40202284
2022-10-13,203,5304,49991426,40207588
2022-10-14,232,5025,49991658,40212613
2022-10-15,190,2671,49991848,40215284
2022-10-16,6,360,49991854,40215644
2022-10-17,186,3871,49992040,40219515
2022-10-18,257,4966,49992297,40224481
2022-10-19,244,5477,49992541,40229958
2022-10-20,224,5995,49992765,40235953
2022-10-21,250,5477,49993015,40241430
2022-10-22,195,2911,49993210,40244341
2022-10-23,13,364,49993223,40244705
2022-10-24,171,3930,49993394,40248635
2022-10-25,253,4926,49993647,40253561
2022-10-26,347,5502,49993994,40259063
2022-10-27,241,5671,49994235,40264734
2022-10-28,199,5262,49994434,40269996
2022-10-29,128,2844,49994562,40272840
2022-10-30,3,328,49994565,40273168
2022-10-31,117,3040,49994682,40276208
2022-11-01,11,353,49994693,40276561
2022-11-02,143,3721,49994836,40280282
2022-11-03,174,4786,49995010,40285068
2022-11-04,226,4603,49995236,40289671
2022-11-05,144,2597,49995380,40292268
2022-11-06,10,261,49995390,40292529
2022-11-07,169,3225,49995559,40295754
2022-11-08,260,4247,49995819,40300001
2022-11-09,197,4331,49996016,40304332
2022-11-10,183,4586,49996199,40308918
2022-11-11,193,4219,49996392,40313137
2022-11-12,152,2370,49996544,40315507
2022-11-13,7,335,49996551,40315842
2022-11-14,149,2838,49996700,40318680
2022-11-15,202,3747,49996902,40322427
2022-11-16,217,3985,49997119,40326412
2022-11-17,191,4100,49997310,40330512
2022-11-18,247,4031,49997557,40334543
2022-11-19,112,2104,49997669,40336647
2022-11-20,24,317,49997693,40336964
2022-11-21,119,2620,49997812,40339584
2022-11-22,143,3212,49997955,40342796
2022-11-23,191,3618,49998146,40346414
2022-11-24,156,3831,49998302,40350245
2022-11-25,184,3780,49998486,40354025
2022-11-26,131,2093,49998617,40356118
2022-11-27,22,356,49998639,40356474
2022-11-28,181,2673,49998820,40359147
2022-11-29,183,3225,49999003,40362372
2022-11-30,181,3724,49999184,40366096
2022-12-01,222,3617,49999406,40369713
2022-12-02,156,3516,49999562,40373229
2022-12-03,105,1958,49999667,40375187
2022-12-04,5,290,49999672,40375477
2022-12-05,128,2851,49999800,40378328
2022-12-06,176,3644,49999976,40381972
2022-12-07,135,3120,50000111,40385092
2022-12-08,8,169,50000119,40385261
2022-12-09,159,3009,50000278,40388270
2022-12-10,78,1601,50000356,40389871
2022-12-11,7,193,50000363,40390064
2022-12-12,170,2520,50000533,40392584
2022-12-13,254,3020,50000787,40395604
2022-12-14,223,3190,50001010,40398794
2022-12-15,203,3222,50001213,40402016
2022-12-16,162,3130,50001375,40405146
2022-12-17,94,1667,50001469,40406813
2022-12-18,10,270,50001479,40407083
2022-12-19,141,2133,50001620,40409216
2022-12-20,211,2462,50001831,40411678
2022-12-21,151,2131,50001982,40413809
2022-12-22,136,1798,50002118,40415607
2022-12-23,141,1163,50002259,40416770