data_somministrazione,vaccinazioni,booster,cum_vaccinazioni,cum_booster
2020-12-27,20,0,20,0
2020-12-28,2,0,22,0
2020-12-29,1,0,23,0
2020-12-30,9,0,32,0
2020-12-31,73,0,105,0
2021-01-01,23,0,128,0
2021-01-02,128,0,256,0
2021-01-03,93,0,349,0
2021-01-04,219,0,568,0
2021-01-05,257,0,825,0
2021-01-06,227,0,1052,0
2021-01-07,306,0,1358,0
2021-01-08,353,0,1711,0
2021-01-09,265,0,1976,0
2021-01-10,160,0,2136,0
2021-01-11,290,0,2426,0
2021-01-12,275,0,2701,0
2021-01-13,404,0,3105,0
2021-01-14,488,0,3593,0
2021-01-15,305,0,3898,0
2021-01-16,214,0,4112,0
2021-01-17,3060,0,7172,0
2021-01-18,5215,0,12387,0
2021-01-19,1893,0,14280,0
2021-01-20,4656,0,18936,0
2021-01-21,20005,0,38941,0
2021-01-22,14220,0,53161,0
2021-01-23,33329,0,86490,0
2021-01-24,30782,0,117272,0
2021-01-25,64721,0,181993,0
2021-01-26,76489,0,258482,0
2021-01-27,64825,0,323307,0
2021-01-28,89269,0,412576,0
2021-01-29,94018,0,506594,0
2021-01-30,86553,0,593147,0
2021-01-31,57329,0,650476,0
2021-02-01,81853,0,732329,0
2021-02-02,82140,0,814469,0
2021-02-03,91113,0,905582,0
2021-02-04,95395,0,1000977,0
2021-02-05,90272,0,1091249,0
2021-02-06,63449,0,1154698,0
2021-02-07,32933,0,1187631,0
2021-02-08,40424,0,1228055,0
2021-02-09,32870,0,1260925,0
2021-02-10,28428,0,1289353,0
2021-02-11,20403,0,1309756,0
2021-02-12,16239,0,1325995,0
2021-02-13,7273,0,1333268,0
2021-02-14,2862,0,1336130,0
2021-02-15,6844,0,1342974,0
2021-02-16,7002,0,1349976,0
2021-02-17,10525,0,1360501,0
2021-02-18,9252,0,1369753,0
2021-02-19,8251,0,1378004,0
2021-02-20,5567,0,1383571,0
2021-02-21,3003,0,1386574,0
2021-02-22,6884,0,1393458,0
2021-02-23,7179,0,1400637,0
2021-02-24,9808,0,1410445,0
2021-02-25,14211,0,1424656,0
2021-02-26,17555,0,1442211,0
2021-02-27,13915,0,1456126,0
2021-02-28,9389,0,1465515,0
2021-03-01,26519,0,1492034,0
2021-03-02,33243,0,1525277,0
2021-03-03,44649,0,1569926,0
2021-03-04,50292,0,1620218,0
2021-03-05,55734,0,1675952,0
2021-03-06,41872,0,1717824,0
2021-03-07,22322,0,1740146,0
2021-03-08,50825,0,1790971,0
2021-03-09,53077,0,1844048,0
2021-03-10,58658,0,1902706,0
2021-03-11,63871,0,1966577,0
2021-03-12,65112,0,2031689,0
2021-03-13,51725,0,2083414,0
2021-03-14,35404,0,2118818,0
2021-03-15,73447,0,2192265,0
2021-03-16,74026,0,2266291,0
2021-03-17,83130,0,2349421,0
2021-03-18,81629,0,2431050,0
2021-03-19,81084,0,2512134,0
2021-03-20,64725,0,2576859,0
2021-03-21,47302,0,2624161,0
2021-03-22,69486,0,2693647,0
2021-03-23,75805,0,2769452,0
2021-03-24,90917,0,2860369,0
2021-03-25,89812,0,2950181,0
2021-03-26,83631,0,3033812,0
2021-03-27,71945,0,3105757,0
2021-03-28,44149,0,3149906,0
2021-03-29,70832,0,3220738,0
2021-03-30,81392,0,3302130,0
2021-03-31,96243,0,3398373,0
2021-04-01,95311,0,3493684,0
2021-04-02,84075,0,3577759,0
2021-04-03,64306,0,3642065,0
2021-04-04,21718,0,3663783,0
2021-04-05,40316,0,3704099,0
2021-04-06,81324,0,3785423,0
2021-04-07,95834,0,3881257,0
2021-04-08,95245,0,3976502,0
2021-04-09,88493,0,4064995,0
2021-04-10,74032,0,4139027,0
2021-04-11,44766,0,4183793,0
2021-04-12,66918,0,4250711,0
2021-04-13,72581,0,4323292,0
2021-04-14,85545,0,4408837,0
2021-04-15,105415,0,4514252,0
2021-04-16,106423,0,4620675,0
2021-04-17,90519,0,4711194,0
2021-04-18,58596,0,4769790,0
2021-04-19,93432,0,4863222,0
2021-04-20,103772,0,4966994,0
2021-04-21,125344,0,5092338,0
2021-04-22,143521,0,5235859,0
2021-04-23,138746,0,5374605,0
2021-04-24,124445,0,5499050,0
2021-04-25,61458,0,5560508,0
2021-04-26,97894,0,5658402,0
2021-04-27,128362,0,5786764,0
2021-04-28,156375,0,5943139,0
2021-04-29,195598,0,6138737,0
2021-04-30,214590,0,6353327,0
2021-05-01,174125,0,6527452,0
2021-05-02,135806,0,6663258,0
2021-05-03,142048,0,6805306,0
2021-05-04,158696,0,6964002,0
2021-05-05,170510,0,7134512,0
2021-05-06,197809,0,7332321,0
2021-05-07,213851,0,7546172,0
2021-05-08,213419,0,7759591,0
2021-05-09,143204,0,7902795,0
2021-05-10,165085,0,8067880,0
2021-05-11,174992,0,8242872,0
2021-05-12,179191,0,8422063,0
2021-05-13,203395,0,8625458,0
2021-05-14,222923,0,8848381,0
2021-05-15,210375,0,9058756,0
2021-05-16,159280,0,9218036,0
2021-05-17,219205,0,9437241,0
2021-05-18,213025,0,9650266,0
2021-05-19,207091,0,9857357,0
2021-05-20,270873,0,10128230,0
2021-05-21,270899,0,10399129,0
2021-05-22,245530,0,10644659,0
2021-05-23,197184,0,10841843,0
2021-05-24,228310,0,11070153,0
2021-05-25,245697,0,11315850,0
2021-05-26,277510,0,11593360,0
2021-05-27,311089,0,11904449,0
2021-05-28,299577,0,12204026,0
2021-05-29,231233,0,12435259,0
2021-05-30,170844,0,12606103,0
2021-05-31,216430,0,12822533,0
2021-06-01,207639,0,13030172,0
2021-06-02,115805,0,13145977,0
2021-06-03,180157,0,13326134,0
2021-06-04,184891,0,13511025,0
2021-06-05,185969,0,13696994,0
2021-06-06,139556,0,13836550,0
2021-06-07,161885,0,13998435,0
2021-06-08,171243,0,14169678,0
2021-06-09,171498,0,14341176,0
2021-06-10,174119,0,14515295,0
2021-06-11,169996,0,14685291,0
2021-06-12,128342,0,14813633,0
2021-06-13,91198,0,14904831,0
2021-06-14,214691,0,15119522,0
2021-06-15,228430,0,15347952,0
2021-06-16,253088,0,15601040,0
2021-06-17,301743,0,15902783,0
2021-06-18,306304,0,16209087,0
2021-06-19,275102,0,16484189,0
2021-06-20,220798,0,16704987,0
2021-06-21,288077,0,16993064,0
2021-06-22,296232,0,17289296,0
2021-06-23,302694,0,17591990,0
2021-06-24,332616,0,17924606,0
2021-06-25,348716,0,18273322,0
2021-06-26,300131,0,18573453,0
2021-06-27,228678,0,18802131,0
2021-06-28,307107,0,19109238,0
2021-06-29,329307,0,19438545,0
2021-06-30,342179,0,19780724,0
2021-07-01,363229,0,20143953,0
2021-07-02,368485,0,20512438,0
2021-07-03,371099,0,20883537,0
2021-07-04,283221,0,21166758,0
2021-07-05,384551,0,21551309,0
2021-07-06,385485,0,21936794,0
2021-07-07,412123,0,22348917,0
2021-07-08,479605,0,22828522,0
2021-07-09,498485,0,23327007,0
2021-07-10,475179,0,23802186,0
2021-07-11,357704,0,24159890,0
2021-07-12,485896,0,24645786,0
2021-07-13,492110,0,25137896,0
2021-07-14,480458,0,25618354,0
2021-07-15,523451,0,26141805,0
2021-07-16,509767,0,26651572,0
2021-07-17,464337,0,27115909,0
2021-07-18,364653,0,27480562,0
2021-07-19,463053,0,27943615,0
2021-07-20,458065,0,28401680,0
2021-07-21,462799,0,28864479,0
2021-07-22,475391,0,29339870,0
2021-07-23,441330,0,29781200,0
2021-07-24,386160,0,30167360,0
2021-07-25,287558,0,30454918,0
2021-07-26,430888,0,30885806,0
2021-07-27,440131,0,31325937,0
2021-07-28,391014,0,31716951,0
2021-07-29,372082,0,32089033,0
2021-07-30,341517,0,32430550,0
2021-07-31,287036,0,32717586,0
2021-08-01,191002,0,32908588,0
2021-08-02,333705,0,33242293,0
2021-08-03,323200,0,33565493,0
2021-08-04,310981,0,33876474,0
2021-08-05,292498,0,34168972,0
2021-08-06,260021,0,34428993,0
2021-08-07,199054,0,34628047,0
2021-08-08,153108,0,34781155,0
2021-08-09,234078,0,35015233,0
2021-08-10,205259,0,35220492,0
2021-08-11,193780,0,35414272,0
2021-08-12,168038,0,35582310,0
2021-08-13,148638,0,35730948,0
2021-08-14,66096,0,35797044,0
2021-08-15,26339,0,35823383,0
2021-08-16,114705,0,35938088,0
2021-08-17,129251,0,36067339,0
2021-08-18,128753,0,36196092,0
2021-08-19,124826,0,36320918,0
2021-08-20,123790,0,36444708,0
2021-08-21,83130,0,36527838,0
2021-08-22,68172,0,36596010,0
2021-08-23,176872,0,36772882,0
2021-08-24,156898,0,36929780,0
2021-08-25,177171,0,37106951,0
2021-08-26,172367,0,37279318,0
2021-08-27,185836,0,37465154,0
2021-08-28,140282,0,37605436,0
2021-08-29,98991,0,37704427,0
2021-08-30,209602,0,37914029,0
2021-08-31,194645,0,38108674,0
2021-09-01,192209,0,38300883,0
2021-09-02,189929,0,38490812,0
2021-09-03,191294,0,38682106,0
2021-09-04,131466,0,38813572,0
2021-09-05,87853,0,38901425,0
2021-09-06,193625,0,39095050,0
2021-09-07,196033,0,39291083,0
2021-09-08,187882,0,39478965,0
2021-09-09,201446,0,39680411,0
2021-09-10,198077,0,39878488,0
2021-09-11,141295,0,40019783,0
2021-09-12,89596,0,40109379,0
2021-09-13,191125,609,40300504,609
2021-09-14,177227,621,40477731,1230
2021-09-15,163096,622,40640827,1852
2021-09-16,160071,966,40800898,2818
2021-09-17,150172,1144,40951070,3962
2021-09-18,127983,757,41079053,4719
2021-09-19,81139,502,41160192,5221
2021-09-20,180072,9107,41340264,14328
2021-09-21,166657,8847,41506921,23175
2021-09-22,159098,9449,41666019,32624
2021-09-23,138084,9343,41804103,41967
2021-09-24,140550,8985,41944653,50952
2021-09-25,119557,5657,42064210,56609
2021-09-26,71980,4351,42136190,60960
2021-09-27,135664,10066,42271854,71026
2021-09-28,117511,11410,42389365,82436
2021-09-29,112355,11841,42501720,94277
2021-09-30,110268,14967,42611988,109244
2021-10-01,94992,19123,42706980,128367
2021-10-02,78512,14032,42785492,142399
2021-10-03,47750,7665,42833242,150064
2021-10-04,88383,34468,42921625,184532
2021-10-05,80376,34000,43002001,218532
2021-10-06,71997,34190,43073998,252722
2021-10-07,71868,34362,43145866,287084
2021-10-08,80631,33607,43226497,320691
2021-10-09,76106,22186,43302603,342877
2021-10-10,45781,13625,43348384,356502
2021-10-11,87440,41122,43435824,397624
2021-10-12,84506,46922,43520330,444546
2021-10-13,88208,52138,43608538,496684
2021-10-14,91548,58540,43700086,555224
2021-10-15,93594,55655,43793680,610879
2021-10-16,82972,36809,43876652,647688
2021-10-17,51462,23845,43928114,671533
2021-10-18,90303,59502,44018417,731035
2021-10-19,78348,69396,44096765,800431
2021-10-20,75070,78194,44171835,878625
2021-10-21,78304,81779,44250139,960404
2021-10-22,73781,77059,44323920,1037463
2021-10-23,60831,51966,44384751,1089429
2021-10-24,33373,23471,44418124,1112900
2021-10-25,64908,81645,44483032,1194545
2021-10-26,58374,91819,44541406,1286364
2021-10-27,58330,104013,44599736,1390377
2021-10-28,61454,114138,44661190,1504515
2021-10-29,61638,103160,44722828,1607675
2021-10-30,50675,68132,44773503,1675807
2021-10-31,25162,28303,44798665,1704110
2021-11-01,19048,28157,44817713,1732267
2021-11-02,62743,89421,44880456,1821688
2021-11-03,60728,118678,44941184,1940366
2021-11-04,59246,126683,45000430,2067049
2021-11-05,63097,135207,45063527,2202256
2021-11-06,46481,90935,45110008,2293191
2021-11-07,22253,37900,45132261,2331091
2021-11-08,51530,131285,45183791,2462376
2021-11-09,45399,144222,45229190,2606598
2021-11-10,42591,156361,45271781,2762959
2021-11-11,44930,155156,45316711,2918115
2021-11-12,46319,158658,45363030,3076773
2021-11-13,33265,116665,45396295,3193438
2021-11-14,14492,52456,45410787,3245894
2021-11-15,36910,157440,45447697,3403334
2021-11-16,30562,171396,45478259,3574730
2021-11-17,28468,178451,45506727,3753181
2021-11-18,30288,193744,45537015,3946925
2021-11-19,28812,205872,45565827,4152797
2021-11-20,21003,156455,45586830,4309252
2021-11-21,10613,64864,45597443,4374116
2021-11-22,21946,213160,45619389,4587276
2021-11-23,23589,241765,45642978,4829041
2021-11-24,27796,271025,45670774,5100066
2021-11-25,23246,301930,45694020,5401996
2021-11-26,24590,318288,45718610,5720284
2021-11-27,21392,266165,45740002,5986449
2021-11-28,9903,137064,45749905,6123513
2021-11-29,22349,326072,45772254,6449585
2021-11-30,23106,365847,45795360,6815432
2021-12-01,21531,413512,45816891,7228944
2021-12-02,23775,440427,45840666,7669371
2021-12-03,25270,467499,45865936,8136870
2021-12-04,22382,418786,45888318,8555656
2021-12-05,11938,261358,45900256,8817014
2021-12-06,25833,457618,45926089,9274632
2021-12-07,24153,480286,45950242,9754918
2021-12-08,10019,249711,45960261,10004629
2021-12-09,31607,491952,45991868,10496581
2021-12-10,28083,517916,46019951,11014497
2021-12-11,23583,459262,46043534,11473759
2021-12-12,12313,293519,46055847,11767278
2021-12-13,26169,467639,46082016,12234917
2021-12-14,25189,494221,46107205,12729138
2021-12-15,25356,517173,46132561,13246311
2021-12-16,27904,520285,46160465,13766596
2021-12-17,29377,517199,46189842,14283795
2021-12-18,27081,468759,46216923,14752554
2021-12-19,15161,300538,46232084,15053092
2021-12-20,30651,477497,46262735,15530589
2021-12-21,30404,493413,46293139,16024002
2021-12-22,29471,484731,46322610,16508733
2021-12-23,28267,426929,46350877,16935662
2021-12-24,13119,210836,46363996,17146498
2021-12-25,2103,33053,46366099,17179551
2021-12-26,8769,159075,46374868,17338626
2021-12-27,46821,504675,46421689,17843301
2021-12-28,42484,554233,46464173,18397534
2021-12-29,34376,550662,46498549,18948196
2021-12-30,31863,499850,46530412,19448046
2021-12-31,14131,247403,46544543,19695449
2022-01-01,3499,64815,46548042,19760264
2022-01-02,22798,276725,46570840,20036989
2022-01-03,47894,520026,46618734,20557015
2022-01-04,46418,572098,46665152,21129113
2022-01-05,40791,560405,46705943,21689518
2022-01-06,23512,274489,46729455,21964007
2022-01-07,63747,554202,46793202,22518209
2022-01-08,60914,503405,46854116,23021614
2022-01-09,42906,319709,46897022,23341323
2022-01-10,61132,542313,46958154,23883636
2022-01-11,61780,587016,47019934,24470652
2022-01-12,58497,581300,47078431,25051952
2022-01-13,58658,580413,47137089,25632365
2022-01-14,46865,588599,47183954,26220964
2022-01-15,39472,569961,47223426,26790925
2022-01-16,31269,341883,47254695,27132808
2022-01-17,54814,489676,47309509,27622484
2022-01-18,58431,517038,47367940,28139522
2022-01-19,57237,502808,47425177,28642330
2022-01-20,54371,498836,47479548,29141166
2022-01-21,42130,493885,47521678,29635051
2022-01-22,31236,469606,47552914,30104657
2022-01-23,34952,275384,47587866,30380041
2022-01-24,56197,437235,47644063,30817276
2022-01-25,61572,452118,47705635,31269394
2022-01-26,58565,435837,47764200,31705231
2022-01-27,48859,432385,47813059,32137616
2022-01-28,58722,436549,47871781,32574165
2022-01-29,68156,412502,47939937,32986667
2022-01-30,50397,235976,47990334,33222643
2022-01-31,60658,356938,48050992,33579581
2022-02-01,65574,328452,48116566,33908033
2022-02-02,63217,296983,48179783,34205016
2022-02-03,60070,274520,48239853,34479536
2022-02-04,72392,268462,48312245,34747998
2022-02-05,83793,248537,48396038,34996535
2022-02-06,55300,116207,48451338,35112742
2022-02-07,65161,199941,48516499,35312683
2022-02-08,66934,186118,48583433,35498801
2022-02-09,58764,166335,48642197,35665136
2022-02-10,58588,163239,48700785,35828375
2022-02-11,62258,162466,48763043,35990841
2022-02-12,71988,152146,48835031,36142987
2022-02-13,41476,68852,48876507,36211839
2022-02-14,46698,116187,48923205,36328026
2022-02-15,48542,123479,48971747,36451505
2022-02-16,45679,106122,49017426,36557627
2022-02-17,42867,98113,49060293,36655740
2022-02-18,46625,112578,49106918,36768318
2022-02-19,52541,100334,49159459,36868652
2022-02-20,31409,40366,49190868,36909018
2022-02-21,37888,89652,49228756,36998670
2022-02-22,37224,83776,49265980,37082446
2022-02-23,33397,79409,49299377,37161855
2022-02-24,32555,78160,49331932,37240015
2022-02-25,34763,90709,49366695,37330724
2022-02-26,39158,89134,49405853,37419858
2022-02-27,22545,35857,49428398,37455715
2022-02-28,28481,81690,49456879,37537405
2022-03-01,22722,53940,49479601,37591345
2022-03-02,21951,50681,49501552,37642026
2022-03-03,22620,54947,49524172,37696973
2022-03-04,23234,62798,49547406,37759771
2022-03-05,23798,57951,49571204,37817722
2022-03-06,9471,17201,49580675,37834923
2022-03-07,15916,51389,49596591,37886312
2022-03-08,15477,48796,49612068,37935108
2022-03-09,13812,46518,49625880,37981626
2022-03-10,14050,52119,49639930,38033745
2022-03-11,15584,57264,49655514,38091009
2022-03-12,15504,56618,49671018,38147627
2022-03-13,5544,16850,49676562,38164477
2022-03-14,10525,46698,49687087,38211175
2022-03-15,10548,46893,49697635,38258068
2022-03-16,9481,41973,49707116,38300041
2022-03-17,9717,44873,49716833,38344914
2022-03-18,10158,49056,49726991,38393970
2022-03-19,9150,46533,49736141,38440503
2022-03-20,2609,11702,49738750,38452205
2022-03-21,7579,40224,49746329,38492429
2022-03-22,8448,37758,49754777,38530187
2022-03-23,7213,33699,49761990,38563886
2022-03-24,8258,38803,49770248,38602689
2022-03-25,8139,43666,49778387,38646355
2022-03-26,8124,41721,49786511,38688076
2022-03-27,2430,9682,49788941,38697758
2022-03-28,6108,35238,49795049,38732996
2022-03-29,5777,32527,49800826,38765523
2022-03-30,5566,30202,49806392,38795725
2022-03-31,5898,33179,49812290,38828904
2022-04-01,4348,25189,49816638,38854093
2022-04-02,4494,23273,49821132,38877366
2022-04-03,1049,4500,49822181,38881866
2022-04-04,3656,21540,49825837,38903406
2022-04-05,3756,22931,49829593,38926337
2022-04-06,4102,21853,49833695,38948190
2022-04-07,3965,23319,49837660,38971509
2022-04-08,4692,26712,49842352,38998221
2022-04-09,4382,23885,49846734,39022106
2022-04-10,892,4614,49847626,39026720
2022-04-11,3815,22685,49851441,39049405
2022-04-12,3363,21777,49854804,39071182
2022-04-13,3566,21334,49858370,39092516
2022-04-14,3486,23786,49861856,39116302
2022-04-15,3084,20617,49864940,39136919
2022-04-16,2149,11918,49867089,39148837
2022-04-17,63,348,49867152,39149185
2022-04-18,152,650,49867304,39149835
2022-04-19,3499,21979,49870803,39171814
2022-04-20,3511,20250,49874314,39192064
2022-04-21,2847,19786,49877161,39211850
2022-04-22,2927,20702,49880088,39232552
2022-04-23,2644,16219,49882732,39248771
2022-04-24,509,2334,49883241,39251105
2022-04-25,183,1165,49883424,39252270
2022-04-26,2759,17805,49886183,39270075
2022-04-27,2374,15792,49888557,39285867
2022-04-28,2358,15558,49890915,39301425
2022-04-29,2293,14844,49893208,39316269
2022-04-30,2123,11580,49895331,39327849
2022-05-01,113,531,49895444,39328380
2022-05-02,1450,9391,49896894,39337771
2022-05-03,1576,10318,49898470,39348089
2022-05-04,1746,10264,49900216,39358353
2022-05-05,1653,10285,49901869,39368638
2022-05-06,1702,10955,49903571,39379593
2022-05-07,1431,8567,49905002,39388160
2022-05-08,416,1519,49905418,39389679
2022-05-09,1027,8928,49906445,39398607
2022-05-10,1423,9545,49907868,39408152
2022-05-11,1483,10098,49909351,39418250
2022-05-12,1370,10131,49910721,39428381
2022-05-13,1594,10517,49912315,39438898
2022-05-14,1357,8235,49913672,39447133
2022-05-15,336,1131,49914008,39448264
2022-05-16,813,8405,49914821,39456669
2022-05-17,1243,8696,49916064,39465365
2022-05-18,1373,9231,49917437,39474596
2022-05-19,1500,9277,49918937,39483873
2022-05-20,1421,9514,49920358,39493387
2022-05-21,1300,7899,49921658,39501286
2022-05-22,231,1013,49921889,39502299
2022-05-23,830,8267,49922719,39510566
2022-05-24,1073,8672,49923792,39519238
2022-05-25,1369,9459,49925161,39528697
2022-05-26,1195,9472,49926356,39538169
2022-05-27,1232,9912,49927588,39548081
2022-05-28,1205,7885,49928793,39555966
2022-05-29,286,1266,49929079,39557232
2022-05-30,931,8054,49930010,39565286
2022-05-31,1036,8545,49931046,39573831
2022-06-01,891,7655,49931937,39581486
2022-06-02,35,474,49931972,39581960
2022-06-03,818,7332,49932790,39589292
2022-06-04,870,5162,49933660,39594454
2022-06-05,89,586,49933749,39595040
2022-06-06,678,6991,49934427,39602031
2022-06-07,951,7847,49935378,39609878
2022-06-08,982,7908,49936360,39617786
2022-06-09,1037,8413,49937397,39626199
2022-06-10,958,8564,49938355,39634763
2022-06-11,903,6206,49939258,39640969
2022-06-12,140,768,49939398,39641737
2022-06-13,602,6301,49940000,39648038
2022-06-14,827,7896,49940827,39655934
2022-06-15,955,7852,49941782,39663786
2022-06-16,730,7392,49942512,39671178
2022-06-17,723,7243,49943235,39678421
2022-06-18,777,5593,49944012,39684014
2022-06-19,47,522,49944059,39684536
2022-06-20,587,6698,49944646,39691234
2022-06-21,736,7665,49945382,39698899
2022-06-22,781,7307,49946163,39706206
2022-06-23,651,7465,49946814,39713671
2022-06-24,644,7474,49947458,39721145
2022-06-25,835,6534,49948293,39727679
2022-06-26,128,523,49948421,39728202
2022-06-27,532,7123,49948953,39735325
2022-06-28,744,8206,49949697,39743531
2022-06-29,756,7728,49950453,39751259
2022-06-30,746,8143,49951199,39759402
2022-07-01,577,6443,49951776,39765845
2022-07-02,536,4769,49952312,39770614
2022-07-03,49,456,49952361,39771070
2022-07-04,469,6277,49952830,39777347
2022-07-05,628,8117,49953458,39785464
2022-07-06,633,7610,49954091,39793074
2022-07-07,571,8269,49954662,39801343
2022-07-08,673,8083,49955335,39809426
2022-07-09,550,6104,49955885,39815530
2022-07-10,58,533,49955943,39816063
2022-07-11,487,7640,49956430,39823703
2022-07-12,667,9027,49957097,39832730
2022-07-13,641,10067,49957738,39842797
2022-07-14,636,10225,49958374,39853022
2022-07-15,625,10666,49958999,39863688
2022-07-16,522,7214,49959521,39870902
2022-07-17,48,770,49959569,39871672
2022-07-18,497,9369,49960066,39881041
2022-07-19,574,10682,49960640,39891723
2022-07-20,580,11272,49961220,39902995
2022-07-21,627,12085,49961847,39915080
2022-07-22,583,11259,49962430,39926339
2022-07-23,379,6771,49962809,39933110
2022-07-24,76,857,49962885,39933967
2022-07-25,503,9052,49963388,39943019
2022-07-26,519,9758,49963907,39952777
2022-07-27,550,10200,49964457,39962977
2022-07-28,530,10528,49964987,39973505
2022-07-29,510,9465,49965497,39982970
2022-07-30,382,5881,49965879,39988851
2022-07-31,49,764,49965928,39989615
2022-08-01,386,6864,49966314,39996479
2022-08-02,539,7583,49966853,40004062
2022-08-03,513,7174,49967366,40011236
2022-08-04,455,7489,49967821,40018725
2022-08-05,420,6520,49968241,40025245
2022-08-06,298,3611,49968539,40028856
2022-08-07,44,562,49968583,40029418
2022-08-08,402,4893,49968985,40034311
2022-08-09,382,5307,49969367,40039618
2022-08-10,381,4814,49969748,40044432
2022-08-11,366,4777,49970114,40049209
2022-08-12,292,3721,49970406,40052930
2022-08-13,143,1600,49970549,40054530
2022-08-14,9,129,49970558,40054659
2022-08-15,1,26,49970559,40054685
2022-08-16,283,3043,49970842,40057728
2022-08-17,352,3536,49971194,40061264
2022-08-18,390,4159,49971584,40065423
2022-08-19,341,3318,49971925,40068741
2022-08-20,183,1714,49972108,40070455
2022-08-21,24,149,49972132,40070604
2022-08-22,329,2950,49972461,40073554
2022-08-23,370,3674,49972831,40077228
2022-08-24,383,3359,49973214,40080587
2022-08-25,421,3772,49973635,40084359
2022-08-26,396,3571,49974031,40087930
2022-08-27,238,1769,49974269,40089699
2022-08-28,29,267,49974298,40089966
2022-08-29,355,3161,49974653,40093127
2022-08-30,403,3669,49975056,40096796
2022-08-31,437,3734,49975493,40100530
2022-09-01,352,3117,49975845,40103647
2022-09-02,296,2890,49976141,40106537
2022-09-03,199,1688,49976340,40108225
2022-09-04,23,149,49976363,40108374
2022-09-05,186,2653,49976549,40111027
2022-09-06,303,2988,49976852,40114015
2022-09-07,540,2935,49977392,40116950
2022-09-08,291,2959,49977683,40119909
2022-09-09,304,2885,49977987,40122794
2022-09-10,227,1326,49978214,40124120
2022-09-11,21,124,49978235,40124244
2022-09-12,267,2262,49978502,40126506
2022-09-13,251,2274,49978753,40128780
2022-09-14,263,2564,49979016,40131344
2022-09-15,280,2491,49979296,40133835
2022-09-16,253,2542,49979549,40136377
2022-09-17,239,1339,49979788,40137716
2022-09-18,20,170,49979808,40137886
2022-09-19,205,1969,49980013,40139855
2022-09-20,236,2383,49980249,40142238
2022-09-21,290,2524,49980539,40144762
2022-09-22,262,2647,49980801,40147409
2022-09-23,257,2530,49981058,40149939
2022-09-24,193,1427,49981251,40151366
2022-09-25,28,133,49981279,40151499
2022-09-26,280,2247,49981559,40153746
2022-09-27,286,2669,49981845,40156415
2022-09-28,308,2888,49982153,40159303
2022-09-29,255,3040,49982408,40162343
2022-09-30,290,2969,49982698,40165312
2022-10-01,194,1510,49982892,40166822
2022-10-02,11,187,49982903,40167009
2022-10-03,181,2469,49983084,40169478
2022-10-04,235,2854,49983319,40172332
2022-10-05,223,3215,49983542,40175547
2022-10-06,241,3832,49983783,40179379
2022-10-07,282,4156,49984065,40183535
2022-10-08,200,2234,49984265,40185769
2022-10-09,8,304,49984273,40186073
2022-10-10,206,3336,49984479,40189409
2022-10-11,191,4342,49984670,40193751
2022-10-12,207,4408,49984877,40198159
2022-10-13,200,5286,49985077,40203445
2022-10-14,229,5011,49985306,40208456
2022-10-15,186,2660,49985492,40211116
2022-10-16,6,358,49985498,40211474
2022-10-17,185,3847,49985683,40215321
2022-10-18,255,4942,49985938,40220263
2022-10-19,235,5423,49986173,40225686
2022-10-20,220,5937,49986393,40231623
2022-10-21,251,5402,49986644,40237025
2022-10-22,194,2898,49986838,40239923
2022-10-23,13,355,49986851,40240278
2022-10-24,168,3867,49987019,40244145
2022-10-25,245,4838,49987264,40248983
2022-10-26,287,5325,49987551,40254308
2022-10-27,226,5450,49987777,40259758
2022-10-28,197,4964,49987974,40264722
2022-10-29,125,2522,49988099,40267244
2022-10-30,3,280,49988102,40267524
2022-10-31,115,2891,49988217,40270415