data_somministrazione,vaccinazioni,booster,cum_vaccinazioni,cum_booster
2020-12-27,16,0,16,0
2020-12-28,2,0,18,0
2020-12-29,1,0,19,0
2020-12-30,3,0,22,0
2020-12-31,34,0,56,0
2021-01-01,12,0,68,0
2021-01-02,53,0,121,0
2021-01-03,46,0,167,0
2021-01-04,124,0,291,0
2021-01-05,163,0,454,0
2021-01-06,135,0,589,0
2021-01-07,200,0,789,0
2021-01-08,246,0,1035,0
2021-01-09,173,0,1208,0
2021-01-10,110,0,1318,0
2021-01-11,199,0,1517,0
2021-01-12,207,0,1724,0
2021-01-13,313,0,2037,0
2021-01-14,413,0,2450,0
2021-01-15,252,0,2702,0
2021-01-16,167,0,2869,0
2021-01-17,3050,0,5919,0
2021-01-18,5186,0,11105,0
2021-01-19,1875,0,12980,0
2021-01-20,4660,0,17640,0
2021-01-21,20016,0,37656,0
2021-01-22,14196,0,51852,0
2021-01-23,33368,0,85220,0
2021-01-24,30794,0,116014,0
2021-01-25,64789,0,180803,0
2021-01-26,76710,0,257513,0
2021-01-27,64883,0,322396,0
2021-01-28,89400,0,411796,0
2021-01-29,94180,0,505976,0
2021-01-30,86802,0,592778,0
2021-01-31,57384,0,650162,0
2021-02-01,81945,0,732107,0
2021-02-02,82220,0,814327,0
2021-02-03,91388,0,905715,0
2021-02-04,95446,0,1001161,0
2021-02-05,90355,0,1091516,0
2021-02-06,63816,0,1155332,0
2021-02-07,32951,0,1188283,0
2021-02-08,40487,0,1228770,0
2021-02-09,32840,0,1261610,0
2021-02-10,28388,0,1289998,0
2021-02-11,20355,0,1310353,0
2021-02-12,16178,0,1326531,0
2021-02-13,7218,0,1333749,0
2021-02-14,2856,0,1336605,0
2021-02-15,6872,0,1343477,0
2021-02-16,6977,0,1350454,0
2021-02-17,10510,0,1360964,0
2021-02-18,9332,0,1370296,0
2021-02-19,8243,0,1378539,0
2021-02-20,5560,0,1384099,0
2021-02-21,2984,0,1387083,0
2021-02-22,6861,0,1393944,0
2021-02-23,7136,0,1401080,0
2021-02-24,9791,0,1410871,0
2021-02-25,14170,0,1425041,0
2021-02-26,17520,0,1442561,0
2021-02-27,13856,0,1456417,0
2021-02-28,9373,0,1465790,0
2021-03-01,26436,0,1492226,0
2021-03-02,33174,0,1525400,0
2021-03-03,44670,0,1570070,0
2021-03-04,50244,0,1620314,0
2021-03-05,55719,0,1676033,0
2021-03-06,41861,0,1717894,0
2021-03-07,22286,0,1740180,0
2021-03-08,50594,0,1790774,0
2021-03-09,52984,0,1843758,0
2021-03-10,58571,0,1902329,0
2021-03-11,63826,0,1966155,0
2021-03-12,65066,0,2031221,0
2021-03-13,51722,0,2082943,0
2021-03-14,35346,0,2118289,0
2021-03-15,73564,0,2191853,0
2021-03-16,74078,0,2265931,0
2021-03-17,83078,0,2349009,0
2021-03-18,81626,0,2430635,0
2021-03-19,81082,0,2511717,0
2021-03-20,64751,0,2576468,0
2021-03-21,47275,0,2623743,0
2021-03-22,69454,0,2693197,0
2021-03-23,75813,0,2769010,0
2021-03-24,90852,0,2859862,0
2021-03-25,89753,0,2949615,0
2021-03-26,83539,0,3033154,0
2021-03-27,71907,0,3105061,0
2021-03-28,44030,0,3149091,0
2021-03-29,70800,0,3219891,0
2021-03-30,81274,0,3301165,0
2021-03-31,96138,0,3397303,0
2021-04-01,95240,0,3492543,0
2021-04-02,84076,0,3576619,0
2021-04-03,64289,0,3640908,0
2021-04-04,21687,0,3662595,0
2021-04-05,40262,0,3702857,0
2021-04-06,81329,0,3784186,0
2021-04-07,95831,0,3880017,0
2021-04-08,95332,0,3975349,0
2021-04-09,88436,0,4063785,0
2021-04-10,74045,0,4137830,0
2021-04-11,44767,0,4182597,0
2021-04-12,66997,0,4249594,0
2021-04-13,72677,0,4322271,0
2021-04-14,85492,0,4407763,0
2021-04-15,105352,0,4513115,0
2021-04-16,106431,0,4619546,0
2021-04-17,90604,0,4710150,0
2021-04-18,58753,0,4768903,0
2021-04-19,93546,0,4862449,0
2021-04-20,103884,0,4966333,0
2021-04-21,125488,0,5091821,0
2021-04-22,143640,0,5235461,0
2021-04-23,138816,0,5374277,0
2021-04-24,124491,0,5498768,0
2021-04-25,61403,0,5560171,0
2021-04-26,97945,0,5658116,0
2021-04-27,128561,0,5786677,0
2021-04-28,156484,0,5943161,0
2021-04-29,195624,0,6138785,0
2021-04-30,214784,0,6353569,0
2021-05-01,174282,0,6527851,0
2021-05-02,136481,0,6664332,0
2021-05-03,142248,0,6806580,0
2021-05-04,158921,0,6965501,0
2021-05-05,171337,0,7136838,0
2021-05-06,198778,0,7335616,0
2021-05-07,214698,0,7550314,0
2021-05-08,213885,0,7764199,0
2021-05-09,143421,0,7907620,0
2021-05-10,165403,0,8073023,0
2021-05-11,175239,0,8248262,0
2021-05-12,179374,0,8427636,0
2021-05-13,203593,0,8631229,0
2021-05-14,223448,0,8854677,0
2021-05-15,211945,0,9066622,0
2021-05-16,160736,0,9227358,0
2021-05-17,219442,0,9446800,0
2021-05-18,213426,0,9660226,0
2021-05-19,207445,0,9867671,0
2021-05-20,271274,0,10138945,0
2021-05-21,271286,0,10410231,0
2021-05-22,246485,0,10656716,0
2021-05-23,198419,0,10855135,0
2021-05-24,228713,0,11083848,0
2021-05-25,247148,0,11330996,0
2021-05-26,278975,0,11609971,0
2021-05-27,312627,0,11922598,0
2021-05-28,300096,0,12222694,0
2021-05-29,231721,0,12454415,0
2021-05-30,172021,0,12626436,0
2021-05-31,217951,0,12844387,0
2021-06-01,208352,0,13052739,0
2021-06-02,116275,0,13169014,0
2021-06-03,180543,0,13349557,0
2021-06-04,186117,0,13535674,0
2021-06-05,186630,0,13722304,0
2021-06-06,140154,0,13862458,0
2021-06-07,162271,0,14024729,0
2021-06-08,171267,0,14195996,0
2021-06-09,171677,0,14367673,0
2021-06-10,174090,0,14541763,0
2021-06-11,170011,0,14711774,0
2021-06-12,128310,0,14840084,0
2021-06-13,91519,0,14931603,0
2021-06-14,215263,0,15146866,0
2021-06-15,228933,0,15375799,0
2021-06-16,254279,0,15630078,0
2021-06-17,302867,0,15932945,0
2021-06-18,307151,0,16240096,0
2021-06-19,276238,0,16516334,0
2021-06-20,221575,0,16737909,0
2021-06-21,289160,0,17027069,0
2021-06-22,297613,0,17324682,0
2021-06-23,304339,0,17629021,0
2021-06-24,333957,0,17962978,0
2021-06-25,350012,0,18312990,0
2021-06-26,301427,0,18614417,0
2021-06-27,229731,0,18844148,0
2021-06-28,308411,0,19152559,0
2021-06-29,331033,0,19483592,0
2021-06-30,344166,0,19827758,0
2021-07-01,364846,0,20192604,0
2021-07-02,370293,0,20562897,0
2021-07-03,373398,0,20936295,0
2021-07-04,284536,0,21220831,0
2021-07-05,386292,0,21607123,0
2021-07-06,387438,0,21994561,0
2021-07-07,414249,0,22408810,0
2021-07-08,482561,0,22891371,0
2021-07-09,500775,0,23392146,0
2021-07-10,477371,0,23869517,0
2021-07-11,359034,0,24228551,0
2021-07-12,487814,0,24716365,0
2021-07-13,494572,0,25210937,0
2021-07-14,482780,0,25693717,0
2021-07-15,525871,0,26219588,0
2021-07-16,511664,0,26731252,0
2021-07-17,466398,0,27197650,0
2021-07-18,366095,0,27563745,0
2021-07-19,465086,0,28028831,0
2021-07-20,459824,0,28488655,0
2021-07-21,464675,0,28953330,0
2021-07-22,476620,0,29429950,0
2021-07-23,442887,0,29872837,0
2021-07-24,386923,0,30259760,0
2021-07-25,288060,0,30547820,0
2021-07-26,432391,0,30980211,0
2021-07-27,441791,0,31422002,0
2021-07-28,392598,0,31814600,0
2021-07-29,373646,0,32188246,0
2021-07-30,342903,0,32531149,0
2021-07-31,288370,0,32819519,0
2021-08-01,191405,0,33010924,0
2021-08-02,335332,0,33346256,0
2021-08-03,324460,0,33670716,0
2021-08-04,312308,0,33983024,0
2021-08-05,293714,0,34276738,0
2021-08-06,261007,0,34537745,0
2021-08-07,199402,0,34737147,0
2021-08-08,153576,0,34890723,0
2021-08-09,235256,0,35125979,0
2021-08-10,205558,0,35331537,0
2021-08-11,194268,0,35525805,0
2021-08-12,168477,0,35694282,0
2021-08-13,148652,0,35842934,0
2021-08-14,65984,0,35908918,0
2021-08-15,26299,0,35935217,0
2021-08-16,114863,0,36050080,0
2021-08-17,129252,0,36179332,0
2021-08-18,128849,0,36308181,0
2021-08-19,125192,0,36433373,0
2021-08-20,124267,0,36557640,0
2021-08-21,83490,0,36641130,0
2021-08-22,68364,0,36709494,0
2021-08-23,177079,0,36886573,0
2021-08-24,157840,0,37044413,0
2021-08-25,177786,0,37222199,0
2021-08-26,173155,0,37395354,0
2021-08-27,186333,0,37581687,0
2021-08-28,140257,0,37721944,0
2021-08-29,99161,0,37821105,0
2021-08-30,210025,0,38031130,0
2021-08-31,195097,0,38226227,0
2021-09-01,192658,0,38418885,0
2021-09-02,190131,0,38609016,0
2021-09-03,191319,0,38800335,0
2021-09-04,131508,0,38931843,0
2021-09-05,87900,0,39019743,0
2021-09-06,193783,0,39213526,0
2021-09-07,195935,0,39409461,0
2021-09-08,187880,0,39597341,0
2021-09-09,201494,0,39798835,0
2021-09-10,198147,0,39996982,0
2021-09-11,141212,0,40138194,0
2021-09-12,89563,0,40227757,0
2021-09-13,191204,349,40418961,349
2021-09-14,177322,425,40596283,774
2021-09-15,163100,456,40759383,1230
2021-09-16,160045,789,40919428,2019
2021-09-17,150087,1006,41069515,3025
2021-09-18,127815,656,41197330,3681
2021-09-19,81119,442,41278449,4123
2021-09-20,179890,8957,41458339,13080
2021-09-21,166378,8729,41624717,21809
2021-09-22,158925,9370,41783642,31179
2021-09-23,137805,9245,41921447,40424
2021-09-24,140271,8862,42061718,49286
2021-09-25,119354,5563,42181072,54849
2021-09-26,71806,4293,42252878,59142
2021-09-27,135428,9981,42388306,69123
2021-09-28,117252,11311,42505558,80434
2021-09-29,112073,11764,42617631,92198
2021-09-30,109988,14850,42727619,107048
2021-10-01,94704,19030,42822323,126078
2021-10-02,78233,13987,42900556,140065
2021-10-03,47572,7630,42948128,147695
2021-10-04,88102,34358,43036230,182053
2021-10-05,80135,33918,43116365,215971
2021-10-06,71754,34082,43188119,250053
2021-10-07,71526,34293,43259645,284346
2021-10-08,80365,33504,43340010,317850
2021-10-09,75833,22107,43415843,339957
2021-10-10,45631,13591,43461474,353548
2021-10-11,87122,41003,43548596,394551
2021-10-12,84213,46795,43632809,441346
2021-10-13,87877,52007,43720686,493353
2021-10-14,91156,58401,43811842,551754
2021-10-15,93211,55486,43905053,607240
2021-10-16,82651,36706,43987704,643946
2021-10-17,51261,23782,44038965,667728
2021-10-18,90040,59336,44129005,727064
2021-10-19,78106,69295,44207111,796359
2021-10-20,74823,78039,44281934,874398
2021-10-21,78071,81609,44360005,956007
2021-10-22,73646,76899,44433651,1032906
2021-10-23,60639,51886,44494290,1084792
2021-10-24,33314,23400,44527604,1108192
2021-10-25,64843,81536,44592447,1189728
2021-10-26,58245,91637,44650692,1281365
2021-10-27,58156,103834,44708848,1385199
2021-10-28,61285,113886,44770133,1499085
2021-10-29,61571,103028,44831704,1602113
2021-10-30,50550,68120,44882254,1670233
2021-10-31,25117,28238,44907371,1698471
2021-11-01,19013,28119,44926384,1726590
2021-11-02,62716,89284,44989100,1815874
2021-11-03,60640,118610,45049740,1934484
2021-11-04,59121,126495,45108861,2060979
2021-11-05,62966,134994,45171827,2195973
2021-11-06,46353,90888,45218180,2286861
2021-11-07,22204,37840,45240384,2324701
2021-11-08,51366,131131,45291750,2455832
2021-11-09,45333,144008,45337083,2599840
2021-11-10,42469,156178,45379552,2756018
2021-11-11,44802,155013,45424354,2911031
2021-11-12,46222,158498,45470576,3069529
2021-11-13,33115,116557,45503691,3186086
2021-11-14,14444,52398,45518135,3238484
2021-11-15,36772,157218,45554907,3395702
2021-11-16,30430,171310,45585337,3567012
2021-11-17,28315,178403,45613652,3745415
2021-11-18,30105,193942,45643757,3939357
2021-11-19,28656,205838,45672413,4145195
2021-11-20,20880,156251,45693293,4301446
2021-11-21,10535,64739,45703828,4366185
2021-11-22,21796,213205,45725624,4579390
2021-11-23,23432,241835,45749056,4821225
2021-11-24,27662,271062,45776718,5092287
2021-11-25,23028,301884,45799746,5394171
2021-11-26,24384,318158,45824130,5712329
2021-11-27,21203,265888,45845333,5978217
2021-11-28,9818,136853,45855151,6115070
2021-11-29,22087,325808,45877238,6440878
2021-11-30,22840,365625,45900078,6806503
2021-12-01,21240,413076,45921318,7219579
2021-12-02,23486,440244,45944804,7659823
2021-12-03,24941,467153,45969745,8126976
2021-12-04,22112,418622,45991857,8545598
2021-12-05,11733,261257,46003590,8806855
2021-12-06,25420,457741,46029010,9264596
2021-12-07,23770,480380,46052780,9744976
2021-12-08,9821,249901,46062601,9994877
2021-12-09,31132,492064,46093733,10486941
2021-12-10,27673,517818,46121406,11004759
2021-12-11,23197,459515,46144603,11464274
2021-12-12,12067,293652,46156670,11757926
2021-12-13,25740,467708,46182410,12225634
2021-12-14,24737,494306,46207147,12719940
2021-12-15,24893,517181,46232040,13237121
2021-12-16,27316,520287,46259356,13757408
2021-12-17,28856,517012,46288212,14274420
2021-12-18,26521,468979,46314733,14743399
2021-12-19,14818,300759,46329551,15044158
2021-12-20,30087,477622,46359638,15521780
2021-12-21,29884,493511,46389522,16015291
2021-12-22,28852,484799,46418374,16500090
2021-12-23,27637,427176,46446011,16927266
2021-12-24,12879,210965,46458890,17138231
2021-12-25,2079,33032,46460969,17171263
2021-12-26,8569,159004,46469538,17330267
2021-12-27,45936,505247,46515474,17835514
2021-12-28,41368,554784,46556842,18390298
2021-12-29,33065,551223,46589907,18941521
2021-12-30,30619,500405,46620526,19441926
2021-12-31,13363,248025,46633889,19689951
2022-01-01,3352,64774,46637241,19754725
2022-01-02,21683,277472,46658924,20032197
2022-01-03,45727,521561,46704651,20553758
2022-01-04,43876,573597,46748527,21127355
2022-01-05,37907,561845,46786434,21689200
2022-01-06,21756,274667,46808190,21963867
2022-01-07,60199,555503,46868389,22519370
2022-01-08,56970,503947,46925359,23023317
2022-01-09,39739,319538,46965098,23342855
2022-01-10,57796,542621,47022894,23885476
2022-01-11,57806,587350,47080700,24472826
2022-01-12,54399,581539,47135099,25054365
2022-01-13,54787,580689,47189886,25635054
2022-01-14,42844,588485,47232730,26223539
2022-01-15,34454,568312,47267184,26791851
2022-01-16,27971,341049,47295155,27132900
2022-01-17,52159,490054,47347314,27622954
2022-01-18,55862,517317,47403176,28140271
2022-01-19,54826,503064,47458002,28643335
2022-01-20,52106,499004,47510108,29142339
2022-01-21,39765,493921,47549873,29636260
2022-01-22,28294,469081,47578167,30105341
2022-01-23,33317,275039,47611484,30380380
2022-01-24,54603,437578,47666087,30817958
2022-01-25,60102,452308,47726189,31270266
2022-01-26,56992,436026,47783181,31706292
2022-01-27,47290,432352,47830471,32138644
2022-01-28,57003,436651,47887474,32575295
2022-01-29,66205,411640,47953679,32986935
2022-01-30,49052,235478,48002731,33222413
2022-01-31,59025,357104,48061756,33579517
2022-02-01,64223,328568,48125979,33908085
2022-02-02,61932,296823,48187911,34204908
2022-02-03,59001,274375,48246912,34479283
2022-02-04,71218,268106,48318130,34747389
2022-02-05,82223,247669,48400353,34995058
2022-02-06,54524,115798,48454877,35110856
2022-02-07,64101,199562,48518978,35310418
2022-02-08,65561,184260,48584539,35494678
2022-02-09,57898,157926,48642437,35652604