data_somministrazione,vaccinazioni,booster,cum_vaccinazioni,cum_booster
2020-12-27,17,0,17,0
2020-12-28,2,0,19,0
2020-12-29,1,0,20,0
2020-12-30,6,0,26,0
2020-12-31,42,0,68,0
2021-01-01,14,0,82,0
2021-01-02,74,0,156,0
2021-01-03,54,0,210,0
2021-01-04,146,0,356,0
2021-01-05,188,0,544,0
2021-01-06,154,0,698,0
2021-01-07,230,0,928,0
2021-01-08,274,0,1202,0
2021-01-09,201,0,1403,0
2021-01-10,119,0,1522,0
2021-01-11,210,0,1732,0
2021-01-12,233,0,1965,0
2021-01-13,340,0,2305,0
2021-01-14,430,0,2735,0
2021-01-15,265,0,3000,0
2021-01-16,172,0,3172,0
2021-01-17,3050,0,6222,0
2021-01-18,5195,0,11417,0
2021-01-19,1883,0,13300,0
2021-01-20,4649,0,17949,0
2021-01-21,20010,0,37959,0
2021-01-22,14196,0,52155,0
2021-01-23,33355,0,85510,0
2021-01-24,30795,0,116305,0
2021-01-25,64770,0,181075,0
2021-01-26,76537,0,257612,0
2021-01-27,64870,0,322482,0
2021-01-28,89342,0,411824,0
2021-01-29,94070,0,505894,0
2021-01-30,86609,0,592503,0
2021-01-31,57350,0,649853,0
2021-02-01,81908,0,731761,0
2021-02-02,82171,0,813932,0
2021-02-03,91219,0,905151,0
2021-02-04,95428,0,1000579,0
2021-02-05,90302,0,1090881,0
2021-02-06,63738,0,1154619,0
2021-02-07,32919,0,1187538,0
2021-02-08,40422,0,1227960,0
2021-02-09,32856,0,1260816,0
2021-02-10,28405,0,1289221,0
2021-02-11,20367,0,1309588,0
2021-02-12,16206,0,1325794,0
2021-02-13,7223,0,1333017,0
2021-02-14,2861,0,1335878,0
2021-02-15,6829,0,1342707,0
2021-02-16,6982,0,1349689,0
2021-02-17,10510,0,1360199,0
2021-02-18,9230,0,1369429,0
2021-02-19,8212,0,1377641,0
2021-02-20,5499,0,1383140,0
2021-02-21,2958,0,1386098,0
2021-02-22,6866,0,1392964,0
2021-02-23,7134,0,1400098,0
2021-02-24,9810,0,1409908,0
2021-02-25,14183,0,1424091,0
2021-02-26,17531,0,1441622,0
2021-02-27,13882,0,1455504,0
2021-02-28,9366,0,1464870,0
2021-03-01,26479,0,1491349,0
2021-03-02,33214,0,1524563,0
2021-03-03,44627,0,1569190,0
2021-03-04,50251,0,1619441,0
2021-03-05,55770,0,1675211,0
2021-03-06,41854,0,1717065,0
2021-03-07,22309,0,1739374,0
2021-03-08,50563,0,1789937,0
2021-03-09,52939,0,1842876,0
2021-03-10,58570,0,1901446,0
2021-03-11,63794,0,1965240,0
2021-03-12,65059,0,2030299,0
2021-03-13,51676,0,2081975,0
2021-03-14,35363,0,2117338,0
2021-03-15,73387,0,2190725,0
2021-03-16,74011,0,2264736,0
2021-03-17,83119,0,2347855,0
2021-03-18,81609,0,2429464,0
2021-03-19,81049,0,2510513,0
2021-03-20,64672,0,2575185,0
2021-03-21,47268,0,2622453,0
2021-03-22,69430,0,2691883,0
2021-03-23,75740,0,2767623,0
2021-03-24,90828,0,2858451,0
2021-03-25,89742,0,2948193,0
2021-03-26,83526,0,3031719,0
2021-03-27,71859,0,3103578,0
2021-03-28,44079,0,3147657,0
2021-03-29,70745,0,3218402,0
2021-03-30,81287,0,3299689,0
2021-03-31,96149,0,3395838,0
2021-04-01,95228,0,3491066,0
2021-04-02,84024,0,3575090,0
2021-04-03,64263,0,3639353,0
2021-04-04,21703,0,3661056,0
2021-04-05,40275,0,3701331,0
2021-04-06,81259,0,3782590,0
2021-04-07,95765,0,3878355,0
2021-04-08,95177,0,3973532,0
2021-04-09,88441,0,4061973,0
2021-04-10,73972,0,4135945,0
2021-04-11,44716,0,4180661,0
2021-04-12,66871,0,4247532,0
2021-04-13,72524,0,4320056,0
2021-04-14,85469,0,4405525,0
2021-04-15,105356,0,4510881,0
2021-04-16,106355,0,4617236,0
2021-04-17,90443,0,4707679,0
2021-04-18,58545,0,4766224,0
2021-04-19,93405,0,4859629,0
2021-04-20,103711,0,4963340,0
2021-04-21,125284,0,5088624,0
2021-04-22,143453,0,5232077,0
2021-04-23,138653,0,5370730,0
2021-04-24,124386,0,5495116,0
2021-04-25,61417,0,5556533,0
2021-04-26,97832,0,5654365,0
2021-04-27,128288,0,5782653,0
2021-04-28,156294,0,5938947,0
2021-04-29,195497,0,6134444,0
2021-04-30,214499,0,6348943,0
2021-05-01,174008,0,6522951,0
2021-05-02,135750,0,6658701,0
2021-05-03,141919,0,6800620,0
2021-05-04,158626,0,6959246,0
2021-05-05,170395,0,7129641,0
2021-05-06,197721,0,7327362,0
2021-05-07,213713,0,7541075,0
2021-05-08,213311,0,7754386,0
2021-05-09,143127,0,7897513,0
2021-05-10,165017,0,8062530,0
2021-05-11,174884,0,8237414,0
2021-05-12,179064,0,8416478,0
2021-05-13,203249,0,8619727,0
2021-05-14,222808,0,8842535,0
2021-05-15,210234,0,9052769,0
2021-05-16,159195,0,9211964,0
2021-05-17,219114,0,9431078,0
2021-05-18,212931,0,9644009,0
2021-05-19,206993,0,9851002,0
2021-05-20,270766,0,10121768,0
2021-05-21,270769,0,10392537,0
2021-05-22,245451,0,10637988,0
2021-05-23,197124,0,10835112,0
2021-05-24,228248,0,11063360,0
2021-05-25,245642,0,11309002,0
2021-05-26,277430,0,11586432,0
2021-05-27,311011,0,11897443,0
2021-05-28,299487,0,12196930,0
2021-05-29,231118,0,12428048,0
2021-05-30,170764,0,12598812,0
2021-05-31,216326,0,12815138,0
2021-06-01,207568,0,13022706,0
2021-06-02,115703,0,13138409,0
2021-06-03,179972,0,13318381,0
2021-06-04,184710,0,13503091,0
2021-06-05,185853,0,13688944,0
2021-06-06,139400,0,13828344,0
2021-06-07,161702,0,13990046,0
2021-06-08,171015,0,14161061,0
2021-06-09,171297,0,14332358,0
2021-06-10,173889,0,14506247,0
2021-06-11,169790,0,14676037,0
2021-06-12,128174,0,14804211,0
2021-06-13,91034,0,14895245,0
2021-06-14,214551,0,15109796,0
2021-06-15,228253,0,15338049,0
2021-06-16,252930,0,15590979,0
2021-06-17,301582,0,15892561,0
2021-06-18,306149,0,16198710,0
2021-06-19,274957,0,16473667,0
2021-06-20,220613,0,16694280,0
2021-06-21,287934,0,16982214,0
2021-06-22,296089,0,17278303,0
2021-06-23,302609,0,17580912,0
2021-06-24,332462,0,17913374,0
2021-06-25,348617,0,18261991,0
2021-06-26,300011,0,18562002,0
2021-06-27,228555,0,18790557,0
2021-06-28,306935,0,19097492,0
2021-06-29,329103,0,19426595,0
2021-06-30,342025,0,19768620,0
2021-07-01,363058,0,20131678,0
2021-07-02,368353,0,20500031,0
2021-07-03,371019,0,20871050,0
2021-07-04,283118,0,21154168,0
2021-07-05,384446,0,21538614,0
2021-07-06,385340,0,21923954,0
2021-07-07,412005,0,22335959,0
2021-07-08,479649,0,22815608,0
2021-07-09,498528,0,23314136,0
2021-07-10,475182,0,23789318,0
2021-07-11,357709,0,24147027,0
2021-07-12,485923,0,24632950,0
2021-07-13,492166,0,25125116,0
2021-07-14,480487,0,25605603,0
2021-07-15,523528,0,26129131,0
2021-07-16,509804,0,26638935,0
2021-07-17,464446,0,27103381,0
2021-07-18,364720,0,27468101,0
2021-07-19,463099,0,27931200,0
2021-07-20,458133,0,28389333,0
2021-07-21,462798,0,28852131,0
2021-07-22,475391,0,29327522,0
2021-07-23,441290,0,29768812,0
2021-07-24,386182,0,30154994,0
2021-07-25,287609,0,30442603,0
2021-07-26,430886,0,30873489,0
2021-07-27,440103,0,31313592,0
2021-07-28,390985,0,31704577,0
2021-07-29,372062,0,32076639,0
2021-07-30,341417,0,32418056,0
2021-07-31,286956,0,32705012,0
2021-08-01,190928,0,32895940,0
2021-08-02,333615,0,33229555,0
2021-08-03,323149,0,33552704,0
2021-08-04,310886,0,33863590,0
2021-08-05,292507,0,34156097,0
2021-08-06,259954,0,34416051,0
2021-08-07,198983,0,34615034,0
2021-08-08,153079,0,34768113,0
2021-08-09,234025,0,35002138,0
2021-08-10,205206,0,35207344,0
2021-08-11,193677,0,35401021,0
2021-08-12,167859,0,35568880,0
2021-08-13,148510,0,35717390,0
2021-08-14,66045,0,35783435,0
2021-08-15,26322,0,35809757,0
2021-08-16,114617,0,35924374,0
2021-08-17,129184,0,36053558,0
2021-08-18,128674,0,36182232,0
2021-08-19,124693,0,36306925,0
2021-08-20,123728,0,36430653,0
2021-08-21,83064,0,36513717,0
2021-08-22,68133,0,36581850,0
2021-08-23,176815,0,36758665,0
2021-08-24,156867,0,36915532,0
2021-08-25,177135,0,37092667,0
2021-08-26,172326,0,37264993,0
2021-08-27,185856,0,37450849,0
2021-08-28,140237,0,37591086,0
2021-08-29,99020,0,37690106,0
2021-08-30,209608,0,37899714,0
2021-08-31,194561,0,38094275,0
2021-09-01,192163,0,38286438,0
2021-09-02,189885,0,38476323,0
2021-09-03,191335,0,38667658,0
2021-09-04,131489,0,38799147,0
2021-09-05,87865,0,38887012,0
2021-09-06,193695,0,39080707,0
2021-09-07,196061,0,39276768,0
2021-09-08,187925,0,39464693,0
2021-09-09,201465,0,39666158,0
2021-09-10,198115,0,39864273,0
2021-09-11,141311,0,40005584,0
2021-09-12,89601,0,40095185,0
2021-09-13,191222,415,40286407,415
2021-09-14,177280,484,40463687,899
2021-09-15,163123,512,40626810,1411
2021-09-16,160095,838,40786905,2249
2021-09-17,150148,1039,40937053,3288
2021-09-18,127945,676,41064998,3964
2021-09-19,81095,462,41146093,4426
2021-09-20,180032,8993,41326125,13419
2021-09-21,166565,8782,41492690,22201
2021-09-22,158990,9397,41651680,31598
2021-09-23,138020,9274,41789700,40872
2021-09-24,140476,8899,41930176,49771
2021-09-25,119510,5587,42049686,55358
2021-09-26,71902,4319,42121588,59677
2021-09-27,135547,10002,42257135,69679
2021-09-28,117417,11340,42374552,81019
2021-09-29,112250,11791,42486802,92810
2021-09-30,110162,14881,42596964,107691
2021-10-01,94896,19075,42691860,126766
2021-10-02,78409,14000,42770269,140766
2021-10-03,47671,7643,42817940,148409
2021-10-04,88307,34412,42906247,182821
2021-10-05,80309,33946,42986556,216767
2021-10-06,71913,34118,43058469,250885
2021-10-07,71755,34314,43130224,285199
2021-10-08,80570,33539,43210794,318738
2021-10-09,76054,22130,43286848,340868
2021-10-10,45738,13599,43332586,354467
2021-10-11,87354,41045,43419940,395512
2021-10-12,84429,46839,43504369,442351
2021-10-13,88114,52050,43592483,494401
2021-10-14,91435,58432,43683918,552833
2021-10-15,93523,55538,43777441,608371
2021-10-16,82886,36737,43860327,645108
2021-10-17,51415,23794,43911742,668902
2021-10-18,90270,59393,44002012,728295
2021-10-19,78292,69325,44080304,797620
2021-10-20,75013,78117,44155317,875737
2021-10-21,78263,81693,44233580,957430
2021-10-22,73785,76951,44307365,1034381
2021-10-23,60765,51930,44368130,1086311
2021-10-24,33374,23417,44401504,1109728
2021-10-25,64873,81576,44466377,1191304
2021-10-26,58345,91710,44524722,1283014
2021-10-27,58310,103903,44583032,1386917
2021-10-28,61434,114029,44644466,1500946
2021-10-29,61670,103028,44706136,1603974
2021-10-30,50662,68071,44756798,1672045
2021-10-31,25159,28261,44781957,1700306
2021-11-01,19038,28133,44800995,1728439
2021-11-02,62760,89292,44863755,1817731
2021-11-03,60727,118594,44924482,1936325
2021-11-04,59242,126586,44983724,2062911
2021-11-05,63070,135109,45046794,2198020
2021-11-06,46452,90924,45093246,2288944
2021-11-07,22237,37869,45115483,2326813
2021-11-08,51505,131201,45166988,2458014
2021-11-09,45391,144134,45212379,2602148
2021-11-10,42567,156355,45254946,2758503
2021-11-11,44910,155121,45299856,2913624
2021-11-12,46347,158544,45346203,3072168
2021-11-13,33227,116668,45379430,3188836
2021-11-14,14470,52430,45393900,3241266
2021-11-15,36867,157358,45430767,3398624
2021-11-16,30515,171344,45461282,3569968
2021-11-17,28417,178399,45489699,3748367
2021-11-18,30249,193635,45519948,3942002
2021-11-19,28758,205782,45548706,4147784
2021-11-20,20958,156473,45569664,4304257
2021-11-21,10591,64846,45580255,4369103
2021-11-22,21889,213099,45602144,4582202
2021-11-23,23524,241668,45625668,4823870
2021-11-24,27786,270894,45653454,5094764
2021-11-25,23172,301858,45676626,5396622
2021-11-26,24510,318207,45701136,5714829
2021-11-27,21313,266095,45722449,5980924
2021-11-28,9862,137024,45732311,6117948
2021-11-29,22241,326005,45754552,6443953
2021-11-30,22997,365769,45777549,6809722
2021-12-01,21439,413465,45798988,7223187
2021-12-02,23686,440310,45822674,7663497
2021-12-03,25131,467373,45847805,8130870
2021-12-04,22264,418701,45870069,8549571
2021-12-05,11868,261302,45881937,8810873
2021-12-06,25691,457506,45907628,9268379
2021-12-07,24018,480154,45931646,9748533
2021-12-08,9942,249642,45941588,9998175
2021-12-09,31450,491871,45973038,10490046
2021-12-10,27954,517816,46000992,11007862
2021-12-11,23457,459189,46024449,11467051
2021-12-12,12242,293456,46036691,11760507
2021-12-13,26036,467567,46062727,12228074
2021-12-14,25054,494130,46087781,12722204
2021-12-15,25208,517070,46112989,13239274
2021-12-16,27709,520161,46140698,13759435
2021-12-17,29203,517094,46169901,14276529
2021-12-18,26852,468665,46196753,14745194
2021-12-19,15032,300469,46211785,15045663
2021-12-20,30464,477403,46242249,15523066
2021-12-21,30230,493278,46272479,16016344
2021-12-22,29271,484638,46301750,16500982
2021-12-23,28084,426852,46329834,16927834
2021-12-24,13043,210786,46342877,17138620
2021-12-25,2094,33051,46344971,17171671
2021-12-26,8692,159051,46353663,17330722
2021-12-27,46577,504573,46400240,17835295
2021-12-28,42207,554135,46442447,18389430
2021-12-29,34065,550569,46476512,18939999
2021-12-30,31593,499771,46508105,19439770
2021-12-31,13996,247375,46522101,19687145
2022-01-01,3461,64802,46525562,19751947
2022-01-02,22578,276703,46548140,20028650
2022-01-03,47530,520912,46595670,20549562
2022-01-04,46093,572937,46641763,21122499
2022-01-05,40357,561255,46682120,21683754
2022-01-06,23220,274455,46705340,21958209
2022-01-07,63282,555073,46768622,22513282
2022-01-08,60321,503328,46828943,23016610
2022-01-09,42409,319662,46871352,23336272
2022-01-10,60668,543146,46932020,23879418
2022-01-11,61283,587891,46993303,24467309
2022-01-12,57980,582174,47051283,25049483
2022-01-13,58144,581222,47109427,25630705
2022-01-14,46257,589329,47155684,26220034
2022-01-15,38687,569888,47194371,26789922
2022-01-16,30793,341812,47225164,27131734
2022-01-17,54407,490519,47279571,27622253
2022-01-18,58106,517830,47337677,28140083
2022-01-19,56872,503568,47394549,28643651
2022-01-20,54052,499611,47448601,29143262
2022-01-21,41707,494681,47490308,29637943
2022-01-22,30676,469543,47520984,30107486
2022-01-23,34631,275328,47555615,30382814
2022-01-24,55933,438097,47611548,30820911
2022-01-25,61428,452980,47672976,31273891
2022-01-26,58283,436649,47731259,31710540
2022-01-27,48583,433163,47779842,32143703
2022-01-28,58382,437371,47838224,32581074
2022-01-29,67707,412356,47905931,32993430
2022-01-30,50132,235919,47956063,33229349
2022-01-31,60247,357834,48016310,33587183
2022-02-01,65287,329356,48081597,33916539
2022-02-02,62979,297773,48144576,34214312
2022-02-03,59898,275285,48204474,34489597
2022-02-04,72227,269207,48276701,34758804
2022-02-05,83478,248452,48360179,35007256
2022-02-06,55095,116175,48415274,35123431
2022-02-07,65005,200728,48480279,35324159
2022-02-08,66750,186851,48547029,35511010
2022-02-09,58607,166995,48605636,35678005
2022-02-10,58406,163864,48664042,35841869
2022-02-11,62134,163043,48726176,36004912
2022-02-12,71772,152102,48797948,36157014
2022-02-13,41372,68824,48839320,36225838
2022-02-14,46605,116818,48885925,36342656
2022-02-15,48424,124066,48934349,36466722
2022-02-16,45575,106658,48979924,36573380
2022-02-17,42842,98490,49022766,36671870
2022-02-18,46545,112897,49069311,36784767
2022-02-19,52402,100294,49121713,36885061
2022-02-20,31356,40342,49153069,36925403
2022-02-21,37883,89852,49190952,37015255
2022-02-22,37191,83909,49228143,37099164
2022-02-23,33373,79506,49261516,37178670
2022-02-24,32530,78252,49294046,37256922
2022-02-25,34715,90826,49328761,37347748
2022-02-26,39077,89104,49367838,37436852
2022-02-27,22503,35841,49390341,37472693
2022-02-28,28457,81891,49418798,37554584
2022-03-01,22652,54091,49441450,37608675
2022-03-02,21962,50693,49463412,37659368
2022-03-03,22568,55025,49485980,37714393
2022-03-04,23169,62912,49509149,37777305
2022-03-05,23714,57939,49532863,37835244
2022-03-06,9446,17193,49542309,37852437
2022-03-07,15876,51532,49558185,37903969
2022-03-08,15435,48981,49573620,37952950
2022-03-09,13779,46574,49587399,37999524
2022-03-10,13965,52255,49601364,38051779
2022-03-11,15519,57359,49616883,38109138
2022-03-12,15422,56601,49632305,38165739
2022-03-13,5523,16844,49637828,38182583
2022-03-14,10484,46818,49648312,38229401
2022-03-15,10504,47004,49658816,38276405
2022-03-16,9437,42070,49668253,38318475
2022-03-17,9666,44949,49677919,38363424
2022-03-18,10133,49148,49688052,38412572
2022-03-19,9078,46512,49697130,38459084
2022-03-20,2589,11689,49699719,38470773
2022-03-21,7550,40340,49707269,38511113
2022-03-22,8399,37804,49715668,38548917
2022-03-23,7187,33728,49722855,38582645
2022-03-24,8228,38825,49731083,38621470
2022-03-25,8093,43708,49739176,38665178
2022-03-26,8071,41686,49747247,38706864
2022-03-27,2415,9683,49749662,38716547
2022-03-28,6076,35273,49755738,38751820
2022-03-29,5748,32567,49761486,38784387
2022-03-30,5516,30211,49767002,38814598
2022-03-31,5837,33173,49772839,38847771
2022-04-01,4323,25154,49777162,38872925
2022-04-02,4457,23252,49781619,38896177
2022-04-03,1039,4495,49782658,38900672
2022-04-04,3616,21493,49786274,38922165
2022-04-05,3747,23008,49790021,38945173
2022-04-06,4047,21849,49794068,38967022
2022-04-07,3922,23338,49797990,38990360
2022-04-08,4629,26668,49802619,39017028
2022-04-09,4335,23855,49806954,39040883
2022-04-10,873,4584,49807827,39045467
2022-04-11,3743,22661,49811570,39068128
2022-04-12,3336,21820,49814906,39089948
2022-04-13,3513,21322,49818419,39111270
2022-04-14,3438,23766,49821857,39135036
2022-04-15,3029,20538,49824886,39155574
2022-04-16,2126,11895,49827012,39167469
2022-04-17,63,347,49827075,39167816
2022-04-18,146,644,49827221,39168460
2022-04-19,3445,21973,49830666,39190433
2022-04-20,3433,20116,49834099,39210549
2022-04-21,2784,19690,49836883,39230239
2022-04-22,2835,20409,49839718,39250648
2022-04-23,2602,16066,49842320,39266714
2022-04-24,456,1468,49842776,39268182