data_somministrazione,vaccinazioni,booster,cum_vaccinazioni,cum_booster
2020-12-27,20,0,20,0
2020-12-28,2,0,22,0
2020-12-29,1,0,23,0
2020-12-30,10,0,33,0
2020-12-31,76,0,109,0
2021-01-01,25,0,134,0
2021-01-02,142,0,276,0
2021-01-03,103,0,379,0
2021-01-04,234,0,613,0
2021-01-05,278,0,891,0
2021-01-06,244,0,1135,0
2021-01-07,322,0,1457,0
2021-01-08,377,0,1834,0
2021-01-09,281,0,2115,0
2021-01-10,165,0,2280,0
2021-01-11,302,0,2582,0
2021-01-12,282,0,2864,0
2021-01-13,416,0,3280,0
2021-01-14,502,0,3782,0
2021-01-15,316,0,4098,0
2021-01-16,223,0,4321,0
2021-01-17,3063,0,7384,0
2021-01-18,5219,0,12603,0
2021-01-19,1894,0,14497,0
2021-01-20,4659,0,19156,0
2021-01-21,20006,0,39162,0
2021-01-22,14220,0,53382,0
2021-01-23,33323,0,86705,0
2021-01-24,30776,0,117481,0
2021-01-25,64707,0,182188,0
2021-01-26,76467,0,258655,0
2021-01-27,64814,0,323469,0
2021-01-28,89257,0,412726,0
2021-01-29,93998,0,506724,0
2021-01-30,86544,0,593268,0
2021-01-31,57325,0,650593,0
2021-02-01,81839,0,732432,0
2021-02-02,82135,0,814567,0
2021-02-03,91107,0,905674,0
2021-02-04,95385,0,1001059,0
2021-02-05,90270,0,1091329,0
2021-02-06,63447,0,1154776,0
2021-02-07,32935,0,1187711,0
2021-02-08,40423,0,1228134,0
2021-02-09,32879,0,1261013,0
2021-02-10,28435,0,1289448,0
2021-02-11,20405,0,1309853,0
2021-02-12,16250,0,1326103,0
2021-02-13,7279,0,1333382,0
2021-02-14,2862,0,1336244,0
2021-02-15,6846,0,1343090,0
2021-02-16,7004,0,1350094,0
2021-02-17,10526,0,1360620,0
2021-02-18,9255,0,1369875,0
2021-02-19,8255,0,1378130,0
2021-02-20,5577,0,1383707,0
2021-02-21,3013,0,1386720,0
2021-02-22,6882,0,1393602,0
2021-02-23,7187,0,1400789,0
2021-02-24,9812,0,1410601,0
2021-02-25,14213,0,1424814,0
2021-02-26,17559,0,1442373,0
2021-02-27,13918,0,1456291,0
2021-02-28,9393,0,1465684,0
2021-03-01,26525,0,1492209,0
2021-03-02,33248,0,1525457,0
2021-03-03,44646,0,1570103,0
2021-03-04,50299,0,1620402,0
2021-03-05,55743,0,1676145,0
2021-03-06,41879,0,1718024,0
2021-03-07,22329,0,1740353,0
2021-03-08,50833,0,1791186,0
2021-03-09,53089,0,1844275,0
2021-03-10,58682,0,1902957,0
2021-03-11,63882,0,1966839,0
2021-03-12,65135,0,2031974,0
2021-03-13,51729,0,2083703,0
2021-03-14,35423,0,2119126,0
2021-03-15,73461,0,2192587,0
2021-03-16,74028,0,2266615,0
2021-03-17,83139,0,2349754,0
2021-03-18,81628,0,2431382,0
2021-03-19,81089,0,2512471,0
2021-03-20,64736,0,2577207,0
2021-03-21,47311,0,2624518,0
2021-03-22,69501,0,2694019,0
2021-03-23,75814,0,2769833,0
2021-03-24,90922,0,2860755,0
2021-03-25,89822,0,2950577,0
2021-03-26,83640,0,3034217,0
2021-03-27,71955,0,3106172,0
2021-03-28,44184,0,3150356,0
2021-03-29,70846,0,3221202,0
2021-03-30,81402,0,3302604,0
2021-03-31,96260,0,3398864,0
2021-04-01,95326,0,3494190,0
2021-04-02,84084,0,3578274,0
2021-04-03,64303,0,3642577,0
2021-04-04,21724,0,3664301,0
2021-04-05,40316,0,3704617,0
2021-04-06,81335,0,3785952,0
2021-04-07,95841,0,3881793,0
2021-04-08,95259,0,3977052,0
2021-04-09,88503,0,4065555,0
2021-04-10,74032,0,4139587,0
2021-04-11,44768,0,4184355,0
2021-04-12,66920,0,4251275,0
2021-04-13,72594,0,4323869,0
2021-04-14,85550,0,4409419,0
2021-04-15,105425,0,4514844,0
2021-04-16,106428,0,4621272,0
2021-04-17,90528,0,4711800,0
2021-04-18,58596,0,4770396,0
2021-04-19,93433,0,4863829,0
2021-04-20,103776,0,4967605,0
2021-04-21,125342,0,5092947,0
2021-04-22,143524,0,5236471,0
2021-04-23,138750,0,5375221,0
2021-04-24,124454,0,5499675,0
2021-04-25,61470,0,5561145,0
2021-04-26,97908,0,5659053,0
2021-04-27,128373,0,5787426,0
2021-04-28,156389,0,5943815,0
2021-04-29,195614,0,6139429,0
2021-04-30,214608,0,6354037,0
2021-05-01,174141,0,6528178,0
2021-05-02,135806,0,6663984,0
2021-05-03,142066,0,6806050,0
2021-05-04,158712,0,6964762,0
2021-05-05,170539,0,7135301,0
2021-05-06,197817,0,7333118,0
2021-05-07,213869,0,7546987,0
2021-05-08,213439,0,7760426,0
2021-05-09,143218,0,7903644,0
2021-05-10,165102,0,8068746,0
2021-05-11,175006,0,8243752,0
2021-05-12,179221,0,8422973,0
2021-05-13,203419,0,8626392,0
2021-05-14,222939,0,8849331,0
2021-05-15,210388,0,9059719,0
2021-05-16,159285,0,9219004,0
2021-05-17,219217,0,9438221,0
2021-05-18,213031,0,9651252,0
2021-05-19,207098,0,9858350,0
2021-05-20,270887,0,10129237,0
2021-05-21,270915,0,10400152,0
2021-05-22,245544,0,10645696,0
2021-05-23,197187,0,10842883,0
2021-05-24,228311,0,11071194,0
2021-05-25,245700,0,11316894,0
2021-05-26,277514,0,11594408,0
2021-05-27,311103,0,11905511,0
2021-05-28,299586,0,12205097,0
2021-05-29,231246,0,12436343,0
2021-05-30,170851,0,12607194,0
2021-05-31,216436,0,12823630,0
2021-06-01,207640,0,13031270,0
2021-06-02,115804,0,13147074,0
2021-06-03,180170,0,13327244,0
2021-06-04,184921,0,13512165,0
2021-06-05,185995,0,13698160,0
2021-06-06,139584,0,13837744,0
2021-06-07,161903,0,13999647,0
2021-06-08,171282,0,14170929,0
2021-06-09,171523,0,14342452,0
2021-06-10,174149,0,14516601,0
2021-06-11,170017,0,14686618,0
2021-06-12,128381,0,14814999,0
2021-06-13,91227,0,14906226,0
2021-06-14,214707,0,15120933,0
2021-06-15,228457,0,15349390,0
2021-06-16,253111,0,15602501,0
2021-06-17,301771,0,15904272,0
2021-06-18,306327,0,16210599,0
2021-06-19,275115,0,16485714,0
2021-06-20,220819,0,16706533,0
2021-06-21,288099,0,16994632,0
2021-06-22,296249,0,17290881,0
2021-06-23,302703,0,17593584,0
2021-06-24,332622,0,17926206,0
2021-06-25,348728,0,18274934,0
2021-06-26,300151,0,18575085,0
2021-06-27,228692,0,18803777,0
2021-06-28,307147,0,19110924,0
2021-06-29,329330,0,19440254,0
2021-06-30,342213,0,19782467,0
2021-07-01,363239,0,20145706,0
2021-07-02,368502,0,20514208,0
2021-07-03,371101,0,20885309,0
2021-07-04,283239,0,21168548,0
2021-07-05,384567,0,21553115,0
2021-07-06,385492,0,21938607,0
2021-07-07,412140,0,22350747,0
2021-07-08,479591,0,22830338,0
2021-07-09,498464,0,23328802,0
2021-07-10,475170,0,23803972,0
2021-07-11,357696,0,24161668,0
2021-07-12,485881,0,24647549,0
2021-07-13,492077,0,25139626,0
2021-07-14,480435,0,25620061,0
2021-07-15,523431,0,26143492,0
2021-07-16,509755,0,26653247,0
2021-07-17,464325,0,27117572,0
2021-07-18,364641,0,27482213,0
2021-07-19,463033,0,27945246,0
2021-07-20,458047,0,28403293,0
2021-07-21,462786,0,28866079,0
2021-07-22,475379,0,29341458,0
2021-07-23,441319,0,29782777,0
2021-07-24,386149,0,30168926,0
2021-07-25,287551,0,30456477,0
2021-07-26,430888,0,30887365,0
2021-07-27,440110,0,31327475,0
2021-07-28,391020,0,31718495,0
2021-07-29,372069,0,32090564,0
2021-07-30,341514,0,32432078,0
2021-07-31,287042,0,32719120,0
2021-08-01,190999,0,32910119,0
2021-08-02,333705,0,33243824,0
2021-08-03,323180,0,33567004,0
2021-08-04,310984,0,33877988,0
2021-08-05,292487,0,34170475,0
2021-08-06,260038,0,34430513,0
2021-08-07,199067,0,34629580,0
2021-08-08,153106,0,34782686,0
2021-08-09,234082,0,35016768,0
2021-08-10,205272,0,35222040,0
2021-08-11,193784,0,35415824,0
2021-08-12,168058,0,35583882,0
2021-08-13,148663,0,35732545,0
2021-08-14,66101,0,35798646,0
2021-08-15,26343,0,35824989,0
2021-08-16,114711,0,35939700,0
2021-08-17,129251,0,36068951,0
2021-08-18,128766,0,36197717,0
2021-08-19,124846,0,36322563,0
2021-08-20,123797,0,36446360,0
2021-08-21,83136,0,36529496,0
2021-08-22,68178,0,36597674,0
2021-08-23,176872,0,36774546,0
2021-08-24,156897,0,36931443,0
2021-08-25,177172,0,37108615,0
2021-08-26,172354,0,37280969,0
2021-08-27,185831,0,37466800,0
2021-08-28,140288,0,37607088,0
2021-08-29,98993,0,37706081,0
2021-08-30,209585,0,37915666,0
2021-08-31,194644,0,38110310,0
2021-09-01,192217,0,38302527,0
2021-09-02,189932,0,38492459,0
2021-09-03,191285,0,38683744,0
2021-09-04,131450,0,38815194,0
2021-09-05,87848,0,38903042,0
2021-09-06,193607,0,39096649,0
2021-09-07,196043,0,39292692,0
2021-09-08,187867,0,39480559,0
2021-09-09,201422,0,39681981,0
2021-09-10,198056,0,39880037,0
2021-09-11,141289,0,40021326,0
2021-09-12,89592,0,40110918,0
2021-09-13,191114,635,40302032,635
2021-09-14,177220,641,40479252,1276
2021-09-15,163081,645,40642333,1921
2021-09-16,160048,993,40802381,2914
2021-09-17,150160,1164,40952541,4078
2021-09-18,127978,775,41080519,4853
2021-09-19,81140,508,41161659,5361
2021-09-20,180066,9121,41341725,14482
2021-09-21,166670,8861,41508395,23343
2021-09-22,159109,9461,41667504,32804
2021-09-23,138098,9356,41805602,42160
2021-09-24,140554,9008,41946156,51168
2021-09-25,119560,5672,42065716,56840
2021-09-26,71993,4361,42137709,61201
2021-09-27,135664,10081,42273373,71282
2021-09-28,117518,11422,42390891,82704
2021-09-29,112370,11850,42503261,94554
2021-09-30,110284,14979,42613545,109533
2021-10-01,94992,19143,42708537,128676
2021-10-02,78517,14043,42787054,142719
2021-10-03,47760,7668,42834814,150387
2021-10-04,88392,34479,42923206,184866
2021-10-05,80380,34016,43003586,218882
2021-10-06,72009,34205,43075595,253087
2021-10-07,71880,34369,43147475,287456
2021-10-08,80638,33621,43228113,321077
2021-10-09,76114,22191,43304227,343268
2021-10-10,45789,13630,43350016,356898
2021-10-11,87449,41130,43437465,398028
2021-10-12,84518,46931,43521983,444959
2021-10-13,88213,52163,43610196,497122
2021-10-14,91551,58554,43701747,555676
2021-10-15,93599,55673,43795346,611349
2021-10-16,82970,36824,43878316,648173
2021-10-17,51463,23858,43929779,672031
2021-10-18,90301,59517,44020080,731548
2021-10-19,78354,69406,44098434,800954
2021-10-20,75064,78205,44173498,879159
2021-10-21,78291,81807,44251789,960966
2021-10-22,73769,77079,44325558,1038045
2021-10-23,60834,51973,44386392,1090018
2021-10-24,33369,23478,44419761,1113496
2021-10-25,64896,81664,44484657,1195160
2021-10-26,58376,91830,44543033,1286990
2021-10-27,58314,104029,44601347,1391019
2021-10-28,61448,114155,44662795,1505174
2021-10-29,61634,103180,44724429,1608354
2021-10-30,50677,68142,44775106,1676496
2021-10-31,25160,28310,44800266,1704806
2021-11-01,19049,28158,44819315,1732964
2021-11-02,62739,89433,44882054,1822397
2021-11-03,60716,118698,44942770,1941095
2021-11-04,59237,126699,45002007,2067794
2021-11-05,63095,135218,45065102,2203012
2021-11-06,46489,90938,45111591,2293950
2021-11-07,22250,37904,45133841,2331854
2021-11-08,51528,131292,45185369,2463146
2021-11-09,45402,144236,45230771,2607382
2021-11-10,42593,156371,45273364,2763753
2021-11-11,44930,155168,45318294,2918921
2021-11-12,46311,158685,45364605,3077606
2021-11-13,33264,116678,45397869,3194284
2021-11-14,14492,52459,45412361,3246743
2021-11-15,36908,157445,45449269,3404188
2021-11-16,30566,171403,45479835,3575591
2021-11-17,28469,178460,45508304,3754051
2021-11-18,30293,193762,45538597,3947813
2021-11-19,28818,205882,45567415,4153695
2021-11-20,21005,156460,45588420,4310155
2021-11-21,10611,64871,45599031,4375026
2021-11-22,21957,213161,45620988,4588187
2021-11-23,23604,241800,45644592,4829987
2021-11-24,27806,271052,45672398,5101039
2021-11-25,23267,301934,45695665,5402973
2021-11-26,24596,318307,45720261,5721280
2021-11-27,21407,266169,45741668,5987449
2021-11-28,9908,137069,45751576,6124518
2021-11-29,22364,326073,45773940,6450591
2021-11-30,23116,365864,45797056,6816455
2021-12-01,21554,413528,45818610,7229983
2021-12-02,23791,440440,45842401,7670423
2021-12-03,25270,467529,45867671,8137952
2021-12-04,22393,418797,45890064,8556749
2021-12-05,11944,261366,45902008,8818115
2021-12-06,25842,457629,45927850,9275744
2021-12-07,24160,480304,45952010,9756048
2021-12-08,10029,249721,45962039,10005769
2021-12-09,31620,491963,45993659,10497732
2021-12-10,28095,517930,46021754,11015662
2021-12-11,23586,459275,46045340,11474937
2021-12-12,12319,293527,46057659,11768464
2021-12-13,26174,467654,46083833,12236118
2021-12-14,25203,494236,46109036,12730354
2021-12-15,25368,517190,46134404,13247544
2021-12-16,27921,520300,46162325,13767844
2021-12-17,29395,517217,46191720,14285061
2021-12-18,27109,468777,46218829,14753838
2021-12-19,15170,300540,46233999,15054378
2021-12-20,30670,477505,46264669,15531883
2021-12-21,30409,493436,46295078,16025319
2021-12-22,29483,484751,46324561,16510070
2021-12-23,28286,426957,46352847,16937027
2021-12-24,13125,210842,46365972,17147869
2021-12-25,2104,33053,46368076,17180922
2021-12-26,8774,159076,46376850,17339998
2021-12-27,46844,504692,46423694,17844690
2021-12-28,42506,554254,46466200,18398944
2021-12-29,34390,550677,46500590,18949621
2021-12-30,31887,499862,46532477,19449483
2021-12-31,14144,247407,46546621,19696890
2022-01-01,3499,64815,46550120,19761705
2022-01-02,22822,276727,46572942,20038432
2022-01-03,47930,520034,46620872,20558466
2022-01-04,46465,572100,46667337,21130566
2022-01-05,40836,560419,46708173,21690985
2022-01-06,23535,274491,46731708,21965476
2022-01-07,63792,554219,46795500,22519695
2022-01-08,60963,503411,46856463,23023106
2022-01-09,42946,319700,46899409,23342806
2022-01-10,61164,542323,46960573,23885129
2022-01-11,61833,587038,47022406,24472167
2022-01-12,58540,581305,47080946,25053472
2022-01-13,58702,580429,47139648,25633901
2022-01-14,46921,588607,47186569,26222508
2022-01-15,39543,569982,47226112,26792490
2022-01-16,31306,341890,47257418,27134380
2022-01-17,54844,489689,47312262,27624069
2022-01-18,58464,517051,47370726,28141120
2022-01-19,57259,502821,47427985,28643941
2022-01-20,54410,498860,47482395,29142801
2022-01-21,42168,493896,47524563,29636697
2022-01-22,31281,469617,47555844,30106314
2022-01-23,34980,275391,47590824,30381705
2022-01-24,56225,437245,47647049,30818950
2022-01-25,61594,452131,47708643,31271081
2022-01-26,58584,435848,47767227,31706929
2022-01-27,48883,432398,47816110,32139327
2022-01-28,58747,436559,47874857,32575886
2022-01-29,68180,412515,47943037,32988401
2022-01-30,50407,235985,47993444,33224386
2022-01-31,60697,356946,48054141,33581332
2022-02-01,65606,328463,48119747,33909795
2022-02-02,63244,296994,48182991,34206789
2022-02-03,60086,274533,48243077,34481322
2022-02-04,72401,268469,48315478,34749791
2022-02-05,83817,248550,48399295,34998341
2022-02-06,55306,116208,48454601,35114549
2022-02-07,65176,199946,48519777,35314495
2022-02-08,66953,186125,48586730,35500620
2022-02-09,58775,166352,48645505,35666972
2022-02-10,58595,163247,48704100,35830219
2022-02-11,62274,162474,48766374,35992693
2022-02-12,72003,152153,48838377,36144846
2022-02-13,41482,68854,48879859,36213700
2022-02-14,46711,116190,48926570,36329890
2022-02-15,48560,123482,48975130,36453372
2022-02-16,45684,106129,49020814,36559501
2022-02-17,42872,98118,49063686,36657619
2022-02-18,46631,112583,49110317,36770202
2022-02-19,52544,100340,49162861,36870542
2022-02-20,31414,40368,49194275,36910910
2022-02-21,37900,89659,49232175,37000569
2022-02-22,37225,83782,49269400,37084351
2022-02-23,33399,79410,49302799,37163761
2022-02-24,32562,78166,49335361,37241927
2022-02-25,34769,90713,49370130,37332640
2022-02-26,39162,89136,49409292,37421776
2022-02-27,22548,35857,49431840,37457633
2022-02-28,28485,81696,49460325,37539329
2022-03-01,22726,53942,49483051,37593271
2022-03-02,21959,50685,49505010,37643956
2022-03-03,22632,54947,49527642,37698903
2022-03-04,23241,62800,49550883,37761703
2022-03-05,23802,57952,49574685,37819655
2022-03-06,9473,17201,49584158,37836856
2022-03-07,15922,51390,49600080,37888246
2022-03-08,15480,48795,49615560,37937041
2022-03-09,13814,46519,49629374,37983560
2022-03-10,14054,52124,49643428,38035684
2022-03-11,15590,57270,49659018,38092954
2022-03-12,15510,56619,49674528,38149573
2022-03-13,5545,16852,49680073,38166425
2022-03-14,10526,46701,49690599,38213126
2022-03-15,10550,46895,49701149,38260021
2022-03-16,9482,41974,49710631,38301995
2022-03-17,9723,44876,49720354,38346871
2022-03-18,10161,49058,49730515,38395929
2022-03-19,9150,46538,49739665,38442467
2022-03-20,2608,11704,49742273,38454171
2022-03-21,7580,40226,49749853,38494397
2022-03-22,8447,37766,49758300,38532163
2022-03-23,7217,33700,49765517,38565863
2022-03-24,8258,38819,49773775,38604682
2022-03-25,8141,43671,49781916,38648353
2022-03-26,8127,41721,49790043,38690074
2022-03-27,2431,9683,49792474,38699757
2022-03-28,6113,35241,49798587,38734998
2022-03-29,5779,32531,49804366,38767529
2022-03-30,5567,30204,49809933,38797733
2022-03-31,5901,33187,49815834,38830920
2022-04-01,4350,25189,49820184,38856109
2022-04-02,4496,23275,49824680,38879384
2022-04-03,1049,4500,49825729,38883884
2022-04-04,3660,21544,49829389,38905428
2022-04-05,3757,22937,49833146,38928365
2022-04-06,4104,21853,49837250,38950218
2022-04-07,3970,23320,49841220,38973538
2022-04-08,4696,26713,49845916,39000251
2022-04-09,4383,23887,49850299,39024138
2022-04-10,892,4613,49851191,39028751
2022-04-11,3818,22689,49855009,39051440
2022-04-12,3365,21778,49858374,39073218
2022-04-13,3568,21336,49861942,39094554
2022-04-14,3486,23787,49865428,39118341
2022-04-15,3084,20620,49868512,39138961
2022-04-16,2150,11918,49870662,39150879
2022-04-17,63,348,49870725,39151227
2022-04-18,152,650,49870877,39151877
2022-04-19,3499,21984,49874376,39173861
2022-04-20,3511,20252,49877887,39194113
2022-04-21,2847,19789,49880734,39213902
2022-04-22,2928,20711,49883662,39234613
2022-04-23,2646,16220,49886308,39250833
2022-04-24,509,2334,49886817,39253167
2022-04-25,183,1165,49887000,39254332
2022-04-26,2759,17810,49889759,39272142
2022-04-27,2374,15795,49892133,39287937
2022-04-28,2361,15562,49894494,39303499
2022-04-29,2296,14849,49896790,39318348
2022-04-30,2123,11583,49898913,39329931
2022-05-01,113,531,49899026,39330462
2022-05-02,1451,9391,49900477,39339853
2022-05-03,1576,10321,49902053,39350174
2022-05-04,1745,10270,49903798,39360444
2022-05-05,1654,10296,49905452,39370740
2022-05-06,1702,10965,49907154,39381705
2022-05-07,1431,8570,49908585,39390275
2022-05-08,416,1523,49909001,39391798
2022-05-09,1028,8929,49910029,39400727
2022-05-10,1426,9548,49911455,39410275
2022-05-11,1483,10105,49912938,39420380
2022-05-12,1370,10131,49914308,39430511
2022-05-13,1596,10518,49915904,39441029
2022-05-14,1358,8237,49917262,39449266
2022-05-15,336,1134,49917598,39450400
2022-05-16,813,8405,49918411,39458805
2022-05-17,1243,8697,49919654,39467502
2022-05-18,1371,9233,49921025,39476735
2022-05-19,1500,9281,49922525,39486016
2022-05-20,1422,9532,49923947,39495548
2022-05-21,1300,7900,49925247,39503448
2022-05-22,231,1014,49925478,39504462
2022-05-23,830,8271,49926308,39512733
2022-05-24,1073,8672,49927381,39521405
2022-05-25,1371,9460,49928752,39530865
2022-05-26,1195,9480,49929947,39540345
2022-05-27,1232,9915,49931179,39550260
2022-05-28,1205,7887,49932384,39558147
2022-05-29,288,1265,49932672,39559412
2022-05-30,930,8057,49933602,39567469
2022-05-31,1037,8548,49934639,39576017
2022-06-01,893,7656,49935532,39583673
2022-06-02,35,474,49935567,39584147
2022-06-03,817,7334,49936384,39591481
2022-06-04,870,5163,49937254,39596644
2022-06-05,89,586,49937343,39597230
2022-06-06,678,7003,49938021,39604233
2022-06-07,951,7849,49938972,39612082
2022-06-08,981,7907,49939953,39619989
2022-06-09,1036,8417,49940989,39628406
2022-06-10,958,8564,49941947,39636970
2022-06-11,903,6207,49942850,39643177
2022-06-12,140,768,49942990,39643945
2022-06-13,602,6301,49943592,39650246
2022-06-14,832,7902,49944424,39658148
2022-06-15,960,7854,49945384,39666002
2022-06-16,730,7396,49946114,39673398
2022-06-17,724,7249,49946838,39680647
2022-06-18,777,5594,49947615,39686241
2022-06-19,48,522,49947663,39686763
2022-06-20,587,6699,49948250,39693462
2022-06-21,739,7665,49948989,39701127
2022-06-22,782,7308,49949771,39708435
2022-06-23,652,7468,49950423,39715903
2022-06-24,644,7473,49951067,39723376
2022-06-25,835,6535,49951902,39729911
2022-06-26,128,523,49952030,39730434
2022-06-27,533,7126,49952563,39737560
2022-06-28,747,8207,49953310,39745767
2022-06-29,756,7731,49954066,39753498
2022-06-30,746,8145,49954812,39761643
2022-07-01,577,6444,49955389,39768087
2022-07-02,536,4770,49955925,39772857
2022-07-03,49,456,49955974,39773313
2022-07-04,469,6277,49956443,39779590
2022-07-05,631,8118,49957074,39787708
2022-07-06,633,7611,49957707,39795319
2022-07-07,573,8272,49958280,39803591
2022-07-08,673,8083,49958953,39811674
2022-07-09,550,6104,49959503,39817778
2022-07-10,58,533,49959561,39818311
2022-07-11,488,7639,49960049,39825950
2022-07-12,667,9030,49960716,39834980
2022-07-13,643,10068,49961359,39845048
2022-07-14,637,10225,49961996,39855273
2022-07-15,625,10668,49962621,39865941
2022-07-16,522,7214,49963143,39873155
2022-07-17,48,770,49963191,39873925
2022-07-18,496,9372,49963687,39883297
2022-07-19,575,10683,49964262,39893980
2022-07-20,580,11274,49964842,39905254
2022-07-21,628,12088,49965470,39917342
2022-07-22,584,11257,49966054,39928599
2022-07-23,381,6773,49966435,39935372
2022-07-24,76,857,49966511,39936229
2022-07-25,503,9050,49967014,39945279
2022-07-26,519,9761,49967533,39955040
2022-07-27,552,10209,49968085,39965249
2022-07-28,532,10534,49968617,39975783
2022-07-29,509,9465,49969126,39985248
2022-07-30,382,5881,49969508,39991129
2022-07-31,49,764,49969557,39991893
2022-08-01,386,6864,49969943,39998757
2022-08-02,543,7590,49970486,40006347
2022-08-03,512,7179,49970998,40013526
2022-08-04,455,7488,49971453,40021014
2022-08-05,421,6528,49971874,40027542
2022-08-06,299,3613,49972173,40031155
2022-08-07,44,561,49972217,40031716
2022-08-08,403,4890,49972620,40036606
2022-08-09,381,5310,49973001,40041916
2022-08-10,384,4817,49973385,40046733
2022-08-11,369,4803,49973754,40051536
2022-08-12,293,3720,49974047,40055256
2022-08-13,143,1600,49974190,40056856
2022-08-14,9,129,49974199,40056985
2022-08-15,1,26,49974200,40057011
2022-08-16,282,3043,49974482,40060054
2022-08-17,352,3536,49974834,40063590
2022-08-18,392,4160,49975226,40067750
2022-08-19,341,3320,49975567,40071070
2022-08-20,183,1715,49975750,40072785
2022-08-21,24,149,49975774,40072934
2022-08-22,329,2952,49976103,40075886
2022-08-23,370,3674,49976473,40079560
2022-08-24,384,3359,49976857,40082919
2022-08-25,422,3774,49977279,40086693
2022-08-26,399,3574,49977678,40090267
2022-08-27,237,1769,49977915,40092036
2022-08-28,29,267,49977944,40092303
2022-08-29,354,3161,49978298,40095464
2022-08-30,403,3671,49978701,40099135
2022-08-31,438,3735,49979139,40102870
2022-09-01,353,3116,49979492,40105986
2022-09-02,296,2893,49979788,40108879
2022-09-03,200,1688,49979988,40110567
2022-09-04,23,149,49980011,40110716
2022-09-05,187,2656,49980198,40113372
2022-09-06,304,2982,49980502,40116354
2022-09-07,540,2937,49981042,40119291
2022-09-08,292,2962,49981334,40122253
2022-09-09,305,2884,49981639,40125137
2022-09-10,227,1326,49981866,40126463
2022-09-11,23,124,49981889,40126587
2022-09-12,267,2267,49982156,40128854
2022-09-13,252,2276,49982408,40131130
2022-09-14,266,2566,49982674,40133696
2022-09-15,282,2498,49982956,40136194
2022-09-16,254,2545,49983210,40138739
2022-09-17,239,1339,49983449,40140078
2022-09-18,20,170,49983469,40140248
2022-09-19,206,1970,49983675,40142218
2022-09-20,236,2391,49983911,40144609
2022-09-21,289,2526,49984200,40147135
2022-09-22,264,2662,49984464,40149797
2022-09-23,259,2543,49984723,40152340
2022-09-24,193,1427,49984916,40153767
2022-09-25,29,133,49984945,40153900
2022-09-26,280,2248,49985225,40156148
2022-09-27,287,2683,49985512,40158831
2022-09-28,310,2903,49985822,40161734
2022-09-29,257,3049,49986079,40164783
2022-09-30,291,2989,49986370,40167772
2022-10-01,195,1515,49986565,40169287
2022-10-02,12,187,49986577,40169474
2022-10-03,182,2474,49986759,40171948
2022-10-04,236,2864,49986995,40174812
2022-10-05,229,3249,49987224,40178061
2022-10-06,243,3874,49987467,40181935
2022-10-07,282,4187,49987749,40186122
2022-10-08,202,2270,49987951,40188392
2022-10-09,8,305,49987959,40188697
2022-10-10,210,3356,49988169,40192053
2022-10-11,192,4379,49988361,40196432
2022-10-12,209,4439,49988570,40200871
2022-10-13,201,5304,49988771,40206175
2022-10-14,232,5020,49989003,40211195
2022-10-15,190,2671,49989193,40213866
2022-10-16,6,360,49989199,40214226
2022-10-17,185,3871,49989384,40218097
2022-10-18,257,4964,49989641,40223061
2022-10-19,244,5478,49989885,40228539
2022-10-20,224,5993,49990109,40234532
2022-10-21,250,5472,49990359,40240004
2022-10-22,195,2910,49990554,40242914
2022-10-23,13,356,49990567,40243270
2022-10-24,171,3922,49990738,40247192
2022-10-25,253,4925,49990991,40252117
2022-10-26,343,5489,49991334,40257606
2022-10-27,239,5668,49991573,40263274
2022-10-28,198,5259,49991771,40268533
2022-10-29,128,2844,49991899,40271377
2022-10-30,3,327,49991902,40271704
2022-10-31,117,3035,49992019,40274739
2022-11-01,11,353,49992030,40275092
2022-11-02,143,3712,49992173,40278804
2022-11-03,174,4778,49992347,40283582
2022-11-04,224,4592,49992571,40288174
2022-11-05,143,2592,49992714,40290766
2022-11-06,10,259,49992724,40291025
2022-11-07,170,3222,49992894,40294247
2022-11-08,259,4234,49993153,40298481
2022-11-09,197,4317,49993350,40302798
2022-11-10,181,4569,49993531,40307367
2022-11-11,190,4213,49993721,40311580
2022-11-12,154,2354,49993875,40313934
2022-11-13,7,335,49993882,40314269
2022-11-14,150,2830,49994032,40317099
2022-11-15,200,3722,49994232,40320821
2022-11-16,215,3958,49994447,40324779
2022-11-17,192,4072,49994639,40328851
2022-11-18,246,3983,49994885,40332834
2022-11-19,112,2072,49994997,40334906
2022-11-20,24,314,49995021,40335220
2022-11-21,118,2600,49995139,40337820
2022-11-22,141,3185,49995280,40341005
2022-11-23,191,3590,49995471,40344595
2022-11-24,152,3765,49995623,40348360
2022-11-25,177,3674,49995800,40352034
2022-11-26,130,2082,49995930,40354116
2022-11-27,22,356,49995952,40354472
2022-11-28,173,2609,49996125,40357081
2022-11-29,180,3145,49996305,40360226
2022-11-30,166,3545,49996471,40363771
2022-12-01,211,3356,49996682,40367127
2022-12-02,110,1765,49996792,40368892