data_somministrazione,vaccinazioni,booster,cum_vaccinazioni,cum_booster
2020-12-27,18,0,18,0
2020-12-28,2,0,20,0
2020-12-29,1,0,21,0
2020-12-30,6,0,27,0
2020-12-31,51,0,78,0
2021-01-01,20,0,98,0
2021-01-02,85,0,183,0
2021-01-03,67,0,250,0
2021-01-04,179,0,429,0
2021-01-05,221,0,650,0
2021-01-06,176,0,826,0
2021-01-07,261,0,1087,0
2021-01-08,311,0,1398,0
2021-01-09,231,0,1629,0
2021-01-10,138,0,1767,0
2021-01-11,254,0,2021,0
2021-01-12,258,0,2279,0
2021-01-13,368,0,2647,0
2021-01-14,459,0,3106,0
2021-01-15,281,0,3387,0
2021-01-16,195,0,3582,0
2021-01-17,3054,0,6636,0
2021-01-18,5205,0,11841,0
2021-01-19,1890,0,13731,0
2021-01-20,4650,0,18381,0
2021-01-21,20009,0,38390,0
2021-01-22,14200,0,52590,0
2021-01-23,33344,0,85934,0
2021-01-24,30794,0,116728,0
2021-01-25,64747,0,181475,0
2021-01-26,76508,0,257983,0
2021-01-27,64856,0,322839,0
2021-01-28,89317,0,412156,0
2021-01-29,94047,0,506203,0
2021-01-30,86586,0,592789,0
2021-01-31,57345,0,650134,0
2021-02-01,81881,0,732015,0
2021-02-02,82149,0,814164,0
2021-02-03,91202,0,905366,0
2021-02-04,95406,0,1000772,0
2021-02-05,90294,0,1091066,0
2021-02-06,63451,0,1154517,0
2021-02-07,32925,0,1187442,0
2021-02-08,40433,0,1227875,0
2021-02-09,32863,0,1260738,0
2021-02-10,28412,0,1289150,0
2021-02-11,20379,0,1309529,0
2021-02-12,16219,0,1325748,0
2021-02-13,7239,0,1332987,0
2021-02-14,2861,0,1335848,0
2021-02-15,6834,0,1342682,0
2021-02-16,6990,0,1349672,0
2021-02-17,10517,0,1360189,0
2021-02-18,9241,0,1369430,0
2021-02-19,8230,0,1377660,0
2021-02-20,5530,0,1383190,0
2021-02-21,2975,0,1386165,0
2021-02-22,6874,0,1393039,0
2021-02-23,7153,0,1400192,0
2021-02-24,9822,0,1410014,0
2021-02-25,14197,0,1424211,0
2021-02-26,17544,0,1441755,0
2021-02-27,13894,0,1455649,0
2021-02-28,9380,0,1465029,0
2021-03-01,26504,0,1491533,0
2021-03-02,33228,0,1524761,0
2021-03-03,44642,0,1569403,0
2021-03-04,50289,0,1619692,0
2021-03-05,55732,0,1675424,0
2021-03-06,41867,0,1717291,0
2021-03-07,22318,0,1739609,0
2021-03-08,50787,0,1790396,0
2021-03-09,53054,0,1843450,0
2021-03-10,58614,0,1902064,0
2021-03-11,63819,0,1965883,0
2021-03-12,65082,0,2030965,0
2021-03-13,51693,0,2082658,0
2021-03-14,35382,0,2118040,0
2021-03-15,73418,0,2191458,0
2021-03-16,74021,0,2265479,0
2021-03-17,83126,0,2348605,0
2021-03-18,81616,0,2430221,0
2021-03-19,81078,0,2511299,0
2021-03-20,64700,0,2575999,0
2021-03-21,47284,0,2623283,0
2021-03-22,69464,0,2692747,0
2021-03-23,75773,0,2768520,0
2021-03-24,90872,0,2859392,0
2021-03-25,89775,0,2949167,0
2021-03-26,83586,0,3032753,0
2021-03-27,71901,0,3104654,0
2021-03-28,44110,0,3148764,0
2021-03-29,70793,0,3219557,0
2021-03-30,81343,0,3300900,0
2021-03-31,96193,0,3397093,0
2021-04-01,95283,0,3492376,0
2021-04-02,84059,0,3576435,0
2021-04-03,64290,0,3640725,0
2021-04-04,21713,0,3662438,0
2021-04-05,40293,0,3702731,0
2021-04-06,81287,0,3784018,0
2021-04-07,95791,0,3879809,0
2021-04-08,95214,0,3975023,0
2021-04-09,88463,0,4063486,0
2021-04-10,74010,0,4137496,0
2021-04-11,44740,0,4182236,0
2021-04-12,66898,0,4249134,0
2021-04-13,72551,0,4321685,0
2021-04-14,85511,0,4407196,0
2021-04-15,105390,0,4512586,0
2021-04-16,106395,0,4618981,0
2021-04-17,90473,0,4709454,0
2021-04-18,58579,0,4768033,0
2021-04-19,93424,0,4861457,0
2021-04-20,103752,0,4965209,0
2021-04-21,125319,0,5090528,0
2021-04-22,143499,0,5234027,0
2021-04-23,138700,0,5372727,0
2021-04-24,124425,0,5497152,0
2021-04-25,61445,0,5558597,0
2021-04-26,97867,0,5656464,0
2021-04-27,128342,0,5784806,0
2021-04-28,156341,0,5941147,0
2021-04-29,195564,0,6136711,0
2021-04-30,214542,0,6351253,0
2021-05-01,174078,0,6525331,0
2021-05-02,135783,0,6661114,0
2021-05-03,141987,0,6803101,0
2021-05-04,158671,0,6961772,0
2021-05-05,170454,0,7132226,0
2021-05-06,197777,0,7330003,0
2021-05-07,213783,0,7543786,0
2021-05-08,213365,0,7757151,0
2021-05-09,143181,0,7900332,0
2021-05-10,165061,0,8065393,0
2021-05-11,174933,0,8240326,0
2021-05-12,179119,0,8419445,0
2021-05-13,203334,0,8622779,0
2021-05-14,222875,0,8845654,0
2021-05-15,210312,0,9055966,0
2021-05-16,159246,0,9215212,0
2021-05-17,219165,0,9434377,0
2021-05-18,212988,0,9647365,0
2021-05-19,207044,0,9854409,0
2021-05-20,270825,0,10125234,0
2021-05-21,270838,0,10396072,0
2021-05-22,245500,0,10641572,0
2021-05-23,197163,0,10838735,0
2021-05-24,228276,0,11067011,0
2021-05-25,245666,0,11312677,0
2021-05-26,277464,0,11590141,0
2021-05-27,311055,0,11901196,0
2021-05-28,299534,0,12200730,0
2021-05-29,231179,0,12431909,0
2021-05-30,170806,0,12602715,0
2021-05-31,216382,0,12819097,0
2021-06-01,207614,0,13026711,0
2021-06-02,115747,0,13142458,0
2021-06-03,180071,0,13322529,0
2021-06-04,184815,0,13507344,0
2021-06-05,185887,0,13693231,0
2021-06-06,139484,0,13832715,0
2021-06-07,161788,0,13994503,0
2021-06-08,171114,0,14165617,0
2021-06-09,171379,0,14336996,0
2021-06-10,173981,0,14510977,0
2021-06-11,169894,0,14680871,0
2021-06-12,128267,0,14809138,0
2021-06-13,91108,0,14900246,0
2021-06-14,214608,0,15114854,0
2021-06-15,228341,0,15343195,0
2021-06-16,253000,0,15596195,0
2021-06-17,301665,0,15897860,0
2021-06-18,306222,0,16204082,0
2021-06-19,275024,0,16479106,0
2021-06-20,220691,0,16699797,0
2021-06-21,288006,0,16987803,0
2021-06-22,296154,0,17283957,0
2021-06-23,302646,0,17586603,0
2021-06-24,332523,0,17919126,0
2021-06-25,348672,0,18267798,0
2021-06-26,300069,0,18567867,0
2021-06-27,228594,0,18796461,0
2021-06-28,307006,0,19103467,0
2021-06-29,329200,0,19432667,0
2021-06-30,342068,0,19774735,0
2021-07-01,363121,0,20137856,0
2021-07-02,368415,0,20506271,0
2021-07-03,371054,0,20877325,0
2021-07-04,283180,0,21160505,0
2021-07-05,384491,0,21544996,0
2021-07-06,385410,0,21930406,0
2021-07-07,412043,0,22342449,0
2021-07-08,479631,0,22822080,0
2021-07-09,498506,0,23320586,0
2021-07-10,475179,0,23795765,0
2021-07-11,357701,0,24153466,0
2021-07-12,485920,0,24639386,0
2021-07-13,492157,0,25131543,0
2021-07-14,480489,0,25612032,0
2021-07-15,523520,0,26135552,0
2021-07-16,509794,0,26645346,0
2021-07-17,464380,0,27109726,0
2021-07-18,364706,0,27474432,0
2021-07-19,463083,0,27937515,0
2021-07-20,458106,0,28395621,0
2021-07-21,462819,0,28858440,0
2021-07-22,475396,0,29333836,0
2021-07-23,441312,0,29775148,0
2021-07-24,386188,0,30161336,0
2021-07-25,287614,0,30448950,0
2021-07-26,430909,0,30879859,0
2021-07-27,440128,0,31319987,0
2021-07-28,391028,0,31711015,0
2021-07-29,372081,0,32083096,0
2021-07-30,341481,0,32424577,0
2021-07-31,286990,0,32711567,0
2021-08-01,191018,0,32902585,0
2021-08-02,333718,0,33236303,0
2021-08-03,323180,0,33559483,0
2021-08-04,310958,0,33870441,0
2021-08-05,292515,0,34162956,0
2021-08-06,259984,0,34422940,0
2021-08-07,199028,0,34621968,0
2021-08-08,153101,0,34775069,0
2021-08-09,234062,0,35009131,0
2021-08-10,205236,0,35214367,0
2021-08-11,193731,0,35408098,0
2021-08-12,167939,0,35576037,0
2021-08-13,148574,0,35724611,0
2021-08-14,66081,0,35790692,0
2021-08-15,26329,0,35817021,0
2021-08-16,114661,0,35931682,0
2021-08-17,129225,0,36060907,0
2021-08-18,128719,0,36189626,0
2021-08-19,124767,0,36314393,0
2021-08-20,123772,0,36438165,0
2021-08-21,83098,0,36521263,0
2021-08-22,68159,0,36589422,0
2021-08-23,176859,0,36766281,0
2021-08-24,156895,0,36923176,0
2021-08-25,177167,0,37100343,0
2021-08-26,172340,0,37272683,0
2021-08-27,185855,0,37458538,0
2021-08-28,140263,0,37598801,0
2021-08-29,99012,0,37697813,0
2021-08-30,209626,0,37907439,0
2021-08-31,194621,0,38102060,0
2021-09-01,192209,0,38294269,0
2021-09-02,189937,0,38484206,0
2021-09-03,191354,0,38675560,0
2021-09-04,131492,0,38807052,0
2021-09-05,87874,0,38894926,0
2021-09-06,193662,0,39088588,0
2021-09-07,196075,0,39284663,0
2021-09-08,187920,0,39472583,0
2021-09-09,201486,0,39674069,0
2021-09-10,198116,0,39872185,0
2021-09-11,141337,0,40013522,0
2021-09-12,89606,0,40103128,0
2021-09-13,191187,515,40294315,515
2021-09-14,177278,549,40471593,1064
2021-09-15,163128,552,40634721,1616
2021-09-16,160104,892,40794825,2508
2021-09-17,150171,1088,40944996,3596
2021-09-18,127972,714,41072968,4310
2021-09-19,81131,478,41154099,4788
2021-09-20,180077,9047,41334176,13835
2021-09-21,166611,8812,41500787,22647
2021-09-22,159060,9414,41659847,32061
2021-09-23,138065,9308,41797912,41369
2021-09-24,140527,8940,41938439,50309
2021-09-25,119532,5621,42057971,55930
2021-09-26,71942,4332,42129913,60262
2021-09-27,135614,10030,42265527,70292
2021-09-28,117465,11369,42382992,81661
2021-09-29,112303,11819,42495295,93480
2021-09-30,110214,14925,42605509,108405
2021-10-01,94949,19096,42700458,127501
2021-10-02,78455,14010,42778913,141511
2021-10-03,47712,7651,42826625,149162
2021-10-04,88368,34435,42914993,183597
2021-10-05,80351,33961,42995344,217558
2021-10-06,71967,34143,43067311,251701
2021-10-07,71834,34334,43139145,286035
2021-10-08,80607,33579,43219752,319614
2021-10-09,76091,22157,43295843,341771
2021-10-10,45768,13608,43341611,355379
2021-10-11,87394,41092,43429005,396471
2021-10-12,84475,46883,43513480,443354
2021-10-13,88181,52093,43601661,495447
2021-10-14,91505,58485,43693166,553932
2021-10-15,93574,55604,43786740,609536
2021-10-16,82949,36768,43869689,646304
2021-10-17,51457,23818,43921146,670122
2021-10-18,90279,59467,44011425,729589
2021-10-19,78332,69361,44089757,798950
2021-10-20,75074,78139,44164831,877089
2021-10-21,78304,81729,44243135,958818
2021-10-22,73796,77004,44316931,1035822
2021-10-23,60808,51945,44377739,1087767
2021-10-24,33387,23435,44411126,1111202
2021-10-25,64900,81612,44476026,1192814
2021-10-26,58368,91765,44534394,1284579
2021-10-27,58325,103944,44592719,1388523
2021-10-28,61459,114088,44654178,1502611
2021-10-29,61668,103089,44715846,1605700
2021-10-30,50673,68102,44766519,1673802
2021-10-31,25167,28280,44791686,1702082
2021-11-01,19046,28145,44810732,1730227
2021-11-02,62780,89347,44873512,1819574
2021-11-03,60731,118647,44934243,1938221
2021-11-04,59246,126641,44993489,2064862
2021-11-05,63101,135153,45056590,2200015
2021-11-06,46470,90917,45103060,2290932
2021-11-07,22253,37889,45125313,2328821
2021-11-08,51525,131247,45176838,2460068
2021-11-09,45400,144176,45222238,2604244
2021-11-10,42573,156340,45264811,2760584
2021-11-11,44933,155122,45309744,2915706
2021-11-12,46368,158550,45356112,3074256
2021-11-13,33253,116639,45389365,3190895
2021-11-14,14475,52445,45403840,3243340
2021-11-15,36892,157409,45440732,3400749
2021-11-16,30540,171362,45471272,3572111
2021-11-17,28436,178425,45499708,3750536
2021-11-18,30272,193699,45529980,3944235
2021-11-19,28788,205832,45558768,4150067
2021-11-20,20981,156430,45579749,4306497
2021-11-21,10604,64850,45590353,4371347
2021-11-22,21924,213133,45612277,4584480
2021-11-23,23552,241731,45635829,4826211
2021-11-24,27818,270932,45663647,5097143
2021-11-25,23209,301891,45686856,5399034
2021-11-26,24555,318252,45711411,5717286
2021-11-27,21361,266140,45732772,5983426
2021-11-28,9886,137050,45742658,6120476
2021-11-29,22300,326051,45764958,6446527
2021-11-30,23062,365812,45788020,6812339
2021-12-01,21496,413490,45809516,7225829
2021-12-02,23737,440375,45833253,7666204
2021-12-03,25196,467433,45858449,8133637
2021-12-04,22328,418718,45880777,8552355
2021-12-05,11897,261326,45892674,8813681
2021-12-06,25783,457553,45918457,9271234
2021-12-07,24092,480235,45942549,9751469
2021-12-08,9977,249673,45952526,10001142
2021-12-09,31531,491901,45984057,10493043
2021-12-10,28016,517850,46012073,11010893
2021-12-11,23521,459229,46035594,11470122
2021-12-12,12282,293487,46047876,11763609
2021-12-13,26111,467606,46073987,12231215
2021-12-14,25131,494178,46099118,12725393
2021-12-15,25288,517117,46124406,13242510
2021-12-16,27830,520218,46152236,13762728
2021-12-17,29297,517147,46181533,14279875
2021-12-18,26977,468700,46208510,14748575
2021-12-19,15110,300506,46223620,15049081
2021-12-20,30562,477454,46254182,15526535
2021-12-21,30306,493360,46284488,16019895
2021-12-22,29384,484682,46313872,16504577
2021-12-23,28176,426885,46342048,16931462
2021-12-24,13093,210812,46355141,17142274
2021-12-25,2101,33053,46357242,17175327
2021-12-26,8738,159059,46365980,17334386
2021-12-27,46700,504636,46412680,17839022
2021-12-28,42366,554181,46455046,18393203
2021-12-29,34228,550630,46489274,18943833
2021-12-30,31731,499802,46521005,19443635
2021-12-31,14073,247389,46535078,19691024
2022-01-01,3482,64811,46538560,19755835
2022-01-02,22688,276715,46561248,20032550
2022-01-03,47678,519999,46608926,20552549
2022-01-04,46178,572059,46655104,21124608
2022-01-05,40578,560371,46695682,21684979
2022-01-06,23373,274476,46719055,21959455
2022-01-07,63485,554168,46782540,22513623
2022-01-08,60637,503360,46843177,23016983
2022-01-09,42655,319681,46885832,23336664
2022-01-10,60883,542258,46946715,23878922
2022-01-11,61482,586967,47008197,24465889
2022-01-12,58219,581266,47066416,25047155
2022-01-13,58365,580361,47124781,25627516
2022-01-14,46558,588550,47171339,26216066
2022-01-15,39079,569923,47210418,26785989
2022-01-16,31012,341846,47241430,27127835
2022-01-17,54595,489638,47296025,27617473
2022-01-18,58210,516999,47354235,28134472
2022-01-19,57035,502766,47411270,28637238
2022-01-20,54180,498797,47465450,29136035
2022-01-21,41900,493847,47507350,29629882
2022-01-22,30983,469583,47538333,30099465
2022-01-23,34801,275360,47573134,30374825
2022-01-24,56064,437197,47629198,30812022
2022-01-25,61422,452077,47690620,31264099
2022-01-26,58427,435803,47749047,31699902
2022-01-27,48729,432342,47797776,32132244
2022-01-28,58543,436515,47856319,32568759
2022-01-29,67969,412470,47924288,32981229
2022-01-30,50282,235960,47974570,33217189
2022-01-31,60469,356915,48035039,33574104
2022-02-01,65416,328419,48100455,33902523
2022-02-02,63064,296949,48163519,34199472
2022-02-03,59951,274505,48223470,34473977
2022-02-04,72263,268435,48295733,34742412
2022-02-05,83662,248518,48379395,34990930
2022-02-06,55215,116190,48434610,35107120
2022-02-07,65061,199923,48499671,35307043
2022-02-08,66857,186098,48566528,35493141
2022-02-09,58683,166323,48625211,35659464
2022-02-10,58478,163227,48683689,35822691
2022-02-11,62156,162446,48745845,35985137
2022-02-12,71905,152132,48817750,36137269
2022-02-13,41436,68848,48859186,36206117
2022-02-14,46622,116178,48905808,36322295
2022-02-15,48461,123475,48954269,36445770
2022-02-16,45624,106105,48999893,36551875
2022-02-17,42823,98095,49042716,36649970
2022-02-18,46562,112563,49089278,36762533
2022-02-19,52490,100324,49141768,36862857
2022-02-20,31398,40357,49173166,36903214
2022-02-21,37867,89636,49211033,36992850
2022-02-22,37175,83764,49248208,37076614
2022-02-23,33357,79399,49281565,37156013
2022-02-24,32532,78155,49314097,37234168
2022-02-25,34727,90700,49348824,37324868
2022-02-26,39129,89128,49387953,37413996
2022-02-27,22534,35854,49410487,37449850
2022-02-28,28446,81688,49438933,37531538
2022-03-01,22671,53932,49461604,37585470
2022-03-02,21974,50624,49483578,37636094
2022-03-03,22577,54935,49506155,37691029
2022-03-04,23199,62788,49529354,37753817
2022-03-05,23759,57949,49553113,37811766
2022-03-06,9466,17199,49562579,37828965
2022-03-07,15883,51386,49578462,37880351
2022-03-08,15433,48794,49593895,37929145
2022-03-09,13782,46510,49607677,37975655
2022-03-10,14011,52111,49621688,38027766
2022-03-11,15543,57244,49637231,38085010
2022-03-12,15476,56612,49652707,38141622
2022-03-13,5539,16848,49658246,38158470
2022-03-14,10505,46689,49668751,38205159
2022-03-15,10516,46891,49679267,38252050
2022-03-16,9459,41975,49688726,38294025
2022-03-17,9685,44872,49698411,38338897
2022-03-18,10141,49044,49708552,38387941
2022-03-19,9134,46530,49717686,38434471
2022-03-20,2603,11699,49720289,38446170
2022-03-21,7563,40212,49727852,38486382
2022-03-22,8428,37743,49736280,38524125
2022-03-23,7195,33694,49743475,38557819
2022-03-24,8239,38789,49751714,38596608
2022-03-25,8109,43659,49759823,38640267
2022-03-26,8114,41717,49767937,38681984
2022-03-27,2424,9683,49770361,38691667
2022-03-28,6093,35225,49776454,38726892
2022-03-29,5768,32522,49782222,38759414
2022-03-30,5549,30188,49787771,38789602
2022-03-31,5873,33166,49793644,38822768
2022-04-01,4337,25177,49797981,38847945
2022-04-02,4485,23269,49802466,38871214
2022-04-03,1045,4498,49803511,38875712
2022-04-04,3648,21531,49807159,38897243
2022-04-05,3744,22920,49810903,38920163
2022-04-06,4091,21830,49814994,38941993
2022-04-07,3946,23317,49818940,38965310
2022-04-08,4679,26707,49823619,38992017
2022-04-09,4372,23879,49827991,39015896
2022-04-10,891,4614,49828882,39020510
2022-04-11,3795,22679,49832677,39043189
2022-04-12,3350,21773,49836027,39064962
2022-04-13,3552,21334,49839579,39086296
2022-04-14,3474,23770,49843053,39110066
2022-04-15,3075,20612,49846128,39130678
2022-04-16,2145,11920,49848273,39142598
2022-04-17,63,348,49848336,39142946
2022-04-18,148,650,49848484,39143596
2022-04-19,3479,21976,49851963,39165572
2022-04-20,3490,20249,49855453,39185821
2022-04-21,2833,19774,49858286,39205595
2022-04-22,2908,20694,49861194,39226289
2022-04-23,2633,16204,49863827,39242493
2022-04-24,509,2335,49864336,39244828
2022-04-25,183,1165,49864519,39245993
2022-04-26,2752,17790,49867271,39263783
2022-04-27,2362,15777,49869633,39279560
2022-04-28,2344,15530,49871977,39295090
2022-04-29,2287,14831,49874264,39309921
2022-04-30,2115,11576,49876379,39321497
2022-05-01,113,530,49876492,39322027
2022-05-02,1440,9380,49877932,39331407
2022-05-03,1568,10305,49879500,39341712
2022-05-04,1745,10254,49881245,39351966
2022-05-05,1645,10261,49882890,39362227
2022-05-06,1692,10942,49884582,39373169
2022-05-07,1429,8562,49886011,39381731
2022-05-08,404,1514,49886415,39383245
2022-05-09,1023,8914,49887438,39392159
2022-05-10,1418,9536,49888856,39401695
2022-05-11,1476,10085,49890332,39411780
2022-05-12,1361,10116,49891693,39421896
2022-05-13,1586,10505,49893279,39432401
2022-05-14,1356,8226,49894635,39440627
2022-05-15,336,1129,49894971,39441756
2022-05-16,808,8386,49895779,39450142
2022-05-17,1241,8665,49897020,39458807
2022-05-18,1368,9206,49898388,39468013
2022-05-19,1494,9264,49899882,39477277
2022-05-20,1419,9488,49901301,39486765
2022-05-21,1299,7892,49902600,39494657
2022-05-22,232,1012,49902832,39495669
2022-05-23,824,8259,49903656,39503928
2022-05-24,1069,8662,49904725,39512590
2022-05-25,1363,9443,49906088,39522033
2022-05-26,1191,9452,49907279,39531485
2022-05-27,1223,9906,49908502,39541391
2022-05-28,1201,7870,49909703,39549261
2022-05-29,285,1263,49909988,39550524
2022-05-30,926,8023,49910914,39558547
2022-05-31,1032,8528,49911946,39567075
2022-06-01,890,7641,49912836,39574716
2022-06-02,34,474,49912870,39575190
2022-06-03,811,7326,49913681,39582516
2022-06-04,869,5155,49914550,39587671
2022-06-05,89,586,49914639,39588257
2022-06-06,663,6961,49915302,39595218
2022-06-07,928,7841,49916230,39603059
2022-06-08,977,7894,49917207,39610953
2022-06-09,1031,8398,49918238,39619351
2022-06-10,948,8534,49919186,39627885
2022-06-11,897,6208,49920083,39634093
2022-06-12,140,767,49920223,39634860
2022-06-13,600,6292,49920823,39641152
2022-06-14,823,7868,49921646,39649020
2022-06-15,948,7842,49922594,39656862
2022-06-16,726,7381,49923320,39664243
2022-06-17,715,7229,49924035,39671472
2022-06-18,774,5587,49924809,39677059
2022-06-19,45,522,49924854,39677581
2022-06-20,586,6690,49925440,39684271
2022-06-21,728,7635,49926168,39691906
2022-06-22,773,7298,49926941,39699204
2022-06-23,642,7451,49927583,39706655
2022-06-24,637,7450,49928220,39714105
2022-06-25,833,6530,49929053,39720635
2022-06-26,128,523,49929181,39721158
2022-06-27,527,7109,49929708,39728267
2022-06-28,739,8186,49930447,39736453
2022-06-29,755,7704,49931202,39744157
2022-06-30,737,8120,49931939,39752277
2022-07-01,573,6432,49932512,39758709
2022-07-02,533,4763,49933045,39763472
2022-07-03,49,455,49933094,39763927
2022-07-04,468,6251,49933562,39770178
2022-07-05,616,8103,49934178,39778281
2022-07-06,620,7566,49934798,39785847
2022-07-07,556,8238,49935354,39794085
2022-07-08,666,8058,49936020,39802143
2022-07-09,546,6101,49936566,39808244
2022-07-10,59,533,49936625,39808777
2022-07-11,474,7618,49937099,39816395
2022-07-12,648,8949,49937747,39825344
2022-07-13,620,10035,49938367,39835379
2022-07-14,617,10154,49938984,39845533
2022-07-15,611,10570,49939595,39856103
2022-07-16,510,7185,49940105,39863288
2022-07-17,48,766,49940153,39864054
2022-07-18,489,9309,49940642,39873363
2022-07-19,556,10508,49941198,39883871
2022-07-20,553,11128,49941751,39894999
2022-07-21,609,11856,49942360,39906855
2022-07-22,544,10938,49942904,39917793
2022-07-23,365,6602,49943269,39924395
2022-07-24,60,829,49943329,39925224
2022-07-25,326,4856,49943655,39930080