data_somministrazione,vaccinazioni,booster,cum_vaccinazioni,cum_booster
2020-12-27,20,0,20,0
2020-12-28,2,0,22,0
2020-12-29,1,0,23,0
2020-12-30,8,0,31,0
2020-12-31,71,0,102,0
2021-01-01,23,0,125,0
2021-01-02,120,0,245,0
2021-01-03,84,0,329,0
2021-01-04,210,0,539,0
2021-01-05,246,0,785,0
2021-01-06,214,0,999,0
2021-01-07,300,0,1299,0
2021-01-08,342,0,1641,0
2021-01-09,256,0,1897,0
2021-01-10,152,0,2049,0
2021-01-11,279,0,2328,0
2021-01-12,269,0,2597,0
2021-01-13,396,0,2993,0
2021-01-14,482,0,3475,0
2021-01-15,299,0,3774,0
2021-01-16,212,0,3986,0
2021-01-17,3059,0,7045,0
2021-01-18,5210,0,12255,0
2021-01-19,1893,0,14148,0
2021-01-20,4655,0,18803,0
2021-01-21,19998,0,38801,0
2021-01-22,14206,0,53007,0
2021-01-23,33323,0,86330,0
2021-01-24,30784,0,117114,0
2021-01-25,64726,0,181840,0
2021-01-26,76495,0,258335,0
2021-01-27,64830,0,323165,0
2021-01-28,89281,0,412446,0
2021-01-29,94016,0,506462,0
2021-01-30,86561,0,593023,0
2021-01-31,57333,0,650356,0
2021-02-01,81859,0,732215,0
2021-02-02,82144,0,814359,0
2021-02-03,91193,0,905552,0
2021-02-04,95397,0,1000949,0
2021-02-05,90275,0,1091224,0
2021-02-06,63445,0,1154669,0
2021-02-07,32928,0,1187597,0
2021-02-08,40428,0,1228025,0
2021-02-09,32866,0,1260891,0
2021-02-10,28422,0,1289313,0
2021-02-11,20395,0,1309708,0
2021-02-12,16233,0,1325941,0
2021-02-13,7265,0,1333206,0
2021-02-14,2861,0,1336067,0
2021-02-15,6840,0,1342907,0
2021-02-16,6997,0,1349904,0
2021-02-17,10520,0,1360424,0
2021-02-18,9252,0,1369676,0
2021-02-19,8245,0,1377921,0
2021-02-20,5554,0,1383475,0
2021-02-21,2996,0,1386471,0
2021-02-22,6884,0,1393355,0
2021-02-23,7166,0,1400521,0
2021-02-24,9830,0,1410351,0
2021-02-25,14210,0,1424561,0
2021-02-26,17555,0,1442116,0
2021-02-27,13909,0,1456025,0
2021-02-28,9387,0,1465412,0
2021-03-01,26515,0,1491927,0
2021-03-02,33238,0,1525165,0
2021-03-03,44643,0,1569808,0
2021-03-04,50289,0,1620097,0
2021-03-05,55734,0,1675831,0
2021-03-06,41870,0,1717701,0
2021-03-07,22324,0,1740025,0
2021-03-08,50821,0,1790846,0
2021-03-09,53068,0,1843914,0
2021-03-10,58646,0,1902560,0
2021-03-11,63857,0,1966417,0
2021-03-12,65107,0,2031524,0
2021-03-13,51714,0,2083238,0
2021-03-14,35393,0,2118631,0
2021-03-15,73440,0,2192071,0
2021-03-16,74028,0,2266099,0
2021-03-17,83134,0,2349233,0
2021-03-18,81621,0,2430854,0
2021-03-19,81080,0,2511934,0
2021-03-20,64716,0,2576650,0
2021-03-21,47296,0,2623946,0
2021-03-22,69473,0,2693419,0
2021-03-23,75792,0,2769211,0
2021-03-24,90908,0,2860119,0
2021-03-25,89798,0,2949917,0
2021-03-26,83617,0,3033534,0
2021-03-27,71933,0,3105467,0
2021-03-28,44140,0,3149607,0
2021-03-29,70824,0,3220431,0
2021-03-30,81379,0,3301810,0
2021-03-31,96233,0,3398043,0
2021-04-01,95305,0,3493348,0
2021-04-02,84070,0,3577418,0
2021-04-03,64303,0,3641721,0
2021-04-04,21718,0,3663439,0
2021-04-05,40310,0,3703749,0
2021-04-06,81309,0,3785058,0
2021-04-07,95830,0,3880888,0
2021-04-08,95234,0,3976122,0
2021-04-09,88485,0,4064607,0
2021-04-10,74031,0,4138638,0
2021-04-11,44760,0,4183398,0
2021-04-12,66917,0,4250315,0
2021-04-13,72572,0,4322887,0
2021-04-14,85539,0,4408426,0
2021-04-15,105418,0,4513844,0
2021-04-16,106418,0,4620262,0
2021-04-17,90511,0,4710773,0
2021-04-18,58588,0,4769361,0
2021-04-19,93431,0,4862792,0
2021-04-20,103769,0,4966561,0
2021-04-21,125339,0,5091900,0
2021-04-22,143517,0,5235417,0
2021-04-23,138736,0,5374153,0
2021-04-24,124443,0,5498596,0
2021-04-25,61454,0,5560050,0
2021-04-26,97890,0,5657940,0
2021-04-27,128361,0,5786301,0
2021-04-28,156366,0,5942667,0
2021-04-29,195592,0,6138259,0
2021-04-30,214573,0,6352832,0
2021-05-01,174111,0,6526943,0
2021-05-02,135803,0,6662746,0
2021-05-03,142027,0,6804773,0
2021-05-04,158694,0,6963467,0
2021-05-05,170495,0,7133962,0
2021-05-06,197804,0,7331766,0
2021-05-07,213841,0,7545607,0
2021-05-08,213408,0,7759015,0
2021-05-09,143199,0,7902214,0
2021-05-10,165086,0,8067300,0
2021-05-11,174984,0,8242284,0
2021-05-12,179175,0,8421459,0
2021-05-13,203376,0,8624835,0
2021-05-14,222908,0,8847743,0
2021-05-15,210355,0,9058098,0
2021-05-16,159270,0,9217368,0
2021-05-17,219191,0,9436559,0
2021-05-18,213016,0,9649575,0
2021-05-19,207083,0,9856658,0
2021-05-20,270859,0,10127517,0
2021-05-21,270878,0,10398395,0
2021-05-22,245524,0,10643919,0
2021-05-23,197180,0,10841099,0
2021-05-24,228303,0,11069402,0
2021-05-25,245695,0,11315097,0
2021-05-26,277486,0,11592583,0
2021-05-27,311082,0,11903665,0
2021-05-28,299572,0,12203237,0
2021-05-29,231216,0,12434453,0
2021-05-30,170838,0,12605291,0
2021-05-31,216421,0,12821712,0
2021-06-01,207631,0,13029343,0
2021-06-02,115787,0,13145130,0
2021-06-03,180137,0,13325267,0
2021-06-04,184868,0,13510135,0
2021-06-05,185951,0,13696086,0
2021-06-06,139537,0,13835623,0
2021-06-07,161863,0,13997486,0
2021-06-08,171203,0,14168689,0
2021-06-09,171465,0,14340154,0
2021-06-10,174086,0,14514240,0
2021-06-11,169963,0,14684203,0
2021-06-12,128318,0,14812521,0
2021-06-13,91172,0,14903693,0
2021-06-14,214669,0,15118362,0
2021-06-15,228408,0,15346770,0
2021-06-16,253070,0,15599840,0
2021-06-17,301724,0,15901564,0
2021-06-18,306290,0,16207854,0
2021-06-19,275075,0,16482929,0
2021-06-20,220774,0,16703703,0
2021-06-21,288072,0,16991775,0
2021-06-22,296211,0,17287986,0
2021-06-23,302687,0,17590673,0
2021-06-24,332590,0,17923263,0
2021-06-25,348709,0,18271972,0
2021-06-26,300105,0,18572077,0
2021-06-27,228655,0,18800732,0
2021-06-28,307083,0,19107815,0
2021-06-29,329275,0,19437090,0
2021-06-30,342151,0,19779241,0
2021-07-01,363199,0,20142440,0
2021-07-02,368465,0,20510905,0
2021-07-03,371086,0,20881991,0
2021-07-04,283209,0,21165200,0
2021-07-05,384542,0,21549742,0
2021-07-06,385464,0,21935206,0
2021-07-07,412116,0,22347322,0
2021-07-08,479616,0,22826938,0
2021-07-09,498494,0,23325432,0
2021-07-10,475189,0,23800621,0
2021-07-11,357702,0,24158323,0
2021-07-12,485899,0,24644222,0
2021-07-13,492133,0,25136355,0
2021-07-14,480474,0,25616829,0
2021-07-15,523462,0,26140291,0
2021-07-16,509778,0,26650069,0
2021-07-17,464357,0,27114426,0
2021-07-18,364671,0,27479097,0
2021-07-19,463068,0,27942165,0
2021-07-20,458076,0,28400241,0
2021-07-21,462802,0,28863043,0
2021-07-22,475403,0,29338446,0
2021-07-23,441317,0,29779763,0
2021-07-24,386170,0,30165933,0
2021-07-25,287572,0,30453505,0
2021-07-26,430873,0,30884378,0
2021-07-27,440126,0,31324504,0
2021-07-28,391009,0,31715513,0
2021-07-29,372080,0,32087593,0
2021-07-30,341503,0,32429096,0
2021-07-31,287026,0,32716122,0
2021-08-01,191009,0,32907131,0
2021-08-02,333718,0,33240849,0
2021-08-03,323190,0,33564039,0
2021-08-04,310974,0,33875013,0
2021-08-05,292516,0,34167529,0
2021-08-06,260003,0,34427532,0
2021-08-07,199045,0,34626577,0
2021-08-08,153110,0,34779687,0
2021-08-09,234076,0,35013763,0
2021-08-10,205251,0,35219014,0
2021-08-11,193767,0,35412781,0
2021-08-12,168020,0,35580801,0
2021-08-13,148620,0,35729421,0
2021-08-14,66093,0,35795514,0
2021-08-15,26337,0,35821851,0
2021-08-16,114694,0,35936545,0
2021-08-17,129246,0,36065791,0
2021-08-18,128745,0,36194536,0
2021-08-19,124809,0,36319345,0
2021-08-20,123798,0,36443143,0
2021-08-21,83123,0,36526266,0
2021-08-22,68170,0,36594436,0
2021-08-23,176871,0,36771307,0
2021-08-24,156901,0,36928208,0
2021-08-25,177171,0,37105379,0
2021-08-26,172357,0,37277736,0
2021-08-27,185840,0,37463576,0
2021-08-28,140276,0,37603852,0
2021-08-29,98990,0,37702842,0
2021-08-30,209616,0,37912458,0
2021-08-31,194638,0,38107096,0
2021-09-01,192210,0,38299306,0
2021-09-02,189936,0,38489242,0
2021-09-03,191321,0,38680563,0
2021-09-04,131471,0,38812034,0
2021-09-05,87860,0,38899894,0
2021-09-06,193638,0,39093532,0
2021-09-07,196044,0,39289576,0
2021-09-08,187890,0,39477466,0
2021-09-09,201457,0,39678923,0
2021-09-10,198088,0,39877011,0
2021-09-11,141313,0,40018324,0
2021-09-12,89601,0,40107925,0
2021-09-13,191141,585,40299066,585
2021-09-14,177241,602,40476307,1187
2021-09-15,163101,610,40639408,1797
2021-09-16,160085,945,40799493,2742
2021-09-17,150175,1129,40949668,3871
2021-09-18,127981,747,41077649,4618
2021-09-19,81135,498,41158784,5116
2021-09-20,180077,9093,41338861,14209
2021-09-21,166645,8842,41505506,23051
2021-09-22,159085,9447,41664591,32498
2021-09-23,138078,9337,41802669,41835
2021-09-24,140539,8975,41943208,50810
2021-09-25,119555,5648,42062763,56458
2021-09-26,71969,4345,42134732,60803
2021-09-27,135657,10056,42270389,70859
2021-09-28,117504,11399,42387893,82258
2021-09-29,112355,11831,42500248,94089
2021-09-30,110243,14960,42610491,109049
2021-10-01,94983,19119,42705474,128168
2021-10-02,78497,14028,42783971,142196
2021-10-03,47743,7663,42831714,149859
2021-10-04,88376,34463,42920090,184322
2021-10-05,80370,33986,43000460,218308
2021-10-06,71996,34180,43072456,252488
2021-10-07,71856,34361,43144312,286849
2021-10-08,80631,33597,43224943,320446
2021-10-09,76103,22181,43301046,342627
2021-10-10,45776,13620,43346822,356247
2021-10-11,87433,41112,43434255,397359
2021-10-12,84495,46914,43518750,444273
2021-10-13,88194,52129,43606944,496402
2021-10-14,91543,58525,43698487,554927
2021-10-15,93601,55641,43792088,610568
2021-10-16,82968,36793,43875056,647361
2021-10-17,51464,23836,43926520,671197
2021-10-18,90304,59494,44016824,730691
2021-10-19,78347,69387,44095171,800078
2021-10-20,75071,78183,44170242,878261
2021-10-21,78296,81774,44248538,960035
2021-10-22,73785,77044,44322323,1037079
2021-10-23,60823,51964,44383146,1089043
2021-10-24,33373,23466,44416519,1112509
2021-10-25,64906,81637,44481425,1194146
2021-10-26,58373,91810,44539798,1285956
2021-10-27,58328,103994,44598126,1389950
2021-10-28,61464,114121,44659590,1504071
2021-10-29,61643,103144,44721233,1607215
2021-10-30,50674,68125,44771907,1675340
2021-10-31,25163,28297,44797070,1703637
2021-11-01,19046,28152,44816116,1731789
2021-11-02,62752,89395,44878868,1821184
2021-11-03,60730,118674,44939598,1939858
2021-11-04,59242,126677,44998840,2066535
2021-11-05,63094,135194,45061934,2201729
2021-11-06,46481,90935,45108415,2292664
2021-11-07,22253,37897,45130668,2330561
2021-11-08,51529,131276,45182197,2461837
2021-11-09,45401,144213,45227598,2606050
2021-11-10,42589,156357,45270187,2762407
2021-11-11,44934,155141,45315121,2917548
2021-11-12,46375,158586,45361496,3076134
2021-11-13,33259,116660,45394755,3192794
2021-11-14,14488,52451,45409243,3245245
2021-11-15,36894,157436,45446137,3402681
2021-11-16,30556,171384,45476693,3574065
2021-11-17,28459,178450,45505152,3752515
2021-11-18,30286,193734,45535438,3946249
2021-11-19,28809,205863,45564247,4152112
2021-11-20,20996,156453,45585243,4308565
2021-11-21,10612,64860,45595855,4373425
2021-11-22,21939,213153,45617794,4586578
2021-11-23,23578,241758,45641372,4828336
2021-11-24,27843,270962,45669215,5099298
2021-11-25,23236,301916,45692451,5401214
2021-11-26,24585,318281,45717036,5719495
2021-11-27,21385,266158,45738421,5985653
2021-11-28,9902,137059,45748323,6122712
2021-11-29,22336,326074,45770659,6448786
2021-11-30,23098,365829,45793757,6814615
2021-12-01,21527,413520,45815284,7228135
2021-12-02,23766,440414,45839050,7668549
2021-12-03,25261,467482,45864311,8136031
2021-12-04,22374,418755,45886685,8554786
2021-12-05,11931,261350,45898616,8816136
2021-12-06,25818,457592,45924434,9273728
2021-12-07,24137,480271,45948571,9753999
2021-12-08,10006,249696,45958577,10003695
2021-12-09,31587,491943,45990164,10495638
2021-12-10,28073,517896,46018237,11013534
2021-12-11,23569,459260,46041806,11472794
2021-12-12,12309,293515,46054115,11766309
2021-12-13,26160,467638,46080275,12233947
2021-12-14,25174,494214,46105449,12728161
2021-12-15,25341,517160,46130790,13245321
2021-12-16,27888,520271,46158678,13765592
2021-12-17,29367,517188,46188045,14282780
2021-12-18,27065,468737,46215110,14751517
2021-12-19,15148,300536,46230258,15052053
2021-12-20,30636,477497,46260894,15529550
2021-12-21,30376,493399,46291270,16022949
2021-12-22,29452,484721,46320722,16507670
2021-12-23,28255,426916,46348977,16934586
2021-12-24,13112,210835,46362089,17145421
2021-12-25,2102,33053,46364191,17178474
2021-12-26,8763,159071,46372954,17337545
2021-12-27,46797,504670,46419751,17842215
2021-12-28,42456,554226,46462207,18396441
2021-12-29,34351,550648,46496558,18947089
2021-12-30,31849,499837,46528407,19446926
2021-12-31,14122,247399,46542529,19694325
2022-01-01,3496,64814,46546025,19759139
2022-01-02,22774,276726,46568799,20035865
2022-01-03,47862,520021,46616661,20555886
2022-01-04,46379,572091,46663040,21127977
2022-01-05,40760,560399,46703800,21688376
2022-01-06,23490,274489,46727290,21962865
2022-01-07,63704,554193,46790994,22517058
2022-01-08,60866,503389,46851860,23020447
2022-01-09,42864,319688,46894724,23340135
2022-01-10,61084,542296,46955808,23882431
2022-01-11,61722,586994,47017530,24469425
2022-01-12,58443,581276,47075973,25050701
2022-01-13,58612,580391,47134585,25631092
2022-01-14,46797,588571,47181382,26219663
2022-01-15,39413,569940,47220795,26789603
2022-01-16,31226,341861,47252021,27131464
2022-01-17,54778,489658,47306799,27621122
2022-01-18,58395,517016,47365194,28138138
2022-01-19,57192,502783,47422386,28640921
2022-01-20,54337,498827,47476723,29139748
2022-01-21,42084,493871,47518807,29633619
2022-01-22,31191,469595,47549998,30103214
2022-01-23,34932,275365,47584930,30378579
2022-01-24,56179,437216,47641109,30815795
2022-01-25,61547,452106,47702656,31267901
2022-01-26,58542,435827,47761198,31703728
2022-01-27,48839,432362,47810037,32136090
2022-01-28,58692,436534,47868729,32572624
2022-01-29,68118,412488,47936847,32985112
2022-01-30,50372,235968,47987219,33221080
2022-01-31,60619,356930,48047838,33578010
2022-02-01,65545,328441,48113383,33906451
2022-02-02,63196,296973,48176579,34203424
2022-02-03,60053,274513,48236632,34477937
2022-02-04,72380,268451,48309012,34746388
2022-02-05,83772,248532,48392784,34994920
2022-02-06,55284,116201,48448068,35111121
2022-02-07,65136,199939,48513204,35311060
2022-02-08,66924,186110,48580128,35497170
2022-02-09,58756,166336,48638884,35663506
2022-02-10,58567,163234,48697451,35826740
2022-02-11,62244,162459,48759695,35989199
2022-02-12,71977,152141,48831672,36141340
2022-02-13,41471,68849,48873143,36210189
2022-02-14,46684,116187,48919827,36326376
2022-02-15,48526,123479,48968353,36449855
2022-02-16,45674,106117,49014027,36555972
2022-02-17,42858,98107,49056885,36654079
2022-02-18,46616,112570,49103501,36766649
2022-02-19,52530,100329,49156031,36866978
2022-02-20,31410,40361,49187441,36907339
2022-02-21,37884,89645,49225325,36996984
2022-02-22,37218,83771,49262543,37080755
2022-02-23,33389,79405,49295932,37160160
2022-02-24,32549,78161,49328481,37238321
2022-02-25,34754,90709,49363235,37329030
2022-02-26,39152,89132,49402387,37418162
2022-02-27,22541,35856,49424928,37454018
2022-02-28,28472,81689,49453400,37535707
2022-03-01,22716,53940,49476116,37589647
2022-03-02,21993,50629,49498109,37640276
2022-03-03,22610,54940,49520719,37695216
2022-03-04,23225,62793,49543944,37758009
2022-03-05,23793,57952,49567737,37815961
2022-03-06,9470,17200,49577207,37833161
2022-03-07,15910,51387,49593117,37884548
2022-03-08,15470,48794,49608587,37933342
2022-03-09,13810,46518,49622397,37979860
2022-03-10,14044,52116,49636441,38031976
2022-03-11,15579,57259,49652020,38089235
2022-03-12,15499,56614,49667519,38145849
2022-03-13,5544,16849,49673063,38162698
2022-03-14,10520,46694,49683583,38209392
2022-03-15,10536,46891,49694119,38256283
2022-03-16,9476,41975,49703595,38298258
2022-03-17,9712,44871,49713307,38343129
2022-03-18,10155,49053,49723462,38392182
2022-03-19,9148,46531,49732610,38438713
2022-03-20,2608,11700,49735218,38450413
2022-03-21,7578,40223,49742796,38490636
2022-03-22,8447,37756,49751243,38528392
2022-03-23,7211,33699,49758454,38562091
2022-03-24,8254,38798,49766708,38600889
2022-03-25,8131,43660,49774839,38644549
2022-03-26,8123,41722,49782962,38686271
2022-03-27,2429,9681,49785391,38695952
2022-03-28,6104,35236,49791495,38731188
2022-03-29,5773,32527,49797268,38763715
2022-03-30,5561,30200,49802829,38793915
2022-03-31,5887,33178,49808716,38827093
2022-04-01,4347,25187,49813063,38852280
2022-04-02,4490,23274,49817553,38875554
2022-04-03,1049,4499,49818602,38880053
2022-04-04,3654,21534,49822256,38901587
2022-04-05,3753,22927,49826009,38924514
2022-04-06,4098,21848,49830107,38946362
2022-04-07,3964,23319,49834071,38969681
2022-04-08,4690,26709,49838761,38996390
2022-04-09,4381,23884,49843142,39020274
2022-04-10,891,4614,49844033,39024888
2022-04-11,3813,22686,49847846,39047574
2022-04-12,3359,21778,49851205,39069352
2022-04-13,3561,21333,49854766,39090685
2022-04-14,3485,23782,49858251,39114467
2022-04-15,3083,20616,49861334,39135083
2022-04-16,2149,11919,49863483,39147002
2022-04-17,63,348,49863546,39147350
2022-04-18,151,650,49863697,39148000
2022-04-19,3494,21978,49867191,39169978
2022-04-20,3506,20248,49870697,39190226
2022-04-21,2841,19782,49873538,39210008
2022-04-22,2925,20696,49876463,39230704
2022-04-23,2641,16217,49879104,39246921
2022-04-24,509,2335,49879613,39249256
2022-04-25,183,1165,49879796,39250421
2022-04-26,2757,17798,49882553,39268219
2022-04-27,2371,15786,49884924,39284005
2022-04-28,2356,15554,49887280,39299559
2022-04-29,2292,14835,49889572,39314394
2022-04-30,2121,11577,49891693,39325971
2022-05-01,113,530,49891806,39326501
2022-05-02,1450,9388,49893256,39335889
2022-05-03,1574,10312,49894830,39346201
2022-05-04,1746,10258,49896576,39356459
2022-05-05,1651,10277,49898227,39366736
2022-05-06,1701,10946,49899928,39377682
2022-05-07,1431,8563,49901359,39386245
2022-05-08,405,1514,49901764,39387759
2022-05-09,1026,8918,49902790,39396677
2022-05-10,1422,9541,49904212,39406218
2022-05-11,1483,10089,49905695,39416307
2022-05-12,1367,10122,49907062,39426429
2022-05-13,1590,10510,49908652,39436939
2022-05-14,1356,8228,49910008,39445167
2022-05-15,336,1129,49910344,39446296
2022-05-16,811,8392,49911155,39454688
2022-05-17,1243,8674,49912398,39463362
2022-05-18,1372,9221,49913770,39472583
2022-05-19,1500,9270,49915270,39481853
2022-05-20,1422,9498,49916692,39491351
2022-05-21,1299,7892,49917991,39499243
2022-05-22,231,1012,49918222,39500255
2022-05-23,827,8261,49919049,39508516
2022-05-24,1072,8665,49920121,39517181
2022-05-25,1368,9444,49921489,39526625
2022-05-26,1194,9454,49922683,39536079
2022-05-27,1226,9911,49923909,39545990
2022-05-28,1203,7873,49925112,39553863
2022-05-29,286,1264,49925398,39555127
2022-05-30,929,8029,49926327,39563156
2022-05-31,1033,8532,49927360,39571688
2022-06-01,891,7644,49928251,39579332
2022-06-02,35,474,49928286,39579806
2022-06-03,816,7328,49929102,39587134
2022-06-04,870,5156,49929972,39592290
2022-06-05,89,586,49930061,39592876
2022-06-06,675,6984,49930736,39599860
2022-06-07,932,7842,49931668,39607702
2022-06-08,982,7900,49932650,39615602
2022-06-09,1036,8400,49933686,39624002
2022-06-10,957,8552,49934643,39632554
2022-06-11,900,6206,49935543,39638760
2022-06-12,140,767,49935683,39639527
2022-06-13,602,6296,49936285,39645823
2022-06-14,827,7882,49937112,39653705
2022-06-15,954,7844,49938066,39661549
2022-06-16,729,7389,49938795,39668938
2022-06-17,720,7242,49939515,39676180
2022-06-18,777,5588,49940292,39681768
2022-06-19,47,522,49940339,39682290
2022-06-20,588,6694,49940927,39688984
2022-06-21,733,7652,49941660,39696636
2022-06-22,780,7306,49942440,39703942
2022-06-23,651,7459,49943091,39711401
2022-06-24,642,7473,49943733,39718874
2022-06-25,835,6532,49944568,39725406
2022-06-26,128,523,49944696,39725929
2022-06-27,531,7120,49945227,39733049
2022-06-28,745,8192,49945972,39741241
2022-06-29,756,7720,49946728,39748961
2022-06-30,745,8132,49947473,39757093
2022-07-01,576,6438,49948049,39763531
2022-07-02,536,4766,49948585,39768297
2022-07-03,49,456,49948634,39768753
2022-07-04,471,6274,49949105,39775027
2022-07-05,628,8112,49949733,39783139
2022-07-06,630,7606,49950363,39790745
2022-07-07,569,8264,49950932,39799009
2022-07-08,670,8079,49951602,39807088
2022-07-09,550,6103,49952152,39813191
2022-07-10,58,533,49952210,39813724
2022-07-11,487,7639,49952697,39821363
2022-07-12,665,9026,49953362,39830389
2022-07-13,640,10060,49954002,39840449
2022-07-14,636,10219,49954638,39850668
2022-07-15,623,10663,49955261,39861331
2022-07-16,522,7209,49955783,39868540
2022-07-17,48,769,49955831,39869309
2022-07-18,497,9350,49956328,39878659
2022-07-19,574,10653,49956902,39889312
2022-07-20,576,11258,49957478,39900570
2022-07-21,625,12040,49958103,39912610
2022-07-22,582,11227,49958685,39923837
2022-07-23,379,6743,49959064,39930580
2022-07-24,76,834,49959140,39931414
2022-07-25,501,9033,49959641,39940447
2022-07-26,519,9728,49960160,39950175
2022-07-27,549,10155,49960709,39960330
2022-07-28,527,10483,49961236,39970813
2022-07-29,510,9424,49961746,39980237
2022-07-30,380,5852,49962126,39986089
2022-07-31,49,745,49962175,39986834
2022-08-01,386,6823,49962561,39993657
2022-08-02,539,7518,49963100,40001175
2022-08-03,511,7143,49963611,40008318
2022-08-04,452,7426,49964063,40015744
2022-08-05,419,6487,49964482,40022231
2022-08-06,298,3582,49964780,40025813
2022-08-07,44,551,49964824,40026364
2022-08-08,401,4874,49965225,40031238
2022-08-09,383,5268,49965608,40036506
2022-08-10,376,4788,49965984,40041294
2022-08-11,364,4756,49966348,40046050
2022-08-12,289,3700,49966637,40049750
2022-08-13,143,1597,49966780,40051347
2022-08-14,9,128,49966789,40051475
2022-08-15,1,26,49966790,40051501
2022-08-16,283,3027,49967073,40054528
2022-08-17,351,3513,49967424,40058041
2022-08-18,389,4142,49967813,40062183
2022-08-19,341,3305,49968154,40065488
2022-08-20,183,1710,49968337,40067198
2022-08-21,24,146,49968361,40067344
2022-08-22,329,2936,49968690,40070280
2022-08-23,371,3655,49969061,40073935
2022-08-24,381,3332,49969442,40077267
2022-08-25,419,3735,49969861,40081002
2022-08-26,394,3545,49970255,40084547
2022-08-27,235,1767,49970490,40086314
2022-08-28,29,260,49970519,40086574
2022-08-29,353,3138,49970872,40089712
2022-08-30,401,3636,49971273,40093348
2022-08-31,435,3703,49971708,40097051
2022-09-01,351,3075,49972059,40100126
2022-09-02,292,2866,49972351,40102992
2022-09-03,199,1684,49972550,40104676
2022-09-04,22,147,49972572,40104823
2022-09-05,186,2626,49972758,40107449
2022-09-06,301,2962,49973059,40110411
2022-09-07,538,2908,49973597,40113319
2022-09-08,288,2944,49973885,40116263
2022-09-09,299,2850,49974184,40119113
2022-09-10,226,1324,49974410,40120437
2022-09-11,21,123,49974431,40120560
2022-09-12,267,2200,49974698,40122760
2022-09-13,248,2262,49974946,40125022
2022-09-14,260,2546,49975206,40127568
2022-09-15,277,2474,49975483,40130042
2022-09-16,252,2528,49975735,40132570
2022-09-17,239,1339,49975974,40133909
2022-09-18,21,170,49975995,40134079
2022-09-19,206,1964,49976201,40136043
2022-09-20,232,2369,49976433,40138412
2022-09-21,288,2508,49976721,40140920
2022-09-22,258,2616,49976979,40143536
2022-09-23,249,2305,49977228,40145841
2022-09-24,195,1423,49977423,40147264
2022-09-25,28,134,49977451,40147398
2022-09-26,280,2236,49977731,40149634
2022-09-27,281,2604,49978012,40152238
2022-09-28,306,2862,49978318,40155100
2022-09-29,246,2875,49978564,40157975
2022-09-30,275,2750,49978839,40160725
2022-10-01,192,1451,49979031,40162176
2022-10-02,11,187,49979042,40162363
2022-10-03,175,2416,49979217,40164779
2022-10-04,230,2757,49979447,40167536
2022-10-05,216,3124,49979663,40170660
2022-10-06,204,3644,49979867,40174304
2022-10-07,146,2341,49980013,40176645