data_somministrazione,vaccinazioni,booster,cum_vaccinazioni,cum_booster
2020-12-27,15,0,15,0
2020-12-28,2,0,17,0
2020-12-29,1,0,18,0
2020-12-30,2,0,20,0
2020-12-31,34,0,54,0
2021-01-01,12,0,66,0
2021-01-02,53,0,119,0
2021-01-03,45,0,164,0
2021-01-04,120,0,284,0
2021-01-05,156,0,440,0
2021-01-06,133,0,573,0
2021-01-07,193,0,766,0
2021-01-08,240,0,1006,0
2021-01-09,168,0,1174,0
2021-01-10,108,0,1282,0
2021-01-11,195,0,1477,0
2021-01-12,200,0,1677,0
2021-01-13,296,0,1973,0
2021-01-14,387,0,2360,0
2021-01-15,228,0,2588,0
2021-01-16,162,0,2750,0
2021-01-17,3046,0,5796,0
2021-01-18,5178,0,10974,0
2021-01-19,1866,0,12840,0
2021-01-20,4649,0,17489,0
2021-01-21,20001,0,37490,0
2021-01-22,14194,0,51684,0
2021-01-23,33351,0,85035,0
2021-01-24,30789,0,115824,0
2021-01-25,64764,0,180588,0
2021-01-26,76534,0,257122,0
2021-01-27,64871,0,321993,0
2021-01-28,89324,0,411317,0
2021-01-29,94070,0,505387,0
2021-01-30,84349,0,589736,0
2021-01-31,57337,0,647073,0
2021-02-01,81881,0,728954,0
2021-02-02,82151,0,811105,0
2021-02-03,91205,0,902310,0
2021-02-04,94509,0,996819,0
2021-02-05,90254,0,1087073,0
2021-02-06,63722,0,1150795,0
2021-02-07,32910,0,1183705,0
2021-02-08,40398,0,1224103,0
2021-02-09,32825,0,1256928,0
2021-02-10,28364,0,1285292,0
2021-02-11,20337,0,1305629,0
2021-02-12,16170,0,1321799,0
2021-02-13,7211,0,1329010,0
2021-02-14,2851,0,1331861,0
2021-02-15,6810,0,1338671,0
2021-02-16,6966,0,1345637,0
2021-02-17,10482,0,1356119,0
2021-02-18,9206,0,1365325,0
2021-02-19,8130,0,1373455,0
2021-02-20,5463,0,1378918,0
2021-02-21,2936,0,1381854,0
2021-02-22,6822,0,1388676,0
2021-02-23,7079,0,1395755,0
2021-02-24,9778,0,1405533,0
2021-02-25,14157,0,1419690,0
2021-02-26,17456,0,1437146,0
2021-02-27,13838,0,1450984,0
2021-02-28,9328,0,1460312,0
2021-03-01,26422,0,1486734,0
2021-03-02,33137,0,1519871,0
2021-03-03,44575,0,1564446,0
2021-03-04,50167,0,1614613,0
2021-03-05,55663,0,1670276,0
2021-03-06,41816,0,1712092,0
2021-03-07,22277,0,1734369,0
2021-03-08,50590,0,1784959,0
2021-03-09,52911,0,1837870,0
2021-03-10,58063,0,1895933,0
2021-03-11,63679,0,1959612,0
2021-03-12,64992,0,2024604,0
2021-03-13,51629,0,2076233,0
2021-03-14,35326,0,2111559,0
2021-03-15,73275,0,2184834,0
2021-03-16,73956,0,2258790,0
2021-03-17,83016,0,2341806,0
2021-03-18,81556,0,2423362,0
2021-03-19,80308,0,2503670,0
2021-03-20,64598,0,2568268,0
2021-03-21,47232,0,2615500,0
2021-03-22,69357,0,2684857,0
2021-03-23,75444,0,2760301,0
2021-03-24,90726,0,2851027,0
2021-03-25,89644,0,2940671,0
2021-03-26,83440,0,3024111,0
2021-03-27,71767,0,3095878,0
2021-03-28,44006,0,3139884,0
2021-03-29,70664,0,3210548,0
2021-03-30,81210,0,3291758,0
2021-03-31,95525,0,3387283,0
2021-04-01,94489,0,3481772,0
2021-04-02,83471,0,3565243,0
2021-04-03,64203,0,3629446,0
2021-04-04,21677,0,3651123,0
2021-04-05,40237,0,3691360,0
2021-04-06,81187,0,3772547,0
2021-04-07,95614,0,3868161,0
2021-04-08,94554,0,3962715,0
2021-04-09,87745,0,4050460,0
2021-04-10,73560,0,4124020,0
2021-04-11,44676,0,4168696,0
2021-04-12,66803,0,4235499,0
2021-04-13,72474,0,4307973,0
2021-04-14,85378,0,4393351,0
2021-04-15,104719,0,4498070,0
2021-04-16,106252,0,4604322,0
2021-04-17,90113,0,4694435,0
2021-04-18,58638,0,4753073,0
2021-04-19,93207,0,4846280,0
2021-04-20,102845,0,4949125,0
2021-04-21,124326,0,5073451,0
2021-04-22,142897,0,5216348,0
2021-04-23,137807,0,5354155,0
2021-04-24,123818,0,5477973,0
2021-04-25,61365,0,5539338,0
2021-04-26,97751,0,5637089,0
2021-04-27,128198,0,5765287,0
2021-04-28,155987,0,5921274,0
2021-04-29,195334,0,6116608,0
2021-04-30,213598,0,6330206,0
2021-05-01,174104,0,6504310,0
2021-05-02,135822,0,6640132,0
2021-05-03,141708,0,6781840,0
2021-05-04,158321,0,6940161,0
2021-05-05,170148,0,7110309,0
2021-05-06,197225,0,7307534,0
2021-05-07,213158,0,7520692,0
2021-05-08,212971,0,7733663,0
2021-05-09,143003,0,7876666,0
2021-05-10,164674,0,8041340,0
2021-05-11,174266,0,8215606,0
2021-05-12,178844,0,8394450,0
2021-05-13,202387,0,8596837,0
2021-05-14,222585,0,8819422,0
2021-05-15,209835,0,9029257,0
2021-05-16,159103,0,9188360,0
2021-05-17,218560,0,9406920,0
2021-05-18,212349,0,9619269,0
2021-05-19,206388,0,9825657,0
2021-05-20,270242,0,10095899,0
2021-05-21,269836,0,10365735,0
2021-05-22,244662,0,10610397,0
2021-05-23,197018,0,10807415,0
2021-05-24,228116,0,11035531,0
2021-05-25,245461,0,11280992,0
2021-05-26,277081,0,11558073,0
2021-05-27,310496,0,11868569,0
2021-05-28,298624,0,12167193,0
2021-05-29,230484,0,12397677,0
2021-05-30,170649,0,12568326,0
2021-05-31,215942,0,12784268,0
2021-06-01,207052,0,12991320,0
2021-06-02,115576,0,13106896,0
2021-06-03,179643,0,13286539,0
2021-06-04,183978,0,13470517,0
2021-06-05,185152,0,13655669,0
2021-06-06,139315,0,13794984,0
2021-06-07,161036,0,13956020,0
2021-06-08,170345,0,14126365,0
2021-06-09,170775,0,14297140,0
2021-06-10,173540,0,14470680,0
2021-06-11,168669,0,14639349,0
2021-06-12,127240,0,14766589,0
2021-06-13,90867,0,14857456,0
2021-06-14,214076,0,15071532,0
2021-06-15,227791,0,15299323,0
2021-06-16,252786,0,15552109,0
2021-06-17,301138,0,15853247,0
2021-06-18,305404,0,16158651,0
2021-06-19,274739,0,16433390,0
2021-06-20,220549,0,16653939,0
2021-06-21,287712,0,16941651,0
2021-06-22,295678,0,17237329,0
2021-06-23,302288,0,17539617,0
2021-06-24,332074,0,17871691,0
2021-06-25,347967,0,18219658,0
2021-06-26,299903,0,18519561,0
2021-06-27,228727,0,18748288,0
2021-06-28,306788,0,19055076,0
2021-06-29,328283,0,19383359,0
2021-06-30,341902,0,19725261,0
2021-07-01,362190,0,20087451,0
2021-07-02,367862,0,20455313,0
2021-07-03,371205,0,20826518,0
2021-07-04,283169,0,21109687,0
2021-07-05,384145,0,21493832,0
2021-07-06,384853,0,21878685,0
2021-07-07,411854,0,22290539,0
2021-07-08,479131,0,22769670,0
2021-07-09,497506,0,23267176,0
2021-07-10,475171,0,23742347,0
2021-07-11,357723,0,24100070,0
2021-07-12,485892,0,24585962,0
2021-07-13,491467,0,25077429,0
2021-07-14,480310,0,25557739,0
2021-07-15,523187,0,26080926,0
2021-07-16,509299,0,26590225,0
2021-07-17,464369,0,27054594,0
2021-07-18,364751,0,27419345,0
2021-07-19,463033,0,27882378,0
2021-07-20,457792,0,28340170,0
2021-07-21,462653,0,28802823,0
2021-07-22,475055,0,29277878,0
2021-07-23,440510,0,29718388,0
2021-07-24,386060,0,30104448,0
2021-07-25,287489,0,30391937,0
2021-07-26,430434,0,30822371,0
2021-07-27,439563,0,31261934,0
2021-07-28,390705,0,31652639,0
2021-07-29,371768,0,32024407,0
2021-07-30,340781,0,32365188,0
2021-07-31,286854,0,32652042,0
2021-08-01,190722,0,32842764,0
2021-08-02,333679,0,33176443,0
2021-08-03,322515,0,33498958,0
2021-08-04,310645,0,33809603,0
2021-08-05,292002,0,34101605,0
2021-08-06,259156,0,34360761,0
2021-08-07,198778,0,34559539,0
2021-08-08,153013,0,34712552,0
2021-08-09,233680,0,34946232,0
2021-08-10,204548,0,35150780,0
2021-08-11,193324,0,35344104,0
2021-08-12,167626,0,35511730,0
2021-08-13,148091,0,35659821,0
2021-08-14,65920,0,35725741,0
2021-08-15,26270,0,35752011,0
2021-08-16,114481,0,35866492,0
2021-08-17,128883,0,35995375,0
2021-08-18,128463,0,36123838,0
2021-08-19,124333,0,36248171,0
2021-08-20,123330,0,36371501,0
2021-08-21,82949,0,36454450,0
2021-08-22,68041,0,36522491,0
2021-08-23,176107,0,36698598,0
2021-08-24,156253,0,36854851,0
2021-08-25,176817,0,37031668,0
2021-08-26,172072,0,37203740,0
2021-08-27,185659,0,37389399,0
2021-08-28,139974,0,37529373,0
2021-08-29,98860,0,37628233,0
2021-08-30,209286,0,37837519,0
2021-08-31,194296,0,38031815,0
2021-09-01,191984,0,38223799,0
2021-09-02,189480,0,38413279,0
2021-09-03,190785,0,38604064,0
2021-09-04,131296,0,38735360,0
2021-09-05,87800,0,38823160,0
2021-09-06,193295,0,39016455,0
2021-09-07,195547,0,39212002,0
2021-09-08,187530,0,39399532,0
2021-09-09,201094,0,39600626,0
2021-09-10,197682,0,39798308,0
2021-09-11,141100,0,39939408,0
2021-09-12,89421,0,40028829,0
2021-09-13,190937,336,40219766,336
2021-09-14,177102,418,40396868,754
2021-09-15,162901,451,40559769,1205
2021-09-16,159569,784,40719338,1989
2021-09-17,149736,998,40869074,2987
2021-09-18,127743,653,40996817,3640
2021-09-19,80921,440,41077738,4080
2021-09-20,179359,8951,41257097,13031
2021-09-21,166185,8718,41423282,21749
2021-09-22,158488,9353,41581770,31102
2021-09-23,137355,9219,41719125,40321
2021-09-24,139749,8845,41858874,49166
2021-09-25,119221,5553,41978095,54719
2021-09-26,71718,4293,42049813,59012
2021-09-27,135140,9956,42184953,68968
2021-09-28,116879,11281,42301832,80249
2021-09-29,111876,11752,42413708,92001
2021-09-30,109786,14826,42523494,106827
2021-10-01,94429,18967,42617923,125794
2021-10-02,78148,13980,42696071,139774
2021-10-03,47481,7624,42743552,147398
2021-10-04,87928,34340,42831480,181738
2021-10-05,79963,33864,42911443,215602
2021-10-06,71462,34036,42982905,249638
2021-10-07,71361,34243,43054266,283881
2021-10-08,80166,33363,43134432,317244
2021-10-09,75733,22100,43210165,339344
2021-10-10,45582,13588,43255747,352932
2021-10-11,87020,40982,43342767,393914
2021-10-12,84095,46771,43426862,440685
2021-10-13,87759,51959,43514621,492644
2021-10-14,90876,58335,43605497,550979
2021-10-15,92942,55248,43698439,606227
2021-10-16,82575,36689,43781014,642916
2021-10-17,51197,23771,43832211,666687
2021-10-18,89878,59138,43922089,725825
2021-10-19,78013,69102,44000102,794927
2021-10-20,74765,77796,44074867,872723
2021-10-21,77953,81441,44152820,954164
2021-10-22,73509,76508,44226329,1030672
2021-10-23,60653,51837,44286982,1082509
2021-10-24,33269,23395,44320251,1105904
2021-10-25,64668,81464,44384919,1187368
2021-10-26,58100,91420,44443019,1278788
2021-10-27,58015,103578,44501034,1382366
2021-10-28,61192,113530,44562226,1495896
2021-10-29,61406,102516,44623632,1598412
2021-10-30,50525,67959,44674157,1666371
2021-10-31,25094,28229,44699251,1694600
2021-11-01,19002,28107,44718253,1722707
2021-11-02,62514,89037,44780767,1811744
2021-11-03,60448,118154,44841215,1929898
2021-11-04,58935,126210,44900150,2056108
2021-11-05,62771,134619,44962921,2190727
2021-11-06,46302,90769,45009223,2281496
2021-11-07,22186,37816,45031409,2319312
2021-11-08,51113,130694,45082522,2450006
2021-11-09,45161,143520,45127683,2593526
2021-11-10,42413,155599,45170096,2749125
2021-11-11,44685,154335,45214781,2903460
2021-11-12,46034,157853,45260815,3061313
2021-11-13,32980,116279,45293795,3177592
2021-11-14,14415,52372,45308210,3229964
2021-11-15,36615,156643,45344825,3386607
2021-11-16,30298,170745,45375123,3557352
2021-11-17,28190,177854,45403313,3735206
2021-11-18,30040,193315,45433353,3928521
2021-11-19,28509,204928,45461862,4133449
2021-11-20,20826,155980,45482688,4289429
2021-11-21,10504,64685,45493192,4354114
2021-11-22,21643,212045,45514835,4566159
2021-11-23,23275,240844,45538110,4807003
2021-11-24,27481,269960,45565591,5076963
2021-11-25,22799,300820,45588390,5377783
2021-11-26,24108,317180,45612498,5694963
2021-11-27,21010,265567,45633508,5960530
2021-11-28,9719,136788,45643227,6097318
2021-11-29,21730,324877,45664957,6422195
2021-11-30,22469,364453,45687426,6786648
2021-12-01,20842,411915,45708268,7198563
2021-12-02,22954,438830,45731222,7637393
2021-12-03,24348,465467,45755570,8102860
2021-12-04,21564,418114,45777134,8520974
2021-12-05,11341,261067,45788475,8782041
2021-12-06,24566,455958,45813041,9237999
2021-12-07,22880,478359,45835921,9716358
2021-12-08,9310,249401,45845231,9965759
2021-12-09,30002,490146,45875233,10455905
2021-12-10,26505,515813,45901738,10971718
2021-12-11,22197,458689,45923935,11430407
2021-12-12,11422,293129,45935357,11723536
2021-12-13,24543,466035,45959900,12189571
2021-12-14,23498,492774,45983398,12682345
2021-12-15,23675,515249,46007073,13197594
2021-12-16,25797,518468,46032870,13716062
2021-12-17,27469,515068,46060339,14231130
2021-12-18,25014,467982,46085353,14699112
2021-12-19,13654,300080,46099007,14999192
2021-12-20,28558,475561,46127565,15474753
2021-12-21,28284,491503,46155849,15966256
2021-12-22,27142,483194,46182991,16449450
2021-12-23,25931,425581,46208922,16875031
2021-12-24,12273,210276,46221195,17085307
2021-12-25,2031,32989,46223226,17118296
2021-12-26,7792,158913,46231018,17277209
2021-12-27,43445,503224,46274463,17780433
2021-12-28,38325,552527,46312788,18332960
2021-12-29,30163,548975,46342951,18881935
2021-12-30,27901,498150,46370852,19380085
2021-12-31,12272,246649,46383124,19626734
2022-01-01,3103,64709,46386227,19691443
2022-01-02,19555,276386,46405782,19967829
2022-01-03,42823,519413,46448605,20487242
2022-01-04,40922,571018,46489527,21058260
2022-01-05,35380,559623,46524907,21617883
2022-01-06,20444,274015,46545351,21891898
2022-01-07,58377,553627,46603728,22445525
2022-01-08,55244,502363,46658972,22947888
2022-01-09,38528,319240,46697500,23267128
2022-01-10,56708,540272,46754208,23807400
2022-01-11,56967,584964,46811175,24392364
2022-01-12,53688,578631,46864863,24970995
2022-01-13,54117,577729,46918980,25548724
2022-01-14,42477,585668,46961457,26134392
2022-01-15,34092,565812,46995549,26700204
2022-01-16,27713,339703,47023262,27039907
2022-01-17,51729,487283,47074991,27527190
2022-01-18,55414,513610,47130405,28040800
2022-01-19,54182,498124,47184587,28538924
2022-01-20,51381,492666,47235968,29031590
2022-01-21,39030,484830,47274998,29516420
2022-01-22,27342,448490,47302340,29964910
2022-01-23,23021,162141,47325361,30127051