data_somministrazione,vaccinazioni,booster,cum_vaccinazioni,cum_booster
2020-12-27,20,0,20,0
2020-12-28,2,0,22,0
2020-12-29,1,0,23,0
2020-12-30,6,0,29,0
2020-12-31,69,0,98,0
2021-01-01,22,0,120,0
2021-01-02,108,0,228,0
2021-01-03,81,0,309,0
2021-01-04,203,0,512,0
2021-01-05,239,0,751,0
2021-01-06,201,0,952,0
2021-01-07,294,0,1246,0
2021-01-08,337,0,1583,0
2021-01-09,249,0,1832,0
2021-01-10,146,0,1978,0
2021-01-11,271,0,2249,0
2021-01-12,265,0,2514,0
2021-01-13,390,0,2904,0
2021-01-14,476,0,3380,0
2021-01-15,299,0,3679,0
2021-01-16,207,0,3886,0
2021-01-17,3058,0,6944,0
2021-01-18,5209,0,12153,0
2021-01-19,1892,0,14045,0
2021-01-20,4654,0,18699,0
2021-01-21,19996,0,38695,0
2021-01-22,14200,0,52895,0
2021-01-23,33330,0,86225,0
2021-01-24,30786,0,117011,0
2021-01-25,64724,0,181735,0
2021-01-26,76497,0,258232,0
2021-01-27,64834,0,323066,0
2021-01-28,89285,0,412351,0
2021-01-29,94020,0,506371,0
2021-01-30,86565,0,592936,0
2021-01-31,57333,0,650269,0
2021-02-01,81866,0,732135,0
2021-02-02,82145,0,814280,0
2021-02-03,91189,0,905469,0
2021-02-04,95397,0,1000866,0
2021-02-05,90275,0,1091141,0
2021-02-06,63448,0,1154589,0
2021-02-07,32928,0,1187517,0
2021-02-08,40430,0,1227947,0
2021-02-09,32864,0,1260811,0
2021-02-10,28421,0,1289232,0
2021-02-11,20393,0,1309625,0
2021-02-12,16230,0,1325855,0
2021-02-13,7255,0,1333110,0
2021-02-14,2861,0,1335971,0
2021-02-15,6838,0,1342809,0
2021-02-16,6994,0,1349803,0
2021-02-17,10520,0,1360323,0
2021-02-18,9248,0,1369571,0
2021-02-19,8242,0,1377813,0
2021-02-20,5548,0,1383361,0
2021-02-21,2989,0,1386350,0
2021-02-22,6882,0,1393232,0
2021-02-23,7165,0,1400397,0
2021-02-24,9825,0,1410222,0
2021-02-25,14204,0,1424426,0
2021-02-26,17555,0,1441981,0
2021-02-27,13905,0,1455886,0
2021-02-28,9384,0,1465270,0
2021-03-01,26506,0,1491776,0
2021-03-02,33238,0,1525014,0
2021-03-03,44639,0,1569653,0
2021-03-04,50287,0,1619940,0
2021-03-05,55734,0,1675674,0
2021-03-06,41877,0,1717551,0
2021-03-07,22324,0,1739875,0
2021-03-08,50796,0,1790671,0
2021-03-09,53063,0,1843734,0
2021-03-10,58630,0,1902364,0
2021-03-11,63843,0,1966207,0
2021-03-12,65100,0,2031307,0
2021-03-13,51708,0,2083015,0
2021-03-14,35387,0,2118402,0
2021-03-15,73429,0,2191831,0
2021-03-16,74023,0,2265854,0
2021-03-17,83130,0,2348984,0
2021-03-18,81623,0,2430607,0
2021-03-19,81078,0,2511685,0
2021-03-20,64713,0,2576398,0
2021-03-21,47289,0,2623687,0
2021-03-22,69472,0,2693159,0
2021-03-23,75782,0,2768941,0
2021-03-24,90895,0,2859836,0
2021-03-25,89788,0,2949624,0
2021-03-26,83606,0,3033230,0
2021-03-27,71927,0,3105157,0
2021-03-28,44133,0,3149290,0
2021-03-29,70811,0,3220101,0
2021-03-30,81368,0,3301469,0
2021-03-31,96219,0,3397688,0
2021-04-01,95296,0,3492984,0
2021-04-02,84065,0,3577049,0
2021-04-03,64295,0,3641344,0
2021-04-04,21717,0,3663061,0
2021-04-05,40299,0,3703360,0
2021-04-06,81306,0,3784666,0
2021-04-07,95816,0,3880482,0
2021-04-08,95225,0,3975707,0
2021-04-09,88485,0,4064192,0
2021-04-10,74030,0,4138222,0
2021-04-11,44756,0,4182978,0
2021-04-12,66908,0,4249886,0
2021-04-13,72565,0,4322451,0
2021-04-14,85524,0,4407975,0
2021-04-15,105405,0,4513380,0
2021-04-16,106412,0,4619792,0
2021-04-17,90495,0,4710287,0
2021-04-18,58581,0,4768868,0
2021-04-19,93423,0,4862291,0
2021-04-20,103758,0,4966049,0
2021-04-21,125332,0,5091381,0
2021-04-22,143500,0,5234881,0
2021-04-23,138721,0,5373602,0
2021-04-24,124437,0,5498039,0
2021-04-25,61452,0,5559491,0
2021-04-26,97879,0,5657370,0
2021-04-27,128354,0,5785724,0
2021-04-28,156351,0,5942075,0
2021-04-29,195581,0,6137656,0
2021-04-30,214554,0,6352210,0
2021-05-01,174091,0,6526301,0
2021-05-02,135797,0,6662098,0
2021-05-03,142006,0,6804104,0
2021-05-04,158680,0,6962784,0
2021-05-05,170473,0,7133257,0
2021-05-06,197789,0,7331046,0
2021-05-07,213815,0,7544861,0
2021-05-08,213388,0,7758249,0
2021-05-09,143195,0,7901444,0
2021-05-10,165083,0,8066527,0
2021-05-11,174965,0,8241492,0
2021-05-12,179164,0,8420656,0
2021-05-13,203367,0,8624023,0
2021-05-14,222892,0,8846915,0
2021-05-15,210344,0,9057259,0
2021-05-16,159267,0,9216526,0
2021-05-17,219179,0,9435705,0
2021-05-18,213002,0,9648707,0
2021-05-19,207064,0,9855771,0
2021-05-20,270836,0,10126607,0
2021-05-21,270863,0,10397470,0
2021-05-22,245515,0,10642985,0
2021-05-23,197171,0,10840156,0
2021-05-24,228296,0,11068452,0
2021-05-25,245688,0,11314140,0
2021-05-26,277478,0,11591618,0
2021-05-27,311074,0,11902692,0
2021-05-28,299563,0,12202255,0
2021-05-29,231203,0,12433458,0
2021-05-30,170828,0,12604286,0
2021-05-31,216411,0,12820697,0
2021-06-01,207624,0,13028321,0
2021-06-02,115777,0,13144098,0
2021-06-03,180118,0,13324216,0
2021-06-04,184859,0,13509075,0
2021-06-05,185940,0,13695015,0
2021-06-06,139523,0,13834538,0
2021-06-07,161849,0,13996387,0
2021-06-08,171176,0,14167563,0
2021-06-09,171442,0,14339005,0
2021-06-10,174053,0,14513058,0
2021-06-11,169945,0,14683003,0
2021-06-12,128314,0,14811317,0
2021-06-13,91149,0,14902466,0
2021-06-14,214652,0,15117118,0
2021-06-15,228393,0,15345511,0
2021-06-16,253042,0,15598553,0
2021-06-17,301707,0,15900260,0
2021-06-18,306268,0,16206528,0
2021-06-19,275062,0,16481590,0
2021-06-20,220733,0,16702323,0
2021-06-21,288050,0,16990373,0
2021-06-22,296186,0,17286559,0
2021-06-23,302661,0,17589220,0
2021-06-24,332560,0,17921780,0
2021-06-25,348687,0,18270467,0
2021-06-26,300086,0,18570553,0
2021-06-27,228620,0,18799173,0
2021-06-28,307048,0,19106221,0
2021-06-29,329244,0,19435465,0
2021-06-30,342111,0,19777576,0
2021-07-01,363165,0,20140741,0
2021-07-02,368431,0,20509172,0
2021-07-03,371067,0,20880239,0
2021-07-04,283196,0,21163435,0
2021-07-05,384507,0,21547942,0
2021-07-06,385430,0,21933372,0
2021-07-07,412069,0,22345441,0
2021-07-08,479609,0,22825050,0
2021-07-09,498475,0,23323525,0
2021-07-10,475174,0,23798699,0
2021-07-11,357691,0,24156390,0
2021-07-12,485891,0,24642281,0
2021-07-13,492136,0,25134417,0
2021-07-14,480470,0,25614887,0
2021-07-15,523471,0,26138358,0
2021-07-16,509772,0,26648130,0
2021-07-17,464354,0,27112484,0
2021-07-18,364684,0,27477168,0
2021-07-19,463066,0,27940234,0
2021-07-20,458078,0,28398312,0
2021-07-21,462803,0,28861115,0
2021-07-22,475394,0,29336509,0
2021-07-23,441295,0,29777804,0
2021-07-24,386178,0,30163982,0
2021-07-25,287579,0,30451561,0
2021-07-26,430874,0,30882435,0
2021-07-27,440119,0,31322554,0
2021-07-28,391005,0,31713559,0
2021-07-29,372075,0,32085634,0
2021-07-30,341511,0,32427145,0
2021-07-31,287022,0,32714167,0
2021-08-01,191014,0,32905181,0
2021-08-02,333726,0,33238907,0
2021-08-03,323184,0,33562091,0
2021-08-04,310967,0,33873058,0
2021-08-05,292503,0,34165561,0
2021-08-06,260003,0,34425564,0
2021-08-07,199049,0,34624613,0
2021-08-08,153104,0,34777717,0
2021-08-09,234071,0,35011788,0
2021-08-10,205243,0,35217031,0
2021-08-11,193756,0,35410787,0
2021-08-12,167992,0,35578779,0
2021-08-13,148601,0,35727380,0
2021-08-14,66089,0,35793469,0
2021-08-15,26336,0,35819805,0
2021-08-16,114682,0,35934487,0
2021-08-17,129239,0,36063726,0
2021-08-18,128741,0,36192467,0
2021-08-19,124796,0,36317263,0
2021-08-20,123794,0,36441057,0
2021-08-21,83121,0,36524178,0
2021-08-22,68167,0,36592345,0
2021-08-23,176870,0,36769215,0
2021-08-24,156904,0,36926119,0
2021-08-25,177167,0,37103286,0
2021-08-26,172344,0,37275630,0
2021-08-27,185837,0,37461467,0
2021-08-28,140268,0,37601735,0
2021-08-29,98996,0,37700731,0
2021-08-30,209625,0,37910356,0
2021-08-31,194633,0,38104989,0
2021-09-01,192213,0,38297202,0
2021-09-02,189937,0,38487139,0
2021-09-03,191331,0,38678470,0
2021-09-04,131474,0,38809944,0
2021-09-05,87867,0,38897811,0
2021-09-06,193646,0,39091457,0
2021-09-07,196050,0,39287507,0
2021-09-08,187901,0,39475408,0
2021-09-09,201462,0,39676870,0
2021-09-10,198100,0,39874970,0
2021-09-11,141321,0,40016291,0
2021-09-12,89600,0,40105891,0
2021-09-13,191159,560,40297050,560
2021-09-14,177257,578,40474307,1138
2021-09-15,163113,589,40637420,1727
2021-09-16,160091,931,40797511,2658
2021-09-17,150176,1115,40947687,3773
2021-09-18,127976,742,41075663,4515
2021-09-19,81130,497,41156793,5012
2021-09-20,180076,9076,41336869,14088
2021-09-21,166639,8832,41503508,22920
2021-09-22,159082,9440,41662590,32360
2021-09-23,138084,9325,41800674,41685
2021-09-24,140537,8960,41941211,50645
2021-09-25,119556,5639,42060767,56284
2021-09-26,71961,4341,42132728,60625
2021-09-27,135644,10048,42268372,70673
2021-09-28,117496,11387,42385868,82060
2021-09-29,112337,11827,42498205,93887
2021-09-30,110231,14953,42608436,108840
2021-10-01,94977,19109,42703413,127949
2021-10-02,78489,14016,42781902,141965
2021-10-03,47740,7657,42829642,149622
2021-10-04,88377,34446,42918019,184068
2021-10-05,80367,33971,42998386,218039
2021-10-06,71985,34163,43070371,252202
2021-10-07,71855,34349,43142226,286551
2021-10-08,80626,33589,43222852,320140
2021-10-09,76103,22170,43298955,342310
2021-10-10,45774,13618,43344729,355928
2021-10-11,87418,41107,43432147,397035
2021-10-12,84492,46902,43516639,443937
2021-10-13,88192,52116,43604831,496053
2021-10-14,91530,58512,43696361,554565
2021-10-15,93597,55629,43789958,610194
2021-10-16,82965,36783,43872923,646977
2021-10-17,51466,23827,43924389,670804
2021-10-18,90300,59482,44014689,730286
2021-10-19,78344,69373,44093033,799659
2021-10-20,75074,78165,44168107,877824
2021-10-21,78297,81754,44246404,959578
2021-10-22,73787,77023,44320191,1036601
2021-10-23,60818,51956,44381009,1088557
2021-10-24,33377,23457,44414386,1112014
2021-10-25,64907,81622,44479293,1193636
2021-10-26,58375,91779,44537668,1285415
2021-10-27,58328,103972,44595996,1389387
2021-10-28,61464,114102,44657460,1503489
2021-10-29,61655,103115,44719115,1606604
2021-10-30,50671,68117,44769786,1674721
2021-10-31,25162,28291,44794948,1703012
2021-11-01,19047,28147,44813995,1731159
2021-11-02,62761,89374,44876756,1820533
2021-11-03,60734,118654,44937490,1939187
2021-11-04,59242,126664,44996732,2065851
2021-11-05,63094,135172,45059826,2201023
2021-11-06,46474,90926,45106300,2291949
2021-11-07,22251,37895,45128551,2329844
2021-11-08,51528,131264,45180079,2461108
2021-11-09,45402,144199,45225481,2605307
2021-11-10,42583,156343,45268064,2761650
2021-11-11,44933,155132,45312997,2916782
2021-11-12,46370,158576,45359367,3075358
2021-11-13,33253,116650,45392620,3192008
2021-11-14,14483,52444,45407103,3244452
2021-11-15,36894,157425,45443997,3401877
2021-11-16,30549,171375,45474546,3573252
2021-11-17,28451,178434,45502997,3751686
2021-11-18,30283,193716,45533280,3945402
2021-11-19,28800,205851,45562080,4151253
2021-11-20,20992,156437,45583072,4307690
2021-11-21,10609,64858,45593681,4372548
2021-11-22,21934,213139,45615615,4585687
2021-11-23,23572,241743,45639187,4827430
2021-11-24,27841,270946,45667028,5098376
2021-11-25,23232,301904,45690260,5400280
2021-11-26,24585,318264,45714845,5718544
2021-11-27,21381,266149,45736226,5984693
2021-11-28,9897,137057,45746123,6121750
2021-11-29,22324,326063,45768447,6447813
2021-11-30,23087,365822,45791534,6813635
2021-12-01,21521,413498,45813055,7227133
2021-12-02,23762,440375,45836817,7667508
2021-12-03,25252,467457,45862069,8134965
2021-12-04,22360,418731,45884429,8553696
2021-12-05,11923,261328,45896352,8815024
2021-12-06,25820,457564,45922172,9272588
2021-12-07,24128,480250,45946300,9752838
2021-12-08,10002,249684,45956302,10002522
2021-12-09,31576,491908,45987878,10494430
2021-12-10,28063,517863,46015941,11012293
2021-12-11,23560,459241,46039501,11471534
2021-12-12,12304,293492,46051805,11765026
2021-12-13,26149,467617,46077954,12232643
2021-12-14,25169,494187,46103123,12726830
2021-12-15,25331,517128,46128454,13243958
2021-12-16,27879,520235,46156333,13764193
2021-12-17,29357,517158,46185690,14281351
2021-12-18,27049,468713,46212739,14750064
2021-12-19,15138,300514,46227877,15050578
2021-12-20,30616,477479,46258493,15528057
2021-12-21,30362,493376,46288855,16021433
2021-12-22,29435,484701,46318290,16506134
2021-12-23,28236,426891,46346526,16933025
2021-12-24,13112,210822,46359638,17143847
2021-12-25,2101,33053,46361739,17176900
2021-12-26,8758,159066,46370497,17335966
2021-12-27,46779,504651,46417276,17840617
2021-12-28,42439,554205,46459715,18394822
2021-12-29,34338,550631,46494053,18945453
2021-12-30,31820,499818,46525873,19445271
2021-12-31,14113,247389,46539986,19692660
2022-01-01,3494,64814,46543480,19757474
2022-01-02,22754,276718,46566234,20034192
2022-01-03,47837,520004,46614071,20554196
2022-01-04,46337,572076,46660408,21126272
2022-01-05,40720,560393,46701128,21686665
2022-01-06,23469,274481,46724597,21961146
2022-01-07,63673,554179,46788270,22515325
2022-01-08,60821,503373,46849091,23018698
2022-01-09,42812,319682,46891903,23338380
2022-01-10,61046,542279,46952949,23880659
2022-01-11,61683,586979,47014632,24467638
2022-01-12,58406,581272,47073038,25048910
2022-01-13,58577,580371,47131615,25629281
2022-01-14,46746,588557,47178361,26217838
2022-01-15,39356,569931,47217717,26787769
2022-01-16,31170,341847,47248887,27129616
2022-01-17,54747,489647,47303634,27619263
2022-01-18,58361,517007,47361995,28136270
2022-01-19,57163,502775,47419158,28639045
2022-01-20,54310,498813,47473468,29137858
2022-01-21,42055,493861,47515523,29631719
2022-01-22,31148,469589,47546671,30101308
2022-01-23,34913,275358,47581584,30376666
2022-01-24,56155,437204,47637739,30813870
2022-01-25,61530,452090,47699269,31265960
2022-01-26,58518,435818,47757787,31701778
2022-01-27,48809,432351,47806596,32134129
2022-01-28,58670,436528,47865266,32570657
2022-01-29,68105,412481,47933371,32983138
2022-01-30,50358,235962,47983729,33219100
2022-01-31,60603,356920,48044332,33576020
2022-02-01,65528,328433,48109860,33904453
2022-02-02,63174,296966,48173034,34201419
2022-02-03,60047,274512,48233081,34475931
2022-02-04,72366,268449,48305447,34744380
2022-02-05,83745,248528,48389192,34992908
2022-02-06,55273,116199,48444465,35109107
2022-02-07,65120,199933,48509585,35309040
2022-02-08,66916,186105,48576501,35495145
2022-02-09,58748,166333,48635249,35661478
2022-02-10,58548,163232,48693797,35824710
2022-02-11,62227,162454,48756024,35987164
2022-02-12,71959,152133,48827983,36139297
2022-02-13,41467,68846,48869450,36208143
2022-02-14,46676,116187,48916126,36324330
2022-02-15,48516,123477,48964642,36447807
2022-02-16,45667,106114,49010309,36553921
2022-02-17,42850,98103,49053159,36652024
2022-02-18,46607,112568,49099766,36764592
2022-02-19,52518,100325,49152284,36864917
2022-02-20,31409,40357,49183693,36905274
2022-02-21,37885,89641,49221578,36994915
2022-02-22,37213,83770,49258791,37078685
2022-02-23,33381,79403,49292172,37158088
2022-02-24,32551,78157,49324723,37236245
2022-02-25,34751,90707,49359474,37326952
2022-02-26,39151,89131,49398625,37416083
2022-02-27,22540,35855,49421165,37451938
2022-02-28,28471,81683,49449636,37533621
2022-03-01,22710,53937,49472346,37587558
2022-03-02,21991,50625,49494337,37638183
2022-03-03,22604,54940,49516941,37693123
2022-03-04,23215,62792,49540156,37755915
2022-03-05,23787,57950,49563943,37813865
2022-03-06,9470,17200,49573413,37831065
2022-03-07,15902,51386,49589315,37882451
2022-03-08,15466,48793,49604781,37931244
2022-03-09,13807,46513,49618588,37977757
2022-03-10,14040,52115,49632628,38029872
2022-03-11,15571,57253,49648199,38087125
2022-03-12,15491,56614,49663690,38143739
2022-03-13,5542,16849,49669232,38160588
2022-03-14,10518,46692,49679750,38207280
2022-03-15,10535,46888,49690285,38254168
2022-03-16,9473,41975,49699758,38296143
2022-03-17,9705,44874,49709463,38341017
2022-03-18,10152,49052,49719615,38390069
2022-03-19,9146,46529,49728761,38436598
2022-03-20,2607,11700,49731368,38448298
2022-03-21,7575,40221,49738943,38488519
2022-03-22,8444,37752,49747387,38526271
2022-03-23,7209,33699,49754596,38559970
2022-03-24,8251,38797,49762847,38598767
2022-03-25,8130,43659,49770977,38642426
2022-03-26,8120,41720,49779097,38684146
2022-03-27,2429,9681,49781526,38693827
2022-03-28,6102,35231,49787628,38729058
2022-03-29,5773,32525,49793401,38761583
2022-03-30,5557,30195,49798958,38791778
2022-03-31,5887,33176,49804845,38824954
2022-04-01,4342,25187,49809187,38850141
2022-04-02,4489,23273,49813676,38873414
2022-04-03,1049,4499,49814725,38877913
2022-04-04,3654,21532,49818379,38899445
2022-04-05,3750,22924,49822129,38922369
2022-04-06,4098,21846,49826227,38944215
2022-04-07,3960,23320,49830187,38967535
2022-04-08,4688,26708,49834875,38994243
2022-04-09,4377,23884,49839252,39018127
2022-04-10,892,4614,49840144,39022741
2022-04-11,3811,22684,49843955,39045425
2022-04-12,3356,21779,49847311,39067204
2022-04-13,3560,21332,49850871,39088536
2022-04-14,3482,23775,49854353,39112311
2022-04-15,3079,20618,49857432,39132929
2022-04-16,2148,11919,49859580,39144848
2022-04-17,63,348,49859643,39145196
2022-04-18,149,650,49859792,39145846
2022-04-19,3491,21978,49863283,39167824
2022-04-20,3502,20248,49866785,39188072
2022-04-21,2840,19781,49869625,39207853
2022-04-22,2921,20696,49872546,39228549
2022-04-23,2636,16212,49875182,39244761
2022-04-24,509,2335,49875691,39247096
2022-04-25,183,1165,49875874,39248261
2022-04-26,2760,17791,49878634,39266052
2022-04-27,2368,15785,49881002,39281837
2022-04-28,2355,15553,49883357,39297390
2022-04-29,2292,14835,49885649,39312225
2022-04-30,2121,11576,49887770,39323801
2022-05-01,113,530,49887883,39324331
2022-05-02,1447,9385,49889330,39333716
2022-05-03,1573,10310,49890903,39344026
2022-05-04,1746,10257,49892649,39354283
2022-05-05,1650,10273,49894299,39364556
2022-05-06,1698,10945,49895997,39375501
2022-05-07,1431,8562,49897428,39384063
2022-05-08,404,1514,49897832,39385577
2022-05-09,1024,8917,49898856,39394494
2022-05-10,1422,9538,49900278,39404032
2022-05-11,1481,10087,49901759,39414119
2022-05-12,1368,10118,49903127,39424237
2022-05-13,1587,10510,49904714,39434747
2022-05-14,1357,8227,49906071,39442974
2022-05-15,336,1129,49906407,39444103
2022-05-16,812,8388,49907219,39452491
2022-05-17,1242,8673,49908461,39461164
2022-05-18,1369,9216,49909830,39470380
2022-05-19,1498,9269,49911328,39479649
2022-05-20,1419,9495,49912747,39489144
2022-05-21,1299,7892,49914046,39497036
2022-05-22,231,1012,49914277,39498048
2022-05-23,826,8261,49915103,39506309
2022-05-24,1070,8666,49916173,39514975
2022-05-25,1366,9445,49917539,39524420
2022-05-26,1193,9455,49918732,39533875
2022-05-27,1225,9911,49919957,39543786
2022-05-28,1202,7873,49921159,39551659
2022-05-29,285,1264,49921444,39552923
2022-05-30,930,8026,49922374,39560949
2022-05-31,1033,8531,49923407,39569480
2022-06-01,891,7644,49924298,39577124
2022-06-02,35,474,49924333,39577598
2022-06-03,814,7328,49925147,39584926
2022-06-04,870,5155,49926017,39590081
2022-06-05,89,586,49926106,39590667
2022-06-06,672,6984,49926778,39597651
2022-06-07,931,7842,49927709,39605493
2022-06-08,982,7900,49928691,39613393
2022-06-09,1034,8400,49929725,39621793
2022-06-10,957,8550,49930682,39630343
2022-06-11,900,6206,49931582,39636549
2022-06-12,140,767,49931722,39637316
2022-06-13,603,6295,49932325,39643611
2022-06-14,826,7881,49933151,39651492
2022-06-15,953,7843,49934104,39659335
2022-06-16,728,7389,49934832,39666724
2022-06-17,720,7239,49935552,39673963
2022-06-18,777,5588,49936329,39679551
2022-06-19,47,522,49936376,39680073
2022-06-20,588,6694,49936964,39686767
2022-06-21,733,7646,49937697,39694413
2022-06-22,780,7305,49938477,39701718
2022-06-23,649,7459,49939126,39709177
2022-06-24,642,7473,49939768,39716650
2022-06-25,835,6532,49940603,39723182
2022-06-26,128,523,49940731,39723705
2022-06-27,532,7120,49941263,39730825
2022-06-28,745,8209,49942008,39739034
2022-06-29,754,7719,49942762,39746753
2022-06-30,744,8132,49943506,39754885
2022-07-01,576,6437,49944082,39761322
2022-07-02,536,4765,49944618,39766087
2022-07-03,49,456,49944667,39766543
2022-07-04,470,6273,49945137,39772816
2022-07-05,627,8112,49945764,39780928
2022-07-06,629,7606,49946393,39788534
2022-07-07,567,8256,49946960,39796790
2022-07-08,670,8078,49947630,39804868
2022-07-09,549,6103,49948179,39810971
2022-07-10,58,533,49948237,39811504
2022-07-11,487,7638,49948724,39819142
2022-07-12,663,9003,49949387,39828145
2022-07-13,638,10058,49950025,39838203
2022-07-14,636,10223,49950661,39848426
2022-07-15,623,10664,49951284,39859090
2022-07-16,521,7208,49951805,39866298
2022-07-17,48,769,49951853,39867067
2022-07-18,497,9348,49952350,39876415
2022-07-19,574,10649,49952924,39887064
2022-07-20,576,11257,49953500,39898321
2022-07-21,625,12035,49954125,39910356
2022-07-22,581,11225,49954706,39921581
2022-07-23,379,6740,49955085,39928321
2022-07-24,76,834,49955161,39929155
2022-07-25,501,9031,49955662,39938186
2022-07-26,519,9724,49956181,39947910
2022-07-27,546,10152,49956727,39958062
2022-07-28,527,10478,49957254,39968540
2022-07-29,511,9421,49957765,39977961
2022-07-30,380,5851,49958145,39983812
2022-07-31,49,745,49958194,39984557
2022-08-01,386,6823,49958580,39991380
2022-08-02,539,7515,49959119,39998895
2022-08-03,509,7141,49959628,40006036
2022-08-04,451,7422,49960079,40013458
2022-08-05,415,6481,49960494,40019939
2022-08-06,297,3580,49960791,40023519
2022-08-07,44,551,49960835,40024070
2022-08-08,396,4873,49961231,40028943
2022-08-09,382,5267,49961613,40034210
2022-08-10,374,4783,49961987,40038993
2022-08-11,364,4756,49962351,40043749
2022-08-12,287,3700,49962638,40047449
2022-08-13,143,1595,49962781,40049044
2022-08-14,9,128,49962790,40049172
2022-08-15,1,26,49962791,40049198
2022-08-16,281,3023,49963072,40052221
2022-08-17,351,3513,49963423,40055734
2022-08-18,385,4142,49963808,40059876
2022-08-19,338,3305,49964146,40063181
2022-08-20,182,1711,49964328,40064892
2022-08-21,24,146,49964352,40065038
2022-08-22,326,2929,49964678,40067967
2022-08-23,371,3645,49965049,40071612
2022-08-24,381,3332,49965430,40074944
2022-08-25,417,3706,49965847,40078650
2022-08-26,393,3541,49966240,40082191
2022-08-27,234,1767,49966474,40083958
2022-08-28,29,260,49966503,40084218
2022-08-29,353,3133,49966856,40087351
2022-08-30,399,3635,49967255,40090986
2022-08-31,430,3696,49967685,40094682
2022-09-01,351,3059,49968036,40097741
2022-09-02,289,2862,49968325,40100603
2022-09-03,197,1683,49968522,40102286
2022-09-04,22,147,49968544,40102433
2022-09-05,185,2619,49968729,40105052
2022-09-06,299,2943,49969028,40107995
2022-09-07,535,2887,49969563,40110882
2022-09-08,281,2920,49969844,40113802
2022-09-09,296,2820,49970140,40116622
2022-09-10,225,1320,49970365,40117942
2022-09-11,21,122,49970386,40118064
2022-09-12,264,2094,49970650,40120158
2022-09-13,242,2065,49970892,40122223
2022-09-14,243,1938,49971135,40124161
2022-09-15,265,1801,49971400,40125962
2022-09-16,147,947,49971547,40126909