data_somministrazione,vaccinazioni,booster,cum_vaccinazioni,cum_booster
2020-12-27,20,0,20,0
2020-12-28,2,0,22,0
2020-12-29,1,0,23,0
2020-12-30,8,0,31,0
2020-12-31,72,0,103,0
2021-01-01,23,0,126,0
2021-01-02,126,0,252,0
2021-01-03,89,0,341,0
2021-01-04,212,0,553,0
2021-01-05,255,0,808,0
2021-01-06,222,0,1030,0
2021-01-07,305,0,1335,0
2021-01-08,350,0,1685,0
2021-01-09,263,0,1948,0
2021-01-10,158,0,2106,0
2021-01-11,282,0,2388,0
2021-01-12,275,0,2663,0
2021-01-13,401,0,3064,0
2021-01-14,485,0,3549,0
2021-01-15,304,0,3853,0
2021-01-16,213,0,4066,0
2021-01-17,3060,0,7126,0
2021-01-18,5213,0,12339,0
2021-01-19,1893,0,14232,0
2021-01-20,4656,0,18888,0
2021-01-21,20005,0,38893,0
2021-01-22,14220,0,53113,0
2021-01-23,33328,0,86441,0
2021-01-24,30785,0,117226,0
2021-01-25,64724,0,181950,0
2021-01-26,76492,0,258442,0
2021-01-27,64825,0,323267,0
2021-01-28,89272,0,412539,0
2021-01-29,94012,0,506551,0
2021-01-30,86556,0,593107,0
2021-01-31,57329,0,650436,0
2021-02-01,81855,0,732291,0
2021-02-02,82141,0,814432,0
2021-02-03,91115,0,905547,0
2021-02-04,95395,0,1000942,0
2021-02-05,90271,0,1091213,0
2021-02-06,63449,0,1154662,0
2021-02-07,32932,0,1187594,0
2021-02-08,40426,0,1228020,0
2021-02-09,32867,0,1260887,0
2021-02-10,28425,0,1289312,0
2021-02-11,20399,0,1309711,0
2021-02-12,16237,0,1325948,0
2021-02-13,7271,0,1333219,0
2021-02-14,2862,0,1336081,0
2021-02-15,6841,0,1342922,0
2021-02-16,6999,0,1349921,0
2021-02-17,10524,0,1360445,0
2021-02-18,9252,0,1369697,0
2021-02-19,8250,0,1377947,0
2021-02-20,5563,0,1383510,0
2021-02-21,3002,0,1386512,0
2021-02-22,6884,0,1393396,0
2021-02-23,7172,0,1400568,0
2021-02-24,9805,0,1410373,0
2021-02-25,14211,0,1424584,0
2021-02-26,17555,0,1442139,0
2021-02-27,13914,0,1456053,0
2021-02-28,9388,0,1465441,0
2021-03-01,26518,0,1491959,0
2021-03-02,33245,0,1525204,0
2021-03-03,44644,0,1569848,0
2021-03-04,50295,0,1620143,0
2021-03-05,55733,0,1675876,0
2021-03-06,41870,0,1717746,0
2021-03-07,22322,0,1740068,0
2021-03-08,50822,0,1790890,0
2021-03-09,53075,0,1843965,0
2021-03-10,58651,0,1902616,0
2021-03-11,63867,0,1966483,0
2021-03-12,65110,0,2031593,0
2021-03-13,51719,0,2083312,0
2021-03-14,35401,0,2118713,0
2021-03-15,73446,0,2192159,0
2021-03-16,74027,0,2266186,0
2021-03-17,83131,0,2349317,0
2021-03-18,81625,0,2430942,0
2021-03-19,81081,0,2512023,0
2021-03-20,64725,0,2576748,0
2021-03-21,47300,0,2624048,0
2021-03-22,69482,0,2693530,0
2021-03-23,75800,0,2769330,0
2021-03-24,90918,0,2860248,0
2021-03-25,89804,0,2950052,0
2021-03-26,83625,0,3033677,0
2021-03-27,71940,0,3105617,0
2021-03-28,44147,0,3149764,0
2021-03-29,70828,0,3220592,0
2021-03-30,81387,0,3301979,0
2021-03-31,96240,0,3398219,0
2021-04-01,95309,0,3493528,0
2021-04-02,84072,0,3577600,0
2021-04-03,64304,0,3641904,0
2021-04-04,21718,0,3663622,0
2021-04-05,40313,0,3703935,0
2021-04-06,81319,0,3785254,0
2021-04-07,95832,0,3881086,0
2021-04-08,95242,0,3976328,0
2021-04-09,88492,0,4064820,0
2021-04-10,74032,0,4138852,0
2021-04-11,44764,0,4183616,0
2021-04-12,66917,0,4250533,0
2021-04-13,72574,0,4323107,0
2021-04-14,85542,0,4408649,0
2021-04-15,105417,0,4514066,0
2021-04-16,106417,0,4620483,0
2021-04-17,90515,0,4710998,0
2021-04-18,58590,0,4769588,0
2021-04-19,93430,0,4863018,0
2021-04-20,103770,0,4966788,0
2021-04-21,125338,0,5092126,0
2021-04-22,143518,0,5235644,0
2021-04-23,138744,0,5374388,0
2021-04-24,124446,0,5498834,0
2021-04-25,61458,0,5560292,0
2021-04-26,97895,0,5658187,0
2021-04-27,128361,0,5786548,0
2021-04-28,156371,0,5942919,0
2021-04-29,195598,0,6138517,0
2021-04-30,214585,0,6353102,0
2021-05-01,174121,0,6527223,0
2021-05-02,135802,0,6663025,0
2021-05-03,142042,0,6805067,0
2021-05-04,158697,0,6963764,0
2021-05-05,170502,0,7134266,0
2021-05-06,197810,0,7332076,0
2021-05-07,213850,0,7545926,0
2021-05-08,213414,0,7759340,0
2021-05-09,143203,0,7902543,0
2021-05-10,165080,0,8067623,0
2021-05-11,174987,0,8242610,0
2021-05-12,179183,0,8421793,0
2021-05-13,203389,0,8625182,0
2021-05-14,222920,0,8848102,0
2021-05-15,210370,0,9058472,0
2021-05-16,159277,0,9217749,0
2021-05-17,219196,0,9436945,0
2021-05-18,213022,0,9649967,0
2021-05-19,207089,0,9857056,0
2021-05-20,270867,0,10127923,0
2021-05-21,270891,0,10398814,0
2021-05-22,245526,0,10644340,0
2021-05-23,197181,0,10841521,0
2021-05-24,228311,0,11069832,0
2021-05-25,245698,0,11315530,0
2021-05-26,277503,0,11593033,0
2021-05-27,311088,0,11904121,0
2021-05-28,299574,0,12203695,0
2021-05-29,231225,0,12434920,0
2021-05-30,170841,0,12605761,0
2021-05-31,216425,0,12822186,0
2021-06-01,207635,0,13029821,0
2021-06-02,115800,0,13145621,0
2021-06-03,180143,0,13325764,0
2021-06-04,184882,0,13510646,0
2021-06-05,185962,0,13696608,0
2021-06-06,139552,0,13836160,0
2021-06-07,161874,0,13998034,0
2021-06-08,171228,0,14169262,0
2021-06-09,171489,0,14340751,0
2021-06-10,174109,0,14514860,0
2021-06-11,169989,0,14684849,0
2021-06-12,128328,0,14813177,0
2021-06-13,91188,0,14904365,0
2021-06-14,214686,0,15119051,0
2021-06-15,228423,0,15347474,0
2021-06-16,253080,0,15600554,0
2021-06-17,301737,0,15902291,0
2021-06-18,306300,0,16208591,0
2021-06-19,275089,0,16483680,0
2021-06-20,220790,0,16704470,0
2021-06-21,288075,0,16992545,0
2021-06-22,296226,0,17288771,0
2021-06-23,302693,0,17591464,0
2021-06-24,332609,0,17924073,0
2021-06-25,348715,0,18272788,0
2021-06-26,300124,0,18572912,0
2021-06-27,228667,0,18801579,0
2021-06-28,307097,0,19108676,0
2021-06-29,329291,0,19437967,0
2021-06-30,342169,0,19780136,0
2021-07-01,363217,0,20143353,0
2021-07-02,368479,0,20511832,0
2021-07-03,371093,0,20882925,0
2021-07-04,283217,0,21166142,0
2021-07-05,384547,0,21550689,0
2021-07-06,385476,0,21936165,0
2021-07-07,412117,0,22348282,0
2021-07-08,479608,0,22827890,0
2021-07-09,498485,0,23326375,0
2021-07-10,475183,0,23801558,0
2021-07-11,357696,0,24159254,0
2021-07-12,485903,0,24645157,0
2021-07-13,492117,0,25137274,0
2021-07-14,480465,0,25617739,0
2021-07-15,523458,0,26141197,0
2021-07-16,509763,0,26650960,0
2021-07-17,464344,0,27115304,0
2021-07-18,364652,0,27479956,0
2021-07-19,463056,0,27943012,0
2021-07-20,458063,0,28401075,0
2021-07-21,462797,0,28863872,0
2021-07-22,475392,0,29339264,0
2021-07-23,441318,0,29780582,0
2021-07-24,386164,0,30166746,0
2021-07-25,287559,0,30454305,0
2021-07-26,430881,0,30885186,0
2021-07-27,440131,0,31325317,0
2021-07-28,391011,0,31716328,0
2021-07-29,372072,0,32088400,0
2021-07-30,341516,0,32429916,0
2021-07-31,287032,0,32716948,0
2021-08-01,191005,0,32907953,0
2021-08-02,333707,0,33241660,0
2021-08-03,323197,0,33564857,0
2021-08-04,310976,0,33875833,0
2021-08-05,292502,0,34168335,0
2021-08-06,260014,0,34428349,0
2021-08-07,199051,0,34627400,0
2021-08-08,153108,0,34780508,0
2021-08-09,234072,0,35014580,0
2021-08-10,205251,0,35219831,0
2021-08-11,193773,0,35413604,0
2021-08-12,168029,0,35581633,0
2021-08-13,148636,0,35730269,0
2021-08-14,66093,0,35796362,0
2021-08-15,26338,0,35822700,0
2021-08-16,114703,0,35937403,0
2021-08-17,129251,0,36066654,0
2021-08-18,128749,0,36195403,0
2021-08-19,124817,0,36320220,0
2021-08-20,123792,0,36444012,0
2021-08-21,83128,0,36527140,0
2021-08-22,68171,0,36595311,0
2021-08-23,176874,0,36772185,0
2021-08-24,156898,0,36929083,0
2021-08-25,177171,0,37106254,0
2021-08-26,172364,0,37278618,0
2021-08-27,185836,0,37464454,0
2021-08-28,140281,0,37604735,0
2021-08-29,98995,0,37703730,0
2021-08-30,209601,0,37913331,0
2021-08-31,194641,0,38107972,0
2021-09-01,192209,0,38300181,0
2021-09-02,189931,0,38490112,0
2021-09-03,191301,0,38681413,0
2021-09-04,131465,0,38812878,0
2021-09-05,87858,0,38900736,0
2021-09-06,193630,0,39094366,0
2021-09-07,196038,0,39290404,0
2021-09-08,187882,0,39478286,0
2021-09-09,201448,0,39679734,0
2021-09-10,198079,0,39877813,0
2021-09-11,141298,0,40019111,0
2021-09-12,89597,0,40108708,0
2021-09-13,191129,600,40299837,600
2021-09-14,177235,611,40477072,1211
2021-09-15,163101,615,40640173,1826
2021-09-16,160077,962,40800250,2788
2021-09-17,150171,1139,40950421,3927
2021-09-18,127980,755,41078401,4682
2021-09-19,81135,501,41159536,5183
2021-09-20,180078,9099,41339614,14282
2021-09-21,166650,8846,41506264,23128
2021-09-22,159094,9447,41665358,32575
2021-09-23,138082,9342,41803440,41917
2021-09-24,140543,8979,41943983,50896
2021-09-25,119556,5653,42063539,56549
2021-09-26,71969,4351,42135508,60900
2021-09-27,135658,10062,42271166,70962
2021-09-28,117509,11407,42388675,82369
2021-09-29,112351,11838,42501026,94207
2021-09-30,110260,14962,42611286,109169
2021-10-01,94992,19121,42706278,128290
2021-10-02,78506,14030,42784784,142320
2021-10-03,47748,7664,42832532,149984
2021-10-04,88380,34466,42920912,184450
2021-10-05,80371,33995,43001283,218445
2021-10-06,71996,34186,43073279,252631
2021-10-07,71864,34361,43145143,286992
2021-10-08,80631,33605,43225774,320597
2021-10-09,76102,22183,43301876,342780
2021-10-10,45780,13622,43347656,356402
2021-10-11,87440,41118,43435096,397520
2021-10-12,84502,46919,43519598,444439
2021-10-13,88203,52137,43607801,496576
2021-10-14,91550,58532,43699351,555108
2021-10-15,93597,55646,43792948,610754
2021-10-16,82966,36801,43875914,647555
2021-10-17,51463,23840,43927377,671395
2021-10-18,90306,59499,44017683,730894
2021-10-19,78346,69391,44096029,800285
2021-10-20,75068,78191,44171097,878476
2021-10-21,78298,81775,44249395,960251
2021-10-22,73783,77055,44323178,1037306
2021-10-23,60827,51965,44384005,1089271
2021-10-24,33372,23469,44417377,1112740
2021-10-25,64908,81640,44482285,1194380
2021-10-26,58373,91819,44540658,1286199
2021-10-27,58332,104007,44598990,1390206
2021-10-28,61455,114134,44660445,1504340
2021-10-29,61639,103155,44722084,1607495
2021-10-30,50674,68129,44772758,1675624
2021-10-31,25160,28303,44797918,1703927
2021-11-01,19047,28156,44816965,1732083
2021-11-02,62743,89415,44879708,1821498
2021-11-03,60727,118677,44940435,1940175
2021-11-04,59246,126682,44999681,2066857
2021-11-05,63095,135203,45062776,2202060
2021-11-06,46483,90932,45109259,2292992
2021-11-07,22252,37900,45131511,2330892
2021-11-08,51529,131282,45183040,2462174
2021-11-09,45398,144221,45228438,2606395
2021-11-10,42585,156362,45271023,2762757
2021-11-11,44935,155146,45315958,2917903
2021-11-12,46315,158652,45362273,3076555
2021-11-13,33262,116661,45395535,3193216
2021-11-14,14490,52454,45410025,3245670
2021-11-15,36901,157436,45446926,3403106
2021-11-16,30559,171393,45477485,3574499
2021-11-17,28469,178445,45505954,3752944
2021-11-18,30285,193739,45536239,3946683
2021-11-19,28811,205868,45565050,4152551
2021-11-20,21000,156452,45586050,4309003
2021-11-21,10612,64862,45596662,4373865
2021-11-22,21944,213158,45618606,4587023
2021-11-23,23588,241760,45642194,4828783
2021-11-24,27796,271019,45669990,5099802
2021-11-25,23242,301924,45693232,5401726
2021-11-26,24588,318283,45717820,5720009
2021-11-27,21388,266159,45739208,5986168
2021-11-28,9905,137058,45749113,6123226
2021-11-29,22343,326073,45771456,6449299
2021-11-30,23103,365841,45794559,6815140
2021-12-01,21527,413507,45816086,7228647
2021-12-02,23773,440422,45839859,7669069
2021-12-03,25268,467492,45865127,8136561
2021-12-04,22380,418781,45887507,8555342
2021-12-05,11936,261356,45899443,8816698
2021-12-06,25828,457613,45925271,9274311
2021-12-07,24148,480280,45949419,9754591
2021-12-08,10013,249707,45959432,10004298
2021-12-09,31600,491947,45991032,10496245
2021-12-10,28080,517905,46019112,11014150
2021-12-11,23578,459259,46042690,11473409
2021-12-12,12311,293514,46055001,11766923
2021-12-13,26164,467638,46081165,12234561
2021-12-14,25183,494219,46106348,12728780
2021-12-15,25348,517166,46131696,13245946
2021-12-16,27896,520274,46159592,13766220
2021-12-17,29374,517192,46188966,14283412
2021-12-18,27080,468747,46216046,14752159
2021-12-19,15155,300533,46231201,15052692
2021-12-20,30645,477496,46261846,15530188
2021-12-21,30395,493402,46292241,16023590
2021-12-22,29461,484726,46321702,16508316
2021-12-23,28264,426924,46349966,16935240
2021-12-24,13116,210836,46363082,17146076
2021-12-25,2103,33053,46365185,17179129
2021-12-26,8768,159074,46373953,17338203
2021-12-27,46816,504673,46420769,17842876
2021-12-28,42476,554229,46463245,18397105
2021-12-29,34369,550657,46497614,18947762
2021-12-30,31857,499843,46529471,19447605
2021-12-31,14131,247398,46543602,19695003
2022-01-01,3498,64815,46547100,19759818
2022-01-02,22795,276723,46569895,20036541
2022-01-03,47884,520022,46617779,20556563
2022-01-04,46406,572092,46664185,21128655
2022-01-05,40786,560399,46704971,21689054
2022-01-06,23503,274489,46728474,21963543
2022-01-07,63734,554198,46792208,22517741
2022-01-08,60897,503399,46853105,23021140
2022-01-09,42887,319686,46895992,23340826
2022-01-10,61116,542295,46957108,23883121
2022-01-11,61767,586996,47018875,24470117
2022-01-12,58482,581280,47077357,25051397
2022-01-13,58639,580393,47135996,25631790
2022-01-14,46843,588577,47182839,26220367
2022-01-15,39456,569947,47222295,26790314
2022-01-16,31256,341863,47253551,27132177
2022-01-17,54802,489664,47308353,27621841
2022-01-18,58422,517019,47366775,28138860
2022-01-19,57220,502790,47423995,28641650
2022-01-20,54360,498826,47478355,29140476
2022-01-21,42113,493879,47520468,29634355
2022-01-22,31225,469598,47551693,30103953
2022-01-23,34950,275375,47586643,30379328
2022-01-24,56193,437227,47642836,30816555
2022-01-25,61564,452111,47704400,31268666
2022-01-26,58561,435834,47762961,31704500
2022-01-27,48847,432379,47811808,32136879
2022-01-28,58710,436541,47870518,32573420
2022-01-29,68146,412497,47938664,32985917
2022-01-30,50392,235968,47989056,33221885
2022-01-31,60642,356934,48049698,33578819
2022-02-01,65563,328446,48115261,33907265
2022-02-02,63212,296978,48178473,34204243
2022-02-03,60063,274517,48238536,34478760
2022-02-04,72385,268458,48310921,34747218
2022-02-05,83785,248532,48394706,34995750
2022-02-06,55295,116204,48450001,35111954
2022-02-07,65156,199940,48515157,35311894
2022-02-08,66931,186114,48582088,35498008
2022-02-09,58764,166334,48640852,35664342
2022-02-10,58581,163239,48699433,35827581
2022-02-11,62254,162465,48761687,35990046
2022-02-12,71983,152140,48833670,36142186
2022-02-13,41473,68852,48875143,36211038
2022-02-14,46694,116186,48921837,36327224
2022-02-15,48540,123479,48970377,36450703
2022-02-16,45677,106122,49016054,36556825
2022-02-17,42863,98105,49058917,36654930
2022-02-18,46624,112570,49105541,36767500
2022-02-19,52536,100333,49158077,36867833
2022-02-20,31411,40362,49189488,36908195
2022-02-21,37887,89649,49227375,36997844
2022-02-22,37217,83775,49264592,37081619
2022-02-23,33393,79408,49297985,37161027
2022-02-24,32551,78161,49330536,37239188
2022-02-25,34759,90709,49365295,37329897
2022-02-26,39156,89133,49404451,37419030
2022-02-27,22545,35856,49426996,37454886
2022-02-28,28480,81690,49455476,37536576
2022-03-01,22721,53939,49478197,37590515
2022-03-02,21949,50678,49500146,37641193
2022-03-03,22618,54945,49522764,37696138
2022-03-04,23230,62795,49545994,37758933
2022-03-05,23797,57951,49569791,37816884
2022-03-06,9471,17200,49579262,37834084
2022-03-07,15914,51387,49595176,37885471
2022-03-08,15475,48795,49610651,37934266
2022-03-09,13811,46518,49624462,37980784
2022-03-10,14048,52117,49638510,38032901
2022-03-11,15582,57261,49654092,38090162
2022-03-12,15502,56617,49669594,38146779
2022-03-13,5543,16850,49675137,38163629
2022-03-14,10523,46697,49685660,38210326
2022-03-15,10539,46890,49696199,38257216
2022-03-16,9479,41973,49705678,38299189
2022-03-17,9715,44871,49715393,38344060
2022-03-18,10158,49055,49725551,38393115
2022-03-19,9149,46532,49734700,38439647
2022-03-20,2609,11701,49737309,38451348
2022-03-21,7579,40224,49744888,38491572
2022-03-22,8448,37758,49753336,38529330
2022-03-23,7213,33700,49760549,38563030
2022-03-24,8257,38800,49768806,38601830
2022-03-25,8135,43662,49776941,38645492
2022-03-26,8124,41721,49785065,38687213
2022-03-27,2430,9681,49787495,38696894
2022-03-28,6108,35238,49793603,38732132
2022-03-29,5775,32527,49799378,38764659
2022-03-30,5565,30201,49804943,38794860
2022-03-31,5892,33181,49810835,38828041
2022-04-01,4347,25187,49815182,38853228
2022-04-02,4493,23274,49819675,38876502
2022-04-03,1049,4500,49820724,38881002
2022-04-04,3656,21538,49824380,38902540
2022-04-05,3756,22929,49828136,38925469
2022-04-06,4101,21852,49832237,38947321
2022-04-07,3965,23320,49836202,38970641
2022-04-08,4691,26710,49840893,38997351
2022-04-09,4381,23885,49845274,39021236
2022-04-10,891,4614,49846165,39025850
2022-04-11,3814,22685,49849979,39048535
2022-04-12,3361,21776,49853340,39070311
2022-04-13,3564,21332,49856904,39091643
2022-04-14,3486,23786,49860390,39115429
2022-04-15,3084,20617,49863474,39136046
2022-04-16,2149,11918,49865623,39147964
2022-04-17,63,348,49865686,39148312
2022-04-18,151,650,49865837,39148962
2022-04-19,3497,21977,49869334,39170939
2022-04-20,3509,20249,49872843,39191188
2022-04-21,2844,19783,49875687,39210971
2022-04-22,2927,20698,49878614,39231669
2022-04-23,2642,16218,49881256,39247887
2022-04-24,509,2334,49881765,39250221
2022-04-25,183,1165,49881948,39251386
2022-04-26,2759,17801,49884707,39269187
2022-04-27,2372,15789,49887079,39284976
2022-04-28,2357,15557,49889436,39300533
2022-04-29,2293,14837,49891729,39315370
2022-04-30,2122,11578,49893851,39326948
2022-05-01,113,530,49893964,39327478
2022-05-02,1450,9389,49895414,39336867
2022-05-03,1575,10314,49896989,39347181
2022-05-04,1746,10261,49898735,39357442
2022-05-05,1652,10278,49900387,39367720
2022-05-06,1700,10953,49902087,39378673
2022-05-07,1431,8563,49903518,39387236
2022-05-08,416,1517,49903934,39388753
2022-05-09,1027,8918,49904961,39397671
2022-05-10,1422,9542,49906383,39407213
2022-05-11,1483,10091,49907866,39417304
2022-05-12,1369,10122,49909235,39427426
2022-05-13,1592,10511,49910827,39437937
2022-05-14,1356,8230,49912183,39446167
2022-05-15,336,1130,49912519,39447297
2022-05-16,813,8394,49913332,39455691
2022-05-17,1243,8677,49914575,39464368
2022-05-18,1374,9225,49915949,39473593
2022-05-19,1500,9272,49917449,39482865
2022-05-20,1421,9499,49918870,39492364
2022-05-21,1300,7893,49920170,39500257
2022-05-22,231,1012,49920401,39501269
2022-05-23,830,8262,49921231,39509531
2022-05-24,1073,8664,49922304,39518195
2022-05-25,1369,9446,49923673,39527641
2022-05-26,1196,9455,49924869,39537096
2022-05-27,1231,9909,49926100,39547005
2022-05-28,1204,7873,49927304,39554878
2022-05-29,286,1264,49927590,39556142
2022-05-30,930,8031,49928520,39564173
2022-05-31,1035,8532,49929555,39572705
2022-06-01,890,7644,49930445,39580349
2022-06-02,35,474,49930480,39580823
2022-06-03,818,7330,49931298,39588153
2022-06-04,870,5157,49932168,39593310
2022-06-05,89,586,49932257,39593896
2022-06-06,678,6985,49932935,39600881
2022-06-07,951,7842,49933886,39608723
2022-06-08,983,7901,49934869,39616624
2022-06-09,1037,8399,49935906,39625023
2022-06-10,958,8552,49936864,39633575
2022-06-11,903,6206,49937767,39639781
2022-06-12,140,767,49937907,39640548
2022-06-13,602,6298,49938509,39646846
2022-06-14,828,7883,49939337,39654729
2022-06-15,954,7844,49940291,39662573
2022-06-16,730,7390,49941021,39669963
2022-06-17,722,7241,49941743,39677204
2022-06-18,777,5589,49942520,39682793
2022-06-19,47,522,49942567,39683315
2022-06-20,587,6695,49943154,39690010
2022-06-21,735,7656,49943889,39697666
2022-06-22,780,7307,49944669,39704973
2022-06-23,651,7459,49945320,39712432
2022-06-24,643,7472,49945963,39719904
2022-06-25,835,6532,49946798,39726436
2022-06-26,128,523,49946926,39726959
2022-06-27,531,7123,49947457,39734082
2022-06-28,745,8196,49948202,39742278
2022-06-29,756,7723,49948958,39750001
2022-06-30,746,8131,49949704,39758132
2022-07-01,576,6438,49950280,39764570
2022-07-02,536,4767,49950816,39769337
2022-07-03,49,456,49950865,39769793
2022-07-04,469,6275,49951334,39776068
2022-07-05,628,8112,49951962,39784180
2022-07-06,633,7608,49952595,39791788
2022-07-07,570,8265,49953165,39800053
2022-07-08,671,8080,49953836,39808133
2022-07-09,550,6103,49954386,39814236
2022-07-10,58,533,49954444,39814769
2022-07-11,487,7639,49954931,39822408
2022-07-12,667,9026,49955598,39831434
2022-07-13,641,10062,49956239,39841496
2022-07-14,636,10220,49956875,39851716
2022-07-15,625,10664,49957500,39862380
2022-07-16,522,7209,49958022,39869589
2022-07-17,48,769,49958070,39870358
2022-07-18,497,9350,49958567,39879708
2022-07-19,573,10657,49959140,39890365
2022-07-20,579,11257,49959719,39901622
2022-07-21,627,12040,49960346,39913662
2022-07-22,583,11226,49960929,39924888
2022-07-23,379,6744,49961308,39931632
2022-07-24,76,834,49961384,39932466
2022-07-25,503,9033,49961887,39941499
2022-07-26,521,9727,49962408,39951226
2022-07-27,550,10160,49962958,39961386
2022-07-28,529,10483,49963487,39971869
2022-07-29,510,9427,49963997,39981296
2022-07-30,382,5853,49964379,39987149
2022-07-31,49,745,49964428,39987894
2022-08-01,386,6824,49964814,39994718
2022-08-02,540,7525,49965354,40002243
2022-08-03,513,7140,49965867,40009383
2022-08-04,454,7439,49966321,40016822
2022-08-05,419,6491,49966740,40023313
2022-08-06,298,3582,49967038,40026895
2022-08-07,44,551,49967082,40027446
2022-08-08,401,4874,49967483,40032320
2022-08-09,382,5269,49967865,40037589
2022-08-10,380,4790,49968245,40042379
2022-08-11,366,4757,49968611,40047136
2022-08-12,292,3699,49968903,40050835
2022-08-13,143,1597,49969046,40052432
2022-08-14,9,128,49969055,40052560
2022-08-15,1,26,49969056,40052586
2022-08-16,283,3028,49969339,40055614
2022-08-17,352,3511,49969691,40059125
2022-08-18,389,4143,49970080,40063268
2022-08-19,341,3309,49970421,40066577
2022-08-20,183,1710,49970604,40068287
2022-08-21,24,146,49970628,40068433
2022-08-22,329,2940,49970957,40071373
2022-08-23,371,3656,49971328,40075029
2022-08-24,383,3344,49971711,40078373
2022-08-25,420,3752,49972131,40082125
2022-08-26,397,3561,49972528,40085686
2022-08-27,235,1769,49972763,40087455
2022-08-28,29,260,49972792,40087715
2022-08-29,354,3148,49973146,40090863
2022-08-30,403,3645,49973549,40094508
2022-08-31,436,3716,49973985,40098224
2022-09-01,352,3098,49974337,40101322
2022-09-02,296,2882,49974633,40104204
2022-09-03,199,1686,49974832,40105890
2022-09-04,23,147,49974855,40106037
2022-09-05,186,2646,49975041,40108683
2022-09-06,302,2984,49975343,40111667
2022-09-07,540,2911,49975883,40114578
2022-09-08,289,2951,49976172,40117529
2022-09-09,302,2855,49976474,40120384
2022-09-10,227,1325,49976701,40121709
2022-09-11,21,123,49976722,40121832
2022-09-12,267,2248,49976989,40124080
2022-09-13,250,2267,49977239,40126347
2022-09-14,263,2556,49977502,40128903
2022-09-15,279,2484,49977781,40131387
2022-09-16,253,2532,49978034,40133919
2022-09-17,239,1339,49978273,40135258
2022-09-18,20,170,49978293,40135428
2022-09-19,205,1965,49978498,40137393
2022-09-20,236,2373,49978734,40139766
2022-09-21,289,2513,49979023,40142279
2022-09-22,260,2637,49979283,40144916
2022-09-23,256,2518,49979539,40147434
2022-09-24,193,1426,49979732,40148860
2022-09-25,28,133,49979760,40148993
2022-09-26,281,2239,49980041,40151232
2022-09-27,282,2639,49980323,40153871
2022-09-28,309,2875,49980632,40156746
2022-09-29,251,3029,49980883,40159775
2022-09-30,289,2965,49981172,40162740
2022-10-01,193,1505,49981365,40164245
2022-10-02,11,187,49981376,40164432
2022-10-03,179,2454,49981555,40166886
2022-10-04,231,2824,49981786,40169710
2022-10-05,224,3196,49982010,40172906
2022-10-06,240,3775,49982250,40176681
2022-10-07,282,4108,49982532,40180789
2022-10-08,199,2209,49982731,40182998
2022-10-09,8,287,49982739,40183285
2022-10-10,205,3308,49982944,40186593
2022-10-11,191,4270,49983135,40190863
2022-10-12,207,4369,49983342,40195232
2022-10-13,196,5226,49983538,40200458
2022-10-14,223,4943,49983761,40205401
2022-10-15,185,2582,49983946,40207983
2022-10-16,6,348,49983952,40208331
2022-10-17,185,3781,49984137,40212112
2022-10-18,254,4855,49984391,40216967
2022-10-19,231,5281,49984622,40222248
2022-10-20,216,5738,49984838,40227986
2022-10-21,220,5079,49985058,40233065
2022-10-22,191,2806,49985249,40235871
2022-10-23,12,343,49985261,40236214
2022-10-24,116,2102,49985377,40238316