data_somministrazione,vaccinazioni,booster,cum_vaccinazioni,cum_booster
2020-12-27,20,0,20,0
2020-12-28,2,0,22,0
2020-12-29,1,0,23,0
2020-12-30,9,0,32,0
2020-12-31,79,0,111,0
2021-01-01,26,0,137,0
2021-01-02,145,0,282,0
2021-01-03,110,0,392,0
2021-01-04,242,0,634,0
2021-01-05,283,0,917,0
2021-01-06,254,0,1171,0
2021-01-07,326,0,1497,0
2021-01-08,382,0,1879,0
2021-01-09,284,0,2163,0
2021-01-10,166,0,2329,0
2021-01-11,311,0,2640,0
2021-01-12,285,0,2925,0
2021-01-13,419,0,3344,0
2021-01-14,505,0,3849,0
2021-01-15,321,0,4170,0
2021-01-16,224,0,4394,0
2021-01-17,3065,0,7459,0
2021-01-18,5220,0,12679,0
2021-01-19,1896,0,14575,0
2021-01-20,4659,0,19234,0
2021-01-21,20004,0,39238,0
2021-01-22,14220,0,53458,0
2021-01-23,33321,0,86779,0
2021-01-24,30774,0,117553,0
2021-01-25,64702,0,182255,0
2021-01-26,76462,0,258717,0
2021-01-27,64808,0,323525,0
2021-01-28,89252,0,412777,0
2021-01-29,93992,0,506769,0
2021-01-30,86544,0,593313,0
2021-01-31,57326,0,650639,0
2021-02-01,81833,0,732472,0
2021-02-02,82134,0,814606,0
2021-02-03,91106,0,905712,0
2021-02-04,95382,0,1001094,0
2021-02-05,90267,0,1091361,0
2021-02-06,63450,0,1154811,0
2021-02-07,32934,0,1187745,0
2021-02-08,40421,0,1228166,0
2021-02-09,32881,0,1261047,0
2021-02-10,28437,0,1289484,0
2021-02-11,20406,0,1309890,0
2021-02-12,16251,0,1326141,0
2021-02-13,7279,0,1333420,0
2021-02-14,2862,0,1336282,0
2021-02-15,6847,0,1343129,0
2021-02-16,7004,0,1350133,0
2021-02-17,10527,0,1360660,0
2021-02-18,9257,0,1369917,0
2021-02-19,8259,0,1378176,0
2021-02-20,5581,0,1383757,0
2021-02-21,3015,0,1386772,0
2021-02-22,6883,0,1393655,0
2021-02-23,7188,0,1400843,0
2021-02-24,9815,0,1410658,0
2021-02-25,14213,0,1424871,0
2021-02-26,17561,0,1442432,0
2021-02-27,13920,0,1456352,0
2021-02-28,9398,0,1465750,0
2021-03-01,26528,0,1492278,0
2021-03-02,33247,0,1525525,0
2021-03-03,44651,0,1570176,0
2021-03-04,50301,0,1620477,0
2021-03-05,55745,0,1676222,0
2021-03-06,41885,0,1718107,0
2021-03-07,22332,0,1740439,0
2021-03-08,50843,0,1791282,0
2021-03-09,53098,0,1844380,0
2021-03-10,58696,0,1903076,0
2021-03-11,63892,0,1966968,0
2021-03-12,65138,0,2032106,0
2021-03-13,51730,0,2083836,0
2021-03-14,35423,0,2119259,0
2021-03-15,73463,0,2192722,0
2021-03-16,74031,0,2266753,0
2021-03-17,83143,0,2349896,0
2021-03-18,81632,0,2431528,0
2021-03-19,81091,0,2512619,0
2021-03-20,64740,0,2577359,0
2021-03-21,47309,0,2624668,0
2021-03-22,69505,0,2694173,0
2021-03-23,75820,0,2769993,0
2021-03-24,90932,0,2860925,0
2021-03-25,89828,0,2950753,0
2021-03-26,83641,0,3034394,0
2021-03-27,71961,0,3106355,0
2021-03-28,44187,0,3150542,0
2021-03-29,70849,0,3221391,0
2021-03-30,81416,0,3302807,0
2021-03-31,96264,0,3399071,0
2021-04-01,95338,0,3494409,0
2021-04-02,84091,0,3578500,0
2021-04-03,64312,0,3642812,0
2021-04-04,21726,0,3664538,0
2021-04-05,40321,0,3704859,0
2021-04-06,81342,0,3786201,0
2021-04-07,95845,0,3882046,0
2021-04-08,95262,0,3977308,0
2021-04-09,88508,0,4065816,0
2021-04-10,74036,0,4139852,0
2021-04-11,44774,0,4184626,0
2021-04-12,66928,0,4251554,0
2021-04-13,72600,0,4324154,0
2021-04-14,85559,0,4409713,0
2021-04-15,105429,0,4515142,0
2021-04-16,106435,0,4621577,0
2021-04-17,90529,0,4712106,0
2021-04-18,58598,0,4770704,0
2021-04-19,93445,0,4864149,0
2021-04-20,103780,0,4967929,0
2021-04-21,125345,0,5093274,0
2021-04-22,143536,0,5236810,0
2021-04-23,138759,0,5375569,0
2021-04-24,124453,0,5500022,0
2021-04-25,61471,0,5561493,0
2021-04-26,97916,0,5659409,0
2021-04-27,128378,0,5787787,0
2021-04-28,156402,0,5944189,0
2021-04-29,195622,0,6139811,0
2021-04-30,214617,0,6354428,0
2021-05-01,174150,0,6528578,0
2021-05-02,135814,0,6664392,0
2021-05-03,142074,0,6806466,0
2021-05-04,158718,0,6965184,0
2021-05-05,170553,0,7135737,0
2021-05-06,197835,0,7333572,0
2021-05-07,213879,0,7547451,0
2021-05-08,213447,0,7760898,0
2021-05-09,143221,0,7904119,0
2021-05-10,165108,0,8069227,0
2021-05-11,175014,0,8244241,0
2021-05-12,179232,0,8423473,0
2021-05-13,203426,0,8626899,0
2021-05-14,222951,0,8849850,0
2021-05-15,210399,0,9060249,0
2021-05-16,159290,0,9219539,0
2021-05-17,219223,0,9438762,0
2021-05-18,213036,0,9651798,0
2021-05-19,207107,0,9858905,0
2021-05-20,270899,0,10129804,0
2021-05-21,270917,0,10400721,0
2021-05-22,245549,0,10646270,0
2021-05-23,197194,0,10843464,0
2021-05-24,228314,0,11071778,0
2021-05-25,245704,0,11317482,0
2021-05-26,277574,0,11595056,0
2021-05-27,311106,0,11906162,0
2021-05-28,299594,0,12205756,0
2021-05-29,231257,0,12437013,0
2021-05-30,170857,0,12607870,0
2021-05-31,216441,0,12824311,0
2021-06-01,207642,0,13031953,0
2021-06-02,115808,0,13147761,0
2021-06-03,180180,0,13327941,0
2021-06-04,184931,0,13512872,0
2021-06-05,186008,0,13698880,0
2021-06-06,139597,0,13838477,0
2021-06-07,161913,0,14000390,0
2021-06-08,171297,0,14171687,0
2021-06-09,171533,0,14343220,0
2021-06-10,174171,0,14517391,0
2021-06-11,170046,0,14687437,0
2021-06-12,128408,0,14815845,0
2021-06-13,91237,0,14907082,0
2021-06-14,214712,0,15121794,0
2021-06-15,228470,0,15350264,0
2021-06-16,253121,0,15603385,0
2021-06-17,301792,0,15905177,0
2021-06-18,306338,0,16211515,0
2021-06-19,275122,0,16486637,0
2021-06-20,220828,0,16707465,0
2021-06-21,288111,0,16995576,0
2021-06-22,296259,0,17291835,0
2021-06-23,302712,0,17594547,0
2021-06-24,332627,0,17927174,0
2021-06-25,348745,0,18275919,0
2021-06-26,300151,0,18576070,0
2021-06-27,228705,0,18804775,0
2021-06-28,307161,0,19111936,0
2021-06-29,329344,0,19441280,0
2021-06-30,342234,0,19783514,0
2021-07-01,363252,0,20146766,0
2021-07-02,368513,0,20515279,0
2021-07-03,371107,0,20886386,0
2021-07-04,283243,0,21169629,0
2021-07-05,384568,0,21554197,0
2021-07-06,385495,0,21939692,0
2021-07-07,412141,0,22351833,0
2021-07-08,479594,0,22831427,0
2021-07-09,498467,0,23329894,0
2021-07-10,475175,0,23805069,0
2021-07-11,357694,0,24162763,0
2021-07-12,485875,0,24648638,0
2021-07-13,492073,0,25140711,0
2021-07-14,480432,0,25621143,0
2021-07-15,523414,0,26144557,0
2021-07-16,509749,0,26654306,0
2021-07-17,464325,0,27118631,0
2021-07-18,364632,0,27483263,0
2021-07-19,463032,0,27946295,0
2021-07-20,458044,0,28404339,0
2021-07-21,462788,0,28867127,0
2021-07-22,475374,0,29342501,0
2021-07-23,441330,0,29783831,0
2021-07-24,386151,0,30169982,0
2021-07-25,287547,0,30457529,0
2021-07-26,430887,0,30888416,0
2021-07-27,440110,0,31328526,0
2021-07-28,391016,0,31719542,0
2021-07-29,372076,0,32091618,0
2021-07-30,341523,0,32433141,0
2021-07-31,287051,0,32720192,0
2021-08-01,190996,0,32911188,0
2021-08-02,333705,0,33244893,0
2021-08-03,323193,0,33568086,0
2021-08-04,310996,0,33879082,0
2021-08-05,292480,0,34171562,0
2021-08-06,260043,0,34431605,0
2021-08-07,199066,0,34630671,0
2021-08-08,153107,0,34783778,0
2021-08-09,234085,0,35017863,0
2021-08-10,205292,0,35223155,0
2021-08-11,193795,0,35416950,0
2021-08-12,168070,0,35585020,0
2021-08-13,148675,0,35733695,0
2021-08-14,66105,0,35799800,0
2021-08-15,26343,0,35826143,0
2021-08-16,114717,0,35940860,0
2021-08-17,129255,0,36070115,0
2021-08-18,128766,0,36198881,0
2021-08-19,124860,0,36323741,0
2021-08-20,123799,0,36447540,0
2021-08-21,83135,0,36530675,0
2021-08-22,68180,0,36598855,0
2021-08-23,176875,0,36775730,0
2021-08-24,156892,0,36932622,0
2021-08-25,177168,0,37109790,0
2021-08-26,172352,0,37282142,0
2021-08-27,185832,0,37467974,0
2021-08-28,140292,0,37608266,0
2021-08-29,98995,0,37707261,0
2021-08-30,209586,0,37916847,0
2021-08-31,194639,0,38111486,0
2021-09-01,192217,0,38303703,0
2021-09-02,189924,0,38493627,0
2021-09-03,191282,0,38684909,0
2021-09-04,131443,0,38816352,0
2021-09-05,87841,0,38904193,0
2021-09-06,193600,0,39097793,0
2021-09-07,196036,0,39293829,0
2021-09-08,187859,0,39481688,0
2021-09-09,201417,0,39683105,0
2021-09-10,198054,0,39881159,0
2021-09-11,141287,0,40022446,0
2021-09-12,89592,0,40112038,0
2021-09-13,191104,652,40303142,652
2021-09-14,177209,655,40480351,1307
2021-09-15,163078,654,40643429,1961
2021-09-16,160041,1007,40803470,2968
2021-09-17,150151,1172,40953621,4140
2021-09-18,127979,783,41081600,4923
2021-09-19,81142,510,41162742,5433
2021-09-20,180063,9133,41342805,14566
2021-09-21,166672,8863,41509477,23429
2021-09-22,159114,9465,41668591,32894
2021-09-23,138108,9357,41806699,42251
2021-09-24,140547,9019,41947246,51270
2021-09-25,119561,5674,42066807,56944
2021-09-26,71992,4367,42138799,61311
2021-09-27,135673,10084,42274472,71395
2021-09-28,117520,11430,42391992,82825
2021-09-29,112380,11852,42504372,94677
2021-09-30,110291,14982,42614663,109659
2021-10-01,95003,19144,42709666,128803
2021-10-02,78524,14045,42788190,142848
2021-10-03,47759,7671,42835949,150519
2021-10-04,88392,34487,42924341,185006
2021-10-05,80380,34022,43004721,219028
2021-10-06,72010,34215,43076731,253243
2021-10-07,71880,34379,43148611,287622
2021-10-08,80646,33623,43229257,321245
2021-10-09,76115,22200,43305372,343445
2021-10-10,45791,13632,43351163,357077
2021-10-11,87447,41134,43438610,398211
2021-10-12,84517,46936,43523127,445147
2021-10-13,88221,52169,43611348,497316
2021-10-14,91557,58561,43702905,555877
2021-10-15,93598,55682,43796503,611559
2021-10-16,82977,36828,43879480,648387
2021-10-17,51462,23862,43930942,672249
2021-10-18,90302,59523,44021244,731772
2021-10-19,78357,69417,44099601,801189
2021-10-20,75062,78211,44174663,879400
2021-10-21,78285,81821,44252948,961221
2021-10-22,73769,77086,44326717,1038307
2021-10-23,60839,51975,44387556,1090282
2021-10-24,33370,23480,44420926,1113762
2021-10-25,64896,81670,44485822,1195432
2021-10-26,58375,91838,44544197,1287270
2021-10-27,58318,104041,44602515,1391311
2021-10-28,61444,114163,44663959,1505474
2021-10-29,61628,103194,44725587,1608668
2021-10-30,50676,68154,44776263,1676822
2021-10-31,25161,28312,44801424,1705134
2021-11-01,19050,28159,44820474,1733293
2021-11-02,62737,89444,44883211,1822737
2021-11-03,60718,118703,44943929,1941440
2021-11-04,59238,126706,45003167,2068146
2021-11-05,63092,135230,45066259,2203376
2021-11-06,46494,90943,45112753,2294319
2021-11-07,22248,37907,45135001,2332226
2021-11-08,51525,131298,45186526,2463524
2021-11-09,45401,144237,45231927,2607761
2021-11-10,42593,156377,45274520,2764138
2021-11-11,44928,155176,45319448,2919314
2021-11-12,46295,158711,45365743,3078025
2021-11-13,33272,116682,45399015,3194707
2021-11-14,14491,52461,45413506,3247168
2021-11-15,36910,157446,45450416,3404614
2021-11-16,30569,171413,45480985,3576027
2021-11-17,28469,178469,45509454,3754496
2021-11-18,30295,193768,45539749,3948264
2021-11-19,28822,205888,45568571,4154152
2021-11-20,21012,156460,45589583,4310612
2021-11-21,10610,64872,45600193,4375484
2021-11-22,21959,213164,45622152,4588648
2021-11-23,23606,241803,45645758,4830451
2021-11-24,27766,271104,45673524,5101555
2021-11-25,23271,301952,45696795,5403507
2021-11-26,24600,318312,45721395,5721819
2021-11-27,21415,266173,45742810,5987992
2021-11-28,9908,137072,45752718,6125064
2021-11-29,22367,326082,45775085,6451146
2021-11-30,23123,365861,45798208,6817007
2021-12-01,21559,413548,45819767,7230555
2021-12-02,23795,440445,45843562,7671000
2021-12-03,25281,467544,45868843,8138544
2021-12-04,22389,418810,45891232,8557354
2021-12-05,11944,261369,45903176,8818723
2021-12-06,25846,457637,45929022,9276360
2021-12-07,24167,480309,45953189,9756669
2021-12-08,10032,249721,45963221,10006390
2021-12-09,31623,491966,45994844,10498356
2021-12-10,28104,517937,46022948,11016293
2021-12-11,23596,459285,46046544,11475578
2021-12-12,12327,293536,46058871,11769114
2021-12-13,26182,467658,46085053,12236772
2021-12-14,25206,494243,46110259,12731015
2021-12-15,25376,517192,46135635,13248207
2021-12-16,27934,520308,46163569,13768515
2021-12-17,29402,517229,46192971,14285744
2021-12-18,27121,468786,46220092,14754530
2021-12-19,15173,300544,46235265,15055074
2021-12-20,30678,477513,46265943,15532587
2021-12-21,30417,493449,46296360,16026036
2021-12-22,29492,484758,46325852,16510794
2021-12-23,28289,426969,46354141,16937763
2021-12-24,13126,210844,46367267,17148607
2021-12-25,2104,33052,46369371,17181659
2021-12-26,8780,159078,46378151,17340737
2021-12-27,46853,504696,46425004,17845433
2021-12-28,42513,554265,46467517,18399698
2021-12-29,34400,550682,46501917,18950380
2021-12-30,31899,499871,46533816,19450251
2021-12-31,14150,247409,46547966,19697660
2022-01-01,3501,64814,46551467,19762474
2022-01-02,22833,276728,46574300,20039202
2022-01-03,47955,520036,46622255,20559238
2022-01-04,46483,572106,46668738,21131344
2022-01-05,40856,560428,46709594,21691772
2022-01-06,23539,274491,46733133,21966263
2022-01-07,63803,554225,46796936,22520488
2022-01-08,60986,503424,46857922,23023912
2022-01-09,42970,319706,46900892,23343618
2022-01-10,61182,542328,46962074,23885946
2022-01-11,61859,587039,47023933,24472985
2022-01-12,58562,581312,47082495,25054297
2022-01-13,58722,580434,47141217,25634731
2022-01-14,46950,588621,47188167,26223352
2022-01-15,39578,569995,47227745,26793347
2022-01-16,31327,341895,47259072,27135242
2022-01-17,54858,489692,47313930,27624934
2022-01-18,58476,517056,47372406,28141990
2022-01-19,57271,502827,47429677,28644817
2022-01-20,54428,498865,47484105,29143682
2022-01-21,42188,493899,47526293,29637581
2022-01-22,31303,469622,47557596,30107203
2022-01-23,34985,275390,47592581,30382593
2022-01-24,56232,437252,47648813,30819845
2022-01-25,61603,452135,47710416,31271980
2022-01-26,58596,435851,47769012,31707831
2022-01-27,48895,432410,47817907,32140241
2022-01-28,58758,436566,47876665,32576807
2022-01-29,68195,412517,47944860,32989324
2022-01-30,50413,235988,47995273,33225312
2022-01-31,60715,356950,48055988,33582262
2022-02-01,65616,328470,48121604,33910732
2022-02-02,63252,297000,48184856,34207732
2022-02-03,60093,274538,48244949,34482270
2022-02-04,72416,268473,48317365,34750743
2022-02-05,83818,248557,48401183,34999300
2022-02-06,55310,116207,48456493,35115507
2022-02-07,65189,199946,48521682,35315453
2022-02-08,66960,186130,48588642,35501583
2022-02-09,58777,166353,48647419,35667936
2022-02-10,58602,163253,48706021,35831189
2022-02-11,62274,162477,48768295,35993666
2022-02-12,72014,152156,48840309,36145822
2022-02-13,41483,68857,48881792,36214679
2022-02-14,46712,116193,48928504,36330872
2022-02-15,48569,123482,48977073,36454354
2022-02-16,45692,106130,49022765,36560484
2022-02-17,42875,98120,49065640,36658604
2022-02-18,46637,112586,49112277,36771190
2022-02-19,52547,100339,49164824,36871529
2022-02-20,31416,40367,49196240,36911896
2022-02-21,37899,89659,49234139,37001555
2022-02-22,37226,83784,49271365,37085339
2022-02-23,33402,79409,49304767,37164748
2022-02-24,32561,78168,49337328,37242916
2022-02-25,34773,90715,49372101,37333631
2022-02-26,39164,89138,49411265,37422769
2022-02-27,22549,35857,49433814,37458626
2022-02-28,28489,81700,49462303,37540326
2022-03-01,22730,53943,49485033,37594269
2022-03-02,21935,50713,49506968,37644982
2022-03-03,22638,54947,49529606,37699929
2022-03-04,23244,62801,49552850,37762730
2022-03-05,23804,57953,49576654,37820683
2022-03-06,9474,17201,49586128,37837884
2022-03-07,15927,51391,49602055,37889275
2022-03-08,15480,48797,49617535,37938072
2022-03-09,13816,46517,49631351,37984589
2022-03-10,14059,52125,49645410,38036714
2022-03-11,15592,57274,49661002,38093988
2022-03-12,15513,56619,49676515,38150607
2022-03-13,5545,16852,49682060,38167459
2022-03-14,10529,46701,49692589,38214160
2022-03-15,10553,46895,49703142,38261055
2022-03-16,9482,41977,49712624,38303032
2022-03-17,9725,44875,49722349,38347907
2022-03-18,10162,49058,49732511,38396965
2022-03-19,9151,46539,49741662,38443504
2022-03-20,2608,11704,49744270,38455208
2022-03-21,7581,40229,49751851,38495437
2022-03-22,8448,37767,49760299,38533204
2022-03-23,7219,33701,49767518,38566905
2022-03-24,8260,38821,49775778,38605726
2022-03-25,8143,43671,49783921,38649397
2022-03-26,8128,41722,49792049,38691119
2022-03-27,2431,9683,49794480,38700802
2022-03-28,6112,35244,49800592,38736046
2022-03-29,5782,32532,49806374,38768578
2022-03-30,5567,30204,49811941,38798782
2022-03-31,5905,33187,49817846,38831969
2022-04-01,4351,25188,49822197,38857157
2022-04-02,4497,23275,49826694,38880432
2022-04-03,1049,4500,49827743,38884932
2022-04-04,3660,21545,49831403,38906477
2022-04-05,3758,22936,49835161,38929413
2022-04-06,4105,21852,49839266,38951265
2022-04-07,3970,23321,49843236,38974586
2022-04-08,4696,26714,49847932,39001300
2022-04-09,4381,23888,49852313,39025188
2022-04-10,893,4613,49853206,39029801
2022-04-11,3819,22689,49857025,39052490
2022-04-12,3365,21779,49860390,39074269
2022-04-13,3571,21337,49863961,39095606
2022-04-14,3488,23787,49867449,39119393
2022-04-15,3084,20621,49870533,39140014
2022-04-16,2151,11918,49872684,39151932
2022-04-17,63,348,49872747,39152280
2022-04-18,152,650,49872899,39152930
2022-04-19,3498,21984,49876397,39174914
2022-04-20,3512,20250,49879909,39195164
2022-04-21,2848,19791,49882757,39214955
2022-04-22,2928,20712,49885685,39235667
2022-04-23,2647,16222,49888332,39251889
2022-04-24,509,2334,49888841,39254223
2022-04-25,183,1165,49889024,39255388
2022-04-26,2759,17810,49891783,39273198
2022-04-27,2374,15795,49894157,39288993
2022-04-28,2362,15564,49896519,39304557
2022-04-29,2297,14850,49898816,39319407
2022-04-30,2123,11584,49900939,39330991
2022-05-01,113,531,49901052,39331522
2022-05-02,1451,9392,49902503,39340914
2022-05-03,1576,10323,49904079,39351237
2022-05-04,1745,10273,49905824,39361510
2022-05-05,1654,10296,49907478,39371806
2022-05-06,1702,10971,49909180,39382777
2022-05-07,1431,8570,49910611,39391347
2022-05-08,416,1526,49911027,39392873
2022-05-09,1029,8930,49912056,39401803
2022-05-10,1426,9549,49913482,39411352
2022-05-11,1484,10104,49914966,39421456
2022-05-12,1371,10137,49916337,39431593
2022-05-13,1596,10519,49917933,39442112
2022-05-14,1360,8240,49919293,39450352
2022-05-15,336,1136,49919629,39451488
2022-05-16,814,8405,49920443,39459893
2022-05-17,1244,8697,49921687,39468590
2022-05-18,1372,9236,49923059,39477826
2022-05-19,1500,9283,49924559,39487109
2022-05-20,1425,9532,49925984,39496641
2022-05-21,1302,7900,49927286,39504541
2022-05-22,231,1013,49927517,39505554
2022-05-23,830,8272,49928347,39513826
2022-05-24,1073,8672,49929420,39522498
2022-05-25,1372,9460,49930792,39531958
2022-05-26,1197,9480,49931989,39541438
2022-05-27,1232,9915,49933221,39551353
2022-05-28,1205,7887,49934426,39559240
2022-05-29,288,1265,49934714,39560505
2022-05-30,931,8058,49935645,39568563
2022-05-31,1038,8548,49936683,39577111
2022-06-01,895,7658,49937578,39584769
2022-06-02,35,474,49937613,39585243
2022-06-03,817,7334,49938430,39592577
2022-06-04,870,5162,49939300,39597739
2022-06-05,89,586,49939389,39598325
2022-06-06,679,7004,49940068,39605329
2022-06-07,952,7850,49941020,39613179
2022-06-08,981,7907,49942001,39621086
2022-06-09,1036,8417,49943037,39629503
2022-06-10,958,8563,49943995,39638066
2022-06-11,904,6206,49944899,39644272
2022-06-12,140,768,49945039,39645040
2022-06-13,602,6301,49945641,39651341
2022-06-14,832,7903,49946473,39659244
2022-06-15,960,7856,49947433,39667100
2022-06-16,733,7397,49948166,39674497
2022-06-17,724,7249,49948890,39681746
2022-06-18,778,5594,49949668,39687340
2022-06-19,49,521,49949717,39687861
2022-06-20,587,6699,49950304,39694560
2022-06-21,741,7664,49951045,39702224
2022-06-22,779,7312,49951824,39709536
2022-06-23,648,7472,49952472,39717008
2022-06-24,644,7474,49953116,39724482
2022-06-25,835,6533,49953951,39731015
2022-06-26,128,523,49954079,39731538
2022-06-27,534,7125,49954613,39738663
2022-06-28,747,8207,49955360,39746870
2022-06-29,756,7732,49956116,39754602
2022-06-30,747,8145,49956863,39762747
2022-07-01,577,6443,49957440,39769190
2022-07-02,536,4769,49957976,39773959
2022-07-03,49,456,49958025,39774415
2022-07-04,469,6277,49958494,39780692
2022-07-05,631,8122,49959125,39788814
2022-07-06,633,7611,49959758,39796425
2022-07-07,576,8271,49960334,39804696
2022-07-08,674,8085,49961008,39812781
2022-07-09,550,6105,49961558,39818886
2022-07-10,58,533,49961616,39819419
2022-07-11,491,7641,49962107,39827060
2022-07-12,668,9031,49962775,39836091
2022-07-13,644,10067,49963419,39846158
2022-07-14,637,10225,49964056,39856383
2022-07-15,627,10671,49964683,39867054
2022-07-16,523,7215,49965206,39874269
2022-07-17,48,770,49965254,39875039
2022-07-18,496,9374,49965750,39884413
2022-07-19,575,10682,49966325,39895095
2022-07-20,582,11276,49966907,39906371
2022-07-21,630,12091,49967537,39918462
2022-07-22,585,11260,49968122,39929722
2022-07-23,381,6775,49968503,39936497
2022-07-24,76,857,49968579,39937354
2022-07-25,503,9052,49969082,39946406
2022-07-26,522,9761,49969604,39956167
2022-07-27,553,10210,49970157,39966377
2022-07-28,532,10534,49970689,39976911
2022-07-29,511,9465,49971200,39986376
2022-07-30,383,5882,49971583,39992258
2022-07-31,49,764,49971632,39993022
2022-08-01,386,6865,49972018,39999887
2022-08-02,545,7590,49972563,40007477
2022-08-03,513,7179,49973076,40014656
2022-08-04,455,7490,49973531,40022146
2022-08-05,421,6526,49973952,40028672
2022-08-06,299,3613,49974251,40032285
2022-08-07,44,561,49974295,40032846
2022-08-08,403,4890,49974698,40037736
2022-08-09,381,5312,49975079,40043048
2022-08-10,385,4816,49975464,40047864
2022-08-11,369,4803,49975833,40052667
2022-08-12,293,3720,49976126,40056387
2022-08-13,143,1600,49976269,40057987
2022-08-14,9,129,49976278,40058116
2022-08-15,1,26,49976279,40058142
2022-08-16,283,3043,49976562,40061185
2022-08-17,352,3536,49976914,40064721
2022-08-18,392,4160,49977306,40068881
2022-08-19,341,3319,49977647,40072200
2022-08-20,183,1715,49977830,40073915
2022-08-21,24,149,49977854,40074064
2022-08-22,329,2952,49978183,40077016
2022-08-23,370,3674,49978553,40080690
2022-08-24,384,3360,49978937,40084050
2022-08-25,422,3774,49979359,40087824
2022-08-26,399,3575,49979758,40091399
2022-08-27,237,1769,49979995,40093168
2022-08-28,29,267,49980024,40093435
2022-08-29,354,3161,49980378,40096596
2022-08-30,404,3671,49980782,40100267
2022-08-31,438,3734,49981220,40104001
2022-09-01,353,3116,49981573,40107117
2022-09-02,296,2893,49981869,40110010
2022-09-03,200,1689,49982069,40111699
2022-09-04,24,149,49982093,40111848
2022-09-05,187,2656,49982280,40114504
2022-09-06,306,2982,49982586,40117486
2022-09-07,541,2937,49983127,40120423
2022-09-08,293,2963,49983420,40123386
2022-09-09,305,2886,49983725,40126272
2022-09-10,228,1326,49983953,40127598
2022-09-11,23,124,49983976,40127722
2022-09-12,267,2267,49984243,40129989
2022-09-13,252,2276,49984495,40132265
2022-09-14,266,2566,49984761,40134831
2022-09-15,282,2500,49985043,40137331
2022-09-16,255,2546,49985298,40139877
2022-09-17,239,1339,49985537,40141216
2022-09-18,20,170,49985557,40141386
2022-09-19,206,1971,49985763,40143357
2022-09-20,236,2391,49985999,40145748
2022-09-21,289,2526,49986288,40148274
2022-09-22,266,2662,49986554,40150936
2022-09-23,259,2545,49986813,40153481
2022-09-24,193,1427,49987006,40154908
2022-09-25,29,133,49987035,40155041
2022-09-26,280,2248,49987315,40157289
2022-09-27,287,2682,49987602,40159971
2022-09-28,310,2904,49987912,40162875
2022-09-29,257,3049,49988169,40165924
2022-09-30,292,2989,49988461,40168913
2022-10-01,195,1515,49988656,40170428
2022-10-02,12,187,49988668,40170615
2022-10-03,185,2474,49988853,40173089
2022-10-04,236,2862,49989089,40175951
2022-10-05,229,3252,49989318,40179203
2022-10-06,243,3874,49989561,40183077
2022-10-07,282,4188,49989843,40187265
2022-10-08,203,2270,49990046,40189535
2022-10-09,8,305,49990054,40189840
2022-10-10,210,3356,49990264,40193196
2022-10-11,193,4378,49990457,40197574
2022-10-12,209,4441,49990666,40202015
2022-10-13,203,5304,49990869,40207319
2022-10-14,232,5023,49991101,40212342
2022-10-15,190,2671,49991291,40215013
2022-10-16,6,360,49991297,40215373
2022-10-17,186,3871,49991483,40219244
2022-10-18,257,4965,49991740,40224209
2022-10-19,244,5477,49991984,40229686
2022-10-20,224,5993,49992208,40235679
2022-10-21,250,5476,49992458,40241155
2022-10-22,195,2911,49992653,40244066
2022-10-23,13,364,49992666,40244430
2022-10-24,171,3929,49992837,40248359
2022-10-25,253,4926,49993090,40253285
2022-10-26,347,5500,49993437,40258785
2022-10-27,241,5671,49993678,40264456
2022-10-28,199,5261,49993877,40269717
2022-10-29,128,2844,49994005,40272561
2022-10-30,3,328,49994008,40272889
2022-10-31,117,3037,49994125,40275926
2022-11-01,11,353,49994136,40276279
2022-11-02,143,3721,49994279,40280000
2022-11-03,173,4785,49994452,40284785
2022-11-04,225,4603,49994677,40289388
2022-11-05,144,2597,49994821,40291985
2022-11-06,10,261,49994831,40292246
2022-11-07,169,3224,49995000,40295470
2022-11-08,260,4244,49995260,40299714
2022-11-09,197,4330,49995457,40304044
2022-11-10,183,4586,49995640,40308630
2022-11-11,193,4219,49995833,40312849
2022-11-12,152,2370,49995985,40315219
2022-11-13,7,335,49995992,40315554
2022-11-14,149,2837,49996141,40318391
2022-11-15,202,3743,49996343,40322134
2022-11-16,215,3981,49996558,40326115
2022-11-17,191,4092,49996749,40330207
2022-11-18,247,4020,49996996,40334227
2022-11-19,112,2099,49997108,40336326
2022-11-20,24,317,49997132,40336643
2022-11-21,118,2613,49997250,40339256
2022-11-22,142,3209,49997392,40342465
2022-11-23,191,3615,49997583,40346080
2022-11-24,156,3816,49997739,40349896
2022-11-25,185,3770,49997924,40353666
2022-11-26,130,2091,49998054,40355757
2022-11-27,22,356,49998076,40356113
2022-11-28,181,2671,49998257,40358784
2022-11-29,183,3212,49998440,40361996
2022-11-30,179,3720,49998619,40365716
2022-12-01,223,3608,49998842,40369324
2022-12-02,156,3507,49998998,40372831
2022-12-03,104,1955,49999102,40374786
2022-12-04,5,290,49999107,40375076
2022-12-05,127,2837,49999234,40377913
2022-12-06,176,3635,49999410,40381548
2022-12-07,135,3106,49999545,40384654
2022-12-08,8,169,49999553,40384823
2022-12-09,156,3000,49999709,40387823
2022-12-10,78,1599,49999787,40389422
2022-12-11,7,192,49999794,40389614
2022-12-12,169,2501,49999963,40392115
2022-12-13,220,2995,50000183,40395110
2022-12-14,221,3154,50000404,40398264
2022-12-15,199,3106,50000603,40401370
2022-12-16,151,2996,50000754,40404366
2022-12-17,94,1626,50000848,40405992
2022-12-18,10,270,50000858,40406262
2022-12-19,74,1104,50000932,40407366