data_somministrazione,vaccinazioni,booster,cum_vaccinazioni,cum_booster
2020-12-27,18,0,18,0
2020-12-28,2,0,20,0
2020-12-29,1,0,21,0
2020-12-30,6,0,27,0
2020-12-31,52,0,79,0
2021-01-01,20,0,99,0
2021-01-02,88,0,187,0
2021-01-03,67,0,254,0
2021-01-04,182,0,436,0
2021-01-05,223,0,659,0
2021-01-06,176,0,835,0
2021-01-07,264,0,1099,0
2021-01-08,311,0,1410,0
2021-01-09,232,0,1642,0
2021-01-10,138,0,1780,0
2021-01-11,254,0,2034,0
2021-01-12,258,0,2292,0
2021-01-13,370,0,2662,0
2021-01-14,460,0,3122,0
2021-01-15,282,0,3404,0
2021-01-16,196,0,3600,0
2021-01-17,3054,0,6654,0
2021-01-18,5205,0,11859,0
2021-01-19,1890,0,13749,0
2021-01-20,4650,0,18399,0
2021-01-21,20009,0,38408,0
2021-01-22,14201,0,52609,0
2021-01-23,33341,0,85950,0
2021-01-24,30794,0,116744,0
2021-01-25,64747,0,181491,0
2021-01-26,76507,0,257998,0
2021-01-27,64856,0,322854,0
2021-01-28,89317,0,412171,0
2021-01-29,94047,0,506218,0
2021-01-30,86586,0,592804,0
2021-01-31,57345,0,650149,0
2021-02-01,81882,0,732031,0
2021-02-02,82149,0,814180,0
2021-02-03,91201,0,905381,0
2021-02-04,95405,0,1000786,0
2021-02-05,90293,0,1091079,0
2021-02-06,63451,0,1154530,0
2021-02-07,32925,0,1187455,0
2021-02-08,40433,0,1227888,0
2021-02-09,32863,0,1260751,0
2021-02-10,28413,0,1289164,0
2021-02-11,20379,0,1309543,0
2021-02-12,16220,0,1325763,0
2021-02-13,7241,0,1333004,0
2021-02-14,2861,0,1335865,0
2021-02-15,6835,0,1342700,0
2021-02-16,6991,0,1349691,0
2021-02-17,10517,0,1360208,0
2021-02-18,9241,0,1369449,0
2021-02-19,8231,0,1377680,0
2021-02-20,5531,0,1383211,0
2021-02-21,2976,0,1386187,0
2021-02-22,6875,0,1393062,0
2021-02-23,7153,0,1400215,0
2021-02-24,9822,0,1410037,0
2021-02-25,14197,0,1424234,0
2021-02-26,17544,0,1441778,0
2021-02-27,13894,0,1455672,0
2021-02-28,9382,0,1465054,0
2021-03-01,26505,0,1491559,0
2021-03-02,33230,0,1524789,0
2021-03-03,44642,0,1569431,0
2021-03-04,50289,0,1619720,0
2021-03-05,55734,0,1675454,0
2021-03-06,41868,0,1717322,0
2021-03-07,22318,0,1739640,0
2021-03-08,50786,0,1790426,0
2021-03-09,53054,0,1843480,0
2021-03-10,58614,0,1902094,0
2021-03-11,63820,0,1965914,0
2021-03-12,65085,0,2030999,0
2021-03-13,51695,0,2082694,0
2021-03-14,35382,0,2118076,0
2021-03-15,73419,0,2191495,0
2021-03-16,74021,0,2265516,0
2021-03-17,83126,0,2348642,0
2021-03-18,81616,0,2430258,0
2021-03-19,81078,0,2511336,0
2021-03-20,64700,0,2576036,0
2021-03-21,47284,0,2623320,0
2021-03-22,69464,0,2692784,0
2021-03-23,75774,0,2768558,0
2021-03-24,90874,0,2859432,0
2021-03-25,89775,0,2949207,0
2021-03-26,83588,0,3032795,0
2021-03-27,71902,0,3104697,0
2021-03-28,44112,0,3148809,0
2021-03-29,70794,0,3219603,0
2021-03-30,81344,0,3300947,0
2021-03-31,96195,0,3397142,0
2021-04-01,95284,0,3492426,0
2021-04-02,84060,0,3576486,0
2021-04-03,64291,0,3640777,0
2021-04-04,21713,0,3662490,0
2021-04-05,40293,0,3702783,0
2021-04-06,81288,0,3784071,0
2021-04-07,95790,0,3879861,0
2021-04-08,95215,0,3975076,0
2021-04-09,88465,0,4063541,0
2021-04-10,74012,0,4137553,0
2021-04-11,44740,0,4182293,0
2021-04-12,66898,0,4249191,0
2021-04-13,72551,0,4321742,0
2021-04-14,85512,0,4407254,0
2021-04-15,105391,0,4512645,0
2021-04-16,106397,0,4619042,0
2021-04-17,90474,0,4709516,0
2021-04-18,58580,0,4768096,0
2021-04-19,93425,0,4861521,0
2021-04-20,103753,0,4965274,0
2021-04-21,125319,0,5090593,0
2021-04-22,143499,0,5234092,0
2021-04-23,138702,0,5372794,0
2021-04-24,124425,0,5497219,0
2021-04-25,61445,0,5558664,0
2021-04-26,97867,0,5656531,0
2021-04-27,128344,0,5784875,0
2021-04-28,156341,0,5941216,0
2021-04-29,195564,0,6136780,0
2021-04-30,214544,0,6351324,0
2021-05-01,174081,0,6525405,0
2021-05-02,135783,0,6661188,0
2021-05-03,141989,0,6803177,0
2021-05-04,158673,0,6961850,0
2021-05-05,170455,0,7132305,0
2021-05-06,197779,0,7330084,0
2021-05-07,213784,0,7543868,0
2021-05-08,213364,0,7757232,0
2021-05-09,143184,0,7900416,0
2021-05-10,165060,0,8065476,0
2021-05-11,174933,0,8240409,0
2021-05-12,179126,0,8419535,0
2021-05-13,203338,0,8622873,0
2021-05-14,222875,0,8845748,0
2021-05-15,210314,0,9056062,0
2021-05-16,159248,0,9215310,0
2021-05-17,219166,0,9434476,0
2021-05-18,212988,0,9647464,0
2021-05-19,207045,0,9854509,0
2021-05-20,270827,0,10125336,0
2021-05-21,270840,0,10396176,0
2021-05-22,245500,0,10641676,0
2021-05-23,197163,0,10838839,0
2021-05-24,228275,0,11067114,0
2021-05-25,245667,0,11312781,0
2021-05-26,277464,0,11590245,0
2021-05-27,311059,0,11901304,0
2021-05-28,299537,0,12200841,0
2021-05-29,231180,0,12432021,0
2021-05-30,170806,0,12602827,0
2021-05-31,216382,0,12819209,0
2021-06-01,207616,0,13026825,0
2021-06-02,115748,0,13142573,0
2021-06-03,180073,0,13322646,0
2021-06-04,184817,0,13507463,0
2021-06-05,185891,0,13693354,0
2021-06-06,139486,0,13832840,0
2021-06-07,161790,0,13994630,0
2021-06-08,171118,0,14165748,0
2021-06-09,171383,0,14337131,0
2021-06-10,173983,0,14511114,0
2021-06-11,169895,0,14681009,0
2021-06-12,128268,0,14809277,0
2021-06-13,91111,0,14900388,0
2021-06-14,214610,0,15114998,0
2021-06-15,228345,0,15343343,0
2021-06-16,253003,0,15596346,0
2021-06-17,301668,0,15898014,0
2021-06-18,306222,0,16204236,0
2021-06-19,275024,0,16479260,0
2021-06-20,220693,0,16699953,0
2021-06-21,288009,0,16987962,0
2021-06-22,296156,0,17284118,0
2021-06-23,302646,0,17586764,0
2021-06-24,332526,0,17919290,0
2021-06-25,348674,0,18267964,0
2021-06-26,300072,0,18568036,0
2021-06-27,228595,0,18796631,0
2021-06-28,307009,0,19103640,0
2021-06-29,329200,0,19432840,0
2021-06-30,342068,0,19774908,0
2021-07-01,363127,0,20138035,0
2021-07-02,368414,0,20506449,0
2021-07-03,371054,0,20877503,0
2021-07-04,283182,0,21160685,0
2021-07-05,384492,0,21545177,0
2021-07-06,385412,0,21930589,0
2021-07-07,412044,0,22342633,0
2021-07-08,479631,0,22822264,0
2021-07-09,498505,0,23320769,0
2021-07-10,475180,0,23795949,0
2021-07-11,357702,0,24153651,0
2021-07-12,485920,0,24639571,0
2021-07-13,492157,0,25131728,0
2021-07-14,480487,0,25612215,0
2021-07-15,523522,0,26135737,0
2021-07-16,509792,0,26645529,0
2021-07-17,464382,0,27109911,0
2021-07-18,364705,0,27474616,0
2021-07-19,463084,0,27937700,0
2021-07-20,458104,0,28395804,0
2021-07-21,462820,0,28858624,0
2021-07-22,475395,0,29334019,0
2021-07-23,441312,0,29775331,0
2021-07-24,386189,0,30161520,0
2021-07-25,287613,0,30449133,0
2021-07-26,430911,0,30880044,0
2021-07-27,440130,0,31320174,0
2021-07-28,391027,0,31711201,0
2021-07-29,372082,0,32083283,0
2021-07-30,341480,0,32424763,0
2021-07-31,286990,0,32711753,0
2021-08-01,191016,0,32902769,0
2021-08-02,333719,0,33236488,0
2021-08-03,323180,0,33559668,0
2021-08-04,310965,0,33870633,0
2021-08-05,292514,0,34163147,0
2021-08-06,259989,0,34423136,0
2021-08-07,199028,0,34622164,0
2021-08-08,153102,0,34775266,0
2021-08-09,234064,0,35009330,0
2021-08-10,205240,0,35214570,0
2021-08-11,193732,0,35408302,0
2021-08-12,167945,0,35576247,0
2021-08-13,148576,0,35724823,0
2021-08-14,66082,0,35790905,0
2021-08-15,26329,0,35817234,0
2021-08-16,114661,0,35931895,0
2021-08-17,129227,0,36061122,0
2021-08-18,128720,0,36189842,0
2021-08-19,124768,0,36314610,0
2021-08-20,123771,0,36438381,0
2021-08-21,83099,0,36521480,0
2021-08-22,68159,0,36589639,0
2021-08-23,176862,0,36766501,0
2021-08-24,156895,0,36923396,0
2021-08-25,177164,0,37100560,0
2021-08-26,172342,0,37272902,0
2021-08-27,185857,0,37458759,0
2021-08-28,140265,0,37599024,0
2021-08-29,99012,0,37698036,0
2021-08-30,209627,0,37907663,0
2021-08-31,194620,0,38102283,0
2021-09-01,192211,0,38294494,0
2021-09-02,189937,0,38484431,0
2021-09-03,191353,0,38675784,0
2021-09-04,131492,0,38807276,0
2021-09-05,87874,0,38895150,0
2021-09-06,193661,0,39088811,0
2021-09-07,196074,0,39284885,0
2021-09-08,187917,0,39472802,0
2021-09-09,201486,0,39674288,0
2021-09-10,198119,0,39872407,0
2021-09-11,141336,0,40013743,0
2021-09-12,89606,0,40103349,0
2021-09-13,191191,515,40294540,515
2021-09-14,177277,550,40471817,1065
2021-09-15,163130,552,40634947,1617
2021-09-16,160103,892,40795050,2509
2021-09-17,150169,1090,40945219,3599
2021-09-18,127974,714,41073193,4313
2021-09-19,81133,478,41154326,4791
2021-09-20,180076,9048,41334402,13839
2021-09-21,166611,8813,41501013,22652
2021-09-22,159063,9415,41660076,32067
2021-09-23,138065,9308,41798141,41375
2021-09-24,140530,8940,41938671,50315
2021-09-25,119533,5621,42058204,55936
2021-09-26,71944,4332,42130148,60268
2021-09-27,135616,10030,42265764,70298
2021-09-28,117467,11369,42383231,81667
2021-09-29,112305,11819,42495536,93486
2021-09-30,110216,14925,42605752,108411
2021-10-01,94953,19096,42700705,127507
2021-10-02,78456,14010,42779161,141517
2021-10-03,47712,7651,42826873,149168
2021-10-04,88369,34436,42915242,183604
2021-10-05,80351,33962,42995593,217566
2021-10-06,71967,34144,43067560,251710
2021-10-07,71834,34334,43139394,286044
2021-10-08,80610,33579,43220004,319623
2021-10-09,76090,22157,43296094,341780
2021-10-10,45768,13609,43341862,355389
2021-10-11,87394,41092,43429256,396481
2021-10-12,84476,46883,43513732,443364
2021-10-13,88180,52095,43601912,495459
2021-10-14,91505,58488,43693417,553947
2021-10-15,93575,55603,43786992,609550
2021-10-16,82950,36768,43869942,646318
2021-10-17,51457,23817,43921399,670135
2021-10-18,90278,59467,44011677,729602
2021-10-19,78333,69360,44090010,798962
2021-10-20,75072,78140,44165082,877102
2021-10-21,78303,81732,44243385,958834
2021-10-22,73796,77004,44317181,1035838
2021-10-23,60809,51945,44377990,1087783
2021-10-24,33388,23435,44411378,1111218
2021-10-25,64900,81613,44476278,1192831
2021-10-26,58368,91765,44534646,1284596
2021-10-27,58326,103945,44592972,1388541
2021-10-28,61459,114089,44654431,1502630
2021-10-29,61668,103088,44716099,1605718
2021-10-30,50672,68104,44766771,1673822
2021-10-31,25168,28280,44791939,1702102
2021-11-01,19046,28145,44810985,1730247
2021-11-02,62779,89348,44873764,1819595
2021-11-03,60731,118649,44934495,1938244
2021-11-04,59246,126641,44993741,2064885
2021-11-05,63101,135153,45056842,2200038
2021-11-06,46470,90918,45103312,2290956
2021-11-07,22253,37889,45125565,2328845
2021-11-08,51526,131247,45177091,2460092
2021-11-09,45402,144175,45222493,2604267
2021-11-10,42573,156340,45265066,2760607
2021-11-11,44933,155122,45309999,2915729
2021-11-12,46368,158551,45356367,3074280
2021-11-13,33251,116640,45389618,3190920
2021-11-14,14475,52445,45404093,3243365
2021-11-15,36892,157410,45440985,3400775
2021-11-16,30539,171362,45471524,3572137
2021-11-17,28437,178425,45499961,3750562
2021-11-18,30273,193700,45530234,3944262
2021-11-19,28788,205833,45559022,4150095
2021-11-20,20981,156432,45580003,4306527
2021-11-21,10603,64851,45590606,4371378
2021-11-22,21924,213135,45612530,4584513
2021-11-23,23552,241732,45636082,4826245
2021-11-24,27818,270932,45663900,5097177
2021-11-25,23209,301891,45687109,5399068
2021-11-26,24555,318253,45711664,5717321
2021-11-27,21362,266141,45733026,5983462
2021-11-28,9886,137050,45742912,6120512
2021-11-29,22301,326052,45765213,6446564
2021-11-30,23062,365811,45788275,6812375
2021-12-01,21499,413488,45809774,7225863
2021-12-02,23736,440378,45833510,7666241
2021-12-03,25197,467436,45858707,8133677
2021-12-04,22330,418717,45881037,8552394
2021-12-05,11898,261328,45892935,8813722
2021-12-06,25785,457554,45918720,9271276
2021-12-07,24094,480236,45942814,9751512
2021-12-08,9978,249674,45952792,10001186
2021-12-09,31531,491903,45984323,10493089
2021-12-10,28018,517849,46012341,11010938
2021-12-11,23522,459230,46035863,11470168
2021-12-12,12282,293487,46048145,11763655
2021-12-13,26114,467609,46074259,12231264
2021-12-14,25132,494176,46099391,12725440
2021-12-15,25288,517118,46124679,13242558
2021-12-16,27833,520234,46152512,13762792
2021-12-17,29298,517147,46181810,14279939
2021-12-18,26979,468701,46208789,14748640
2021-12-19,15112,300509,46223901,15049149
2021-12-20,30564,477456,46254465,15526605
2021-12-21,30308,493362,46284773,16019967
2021-12-22,29388,484681,46314161,16504648
2021-12-23,28179,426885,46342340,16931533
2021-12-24,13093,210812,46355433,17142345
2021-12-25,2101,33053,46357534,17175398
2021-12-26,8740,159060,46366274,17334458
2021-12-27,46701,504638,46412975,17839096
2021-12-28,42370,554179,46455345,18393275
2021-12-29,34230,550631,46489575,18943906
2021-12-30,31739,499803,46521314,19443709
2021-12-31,14075,247389,46535389,19691098
2022-01-01,3483,64811,46538872,19755909
2022-01-02,22690,276715,46561562,20032624
2022-01-03,47687,519999,46609249,20552623
2022-01-04,46187,572058,46655436,21124681
2022-01-05,40583,560371,46696019,21685052
2022-01-06,23379,274476,46719398,21959528
2022-01-07,63489,554168,46782887,22513696
2022-01-08,60640,503361,46843527,23017057
2022-01-09,42661,319681,46886188,23336738
2022-01-10,60892,542259,46947080,23878997
2022-01-11,61486,586967,47008566,24465964
2022-01-12,58232,581266,47066798,25047230
2022-01-13,58374,580361,47125172,25627591
2022-01-14,46562,588550,47171734,26216141
2022-01-15,39094,569923,47210828,26786064
2022-01-16,31017,341847,47241845,27127911
2022-01-17,54606,489640,47296451,27617551
2022-01-18,58218,517000,47354669,28134551
2022-01-19,57037,502767,47411706,28637318
2022-01-20,54184,498798,47465890,29136116
2022-01-21,41902,493850,47507792,29629966
2022-01-22,30993,469580,47538785,30099546
2022-01-23,34803,275361,47573588,30374907
2022-01-24,56069,437200,47629657,30812107
2022-01-25,61425,452077,47691082,31264184
2022-01-26,58428,435802,47749510,31699986
2022-01-27,48739,432344,47798249,32132330
2022-01-28,58543,436515,47856792,32568845
2022-01-29,67975,412469,47924767,32981314
2022-01-30,50285,235960,47975052,33217274
2022-01-31,60471,356914,48035523,33574188
2022-02-01,65419,328420,48100942,33902608
2022-02-02,63072,296949,48164014,34199557
2022-02-03,59954,274505,48223968,34474062
2022-02-04,72266,268433,48296234,34742495
2022-02-05,83662,248518,48379896,34991013
2022-02-06,55216,116191,48435112,35107204
2022-02-07,65065,199923,48500177,35307127
2022-02-08,66858,186099,48567035,35493226
2022-02-09,58685,166325,48625720,35659551
2022-02-10,58480,163227,48684200,35822778
2022-02-11,62157,162446,48746357,35985224
2022-02-12,71908,152131,48818265,36137355
2022-02-13,41438,68848,48859703,36206203
2022-02-14,46625,116177,48906328,36322380
2022-02-15,48463,123475,48954791,36445855
2022-02-16,45624,106105,49000415,36551960
2022-02-17,42824,98095,49043239,36650055
2022-02-18,46563,112564,49089802,36762619
2022-02-19,52490,100324,49142292,36862943
2022-02-20,31399,40358,49173691,36903301
2022-02-21,37869,89636,49211560,36992937
2022-02-22,37177,83764,49248737,37076701
2022-02-23,33358,79400,49282095,37156101
2022-02-24,32534,78156,49314629,37234257
2022-02-25,34727,90700,49349356,37324957
2022-02-26,39128,89130,49388484,37414087
2022-02-27,22535,35855,49411019,37449942
2022-02-28,28447,81688,49439466,37531630
2022-03-01,22672,53932,49462138,37585562
2022-03-02,21976,50625,49484114,37636187
2022-03-03,22577,54936,49506691,37691123
2022-03-04,23199,62788,49529890,37753911
2022-03-05,23763,57948,49553653,37811859
2022-03-06,9467,17199,49563120,37829058
2022-03-07,15883,51386,49579003,37880444
2022-03-08,15433,48795,49594436,37929239
2022-03-09,13784,46510,49608220,37975749
2022-03-10,14012,52113,49622232,38027862
2022-03-11,15544,57244,49637776,38085106
2022-03-12,15476,56612,49653252,38141718
2022-03-13,5539,16848,49658791,38158566
2022-03-14,10509,46690,49669300,38205256
2022-03-15,10516,46891,49679816,38252147
2022-03-16,9459,41975,49689275,38294122
2022-03-17,9689,44872,49698964,38338994
2022-03-18,10143,49044,49709107,38388038
2022-03-19,9135,46530,49718242,38434568
2022-03-20,2603,11699,49720845,38446267
2022-03-21,7563,40215,49728408,38486482
2022-03-22,8427,37743,49736835,38524225
2022-03-23,7196,33695,49744031,38557920
2022-03-24,8239,38789,49752270,38596709
2022-03-25,8109,43659,49760379,38640368
2022-03-26,8114,41717,49768493,38682085
2022-03-27,2424,9683,49770917,38691768
2022-03-28,6093,35227,49777010,38726995
2022-03-29,5769,32522,49782779,38759517
2022-03-30,5549,30193,49788328,38789710
2022-03-31,5874,33166,49794202,38822876
2022-04-01,4338,25177,49798540,38848053
2022-04-02,4485,23269,49803025,38871322
2022-04-03,1045,4499,49804070,38875821
2022-04-04,3647,21532,49807717,38897353
2022-04-05,3743,22922,49811460,38920275
2022-04-06,4091,21835,49815551,38942110
2022-04-07,3947,23317,49819498,38965427
2022-04-08,4679,26707,49824177,38992134
2022-04-09,4372,23879,49828549,39016013
2022-04-10,891,4614,49829440,39020627
2022-04-11,3797,22681,49833237,39043308
2022-04-12,3350,21773,49836587,39065081
2022-04-13,3553,21334,49840140,39086415
2022-04-14,3475,23771,49843615,39110186
2022-04-15,3075,20613,49846690,39130799
2022-04-16,2145,11920,49848835,39142719
2022-04-17,63,348,49848898,39143067
2022-04-18,148,650,49849046,39143717
2022-04-19,3479,21976,49852525,39165693
2022-04-20,3490,20249,49856015,39185942
2022-04-21,2833,19774,49858848,39205716
2022-04-22,2910,20694,49861758,39226410
2022-04-23,2633,16204,49864391,39242614
2022-04-24,509,2335,49864900,39244949
2022-04-25,183,1165,49865083,39246114
2022-04-26,2754,17790,49867837,39263904
2022-04-27,2362,15777,49870199,39279681
2022-04-28,2344,15533,49872543,39295214
2022-04-29,2287,14831,49874830,39310045
2022-04-30,2115,11576,49876945,39321621
2022-05-01,113,530,49877058,39322151
2022-05-02,1441,9380,49878499,39331531
2022-05-03,1569,10306,49880068,39341837
2022-05-04,1744,10254,49881812,39352091
2022-05-05,1645,10261,49883457,39362352
2022-05-06,1692,10942,49885149,39373294
2022-05-07,1429,8562,49886578,39381856
2022-05-08,404,1514,49886982,39383370
2022-05-09,1024,8914,49888006,39392284
2022-05-10,1418,9536,49889424,39401820
2022-05-11,1476,10087,49890900,39411907
2022-05-12,1361,10117,49892261,39422024
2022-05-13,1586,10505,49893847,39432529
2022-05-14,1356,8226,49895203,39440755
2022-05-15,336,1129,49895539,39441884
2022-05-16,808,8386,49896347,39450270
2022-05-17,1241,8665,49897588,39458935
2022-05-18,1368,9206,49898956,39468141
2022-05-19,1495,9265,49900451,39477406
2022-05-20,1419,9488,49901870,39486894
2022-05-21,1299,7892,49903169,39494786
2022-05-22,232,1012,49903401,39495798
2022-05-23,824,8259,49904225,39504057
2022-05-24,1069,8662,49905294,39512719
2022-05-25,1363,9443,49906657,39522162
2022-05-26,1192,9452,49907849,39531614
2022-05-27,1223,9907,49909072,39541521
2022-05-28,1201,7871,49910273,39549392
2022-05-29,285,1263,49910558,39550655
2022-05-30,926,8023,49911484,39558678
2022-05-31,1033,8528,49912517,39567206
2022-06-01,890,7641,49913407,39574847
2022-06-02,34,474,49913441,39575321
2022-06-03,811,7326,49914252,39582647
2022-06-04,869,5155,49915121,39587802
2022-06-05,89,586,49915210,39588388
2022-06-06,663,6961,49915873,39595349
2022-06-07,928,7841,49916801,39603190
2022-06-08,977,7896,49917778,39611086
2022-06-09,1031,8398,49918809,39619484
2022-06-10,949,8534,49919758,39628018
2022-06-11,897,6208,49920655,39634226
2022-06-12,140,767,49920795,39634993
2022-06-13,600,6292,49921395,39641285
2022-06-14,823,7868,49922218,39649153
2022-06-15,948,7842,49923166,39656995
2022-06-16,726,7381,49923892,39664376
2022-06-17,715,7229,49924607,39671605
2022-06-18,774,5587,49925381,39677192
2022-06-19,45,522,49925426,39677714
2022-06-20,587,6690,49926013,39684404
2022-06-21,728,7635,49926741,39692039
2022-06-22,773,7298,49927514,39699337
2022-06-23,644,7452,49928158,39706789
2022-06-24,636,7452,49928794,39714241
2022-06-25,835,6531,49929629,39720772
2022-06-26,128,523,49929757,39721295
2022-06-27,528,7110,49930285,39728405
2022-06-28,739,8188,49931024,39736593
2022-06-29,755,7706,49931779,39744299
2022-06-30,738,8121,49932517,39752420
2022-07-01,574,6436,49933091,39758856
2022-07-02,533,4763,49933624,39763619
2022-07-03,49,455,49933673,39764074
2022-07-04,468,6255,49934141,39770329
2022-07-05,616,8104,49934757,39778433
2022-07-06,621,7566,49935378,39785999
2022-07-07,556,8240,49935934,39794239
2022-07-08,668,8060,49936602,39802299
2022-07-09,548,6101,49937150,39808400
2022-07-10,59,533,49937209,39808933
2022-07-11,473,7622,49937682,39816555
2022-07-12,647,8953,49938329,39825508
2022-07-13,622,10043,49938951,39835551
2022-07-14,618,10161,49939569,39845712
2022-07-15,614,10578,49940183,39856290
2022-07-16,512,7186,49940695,39863476
2022-07-17,48,767,49940743,39864243
2022-07-18,492,9317,49941235,39873560
2022-07-19,557,10527,49941792,39884087
2022-07-20,555,11153,49942347,39895240
2022-07-21,611,11919,49942958,39907159
2022-07-22,551,11037,49943509,39918196
2022-07-23,370,6643,49943879,39924839
2022-07-24,60,829,49943939,39925668
2022-07-25,475,8789,49944414,39934457
2022-07-26,542,8854,49944956,39943311