data_somministrazione,vaccinazioni,booster,cum_vaccinazioni,cum_booster
2020-12-27,20,0,20,0
2020-12-28,2,0,22,0
2020-12-29,1,0,23,0
2020-12-30,8,0,31,0
2020-12-31,73,0,104,0
2021-01-01,23,0,127,0
2021-01-02,127,0,254,0
2021-01-03,92,0,346,0
2021-01-04,218,0,564,0
2021-01-05,255,0,819,0
2021-01-06,225,0,1044,0
2021-01-07,306,0,1350,0
2021-01-08,353,0,1703,0
2021-01-09,265,0,1968,0
2021-01-10,159,0,2127,0
2021-01-11,287,0,2414,0
2021-01-12,275,0,2689,0
2021-01-13,403,0,3092,0
2021-01-14,488,0,3580,0
2021-01-15,305,0,3885,0
2021-01-16,214,0,4099,0
2021-01-17,3060,0,7159,0
2021-01-18,5215,0,12374,0
2021-01-19,1893,0,14267,0
2021-01-20,4657,0,18924,0
2021-01-21,20005,0,38929,0
2021-01-22,14220,0,53149,0
2021-01-23,33328,0,86477,0
2021-01-24,30783,0,117260,0
2021-01-25,64722,0,181982,0
2021-01-26,76489,0,258471,0
2021-01-27,64825,0,323296,0
2021-01-28,89270,0,412566,0
2021-01-29,94019,0,506585,0
2021-01-30,86554,0,593139,0
2021-01-31,57329,0,650468,0
2021-02-01,81853,0,732321,0
2021-02-02,82140,0,814461,0
2021-02-03,91115,0,905576,0
2021-02-04,95394,0,1000970,0
2021-02-05,90272,0,1091242,0
2021-02-06,63449,0,1154691,0
2021-02-07,32932,0,1187623,0
2021-02-08,40423,0,1228046,0
2021-02-09,32869,0,1260915,0
2021-02-10,28428,0,1289343,0
2021-02-11,20403,0,1309746,0
2021-02-12,16238,0,1325984,0
2021-02-13,7273,0,1333257,0
2021-02-14,2862,0,1336119,0
2021-02-15,6842,0,1342961,0
2021-02-16,7001,0,1349962,0
2021-02-17,10525,0,1360487,0
2021-02-18,9252,0,1369739,0
2021-02-19,8250,0,1377989,0
2021-02-20,5565,0,1383554,0
2021-02-21,3003,0,1386557,0
2021-02-22,6884,0,1393441,0
2021-02-23,7177,0,1400618,0
2021-02-24,9808,0,1410426,0
2021-02-25,14211,0,1424637,0
2021-02-26,17554,0,1442191,0
2021-02-27,13914,0,1456105,0
2021-02-28,9389,0,1465494,0
2021-03-01,26519,0,1492013,0
2021-03-02,33244,0,1525257,0
2021-03-03,44649,0,1569906,0
2021-03-04,50292,0,1620198,0
2021-03-05,55733,0,1675931,0
2021-03-06,41870,0,1717801,0
2021-03-07,22322,0,1740123,0
2021-03-08,50823,0,1790946,0
2021-03-09,53076,0,1844022,0
2021-03-10,58654,0,1902676,0
2021-03-11,63869,0,1966545,0
2021-03-12,65111,0,2031656,0
2021-03-13,51723,0,2083379,0
2021-03-14,35402,0,2118781,0
2021-03-15,73446,0,2192227,0
2021-03-16,74026,0,2266253,0
2021-03-17,83129,0,2349382,0
2021-03-18,81628,0,2431010,0
2021-03-19,81084,0,2512094,0
2021-03-20,64725,0,2576819,0
2021-03-21,47301,0,2624120,0
2021-03-22,69485,0,2693605,0
2021-03-23,75802,0,2769407,0
2021-03-24,90917,0,2860324,0
2021-03-25,89810,0,2950134,0
2021-03-26,83629,0,3033763,0
2021-03-27,71946,0,3105709,0
2021-03-28,44148,0,3149857,0
2021-03-29,70829,0,3220686,0
2021-03-30,81390,0,3302076,0
2021-03-31,96241,0,3398317,0
2021-04-01,95311,0,3493628,0
2021-04-02,84075,0,3577703,0
2021-04-03,64305,0,3642008,0
2021-04-04,21718,0,3663726,0
2021-04-05,40315,0,3704041,0
2021-04-06,81322,0,3785363,0
2021-04-07,95834,0,3881197,0
2021-04-08,95243,0,3976440,0
2021-04-09,88493,0,4064933,0
2021-04-10,74032,0,4138965,0
2021-04-11,44766,0,4183731,0
2021-04-12,66918,0,4250649,0
2021-04-13,72580,0,4323229,0
2021-04-14,85544,0,4408773,0
2021-04-15,105415,0,4514188,0
2021-04-16,106419,0,4620607,0
2021-04-17,90517,0,4711124,0
2021-04-18,58595,0,4769719,0
2021-04-19,93432,0,4863151,0
2021-04-20,103771,0,4966922,0
2021-04-21,125342,0,5092264,0
2021-04-22,143521,0,5235785,0
2021-04-23,138744,0,5374529,0
2021-04-24,124445,0,5498974,0
2021-04-25,61458,0,5560432,0
2021-04-26,97893,0,5658325,0
2021-04-27,128360,0,5786685,0
2021-04-28,156374,0,5943059,0
2021-04-29,195596,0,6138655,0
2021-04-30,214584,0,6353239,0
2021-05-01,174122,0,6527361,0
2021-05-02,135803,0,6663164,0
2021-05-03,142046,0,6805210,0
2021-05-04,158695,0,6963905,0
2021-05-05,170508,0,7134413,0
2021-05-06,197810,0,7332223,0
2021-05-07,213851,0,7546074,0
2021-05-08,213418,0,7759492,0
2021-05-09,143204,0,7902696,0
2021-05-10,165081,0,8067777,0
2021-05-11,174990,0,8242767,0
2021-05-12,179189,0,8421956,0
2021-05-13,203394,0,8625350,0
2021-05-14,222923,0,8848273,0
2021-05-15,210375,0,9058648,0
2021-05-16,159279,0,9217927,0
2021-05-17,219205,0,9437132,0
2021-05-18,213023,0,9650155,0
2021-05-19,207088,0,9857243,0
2021-05-20,270869,0,10128112,0
2021-05-21,270895,0,10399007,0
2021-05-22,245528,0,10644535,0
2021-05-23,197183,0,10841718,0
2021-05-24,228310,0,11070028,0
2021-05-25,245696,0,11315724,0
2021-05-26,277508,0,11593232,0
2021-05-27,311088,0,11904320,0
2021-05-28,299574,0,12203894,0
2021-05-29,231230,0,12435124,0
2021-05-30,170842,0,12605966,0
2021-05-31,216428,0,12822394,0
2021-06-01,207637,0,13030031,0
2021-06-02,115804,0,13145835,0
2021-06-03,180155,0,13325990,0
2021-06-04,184890,0,13510880,0
2021-06-05,185968,0,13696848,0
2021-06-06,139555,0,13836403,0
2021-06-07,161882,0,13998285,0
2021-06-08,171235,0,14169520,0
2021-06-09,171493,0,14341013,0
2021-06-10,174115,0,14515128,0
2021-06-11,169996,0,14685124,0
2021-06-12,128338,0,14813462,0
2021-06-13,91196,0,14904658,0
2021-06-14,214691,0,15119349,0
2021-06-15,228429,0,15347778,0
2021-06-16,253085,0,15600863,0
2021-06-17,301740,0,15902603,0
2021-06-18,306302,0,16208905,0
2021-06-19,275094,0,16483999,0
2021-06-20,220797,0,16704796,0
2021-06-21,288075,0,16992871,0
2021-06-22,296228,0,17289099,0
2021-06-23,302694,0,17591793,0
2021-06-24,332614,0,17924407,0
2021-06-25,348713,0,18273120,0
2021-06-26,300128,0,18573248,0
2021-06-27,228675,0,18801923,0
2021-06-28,307103,0,19109026,0
2021-06-29,329303,0,19438329,0
2021-06-30,342171,0,19780500,0
2021-07-01,363227,0,20143727,0
2021-07-02,368483,0,20512210,0
2021-07-03,371097,0,20883307,0
2021-07-04,283218,0,21166525,0
2021-07-05,384548,0,21551073,0
2021-07-06,385478,0,21936551,0
2021-07-07,412116,0,22348667,0
2021-07-08,479601,0,22828268,0
2021-07-09,498483,0,23326751,0
2021-07-10,475179,0,23801930,0
2021-07-11,357701,0,24159631,0
2021-07-12,485897,0,24645528,0
2021-07-13,492111,0,25137639,0
2021-07-14,480457,0,25618096,0
2021-07-15,523450,0,26141546,0
2021-07-16,509763,0,26651309,0
2021-07-17,464337,0,27115646,0
2021-07-18,364651,0,27480297,0
2021-07-19,463051,0,27943348,0
2021-07-20,458060,0,28401408,0
2021-07-21,462798,0,28864206,0
2021-07-22,475389,0,29339595,0
2021-07-23,441327,0,29780922,0
2021-07-24,386160,0,30167082,0
2021-07-25,287554,0,30454636,0
2021-07-26,430884,0,30885520,0
2021-07-27,440131,0,31325651,0
2021-07-28,391013,0,31716664,0
2021-07-29,372079,0,32088743,0
2021-07-30,341513,0,32430256,0
2021-07-31,287035,0,32717291,0
2021-08-01,191003,0,32908294,0
2021-08-02,333705,0,33241999,0
2021-08-03,323196,0,33565195,0
2021-08-04,310975,0,33876170,0
2021-08-05,292496,0,34168666,0
2021-08-06,260014,0,34428680,0
2021-08-07,199055,0,34627735,0
2021-08-08,153107,0,34780842,0
2021-08-09,234078,0,35014920,0
2021-08-10,205259,0,35220179,0
2021-08-11,193780,0,35413959,0
2021-08-12,168038,0,35581997,0
2021-08-13,148638,0,35730635,0
2021-08-14,66095,0,35796730,0
2021-08-15,26338,0,35823068,0
2021-08-16,114704,0,35937772,0
2021-08-17,129252,0,36067024,0
2021-08-18,128751,0,36195775,0
2021-08-19,124825,0,36320600,0
2021-08-20,123788,0,36444388,0
2021-08-21,83126,0,36527514,0
2021-08-22,68172,0,36595686,0
2021-08-23,176871,0,36772557,0
2021-08-24,156898,0,36929455,0
2021-08-25,177171,0,37106626,0
2021-08-26,172366,0,37278992,0
2021-08-27,185836,0,37464828,0
2021-08-28,140281,0,37605109,0
2021-08-29,98992,0,37704101,0
2021-08-30,209600,0,37913701,0
2021-08-31,194643,0,38108344,0
2021-09-01,192207,0,38300551,0
2021-09-02,189927,0,38490478,0
2021-09-03,191295,0,38681773,0
2021-09-04,131465,0,38813238,0
2021-09-05,87853,0,38901091,0
2021-09-06,193625,0,39094716,0
2021-09-07,196034,0,39290750,0
2021-09-08,187883,0,39478633,0
2021-09-09,201446,0,39680079,0
2021-09-10,198076,0,39878155,0
2021-09-11,141294,0,40019449,0
2021-09-12,89597,0,40109046,0
2021-09-13,191123,609,40300169,609
2021-09-14,177226,621,40477395,1230
2021-09-15,163096,622,40640491,1852
2021-09-16,160072,965,40800563,2817
2021-09-17,150172,1142,40950735,3959
2021-09-18,127983,757,41078718,4716
2021-09-19,81138,502,41159856,5218
2021-09-20,180072,9107,41339928,14325
2021-09-21,166654,8847,41506582,23172
2021-09-22,159098,9448,41665680,32620
2021-09-23,138084,9343,41803764,41963
2021-09-24,140548,8984,41944312,50947
2021-09-25,119559,5656,42063871,56603
2021-09-26,71976,4351,42135847,60954
2021-09-27,135663,10066,42271510,71020
2021-09-28,117510,11409,42389020,82429
2021-09-29,112355,11841,42501375,94270
2021-09-30,110264,14966,42611639,109236
2021-10-01,94992,19122,42706631,128358
2021-10-02,78511,14031,42785142,142389
2021-10-03,47750,7665,42832892,150054
2021-10-04,88383,34466,42921275,184520
2021-10-05,80374,33997,43001649,218517
2021-10-06,71997,34187,43073646,252704
2021-10-07,71867,34362,43145513,287066
2021-10-08,80631,33607,43226144,320673
2021-10-09,76108,22184,43302252,342857
2021-10-10,45780,13624,43348032,356481
2021-10-11,87441,41121,43435473,397602
2021-10-12,84506,46921,43519979,444523
2021-10-13,88203,52138,43608182,496661
2021-10-14,91548,58539,43699730,555200
2021-10-15,93592,55655,43793322,610855
2021-10-16,82971,36806,43876293,647661
2021-10-17,51462,23845,43927755,671506
2021-10-18,90303,59502,44018058,731008
2021-10-19,78348,69396,44096406,800404
2021-10-20,75070,78193,44171476,878597
2021-10-21,78301,81779,44249777,960376
2021-10-22,73782,77058,44323559,1037434
2021-10-23,60831,51966,44384390,1089400
2021-10-24,33373,23471,44417763,1112871
2021-10-25,64910,81643,44482673,1194514
2021-10-26,58376,91817,44541049,1286331
2021-10-27,58330,104012,44599379,1390343
2021-10-28,61455,114136,44660834,1504479
2021-10-29,61638,103160,44722472,1607639
2021-10-30,50674,68132,44773146,1675771
2021-10-31,25161,28303,44798307,1704074
2021-11-01,19048,28156,44817355,1732230
2021-11-02,62742,89420,44880097,1821650
2021-11-03,60728,118677,44940825,1940327
2021-11-04,59246,126682,45000071,2067009
2021-11-05,63094,135206,45063165,2202215
2021-11-06,46481,90934,45109646,2293149
2021-11-07,22253,37900,45131899,2331049
2021-11-08,51530,131282,45183429,2462331
2021-11-09,45399,144222,45228828,2606553
2021-11-10,42591,156360,45271419,2762913
2021-11-11,44932,155156,45316351,2918069
2021-11-12,46318,158654,45362669,3076723
2021-11-13,33263,116664,45395932,3193387
2021-11-14,14492,52456,45410424,3245843
2021-11-15,36909,157439,45447333,3403282
2021-11-16,30562,171394,45477895,3574676
2021-11-17,28468,178448,45506363,3753124
2021-11-18,30288,193741,45536651,3946865
2021-11-19,28813,205870,45565464,4152735
2021-11-20,21003,156453,45586467,4309188
2021-11-21,10612,64863,45597079,4374051
2021-11-22,21946,213161,45619025,4587212
2021-11-23,23590,241761,45642615,4828973
2021-11-24,27797,271023,45670412,5099996
2021-11-25,23246,301930,45693658,5401926
2021-11-26,24590,318285,45718248,5720211
2021-11-27,21390,266163,45739638,5986374
2021-11-28,9903,137061,45749541,6123435
2021-11-29,22349,326072,45771890,6449507
2021-11-30,23105,365846,45794995,6815353
2021-12-01,21530,413511,45816525,7228864
2021-12-02,23775,440423,45840300,7669287
2021-12-03,25269,467498,45865569,8136785
2021-12-04,22382,418783,45887951,8555568
2021-12-05,11937,261356,45899888,8816924
2021-12-06,25833,457615,45925721,9274539
2021-12-07,24151,480282,45949872,9754821
2021-12-08,10019,249710,45959891,10004531
2021-12-09,31604,491947,45991495,10496478
2021-12-10,28082,517909,46019577,11014387
2021-12-11,23579,459261,46043156,11473648
2021-12-12,12312,293516,46055468,11767164
2021-12-13,26167,467641,46081635,12234805
2021-12-14,25188,494219,46106823,12729024
2021-12-15,25354,517173,46132177,13246197
2021-12-16,27900,520284,46160077,13766481
2021-12-17,29376,517197,46189453,14283678
2021-12-18,27079,468755,46216532,14752433
2021-12-19,15160,300537,46231692,15052970
2021-12-20,30645,477497,46262337,15530467
2021-12-21,30403,493405,46292740,16023872
2021-12-22,29467,484729,46322207,16508601
2021-12-23,28265,426927,46350472,16935528
2021-12-24,13118,210836,46363590,17146364
2021-12-25,2103,33053,46365693,17179417
2021-12-26,8769,159074,46374462,17338491
2021-12-27,46819,504674,46421281,17843165
2021-12-28,42482,554231,46463763,18397396
2021-12-29,34372,550660,46498135,18948056
2021-12-30,31862,499844,46529997,19447900
2021-12-31,14130,247399,46544127,19695299
2022-01-01,3499,64815,46547626,19760114
2022-01-02,22797,276724,46570423,20036838
2022-01-03,47892,520023,46618315,20556861
2022-01-04,46415,572096,46664730,21128957
2022-01-05,40789,560402,46705519,21689359
2022-01-06,23506,274490,46729025,21963849
2022-01-07,63739,554201,46792764,22518050
2022-01-08,60905,503404,46853669,23021454
2022-01-09,42896,319688,46896565,23341142
2022-01-10,61124,542297,46957689,23883439
2022-01-11,61774,586999,47019463,24470438
2022-01-12,58490,581281,47077953,25051719
2022-01-13,58645,580395,47136598,25632114
2022-01-14,46851,588579,47183449,26220693
2022-01-15,39466,569948,47222915,26790641
2022-01-16,31264,341868,47254179,27132509
2022-01-17,54807,489667,47308986,27622176
2022-01-18,58429,517023,47367415,28139199
2022-01-19,57229,502796,47424644,28641995
2022-01-20,54364,498827,47479008,29140822
2022-01-21,42119,493879,47521127,29634701
2022-01-22,31232,469598,47552359,30104299
2022-01-23,34951,275375,47587310,30379674
2022-01-24,56196,437230,47643506,30816904
2022-01-25,61570,452115,47705076,31269019
2022-01-26,58565,435834,47763641,31704853
2022-01-27,48851,432381,47812492,32137234
2022-01-28,58715,436544,47871207,32573778
2022-01-29,68153,412499,47939360,32986277
2022-01-30,50393,235968,47989753,33222245
2022-01-31,60652,356938,48050405,33579183
2022-02-01,65572,328448,48115977,33907631
2022-02-02,63215,296978,48179192,34204609
2022-02-03,60067,274519,48239259,34479128
2022-02-04,72390,268459,48311649,34747587
2022-02-05,83788,248535,48395437,34996122
2022-02-06,55299,116204,48450736,35112326
2022-02-07,65159,199940,48515895,35312266
2022-02-08,66932,186115,48582827,35498381
2022-02-09,58764,166336,48641591,35664717
2022-02-10,58584,163240,48700175,35827957
2022-02-11,62256,162466,48762431,35990423
2022-02-12,71985,152143,48834416,36142566
2022-02-13,41475,68852,48875891,36211418
2022-02-14,46696,116186,48922587,36327604
2022-02-15,48541,123479,48971128,36451083
2022-02-16,45677,106122,49016805,36557205
2022-02-17,42862,98111,49059667,36655316
2022-02-18,46624,112573,49106291,36767889
2022-02-19,52538,100334,49158829,36868223
2022-02-20,31409,40365,49190238,36908588
2022-02-21,37886,89651,49228124,36998239
2022-02-22,37221,83775,49265345,37082014
2022-02-23,33396,79409,49298741,37161423
2022-02-24,32554,78161,49331295,37239584
2022-02-25,34759,90710,49366054,37330294
2022-02-26,39158,89134,49405212,37419428
2022-02-27,22545,35857,49427757,37455285
2022-02-28,28481,81690,49456238,37536975
2022-03-01,22722,53940,49478960,37590915
2022-03-02,21949,50680,49500909,37641595
2022-03-03,22619,54947,49523528,37696542
2022-03-04,23233,62798,49546761,37759340
2022-03-05,23797,57951,49570558,37817291
2022-03-06,9471,17201,49580029,37834492
2022-03-07,15916,51388,49595945,37885880
2022-03-08,15477,48796,49611422,37934676
2022-03-09,13812,46518,49625234,37981194
2022-03-10,14048,52119,49639282,38033313
2022-03-11,15583,57263,49654865,38090576
2022-03-12,15503,56618,49670368,38147194
2022-03-13,5544,16850,49675912,38164044
2022-03-14,10524,46698,49686436,38210742
2022-03-15,10546,46893,49696982,38257635
2022-03-16,9480,41973,49706462,38299608
2022-03-17,9716,44872,49716178,38344480
2022-03-18,10158,49056,49726336,38393536
2022-03-19,9149,46534,49735485,38440070
2022-03-20,2609,11702,49738094,38451772
2022-03-21,7579,40224,49745673,38491996
2022-03-22,8448,37758,49754121,38529754
2022-03-23,7213,33700,49761334,38563454
2022-03-24,8258,38803,49769592,38602257
2022-03-25,8138,43665,49777730,38645922
2022-03-26,8124,41721,49785854,38687643
2022-03-27,2430,9681,49788284,38697324
2022-03-28,6108,35238,49794392,38732562
2022-03-29,5777,32527,49800169,38765089
2022-03-30,5566,30202,49805735,38795291
2022-03-31,5894,33181,49811629,38828472
2022-04-01,4347,25188,49815976,38853660
2022-04-02,4493,23273,49820469,38876933
2022-04-03,1049,4500,49821518,38881433
2022-04-04,3656,21538,49825174,38902971
2022-04-05,3756,22931,49828930,38925902
2022-04-06,4102,21853,49833032,38947755
2022-04-07,3965,23320,49836997,38971075
2022-04-08,4692,26712,49841689,38997787
2022-04-09,4382,23885,49846071,39021672
2022-04-10,891,4614,49846962,39026286
2022-04-11,3815,22685,49850777,39048971
2022-04-12,3363,21777,49854140,39070748
2022-04-13,3566,21334,49857706,39092082
2022-04-14,3486,23786,49861192,39115868
2022-04-15,3084,20617,49864276,39136485
2022-04-16,2149,11918,49866425,39148403
2022-04-17,63,348,49866488,39148751
2022-04-18,151,650,49866639,39149401
2022-04-19,3500,21979,49870139,39171380
2022-04-20,3510,20250,49873649,39191630
2022-04-21,2847,19785,49876496,39211415
2022-04-22,2927,20702,49879423,39232117
2022-04-23,2644,16218,49882067,39248335
2022-04-24,509,2334,49882576,39250669
2022-04-25,183,1165,49882759,39251834
2022-04-26,2759,17803,49885518,39269637
2022-04-27,2374,15792,49887892,39285429
2022-04-28,2357,15558,49890249,39300987
2022-04-29,2293,14842,49892542,39315829
2022-04-30,2123,11580,49894665,39327409
2022-05-01,113,531,49894778,39327940
2022-05-02,1450,9391,49896228,39337331
2022-05-03,1576,10318,49897804,39347649
2022-05-04,1746,10264,49899550,39357913
2022-05-05,1653,10284,49901203,39368197
2022-05-06,1700,10955,49902903,39379152
2022-05-07,1431,8566,49904334,39387718
2022-05-08,416,1519,49904750,39389237
2022-05-09,1027,8928,49905777,39398165
2022-05-10,1422,9545,49907199,39407710
2022-05-11,1483,10098,49908682,39417808
2022-05-12,1370,10131,49910052,39427939
2022-05-13,1594,10517,49911646,39438456
2022-05-14,1357,8234,49913003,39446690
2022-05-15,336,1131,49913339,39447821
2022-05-16,813,8405,49914152,39456226
2022-05-17,1243,8696,49915395,39464922
2022-05-18,1373,9230,49916768,39474152
2022-05-19,1500,9277,49918268,39483429
2022-05-20,1421,9514,49919689,39492943
2022-05-21,1300,7899,49920989,39500842
2022-05-22,231,1013,49921220,39501855
2022-05-23,830,8267,49922050,39510122
2022-05-24,1073,8672,49923123,39518794
2022-05-25,1369,9459,49924492,39528253
2022-05-26,1195,9470,49925687,39537723
2022-05-27,1232,9912,49926919,39547635
2022-05-28,1205,7885,49928124,39555520
2022-05-29,286,1266,49928410,39556786
2022-05-30,931,8053,49929341,39564839
2022-05-31,1035,8544,49930376,39573383
2022-06-01,891,7655,49931267,39581038
2022-06-02,35,474,49931302,39581512
2022-06-03,818,7331,49932120,39588843
2022-06-04,870,5162,49932990,39594005
2022-06-05,89,586,49933079,39594591
2022-06-06,678,6991,49933757,39601582
2022-06-07,951,7847,49934708,39609429
2022-06-08,982,7908,49935690,39617337
2022-06-09,1037,8412,49936727,39625749
2022-06-10,958,8564,49937685,39634313
2022-06-11,903,6206,49938588,39640519
2022-06-12,140,768,49938728,39641287
2022-06-13,602,6301,49939330,39647588
2022-06-14,827,7896,49940157,39655484
2022-06-15,955,7851,49941112,39663335
2022-06-16,730,7393,49941842,39670728
2022-06-17,723,7243,49942565,39677971
2022-06-18,777,5593,49943342,39683564
2022-06-19,47,522,49943389,39684086
2022-06-20,587,6698,49943976,39690784
2022-06-21,736,7665,49944712,39698449
2022-06-22,780,7308,49945492,39705757
2022-06-23,651,7465,49946143,39713222
2022-06-24,643,7474,49946786,39720696
2022-06-25,835,6534,49947621,39727230
2022-06-26,128,523,49947749,39727753
2022-06-27,532,7123,49948281,39734876
2022-06-28,745,8206,49949026,39743082
2022-06-29,756,7728,49949782,39750810
2022-06-30,746,8143,49950528,39758953
2022-07-01,577,6443,49951105,39765396
2022-07-02,536,4769,49951641,39770165
2022-07-03,49,456,49951690,39770621
2022-07-04,469,6277,49952159,39776898
2022-07-05,628,8117,49952787,39785015
2022-07-06,633,7610,49953420,39792625
2022-07-07,571,8269,49953991,39800894
2022-07-08,673,8081,49954664,39808975
2022-07-09,550,6104,49955214,39815079
2022-07-10,58,533,49955272,39815612
2022-07-11,487,7640,49955759,39823252
2022-07-12,667,9027,49956426,39832279
2022-07-13,641,10067,49957067,39842346
2022-07-14,636,10225,49957703,39852571
2022-07-15,625,10666,49958328,39863237
2022-07-16,522,7214,49958850,39870451
2022-07-17,48,770,49958898,39871221
2022-07-18,497,9368,49959395,39880589
2022-07-19,573,10682,49959968,39891271
2022-07-20,580,11271,49960548,39902542
2022-07-21,627,12086,49961175,39914628
2022-07-22,583,11256,49961758,39925884
2022-07-23,379,6771,49962137,39932655
2022-07-24,76,857,49962213,39933512
2022-07-25,503,9052,49962716,39942564
2022-07-26,519,9758,49963235,39952322
2022-07-27,550,10200,49963785,39962522
2022-07-28,530,10528,49964315,39973050
2022-07-29,510,9465,49964825,39982515
2022-07-30,382,5882,49965207,39988397
2022-07-31,49,764,49965256,39989161
2022-08-01,386,6864,49965642,39996025
2022-08-02,539,7583,49966181,40003608
2022-08-03,513,7174,49966694,40010782
2022-08-04,455,7489,49967149,40018271
2022-08-05,420,6520,49967569,40024791
2022-08-06,298,3611,49967867,40028402
2022-08-07,44,562,49967911,40028964
2022-08-08,402,4893,49968313,40033857
2022-08-09,382,5307,49968695,40039164
2022-08-10,381,4815,49969076,40043979
2022-08-11,366,4777,49969442,40048756
2022-08-12,292,3721,49969734,40052477
2022-08-13,143,1600,49969877,40054077
2022-08-14,9,129,49969886,40054206
2022-08-15,1,26,49969887,40054232
2022-08-16,283,3043,49970170,40057275
2022-08-17,352,3536,49970522,40060811
2022-08-18,389,4159,49970911,40064970
2022-08-19,341,3318,49971252,40068288
2022-08-20,183,1714,49971435,40070002
2022-08-21,24,149,49971459,40070151
2022-08-22,329,2950,49971788,40073101
2022-08-23,370,3672,49972158,40076773
2022-08-24,383,3359,49972541,40080132
2022-08-25,421,3772,49972962,40083904
2022-08-26,396,3571,49973358,40087475
2022-08-27,236,1769,49973594,40089244
2022-08-28,29,267,49973623,40089511
2022-08-29,355,3161,49973978,40092672
2022-08-30,403,3669,49974381,40096341
2022-08-31,437,3734,49974818,40100075
2022-09-01,352,3118,49975170,40103193
2022-09-02,296,2890,49975466,40106083
2022-09-03,199,1688,49975665,40107771
2022-09-04,23,149,49975688,40107920
2022-09-05,186,2653,49975874,40110573
2022-09-06,303,2988,49976177,40113561
2022-09-07,540,2935,49976717,40116496
2022-09-08,289,2956,49977006,40119452
2022-09-09,304,2885,49977310,40122337
2022-09-10,227,1326,49977537,40123663
2022-09-11,21,124,49977558,40123787
2022-09-12,267,2262,49977825,40126049
2022-09-13,251,2274,49978076,40128323
2022-09-14,263,2563,49978339,40130886
2022-09-15,280,2491,49978619,40133377
2022-09-16,253,2540,49978872,40135917
2022-09-17,239,1339,49979111,40137256
2022-09-18,20,170,49979131,40137426
2022-09-19,205,1969,49979336,40139395
2022-09-20,236,2383,49979572,40141778
2022-09-21,289,2525,49979861,40144303
2022-09-22,261,2647,49980122,40146950
2022-09-23,256,2530,49980378,40149480
2022-09-24,193,1427,49980571,40150907
2022-09-25,28,133,49980599,40151040
2022-09-26,281,2247,49980880,40153287
2022-09-27,286,2668,49981166,40155955
2022-09-28,309,2885,49981475,40158840
2022-09-29,252,3040,49981727,40161880
2022-09-30,289,2970,49982016,40164850
2022-10-01,193,1509,49982209,40166359
2022-10-02,11,187,49982220,40166546
2022-10-03,181,2469,49982401,40169015
2022-10-04,235,2853,49982636,40171868
2022-10-05,223,3214,49982859,40175082
2022-10-06,241,3832,49983100,40178914
2022-10-07,281,4156,49983381,40183070
2022-10-08,199,2234,49983580,40185304
2022-10-09,8,304,49983588,40185608
2022-10-10,206,3336,49983794,40188944
2022-10-11,191,4337,49983985,40193281
2022-10-12,207,4406,49984192,40197687
2022-10-13,198,5280,49984390,40202967
2022-10-14,228,4988,49984618,40207955
2022-10-15,185,2609,49984803,40210564
2022-10-16,6,358,49984809,40210922
2022-10-17,185,3841,49984994,40214763
2022-10-18,255,4942,49985249,40219705
2022-10-19,235,5417,49985484,40225122
2022-10-20,220,5904,49985704,40231026
2022-10-21,251,5357,49985955,40236383
2022-10-22,194,2861,49986149,40239244
2022-10-23,13,355,49986162,40239599
2022-10-24,167,3850,49986329,40243449
2022-10-25,245,4809,49986574,40248258
2022-10-26,274,5187,49986848,40253445
2022-10-27,218,5207,49987066,40258652
2022-10-28,126,2558,49987192,40261210