data_somministrazione,vaccinazioni,booster,cum_vaccinazioni,cum_booster
2020-12-27,16,0,16,0
2020-12-28,2,0,18,0
2020-12-29,1,0,19,0
2020-12-30,3,0,22,0
2020-12-31,34,0,56,0
2021-01-01,12,0,68,0
2021-01-02,53,0,121,0
2021-01-03,46,0,167,0
2021-01-04,122,0,289,0
2021-01-05,158,0,447,0
2021-01-06,134,0,581,0
2021-01-07,196,0,777,0
2021-01-08,245,0,1022,0
2021-01-09,172,0,1194,0
2021-01-10,109,0,1303,0
2021-01-11,197,0,1500,0
2021-01-12,205,0,1705,0
2021-01-13,310,0,2015,0
2021-01-14,409,0,2424,0
2021-01-15,248,0,2672,0
2021-01-16,165,0,2837,0
2021-01-17,3048,0,5885,0
2021-01-18,5184,0,11069,0
2021-01-19,1871,0,12940,0
2021-01-20,4651,0,17591,0
2021-01-21,20006,0,37597,0
2021-01-22,14194,0,51791,0
2021-01-23,33358,0,85149,0
2021-01-24,30793,0,115942,0
2021-01-25,64772,0,180714,0
2021-01-26,76545,0,257259,0
2021-01-27,64878,0,322137,0
2021-01-28,89338,0,411475,0
2021-01-29,94072,0,505547,0
2021-01-30,86614,0,592161,0
2021-01-31,57354,0,649515,0
2021-02-01,81901,0,731416,0
2021-02-02,82169,0,813585,0
2021-02-03,91215,0,904800,0
2021-02-04,95378,0,1000178,0
2021-02-05,90280,0,1090458,0
2021-02-06,63730,0,1154188,0
2021-02-07,32917,0,1187105,0
2021-02-08,40411,0,1227516,0
2021-02-09,32832,0,1260348,0
2021-02-10,28379,0,1288727,0
2021-02-11,20348,0,1309075,0
2021-02-12,16178,0,1325253,0
2021-02-13,7216,0,1332469,0
2021-02-14,2855,0,1335324,0
2021-02-15,6821,0,1342145,0
2021-02-16,6971,0,1349116,0
2021-02-17,10492,0,1359608,0
2021-02-18,9212,0,1368820,0
2021-02-19,8159,0,1376979,0
2021-02-20,5470,0,1382449,0
2021-02-21,2941,0,1385390,0
2021-02-22,6833,0,1392223,0
2021-02-23,7098,0,1399321,0
2021-02-24,9784,0,1409105,0
2021-02-25,14163,0,1423268,0
2021-02-26,17481,0,1440749,0
2021-02-27,13848,0,1454597,0
2021-02-28,9343,0,1463940,0
2021-03-01,26431,0,1490371,0
2021-03-02,33161,0,1523532,0
2021-03-03,44589,0,1568121,0
2021-03-04,50188,0,1618309,0
2021-03-05,55677,0,1673986,0
2021-03-06,41831,0,1715817,0
2021-03-07,22282,0,1738099,0
2021-03-08,50616,0,1788715,0
2021-03-09,52956,0,1841671,0
2021-03-10,58513,0,1900184,0
2021-03-11,63726,0,1963910,0
2021-03-12,65012,0,2028922,0
2021-03-13,51649,0,2080571,0
2021-03-14,35336,0,2115907,0
2021-03-15,73350,0,2189257,0
2021-03-16,73985,0,2263242,0
2021-03-17,82996,0,2346238,0
2021-03-18,81580,0,2427818,0
2021-03-19,81004,0,2508822,0
2021-03-20,64632,0,2573454,0
2021-03-21,47239,0,2620693,0
2021-03-22,69388,0,2690081,0
2021-03-23,75680,0,2765761,0
2021-03-24,90768,0,2856529,0
2021-03-25,89687,0,2946216,0
2021-03-26,83481,0,3029697,0
2021-03-27,71809,0,3101506,0
2021-03-28,44029,0,3145535,0
2021-03-29,70684,0,3216219,0
2021-03-30,81244,0,3297463,0
2021-03-31,96071,0,3393534,0
2021-04-01,95187,0,3488721,0
2021-04-02,83981,0,3572702,0
2021-04-03,64239,0,3636941,0
2021-04-04,21684,0,3658625,0
2021-04-05,40253,0,3698878,0
2021-04-06,81224,0,3780102,0
2021-04-07,95724,0,3875826,0
2021-04-08,95159,0,3970985,0
2021-04-09,88372,0,4059357,0
2021-04-10,73927,0,4133284,0
2021-04-11,44698,0,4177982,0
2021-04-12,66837,0,4244819,0
2021-04-13,72502,0,4317321,0
2021-04-14,85416,0,4402737,0
2021-04-15,105297,0,4508034,0
2021-04-16,106296,0,4614330,0
2021-04-17,90535,0,4704865,0
2021-04-18,58660,0,4763525,0
2021-04-19,93355,0,4856880,0
2021-04-20,103681,0,4960561,0
2021-04-21,125259,0,5085820,0
2021-04-22,143408,0,5229228,0
2021-04-23,138572,0,5367800,0
2021-04-24,124326,0,5492126,0
2021-04-25,61375,0,5553501,0
2021-04-26,97785,0,5651286,0
2021-04-27,128259,0,5779545,0
2021-04-28,156224,0,5935769,0
2021-04-29,195386,0,6131155,0
2021-04-30,214378,0,6345533,0
2021-05-01,174139,0,6519672,0
2021-05-02,135880,0,6655552,0
2021-05-03,141869,0,6797421,0
2021-05-04,158556,0,6955977,0
2021-05-05,170307,0,7126284,0
2021-05-06,197648,0,7323932,0
2021-05-07,213591,0,7537523,0
2021-05-08,213229,0,7750752,0
2021-05-09,143052,0,7893804,0
2021-05-10,164930,0,8058734,0
2021-05-11,174760,0,8233494,0
2021-05-12,178921,0,8412415,0
2021-05-13,203090,0,8615505,0
2021-05-14,222670,0,8838175,0
2021-05-15,210128,0,9048303,0
2021-05-16,159151,0,9207454,0
2021-05-17,219021,0,9426475,0
2021-05-18,212805,0,9639280,0
2021-05-19,206861,0,9846141,0
2021-05-20,270579,0,10116720,0
2021-05-21,270609,0,10387329,0
2021-05-22,245362,0,10632691,0
2021-05-23,197088,0,10829779,0
2021-05-24,228173,0,11057952,0
2021-05-25,245545,0,11303497,0
2021-05-26,277303,0,11580800,0
2021-05-27,310875,0,11891675,0
2021-05-28,299365,0,12191040,0
2021-05-29,231011,0,12422051,0
2021-05-30,170713,0,12592764,0
2021-05-31,216242,0,12809006,0
2021-06-01,207475,0,13016481,0
2021-06-02,115623,0,13132104,0
2021-06-03,179819,0,13311923,0
2021-06-04,184535,0,13496458,0
2021-06-05,185742,0,13682200,0
2021-06-06,139394,0,13821594,0
2021-06-07,161552,0,13983146,0
2021-06-08,170787,0,14153933,0
2021-06-09,171090,0,14325023,0
2021-06-10,173656,0,14498679,0
2021-06-11,169585,0,14668264,0
2021-06-12,127987,0,14796251,0
2021-06-13,90963,0,14887214,0
2021-06-14,214432,0,15101646,0
2021-06-15,228202,0,15329848,0
2021-06-16,252908,0,15582756,0
2021-06-17,301542,0,15884298,0
2021-06-18,306075,0,16190373,0
2021-06-19,274981,0,16465354,0
2021-06-20,220610,0,16685964,0
2021-06-21,287957,0,16973921,0
2021-06-22,296071,0,17269992,0
2021-06-23,302650,0,17572642,0
2021-06-24,332490,0,17905132,0
2021-06-25,348624,0,18253756,0
2021-06-26,300220,0,18553976,0
2021-06-27,228803,0,18782779,0
2021-06-28,306899,0,19089678,0
2021-06-29,329100,0,19418778,0
2021-06-30,342040,0,19760818,0
2021-07-01,363036,0,20123854,0
2021-07-02,368425,0,20492279,0
2021-07-03,371301,0,20863580,0
2021-07-04,283247,0,21146827,0
2021-07-05,384466,0,21531293,0
2021-07-06,385362,0,21916655,0
2021-07-07,412065,0,22328720,0
2021-07-08,479831,0,22808551,0
2021-07-09,498577,0,23307128,0
2021-07-10,475275,0,23782403,0
2021-07-11,357816,0,24140219,0
2021-07-12,486013,0,24626232,0
2021-07-13,492318,0,25118550,0
2021-07-14,480611,0,25599161,0
2021-07-15,523731,0,26122892,0
2021-07-16,509933,0,26632825,0
2021-07-17,464535,0,27097360,0
2021-07-18,364843,0,27462203,0
2021-07-19,463439,0,27925642,0
2021-07-20,458280,0,28383922,0
2021-07-21,462885,0,28846807,0
2021-07-22,475402,0,29322209,0
2021-07-23,441337,0,29763546,0
2021-07-24,386143,0,30149689,0
2021-07-25,287542,0,30437231,0
2021-07-26,430905,0,30868136,0
2021-07-27,440173,0,31308309,0
2021-07-28,390988,0,31699297,0
2021-07-29,372049,0,32071346,0
2021-07-30,341490,0,32412836,0
2021-07-31,286989,0,32699825,0
2021-08-01,190826,0,32890651,0
2021-08-02,333747,0,33224398,0
2021-08-03,323127,0,33547525,0
2021-08-04,310841,0,33858366,0
2021-08-05,292431,0,34150797,0
2021-08-06,259915,0,34410712,0
2021-08-07,198852,0,34609564,0
2021-08-08,153061,0,34762625,0
2021-08-09,234151,0,34996776,0
2021-08-10,205083,0,35201859,0
2021-08-11,193561,0,35395420,0
2021-08-12,167769,0,35563189,0
2021-08-13,148361,0,35711550,0
2021-08-14,65963,0,35777513,0
2021-08-15,26290,0,35803803,0
2021-08-16,114568,0,35918371,0
2021-08-17,129081,0,36047452,0
2021-08-18,128653,0,36176105,0
2021-08-19,124653,0,36300758,0
2021-08-20,123652,0,36424410,0
2021-08-21,83006,0,36507416,0
2021-08-22,68075,0,36575491,0
2021-08-23,176653,0,36752144,0
2021-08-24,156906,0,36909050,0
2021-08-25,176991,0,37086041,0
2021-08-26,172278,0,37258319,0
2021-08-27,185764,0,37444083,0
2021-08-28,140056,0,37584139,0
2021-08-29,98923,0,37683062,0
2021-08-30,209538,0,37892600,0
2021-08-31,194617,0,38087217,0
2021-09-01,192133,0,38279350,0
2021-09-02,189822,0,38469172,0
2021-09-03,191190,0,38660362,0
2021-09-04,131370,0,38791732,0
2021-09-05,87858,0,38879590,0
2021-09-06,193561,0,39073151,0
2021-09-07,195770,0,39268921,0
2021-09-08,187748,0,39456669,0
2021-09-09,201321,0,39657990,0
2021-09-10,197945,0,39855935,0
2021-09-11,141152,0,39997087,0
2021-09-12,89477,0,40086564,0
2021-09-13,191044,342,40277608,342
2021-09-14,177288,422,40454896,764
2021-09-15,162993,454,40617889,1218
2021-09-16,159980,786,40777869,2004
2021-09-17,150036,1004,40927905,3008
2021-09-18,127820,657,41055725,3665
2021-09-19,80971,440,41136696,4105
2021-09-20,179800,8954,41316496,13059
2021-09-21,166287,8725,41482783,21784
2021-09-22,158724,9363,41641507,31147
2021-09-23,137664,9238,41779171,40385
2021-09-24,140159,8854,41919330,49239
2021-09-25,119292,5558,42038622,54797
2021-09-26,71762,4293,42110384,59090
2021-09-27,135365,9973,42245749,69063
2021-09-28,117136,11303,42362885,80366
2021-09-29,111968,11759,42474853,92125
2021-09-30,109898,14846,42584751,106971
2021-10-01,94642,19026,42679393,125997
2021-10-02,78194,13986,42757587,139983
2021-10-03,47524,7627,42805111,147610
2021-10-04,88068,34358,42893179,181968
2021-10-05,80090,33916,42973269,215884
2021-10-06,71740,34066,43045009,249950
2021-10-07,71493,34279,43116502,284229
2021-10-08,80352,33489,43196854,317718
2021-10-09,75804,22107,43272658,339825
2021-10-10,45629,13590,43318287,353415
2021-10-11,87105,40992,43405392,394407
2021-10-12,84193,46787,43489585,441194
2021-10-13,87921,51984,43577506,493178
2021-10-14,91107,58385,43668613,551563
2021-10-15,93217,55473,43761830,607036
2021-10-16,82658,36705,43844488,643741
2021-10-17,51247,23777,43895735,667518
2021-10-18,90060,59332,43985795,726850
2021-10-19,78151,69284,44063946,796134
2021-10-20,74925,78023,44138871,874157
2021-10-21,78101,81576,44216972,955733
2021-10-22,73750,76889,44290722,1032622
2021-10-23,60734,51889,44351456,1084511
2021-10-24,33309,23400,44384765,1107911
2021-10-25,64745,81507,44449510,1189418
2021-10-26,58256,91616,44507766,1281034
2021-10-27,58128,103818,44565894,1384852
2021-10-28,61289,113833,44627183,1498685
2021-10-29,61619,102921,44688802,1601606
2021-10-30,50564,68002,44739366,1669608
2021-10-31,25109,28237,44764475,1697845
2021-11-01,19007,28116,44783482,1725961
2021-11-02,62651,89200,44846133,1815161
2021-11-03,60616,118488,44906749,1933649
2021-11-04,59098,126452,44965847,2060101
2021-11-05,62972,134959,45028819,2195060
2021-11-06,46342,90800,45075161,2285860
2021-11-07,22202,37830,45097363,2323690
2021-11-08,51354,131102,45148717,2454792
2021-11-09,45286,143897,45194003,2598689
2021-11-10,42507,156008,45236510,2754697
2021-11-11,44792,154919,45281302,2909616
2021-11-12,46218,158357,45327520,3067973
2021-11-13,33140,116502,45360660,3184475
2021-11-14,14438,52387,45375098,3236862
2021-11-15,36751,157153,45411849,3394015
2021-11-16,30413,171132,45442262,3565147
2021-11-17,28287,178242,45470549,3743389
2021-11-18,30110,193420,45500659,3936809
2021-11-19,28634,205525,45529293,4142334
2021-11-20,20859,156130,45550152,4298464
2021-11-21,10533,64711,45560685,4363175
2021-11-22,21765,212874,45582450,4576049
2021-11-23,23393,241413,45605843,4817462
2021-11-24,27622,270523,45633465,5087985
2021-11-25,22985,301453,45656450,5389438
2021-11-26,24341,317844,45680791,5707282
2021-11-27,21185,265789,45701976,5973071
2021-11-28,9791,136835,45711767,6109906
2021-11-29,22015,325587,45733782,6435493
2021-11-30,22786,365258,45756568,6800751
2021-12-01,21180,412853,45777748,7213604
2021-12-02,23391,440014,45801139,7653618
2021-12-03,24814,466921,45825953,8120539
2021-12-04,21997,418448,45847950,8538987
2021-12-05,11652,261188,45859602,8800175
2021-12-06,25241,457221,45884843,9257396
2021-12-07,23595,479819,45908438,9737215
2021-12-08,9721,249506,45918159,9986721
2021-12-09,30901,491617,45949060,10478338
2021-12-10,27465,517323,45976525,10995661
2021-12-11,22998,458950,45999523,11454611
2021-12-12,11922,293265,46011445,11747876
2021-12-13,25502,467207,46036947,12215083
2021-12-14,24464,493769,46061411,12708852
2021-12-15,24633,516679,46086044,13225531
2021-12-16,26974,519702,46113018,13745233
2021-12-17,28521,516426,46141539,14261659
2021-12-18,26174,468363,46167713,14730022
2021-12-19,14575,300288,46182288,15030310
2021-12-20,29743,477058,46212031,15507368
2021-12-21,29493,492790,46241524,16000158
2021-12-22,28387,484214,46269911,16484372
2021-12-23,27197,426480,46297108,16910852
2021-12-24,12711,210623,46309819,17121475
2021-12-25,2069,33016,46311888,17154491
2021-12-26,8342,158983,46320230,17313474
2021-12-27,45099,504292,46365329,17817766
2021-12-28,40138,553718,46405467,18371484
2021-12-29,31797,550105,46437264,18921589
2021-12-30,29287,499292,46466551,19420881
2021-12-31,12815,247198,46479366,19668079
2022-01-01,3227,64759,46482593,19732838
2022-01-02,20320,276581,46502913,20009419
2022-01-03,43733,520586,46546646,20530005
2022-01-04,41653,572597,46588299,21102602
2022-01-05,35870,560836,46624169,21663438
2022-01-06,20760,274255,46644929,21937693
2022-01-07,58650,554455,46703579,22492148
2022-01-08,55454,502929,46759033,22995077
2022-01-09,38698,319448,46797731,23314525
2022-01-10,57104,542425,46854835,23856950
2022-01-11,57220,587058,46912055,24444008
2022-01-12,54071,581313,46966126,25025321
2022-01-13,54578,580388,47020704,25605709
2022-01-14,42702,588261,47063406,26193970
2022-01-15,34310,567981,47097716,26761951
2022-01-16,27841,340934,47125557,27102885
2022-01-17,52073,489849,47177630,27592734
2022-01-18,55776,516953,47233406,28109687
2022-01-19,54756,502819,47288162,28612506
2022-01-20,52032,498625,47340194,29111131
2022-01-21,39674,493434,47379868,29604565
2022-01-22,28222,468904,47408090,30073469
2022-01-23,33283,274884,47441373,30348353
2022-01-24,54542,437094,47495915,30785447
2022-01-25,60080,451801,47555995,31237248
2022-01-26,56839,434909,47612834,31672157
2022-01-27,47163,431268,47659997,32103425
2022-01-28,56915,435854,47716912,32539279
2022-01-29,66052,410970,47782964,32950249
2022-01-30,48996,234897,47831960,33185146
2022-01-31,58789,356144,47890749,33541290
2022-02-01,63792,326534,47954541,33867824
2022-02-02,61351,293817,48015892,34161641
2022-02-03,27554,141033,48043446,34302674