data_somministrazione,vaccinazioni,booster,cum_vaccinazioni,cum_booster
2020-12-27,18,0,18,0
2020-12-28,2,0,20,0
2020-12-29,1,0,21,0
2020-12-30,6,0,27,0
2020-12-31,51,0,78,0
2021-01-01,20,0,98,0
2021-01-02,85,0,183,0
2021-01-03,67,0,250,0
2021-01-04,179,0,429,0
2021-01-05,221,0,650,0
2021-01-06,176,0,826,0
2021-01-07,261,0,1087,0
2021-01-08,311,0,1398,0
2021-01-09,231,0,1629,0
2021-01-10,138,0,1767,0
2021-01-11,253,0,2020,0
2021-01-12,258,0,2278,0
2021-01-13,368,0,2646,0
2021-01-14,459,0,3105,0
2021-01-15,281,0,3386,0
2021-01-16,195,0,3581,0
2021-01-17,3054,0,6635,0
2021-01-18,5205,0,11840,0
2021-01-19,1890,0,13730,0
2021-01-20,4650,0,18380,0
2021-01-21,20009,0,38389,0
2021-01-22,14199,0,52588,0
2021-01-23,33344,0,85932,0
2021-01-24,30794,0,116726,0
2021-01-25,64747,0,181473,0
2021-01-26,76509,0,257982,0
2021-01-27,64856,0,322838,0
2021-01-28,89317,0,412155,0
2021-01-29,94047,0,506202,0
2021-01-30,86586,0,592788,0
2021-01-31,57345,0,650133,0
2021-02-01,81881,0,732014,0
2021-02-02,82150,0,814164,0
2021-02-03,91202,0,905366,0
2021-02-04,95407,0,1000773,0
2021-02-05,90294,0,1091067,0
2021-02-06,63451,0,1154518,0
2021-02-07,32925,0,1187443,0
2021-02-08,40433,0,1227876,0
2021-02-09,32863,0,1260739,0
2021-02-10,28412,0,1289151,0
2021-02-11,20379,0,1309530,0
2021-02-12,16219,0,1325749,0
2021-02-13,7239,0,1332988,0
2021-02-14,2861,0,1335849,0
2021-02-15,6834,0,1342683,0
2021-02-16,6990,0,1349673,0
2021-02-17,10517,0,1360190,0
2021-02-18,9241,0,1369431,0
2021-02-19,8230,0,1377661,0
2021-02-20,5530,0,1383191,0
2021-02-21,2975,0,1386166,0
2021-02-22,6874,0,1393040,0
2021-02-23,7153,0,1400193,0
2021-02-24,9822,0,1410015,0
2021-02-25,14196,0,1424211,0
2021-02-26,17544,0,1441755,0
2021-02-27,13893,0,1455648,0
2021-02-28,9380,0,1465028,0
2021-03-01,26504,0,1491532,0
2021-03-02,33228,0,1524760,0
2021-03-03,44642,0,1569402,0
2021-03-04,50288,0,1619690,0
2021-03-05,55730,0,1675420,0
2021-03-06,41866,0,1717286,0
2021-03-07,22318,0,1739604,0
2021-03-08,50787,0,1790391,0
2021-03-09,53054,0,1843445,0
2021-03-10,58613,0,1902058,0
2021-03-11,63819,0,1965877,0
2021-03-12,65081,0,2030958,0
2021-03-13,51693,0,2082651,0
2021-03-14,35382,0,2118033,0
2021-03-15,73419,0,2191452,0
2021-03-16,74021,0,2265473,0
2021-03-17,83126,0,2348599,0
2021-03-18,81616,0,2430215,0
2021-03-19,81078,0,2511293,0
2021-03-20,64699,0,2575992,0
2021-03-21,47284,0,2623276,0
2021-03-22,69464,0,2692740,0
2021-03-23,75773,0,2768513,0
2021-03-24,90872,0,2859385,0
2021-03-25,89776,0,2949161,0
2021-03-26,83586,0,3032747,0
2021-03-27,71901,0,3104648,0
2021-03-28,44109,0,3148757,0
2021-03-29,70793,0,3219550,0
2021-03-30,81343,0,3300893,0
2021-03-31,96193,0,3397086,0
2021-04-01,95283,0,3492369,0
2021-04-02,84059,0,3576428,0
2021-04-03,64290,0,3640718,0
2021-04-04,21712,0,3662430,0
2021-04-05,40293,0,3702723,0
2021-04-06,81286,0,3784009,0
2021-04-07,95790,0,3879799,0
2021-04-08,95214,0,3975013,0
2021-04-09,88463,0,4063476,0
2021-04-10,74009,0,4137485,0
2021-04-11,44740,0,4182225,0
2021-04-12,66897,0,4249122,0
2021-04-13,72551,0,4321673,0
2021-04-14,85511,0,4407184,0
2021-04-15,105390,0,4512574,0
2021-04-16,106394,0,4618968,0
2021-04-17,90474,0,4709442,0
2021-04-18,58578,0,4768020,0
2021-04-19,93424,0,4861444,0
2021-04-20,103751,0,4965195,0
2021-04-21,125318,0,5090513,0
2021-04-22,143497,0,5234010,0
2021-04-23,138700,0,5372710,0
2021-04-24,124425,0,5497135,0
2021-04-25,61444,0,5558579,0
2021-04-26,97866,0,5656445,0
2021-04-27,128340,0,5784785,0
2021-04-28,156341,0,5941126,0
2021-04-29,195564,0,6136690,0
2021-04-30,214542,0,6351232,0
2021-05-01,174078,0,6525310,0
2021-05-02,135783,0,6661093,0
2021-05-03,141986,0,6803079,0
2021-05-04,158671,0,6961750,0
2021-05-05,170454,0,7132204,0
2021-05-06,197775,0,7329979,0
2021-05-07,213783,0,7543762,0
2021-05-08,213363,0,7757125,0
2021-05-09,143180,0,7900305,0
2021-05-10,165060,0,8065365,0
2021-05-11,174932,0,8240297,0
2021-05-12,179119,0,8419416,0
2021-05-13,203330,0,8622746,0
2021-05-14,222875,0,8845621,0
2021-05-15,210312,0,9055933,0
2021-05-16,159245,0,9215178,0
2021-05-17,219165,0,9434343,0
2021-05-18,212987,0,9647330,0
2021-05-19,207043,0,9854373,0
2021-05-20,270825,0,10125198,0
2021-05-21,270838,0,10396036,0
2021-05-22,245498,0,10641534,0
2021-05-23,197163,0,10838697,0
2021-05-24,228275,0,11066972,0
2021-05-25,245665,0,11312637,0
2021-05-26,277463,0,11590100,0
2021-05-27,311053,0,11901153,0
2021-05-28,299534,0,12200687,0
2021-05-29,231174,0,12431861,0
2021-05-30,170805,0,12602666,0
2021-05-31,216380,0,12819046,0
2021-06-01,207612,0,13026658,0
2021-06-02,115746,0,13142404,0
2021-06-03,180071,0,13322475,0
2021-06-04,184811,0,13507286,0
2021-06-05,185887,0,13693173,0
2021-06-06,139482,0,13832655,0
2021-06-07,161788,0,13994443,0
2021-06-08,171113,0,14165556,0
2021-06-09,171378,0,14336934,0
2021-06-10,173979,0,14510913,0
2021-06-11,169892,0,14680805,0
2021-06-12,128267,0,14809072,0
2021-06-13,91108,0,14900180,0
2021-06-14,214608,0,15114788,0
2021-06-15,228338,0,15343126,0
2021-06-16,253001,0,15596127,0
2021-06-17,301667,0,15897794,0
2021-06-18,306222,0,16204016,0
2021-06-19,275024,0,16479040,0
2021-06-20,220691,0,16699731,0
2021-06-21,288004,0,16987735,0
2021-06-22,296153,0,17283888,0
2021-06-23,302647,0,17586535,0
2021-06-24,332523,0,17919058,0
2021-06-25,348673,0,18267731,0
2021-06-26,300068,0,18567799,0
2021-06-27,228593,0,18796392,0
2021-06-28,307003,0,19103395,0
2021-06-29,329199,0,19432594,0
2021-06-30,342068,0,19774662,0
2021-07-01,363122,0,20137784,0
2021-07-02,368414,0,20506198,0
2021-07-03,371055,0,20877253,0
2021-07-04,283178,0,21160431,0
2021-07-05,384490,0,21544921,0
2021-07-06,385407,0,21930328,0
2021-07-07,412044,0,22342372,0
2021-07-08,479632,0,22822004,0
2021-07-09,498506,0,23320510,0
2021-07-10,475179,0,23795689,0
2021-07-11,357701,0,24153390,0
2021-07-12,485921,0,24639311,0
2021-07-13,492156,0,25131467,0
2021-07-14,480489,0,25611956,0
2021-07-15,523522,0,26135478,0
2021-07-16,509793,0,26645271,0
2021-07-17,464380,0,27109651,0
2021-07-18,364706,0,27474357,0
2021-07-19,463079,0,27937436,0
2021-07-20,458108,0,28395544,0
2021-07-21,462815,0,28858359,0
2021-07-22,475397,0,29333756,0
2021-07-23,441313,0,29775069,0
2021-07-24,386188,0,30161257,0
2021-07-25,287614,0,30448871,0
2021-07-26,430910,0,30879781,0
2021-07-27,440129,0,31319910,0
2021-07-28,391026,0,31710936,0
2021-07-29,372081,0,32083017,0
2021-07-30,341484,0,32424501,0
2021-07-31,286989,0,32711490,0
2021-08-01,191020,0,32902510,0
2021-08-02,333720,0,33236230,0
2021-08-03,323180,0,33559410,0
2021-08-04,310957,0,33870367,0
2021-08-05,292517,0,34162884,0
2021-08-06,259984,0,34422868,0
2021-08-07,199029,0,34621897,0
2021-08-08,153100,0,34774997,0
2021-08-09,234061,0,35009058,0
2021-08-10,205236,0,35214294,0
2021-08-11,193730,0,35408024,0
2021-08-12,167939,0,35575963,0
2021-08-13,148574,0,35724537,0
2021-08-14,66081,0,35790618,0
2021-08-15,26330,0,35816948,0
2021-08-16,114661,0,35931609,0
2021-08-17,129225,0,36060834,0
2021-08-18,128720,0,36189554,0
2021-08-19,124765,0,36314319,0
2021-08-20,123771,0,36438090,0
2021-08-21,83096,0,36521186,0
2021-08-22,68159,0,36589345,0
2021-08-23,176858,0,36766203,0
2021-08-24,156894,0,36923097,0
2021-08-25,177168,0,37100265,0
2021-08-26,172338,0,37272603,0
2021-08-27,185855,0,37458458,0
2021-08-28,140263,0,37598721,0
2021-08-29,99010,0,37697731,0
2021-08-30,209626,0,37907357,0
2021-08-31,194618,0,38101975,0
2021-09-01,192209,0,38294184,0
2021-09-02,189934,0,38484118,0
2021-09-03,191351,0,38675469,0
2021-09-04,131492,0,38806961,0
2021-09-05,87875,0,38894836,0
2021-09-06,193663,0,39088499,0
2021-09-07,196076,0,39284575,0
2021-09-08,187921,0,39472496,0
2021-09-09,201484,0,39673980,0
2021-09-10,198116,0,39872096,0
2021-09-11,141337,0,40013433,0
2021-09-12,89608,0,40103041,0
2021-09-13,191188,513,40294229,513
2021-09-14,177277,548,40471506,1061
2021-09-15,163127,552,40634633,1613
2021-09-16,160102,892,40794735,2505
2021-09-17,150170,1088,40944905,3593
2021-09-18,127972,714,41072877,4307
2021-09-19,81130,478,41154007,4785
2021-09-20,180079,9045,41334086,13830
2021-09-21,166609,8811,41500695,22641
2021-09-22,159060,9414,41659755,32055
2021-09-23,138064,9308,41797819,41363
2021-09-24,140523,8940,41938342,50303
2021-09-25,119531,5621,42057873,55924
2021-09-26,71942,4332,42129815,60256
2021-09-27,135612,10030,42265427,70286
2021-09-28,117464,11369,42382891,81655
2021-09-29,112302,11819,42495193,93474
2021-09-30,110211,14926,42605404,108400
2021-10-01,94948,19096,42700352,127496
2021-10-02,78453,14009,42778805,141505
2021-10-03,47710,7651,42826515,149156
2021-10-04,88369,34435,42914884,183591
2021-10-05,80350,33961,42995234,217552
2021-10-06,71966,34143,43067200,251695
2021-10-07,71833,34334,43139033,286029
2021-10-08,80606,33579,43219639,319608
2021-10-09,76090,22157,43295729,341765
2021-10-10,45768,13608,43341497,355373
2021-10-11,87393,41092,43428890,396465
2021-10-12,84474,46883,43513364,443348
2021-10-13,88178,52093,43601542,495441
2021-10-14,91505,58484,43693047,553925
2021-10-15,93575,55600,43786622,609525
2021-10-16,82952,36766,43869574,646291
2021-10-17,51457,23818,43921031,670109
2021-10-18,90278,59467,44011309,729576
2021-10-19,78332,69361,44089641,798937
2021-10-20,75072,78139,44164713,877076
2021-10-21,78303,81729,44243016,958805
2021-10-22,73795,77004,44316811,1035809
2021-10-23,60808,51945,44377619,1087754
2021-10-24,33388,23435,44411007,1111189
2021-10-25,64900,81611,44475907,1192800
2021-10-26,58366,91765,44534273,1284565
2021-10-27,58326,103943,44592599,1388508
2021-10-28,61459,114088,44654058,1502596
2021-10-29,61670,103086,44715728,1605682
2021-10-30,50673,68102,44766401,1673784
2021-10-31,25167,28280,44791568,1702064
2021-11-01,19046,28145,44810614,1730209
2021-11-02,62779,89347,44873393,1819556
2021-11-03,60731,118647,44934124,1938203
2021-11-04,59247,126640,44993371,2064843
2021-11-05,63100,135154,45056471,2199997
2021-11-06,46471,90915,45102942,2290912
2021-11-07,22253,37889,45125195,2328801
2021-11-08,51525,131246,45176720,2460047
2021-11-09,45400,144176,45222120,2604223
2021-11-10,42573,156340,45264693,2760563
2021-11-11,44932,155121,45309625,2915684
2021-11-12,46368,158551,45355993,3074235
2021-11-13,33251,116638,45389244,3190873
2021-11-14,14476,52444,45403720,3243317
2021-11-15,36892,157409,45440612,3400726
2021-11-16,30536,171361,45471148,3572087
2021-11-17,28435,178426,45499583,3750513
2021-11-18,30271,193699,45529854,3944212
2021-11-19,28786,205829,45558640,4150041
2021-11-20,20981,156430,45579621,4306471
2021-11-21,10604,64860,45590225,4371331
2021-11-22,21924,213133,45612149,4584464
2021-11-23,23550,241731,45635699,4826195
2021-11-24,27817,270931,45663516,5097126
2021-11-25,23210,301890,45686726,5399016
2021-11-26,24554,318251,45711280,5717267
2021-11-27,21361,266140,45732641,5983407
2021-11-28,9885,137050,45742526,6120457
2021-11-29,22297,326050,45764823,6446507
2021-11-30,23060,365812,45787883,6812319
2021-12-01,21495,413488,45809378,7225807
2021-12-02,23737,440374,45833115,7666181
2021-12-03,25197,467432,45858312,8133613
2021-12-04,22326,418716,45880638,8552329
2021-12-05,11898,261325,45892536,8813654
2021-12-06,25780,457553,45918316,9271207
2021-12-07,24089,480235,45942405,9751442
2021-12-08,9977,249673,45952382,10001115
2021-12-09,31525,491903,45983907,10493018
2021-12-10,28015,517850,46011922,11010868
2021-12-11,23516,459229,46035438,11470097
2021-12-12,12281,293487,46047719,11763584
2021-12-13,26106,467605,46073825,12231189
2021-12-14,25125,494178,46098950,12725367
2021-12-15,25289,517115,46124239,13242482
2021-12-16,27829,520216,46152068,13762698
2021-12-17,29292,517147,46181360,14279845
2021-12-18,26975,468700,46208335,14748545
2021-12-19,15107,300506,46223442,15049051
2021-12-20,30557,477454,46253999,15526505
2021-12-21,30302,493360,46284301,16019865
2021-12-22,29381,484682,46313682,16504547
2021-12-23,28171,426884,46341853,16931431
2021-12-24,13089,210812,46354942,17142243
2021-12-25,2100,33053,46357042,17175296
2021-12-26,8736,159060,46365778,17334356
2021-12-27,46698,504636,46412476,17838992
2021-12-28,42362,554180,46454838,18393172
2021-12-29,34220,550630,46489058,18943802
2021-12-30,31723,499802,46520781,19443604
2021-12-31,14071,247389,46534852,19690993
2022-01-01,3480,64811,46538332,19755804
2022-01-02,22682,276714,46561014,20032518
2022-01-03,47667,519999,46608681,20552517
2022-01-04,46156,572058,46654837,21124575
2022-01-05,40569,560371,46695406,21684946
2022-01-06,23365,274476,46718771,21959422
2022-01-07,63473,554168,46782244,22513590
2022-01-08,60629,503359,46842873,23016949
2022-01-09,42641,319681,46885514,23336630
2022-01-10,60872,542257,46946386,23878887
2022-01-11,61464,586967,47007850,24465854
2022-01-12,58198,581266,47066048,25047120
2022-01-13,58349,580360,47124397,25627480
2022-01-14,46546,588550,47170943,26216030
2022-01-15,39063,569923,47210006,26785953
2022-01-16,31005,341846,47241011,27127799
2022-01-17,54587,489638,47295598,27617437
2022-01-18,58204,516998,47353802,28134435
2022-01-19,57022,502766,47410824,28637201
2022-01-20,54170,498797,47464994,29135998
2022-01-21,41891,493847,47506885,29629845
2022-01-22,30961,469584,47537846,30099429
2022-01-23,34790,275360,47572636,30374789
2022-01-24,56053,437197,47628689,30811986
2022-01-25,61413,452076,47690102,31264062
2022-01-26,58416,435803,47748518,31699865
2022-01-27,48724,432342,47797242,32132207
2022-01-28,58537,436514,47855779,32568721
2022-01-29,67961,412471,47923740,32981192
2022-01-30,50274,235960,47974014,33217152
2022-01-31,60455,356915,48034469,33574067
2022-02-01,65407,328416,48099876,33902483
2022-02-02,63059,296950,48162935,34199433
2022-02-03,59945,274506,48222880,34473939
2022-02-04,72259,268435,48295139,34742374
2022-02-05,83660,248516,48378799,34990890
2022-02-06,55213,116190,48434012,35107080
2022-02-07,65056,199923,48499068,35307003
2022-02-08,66839,186096,48565907,35493099
2022-02-09,58682,166322,48624589,35659421
2022-02-10,58475,163227,48683064,35822648
2022-02-11,62154,162444,48745218,35985092
2022-02-12,71899,152132,48817117,36137224
2022-02-13,41435,68848,48858552,36206072
2022-02-14,46616,116178,48905168,36322250
2022-02-15,48459,123475,48953627,36445725
2022-02-16,45622,106104,48999249,36551829
2022-02-17,42820,98093,49042069,36649922
2022-02-18,46560,112563,49088629,36762485
2022-02-19,52492,100322,49141121,36862807
2022-02-20,31397,40358,49172518,36903165
2022-02-21,37864,89638,49210382,36992803
2022-02-22,37173,83764,49247555,37076567
2022-02-23,33354,79398,49280909,37155965
2022-02-24,32527,78155,49313436,37234120
2022-02-25,34724,90700,49348160,37324820
2022-02-26,39129,89127,49387289,37413947
2022-02-27,22534,35854,49409823,37449801
2022-02-28,28445,81688,49438268,37531489
2022-03-01,22668,53933,49460936,37585422
2022-03-02,21972,50623,49482908,37636045
2022-03-03,22572,54933,49505480,37690978
2022-03-04,23196,62787,49528676,37753765
2022-03-05,23758,57949,49552434,37811714
2022-03-06,9465,17199,49561899,37828913
2022-03-07,15883,51386,49577782,37880299
2022-03-08,15433,48793,49593215,37929092
2022-03-09,13778,46510,49606993,37975602
2022-03-10,14007,52111,49621000,38027713
2022-03-11,15541,57244,49636541,38084957
2022-03-12,15475,56612,49652016,38141569
2022-03-13,5539,16848,49657555,38158417
2022-03-14,10502,46689,49668057,38205106
2022-03-15,10516,46891,49678573,38251997
2022-03-16,9457,41974,49688030,38293971
2022-03-17,9684,44872,49697714,38338843
2022-03-18,10141,49044,49707855,38387887
2022-03-19,9133,46530,49716988,38434417
2022-03-20,2603,11699,49719591,38446116
2022-03-21,7562,40212,49727153,38486328
2022-03-22,8426,37742,49735579,38524070
2022-03-23,7193,33694,49742772,38557764
2022-03-24,8237,38789,49751009,38596553
2022-03-25,8108,43658,49759117,38640211
2022-03-26,8113,41717,49767230,38681928
2022-03-27,2424,9683,49769654,38691611
2022-03-28,6093,35225,49775747,38726836
2022-03-29,5768,32521,49781515,38759357
2022-03-30,5548,30188,49787063,38789545
2022-03-31,5872,33166,49792935,38822711
2022-04-01,4337,25177,49797272,38847888
2022-04-02,4485,23269,49801757,38871157
2022-04-03,1045,4498,49802802,38875655
2022-04-04,3647,21530,49806449,38897185
2022-04-05,3743,22920,49810192,38920105
2022-04-06,4091,21830,49814283,38941935
2022-04-07,3945,23317,49818228,38965252
2022-04-08,4679,26707,49822907,38991959
2022-04-09,4372,23879,49827279,39015838
2022-04-10,891,4614,49828170,39020452
2022-04-11,3795,22679,49831965,39043131
2022-04-12,3350,21773,49835315,39064904
2022-04-13,3550,21333,49838865,39086237
2022-04-14,3474,23769,49842339,39110006
2022-04-15,3075,20612,49845414,39130618
2022-04-16,2145,11920,49847559,39142538
2022-04-17,63,348,49847622,39142886
2022-04-18,148,650,49847770,39143536
2022-04-19,3479,21976,49851249,39165512
2022-04-20,3489,20249,49854738,39185761
2022-04-21,2833,19774,49857571,39205535
2022-04-22,2908,20694,49860479,39226229
2022-04-23,2633,16204,49863112,39242433
2022-04-24,508,2335,49863620,39244768
2022-04-25,183,1165,49863803,39245933
2022-04-26,2751,17790,49866554,39263723
2022-04-27,2362,15777,49868916,39279500
2022-04-28,2343,15530,49871259,39295030
2022-04-29,2287,14831,49873546,39309861
2022-04-30,2115,11576,49875661,39321437
2022-05-01,113,530,49875774,39321967
2022-05-02,1440,9380,49877214,39331347
2022-05-03,1568,10305,49878782,39341652
2022-05-04,1745,10254,49880527,39351906
2022-05-05,1644,10261,49882171,39362167
2022-05-06,1692,10942,49883863,39373109
2022-05-07,1429,8562,49885292,39381671
2022-05-08,404,1514,49885696,39383185
2022-05-09,1024,8913,49886720,39392098
2022-05-10,1418,9536,49888138,39401634
2022-05-11,1476,10085,49889614,39411719
2022-05-12,1361,10116,49890975,39421835
2022-05-13,1586,10505,49892561,39432340
2022-05-14,1356,8226,49893917,39440566
2022-05-15,336,1129,49894253,39441695
2022-05-16,807,8386,49895060,39450081
2022-05-17,1242,8664,49896302,39458745
2022-05-18,1368,9206,49897670,39467951
2022-05-19,1493,9264,49899163,39477215
2022-05-20,1419,9488,49900582,39486703
2022-05-21,1299,7892,49901881,39494595
2022-05-22,232,1012,49902113,39495607
2022-05-23,824,8259,49902937,39503866
2022-05-24,1070,8661,49904007,39512527
2022-05-25,1363,9443,49905370,39521970
2022-05-26,1191,9452,49906561,39531422
2022-05-27,1223,9906,49907784,39541328
2022-05-28,1201,7870,49908985,39549198
2022-05-29,285,1263,49909270,39550461
2022-05-30,926,8023,49910196,39558484
2022-05-31,1032,8528,49911228,39567012
2022-06-01,889,7641,49912117,39574653
2022-06-02,34,474,49912151,39575127
2022-06-03,811,7326,49912962,39582453
2022-06-04,869,5155,49913831,39587608
2022-06-05,89,586,49913920,39588194
2022-06-06,662,6961,49914582,39595155
2022-06-07,927,7841,49915509,39602996
2022-06-08,977,7895,49916486,39610891
2022-06-09,1031,8398,49917517,39619289
2022-06-10,948,8534,49918465,39627823
2022-06-11,897,6208,49919362,39634031
2022-06-12,140,767,49919502,39634798
2022-06-13,600,6292,49920102,39641090
2022-06-14,823,7868,49920925,39648958
2022-06-15,948,7842,49921873,39656800
2022-06-16,726,7381,49922599,39664181
2022-06-17,715,7229,49923314,39671410
2022-06-18,774,5587,49924088,39676997
2022-06-19,45,522,49924133,39677519
2022-06-20,586,6690,49924719,39684209
2022-06-21,728,7633,49925447,39691842
2022-06-22,773,7298,49926220,39699140
2022-06-23,642,7451,49926862,39706591
2022-06-24,634,7450,49927496,39714041
2022-06-25,832,6529,49928328,39720570
2022-06-26,128,523,49928456,39721093
2022-06-27,527,7108,49928983,39728201
2022-06-28,739,8187,49929722,39736388
2022-06-29,754,7704,49930476,39744092
2022-06-30,739,8117,49931215,39752209
2022-07-01,573,6432,49931788,39758641
2022-07-02,535,4763,49932323,39763404
2022-07-03,49,463,49932372,39763867
2022-07-04,468,6249,49932840,39770116
2022-07-05,616,8102,49933456,39778218
2022-07-06,619,7566,49934075,39785784
2022-07-07,556,8237,49934631,39794021
2022-07-08,665,8055,49935296,39802076
2022-07-09,546,6096,49935842,39808172
2022-07-10,59,533,49935901,39808705
2022-07-11,473,7615,49936374,39816320
2022-07-12,636,8944,49937010,39825264
2022-07-13,618,10033,49937628,39835297
2022-07-14,616,10147,49938244,39845444
2022-07-15,610,10579,49938854,39856023
2022-07-16,510,7181,49939364,39863204
2022-07-17,47,764,49939411,39863968
2022-07-18,486,9302,49939897,39873270
2022-07-19,556,10486,49940453,39883756
2022-07-20,550,11099,49941003,39894855
2022-07-21,604,11736,49941607,39906591
2022-07-22,596,10525,49942203,39917116