data_somministrazione,vaccinazioni,booster,cum_vaccinazioni,cum_booster
2020-12-27,16,0,16,0
2020-12-28,2,0,18,0
2020-12-29,1,0,19,0
2020-12-30,3,0,22,0
2020-12-31,34,0,56,0
2021-01-01,12,0,68,0
2021-01-02,53,0,121,0
2021-01-03,46,0,167,0
2021-01-04,123,0,290,0
2021-01-05,159,0,449,0
2021-01-06,135,0,584,0
2021-01-07,198,0,782,0
2021-01-08,245,0,1027,0
2021-01-09,172,0,1199,0
2021-01-10,110,0,1309,0
2021-01-11,199,0,1508,0
2021-01-12,208,0,1716,0
2021-01-13,311,0,2027,0
2021-01-14,413,0,2440,0
2021-01-15,249,0,2689,0
2021-01-16,165,0,2854,0
2021-01-17,3048,0,5902,0
2021-01-18,5185,0,11087,0
2021-01-19,1872,0,12959,0
2021-01-20,4660,0,17619,0
2021-01-21,20017,0,37636,0
2021-01-22,14196,0,51832,0
2021-01-23,33369,0,85201,0
2021-01-24,30794,0,115995,0
2021-01-25,64786,0,180781,0
2021-01-26,76709,0,257490,0
2021-01-27,64882,0,322372,0
2021-01-28,89397,0,411769,0
2021-01-29,94180,0,505949,0
2021-01-30,86802,0,592751,0
2021-01-31,57388,0,650139,0
2021-02-01,81944,0,732083,0
2021-02-02,82219,0,814302,0
2021-02-03,91388,0,905690,0
2021-02-04,95446,0,1001136,0
2021-02-05,90349,0,1091485,0
2021-02-06,63816,0,1155301,0
2021-02-07,32951,0,1188252,0
2021-02-08,40489,0,1228741,0
2021-02-09,32837,0,1261578,0
2021-02-10,28384,0,1289962,0
2021-02-11,20351,0,1310313,0
2021-02-12,16178,0,1326491,0
2021-02-13,7218,0,1333709,0
2021-02-14,2856,0,1336565,0
2021-02-15,6869,0,1343434,0
2021-02-16,6975,0,1350409,0
2021-02-17,10511,0,1360920,0
2021-02-18,9331,0,1370251,0
2021-02-19,8242,0,1378493,0
2021-02-20,5560,0,1384053,0
2021-02-21,2981,0,1387034,0
2021-02-22,6860,0,1393894,0
2021-02-23,7136,0,1401030,0
2021-02-24,9789,0,1410819,0
2021-02-25,14168,0,1424987,0
2021-02-26,17517,0,1442504,0
2021-02-27,13855,0,1456359,0
2021-02-28,9372,0,1465731,0
2021-03-01,26436,0,1492167,0
2021-03-02,33174,0,1525341,0
2021-03-03,44671,0,1570012,0
2021-03-04,50241,0,1620253,0
2021-03-05,55715,0,1675968,0
2021-03-06,41861,0,1717829,0
2021-03-07,22287,0,1740116,0
2021-03-08,50692,0,1790808,0
2021-03-09,53031,0,1843839,0
2021-03-10,58566,0,1902405,0
2021-03-11,63822,0,1966227,0
2021-03-12,65065,0,2031292,0
2021-03-13,51725,0,2083017,0
2021-03-14,35343,0,2118360,0
2021-03-15,73566,0,2191926,0
2021-03-16,74076,0,2266002,0
2021-03-17,83074,0,2349076,0
2021-03-18,81625,0,2430701,0
2021-03-19,81078,0,2511779,0
2021-03-20,64746,0,2576525,0
2021-03-21,47273,0,2623798,0
2021-03-22,69450,0,2693248,0
2021-03-23,75809,0,2769057,0
2021-03-24,90847,0,2859904,0
2021-03-25,89754,0,2949658,0
2021-03-26,83541,0,3033199,0
2021-03-27,71906,0,3105105,0
2021-03-28,44032,0,3149137,0
2021-03-29,70807,0,3219944,0
2021-03-30,81286,0,3301230,0
2021-03-31,96139,0,3397369,0
2021-04-01,95234,0,3492603,0
2021-04-02,84090,0,3576693,0
2021-04-03,64291,0,3640984,0
2021-04-04,21687,0,3662671,0
2021-04-05,40260,0,3702931,0
2021-04-06,81323,0,3784254,0
2021-04-07,95829,0,3880083,0
2021-04-08,95349,0,3975432,0
2021-04-09,88443,0,4063875,0
2021-04-10,74047,0,4137922,0
2021-04-11,44770,0,4182692,0
2021-04-12,67005,0,4249697,0
2021-04-13,72689,0,4322386,0
2021-04-14,85503,0,4407889,0
2021-04-15,105367,0,4513256,0
2021-04-16,106438,0,4619694,0
2021-04-17,90631,0,4710325,0
2021-04-18,58768,0,4769093,0
2021-04-19,93561,0,4862654,0
2021-04-20,103889,0,4966543,0
2021-04-21,125491,0,5092034,0
2021-04-22,143643,0,5235677,0
2021-04-23,138817,0,5374494,0
2021-04-24,124485,0,5498979,0
2021-04-25,61403,0,5560382,0
2021-04-26,97948,0,5658330,0
2021-04-27,128569,0,5786899,0
2021-04-28,156490,0,5943389,0
2021-04-29,195622,0,6139011,0
2021-04-30,214778,0,6353789,0
2021-05-01,174289,0,6528078,0
2021-05-02,136486,0,6664564,0
2021-05-03,142245,0,6806809,0
2021-05-04,158921,0,6965730,0
2021-05-05,171328,0,7137058,0
2021-05-06,198776,0,7335834,0
2021-05-07,214694,0,7550528,0
2021-05-08,213878,0,7764406,0
2021-05-09,143419,0,7907825,0
2021-05-10,165396,0,8073221,0
2021-05-11,175239,0,8248460,0
2021-05-12,179378,0,8427838,0
2021-05-13,203581,0,8631419,0
2021-05-14,223435,0,8854854,0
2021-05-15,211938,0,9066792,0
2021-05-16,160730,0,9227522,0
2021-05-17,219435,0,9446957,0
2021-05-18,213419,0,9660376,0
2021-05-19,207436,0,9867812,0
2021-05-20,271255,0,10139067,0
2021-05-21,271281,0,10410348,0
2021-05-22,246479,0,10656827,0
2021-05-23,198411,0,10855238,0
2021-05-24,228712,0,11083950,0
2021-05-25,247138,0,11331088,0
2021-05-26,278957,0,11610045,0
2021-05-27,312614,0,11922659,0
2021-05-28,300084,0,12222743,0
2021-05-29,231711,0,12454454,0
2021-05-30,172012,0,12626466,0
2021-05-31,217936,0,12844402,0
2021-06-01,208344,0,13052746,0
2021-06-02,116266,0,13169012,0
2021-06-03,180528,0,13349540,0
2021-06-04,186096,0,13535636,0
2021-06-05,186611,0,13722247,0
2021-06-06,140138,0,13862385,0
2021-06-07,162255,0,14024640,0
2021-06-08,171249,0,14195889,0
2021-06-09,171649,0,14367538,0
2021-06-10,174069,0,14541607,0
2021-06-11,170004,0,14711611,0
2021-06-12,128292,0,14839903,0
2021-06-13,91502,0,14931405,0
2021-06-14,215252,0,15146657,0
2021-06-15,228934,0,15375591,0
2021-06-16,254270,0,15629861,0
2021-06-17,302862,0,15932723,0
2021-06-18,307146,0,16239869,0
2021-06-19,276233,0,16516102,0
2021-06-20,221563,0,16737665,0
2021-06-21,289162,0,17026827,0
2021-06-22,297612,0,17324439,0
2021-06-23,304344,0,17628783,0
2021-06-24,333963,0,17962746,0
2021-06-25,350013,0,18312759,0
2021-06-26,301428,0,18614187,0
2021-06-27,229720,0,18843907,0
2021-06-28,308399,0,19152306,0
2021-06-29,331003,0,19483309,0
2021-06-30,344174,0,19827483,0
2021-07-01,364848,0,20192331,0
2021-07-02,370277,0,20562608,0
2021-07-03,373393,0,20936001,0
2021-07-04,284537,0,21220538,0
2021-07-05,386286,0,21606824,0
2021-07-06,387428,0,21994252,0
2021-07-07,414245,0,22408497,0
2021-07-08,482543,0,22891040,0
2021-07-09,500758,0,23391798,0
2021-07-10,477342,0,23869140,0
2021-07-11,359023,0,24228163,0
2021-07-12,487798,0,24715961,0
2021-07-13,494555,0,25210516,0
2021-07-14,482774,0,25693290,0
2021-07-15,525914,0,26219204,0
2021-07-16,511687,0,26730891,0
2021-07-17,466397,0,27197288,0
2021-07-18,366088,0,27563376,0
2021-07-19,465161,0,28028537,0
2021-07-20,459857,0,28488394,0
2021-07-21,464679,0,28953073,0
2021-07-22,476617,0,29429690,0
2021-07-23,442900,0,29872590,0
2021-07-24,386910,0,30259500,0
2021-07-25,288016,0,30547516,0
2021-07-26,432378,0,30979894,0
2021-07-27,441801,0,31421695,0
2021-07-28,392565,0,31814260,0
2021-07-29,373628,0,32187888,0
2021-07-30,342932,0,32530820,0
2021-07-31,288382,0,32819202,0
2021-08-01,191392,0,33010594,0
2021-08-02,335339,0,33345933,0
2021-08-03,324455,0,33670388,0
2021-08-04,312278,0,33982666,0
2021-08-05,293686,0,34276352,0
2021-08-06,261008,0,34537360,0
2021-08-07,199369,0,34736729,0
2021-08-08,153574,0,34890303,0
2021-08-09,235284,0,35125587,0
2021-08-10,205537,0,35331124,0
2021-08-11,194276,0,35525400,0
2021-08-12,168492,0,35693892,0
2021-08-13,148649,0,35842541,0
2021-08-14,65977,0,35908518,0
2021-08-15,26293,0,35934811,0
2021-08-16,114904,0,36049715,0
2021-08-17,129256,0,36178971,0
2021-08-18,128904,0,36307875,0
2021-08-19,125238,0,36433113,0
2021-08-20,124296,0,36557409,0
2021-08-21,83488,0,36640897,0
2021-08-22,68349,0,36709246,0
2021-08-23,177066,0,36886312,0
2021-08-24,157839,0,37044151,0
2021-08-25,177796,0,37221947,0
2021-08-26,173240,0,37395187,0
2021-08-27,186391,0,37581578,0
2021-08-28,140248,0,37721826,0
2021-08-29,99138,0,37820964,0
2021-08-30,210129,0,38031093,0
2021-08-31,195295,0,38226388,0
2021-09-01,192775,0,38419163,0
2021-09-02,190261,0,38609424,0
2021-09-03,191363,0,38800787,0
2021-09-04,131514,0,38932301,0
2021-09-05,87964,0,39020265,0
2021-09-06,193809,0,39214074,0
2021-09-07,195926,0,39410000,0
2021-09-08,187873,0,39597873,0
2021-09-09,201508,0,39799381,0
2021-09-10,198192,0,39997573,0
2021-09-11,141209,0,40138782,0
2021-09-12,89554,0,40228336,0
2021-09-13,191195,348,40419531,348
2021-09-14,177482,427,40597013,775
2021-09-15,163157,457,40760170,1232
2021-09-16,160111,789,40920281,2021
2021-09-17,150192,1004,41070473,3025
2021-09-18,127910,658,41198383,3683
2021-09-19,81106,441,41279489,4124
2021-09-20,179921,8957,41459410,13081
2021-09-21,166392,8729,41625802,21810
2021-09-22,158921,9369,41784723,31179
2021-09-23,137775,9242,41922498,40421
2021-09-24,140257,8857,42062755,49278
2021-09-25,119366,5563,42182121,54841
2021-09-26,71803,4293,42253924,59134
2021-09-27,135446,9979,42389370,69113
2021-09-28,117230,11307,42506600,80420
2021-09-29,112073,11764,42618673,92184
2021-09-30,110016,14847,42728689,107031
2021-10-01,94688,19029,42823377,126060
2021-10-02,78226,13986,42901603,140046
2021-10-03,47564,7630,42949167,147676
2021-10-04,88093,34362,43037260,182038
2021-10-05,80123,33927,43117383,215965
2021-10-06,71779,34078,43189162,250043
2021-10-07,71526,34288,43260688,284331
2021-10-08,80376,33504,43341064,317835
2021-10-09,75826,22107,43416890,339942
2021-10-10,45646,13589,43462536,353531
2021-10-11,87129,40998,43549665,394529
2021-10-12,84226,46792,43633891,441321
2021-10-13,87938,52001,43721829,493322
2021-10-14,91152,58399,43812981,551721
2021-10-15,93256,55483,43906237,607204
2021-10-16,82675,36708,43988912,643912
2021-10-17,51271,23781,44040183,667693
2021-10-18,90083,59336,44130266,727029
2021-10-19,78185,69290,44208451,796319
2021-10-20,74944,78033,44283395,874352
2021-10-21,78114,81599,44361509,955951
2021-10-22,73776,76895,44435285,1032846
2021-10-23,60739,51890,44496024,1084736
2021-10-24,33318,23401,44529342,1108137
2021-10-25,64832,81531,44594174,1189668
2021-10-26,58270,91630,44652444,1281298
2021-10-27,58148,103829,44710592,1385127
2021-10-28,61296,113876,44771888,1499003
2021-10-29,61628,103013,44833516,1602016
2021-10-30,50576,68118,44884092,1670134
2021-10-31,25115,28238,44909207,1698372
2021-11-01,19010,28118,44928217,1726490
2021-11-02,62688,89285,44990905,1815775
2021-11-03,60633,118608,45051538,1934383
2021-11-04,59118,126495,45110656,2060878
2021-11-05,62987,134986,45173643,2195864
2021-11-06,46349,90902,45219992,2286766
2021-11-07,22205,37835,45242197,2324601
2021-11-08,51370,131125,45293567,2455726
2021-11-09,45330,143999,45338897,2599725
2021-11-10,42519,156157,45381416,2755882
2021-11-11,44807,155014,45426223,2910896
2021-11-12,46236,158490,45472459,3069386
2021-11-13,33143,116562,45505602,3185948
2021-11-14,14442,52390,45520044,3238338
2021-11-15,36762,157209,45556806,3395547
2021-11-16,30428,171296,45587234,3566843
2021-11-17,28299,178383,45615533,3745226
2021-11-18,30133,193945,45645666,3939171
2021-11-19,28652,205849,45674318,4145020
2021-11-20,20871,156236,45695189,4301256
2021-11-21,10541,64744,45705730,4366000
2021-11-22,21785,213182,45727515,4579182
2021-11-23,23422,241821,45750937,4821003
2021-11-24,27656,271001,45778593,5092004
2021-11-25,23027,301844,45801620,5393848
2021-11-26,24369,318118,45825989,5711966
2021-11-27,21224,265876,45847213,5977842
2021-11-28,9807,136850,45857020,6114692
2021-11-29,22067,325761,45879087,6440453
2021-11-30,22825,365578,45901912,6806031
2021-12-01,21226,413011,45923138,7219042
2021-12-02,23458,440203,45946596,7659245
2021-12-03,24900,467076,45971496,8126321
2021-12-04,22085,418596,45993581,8544917
2021-12-05,11717,261255,46005298,8806172
2021-12-06,25368,457693,46030666,9263865
2021-12-07,23732,480322,46054398,9744187
2021-12-08,9788,249899,46064186,9994086
2021-12-09,31073,492087,46095259,10486173
2021-12-10,27625,517742,46122884,11003915
2021-12-11,23150,459479,46146034,11463394
2021-12-12,12027,293636,46158061,11757030
2021-12-13,25684,467651,46183745,12224681
2021-12-14,24671,494241,46208416,12718922
2021-12-15,24826,517122,46233242,13236044
2021-12-16,27239,520223,46260481,13756267
2021-12-17,28775,516841,46289256,14273108
2021-12-18,26436,468958,46315692,14742066
2021-12-19,14745,300751,46330437,15042817
2021-12-20,29990,477576,46360427,15520393
2021-12-21,29785,493332,46390212,16013725
2021-12-22,28693,484731,46418905,16498456
2021-12-23,27525,427121,46446430,16925577
2021-12-24,12827,210925,46459257,17136502
2021-12-25,2076,33029,46461333,17169531
2021-12-26,8504,158996,46469837,17328527
2021-12-27,45691,505209,46515528,17833736
2021-12-28,41005,554741,46556533,18388477
2021-12-29,32663,551124,46589196,18939601
2021-12-30,30205,500356,46619401,19439957
2021-12-31,13178,247989,46632579,19687946
2022-01-01,3304,64765,46635883,19752711
2022-01-02,21174,277453,46657057,20030164
2022-01-03,45011,521510,46702068,20551674
2022-01-04,42993,573565,46745061,21125239
2022-01-05,36996,561761,46782057,21687000
2022-01-06,21260,274657,46803317,21961657
2022-01-07,59386,555418,46862703,22517075
2022-01-08,56012,503880,46918715,23020955
2022-01-09,39021,319502,46957736,23340457
2022-01-10,57257,542507,47014993,23882964
2022-01-11,57309,587178,47072302,24470142
2022-01-12,54131,581405,47126433,25051547
2022-01-13,54624,580498,47181057,25632045
2022-01-14,42749,588377,47223806,26220422
2022-01-15,34370,568125,47258176,26788547
2022-01-16,27890,340979,47286066,27129526
2022-01-17,52107,489907,47338173,27619433
2022-01-18,55811,517127,47393984,28136560
2022-01-19,54778,502899,47448762,28639459
2022-01-20,52043,498781,47500805,29138240
2022-01-21,39706,493682,47540511,29631922
2022-01-22,28236,468964,47568747,30100886
2022-01-23,33292,274937,47602039,30375823
2022-01-24,54586,437396,47656625,30813219
2022-01-25,60082,452040,47716707,31265259
2022-01-26,56948,435863,47773655,31701122
2022-01-27,47243,432039,47820898,32133161
2022-01-28,56964,436297,47877862,32569458
2022-01-29,66151,411405,47944013,32980863
2022-01-30,49033,235275,47993046,33216138
2022-01-31,58901,356650,48051947,33572788
2022-02-01,64095,327956,48116042,33900744
2022-02-02,61784,296029,48177826,34196773
2022-02-03,58758,272729,48236584,34469502
2022-02-04,70600,265548,48307184,34735050
2022-02-05,81541,246312,48388725,34981362
2022-02-06,54657,114036,48443382,35095398