data_somministrazione,vaccinazioni,booster,cum_vaccinazioni,cum_booster
2020-12-27,22,0,22,0
2020-12-28,2,0,24,0
2020-12-29,1,0,25,0
2020-12-30,8,0,33,0
2020-12-31,80,0,113,0
2021-01-01,26,0,139,0
2021-01-02,150,0,289,0
2021-01-03,113,0,402,0
2021-01-04,248,0,650,0
2021-01-05,292,0,942,0
2021-01-06,264,0,1206,0
2021-01-07,332,0,1538,0
2021-01-08,388,0,1926,0
2021-01-09,293,0,2219,0
2021-01-10,173,0,2392,0
2021-01-11,312,0,2704,0
2021-01-12,293,0,2997,0
2021-01-13,428,0,3425,0
2021-01-14,508,0,3933,0
2021-01-15,328,0,4261,0
2021-01-16,225,0,4486,0
2021-01-17,3065,0,7551,0
2021-01-18,5221,0,12772,0
2021-01-19,1896,0,14668,0
2021-01-20,4660,0,19328,0
2021-01-21,20004,0,39332,0
2021-01-22,14220,0,53552,0
2021-01-23,33317,0,86869,0
2021-01-24,30774,0,117643,0
2021-01-25,64697,0,182340,0
2021-01-26,76456,0,258796,0
2021-01-27,64805,0,323601,0
2021-01-28,89242,0,412843,0
2021-01-29,93988,0,506831,0
2021-01-30,86538,0,593369,0
2021-01-31,57319,0,650688,0
2021-02-01,81833,0,732521,0
2021-02-02,82125,0,814646,0
2021-02-03,91098,0,905744,0
2021-02-04,95381,0,1001125,0
2021-02-05,90263,0,1091388,0
2021-02-06,63450,0,1154838,0
2021-02-07,32935,0,1187773,0
2021-02-08,40421,0,1228194,0
2021-02-09,32880,0,1261074,0
2021-02-10,28440,0,1289514,0
2021-02-11,20408,0,1309922,0
2021-02-12,16253,0,1326175,0
2021-02-13,7285,0,1333460,0
2021-02-14,2862,0,1336322,0
2021-02-15,6852,0,1343174,0
2021-02-16,7008,0,1350182,0
2021-02-17,10527,0,1360709,0
2021-02-18,9259,0,1369968,0
2021-02-19,8259,0,1378227,0
2021-02-20,5590,0,1383817,0
2021-02-21,3017,0,1386834,0
2021-02-22,6884,0,1393718,0
2021-02-23,7192,0,1400910,0
2021-02-24,9816,0,1410726,0
2021-02-25,14216,0,1424942,0
2021-02-26,17566,0,1442508,0
2021-02-27,13926,0,1456434,0
2021-02-28,9399,0,1465833,0
2021-03-01,26533,0,1492366,0
2021-03-02,33248,0,1525614,0
2021-03-03,44653,0,1570267,0
2021-03-04,50306,0,1620573,0
2021-03-05,55746,0,1676319,0
2021-03-06,41888,0,1718207,0
2021-03-07,22332,0,1740539,0
2021-03-08,50840,0,1791379,0
2021-03-09,53096,0,1844475,0
2021-03-10,58701,0,1903176,0
2021-03-11,63896,0,1967072,0
2021-03-12,65146,0,2032218,0
2021-03-13,51732,0,2083950,0
2021-03-14,35428,0,2119378,0
2021-03-15,73466,0,2192844,0
2021-03-16,74031,0,2266875,0
2021-03-17,83148,0,2350023,0
2021-03-18,81634,0,2431657,0
2021-03-19,81091,0,2512748,0
2021-03-20,64747,0,2577495,0
2021-03-21,47314,0,2624809,0
2021-03-22,69507,0,2694316,0
2021-03-23,75822,0,2770138,0
2021-03-24,90942,0,2861080,0
2021-03-25,89831,0,2950911,0
2021-03-26,83646,0,3034557,0
2021-03-27,71965,0,3106522,0
2021-03-28,44193,0,3150715,0
2021-03-29,70854,0,3221569,0
2021-03-30,81421,0,3302990,0
2021-03-31,96271,0,3399261,0
2021-04-01,95345,0,3494606,0
2021-04-02,84089,0,3578695,0
2021-04-03,64316,0,3643011,0
2021-04-04,21726,0,3664737,0
2021-04-05,40328,0,3705065,0
2021-04-06,81353,0,3786418,0
2021-04-07,95851,0,3882269,0
2021-04-08,95268,0,3977537,0
2021-04-09,88509,0,4066046,0
2021-04-10,74040,0,4140086,0
2021-04-11,44774,0,4184860,0
2021-04-12,66929,0,4251789,0
2021-04-13,72603,0,4324392,0
2021-04-14,85561,0,4409953,0
2021-04-15,105427,0,4515380,0
2021-04-16,106439,0,4621819,0
2021-04-17,90533,0,4712352,0
2021-04-18,58600,0,4770952,0
2021-04-19,93448,0,4864400,0
2021-04-20,103784,0,4968184,0
2021-04-21,125344,0,5093528,0
2021-04-22,143540,0,5237068,0
2021-04-23,138766,0,5375834,0
2021-04-24,124455,0,5500289,0
2021-04-25,61471,0,5561760,0
2021-04-26,97920,0,5659680,0
2021-04-27,128383,0,5788063,0
2021-04-28,156404,0,5944467,0
2021-04-29,195629,0,6140096,0
2021-04-30,214623,0,6354719,0
2021-05-01,174152,0,6528871,0
2021-05-02,135820,0,6664691,0
2021-05-03,142084,0,6806775,0
2021-05-04,158721,0,6965496,0
2021-05-05,170559,0,7136055,0
2021-05-06,197840,0,7333895,0
2021-05-07,213890,0,7547785,0
2021-05-08,213444,0,7761229,0
2021-05-09,143225,0,7904454,0
2021-05-10,165109,0,8069563,0
2021-05-11,175020,0,8244583,0
2021-05-12,179239,0,8423822,0
2021-05-13,203437,0,8627259,0
2021-05-14,222953,0,8850212,0
2021-05-15,210400,0,9060612,0
2021-05-16,159296,0,9219908,0
2021-05-17,219228,0,9439136,0
2021-05-18,213036,0,9652172,0
2021-05-19,207110,0,9859282,0
2021-05-20,270916,0,10130198,0
2021-05-21,270921,0,10401119,0
2021-05-22,245553,0,10646672,0
2021-05-23,197201,0,10843873,0
2021-05-24,228314,0,11072187,0
2021-05-25,245703,0,11317890,0
2021-05-26,277579,0,11595469,0
2021-05-27,311112,0,11906581,0
2021-05-28,299592,0,12206173,0
2021-05-29,231261,0,12437434,0
2021-05-30,170859,0,12608293,0
2021-05-31,216445,0,12824738,0
2021-06-01,207650,0,13032388,0
2021-06-02,115812,0,13148200,0
2021-06-03,180192,0,13328392,0
2021-06-04,184941,0,13513333,0
2021-06-05,186020,0,13699353,0
2021-06-06,139605,0,13838958,0
2021-06-07,161927,0,14000885,0
2021-06-08,171317,0,14172202,0
2021-06-09,171545,0,14343747,0
2021-06-10,174189,0,14517936,0
2021-06-11,170068,0,14688004,0
2021-06-12,128422,0,14816426,0
2021-06-13,91259,0,14907685,0
2021-06-14,214722,0,15122407,0
2021-06-15,228478,0,15350885,0
2021-06-16,253122,0,15604007,0
2021-06-17,301806,0,15905813,0
2021-06-18,306354,0,16212167,0
2021-06-19,275147,0,16487314,0
2021-06-20,220838,0,16708152,0
2021-06-21,288126,0,16996278,0
2021-06-22,296277,0,17292555,0
2021-06-23,302720,0,17595275,0
2021-06-24,332640,0,17927915,0
2021-06-25,348746,0,18276661,0
2021-06-26,300159,0,18576820,0
2021-06-27,228711,0,18805531,0
2021-06-28,307173,0,19112704,0
2021-06-29,329365,0,19442069,0
2021-06-30,342243,0,19784312,0
2021-07-01,363263,0,20147575,0
2021-07-02,368518,0,20516093,0
2021-07-03,371109,0,20887202,0
2021-07-04,283252,0,21170454,0
2021-07-05,384570,0,21555024,0
2021-07-06,385499,0,21940523,0
2021-07-07,412146,0,22352669,0
2021-07-08,479583,0,22832252,0
2021-07-09,498461,0,23330713,0
2021-07-10,475173,0,23805886,0
2021-07-11,357689,0,24163575,0
2021-07-12,485871,0,24649446,0
2021-07-13,492060,0,25141506,0
2021-07-14,480431,0,25621937,0
2021-07-15,523402,0,26145339,0
2021-07-16,509738,0,26655077,0
2021-07-17,464315,0,27119392,0
2021-07-18,364623,0,27484015,0
2021-07-19,463030,0,27947045,0
2021-07-20,458043,0,28405088,0
2021-07-21,462788,0,28867876,0
2021-07-22,475373,0,29343249,0
2021-07-23,441326,0,29784575,0
2021-07-24,386142,0,30170717,0
2021-07-25,287537,0,30458254,0
2021-07-26,430886,0,30889140,0
2021-07-27,440101,0,31329241,0
2021-07-28,391013,0,31720254,0
2021-07-29,372068,0,32092322,0
2021-07-30,341533,0,32433855,0
2021-07-31,287057,0,32720912,0
2021-08-01,190996,0,32911908,0
2021-08-02,333712,0,33245620,0
2021-08-03,323186,0,33568806,0
2021-08-04,311001,0,33879807,0
2021-08-05,292479,0,34172286,0
2021-08-06,260050,0,34432336,0
2021-08-07,199073,0,34631409,0
2021-08-08,153109,0,34784518,0
2021-08-09,234086,0,35018604,0
2021-08-10,205302,0,35223906,0
2021-08-11,193803,0,35417709,0
2021-08-12,168080,0,35585789,0
2021-08-13,148677,0,35734466,0
2021-08-14,66104,0,35800570,0
2021-08-15,26346,0,35826916,0
2021-08-16,114724,0,35941640,0
2021-08-17,129264,0,36070904,0
2021-08-18,128763,0,36199667,0
2021-08-19,124868,0,36324535,0
2021-08-20,123799,0,36448334,0
2021-08-21,83137,0,36531471,0
2021-08-22,68182,0,36599653,0
2021-08-23,176871,0,36776524,0
2021-08-24,156890,0,36933414,0
2021-08-25,177171,0,37110585,0
2021-08-26,172350,0,37282935,0
2021-08-27,185828,0,37468763,0
2021-08-28,140296,0,37609059,0
2021-08-29,98999,0,37708058,0
2021-08-30,209582,0,37917640,0
2021-08-31,194640,0,38112280,0
2021-09-01,192216,0,38304496,0
2021-09-02,189930,0,38494426,0
2021-09-03,191274,0,38685700,0
2021-09-04,131435,0,38817135,0
2021-09-05,87841,0,38904976,0
2021-09-06,193598,0,39098574,0
2021-09-07,196038,0,39294612,0
2021-09-08,187855,0,39482467,0
2021-09-09,201414,0,39683881,0
2021-09-10,198046,0,39881927,0
2021-09-11,141288,0,40023215,0
2021-09-12,89590,0,40112805,0
2021-09-13,191095,667,40303900,667
2021-09-14,177204,664,40481104,1331
2021-09-15,163080,658,40644184,1989
2021-09-16,160035,1018,40804219,3007
2021-09-17,150153,1178,40954372,4185
2021-09-18,127986,785,41082358,4970
2021-09-19,81142,513,41163500,5483
2021-09-20,180057,9140,41343557,14623
2021-09-21,166676,8867,41510233,23490
2021-09-22,159124,9466,41669357,32956
2021-09-23,138111,9364,41807468,42320
2021-09-24,140550,9023,41948018,51343
2021-09-25,119564,5680,42067582,57023
2021-09-26,71992,4371,42139574,61394
2021-09-27,135672,10094,42275246,71488
2021-09-28,117522,11439,42392768,82927
2021-09-29,112386,11857,42505154,94784
2021-09-30,110297,14988,42615451,109772
2021-10-01,95006,19145,42710457,128917
2021-10-02,78530,14048,42788987,142965
2021-10-03,47761,7672,42836748,150637
2021-10-04,88392,34491,42925140,185128
2021-10-05,80390,34023,43005530,219151
2021-10-06,72006,34223,43077536,253374
2021-10-07,71882,34383,43149418,287757
2021-10-08,80650,33629,43230068,321386
2021-10-09,76121,22202,43306189,343588
2021-10-10,45795,13632,43351984,357220
2021-10-11,87449,41137,43439433,398357
2021-10-12,84515,46940,43523948,445297
2021-10-13,88226,52175,43612174,497472
2021-10-14,91557,58565,43703731,556037
2021-10-15,93602,55689,43797333,611726
2021-10-16,82976,36835,43880309,648561
2021-10-17,51461,23864,43931770,672425
2021-10-18,90302,59530,44022072,731955
2021-10-19,78352,69424,44100424,801379
2021-10-20,75060,78216,44175484,879595
2021-10-21,78282,81826,44253766,961421
2021-10-22,73765,77092,44327531,1038513
2021-10-23,60838,51977,44388369,1090490
2021-10-24,33367,23485,44421736,1113975
2021-10-25,64895,81672,44486631,1195647
2021-10-26,58370,91848,44545001,1287495
2021-10-27,58318,104043,44603319,1391538
2021-10-28,61445,114166,44664764,1505704
2021-10-29,61620,103202,44726384,1608906
2021-10-30,50671,68162,44777055,1677068
2021-10-31,25158,28315,44802213,1705383
2021-11-01,19050,28159,44821263,1733542
2021-11-02,62739,89448,44884002,1822990
2021-11-03,60713,118709,44944715,1941699
2021-11-04,59240,126707,45003955,2068406
2021-11-05,63092,135234,45067047,2203640
2021-11-06,46495,90946,45113542,2294586
2021-11-07,22248,37908,45135790,2332494
2021-11-08,51521,131303,45187311,2463797
2021-11-09,45404,144238,45232715,2608035
2021-11-10,42594,156382,45275309,2764417
2021-11-11,44931,155181,45320240,2919598
2021-11-12,46303,158712,45366543,3078310
2021-11-13,33273,116683,45399816,3194993
2021-11-14,14490,52462,45414306,3247455
2021-11-15,36907,157449,45451213,3404904
2021-11-16,30567,171416,45481780,3576320
2021-11-17,28469,178469,45510249,3754789
2021-11-18,30296,193771,45540545,3948560
2021-11-19,28825,205889,45569370,4154449
2021-11-20,21015,156461,45590385,4310910
2021-11-21,10613,64870,45600998,4375780
2021-11-22,21960,213164,45622958,4588944
2021-11-23,23608,241804,45646566,4830748
2021-11-24,27771,271102,45674337,5101850
2021-11-25,23269,301953,45697606,5403803
2021-11-26,24599,318315,45722205,5722118
2021-11-27,21419,266176,45743624,5988294
2021-11-28,9911,137071,45753535,6125365
2021-11-29,22370,326082,45775905,6451447
2021-11-30,23120,365863,45799025,6817310
2021-12-01,21569,413543,45820594,7230853
2021-12-02,23800,440444,45844394,7671297
2021-12-03,25284,467548,45869678,8138845
2021-12-04,22392,418813,45892070,8557658
2021-12-05,11944,261369,45904014,8819027
2021-12-06,25851,457637,45929865,9276664
2021-12-07,24172,480311,45954037,9756975
2021-12-08,10033,249725,45964070,10006700
2021-12-09,31630,491968,45995700,10498668
2021-12-10,28111,517941,46023811,11016609
2021-12-11,23595,459288,46047406,11475897
2021-12-12,12329,293537,46059735,11769434
2021-12-13,26186,467664,46085921,12237098
2021-12-14,25215,494242,46111136,12731340
2021-12-15,25384,517191,46136520,13248531
2021-12-16,27941,520310,46164461,13768841
2021-12-17,29407,517227,46193868,14286068
2021-12-18,27117,468788,46220985,14754856
2021-12-19,15173,300548,46236158,15055404
2021-12-20,30686,477511,46266844,15532915
2021-12-21,30424,493451,46297268,16026366
2021-12-22,29494,484761,46326762,16511127
2021-12-23,28292,426971,46355054,16938098
2021-12-24,13128,210846,46368182,17148944
2021-12-25,2104,33053,46370286,17181997
2021-12-26,8784,159077,46379070,17341074
2021-12-27,46851,504704,46425921,17845778
2021-12-28,42513,554270,46468434,18400048
2021-12-29,34409,550687,46502843,18950735
2021-12-30,31906,499870,46534749,19450605
2021-12-31,14152,247410,46548901,19698015
2022-01-01,3503,64815,46552404,19762830
2022-01-02,22843,276728,46575247,20039558
2022-01-03,47967,520042,46623214,20559600
2022-01-04,46495,572107,46669709,21131707
2022-01-05,40866,560430,46710575,21692137
2022-01-06,23546,274489,46734121,21966626
2022-01-07,63820,554229,46797941,22520855
2022-01-08,61008,503426,46858949,23024281
2022-01-09,42982,319708,46901931,23343989
2022-01-10,61191,542332,46963122,23886321
2022-01-11,61883,587041,47025005,24473362
2022-01-12,58577,581315,47083582,25054677
2022-01-13,58732,580437,47142314,25635114
2022-01-14,46962,588625,47189276,26223739
2022-01-15,39611,570002,47228887,26793741
2022-01-16,31334,341899,47260221,27135640
2022-01-17,54866,489698,47315087,27625338
2022-01-18,58485,517059,47373572,28142397
2022-01-19,57284,502825,47430856,28645222
2022-01-20,54437,498864,47485293,29144086
2022-01-21,42200,493903,47527493,29637989
2022-01-22,31319,469624,47558812,30107613
2022-01-23,34989,275392,47593801,30383005
2022-01-24,56237,437256,47650038,30820261
2022-01-25,61610,452135,47711648,31272396
2022-01-26,58607,435850,47770255,31708246
2022-01-27,48904,432420,47819159,32140666
2022-01-28,58772,436569,47877931,32577235
2022-01-29,68199,412521,47946130,32989756
2022-01-30,50416,235993,47996546,33225749
2022-01-31,60728,356954,48057274,33582703
2022-02-01,65627,328472,48122901,33911175
2022-02-02,63256,297003,48186157,34208178
2022-02-03,60098,274542,48246255,34482720
2022-02-04,72418,268476,48318673,34751196
2022-02-05,83823,248560,48402496,34999756
2022-02-06,55309,116208,48457805,35115964
2022-02-07,65192,199949,48522997,35315913
2022-02-08,66960,186133,48589957,35502046
2022-02-09,58781,166356,48648738,35668402
2022-02-10,58604,163255,48707342,35831657
2022-02-11,62280,162482,48769622,35994139
2022-02-12,72018,152157,48841640,36146296
2022-02-13,41488,68859,48883128,36215155
2022-02-14,46713,116196,48929841,36331351
2022-02-15,48573,123482,48978414,36454833
2022-02-16,45701,106132,49024115,36560965
2022-02-17,42876,98127,49066991,36659092
2022-02-18,46638,112591,49113629,36771683
2022-02-19,52548,100341,49166177,36872024
2022-02-20,31416,40367,49197593,36912391
2022-02-21,37903,89660,49235496,37002051
2022-02-22,37228,83786,49272724,37085837
2022-02-23,33405,79406,49306129,37165243
2022-02-24,32563,78169,49338692,37243412
2022-02-25,34775,90714,49373467,37334126
2022-02-26,39165,89137,49412632,37423263
2022-02-27,22548,35859,49435180,37459122
2022-02-28,28492,81697,49463672,37540819
2022-03-01,22735,53944,49486407,37594763
2022-03-02,21936,50713,49508343,37645476
2022-03-03,22641,54947,49530984,37700423
2022-03-04,23244,62802,49554228,37763225
2022-03-05,23805,57953,49578033,37821178
2022-03-06,9473,17201,49587506,37838379
2022-03-07,15927,51391,49603433,37889770
2022-03-08,15481,48797,49618914,37938567
2022-03-09,13815,46518,49632729,37985085
2022-03-10,14061,52128,49646790,38037213
2022-03-11,15593,57274,49662383,38094487
2022-03-12,15515,56619,49677898,38151106
2022-03-13,5545,16852,49683443,38167958
2022-03-14,10528,46703,49693971,38214661
2022-03-15,10555,46895,49704526,38261556
2022-03-16,9486,41979,49714012,38303535
2022-03-17,9727,44877,49723739,38348412
2022-03-18,10164,49059,49733903,38397471
2022-03-19,9152,46541,49743055,38444012
2022-03-20,2608,11704,49745663,38455716
2022-03-21,7587,40233,49753250,38495949
2022-03-22,8448,37768,49761698,38533717
2022-03-23,7221,33701,49768919,38567418
2022-03-24,8261,38821,49777180,38606239
2022-03-25,8144,43673,49785324,38649912
2022-03-26,8129,41722,49793453,38691634
2022-03-27,2432,9683,49795885,38701317
2022-03-28,6113,35245,49801998,38736562
2022-03-29,5783,32532,49807781,38769094
2022-03-30,5567,30205,49813348,38799299
2022-03-31,5906,33186,49819254,38832485
2022-04-01,4351,25189,49823605,38857674
2022-04-02,4497,23275,49828102,38880949
2022-04-03,1049,4500,49829151,38885449
2022-04-04,3662,21547,49832813,38906996
2022-04-05,3759,22937,49836572,38929933
2022-04-06,4105,21853,49840677,38951786
2022-04-07,3970,23321,49844647,38975107
2022-04-08,4696,26716,49849343,39001823
2022-04-09,4382,23889,49853725,39025712
2022-04-10,893,4613,49854618,39030325
2022-04-11,3820,22689,49858438,39053014
2022-04-12,3364,21780,49861802,39074794
2022-04-13,3574,21337,49865376,39096131
2022-04-14,3487,23789,49868863,39119920
2022-04-15,3086,20621,49871949,39140541
2022-04-16,2152,11918,49874101,39152459
2022-04-17,63,348,49874164,39152807
2022-04-18,152,650,49874316,39153457
2022-04-19,3500,21987,49877816,39175444
2022-04-20,3513,20250,49881329,39195694
2022-04-21,2848,19793,49884177,39215487
2022-04-22,2928,20714,49887105,39236201
2022-04-23,2648,16222,49889753,39252423
2022-04-24,509,2334,49890262,39254757
2022-04-25,183,1165,49890445,39255922
2022-04-26,2761,17812,49893206,39273734
2022-04-27,2374,15795,49895580,39289529
2022-04-28,2363,15567,49897943,39305096
2022-04-29,2298,14850,49900241,39319946
2022-04-30,2123,11585,49902364,39331531
2022-05-01,113,531,49902477,39332062
2022-05-02,1451,9394,49903928,39341456
2022-05-03,1577,10326,49905505,39351782
2022-05-04,1747,10276,49907252,39362058
2022-05-05,1654,10301,49908906,39372359
2022-05-06,1702,10972,49910608,39383331
2022-05-07,1431,8573,49912039,39391904
2022-05-08,418,1525,49912457,39393429
2022-05-09,1028,8935,49913485,39402364
2022-05-10,1427,9553,49914912,39411917
2022-05-11,1485,10109,49916397,39422026
2022-05-12,1371,10137,49917768,39432163
2022-05-13,1596,10526,49919364,39442689
2022-05-14,1361,8246,49920725,39450935
2022-05-15,336,1137,49921061,39452072
2022-05-16,814,8409,49921875,39460481
2022-05-17,1244,8707,49923119,39469188
2022-05-18,1373,9256,49924492,39478444
2022-05-19,1501,9287,49925993,39487731
2022-05-20,1426,9535,49927419,39497266
2022-05-21,1302,7902,49928721,39505168
2022-05-22,231,1013,49928952,39506181
2022-05-23,830,8273,49929782,39514454
2022-05-24,1073,8673,49930855,39523127
2022-05-25,1372,9460,49932227,39532587
2022-05-26,1199,9479,49933426,39542066
2022-05-27,1232,9917,49934658,39551983
2022-05-28,1205,7890,49935863,39559873
2022-05-29,288,1265,49936151,39561138
2022-05-30,931,8058,49937082,39569196
2022-05-31,1039,8549,49938121,39577745
2022-06-01,895,7657,49939016,39585402
2022-06-02,35,474,49939051,39585876
2022-06-03,817,7334,49939868,39593210
2022-06-04,870,5162,49940738,39598372
2022-06-05,89,586,49940827,39598958
2022-06-06,679,7004,49941506,39605962
2022-06-07,952,7850,49942458,39613812
2022-06-08,981,7906,49943439,39621718
2022-06-09,1037,8418,49944476,39630136
2022-06-10,958,8563,49945434,39638699
2022-06-11,904,6206,49946338,39644905
2022-06-12,140,768,49946478,39645673
2022-06-13,602,6301,49947080,39651974
2022-06-14,832,7904,49947912,39659878
2022-06-15,960,7856,49948872,39667734
2022-06-16,733,7397,49949605,39675131
2022-06-17,723,7248,49950328,39682379
2022-06-18,778,5596,49951106,39687975
2022-06-19,49,521,49951155,39688496
2022-06-20,587,6699,49951742,39695195
2022-06-21,741,7664,49952483,39702859
2022-06-22,779,7313,49953262,39710172
2022-06-23,648,7472,49953910,39717644
2022-06-24,644,7474,49954554,39725118
2022-06-25,835,6533,49955389,39731651
2022-06-26,128,523,49955517,39732174
2022-06-27,534,7126,49956051,39739300
2022-06-28,747,8207,49956798,39747507
2022-06-29,756,7733,49957554,39755240
2022-06-30,747,8145,49958301,39763385
2022-07-01,577,6443,49958878,39769828
2022-07-02,536,4769,49959414,39774597
2022-07-03,49,456,49959463,39775053
2022-07-04,469,6278,49959932,39781331
2022-07-05,631,8122,49960563,39789453
2022-07-06,634,7611,49961197,39797064
2022-07-07,576,8273,49961773,39805337
2022-07-08,677,8086,49962450,39813423
2022-07-09,550,6105,49963000,39819528
2022-07-10,58,533,49963058,39820061
2022-07-11,493,7642,49963551,39827703
2022-07-12,669,9030,49964220,39836733
2022-07-13,645,10067,49964865,39846800
2022-07-14,637,10224,49965502,39857024
2022-07-15,627,10674,49966129,39867698
2022-07-16,523,7215,49966652,39874913
2022-07-17,48,770,49966700,39875683
2022-07-18,496,9375,49967196,39885058
2022-07-19,575,10684,49967771,39895742
2022-07-20,582,11277,49968353,39907019
2022-07-21,630,12093,49968983,39919112
2022-07-22,584,11262,49969567,39930374
2022-07-23,381,6775,49969948,39937149
2022-07-24,76,857,49970024,39938006
2022-07-25,503,9056,49970527,39947062
2022-07-26,522,9764,49971049,39956826
2022-07-27,554,10210,49971603,39967036
2022-07-28,532,10535,49972135,39977571
2022-07-29,511,9466,49972646,39987037
2022-07-30,383,5883,49973029,39992920
2022-07-31,49,764,49973078,39993684
2022-08-01,386,6865,49973464,40000549
2022-08-02,548,7590,49974012,40008139
2022-08-03,513,7179,49974525,40015318
2022-08-04,455,7493,49974980,40022811
2022-08-05,421,6526,49975401,40029337
2022-08-06,300,3613,49975701,40032950
2022-08-07,44,563,49975745,40033513
2022-08-08,403,4890,49976148,40038403
2022-08-09,381,5313,49976529,40043716
2022-08-10,385,4816,49976914,40048532
2022-08-11,369,4804,49977283,40053336
2022-08-12,294,3719,49977577,40057055
2022-08-13,143,1600,49977720,40058655
2022-08-14,9,129,49977729,40058784
2022-08-15,1,26,49977730,40058810
2022-08-16,283,3043,49978013,40061853
2022-08-17,352,3536,49978365,40065389
2022-08-18,394,4160,49978759,40069549
2022-08-19,341,3319,49979100,40072868
2022-08-20,183,1715,49979283,40074583
2022-08-21,24,149,49979307,40074732
2022-08-22,330,2952,49979637,40077684
2022-08-23,370,3674,49980007,40081358
2022-08-24,384,3360,49980391,40084718
2022-08-25,423,3773,49980814,40088491
2022-08-26,400,3574,49981214,40092065
2022-08-27,237,1770,49981451,40093835
2022-08-28,29,267,49981480,40094102
2022-08-29,354,3161,49981834,40097263
2022-08-30,405,3672,49982239,40100935
2022-08-31,438,3734,49982677,40104669
2022-09-01,353,3116,49983030,40107785
2022-09-02,297,2894,49983327,40110679
2022-09-03,200,1689,49983527,40112368
2022-09-04,24,149,49983551,40112517
2022-09-05,187,2656,49983738,40115173
2022-09-06,306,2984,49984044,40118157
2022-09-07,542,2936,49984586,40121093
2022-09-08,293,2963,49984879,40124056
2022-09-09,306,2886,49985185,40126942
2022-09-10,228,1326,49985413,40128268
2022-09-11,23,124,49985436,40128392
2022-09-12,267,2269,49985703,40130661
2022-09-13,252,2277,49985955,40132938
2022-09-14,266,2566,49986221,40135504
2022-09-15,282,2501,49986503,40138005
2022-09-16,256,2546,49986759,40140551
2022-09-17,239,1339,49986998,40141890
2022-09-18,20,170,49987018,40142060
2022-09-19,206,1971,49987224,40144031
2022-09-20,235,2392,49987459,40146423
2022-09-21,289,2526,49987748,40148949
2022-09-22,267,2663,49988015,40151612
2022-09-23,259,2545,49988274,40154157
2022-09-24,193,1427,49988467,40155584
2022-09-25,29,133,49988496,40155717
2022-09-26,280,2248,49988776,40157965
2022-09-27,287,2683,49989063,40160648
2022-09-28,310,2906,49989373,40163554
2022-09-29,257,3049,49989630,40166603
2022-09-30,292,2989,49989922,40169592
2022-10-01,195,1515,49990117,40171107
2022-10-02,12,187,49990129,40171294
2022-10-03,185,2475,49990314,40173769
2022-10-04,235,2862,49990549,40176631
2022-10-05,229,3252,49990778,40179883
2022-10-06,243,3874,49991021,40183757
2022-10-07,283,4189,49991304,40187946
2022-10-08,204,2270,49991508,40190216
2022-10-09,8,305,49991516,40190521
2022-10-10,214,3356,49991730,40193877
2022-10-11,194,4379,49991924,40198256
2022-10-12,207,4441,49992131,40202697
2022-10-13,204,5304,49992335,40208001
2022-10-14,233,5026,49992568,40213027
2022-10-15,191,2671,49992759,40215698
2022-10-16,6,360,49992765,40216058
2022-10-17,186,3874,49992951,40219932
2022-10-18,256,4967,49993207,40224899
2022-10-19,244,5478,49993451,40230377
2022-10-20,224,5998,49993675,40236375
2022-10-21,250,5477,49993925,40241852
2022-10-22,195,2911,49994120,40244763
2022-10-23,13,364,49994133,40245127
2022-10-24,171,3931,49994304,40249058
2022-10-25,254,4927,49994558,40253985
2022-10-26,347,5503,49994905,40259488
2022-10-27,241,5672,49995146,40265160
2022-10-28,200,5263,49995346,40270423
2022-10-29,128,2844,49995474,40273267
2022-10-30,3,328,49995477,40273595
2022-10-31,117,3042,49995594,40276637
2022-11-01,11,353,49995605,40276990
2022-11-02,145,3723,49995750,40280713
2022-11-03,172,4790,49995922,40285503
2022-11-04,225,4602,49996147,40290105
2022-11-05,144,2598,49996291,40292703
2022-11-06,10,261,49996301,40292964
2022-11-07,169,3225,49996470,40296189
2022-11-08,260,4254,49996730,40300443
2022-11-09,197,4331,49996927,40304774
2022-11-10,183,4597,49997110,40309371
2022-11-11,193,4221,49997303,40313592
2022-11-12,158,2378,49997461,40315970
2022-11-13,7,338,49997468,40316308
2022-11-14,150,2838,49997618,40319146
2022-11-15,202,3748,49997820,40322894
2022-11-16,217,3993,49998037,40326887
2022-11-17,191,4107,49998228,40330994
2022-11-18,246,4034,49998474,40335028
2022-11-19,112,2106,49998586,40337134
2022-11-20,24,317,49998610,40337451
2022-11-21,119,2621,49998729,40340072
2022-11-22,143,3217,49998872,40343289
2022-11-23,191,3625,49999063,40346914
2022-11-24,158,3844,49999221,40350758
2022-11-25,184,3785,49999405,40354543
2022-11-26,133,2093,49999538,40356636
2022-11-27,22,356,49999560,40356992
2022-11-28,182,2683,49999742,40359675
2022-11-29,257,3231,49999999,40362906
2022-11-30,182,3736,50000181,40366642
2022-12-01,151,3627,50000332,40370269
2022-12-02,156,3529,50000488,40373798
2022-12-03,106,1969,50000594,40375767
2022-12-04,5,290,50000599,40376057
2022-12-05,129,2855,50000728,40378912
2022-12-06,177,3655,50000905,40382567
2022-12-07,135,3137,50001040,40385704
2022-12-08,8,169,50001048,40385873
2022-12-09,161,3035,50001209,40388908
2022-12-10,78,1605,50001287,40390513
2022-12-11,7,193,50001294,40390706
2022-12-12,171,2535,50001465,40393241
2022-12-13,253,3052,50001718,40396293
2022-12-14,228,3221,50001946,40399514
2022-12-15,204,3270,50002150,40402784
2022-12-16,162,3177,50002312,40405961
2022-12-17,94,1684,50002406,40407645
2022-12-18,10,270,50002416,40407915
2022-12-19,143,2165,50002559,40410080
2022-12-20,211,2514,50002770,40412594
2022-12-21,156,2237,50002926,40414831
2022-12-22,141,1870,50003067,40416701
2022-12-23,151,1212,50003218,40417913
2022-12-24,32,160,50003250,40418073
2022-12-25,0,6,50003250,40418079
2022-12-26,6,41,50003256,40418120
2022-12-27,132,1554,50003388,40419674
2022-12-28,132,1773,50003520,40421447
2022-12-29,93,1696,50003613,40423143
2022-12-30,115,1608,50003728,40424751
2022-12-31,21,275,50003749,40425026
2023-01-01,0,6,50003749,40425032
2023-01-02,47,1112,50003796,40426144
2023-01-03,98,1883,50003894,40428027
2023-01-04,107,1958,50004001,40429985
2023-01-05,92,1864,50004093,40431849
2023-01-06,1,67,50004094,40431916