data_somministrazione,vaccinazioni,booster,cum_vaccinazioni,cum_booster
2020-12-27,20,0,20,0
2020-12-28,2,0,22,0
2020-12-29,1,0,23,0
2020-12-30,6,0,29,0
2020-12-31,69,0,98,0
2021-01-01,22,0,120,0
2021-01-02,108,0,228,0
2021-01-03,81,0,309,0
2021-01-04,203,0,512,0
2021-01-05,239,0,751,0
2021-01-06,202,0,953,0
2021-01-07,294,0,1247,0
2021-01-08,338,0,1585,0
2021-01-09,250,0,1835,0
2021-01-10,147,0,1982,0
2021-01-11,271,0,2253,0
2021-01-12,266,0,2519,0
2021-01-13,390,0,2909,0
2021-01-14,477,0,3386,0
2021-01-15,299,0,3685,0
2021-01-16,207,0,3892,0
2021-01-17,3058,0,6950,0
2021-01-18,5209,0,12159,0
2021-01-19,1892,0,14051,0
2021-01-20,4654,0,18705,0
2021-01-21,19996,0,38701,0
2021-01-22,14200,0,52901,0
2021-01-23,33330,0,86231,0
2021-01-24,30786,0,117017,0
2021-01-25,64724,0,181741,0
2021-01-26,76497,0,258238,0
2021-01-27,64834,0,323072,0
2021-01-28,89285,0,412357,0
2021-01-29,94020,0,506377,0
2021-01-30,86564,0,592941,0
2021-01-31,57332,0,650273,0
2021-02-01,81866,0,732139,0
2021-02-02,82144,0,814283,0
2021-02-03,91189,0,905472,0
2021-02-04,95397,0,1000869,0
2021-02-05,90273,0,1091142,0
2021-02-06,63448,0,1154590,0
2021-02-07,32928,0,1187518,0
2021-02-08,40430,0,1227948,0
2021-02-09,32865,0,1260813,0
2021-02-10,28421,0,1289234,0
2021-02-11,20393,0,1309627,0
2021-02-12,16230,0,1325857,0
2021-02-13,7255,0,1333112,0
2021-02-14,2861,0,1335973,0
2021-02-15,6838,0,1342811,0
2021-02-16,6994,0,1349805,0
2021-02-17,10520,0,1360325,0
2021-02-18,9248,0,1369573,0
2021-02-19,8242,0,1377815,0
2021-02-20,5549,0,1383364,0
2021-02-21,2990,0,1386354,0
2021-02-22,6882,0,1393236,0
2021-02-23,7165,0,1400401,0
2021-02-24,9825,0,1410226,0
2021-02-25,14204,0,1424430,0
2021-02-26,17555,0,1441985,0
2021-02-27,13905,0,1455890,0
2021-02-28,9384,0,1465274,0
2021-03-01,26507,0,1491781,0
2021-03-02,33237,0,1525018,0
2021-03-03,44640,0,1569658,0
2021-03-04,50288,0,1619946,0
2021-03-05,55734,0,1675680,0
2021-03-06,41877,0,1717557,0
2021-03-07,22324,0,1739881,0
2021-03-08,50796,0,1790677,0
2021-03-09,53063,0,1843740,0
2021-03-10,58630,0,1902370,0
2021-03-11,63844,0,1966214,0
2021-03-12,65101,0,2031315,0
2021-03-13,51709,0,2083024,0
2021-03-14,35389,0,2118413,0
2021-03-15,73430,0,2191843,0
2021-03-16,74023,0,2265866,0
2021-03-17,83130,0,2348996,0
2021-03-18,81623,0,2430619,0
2021-03-19,81078,0,2511697,0
2021-03-20,64713,0,2576410,0
2021-03-21,47289,0,2623699,0
2021-03-22,69471,0,2693170,0
2021-03-23,75782,0,2768952,0
2021-03-24,90896,0,2859848,0
2021-03-25,89788,0,2949636,0
2021-03-26,83608,0,3033244,0
2021-03-27,71927,0,3105171,0
2021-03-28,44134,0,3149305,0
2021-03-29,70814,0,3220119,0
2021-03-30,81369,0,3301488,0
2021-03-31,96220,0,3397708,0
2021-04-01,95296,0,3493004,0
2021-04-02,84063,0,3577067,0
2021-04-03,64296,0,3641363,0
2021-04-04,21717,0,3663080,0
2021-04-05,40299,0,3703379,0
2021-04-06,81306,0,3784685,0
2021-04-07,95817,0,3880502,0
2021-04-08,95226,0,3975728,0
2021-04-09,88485,0,4064213,0
2021-04-10,74030,0,4138243,0
2021-04-11,44757,0,4183000,0
2021-04-12,66909,0,4249909,0
2021-04-13,72565,0,4322474,0
2021-04-14,85524,0,4407998,0
2021-04-15,105405,0,4513403,0
2021-04-16,106413,0,4619816,0
2021-04-17,90495,0,4710311,0
2021-04-18,58581,0,4768892,0
2021-04-19,93423,0,4862315,0
2021-04-20,103759,0,4966074,0
2021-04-21,125332,0,5091406,0
2021-04-22,143500,0,5234906,0
2021-04-23,138722,0,5373628,0
2021-04-24,124437,0,5498065,0
2021-04-25,61452,0,5559517,0
2021-04-26,97878,0,5657395,0
2021-04-27,128353,0,5785748,0
2021-04-28,156352,0,5942100,0
2021-04-29,195581,0,6137681,0
2021-04-30,214554,0,6352235,0
2021-05-01,174092,0,6526327,0
2021-05-02,135797,0,6662124,0
2021-05-03,142008,0,6804132,0
2021-05-04,158680,0,6962812,0
2021-05-05,170472,0,7133284,0
2021-05-06,197791,0,7331075,0
2021-05-07,213818,0,7544893,0
2021-05-08,213389,0,7758282,0
2021-05-09,143196,0,7901478,0
2021-05-10,165083,0,8066561,0
2021-05-11,174966,0,8241527,0
2021-05-12,179165,0,8420692,0
2021-05-13,203367,0,8624059,0
2021-05-14,222893,0,8846952,0
2021-05-15,210345,0,9057297,0
2021-05-16,159268,0,9216565,0
2021-05-17,219181,0,9435746,0
2021-05-18,213003,0,9648749,0
2021-05-19,207065,0,9855814,0
2021-05-20,270837,0,10126651,0
2021-05-21,270866,0,10397517,0
2021-05-22,245517,0,10643034,0
2021-05-23,197171,0,10840205,0
2021-05-24,228296,0,11068501,0
2021-05-25,245688,0,11314189,0
2021-05-26,277478,0,11591667,0
2021-05-27,311074,0,11902741,0
2021-05-28,299564,0,12202305,0
2021-05-29,231206,0,12433511,0
2021-05-30,170830,0,12604341,0
2021-05-31,216412,0,12820753,0
2021-06-01,207624,0,13028377,0
2021-06-02,115778,0,13144155,0
2021-06-03,180119,0,13324274,0
2021-06-04,184859,0,13509133,0
2021-06-05,185939,0,13695072,0
2021-06-06,139524,0,13834596,0
2021-06-07,161850,0,13996446,0
2021-06-08,171178,0,14167624,0
2021-06-09,171444,0,14339068,0
2021-06-10,174058,0,14513126,0
2021-06-11,169947,0,14683073,0
2021-06-12,128315,0,14811388,0
2021-06-13,91151,0,14902539,0
2021-06-14,214653,0,15117192,0
2021-06-15,228395,0,15345587,0
2021-06-16,253044,0,15598631,0
2021-06-17,301711,0,15900342,0
2021-06-18,306268,0,16206610,0
2021-06-19,275064,0,16481674,0
2021-06-20,220733,0,16702407,0
2021-06-21,288051,0,16990458,0
2021-06-22,296188,0,17286646,0
2021-06-23,302664,0,17589310,0
2021-06-24,332560,0,17921870,0
2021-06-25,348687,0,18270557,0
2021-06-26,300085,0,18570642,0
2021-06-27,228618,0,18799260,0
2021-06-28,307049,0,19106309,0
2021-06-29,329245,0,19435554,0
2021-06-30,342114,0,19777668,0
2021-07-01,363167,0,20140835,0
2021-07-02,368434,0,20509269,0
2021-07-03,371068,0,20880337,0
2021-07-04,283196,0,21163533,0
2021-07-05,384506,0,21548039,0
2021-07-06,385430,0,21933469,0
2021-07-07,412071,0,22345540,0
2021-07-08,479610,0,22825150,0
2021-07-09,498476,0,23323626,0
2021-07-10,475174,0,23798800,0
2021-07-11,357691,0,24156491,0
2021-07-12,485891,0,24642382,0
2021-07-13,492135,0,25134517,0
2021-07-14,480468,0,25614985,0
2021-07-15,523467,0,26138452,0
2021-07-16,509771,0,26648223,0
2021-07-17,464352,0,27112575,0
2021-07-18,364681,0,27477256,0
2021-07-19,463066,0,27940322,0
2021-07-20,458079,0,28398401,0
2021-07-21,462804,0,28861205,0
2021-07-22,475395,0,29336600,0
2021-07-23,441297,0,29777897,0
2021-07-24,386177,0,30164074,0
2021-07-25,287578,0,30451652,0
2021-07-26,430872,0,30882524,0
2021-07-27,440118,0,31322642,0
2021-07-28,391007,0,31713649,0
2021-07-29,372074,0,32085723,0
2021-07-30,341510,0,32427233,0
2021-07-31,287023,0,32714256,0
2021-08-01,191014,0,32905270,0
2021-08-02,333726,0,33238996,0
2021-08-03,323185,0,33562181,0
2021-08-04,310967,0,33873148,0
2021-08-05,292502,0,34165650,0
2021-08-06,260005,0,34425655,0
2021-08-07,199049,0,34624704,0
2021-08-08,153105,0,34777809,0
2021-08-09,234072,0,35011881,0
2021-08-10,205244,0,35217125,0
2021-08-11,193758,0,35410883,0
2021-08-12,167994,0,35578877,0
2021-08-13,148602,0,35727479,0
2021-08-14,66089,0,35793568,0
2021-08-15,26336,0,35819904,0
2021-08-16,114682,0,35934586,0
2021-08-17,129242,0,36063828,0
2021-08-18,128744,0,36192572,0
2021-08-19,124797,0,36317369,0
2021-08-20,123794,0,36441163,0
2021-08-21,83121,0,36524284,0
2021-08-22,68167,0,36592451,0
2021-08-23,176869,0,36769320,0
2021-08-24,156903,0,36926223,0
2021-08-25,177168,0,37103391,0
2021-08-26,172345,0,37275736,0
2021-08-27,185838,0,37461574,0
2021-08-28,140269,0,37601843,0
2021-08-29,98995,0,37700838,0
2021-08-30,209625,0,37910463,0
2021-08-31,194634,0,38105097,0
2021-09-01,192215,0,38297312,0
2021-09-02,189937,0,38487249,0
2021-09-03,191330,0,38678579,0
2021-09-04,131473,0,38810052,0
2021-09-05,87867,0,38897919,0
2021-09-06,193644,0,39091563,0
2021-09-07,196050,0,39287613,0
2021-09-08,187901,0,39475514,0
2021-09-09,201464,0,39676978,0
2021-09-10,198098,0,39875076,0
2021-09-11,141319,0,40016395,0
2021-09-12,89600,0,40105995,0
2021-09-13,191158,561,40297153,561
2021-09-14,177255,580,40474408,1141
2021-09-15,163112,591,40637520,1732
2021-09-16,160090,932,40797610,2664
2021-09-17,150175,1116,40947785,3780
2021-09-18,127977,743,41075762,4523
2021-09-19,81132,497,41156894,5020
2021-09-20,180077,9078,41336971,14098
2021-09-21,166640,8832,41503611,22930
2021-09-22,159083,9440,41662694,32370
2021-09-23,138080,9328,41800774,41698
2021-09-24,140536,8962,41941310,50660
2021-09-25,119555,5639,42060865,56299
2021-09-26,71963,4341,42132828,60640
2021-09-27,135644,10049,42268472,70689
2021-09-28,117496,11387,42385968,82076
2021-09-29,112339,11827,42498307,93903
2021-09-30,110233,14953,42608540,108856
2021-10-01,94977,19109,42703517,127965
2021-10-02,78489,14016,42782006,141981
2021-10-03,47740,7657,42829746,149638
2021-10-04,88375,34448,42918121,184086
2021-10-05,80367,33972,42998488,218058
2021-10-06,71985,34163,43070473,252221
2021-10-07,71855,34349,43142328,286570
2021-10-08,80625,33590,43222953,320160
2021-10-09,76103,22171,43299056,342331
2021-10-10,45774,13618,43344830,355949
2021-10-11,87420,41108,43432250,397057
2021-10-12,84493,46903,43516743,443960
2021-10-13,88193,52117,43604936,496077
2021-10-14,91532,58512,43696468,554589
2021-10-15,93599,55630,43790067,610219
2021-10-16,82967,36783,43873034,647002
2021-10-17,51467,23827,43924501,670829
2021-10-18,90301,59482,44014802,730311
2021-10-19,78344,69374,44093146,799685
2021-10-20,75073,78166,44168219,877851
2021-10-21,78298,81754,44246517,959605
2021-10-22,73787,77023,44320304,1036628
2021-10-23,60818,51956,44381122,1088584
2021-10-24,33377,23457,44414499,1112041
2021-10-25,64908,81622,44479407,1193663
2021-10-26,58375,91780,44537782,1285443
2021-10-27,58328,103971,44596110,1389414
2021-10-28,61466,114102,44657576,1503516
2021-10-29,61655,103115,44719231,1606631
2021-10-30,50673,68116,44769904,1674747
2021-10-31,25162,28291,44795066,1703038
2021-11-01,19048,28147,44814114,1731185
2021-11-02,62760,89376,44876874,1820561
2021-11-03,60733,118655,44937607,1939216
2021-11-04,59241,126665,44996848,2065881
2021-11-05,63095,135172,45059943,2201053
2021-11-06,46475,90925,45106418,2291978
2021-11-07,22252,37895,45128670,2329873
2021-11-08,51528,131264,45180198,2461137
2021-11-09,45401,144201,45225599,2605338
2021-11-10,42583,156343,45268182,2761681
2021-11-11,44933,155132,45313115,2916813
2021-11-12,46371,158576,45359486,3075389
2021-11-13,33253,116650,45392739,3192039
2021-11-14,14483,52444,45407222,3244483
2021-11-15,36893,157425,45444115,3401908
2021-11-16,30549,171375,45474664,3573283
2021-11-17,28451,178434,45503115,3751717
2021-11-18,30284,193716,45533399,3945433
2021-11-19,28800,205851,45562199,4151284
2021-11-20,20992,156437,45583191,4307721
2021-11-21,10609,64858,45593800,4372579
2021-11-22,21934,213139,45615734,4585718
2021-11-23,23574,241743,45639308,4827461
2021-11-24,27842,270946,45667150,5098407
2021-11-25,23233,301905,45690383,5400312
2021-11-26,24587,318264,45714970,5718576
2021-11-27,21381,266149,45736351,5984725
2021-11-28,9897,137057,45746248,6121782
2021-11-29,22325,326063,45768573,6447845
2021-11-30,23089,365823,45791662,6813668
2021-12-01,21523,413498,45813185,7227166
2021-12-02,23763,440376,45836948,7667542
2021-12-03,25254,467457,45862202,8134999
2021-12-04,22362,418730,45884564,8553729
2021-12-05,11924,261329,45896488,8815058
2021-12-06,25821,457564,45922309,9272622
2021-12-07,24129,480250,45946438,9752872
2021-12-08,10003,249684,45956441,10002556
2021-12-09,31577,491908,45988018,10494464
2021-12-10,28064,517863,46016082,11012327
2021-12-11,23559,459242,46039641,11471569
2021-12-12,12306,293492,46051947,11765061
2021-12-13,26149,467618,46078096,12232679
2021-12-14,25171,494187,46103267,12726866
2021-12-15,25333,517128,46128600,13243994
2021-12-16,27879,520235,46156479,13764229
2021-12-17,29360,517157,46185839,14281386
2021-12-18,27053,468713,46212892,14750099
2021-12-19,15139,300514,46228031,15050613
2021-12-20,30616,477478,46258647,15528091
2021-12-21,30366,493376,46289013,16021467
2021-12-22,29436,484701,46318449,16506168
2021-12-23,28240,426891,46346689,16933059
2021-12-24,13112,210822,46359801,17143881
2021-12-25,2101,33053,46361902,17176934
2021-12-26,8759,159066,46370661,17336000
2021-12-27,46782,504651,46417443,17840651
2021-12-28,42438,554205,46459881,18394856
2021-12-29,34340,550632,46494221,18945488
2021-12-30,31820,499819,46526041,19445307
2021-12-31,14114,247389,46540155,19692696
2022-01-01,3494,64814,46543649,19757510
2022-01-02,22757,276718,46566406,20034228
2022-01-03,47842,520004,46614248,20554232
2022-01-04,46342,572076,46660590,21126308
2022-01-05,40723,560393,46701313,21686701
2022-01-06,23471,274482,46724784,21961183
2022-01-07,63678,554179,46788462,22515362
2022-01-08,60822,503373,46849284,23018735
2022-01-09,42823,319683,46892107,23338418
2022-01-10,61048,542279,46953155,23880697
2022-01-11,61692,586979,47014847,24467676
2022-01-12,58408,581272,47073255,25048948
2022-01-13,58585,580371,47131840,25629319
2022-01-14,46752,588557,47178592,26217876
2022-01-15,39364,569932,47217956,26787808
2022-01-16,31181,341847,47249137,27129655
2022-01-17,54753,489647,47303890,27619302
2022-01-18,58368,517007,47362258,28136309
2022-01-19,57167,502775,47419425,28639084
2022-01-20,54317,498811,47473742,29137895
2022-01-21,42058,493861,47515800,29631756
2022-01-22,31157,469589,47546957,30101345
2022-01-23,34914,275359,47581871,30376704
2022-01-24,56159,437204,47638030,30813908
2022-01-25,61532,452090,47699562,31265998
2022-01-26,58523,435817,47758085,31701815
2022-01-27,48815,432351,47806900,32134166
2022-01-28,58674,436528,47865574,32570694
2022-01-29,68107,412482,47933681,32983176
2022-01-30,50361,235962,47984042,33219138
2022-01-31,60609,356920,48044651,33576058
2022-02-01,65527,328434,48110178,33904492
2022-02-02,63172,296966,48173350,34201458
2022-02-03,60044,274512,48233394,34475970
2022-02-04,72362,268449,48305756,34744419
2022-02-05,83748,248528,48389504,34992947
2022-02-06,55274,116199,48444778,35109146
2022-02-07,65126,199933,48509904,35309079
2022-02-08,66917,186105,48576821,35495184
2022-02-09,58749,166333,48635570,35661517
2022-02-10,58551,163232,48694121,35824749
2022-02-11,62231,162453,48756352,35987202
2022-02-12,71962,152135,48828314,36139337
2022-02-13,41468,68846,48869782,36208183
2022-02-14,46678,116187,48916460,36324370
2022-02-15,48518,123477,48964978,36447847
2022-02-16,45667,106114,49010645,36553961
2022-02-17,42852,98102,49053497,36652063
2022-02-18,46608,112568,49100105,36764631
2022-02-19,52519,100324,49152624,36864955
2022-02-20,31410,40357,49184034,36905312
2022-02-21,37885,89641,49221919,36994953
2022-02-22,37215,83770,49259134,37078723
2022-02-23,33383,79403,49292517,37158126
2022-02-24,32551,78157,49325068,37236283
2022-02-25,34752,90707,49359820,37326990
2022-02-26,39153,89131,49398973,37416121
2022-02-27,22540,35855,49421513,37451976
2022-02-28,28471,81683,49449984,37533659
2022-03-01,22709,53938,49472693,37587597
2022-03-02,21991,50625,49494684,37638222
2022-03-03,22604,54940,49517288,37693162
2022-03-04,23217,62792,49540505,37755954
2022-03-05,23789,57951,49564294,37813905
2022-03-06,9470,17200,49573764,37831105
2022-03-07,15904,51385,49589668,37882490
2022-03-08,15467,48793,49605135,37931283
2022-03-09,13808,46513,49618943,37977796
2022-03-10,14040,52115,49632983,38029911
2022-03-11,15572,57253,49648555,38087164
2022-03-12,15492,56614,49664047,38143778
2022-03-13,5542,16849,49669589,38160627
2022-03-14,10519,46692,49680108,38207319
2022-03-15,10537,46887,49690645,38254206
2022-03-16,9474,41975,49700119,38296181
2022-03-17,9705,44874,49709824,38341055
2022-03-18,10153,49053,49719977,38390108
2022-03-19,9146,46529,49729123,38436637
2022-03-20,2607,11700,49731730,38448337
2022-03-21,7576,40221,49739306,38488558
2022-03-22,8444,37751,49747750,38526309
2022-03-23,7209,33699,49754959,38560008
2022-03-24,8252,38797,49763211,38598805
2022-03-25,8130,43659,49771341,38642464
2022-03-26,8121,41720,49779462,38684184
2022-03-27,2429,9681,49781891,38693865
2022-03-28,6102,35231,49787993,38729096
2022-03-29,5773,32525,49793766,38761621
2022-03-30,5559,30196,49799325,38791817
2022-03-31,5887,33176,49805212,38824993
2022-04-01,4343,25187,49809555,38850180
2022-04-02,4488,23274,49814043,38873454
2022-04-03,1049,4499,49815092,38877953
2022-04-04,3654,21532,49818746,38899485
2022-04-05,3750,22924,49822496,38922409
2022-04-06,4098,21846,49826594,38944255
2022-04-07,3961,23320,49830555,38967575
2022-04-08,4688,26708,49835243,38994283
2022-04-09,4377,23884,49839620,39018167
2022-04-10,892,4614,49840512,39022781
2022-04-11,3812,22684,49844324,39045465
2022-04-12,3356,21779,49847680,39067244
2022-04-13,3560,21332,49851240,39088576
2022-04-14,3482,23775,49854722,39112351
2022-04-15,3079,20618,49857801,39132969
2022-04-16,2148,11919,49859949,39144888
2022-04-17,63,348,49860012,39145236
2022-04-18,149,650,49860161,39145886
2022-04-19,3491,21977,49863652,39167863
2022-04-20,3502,20248,49867154,39188111
2022-04-21,2840,19781,49869994,39207892
2022-04-22,2922,20696,49872916,39228588
2022-04-23,2638,16212,49875554,39244800
2022-04-24,509,2335,49876063,39247135
2022-04-25,183,1165,49876246,39248300
2022-04-26,2760,17791,49879006,39266091
2022-04-27,2368,15785,49881374,39281876
2022-04-28,2355,15553,49883729,39297429
2022-04-29,2292,14835,49886021,39312264
2022-04-30,2121,11576,49888142,39323840
2022-05-01,113,530,49888255,39324370
2022-05-02,1447,9385,49889702,39333755
2022-05-03,1574,10310,49891276,39344065
2022-05-04,1746,10257,49893022,39354322
2022-05-05,1650,10273,49894672,39364595
2022-05-06,1698,10945,49896370,39375540
2022-05-07,1431,8562,49897801,39384102
2022-05-08,404,1514,49898205,39385616
2022-05-09,1024,8917,49899229,39394533
2022-05-10,1422,9539,49900651,39404072
2022-05-11,1481,10088,49902132,39414160
2022-05-12,1368,10118,49903500,39424278
2022-05-13,1588,10510,49905088,39434788
2022-05-14,1357,8227,49906445,39443015
2022-05-15,336,1129,49906781,39444144
2022-05-16,812,8388,49907593,39452532
2022-05-17,1242,8673,49908835,39461205
2022-05-18,1370,9216,49910205,39470421
2022-05-19,1498,9269,49911703,39479690
2022-05-20,1419,9495,49913122,39489185
2022-05-21,1299,7892,49914421,39497077
2022-05-22,231,1012,49914652,39498089
2022-05-23,827,8261,49915479,39506350
2022-05-24,1070,8666,49916549,39515016
2022-05-25,1366,9445,49917915,39524461
2022-05-26,1193,9455,49919108,39533916
2022-05-27,1225,9911,49920333,39543827
2022-05-28,1202,7873,49921535,39551700
2022-05-29,285,1264,49921820,39552964
2022-05-30,930,8026,49922750,39560990
2022-05-31,1033,8531,49923783,39569521
2022-06-01,891,7644,49924674,39577165
2022-06-02,35,474,49924709,39577639
2022-06-03,814,7328,49925523,39584967
2022-06-04,870,5155,49926393,39590122
2022-06-05,89,586,49926482,39590708
2022-06-06,672,6984,49927154,39597692
2022-06-07,931,7842,49928085,39605534
2022-06-08,982,7900,49929067,39613434
2022-06-09,1034,8400,49930101,39621834
2022-06-10,957,8550,49931058,39630384
2022-06-11,900,6206,49931958,39636590
2022-06-12,140,767,49932098,39637357
2022-06-13,603,6295,49932701,39643652
2022-06-14,826,7881,49933527,39651533
2022-06-15,953,7843,49934480,39659376
2022-06-16,728,7389,49935208,39666765
2022-06-17,720,7239,49935928,39674004
2022-06-18,777,5588,49936705,39679592
2022-06-19,47,522,49936752,39680114
2022-06-20,588,6694,49937340,39686808
2022-06-21,733,7646,49938073,39694454
2022-06-22,780,7305,49938853,39701759
2022-06-23,649,7459,49939502,39709218
2022-06-24,642,7473,49940144,39716691
2022-06-25,835,6532,49940979,39723223
2022-06-26,128,523,49941107,39723746
2022-06-27,532,7120,49941639,39730866
2022-06-28,745,8209,49942384,39739075
2022-06-29,754,7719,49943138,39746794
2022-06-30,744,8132,49943882,39754926
2022-07-01,576,6437,49944458,39761363
2022-07-02,536,4765,49944994,39766128
2022-07-03,49,456,49945043,39766584
2022-07-04,470,6273,49945513,39772857
2022-07-05,627,8112,49946140,39780969
2022-07-06,629,7606,49946769,39788575
2022-07-07,567,8256,49947336,39796831
2022-07-08,670,8078,49948006,39804909
2022-07-09,549,6103,49948555,39811012
2022-07-10,58,533,49948613,39811545
2022-07-11,487,7638,49949100,39819183
2022-07-12,663,9003,49949763,39828186
2022-07-13,639,10058,49950402,39838244
2022-07-14,636,10223,49951038,39848467
2022-07-15,623,10664,49951661,39859131
2022-07-16,521,7208,49952182,39866339
2022-07-17,48,769,49952230,39867108
2022-07-18,497,9348,49952727,39876456
2022-07-19,574,10649,49953301,39887105
2022-07-20,576,11257,49953877,39898362
2022-07-21,625,12035,49954502,39910397
2022-07-22,581,11225,49955083,39921622
2022-07-23,379,6740,49955462,39928362
2022-07-24,76,834,49955538,39929196
2022-07-25,501,9031,49956039,39938227
2022-07-26,519,9724,49956558,39947951
2022-07-27,546,10152,49957104,39958103
2022-07-28,527,10479,49957631,39968582
2022-07-29,511,9421,49958142,39978003
2022-07-30,380,5851,49958522,39983854
2022-07-31,49,745,49958571,39984599
2022-08-01,386,6823,49958957,39991422
2022-08-02,539,7515,49959496,39998937
2022-08-03,510,7141,49960006,40006078
2022-08-04,451,7422,49960457,40013500
2022-08-05,415,6481,49960872,40019981
2022-08-06,297,3580,49961169,40023561
2022-08-07,44,551,49961213,40024112
2022-08-08,396,4873,49961609,40028985
2022-08-09,382,5267,49961991,40034252
2022-08-10,374,4783,49962365,40039035
2022-08-11,364,4756,49962729,40043791
2022-08-12,287,3700,49963016,40047491
2022-08-13,143,1595,49963159,40049086
2022-08-14,9,128,49963168,40049214
2022-08-15,1,26,49963169,40049240
2022-08-16,281,3023,49963450,40052263
2022-08-17,351,3513,49963801,40055776
2022-08-18,385,4142,49964186,40059918
2022-08-19,338,3306,49964524,40063224
2022-08-20,182,1711,49964706,40064935
2022-08-21,24,146,49964730,40065081
2022-08-22,326,2929,49965056,40068010
2022-08-23,371,3645,49965427,40071655
2022-08-24,381,3332,49965808,40074987
2022-08-25,417,3721,49966225,40078708
2022-08-26,393,3541,49966618,40082249
2022-08-27,234,1767,49966852,40084016
2022-08-28,29,260,49966881,40084276
2022-08-29,353,3133,49967234,40087409
2022-08-30,399,3635,49967633,40091044
2022-08-31,430,3698,49968063,40094742
2022-09-01,351,3059,49968414,40097801
2022-09-02,289,2862,49968703,40100663
2022-09-03,197,1683,49968900,40102346
2022-09-04,22,147,49968922,40102493
2022-09-05,185,2619,49969107,40105112
2022-09-06,299,2945,49969406,40108057
2022-09-07,535,2887,49969941,40110944
2022-09-08,281,2925,49970222,40113869
2022-09-09,296,2821,49970518,40116690
2022-09-10,225,1323,49970743,40118013
2022-09-11,21,122,49970764,40118135
2022-09-12,265,2098,49971029,40120233
2022-09-13,242,2068,49971271,40122301
2022-09-14,242,1956,49971513,40124257
2022-09-15,264,1819,49971777,40126076
2022-09-16,226,1681,49972003,40127757
2022-09-17,236,890,49972239,40128647
2022-09-18,19,114,49972258,40128761