data_somministrazione,vaccinazioni,booster,cum_vaccinazioni,cum_booster
2020-12-27,22,0,22,0
2020-12-28,2,0,24,0
2020-12-29,1,0,25,0
2020-12-30,9,0,34,0
2020-12-31,86,0,120,0
2021-01-01,28,0,148,0
2021-01-02,160,0,308,0
2021-01-03,120,0,428,0
2021-01-04,260,0,688,0
2021-01-05,297,0,985,0
2021-01-06,272,0,1257,0
2021-01-07,343,0,1600,0
2021-01-08,398,0,1998,0
2021-01-09,304,0,2302,0
2021-01-10,184,0,2486,0
2021-01-11,318,0,2804,0
2021-01-12,297,0,3101,0
2021-01-13,431,0,3532,0
2021-01-14,508,0,4040,0
2021-01-15,331,0,4371,0
2021-01-16,228,0,4599,0
2021-01-17,3066,0,7665,0
2021-01-18,5228,0,12893,0
2021-01-19,1898,0,14791,0
2021-01-20,4660,0,19451,0
2021-01-21,20001,0,39452,0
2021-01-22,14247,0,53699,0
2021-01-23,33312,0,87011,0
2021-01-24,30774,0,117785,0
2021-01-25,64699,0,182484,0
2021-01-26,76461,0,258945,0
2021-01-27,64812,0,323757,0
2021-01-28,89235,0,412992,0
2021-01-29,93996,0,506988,0
2021-01-30,86533,0,593521,0
2021-01-31,57312,0,650833,0
2021-02-01,81838,0,732671,0
2021-02-02,82145,0,814816,0
2021-02-03,91105,0,905921,0
2021-02-04,95387,0,1001308,0
2021-02-05,89117,0,1090425,0
2021-02-06,63451,0,1153876,0
2021-02-07,32934,0,1186810,0
2021-02-08,40429,0,1227239,0
2021-02-09,32893,0,1260132,0
2021-02-10,28451,0,1288583,0
2021-02-11,20418,0,1309001,0
2021-02-12,16264,0,1325265,0
2021-02-13,7295,0,1332560,0
2021-02-14,2864,0,1335424,0
2021-02-15,6855,0,1342279,0
2021-02-16,7011,0,1349290,0
2021-02-17,10529,0,1359819,0
2021-02-18,9266,0,1369085,0
2021-02-19,8265,0,1377350,0
2021-02-20,5596,0,1382946,0
2021-02-21,3023,0,1385969,0
2021-02-22,6891,0,1392860,0
2021-02-23,7195,0,1400055,0
2021-02-24,9828,0,1409883,0
2021-02-25,14222,0,1424105,0
2021-02-26,17572,0,1441677,0
2021-02-27,13945,0,1455622,0
2021-02-28,9399,0,1465021,0
2021-03-01,26542,0,1491563,0
2021-03-02,33251,0,1524814,0
2021-03-03,44663,0,1569477,0
2021-03-04,50318,0,1619795,0
2021-03-05,55761,0,1675556,0
2021-03-06,41891,0,1717447,0
2021-03-07,22334,0,1739781,0
2021-03-08,50850,0,1790631,0
2021-03-09,53104,0,1843735,0
2021-03-10,58717,0,1902452,0
2021-03-11,63933,0,1966385,0
2021-03-12,65175,0,2031560,0
2021-03-13,51738,0,2083298,0
2021-03-14,35438,0,2118736,0
2021-03-15,73477,0,2192213,0
2021-03-16,74036,0,2266249,0
2021-03-17,83163,0,2349412,0
2021-03-18,81660,0,2431072,0
2021-03-19,81117,0,2512189,0
2021-03-20,64757,0,2576946,0
2021-03-21,47320,0,2624266,0
2021-03-22,69529,0,2693795,0
2021-03-23,75844,0,2769639,0
2021-03-24,90966,0,2860605,0
2021-03-25,89788,0,2950393,0
2021-03-26,83670,0,3034063,0
2021-03-27,71978,0,3106041,0
2021-03-28,44200,0,3150241,0
2021-03-29,70873,0,3221114,0
2021-03-30,81439,0,3302553,0
2021-03-31,96293,0,3398846,0
2021-04-01,95374,0,3494220,0
2021-04-02,83823,0,3578043,0
2021-04-03,64319,0,3642362,0
2021-04-04,21727,0,3664089,0
2021-04-05,40330,0,3704419,0
2021-04-06,81373,0,3785792,0
2021-04-07,95862,0,3881654,0
2021-04-08,95292,0,3976946,0
2021-04-09,88524,0,4065470,0
2021-04-10,74051,0,4139521,0
2021-04-11,44772,0,4184293,0
2021-04-12,66935,0,4251228,0
2021-04-13,72613,0,4323841,0
2021-04-14,85578,0,4409419,0
2021-04-15,105439,0,4514858,0
2021-04-16,106447,0,4621305,0
2021-04-17,90541,0,4711846,0
2021-04-18,58602,0,4770448,0
2021-04-19,93451,0,4863899,0
2021-04-20,103788,0,4967687,0
2021-04-21,125347,0,5093034,0
2021-04-22,143538,0,5236572,0
2021-04-23,138776,0,5375348,0
2021-04-24,124464,0,5499812,0
2021-04-25,61475,0,5561287,0
2021-04-26,97929,0,5659216,0
2021-04-27,128400,0,5787616,0
2021-04-28,156417,0,5944033,0
2021-04-29,195640,0,6139673,0
2021-04-30,214635,0,6354308,0
2021-05-01,174160,0,6528468,0
2021-05-02,135826,0,6664294,0
2021-05-03,142108,0,6806402,0
2021-05-04,158736,0,6965138,0
2021-05-05,170570,0,7135708,0
2021-05-06,196144,0,7331852,0
2021-05-07,212018,0,7543870,0
2021-05-08,213466,0,7757336,0
2021-05-09,143247,0,7900583,0
2021-05-10,165122,0,8065705,0
2021-05-11,175044,0,8240749,0
2021-05-12,179278,0,8420027,0
2021-05-13,203473,0,8623500,0
2021-05-14,222990,0,8846490,0
2021-05-15,210418,0,9056908,0
2021-05-16,159316,0,9216224,0
2021-05-17,218877,0,9435101,0
2021-05-18,213042,0,9648143,0
2021-05-19,207139,0,9855282,0
2021-05-20,270957,0,10126239,0
2021-05-21,270961,0,10397200,0
2021-05-22,245587,0,10642787,0
2021-05-23,197213,0,10840000,0
2021-05-24,228372,0,11068372,0
2021-05-25,245735,0,11314107,0
2021-05-26,277600,0,11591707,0
2021-05-27,311144,0,11902851,0
2021-05-28,299439,0,12202290,0
2021-05-29,231288,0,12433578,0
2021-05-30,170866,0,12604444,0
2021-05-31,216485,0,12820929,0
2021-06-01,207691,0,13028620,0
2021-06-02,115837,0,13144457,0
2021-06-03,180243,0,13324700,0
2021-06-04,184992,0,13509692,0
2021-06-05,186086,0,13695778,0
2021-06-06,139657,0,13835435,0
2021-06-07,161989,0,13997424,0
2021-06-08,171394,0,14168818,0
2021-06-09,171594,0,14340412,0
2021-06-10,174269,0,14514681,0
2021-06-11,170158,0,14684839,0
2021-06-12,128503,0,14813342,0
2021-06-13,91333,0,14904675,0
2021-06-14,214772,0,15119447,0
2021-06-15,228542,0,15347989,0
2021-06-16,253195,0,15601184,0
2021-06-17,301871,0,15903055,0
2021-06-18,306435,0,16209490,0
2021-06-19,275205,0,16484695,0
2021-06-20,220879,0,16705574,0
2021-06-21,288174,0,16993748,0
2021-06-22,296321,0,17290069,0
2021-06-23,302753,0,17592822,0
2021-06-24,332660,0,17925482,0
2021-06-25,348816,0,18274298,0
2021-06-26,300181,0,18574479,0
2021-06-27,228745,0,18803224,0
2021-06-28,307243,0,19110467,0
2021-06-29,329425,0,19439892,0
2021-06-30,342304,0,19782196,0
2021-07-01,363327,0,20145523,0
2021-07-02,368590,0,20514113,0
2021-07-03,371142,0,20885255,0
2021-07-04,283268,0,21168523,0
2021-07-05,384607,0,21553130,0
2021-07-06,385536,0,21938666,0
2021-07-07,412178,0,22350844,0
2021-07-08,478989,0,22829833,0
2021-07-09,498477,0,23328310,0
2021-07-10,475178,0,23803488,0
2021-07-11,357675,0,24161163,0
2021-07-12,485888,0,24647051,0
2021-07-13,492058,0,25139109,0
2021-07-14,480458,0,25619567,0
2021-07-15,523429,0,26142996,0
2021-07-16,509769,0,26652765,0
2021-07-17,464316,0,27117081,0
2021-07-18,364611,0,27481692,0
2021-07-19,463094,0,27944786,0
2021-07-20,458068,0,28402854,0
2021-07-21,462840,0,28865694,0
2021-07-22,475404,0,29341098,0
2021-07-23,441361,0,29782459,0
2021-07-24,386128,0,30168587,0
2021-07-25,287535,0,30456122,0
2021-07-26,430919,0,30887041,0
2021-07-27,440163,0,31327204,0
2021-07-28,391050,0,31718254,0
2021-07-29,371930,0,32090184,0
2021-07-30,341600,0,32431784,0
2021-07-31,287056,0,32718840,0
2021-08-01,190992,0,32909832,0
2021-08-02,333762,0,33243594,0
2021-08-03,323243,0,33566837,0
2021-08-04,311065,0,33877902,0
2021-08-05,292545,0,34170447,0
2021-08-06,260127,0,34430574,0
2021-08-07,199095,0,34629669,0
2021-08-08,153120,0,34782789,0
2021-08-09,234140,0,35016929,0
2021-08-10,205376,0,35222305,0
2021-08-11,193860,0,35416165,0
2021-08-12,168175,0,35584340,0
2021-08-13,148782,0,35733122,0
2021-08-14,66117,0,35799239,0
2021-08-15,26346,0,35825585,0
2021-08-16,114792,0,35940377,0
2021-08-17,129332,0,36069709,0
2021-08-18,128833,0,36198542,0
2021-08-19,124933,0,36323475,0
2021-08-20,123889,0,36447364,0
2021-08-21,83154,0,36530518,0
2021-08-22,68184,0,36598702,0
2021-08-23,176942,0,36775644,0
2021-08-24,156966,0,36932610,0
2021-08-25,177242,0,37109852,0
2021-08-26,172417,0,37282269,0
2021-08-27,185736,0,37468005,0
2021-08-28,140310,0,37608315,0
2021-08-29,99004,0,37707319,0
2021-08-30,209644,0,37916963,0
2021-08-31,194709,0,38111672,0
2021-09-01,192301,0,38303973,0
2021-09-02,189978,0,38493951,0
2021-09-03,191319,0,38685270,0
2021-09-04,131429,0,38816699,0
2021-09-05,87835,0,38904534,0
2021-09-06,193632,0,39098166,0
2021-09-07,196091,0,39294257,0
2021-09-08,187870,0,39482127,0
2021-09-09,201434,0,39683561,0
2021-09-10,197873,0,39881434,0
2021-09-11,141285,0,40022719,0
2021-09-12,89582,0,40112301,0
2021-09-13,191126,689,40303427,689
2021-09-14,177221,681,40480648,1370
2021-09-15,163101,673,40643749,2043
2021-09-16,160060,1037,40803809,3080
2021-09-17,150196,1190,40954005,4270
2021-09-18,128016,794,41082021,5064
2021-09-19,81144,518,41163165,5582
2021-09-20,180092,9160,41343257,14742
2021-09-21,166713,8881,41509970,23623
2021-09-22,159153,9475,41669123,33098
2021-09-23,138151,9369,41807274,42467
2021-09-24,140589,9032,41947863,51499
2021-09-25,119585,5689,42067448,57188
2021-09-26,72007,4374,42139455,61562
2021-09-27,135713,10115,42275168,71677
2021-09-28,117546,11456,42392714,83133
2021-09-29,112405,11876,42505119,95009
2021-09-30,110318,15010,42615437,110019
2021-10-01,95027,19152,42710464,129171
2021-10-02,78553,14052,42789017,143223
2021-10-03,47763,7675,42836780,150898
2021-10-04,88425,34507,42925205,185405
2021-10-05,80416,34042,43005621,219447
2021-10-06,72012,34235,43077633,253682
2021-10-07,71898,34391,43149531,288073
2021-10-08,80667,33645,43230198,321718
2021-10-09,76125,22208,43306323,343926
2021-10-10,45798,13634,43352121,357560
2021-10-11,87493,41157,43439614,398717
2021-10-12,84546,46960,43524160,445677
2021-10-13,88257,52194,43612417,497871
2021-10-14,91592,58573,43704009,556444
2021-10-15,93617,55711,43797626,612155
2021-10-16,82994,36843,43880620,648998
2021-10-17,51462,23870,43932082,672868
2021-10-18,90331,59554,44022413,732422
2021-10-19,78382,69446,44100795,801868
2021-10-20,75077,78251,44175872,880119
2021-10-21,78314,81872,44254186,961991
2021-10-22,73787,77123,44327973,1039114
2021-10-23,60845,51984,44388818,1091098
2021-10-24,33364,23490,44422182,1114588
2021-10-25,64932,81690,44487114,1196278
2021-10-26,58401,91884,44545515,1288162
2021-10-27,58324,104059,44603839,1392221
2021-10-28,61474,114204,44665313,1506425
2021-10-29,61628,103229,44726941,1609654
2021-10-30,50672,68167,44777613,1677821
2021-10-31,25158,28315,44802771,1706136
2021-11-01,19049,28162,44821820,1734298
2021-11-02,62770,89469,44884590,1823767
2021-11-03,60722,118736,44945312,1942503
2021-11-04,59247,126734,45004559,2069237
2021-11-05,63112,135253,45067671,2204490
2021-11-06,46491,90953,45114162,2295443
2021-11-07,22248,37909,45136410,2333352
2021-11-08,51530,131323,45187940,2464675
2021-11-09,45416,144252,45233356,2608927
2021-11-10,42602,156406,45275958,2765333
2021-11-11,44939,155220,45320897,2920553
2021-11-12,46312,158742,45367209,3079295
2021-11-13,33270,116696,45400479,3195991
2021-11-14,14490,52464,45414969,3248455
2021-11-15,36911,157478,45451880,3405933
2021-11-16,30579,171449,45482459,3577382
2021-11-17,28478,178501,45510937,3755883
2021-11-18,30313,193811,45541250,3949694
2021-11-19,28836,205923,45570086,4155617
2021-11-20,21015,156474,45591101,4312091
2021-11-21,10615,64877,45601716,4376968
2021-11-22,21963,213185,45623679,4590153
2021-11-23,23619,241861,45647298,4832014
2021-11-24,27743,270650,45675041,5102664
2021-11-25,23251,300996,45698292,5403660
2021-11-26,24613,318338,45722905,5721998
2021-11-27,21422,266206,45744327,5988204
2021-11-28,9910,137085,45754237,6125289
2021-11-29,22372,326116,45776609,6451405
2021-11-30,23131,365913,45799740,6817318
2021-12-01,21576,413587,45821316,7230905
2021-12-02,23810,440505,45845126,7671410
2021-12-03,25294,467609,45870420,8139019
2021-12-04,22406,419057,45892826,8558076
2021-12-05,11952,261547,45904778,8819623
2021-12-06,25859,457793,45930637,9277416
2021-12-07,24150,479685,45954787,9757101
2021-12-08,10038,249869,45964825,10006970
2021-12-09,31641,492025,45996466,10498995
2021-12-10,28123,517966,46024589,11016961
2021-12-11,23600,459307,46048189,11476268
2021-12-12,12326,293548,46060515,11769816
2021-12-13,26197,467697,46086712,12237513
2021-12-14,25226,494296,46111938,12731809
2021-12-15,25395,517218,46137333,13249027
2021-12-16,27955,520381,46165288,13769408
2021-12-17,29417,517280,46194705,14286688
2021-12-18,27124,468813,46221829,14755501
2021-12-19,15175,300266,46237004,15055767
2021-12-20,30692,477557,46267696,15533324
2021-12-21,30438,493513,46298134,16026837
2021-12-22,29508,484794,46327642,16511631
2021-12-23,28260,426713,46355902,16938344
2021-12-24,13135,210873,46369037,17149217
2021-12-25,2104,33053,46371141,17182270
2021-12-26,8790,159080,46379931,17341350
2021-12-27,46878,504796,46426809,17846146
2021-12-28,42532,554333,46469341,18400479
2021-12-29,34435,550752,46503776,18951231
2021-12-30,31918,499943,46535694,19451174
2021-12-31,14160,247421,46549854,19698595
2022-01-01,3503,64817,46553357,19763412
2022-01-02,22849,276750,46576206,20040162
2022-01-03,47977,520090,46624183,20560252
2022-01-04,46425,571673,46670608,21131925
2022-01-05,40891,560466,46711499,21692391
2022-01-06,23554,274497,46735053,21966888
2022-01-07,63829,554262,46798882,22521150
2022-01-08,61037,502750,46859919,23023900
2022-01-09,42995,319727,46902914,23343627
2022-01-10,61210,542379,46964124,23886006
2022-01-11,61775,586584,47025899,24472590
2022-01-12,58582,581398,47084481,25053988
2022-01-13,58653,580040,47143134,25634028
2022-01-14,46982,588672,47190116,26222700
2022-01-15,39655,570255,47229771,26792955
2022-01-16,31353,341915,47261124,27134870
2022-01-17,54763,489510,47315887,27624380
2022-01-18,58525,517130,47374412,28141510
2022-01-19,57304,502898,47431716,28644408
2022-01-20,54328,498506,47486044,29142914
2022-01-21,42158,493436,47528202,29636350
2022-01-22,31309,469147,47559511,30105497
2022-01-23,35000,275435,47594511,30380932
2022-01-24,56249,437326,47650760,30818258
2022-01-25,61530,451812,47712290,31270070
2022-01-26,58627,435888,47770917,31705958
2022-01-27,48953,432501,47819870,32138459
2022-01-28,58780,436640,47878650,32575099
2022-01-29,68240,412700,47946890,32987799
2022-01-30,50428,236119,47997318,33223918
2022-01-31,60739,357010,48058057,33580928
2022-02-01,65660,328522,48123717,33909450
2022-02-02,63265,297052,48186982,34206502
2022-02-03,60146,274587,48247128,34481089
2022-02-04,72105,268286,48319233,34749375
2022-02-05,83832,248607,48403065,34997982
2022-02-06,55312,116243,48458377,35114225
2022-02-07,65210,199971,48523587,35314196
2022-02-08,66981,186179,48590568,35500375
2022-02-09,58799,166399,48649367,35666774
2022-02-10,58631,163295,48707998,35830069
2022-02-11,62298,162523,48770296,35992592
2022-02-12,72041,152178,48842337,36144770
2022-02-13,41486,68867,48883823,36213637
2022-02-14,46721,116217,48930544,36329854
2022-02-15,48586,123502,48979130,36453356
2022-02-16,45726,106160,49024856,36559516
2022-02-17,42886,98157,49067742,36657673
2022-02-18,46645,112618,49114387,36770291
2022-02-19,52558,100359,49166945,36870650
2022-02-20,31416,40382,49198361,36911032
2022-02-21,37911,89690,49236272,37000722
2022-02-22,37236,83823,49273508,37084545
2022-02-23,33416,79438,49306924,37163983
2022-02-24,32569,78197,49339493,37242180
2022-02-25,34783,90756,49374276,37332936
2022-02-26,39171,89154,49413447,37422090
2022-02-27,22548,35861,49435995,37457951
2022-02-28,28495,81717,49464490,37539668
2022-03-01,22738,53984,49487228,37593652
2022-03-02,21944,50734,49509172,37644386
2022-03-03,22649,54962,49531821,37699348
2022-03-04,23253,62823,49555074,37762171
2022-03-05,23807,57960,49578881,37820131
2022-03-06,9473,17204,49588354,37837335
2022-03-07,15938,51416,49604292,37888751
2022-03-08,15492,48819,49619784,37937570
2022-03-09,13816,46524,49633600,37984094
2022-03-10,14060,52077,49647660,38036171
2022-03-11,15450,57199,49663110,38093370
2022-03-12,15514,56625,49678624,38149995
2022-03-13,5546,16853,49684170,38166848
2022-03-14,10533,46714,49694703,38213562
2022-03-15,10559,46922,49705262,38260484
2022-03-16,9490,41990,49714752,38302474
2022-03-17,9732,44895,49724484,38347369
2022-03-18,10168,49085,49734652,38396454
2022-03-19,9155,46555,49743807,38443009
2022-03-20,2608,11704,49746415,38454713
2022-03-21,7590,40251,49754005,38494964
2022-03-22,8450,37789,49762455,38532753
2022-03-23,7227,33710,49769682,38566463
2022-03-24,8265,38842,49777947,38605305
2022-03-25,8146,43700,49786093,38649005
2022-03-26,8128,41723,49794221,38690728
2022-03-27,2431,9685,49796652,38700413
2022-03-28,6114,35256,49802766,38735669
2022-03-29,5786,32547,49808552,38768216
2022-03-30,5569,30218,49814121,38798434
2022-03-31,5910,33210,49820031,38831644
2022-04-01,4354,25202,49824385,38856846
2022-04-02,4498,23276,49828883,38880122
2022-04-03,1049,4500,49829932,38884622
2022-04-04,3665,21557,49833597,38906179
2022-04-05,3759,22951,49837356,38929130
2022-04-06,4106,21856,49841462,38950986
2022-04-07,3973,23328,49845435,38974314
2022-04-08,4698,26730,49850133,39001044
2022-04-09,4383,23888,49854516,39024932
2022-04-10,893,4613,49855409,39029545
2022-04-11,3819,22697,49859228,39052242
2022-04-12,3364,21793,49862592,39074035
2022-04-13,3577,21348,49866169,39095383
2022-04-14,3487,23800,49869656,39119183
2022-04-15,3086,20635,49872742,39139818
2022-04-16,2153,11922,49874895,39151740
2022-04-17,63,348,49874958,39152088
2022-04-18,152,650,49875110,39152738
2022-04-19,3500,22002,49878610,39174740
2022-04-20,3514,20256,49882124,39194996
2022-04-21,2850,19803,49884974,39214799
2022-04-22,2929,20721,49887903,39235520
2022-04-23,2648,16223,49890551,39251743
2022-04-24,509,2335,49891060,39254078
2022-04-25,183,1165,49891243,39255243
2022-04-26,2762,17814,49894005,39273057
2022-04-27,2376,15798,49896381,39288855
2022-04-28,2366,15570,49898747,39304425
2022-04-29,2300,14860,49901047,39319285
2022-04-30,2123,11585,49903170,39330870
2022-05-01,113,531,49903283,39331401
2022-05-02,1451,9394,49904734,39340795
2022-05-03,1578,10332,49906312,39351127
2022-05-04,1749,10283,49908061,39361410
2022-05-05,1655,10307,49909716,39371717
2022-05-06,1702,10980,49911418,39382697
2022-05-07,1432,8575,49912850,39391272
2022-05-08,417,1527,49913267,39392799
2022-05-09,1028,8938,49914295,39401737
2022-05-10,1427,9558,49915722,39411295
2022-05-11,1487,10109,49917209,39421404
2022-05-12,1373,10140,49918582,39431544
2022-05-13,1600,10530,49920182,39442074
2022-05-14,1362,8249,49921544,39450323
2022-05-15,336,1138,49921880,39451461
2022-05-16,814,8411,49922694,39459872
2022-05-17,1244,8708,49923938,39468580
2022-05-18,1373,9256,49925311,39477836
2022-05-19,1502,9290,49926813,39487126
2022-05-20,1430,9538,49928243,39496664
2022-05-21,1302,7903,49929545,39504567
2022-05-22,231,1013,49929776,39505580
2022-05-23,831,8275,49930607,39513855
2022-05-24,1073,8675,49931680,39522530
2022-05-25,1372,9460,49933052,39531990
2022-05-26,1201,9484,49934253,39541474
2022-05-27,1235,9919,49935488,39551393
2022-05-28,1205,7890,49936693,39559283
2022-05-29,288,1265,49936981,39560548
2022-05-30,931,8063,49937912,39568611
2022-05-31,1039,8552,49938951,39577163
2022-06-01,897,7657,49939848,39584820
2022-06-02,35,474,49939883,39585294
2022-06-03,819,7334,49940702,39592628
2022-06-04,870,5162,49941572,39597790
2022-06-05,88,586,49941660,39598376
2022-06-06,679,7007,49942339,39605383
2022-06-07,951,7852,49943290,39613235
2022-06-08,981,7911,49944271,39621146
2022-06-09,1037,8421,49945308,39629567
2022-06-10,958,8564,49946266,39638131
2022-06-11,903,6206,49947169,39644337
2022-06-12,140,768,49947309,39645105
2022-06-13,603,6307,49947912,39651412
2022-06-14,833,7908,49948745,39659320
2022-06-15,960,7856,49949705,39667176
2022-06-16,734,7404,49950439,39674580
2022-06-17,724,7250,49951163,39681830
2022-06-18,778,5597,49951941,39687427
2022-06-19,49,521,49951990,39687948
2022-06-20,587,6700,49952577,39694648
2022-06-21,741,7664,49953318,39702312
2022-06-22,779,7315,49954097,39709627
2022-06-23,650,7475,49954747,39717102
2022-06-24,644,7475,49955391,39724577
2022-06-25,836,6533,49956227,39731110
2022-06-26,129,523,49956356,39731633
2022-06-27,534,7128,49956890,39738761
2022-06-28,748,8208,49957638,39746969
2022-06-29,757,7737,49958395,39754706
2022-06-30,748,8146,49959143,39762852
2022-07-01,577,6446,49959720,39769298
2022-07-02,536,4770,49960256,39774068
2022-07-03,49,456,49960305,39774524
2022-07-04,470,6279,49960775,39780803
2022-07-05,631,8123,49961406,39788926
2022-07-06,634,7612,49962040,39796538
2022-07-07,576,8279,49962616,39804817
2022-07-08,677,8087,49963293,39812904
2022-07-09,549,6105,49963842,39819009
2022-07-10,58,533,49963900,39819542
2022-07-11,493,7646,49964393,39827188
2022-07-12,669,9031,49965062,39836219
2022-07-13,645,10068,49965707,39846287
2022-07-14,639,10227,49966346,39856514
2022-07-15,627,10674,49966973,39867188
2022-07-16,522,7215,49967495,39874403
2022-07-17,48,770,49967543,39875173
2022-07-18,496,9378,49968039,39884551
2022-07-19,576,10685,49968615,39895236
2022-07-20,582,11277,49969197,39906513
2022-07-21,633,12096,49969830,39918609
2022-07-22,585,11268,49970415,39929877
2022-07-23,381,6778,49970796,39936655
2022-07-24,76,857,49970872,39937512
2022-07-25,505,9059,49971377,39946571
2022-07-26,522,9765,49971899,39956336
2022-07-27,555,10216,49972454,39966552
2022-07-28,534,10538,49972988,39977090
2022-07-29,510,9468,49973498,39986558
2022-07-30,383,5884,49973881,39992442
2022-07-31,49,764,49973930,39993206
2022-08-01,386,6866,49974316,40000072
2022-08-02,548,7594,49974864,40007666
2022-08-03,516,7188,49975380,40014854
2022-08-04,455,7495,49975835,40022349
2022-08-05,421,6531,49976256,40028880
2022-08-06,300,3613,49976556,40032493
2022-08-07,44,563,49976600,40033056
2022-08-08,403,4890,49977003,40037946
2022-08-09,381,5316,49977384,40043262
2022-08-10,385,4817,49977769,40048079
2022-08-11,370,4806,49978139,40052885
2022-08-12,295,3721,49978434,40056606
2022-08-13,143,1600,49978577,40058206
2022-08-14,9,129,49978586,40058335
2022-08-15,1,26,49978587,40058361
2022-08-16,284,3043,49978871,40061404
2022-08-17,352,3533,49979223,40064937
2022-08-18,395,4165,49979618,40069102
2022-08-19,341,3323,49979959,40072425
2022-08-20,184,1716,49980143,40074141
2022-08-21,24,149,49980167,40074290
2022-08-22,333,2952,49980500,40077242
2022-08-23,370,3674,49980870,40080916
2022-08-24,384,3363,49981254,40084279
2022-08-25,424,3776,49981678,40088055
2022-08-26,400,3586,49982078,40091641
2022-08-27,237,1770,49982315,40093411
2022-08-28,29,267,49982344,40093678
2022-08-29,354,3161,49982698,40096839
2022-08-30,406,3676,49983104,40100515
2022-08-31,438,3734,49983542,40104249
2022-09-01,353,3119,49983895,40107368
2022-09-02,298,2894,49984193,40110262
2022-09-03,200,1692,49984393,40111954
2022-09-04,24,149,49984417,40112103
2022-09-05,187,2657,49984604,40114760
2022-09-06,307,2981,49984911,40117741
2022-09-07,541,2937,49985452,40120678
2022-09-08,293,2965,49985745,40123643
2022-09-09,308,2886,49986053,40126529
2022-09-10,228,1327,49986281,40127856
2022-09-11,23,124,49986304,40127980
2022-09-12,267,2269,49986571,40130249
2022-09-13,255,2280,49986826,40132529
2022-09-14,266,2567,49987092,40135096
2022-09-15,285,2501,49987377,40137597
2022-09-16,255,2544,49987632,40140141
2022-09-17,239,1339,49987871,40141480
2022-09-18,20,170,49987891,40141650
2022-09-19,206,1973,49988097,40143623
2022-09-20,237,2392,49988334,40146015
2022-09-21,289,2528,49988623,40148543
2022-09-22,267,2663,49988890,40151206
2022-09-23,261,2547,49989151,40153753
2022-09-24,193,1427,49989344,40155180
2022-09-25,29,133,49989373,40155313
2022-09-26,281,2249,49989654,40157562
2022-09-27,287,2680,49989941,40160242
2022-09-28,311,2905,49990252,40163147
2022-09-29,257,3051,49990509,40166198
2022-09-30,292,2987,49990801,40169185
2022-10-01,196,1515,49990997,40170700
2022-10-02,12,187,49991009,40170887
2022-10-03,186,2478,49991195,40173365
2022-10-04,236,2865,49991431,40176230
2022-10-05,233,3255,49991664,40179485
2022-10-06,244,3875,49991908,40183360
2022-10-07,285,4186,49992193,40187546
2022-10-08,206,2267,49992399,40189813
2022-10-09,8,305,49992407,40190118
2022-10-10,214,3348,49992621,40193466
2022-10-11,195,4380,49992816,40197846
2022-10-12,212,4437,49993028,40202283
2022-10-13,207,5299,49993235,40207582
2022-10-14,234,5010,49993469,40212592
2022-10-15,191,2669,49993660,40215261
2022-10-16,6,360,49993666,40215621
2022-10-17,187,3873,49993853,40219494
2022-10-18,257,4960,49994110,40224454
2022-10-19,247,5479,49994357,40229933
2022-10-20,227,5997,49994584,40235930
2022-10-21,257,5478,49994841,40241408
2022-10-22,196,2911,49995037,40244319
2022-10-23,13,364,49995050,40244683
2022-10-24,171,3931,49995221,40248614
2022-10-25,256,4927,49995477,40253541
2022-10-26,350,5505,49995827,40259046
2022-10-27,239,5678,49996066,40264724
2022-10-28,202,5265,49996268,40269989
2022-10-29,128,2844,49996396,40272833
2022-10-30,4,328,49996400,40273161
2022-10-31,118,3038,49996518,40276199
2022-11-01,11,353,49996529,40276552
2022-11-02,146,3721,49996675,40280273
2022-11-03,172,4794,49996847,40285067
2022-11-04,228,4603,49997075,40289670
2022-11-05,145,2601,49997220,40292271
2022-11-06,10,261,49997230,40292532
2022-11-07,169,3227,49997399,40295759
2022-11-08,262,4258,49997661,40300017
2022-11-09,202,4336,49997863,40304353
2022-11-10,184,4603,49998047,40308956
2022-11-11,194,4236,49998241,40313192
2022-11-12,161,2378,49998402,40315570
2022-11-13,7,338,49998409,40315908
2022-11-14,150,2843,49998559,40318751
2022-11-15,204,3750,49998763,40322501
2022-11-16,217,4002,49998980,40326503
2022-11-17,195,4114,49999175,40330617
2022-11-18,252,4050,49999427,40334667
2022-11-19,112,2087,49999539,40336754
2022-11-20,24,317,49999563,40337071
2022-11-21,119,2624,49999682,40339695
2022-11-22,140,3224,49999822,40342919
2022-11-23,191,3635,50000013,40346554
2022-11-24,158,3849,50000171,40350403
2022-11-25,184,3781,50000355,40354184
2022-11-26,135,2096,50000490,40356280
2022-11-27,22,356,50000512,40356636
2022-11-28,182,2691,50000694,40359327
2022-11-29,258,3235,50000952,40362562
2022-11-30,182,3739,50001134,40366301
2022-12-01,151,3635,50001285,40369936
2022-12-02,161,3532,50001446,40373468
2022-12-03,106,1999,50001552,40375467
2022-12-04,5,290,50001557,40375757
2022-12-05,129,2861,50001686,40378618
2022-12-06,177,3658,50001863,40382276
2022-12-07,136,3135,50001999,40385411
2022-12-08,8,169,50002007,40385580
2022-12-09,165,3036,50002172,40388616
2022-12-10,71,1602,50002243,40390218
2022-12-11,7,193,50002250,40390411
2022-12-12,172,2534,50002422,40392945
2022-12-13,254,3052,50002676,40395997
2022-12-14,232,3240,50002908,40399237
2022-12-15,207,3299,50003115,40402536
2022-12-16,163,3224,50003278,40405760
2022-12-17,95,1691,50003373,40407451
2022-12-18,10,270,50003383,40407721
2022-12-19,149,2170,50003532,40409891
2022-12-20,212,2533,50003744,40412424
2022-12-21,160,2252,50003904,40414676
2022-12-22,140,1880,50004044,40416556
2022-12-23,154,1223,50004198,40417779
2022-12-24,32,162,50004230,40417941
2022-12-25,0,6,50004230,40417947
2022-12-26,6,42,50004236,40417989
2022-12-27,133,1555,50004369,40419544
2022-12-28,138,1782,50004507,40421326
2022-12-29,92,1711,50004599,40423037
2022-12-30,116,1614,50004715,40424651
2022-12-31,21,273,50004736,40424924
2023-01-01,0,6,50004736,40424930
2023-01-02,48,1129,50004784,40426059
2023-01-03,99,1899,50004883,40427958
2023-01-04,111,2009,50004994,40429967
2023-01-05,99,1914,50005093,40431881
2023-01-06,0,70,50005093,40431951
2023-01-07,53,687,50005146,40432638
2023-01-08,2,97,50005148,40432735
2023-01-09,129,1430,50005277,40434165
2023-01-10,128,1789,50005405,40435954
2023-01-11,119,1771,50005524,40437725
2023-01-12,115,2008,50005639,40439733
2023-01-13,108,1889,50005747,40441622
2023-01-14,67,978,50005814,40442600
2023-01-15,1,67,50005815,40442667
2023-01-16,37,1155,50005852,40443822
2023-01-17,109,1304,50005961,40445126
2023-01-18,81,1418,50006042,40446544
2023-01-19,111,1607,50006153,40448151
2023-01-20,159,1407,50006312,40449558
2023-01-21,46,649,50006358,40450207
2023-01-22,2,57,50006360,40450264
2023-01-23,75,782,50006435,40451046
2023-01-24,115,1193,50006550,40452239
2023-01-25,97,1085,50006647,40453324
2023-01-26,111,1101,50006758,40454425
2023-01-27,35,471,50006793,40454896