data_somministrazione,vaccinazioni,booster,cum_vaccinazioni,cum_booster
2020-12-27,20,0,20,0
2020-12-28,2,0,22,0
2020-12-29,1,0,23,0
2020-12-30,8,0,31,0
2020-12-31,72,0,103,0
2021-01-01,23,0,126,0
2021-01-02,126,0,252,0
2021-01-03,89,0,341,0
2021-01-04,212,0,553,0
2021-01-05,255,0,808,0
2021-01-06,222,0,1030,0
2021-01-07,305,0,1335,0
2021-01-08,350,0,1685,0
2021-01-09,263,0,1948,0
2021-01-10,158,0,2106,0
2021-01-11,282,0,2388,0
2021-01-12,275,0,2663,0
2021-01-13,401,0,3064,0
2021-01-14,485,0,3549,0
2021-01-15,304,0,3853,0
2021-01-16,213,0,4066,0
2021-01-17,3060,0,7126,0
2021-01-18,5213,0,12339,0
2021-01-19,1893,0,14232,0
2021-01-20,4656,0,18888,0
2021-01-21,20005,0,38893,0
2021-01-22,14220,0,53113,0
2021-01-23,33328,0,86441,0
2021-01-24,30785,0,117226,0
2021-01-25,64724,0,181950,0
2021-01-26,76492,0,258442,0
2021-01-27,64825,0,323267,0
2021-01-28,89272,0,412539,0
2021-01-29,94012,0,506551,0
2021-01-30,86555,0,593106,0
2021-01-31,57329,0,650435,0
2021-02-01,81855,0,732290,0
2021-02-02,82141,0,814431,0
2021-02-03,91115,0,905546,0
2021-02-04,95395,0,1000941,0
2021-02-05,90271,0,1091212,0
2021-02-06,63449,0,1154661,0
2021-02-07,32932,0,1187593,0
2021-02-08,40426,0,1228019,0
2021-02-09,32867,0,1260886,0
2021-02-10,28425,0,1289311,0
2021-02-11,20399,0,1309710,0
2021-02-12,16237,0,1325947,0
2021-02-13,7271,0,1333218,0
2021-02-14,2862,0,1336080,0
2021-02-15,6841,0,1342921,0
2021-02-16,6999,0,1349920,0
2021-02-17,10524,0,1360444,0
2021-02-18,9252,0,1369696,0
2021-02-19,8250,0,1377946,0
2021-02-20,5562,0,1383508,0
2021-02-21,3002,0,1386510,0
2021-02-22,6884,0,1393394,0
2021-02-23,7172,0,1400566,0
2021-02-24,9805,0,1410371,0
2021-02-25,14211,0,1424582,0
2021-02-26,17555,0,1442137,0
2021-02-27,13913,0,1456050,0
2021-02-28,9388,0,1465438,0
2021-03-01,26518,0,1491956,0
2021-03-02,33245,0,1525201,0
2021-03-03,44644,0,1569845,0
2021-03-04,50295,0,1620140,0
2021-03-05,55734,0,1675874,0
2021-03-06,41870,0,1717744,0
2021-03-07,22322,0,1740066,0
2021-03-08,50822,0,1790888,0
2021-03-09,53075,0,1843963,0
2021-03-10,58651,0,1902614,0
2021-03-11,63867,0,1966481,0
2021-03-12,65110,0,2031591,0
2021-03-13,51719,0,2083310,0
2021-03-14,35401,0,2118711,0
2021-03-15,73446,0,2192157,0
2021-03-16,74027,0,2266184,0
2021-03-17,83130,0,2349314,0
2021-03-18,81624,0,2430938,0
2021-03-19,81081,0,2512019,0
2021-03-20,64724,0,2576743,0
2021-03-21,47300,0,2624043,0
2021-03-22,69482,0,2693525,0
2021-03-23,75800,0,2769325,0
2021-03-24,90918,0,2860243,0
2021-03-25,89803,0,2950046,0
2021-03-26,83624,0,3033670,0
2021-03-27,71940,0,3105610,0
2021-03-28,44147,0,3149757,0
2021-03-29,70828,0,3220585,0
2021-03-30,81387,0,3301972,0
2021-03-31,96240,0,3398212,0
2021-04-01,95309,0,3493521,0
2021-04-02,84072,0,3577593,0
2021-04-03,64304,0,3641897,0
2021-04-04,21718,0,3663615,0
2021-04-05,40313,0,3703928,0
2021-04-06,81318,0,3785246,0
2021-04-07,95832,0,3881078,0
2021-04-08,95242,0,3976320,0
2021-04-09,88492,0,4064812,0
2021-04-10,74032,0,4138844,0
2021-04-11,44764,0,4183608,0
2021-04-12,66917,0,4250525,0
2021-04-13,72574,0,4323099,0
2021-04-14,85541,0,4408640,0
2021-04-15,105418,0,4514058,0
2021-04-16,106417,0,4620475,0
2021-04-17,90516,0,4710991,0
2021-04-18,58590,0,4769581,0
2021-04-19,93430,0,4863011,0
2021-04-20,103770,0,4966781,0
2021-04-21,125338,0,5092119,0
2021-04-22,143518,0,5235637,0
2021-04-23,138744,0,5374381,0
2021-04-24,124446,0,5498827,0
2021-04-25,61458,0,5560285,0
2021-04-26,97895,0,5658180,0
2021-04-27,128361,0,5786541,0
2021-04-28,156370,0,5942911,0
2021-04-29,195598,0,6138509,0
2021-04-30,214583,0,6353092,0
2021-05-01,174121,0,6527213,0
2021-05-02,135802,0,6663015,0
2021-05-03,142040,0,6805055,0
2021-05-04,158697,0,6963752,0
2021-05-05,170501,0,7134253,0
2021-05-06,197809,0,7332062,0
2021-05-07,213849,0,7545911,0
2021-05-08,213413,0,7759324,0
2021-05-09,143203,0,7902527,0
2021-05-10,165080,0,8067607,0
2021-05-11,174987,0,8242594,0
2021-05-12,179183,0,8421777,0
2021-05-13,203387,0,8625164,0
2021-05-14,222919,0,8848083,0
2021-05-15,210367,0,9058450,0
2021-05-16,159275,0,9217725,0
2021-05-17,219196,0,9436921,0
2021-05-18,213021,0,9649942,0
2021-05-19,207088,0,9857030,0
2021-05-20,270866,0,10127896,0
2021-05-21,270890,0,10398786,0
2021-05-22,245526,0,10644312,0
2021-05-23,197181,0,10841493,0
2021-05-24,228310,0,11069803,0
2021-05-25,245698,0,11315501,0
2021-05-26,277503,0,11593004,0
2021-05-27,311087,0,11904091,0
2021-05-28,299574,0,12203665,0
2021-05-29,231224,0,12434889,0
2021-05-30,170841,0,12605730,0
2021-05-31,216424,0,12822154,0
2021-06-01,207635,0,13029789,0
2021-06-02,115800,0,13145589,0
2021-06-03,180142,0,13325731,0
2021-06-04,184882,0,13510613,0
2021-06-05,185962,0,13696575,0
2021-06-06,139552,0,13836127,0
2021-06-07,161873,0,13998000,0
2021-06-08,171228,0,14169228,0
2021-06-09,171489,0,14340717,0
2021-06-10,174109,0,14514826,0
2021-06-11,169988,0,14684814,0
2021-06-12,128328,0,14813142,0
2021-06-13,91188,0,14904330,0
2021-06-14,214686,0,15119016,0
2021-06-15,228423,0,15347439,0
2021-06-16,253080,0,15600519,0
2021-06-17,301737,0,15902256,0
2021-06-18,306300,0,16208556,0
2021-06-19,275089,0,16483645,0
2021-06-20,220789,0,16704434,0
2021-06-21,288075,0,16992509,0
2021-06-22,296226,0,17288735,0
2021-06-23,302692,0,17591427,0
2021-06-24,332610,0,17924037,0
2021-06-25,348714,0,18272751,0
2021-06-26,300124,0,18572875,0
2021-06-27,228667,0,18801542,0
2021-06-28,307097,0,19108639,0
2021-06-29,329291,0,19437930,0
2021-06-30,342168,0,19780098,0
2021-07-01,363214,0,20143312,0
2021-07-02,368479,0,20511791,0
2021-07-03,371092,0,20882883,0
2021-07-04,283217,0,21166100,0
2021-07-05,384546,0,21550646,0
2021-07-06,385476,0,21936122,0
2021-07-07,412117,0,22348239,0
2021-07-08,479609,0,22827848,0
2021-07-09,498485,0,23326333,0
2021-07-10,475183,0,23801516,0
2021-07-11,357696,0,24159212,0
2021-07-12,485903,0,24645115,0
2021-07-13,492117,0,25137232,0
2021-07-14,480464,0,25617696,0
2021-07-15,523457,0,26141153,0
2021-07-16,509763,0,26650916,0
2021-07-17,464344,0,27115260,0
2021-07-18,364652,0,27479912,0
2021-07-19,463055,0,27942967,0
2021-07-20,458063,0,28401030,0
2021-07-21,462797,0,28863827,0
2021-07-22,475391,0,29339218,0
2021-07-23,441318,0,29780536,0
2021-07-24,386164,0,30166700,0
2021-07-25,287559,0,30454259,0
2021-07-26,430879,0,30885138,0
2021-07-27,440131,0,31325269,0
2021-07-28,391011,0,31716280,0
2021-07-29,372072,0,32088352,0
2021-07-30,341516,0,32429868,0
2021-07-31,287031,0,32716899,0
2021-08-01,191005,0,32907904,0
2021-08-02,333707,0,33241611,0
2021-08-03,323196,0,33564807,0
2021-08-04,310976,0,33875783,0
2021-08-05,292502,0,34168285,0
2021-08-06,260013,0,34428298,0
2021-08-07,199051,0,34627349,0
2021-08-08,153108,0,34780457,0
2021-08-09,234072,0,35014529,0
2021-08-10,205250,0,35219779,0
2021-08-11,193771,0,35413550,0
2021-08-12,168029,0,35581579,0
2021-08-13,148636,0,35730215,0
2021-08-14,66093,0,35796308,0
2021-08-15,26338,0,35822646,0
2021-08-16,114703,0,35937349,0
2021-08-17,129251,0,36066600,0
2021-08-18,128749,0,36195349,0
2021-08-19,124818,0,36320167,0
2021-08-20,123792,0,36443959,0
2021-08-21,83128,0,36527087,0
2021-08-22,68171,0,36595258,0
2021-08-23,176874,0,36772132,0
2021-08-24,156898,0,36929030,0
2021-08-25,177171,0,37106201,0
2021-08-26,172364,0,37278565,0
2021-08-27,185835,0,37464400,0
2021-08-28,140281,0,37604681,0
2021-08-29,98995,0,37703676,0
2021-08-30,209601,0,37913277,0
2021-08-31,194640,0,38107917,0
2021-09-01,192209,0,38300126,0
2021-09-02,189931,0,38490057,0
2021-09-03,191301,0,38681358,0
2021-09-04,131464,0,38812822,0
2021-09-05,87858,0,38900680,0
2021-09-06,193630,0,39094310,0
2021-09-07,196037,0,39290347,0
2021-09-08,187882,0,39478229,0
2021-09-09,201448,0,39679677,0
2021-09-10,198079,0,39877756,0
2021-09-11,141298,0,40019054,0
2021-09-12,89596,0,40108650,0
2021-09-13,191129,600,40299779,600
2021-09-14,177235,611,40477014,1211
2021-09-15,163101,615,40640115,1826
2021-09-16,160077,961,40800192,2787
2021-09-17,150171,1139,40950363,3926
2021-09-18,127980,755,41078343,4681
2021-09-19,81135,501,41159478,5182
2021-09-20,180078,9099,41339556,14281
2021-09-21,166649,8846,41506205,23127
2021-09-22,159092,9447,41665297,32574
2021-09-23,138080,9342,41803377,41916
2021-09-24,140544,8977,41943921,50893
2021-09-25,119557,5652,42063478,56545
2021-09-26,71969,4351,42135447,60896
2021-09-27,135659,10062,42271106,70958
2021-09-28,117508,11406,42388614,82364
2021-09-29,112351,11838,42500965,94202
2021-09-30,110260,14962,42611225,109164
2021-10-01,94991,19121,42706216,128285
2021-10-02,78506,14030,42784722,142315
2021-10-03,47749,7663,42832471,149978
2021-10-04,88380,34466,42920851,184444
2021-10-05,80368,33995,43001219,218439
2021-10-06,71996,34186,43073215,252625
2021-10-07,71864,34361,43145079,286986
2021-10-08,80631,33605,43225710,320591
2021-10-09,76103,22183,43301813,342774
2021-10-10,45779,13622,43347592,356396
2021-10-11,87440,41118,43435032,397514
2021-10-12,84501,46919,43519533,444433
2021-10-13,88202,52137,43607735,496570
2021-10-14,91549,58532,43699284,555102
2021-10-15,93597,55646,43792881,610748
2021-10-16,82967,36800,43875848,647548
2021-10-17,51462,23840,43927310,671388
2021-10-18,90306,59499,44017616,730887
2021-10-19,78347,69390,44095963,800277
2021-10-20,75067,78191,44171030,878468
2021-10-21,78298,81775,44249328,960243
2021-10-22,73784,77055,44323112,1037298
2021-10-23,60827,51965,44383939,1089263
2021-10-24,33372,23469,44417311,1112732
2021-10-25,64906,81640,44482217,1194372
2021-10-26,58373,91819,44540590,1286191
2021-10-27,58332,104007,44598922,1390198
2021-10-28,61455,114134,44660377,1504332
2021-10-29,61639,103155,44722016,1607487
2021-10-30,50674,68129,44772690,1675616
2021-10-31,25160,28302,44797850,1703918
2021-11-01,19047,28155,44816897,1732073
2021-11-02,62744,89414,44879641,1821487
2021-11-03,60727,118677,44940368,1940164
2021-11-04,59246,126682,44999614,2066846
2021-11-05,63094,135203,45062708,2202049
2021-11-06,46483,90932,45109191,2292981
2021-11-07,22252,37900,45131443,2330881
2021-11-08,51529,131282,45182972,2462163
2021-11-09,45398,144221,45228370,2606384
2021-11-10,42585,156362,45270955,2762746
2021-11-11,44935,155146,45315890,2917892
2021-11-12,46314,158652,45362204,3076544
2021-11-13,33262,116661,45395466,3193205
2021-11-14,14489,52454,45409955,3245659
2021-11-15,36900,157436,45446855,3403095
2021-11-16,30559,171391,45477414,3574486
2021-11-17,28468,178445,45505882,3752931
2021-11-18,30284,193739,45536166,3946670
2021-11-19,28812,205866,45564978,4152536
2021-11-20,21001,156452,45585979,4308988
2021-11-21,10612,64862,45596591,4373850
2021-11-22,21944,213158,45618535,4587008
2021-11-23,23581,241766,45642116,4828774
2021-11-24,27796,271019,45669912,5099793
2021-11-25,23242,301924,45693154,5401717
2021-11-26,24586,318282,45717740,5719999
2021-11-27,21388,266158,45739128,5986157
2021-11-28,9904,137057,45749032,6123214
2021-11-29,22343,326072,45771375,6449286
2021-11-30,23101,365839,45794476,6815125
2021-12-01,21525,413508,45816001,7228633
2021-12-02,23773,440422,45839774,7669055
2021-12-03,25269,467491,45865043,8136546
2021-12-04,22379,418781,45887422,8555327
2021-12-05,11934,261356,45899356,8816683
2021-12-06,25828,457613,45925184,9274296
2021-12-07,24145,480278,45949329,9754574
2021-12-08,10011,249705,45959340,10004279
2021-12-09,31598,491947,45990938,10496226
2021-12-10,28080,517903,46019018,11014129
2021-12-11,23578,459258,46042596,11473387
2021-12-12,12310,293515,46054906,11766902
2021-12-13,26164,467638,46081070,12234540
2021-12-14,25183,494219,46106253,12728759
2021-12-15,25343,517165,46131596,13245924
2021-12-16,27896,520274,46159492,13766198
2021-12-17,29374,517191,46188866,14283389
2021-12-18,27077,468746,46215943,14752135
2021-12-19,15155,300533,46231098,15052668
2021-12-20,30645,477496,46261743,15530164
2021-12-21,30394,493402,46292137,16023566
2021-12-22,29461,484726,46321598,16508292
2021-12-23,28262,426924,46349860,16935216
2021-12-24,13115,210836,46362975,17146052
2021-12-25,2103,33053,46365078,17179105
2021-12-26,8768,159073,46373846,17338178
2021-12-27,46814,504673,46420660,17842851
2021-12-28,42477,554229,46463137,18397080
2021-12-29,34365,550657,46497502,18947737
2021-12-30,31858,499842,46529360,19447579
2021-12-31,14131,247398,46543491,19694977
2022-01-01,3497,64815,46546988,19759792
2022-01-02,22793,276723,46569781,20036515
2022-01-03,47878,520022,46617659,20556537
2022-01-04,46403,572090,46664062,21128627
2022-01-05,40783,560400,46704845,21689027
2022-01-06,23502,274489,46728347,21963516
2022-01-07,63731,554198,46792078,22517714
2022-01-08,60890,503399,46852968,23021113
2022-01-09,42887,319686,46895855,23340799
2022-01-10,61115,542294,46956970,23883093
2022-01-11,61758,586996,47018728,24470089
2022-01-12,58482,581279,47077210,25051368
2022-01-13,58634,580393,47135844,25631761
2022-01-14,46837,588576,47182681,26220337
2022-01-15,39452,569947,47222133,26790284
2022-01-16,31254,341863,47253387,27132147
2022-01-17,54800,489665,47308187,27621812
2022-01-18,58417,517019,47366604,28138831
2022-01-19,57216,502790,47423820,28641621
2022-01-20,54359,498826,47478179,29140447
2022-01-21,42110,493879,47520289,29634326
2022-01-22,31225,469597,47551514,30103923
2022-01-23,34947,275374,47586461,30379297
2022-01-24,56191,437227,47642652,30816524
2022-01-25,61563,452112,47704215,31268636
2022-01-26,58558,435834,47762773,31704470
2022-01-27,48847,432379,47811620,32136849
2022-01-28,58710,436541,47870330,32573390
2022-01-29,68144,412497,47938474,32985887
2022-01-30,50385,235967,47988859,33221854
2022-01-31,60640,356933,48049499,33578787
2022-02-01,65562,328445,48115061,33907232
2022-02-02,63210,296978,48178271,34204210
2022-02-03,60062,274517,48238333,34478727
2022-02-04,72382,268457,48310715,34747184
2022-02-05,83784,248532,48394499,34995716
2022-02-06,55295,116204,48449794,35111920
2022-02-07,65154,199940,48514948,35311860
2022-02-08,66931,186113,48581879,35497973
2022-02-09,58762,166334,48640641,35664307
2022-02-10,58580,163240,48699221,35827547
2022-02-11,62254,162465,48761475,35990012
2022-02-12,71982,152140,48833457,36142152
2022-02-13,41473,68852,48874930,36211004
2022-02-14,46691,116186,48921621,36327190
2022-02-15,48539,123479,48970160,36450669
2022-02-16,45678,106121,49015838,36556790
2022-02-17,42863,98105,49058701,36654895
2022-02-18,46622,112570,49105323,36767465
2022-02-19,52534,100333,49157857,36867798
2022-02-20,31411,40362,49189268,36908160
2022-02-21,37887,89649,49227155,36997809
2022-02-22,37217,83775,49264372,37081584
2022-02-23,33393,79408,49297765,37160992
2022-02-24,32551,78161,49330316,37239153
2022-02-25,34759,90709,49365075,37329862
2022-02-26,39156,89133,49404231,37418995
2022-02-27,22545,35856,49426776,37454851
2022-02-28,28479,81690,49455255,37536541
2022-03-01,22721,53939,49477976,37590480
2022-03-02,21949,50678,49499925,37641158
2022-03-03,22616,54945,49522541,37696103
2022-03-04,23229,62795,49545770,37758898
2022-03-05,23797,57951,49569567,37816849
2022-03-06,9471,17200,49579038,37834049
2022-03-07,15914,51387,49594952,37885436
2022-03-08,15475,48795,49610427,37934231
2022-03-09,13811,46518,49624238,37980749
2022-03-10,14048,52117,49638286,38032866
2022-03-11,15582,57261,49653868,38090127
2022-03-12,15502,56617,49669370,38146744
2022-03-13,5543,16850,49674913,38163594
2022-03-14,10522,46697,49685435,38210291
2022-03-15,10539,46890,49695974,38257181
2022-03-16,9479,41973,49705453,38299154
2022-03-17,9714,44871,49715167,38344025
2022-03-18,10158,49054,49725325,38393079
2022-03-19,9149,46532,49734474,38439611
2022-03-20,2609,11701,49737083,38451312
2022-03-21,7578,40224,49744661,38491536
2022-03-22,8446,37758,49753107,38529294
2022-03-23,7213,33700,49760320,38562994
2022-03-24,8257,38800,49768577,38601794
2022-03-25,8135,43662,49776712,38645456
2022-03-26,8124,41721,49784836,38687177
2022-03-27,2430,9681,49787266,38696858
2022-03-28,6108,35237,49793374,38732095
2022-03-29,5774,32527,49799148,38764622
2022-03-30,5565,30201,49804713,38794823
2022-03-31,5892,33181,49810605,38828004
2022-04-01,4347,25187,49814952,38853191
2022-04-02,4493,23274,49819445,38876465
2022-04-03,1049,4500,49820494,38880965
2022-04-04,3656,21538,49824150,38902503
2022-04-05,3756,22929,49827906,38925432
2022-04-06,4101,21852,49832007,38947284
2022-04-07,3965,23320,49835972,38970604
2022-04-08,4691,26710,49840663,38997314
2022-04-09,4381,23885,49845044,39021199
2022-04-10,891,4614,49845935,39025813
2022-04-11,3814,22685,49849749,39048498
2022-04-12,3361,21776,49853110,39070274
2022-04-13,3564,21332,49856674,39091606
2022-04-14,3486,23786,49860160,39115392
2022-04-15,3084,20617,49863244,39136009
2022-04-16,2149,11918,49865393,39147927
2022-04-17,63,348,49865456,39148275
2022-04-18,151,650,49865607,39148925
2022-04-19,3497,21977,49869104,39170902
2022-04-20,3509,20249,49872613,39191151
2022-04-21,2844,19783,49875457,39210934
2022-04-22,2927,20697,49878384,39231631
2022-04-23,2642,16217,49881026,39247848
2022-04-24,509,2334,49881535,39250182
2022-04-25,183,1165,49881718,39251347
2022-04-26,2759,17801,49884477,39269148
2022-04-27,2372,15789,49886849,39284937
2022-04-28,2357,15557,49889206,39300494
2022-04-29,2293,14836,49891499,39315330
2022-04-30,2122,11578,49893621,39326908
2022-05-01,113,530,49893734,39327438
2022-05-02,1450,9389,49895184,39336827
2022-05-03,1575,10313,49896759,39347140
2022-05-04,1746,10261,49898505,39357401
2022-05-05,1652,10278,49900157,39367679
2022-05-06,1700,10953,49901857,39378632
2022-05-07,1431,8563,49903288,39387195
2022-05-08,416,1517,49903704,39388712
2022-05-09,1027,8918,49904731,39397630
2022-05-10,1422,9542,49906153,39407172
2022-05-11,1483,10091,49907636,39417263
2022-05-12,1369,10122,49909005,39427385
2022-05-13,1592,10511,49910597,39437896
2022-05-14,1356,8230,49911953,39446126
2022-05-15,336,1130,49912289,39447256
2022-05-16,813,8394,49913102,39455650
2022-05-17,1243,8677,49914345,39464327
2022-05-18,1374,9225,49915719,39473552
2022-05-19,1500,9272,49917219,39482824
2022-05-20,1422,9499,49918641,39492323
2022-05-21,1300,7893,49919941,39500216
2022-05-22,231,1012,49920172,39501228
2022-05-23,830,8262,49921002,39509490
2022-05-24,1073,8664,49922075,39518154
2022-05-25,1369,9446,49923444,39527600
2022-05-26,1195,9455,49924639,39537055
2022-05-27,1230,9909,49925869,39546964
2022-05-28,1204,7873,49927073,39554837
2022-05-29,286,1264,49927359,39556101
2022-05-30,930,8031,49928289,39564132
2022-05-31,1035,8532,49929324,39572664
2022-06-01,890,7644,49930214,39580308
2022-06-02,35,474,49930249,39580782
2022-06-03,817,7330,49931066,39588112
2022-06-04,870,5157,49931936,39593269
2022-06-05,89,586,49932025,39593855
2022-06-06,678,6984,49932703,39600839
2022-06-07,951,7842,49933654,39608681
2022-06-08,983,7901,49934637,39616582
2022-06-09,1037,8399,49935674,39624981
2022-06-10,958,8552,49936632,39633533
2022-06-11,903,6206,49937535,39639739
2022-06-12,140,767,49937675,39640506
2022-06-13,602,6298,49938277,39646804
2022-06-14,828,7883,49939105,39654687
2022-06-15,954,7844,49940059,39662531
2022-06-16,730,7390,49940789,39669921
2022-06-17,722,7242,49941511,39677163
2022-06-18,777,5589,49942288,39682752
2022-06-19,47,522,49942335,39683274
2022-06-20,587,6695,49942922,39689969
2022-06-21,735,7656,49943657,39697625
2022-06-22,780,7307,49944437,39704932
2022-06-23,651,7459,49945088,39712391
2022-06-24,643,7472,49945731,39719863
2022-06-25,835,6532,49946566,39726395
2022-06-26,128,523,49946694,39726918
2022-06-27,531,7123,49947225,39734041
2022-06-28,745,8195,49947970,39742236
2022-06-29,756,7723,49948726,39749959
2022-06-30,746,8131,49949472,39758090
2022-07-01,576,6438,49950048,39764528
2022-07-02,536,4767,49950584,39769295
2022-07-03,49,456,49950633,39769751
2022-07-04,469,6275,49951102,39776026
2022-07-05,628,8112,49951730,39784138
2022-07-06,633,7608,49952363,39791746
2022-07-07,570,8265,49952933,39800011
2022-07-08,672,8079,49953605,39808090
2022-07-09,550,6103,49954155,39814193
2022-07-10,58,533,49954213,39814726
2022-07-11,487,7639,49954700,39822365
2022-07-12,667,9026,49955367,39831391
2022-07-13,641,10061,49956008,39841452
2022-07-14,636,10220,49956644,39851672
2022-07-15,625,10664,49957269,39862336
2022-07-16,522,7209,49957791,39869545
2022-07-17,48,769,49957839,39870314
2022-07-18,497,9350,49958336,39879664
2022-07-19,573,10657,49958909,39890321
2022-07-20,579,11257,49959488,39901578
2022-07-21,627,12040,49960115,39913618
2022-07-22,584,11226,49960699,39924844
2022-07-23,379,6744,49961078,39931588
2022-07-24,76,834,49961154,39932422
2022-07-25,503,9033,49961657,39941455
2022-07-26,521,9727,49962178,39951182
2022-07-27,550,10160,49962728,39961342
2022-07-28,529,10482,49963257,39971824
2022-07-29,510,9427,49963767,39981251
2022-07-30,382,5853,49964149,39987104
2022-07-31,49,745,49964198,39987849
2022-08-01,386,6824,49964584,39994673
2022-08-02,540,7525,49965124,40002198
2022-08-03,513,7140,49965637,40009338
2022-08-04,454,7439,49966091,40016777
2022-08-05,419,6491,49966510,40023268
2022-08-06,298,3582,49966808,40026850
2022-08-07,44,551,49966852,40027401
2022-08-08,401,4874,49967253,40032275
2022-08-09,382,5269,49967635,40037544
2022-08-10,380,4790,49968015,40042334
2022-08-11,366,4757,49968381,40047091
2022-08-12,292,3699,49968673,40050790
2022-08-13,143,1597,49968816,40052387
2022-08-14,9,128,49968825,40052515
2022-08-15,1,26,49968826,40052541
2022-08-16,283,3028,49969109,40055569
2022-08-17,352,3511,49969461,40059080
2022-08-18,389,4142,49969850,40063222
2022-08-19,341,3309,49970191,40066531
2022-08-20,183,1710,49970374,40068241
2022-08-21,24,146,49970398,40068387
2022-08-22,329,2940,49970727,40071327
2022-08-23,371,3656,49971098,40074983
2022-08-24,383,3344,49971481,40078327
2022-08-25,420,3752,49971901,40082079
2022-08-26,397,3561,49972298,40085640
2022-08-27,235,1769,49972533,40087409
2022-08-28,29,260,49972562,40087669
2022-08-29,354,3148,49972916,40090817
2022-08-30,403,3645,49973319,40094462
2022-08-31,436,3716,49973755,40098178
2022-09-01,352,3098,49974107,40101276
2022-09-02,296,2882,49974403,40104158
2022-09-03,199,1686,49974602,40105844
2022-09-04,23,147,49974625,40105991
2022-09-05,186,2646,49974811,40108637
2022-09-06,302,2984,49975113,40111621
2022-09-07,541,2912,49975654,40114533
2022-09-08,289,2951,49975943,40117484
2022-09-09,301,2854,49976244,40120338
2022-09-10,227,1325,49976471,40121663
2022-09-11,21,123,49976492,40121786
2022-09-12,267,2248,49976759,40124034
2022-09-13,250,2267,49977009,40126301
2022-09-14,263,2555,49977272,40128856
2022-09-15,279,2484,49977551,40131340
2022-09-16,253,2532,49977804,40133872
2022-09-17,239,1339,49978043,40135211
2022-09-18,20,170,49978063,40135381
2022-09-19,205,1965,49978268,40137346
2022-09-20,236,2373,49978504,40139719
2022-09-21,289,2513,49978793,40142232
2022-09-22,260,2637,49979053,40144869
2022-09-23,256,2517,49979309,40147386
2022-09-24,193,1426,49979502,40148812
2022-09-25,28,133,49979530,40148945
2022-09-26,281,2239,49979811,40151184
2022-09-27,282,2638,49980093,40153822
2022-09-28,309,2875,49980402,40156697
2022-09-29,251,3029,49980653,40159726
2022-09-30,289,2965,49980942,40162691
2022-10-01,193,1505,49981135,40164196
2022-10-02,11,187,49981146,40164383
2022-10-03,180,2454,49981326,40166837
2022-10-04,233,2823,49981559,40169660
2022-10-05,224,3194,49981783,40172854
2022-10-06,240,3775,49982023,40176629
2022-10-07,282,4107,49982305,40180736
2022-10-08,198,2209,49982503,40182945
2022-10-09,8,287,49982511,40183232
2022-10-10,205,3306,49982716,40186538
2022-10-11,191,4263,49982907,40190801
2022-10-12,207,4365,49983114,40195166
2022-10-13,193,5219,49983307,40200385
2022-10-14,224,4941,49983531,40205326
2022-10-15,185,2583,49983716,40207909
2022-10-16,6,348,49983722,40208257
2022-10-17,185,3779,49983907,40212036
2022-10-18,253,4843,49984160,40216879
2022-10-19,231,5257,49984391,40222136
2022-10-20,212,5634,49984603,40227770
2022-10-21,218,5003,49984821,40232773
2022-10-22,192,2233,49985013,40235006