data_somministrazione,vaccinazioni,booster,cum_vaccinazioni,cum_booster
2020-12-27,20,0,20,0
2020-12-28,2,0,22,0
2020-12-29,1,0,23,0
2020-12-30,8,0,31,0
2020-12-31,72,0,103,0
2021-01-01,23,0,126,0
2021-01-02,127,0,253,0
2021-01-03,91,0,344,0
2021-01-04,217,0,561,0
2021-01-05,255,0,816,0
2021-01-06,225,0,1041,0
2021-01-07,306,0,1347,0
2021-01-08,351,0,1698,0
2021-01-09,264,0,1962,0
2021-01-10,158,0,2120,0
2021-01-11,287,0,2407,0
2021-01-12,275,0,2682,0
2021-01-13,403,0,3085,0
2021-01-14,488,0,3573,0
2021-01-15,305,0,3878,0
2021-01-16,214,0,4092,0
2021-01-17,3060,0,7152,0
2021-01-18,5215,0,12367,0
2021-01-19,1893,0,14260,0
2021-01-20,4657,0,18917,0
2021-01-21,20005,0,38922,0
2021-01-22,14220,0,53142,0
2021-01-23,33328,0,86470,0
2021-01-24,30783,0,117253,0
2021-01-25,64722,0,181975,0
2021-01-26,76491,0,258466,0
2021-01-27,64825,0,323291,0
2021-01-28,89270,0,412561,0
2021-01-29,94018,0,506579,0
2021-01-30,86556,0,593135,0
2021-01-31,57330,0,650465,0
2021-02-01,81853,0,732318,0
2021-02-02,82141,0,814459,0
2021-02-03,91112,0,905571,0
2021-02-04,95394,0,1000965,0
2021-02-05,90272,0,1091237,0
2021-02-06,63449,0,1154686,0
2021-02-07,32932,0,1187618,0
2021-02-08,40423,0,1228041,0
2021-02-09,32869,0,1260910,0
2021-02-10,28427,0,1289337,0
2021-02-11,20403,0,1309740,0
2021-02-12,16237,0,1325977,0
2021-02-13,7272,0,1333249,0
2021-02-14,2862,0,1336111,0
2021-02-15,6842,0,1342953,0
2021-02-16,7001,0,1349954,0
2021-02-17,10525,0,1360479,0
2021-02-18,9252,0,1369731,0
2021-02-19,8250,0,1377981,0
2021-02-20,5565,0,1383546,0
2021-02-21,3002,0,1386548,0
2021-02-22,6884,0,1393432,0
2021-02-23,7176,0,1400608,0
2021-02-24,9808,0,1410416,0
2021-02-25,14211,0,1424627,0
2021-02-26,17554,0,1442181,0
2021-02-27,13914,0,1456095,0
2021-02-28,9388,0,1465483,0
2021-03-01,26519,0,1492002,0
2021-03-02,33244,0,1525246,0
2021-03-03,44648,0,1569894,0
2021-03-04,50292,0,1620186,0
2021-03-05,55734,0,1675920,0
2021-03-06,41871,0,1717791,0
2021-03-07,22322,0,1740113,0
2021-03-08,50823,0,1790936,0
2021-03-09,53075,0,1844011,0
2021-03-10,58654,0,1902665,0
2021-03-11,63869,0,1966534,0
2021-03-12,65111,0,2031645,0
2021-03-13,51723,0,2083368,0
2021-03-14,35402,0,2118770,0
2021-03-15,73446,0,2192216,0
2021-03-16,74026,0,2266242,0
2021-03-17,83129,0,2349371,0
2021-03-18,81627,0,2430998,0
2021-03-19,81083,0,2512081,0
2021-03-20,64725,0,2576806,0
2021-03-21,47302,0,2624108,0
2021-03-22,69485,0,2693593,0
2021-03-23,75801,0,2769394,0
2021-03-24,90916,0,2860310,0
2021-03-25,89807,0,2950117,0
2021-03-26,83626,0,3033743,0
2021-03-27,71946,0,3105689,0
2021-03-28,44148,0,3149837,0
2021-03-29,70829,0,3220666,0
2021-03-30,81389,0,3302055,0
2021-03-31,96241,0,3398296,0
2021-04-01,95311,0,3493607,0
2021-04-02,84074,0,3577681,0
2021-04-03,64305,0,3641986,0
2021-04-04,21718,0,3663704,0
2021-04-05,40315,0,3704019,0
2021-04-06,81321,0,3785340,0
2021-04-07,95834,0,3881174,0
2021-04-08,95243,0,3976417,0
2021-04-09,88493,0,4064910,0
2021-04-10,74032,0,4138942,0
2021-04-11,44766,0,4183708,0
2021-04-12,66918,0,4250626,0
2021-04-13,72580,0,4323206,0
2021-04-14,85545,0,4408751,0
2021-04-15,105417,0,4514168,0
2021-04-16,106419,0,4620587,0
2021-04-17,90518,0,4711105,0
2021-04-18,58593,0,4769698,0
2021-04-19,93430,0,4863128,0
2021-04-20,103769,0,4966897,0
2021-04-21,125341,0,5092238,0
2021-04-22,143519,0,5235757,0
2021-04-23,138746,0,5374503,0
2021-04-24,124445,0,5498948,0
2021-04-25,61458,0,5560406,0
2021-04-26,97893,0,5658299,0
2021-04-27,128361,0,5786660,0
2021-04-28,156372,0,5943032,0
2021-04-29,195596,0,6138628,0
2021-04-30,214585,0,6353213,0
2021-05-01,174121,0,6527334,0
2021-05-02,135802,0,6663136,0
2021-05-03,142045,0,6805181,0
2021-05-04,158696,0,6963877,0
2021-05-05,170505,0,7134382,0
2021-05-06,197810,0,7332192,0
2021-05-07,213852,0,7546044,0
2021-05-08,213416,0,7759460,0
2021-05-09,143204,0,7902664,0
2021-05-10,165081,0,8067745,0
2021-05-11,174989,0,8242734,0
2021-05-12,179188,0,8421922,0
2021-05-13,203394,0,8625316,0
2021-05-14,222923,0,8848239,0
2021-05-15,210375,0,9058614,0
2021-05-16,159279,0,9217893,0
2021-05-17,219203,0,9437096,0
2021-05-18,213023,0,9650119,0
2021-05-19,207089,0,9857208,0
2021-05-20,270868,0,10128076,0
2021-05-21,270893,0,10398969,0
2021-05-22,245528,0,10644497,0
2021-05-23,197184,0,10841681,0
2021-05-24,228311,0,11069992,0
2021-05-25,245696,0,11315688,0
2021-05-26,277506,0,11593194,0
2021-05-27,311088,0,11904282,0
2021-05-28,299573,0,12203855,0
2021-05-29,231226,0,12435081,0
2021-05-30,170841,0,12605922,0
2021-05-31,216428,0,12822350,0
2021-06-01,207636,0,13029986,0
2021-06-02,115803,0,13145789,0
2021-06-03,180154,0,13325943,0
2021-06-04,184889,0,13510832,0
2021-06-05,185967,0,13696799,0
2021-06-06,139555,0,13836354,0
2021-06-07,161881,0,13998235,0
2021-06-08,171232,0,14169467,0
2021-06-09,171492,0,14340959,0
2021-06-10,174114,0,14515073,0
2021-06-11,169995,0,14685068,0
2021-06-12,128335,0,14813403,0
2021-06-13,91194,0,14904597,0
2021-06-14,214690,0,15119287,0
2021-06-15,228429,0,15347716,0
2021-06-16,253085,0,15600801,0
2021-06-17,301739,0,15902540,0
2021-06-18,306302,0,16208842,0
2021-06-19,275092,0,16483934,0
2021-06-20,220796,0,16704730,0
2021-06-21,288074,0,16992804,0
2021-06-22,296228,0,17289032,0
2021-06-23,302694,0,17591726,0
2021-06-24,332615,0,17924341,0
2021-06-25,348713,0,18273054,0
2021-06-26,300127,0,18573181,0
2021-06-27,228674,0,18801855,0
2021-06-28,307102,0,19108957,0
2021-06-29,329300,0,19438257,0
2021-06-30,342171,0,19780428,0
2021-07-01,363224,0,20143652,0
2021-07-02,368484,0,20512136,0
2021-07-03,371096,0,20883232,0
2021-07-04,283218,0,21166450,0
2021-07-05,384545,0,21550995,0
2021-07-06,385479,0,21936474,0
2021-07-07,412114,0,22348588,0
2021-07-08,479601,0,22828189,0
2021-07-09,498483,0,23326672,0
2021-07-10,475180,0,23801852,0
2021-07-11,357700,0,24159552,0
2021-07-12,485898,0,24645450,0
2021-07-13,492115,0,25137565,0
2021-07-14,480459,0,25618024,0
2021-07-15,523450,0,26141474,0
2021-07-16,509761,0,26651235,0
2021-07-17,464339,0,27115574,0
2021-07-18,364650,0,27480224,0
2021-07-19,463052,0,27943276,0
2021-07-20,458060,0,28401336,0
2021-07-21,462799,0,28864135,0
2021-07-22,475390,0,29339525,0
2021-07-23,441324,0,29780849,0
2021-07-24,386160,0,30167009,0
2021-07-25,287554,0,30454563,0
2021-07-26,430886,0,30885449,0
2021-07-27,440131,0,31325580,0
2021-07-28,391011,0,31716591,0
2021-07-29,372078,0,32088669,0
2021-07-30,341514,0,32430183,0
2021-07-31,287037,0,32717220,0
2021-08-01,191004,0,32908224,0
2021-08-02,333704,0,33241928,0
2021-08-03,323193,0,33565121,0
2021-08-04,310976,0,33876097,0
2021-08-05,292499,0,34168596,0
2021-08-06,260014,0,34428610,0
2021-08-07,199054,0,34627664,0
2021-08-08,153107,0,34780771,0
2021-08-09,234078,0,35014849,0
2021-08-10,205256,0,35220105,0
2021-08-11,193779,0,35413884,0
2021-08-12,168038,0,35581922,0
2021-08-13,148640,0,35730562,0
2021-08-14,66094,0,35796656,0
2021-08-15,26338,0,35822994,0
2021-08-16,114704,0,35937698,0
2021-08-17,129252,0,36066950,0
2021-08-18,128752,0,36195702,0
2021-08-19,124825,0,36320527,0
2021-08-20,123789,0,36444316,0
2021-08-21,83127,0,36527443,0
2021-08-22,68170,0,36595613,0
2021-08-23,176873,0,36772486,0
2021-08-24,156898,0,36929384,0
2021-08-25,177171,0,37106555,0
2021-08-26,172367,0,37278922,0
2021-08-27,185837,0,37464759,0
2021-08-28,140280,0,37605039,0
2021-08-29,98992,0,37704031,0
2021-08-30,209600,0,37913631,0
2021-08-31,194643,0,38108274,0
2021-09-01,192207,0,38300481,0
2021-09-02,189929,0,38490410,0
2021-09-03,191294,0,38681704,0
2021-09-04,131463,0,38813167,0
2021-09-05,87854,0,38901021,0
2021-09-06,193626,0,39094647,0
2021-09-07,196035,0,39290682,0
2021-09-08,187882,0,39478564,0
2021-09-09,201447,0,39680011,0
2021-09-10,198078,0,39878089,0
2021-09-11,141293,0,40019382,0
2021-09-12,89600,0,40108982,0
2021-09-13,191123,609,40300105,609
2021-09-14,177229,618,40477334,1227
2021-09-15,163096,621,40640430,1848
2021-09-16,160073,965,40800503,2813
2021-09-17,150171,1142,40950674,3955
2021-09-18,127982,757,41078656,4712
2021-09-19,81138,502,41159794,5214
2021-09-20,180073,9106,41339867,14320
2021-09-21,166654,8847,41506521,23167
2021-09-22,159096,9448,41665617,32615
2021-09-23,138083,9342,41803700,41957
2021-09-24,140548,8983,41944248,50940
2021-09-25,119560,5655,42063808,56595
2021-09-26,71974,4351,42135782,60946
2021-09-27,135663,10064,42271445,71010
2021-09-28,117510,11409,42388955,82419
2021-09-29,112355,11840,42501310,94259
2021-09-30,110264,14965,42611574,109224
2021-10-01,94992,19122,42706566,128346
2021-10-02,78509,14031,42785075,142377
2021-10-03,47749,7665,42832824,150042
2021-10-04,88382,34466,42921206,184508
2021-10-05,80372,33997,43001578,218505
2021-10-06,71995,34187,43073573,252692
2021-10-07,71867,34361,43145440,287053
2021-10-08,80632,33606,43226072,320659
2021-10-09,76109,22183,43302181,342842
2021-10-10,45780,13623,43347961,356465
2021-10-11,87441,41121,43435402,397586
2021-10-12,84506,46921,43519908,444507
2021-10-13,88203,52138,43608111,496645
2021-10-14,91550,58537,43699661,555182
2021-10-15,93594,55653,43793255,610835
2021-10-16,82968,36806,43876223,647641
2021-10-17,51462,23845,43927685,671486
2021-10-18,90303,59501,44017988,730987
2021-10-19,78348,69394,44096336,800381
2021-10-20,75070,78193,44171406,878574
2021-10-21,78299,81778,44249705,960352
2021-10-22,73782,77058,44323487,1037410
2021-10-23,60831,51966,44384318,1089376
2021-10-24,33373,23470,44417691,1112846
2021-10-25,64911,81642,44482602,1194488
2021-10-26,58375,91817,44540977,1286305
2021-10-27,58329,104012,44599306,1390317
2021-10-28,61455,114137,44660761,1504454
2021-10-29,61639,103159,44722400,1607613
2021-10-30,50674,68132,44773074,1675745
2021-10-31,25161,28303,44798235,1704048
2021-11-01,19048,28156,44817283,1732204
2021-11-02,62743,89417,44880026,1821621
2021-11-03,60728,118677,44940754,1940298
2021-11-04,59245,126682,44999999,2066980
2021-11-05,63094,135205,45063093,2202185
2021-11-06,46482,90933,45109575,2293118
2021-11-07,22252,37900,45131827,2331018
2021-11-08,51530,131282,45183357,2462300
2021-11-09,45399,144222,45228756,2606522
2021-11-10,42590,156360,45271346,2762882
2021-11-11,44933,155152,45316279,2918034
2021-11-12,46318,158652,45362597,3076686
2021-11-13,33263,116664,45395860,3193350
2021-11-14,14492,52456,45410352,3245806
2021-11-15,36909,157439,45447261,3403245
2021-11-16,30562,171394,45477823,3574639
2021-11-17,28468,178446,45506291,3753085
2021-11-18,30288,193741,45536579,3946826
2021-11-19,28812,205870,45565391,4152696
2021-11-20,21003,156454,45586394,4309150
2021-11-21,10612,64863,45597006,4374013
2021-11-22,21947,213159,45618953,4587172
2021-11-23,23589,241760,45642542,4828932
2021-11-24,27797,271022,45670339,5099954
2021-11-25,23243,301930,45693582,5401884
2021-11-26,24590,318285,45718172,5720169
2021-11-27,21390,266162,45739562,5986331
2021-11-28,9904,137060,45749466,6123391
2021-11-29,22348,326072,45771814,6449463
2021-11-30,23105,365846,45794919,6815309
2021-12-01,21530,413510,45816449,7228819
2021-12-02,23774,440424,45840223,7669243
2021-12-03,25269,467496,45865492,8136739
2021-12-04,22381,418782,45887873,8555521
2021-12-05,11937,261356,45899810,8816877
2021-12-06,25831,457614,45925641,9274491
2021-12-07,24151,480280,45949792,9754771
2021-12-08,10020,249710,45959812,10004481
2021-12-09,31604,491948,45991416,10496429
2021-12-10,28082,517910,46019498,11014339
2021-12-11,23578,459260,46043076,11473599
2021-12-12,12311,293516,46055387,11767115
2021-12-13,26166,467641,46081553,12234756
2021-12-14,25186,494220,46106739,12728976
2021-12-15,25354,517168,46132093,13246144
2021-12-16,27900,520279,46159993,13766423
2021-12-17,29375,517196,46189368,14283619
2021-12-18,27079,468754,46216447,14752373
2021-12-19,15160,300536,46231607,15052909
2021-12-20,30645,477498,46262252,15530407
2021-12-21,30405,493405,46292657,16023812
2021-12-22,29464,484728,46322121,16508540
2021-12-23,28265,426926,46350386,16935466
2021-12-24,13118,210836,46363504,17146302
2021-12-25,2103,33053,46365607,17179355
2021-12-26,8769,159074,46374376,17338429
2021-12-27,46818,504674,46421194,17843103
2021-12-28,42480,554230,46463674,18397333
2021-12-29,34371,550660,46498045,18947993
2021-12-30,31861,499844,46529906,19447837
2021-12-31,14130,247399,46544036,19695236
2022-01-01,3499,64815,46547535,19760051
2022-01-02,22797,276723,46570332,20036774
2022-01-03,47891,520023,46618223,20556797
2022-01-04,46415,572096,46664638,21128893
2022-01-05,40788,560402,46705426,21689295
2022-01-06,23505,274490,46728931,21963785
2022-01-07,63738,554200,46792669,22517985
2022-01-08,60904,503404,46853573,23021389
2022-01-09,42896,319687,46896469,23341076
2022-01-10,61123,542295,46957592,23883371
2022-01-11,61774,586997,47019366,24470368
2022-01-12,58489,581281,47077855,25051649
2022-01-13,58644,580395,47136499,25632044
2022-01-14,46851,588578,47183350,26220622
2022-01-15,39465,569948,47222815,26790570
2022-01-16,31262,341868,47254077,27132438
2022-01-17,54803,489666,47308880,27622104
2022-01-18,58426,517022,47367306,28139126
2022-01-19,57226,502796,47424532,28641922
2022-01-20,54364,498828,47478896,29140750
2022-01-21,42116,493879,47521012,29634629
2022-01-22,31231,469598,47552243,30104227
2022-01-23,34951,275375,47587194,30379602
2022-01-24,56194,437230,47643388,30816832
2022-01-25,61569,452115,47704957,31268947
2022-01-26,58564,435835,47763521,31704782
2022-01-27,48849,432380,47812370,32137162
2022-01-28,58713,436544,47871083,32573706
2022-01-29,68152,412499,47939235,32986205
2022-01-30,50392,235967,47989627,33222172
2022-01-31,60647,356938,48050274,33579110
2022-02-01,65571,328448,48115845,33907558
2022-02-02,63215,296977,48179060,34204535
2022-02-03,60064,274520,48239124,34479055
2022-02-04,72387,268458,48311511,34747513
2022-02-05,83787,248534,48395298,34996047
2022-02-06,55299,116204,48450597,35112251
2022-02-07,65159,199940,48515756,35312191
2022-02-08,66932,186115,48582688,35498306
2022-02-09,58765,166333,48641453,35664639
2022-02-10,58584,163240,48700037,35827879
2022-02-11,62253,162466,48762290,35990345
2022-02-12,71985,152143,48834275,36142488
2022-02-13,41475,68852,48875750,36211340
2022-02-14,46695,116186,48922445,36327526
2022-02-15,48541,123479,48970986,36451005
2022-02-16,45677,106122,49016663,36557127
2022-02-17,42863,98110,49059526,36655237
2022-02-18,46625,112573,49106151,36767810
2022-02-19,52538,100334,49158689,36868144
2022-02-20,31409,40364,49190098,36908508
2022-02-21,37887,89651,49227985,36998159
2022-02-22,37220,83775,49265205,37081934
2022-02-23,33395,79408,49298600,37161342
2022-02-24,32553,78161,49331153,37239503
2022-02-25,34759,90710,49365912,37330213
2022-02-26,39158,89134,49405070,37419347
2022-02-27,22545,35856,49427615,37455203
2022-02-28,28481,81690,49456096,37536893
2022-03-01,22722,53940,49478818,37590833
2022-03-02,21950,50680,49500768,37641513
2022-03-03,22619,54947,49523387,37696460
2022-03-04,23232,62798,49546619,37759258
2022-03-05,23797,57951,49570416,37817209
2022-03-06,9471,17201,49579887,37834410
2022-03-07,15916,51387,49595803,37885797
2022-03-08,15477,48796,49611280,37934593
2022-03-09,13811,46518,49625091,37981111
2022-03-10,14048,52119,49639139,38033230
2022-03-11,15583,57263,49654722,38090493
2022-03-12,15503,56618,49670225,38147111
2022-03-13,5544,16850,49675769,38163961
2022-03-14,10525,46699,49686294,38210660
2022-03-15,10546,46893,49696840,38257553
2022-03-16,9480,41973,49706320,38299526
2022-03-17,9716,44872,49716036,38344398
2022-03-18,10158,49056,49726194,38393454
2022-03-19,9149,46534,49735343,38439988
2022-03-20,2609,11702,49737952,38451690
2022-03-21,7579,40224,49745531,38491914
2022-03-22,8448,37758,49753979,38529672
2022-03-23,7213,33700,49761192,38563372
2022-03-24,8257,38803,49769449,38602175
2022-03-25,8135,43667,49777584,38645842
2022-03-26,8124,41721,49785708,38687563
2022-03-27,2430,9681,49788138,38697244
2022-03-28,6108,35238,49794246,38732482
2022-03-29,5776,32527,49800022,38765009
2022-03-30,5566,30202,49805588,38795211
2022-03-31,5893,33181,49811481,38828392
2022-04-01,4347,25188,49815828,38853580
2022-04-02,4493,23273,49820321,38876853
2022-04-03,1049,4500,49821370,38881353
2022-04-04,3656,21538,49825026,38902891
2022-04-05,3756,22931,49828782,38925822
2022-04-06,4102,21853,49832884,38947675
2022-04-07,3965,23320,49836849,38970995
2022-04-08,4692,26712,49841541,38997707
2022-04-09,4382,23885,49845923,39021592
2022-04-10,891,4614,49846814,39026206
2022-04-11,3815,22685,49850629,39048891
2022-04-12,3362,21777,49853991,39070668
2022-04-13,3565,21333,49857556,39092001
2022-04-14,3486,23786,49861042,39115787
2022-04-15,3084,20617,49864126,39136404
2022-04-16,2149,11918,49866275,39148322
2022-04-17,63,348,49866338,39148670
2022-04-18,151,650,49866489,39149320
2022-04-19,3499,21979,49869988,39171299
2022-04-20,3510,20250,49873498,39191549
2022-04-21,2847,19785,49876345,39211334
2022-04-22,2927,20702,49879272,39232036
2022-04-23,2643,16218,49881915,39248254
2022-04-24,509,2334,49882424,39250588
2022-04-25,183,1165,49882607,39251753
2022-04-26,2759,17803,49885366,39269556
2022-04-27,2374,15791,49887740,39285347
2022-04-28,2357,15558,49890097,39300905
2022-04-29,2293,14841,49892390,39315746
2022-04-30,2123,11580,49894513,39327326
2022-05-01,113,531,49894626,39327857
2022-05-02,1450,9391,49896076,39337248
2022-05-03,1576,10318,49897652,39347566
2022-05-04,1746,10264,49899398,39357830
2022-05-05,1653,10284,49901051,39368114
2022-05-06,1700,10955,49902751,39379069
2022-05-07,1431,8565,49904182,39387634
2022-05-08,416,1519,49904598,39389153
2022-05-09,1027,8927,49905625,39398080
2022-05-10,1422,9544,49907047,39407624
2022-05-11,1483,10097,49908530,39417721
2022-05-12,1370,10131,49909900,39427852
2022-05-13,1594,10517,49911494,39438369
2022-05-14,1357,8234,49912851,39446603
2022-05-15,336,1131,49913187,39447734
2022-05-16,813,8405,49914000,39456139
2022-05-17,1243,8696,49915243,39464835
2022-05-18,1373,9230,49916616,39474065
2022-05-19,1500,9275,49918116,39483340
2022-05-20,1421,9514,49919537,39492854
2022-05-21,1300,7899,49920837,39500753
2022-05-22,231,1013,49921068,39501766
2022-05-23,830,8267,49921898,39510033
2022-05-24,1073,8672,49922971,39518705
2022-05-25,1369,9459,49924340,39528164
2022-05-26,1195,9470,49925535,39537634
2022-05-27,1232,9912,49926767,39547546
2022-05-28,1205,7884,49927972,39555430
2022-05-29,286,1266,49928258,39556696
2022-05-30,931,8053,49929189,39564749
2022-05-31,1035,8544,49930224,39573293
2022-06-01,891,7655,49931115,39580948
2022-06-02,35,474,49931150,39581422
2022-06-03,818,7331,49931968,39588753
2022-06-04,870,5162,49932838,39593915
2022-06-05,89,586,49932927,39594501
2022-06-06,678,6991,49933605,39601492
2022-06-07,951,7847,49934556,39609339
2022-06-08,982,7908,49935538,39617247
2022-06-09,1037,8412,49936575,39625659
2022-06-10,958,8564,49937533,39634223
2022-06-11,903,6206,49938436,39640429
2022-06-12,140,768,49938576,39641197
2022-06-13,602,6301,49939178,39647498
2022-06-14,827,7896,49940005,39655394
2022-06-15,955,7850,49940960,39663244
2022-06-16,730,7392,49941690,39670636
2022-06-17,722,7243,49942412,39677879
2022-06-18,777,5593,49943189,39683472
2022-06-19,47,522,49943236,39683994
2022-06-20,587,6698,49943823,39690692
2022-06-21,736,7664,49944559,39698356
2022-06-22,780,7308,49945339,39705664
2022-06-23,651,7465,49945990,39713129
2022-06-24,643,7474,49946633,39720603
2022-06-25,835,6534,49947468,39727137
2022-06-26,128,523,49947596,39727660
2022-06-27,532,7123,49948128,39734783
2022-06-28,745,8206,49948873,39742989
2022-06-29,756,7727,49949629,39750716
2022-06-30,746,8143,49950375,39758859
2022-07-01,577,6443,49950952,39765302
2022-07-02,536,4769,49951488,39770071
2022-07-03,49,456,49951537,39770527
2022-07-04,469,6277,49952006,39776804
2022-07-05,628,8117,49952634,39784921
2022-07-06,633,7610,49953267,39792531
2022-07-07,571,8269,49953838,39800800
2022-07-08,671,8080,49954509,39808880
2022-07-09,550,6104,49955059,39814984
2022-07-10,58,533,49955117,39815517
2022-07-11,487,7641,49955604,39823158
2022-07-12,667,9027,49956271,39832185
2022-07-13,641,10067,49956912,39842252
2022-07-14,636,10224,49957548,39852476
2022-07-15,625,10666,49958173,39863142
2022-07-16,522,7214,49958695,39870356
2022-07-17,48,770,49958743,39871126
2022-07-18,497,9368,49959240,39880494
2022-07-19,573,10683,49959813,39891177
2022-07-20,579,11272,49960392,39902449
2022-07-21,627,12085,49961019,39914534
2022-07-22,583,11256,49961602,39925790
2022-07-23,379,6771,49961981,39932561
2022-07-24,76,857,49962057,39933418
2022-07-25,503,9052,49962560,39942470
2022-07-26,519,9758,49963079,39952228
2022-07-27,550,10200,49963629,39962428
2022-07-28,530,10528,49964159,39972956
2022-07-29,510,9465,49964669,39982421
2022-07-30,382,5882,49965051,39988303
2022-07-31,49,764,49965100,39989067
2022-08-01,386,6864,49965486,39995931
2022-08-02,539,7583,49966025,40003514
2022-08-03,513,7174,49966538,40010688
2022-08-04,454,7489,49966992,40018177
2022-08-05,420,6521,49967412,40024698
2022-08-06,298,3611,49967710,40028309
2022-08-07,44,562,49967754,40028871
2022-08-08,401,4893,49968155,40033764
2022-08-09,382,5307,49968537,40039071
2022-08-10,381,4815,49968918,40043886
2022-08-11,366,4777,49969284,40048663
2022-08-12,292,3721,49969576,40052384
2022-08-13,143,1600,49969719,40053984
2022-08-14,9,129,49969728,40054113
2022-08-15,1,26,49969729,40054139
2022-08-16,283,3043,49970012,40057182
2022-08-17,352,3536,49970364,40060718
2022-08-18,390,4159,49970754,40064877
2022-08-19,341,3318,49971095,40068195
2022-08-20,183,1714,49971278,40069909
2022-08-21,24,149,49971302,40070058
2022-08-22,329,2950,49971631,40073008
2022-08-23,370,3672,49972001,40076680
2022-08-24,383,3359,49972384,40080039
2022-08-25,421,3773,49972805,40083812
2022-08-26,396,3571,49973201,40087383
2022-08-27,236,1769,49973437,40089152
2022-08-28,29,267,49973466,40089419
2022-08-29,354,3161,49973820,40092580
2022-08-30,403,3669,49974223,40096249
2022-08-31,436,3734,49974659,40099983
2022-09-01,352,3118,49975011,40103101
2022-09-02,296,2890,49975307,40105991
2022-09-03,199,1688,49975506,40107679
2022-09-04,23,149,49975529,40107828
2022-09-05,186,2653,49975715,40110481
2022-09-06,303,2988,49976018,40113469
2022-09-07,540,2935,49976558,40116404
2022-09-08,289,2956,49976847,40119360
2022-09-09,304,2885,49977151,40122245
2022-09-10,227,1326,49977378,40123571
2022-09-11,21,124,49977399,40123695
2022-09-12,267,2262,49977666,40125957
2022-09-13,251,2274,49977917,40128231
2022-09-14,263,2563,49978180,40130794
2022-09-15,280,2491,49978460,40133285
2022-09-16,253,2540,49978713,40135825
2022-09-17,239,1339,49978952,40137164
2022-09-18,20,170,49978972,40137334
2022-09-19,205,1969,49979177,40139303
2022-09-20,236,2383,49979413,40141686
2022-09-21,289,2525,49979702,40144211
2022-09-22,260,2645,49979962,40146856
2022-09-23,256,2528,49980218,40149384
2022-09-24,193,1427,49980411,40150811
2022-09-25,28,133,49980439,40150944
2022-09-26,281,2247,49980720,40153191
2022-09-27,286,2668,49981006,40155859
2022-09-28,309,2885,49981315,40158744
2022-09-29,252,3040,49981567,40161784
2022-09-30,289,2970,49981856,40164754
2022-10-01,193,1509,49982049,40166263
2022-10-02,11,187,49982060,40166450
2022-10-03,181,2469,49982241,40168919
2022-10-04,234,2854,49982475,40171773
2022-10-05,223,3214,49982698,40174987
2022-10-06,241,3828,49982939,40178815
2022-10-07,281,4155,49983220,40182970
2022-10-08,199,2233,49983419,40185203
2022-10-09,8,304,49983427,40185507
2022-10-10,206,3336,49983633,40188843
2022-10-11,191,4334,49983824,40193177
2022-10-12,206,4405,49984030,40197582
2022-10-13,196,5273,49984226,40202855
2022-10-14,228,4988,49984454,40207843
2022-10-15,185,2608,49984639,40210451
2022-10-16,6,357,49984645,40210808
2022-10-17,185,3841,49984830,40214649
2022-10-18,255,4941,49985085,40219590
2022-10-19,235,5405,49985320,40224995
2022-10-20,219,5895,49985539,40230890
2022-10-21,245,5340,49985784,40236230
2022-10-22,194,2851,49985978,40239081
2022-10-23,13,355,49985991,40239436
2022-10-24,166,3798,49986157,40243234
2022-10-25,241,4722,49986398,40247956
2022-10-26,239,5078,49986637,40253034
2022-10-27,117,2452,49986754,40255486