data_somministrazione,vaccinazioni,booster,cum_vaccinazioni,cum_booster
2020-12-27,20,0,20,0
2020-12-28,2,0,22,0
2020-12-29,1,0,23,0
2020-12-30,9,0,32,0
2020-12-31,73,0,105,0
2021-01-01,23,0,128,0
2021-01-02,131,0,259,0
2021-01-03,94,0,353,0
2021-01-04,222,0,575,0
2021-01-05,259,0,834,0
2021-01-06,228,0,1062,0
2021-01-07,308,0,1370,0
2021-01-08,357,0,1727,0
2021-01-09,268,0,1995,0
2021-01-10,162,0,2157,0
2021-01-11,290,0,2447,0
2021-01-12,275,0,2722,0
2021-01-13,404,0,3126,0
2021-01-14,489,0,3615,0
2021-01-15,308,0,3923,0
2021-01-16,215,0,4138,0
2021-01-17,3060,0,7198,0
2021-01-18,5215,0,12413,0
2021-01-19,1893,0,14306,0
2021-01-20,4656,0,18962,0
2021-01-21,20005,0,38967,0
2021-01-22,14220,0,53187,0
2021-01-23,33329,0,86516,0
2021-01-24,30781,0,117297,0
2021-01-25,64719,0,182016,0
2021-01-26,76485,0,258501,0
2021-01-27,64823,0,323324,0
2021-01-28,89269,0,412593,0
2021-01-29,94015,0,506608,0
2021-01-30,86548,0,593156,0
2021-01-31,57327,0,650483,0
2021-02-01,81852,0,732335,0
2021-02-02,82139,0,814474,0
2021-02-03,91113,0,905587,0
2021-02-04,95394,0,1000981,0
2021-02-05,90270,0,1091251,0
2021-02-06,63448,0,1154699,0
2021-02-07,32933,0,1187632,0
2021-02-08,40426,0,1228058,0
2021-02-09,32871,0,1260929,0
2021-02-10,28429,0,1289358,0
2021-02-11,20403,0,1309761,0
2021-02-12,16240,0,1326001,0
2021-02-13,7274,0,1333275,0
2021-02-14,2862,0,1336137,0
2021-02-15,6844,0,1342981,0
2021-02-16,7002,0,1349983,0
2021-02-17,10525,0,1360508,0
2021-02-18,9252,0,1369760,0
2021-02-19,8251,0,1378011,0
2021-02-20,5570,0,1383581,0
2021-02-21,3005,0,1386586,0
2021-02-22,6885,0,1393471,0
2021-02-23,7179,0,1400650,0
2021-02-24,9808,0,1410458,0
2021-02-25,14211,0,1424669,0
2021-02-26,17556,0,1442225,0
2021-02-27,13915,0,1456140,0
2021-02-28,9389,0,1465529,0
2021-03-01,26517,0,1492046,0
2021-03-02,33245,0,1525291,0
2021-03-03,44647,0,1569938,0
2021-03-04,50292,0,1620230,0
2021-03-05,55733,0,1675963,0
2021-03-06,41871,0,1717834,0
2021-03-07,22323,0,1740157,0
2021-03-08,50827,0,1790984,0
2021-03-09,53077,0,1844061,0
2021-03-10,58658,0,1902719,0
2021-03-11,63871,0,1966590,0
2021-03-12,65114,0,2031704,0
2021-03-13,51726,0,2083430,0
2021-03-14,35405,0,2118835,0
2021-03-15,73447,0,2192282,0
2021-03-16,74026,0,2266308,0
2021-03-17,83133,0,2349441,0
2021-03-18,81629,0,2431070,0
2021-03-19,81083,0,2512153,0
2021-03-20,64726,0,2576879,0
2021-03-21,47306,0,2624185,0
2021-03-22,69490,0,2693675,0
2021-03-23,75807,0,2769482,0
2021-03-24,90916,0,2860398,0
2021-03-25,89814,0,2950212,0
2021-03-26,83634,0,3033846,0
2021-03-27,71945,0,3105791,0
2021-03-28,44152,0,3149943,0
2021-03-29,70833,0,3220776,0
2021-03-30,81393,0,3302169,0
2021-03-31,96246,0,3398415,0
2021-04-01,95313,0,3493728,0
2021-04-02,84075,0,3577803,0
2021-04-03,64306,0,3642109,0
2021-04-04,21718,0,3663827,0
2021-04-05,40317,0,3704144,0
2021-04-06,81324,0,3785468,0
2021-04-07,95834,0,3881302,0
2021-04-08,95245,0,3976547,0
2021-04-09,88494,0,4065041,0
2021-04-10,74032,0,4139073,0
2021-04-11,44766,0,4183839,0
2021-04-12,66917,0,4250756,0
2021-04-13,72582,0,4323338,0
2021-04-14,85547,0,4408885,0
2021-04-15,105414,0,4514299,0
2021-04-16,106421,0,4620720,0
2021-04-17,90521,0,4711241,0
2021-04-18,58595,0,4769836,0
2021-04-19,93432,0,4863268,0
2021-04-20,103772,0,4967040,0
2021-04-21,125345,0,5092385,0
2021-04-22,143521,0,5235906,0
2021-04-23,138746,0,5374652,0
2021-04-24,124447,0,5499099,0
2021-04-25,61457,0,5560556,0
2021-04-26,97895,0,5658451,0
2021-04-27,128363,0,5786814,0
2021-04-28,156378,0,5943192,0
2021-04-29,195600,0,6138792,0
2021-04-30,214591,0,6353383,0
2021-05-01,174125,0,6527508,0
2021-05-02,135806,0,6663314,0
2021-05-03,142048,0,6805362,0
2021-05-04,158695,0,6964057,0
2021-05-05,170513,0,7134570,0
2021-05-06,197811,0,7332381,0
2021-05-07,213851,0,7546232,0
2021-05-08,213424,0,7759656,0
2021-05-09,143207,0,7902863,0
2021-05-10,165088,0,8067951,0
2021-05-11,174997,0,8242948,0
2021-05-12,179191,0,8422139,0
2021-05-13,203398,0,8625537,0
2021-05-14,222927,0,8848464,0
2021-05-15,210374,0,9058838,0
2021-05-16,159280,0,9218118,0
2021-05-17,219206,0,9437324,0
2021-05-18,213024,0,9650348,0
2021-05-19,207094,0,9857442,0
2021-05-20,270874,0,10128316,0
2021-05-21,270905,0,10399221,0
2021-05-22,245531,0,10644752,0
2021-05-23,197184,0,10841936,0
2021-05-24,228310,0,11070246,0
2021-05-25,245699,0,11315945,0
2021-05-26,277510,0,11593455,0
2021-05-27,311092,0,11904547,0
2021-05-28,299578,0,12204125,0
2021-05-29,231235,0,12435360,0
2021-05-30,170843,0,12606203,0
2021-05-31,216430,0,12822633,0
2021-06-01,207640,0,13030273,0
2021-06-02,115806,0,13146079,0
2021-06-03,180162,0,13326241,0
2021-06-04,184893,0,13511134,0
2021-06-05,185972,0,13697106,0
2021-06-06,139559,0,13836665,0
2021-06-07,161883,0,13998548,0
2021-06-08,171248,0,14169796,0
2021-06-09,171499,0,14341295,0
2021-06-10,174120,0,14515415,0
2021-06-11,169996,0,14685411,0
2021-06-12,128342,0,14813753,0
2021-06-13,91205,0,14904958,0
2021-06-14,214693,0,15119651,0
2021-06-15,228433,0,15348084,0
2021-06-16,253089,0,15601173,0
2021-06-17,301747,0,15902920,0
2021-06-18,306312,0,16209232,0
2021-06-19,275104,0,16484336,0
2021-06-20,220801,0,16705137,0
2021-06-21,288080,0,16993217,0
2021-06-22,296232,0,17289449,0
2021-06-23,302695,0,17592144,0
2021-06-24,332612,0,17924756,0
2021-06-25,348717,0,18273473,0
2021-06-26,300133,0,18573606,0
2021-06-27,228678,0,18802284,0
2021-06-28,307116,0,19109400,0
2021-06-29,329314,0,19438714,0
2021-06-30,342180,0,19780894,0
2021-07-01,363230,0,20144124,0
2021-07-02,368488,0,20512612,0
2021-07-03,371099,0,20883711,0
2021-07-04,283223,0,21166934,0
2021-07-05,384551,0,21551485,0
2021-07-06,385483,0,21936968,0
2021-07-07,412121,0,22349089,0
2021-07-08,479599,0,22828688,0
2021-07-09,498486,0,23327174,0
2021-07-10,475178,0,23802352,0
2021-07-11,357701,0,24160053,0
2021-07-12,485897,0,24645950,0
2021-07-13,492102,0,25138052,0
2021-07-14,480456,0,25618508,0
2021-07-15,523447,0,26141955,0
2021-07-16,509767,0,26651722,0
2021-07-17,464337,0,27116059,0
2021-07-18,364647,0,27480706,0
2021-07-19,463053,0,27943759,0
2021-07-20,458060,0,28401819,0
2021-07-21,462796,0,28864615,0
2021-07-22,475392,0,29340007,0
2021-07-23,441330,0,29781337,0
2021-07-24,386158,0,30167495,0
2021-07-25,287560,0,30455055,0
2021-07-26,430890,0,30885945,0
2021-07-27,440130,0,31326075,0
2021-07-28,391020,0,31717095,0
2021-07-29,372083,0,32089178,0
2021-07-30,341519,0,32430697,0
2021-07-31,287033,0,32717730,0
2021-08-01,190999,0,32908729,0
2021-08-02,333704,0,33242433,0
2021-08-03,323196,0,33565629,0
2021-08-04,310982,0,33876611,0
2021-08-05,292494,0,34169105,0
2021-08-06,260019,0,34429124,0
2021-08-07,199052,0,34628176,0
2021-08-08,153109,0,34781285,0
2021-08-09,234079,0,35015364,0
2021-08-10,205259,0,35220623,0
2021-08-11,193781,0,35414404,0
2021-08-12,168040,0,35582444,0
2021-08-13,148643,0,35731087,0
2021-08-14,66096,0,35797183,0
2021-08-15,26339,0,35823522,0
2021-08-16,114706,0,35938228,0
2021-08-17,129255,0,36067483,0
2021-08-18,128755,0,36196238,0
2021-08-19,124832,0,36321070,0
2021-08-20,123792,0,36444862,0
2021-08-21,83132,0,36527994,0
2021-08-22,68172,0,36596166,0
2021-08-23,176870,0,36773036,0
2021-08-24,156892,0,36929928,0
2021-08-25,177169,0,37107097,0
2021-08-26,172364,0,37279461,0
2021-08-27,185833,0,37465294,0
2021-08-28,140285,0,37605579,0
2021-08-29,98991,0,37704570,0
2021-08-30,209597,0,37914167,0
2021-08-31,194646,0,38108813,0
2021-09-01,192205,0,38301018,0
2021-09-02,189931,0,38490949,0
2021-09-03,191294,0,38682243,0
2021-09-04,131460,0,38813703,0
2021-09-05,87854,0,38901557,0
2021-09-06,193623,0,39095180,0
2021-09-07,196032,0,39291212,0
2021-09-08,187878,0,39479090,0
2021-09-09,201440,0,39680530,0
2021-09-10,198072,0,39878602,0
2021-09-11,141296,0,40019898,0
2021-09-12,89594,0,40109492,0
2021-09-13,191122,612,40300614,612
2021-09-14,177226,623,40477840,1235
2021-09-15,163095,626,40640935,1861
2021-09-16,160068,970,40801003,2831
2021-09-17,150172,1145,40951175,3976
2021-09-18,127981,761,41079156,4737
2021-09-19,81140,502,41160296,5239
2021-09-20,180069,9111,41340365,14350
2021-09-21,166661,8847,41507026,23197
2021-09-22,159099,9452,41666125,32649
2021-09-23,138085,9345,41804210,41994
2021-09-24,140549,8988,41944759,50982
2021-09-25,119564,5657,42064323,56639
2021-09-26,71980,4353,42136303,60992
2021-09-27,135665,10068,42271968,71060
2021-09-28,117508,11413,42389476,82473
2021-09-29,112357,11844,42501833,94317
2021-09-30,110268,14971,42612101,109288
2021-10-01,94993,19124,42707094,128412
2021-10-02,78513,14033,42785607,142445
2021-10-03,47751,7665,42833358,150110
2021-10-04,88386,34468,42921744,184578
2021-10-05,80379,34003,43002123,218581
2021-10-06,71996,34192,43074119,252773
2021-10-07,71872,34363,43145991,287136
2021-10-08,80630,33612,43226621,320748
2021-10-09,76106,22187,43302727,342935
2021-10-10,45782,13625,43348509,356560
2021-10-11,87443,41123,43435952,397683
2021-10-12,84508,46923,43520460,444606
2021-10-13,88210,52140,43608670,496746
2021-10-14,91547,58543,43700217,555289
2021-10-15,93594,55658,43793811,610947
2021-10-16,82971,36811,43876782,647758
2021-10-17,51460,23849,43928242,671607
2021-10-18,90303,59504,44018545,731111
2021-10-19,78348,69396,44096893,800507
2021-10-20,75069,78196,44171962,878703
2021-10-21,78304,81783,44250266,960486
2021-10-22,73781,77060,44324047,1037546
2021-10-23,60831,51967,44384878,1089513
2021-10-24,33371,23473,44418249,1112986
2021-10-25,64906,81647,44483155,1194633
2021-10-26,58374,91821,44541529,1286454
2021-10-27,58329,104015,44599858,1390469
2021-10-28,61453,114141,44661311,1504610
2021-10-29,61638,103163,44722949,1607773
2021-10-30,50677,68133,44773626,1675906
2021-10-31,25162,28304,44798788,1704210
2021-11-01,19048,28157,44817836,1732367
2021-11-02,62743,89422,44880579,1821789
2021-11-03,60727,118682,44941306,1940471
2021-11-04,59245,126686,45000551,2067157
2021-11-05,63094,135211,45063645,2202368
2021-11-06,46483,90935,45110128,2293303
2021-11-07,22253,37900,45132381,2331203
2021-11-08,51529,131291,45183910,2462494
2021-11-09,45401,144225,45229311,2606719
2021-11-10,42589,156364,45271900,2763083
2021-11-11,44931,155156,45316831,2918239
2021-11-12,46318,158659,45363149,3076898
2021-11-13,33266,116666,45396415,3193564
2021-11-14,14492,52456,45410907,3246020
2021-11-15,36909,157440,45447816,3403460
2021-11-16,30560,171399,45478376,3574859
2021-11-17,28468,178452,45506844,3753311
2021-11-18,30289,193746,45537133,3947057
2021-11-19,28812,205875,45565945,4152932
2021-11-20,21004,156456,45586949,4309388
2021-11-21,10611,64866,45597560,4374254
2021-11-22,21948,213159,45619508,4587413
2021-11-23,23590,241767,45643098,4829180
2021-11-24,27795,271034,45670893,5100214
2021-11-25,23248,301930,45694141,5402144
2021-11-26,24588,318289,45718729,5720433
2021-11-27,21396,266166,45740125,5986599
2021-11-28,9903,137065,45750028,6123664
2021-11-29,22353,326074,45772381,6449738
2021-11-30,23109,365854,45795490,6815592
2021-12-01,21534,413513,45817024,7229105
2021-12-02,23774,440431,45840798,7669536
2021-12-03,25268,467504,45866066,8137040
2021-12-04,22383,418787,45888449,8555827
2021-12-05,11939,261358,45900388,8817185
2021-12-06,25834,457621,45926222,9274806
2021-12-07,24153,480291,45950375,9755097
2021-12-08,10021,249715,45960396,10004812
2021-12-09,31610,491951,45992006,10496763
2021-12-10,28084,517916,46020090,11014679
2021-12-11,23580,459267,46043670,11473946
2021-12-12,12313,293521,46055983,11767467
2021-12-13,26169,467644,46082152,12235111
2021-12-14,25192,494226,46107344,12729337
2021-12-15,25358,517182,46132702,13246519
2021-12-16,27909,520286,46160611,13766805
2021-12-17,29379,517201,46189990,14284006
2021-12-18,27081,468763,46217071,14752769
2021-12-19,15161,300539,46232232,15053308
2021-12-20,30654,477498,46262886,15530806
2021-12-21,30405,493416,46293291,16024222
2021-12-22,29471,484736,46322762,16508958
2021-12-23,28270,426931,46351032,16935889
2021-12-24,13121,210836,46364153,17146725
2021-12-25,2103,33053,46366256,17179778
2021-12-26,8769,159074,46375025,17338852
2021-12-27,46822,504681,46421847,17843533
2021-12-28,42489,554234,46464336,18397767
2021-12-29,34382,550663,46498718,18948430
2021-12-30,31867,499850,46530585,19448280
2021-12-31,14134,247404,46544719,19695684
2022-01-01,3499,64815,46548218,19760499
2022-01-02,22804,276721,46571022,20037220
2022-01-03,47901,520029,46618923,20557249
2022-01-04,46424,572099,46665347,21129348
2022-01-05,40797,560408,46706144,21689756
2022-01-06,23514,274491,46729658,21964247
2022-01-07,63753,554208,46793411,22518455
2022-01-08,60923,503406,46854334,23021861
2022-01-09,42913,319695,46897247,23341556
2022-01-10,61134,542315,46958381,23883871
2022-01-11,61783,587016,47020164,24470887
2022-01-12,58505,581299,47078669,25052186
2022-01-13,58667,580417,47137336,25632603
2022-01-14,46872,588599,47184208,26221202
2022-01-15,39480,569968,47223688,26791170
2022-01-16,31272,341884,47254960,27133054
2022-01-17,54820,489676,47309780,27622730
2022-01-18,58436,517041,47368216,28139771
2022-01-19,57241,502810,47425457,28642581
2022-01-20,54379,498840,47479836,29141421
2022-01-21,42138,493886,47521974,29635307
2022-01-22,31242,469609,47553216,30104916
2022-01-23,34955,275385,47588171,30380301
2022-01-24,56199,437236,47644370,30817537
2022-01-25,61577,452119,47705947,31269656
2022-01-26,58564,435838,47764511,31705494
2022-01-27,48864,432387,47813375,32137881
2022-01-28,58729,436551,47872104,32574432
2022-01-29,68157,412502,47940261,32986934
2022-01-30,50397,235977,47990658,33222911
2022-01-31,60661,356939,48051319,33579850
2022-02-01,65577,328457,48116896,33908307
2022-02-02,63223,296981,48180119,34205288
2022-02-03,60072,274522,48240191,34479810
2022-02-04,72392,268466,48312583,34748276
2022-02-05,83797,248540,48396380,34996816
2022-02-06,55300,116207,48451680,35113023
2022-02-07,65163,199941,48516843,35312964
2022-02-08,66935,186118,48583778,35499082
2022-02-09,58768,166335,48642546,35665417
2022-02-10,58589,163239,48701135,35828656
2022-02-11,62259,162466,48763394,35991122
2022-02-12,71990,152147,48835384,36143269
2022-02-13,41474,68853,48876858,36212122
2022-02-14,46699,116187,48923557,36328309
2022-02-15,48544,123479,48972101,36451788
2022-02-16,45680,106122,49017781,36557910
2022-02-17,42868,98113,49060649,36656023
2022-02-18,46626,112579,49107275,36768602
2022-02-19,52541,100335,49159816,36868937
2022-02-20,31410,40366,49191226,36909303
2022-02-21,37890,89654,49229116,36998957
2022-02-22,37224,83777,49266340,37082734
2022-02-23,33397,79409,49299737,37162143
2022-02-24,32556,78160,49332293,37240303
2022-02-25,34764,90710,49367057,37331013
2022-02-26,39158,89135,49406215,37420148
2022-02-27,22545,35856,49428760,37456004
2022-02-28,28481,81690,49457241,37537694
2022-03-01,22721,53942,49479962,37591636
2022-03-02,21954,50683,49501916,37642319
2022-03-03,22621,54947,49524537,37697266
2022-03-04,23235,62799,49547772,37760065
2022-03-05,23799,57950,49571571,37818015
2022-03-06,9471,17201,49581042,37835216
2022-03-07,15918,51389,49596960,37886605
2022-03-08,15477,48796,49612437,37935401
2022-03-09,13812,46519,49626249,37981920
2022-03-10,14050,52119,49640299,38034039
2022-03-11,15584,57265,49655883,38091304
2022-03-12,15506,56619,49671389,38147923
2022-03-13,5544,16850,49676933,38164773
2022-03-14,10525,46699,49687458,38211472
2022-03-15,10548,46894,49698006,38258366
2022-03-16,9482,41973,49707488,38300339
2022-03-17,9717,44874,49717205,38345213
2022-03-18,10158,49057,49727363,38394270
2022-03-19,9150,46533,49736513,38440803
2022-03-20,2609,11702,49739122,38452505
2022-03-21,7579,40223,49746701,38492728
2022-03-22,8448,37758,49755149,38530486
2022-03-23,7214,33700,49762363,38564186
2022-03-24,8258,38804,49770621,38602990
2022-03-25,8139,43667,49778760,38646657
2022-03-26,8126,41721,49786886,38688378
2022-03-27,2430,9682,49789316,38698060
2022-03-28,6109,35238,49795425,38733298
2022-03-29,5777,32528,49801202,38765826
2022-03-30,5566,30201,49806768,38796027
2022-03-31,5897,33179,49812665,38829206
2022-04-01,4348,25189,49817013,38854395
2022-04-02,4495,23273,49821508,38877668
2022-04-03,1049,4500,49822557,38882168
2022-04-04,3657,21544,49826214,38903712
2022-04-05,3756,22931,49829970,38926643
2022-04-06,4103,21853,49834073,38948496
2022-04-07,3965,23320,49838038,38971816
2022-04-08,4692,26712,49842730,38998528
2022-04-09,4383,23885,49847113,39022413
2022-04-10,892,4613,49848005,39027026
2022-04-11,3816,22686,49851821,39049712
2022-04-12,3364,21777,49855185,39071489
2022-04-13,3567,21335,49858752,39092824
2022-04-14,3486,23786,49862238,39116610
2022-04-15,3084,20617,49865322,39137227
2022-04-16,2149,11918,49867471,39149145
2022-04-17,63,348,49867534,39149493
2022-04-18,152,650,49867686,39150143
2022-04-19,3499,21979,49871185,39172122
2022-04-20,3511,20251,49874696,39192373
2022-04-21,2847,19787,49877543,39212160
2022-04-22,2927,20703,49880470,39232863
2022-04-23,2644,16219,49883114,39249082
2022-04-24,509,2334,49883623,39251416
2022-04-25,183,1165,49883806,39252581
2022-04-26,2759,17806,49886565,39270387
2022-04-27,2374,15793,49888939,39286180
2022-04-28,2359,15559,49891298,39301739
2022-04-29,2294,14844,49893592,39316583
2022-04-30,2125,11580,49895717,39328163
2022-05-01,113,531,49895830,39328694
2022-05-02,1450,9391,49897280,39338085
2022-05-03,1576,10318,49898856,39348403
2022-05-04,1745,10268,49900601,39358671
2022-05-05,1653,10285,49902254,39368956
2022-05-06,1702,10956,49903956,39379912
2022-05-07,1431,8567,49905387,39388479
2022-05-08,416,1519,49905803,39389998
2022-05-09,1027,8928,49906830,39398926
2022-05-10,1424,9546,49908254,39408472
2022-05-11,1483,10097,49909737,39418569
2022-05-12,1369,10130,49911106,39428699
2022-05-13,1594,10517,49912700,39439216
2022-05-14,1357,8235,49914057,39447451
2022-05-15,336,1131,49914393,39448582
2022-05-16,813,8405,49915206,39456987
2022-05-17,1243,8696,49916449,39465683
2022-05-18,1372,9234,49917821,39474917
2022-05-19,1500,9278,49919321,39484195
2022-05-20,1421,9514,49920742,39493709
2022-05-21,1301,7899,49922043,39501608
2022-05-22,231,1013,49922274,39502621
2022-05-23,830,8267,49923104,39510888
2022-05-24,1073,8672,49924177,39519560
2022-05-25,1369,9458,49925546,39529018
2022-05-26,1195,9475,49926741,39538493
2022-05-27,1232,9912,49927973,39548405
2022-05-28,1205,7885,49929178,39556290
2022-05-29,286,1266,49929464,39557556
2022-05-30,931,8055,49930395,39565611
2022-05-31,1036,8546,49931431,39574157
2022-06-01,891,7655,49932322,39581812
2022-06-02,35,474,49932357,39582286
2022-06-03,818,7333,49933175,39589619
2022-06-04,870,5161,49934045,39594780
2022-06-05,89,586,49934134,39595366
2022-06-06,678,6992,49934812,39602358
2022-06-07,952,7848,49935764,39610206
2022-06-08,982,7908,49936746,39618114
2022-06-09,1037,8414,49937783,39626528
2022-06-10,958,8564,49938741,39635092
2022-06-11,903,6207,49939644,39641299
2022-06-12,140,768,49939784,39642067
2022-06-13,602,6301,49940386,39648368
2022-06-14,828,7896,49941214,39656264
2022-06-15,955,7852,49942169,39664116
2022-06-16,730,7392,49942899,39671508
2022-06-17,723,7243,49943622,39678751
2022-06-18,777,5593,49944399,39684344
2022-06-19,47,522,49944446,39684866
2022-06-20,587,6699,49945033,39691565
2022-06-21,736,7665,49945769,39699230
2022-06-22,781,7308,49946550,39706538
2022-06-23,651,7467,49947201,39714005
2022-06-24,644,7474,49947845,39721479
2022-06-25,835,6534,49948680,39728013
2022-06-26,128,523,49948808,39728536
2022-06-27,532,7123,49949340,39735659
2022-06-28,745,8206,49950085,39743865
2022-06-29,756,7729,49950841,39751594
2022-06-30,746,8143,49951587,39759737
2022-07-01,577,6443,49952164,39766180
2022-07-02,536,4769,49952700,39770949
2022-07-03,49,456,49952749,39771405
2022-07-04,469,6277,49953218,39777682
2022-07-05,629,8118,49953847,39785800
2022-07-06,633,7610,49954480,39793410
2022-07-07,571,8270,49955051,39801680
2022-07-08,673,8083,49955724,39809763
2022-07-09,550,6104,49956274,39815867
2022-07-10,58,533,49956332,39816400
2022-07-11,487,7638,49956819,39824038
2022-07-12,667,9028,49957486,39833066
2022-07-13,641,10067,49958127,39843133
2022-07-14,635,10224,49958762,39853357
2022-07-15,625,10667,49959387,39864024
2022-07-16,522,7214,49959909,39871238
2022-07-17,48,770,49959957,39872008
2022-07-18,497,9368,49960454,39881376
2022-07-19,574,10682,49961028,39892058
2022-07-20,580,11272,49961608,39903330
2022-07-21,627,12085,49962235,39915415
2022-07-22,583,11258,49962818,39926673
2022-07-23,380,6772,49963198,39933445
2022-07-24,76,857,49963274,39934302
2022-07-25,503,9052,49963777,39943354
2022-07-26,519,9758,49964296,39953112
2022-07-27,551,10200,49964847,39963312
2022-07-28,530,10530,49965377,39973842
2022-07-29,510,9464,49965887,39983306
2022-07-30,381,5881,49966268,39989187
2022-07-31,49,764,49966317,39989951
2022-08-01,386,6864,49966703,39996815
2022-08-02,539,7584,49967242,40004399
2022-08-03,513,7174,49967755,40011573
2022-08-04,455,7488,49968210,40019061
2022-08-05,420,6520,49968630,40025581
2022-08-06,298,3612,49968928,40029193
2022-08-07,44,562,49968972,40029755
2022-08-08,402,4893,49969374,40034648
2022-08-09,382,5307,49969756,40039955
2022-08-10,381,4814,49970137,40044769
2022-08-11,366,4778,49970503,40049547
2022-08-12,292,3721,49970795,40053268
2022-08-13,143,1600,49970938,40054868
2022-08-14,9,129,49970947,40054997
2022-08-15,1,26,49970948,40055023
2022-08-16,283,3043,49971231,40058066
2022-08-17,352,3536,49971583,40061602
2022-08-18,390,4160,49971973,40065762
2022-08-19,340,3318,49972313,40069080
2022-08-20,183,1715,49972496,40070795
2022-08-21,24,149,49972520,40070944
2022-08-22,329,2950,49972849,40073894
2022-08-23,370,3672,49973219,40077566
2022-08-24,383,3359,49973602,40080925
2022-08-25,421,3772,49974023,40084697
2022-08-26,397,3571,49974420,40088268
2022-08-27,237,1769,49974657,40090037
2022-08-28,29,267,49974686,40090304
2022-08-29,354,3161,49975040,40093465
2022-08-30,403,3670,49975443,40097135
2022-08-31,437,3734,49975880,40100869
2022-09-01,352,3117,49976232,40103986
2022-09-02,296,2890,49976528,40106876
2022-09-03,199,1688,49976727,40108564
2022-09-04,23,149,49976750,40108713
2022-09-05,186,2655,49976936,40111368
2022-09-06,303,2988,49977239,40114356
2022-09-07,540,2935,49977779,40117291
2022-09-08,291,2960,49978070,40120251
2022-09-09,304,2884,49978374,40123135
2022-09-10,227,1326,49978601,40124461
2022-09-11,21,124,49978622,40124585
2022-09-12,267,2263,49978889,40126848
2022-09-13,252,2274,49979141,40129122
2022-09-14,264,2564,49979405,40131686
2022-09-15,280,2491,49979685,40134177
2022-09-16,253,2544,49979938,40136721
2022-09-17,239,1339,49980177,40138060
2022-09-18,20,170,49980197,40138230
2022-09-19,205,1969,49980402,40140199
2022-09-20,236,2384,49980638,40142583
2022-09-21,289,2526,49980927,40145109
2022-09-22,263,2647,49981190,40147756
2022-09-23,257,2533,49981447,40150289
2022-09-24,193,1427,49981640,40151716
2022-09-25,28,133,49981668,40151849
2022-09-26,280,2247,49981948,40154096
2022-09-27,286,2671,49982234,40156767
2022-09-28,308,2888,49982542,40159655
2022-09-29,256,3045,49982798,40162700
2022-09-30,290,2972,49983088,40165672
2022-10-01,193,1513,49983281,40167185
2022-10-02,11,187,49983292,40167372
2022-10-03,182,2471,49983474,40169843
2022-10-04,235,2857,49983709,40172700
2022-10-05,226,3217,49983935,40175917
2022-10-06,241,3838,49984176,40179755
2022-10-07,282,4158,49984458,40183913
2022-10-08,201,2235,49984659,40186148
2022-10-09,8,304,49984667,40186452
2022-10-10,206,3336,49984873,40189788
2022-10-11,191,4345,49985064,40194133
2022-10-12,208,4413,49985272,40198546
2022-10-13,200,5289,49985472,40203835
2022-10-14,229,5016,49985701,40208851
2022-10-15,187,2665,49985888,40211516
2022-10-16,6,360,49985894,40211876
2022-10-17,186,3858,49986080,40215734
2022-10-18,255,4946,49986335,40220680
2022-10-19,236,5435,49986571,40226115
2022-10-20,221,5963,49986792,40232078
2022-10-21,250,5418,49987042,40237496
2022-10-22,194,2904,49987236,40240400
2022-10-23,13,356,49987249,40240756
2022-10-24,170,3895,49987419,40244651
2022-10-25,248,4876,49987667,40249527
2022-10-26,308,5389,49987975,40254916
2022-10-27,236,5566,49988211,40260482
2022-10-28,198,5081,49988409,40265563
2022-10-29,126,2553,49988535,40268116
2022-10-30,3,281,49988538,40268397
2022-10-31,113,2995,49988651,40271392
2022-11-01,10,326,49988661,40271718
2022-11-02,140,3534,49988801,40275252
2022-11-03,163,4561,49988964,40279813
2022-11-04,207,4256,49989171,40284069
2022-11-05,139,1813,49989310,40285882