data_somministrazione,vaccinazioni,booster,cum_vaccinazioni,cum_booster
2020-12-27,16,0,16,0
2020-12-28,2,0,18,0
2020-12-29,1,0,19,0
2020-12-30,3,0,22,0
2020-12-31,34,0,56,0
2021-01-01,12,0,68,0
2021-01-02,53,0,121,0
2021-01-03,46,0,167,0
2021-01-04,124,0,291,0
2021-01-05,165,0,456,0
2021-01-06,135,0,591,0
2021-01-07,203,0,794,0
2021-01-08,247,0,1041,0
2021-01-09,174,0,1215,0
2021-01-10,110,0,1325,0
2021-01-11,200,0,1525,0
2021-01-12,207,0,1732,0
2021-01-13,314,0,2046,0
2021-01-14,414,0,2460,0
2021-01-15,252,0,2712,0
2021-01-16,168,0,2880,0
2021-01-17,3050,0,5930,0
2021-01-18,5186,0,11116,0
2021-01-19,1876,0,12992,0
2021-01-20,4650,0,17642,0
2021-01-21,20006,0,37648,0
2021-01-22,14203,0,51851,0
2021-01-23,33356,0,85207,0
2021-01-24,30793,0,116000,0
2021-01-25,64774,0,180774,0
2021-01-26,76548,0,257322,0
2021-01-27,64875,0,322197,0
2021-01-28,89340,0,411537,0
2021-01-29,94072,0,505609,0
2021-01-30,86615,0,592224,0
2021-01-31,57349,0,649573,0
2021-02-01,81904,0,731477,0
2021-02-02,82169,0,813646,0
2021-02-03,91216,0,904862,0
2021-02-04,95377,0,1000239,0
2021-02-05,90295,0,1090534,0
2021-02-06,63729,0,1154263,0
2021-02-07,32919,0,1187182,0
2021-02-08,40410,0,1227592,0
2021-02-09,32844,0,1260436,0
2021-02-10,28387,0,1288823,0
2021-02-11,20356,0,1309179,0
2021-02-12,16181,0,1325360,0
2021-02-13,7217,0,1332577,0
2021-02-14,2856,0,1335433,0
2021-02-15,6823,0,1342256,0
2021-02-16,6974,0,1349230,0
2021-02-17,10493,0,1359723,0
2021-02-18,9216,0,1368939,0
2021-02-19,8169,0,1377108,0
2021-02-20,5474,0,1382582,0
2021-02-21,2948,0,1385530,0
2021-02-22,6837,0,1392367,0
2021-02-23,7104,0,1399471,0
2021-02-24,9791,0,1409262,0
2021-02-25,14171,0,1423433,0
2021-02-26,17491,0,1440924,0
2021-02-27,13856,0,1454780,0
2021-02-28,9345,0,1464125,0
2021-03-01,26441,0,1490566,0
2021-03-02,33172,0,1523738,0
2021-03-03,44595,0,1568333,0
2021-03-04,50206,0,1618539,0
2021-03-05,55628,0,1674167,0
2021-03-06,41841,0,1716008,0
2021-03-07,22290,0,1738298,0
2021-03-08,50526,0,1788824,0
2021-03-09,52910,0,1841734,0
2021-03-10,58525,0,1900259,0
2021-03-11,63744,0,1964003,0
2021-03-12,65014,0,2029017,0
2021-03-13,51649,0,2080666,0
2021-03-14,35345,0,2116011,0
2021-03-15,73364,0,2189375,0
2021-03-16,73986,0,2263361,0
2021-03-17,83001,0,2346362,0
2021-03-18,81584,0,2427946,0
2021-03-19,81019,0,2508965,0
2021-03-20,64639,0,2573604,0
2021-03-21,47246,0,2620850,0
2021-03-22,69403,0,2690253,0
2021-03-23,75693,0,2765946,0
2021-03-24,90777,0,2856723,0
2021-03-25,89702,0,2946425,0
2021-03-26,83489,0,3029914,0
2021-03-27,71816,0,3101730,0
2021-03-28,44035,0,3145765,0
2021-03-29,70688,0,3216453,0
2021-03-30,81243,0,3297696,0
2021-03-31,96086,0,3393782,0
2021-04-01,95196,0,3488978,0
2021-04-02,83977,0,3572955,0
2021-04-03,64246,0,3637201,0
2021-04-04,21689,0,3658890,0
2021-04-05,40257,0,3699147,0
2021-04-06,81219,0,3780366,0
2021-04-07,95718,0,3876084,0
2021-04-08,95147,0,3971231,0
2021-04-09,88383,0,4059614,0
2021-04-10,73942,0,4133556,0
2021-04-11,44699,0,4178255,0
2021-04-12,66836,0,4245091,0
2021-04-13,72494,0,4317585,0
2021-04-14,85418,0,4403003,0
2021-04-15,105292,0,4508295,0
2021-04-16,106304,0,4614599,0
2021-04-17,90393,0,4704992,0
2021-04-18,58529,0,4763521,0
2021-04-19,93379,0,4856900,0
2021-04-20,103681,0,4960581,0
2021-04-21,125264,0,5085845,0
2021-04-22,143416,0,5229261,0
2021-04-23,138603,0,5367864,0
2021-04-24,124342,0,5492206,0
2021-04-25,61385,0,5553591,0
2021-04-26,97791,0,5651382,0
2021-04-27,128262,0,5779644,0
2021-04-28,156237,0,5935881,0
2021-04-29,195410,0,6131291,0
2021-04-30,214409,0,6345700,0
2021-05-01,173989,0,6519689,0
2021-05-02,135728,0,6655417,0
2021-05-03,141888,0,6797305,0
2021-05-04,158582,0,6955887,0
2021-05-05,170344,0,7126231,0
2021-05-06,197677,0,7323908,0
2021-05-07,213663,0,7537571,0
2021-05-08,213279,0,7750850,0
2021-05-09,143071,0,7893921,0
2021-05-10,164983,0,8058904,0
2021-05-11,174798,0,8233702,0
2021-05-12,178964,0,8412666,0
2021-05-13,203158,0,8615824,0
2021-05-14,222734,0,8838558,0
2021-05-15,210146,0,9048704,0
2021-05-16,159149,0,9207853,0
2021-05-17,219066,0,9426919,0
2021-05-18,212861,0,9639780,0
2021-05-19,206913,0,9846693,0
2021-05-20,270656,0,10117349,0
2021-05-21,270679,0,10388028,0
2021-05-22,245390,0,10633418,0
2021-05-23,197104,0,10830522,0
2021-05-24,228206,0,11058728,0
2021-05-25,245598,0,11304326,0
2021-05-26,277359,0,11581685,0
2021-05-27,310946,0,11892631,0
2021-05-28,299420,0,12192051,0
2021-05-29,231059,0,12423110,0
2021-05-30,170745,0,12593855,0
2021-05-31,216294,0,12810149,0
2021-06-01,207532,0,13017681,0
2021-06-02,115662,0,13133343,0
2021-06-03,179887,0,13313230,0
2021-06-04,184604,0,13497834,0
2021-06-05,185725,0,13683559,0
2021-06-06,139299,0,13822858,0
2021-06-07,161610,0,13984468,0
2021-06-08,170846,0,14155314,0
2021-06-09,171176,0,14326490,0
2021-06-10,173723,0,14500213,0
2021-06-11,169638,0,14669851,0
2021-06-12,128052,0,14797903,0
2021-06-13,91003,0,14888906,0
2021-06-14,214469,0,15103375,0
2021-06-15,228224,0,15331599,0
2021-06-16,252951,0,15584550,0
2021-06-17,301577,0,15886127,0
2021-06-18,306115,0,16192242,0
2021-06-19,275014,0,16467256,0
2021-06-20,220640,0,16687896,0
2021-06-21,287976,0,16975872,0
2021-06-22,296099,0,17271971,0
2021-06-23,302670,0,17574641,0
2021-06-24,332522,0,17907163,0
2021-06-25,348655,0,18255818,0
2021-06-26,300055,0,18555873,0
2021-06-27,228657,0,18784530,0
2021-06-28,306942,0,19091472,0
2021-06-29,329200,0,19420672,0
2021-06-30,342036,0,19762708,0
2021-07-01,363059,0,20125767,0
2021-07-02,368467,0,20494234,0
2021-07-03,371128,0,20865362,0
2021-07-04,283177,0,21148539,0
2021-07-05,384507,0,21533046,0
2021-07-06,385421,0,21918467,0
2021-07-07,412090,0,22330557,0
2021-07-08,479873,0,22810430,0
2021-07-09,498627,0,23309057,0
2021-07-10,475322,0,23784379,0
2021-07-11,357847,0,24142226,0
2021-07-12,486059,0,24628285,0
2021-07-13,492363,0,25120648,0
2021-07-14,480647,0,25601295,0
2021-07-15,523644,0,26124939,0
2021-07-16,509896,0,26634835,0
2021-07-17,464622,0,27099457,0
2021-07-18,364858,0,27464315,0
2021-07-19,463288,0,27927603,0
2021-07-20,458198,0,28385801,0
2021-07-21,462890,0,28848691,0
2021-07-22,475427,0,29324118,0
2021-07-23,441342,0,29765460,0
2021-07-24,386177,0,30151637,0
2021-07-25,287609,0,30439246,0
2021-07-26,430941,0,30870187,0
2021-07-27,440156,0,31310343,0
2021-07-28,391033,0,31701376,0
2021-07-29,372094,0,32073470,0
2021-07-30,341422,0,32414892,0
2021-07-31,286963,0,32701855,0
2021-08-01,190844,0,32892699,0
2021-08-02,333713,0,33226412,0
2021-08-03,323134,0,33549546,0
2021-08-04,310928,0,33860474,0
2021-08-05,292541,0,34153015,0
2021-08-06,259956,0,34412971,0
2021-08-07,198937,0,34611908,0
2021-08-08,153063,0,34764971,0
2021-08-09,234109,0,34999080,0
2021-08-10,205137,0,35204217,0
2021-08-11,193584,0,35397801,0
2021-08-12,167774,0,35565575,0
2021-08-13,148389,0,35713964,0
2021-08-14,65993,0,35779957,0
2021-08-15,26303,0,35806260,0
2021-08-16,114524,0,35920784,0
2021-08-17,129103,0,36049887,0
2021-08-18,128559,0,36178446,0
2021-08-19,124622,0,36303068,0
2021-08-20,123642,0,36426710,0
2021-08-21,83046,0,36509756,0
2021-08-22,68114,0,36577870,0
2021-08-23,176716,0,36754586,0
2021-08-24,156918,0,36911504,0
2021-08-25,177030,0,37088534,0
2021-08-26,172226,0,37260760,0
2021-08-27,185763,0,37446523,0
2021-08-28,140109,0,37586632,0
2021-08-29,98978,0,37685610,0
2021-08-30,209449,0,37895059,0
2021-08-31,194423,0,38089482,0
2021-09-01,192052,0,38281534,0
2021-09-02,189728,0,38471262,0
2021-09-03,191187,0,38662449,0
2021-09-04,131395,0,38793844,0
2021-09-05,87806,0,38881650,0
2021-09-06,193566,0,39075216,0
2021-09-07,195817,0,39271033,0
2021-09-08,187806,0,39458839,0
2021-09-09,201342,0,39660181,0
2021-09-10,197946,0,39858127,0
2021-09-11,141196,0,39999323,0
2021-09-12,89513,0,40088836,0
2021-09-13,191089,347,40279925,347
2021-09-14,177157,422,40457082,769
2021-09-15,162973,455,40620055,1224
2021-09-16,159932,788,40779987,2012
2021-09-17,149959,1006,40929946,3018
2021-09-18,127755,655,41057701,3673
2021-09-19,81031,442,41138732,4115
2021-09-20,179803,8956,41318535,13071
2021-09-21,166339,8728,41484874,21799
2021-09-22,158770,9366,41643644,31165
2021-09-23,137747,9241,41781391,40406
2021-09-24,140225,8861,41921616,49267
2021-09-25,119325,5561,42040941,54828
2021-09-26,71790,4293,42112731,59121
2021-09-27,135346,9978,42248077,69099
2021-09-28,117206,11313,42365283,80412
2021-09-29,112015,11759,42477298,92171
2021-09-30,109933,14853,42587231,107024
2021-10-01,94709,19032,42681940,126056
2021-10-02,78239,13987,42760179,140043
2021-10-03,47564,7632,42807743,147675
2021-10-04,88122,34360,42895865,182035
2021-10-05,80146,33907,42976011,215942
2021-10-06,71759,34076,43047770,250018
2021-10-07,71529,34288,43119299,284306
2021-10-08,80387,33495,43199686,317801
2021-10-09,75843,22111,43275529,339912
2021-10-10,45637,13591,43321166,353503
2021-10-11,87142,41005,43408308,394508
2021-10-12,84232,46794,43492540,441302
2021-10-13,87901,52003,43580441,493305
2021-10-14,91183,58393,43671624,551698
2021-10-15,93229,55481,43764853,607179
2021-10-16,82664,36713,43847517,643892
2021-10-17,51269,23783,43898786,667675
2021-10-18,90068,59337,43988854,727012
2021-10-19,78118,69290,44066972,796302
2021-10-20,74833,78044,44141805,874346
2021-10-21,78078,81604,44219883,955950
2021-10-22,73657,76897,44293540,1032847
2021-10-23,60634,51889,44354174,1084736
2021-10-24,33315,23400,44387489,1108136
2021-10-25,64779,81520,44452268,1189656
2021-10-26,58246,91628,44510514,1281284
2021-10-27,58158,103833,44568672,1385117
2021-10-28,61300,113901,44629972,1499018
2021-10-29,61575,102950,44691547,1601968
2021-10-30,50552,68008,44742099,1669976
2021-10-31,25120,28237,44767219,1698213
2021-11-01,19014,28119,44786233,1726332
2021-11-02,62693,89214,44848926,1815546
2021-11-03,60627,118498,44909553,1934044
2021-11-04,59121,126460,44968674,2060504
2021-11-05,62976,134982,45031650,2195486
2021-11-06,46360,90769,45078010,2286255
2021-11-07,22203,37836,45100213,2324091
2021-11-08,51377,131115,45151590,2455206
2021-11-09,45317,143933,45196907,2599139
2021-11-10,42472,156029,45239379,2755168
2021-11-11,44814,154963,45284193,2910131
2021-11-12,46226,158378,45330419,3068509
2021-11-13,33125,116474,45363544,3184983
2021-11-14,14437,52395,45377981,3237378
2021-11-15,36785,157182,45414766,3394560
2021-11-16,30438,171174,45445204,3565734
2021-11-17,28322,178262,45473526,3743996
2021-11-18,30108,193471,45503634,3937467
2021-11-19,28656,205566,45532290,4143033
2021-11-20,20878,156115,45553168,4299148
2021-11-21,10539,64701,45563707,4363849
2021-11-22,21807,212929,45585514,4576778
2021-11-23,23431,241451,45608945,4818229
2021-11-24,27661,270629,45636606,5088858
2021-11-25,23044,301567,45659650,5390425
2021-11-26,24393,317929,45684043,5708354
2021-11-27,21211,265834,45705254,5974188
2021-11-28,9825,136833,45715079,6111021
2021-11-29,22114,325678,45737193,6436699
2021-11-30,22867,365389,45760060,6802088
2021-12-01,21272,412975,45781332,7215063
2021-12-02,23530,440178,45804862,7655241
2021-12-03,24967,467178,45829829,8122419
2021-12-04,22131,418568,45851960,8540987
2021-12-05,11751,261235,45863711,8802222
2021-12-06,25472,457361,45889183,9259583
2021-12-07,23819,479988,45913002,9739571
2021-12-08,9848,249562,45922850,9989133
2021-12-09,31205,491719,45954055,10480852
2021-12-10,27728,517576,45981783,10998428
2021-12-11,23267,459040,46005050,11457468
2021-12-12,12111,293350,46017161,11750818
2021-12-13,25824,467394,46042985,12218212
2021-12-14,24828,493935,46067813,12712147
2021-12-15,24976,516898,46092789,13229045
2021-12-16,27413,519960,46120202,13749005
2021-12-17,28944,516805,46149146,14265810
2021-12-18,26619,468475,46175765,14734285
2021-12-19,14880,300350,46190645,15034635
2021-12-20,30196,477215,46220841,15511850
2021-12-21,29992,493084,46250833,16004934
2021-12-22,28982,484418,46279815,16489352
2021-12-23,27766,426680,46307581,16916032
2021-12-24,12939,210725,46320520,17126757
2021-12-25,2081,33038,46322601,17159795
2021-12-26,8626,159011,46331227,17318806
2021-12-27,46208,504418,46377435,17823224
2021-12-28,41712,553881,46419147,18377105
2021-12-29,33448,550300,46452595,18927405
2021-12-30,31025,499542,46483620,19426947
2021-12-31,13532,247300,46497152,19674247
2022-01-01,3397,64779,46500549,19739026
2022-01-02,22070,276642,46522619,20015668
2022-01-03,46438,520749,46569057,20536417
2022-01-04,44802,572745,46613859,21109162
2022-01-05,38837,561035,46652696,21670197
2022-01-06,22310,274338,46675006,21944535
2022-01-07,61279,554789,46736285,22499324
2022-01-08,58178,503157,46794463,23002481
2022-01-09,40597,319562,46835060,23322043
2022-01-10,58710,542713,46893770,23864756
2022-01-11,58803,587449,46952573,24452205
2022-01-12,55251,581620,47007824,25033825
2022-01-13,55519,580810,47063343,25614635
2022-01-14,43430,588611,47106773,26203246
2022-01-15,35033,568433,47141806,26771679
2022-01-16,28283,341116,47170089,27112795
2022-01-17,52280,490067,47222369,27602862
2022-01-18,55930,517926,47278299,28120788
2022-01-19,54848,503210,47333147,28623998
2022-01-20,52127,499124,47385274,29123122
2022-01-21,39802,494124,47425076,29617246
2022-01-22,28325,469180,47453401,30086426
2022-01-23,33335,275112,47486736,30361538
2022-01-24,54626,437656,47541362,30799194
2022-01-25,60132,452518,47601494,31251712
2022-01-26,57016,436184,47658510,31687896
2022-01-27,47311,432584,47705821,32120480
2022-01-28,57046,436888,47762867,32557368
2022-01-29,66232,411741,47829099,32969109
2022-01-30,49071,235545,47878170,33204654
2022-01-31,59061,357352,47937231,33562006
2022-02-01,64258,328789,48001489,33890795
2022-02-02,62013,297128,48063502,34187923
2022-02-03,59078,274706,48122580,34462629
2022-02-04,71307,268442,48193887,34731071
2022-02-05,82376,247890,48276263,34978961
2022-02-06,54542,115906,48330805,35094867
2022-02-07,64324,200129,48395129,35294996
2022-02-08,65970,186141,48461099,35481137
2022-02-09,57897,166210,48518996,35647347
2022-02-10,57637,162742,48576633,35810089
2022-02-11,61303,161690,48637936,35971779
2022-02-12,70845,151103,48708781,36122882
2022-02-13,40896,68293,48749677,36191175
2022-02-14,25060,64110,48774737,36255285