data_somministrazione,vaccinazioni,booster,cum_vaccinazioni,cum_booster
2020-12-27,19,0,19,0
2020-12-28,2,0,21,0
2020-12-29,1,0,22,0
2020-12-30,6,0,28,0
2020-12-31,57,0,85,0
2021-01-01,22,0,107,0
2021-01-02,96,0,203,0
2021-01-03,73,0,276,0
2021-01-04,188,0,464,0
2021-01-05,229,0,693,0
2021-01-06,182,0,875,0
2021-01-07,273,0,1148,0
2021-01-08,319,0,1467,0
2021-01-09,235,0,1702,0
2021-01-10,141,0,1843,0
2021-01-11,259,0,2102,0
2021-01-12,260,0,2362,0
2021-01-13,380,0,2742,0
2021-01-14,466,0,3208,0
2021-01-15,287,0,3495,0
2021-01-16,200,0,3695,0
2021-01-17,3056,0,6751,0
2021-01-18,5206,0,11957,0
2021-01-19,1889,0,13846,0
2021-01-20,4652,0,18498,0
2021-01-21,20005,0,38503,0
2021-01-22,14201,0,52704,0
2021-01-23,33338,0,86042,0
2021-01-24,30792,0,116834,0
2021-01-25,64740,0,181574,0
2021-01-26,76503,0,258077,0
2021-01-27,64851,0,322928,0
2021-01-28,89307,0,412235,0
2021-01-29,94040,0,506275,0
2021-01-30,86580,0,592855,0
2021-01-31,57342,0,650197,0
2021-02-01,81880,0,732077,0
2021-02-02,82149,0,814226,0
2021-02-03,91199,0,905425,0
2021-02-04,95403,0,1000828,0
2021-02-05,90286,0,1091114,0
2021-02-06,63452,0,1154566,0
2021-02-07,32926,0,1187492,0
2021-02-08,40431,0,1227923,0
2021-02-09,32866,0,1260789,0
2021-02-10,28417,0,1289206,0
2021-02-11,20382,0,1309588,0
2021-02-12,16223,0,1325811,0
2021-02-13,7248,0,1333059,0
2021-02-14,2861,0,1335920,0
2021-02-15,6836,0,1342756,0
2021-02-16,6992,0,1349748,0
2021-02-17,10518,0,1360266,0
2021-02-18,9244,0,1369510,0
2021-02-19,8234,0,1377744,0
2021-02-20,5536,0,1383280,0
2021-02-21,2985,0,1386265,0
2021-02-22,6879,0,1393144,0
2021-02-23,7156,0,1400300,0
2021-02-24,9822,0,1410122,0
2021-02-25,14200,0,1424322,0
2021-02-26,17550,0,1441872,0
2021-02-27,13895,0,1455767,0
2021-02-28,9385,0,1465152,0
2021-03-01,26506,0,1491658,0
2021-03-02,33232,0,1524890,0
2021-03-03,44642,0,1569532,0
2021-03-04,50290,0,1619822,0
2021-03-05,55732,0,1675554,0
2021-03-06,41871,0,1717425,0
2021-03-07,22320,0,1739745,0
2021-03-08,50790,0,1790535,0
2021-03-09,53054,0,1843589,0
2021-03-10,58621,0,1902210,0
2021-03-11,63831,0,1966041,0
2021-03-12,65090,0,2031131,0
2021-03-13,51701,0,2082832,0
2021-03-14,35383,0,2118215,0
2021-03-15,73424,0,2191639,0
2021-03-16,74021,0,2265660,0
2021-03-17,83128,0,2348788,0
2021-03-18,81621,0,2430409,0
2021-03-19,81077,0,2511486,0
2021-03-20,64704,0,2576190,0
2021-03-21,47285,0,2623475,0
2021-03-22,69469,0,2692944,0
2021-03-23,75778,0,2768722,0
2021-03-24,90883,0,2859605,0
2021-03-25,89782,0,2949387,0
2021-03-26,83602,0,3032989,0
2021-03-27,71911,0,3104900,0
2021-03-28,44120,0,3149020,0
2021-03-29,70802,0,3219822,0
2021-03-30,81351,0,3301173,0
2021-03-31,96212,0,3397385,0
2021-04-01,95289,0,3492674,0
2021-04-02,84060,0,3576734,0
2021-04-03,64295,0,3641029,0
2021-04-04,21715,0,3662744,0
2021-04-05,40296,0,3703040,0
2021-04-06,81294,0,3784334,0
2021-04-07,95797,0,3880131,0
2021-04-08,95224,0,3975355,0
2021-04-09,88477,0,4063832,0
2021-04-10,74025,0,4137857,0
2021-04-11,44747,0,4182604,0
2021-04-12,66903,0,4249507,0
2021-04-13,72559,0,4322066,0
2021-04-14,85515,0,4407581,0
2021-04-15,105396,0,4512977,0
2021-04-16,106406,0,4619383,0
2021-04-17,90488,0,4709871,0
2021-04-18,58581,0,4768452,0
2021-04-19,93425,0,4861877,0
2021-04-20,103760,0,4965637,0
2021-04-21,125323,0,5090960,0
2021-04-22,143502,0,5234462,0
2021-04-23,138711,0,5373173,0
2021-04-24,124428,0,5497601,0
2021-04-25,61452,0,5559053,0
2021-04-26,97873,0,5656926,0
2021-04-27,128346,0,5785272,0
2021-04-28,156346,0,5941618,0
2021-04-29,195574,0,6137192,0
2021-04-30,214549,0,6351741,0
2021-05-01,174086,0,6525827,0
2021-05-02,135791,0,6661618,0
2021-05-03,141999,0,6803617,0
2021-05-04,158671,0,6962288,0
2021-05-05,170463,0,7132751,0
2021-05-06,197785,0,7330536,0
2021-05-07,213800,0,7544336,0
2021-05-08,213376,0,7757712,0
2021-05-09,143187,0,7900899,0
2021-05-10,165077,0,8065976,0
2021-05-11,174949,0,8240925,0
2021-05-12,179135,0,8420060,0
2021-05-13,203349,0,8623409,0
2021-05-14,222884,0,8846293,0
2021-05-15,210326,0,9056619,0
2021-05-16,159256,0,9215875,0
2021-05-17,219175,0,9435050,0
2021-05-18,212994,0,9648044,0
2021-05-19,207066,0,9855110,0
2021-05-20,270832,0,10125942,0
2021-05-21,270857,0,10396799,0
2021-05-22,245510,0,10642309,0
2021-05-23,197169,0,10839478,0
2021-05-24,228287,0,11067765,0
2021-05-25,245682,0,11313447,0
2021-05-26,277477,0,11590924,0
2021-05-27,311073,0,11901997,0
2021-05-28,299550,0,12201547,0
2021-05-29,231187,0,12432734,0
2021-05-30,170818,0,12603552,0
2021-05-31,216400,0,12819952,0
2021-06-01,207625,0,13027577,0
2021-06-02,115763,0,13143340,0
2021-06-03,180094,0,13323434,0
2021-06-04,184833,0,13508267,0
2021-06-05,185910,0,13694177,0
2021-06-06,139499,0,13833676,0
2021-06-07,161818,0,13995494,0
2021-06-08,171140,0,14166634,0
2021-06-09,171410,0,14338044,0
2021-06-10,174020,0,14512064,0
2021-06-11,169917,0,14681981,0
2021-06-12,128291,0,14810272,0
2021-06-13,91124,0,14901396,0
2021-06-14,214625,0,15116021,0
2021-06-15,228371,0,15344392,0
2021-06-16,253018,0,15597410,0
2021-06-17,301687,0,15899097,0
2021-06-18,306241,0,16205338,0
2021-06-19,275035,0,16480373,0
2021-06-20,220725,0,16701098,0
2021-06-21,288023,0,16989121,0
2021-06-22,296173,0,17285294,0
2021-06-23,302650,0,17587944,0
2021-06-24,332547,0,17920491,0
2021-06-25,348683,0,18269174,0
2021-06-26,300081,0,18569255,0
2021-06-27,228606,0,18797861,0
2021-06-28,307023,0,19104884,0
2021-06-29,329221,0,19434105,0
2021-06-30,342083,0,19776188,0
2021-07-01,363140,0,20139328,0
2021-07-02,368427,0,20507755,0
2021-07-03,371060,0,20878815,0
2021-07-04,283188,0,21162003,0
2021-07-05,384495,0,21546498,0
2021-07-06,385424,0,21931922,0
2021-07-07,412056,0,22343978,0
2021-07-08,479629,0,22823607,0
2021-07-09,498499,0,23322106,0
2021-07-10,475180,0,23797286,0
2021-07-11,357708,0,24154994,0
2021-07-12,485917,0,24640911,0
2021-07-13,492159,0,25133070,0
2021-07-14,480486,0,25613556,0
2021-07-15,523506,0,26137062,0
2021-07-16,509793,0,26646855,0
2021-07-17,464377,0,27111232,0
2021-07-18,364704,0,27475936,0
2021-07-19,463082,0,27939018,0
2021-07-20,458088,0,28397106,0
2021-07-21,462821,0,28859927,0
2021-07-22,475394,0,29335321,0
2021-07-23,441309,0,29776630,0
2021-07-24,386191,0,30162821,0
2021-07-25,287597,0,30450418,0
2021-07-26,430899,0,30881317,0
2021-07-27,440128,0,31321445,0
2021-07-28,391022,0,31712467,0
2021-07-29,372078,0,32084545,0
2021-07-30,341501,0,32426046,0
2021-07-31,287009,0,32713055,0
2021-08-01,191025,0,32904080,0
2021-08-02,333732,0,33237812,0
2021-08-03,323186,0,33560998,0
2021-08-04,310970,0,33871968,0
2021-08-05,292513,0,34164481,0
2021-08-06,259999,0,34424480,0
2021-08-07,199040,0,34623520,0
2021-08-08,153103,0,34776623,0
2021-08-09,234076,0,35010699,0
2021-08-10,205246,0,35215945,0
2021-08-11,193749,0,35409694,0
2021-08-12,167962,0,35577656,0
2021-08-13,148588,0,35726244,0
2021-08-14,66083,0,35792327,0
2021-08-15,26333,0,35818660,0
2021-08-16,114670,0,35933330,0
2021-08-17,129237,0,36062567,0
2021-08-18,128723,0,36191290,0
2021-08-19,124783,0,36316073,0
2021-08-20,123783,0,36439856,0
2021-08-21,83111,0,36522967,0
2021-08-22,68161,0,36591128,0
2021-08-23,176864,0,36767992,0
2021-08-24,156906,0,36924898,0
2021-08-25,177167,0,37102065,0
2021-08-26,172351,0,37274416,0
2021-08-27,185854,0,37460270,0
2021-08-28,140273,0,37600543,0
2021-08-29,99002,0,37699545,0
2021-08-30,209636,0,37909181,0
2021-08-31,194630,0,38103811,0
2021-09-01,192215,0,38296026,0
2021-09-02,189943,0,38485969,0
2021-09-03,191349,0,38677318,0
2021-09-04,131492,0,38808810,0
2021-09-05,87875,0,38896685,0
2021-09-06,193666,0,39090351,0
2021-09-07,196073,0,39286424,0
2021-09-08,187914,0,39474338,0
2021-09-09,201481,0,39675819,0
2021-09-10,198117,0,39873936,0
2021-09-11,141329,0,40015265,0
2021-09-12,89605,0,40104870,0
2021-09-13,191182,531,40296052,531
2021-09-14,177270,565,40473322,1096
2021-09-15,163134,561,40636456,1657
2021-09-16,160106,906,40796562,2563
2021-09-17,150174,1102,40946736,3665
2021-09-18,127974,726,41074710,4391
2021-09-19,81133,485,41155843,4876
2021-09-20,180076,9060,41335919,13936
2021-09-21,166620,8825,41502539,22761
2021-09-22,159077,9422,41661616,32183
2021-09-23,138076,9312,41799692,41495
2021-09-24,140538,8944,41940230,50439
2021-09-25,119541,5627,42059771,56066
2021-09-26,71950,4334,42131721,60400
2021-09-27,135631,10034,42267352,70434
2021-09-28,117481,11376,42384833,81810
2021-09-29,112326,11821,42497159,93631
2021-09-30,110223,14932,42607382,108563
2021-10-01,94971,19100,42702353,127663
2021-10-02,78468,14011,42780821,141674
2021-10-03,47725,7653,42828546,149327
2021-10-04,88375,34438,42916921,183765
2021-10-05,80358,33967,42997279,217732
2021-10-06,71975,34155,43069254,251887
2021-10-07,71846,34338,43141100,286225
2021-10-08,80620,33584,43221720,319809
2021-10-09,76098,22161,43297818,341970
2021-10-10,45771,13613,43343589,355583
2021-10-11,87405,41096,43430994,396679
2021-10-12,84486,46892,43515480,443571
2021-10-13,88184,52102,43603664,495673
2021-10-14,91519,58497,43695183,554170
2021-10-15,93581,55614,43788764,609784
2021-10-16,82957,36773,43871721,646557
2021-10-17,51457,23823,43923178,670380
2021-10-18,90288,59473,44013466,729853
2021-10-19,78338,69367,44091804,799220
2021-10-20,75071,78156,44166875,877376
2021-10-21,78303,81742,44245178,959118
2021-10-22,73793,77010,44318971,1036128
2021-10-23,60814,51944,44379785,1088072
2021-10-24,33381,23444,44413166,1111516
2021-10-25,64902,81619,44478068,1193135
2021-10-26,58374,91769,44536442,1284904
2021-10-27,58329,103957,44594771,1388861
2021-10-28,61467,114095,44656238,1502956
2021-10-29,61659,103103,44717897,1606059
2021-10-30,50672,68109,44768569,1674168
2021-10-31,25168,28282,44793737,1702450
2021-11-01,19048,28145,44812785,1730595
2021-11-02,62769,89365,44875554,1819960
2021-11-03,60732,118655,44936286,1938615
2021-11-04,59244,126653,44995530,2065268
2021-11-05,63094,135164,45058624,2200432
2021-11-06,46470,90921,45105094,2291353
2021-11-07,22253,37892,45127347,2329245
2021-11-08,51526,131259,45178873,2460504
2021-11-09,45403,144187,45224276,2604691
2021-11-10,42575,156341,45266851,2761032
2021-11-11,44932,155133,45311783,2916165
2021-11-12,46370,158568,45358153,3074733
2021-11-13,33253,116639,45391406,3191372
2021-11-14,14478,52446,45405884,3243818
2021-11-15,36895,157418,45442779,3401236
2021-11-16,30543,171370,45473322,3572606
2021-11-17,28446,178432,45501768,3751038
2021-11-18,30277,193704,45532045,3944742
2021-11-19,28791,205846,45560836,4150588
2021-11-20,20990,156432,45581826,4307020
2021-11-21,10606,64854,45592432,4371874
2021-11-22,21925,213135,45614357,4585009
2021-11-23,23561,241738,45637918,4826747
2021-11-24,27828,270941,45665746,5097688
2021-11-25,23226,301893,45688972,5399581
2021-11-26,24570,318261,45713542,5717842
2021-11-27,21369,266148,45734911,5983990
2021-11-28,9894,137052,45744805,6121042
2021-11-29,22309,326059,45767114,6447101
2021-11-30,23075,365818,45790189,6812919
2021-12-01,21508,413497,45811697,7226416
2021-12-02,23748,440376,45835445,7666792
2021-12-03,25220,467447,45860665,8134239
2021-12-04,22342,418721,45883007,8552960
2021-12-05,11903,261330,45894910,8814290
2021-12-06,25796,457561,45920706,9271851
2021-12-07,24102,480241,45944808,9752092
2021-12-08,9990,249677,45954798,10001769
2021-12-09,31554,491909,45986352,10493678
2021-12-10,28038,517860,46014390,11011538
2021-12-11,23541,459235,46037931,11470773
2021-12-12,12290,293495,46050221,11764268
2021-12-13,26126,467615,46076347,12231883
2021-12-14,25150,494185,46101497,12726068
2021-12-15,25302,517127,46126799,13243195
2021-12-16,27858,520236,46154657,13763431
2021-12-17,29331,517156,46183988,14280587
2021-12-18,27023,468709,46211011,14749296
2021-12-19,15129,300510,46226140,15049806
2021-12-20,30598,477465,46256738,15527271
2021-12-21,30340,493373,46287078,16020644
2021-12-22,29421,484692,46316499,16505336
2021-12-23,28211,426890,46344710,16932226
2021-12-24,13102,210817,46357812,17143043
2021-12-25,2101,33052,46359913,17176095
2021-12-26,8749,159063,46368662,17335158
2021-12-27,46739,504646,46415401,17839804
2021-12-28,42414,554191,46457815,18393995
2021-12-29,34287,550625,46492102,18944620
2021-12-30,31780,499815,46523882,19444435
2021-12-31,14093,247393,46537975,19691828
2022-01-01,3492,64812,46541467,19756640
2022-01-02,22726,276715,46564193,20033355
2022-01-03,47758,520008,46611951,20553363
2022-01-04,46269,572067,46658220,21125430
2022-01-05,40652,560376,46698872,21685806
2022-01-06,23427,274477,46722299,21960283
2022-01-07,63587,554173,46785886,22514456
2022-01-08,60740,503373,46846626,23017829
2022-01-09,42747,319682,46889373,23337511
2022-01-10,60982,542267,46950355,23879778
2022-01-11,61603,586978,47011958,24466756
2022-01-12,58332,581270,47070290,25048026
2022-01-13,58486,580368,47128776,25628394
2022-01-14,46662,588556,47175438,26216950
2022-01-15,39220,569932,47214658,26786882
2022-01-16,31099,341848,47245757,27128730
2022-01-17,54694,489642,47300451,27618372
2022-01-18,58293,517003,47358744,28135375
2022-01-19,57112,502777,47415856,28638152
2022-01-20,54252,498806,47470108,29136958
2022-01-21,41961,493863,47512069,29630821
2022-01-22,31072,469587,47543141,30100408
2022-01-23,34858,275363,47577999,30375771
2022-01-24,56117,437205,47634116,30812976
2022-01-25,61482,452084,47695598,31265060
2022-01-26,58469,435812,47754067,31700872
2022-01-27,48773,432350,47802840,32133222
2022-01-28,58611,436521,47861451,32569743
2022-01-29,68031,412477,47929482,32982220
2022-01-30,50321,235965,47979803,33218185
2022-01-31,60547,356917,48040350,33575102
2022-02-01,65468,328428,48105818,33903530
2022-02-02,63118,296959,48168936,34200489
2022-02-03,59992,274511,48228928,34475000
2022-02-04,72313,268442,48301241,34743442
2022-02-05,83694,248520,48384935,34991962
2022-02-06,55245,116193,48440180,35108155
2022-02-07,65092,199929,48505272,35308084
2022-02-08,66886,186101,48572158,35494185
2022-02-09,58720,166328,48630878,35660513
2022-02-10,58512,163231,48689390,35823744
2022-02-11,62208,162450,48751598,35986194
2022-02-12,71934,152132,48823532,36138326
2022-02-13,41454,68848,48864986,36207174
2022-02-14,46650,116180,48911636,36323354
2022-02-15,48488,123477,48960124,36446831
2022-02-16,45650,106106,49005774,36552937
2022-02-17,42842,98099,49048616,36651036
2022-02-18,46585,112565,49095201,36763601
2022-02-19,52510,100324,49147711,36863925
2022-02-20,31407,40359,49179118,36904284
2022-02-21,37879,89639,49216997,36993923
2022-02-22,37200,83767,49254197,37077690
2022-02-23,33369,79403,49287566,37157093
2022-02-24,32542,78160,49320108,37235253
2022-02-25,34740,90702,49354848,37325955
2022-02-26,39140,89131,49393988,37415086
2022-02-27,22538,35855,49416526,37450941
2022-02-28,28462,81689,49444988,37532630
2022-03-01,22693,53934,49467681,37586564
2022-03-02,21984,50627,49489665,37637191
2022-03-03,22593,54940,49512258,37692131
2022-03-04,23203,62789,49535461,37754920
2022-03-05,23779,57950,49559240,37812870
2022-03-06,9468,17199,49568708,37830069
2022-03-07,15894,51389,49584602,37881458
2022-03-08,15443,48796,49600045,37930254
2022-03-09,13796,46512,49613841,37976766
2022-03-10,14025,52115,49627866,38028881
2022-03-11,15561,57249,49643427,38086130
2022-03-12,15485,56614,49658912,38142744
2022-03-13,5541,16848,49664453,38159592
2022-03-14,10516,46691,49674969,38206283
2022-03-15,10526,46892,49685495,38253175
2022-03-16,9469,41975,49694964,38295150
2022-03-17,9696,44875,49704660,38340025
2022-03-18,10149,49051,49714809,38389076
2022-03-19,9141,46531,49723950,38435607
2022-03-20,2606,11699,49726556,38447306
2022-03-21,7569,40221,49734125,38487527
2022-03-22,8435,37745,49742560,38525272
2022-03-23,7202,33695,49749762,38558967
2022-03-24,8245,38796,49758007,38597763
2022-03-25,8121,43664,49766128,38641427
2022-03-26,8118,41719,49774246,38683146
2022-03-27,2428,9682,49776674,38692828
2022-03-28,6094,35230,49782768,38728058
2022-03-29,5772,32523,49788540,38760581
2022-03-30,5552,30192,49794092,38790773
2022-03-31,5880,33170,49799972,38823943
2022-04-01,4340,25180,49804312,38849123
2022-04-02,4486,23272,49808798,38872395
2022-04-03,1047,4499,49809845,38876894
2022-04-04,3649,21532,49813494,38898426
2022-04-05,3746,22923,49817240,38921349
2022-04-06,4095,21838,49821335,38943187
2022-04-07,3954,23317,49825289,38966504
2022-04-08,4681,26709,49829970,38993213
2022-04-09,4374,23882,49834344,39017095
2022-04-10,892,4614,49835236,39021709
2022-04-11,3801,22682,49839037,39044391
2022-04-12,3354,21776,49842391,39066167
2022-04-13,3557,21333,49845948,39087500
2022-04-14,3481,23774,49849429,39111274
2022-04-15,3076,20613,49852505,39131887
2022-04-16,2147,11920,49854652,39143807
2022-04-17,63,348,49854715,39144155
2022-04-18,148,650,49854863,39144805
2022-04-19,3481,21977,49858344,39166782
2022-04-20,3495,20249,49861839,39187031
2022-04-21,2838,19781,49864677,39206812
2022-04-22,2914,20695,49867591,39227507
2022-04-23,2635,16205,49870226,39243712
2022-04-24,509,2335,49870735,39246047
2022-04-25,183,1165,49870918,39247212
2022-04-26,2758,17792,49873676,39265004
2022-04-27,2363,15782,49876039,39280786
2022-04-28,2348,15533,49878387,39296319
2022-04-29,2290,14834,49880677,39311153
2022-04-30,2117,11577,49882794,39322730
2022-05-01,113,530,49882907,39323260
2022-05-02,1443,9381,49884350,39332641
2022-05-03,1570,10307,49885920,39342948
2022-05-04,1744,10256,49887664,39353204
2022-05-05,1647,10273,49889311,39363477
2022-05-06,1690,10944,49891001,39374421
2022-05-07,1431,8563,49892432,39382984
2022-05-08,404,1514,49892836,39384498
2022-05-09,1023,8915,49893859,39393413
2022-05-10,1418,9536,49895277,39402949
2022-05-11,1477,10087,49896754,39413036
2022-05-12,1365,10119,49898119,39423155
2022-05-13,1587,10508,49899706,39433663
2022-05-14,1355,8226,49901061,39441889
2022-05-15,336,1129,49901397,39443018
2022-05-16,809,8388,49902206,39451406
2022-05-17,1239,8667,49903445,39460073
2022-05-18,1368,9213,49904813,39469286
2022-05-19,1498,9267,49906311,39478553
2022-05-20,1420,9491,49907731,39488044
2022-05-21,1299,7891,49909030,39495935
2022-05-22,231,1012,49909261,39496947
2022-05-23,825,8260,49910086,39505207
2022-05-24,1070,8663,49911156,39513870
2022-05-25,1365,9444,49912521,39523314
2022-05-26,1192,9452,49913713,39532766
2022-05-27,1223,9908,49914936,39542674
2022-05-28,1202,7872,49916138,39550546
2022-05-29,285,1264,49916423,39551810
2022-05-30,928,8025,49917351,39559835
2022-05-31,1033,8529,49918384,39568364
2022-06-01,891,7643,49919275,39576007
2022-06-02,35,474,49919310,39576481
2022-06-03,813,7327,49920123,39583808
2022-06-04,869,5155,49920992,39588963
2022-06-05,89,586,49921081,39589549
2022-06-06,671,6964,49921752,39596513
2022-06-07,930,7841,49922682,39604354
2022-06-08,981,7896,49923663,39612250
2022-06-09,1034,8398,49924697,39620648
2022-06-10,950,8537,49925647,39629185
2022-06-11,898,6207,49926545,39635392
2022-06-12,140,767,49926685,39636159
2022-06-13,602,6295,49927287,39642454
2022-06-14,824,7880,49928111,39650334
2022-06-15,949,7842,49929060,39658176
2022-06-16,728,7383,49929788,39665559
2022-06-17,717,7235,49930505,39672794
2022-06-18,776,5588,49931281,39678382
2022-06-19,47,522,49931328,39678904
2022-06-20,587,6694,49931915,39685598
2022-06-21,730,7637,49932645,39693235
2022-06-22,777,7300,49933422,39700535
2022-06-23,648,7455,49934070,39707990
2022-06-24,643,7468,49934713,39715458
2022-06-25,835,6531,49935548,39721989
2022-06-26,128,523,49935676,39722512
2022-06-27,532,7116,49936208,39729628
2022-06-28,743,8208,49936951,39737836
2022-06-29,754,7717,49937705,39745553
2022-06-30,743,8132,49938448,39753685
2022-07-01,577,6436,49939025,39760121
2022-07-02,536,4765,49939561,39764886
2022-07-03,49,456,49939610,39765342
2022-07-04,468,6268,49940078,39771610
2022-07-05,622,8107,49940700,39779717
2022-07-06,624,7591,49941324,39787308
2022-07-07,562,8249,49941886,39795557
2022-07-08,670,8074,49942556,39803631
2022-07-09,548,6103,49943104,39809734
2022-07-10,58,533,49943162,39810267
2022-07-11,476,7626,49943638,39817893
2022-07-12,651,8980,49944289,39826873
2022-07-13,627,10060,49944916,39836933
2022-07-14,618,10218,49945534,39847151
2022-07-15,616,10642,49946150,39857793
2022-07-16,512,7205,49946662,39864998
2022-07-17,48,769,49946710,39865767
2022-07-18,495,9339,49947205,39875106
2022-07-19,559,10635,49947764,39885741
2022-07-20,562,11236,49948326,39896977
2022-07-21,619,11995,49948945,39908972
2022-07-22,568,11197,49949513,39920169
2022-07-23,375,6730,49949888,39926899
2022-07-24,75,834,49949963,39927733
2022-07-25,492,9019,49950455,39936752
2022-07-26,516,9701,49950971,39946453
2022-07-27,531,10114,49951502,39956567
2022-07-28,525,10445,49952027,39967012
2022-07-29,505,9383,49952532,39976395
2022-07-30,380,5844,49952912,39982239
2022-07-31,49,745,49952961,39982984
2022-08-01,383,6804,49953344,39989788
2022-08-02,534,7486,49953878,39997274
2022-08-03,488,7073,49954366,40004347
2022-08-04,443,7375,49954809,40011722
2022-08-05,410,6435,49955219,40018157
2022-08-06,295,3565,49955514,40021722
2022-08-07,44,547,49955558,40022269
2022-08-08,389,4818,49955947,40027087
2022-08-09,373,5212,49956320,40032299
2022-08-10,365,4690,49956685,40036989
2022-08-11,358,4598,49957043,40041587
2022-08-12,284,3446,49957327,40045033