data_somministrazione,vaccinazioni,booster,cum_vaccinazioni,cum_booster
2020-12-27,20,0,20,0
2020-12-28,2,0,22,0
2020-12-29,1,0,23,0
2020-12-30,9,0,32,0
2020-12-31,74,0,106,0
2021-01-01,24,0,130,0
2021-01-02,134,0,264,0
2021-01-03,97,0,361,0
2021-01-04,227,0,588,0
2021-01-05,269,0,857,0
2021-01-06,237,0,1094,0
2021-01-07,316,0,1410,0
2021-01-08,365,0,1775,0
2021-01-09,274,0,2049,0
2021-01-10,165,0,2214,0
2021-01-11,300,0,2514,0
2021-01-12,281,0,2795,0
2021-01-13,408,0,3203,0
2021-01-14,494,0,3697,0
2021-01-15,316,0,4013,0
2021-01-16,220,0,4233,0
2021-01-17,3063,0,7296,0
2021-01-18,5215,0,12511,0
2021-01-19,1894,0,14405,0
2021-01-20,4659,0,19064,0
2021-01-21,20008,0,39072,0
2021-01-22,14221,0,53293,0
2021-01-23,33328,0,86621,0
2021-01-24,30779,0,117400,0
2021-01-25,64714,0,182114,0
2021-01-26,76477,0,258591,0
2021-01-27,64822,0,323413,0
2021-01-28,89259,0,412672,0
2021-01-29,94006,0,506678,0
2021-01-30,86549,0,593227,0
2021-01-31,57325,0,650552,0
2021-02-01,81842,0,732394,0
2021-02-02,82136,0,814530,0
2021-02-03,91109,0,905639,0
2021-02-04,95393,0,1001032,0
2021-02-05,90266,0,1091298,0
2021-02-06,63447,0,1154745,0
2021-02-07,32934,0,1187679,0
2021-02-08,40422,0,1228101,0
2021-02-09,32879,0,1260980,0
2021-02-10,28433,0,1289413,0
2021-02-11,20405,0,1309818,0
2021-02-12,16243,0,1326061,0
2021-02-13,7277,0,1333338,0
2021-02-14,2862,0,1336200,0
2021-02-15,6845,0,1343045,0
2021-02-16,7004,0,1350049,0
2021-02-17,10526,0,1360575,0
2021-02-18,9252,0,1369827,0
2021-02-19,8253,0,1378080,0
2021-02-20,5575,0,1383655,0
2021-02-21,3010,0,1386665,0
2021-02-22,6882,0,1393547,0
2021-02-23,7183,0,1400730,0
2021-02-24,9812,0,1410542,0
2021-02-25,14212,0,1424754,0
2021-02-26,17556,0,1442310,0
2021-02-27,13917,0,1456227,0
2021-02-28,9392,0,1465619,0
2021-03-01,26519,0,1492138,0
2021-03-02,33247,0,1525385,0
2021-03-03,44648,0,1570033,0
2021-03-04,50296,0,1620329,0
2021-03-05,55735,0,1676064,0
2021-03-06,41876,0,1717940,0
2021-03-07,22326,0,1740266,0
2021-03-08,50831,0,1791097,0
2021-03-09,53084,0,1844181,0
2021-03-10,58672,0,1902853,0
2021-03-11,63878,0,1966731,0
2021-03-12,65127,0,2031858,0
2021-03-13,51729,0,2083587,0
2021-03-14,35415,0,2119002,0
2021-03-15,73455,0,2192457,0
2021-03-16,74030,0,2266487,0
2021-03-17,83136,0,2349623,0
2021-03-18,81628,0,2431251,0
2021-03-19,81091,0,2512342,0
2021-03-20,64734,0,2577076,0
2021-03-21,47310,0,2624386,0
2021-03-22,69494,0,2693880,0
2021-03-23,75806,0,2769686,0
2021-03-24,90916,0,2860602,0
2021-03-25,89818,0,2950420,0
2021-03-26,83640,0,3034060,0
2021-03-27,71952,0,3106012,0
2021-03-28,44169,0,3150181,0
2021-03-29,70843,0,3221024,0
2021-03-30,81400,0,3302424,0
2021-03-31,96257,0,3398681,0
2021-04-01,95320,0,3494001,0
2021-04-02,84080,0,3578081,0
2021-04-03,64303,0,3642384,0
2021-04-04,21723,0,3664107,0
2021-04-05,40318,0,3704425,0
2021-04-06,81334,0,3785759,0
2021-04-07,95837,0,3881596,0
2021-04-08,95254,0,3976850,0
2021-04-09,88498,0,4065348,0
2021-04-10,74032,0,4139380,0
2021-04-11,44767,0,4184147,0
2021-04-12,66920,0,4251067,0
2021-04-13,72587,0,4323654,0
2021-04-14,85552,0,4409206,0
2021-04-15,105420,0,4514626,0
2021-04-16,106427,0,4621053,0
2021-04-17,90522,0,4711575,0
2021-04-18,58597,0,4770172,0
2021-04-19,93434,0,4863606,0
2021-04-20,103774,0,4967380,0
2021-04-21,125344,0,5092724,0
2021-04-22,143524,0,5236248,0
2021-04-23,138750,0,5374998,0
2021-04-24,124454,0,5499452,0
2021-04-25,61469,0,5560921,0
2021-04-26,97906,0,5658827,0
2021-04-27,128368,0,5787195,0
2021-04-28,156387,0,5943582,0
2021-04-29,195613,0,6139195,0
2021-04-30,214603,0,6353798,0
2021-05-01,174133,0,6527931,0
2021-05-02,135803,0,6663734,0
2021-05-03,142063,0,6805797,0
2021-05-04,158708,0,6964505,0
2021-05-05,170531,0,7135036,0
2021-05-06,197819,0,7332855,0
2021-05-07,213866,0,7546721,0
2021-05-08,213439,0,7760160,0
2021-05-09,143217,0,7903377,0
2021-05-10,165100,0,8068477,0
2021-05-11,175004,0,8243481,0
2021-05-12,179206,0,8422687,0
2021-05-13,203412,0,8626099,0
2021-05-14,222939,0,8849038,0
2021-05-15,210387,0,9059425,0
2021-05-16,159284,0,9218709,0
2021-05-17,219213,0,9437922,0
2021-05-18,213030,0,9650952,0
2021-05-19,207096,0,9858048,0
2021-05-20,270887,0,10128935,0
2021-05-21,270905,0,10399840,0
2021-05-22,245541,0,10645381,0
2021-05-23,197188,0,10842569,0
2021-05-24,228306,0,11070875,0
2021-05-25,245701,0,11316576,0
2021-05-26,277510,0,11594086,0
2021-05-27,311090,0,11905176,0
2021-05-28,299582,0,12204758,0
2021-05-29,231244,0,12436002,0
2021-05-30,170851,0,12606853,0
2021-05-31,216435,0,12823288,0
2021-06-01,207636,0,13030924,0
2021-06-02,115802,0,13146726,0
2021-06-03,180166,0,13326892,0
2021-06-04,184906,0,13511798,0
2021-06-05,185984,0,13697782,0
2021-06-06,139575,0,13837357,0
2021-06-07,161896,0,13999253,0
2021-06-08,171270,0,14170523,0
2021-06-09,171515,0,14342038,0
2021-06-10,174137,0,14516175,0
2021-06-11,170009,0,14686184,0
2021-06-12,128363,0,14814547,0
2021-06-13,91216,0,14905763,0
2021-06-14,214706,0,15120469,0
2021-06-15,228444,0,15348913,0
2021-06-16,253104,0,15602017,0
2021-06-17,301767,0,15903784,0
2021-06-18,306317,0,16210101,0
2021-06-19,275110,0,16485211,0
2021-06-20,220812,0,16706023,0
2021-06-21,288087,0,16994110,0
2021-06-22,296239,0,17290349,0
2021-06-23,302699,0,17593048,0
2021-06-24,332610,0,17925658,0
2021-06-25,348728,0,18274386,0
2021-06-26,300134,0,18574520,0
2021-06-27,228682,0,18803202,0
2021-06-28,307140,0,19110342,0
2021-06-29,329323,0,19439665,0
2021-06-30,342202,0,19781867,0
2021-07-01,363242,0,20145109,0
2021-07-02,368488,0,20513597,0
2021-07-03,371101,0,20884698,0
2021-07-04,283230,0,21167928,0
2021-07-05,384559,0,21552487,0
2021-07-06,385488,0,21937975,0
2021-07-07,412133,0,22350108,0
2021-07-08,479594,0,22829702,0
2021-07-09,498473,0,23328175,0
2021-07-10,475172,0,23803347,0
2021-07-11,357698,0,24161045,0
2021-07-12,485884,0,24646929,0
2021-07-13,492085,0,25139014,0
2021-07-14,480445,0,25619459,0
2021-07-15,523437,0,26142896,0
2021-07-16,509757,0,26652653,0
2021-07-17,464330,0,27116983,0
2021-07-18,364639,0,27481622,0
2021-07-19,463037,0,27944659,0
2021-07-20,458060,0,28402719,0
2021-07-21,462791,0,28865510,0
2021-07-22,475384,0,29340894,0
2021-07-23,441327,0,29782221,0
2021-07-24,386150,0,30168371,0
2021-07-25,287557,0,30455928,0
2021-07-26,430888,0,30886816,0
2021-07-27,440122,0,31326938,0
2021-07-28,391023,0,31717961,0
2021-07-29,372080,0,32090041,0
2021-07-30,341518,0,32431559,0
2021-07-31,287038,0,32718597,0
2021-08-01,191001,0,32909598,0
2021-08-02,333705,0,33243303,0
2021-08-03,323189,0,33566492,0
2021-08-04,310979,0,33877471,0
2021-08-05,292485,0,34169956,0
2021-08-06,260029,0,34429985,0
2021-08-07,199060,0,34629045,0
2021-08-08,153108,0,34782153,0
2021-08-09,234085,0,35016238,0
2021-08-10,205266,0,35221504,0
2021-08-11,193781,0,35415285,0
2021-08-12,168056,0,35583341,0
2021-08-13,148648,0,35731989,0
2021-08-14,66099,0,35798088,0
2021-08-15,26339,0,35824427,0
2021-08-16,114707,0,35939134,0
2021-08-17,129253,0,36068387,0
2021-08-18,128763,0,36197150,0
2021-08-19,124840,0,36321990,0
2021-08-20,123796,0,36445786,0
2021-08-21,83136,0,36528922,0
2021-08-22,68177,0,36597099,0
2021-08-23,176869,0,36773968,0
2021-08-24,156897,0,36930865,0
2021-08-25,177179,0,37108044,0
2021-08-26,172358,0,37280402,0
2021-08-27,185832,0,37466234,0
2021-08-28,140285,0,37606519,0
2021-08-29,98990,0,37705509,0
2021-08-30,209587,0,37915096,0
2021-08-31,194644,0,38109740,0
2021-09-01,192211,0,38301951,0
2021-09-02,189929,0,38491880,0
2021-09-03,191286,0,38683166,0
2021-09-04,131454,0,38814620,0
2021-09-05,87852,0,38902472,0
2021-09-06,193615,0,39096087,0
2021-09-07,196037,0,39292124,0
2021-09-08,187875,0,39479999,0
2021-09-09,201436,0,39681435,0
2021-09-10,198067,0,39879502,0
2021-09-11,141293,0,40020795,0
2021-09-12,89591,0,40110386,0
2021-09-13,191116,629,40301502,629
2021-09-14,177222,634,40478724,1263
2021-09-15,163086,638,40641810,1901
2021-09-16,160054,983,40801864,2884
2021-09-17,150167,1158,40952031,4042
2021-09-18,127981,768,41080012,4810
2021-09-19,81139,506,41161151,5316
2021-09-20,180069,9116,41341220,14432
2021-09-21,166667,8854,41507887,23286
2021-09-22,159111,9456,41666998,32742
2021-09-23,138094,9351,41805092,42093
2021-09-24,140553,9000,41945645,51093
2021-09-25,119562,5665,42065207,56758
2021-09-26,71986,4360,42137193,61118
2021-09-27,135666,10074,42272859,71192
2021-09-28,117510,11418,42390369,82610
2021-09-29,112369,11848,42502738,94458
2021-09-30,110277,14977,42613015,109435
2021-10-01,94995,19137,42708010,128572
2021-10-02,78514,14040,42786524,142612
2021-10-03,47758,7668,42834282,150280
2021-10-04,88387,34478,42922669,184758
2021-10-05,80382,34011,43003051,218769
2021-10-06,72002,34200,43075053,252969
2021-10-07,71879,34367,43146932,287336
2021-10-08,80630,33621,43227562,320957
2021-10-09,76108,22190,43303670,343147
2021-10-10,45786,13630,43349456,356777
2021-10-11,87449,41126,43436905,397903
2021-10-12,84516,46928,43521421,444831
2021-10-13,88210,52157,43609631,496988
2021-10-14,91548,58551,43701179,555539
2021-10-15,93598,55669,43794777,611208
2021-10-16,82969,36819,43877746,648027
2021-10-17,51461,23857,43929207,671884
2021-10-18,90302,59512,44019509,731396
2021-10-19,78352,69400,44097861,800796
2021-10-20,75066,78202,44172927,878998
2021-10-21,78297,81803,44251224,960801
2021-10-22,73775,77071,44324999,1037872
2021-10-23,60834,51972,44385833,1089844
2021-10-24,33368,23477,44419201,1113321
2021-10-25,64902,81659,44484103,1194980
2021-10-26,58377,91828,44542480,1286808
2021-10-27,58320,104024,44600800,1390832
2021-10-28,61453,114149,44662253,1504981
2021-10-29,61638,103174,44723891,1608155
2021-10-30,50676,68136,44774567,1676291
2021-10-31,25162,28306,44799729,1704597
2021-11-01,19049,28157,44818778,1732754
2021-11-02,62742,89428,44881520,1822182
2021-11-03,60719,118695,44942239,1940877
2021-11-04,59241,126694,45001480,2067571
2021-11-05,63094,135216,45064574,2202787
2021-11-06,46487,90937,45111061,2293724
2021-11-07,22251,37903,45133312,2331627
2021-11-08,51530,131292,45184842,2462919
2021-11-09,45403,144234,45230245,2607153
2021-11-10,42593,156371,45272838,2763524
2021-11-11,44929,155166,45317767,2918690
2021-11-12,46314,158677,45364081,3077367
2021-11-13,33263,116674,45397344,3194041
2021-11-14,14491,52458,45411835,3246499
2021-11-15,36910,157442,45448745,3403941
2021-11-16,30564,171406,45479309,3575347
2021-11-17,28469,178460,45507778,3753807
2021-11-18,30293,193761,45538071,3947568
2021-11-19,28814,205879,45566885,4153447
2021-11-20,21004,156456,45587889,4309903
2021-11-21,10613,64869,45598502,4374772
2021-11-22,21957,213160,45620459,4587932
2021-11-23,23601,241793,45644060,4829725
2021-11-24,27801,271041,45671861,5100766
2021-11-25,23263,301930,45695124,5402696
2021-11-26,24595,318300,45719719,5720996
2021-11-27,21401,266168,45741120,5987164
2021-11-28,9905,137069,45751025,6124233
2021-11-29,22360,326075,45773385,6450308
2021-11-30,23114,365860,45796499,6816168
2021-12-01,21548,413530,45818047,7229698
2021-12-02,23788,440434,45841835,7670132
2021-12-03,25268,467528,45867103,8137660
2021-12-04,22390,418792,45889493,8556452
2021-12-05,11943,261365,45901436,8817817
2021-12-06,25838,457625,45927274,9275442
2021-12-07,24155,480301,45951429,9755743
2021-12-08,10026,249718,45961455,10005461
2021-12-09,31615,491958,45993070,10497419
2021-12-10,28094,517924,46021164,11015343
2021-12-11,23585,459270,46044749,11474613
2021-12-12,12318,293524,46057067,11768137
2021-12-13,26169,467654,46083236,12235791
2021-12-14,25201,494234,46108437,12730025
2021-12-15,25363,517190,46133800,13247215
2021-12-16,27919,520298,46161719,13767513
2021-12-17,29391,517214,46191110,14284727
2021-12-18,27097,468773,46218207,14753500
2021-12-19,15166,300540,46233373,15054040
2021-12-20,30667,477503,46264040,15531543
2021-12-21,30403,493424,46294443,16024967
2021-12-22,29475,484750,46323918,16509717
2021-12-23,28283,426953,46352201,16936670
2021-12-24,13125,210838,46365326,17147508
2021-12-25,2104,33053,46367430,17180561
2021-12-26,8773,159076,46376203,17339637
2021-12-27,46836,504690,46423039,17844327
2021-12-28,42501,554247,46465540,18398574
2021-12-29,34388,550673,46499928,18949247
2021-12-30,31883,499860,46531811,19449107
2021-12-31,14141,247406,46545952,19696513
2022-01-01,3498,64815,46549450,19761328
2022-01-02,22810,276724,46572260,20038052
2022-01-03,47917,520034,46620177,20558086
2022-01-04,46453,572100,46666630,21130186
2022-01-05,40815,560415,46707445,21690601
2022-01-06,23525,274491,46730970,21965092
2022-01-07,63778,554218,46794748,22519310
2022-01-08,60945,503408,46855693,23022718
2022-01-09,42934,319699,46898627,23342417
2022-01-10,61147,542322,46959774,23884739
2022-01-11,61821,587032,47021595,24471771
2022-01-12,58527,581301,47080122,25053072
2022-01-13,58689,580429,47138811,25633501
2022-01-14,46907,588606,47185718,26222107
2022-01-15,39520,569976,47225238,26792083
2022-01-16,31292,341887,47256530,27133970
2022-01-17,54831,489683,47311361,27623653
2022-01-18,58453,517045,47369814,28140698
2022-01-19,57251,502815,47427065,28643513
2022-01-20,54399,498854,47481464,29142367
2022-01-21,42151,493896,47523615,29636263
2022-01-22,31265,469613,47554880,30105876
2022-01-23,34972,275385,47589852,30381261
2022-01-24,56223,437241,47646075,30818502
2022-01-25,61585,452128,47707660,31270630
2022-01-26,58571,435845,47766231,31706475
2022-01-27,48878,432397,47815109,32138872
2022-01-28,58735,436554,47873844,32575426
2022-01-29,68169,412507,47942013,32987933
2022-01-30,50401,235984,47992414,33223917
2022-01-31,60682,356942,48053096,33580859
2022-02-01,65594,328461,48118690,33909320
2022-02-02,63237,296987,48181927,34206307
2022-02-03,60081,274527,48242008,34480834
2022-02-04,72397,268467,48314405,34749301
2022-02-05,83813,248545,48398218,34997846
2022-02-06,55305,116207,48453523,35114053
2022-02-07,65169,199946,48518692,35313999
2022-02-08,66950,186123,48585642,35500122
2022-02-09,58774,166346,48644416,35666468
2022-02-10,58595,163244,48703011,35829712
2022-02-11,62269,162474,48765280,35992186
2022-02-12,71998,152151,48837278,36144337
2022-02-13,41478,68854,48878756,36213191
2022-02-14,46705,116188,48925461,36329379
2022-02-15,48553,123481,48974014,36452860
2022-02-16,45684,106125,49019698,36558985
2022-02-17,42869,98117,49062567,36657102
2022-02-18,46630,112581,49109197,36769683
2022-02-19,52544,100337,49161741,36870020
2022-02-20,31411,40366,49193152,36910386
2022-02-21,37899,89658,49231051,37000044
2022-02-22,37225,83780,49268276,37083824
2022-02-23,33400,79409,49301676,37163233
2022-02-24,32562,78163,49334238,37241396
2022-02-25,34768,90713,49369006,37332109
2022-02-26,39159,89133,49408165,37421242
2022-02-27,22546,35857,49430711,37457099
2022-02-28,28482,81695,49459193,37538794
2022-03-01,22723,53942,49481916,37592736
2022-03-02,21956,50684,49503872,37643420
2022-03-03,22627,54946,49526499,37698366
2022-03-04,23239,62799,49549738,37761165
2022-03-05,23800,57951,49573538,37819116
2022-03-06,9472,17201,49583010,37836317
2022-03-07,15920,51391,49598930,37887708
2022-03-08,15480,48795,49614410,37936503
2022-03-09,13814,46519,49628224,37983022
2022-03-10,14053,52123,49642277,38035145
2022-03-11,15589,57268,49657866,38092413
2022-03-12,15508,56619,49673374,38149032
2022-03-13,5544,16852,49678918,38165884
2022-03-14,10526,46701,49689444,38212585
2022-03-15,10550,46895,49699994,38259480
2022-03-16,9482,41974,49709476,38301454
2022-03-17,9722,44874,49719198,38346328
2022-03-18,10159,49058,49729357,38395386
2022-03-19,9151,46534,49738508,38441920
2022-03-20,2608,11704,49741116,38453624
2022-03-21,7580,40225,49748696,38493849
2022-03-22,8447,37763,49757143,38531612
2022-03-23,7216,33700,49764359,38565312
2022-03-24,8258,38818,49772617,38604130
2022-03-25,8140,43667,49780757,38647797
2022-03-26,8127,41721,49788884,38689518
2022-03-27,2431,9682,49791315,38699200
2022-03-28,6112,35240,49797427,38734440
2022-03-29,5779,32531,49803206,38766971
2022-03-30,5566,30205,49808772,38797176
2022-03-31,5901,33184,49814673,38830360
2022-04-01,4349,25190,49819022,38855550
2022-04-02,4496,23275,49823518,38878825
2022-04-03,1049,4500,49824567,38883325
2022-04-04,3658,21544,49828225,38904869
2022-04-05,3756,22932,49831981,38927801
2022-04-06,4103,21852,49836084,38949653
2022-04-07,3968,23320,49840052,38972973
2022-04-08,4694,26713,49844746,38999686
2022-04-09,4383,23887,49849129,39023573
2022-04-10,892,4613,49850021,39028186
2022-04-11,3816,22689,49853837,39050875
2022-04-12,3365,21778,49857202,39072653
2022-04-13,3568,21335,49860770,39093988
2022-04-14,3486,23786,49864256,39117774
2022-04-15,3084,20620,49867340,39138394
2022-04-16,2149,11918,49869489,39150312
2022-04-17,63,348,49869552,39150660
2022-04-18,152,650,49869704,39151310
2022-04-19,3499,21981,49873203,39173291
2022-04-20,3510,20252,49876713,39193543
2022-04-21,2847,19790,49879560,39213333
2022-04-22,2927,20704,49882487,39234037
2022-04-23,2646,16221,49885133,39250258
2022-04-24,509,2334,49885642,39252592
2022-04-25,183,1165,49885825,39253757
2022-04-26,2759,17808,49888584,39271565
2022-04-27,2374,15793,49890958,39287358
2022-04-28,2360,15562,49893318,39302920
2022-04-29,2296,14848,49895614,39317768
2022-04-30,2123,11581,49897737,39329349
2022-05-01,113,531,49897850,39329880
2022-05-02,1451,9391,49899301,39339271
2022-05-03,1576,10320,49900877,39349591
2022-05-04,1745,10269,49902622,39359860
2022-05-05,1654,10296,49904276,39370156
2022-05-06,1702,10962,49905978,39381118
2022-05-07,1431,8568,49907409,39389686
2022-05-08,416,1522,49907825,39391208
2022-05-09,1027,8929,49908852,39400137
2022-05-10,1426,9548,49910278,39409685
2022-05-11,1483,10104,49911761,39419789
2022-05-12,1370,10131,49913131,39429920
2022-05-13,1596,10519,49914727,39440439
2022-05-14,1357,8237,49916084,39448676
2022-05-15,336,1133,49916420,39449809
2022-05-16,813,8405,49917233,39458214
2022-05-17,1243,8697,49918476,39466911
2022-05-18,1372,9233,49919848,39476144
2022-05-19,1500,9278,49921348,39485422
2022-05-20,1422,9532,49922770,39494954
2022-05-21,1300,7900,49924070,39502854
2022-05-22,231,1014,49924301,39503868
2022-05-23,830,8269,49925131,39512137
2022-05-24,1073,8672,49926204,39520809
2022-05-25,1370,9460,49927574,39530269
2022-05-26,1195,9480,49928769,39539749
2022-05-27,1232,9915,49930001,39549664
2022-05-28,1205,7887,49931206,39557551
2022-05-29,288,1265,49931494,39558816
2022-05-30,930,8055,49932424,39566871
2022-05-31,1036,8547,49933460,39575418
2022-06-01,892,7655,49934352,39583073
2022-06-02,35,474,49934387,39583547
2022-06-03,818,7333,49935205,39590880
2022-06-04,870,5163,49936075,39596043
2022-06-05,89,586,49936164,39596629
2022-06-06,678,7000,49936842,39603629
2022-06-07,952,7849,49937794,39611478
2022-06-08,981,7907,49938775,39619385
2022-06-09,1036,8416,49939811,39627801
2022-06-10,958,8564,49940769,39636365
2022-06-11,903,6207,49941672,39642572
2022-06-12,140,768,49941812,39643340
2022-06-13,602,6301,49942414,39649641
2022-06-14,831,7900,49943245,39657541
2022-06-15,958,7854,49944203,39665395
2022-06-16,730,7395,49944933,39672790
2022-06-17,723,7243,49945656,39680033
2022-06-18,777,5593,49946433,39685626
2022-06-19,48,522,49946481,39686148
2022-06-20,587,6699,49947068,39692847
2022-06-21,737,7665,49947805,39700512
2022-06-22,781,7308,49948586,39707820
2022-06-23,652,7468,49949238,39715288
2022-06-24,644,7473,49949882,39722761
2022-06-25,835,6535,49950717,39729296
2022-06-26,128,523,49950845,39729819
2022-06-27,533,7124,49951378,39736943
2022-06-28,746,8207,49952124,39745150
2022-06-29,756,7731,49952880,39752881
2022-06-30,745,8145,49953625,39761026
2022-07-01,577,6443,49954202,39767469
2022-07-02,536,4770,49954738,39772239
2022-07-03,49,456,49954787,39772695
2022-07-04,469,6276,49955256,39778971
2022-07-05,630,8118,49955886,39787089
2022-07-06,633,7611,49956519,39794700
2022-07-07,572,8271,49957091,39802971
2022-07-08,672,8083,49957763,39811054
2022-07-09,550,6104,49958313,39817158
2022-07-10,58,533,49958371,39817691
2022-07-11,487,7638,49958858,39825329
2022-07-12,667,9030,49959525,39834359
2022-07-13,643,10068,49960168,39844427
2022-07-14,636,10224,49960804,39854651
2022-07-15,625,10666,49961429,39865317
2022-07-16,522,7214,49961951,39872531
2022-07-17,48,770,49961999,39873301
2022-07-18,496,9369,49962495,39882670
2022-07-19,575,10683,49963070,39893353
2022-07-20,580,11274,49963650,39904627
2022-07-21,628,12088,49964278,39916715
2022-07-22,584,11257,49964862,39927972
2022-07-23,381,6773,49965243,39934745
2022-07-24,76,857,49965319,39935602
2022-07-25,503,9051,49965822,39944653
2022-07-26,518,9759,49966340,39954412
2022-07-27,553,10204,49966893,39964616
2022-07-28,531,10535,49967424,39975151
2022-07-29,509,9464,49967933,39984615
2022-07-30,382,5881,49968315,39990496
2022-07-31,49,764,49968364,39991260
2022-08-01,386,6863,49968750,39998123
2022-08-02,541,7588,49969291,40005711
2022-08-03,511,7177,49969802,40012888
2022-08-04,456,7488,49970258,40020376
2022-08-05,420,6526,49970678,40026902
2022-08-06,299,3612,49970977,40030514
2022-08-07,44,561,49971021,40031075
2022-08-08,402,4891,49971423,40035966
2022-08-09,381,5310,49971804,40041276
2022-08-10,383,4816,49972187,40046092
2022-08-11,369,4783,49972556,40050875
2022-08-12,293,3720,49972849,40054595
2022-08-13,143,1600,49972992,40056195
2022-08-14,9,129,49973001,40056324
2022-08-15,1,26,49973002,40056350
2022-08-16,283,3043,49973285,40059393
2022-08-17,352,3535,49973637,40062928
2022-08-18,391,4161,49974028,40067089
2022-08-19,341,3320,49974369,40070409
2022-08-20,183,1715,49974552,40072124
2022-08-21,24,149,49974576,40072273
2022-08-22,329,2952,49974905,40075225
2022-08-23,370,3674,49975275,40078899
2022-08-24,384,3359,49975659,40082258
2022-08-25,420,3773,49976079,40086031
2022-08-26,399,3573,49976478,40089604
2022-08-27,237,1769,49976715,40091373
2022-08-28,29,267,49976744,40091640
2022-08-29,354,3161,49977098,40094801
2022-08-30,403,3671,49977501,40098472
2022-08-31,437,3735,49977938,40102207
2022-09-01,353,3116,49978291,40105323
2022-09-02,296,2893,49978587,40108216
2022-09-03,200,1688,49978787,40109904
2022-09-04,23,149,49978810,40110053
2022-09-05,187,2656,49978997,40112709
2022-09-06,303,2982,49979300,40115691
2022-09-07,540,2936,49979840,40118627
2022-09-08,292,2962,49980132,40121589
2022-09-09,305,2884,49980437,40124473
2022-09-10,227,1326,49980664,40125799
2022-09-11,23,124,49980687,40125923
2022-09-12,267,2266,49980954,40128189
2022-09-13,252,2276,49981206,40130465
2022-09-14,266,2565,49981472,40133030
2022-09-15,281,2497,49981753,40135527
2022-09-16,254,2544,49982007,40138071
2022-09-17,239,1339,49982246,40139410
2022-09-18,20,170,49982266,40139580
2022-09-19,206,1970,49982472,40141550
2022-09-20,236,2385,49982708,40143935
2022-09-21,289,2526,49982997,40146461
2022-09-22,264,2654,49983261,40149115
2022-09-23,258,2540,49983519,40151655
2022-09-24,193,1427,49983712,40153082
2022-09-25,29,133,49983741,40153215
2022-09-26,280,2248,49984021,40155463
2022-09-27,287,2682,49984308,40158145
2022-09-28,309,2896,49984617,40161041
2022-09-29,256,3048,49984873,40164089
2022-09-30,290,2986,49985163,40167075
2022-10-01,195,1515,49985358,40168590
2022-10-02,12,187,49985370,40168777
2022-10-03,182,2474,49985552,40171251
2022-10-04,236,2865,49985788,40174116
2022-10-05,227,3249,49986015,40177365
2022-10-06,242,3872,49986257,40181237
2022-10-07,282,4186,49986539,40185423
2022-10-08,202,2270,49986741,40187693
2022-10-09,8,304,49986749,40187997
2022-10-10,208,3354,49986957,40191351
2022-10-11,192,4374,49987149,40195725
2022-10-12,209,4435,49987358,40200160
2022-10-13,200,5297,49987558,40205457
2022-10-14,231,5022,49987789,40210479
2022-10-15,189,2670,49987978,40213149
2022-10-16,6,360,49987984,40213509
2022-10-17,185,3867,49988169,40217376
2022-10-18,256,4956,49988425,40222332
2022-10-19,241,5464,49988666,40227796
2022-10-20,222,5987,49988888,40233783
2022-10-21,249,5467,49989137,40239250
2022-10-22,195,2909,49989332,40242159
2022-10-23,13,356,49989345,40242515
2022-10-24,171,3917,49989516,40246432
2022-10-25,252,4918,49989768,40251350
2022-10-26,341,5471,49990109,40256821
2022-10-27,239,5657,49990348,40262478
2022-10-28,199,5247,49990547,40267725
2022-10-29,127,2838,49990674,40270563
2022-10-30,3,326,49990677,40270889
2022-10-31,117,3034,49990794,40273923
2022-11-01,10,329,49990804,40274252
2022-11-02,143,3698,49990947,40277950
2022-11-03,171,4762,49991118,40282712
2022-11-04,224,4581,49991342,40287293
2022-11-05,143,2590,49991485,40289883
2022-11-06,10,258,49991495,40290141
2022-11-07,161,3213,49991656,40293354
2022-11-08,258,4209,49991914,40297563
2022-11-09,197,4291,49992111,40301854
2022-11-10,181,4539,49992292,40306393
2022-11-11,188,4200,49992480,40310593
2022-11-12,152,2347,49992632,40312940
2022-11-13,7,331,49992639,40313271
2022-11-14,148,2825,49992787,40316096
2022-11-15,198,3709,49992985,40319805
2022-11-16,204,3920,49993189,40323725
2022-11-17,188,4020,49993377,40327745
2022-11-18,242,3930,49993619,40331675
2022-11-19,111,2035,49993730,40333710
2022-11-20,24,307,49993754,40334017
2022-11-21,116,2527,49993870,40336544
2022-11-22,134,3046,49994004,40339590
2022-11-23,124,1677,49994128,40341267