data_somministrazione,vaccinazioni,booster,cum_vaccinazioni,cum_booster
2020-12-27,15,0,15,0
2020-12-28,2,0,17,0
2020-12-29,1,0,18,0
2020-12-30,2,0,20,0
2020-12-31,34,0,54,0
2021-01-01,12,0,66,0
2021-01-02,54,0,120,0
2021-01-03,45,0,165,0
2021-01-04,120,0,285,0
2021-01-05,157,0,442,0
2021-01-06,132,0,574,0
2021-01-07,194,0,768,0
2021-01-08,236,0,1004,0
2021-01-09,168,0,1172,0
2021-01-10,108,0,1280,0
2021-01-11,195,0,1475,0
2021-01-12,201,0,1676,0
2021-01-13,299,0,1975,0
2021-01-14,389,0,2364,0
2021-01-15,228,0,2592,0
2021-01-16,161,0,2753,0
2021-01-17,3046,0,5799,0
2021-01-18,5178,0,10977,0
2021-01-19,1865,0,12842,0
2021-01-20,4650,0,17492,0
2021-01-21,20002,0,37494,0
2021-01-22,14194,0,51688,0
2021-01-23,33352,0,85040,0
2021-01-24,30789,0,115829,0
2021-01-25,64764,0,180593,0
2021-01-26,76534,0,257127,0
2021-01-27,64871,0,321998,0
2021-01-28,89326,0,411324,0
2021-01-29,94064,0,505388,0
2021-01-30,84350,0,589738,0
2021-01-31,57337,0,647075,0
2021-02-01,81880,0,728955,0
2021-02-02,82150,0,811105,0
2021-02-03,91205,0,902310,0
2021-02-04,94511,0,996821,0
2021-02-05,90256,0,1087077,0
2021-02-06,63722,0,1150799,0
2021-02-07,32913,0,1183712,0
2021-02-08,40401,0,1224113,0
2021-02-09,32826,0,1256939,0
2021-02-10,28368,0,1285307,0
2021-02-11,20339,0,1305646,0
2021-02-12,16170,0,1321816,0
2021-02-13,7214,0,1329030,0
2021-02-14,2854,0,1331884,0
2021-02-15,6811,0,1338695,0
2021-02-16,6968,0,1345663,0
2021-02-17,10484,0,1356147,0
2021-02-18,9206,0,1365353,0
2021-02-19,8135,0,1373488,0
2021-02-20,5464,0,1378952,0
2021-02-21,2936,0,1381888,0
2021-02-22,6825,0,1388713,0
2021-02-23,7081,0,1395794,0
2021-02-24,9779,0,1405573,0
2021-02-25,14159,0,1419732,0
2021-02-26,17461,0,1437193,0
2021-02-27,13839,0,1451032,0
2021-02-28,9332,0,1460364,0
2021-03-01,26423,0,1486787,0
2021-03-02,33140,0,1519927,0
2021-03-03,44577,0,1564504,0
2021-03-04,50174,0,1614678,0
2021-03-05,55667,0,1670345,0
2021-03-06,40914,0,1711259,0
2021-03-07,22278,0,1733537,0
2021-03-08,50593,0,1784130,0
2021-03-09,52916,0,1837046,0
2021-03-10,58066,0,1895112,0
2021-03-11,63681,0,1958793,0
2021-03-12,64997,0,2023790,0
2021-03-13,51571,0,2075361,0
2021-03-14,35330,0,2110691,0
2021-03-15,73278,0,2183969,0
2021-03-16,73958,0,2257927,0
2021-03-17,83017,0,2340944,0
2021-03-18,81207,0,2422151,0
2021-03-19,80315,0,2502466,0
2021-03-20,64224,0,2566690,0
2021-03-21,47235,0,2613925,0
2021-03-22,69361,0,2683286,0
2021-03-23,75451,0,2758737,0
2021-03-24,90735,0,2849472,0
2021-03-25,89285,0,2938757,0
2021-03-26,83448,0,3022205,0
2021-03-27,71770,0,3093975,0
2021-03-28,44000,0,3137975,0
2021-03-29,70667,0,3208642,0
2021-03-30,80664,0,3289306,0
2021-03-31,95535,0,3384841,0
2021-04-01,94485,0,3479326,0
2021-04-02,83477,0,3562803,0
2021-04-03,64205,0,3627008,0
2021-04-04,21678,0,3648686,0
2021-04-05,40240,0,3688926,0
2021-04-06,80897,0,3769823,0
2021-04-07,95616,0,3865439,0
2021-04-08,94564,0,3960003,0
2021-04-09,87755,0,4047758,0
2021-04-10,73564,0,4121322,0
2021-04-11,44674,0,4165996,0
2021-04-12,66809,0,4232805,0
2021-04-13,72480,0,4305285,0
2021-04-14,85175,0,4390460,0
2021-04-15,104724,0,4495184,0
2021-04-16,105764,0,4600948,0
2021-04-17,90114,0,4691062,0
2021-04-18,57447,0,4748509,0
2021-04-19,93215,0,4841724,0
2021-04-20,102849,0,4944573,0
2021-04-21,124329,0,5068902,0
2021-04-22,142902,0,5211804,0
2021-04-23,137823,0,5349627,0
2021-04-24,123824,0,5473451,0
2021-04-25,61369,0,5534820,0
2021-04-26,97570,0,5632390,0
2021-04-27,128119,0,5760509,0
2021-04-28,155986,0,5916495,0
2021-04-29,195031,0,6111526,0
2021-04-30,213606,0,6325132,0
2021-05-01,174111,0,6499243,0
2021-05-02,135825,0,6635068,0
2021-05-03,141713,0,6776781,0
2021-05-04,158329,0,6935110,0
2021-05-05,170153,0,7105263,0
2021-05-06,197240,0,7302503,0
2021-05-07,213176,0,7515679,0
2021-05-08,212975,0,7728654,0
2021-05-09,143006,0,7871660,0
2021-05-10,164681,0,8036341,0
2021-05-11,174275,0,8210616,0
2021-05-12,178569,0,8389185,0
2021-05-13,202398,0,8591583,0
2021-05-14,222043,0,8813626,0
2021-05-15,209842,0,9023468,0
2021-05-16,159084,0,9182552,0
2021-05-17,218566,0,9401118,0
2021-05-18,212367,0,9613485,0
2021-05-19,206392,0,9819877,0
2021-05-20,270248,0,10090125,0
2021-05-21,269852,0,10359977,0
2021-05-22,244672,0,10604649,0
2021-05-23,197026,0,10801675,0
2021-05-24,227756,0,11029431,0
2021-05-25,245015,0,11274446,0
2021-05-26,277105,0,11551551,0
2021-05-27,310509,0,11862060,0
2021-05-28,298638,0,12160698,0
2021-05-29,230496,0,12391194,0
2021-05-30,170653,0,12561847,0
2021-05-31,215958,0,12777805,0
2021-06-01,207061,0,12984866,0
2021-06-02,115591,0,13100457,0
2021-06-03,179660,0,13280117,0
2021-06-04,183999,0,13464116,0
2021-06-05,185176,0,13649292,0
2021-06-06,139327,0,13788619,0
2021-06-07,161047,0,13949666,0
2021-06-08,170410,0,14120076,0
2021-06-09,170787,0,14290863,0
2021-06-10,173310,0,14464173,0
2021-06-11,168681,0,14632854,0
2021-06-12,127253,0,14760107,0
2021-06-13,90878,0,14850985,0
2021-06-14,214085,0,15065070,0
2021-06-15,227802,0,15292872,0
2021-06-16,252792,0,15545664,0
2021-06-17,301154,0,15846818,0
2021-06-18,305409,0,16152227,0
2021-06-19,274748,0,16426975,0
2021-06-20,220558,0,16647533,0
2021-06-21,287721,0,16935254,0
2021-06-22,295686,0,17230940,0
2021-06-23,302302,0,17533242,0
2021-06-24,332090,0,17865332,0
2021-06-25,347983,0,18213315,0
2021-06-26,299912,0,18513227,0
2021-06-27,228739,0,18741966,0
2021-06-28,306802,0,19048768,0
2021-06-29,328310,0,19377078,0
2021-06-30,341529,0,19718607,0
2021-07-01,362199,0,20080806,0
2021-07-02,367878,0,20448684,0
2021-07-03,371218,0,20819902,0
2021-07-04,283179,0,21103081,0
2021-07-05,384161,0,21487242,0
2021-07-06,384891,0,21872133,0
2021-07-07,411869,0,22284002,0
2021-07-08,479144,0,22763146,0
2021-07-09,497516,0,23260662,0
2021-07-10,474847,0,23735509,0
2021-07-11,357730,0,24093239,0
2021-07-12,485639,0,24578878,0
2021-07-13,491480,0,25070358,0
2021-07-14,480330,0,25550688,0
2021-07-15,523190,0,26073878,0
2021-07-16,509310,0,26583188,0
2021-07-17,464384,0,27047572,0
2021-07-18,364759,0,27412331,0
2021-07-19,463036,0,27875367,0
2021-07-20,457802,0,28333169,0
2021-07-21,462659,0,28795828,0
2021-07-22,475069,0,29270897,0
2021-07-23,440541,0,29711438,0
2021-07-24,386073,0,30097511,0
2021-07-25,287501,0,30385012,0
2021-07-26,430457,0,30815469,0
2021-07-27,439579,0,31255048,0
2021-07-28,390713,0,31645761,0
2021-07-29,371797,0,32017558,0
2021-07-30,340792,0,32358350,0
2021-07-31,286859,0,32645209,0
2021-08-01,190731,0,32835940,0
2021-08-02,333658,0,33169598,0
2021-08-03,322539,0,33492137,0
2021-08-04,310667,0,33802804,0
2021-08-05,292026,0,34094830,0
2021-08-06,259180,0,34354010,0
2021-08-07,198792,0,34552802,0
2021-08-08,153016,0,34705818,0
2021-08-09,233689,0,34939507,0
2021-08-10,204578,0,35144085,0
2021-08-11,193331,0,35337416,0
2021-08-12,167642,0,35505058,0
2021-08-13,148102,0,35653160,0
2021-08-14,65925,0,35719085,0
2021-08-15,26273,0,35745358,0
2021-08-16,114484,0,35859842,0
2021-08-17,128892,0,35988734,0
2021-08-18,128472,0,36117206,0
2021-08-19,124333,0,36241539,0
2021-08-20,123336,0,36364875,0
2021-08-21,82970,0,36447845,0
2021-08-22,68043,0,36515888,0
2021-08-23,176116,0,36692004,0
2021-08-24,156257,0,36848261,0
2021-08-25,176834,0,37025095,0
2021-08-26,172079,0,37197174,0
2021-08-27,185430,0,37382604,0
2021-08-28,139987,0,37522591,0
2021-08-29,98868,0,37621459,0
2021-08-30,209298,0,37830757,0
2021-08-31,194311,0,38025068,0
2021-09-01,191906,0,38216974,0
2021-09-02,189494,0,38406468,0
2021-09-03,190805,0,38597273,0
2021-09-04,131305,0,38728578,0
2021-09-05,87809,0,38816387,0
2021-09-06,193304,0,39009691,0
2021-09-07,195564,0,39205255,0
2021-09-08,187544,0,39392799,0
2021-09-09,201098,0,39593897,0
2021-09-10,197693,0,39791590,0
2021-09-11,141104,0,39932694,0
2021-09-12,89431,0,40022125,0
2021-09-13,190824,335,40212949,335
2021-09-14,177114,419,40390063,754
2021-09-15,162832,451,40552895,1205
2021-09-16,159579,784,40712474,1989
2021-09-17,149753,999,40862227,2988
2021-09-18,127758,654,40989985,3642
2021-09-19,80929,440,41070914,4082
2021-09-20,179374,8950,41250288,13032
2021-09-21,166147,8718,41416435,21750
2021-09-22,158503,9354,41574938,31104
2021-09-23,137375,9221,41712313,40325
2021-09-24,139764,8847,41852077,49172
2021-09-25,119229,5554,41971306,54726
2021-09-26,71724,4293,42043030,59019
2021-09-27,135154,9959,42178184,68978
2021-09-28,116886,11283,42295070,80261
2021-09-29,111810,11724,42406880,91985
2021-09-30,109611,14826,42516491,106811
2021-10-01,94436,18971,42610927,125782
2021-10-02,78153,13980,42689080,139762
2021-10-03,47484,7626,42736564,147388
2021-10-04,87934,34343,42824498,181731
2021-10-05,79969,33872,42904467,215603
2021-10-06,71475,34036,42975942,249639
2021-10-07,71376,34246,43047318,283885
2021-10-08,80180,33368,43127498,317253
2021-10-09,75705,22102,43203203,339355
2021-10-10,45591,13589,43248794,352944
2021-10-11,86951,40941,43335745,393885
2021-10-12,84034,46706,43419779,440591
2021-10-13,87776,51963,43507555,492554
2021-10-14,90892,58341,43598447,550895
2021-10-15,92970,55248,43691417,606143
2021-10-16,82579,36684,43773996,642827
2021-10-17,51200,23771,43825196,666598
2021-10-18,89892,59146,43915088,725744
2021-10-19,78027,69108,43993115,794852
2021-10-20,74784,77800,44067899,872652
2021-10-21,77963,81446,44145862,954098
2021-10-22,73522,76520,44219384,1030618
2021-10-23,60657,51843,44280041,1082461
2021-10-24,33273,23395,44313314,1105856
2021-10-25,64676,81470,44377990,1187326
2021-10-26,58113,91422,44436103,1278748
2021-10-27,58022,103587,44494125,1382335
2021-10-28,61194,113538,44555319,1495873
2021-10-29,61411,102525,44616730,1598398
2021-10-30,50527,67962,44667257,1666360
2021-10-31,25093,28230,44692350,1694590
2021-11-01,19003,28113,44711353,1722703
2021-11-02,62520,89041,44773873,1811744
2021-11-03,60457,118170,44834330,1929914
2021-11-04,58945,126219,44893275,2056133
2021-11-05,62779,134633,44956054,2190766
2021-11-06,46309,90774,45002363,2281540
2021-11-07,22189,37818,45024552,2319358
2021-11-08,51131,130707,45075683,2450065
2021-11-09,45183,143536,45120866,2593601
2021-11-10,42424,155618,45163290,2749219
2021-11-11,44687,154351,45207977,2903570
2021-11-12,46045,157865,45254022,3061435
2021-11-13,32988,116290,45287010,3177725
2021-11-14,14418,52374,45301428,3230099
2021-11-15,36624,156708,45338052,3386807
2021-11-16,30319,170772,45368371,3557579
2021-11-17,28203,177906,45396574,3735485
2021-11-18,30023,192964,45426597,3928449
2021-11-19,28533,204993,45455130,4133442
2021-11-20,20836,155992,45475966,4289434
2021-11-21,10511,64690,45486477,4354124
2021-11-22,21669,212123,45508146,4566247
2021-11-23,23300,240867,45531446,4807114
2021-11-24,27505,270020,45558951,5077134
2021-11-25,22831,300876,45581782,5378010
2021-11-26,24163,317226,45605945,5695236
2021-11-27,21055,265598,45627000,5960834
2021-11-28,9737,136797,45636737,6097631
2021-11-29,21800,324917,45658537,6422548
2021-11-30,22580,364528,45681117,6787076
2021-12-01,20948,411998,45702065,7199074
2021-12-02,23078,438910,45725143,7637984
2021-12-03,24502,465625,45749645,8103609
2021-12-04,21699,418169,45771344,8521778
2021-12-05,11433,261103,45782777,8782881
2021-12-06,24785,456093,45807562,9238974
2021-12-07,23094,478480,45830656,9717454
2021-12-08,9435,249425,45840091,9966879
2021-12-09,30266,490293,45870357,10457172
2021-12-10,26804,516090,45897161,10973262
2021-12-11,22430,458751,45919591,11432013
2021-12-12,11585,293165,45931176,11725178
2021-12-13,24828,466159,45956004,12191337
2021-12-14,23789,492927,45979793,12684264
2021-12-15,23942,515385,46003735,13199649
2021-12-16,26155,518609,46029890,13718258
2021-12-17,27764,515218,46057654,14233476
2021-12-18,25376,468068,46083030,14701544
2021-12-19,13933,300115,46096963,15001659
2021-12-20,28902,475687,46125865,15477346
2021-12-21,28599,491649,46154464,15968995
2021-12-22,27472,483348,46181936,16452343
2021-12-23,26227,425701,46208163,16878044
2021-12-24,12366,210315,46220529,17088359
2021-12-25,2039,32997,46222568,17121356
2021-12-26,7868,158932,46230436,17280288
2021-12-27,43630,503327,46274066,17783615
2021-12-28,38423,552684,46312489,18336299
2021-12-29,30190,549100,46342679,18885399
2021-12-30,27917,498331,46370596,19383730
2021-12-31,12272,246698,46382868,19630428
2022-01-01,3104,64721,46385972,19695149
2022-01-02,19568,276472,46405540,19971621
2022-01-03,42857,519519,46448397,20491140
2022-01-04,40945,571101,46489342,21062241
2022-01-05,35406,559683,46524748,21621924
2022-01-06,20456,274115,46545204,21896039
2022-01-07,58349,552899,46603553,22448938
2022-01-08,55070,502360,46658623,22951298
2022-01-09,38529,319213,46697152,23270511
2022-01-10,56736,540584,46753888,23811095
2022-01-11,56997,585266,46810885,24396361
2022-01-12,53761,579161,46864646,24975522
2022-01-13,54276,578356,46918922,25553878
2022-01-14,42500,586216,46961422,26140094
2022-01-15,34168,566768,46995590,26706862
2022-01-16,27746,340410,47023336,27047272
2022-01-17,51778,487878,47075114,27535150
2022-01-18,55533,515077,47130647,28050227
2022-01-19,54534,500362,47185181,28550589
2022-01-20,51678,495574,47236859,29046163
2022-01-21,39453,490019,47276312,29536182
2022-01-22,28125,466333,47304437,30002515
2022-01-23,33108,273297,47337545,30275812
2022-01-24,54095,431367,47391640,30707179
2022-01-25,63830,431309,47455470,31138488