data_somministrazione,vaccinazioni,booster,cum_vaccinazioni,cum_booster
2020-12-27,20,0,20,0
2020-12-28,2,0,22,0
2020-12-29,1,0,23,0
2020-12-30,10,0,33,0
2020-12-31,76,0,109,0
2021-01-01,25,0,134,0
2021-01-02,142,0,276,0
2021-01-03,103,0,379,0
2021-01-04,234,0,613,0
2021-01-05,278,0,891,0
2021-01-06,244,0,1135,0
2021-01-07,322,0,1457,0
2021-01-08,377,0,1834,0
2021-01-09,281,0,2115,0
2021-01-10,165,0,2280,0
2021-01-11,302,0,2582,0
2021-01-12,282,0,2864,0
2021-01-13,416,0,3280,0
2021-01-14,502,0,3782,0
2021-01-15,316,0,4098,0
2021-01-16,223,0,4321,0
2021-01-17,3063,0,7384,0
2021-01-18,5219,0,12603,0
2021-01-19,1894,0,14497,0
2021-01-20,4659,0,19156,0
2021-01-21,20006,0,39162,0
2021-01-22,14220,0,53382,0
2021-01-23,33323,0,86705,0
2021-01-24,30777,0,117482,0
2021-01-25,64707,0,182189,0
2021-01-26,76467,0,258656,0
2021-01-27,64814,0,323470,0
2021-01-28,89257,0,412727,0
2021-01-29,93999,0,506726,0
2021-01-30,86545,0,593271,0
2021-01-31,57325,0,650596,0
2021-02-01,81838,0,732434,0
2021-02-02,82135,0,814569,0
2021-02-03,91107,0,905676,0
2021-02-04,95386,0,1001062,0
2021-02-05,90270,0,1091332,0
2021-02-06,63447,0,1154779,0
2021-02-07,32935,0,1187714,0
2021-02-08,40423,0,1228137,0
2021-02-09,32879,0,1261016,0
2021-02-10,28435,0,1289451,0
2021-02-11,20405,0,1309856,0
2021-02-12,16250,0,1326106,0
2021-02-13,7279,0,1333385,0
2021-02-14,2862,0,1336247,0
2021-02-15,6846,0,1343093,0
2021-02-16,7004,0,1350097,0
2021-02-17,10526,0,1360623,0
2021-02-18,9255,0,1369878,0
2021-02-19,8255,0,1378133,0
2021-02-20,5577,0,1383710,0
2021-02-21,3013,0,1386723,0
2021-02-22,6882,0,1393605,0
2021-02-23,7187,0,1400792,0
2021-02-24,9812,0,1410604,0
2021-02-25,14213,0,1424817,0
2021-02-26,17559,0,1442376,0
2021-02-27,13918,0,1456294,0
2021-02-28,9393,0,1465687,0
2021-03-01,26525,0,1492212,0
2021-03-02,33248,0,1525460,0
2021-03-03,44646,0,1570106,0
2021-03-04,50299,0,1620405,0
2021-03-05,55744,0,1676149,0
2021-03-06,41878,0,1718027,0
2021-03-07,22329,0,1740356,0
2021-03-08,50833,0,1791189,0
2021-03-09,53089,0,1844278,0
2021-03-10,58683,0,1902961,0
2021-03-11,63882,0,1966843,0
2021-03-12,65135,0,2031978,0
2021-03-13,51730,0,2083708,0
2021-03-14,35423,0,2119131,0
2021-03-15,73460,0,2192591,0
2021-03-16,74028,0,2266619,0
2021-03-17,83139,0,2349758,0
2021-03-18,81628,0,2431386,0
2021-03-19,81089,0,2512475,0
2021-03-20,64736,0,2577211,0
2021-03-21,47311,0,2624522,0
2021-03-22,69501,0,2694023,0
2021-03-23,75814,0,2769837,0
2021-03-24,90923,0,2860760,0
2021-03-25,89822,0,2950582,0
2021-03-26,83640,0,3034222,0
2021-03-27,71955,0,3106177,0
2021-03-28,44184,0,3150361,0
2021-03-29,70846,0,3221207,0
2021-03-30,81403,0,3302610,0
2021-03-31,96260,0,3398870,0
2021-04-01,95326,0,3494196,0
2021-04-02,84083,0,3578279,0
2021-04-03,64303,0,3642582,0
2021-04-04,21724,0,3664306,0
2021-04-05,40316,0,3704622,0
2021-04-06,81335,0,3785957,0
2021-04-07,95841,0,3881798,0
2021-04-08,95259,0,3977057,0
2021-04-09,88503,0,4065560,0
2021-04-10,74032,0,4139592,0
2021-04-11,44769,0,4184361,0
2021-04-12,66920,0,4251281,0
2021-04-13,72594,0,4323875,0
2021-04-14,85550,0,4409425,0
2021-04-15,105425,0,4514850,0
2021-04-16,106428,0,4621278,0
2021-04-17,90528,0,4711806,0
2021-04-18,58596,0,4770402,0
2021-04-19,93433,0,4863835,0
2021-04-20,103777,0,4967612,0
2021-04-21,125343,0,5092955,0
2021-04-22,143524,0,5236479,0
2021-04-23,138750,0,5375229,0
2021-04-24,124454,0,5499683,0
2021-04-25,61470,0,5561153,0
2021-04-26,97908,0,5659061,0
2021-04-27,128373,0,5787434,0
2021-04-28,156389,0,5943823,0
2021-04-29,195614,0,6139437,0
2021-04-30,214607,0,6354044,0
2021-05-01,174140,0,6528184,0
2021-05-02,135806,0,6663990,0
2021-05-03,142067,0,6806057,0
2021-05-04,158711,0,6964768,0
2021-05-05,170539,0,7135307,0
2021-05-06,197817,0,7333124,0
2021-05-07,213869,0,7546993,0
2021-05-08,213439,0,7760432,0
2021-05-09,143218,0,7903650,0
2021-05-10,165103,0,8068753,0
2021-05-11,175006,0,8243759,0
2021-05-12,179221,0,8422980,0
2021-05-13,203419,0,8626399,0
2021-05-14,222939,0,8849338,0
2021-05-15,210388,0,9059726,0
2021-05-16,159285,0,9219011,0
2021-05-17,219217,0,9438228,0
2021-05-18,213031,0,9651259,0
2021-05-19,207098,0,9858357,0
2021-05-20,270887,0,10129244,0
2021-05-21,270915,0,10400159,0
2021-05-22,245544,0,10645703,0
2021-05-23,197187,0,10842890,0
2021-05-24,228311,0,11071201,0
2021-05-25,245699,0,11316900,0
2021-05-26,277514,0,11594414,0
2021-05-27,311103,0,11905517,0
2021-05-28,299585,0,12205102,0
2021-05-29,231246,0,12436348,0
2021-05-30,170851,0,12607199,0
2021-05-31,216436,0,12823635,0
2021-06-01,207640,0,13031275,0
2021-06-02,115804,0,13147079,0
2021-06-03,180170,0,13327249,0
2021-06-04,184921,0,13512170,0
2021-06-05,185995,0,13698165,0
2021-06-06,139583,0,13837748,0
2021-06-07,161903,0,13999651,0
2021-06-08,171283,0,14170934,0
2021-06-09,171524,0,14342458,0
2021-06-10,174149,0,14516607,0
2021-06-11,170017,0,14686624,0
2021-06-12,128381,0,14815005,0
2021-06-13,91227,0,14906232,0
2021-06-14,214708,0,15120940,0
2021-06-15,228458,0,15349398,0
2021-06-16,253111,0,15602509,0
2021-06-17,301771,0,15904280,0
2021-06-18,306327,0,16210607,0
2021-06-19,275115,0,16485722,0
2021-06-20,220820,0,16706542,0
2021-06-21,288099,0,16994641,0
2021-06-22,296249,0,17290890,0
2021-06-23,302703,0,17593593,0
2021-06-24,332622,0,17926215,0
2021-06-25,348728,0,18274943,0
2021-06-26,300151,0,18575094,0
2021-06-27,228692,0,18803786,0
2021-06-28,307147,0,19110933,0
2021-06-29,329331,0,19440264,0
2021-06-30,342213,0,19782477,0
2021-07-01,363241,0,20145718,0
2021-07-02,368503,0,20514221,0
2021-07-03,371101,0,20885322,0
2021-07-04,283239,0,21168561,0
2021-07-05,384567,0,21553128,0
2021-07-06,385492,0,21938620,0
2021-07-07,412140,0,22350760,0
2021-07-08,479592,0,22830352,0
2021-07-09,498465,0,23328817,0
2021-07-10,475170,0,23803987,0
2021-07-11,357696,0,24161683,0
2021-07-12,485882,0,24647565,0
2021-07-13,492078,0,25139643,0
2021-07-14,480435,0,25620078,0
2021-07-15,523432,0,26143510,0
2021-07-16,509755,0,26653265,0
2021-07-17,464326,0,27117591,0
2021-07-18,364642,0,27482233,0
2021-07-19,463033,0,27945266,0
2021-07-20,458047,0,28403313,0
2021-07-21,462786,0,28866099,0
2021-07-22,475379,0,29341478,0
2021-07-23,441319,0,29782797,0
2021-07-24,386149,0,30168946,0
2021-07-25,287553,0,30456499,0
2021-07-26,430891,0,30887390,0
2021-07-27,440110,0,31327500,0
2021-07-28,391020,0,31718520,0
2021-07-29,372068,0,32090588,0
2021-07-30,341516,0,32432104,0
2021-07-31,287042,0,32719146,0
2021-08-01,191000,0,32910146,0
2021-08-02,333706,0,33243852,0
2021-08-03,323180,0,33567032,0
2021-08-04,310984,0,33878016,0
2021-08-05,292486,0,34170502,0
2021-08-06,260038,0,34430540,0
2021-08-07,199067,0,34629607,0
2021-08-08,153106,0,34782713,0
2021-08-09,234083,0,35016796,0
2021-08-10,205272,0,35222068,0
2021-08-11,193784,0,35415852,0
2021-08-12,168058,0,35583910,0
2021-08-13,148663,0,35732573,0
2021-08-14,66101,0,35798674,0
2021-08-15,26343,0,35825017,0
2021-08-16,114711,0,35939728,0
2021-08-17,129251,0,36068979,0
2021-08-18,128766,0,36197745,0
2021-08-19,124846,0,36322591,0
2021-08-20,123797,0,36446388,0
2021-08-21,83136,0,36529524,0
2021-08-22,68178,0,36597702,0
2021-08-23,176873,0,36774575,0
2021-08-24,156897,0,36931472,0
2021-08-25,177172,0,37108644,0
2021-08-26,172353,0,37280997,0
2021-08-27,185831,0,37466828,0
2021-08-28,140288,0,37607116,0
2021-08-29,98993,0,37706109,0
2021-08-30,209585,0,37915694,0
2021-08-31,194644,0,38110338,0
2021-09-01,192217,0,38302555,0
2021-09-02,189932,0,38492487,0
2021-09-03,191289,0,38683776,0
2021-09-04,131448,0,38815224,0
2021-09-05,87849,0,38903073,0
2021-09-06,193607,0,39096680,0
2021-09-07,196044,0,39292724,0
2021-09-08,187867,0,39480591,0
2021-09-09,201423,0,39682014,0
2021-09-10,198056,0,39880070,0
2021-09-11,141288,0,40021358,0
2021-09-12,89592,0,40110950,0
2021-09-13,191114,635,40302064,635
2021-09-14,177220,640,40479284,1275
2021-09-15,163081,645,40642365,1920
2021-09-16,160049,992,40802414,2912
2021-09-17,150161,1163,40952575,4075
2021-09-18,127978,775,41080553,4850
2021-09-19,81140,508,41161693,5358
2021-09-20,180066,9121,41341759,14479
2021-09-21,166670,8861,41508429,23340
2021-09-22,159109,9461,41667538,32801
2021-09-23,138098,9355,41805636,42156
2021-09-24,140554,9008,41946190,51164
2021-09-25,119560,5671,42065750,56835
2021-09-26,71993,4361,42137743,61196
2021-09-27,135665,10080,42273408,71276
2021-09-28,117519,11421,42390927,82697
2021-09-29,112370,11850,42503297,94547
2021-09-30,110284,14978,42613581,109525
2021-10-01,94992,19142,42708573,128667
2021-10-02,78517,14043,42787090,142710
2021-10-03,47760,7668,42834850,150378
2021-10-04,88392,34479,42923242,184857
2021-10-05,80382,34014,43003624,218871
2021-10-06,72009,34205,43075633,253076
2021-10-07,71880,34369,43147513,287445
2021-10-08,80638,33621,43228151,321066
2021-10-09,76114,22191,43304265,343257
2021-10-10,45789,13630,43350054,356887
2021-10-11,87449,41130,43437503,398017
2021-10-12,84518,46930,43522021,444947
2021-10-13,88213,52163,43610234,497110
2021-10-14,91551,58554,43701785,555664
2021-10-15,93599,55673,43795384,611337
2021-10-16,82969,36824,43878353,648161
2021-10-17,51463,23858,43929816,672019
2021-10-18,90301,59517,44020117,731536
2021-10-19,78354,69406,44098471,800942
2021-10-20,75064,78205,44173535,879147
2021-10-21,78292,81806,44251827,960953
2021-10-22,73770,77078,44325597,1038031
2021-10-23,60834,51973,44386431,1090004
2021-10-24,33369,23478,44419800,1113482
2021-10-25,64897,81663,44484697,1195145
2021-10-26,58376,91830,44543073,1286975
2021-10-27,58314,104029,44601387,1391004
2021-10-28,61449,114154,44662836,1505158
2021-10-29,61635,103179,44724471,1608337
2021-10-30,50676,68142,44775147,1676479
2021-10-31,25160,28309,44800307,1704788
2021-11-01,19049,28158,44819356,1732946
2021-11-02,62739,89433,44882095,1822379
2021-11-03,60716,118698,44942811,1941077
2021-11-04,59237,126699,45002048,2067776
2021-11-05,63095,135218,45065143,2202994
2021-11-06,46489,90938,45111632,2293932
2021-11-07,22250,37904,45133882,2331836
2021-11-08,51528,131292,45185410,2463128
2021-11-09,45402,144236,45230812,2607364
2021-11-10,42593,156371,45273405,2763735
2021-11-11,44930,155166,45318335,2918901
2021-11-12,46310,158683,45364645,3077584
2021-11-13,33264,116678,45397909,3194262
2021-11-14,14492,52459,45412401,3246721
2021-11-15,36908,157445,45449309,3404166
2021-11-16,30566,171403,45479875,3575569
2021-11-17,28469,178460,45508344,3754029
2021-11-18,30293,193762,45538637,3947791
2021-11-19,28818,205882,45567455,4153673
2021-11-20,21006,156459,45588461,4310132
2021-11-21,10611,64871,45599072,4375003
2021-11-22,21957,213161,45621029,4588164
2021-11-23,23603,241800,45644632,4829964
2021-11-24,27805,271050,45672437,5101014
2021-11-25,23267,301933,45695704,5402947
2021-11-26,24596,318305,45720300,5721252
2021-11-27,21406,266167,45741706,5987419
2021-11-28,9908,137068,45751614,6124487
2021-11-29,22365,326072,45773979,6450559
2021-11-30,23115,365864,45797094,6816423
2021-12-01,21554,413528,45818648,7229951
2021-12-02,23791,440440,45842439,7670391
2021-12-03,25271,467528,45867710,8137919
2021-12-04,22393,418797,45890103,8556716
2021-12-05,11944,261365,45902047,8818081
2021-12-06,25842,457629,45927889,9275710
2021-12-07,24160,480304,45952049,9756014
2021-12-08,10029,249720,45962078,10005734
2021-12-09,31619,491962,45993697,10497696
2021-12-10,28095,517927,46021792,11015623
2021-12-11,23586,459274,46045378,11474897
2021-12-12,12319,293527,46057697,11768424
2021-12-13,26174,467654,46083871,12236078
2021-12-14,25203,494236,46109074,12730314
2021-12-15,25369,517189,46134443,13247503
2021-12-16,27921,520299,46162364,13767802
2021-12-17,29395,517217,46191759,14285019
2021-12-18,27109,468777,46218868,14753796
2021-12-19,15170,300541,46234038,15054337
2021-12-20,30671,477503,46264709,15531840
2021-12-21,30409,493435,46295118,16025275
2021-12-22,29482,484751,46324600,16510026
2021-12-23,28286,426956,46352886,16936982
2021-12-24,13125,210842,46366011,17147824
2021-12-25,2104,33053,46368115,17180877
2021-12-26,8774,159076,46376889,17339953
2021-12-27,46844,504691,46423733,17844644
2021-12-28,42506,554255,46466239,18398899
2021-12-29,34390,550677,46500629,18949576
2021-12-30,31888,499861,46532517,19449437
2021-12-31,14144,247407,46546661,19696844
2022-01-01,3499,64815,46550160,19761659
2022-01-02,22822,276727,46572982,20038386
2022-01-03,47930,520034,46620912,20558420
2022-01-04,46465,572099,46667377,21130519
2022-01-05,40836,560418,46708213,21690937
2022-01-06,23535,274491,46731748,21965428
2022-01-07,63792,554220,46795540,22519648
2022-01-08,60963,503411,46856503,23023059
2022-01-09,42946,319700,46899449,23342759
2022-01-10,61165,542322,46960614,23885081
2022-01-11,61833,587038,47022447,24472119
2022-01-12,58540,581305,47080987,25053424
2022-01-13,58702,580429,47139689,25633853
2022-01-14,46921,588607,47186610,26222460
2022-01-15,39543,569982,47226153,26792442
2022-01-16,31306,341889,47257459,27134331
2022-01-17,54846,489687,47312305,27624018
2022-01-18,58464,517051,47370769,28141069
2022-01-19,57258,502822,47428027,28643891
2022-01-20,54411,498859,47482438,29142750
2022-01-21,42168,493897,47524606,29636647
2022-01-22,31281,469617,47555887,30106264
2022-01-23,34980,275391,47590867,30381655
2022-01-24,56225,437243,47647092,30818898
2022-01-25,61595,452130,47708687,31271028
2022-01-26,58584,435848,47767271,31706876
2022-01-27,48883,432398,47816154,32139274
2022-01-28,58747,436558,47874901,32575832
2022-01-29,68180,412514,47943081,32988346
2022-01-30,50407,235985,47993488,33224331
2022-01-31,60697,356946,48054185,33581277
2022-02-01,65606,328462,48119791,33909739
2022-02-02,63245,296993,48183036,34206732
2022-02-03,60086,274533,48243122,34481265
2022-02-04,72400,268469,48315522,34749734
2022-02-05,83817,248550,48399339,34998284
2022-02-06,55307,116207,48454646,35114491
2022-02-07,65176,199946,48519822,35314437
2022-02-08,66953,186125,48586775,35500562
2022-02-09,58774,166351,48645549,35666913
2022-02-10,58595,163247,48704144,35830160
2022-02-11,62274,162474,48766418,35992634
2022-02-12,72003,152153,48838421,36144787
2022-02-13,41482,68854,48879903,36213641
2022-02-14,46710,116190,48926613,36329831
2022-02-15,48560,123482,48975173,36453313
2022-02-16,45684,106129,49020857,36559442
2022-02-17,42872,98118,49063729,36657560
2022-02-18,46631,112583,49110360,36770143
2022-02-19,52544,100340,49162904,36870483
2022-02-20,31414,40368,49194318,36910851
2022-02-21,37900,89659,49232218,37000510
2022-02-22,37226,83781,49269444,37084291
2022-02-23,33399,79410,49302843,37163701
2022-02-24,32562,78166,49335405,37241867
2022-02-25,34769,90713,49370174,37332580
2022-02-26,39162,89136,49409336,37421716
2022-02-27,22548,35857,49431884,37457573
2022-02-28,28485,81696,49460369,37539269
2022-03-01,22726,53942,49483095,37593211
2022-03-02,21959,50685,49505054,37643896
2022-03-03,22632,54947,49527686,37698843
2022-03-04,23241,62800,49550927,37761643
2022-03-05,23802,57952,49574729,37819595
2022-03-06,9473,17201,49584202,37836796
2022-03-07,15922,51390,49600124,37888186
2022-03-08,15480,48795,49615604,37936981
2022-03-09,13814,46519,49629418,37983500
2022-03-10,14054,52124,49643472,38035624
2022-03-11,15590,57270,49659062,38092894
2022-03-12,15510,56619,49674572,38149513
2022-03-13,5545,16852,49680117,38166365
2022-03-14,10526,46701,49690643,38213066
2022-03-15,10550,46895,49701193,38259961
2022-03-16,9482,41974,49710675,38301935
2022-03-17,9723,44876,49720398,38346811
2022-03-18,10161,49058,49730559,38395869
2022-03-19,9150,46538,49739709,38442407
2022-03-20,2608,11704,49742317,38454111
2022-03-21,7580,40226,49749897,38494337
2022-03-22,8448,37765,49758345,38532102
2022-03-23,7217,33700,49765562,38565802
2022-03-24,8258,38819,49773820,38604621
2022-03-25,8141,43671,49781961,38648292
2022-03-26,8127,41721,49790088,38690013
2022-03-27,2431,9683,49792519,38699696
2022-03-28,6112,35241,49798631,38734937
2022-03-29,5779,32531,49804410,38767468
2022-03-30,5567,30204,49809977,38797672
2022-03-31,5901,33187,49815878,38830859
2022-04-01,4349,25190,49820227,38856049
2022-04-02,4496,23275,49824723,38879324
2022-04-03,1049,4500,49825772,38883824
2022-04-04,3660,21544,49829432,38905368
2022-04-05,3756,22937,49833188,38928305
2022-04-06,4104,21853,49837292,38950158
2022-04-07,3970,23320,49841262,38973478
2022-04-08,4696,26713,49845958,39000191
2022-04-09,4383,23887,49850341,39024078
2022-04-10,892,4613,49851233,39028691
2022-04-11,3818,22689,49855051,39051380
2022-04-12,3365,21778,49858416,39073158
2022-04-13,3568,21336,49861984,39094494
2022-04-14,3486,23787,49865470,39118281
2022-04-15,3084,20620,49868554,39138901
2022-04-16,2150,11918,49870704,39150819
2022-04-17,63,348,49870767,39151167
2022-04-18,152,650,49870919,39151817
2022-04-19,3500,21983,49874419,39173800
2022-04-20,3511,20252,49877930,39194052
2022-04-21,2847,19789,49880777,39213841
2022-04-22,2928,20711,49883705,39234552
2022-04-23,2646,16220,49886351,39250772
2022-04-24,509,2334,49886860,39253106
2022-04-25,183,1165,49887043,39254271
2022-04-26,2759,17810,49889802,39272081
2022-04-27,2375,15794,49892177,39287875
2022-04-28,2361,15562,49894538,39303437
2022-04-29,2296,14849,49896834,39318286
2022-04-30,2123,11583,49898957,39329869
2022-05-01,113,531,49899070,39330400
2022-05-02,1451,9391,49900521,39339791
2022-05-03,1576,10321,49902097,39350112
2022-05-04,1745,10270,49903842,39360382
2022-05-05,1654,10296,49905496,39370678
2022-05-06,1702,10965,49907198,39381643
2022-05-07,1431,8570,49908629,39390213
2022-05-08,416,1523,49909045,39391736
2022-05-09,1028,8929,49910073,39400665
2022-05-10,1426,9548,49911499,39410213
2022-05-11,1483,10105,49912982,39420318
2022-05-12,1370,10131,49914352,39430449
2022-05-13,1596,10518,49915948,39440967
2022-05-14,1358,8237,49917306,39449204
2022-05-15,336,1134,49917642,39450338
2022-05-16,813,8405,49918455,39458743
2022-05-17,1243,8697,49919698,39467440
2022-05-18,1371,9233,49921069,39476673
2022-05-19,1500,9280,49922569,39485953
2022-05-20,1422,9532,49923991,39495485
2022-05-21,1300,7900,49925291,39503385
2022-05-22,231,1014,49925522,39504399
2022-05-23,830,8271,49926352,39512670
2022-05-24,1073,8672,49927425,39521342
2022-05-25,1370,9460,49928795,39530802
2022-05-26,1195,9480,49929990,39540282
2022-05-27,1232,9915,49931222,39550197
2022-05-28,1205,7887,49932427,39558084
2022-05-29,288,1265,49932715,39559349
2022-05-30,930,8057,49933645,39567406
2022-05-31,1037,8548,49934682,39575954
2022-06-01,893,7656,49935575,39583610
2022-06-02,35,474,49935610,39584084
2022-06-03,817,7334,49936427,39591418
2022-06-04,870,5163,49937297,39596581
2022-06-05,89,586,49937386,39597167
2022-06-06,678,7003,49938064,39604170
2022-06-07,951,7849,49939015,39612019
2022-06-08,981,7907,49939996,39619926
2022-06-09,1036,8417,49941032,39628343
2022-06-10,958,8564,49941990,39636907
2022-06-11,903,6207,49942893,39643114
2022-06-12,140,768,49943033,39643882
2022-06-13,602,6301,49943635,39650183
2022-06-14,832,7902,49944467,39658085
2022-06-15,960,7854,49945427,39665939
2022-06-16,730,7396,49946157,39673335
2022-06-17,724,7249,49946881,39680584
2022-06-18,777,5594,49947658,39686178
2022-06-19,48,522,49947706,39686700
2022-06-20,587,6699,49948293,39693399
2022-06-21,738,7665,49949031,39701064
2022-06-22,782,7308,49949813,39708372
2022-06-23,652,7468,49950465,39715840
2022-06-24,644,7473,49951109,39723313
2022-06-25,835,6535,49951944,39729848
2022-06-26,128,523,49952072,39730371
2022-06-27,533,7126,49952605,39737497
2022-06-28,747,8207,49953352,39745704
2022-06-29,756,7731,49954108,39753435
2022-06-30,746,8145,49954854,39761580
2022-07-01,577,6443,49955431,39768023
2022-07-02,536,4770,49955967,39772793
2022-07-03,49,456,49956016,39773249
2022-07-04,469,6277,49956485,39779526
2022-07-05,631,8118,49957116,39787644
2022-07-06,633,7611,49957749,39795255
2022-07-07,573,8271,49958322,39803526
2022-07-08,673,8083,49958995,39811609
2022-07-09,550,6104,49959545,39817713
2022-07-10,58,533,49959603,39818246
2022-07-11,488,7639,49960091,39825885
2022-07-12,667,9030,49960758,39834915
2022-07-13,643,10068,49961401,39844983
2022-07-14,637,10225,49962038,39855208
2022-07-15,625,10668,49962663,39865876
2022-07-16,522,7214,49963185,39873090
2022-07-17,48,770,49963233,39873860
2022-07-18,496,9371,49963729,39883231
2022-07-19,575,10683,49964304,39893914
2022-07-20,580,11274,49964884,39905188
2022-07-21,628,12088,49965512,39917276
2022-07-22,584,11257,49966096,39928533
2022-07-23,381,6773,49966477,39935306
2022-07-24,76,857,49966553,39936163
2022-07-25,503,9050,49967056,39945213
2022-07-26,519,9761,49967575,39954974
2022-07-27,552,10207,49968127,39965181
2022-07-28,532,10534,49968659,39975715
2022-07-29,509,9465,49969168,39985180
2022-07-30,382,5881,49969550,39991061
2022-07-31,49,764,49969599,39991825
2022-08-01,386,6864,49969985,39998689
2022-08-02,543,7590,49970528,40006279
2022-08-03,512,7177,49971040,40013456
2022-08-04,456,7488,49971496,40020944
2022-08-05,421,6528,49971917,40027472
2022-08-06,299,3613,49972216,40031085
2022-08-07,44,561,49972260,40031646
2022-08-08,403,4890,49972663,40036536
2022-08-09,381,5310,49973044,40041846
2022-08-10,384,4817,49973428,40046663
2022-08-11,369,4802,49973797,40051465
2022-08-12,293,3720,49974090,40055185
2022-08-13,143,1600,49974233,40056785
2022-08-14,9,129,49974242,40056914
2022-08-15,1,26,49974243,40056940
2022-08-16,282,3043,49974525,40059983
2022-08-17,352,3536,49974877,40063519
2022-08-18,392,4160,49975269,40067679
2022-08-19,341,3320,49975610,40070999
2022-08-20,183,1715,49975793,40072714
2022-08-21,24,149,49975817,40072863
2022-08-22,329,2952,49976146,40075815
2022-08-23,370,3674,49976516,40079489
2022-08-24,384,3359,49976900,40082848
2022-08-25,422,3774,49977322,40086622
2022-08-26,399,3574,49977721,40090196
2022-08-27,237,1769,49977958,40091965
2022-08-28,29,267,49977987,40092232
2022-08-29,354,3161,49978341,40095393
2022-08-30,403,3671,49978744,40099064
2022-08-31,438,3735,49979182,40102799
2022-09-01,353,3116,49979535,40105915
2022-09-02,296,2893,49979831,40108808
2022-09-03,200,1688,49980031,40110496
2022-09-04,23,149,49980054,40110645
2022-09-05,187,2656,49980241,40113301
2022-09-06,304,2982,49980545,40116283
2022-09-07,540,2937,49981085,40119220
2022-09-08,292,2962,49981377,40122182
2022-09-09,305,2884,49981682,40125066
2022-09-10,227,1326,49981909,40126392
2022-09-11,23,124,49981932,40126516
2022-09-12,267,2267,49982199,40128783
2022-09-13,252,2276,49982451,40131059
2022-09-14,266,2565,49982717,40133624
2022-09-15,282,2498,49982999,40136122
2022-09-16,254,2545,49983253,40138667
2022-09-17,239,1339,49983492,40140006
2022-09-18,20,170,49983512,40140176
2022-09-19,206,1970,49983718,40142146
2022-09-20,236,2391,49983954,40144537
2022-09-21,289,2526,49984243,40147063
2022-09-22,264,2662,49984507,40149725
2022-09-23,259,2543,49984766,40152268
2022-09-24,193,1427,49984959,40153695
2022-09-25,29,133,49984988,40153828
2022-09-26,280,2248,49985268,40156076
2022-09-27,287,2683,49985555,40158759
2022-09-28,310,2903,49985865,40161662
2022-09-29,257,3049,49986122,40164711
2022-09-30,291,2988,49986413,40167699
2022-10-01,195,1515,49986608,40169214
2022-10-02,12,187,49986620,40169401
2022-10-03,182,2474,49986802,40171875
2022-10-04,236,2864,49987038,40174739
2022-10-05,229,3249,49987267,40177988
2022-10-06,243,3874,49987510,40181862
2022-10-07,282,4187,49987792,40186049
2022-10-08,202,2270,49987994,40188319
2022-10-09,8,305,49988002,40188624
2022-10-10,210,3356,49988212,40191980
2022-10-11,192,4377,49988404,40196357
2022-10-12,209,4439,49988613,40200796
2022-10-13,201,5304,49988814,40206100
2022-10-14,232,5020,49989046,40211120
2022-10-15,190,2671,49989236,40213791
2022-10-16,6,360,49989242,40214151
2022-10-17,185,3871,49989427,40218022
2022-10-18,257,4964,49989684,40222986
2022-10-19,244,5478,49989928,40228464
2022-10-20,224,5993,49990152,40234457
2022-10-21,250,5472,49990402,40239929
2022-10-22,195,2909,49990597,40242838
2022-10-23,13,356,49990610,40243194
2022-10-24,171,3922,49990781,40247116
2022-10-25,253,4923,49991034,40252039
2022-10-26,343,5489,49991377,40257528
2022-10-27,239,5668,49991616,40263196
2022-10-28,198,5259,49991814,40268455
2022-10-29,128,2844,49991942,40271299
2022-10-30,3,327,49991945,40271626
2022-10-31,117,3035,49992062,40274661
2022-11-01,11,353,49992073,40275014
2022-11-02,143,3712,49992216,40278726
2022-11-03,174,4778,49992390,40283504
2022-11-04,224,4592,49992614,40288096
2022-11-05,143,2592,49992757,40290688
2022-11-06,10,259,49992767,40290947
2022-11-07,170,3222,49992937,40294169
2022-11-08,259,4215,49993196,40298384
2022-11-09,197,4314,49993393,40302698
2022-11-10,181,4568,49993574,40307266
2022-11-11,190,4210,49993764,40311476
2022-11-12,154,2354,49993918,40313830
2022-11-13,7,335,49993925,40314165
2022-11-14,150,2829,49994075,40316994
2022-11-15,200,3721,49994275,40320715
2022-11-16,215,3956,49994490,40324671
2022-11-17,192,4070,49994682,40328741
2022-11-18,246,3981,49994928,40332722
2022-11-19,112,2072,49995040,40334794
2022-11-20,24,312,49995064,40335106
2022-11-21,118,2599,49995182,40337705
2022-11-22,142,3178,49995324,40340883
2022-11-23,191,3589,49995515,40344472
2022-11-24,151,3760,49995666,40348232
2022-11-25,177,3668,49995843,40351900
2022-11-26,130,2079,49995973,40353979
2022-11-27,22,356,49995995,40354335
2022-11-28,173,2604,49996168,40356939
2022-11-29,175,3115,49996343,40360054
2022-11-30,164,3525,49996507,40363579
2022-12-01,237,3151,49996744,40366730