data_somministrazione,vaccinazioni,booster,cum_vaccinazioni,cum_booster
2020-12-27,20,0,20,0
2020-12-28,2,0,22,0
2020-12-29,1,0,23,0
2020-12-30,9,0,32,0
2020-12-31,79,0,111,0
2021-01-01,26,0,137,0
2021-01-02,145,0,282,0
2021-01-03,110,0,392,0
2021-01-04,241,0,633,0
2021-01-05,283,0,916,0
2021-01-06,254,0,1170,0
2021-01-07,326,0,1496,0
2021-01-08,382,0,1878,0
2021-01-09,284,0,2162,0
2021-01-10,166,0,2328,0
2021-01-11,311,0,2639,0
2021-01-12,285,0,2924,0
2021-01-13,419,0,3343,0
2021-01-14,505,0,3848,0
2021-01-15,321,0,4169,0
2021-01-16,224,0,4393,0
2021-01-17,3065,0,7458,0
2021-01-18,5220,0,12678,0
2021-01-19,1896,0,14574,0
2021-01-20,4659,0,19233,0
2021-01-21,20004,0,39237,0
2021-01-22,14220,0,53457,0
2021-01-23,33321,0,86778,0
2021-01-24,30773,0,117551,0
2021-01-25,64702,0,182253,0
2021-01-26,76462,0,258715,0
2021-01-27,64808,0,323523,0
2021-01-28,89252,0,412775,0
2021-01-29,93992,0,506767,0
2021-01-30,86544,0,593311,0
2021-01-31,57326,0,650637,0
2021-02-01,81833,0,732470,0
2021-02-02,82133,0,814603,0
2021-02-03,91106,0,905709,0
2021-02-04,95382,0,1001091,0
2021-02-05,90267,0,1091358,0
2021-02-06,63450,0,1154808,0
2021-02-07,32934,0,1187742,0
2021-02-08,40421,0,1228163,0
2021-02-09,32881,0,1261044,0
2021-02-10,28437,0,1289481,0
2021-02-11,20406,0,1309887,0
2021-02-12,16251,0,1326138,0
2021-02-13,7279,0,1333417,0
2021-02-14,2862,0,1336279,0
2021-02-15,6847,0,1343126,0
2021-02-16,7004,0,1350130,0
2021-02-17,10527,0,1360657,0
2021-02-18,9257,0,1369914,0
2021-02-19,8259,0,1378173,0
2021-02-20,5581,0,1383754,0
2021-02-21,3015,0,1386769,0
2021-02-22,6883,0,1393652,0
2021-02-23,7188,0,1400840,0
2021-02-24,9815,0,1410655,0
2021-02-25,14213,0,1424868,0
2021-02-26,17561,0,1442429,0
2021-02-27,13920,0,1456349,0
2021-02-28,9398,0,1465747,0
2021-03-01,26528,0,1492275,0
2021-03-02,33247,0,1525522,0
2021-03-03,44651,0,1570173,0
2021-03-04,50301,0,1620474,0
2021-03-05,55745,0,1676219,0
2021-03-06,41885,0,1718104,0
2021-03-07,22332,0,1740436,0
2021-03-08,50842,0,1791278,0
2021-03-09,53097,0,1844375,0
2021-03-10,58696,0,1903071,0
2021-03-11,63891,0,1966962,0
2021-03-12,65137,0,2032099,0
2021-03-13,51731,0,2083830,0
2021-03-14,35423,0,2119253,0
2021-03-15,73463,0,2192716,0
2021-03-16,74031,0,2266747,0
2021-03-17,83143,0,2349890,0
2021-03-18,81632,0,2431522,0
2021-03-19,81090,0,2512612,0
2021-03-20,64740,0,2577352,0
2021-03-21,47309,0,2624661,0
2021-03-22,69504,0,2694165,0
2021-03-23,75819,0,2769984,0
2021-03-24,90932,0,2860916,0
2021-03-25,89828,0,2950744,0
2021-03-26,83641,0,3034385,0
2021-03-27,71961,0,3106346,0
2021-03-28,44187,0,3150533,0
2021-03-29,70848,0,3221381,0
2021-03-30,81416,0,3302797,0
2021-03-31,96264,0,3399061,0
2021-04-01,95338,0,3494399,0
2021-04-02,84091,0,3578490,0
2021-04-03,64311,0,3642801,0
2021-04-04,21725,0,3664526,0
2021-04-05,40320,0,3704846,0
2021-04-06,81342,0,3786188,0
2021-04-07,95844,0,3882032,0
2021-04-08,95262,0,3977294,0
2021-04-09,88507,0,4065801,0
2021-04-10,74035,0,4139836,0
2021-04-11,44774,0,4184610,0
2021-04-12,66928,0,4251538,0
2021-04-13,72600,0,4324138,0
2021-04-14,85560,0,4409698,0
2021-04-15,105429,0,4515127,0
2021-04-16,106434,0,4621561,0
2021-04-17,90529,0,4712090,0
2021-04-18,58598,0,4770688,0
2021-04-19,93442,0,4864130,0
2021-04-20,103780,0,4967910,0
2021-04-21,125345,0,5093255,0
2021-04-22,143536,0,5236791,0
2021-04-23,138759,0,5375550,0
2021-04-24,124454,0,5500004,0
2021-04-25,61471,0,5561475,0
2021-04-26,97916,0,5659391,0
2021-04-27,128378,0,5787769,0
2021-04-28,156402,0,5944171,0
2021-04-29,195622,0,6139793,0
2021-04-30,214617,0,6354410,0
2021-05-01,174150,0,6528560,0
2021-05-02,135814,0,6664374,0
2021-05-03,142074,0,6806448,0
2021-05-04,158716,0,6965164,0
2021-05-05,170552,0,7135716,0
2021-05-06,197834,0,7333550,0
2021-05-07,213879,0,7547429,0
2021-05-08,213447,0,7760876,0
2021-05-09,143221,0,7904097,0
2021-05-10,165108,0,8069205,0
2021-05-11,175014,0,8244219,0
2021-05-12,179232,0,8423451,0
2021-05-13,203426,0,8626877,0
2021-05-14,222951,0,8849828,0
2021-05-15,210399,0,9060227,0
2021-05-16,159290,0,9219517,0
2021-05-17,219224,0,9438741,0
2021-05-18,213036,0,9651777,0
2021-05-19,207107,0,9858884,0
2021-05-20,270899,0,10129783,0
2021-05-21,270917,0,10400700,0
2021-05-22,245549,0,10646249,0
2021-05-23,197194,0,10843443,0
2021-05-24,228314,0,11071757,0
2021-05-25,245704,0,11317461,0
2021-05-26,277574,0,11595035,0
2021-05-27,311107,0,11906142,0
2021-05-28,299593,0,12205735,0
2021-05-29,231256,0,12436991,0
2021-05-30,170857,0,12607848,0
2021-05-31,216442,0,12824290,0
2021-06-01,207641,0,13031931,0
2021-06-02,115808,0,13147739,0
2021-06-03,180179,0,13327918,0
2021-06-04,184929,0,13512847,0
2021-06-05,186008,0,13698855,0
2021-06-06,139597,0,13838452,0
2021-06-07,161912,0,14000364,0
2021-06-08,171296,0,14171660,0
2021-06-09,171532,0,14343192,0
2021-06-10,174171,0,14517363,0
2021-06-11,170045,0,14687408,0
2021-06-12,128407,0,14815815,0
2021-06-13,91237,0,14907052,0
2021-06-14,214712,0,15121764,0
2021-06-15,228470,0,15350234,0
2021-06-16,253120,0,15603354,0
2021-06-17,301792,0,15905146,0
2021-06-18,306337,0,16211483,0
2021-06-19,275122,0,16486605,0
2021-06-20,220828,0,16707433,0
2021-06-21,288111,0,16995544,0
2021-06-22,296259,0,17291803,0
2021-06-23,302712,0,17594515,0
2021-06-24,332626,0,17927141,0
2021-06-25,348745,0,18275886,0
2021-06-26,300151,0,18576037,0
2021-06-27,228705,0,18804742,0
2021-06-28,307161,0,19111903,0
2021-06-29,329344,0,19441247,0
2021-06-30,342233,0,19783480,0
2021-07-01,363252,0,20146732,0
2021-07-02,368513,0,20515245,0
2021-07-03,371106,0,20886351,0
2021-07-04,283243,0,21169594,0
2021-07-05,384568,0,21554162,0
2021-07-06,385495,0,21939657,0
2021-07-07,412141,0,22351798,0
2021-07-08,479594,0,22831392,0
2021-07-09,498467,0,23329859,0
2021-07-10,475175,0,23805034,0
2021-07-11,357694,0,24162728,0
2021-07-12,485875,0,24648603,0
2021-07-13,492073,0,25140676,0
2021-07-14,480432,0,25621108,0
2021-07-15,523414,0,26144522,0
2021-07-16,509750,0,26654272,0
2021-07-17,464325,0,27118597,0
2021-07-18,364631,0,27483228,0
2021-07-19,463033,0,27946261,0
2021-07-20,458043,0,28404304,0
2021-07-21,462788,0,28867092,0
2021-07-22,475373,0,29342465,0
2021-07-23,441329,0,29783794,0
2021-07-24,386151,0,30169945,0
2021-07-25,287547,0,30457492,0
2021-07-26,430887,0,30888379,0
2021-07-27,440110,0,31328489,0
2021-07-28,391016,0,31719505,0
2021-07-29,372077,0,32091582,0
2021-07-30,341522,0,32433104,0
2021-07-31,287051,0,32720155,0
2021-08-01,190995,0,32911150,0
2021-08-02,333705,0,33244855,0
2021-08-03,323192,0,33568047,0
2021-08-04,310997,0,33879044,0
2021-08-05,292480,0,34171524,0
2021-08-06,260042,0,34431566,0
2021-08-07,199066,0,34630632,0
2021-08-08,153107,0,34783739,0
2021-08-09,234084,0,35017823,0
2021-08-10,205291,0,35223114,0
2021-08-11,193795,0,35416909,0
2021-08-12,168070,0,35584979,0
2021-08-13,148675,0,35733654,0
2021-08-14,66105,0,35799759,0
2021-08-15,26344,0,35826103,0
2021-08-16,114717,0,35940820,0
2021-08-17,129255,0,36070075,0
2021-08-18,128766,0,36198841,0
2021-08-19,124860,0,36323701,0
2021-08-20,123799,0,36447500,0
2021-08-21,83135,0,36530635,0
2021-08-22,68180,0,36598815,0
2021-08-23,176875,0,36775690,0
2021-08-24,156892,0,36932582,0
2021-08-25,177168,0,37109750,0
2021-08-26,172352,0,37282102,0
2021-08-27,185832,0,37467934,0
2021-08-28,140292,0,37608226,0
2021-08-29,98995,0,37707221,0
2021-08-30,209585,0,37916806,0
2021-08-31,194639,0,38111445,0
2021-09-01,192217,0,38303662,0
2021-09-02,189924,0,38493586,0
2021-09-03,191282,0,38684868,0
2021-09-04,131443,0,38816311,0
2021-09-05,87841,0,38904152,0
2021-09-06,193601,0,39097753,0
2021-09-07,196036,0,39293789,0
2021-09-08,187859,0,39481648,0
2021-09-09,201417,0,39683065,0
2021-09-10,198054,0,39881119,0
2021-09-11,141287,0,40022406,0
2021-09-12,89592,0,40111998,0
2021-09-13,191105,652,40303103,652
2021-09-14,177209,655,40480312,1307
2021-09-15,163078,654,40643390,1961
2021-09-16,160041,1007,40803431,2968
2021-09-17,150151,1172,40953582,4140
2021-09-18,127979,783,41081561,4923
2021-09-19,81143,510,41162704,5433
2021-09-20,180063,9133,41342767,14566
2021-09-21,166672,8863,41509439,23429
2021-09-22,159114,9465,41668553,32894
2021-09-23,138108,9357,41806661,42251
2021-09-24,140549,9019,41947210,51270
2021-09-25,119561,5674,42066771,56944
2021-09-26,71992,4367,42138763,61311
2021-09-27,135673,10084,42274436,71395
2021-09-28,117520,11430,42391956,82825
2021-09-29,112379,11851,42504335,94676
2021-09-30,110292,14982,42614627,109658
2021-10-01,95002,19144,42709629,128802
2021-10-02,78523,14045,42788152,142847
2021-10-03,47759,7671,42835911,150518
2021-10-04,88392,34487,42924303,185005
2021-10-05,80380,34022,43004683,219027
2021-10-06,72010,34214,43076693,253241
2021-10-07,71881,34379,43148574,287620
2021-10-08,80645,33623,43229219,321243
2021-10-09,76115,22200,43305334,343443
2021-10-10,45791,13632,43351125,357075
2021-10-11,87447,41134,43438572,398209
2021-10-12,84517,46936,43523089,445145
2021-10-13,88221,52168,43611310,497313
2021-10-14,91556,58561,43702866,555874
2021-10-15,93598,55682,43796464,611556
2021-10-16,82977,36828,43879441,648384
2021-10-17,51461,23862,43930902,672246
2021-10-18,90302,59522,44021204,731768
2021-10-19,78357,69417,44099561,801185
2021-10-20,75062,78212,44174623,879397
2021-10-21,78285,81821,44252908,961218
2021-10-22,73768,77085,44326676,1038303
2021-10-23,60839,51975,44387515,1090278
2021-10-24,33370,23480,44420885,1113758
2021-10-25,64896,81670,44485781,1195428
2021-10-26,58376,91838,44544157,1287266
2021-10-27,58318,104041,44602475,1391307
2021-10-28,61444,114162,44663919,1505469
2021-10-29,61630,103192,44725549,1608661
2021-10-30,50676,68154,44776225,1676815
2021-10-31,25161,28312,44801386,1705127
2021-11-01,19050,28159,44820436,1733286
2021-11-02,62737,89444,44883173,1822730
2021-11-03,60718,118703,44943891,1941433
2021-11-04,59238,126706,45003129,2068139
2021-11-05,63092,135230,45066221,2203369
2021-11-06,46494,90943,45112715,2294312
2021-11-07,22248,37907,45134963,2332219
2021-11-08,51524,131298,45186487,2463517
2021-11-09,45401,144238,45231888,2607755
2021-11-10,42593,156376,45274481,2764131
2021-11-11,44927,155176,45319408,2919307
2021-11-12,46295,158710,45365703,3078017
2021-11-13,33272,116682,45398975,3194699
2021-11-14,14491,52461,45413466,3247160
2021-11-15,36911,157445,45450377,3404605
2021-11-16,30569,171413,45480946,3576018
2021-11-17,28469,178469,45509415,3754487
2021-11-18,30295,193768,45539710,3948255
2021-11-19,28822,205888,45568532,4154143
2021-11-20,21012,156460,45589544,4310603
2021-11-21,10610,64872,45600154,4375475
2021-11-22,21959,213164,45622113,4588639
2021-11-23,23606,241803,45645719,4830442
2021-11-24,27766,271104,45673485,5101546
2021-11-25,23271,301952,45696756,5403498
2021-11-26,24600,318311,45721356,5721809
2021-11-27,21415,266174,45742771,5987983
2021-11-28,9908,137073,45752679,6125056
2021-11-29,22367,326082,45775046,6451138
2021-11-30,23122,365861,45798168,6816999
2021-12-01,21559,413548,45819727,7230547
2021-12-02,23794,440445,45843521,7670992
2021-12-03,25279,467542,45868800,8138534
2021-12-04,22389,418809,45891189,8557343
2021-12-05,11944,261369,45903133,8818712
2021-12-06,25846,457637,45928979,9276349
2021-12-07,24167,480309,45953146,9756658
2021-12-08,10032,249722,45963178,10006380
2021-12-09,31621,491967,45994799,10498347
2021-12-10,28104,517937,46022903,11016284
2021-12-11,23597,459285,46046500,11475569
2021-12-12,12326,293536,46058826,11769105
2021-12-13,26182,467658,46085008,12236763
2021-12-14,25205,494244,46110213,12731007
2021-12-15,25375,517192,46135588,13248199
2021-12-16,27934,520308,46163522,13768507
2021-12-17,29401,517229,46192923,14285736
2021-12-18,27119,468786,46220042,14754522
2021-12-19,15172,300544,46235214,15055066
2021-12-20,30678,477513,46265892,15532579
2021-12-21,30416,493449,46296308,16026028
2021-12-22,29492,484758,46325800,16510786
2021-12-23,28289,426969,46354089,16937755
2021-12-24,13126,210844,46367215,17148599
2021-12-25,2104,33053,46369319,17181652
2021-12-26,8780,159078,46378099,17340730
2021-12-27,46851,504696,46424950,17845426
2021-12-28,42513,554265,46467463,18399691
2021-12-29,34400,550683,46501863,18950374
2021-12-30,31898,499871,46533761,19450245
2021-12-31,14150,247409,46547911,19697654
2022-01-01,3501,64814,46551412,19762468
2022-01-02,22833,276727,46574245,20039195
2022-01-03,47954,520036,46622199,20559231
2022-01-04,46482,572106,46668681,21131337
2022-01-05,40854,560428,46709535,21691765
2022-01-06,23539,274492,46733074,21966257
2022-01-07,63802,554224,46796876,22520481
2022-01-08,60984,503424,46857860,23023905
2022-01-09,42968,319706,46900828,23343611
2022-01-10,61179,542328,46962007,23885939
2022-01-11,61855,587039,47023862,24472978
2022-01-12,58560,581312,47082422,25054290
2022-01-13,58719,580434,47141141,25634724
2022-01-14,46943,588621,47188084,26223345
2022-01-15,39576,569995,47227660,26793340
2022-01-16,31325,341895,47258985,27135235
2022-01-17,54858,489692,47313843,27624927
2022-01-18,58475,517056,47372318,28141983
2022-01-19,57271,502827,47429589,28644810
2022-01-20,54426,498865,47484015,29143675
2022-01-21,42186,493899,47526201,29637574
2022-01-22,31301,469622,47557502,30107196
2022-01-23,34985,275390,47592487,30382586
2022-01-24,56232,437251,47648719,30819837
2022-01-25,61602,452135,47710321,31271972
2022-01-26,58595,435851,47768916,31707823
2022-01-27,48894,432411,47817810,32140234
2022-01-28,58758,436566,47876568,32576800
2022-01-29,68192,412518,47944760,32989318
2022-01-30,50412,235988,47995172,33225306
2022-01-31,60715,356950,48055887,33582256
2022-02-01,65615,328469,48121502,33910725
2022-02-02,63252,297000,48184754,34207725
2022-02-03,60093,274537,48244847,34482262
2022-02-04,72415,268473,48317262,34750735
2022-02-05,83818,248557,48401080,34999292
2022-02-06,55310,116207,48456390,35115499
2022-02-07,65188,199946,48521578,35315445
2022-02-08,66958,186130,48588536,35501575
2022-02-09,58776,166353,48647312,35667928
2022-02-10,58602,163252,48705914,35831180
2022-02-11,62275,162477,48768189,35993657
2022-02-12,72012,152156,48840201,36145813
2022-02-13,41483,68857,48881684,36214670
2022-02-14,46712,116193,48928396,36330863
2022-02-15,48568,123482,48976964,36454345
2022-02-16,45689,106130,49022653,36560475
2022-02-17,42874,98120,49065527,36658595
2022-02-18,46635,112586,49112162,36771181
2022-02-19,52546,100340,49164708,36871521
2022-02-20,31416,40367,49196124,36911888
2022-02-21,37899,89659,49234023,37001547
2022-02-22,37226,83784,49271249,37085331
2022-02-23,33402,79409,49304651,37164740
2022-02-24,32561,78168,49337212,37242908
2022-02-25,34773,90716,49371985,37333624
2022-02-26,39164,89138,49411149,37422762
2022-02-27,22549,35857,49433698,37458619
2022-02-28,28489,81700,49462187,37540319
2022-03-01,22730,53943,49484917,37594262
2022-03-02,21935,50713,49506852,37644975
2022-03-03,22638,54947,49529490,37699922
2022-03-04,23244,62801,49552734,37762723
2022-03-05,23804,57952,49576538,37820675
2022-03-06,9474,17201,49586012,37837876
2022-03-07,15927,51391,49601939,37889267
2022-03-08,15481,48796,49617420,37938063
2022-03-09,13816,46517,49631236,37984580
2022-03-10,14058,52125,49645294,38036705
2022-03-11,15592,57274,49660886,38093979
2022-03-12,15513,56619,49676399,38150598
2022-03-13,5545,16852,49681944,38167450
2022-03-14,10529,46701,49692473,38214151
2022-03-15,10552,46895,49703025,38261046
2022-03-16,9482,41977,49712507,38303023
2022-03-17,9724,44875,49722231,38347898
2022-03-18,10162,49058,49732393,38396956
2022-03-19,9151,46539,49741544,38443495
2022-03-20,2608,11704,49744152,38455199
2022-03-21,7581,40229,49751733,38495428
2022-03-22,8448,37767,49760181,38533195
2022-03-23,7218,33701,49767399,38566896
2022-03-24,8260,38821,49775659,38605717
2022-03-25,8142,43671,49783801,38649388
2022-03-26,8128,41722,49791929,38691110
2022-03-27,2431,9683,49794360,38700793
2022-03-28,6112,35244,49800472,38736037
2022-03-29,5782,32532,49806254,38768569
2022-03-30,5567,30204,49811821,38798773
2022-03-31,5904,33187,49817725,38831960
2022-04-01,4351,25188,49822076,38857148
2022-04-02,4497,23275,49826573,38880423
2022-04-03,1049,4500,49827622,38884923
2022-04-04,3660,21545,49831282,38906468
2022-04-05,3758,22936,49835040,38929404
2022-04-06,4105,21852,49839145,38951256
2022-04-07,3970,23321,49843115,38974577
2022-04-08,4696,26714,49847811,39001291
2022-04-09,4381,23888,49852192,39025179
2022-04-10,893,4613,49853085,39029792
2022-04-11,3819,22689,49856904,39052481
2022-04-12,3365,21779,49860269,39074260
2022-04-13,3571,21337,49863840,39095597
2022-04-14,3488,23787,49867328,39119384
2022-04-15,3084,20621,49870412,39140005
2022-04-16,2151,11918,49872563,39151923
2022-04-17,63,348,49872626,39152271
2022-04-18,152,650,49872778,39152921
2022-04-19,3498,21984,49876276,39174905
2022-04-20,3512,20250,49879788,39195155
2022-04-21,2848,19791,49882636,39214946
2022-04-22,2928,20712,49885564,39235658
2022-04-23,2647,16222,49888211,39251880
2022-04-24,509,2334,49888720,39254214
2022-04-25,183,1165,49888903,39255379
2022-04-26,2759,17810,49891662,39273189
2022-04-27,2374,15795,49894036,39288984
2022-04-28,2362,15564,49896398,39304548
2022-04-29,2297,14850,49898695,39319398
2022-04-30,2123,11584,49900818,39330982
2022-05-01,113,531,49900931,39331513
2022-05-02,1451,9392,49902382,39340905
2022-05-03,1576,10323,49903958,39351228
2022-05-04,1745,10272,49905703,39361500
2022-05-05,1654,10296,49907357,39371796
2022-05-06,1702,10971,49909059,39382767
2022-05-07,1431,8570,49910490,39391337
2022-05-08,416,1526,49910906,39392863
2022-05-09,1029,8930,49911935,39401793
2022-05-10,1426,9549,49913361,39411342
2022-05-11,1484,10104,49914845,39421446
2022-05-12,1371,10137,49916216,39431583
2022-05-13,1596,10519,49917812,39442102
2022-05-14,1360,8240,49919172,39450342
2022-05-15,336,1136,49919508,39451478
2022-05-16,814,8405,49920322,39459883
2022-05-17,1244,8697,49921566,39468580
2022-05-18,1372,9236,49922938,39477816
2022-05-19,1500,9283,49924438,39487099
2022-05-20,1425,9532,49925863,39496631
2022-05-21,1302,7900,49927165,39504531
2022-05-22,231,1013,49927396,39505544
2022-05-23,830,8272,49928226,39513816
2022-05-24,1073,8672,49929299,39522488
2022-05-25,1372,9460,49930671,39531948
2022-05-26,1196,9480,49931867,39541428
2022-05-27,1232,9915,49933099,39551343
2022-05-28,1205,7887,49934304,39559230
2022-05-29,288,1265,49934592,39560495
2022-05-30,931,8057,49935523,39568552
2022-05-31,1038,8548,49936561,39577100
2022-06-01,895,7658,49937456,39584758
2022-06-02,35,474,49937491,39585232
2022-06-03,817,7334,49938308,39592566
2022-06-04,870,5162,49939178,39597728
2022-06-05,89,586,49939267,39598314
2022-06-06,679,7004,49939946,39605318
2022-06-07,952,7850,49940898,39613168
2022-06-08,981,7907,49941879,39621075
2022-06-09,1036,8417,49942915,39629492
2022-06-10,958,8563,49943873,39638055
2022-06-11,904,6206,49944777,39644261
2022-06-12,140,768,49944917,39645029
2022-06-13,602,6301,49945519,39651330
2022-06-14,832,7903,49946351,39659233
2022-06-15,960,7856,49947311,39667089
2022-06-16,733,7397,49948044,39674486
2022-06-17,724,7249,49948768,39681735
2022-06-18,778,5594,49949546,39687329
2022-06-19,49,521,49949595,39687850
2022-06-20,587,6699,49950182,39694549
2022-06-21,741,7664,49950923,39702213
2022-06-22,779,7312,49951702,39709525
2022-06-23,648,7472,49952350,39716997
2022-06-24,644,7474,49952994,39724471
2022-06-25,835,6533,49953829,39731004
2022-06-26,128,523,49953957,39731527
2022-06-27,534,7125,49954491,39738652
2022-06-28,747,8207,49955238,39746859
2022-06-29,756,7732,49955994,39754591
2022-06-30,747,8145,49956741,39762736
2022-07-01,577,6443,49957318,39769179
2022-07-02,536,4769,49957854,39773948
2022-07-03,49,456,49957903,39774404
2022-07-04,469,6277,49958372,39780681
2022-07-05,631,8120,49959003,39788801
2022-07-06,633,7611,49959636,39796412
2022-07-07,575,8272,49960211,39804684
2022-07-08,674,8085,49960885,39812769
2022-07-09,550,6105,49961435,39818874
2022-07-10,58,533,49961493,39819407
2022-07-11,491,7641,49961984,39827048
2022-07-12,667,9031,49962651,39836079
2022-07-13,644,10067,49963295,39846146
2022-07-14,637,10225,49963932,39856371
2022-07-15,627,10669,49964559,39867040
2022-07-16,523,7215,49965082,39874255
2022-07-17,48,770,49965130,39875025
2022-07-18,496,9374,49965626,39884399
2022-07-19,575,10683,49966201,39895082
2022-07-20,581,11276,49966782,39906358
2022-07-21,630,12091,49967412,39918449
2022-07-22,585,11260,49967997,39929709
2022-07-23,381,6775,49968378,39936484
2022-07-24,76,857,49968454,39937341
2022-07-25,503,9052,49968957,39946393
2022-07-26,522,9761,49969479,39956154
2022-07-27,553,10209,49970032,39966363
2022-07-28,532,10534,49970564,39976897
2022-07-29,511,9465,49971075,39986362
2022-07-30,383,5882,49971458,39992244
2022-07-31,49,764,49971507,39993008
2022-08-01,386,6864,49971893,39999872
2022-08-02,545,7590,49972438,40007462
2022-08-03,512,7179,49972950,40014641
2022-08-04,455,7490,49973405,40022131
2022-08-05,421,6527,49973826,40028658
2022-08-06,299,3613,49974125,40032271
2022-08-07,44,561,49974169,40032832
2022-08-08,403,4890,49974572,40037722
2022-08-09,381,5312,49974953,40043034
2022-08-10,385,4816,49975338,40047850
2022-08-11,369,4803,49975707,40052653
2022-08-12,293,3720,49976000,40056373
2022-08-13,143,1600,49976143,40057973
2022-08-14,9,129,49976152,40058102
2022-08-15,1,26,49976153,40058128
2022-08-16,283,3043,49976436,40061171
2022-08-17,352,3536,49976788,40064707
2022-08-18,392,4160,49977180,40068867
2022-08-19,341,3319,49977521,40072186
2022-08-20,183,1715,49977704,40073901
2022-08-21,24,149,49977728,40074050
2022-08-22,329,2952,49978057,40077002
2022-08-23,370,3674,49978427,40080676
2022-08-24,384,3360,49978811,40084036
2022-08-25,422,3774,49979233,40087810
2022-08-26,399,3575,49979632,40091385
2022-08-27,237,1769,49979869,40093154
2022-08-28,29,267,49979898,40093421
2022-08-29,354,3161,49980252,40096582
2022-08-30,404,3671,49980656,40100253
2022-08-31,438,3734,49981094,40103987
2022-09-01,353,3116,49981447,40107103
2022-09-02,296,2893,49981743,40109996
2022-09-03,200,1689,49981943,40111685
2022-09-04,24,149,49981967,40111834
2022-09-05,187,2656,49982154,40114490
2022-09-06,306,2982,49982460,40117472
2022-09-07,540,2937,49983000,40120409
2022-09-08,293,2963,49983293,40123372
2022-09-09,305,2886,49983598,40126258
2022-09-10,227,1327,49983825,40127585
2022-09-11,23,124,49983848,40127709
2022-09-12,267,2267,49984115,40129976
2022-09-13,252,2276,49984367,40132252
2022-09-14,266,2566,49984633,40134818
2022-09-15,282,2500,49984915,40137318
2022-09-16,255,2546,49985170,40139864
2022-09-17,239,1339,49985409,40141203
2022-09-18,20,170,49985429,40141373
2022-09-19,206,1971,49985635,40143344
2022-09-20,236,2391,49985871,40145735
2022-09-21,289,2526,49986160,40148261
2022-09-22,266,2662,49986426,40150923
2022-09-23,259,2545,49986685,40153468
2022-09-24,193,1427,49986878,40154895
2022-09-25,29,133,49986907,40155028
2022-09-26,280,2248,49987187,40157276
2022-09-27,287,2682,49987474,40159958
2022-09-28,310,2905,49987784,40162863
2022-09-29,257,3049,49988041,40165912
2022-09-30,292,2989,49988333,40168901
2022-10-01,195,1515,49988528,40170416
2022-10-02,12,187,49988540,40170603
2022-10-03,185,2474,49988725,40173077
2022-10-04,236,2862,49988961,40175939
2022-10-05,229,3251,49989190,40179190
2022-10-06,243,3874,49989433,40183064
2022-10-07,282,4187,49989715,40187251
2022-10-08,203,2270,49989918,40189521
2022-10-09,8,305,49989926,40189826
2022-10-10,210,3356,49990136,40193182
2022-10-11,193,4378,49990329,40197560
2022-10-12,209,4441,49990538,40202001
2022-10-13,203,5304,49990741,40207305
2022-10-14,232,5023,49990973,40212328
2022-10-15,190,2671,49991163,40214999
2022-10-16,6,360,49991169,40215359
2022-10-17,186,3871,49991355,40219230
2022-10-18,257,4965,49991612,40224195
2022-10-19,244,5477,49991856,40229672
2022-10-20,224,5993,49992080,40235665
2022-10-21,250,5476,49992330,40241141
2022-10-22,195,2911,49992525,40244052
2022-10-23,13,364,49992538,40244416
2022-10-24,171,3929,49992709,40248345
2022-10-25,253,4926,49992962,40253271
2022-10-26,347,5501,49993309,40258772
2022-10-27,241,5671,49993550,40264443
2022-10-28,199,5261,49993749,40269704
2022-10-29,128,2844,49993877,40272548
2022-10-30,3,328,49993880,40272876
2022-10-31,117,3037,49993997,40275913
2022-11-01,11,353,49994008,40276266
2022-11-02,143,3721,49994151,40279987
2022-11-03,173,4785,49994324,40284772
2022-11-04,225,4602,49994549,40289374
2022-11-05,144,2597,49994693,40291971
2022-11-06,10,261,49994703,40292232
2022-11-07,169,3224,49994872,40295456
2022-11-08,260,4242,49995132,40299698
2022-11-09,197,4327,49995329,40304025
2022-11-10,182,4586,49995511,40308611
2022-11-11,193,4218,49995704,40312829
2022-11-12,152,2367,49995856,40315196
2022-11-13,7,335,49995863,40315531
2022-11-14,149,2837,49996012,40318368
2022-11-15,202,3743,49996214,40322111
2022-11-16,215,3979,49996429,40326090
2022-11-17,191,4092,49996620,40330182
2022-11-18,247,4019,49996867,40334201
2022-11-19,112,2098,49996979,40336299
2022-11-20,24,317,49997003,40336616
2022-11-21,118,2613,49997121,40339229
2022-11-22,142,3207,49997263,40342436
2022-11-23,192,3615,49997455,40346051
2022-11-24,156,3816,49997611,40349867
2022-11-25,185,3768,49997796,40353635
2022-11-26,130,2091,49997926,40355726
2022-11-27,22,356,49997948,40356082
2022-11-28,181,2671,49998129,40358753
2022-11-29,183,3212,49998312,40361965
2022-11-30,179,3720,49998491,40365685
2022-12-01,223,3608,49998714,40369293
2022-12-02,156,3503,49998870,40372796
2022-12-03,104,1954,49998974,40374750
2022-12-04,5,290,49998979,40375040
2022-12-05,127,2831,49999106,40377871
2022-12-06,175,3629,49999281,40381500
2022-12-07,135,3104,49999416,40384604
2022-12-08,8,169,49999424,40384773
2022-12-09,156,2999,49999580,40387772
2022-12-10,78,1599,49999658,40389371
2022-12-11,7,192,49999665,40389563
2022-12-12,169,2496,49999834,40392059
2022-12-13,167,2958,50000001,40395017
2022-12-14,217,3129,50000218,40398146
2022-12-15,197,3045,50000415,40401191
2022-12-16,147,2890,50000562,40404081
2022-12-17,93,1285,50000655,40405366