data_somministrazione,vaccinazioni,booster,cum_vaccinazioni,cum_booster
2020-12-27,15,0,15,0
2020-12-28,2,0,17,0
2020-12-29,1,0,18,0
2020-12-30,2,0,20,0
2020-12-31,34,0,54,0
2021-01-01,12,0,66,0
2021-01-02,53,0,119,0
2021-01-03,45,0,164,0
2021-01-04,120,0,284,0
2021-01-05,157,0,441,0
2021-01-06,132,0,573,0
2021-01-07,194,0,767,0
2021-01-08,241,0,1008,0
2021-01-09,170,0,1178,0
2021-01-10,108,0,1286,0
2021-01-11,196,0,1482,0
2021-01-12,202,0,1684,0
2021-01-13,303,0,1987,0
2021-01-14,390,0,2377,0
2021-01-15,231,0,2608,0
2021-01-16,163,0,2771,0
2021-01-17,3046,0,5817,0
2021-01-18,5178,0,10995,0
2021-01-19,1868,0,12863,0
2021-01-20,4649,0,17512,0
2021-01-21,20002,0,37514,0
2021-01-22,14194,0,51708,0
2021-01-23,33353,0,85061,0
2021-01-24,30791,0,115852,0
2021-01-25,64765,0,180617,0
2021-01-26,76534,0,257151,0
2021-01-27,64871,0,322022,0
2021-01-28,89327,0,411349,0
2021-01-29,94063,0,505412,0
2021-01-30,86603,0,592015,0
2021-01-31,57338,0,649353,0
2021-02-01,81889,0,731242,0
2021-02-02,82152,0,813394,0
2021-02-03,91206,0,904600,0
2021-02-04,95355,0,999955,0
2021-02-05,90262,0,1090217,0
2021-02-06,63724,0,1153941,0
2021-02-07,32913,0,1186854,0
2021-02-08,40401,0,1227255,0
2021-02-09,32826,0,1260081,0
2021-02-10,28371,0,1288452,0
2021-02-11,20340,0,1308792,0
2021-02-12,16171,0,1324963,0
2021-02-13,7215,0,1332178,0
2021-02-14,2855,0,1335033,0
2021-02-15,6814,0,1341847,0
2021-02-16,6968,0,1348815,0
2021-02-17,10486,0,1359301,0
2021-02-18,9207,0,1368508,0
2021-02-19,8140,0,1376648,0
2021-02-20,5466,0,1382114,0
2021-02-21,2938,0,1385052,0
2021-02-22,6826,0,1391878,0
2021-02-23,7085,0,1398963,0
2021-02-24,9780,0,1408743,0
2021-02-25,14159,0,1422902,0
2021-02-26,17464,0,1440366,0
2021-02-27,13841,0,1454207,0
2021-02-28,9334,0,1463541,0
2021-03-01,26424,0,1489965,0
2021-03-02,33141,0,1523106,0
2021-03-03,44578,0,1567684,0
2021-03-04,50179,0,1617863,0
2021-03-05,55670,0,1673533,0
2021-03-06,41822,0,1715355,0
2021-03-07,22279,0,1737634,0
2021-03-08,50597,0,1788231,0
2021-03-09,52926,0,1841157,0
2021-03-10,58481,0,1899638,0
2021-03-11,63688,0,1963326,0
2021-03-12,65000,0,2028326,0
2021-03-13,51634,0,2079960,0
2021-03-14,35332,0,2115292,0
2021-03-15,73280,0,2188572,0
2021-03-16,73958,0,2262530,0
2021-03-17,82971,0,2345501,0
2021-03-18,81568,0,2427069,0
2021-03-19,80982,0,2508051,0
2021-03-20,64611,0,2572662,0
2021-03-21,47237,0,2619899,0
2021-03-22,69364,0,2689263,0
2021-03-23,75661,0,2764924,0
2021-03-24,90738,0,2855662,0
2021-03-25,89659,0,2945321,0
2021-03-26,83456,0,3028777,0
2021-03-27,71784,0,3100561,0
2021-03-28,44017,0,3144578,0
2021-03-29,70672,0,3215250,0
2021-03-30,81219,0,3296469,0
2021-03-31,96056,0,3392525,0
2021-04-01,95165,0,3487690,0
2021-04-02,83948,0,3571638,0
2021-04-03,64211,0,3635849,0
2021-04-04,21678,0,3657527,0
2021-04-05,40246,0,3697773,0
2021-04-06,81198,0,3778971,0
2021-04-07,95621,0,3874592,0
2021-04-08,95119,0,3969711,0
2021-04-09,88344,0,4058055,0
2021-04-10,73907,0,4131962,0
2021-04-11,44680,0,4176642,0
2021-04-12,66811,0,4243453,0
2021-04-13,72484,0,4315937,0
2021-04-14,85385,0,4401322,0
2021-04-15,105267,0,4506589,0
2021-04-16,106265,0,4612854,0
2021-04-17,90513,0,4703367,0
2021-04-18,58648,0,4762015,0
2021-04-19,93330,0,4855345,0
2021-04-20,103633,0,4958978,0
2021-04-21,125223,0,5084201,0
2021-04-22,143366,0,5227567,0
2021-04-23,138523,0,5366090,0
2021-04-24,124288,0,5490378,0
2021-04-25,61371,0,5551749,0
2021-04-26,97757,0,5649506,0
2021-04-27,128214,0,5777720,0
2021-04-28,156185,0,5933905,0
2021-04-29,195350,0,6129255,0
2021-04-30,214336,0,6343591,0
2021-05-01,174118,0,6517709,0
2021-05-02,135853,0,6653562,0
2021-05-03,141822,0,6795384,0
2021-05-04,158507,0,6953891,0
2021-05-05,170261,0,7124152,0
2021-05-06,197588,0,7321740,0
2021-05-07,213509,0,7535249,0
2021-05-08,213162,0,7748411,0
2021-05-09,143011,0,7891422,0
2021-05-10,164893,0,8056315,0
2021-05-11,174718,0,8231033,0
2021-05-12,178871,0,8409904,0
2021-05-13,203046,0,8612950,0
2021-05-14,222613,0,8835563,0
2021-05-15,210053,0,9045616,0
2021-05-16,159119,0,9204735,0
2021-05-17,218982,0,9423717,0
2021-05-18,212764,0,9636481,0
2021-05-19,206817,0,9843298,0
2021-05-20,270519,0,10113817,0
2021-05-21,270555,0,10384372,0
2021-05-22,245316,0,10629688,0
2021-05-23,197043,0,10826731,0
2021-05-24,228133,0,11054864,0
2021-05-25,245490,0,11300354,0
2021-05-26,277233,0,11577587,0
2021-05-27,310813,0,11888400,0
2021-05-28,299330,0,12187730,0
2021-05-29,230953,0,12418683,0
2021-05-30,170667,0,12589350,0
2021-05-31,216195,0,12805545,0
2021-06-01,207440,0,13012985,0
2021-06-02,115602,0,13128587,0
2021-06-03,179758,0,13308345,0
2021-06-04,184474,0,13492819,0
2021-06-05,185696,0,13678515,0
2021-06-06,139351,0,13817866,0
2021-06-07,161501,0,13979367,0
2021-06-08,170747,0,14150114,0
2021-06-09,171032,0,14321146,0
2021-06-10,173607,0,14494753,0
2021-06-11,169543,0,14664296,0
2021-06-12,127942,0,14792238,0
2021-06-13,90901,0,14883139,0
2021-06-14,214379,0,15097518,0
2021-06-15,228141,0,15325659,0
2021-06-16,252855,0,15578514,0
2021-06-17,301480,0,15879994,0
2021-06-18,306011,0,16186005,0
2021-06-19,274925,0,16460930,0
2021-06-20,220565,0,16681495,0
2021-06-21,287886,0,16969381,0
2021-06-22,295993,0,17265374,0
2021-06-23,302564,0,17567938,0
2021-06-24,332443,0,17900381,0
2021-06-25,348561,0,18248942,0
2021-06-26,300152,0,18549094,0
2021-06-27,228753,0,18777847,0
2021-06-28,306824,0,19084671,0
2021-06-29,329006,0,19413677,0
2021-06-30,341942,0,19755619,0
2021-07-01,362937,0,20118556,0
2021-07-02,368323,0,20486879,0
2021-07-03,371234,0,20858113,0
2021-07-04,283190,0,21141303,0
2021-07-05,384385,0,21525688,0
2021-07-06,385260,0,21910948,0
2021-07-07,411969,0,22322917,0
2021-07-08,479706,0,22802623,0
2021-07-09,498476,0,23301099,0
2021-07-10,475204,0,23776303,0
2021-07-11,357758,0,24134061,0
2021-07-12,485930,0,24619991,0
2021-07-13,492240,0,25112231,0
2021-07-14,480502,0,25592733,0
2021-07-15,523618,0,26116351,0
2021-07-16,509853,0,26626204,0
2021-07-17,464462,0,27090666,0
2021-07-18,364768,0,27455434,0
2021-07-19,463351,0,27918785,0
2021-07-20,458211,0,28376996,0
2021-07-21,462859,0,28839855,0
2021-07-22,475330,0,29315185,0
2021-07-23,441253,0,29756438,0
2021-07-24,386091,0,30142529,0
2021-07-25,287515,0,30430044,0
2021-07-26,430821,0,30860865,0
2021-07-27,440094,0,31300959,0
2021-07-28,390902,0,31691861,0
2021-07-29,371968,0,32063829,0
2021-07-30,341419,0,32405248,0
2021-07-31,286911,0,32692159,0
2021-08-01,190767,0,32882926,0
2021-08-02,333731,0,33216657,0
2021-08-03,323055,0,33539712,0
2021-08-04,310767,0,33850479,0
2021-08-05,292393,0,34142872,0
2021-08-06,259832,0,34402704,0
2021-08-07,198815,0,34601519,0
2021-08-08,153024,0,34754543,0
2021-08-09,234078,0,34988621,0
2021-08-10,205032,0,35193653,0
2021-08-11,193485,0,35387138,0
2021-08-12,167726,0,35554864,0
2021-08-13,148316,0,35703180,0
2021-08-14,65945,0,35769125,0
2021-08-15,26284,0,35795409,0
2021-08-16,114526,0,35909935,0
2021-08-17,129049,0,36038984,0
2021-08-18,128621,0,36167605,0
2021-08-19,124598,0,36292203,0
2021-08-20,123588,0,36415791,0
2021-08-21,82976,0,36498767,0
2021-08-22,68051,0,36566818,0
2021-08-23,176600,0,36743418,0
2021-08-24,156845,0,36900263,0
2021-08-25,176917,0,37077180,0
2021-08-26,172202,0,37249382,0
2021-08-27,185699,0,37435081,0
2021-08-28,140017,0,37575098,0
2021-08-29,98891,0,37673989,0
2021-08-30,209474,0,37883463,0
2021-08-31,194557,0,38078020,0
2021-09-01,192024,0,38270044,0
2021-09-02,189752,0,38459796,0
2021-09-03,191141,0,38650937,0
2021-09-04,131334,0,38782271,0
2021-09-05,87828,0,38870099,0
2021-09-06,193502,0,39063601,0
2021-09-07,195711,0,39259312,0
2021-09-08,187703,0,39447015,0
2021-09-09,201279,0,39648294,0
2021-09-10,197877,0,39846171,0
2021-09-11,141127,0,39987298,0
2021-09-12,89449,0,40076747,0
2021-09-13,190995,335,40267742,335
2021-09-14,177231,418,40444973,753
2021-09-15,162945,451,40607918,1204
2021-09-16,159922,785,40767840,1989
2021-09-17,149971,1001,40917811,2990
2021-09-18,127778,653,41045589,3643
2021-09-19,80936,440,41126525,4083
2021-09-20,179750,8951,41306275,13034
2021-09-21,166222,8723,41472497,21757
2021-09-22,158659,9356,41631156,31113
2021-09-23,137603,9234,41768759,40347
2021-09-24,140109,8850,41908868,49197
2021-09-25,119259,5555,42028127,54752
2021-09-26,71740,4293,42099867,59045
2021-09-27,135311,9963,42235178,69008
2021-09-28,117099,11299,42352277,80307
2021-09-29,111910,11754,42464187,92061
2021-09-30,109833,14833,42574020,106894
2021-10-01,94592,19025,42668612,125919
2021-10-02,78171,13982,42746783,139901
2021-10-03,47497,7626,42794280,147527
2021-10-04,88041,34356,42882321,181883
2021-10-05,80059,33907,42962380,215790
2021-10-06,71706,34052,43034086,249842
2021-10-07,71463,34270,43105549,284112
2021-10-08,80325,33483,43185874,317595
2021-10-09,75766,22104,43261640,339699
2021-10-10,45605,13590,43307245,353289
2021-10-11,87054,40984,43394299,394273
2021-10-12,84143,46779,43478442,441052
2021-10-13,87840,51972,43566282,493024
2021-10-14,91044,58373,43657326,551397
2021-10-15,93171,55459,43750497,606856
2021-10-16,82612,36695,43833109,643551
2021-10-17,51213,23773,43884322,667324
2021-10-18,90020,59321,43974342,726645
2021-10-19,78103,69272,44052445,795917
2021-10-20,74866,78009,44127311,873926
2021-10-21,78054,81556,44205365,955482
2021-10-22,73704,76849,44279069,1032331
2021-10-23,60686,51878,44339755,1084209
2021-10-24,33284,23395,44373039,1107604
2021-10-25,64714,81485,44437753,1189089
2021-10-26,58221,91596,44495974,1280685
2021-10-27,58095,103805,44554069,1384490
2021-10-28,61269,113810,44615338,1498300
2021-10-29,61592,102896,44676930,1601196
2021-10-30,50538,67970,44727468,1669166
2021-10-31,25100,28230,44752568,1697396
2021-11-01,19005,28115,44771573,1725511
2021-11-02,62626,89187,44834199,1814698
2021-11-03,60588,118454,44894787,1933152
2021-11-04,59072,126417,44953859,2059569
2021-11-05,62942,134937,45016801,2194506
2021-11-06,46318,90786,45063119,2285292
2021-11-07,22196,37822,45085315,2323114
2021-11-08,51331,131073,45136646,2454187
2021-11-09,45271,143835,45181917,2598022
2021-11-10,42489,155937,45224406,2753959
2021-11-11,44771,154869,45269177,2908828
2021-11-12,46191,158290,45315368,3067118
2021-11-13,33126,116423,45348494,3183541
2021-11-14,14432,52381,45362926,3235922
2021-11-15,36730,157110,45399656,3393032
2021-11-16,30393,171076,45430049,3564108
2021-11-17,28263,178196,45458312,3742304
2021-11-18,30082,193370,45488394,3935674
2021-11-19,28614,205444,45517008,4141118
2021-11-20,20847,156098,45537855,4297216
2021-11-21,10520,64696,45548375,4361912
2021-11-22,21742,212730,45570117,4574642
2021-11-23,23354,241357,45593471,4815999
2021-11-24,27587,270432,45621058,5086431
2021-11-25,22935,301371,45643993,5387802
2021-11-26,24286,317744,45668279,5705546
2021-11-27,21134,265740,45689413,5971286
2021-11-28,9757,136810,45699170,6108096
2021-11-29,21938,325477,45721108,6433573
2021-11-30,22707,365124,45743815,6798697
2021-12-01,21079,412712,45764894,7211409
2021-12-02,23274,439846,45788168,7651255
2021-12-03,24666,466693,45812834,8117948
2021-12-04,21878,418343,45834712,8536291
2021-12-05,11566,261137,45846278,8797428
2021-12-06,25039,457060,45871317,9254488
2021-12-07,23365,479639,45894682,9734127
2021-12-08,9597,249456,45904279,9983583
2021-12-09,30650,491420,45934929,10475003
2021-12-10,27173,517085,45962102,10992088
2021-12-11,22755,458841,45984857,11450929
2021-12-12,11770,293197,45996627,11744126
2021-12-13,25167,467054,46021794,12211180
2021-12-14,24133,493610,46045927,12704790
2021-12-15,24307,516505,46070234,13221295
2021-12-16,26580,519491,46096814,13740786
2021-12-17,28171,516119,46124985,14256905
2021-12-18,25804,468228,46150789,14725133
2021-12-19,14253,300225,46165042,15025358
2021-12-20,29334,476903,46194376,15502261
2021-12-21,29050,492637,46223426,15994898
2021-12-22,27942,484050,46251368,16478948
2021-12-23,26735,426335,46278103,16905283
2021-12-24,12525,210579,46290628,17115862
2021-12-25,2055,33006,46292683,17148868
2021-12-26,8075,158964,46300758,17307832
2021-12-27,44239,504174,46344997,17812006
2021-12-28,39042,553562,46384039,18365568
2021-12-29,30693,549955,46414732,18915523
2021-12-30,28266,499110,46442998,19414633
2021-12-31,12386,247130,46455384,19661763
2022-01-01,3130,64745,46458514,19726508
2022-01-02,19673,276517,46478187,20003025
2022-01-03,43055,520413,46521242,20523438
2022-01-04,41155,572422,46562397,21095860
2022-01-05,35560,560674,46597957,21656534
2022-01-06,20648,274178,46618605,21930712
2022-01-07,58530,554065,46677135,22484777
2022-01-08,55368,502669,46732503,22987446
2022-01-09,38612,319324,46771115,23306770
2022-01-10,56970,542033,46828085,23848803
2022-01-11,57132,586526,46885217,24435329
2022-01-12,53941,580847,46939158,25016176
2022-01-13,54463,579804,46993621,25595980
2022-01-14,42602,587721,47036223,26183701
2022-01-15,34213,567379,47070436,26751080
2022-01-16,27769,340633,47098205,27091713
2022-01-17,52030,489235,47150235,27580948
2022-01-18,55705,516337,47205940,28097285
2022-01-19,54682,502140,47260622,28599425
2022-01-20,51984,497866,47312606,29097291
2022-01-21,39608,492361,47352214,29589652
2022-01-22,28220,467946,47380434,30057598
2022-01-23,33205,274395,47413639,30331993
2022-01-24,54503,435898,47468142,30767891
2022-01-25,59903,450140,47528045,31218031
2022-01-26,56575,432784,47584620,31650815
2022-01-27,48244,425016,47632864,32075831
2022-01-28,56253,422092,47689117,32497923
2022-01-29,40930,237404,47730047,32735327