data_somministrazione,vaccinazioni,booster,cum_vaccinazioni,cum_booster
2020-12-27,18,0,18,0
2020-12-28,2,0,20,0
2020-12-29,1,0,21,0
2020-12-30,6,0,27,0
2020-12-31,55,0,82,0
2021-01-01,21,0,103,0
2021-01-02,94,0,197,0
2021-01-03,73,0,270,0
2021-01-04,186,0,456,0
2021-01-05,229,0,685,0
2021-01-06,180,0,865,0
2021-01-07,271,0,1136,0
2021-01-08,318,0,1454,0
2021-01-09,235,0,1689,0
2021-01-10,140,0,1829,0
2021-01-11,258,0,2087,0
2021-01-12,260,0,2347,0
2021-01-13,376,0,2723,0
2021-01-14,464,0,3187,0
2021-01-15,286,0,3473,0
2021-01-16,200,0,3673,0
2021-01-17,3056,0,6729,0
2021-01-18,5206,0,11935,0
2021-01-19,1890,0,13825,0
2021-01-20,4651,0,18476,0
2021-01-21,20006,0,38482,0
2021-01-22,14201,0,52683,0
2021-01-23,33339,0,86022,0
2021-01-24,30792,0,116814,0
2021-01-25,64742,0,181556,0
2021-01-26,76504,0,258060,0
2021-01-27,64851,0,322911,0
2021-01-28,89309,0,412220,0
2021-01-29,94040,0,506260,0
2021-01-30,86581,0,592841,0
2021-01-31,57343,0,650184,0
2021-02-01,81880,0,732064,0
2021-02-02,82149,0,814213,0
2021-02-03,91199,0,905412,0
2021-02-04,95403,0,1000815,0
2021-02-05,90288,0,1091103,0
2021-02-06,63452,0,1154555,0
2021-02-07,32925,0,1187480,0
2021-02-08,40432,0,1227912,0
2021-02-09,32864,0,1260776,0
2021-02-10,28417,0,1289193,0
2021-02-11,20382,0,1309575,0
2021-02-12,16221,0,1325796,0
2021-02-13,7246,0,1333042,0
2021-02-14,2861,0,1335903,0
2021-02-15,6836,0,1342739,0
2021-02-16,6991,0,1349730,0
2021-02-17,10518,0,1360248,0
2021-02-18,9243,0,1369491,0
2021-02-19,8234,0,1377725,0
2021-02-20,5534,0,1383259,0
2021-02-21,2981,0,1386240,0
2021-02-22,6877,0,1393117,0
2021-02-23,7155,0,1400272,0
2021-02-24,9822,0,1410094,0
2021-02-25,14200,0,1424294,0
2021-02-26,17550,0,1441844,0
2021-02-27,13894,0,1455738,0
2021-02-28,9385,0,1465123,0
2021-03-01,26505,0,1491628,0
2021-03-02,33232,0,1524860,0
2021-03-03,44641,0,1569501,0
2021-03-04,50290,0,1619791,0
2021-03-05,55734,0,1675525,0
2021-03-06,41873,0,1717398,0
2021-03-07,22319,0,1739717,0
2021-03-08,50788,0,1790505,0
2021-03-09,53055,0,1843560,0
2021-03-10,58619,0,1902179,0
2021-03-11,63826,0,1966005,0
2021-03-12,65088,0,2031093,0
2021-03-13,51700,0,2082793,0
2021-03-14,35383,0,2118176,0
2021-03-15,73423,0,2191599,0
2021-03-16,74022,0,2265621,0
2021-03-17,83128,0,2348749,0
2021-03-18,81621,0,2430370,0
2021-03-19,81077,0,2511447,0
2021-03-20,64703,0,2576150,0
2021-03-21,47284,0,2623434,0
2021-03-22,69468,0,2692902,0
2021-03-23,75777,0,2768679,0
2021-03-24,90881,0,2859560,0
2021-03-25,89781,0,2949341,0
2021-03-26,83601,0,3032942,0
2021-03-27,71909,0,3104851,0
2021-03-28,44119,0,3148970,0
2021-03-29,70799,0,3219769,0
2021-03-30,81349,0,3301118,0
2021-03-31,96207,0,3397325,0
2021-04-01,95289,0,3492614,0
2021-04-02,84060,0,3576674,0
2021-04-03,64295,0,3640969,0
2021-04-04,21715,0,3662684,0
2021-04-05,40294,0,3702978,0
2021-04-06,81293,0,3784271,0
2021-04-07,95796,0,3880067,0
2021-04-08,95222,0,3975289,0
2021-04-09,88476,0,4063765,0
2021-04-10,74021,0,4137786,0
2021-04-11,44745,0,4182531,0
2021-04-12,66902,0,4249433,0
2021-04-13,72558,0,4321991,0
2021-04-14,85516,0,4407507,0
2021-04-15,105396,0,4512903,0
2021-04-16,106403,0,4619306,0
2021-04-17,90486,0,4709792,0
2021-04-18,58580,0,4768372,0
2021-04-19,93425,0,4861797,0
2021-04-20,103759,0,4965556,0
2021-04-21,125324,0,5090880,0
2021-04-22,143502,0,5234382,0
2021-04-23,138708,0,5373090,0
2021-04-24,124428,0,5497518,0
2021-04-25,61452,0,5558970,0
2021-04-26,97873,0,5656843,0
2021-04-27,128347,0,5785190,0
2021-04-28,156346,0,5941536,0
2021-04-29,195573,0,6137109,0
2021-04-30,214550,0,6351659,0
2021-05-01,174086,0,6525745,0
2021-05-02,135789,0,6661534,0
2021-05-03,141994,0,6803528,0
2021-05-04,158672,0,6962200,0
2021-05-05,170462,0,7132662,0
2021-05-06,197783,0,7330445,0
2021-05-07,213798,0,7544243,0
2021-05-08,213372,0,7757615,0
2021-05-09,143188,0,7900803,0
2021-05-10,165072,0,8065875,0
2021-05-11,174945,0,8240820,0
2021-05-12,179134,0,8419954,0
2021-05-13,203346,0,8623300,0
2021-05-14,222884,0,8846184,0
2021-05-15,210326,0,9056510,0
2021-05-16,159253,0,9215763,0
2021-05-17,219174,0,9434937,0
2021-05-18,212991,0,9647928,0
2021-05-19,207059,0,9854987,0
2021-05-20,270832,0,10125819,0
2021-05-21,270856,0,10396675,0
2021-05-22,245508,0,10642183,0
2021-05-23,197168,0,10839351,0
2021-05-24,228286,0,11067637,0
2021-05-25,245679,0,11313316,0
2021-05-26,277475,0,11590791,0
2021-05-27,311069,0,11901860,0
2021-05-28,299551,0,12201411,0
2021-05-29,231187,0,12432598,0
2021-05-30,170813,0,12603411,0
2021-05-31,216394,0,12819805,0
2021-06-01,207623,0,13027428,0
2021-06-02,115761,0,13143189,0
2021-06-03,180087,0,13323276,0
2021-06-04,184825,0,13508101,0
2021-06-05,185906,0,13694007,0
2021-06-06,139498,0,13833505,0
2021-06-07,161817,0,13995322,0
2021-06-08,171134,0,14166456,0
2021-06-09,171405,0,14337861,0
2021-06-10,174006,0,14511867,0
2021-06-11,169912,0,14681779,0
2021-06-12,128286,0,14810065,0
2021-06-13,91123,0,14901188,0
2021-06-14,214624,0,15115812,0
2021-06-15,228366,0,15344178,0
2021-06-16,253015,0,15597193,0
2021-06-17,301680,0,15898873,0
2021-06-18,306237,0,16205110,0
2021-06-19,275029,0,16480139,0
2021-06-20,220716,0,16700855,0
2021-06-21,288017,0,16988872,0
2021-06-22,296172,0,17285044,0
2021-06-23,302649,0,17587693,0
2021-06-24,332541,0,17920234,0
2021-06-25,348680,0,18268914,0
2021-06-26,300078,0,18568992,0
2021-06-27,228605,0,18797597,0
2021-06-28,307018,0,19104615,0
2021-06-29,329214,0,19433829,0
2021-06-30,342080,0,19775909,0
2021-07-01,363137,0,20139046,0
2021-07-02,368422,0,20507468,0
2021-07-03,371057,0,20878525,0
2021-07-04,283186,0,21161711,0
2021-07-05,384494,0,21546205,0
2021-07-06,385424,0,21931629,0
2021-07-07,412052,0,22343681,0
2021-07-08,479628,0,22823309,0
2021-07-09,498502,0,23321811,0
2021-07-10,475183,0,23796994,0
2021-07-11,357706,0,24154700,0
2021-07-12,485915,0,24640615,0
2021-07-13,492163,0,25132778,0
2021-07-14,480485,0,25613263,0
2021-07-15,523512,0,26136775,0
2021-07-16,509792,0,26646567,0
2021-07-17,464378,0,27110945,0
2021-07-18,364704,0,27475649,0
2021-07-19,463080,0,27938729,0
2021-07-20,458085,0,28396814,0
2021-07-21,462820,0,28859634,0
2021-07-22,475399,0,29335033,0
2021-07-23,441311,0,29776344,0
2021-07-24,386187,0,30162531,0
2021-07-25,287600,0,30450131,0
2021-07-26,430902,0,30881033,0
2021-07-27,440128,0,31321161,0
2021-07-28,391023,0,31712184,0
2021-07-29,372076,0,32084260,0
2021-07-30,341499,0,32425759,0
2021-07-31,286999,0,32712758,0
2021-08-01,191019,0,32903777,0
2021-08-02,333729,0,33237506,0
2021-08-03,323184,0,33560690,0
2021-08-04,310969,0,33871659,0
2021-08-05,292508,0,34164167,0
2021-08-06,259996,0,34424163,0
2021-08-07,199036,0,34623199,0
2021-08-08,153103,0,34776302,0
2021-08-09,234074,0,35010376,0
2021-08-10,205245,0,35215621,0
2021-08-11,193742,0,35409363,0
2021-08-12,167960,0,35577323,0
2021-08-13,148588,0,35725911,0
2021-08-14,66082,0,35791993,0
2021-08-15,26333,0,35818326,0
2021-08-16,114670,0,35932996,0
2021-08-17,129235,0,36062231,0
2021-08-18,128721,0,36190952,0
2021-08-19,124780,0,36315732,0
2021-08-20,123780,0,36439512,0
2021-08-21,83110,0,36522622,0
2021-08-22,68161,0,36590783,0
2021-08-23,176864,0,36767647,0
2021-08-24,156901,0,36924548,0
2021-08-25,177165,0,37101713,0
2021-08-26,172348,0,37274061,0
2021-08-27,185854,0,37459915,0
2021-08-28,140270,0,37600185,0
2021-08-29,99004,0,37699189,0
2021-08-30,209637,0,37908826,0
2021-08-31,194632,0,38103458,0
2021-09-01,192213,0,38295671,0
2021-09-02,189941,0,38485612,0
2021-09-03,191350,0,38676962,0
2021-09-04,131491,0,38808453,0
2021-09-05,87876,0,38896329,0
2021-09-06,193664,0,39089993,0
2021-09-07,196075,0,39286068,0
2021-09-08,187915,0,39473983,0
2021-09-09,201479,0,39675462,0
2021-09-10,198117,0,39873579,0
2021-09-11,141331,0,40014910,0
2021-09-12,89603,0,40104513,0
2021-09-13,191185,527,40295698,527
2021-09-14,177270,563,40472968,1090
2021-09-15,163133,559,40636101,1649
2021-09-16,160100,905,40796201,2554
2021-09-17,150173,1100,40946374,3654
2021-09-18,127976,723,41074350,4377
2021-09-19,81133,484,41155483,4861
2021-09-20,180075,9058,41335558,13919
2021-09-21,166618,8823,41502176,22742
2021-09-22,159075,9420,41661251,32162
2021-09-23,138070,9311,41799321,41473
2021-09-24,140535,8943,41939856,50416
2021-09-25,119542,5625,42059398,56041
2021-09-26,71949,4334,42131347,60375
2021-09-27,135631,10033,42266978,70408
2021-09-28,117481,11374,42384459,81782
2021-09-29,112319,11821,42496778,93603
2021-09-30,110219,14932,42606997,108535
2021-10-01,94968,19099,42701965,127634
2021-10-02,78467,14011,42780432,141645
2021-10-03,47724,7652,42828156,149297
2021-10-04,88370,34438,42916526,183735
2021-10-05,80355,33966,42996881,217701
2021-10-06,71972,34153,43068853,251854
2021-10-07,71846,34339,43140699,286193
2021-10-08,80618,33583,43221317,319776
2021-10-09,76094,22161,43297411,341937
2021-10-10,45769,13613,43343180,355550
2021-10-11,87401,41094,43430581,396644
2021-10-12,84483,46891,43515064,443535
2021-10-13,88186,52098,43603250,495633
2021-10-14,91519,58493,43694769,554126
2021-10-15,93582,55609,43788351,609735
2021-10-16,82953,36773,43871304,646508
2021-10-17,51456,23822,43922760,670330
2021-10-18,90288,59472,44013048,729802
2021-10-19,78338,69366,44091386,799168
2021-10-20,75071,78152,44166457,877320
2021-10-21,78307,81737,44244764,959057
2021-10-22,73795,77009,44318559,1036066
2021-10-23,60814,51943,44379373,1088009
2021-10-24,33380,23443,44412753,1111452
2021-10-25,64903,81617,44477656,1193069
2021-10-26,58369,91769,44536025,1284838
2021-10-27,58329,103954,44594354,1388792
2021-10-28,61465,114094,44655819,1502886
2021-10-29,61660,103101,44717479,1605987
2021-10-30,50672,68109,44768151,1674096
2021-10-31,25169,28281,44793320,1702377
2021-11-01,19048,28145,44812368,1730522
2021-11-02,62772,89361,44875140,1819883
2021-11-03,60731,118655,44935871,1938538
2021-11-04,59245,126650,44995116,2065188
2021-11-05,63094,135165,45058210,2200353
2021-11-06,46472,90919,45104682,2291272
2021-11-07,22253,37891,45126935,2329163
2021-11-08,51523,131256,45178458,2460419
2021-11-09,45403,144184,45223861,2604603
2021-11-10,42573,156341,45266434,2760944
2021-11-11,44932,155133,45311366,2916077
2021-11-12,46370,158565,45357736,3074642
2021-11-13,33253,116641,45390989,3191283
2021-11-14,14478,52445,45405467,3243728
2021-11-15,36894,157415,45442361,3401143
2021-11-16,30542,171369,45472903,3572512
2021-11-17,28442,178429,45501345,3750941
2021-11-18,30278,193703,45531623,3944644
2021-11-19,28795,205844,45560418,4150488
2021-11-20,20989,156433,45581407,4306921
2021-11-21,10604,64854,45592011,4371775
2021-11-22,21921,213134,45613932,4584909
2021-11-23,23562,241738,45637494,4826647
2021-11-24,27828,270940,45665322,5097587
2021-11-25,23224,301891,45688546,5399478
2021-11-26,24568,318258,45713114,5717736
2021-11-27,21366,266145,45734480,5983881
2021-11-28,9893,137052,45744373,6120933
2021-11-29,22308,326058,45766681,6446991
2021-11-30,23069,365818,45789750,6812809
2021-12-01,21507,413491,45811257,7226300
2021-12-02,23746,440375,45835003,7666675
2021-12-03,25219,467446,45860222,8134121
2021-12-04,22338,418720,45882560,8552841
2021-12-05,11903,261330,45894463,8814171
2021-12-06,25797,457555,45920260,9271726
2021-12-07,24098,480240,45944358,9751966
2021-12-08,9987,249677,45954345,10001643
2021-12-09,31546,491906,45985891,10493549
2021-12-10,28037,517854,46013928,11011403
2021-12-11,23537,459235,46037465,11470638
2021-12-12,12289,293492,46049754,11764130
2021-12-13,26126,467613,46075880,12231743
2021-12-14,25147,494181,46101027,12725924
2021-12-15,25298,517127,46126325,13243051
2021-12-16,27856,520231,46154181,13763282
2021-12-17,29323,517153,46183504,14280435
2021-12-18,27015,468709,46210519,14749144
2021-12-19,15124,300509,46225643,15049653
2021-12-20,30595,477463,46256238,15527116
2021-12-21,30335,493365,46286573,16020481
2021-12-22,29417,484691,46315990,16505172
2021-12-23,28200,426888,46344190,16932060
2021-12-24,13102,210816,46357292,17142876
2021-12-25,2101,33052,46359393,17175928
2021-12-26,8748,159062,46368141,17334990
2021-12-27,46732,504643,46414873,17839633
2021-12-28,42404,554191,46457277,18393824
2021-12-29,34275,550626,46491552,18944450
2021-12-30,31768,499813,46523320,19444263
2021-12-31,14089,247393,46537409,19691656
2022-01-01,3492,64812,46540901,19756468
2022-01-02,22721,276716,46563622,20033184
2022-01-03,47745,520007,46611367,20553191
2022-01-04,46249,572064,46657616,21125255
2022-01-05,40634,560375,46698250,21685630
2022-01-06,23419,274478,46721669,21960108
2022-01-07,63565,554175,46785234,22514283
2022-01-08,60719,503372,46845953,23017655
2022-01-09,42733,319682,46888686,23337337
2022-01-10,60954,542266,46949640,23879603
2022-01-11,61584,586978,47011224,24466581
2022-01-12,58311,581269,47069535,25047850
2022-01-13,58464,580367,47127999,25628217
2022-01-14,46647,588555,47174646,26216772
2022-01-15,39192,569928,47213838,26786700
2022-01-16,31085,341847,47244923,27128547
2022-01-17,54683,489641,47299606,27618188
2022-01-18,58274,517002,47357880,28135190
2022-01-19,57101,502775,47414981,28637965
2022-01-20,54238,498806,47469219,29136771
2022-01-21,41952,493860,47511171,29630631
2022-01-22,31057,469585,47542228,30100216
2022-01-23,34851,275363,47577079,30375579
2022-01-24,56102,437203,47633181,30812782
2022-01-25,61470,452083,47694651,31264865
2022-01-26,58462,435809,47753113,31700674
2022-01-27,48771,432350,47801884,32133024
2022-01-28,58591,436519,47860475,32569543
2022-01-29,68018,412474,47928493,32982017
2022-01-30,50316,235961,47978809,33217978
2022-01-31,60528,356915,48039337,33574893
2022-02-01,65462,328426,48104799,33903319
2022-02-02,63111,296954,48167910,34200273
2022-02-03,59985,274509,48227895,34474782
2022-02-04,72301,268440,48300196,34743222
2022-02-05,83686,248520,48383882,34991742
2022-02-06,55239,116193,48439121,35107935
2022-02-07,65087,199927,48504208,35307862
2022-02-08,66880,186101,48571088,35493963
2022-02-09,58717,166326,48629805,35660289
2022-02-10,58504,163229,48688309,35823518
2022-02-11,62191,162449,48750500,35985967
2022-02-12,71929,152133,48822429,36138100
2022-02-13,41452,68848,48863881,36206948
2022-02-14,46647,116179,48910528,36323127
2022-02-15,48485,123477,48959013,36446604
2022-02-16,45645,106107,49004658,36552711
2022-02-17,42839,98097,49047497,36650808
2022-02-18,46584,112565,49094081,36763373
2022-02-19,52507,100324,49146588,36863697
2022-02-20,31405,40359,49177993,36904056
2022-02-21,37877,89639,49215870,36993695
2022-02-22,37191,83766,49253061,37077461
2022-02-23,33370,79401,49286431,37156862
2022-02-24,32541,78160,49318972,37235022
2022-02-25,34737,90701,49353709,37325723
2022-02-26,39137,89130,49392846,37414853
2022-02-27,22538,35855,49415384,37450708
2022-02-28,28458,81689,49443842,37532397
2022-03-01,22685,53934,49466527,37586331
2022-03-02,21982,50626,49488509,37636957
2022-03-03,22593,54940,49511102,37691897
2022-03-04,23203,62789,49534305,37754686
2022-03-05,23775,57949,49558080,37812635
2022-03-06,9468,17199,49567548,37829834
2022-03-07,15894,51389,49583442,37881223
2022-03-08,15441,48796,49598883,37930019
2022-03-09,13794,46512,49612677,37976531
2022-03-10,14022,52115,49626699,38028646
2022-03-11,15556,57247,49642255,38085893
2022-03-12,15484,56613,49657739,38142506
2022-03-13,5540,16848,49663279,38159354
2022-03-14,10515,46690,49673794,38206044
2022-03-15,10526,46892,49684320,38252936
2022-03-16,9468,41975,49693788,38294911
2022-03-17,9695,44875,49703483,38339786
2022-03-18,10149,49049,49713632,38388835
2022-03-19,9139,46531,49722771,38435366
2022-03-20,2605,11699,49725376,38447065
2022-03-21,7569,40221,49732945,38487286
2022-03-22,8435,37745,49741380,38525031
2022-03-23,7201,33695,49748581,38558726
2022-03-24,8243,38796,49756824,38597522
2022-03-25,8118,43664,49764942,38641186
2022-03-26,8119,41719,49773061,38682905
2022-03-27,2426,9683,49775487,38692588
2022-03-28,6094,35229,49781581,38727817
2022-03-29,5771,32524,49787352,38760341
2022-03-30,5550,30193,49792902,38790534
2022-03-31,5877,33168,49798779,38823702
2022-04-01,4339,25180,49803118,38848882
2022-04-02,4486,23271,49807604,38872153
2022-04-03,1046,4499,49808650,38876652
2022-04-04,3649,21532,49812299,38898184
2022-04-05,3746,22922,49816045,38921106
2022-04-06,4095,21837,49820140,38942943
2022-04-07,3951,23317,49824091,38966260
2022-04-08,4681,26708,49828772,38992968
2022-04-09,4374,23882,49833146,39016850
2022-04-10,892,4614,49834038,39021464
2022-04-11,3798,22682,49837836,39044146
2022-04-12,3354,21775,49841190,39065921
2022-04-13,3555,21333,49844745,39087254
2022-04-14,3480,23774,49848225,39111028
2022-04-15,3074,20613,49851299,39131641
2022-04-16,2146,11920,49853445,39143561
2022-04-17,63,348,49853508,39143909
2022-04-18,148,650,49853656,39144559
2022-04-19,3480,21976,49857136,39166535
2022-04-20,3493,20249,49860629,39186784
2022-04-21,2835,19774,49863464,39206558
2022-04-22,2913,20695,49866377,39227253
2022-04-23,2635,16205,49869012,39243458
2022-04-24,509,2335,49869521,39245793
2022-04-25,183,1165,49869704,39246958
2022-04-26,2757,17791,49872461,39264749
2022-04-27,2363,15780,49874824,39280529
2022-04-28,2346,15533,49877170,39296062
2022-04-29,2289,14831,49879459,39310893
2022-04-30,2117,11577,49881576,39322470
2022-05-01,113,530,49881689,39323000
2022-05-02,1443,9381,49883132,39332381
2022-05-03,1569,10307,49884701,39342688
2022-05-04,1744,10255,49886445,39352943
2022-05-05,1647,10273,49888092,39363216
2022-05-06,1690,10944,49889782,39374160
2022-05-07,1432,8561,49891214,39382721
2022-05-08,404,1514,49891618,39384235
2022-05-09,1023,8915,49892641,39393150
2022-05-10,1418,9536,49894059,39402686
2022-05-11,1476,10087,49895535,39412773
2022-05-12,1364,10118,49896899,39422891
2022-05-13,1587,10507,49898486,39433398
2022-05-14,1355,8226,49899841,39441624
2022-05-15,336,1129,49900177,39442753
2022-05-16,809,8388,49900986,39451141
2022-05-17,1239,8665,49902225,39459806
2022-05-18,1368,9212,49903593,39469018
2022-05-19,1498,9266,49905091,39478284
2022-05-20,1420,9491,49906511,39487775
2022-05-21,1299,7891,49907810,39495666
2022-05-22,231,1012,49908041,39496678
2022-05-23,825,8260,49908866,39504938
2022-05-24,1070,8663,49909936,39513601
2022-05-25,1365,9443,49911301,39523044
2022-05-26,1192,9452,49912493,39532496
2022-05-27,1224,9908,49913717,39542404
2022-05-28,1202,7872,49914919,39550276
2022-05-29,285,1264,49915204,39551540
2022-05-30,928,8024,49916132,39559564
2022-05-31,1033,8529,49917165,39568093
2022-06-01,890,7643,49918055,39575736
2022-06-02,35,474,49918090,39576210
2022-06-03,812,7327,49918902,39583537
2022-06-04,869,5155,49919771,39588692
2022-06-05,89,586,49919860,39589278
2022-06-06,671,6964,49920531,39596242
2022-06-07,929,7841,49921460,39604083
2022-06-08,978,7896,49922438,39611979
2022-06-09,1034,8398,49923472,39620377
2022-06-10,950,8537,49924422,39628914
2022-06-11,897,6208,49925319,39635122
2022-06-12,140,767,49925459,39635889
2022-06-13,602,6295,49926061,39642184
2022-06-14,824,7878,49926885,39650062
2022-06-15,949,7842,49927834,39657904
2022-06-16,728,7383,49928562,39665287
2022-06-17,717,7233,49929279,39672520
2022-06-18,776,5587,49930055,39678107
2022-06-19,47,522,49930102,39678629
2022-06-20,587,6694,49930689,39685323
2022-06-21,730,7637,49931419,39692960
2022-06-22,777,7299,49932196,39700259
2022-06-23,648,7456,49932844,39707715
2022-06-24,642,7467,49933486,39715182
2022-06-25,835,6531,49934321,39721713
2022-06-26,128,523,49934449,39722236
2022-06-27,532,7116,49934981,39729352
2022-06-28,743,8206,49935724,39737558
2022-06-29,754,7716,49936478,39745274
2022-06-30,740,8132,49937218,39753406
2022-07-01,578,6436,49937796,39759842
2022-07-02,536,4764,49938332,39764606
2022-07-03,49,456,49938381,39765062
2022-07-04,468,6269,49938849,39771331
2022-07-05,620,8105,49939469,39779436
2022-07-06,624,7590,49940093,39787026
2022-07-07,562,8248,49940655,39795274
2022-07-08,669,8073,49941324,39803347
2022-07-09,548,6103,49941872,39809450
2022-07-10,58,533,49941930,39809983
2022-07-11,476,7625,49942406,39817608
2022-07-12,651,8976,49943057,39826584
2022-07-13,625,10062,49943682,39836646
2022-07-14,619,10200,49944301,39846846
2022-07-15,616,10642,49944917,39857488
2022-07-16,512,7204,49945429,39864692
2022-07-17,48,767,49945477,39865459
2022-07-18,495,9333,49945972,39874792
2022-07-19,559,10634,49946531,39885426
2022-07-20,561,11233,49947092,39896659
2022-07-21,619,11986,49947711,39908645
2022-07-22,566,11197,49948277,39919842
2022-07-23,375,6729,49948652,39926571
2022-07-24,75,834,49948727,39927405
2022-07-25,492,9014,49949219,39936419
2022-07-26,515,9693,49949734,39946112
2022-07-27,533,10100,49950267,39956212
2022-07-28,522,10437,49950789,39966649
2022-07-29,503,9368,49951292,39976017
2022-07-30,380,5843,49951672,39981860
2022-07-31,49,741,49951721,39982601
2022-08-01,383,6800,49952104,39989401
2022-08-02,532,7470,49952636,39996871
2022-08-03,485,7032,49953121,40003903
2022-08-04,437,7344,49953558,40011247
2022-08-05,402,6394,49953960,40017641
2022-08-06,297,3548,49954257,40021189
2022-08-07,43,538,49954300,40021727
2022-08-08,381,4755,49954681,40026482
2022-08-09,233,2676,49954914,40029158