data_somministrazione,vaccinazioni,booster,cum_vaccinazioni,cum_booster
2020-12-27,20,0,20,0
2020-12-28,2,0,22,0
2020-12-29,1,0,23,0
2020-12-30,10,0,33,0
2020-12-31,74,0,107,0
2021-01-01,25,0,132,0
2021-01-02,138,0,270,0
2021-01-03,100,0,370,0
2021-01-04,231,0,601,0
2021-01-05,276,0,877,0
2021-01-06,243,0,1120,0
2021-01-07,318,0,1438,0
2021-01-08,372,0,1810,0
2021-01-09,280,0,2090,0
2021-01-10,165,0,2255,0
2021-01-11,301,0,2556,0
2021-01-12,281,0,2837,0
2021-01-13,412,0,3249,0
2021-01-14,499,0,3748,0
2021-01-15,316,0,4064,0
2021-01-16,222,0,4286,0
2021-01-17,3063,0,7349,0
2021-01-18,5219,0,12568,0
2021-01-19,1894,0,14462,0
2021-01-20,4659,0,19121,0
2021-01-21,20008,0,39129,0
2021-01-22,14220,0,53349,0
2021-01-23,33326,0,86675,0
2021-01-24,30777,0,117452,0
2021-01-25,64712,0,182164,0
2021-01-26,76469,0,258633,0
2021-01-27,64815,0,323448,0
2021-01-28,89257,0,412705,0
2021-01-29,94004,0,506709,0
2021-01-30,86545,0,593254,0
2021-01-31,57325,0,650579,0
2021-02-01,81840,0,732419,0
2021-02-02,82135,0,814554,0
2021-02-03,91107,0,905661,0
2021-02-04,95390,0,1001051,0
2021-02-05,90266,0,1091317,0
2021-02-06,63446,0,1154763,0
2021-02-07,32934,0,1187697,0
2021-02-08,40425,0,1228122,0
2021-02-09,32878,0,1261000,0
2021-02-10,28434,0,1289434,0
2021-02-11,20405,0,1309839,0
2021-02-12,16247,0,1326086,0
2021-02-13,7279,0,1333365,0
2021-02-14,2862,0,1336227,0
2021-02-15,6846,0,1343073,0
2021-02-16,7004,0,1350077,0
2021-02-17,10526,0,1360603,0
2021-02-18,9254,0,1369857,0
2021-02-19,8254,0,1378111,0
2021-02-20,5577,0,1383688,0
2021-02-21,3011,0,1386699,0
2021-02-22,6882,0,1393581,0
2021-02-23,7186,0,1400767,0
2021-02-24,9812,0,1410579,0
2021-02-25,14213,0,1424792,0
2021-02-26,17556,0,1442348,0
2021-02-27,13917,0,1456265,0
2021-02-28,9393,0,1465658,0
2021-03-01,26522,0,1492180,0
2021-03-02,33246,0,1525426,0
2021-03-03,44645,0,1570071,0
2021-03-04,50298,0,1620369,0
2021-03-05,55738,0,1676107,0
2021-03-06,41876,0,1717983,0
2021-03-07,22328,0,1740311,0
2021-03-08,50831,0,1791142,0
2021-03-09,53087,0,1844229,0
2021-03-10,58680,0,1902909,0
2021-03-11,63878,0,1966787,0
2021-03-12,65130,0,2031917,0
2021-03-13,51728,0,2083645,0
2021-03-14,35418,0,2119063,0
2021-03-15,73458,0,2192521,0
2021-03-16,74027,0,2266548,0
2021-03-17,83137,0,2349685,0
2021-03-18,81626,0,2431311,0
2021-03-19,81091,0,2512402,0
2021-03-20,64735,0,2577137,0
2021-03-21,47310,0,2624447,0
2021-03-22,69496,0,2693943,0
2021-03-23,75809,0,2769752,0
2021-03-24,90919,0,2860671,0
2021-03-25,89820,0,2950491,0
2021-03-26,83642,0,3034133,0
2021-03-27,71954,0,3106087,0
2021-03-28,44175,0,3150262,0
2021-03-29,70844,0,3221106,0
2021-03-30,81400,0,3302506,0
2021-03-31,96258,0,3398764,0
2021-04-01,95322,0,3494086,0
2021-04-02,84084,0,3578170,0
2021-04-03,64303,0,3642473,0
2021-04-04,21723,0,3664196,0
2021-04-05,40319,0,3704515,0
2021-04-06,81334,0,3785849,0
2021-04-07,95839,0,3881688,0
2021-04-08,95255,0,3976943,0
2021-04-09,88501,0,4065444,0
2021-04-10,74033,0,4139477,0
2021-04-11,44768,0,4184245,0
2021-04-12,66918,0,4251163,0
2021-04-13,72587,0,4323750,0
2021-04-14,85551,0,4409301,0
2021-04-15,105424,0,4514725,0
2021-04-16,106426,0,4621151,0
2021-04-17,90526,0,4711677,0
2021-04-18,58597,0,4770274,0
2021-04-19,93434,0,4863708,0
2021-04-20,103775,0,4967483,0
2021-04-21,125342,0,5092825,0
2021-04-22,143525,0,5236350,0
2021-04-23,138749,0,5375099,0
2021-04-24,124454,0,5499553,0
2021-04-25,61468,0,5561021,0
2021-04-26,97907,0,5658928,0
2021-04-27,128369,0,5787297,0
2021-04-28,156385,0,5943682,0
2021-04-29,195615,0,6139297,0
2021-04-30,214606,0,6353903,0
2021-05-01,174136,0,6528039,0
2021-05-02,135803,0,6663842,0
2021-05-03,142067,0,6805909,0
2021-05-04,158710,0,6964619,0
2021-05-05,170534,0,7135153,0
2021-05-06,197818,0,7332971,0
2021-05-07,213869,0,7546840,0
2021-05-08,213439,0,7760279,0
2021-05-09,143219,0,7903498,0
2021-05-10,165102,0,8068600,0
2021-05-11,175003,0,8243603,0
2021-05-12,179208,0,8422811,0
2021-05-13,203414,0,8626225,0
2021-05-14,222940,0,8849165,0
2021-05-15,210387,0,9059552,0
2021-05-16,159285,0,9218837,0
2021-05-17,219217,0,9438054,0
2021-05-18,213030,0,9651084,0
2021-05-19,207097,0,9858181,0
2021-05-20,270884,0,10129065,0
2021-05-21,270907,0,10399972,0
2021-05-22,245542,0,10645514,0
2021-05-23,197188,0,10842702,0
2021-05-24,228308,0,11071010,0
2021-05-25,245700,0,11316710,0
2021-05-26,277513,0,11594223,0
2021-05-27,311096,0,11905319,0
2021-05-28,299583,0,12204902,0
2021-05-29,231243,0,12436145,0
2021-05-30,170850,0,12606995,0
2021-05-31,216435,0,12823430,0
2021-06-01,207640,0,13031070,0
2021-06-02,115802,0,13146872,0
2021-06-03,180169,0,13327041,0
2021-06-04,184914,0,13511955,0
2021-06-05,185991,0,13697946,0
2021-06-06,139581,0,13837527,0
2021-06-07,161899,0,13999426,0
2021-06-08,171275,0,14170701,0
2021-06-09,171517,0,14342218,0
2021-06-10,174146,0,14516364,0
2021-06-11,170014,0,14686378,0
2021-06-12,128375,0,14814753,0
2021-06-13,91223,0,14905976,0
2021-06-14,214708,0,15120684,0
2021-06-15,228452,0,15349136,0
2021-06-16,253109,0,15602245,0
2021-06-17,301770,0,15904015,0
2021-06-18,306325,0,16210340,0
2021-06-19,275117,0,16485457,0
2021-06-20,220811,0,16706268,0
2021-06-21,288094,0,16994362,0
2021-06-22,296247,0,17290609,0
2021-06-23,302703,0,17593312,0
2021-06-24,332616,0,17925928,0
2021-06-25,348726,0,18274654,0
2021-06-26,300142,0,18574796,0
2021-06-27,228687,0,18803483,0
2021-06-28,307142,0,19110625,0
2021-06-29,329326,0,19439951,0
2021-06-30,342209,0,19782160,0
2021-07-01,363243,0,20145403,0
2021-07-02,368496,0,20513899,0
2021-07-03,371099,0,20884998,0
2021-07-04,283236,0,21168234,0
2021-07-05,384562,0,21552796,0
2021-07-06,385487,0,21938283,0
2021-07-07,412138,0,22350421,0
2021-07-08,479593,0,22830014,0
2021-07-09,498468,0,23328482,0
2021-07-10,475171,0,23803653,0
2021-07-11,357697,0,24161350,0
2021-07-12,485879,0,24647229,0
2021-07-13,492084,0,25139313,0
2021-07-14,480444,0,25619757,0
2021-07-15,523436,0,26143193,0
2021-07-16,509758,0,26652951,0
2021-07-17,464327,0,27117278,0
2021-07-18,364640,0,27481918,0
2021-07-19,463033,0,27944951,0
2021-07-20,458055,0,28403006,0
2021-07-21,462786,0,28865792,0
2021-07-22,475384,0,29341176,0
2021-07-23,441321,0,29782497,0
2021-07-24,386146,0,30168643,0
2021-07-25,287557,0,30456200,0
2021-07-26,430890,0,30887090,0
2021-07-27,440114,0,31327204,0
2021-07-28,391019,0,31718223,0
2021-07-29,372077,0,32090300,0
2021-07-30,341516,0,32431816,0
2021-07-31,287039,0,32718855,0
2021-08-01,191001,0,32909856,0
2021-08-02,333708,0,33243564,0
2021-08-03,323184,0,33566748,0
2021-08-04,310978,0,33877726,0
2021-08-05,292487,0,34170213,0
2021-08-06,260035,0,34430248,0
2021-08-07,199060,0,34629308,0
2021-08-08,153107,0,34782415,0
2021-08-09,234084,0,35016499,0
2021-08-10,205269,0,35221768,0
2021-08-11,193784,0,35415552,0
2021-08-12,168056,0,35583608,0
2021-08-13,148655,0,35732263,0
2021-08-14,66101,0,35798364,0
2021-08-15,26341,0,35824705,0
2021-08-16,114710,0,35939415,0
2021-08-17,129252,0,36068667,0
2021-08-18,128764,0,36197431,0
2021-08-19,124839,0,36322270,0
2021-08-20,123798,0,36446068,0
2021-08-21,83136,0,36529204,0
2021-08-22,68178,0,36597382,0
2021-08-23,176871,0,36774253,0
2021-08-24,156898,0,36931151,0
2021-08-25,177174,0,37108325,0
2021-08-26,172354,0,37280679,0
2021-08-27,185829,0,37466508,0
2021-08-28,140285,0,37606793,0
2021-08-29,98991,0,37705784,0
2021-08-30,209586,0,37915370,0
2021-08-31,194645,0,38110015,0
2021-09-01,192214,0,38302229,0
2021-09-02,189934,0,38492163,0
2021-09-03,191287,0,38683450,0
2021-09-04,131452,0,38814902,0
2021-09-05,87850,0,38902752,0
2021-09-06,193608,0,39096360,0
2021-09-07,196039,0,39292399,0
2021-09-08,187869,0,39480268,0
2021-09-09,201434,0,39681702,0
2021-09-10,198063,0,39879765,0
2021-09-11,141290,0,40021055,0
2021-09-12,89590,0,40110645,0
2021-09-13,191113,632,40301758,632
2021-09-14,177220,638,40478978,1270
2021-09-15,163083,641,40642061,1911
2021-09-16,160051,988,40802112,2899
2021-09-17,150163,1161,40952275,4060
2021-09-18,127982,771,41080257,4831
2021-09-19,81142,506,41161399,5337
2021-09-20,180068,9118,41341467,14455
2021-09-21,166669,8856,41508136,23311
2021-09-22,159111,9460,41667247,32771
2021-09-23,138091,9355,41805338,42126
2021-09-24,140556,9002,41945894,51128
2021-09-25,119560,5668,42065454,56796
2021-09-26,71990,4361,42137444,61157
2021-09-27,135667,10074,42273111,71231
2021-09-28,117517,11418,42390628,82649
2021-09-29,112370,11850,42502998,94499
2021-09-30,110278,14979,42613276,109478
2021-10-01,94994,19139,42708270,128617
2021-10-02,78518,14041,42786788,142658
2021-10-03,47758,7668,42834546,150326
2021-10-04,88389,34478,42922935,184804
2021-10-05,80382,34012,43003317,218816
2021-10-06,72005,34202,43075322,253018
2021-10-07,71879,34368,43147201,287386
2021-10-08,80632,33621,43227833,321007
2021-10-09,76111,22190,43303944,343197
2021-10-10,45788,13630,43349732,356827
2021-10-11,87447,41128,43437179,397955
2021-10-12,84517,46929,43521696,444884
2021-10-13,88210,52161,43609906,497045
2021-10-14,91549,58553,43701455,555598
2021-10-15,93598,55671,43795053,611269
2021-10-16,82969,36821,43878022,648090
2021-10-17,51463,23856,43929485,671946
2021-10-18,90300,59515,44019785,731461
2021-10-19,78350,69402,44098135,800863
2021-10-20,75065,78203,44173200,879066
2021-10-21,78294,81805,44251494,960871
2021-10-22,73772,77075,44325266,1037946
2021-10-23,60834,51973,44386100,1089919
2021-10-24,33367,23479,44419467,1113398
2021-10-25,64900,81660,44484367,1195058
2021-10-26,58375,91830,44542742,1286888
2021-10-27,58315,104028,44601057,1390916
2021-10-28,61453,114149,44662510,1505065
2021-10-29,61638,103175,44724148,1608240
2021-10-30,50678,68138,44774826,1676378
2021-10-31,25160,28308,44799986,1704686
2021-11-01,19048,28158,44819034,1732844
2021-11-02,62740,89431,44881774,1822275
2021-11-03,60718,118694,44942492,1940969
2021-11-04,59239,126695,45001731,2067664
2021-11-05,63093,135217,45064824,2202881
2021-11-06,46487,90937,45111311,2293818
2021-11-07,22250,37904,45133561,2331722
2021-11-08,51529,131292,45185090,2463014
2021-11-09,45402,144235,45230492,2607249
2021-11-10,42594,156370,45273086,2763619
2021-11-11,44928,155167,45318014,2918786
2021-11-12,46313,158677,45364327,3077463
2021-11-13,33264,116676,45397591,3194139
2021-11-14,14491,52458,45412082,3246597
2021-11-15,36909,157443,45448991,3404040
2021-11-16,30566,171403,45479557,3575443
2021-11-17,28469,178460,45508026,3753903
2021-11-18,30293,193761,45538319,3947664
2021-11-19,28814,205882,45567133,4153546
2021-11-20,21003,156459,45588136,4310005
2021-11-21,10611,64871,45598747,4374876
2021-11-22,21956,213160,45620703,4588036
2021-11-23,23603,241794,45644306,4829830
2021-11-24,27806,271039,45672112,5100869
2021-11-25,23265,301932,45695377,5402801
2021-11-26,24598,318303,45719975,5721104
2021-11-27,21401,266168,45741376,5987272
2021-11-28,9908,137067,45751284,6124339
2021-11-29,22363,326074,45773647,6450413
2021-11-30,23114,365862,45796761,6816275
2021-12-01,21550,413528,45818311,7229803
2021-12-02,23790,440439,45842101,7670242
2021-12-03,25268,467529,45867369,8137771
2021-12-04,22392,418793,45889761,8556564
2021-12-05,11944,261364,45901705,8817928
2021-12-06,25839,457628,45927544,9275556
2021-12-07,24155,480302,45951699,9755858
2021-12-08,10027,249719,45961726,10005577
2021-12-09,31617,491959,45993343,10497536
2021-12-10,28094,517926,46021437,11015462
2021-12-11,23583,459275,46045020,11474737
2021-12-12,12318,293524,46057338,11768261
2021-12-13,26172,467653,46083510,12235914
2021-12-14,25201,494233,46108711,12730147
2021-12-15,25366,517191,46134077,13247338
2021-12-16,27920,520299,46161997,13767637
2021-12-17,29392,517215,46191389,14284852
2021-12-18,27102,468775,46218491,14753627
2021-12-19,15168,300540,46233659,15054167
2021-12-20,30668,477502,46264327,15531669
2021-12-21,30405,493430,46294732,16025099
2021-12-22,29476,484750,46324208,16509849
2021-12-23,28287,426952,46352495,16936801
2021-12-24,13124,210840,46365619,17147641
2021-12-25,2104,33053,46367723,17180694
2021-12-26,8774,159077,46376497,17339771
2021-12-27,46842,504690,46423339,17844461
2021-12-28,42505,554253,46465844,18398714
2021-12-29,34393,550673,46500237,18949387
2021-12-30,31886,499861,46532123,19449248
2021-12-31,14142,247406,46546265,19696654
2022-01-01,3498,64815,46549763,19761469
2022-01-02,22817,276726,46572580,20038195
2022-01-03,47923,520035,46620503,20558230
2022-01-04,46456,572100,46666959,21130330
2022-01-05,40826,560414,46707785,21690744
2022-01-06,23530,274490,46731315,21965234
2022-01-07,63784,554219,46795099,22519453
2022-01-08,60951,503410,46856050,23022863
2022-01-09,42943,319699,46898993,23342562
2022-01-10,61155,542324,46960148,23884886
2022-01-11,61825,587035,47021973,24471921
2022-01-12,58529,581303,47080502,25053224
2022-01-13,58692,580429,47139194,25633653
2022-01-14,46915,588606,47186109,26222259
2022-01-15,39535,569979,47225644,26792238
2022-01-16,31297,341888,47256941,27134126
2022-01-17,54840,489685,47311781,27623811
2022-01-18,58458,517046,47370239,28140857
2022-01-19,57254,502820,47427493,28643677
2022-01-20,54406,498857,47481899,29142534
2022-01-21,42162,493898,47524061,29636432
2022-01-22,31273,469615,47555334,30106047
2022-01-23,34973,275387,47590307,30381434
2022-01-24,56223,437242,47646530,30818676
2022-01-25,61587,452129,47708117,31270805
2022-01-26,58574,435845,47766691,31706650
2022-01-27,48881,432398,47815572,32139048
2022-01-28,58739,436556,47874311,32575604
2022-01-29,68177,412510,47942488,32988114
2022-01-30,50403,235985,47992891,33224099
2022-01-31,60688,356943,48053579,33581042
2022-02-01,65600,328462,48119179,33909504
2022-02-02,63238,296990,48182417,34206494
2022-02-03,60086,274529,48242503,34481023
2022-02-04,72399,268468,48314902,34749491
2022-02-05,83814,248548,48398716,34998039
2022-02-06,55305,116207,48454021,35114246
2022-02-07,65174,199946,48519195,35314192
2022-02-08,66952,186124,48586147,35500316
2022-02-09,58773,166348,48644920,35666664
2022-02-10,58595,163244,48703515,35829908
2022-02-11,62273,162473,48765788,35992381
2022-02-12,72000,152152,48837788,36144533
2022-02-13,41478,68854,48879266,36213387
2022-02-14,46707,116190,48925973,36329577
2022-02-15,48556,123481,48974529,36453058
2022-02-16,45684,106127,49020213,36559185
2022-02-17,42869,98118,49063082,36657303
2022-02-18,46631,112582,49109713,36769885
2022-02-19,52542,100339,49162255,36870224
2022-02-20,31411,40368,49193666,36910592
2022-02-21,37900,89658,49231566,37000250
2022-02-22,37225,83780,49268791,37084030
2022-02-23,33399,79409,49302190,37163439
2022-02-24,32562,78164,49334752,37241603
2022-02-25,34768,90713,49369520,37332316
2022-02-26,39160,89136,49408680,37421452
2022-02-27,22546,35857,49431226,37457309
2022-02-28,28483,81695,49459709,37539004
2022-03-01,22724,53942,49482433,37592946
2022-03-02,21957,50685,49504390,37643631
2022-03-03,22629,54947,49527019,37698578
2022-03-04,23239,62799,49550258,37761377
2022-03-05,23802,57952,49574060,37819329
2022-03-06,9472,17201,49583532,37836530
2022-03-07,15921,51391,49599453,37887921
2022-03-08,15480,48795,49614933,37936716
2022-03-09,13814,46519,49628747,37983235
2022-03-10,14053,52123,49642800,38035358
2022-03-11,15589,57270,49658389,38092628
2022-03-12,15509,56619,49673898,38149247
2022-03-13,5545,16852,49679443,38166099
2022-03-14,10526,46701,49689969,38212800
2022-03-15,10550,46895,49700519,38259695
2022-03-16,9482,41974,49710001,38301669
2022-03-17,9722,44874,49719723,38346543
2022-03-18,10160,49058,49729883,38395601
2022-03-19,9151,46536,49739034,38442137
2022-03-20,2608,11704,49741642,38453841
2022-03-21,7580,40225,49749222,38494066
2022-03-22,8447,37764,49757669,38531830
2022-03-23,7216,33700,49764885,38565530
2022-03-24,8258,38819,49773143,38604349
2022-03-25,8141,43670,49781284,38648019
2022-03-26,8126,41721,49789410,38689740
2022-03-27,2431,9682,49791841,38699422
2022-03-28,6112,35241,49797953,38734663
2022-03-29,5779,32531,49803732,38767194
2022-03-30,5566,30205,49809298,38797399
2022-03-31,5901,33185,49815199,38830584
2022-04-01,4350,25189,49819549,38855773
2022-04-02,4496,23275,49824045,38879048
2022-04-03,1049,4500,49825094,38883548
2022-04-04,3658,21544,49828752,38905092
2022-04-05,3756,22934,49832508,38928026
2022-04-06,4103,21853,49836611,38949879
2022-04-07,3970,23320,49840581,38973199
2022-04-08,4696,26713,49845277,38999912
2022-04-09,4383,23887,49849660,39023799
2022-04-10,892,4613,49850552,39028412
2022-04-11,3818,22689,49854370,39051101
2022-04-12,3365,21778,49857735,39072879
2022-04-13,3568,21335,49861303,39094214
2022-04-14,3486,23786,49864789,39118000
2022-04-15,3084,20620,49867873,39138620
2022-04-16,2149,11918,49870022,39150538
2022-04-17,63,348,49870085,39150886
2022-04-18,152,650,49870237,39151536
2022-04-19,3499,21982,49873736,39173518
2022-04-20,3510,20252,49877246,39193770
2022-04-21,2847,19790,49880093,39213560
2022-04-22,2928,20704,49883021,39234264
2022-04-23,2646,16220,49885667,39250484
2022-04-24,509,2334,49886176,39252818
2022-04-25,183,1165,49886359,39253983
2022-04-26,2759,17809,49889118,39271792
2022-04-27,2374,15793,49891492,39287585
2022-04-28,2361,15562,49893853,39303147
2022-04-29,2296,14848,49896149,39317995
2022-04-30,2123,11582,49898272,39329577
2022-05-01,113,531,49898385,39330108
2022-05-02,1451,9391,49899836,39339499
2022-05-03,1576,10321,49901412,39349820
2022-05-04,1745,10270,49903157,39360090
2022-05-05,1654,10296,49904811,39370386
2022-05-06,1702,10965,49906513,39381351
2022-05-07,1431,8570,49907944,39389921
2022-05-08,416,1522,49908360,39391443
2022-05-09,1027,8929,49909387,39400372
2022-05-10,1426,9548,49910813,39409920
2022-05-11,1483,10105,49912296,39420025
2022-05-12,1370,10131,49913666,39430156
2022-05-13,1596,10518,49915262,39440674
2022-05-14,1357,8237,49916619,39448911
2022-05-15,336,1134,49916955,39450045
2022-05-16,813,8405,49917768,39458450
2022-05-17,1243,8697,49919011,39467147
2022-05-18,1372,9233,49920383,39476380
2022-05-19,1500,9278,49921883,39485658
2022-05-20,1422,9532,49923305,39495190
2022-05-21,1300,7900,49924605,39503090
2022-05-22,231,1014,49924836,39504104
2022-05-23,830,8270,49925666,39512374
2022-05-24,1073,8672,49926739,39521046
2022-05-25,1370,9460,49928109,39530506
2022-05-26,1195,9479,49929304,39539985
2022-05-27,1232,9915,49930536,39549900
2022-05-28,1205,7887,49931741,39557787
2022-05-29,288,1265,49932029,39559052
2022-05-30,930,8056,49932959,39567108
2022-05-31,1036,8547,49933995,39575655
2022-06-01,893,7655,49934888,39583310
2022-06-02,35,474,49934923,39583784
2022-06-03,818,7333,49935741,39591117
2022-06-04,870,5163,49936611,39596280
2022-06-05,89,586,49936700,39596866
2022-06-06,678,7003,49937378,39603869
2022-06-07,952,7849,49938330,39611718
2022-06-08,981,7908,49939311,39619626
2022-06-09,1036,8416,49940347,39628042
2022-06-10,958,8564,49941305,39636606
2022-06-11,903,6207,49942208,39642813
2022-06-12,140,768,49942348,39643581
2022-06-13,602,6301,49942950,39649882
2022-06-14,831,7902,49943781,39657784
2022-06-15,960,7854,49944741,39665638
2022-06-16,730,7395,49945471,39673033
2022-06-17,724,7247,49946195,39680280
2022-06-18,777,5593,49946972,39685873
2022-06-19,48,522,49947020,39686395
2022-06-20,587,6699,49947607,39693094
2022-06-21,737,7665,49948344,39700759
2022-06-22,781,7308,49949125,39708067
2022-06-23,652,7468,49949777,39715535
2022-06-24,644,7473,49950421,39723008
2022-06-25,835,6535,49951256,39729543
2022-06-26,128,523,49951384,39730066
2022-06-27,533,7124,49951917,39737190
2022-06-28,746,8207,49952663,39745397
2022-06-29,756,7731,49953419,39753128
2022-06-30,746,8145,49954165,39761273
2022-07-01,577,6443,49954742,39767716
2022-07-02,536,4770,49955278,39772486
2022-07-03,49,456,49955327,39772942
2022-07-04,469,6278,49955796,39779220
2022-07-05,630,8118,49956426,39787338
2022-07-06,633,7611,49957059,39794949
2022-07-07,573,8270,49957632,39803219
2022-07-08,673,8083,49958305,39811302
2022-07-09,550,6104,49958855,39817406
2022-07-10,58,533,49958913,39817939
2022-07-11,488,7638,49959401,39825577
2022-07-12,667,9030,49960068,39834607
2022-07-13,643,10068,49960711,39844675
2022-07-14,636,10225,49961347,39854900
2022-07-15,625,10666,49961972,39865566
2022-07-16,522,7214,49962494,39872780
2022-07-17,48,770,49962542,39873550
2022-07-18,496,9369,49963038,39882919
2022-07-19,575,10683,49963613,39893602
2022-07-20,580,11274,49964193,39904876
2022-07-21,628,12088,49964821,39916964
2022-07-22,584,11256,49965405,39928220
2022-07-23,381,6773,49965786,39934993
2022-07-24,76,857,49965862,39935850
2022-07-25,503,9051,49966365,39944901
2022-07-26,518,9759,49966883,39954660
2022-07-27,553,10207,49967436,39964867
2022-07-28,532,10535,49967968,39975402
2022-07-29,509,9464,49968477,39984866
2022-07-30,382,5881,49968859,39990747
2022-07-31,49,764,49968908,39991511
2022-08-01,386,6863,49969294,39998374
2022-08-02,542,7588,49969836,40005962
2022-08-03,511,7176,49970347,40013138
2022-08-04,456,7488,49970803,40020626
2022-08-05,420,6528,49971223,40027154
2022-08-06,299,3613,49971522,40030767
2022-08-07,44,561,49971566,40031328
2022-08-08,402,4891,49971968,40036219
2022-08-09,380,5310,49972348,40041529
2022-08-10,384,4816,49972732,40046345
2022-08-11,369,4783,49973101,40051128
2022-08-12,293,3720,49973394,40054848
2022-08-13,143,1600,49973537,40056448
2022-08-14,9,129,49973546,40056577
2022-08-15,1,26,49973547,40056603
2022-08-16,283,3043,49973830,40059646
2022-08-17,352,3536,49974182,40063182
2022-08-18,392,4161,49974574,40067343
2022-08-19,341,3320,49974915,40070663
2022-08-20,183,1715,49975098,40072378
2022-08-21,24,149,49975122,40072527
2022-08-22,329,2952,49975451,40075479
2022-08-23,370,3674,49975821,40079153
2022-08-24,385,3358,49976206,40082511
2022-08-25,421,3773,49976627,40086284
2022-08-26,399,3573,49977026,40089857
2022-08-27,237,1769,49977263,40091626
2022-08-28,29,267,49977292,40091893
2022-08-29,354,3161,49977646,40095054
2022-08-30,403,3671,49978049,40098725
2022-08-31,437,3735,49978486,40102460
2022-09-01,353,3116,49978839,40105576
2022-09-02,296,2893,49979135,40108469
2022-09-03,200,1688,49979335,40110157
2022-09-04,23,149,49979358,40110306
2022-09-05,187,2656,49979545,40112962
2022-09-06,303,2983,49979848,40115945
2022-09-07,540,2937,49980388,40118882
2022-09-08,292,2962,49980680,40121844
2022-09-09,305,2884,49980985,40124728
2022-09-10,227,1326,49981212,40126054
2022-09-11,23,124,49981235,40126178
2022-09-12,267,2267,49981502,40128445
2022-09-13,252,2276,49981754,40130721
2022-09-14,266,2565,49982020,40133286
2022-09-15,281,2497,49982301,40135783
2022-09-16,254,2544,49982555,40138327
2022-09-17,239,1339,49982794,40139666
2022-09-18,20,170,49982814,40139836
2022-09-19,206,1970,49983020,40141806
2022-09-20,236,2385,49983256,40144191
2022-09-21,289,2526,49983545,40146717
2022-09-22,264,2662,49983809,40149379
2022-09-23,258,2542,49984067,40151921
2022-09-24,193,1427,49984260,40153348
2022-09-25,29,133,49984289,40153481
2022-09-26,280,2248,49984569,40155729
2022-09-27,287,2683,49984856,40158412
2022-09-28,309,2896,49985165,40161308
2022-09-29,257,3048,49985422,40164356
2022-09-30,290,2987,49985712,40167343
2022-10-01,195,1515,49985907,40168858
2022-10-02,12,187,49985919,40169045
2022-10-03,182,2474,49986101,40171519
2022-10-04,236,2865,49986337,40174384
2022-10-05,229,3249,49986566,40177633
2022-10-06,243,3874,49986809,40181507
2022-10-07,282,4186,49987091,40185693
2022-10-08,202,2270,49987293,40187963
2022-10-09,8,304,49987301,40188267
2022-10-10,210,3354,49987511,40191621
2022-10-11,192,4374,49987703,40195995
2022-10-12,209,4435,49987912,40200430
2022-10-13,201,5301,49988113,40205731
2022-10-14,231,5022,49988344,40210753
2022-10-15,189,2671,49988533,40213424
2022-10-16,6,360,49988539,40213784
2022-10-17,185,3868,49988724,40217652
2022-10-18,256,4958,49988980,40222610
2022-10-19,241,5466,49989221,40228076
2022-10-20,224,5988,49989445,40234064
2022-10-21,249,5471,49989694,40239535
2022-10-22,195,2909,49989889,40242444
2022-10-23,13,356,49989902,40242800
2022-10-24,171,3918,49990073,40246718
2022-10-25,251,4919,49990324,40251637
2022-10-26,342,5478,49990666,40257115
2022-10-27,239,5661,49990905,40262776
2022-10-28,198,5254,49991103,40268030
2022-10-29,128,2844,49991231,40270874
2022-10-30,3,326,49991234,40271200
2022-10-31,117,3035,49991351,40274235
2022-11-01,10,330,49991361,40274565
2022-11-02,143,3702,49991504,40278267
2022-11-03,172,4767,49991676,40283034
2022-11-04,224,4582,49991900,40287616
2022-11-05,143,2590,49992043,40290206
2022-11-06,10,258,49992053,40290464
2022-11-07,161,3216,49992214,40293680
2022-11-08,259,4210,49992473,40297890
2022-11-09,197,4301,49992670,40302191
2022-11-10,181,4567,49992851,40306758
2022-11-11,189,4203,49993040,40310961
2022-11-12,153,2353,49993193,40313314
2022-11-13,7,331,49993200,40313645
2022-11-14,149,2826,49993349,40316471
2022-11-15,200,3715,49993549,40320186
2022-11-16,210,3937,49993759,40324123
2022-11-17,190,4047,49993949,40328170
2022-11-18,244,3964,49994193,40332134
2022-11-19,111,2056,49994304,40334190
2022-11-20,24,308,49994328,40334498
2022-11-21,119,2583,49994447,40337081
2022-11-22,140,3134,49994587,40340215
2022-11-23,185,3530,49994772,40343745
2022-11-24,124,3320,49994896,40347065
2022-11-25,166,3483,49995062,40350548
2022-11-26,135,1992,49995197,40352540