data_somministrazione,vaccinazioni,booster,cum_vaccinazioni,cum_booster
2020-12-27,18,0,18,0
2020-12-28,2,0,20,0
2020-12-29,1,0,21,0
2020-12-30,6,0,27,0
2020-12-31,53,0,80,0
2021-01-01,20,0,100,0
2021-01-02,88,0,188,0
2021-01-03,69,0,257,0
2021-01-04,184,0,441,0
2021-01-05,226,0,667,0
2021-01-06,177,0,844,0
2021-01-07,265,0,1109,0
2021-01-08,313,0,1422,0
2021-01-09,234,0,1656,0
2021-01-10,138,0,1794,0
2021-01-11,255,0,2049,0
2021-01-12,259,0,2308,0
2021-01-13,371,0,2679,0
2021-01-14,460,0,3139,0
2021-01-15,283,0,3422,0
2021-01-16,198,0,3620,0
2021-01-17,3055,0,6675,0
2021-01-18,5206,0,11881,0
2021-01-19,1890,0,13771,0
2021-01-20,4651,0,18422,0
2021-01-21,20008,0,38430,0
2021-01-22,14201,0,52631,0
2021-01-23,33341,0,85972,0
2021-01-24,30794,0,116766,0
2021-01-25,64744,0,181510,0
2021-01-26,76508,0,258018,0
2021-01-27,64853,0,322871,0
2021-01-28,89314,0,412185,0
2021-01-29,94046,0,506231,0
2021-01-30,86586,0,592817,0
2021-01-31,57345,0,650162,0
2021-02-01,81880,0,732042,0
2021-02-02,82149,0,814191,0
2021-02-03,91200,0,905391,0
2021-02-04,95406,0,1000797,0
2021-02-05,90291,0,1091088,0
2021-02-06,63451,0,1154539,0
2021-02-07,32925,0,1187464,0
2021-02-08,40433,0,1227897,0
2021-02-09,32863,0,1260760,0
2021-02-10,28413,0,1289173,0
2021-02-11,20380,0,1309553,0
2021-02-12,16219,0,1325772,0
2021-02-13,7243,0,1333015,0
2021-02-14,2861,0,1335876,0
2021-02-15,6835,0,1342711,0
2021-02-16,6990,0,1349701,0
2021-02-17,10516,0,1360217,0
2021-02-18,9242,0,1369459,0
2021-02-19,8231,0,1377690,0
2021-02-20,5532,0,1383222,0
2021-02-21,2976,0,1386198,0
2021-02-22,6876,0,1393074,0
2021-02-23,7154,0,1400228,0
2021-02-24,9822,0,1410050,0
2021-02-25,14199,0,1424249,0
2021-02-26,17544,0,1441793,0
2021-02-27,13894,0,1455687,0
2021-02-28,9383,0,1465070,0
2021-03-01,26505,0,1491575,0
2021-03-02,33230,0,1524805,0
2021-03-03,44642,0,1569447,0
2021-03-04,50287,0,1619734,0
2021-03-05,55734,0,1675468,0
2021-03-06,41869,0,1717337,0
2021-03-07,22320,0,1739657,0
2021-03-08,50786,0,1790443,0
2021-03-09,53055,0,1843498,0
2021-03-10,58619,0,1902117,0
2021-03-11,63821,0,1965938,0
2021-03-12,65085,0,2031023,0
2021-03-13,51696,0,2082719,0
2021-03-14,35382,0,2118101,0
2021-03-15,73420,0,2191521,0
2021-03-16,74021,0,2265542,0
2021-03-17,83127,0,2348669,0
2021-03-18,81617,0,2430286,0
2021-03-19,81079,0,2511365,0
2021-03-20,64700,0,2576065,0
2021-03-21,47284,0,2623349,0
2021-03-22,69467,0,2692816,0
2021-03-23,75774,0,2768590,0
2021-03-24,90873,0,2859463,0
2021-03-25,89775,0,2949238,0
2021-03-26,83590,0,3032828,0
2021-03-27,71902,0,3104730,0
2021-03-28,44112,0,3148842,0
2021-03-29,70795,0,3219637,0
2021-03-30,81345,0,3300982,0
2021-03-31,96199,0,3397181,0
2021-04-01,95284,0,3492465,0
2021-04-02,84060,0,3576525,0
2021-04-03,64291,0,3640816,0
2021-04-04,21715,0,3662531,0
2021-04-05,40294,0,3702825,0
2021-04-06,81290,0,3784115,0
2021-04-07,95789,0,3879904,0
2021-04-08,95218,0,3975122,0
2021-04-09,88467,0,4063589,0
2021-04-10,74017,0,4137606,0
2021-04-11,44742,0,4182348,0
2021-04-12,66900,0,4249248,0
2021-04-13,72551,0,4321799,0
2021-04-14,85513,0,4407312,0
2021-04-15,105393,0,4512705,0
2021-04-16,106400,0,4619105,0
2021-04-17,90475,0,4709580,0
2021-04-18,58580,0,4768160,0
2021-04-19,93426,0,4861586,0
2021-04-20,103753,0,4965339,0
2021-04-21,125317,0,5090656,0
2021-04-22,143502,0,5234158,0
2021-04-23,138703,0,5372861,0
2021-04-24,124427,0,5497288,0
2021-04-25,61446,0,5558734,0
2021-04-26,97869,0,5656603,0
2021-04-27,128341,0,5784944,0
2021-04-28,156344,0,5941288,0
2021-04-29,195562,0,6136850,0
2021-04-30,214543,0,6351393,0
2021-05-01,174082,0,6525475,0
2021-05-02,135784,0,6661259,0
2021-05-03,141990,0,6803249,0
2021-05-04,158675,0,6961924,0
2021-05-05,170458,0,7132382,0
2021-05-06,197780,0,7330162,0
2021-05-07,213794,0,7543956,0
2021-05-08,213365,0,7757321,0
2021-05-09,143188,0,7900509,0
2021-05-10,165065,0,8065574,0
2021-05-11,174938,0,8240512,0
2021-05-12,179125,0,8419637,0
2021-05-13,203339,0,8622976,0
2021-05-14,222877,0,8845853,0
2021-05-15,210317,0,9056170,0
2021-05-16,159250,0,9215420,0
2021-05-17,219166,0,9434586,0
2021-05-18,212988,0,9647574,0
2021-05-19,207047,0,9854621,0
2021-05-20,270830,0,10125451,0
2021-05-21,270844,0,10396295,0
2021-05-22,245503,0,10641798,0
2021-05-23,197165,0,10838963,0
2021-05-24,228276,0,11067239,0
2021-05-25,245666,0,11312905,0
2021-05-26,277469,0,11590374,0
2021-05-27,311062,0,11901436,0
2021-05-28,299540,0,12200976,0
2021-05-29,231183,0,12432159,0
2021-05-30,170806,0,12602965,0
2021-05-31,216387,0,12819352,0
2021-06-01,207618,0,13026970,0
2021-06-02,115753,0,13142723,0
2021-06-03,180072,0,13322795,0
2021-06-04,184820,0,13507615,0
2021-06-05,185895,0,13693510,0
2021-06-06,139484,0,13832994,0
2021-06-07,161796,0,13994790,0
2021-06-08,171125,0,14165915,0
2021-06-09,171388,0,14337303,0
2021-06-10,173987,0,14511290,0
2021-06-11,169900,0,14681190,0
2021-06-12,128275,0,14809465,0
2021-06-13,91113,0,14900578,0
2021-06-14,214615,0,15115193,0
2021-06-15,228348,0,15343541,0
2021-06-16,253009,0,15596550,0
2021-06-17,301671,0,15898221,0
2021-06-18,306228,0,16204449,0
2021-06-19,275026,0,16479475,0
2021-06-20,220694,0,16700169,0
2021-06-21,288010,0,16988179,0
2021-06-22,296160,0,17284339,0
2021-06-23,302650,0,17586989,0
2021-06-24,332529,0,17919518,0
2021-06-25,348677,0,18268195,0
2021-06-26,300075,0,18568270,0
2021-06-27,228593,0,18796863,0
2021-06-28,307011,0,19103874,0
2021-06-29,329201,0,19433075,0
2021-06-30,342073,0,19775148,0
2021-07-01,363132,0,20138280,0
2021-07-02,368414,0,20506694,0
2021-07-03,371056,0,20877750,0
2021-07-04,283180,0,21160930,0
2021-07-05,384495,0,21545425,0
2021-07-06,385419,0,21930844,0
2021-07-07,412045,0,22342889,0
2021-07-08,479630,0,22822519,0
2021-07-09,498506,0,23321025,0
2021-07-10,475179,0,23796204,0
2021-07-11,357702,0,24153906,0
2021-07-12,485918,0,24639824,0
2021-07-13,492154,0,25131978,0
2021-07-14,480485,0,25612463,0
2021-07-15,523520,0,26135983,0
2021-07-16,509790,0,26645773,0
2021-07-17,464377,0,27110150,0
2021-07-18,364702,0,27474852,0
2021-07-19,463084,0,27937936,0
2021-07-20,458100,0,28396036,0
2021-07-21,462819,0,28858855,0
2021-07-22,475395,0,29334250,0
2021-07-23,441309,0,29775559,0
2021-07-24,386188,0,30161747,0
2021-07-25,287612,0,30449359,0
2021-07-26,430907,0,30880266,0
2021-07-27,440130,0,31320396,0
2021-07-28,391026,0,31711422,0
2021-07-29,372083,0,32083505,0
2021-07-30,341484,0,32424989,0
2021-07-31,286996,0,32711985,0
2021-08-01,191017,0,32903002,0
2021-08-02,333724,0,33236726,0
2021-08-03,323179,0,33559905,0
2021-08-04,310964,0,33870869,0
2021-08-05,292514,0,34163383,0
2021-08-06,259990,0,34423373,0
2021-08-07,199032,0,34622405,0
2021-08-08,153102,0,34775507,0
2021-08-09,234068,0,35009575,0
2021-08-10,205240,0,35214815,0
2021-08-11,193738,0,35408553,0
2021-08-12,167948,0,35576501,0
2021-08-13,148577,0,35725078,0
2021-08-14,66082,0,35791160,0
2021-08-15,26330,0,35817490,0
2021-08-16,114664,0,35932154,0
2021-08-17,129231,0,36061385,0
2021-08-18,128721,0,36190106,0
2021-08-19,124773,0,36314879,0
2021-08-20,123775,0,36438654,0
2021-08-21,83103,0,36521757,0
2021-08-22,68159,0,36589916,0
2021-08-23,176865,0,36766781,0
2021-08-24,156895,0,36923676,0
2021-08-25,177164,0,37100840,0
2021-08-26,172346,0,37273186,0
2021-08-27,185857,0,37459043,0
2021-08-28,140262,0,37599305,0
2021-08-29,99009,0,37698314,0
2021-08-30,209634,0,37907948,0
2021-08-31,194621,0,38102569,0
2021-09-01,192214,0,38294783,0
2021-09-02,189939,0,38484722,0
2021-09-03,191355,0,38676077,0
2021-09-04,131494,0,38807571,0
2021-09-05,87876,0,38895447,0
2021-09-06,193663,0,39089110,0
2021-09-07,196072,0,39285182,0
2021-09-08,187916,0,39473098,0
2021-09-09,201485,0,39674583,0
2021-09-10,198122,0,39872705,0
2021-09-11,141335,0,40014040,0
2021-09-12,89606,0,40103646,0
2021-09-13,191190,518,40294836,518
2021-09-14,177276,551,40472112,1069
2021-09-15,163128,558,40635240,1627
2021-09-16,160103,899,40795343,2526
2021-09-17,150169,1095,40945512,3621
2021-09-18,127976,714,41073488,4335
2021-09-19,81133,479,41154621,4814
2021-09-20,180081,9050,41334702,13864
2021-09-21,166617,8815,41501319,22679
2021-09-22,159065,9417,41660384,32096
2021-09-23,138067,9308,41798451,41404
2021-09-24,140529,8942,41938980,50346
2021-09-25,119532,5623,42058512,55969
2021-09-26,71945,4333,42130457,60302
2021-09-27,135621,10032,42266078,70334
2021-09-28,117472,11371,42383550,81705
2021-09-29,112309,11820,42495859,93525
2021-09-30,110212,14929,42606071,108454
2021-10-01,94962,19097,42701033,127551
2021-10-02,78459,14010,42779492,141561
2021-10-03,47713,7651,42827205,149212
2021-10-04,88367,34438,42915572,183650
2021-10-05,80351,33961,42995923,217611
2021-10-06,71967,34148,43067890,251759
2021-10-07,71839,34332,43139729,286091
2021-10-08,80612,33580,43220341,319671
2021-10-09,76093,22159,43296434,341830
2021-10-10,45768,13609,43342202,355439
2021-10-11,87395,41092,43429597,396531
2021-10-12,84481,46884,43514078,443415
2021-10-13,88178,52097,43602256,495512
2021-10-14,91513,58488,43693769,554000
2021-10-15,93579,55605,43787348,609605
2021-10-16,82947,36770,43870295,646375
2021-10-17,51454,23819,43921749,670194
2021-10-18,90284,59467,44012033,729661
2021-10-19,78335,69362,44090368,799023
2021-10-20,75073,78141,44165441,877164
2021-10-21,78304,81735,44243745,958899
2021-10-22,73795,77005,44317540,1035904
2021-10-23,60812,51945,44378352,1087849
2021-10-24,33383,23438,44411735,1111287
2021-10-25,64902,81614,44476637,1192901
2021-10-26,58368,91767,44535005,1284668
2021-10-27,58328,103952,44593333,1388620
2021-10-28,61467,114091,44654800,1502711
2021-10-29,61667,103092,44716467,1605803
2021-10-30,50673,68105,44767140,1673908
2021-10-31,25168,28280,44792308,1702188
2021-11-01,19047,28145,44811355,1730333
2021-11-02,62774,89356,44874129,1819689
2021-11-03,60731,118653,44934860,1938342
2021-11-04,59245,126643,44994105,2064985
2021-11-05,63098,135158,45057203,2200143
2021-11-06,46470,90920,45103673,2291063
2021-11-07,22253,37891,45125926,2328954
2021-11-08,51527,131247,45177453,2460201
2021-11-09,45404,144182,45222857,2604383
2021-11-10,42575,156337,45265432,2760720
2021-11-11,44932,155125,45310364,2915845
2021-11-12,46370,158555,45356734,3074400
2021-11-13,33253,116639,45389987,3191039
2021-11-14,14476,52445,45404463,3243484
2021-11-15,36895,157411,45441358,3400895
2021-11-16,30541,171366,45471899,3572261
2021-11-17,28439,178426,45500338,3750687
2021-11-18,30274,193704,45530612,3944391
2021-11-19,28788,205839,45559400,4150230
2021-11-20,20983,156430,45580383,4306660
2021-11-21,10603,64852,45590986,4371512
2021-11-22,21922,213136,45612908,4584648
2021-11-23,23553,241736,45636461,4826384
2021-11-24,27818,270933,45664279,5097317
2021-11-25,23216,301893,45687495,5399210
2021-11-26,24558,318256,45712053,5717466
2021-11-27,21362,266144,45733415,5983610
2021-11-28,9888,137052,45743303,6120662
2021-11-29,22304,326051,45765607,6446713
2021-11-30,23062,365808,45788669,6812521
2021-12-01,21500,413487,45810169,7226008
2021-12-02,23735,440380,45833904,7666388
2021-12-03,25206,467437,45859110,8133825
2021-12-04,22331,418717,45881441,8552542
2021-12-05,11900,261328,45893341,8813870
2021-12-06,25789,457553,45919130,9271423
2021-12-07,24094,480237,45943224,9751660
2021-12-08,9983,249675,45953207,10001335
2021-12-09,31533,491905,45984740,10493240
2021-12-10,28024,517852,46012764,11011092
2021-12-11,23527,459234,46036291,11470326
2021-12-12,12283,293488,46048574,11763814
2021-12-13,26116,467611,46074690,12231425
2021-12-14,25138,494179,46099828,12725604
2021-12-15,25289,517117,46125117,13242721
2021-12-16,27839,520227,46152956,13762948
2021-12-17,29304,517146,46182260,14280094
2021-12-18,26989,468704,46209249,14748798
2021-12-19,15118,300508,46224367,15049306
2021-12-20,30577,477455,46254944,15526761
2021-12-21,30316,493363,46285260,16020124
2021-12-22,29396,484687,46314656,16504811
2021-12-23,28179,426885,46342835,16931696
2021-12-24,13099,210813,46355934,17142509
2021-12-25,2101,33052,46358035,17175561
2021-12-26,8743,159061,46366778,17334622
2021-12-27,46709,504637,46413487,17839259
2021-12-28,42383,554182,46455870,18393441
2021-12-29,34241,550628,46490111,18944069
2021-12-30,31751,499802,46521862,19443871
2021-12-31,14078,247389,46535940,19691260
2022-01-01,3487,64811,46539427,19756071
2022-01-02,22698,276714,46562125,20032785
2022-01-03,47698,520001,46609823,20552786
2022-01-04,46202,572062,46656025,21124848
2022-01-05,40598,560371,46696623,21685219
2022-01-06,23392,274476,46720015,21959695
2022-01-07,63511,554169,46783526,22513864
2022-01-08,60659,503364,46844185,23017228
2022-01-09,42681,319680,46886866,23336908
2022-01-10,60909,542261,46947775,23879169
2022-01-11,61520,586970,47009295,24466139
2022-01-12,58258,581264,47067553,25047403
2022-01-13,58403,580362,47125956,25627765
2022-01-14,46580,588547,47172536,26216312
2022-01-15,39119,569925,47211655,26786237
2022-01-16,31040,341845,47242695,27128082
2022-01-17,54616,489639,47297311,27617721
2022-01-18,58240,517000,47355551,28134721
2022-01-19,57057,502769,47412608,28637490
2022-01-20,54198,498797,47466806,29136287
2022-01-21,41914,493852,47508720,29630139
2022-01-22,31006,469583,47539726,30099722
2022-01-23,34818,275359,47574544,30375081
2022-01-24,56076,437202,47630620,30812283
2022-01-25,61436,452076,47692056,31264359
2022-01-26,58434,435803,47750490,31700162
2022-01-27,48749,432347,47799239,32132509
2022-01-28,58555,436517,47857794,32569026
2022-01-29,67989,412469,47925783,32981495
2022-01-30,50295,235959,47976078,33217454
2022-01-31,60486,356914,48036564,33574368
2022-02-01,65429,328418,48101993,33902786
2022-02-02,63086,296947,48165079,34199733
2022-02-03,59964,274504,48225043,34474237
2022-02-04,72276,268433,48297319,34742670
2022-02-05,83665,248518,48380984,34991188
2022-02-06,55222,116190,48436206,35107378
2022-02-07,65070,199925,48501276,35307303
2022-02-08,66867,186096,48568143,35493399
2022-02-09,58689,166326,48626832,35659725
2022-02-10,58486,163227,48685318,35822952
2022-02-11,62165,162446,48747483,35985398
2022-02-12,71912,152132,48819395,36137530
2022-02-13,41443,68848,48860838,36206378
2022-02-14,46631,116180,48907469,36322558
2022-02-15,48469,123477,48955938,36446035
2022-02-16,45630,106106,49001568,36552141
2022-02-17,42830,98094,49044398,36650235
2022-02-18,46569,112562,49090967,36762797
2022-02-19,52495,100324,49143462,36863121
2022-02-20,31404,40358,49174866,36903479
2022-02-21,37872,89637,49212738,36993116
2022-02-22,37181,83762,49249919,37076878
2022-02-23,33361,79400,49283280,37156278
2022-02-24,32536,78156,49315816,37234434
2022-02-25,34730,90700,49350546,37325134
2022-02-26,39132,89130,49389678,37414264
2022-02-27,22535,35855,49412213,37450119
2022-02-28,28450,81689,49440663,37531808
2022-03-01,22678,53932,49463341,37585740
2022-03-02,21976,50624,49485317,37636364
2022-03-03,22580,54936,49507897,37691300
2022-03-04,23200,62787,49531097,37754087
2022-03-05,23765,57949,49554862,37812036
2022-03-06,9468,17199,49564330,37829235
2022-03-07,15884,51386,49580214,37880621
2022-03-08,15434,48795,49595648,37929416
2022-03-09,13786,46510,49609434,37975926
2022-03-10,14014,52115,49623448,38028041
2022-03-11,15548,57245,49638996,38085286
2022-03-12,15478,56612,49654474,38141898
2022-03-13,5540,16848,49660014,38158746
2022-03-14,10513,46688,49670527,38205434
2022-03-15,10521,46891,49681048,38252325
2022-03-16,9463,41975,49690511,38294300
2022-03-17,9690,44873,49700201,38339173
2022-03-18,10144,49044,49710345,38388217
2022-03-19,9137,46530,49719482,38434747
2022-03-20,2603,11699,49722085,38446446
2022-03-21,7564,40217,49729649,38486663
2022-03-22,8430,37744,49738079,38524407
2022-03-23,7199,33695,49745278,38558102
2022-03-24,8239,38793,49753517,38596895
2022-03-25,8111,43659,49761628,38640554
2022-03-26,8117,41715,49769745,38682269
2022-03-27,2424,9683,49772169,38691952
2022-03-28,6093,35227,49778262,38727179
2022-03-29,5772,32522,49784034,38759701
2022-03-30,5550,30193,49789584,38789894
2022-03-31,5874,33164,49795458,38823058
2022-04-01,4338,25178,49799796,38848236
2022-04-02,4485,23269,49804281,38871505
2022-04-03,1045,4499,49805326,38876004
2022-04-04,3648,21532,49808974,38897536
2022-04-05,3743,22921,49812717,38920457
2022-04-06,4092,21836,49816809,38942293
2022-04-07,3947,23317,49820756,38965610
2022-04-08,4681,26707,49825437,38992317
2022-04-09,4373,23880,49829810,39016197
2022-04-10,892,4614,49830702,39020811
2022-04-11,3798,22681,49834500,39043492
2022-04-12,3350,21774,49837850,39065266
2022-04-13,3553,21333,49841403,39086599
2022-04-14,3476,23772,49844879,39110371
2022-04-15,3076,20613,49847955,39130984
2022-04-16,2145,11920,49850100,39142904
2022-04-17,63,348,49850163,39143252
2022-04-18,148,650,49850311,39143902
2022-04-19,3480,21976,49853791,39165878
2022-04-20,3491,20249,49857282,39186127
2022-04-21,2834,19774,49860116,39205901
2022-04-22,2912,20693,49863028,39226594
2022-04-23,2634,16204,49865662,39242798
2022-04-24,509,2335,49866171,39245133
2022-04-25,183,1165,49866354,39246298
2022-04-26,2756,17790,49869110,39264088
2022-04-27,2362,15777,49871472,39279865
2022-04-28,2345,15533,49873817,39295398
2022-04-29,2287,14831,49876104,39310229
2022-04-30,2116,11576,49878220,39321805
2022-05-01,113,530,49878333,39322335
2022-05-02,1442,9380,49879775,39331715
2022-05-03,1568,10306,49881343,39342021
2022-05-04,1744,10254,49883087,39352275
2022-05-05,1647,10273,49884734,39362548
2022-05-06,1693,10943,49886427,39373491
2022-05-07,1431,8561,49887858,39382052
2022-05-08,404,1514,49888262,39383566
2022-05-09,1023,8914,49889285,39392480
2022-05-10,1418,9536,49890703,39402016
2022-05-11,1476,10087,49892179,39412103
2022-05-12,1362,10117,49893541,39422220
2022-05-13,1587,10505,49895128,39432725
2022-05-14,1355,8226,49896483,39440951
2022-05-15,336,1129,49896819,39442080
2022-05-16,809,8388,49897628,39450468
2022-05-17,1239,8665,49898867,39459133
2022-05-18,1368,9208,49900235,39468341
2022-05-19,1496,9265,49901731,39477606
2022-05-20,1419,9488,49903150,39487094
2022-05-21,1299,7891,49904449,39494985
2022-05-22,232,1011,49904681,39495996
2022-05-23,824,8259,49905505,39504255
2022-05-24,1069,8663,49906574,39512918
2022-05-25,1363,9443,49907937,39522361
2022-05-26,1192,9452,49909129,39531813
2022-05-27,1223,9907,49910352,39541720
2022-05-28,1201,7873,49911553,39549593
2022-05-29,285,1263,49911838,39550856
2022-05-30,926,8023,49912764,39558879
2022-05-31,1032,8529,49913796,39567408
2022-06-01,890,7641,49914686,39575049
2022-06-02,34,474,49914720,39575523
2022-06-03,810,7327,49915530,39582850
2022-06-04,869,5155,49916399,39588005
2022-06-05,89,586,49916488,39588591
2022-06-06,670,6963,49917158,39595554
2022-06-07,928,7841,49918086,39603395
2022-06-08,977,7896,49919063,39611291
2022-06-09,1031,8398,49920094,39619689
2022-06-10,949,8534,49921043,39628223
2022-06-11,897,6208,49921940,39634431
2022-06-12,140,767,49922080,39635198
2022-06-13,601,6292,49922681,39641490
2022-06-14,824,7869,49923505,39649359
2022-06-15,949,7842,49924454,39657201
2022-06-16,726,7382,49925180,39664583
2022-06-17,715,7229,49925895,39671812
2022-06-18,774,5587,49926669,39677399
2022-06-19,46,522,49926715,39677921
2022-06-20,586,6690,49927301,39684611
2022-06-21,730,7635,49928031,39692246
2022-06-22,775,7299,49928806,39699545
2022-06-23,646,7454,49929452,39706999
2022-06-24,638,7453,49930090,39714452
2022-06-25,835,6531,49930925,39720983
2022-06-26,128,523,49931053,39721506
2022-06-27,528,7110,49931581,39728616
2022-06-28,741,8187,49932322,39736803
2022-06-29,754,7710,49933076,39744513
2022-06-30,739,8127,49933815,39752640
2022-07-01,575,6435,49934390,39759075
2022-07-02,535,4763,49934925,39763838
2022-07-03,49,456,49934974,39764294
2022-07-04,468,6257,49935442,39770551
2022-07-05,617,8104,49936059,39778655
2022-07-06,621,7571,49936680,39786226
2022-07-07,561,8242,49937241,39794468
2022-07-08,667,8064,49937908,39802532
2022-07-09,548,6101,49938456,39808633
2022-07-10,59,533,49938515,39809166
2022-07-11,473,7622,49938988,39816788
2022-07-12,648,8960,49939636,39825748
2022-07-13,624,10047,49940260,39835795
2022-07-14,618,10169,49940878,39845964
2022-07-15,616,10586,49941494,39856550
2022-07-16,511,7191,49942005,39863741
2022-07-17,48,767,49942053,39864508
2022-07-18,493,9324,49942546,39873832
2022-07-19,557,10601,49943103,39884433
2022-07-20,556,11184,49943659,39895617
2022-07-21,613,11942,49944272,39907559
2022-07-22,557,11140,49944829,39918699
2022-07-23,373,6683,49945202,39925382
2022-07-24,75,833,49945277,39926215
2022-07-25,487,8973,49945764,39935188
2022-07-26,511,9628,49946275,39944816
2022-07-27,522,9915,49946797,39954731
2022-07-28,510,10187,49947307,39964918
2022-07-29,506,8895,49947813,39973813