data_somministrazione,vaccinazioni,booster,cum_vaccinazioni,cum_booster
2020-12-27,20,0,20,0
2020-12-28,2,0,22,0
2020-12-29,1,0,23,0
2020-12-30,8,0,31,0
2020-12-31,71,0,102,0
2021-01-01,23,0,125,0
2021-01-02,119,0,244,0
2021-01-03,83,0,327,0
2021-01-04,210,0,537,0
2021-01-05,245,0,782,0
2021-01-06,212,0,994,0
2021-01-07,299,0,1293,0
2021-01-08,342,0,1635,0
2021-01-09,255,0,1890,0
2021-01-10,152,0,2042,0
2021-01-11,278,0,2320,0
2021-01-12,269,0,2589,0
2021-01-13,394,0,2983,0
2021-01-14,481,0,3464,0
2021-01-15,299,0,3763,0
2021-01-16,212,0,3975,0
2021-01-17,3059,0,7034,0
2021-01-18,5210,0,12244,0
2021-01-19,1893,0,14137,0
2021-01-20,4655,0,18792,0
2021-01-21,19999,0,38791,0
2021-01-22,14206,0,52997,0
2021-01-23,33324,0,86321,0
2021-01-24,30785,0,117106,0
2021-01-25,64721,0,181827,0
2021-01-26,76492,0,258319,0
2021-01-27,64829,0,323148,0
2021-01-28,89280,0,412428,0
2021-01-29,94014,0,506442,0
2021-01-30,86558,0,593000,0
2021-01-31,57329,0,650329,0
2021-02-01,81858,0,732187,0
2021-02-02,82144,0,814331,0
2021-02-03,91191,0,905522,0
2021-02-04,95397,0,1000919,0
2021-02-05,90275,0,1091194,0
2021-02-06,63444,0,1154638,0
2021-02-07,32928,0,1187566,0
2021-02-08,40428,0,1227994,0
2021-02-09,32866,0,1260860,0
2021-02-10,28422,0,1289282,0
2021-02-11,20393,0,1309675,0
2021-02-12,16231,0,1325906,0
2021-02-13,7264,0,1333170,0
2021-02-14,2861,0,1336031,0
2021-02-15,6840,0,1342871,0
2021-02-16,6997,0,1349868,0
2021-02-17,10520,0,1360388,0
2021-02-18,9251,0,1369639,0
2021-02-19,8245,0,1377884,0
2021-02-20,5552,0,1383436,0
2021-02-21,2996,0,1386432,0
2021-02-22,6883,0,1393315,0
2021-02-23,7165,0,1400480,0
2021-02-24,9828,0,1410308,0
2021-02-25,14207,0,1424515,0
2021-02-26,17555,0,1442070,0
2021-02-27,13908,0,1455978,0
2021-02-28,9387,0,1465365,0
2021-03-01,26514,0,1491879,0
2021-03-02,33238,0,1525117,0
2021-03-03,44642,0,1569759,0
2021-03-04,50290,0,1620049,0
2021-03-05,55735,0,1675784,0
2021-03-06,41871,0,1717655,0
2021-03-07,22324,0,1739979,0
2021-03-08,50806,0,1790785,0
2021-03-09,53063,0,1843848,0
2021-03-10,58638,0,1902486,0
2021-03-11,63855,0,1966341,0
2021-03-12,65107,0,2031448,0
2021-03-13,51715,0,2083163,0
2021-03-14,35392,0,2118555,0
2021-03-15,73433,0,2191988,0
2021-03-16,74024,0,2266012,0
2021-03-17,83130,0,2349142,0
2021-03-18,81620,0,2430762,0
2021-03-19,81077,0,2511839,0
2021-03-20,64717,0,2576556,0
2021-03-21,47295,0,2623851,0
2021-03-22,69468,0,2693319,0
2021-03-23,75789,0,2769108,0
2021-03-24,90899,0,2860007,0
2021-03-25,89794,0,2949801,0
2021-03-26,83616,0,3033417,0
2021-03-27,71929,0,3105346,0
2021-03-28,44140,0,3149486,0
2021-03-29,70816,0,3220302,0
2021-03-30,81375,0,3301677,0
2021-03-31,96224,0,3397901,0
2021-04-01,95298,0,3493199,0
2021-04-02,84068,0,3577267,0
2021-04-03,64301,0,3641568,0
2021-04-04,21718,0,3663286,0
2021-04-05,40303,0,3703589,0
2021-04-06,81306,0,3784895,0
2021-04-07,95819,0,3880714,0
2021-04-08,95231,0,3975945,0
2021-04-09,88485,0,4064430,0
2021-04-10,74031,0,4138461,0
2021-04-11,44760,0,4183221,0
2021-04-12,66911,0,4250132,0
2021-04-13,72568,0,4322700,0
2021-04-14,85527,0,4408227,0
2021-04-15,105407,0,4513634,0
2021-04-16,106414,0,4620048,0
2021-04-17,90507,0,4710555,0
2021-04-18,58582,0,4769137,0
2021-04-19,93426,0,4862563,0
2021-04-20,103758,0,4966321,0
2021-04-21,125334,0,5091655,0
2021-04-22,143502,0,5235157,0
2021-04-23,138723,0,5373880,0
2021-04-24,124439,0,5498319,0
2021-04-25,61454,0,5559773,0
2021-04-26,97882,0,5657655,0
2021-04-27,128354,0,5786009,0
2021-04-28,156362,0,5942371,0
2021-04-29,195587,0,6137958,0
2021-04-30,214560,0,6352518,0
2021-05-01,174102,0,6526620,0
2021-05-02,135795,0,6662415,0
2021-05-03,142013,0,6804428,0
2021-05-04,158680,0,6963108,0
2021-05-05,170483,0,7133591,0
2021-05-06,197792,0,7331383,0
2021-05-07,213826,0,7545209,0
2021-05-08,213395,0,7758604,0
2021-05-09,143196,0,7901800,0
2021-05-10,165079,0,8066879,0
2021-05-11,174974,0,8241853,0
2021-05-12,179171,0,8421024,0
2021-05-13,203374,0,8624398,0
2021-05-14,222902,0,8847300,0
2021-05-15,210352,0,9057652,0
2021-05-16,159270,0,9216922,0
2021-05-17,219185,0,9436107,0
2021-05-18,213003,0,9649110,0
2021-05-19,207074,0,9856184,0
2021-05-20,270843,0,10127027,0
2021-05-21,270869,0,10397896,0
2021-05-22,245517,0,10643413,0
2021-05-23,197171,0,10840584,0
2021-05-24,228299,0,11068883,0
2021-05-25,245690,0,11314573,0
2021-05-26,277480,0,11592053,0
2021-05-27,311077,0,11903130,0
2021-05-28,299567,0,12202697,0
2021-05-29,231215,0,12433912,0
2021-05-30,170835,0,12604747,0
2021-05-31,216416,0,12821163,0
2021-06-01,207625,0,13028788,0
2021-06-02,115780,0,13144568,0
2021-06-03,180136,0,13324704,0
2021-06-04,184866,0,13509570,0
2021-06-05,185951,0,13695521,0
2021-06-06,139535,0,13835056,0
2021-06-07,161861,0,13996917,0
2021-06-08,171198,0,14168115,0
2021-06-09,171458,0,14339573,0
2021-06-10,174082,0,14513655,0
2021-06-11,169959,0,14683614,0
2021-06-12,128316,0,14811930,0
2021-06-13,91169,0,14903099,0
2021-06-14,214665,0,15117764,0
2021-06-15,228402,0,15346166,0
2021-06-16,253064,0,15599230,0
2021-06-17,301721,0,15900951,0
2021-06-18,306289,0,16207240,0
2021-06-19,275072,0,16482312,0
2021-06-20,220762,0,16703074,0
2021-06-21,288062,0,16991136,0
2021-06-22,296201,0,17287337,0
2021-06-23,302668,0,17590005,0
2021-06-24,332578,0,17922583,0
2021-06-25,348695,0,18271278,0
2021-06-26,300091,0,18571369,0
2021-06-27,228638,0,18800007,0
2021-06-28,307062,0,19107069,0
2021-06-29,329257,0,19436326,0
2021-06-30,342121,0,19778447,0
2021-07-01,363177,0,20141624,0
2021-07-02,368443,0,20510067,0
2021-07-03,371075,0,20881142,0
2021-07-04,283204,0,21164346,0
2021-07-05,384520,0,21548866,0
2021-07-06,385442,0,21934308,0
2021-07-07,412080,0,22346388,0
2021-07-08,479602,0,22825990,0
2021-07-09,498476,0,23324466,0
2021-07-10,475168,0,23799634,0
2021-07-11,357686,0,24157320,0
2021-07-12,485882,0,24643202,0
2021-07-13,492124,0,25135326,0
2021-07-14,480466,0,25615792,0
2021-07-15,523452,0,26139244,0
2021-07-16,509767,0,26649011,0
2021-07-17,464352,0,27113363,0
2021-07-18,364665,0,27478028,0
2021-07-19,463057,0,27941085,0
2021-07-20,458070,0,28399155,0
2021-07-21,462794,0,28861949,0
2021-07-22,475393,0,29337342,0
2021-07-23,441295,0,29778637,0
2021-07-24,386167,0,30164804,0
2021-07-25,287570,0,30452374,0
2021-07-26,430871,0,30883245,0
2021-07-27,440122,0,31323367,0
2021-07-28,391005,0,31714372,0
2021-07-29,372074,0,32086446,0
2021-07-30,341504,0,32427950,0
2021-07-31,287027,0,32714977,0
2021-08-01,191010,0,32905987,0
2021-08-02,333714,0,33239701,0
2021-08-03,323185,0,33562886,0
2021-08-04,310971,0,33873857,0
2021-08-05,292508,0,34166365,0
2021-08-06,259999,0,34426364,0
2021-08-07,199045,0,34625409,0
2021-08-08,153108,0,34778517,0
2021-08-09,234072,0,35012589,0
2021-08-10,205246,0,35217835,0
2021-08-11,193760,0,35411595,0
2021-08-12,168016,0,35579611,0
2021-08-13,148620,0,35728231,0
2021-08-14,66092,0,35794323,0
2021-08-15,26337,0,35820660,0
2021-08-16,114695,0,35935355,0
2021-08-17,129249,0,36064604,0
2021-08-18,128744,0,36193348,0
2021-08-19,124806,0,36318154,0
2021-08-20,123798,0,36441952,0
2021-08-21,83123,0,36525075,0
2021-08-22,68170,0,36593245,0
2021-08-23,176867,0,36770112,0
2021-08-24,156901,0,36927013,0
2021-08-25,177170,0,37104183,0
2021-08-26,172354,0,37276537,0
2021-08-27,185838,0,37462375,0
2021-08-28,140274,0,37602649,0
2021-08-29,98991,0,37701640,0
2021-08-30,209617,0,37911257,0
2021-08-31,194638,0,38105895,0
2021-09-01,192210,0,38298105,0
2021-09-02,189933,0,38488038,0
2021-09-03,191322,0,38679360,0
2021-09-04,131468,0,38810828,0
2021-09-05,87860,0,38898688,0
2021-09-06,193636,0,39092324,0
2021-09-07,196043,0,39288367,0
2021-09-08,187889,0,39476256,0
2021-09-09,201457,0,39677713,0
2021-09-10,198088,0,39875801,0
2021-09-11,141311,0,40017112,0
2021-09-12,89600,0,40106712,0
2021-09-13,191141,583,40297853,583
2021-09-14,177237,599,40475090,1182
2021-09-15,163102,607,40638192,1789
2021-09-16,160083,945,40798275,2734
2021-09-17,150173,1128,40948448,3862
2021-09-18,127979,748,41076427,4610
2021-09-19,81135,498,41157562,5108
2021-09-20,180077,9092,41337639,14200
2021-09-21,166644,8841,41504283,23041
2021-09-22,159084,9447,41663367,32488
2021-09-23,138077,9336,41801444,41824
2021-09-24,140538,8972,41941982,50796
2021-09-25,119555,5645,42061537,56441
2021-09-26,71966,4345,42133503,60786
2021-09-27,135656,10053,42269159,70839
2021-09-28,117503,11396,42386662,82235
2021-09-29,112351,11831,42499013,94066
2021-09-30,110239,14958,42609252,109024
2021-10-01,94983,19115,42704235,128139
2021-10-02,78496,14021,42782731,142160
2021-10-03,47744,7660,42830475,149820
2021-10-04,88374,34453,42918849,184273
2021-10-05,80370,33973,42999219,218246
2021-10-06,71995,34171,43071214,252417
2021-10-07,71853,34355,43143067,286772
2021-10-08,80631,33594,43223698,320366
2021-10-09,76101,22176,43299799,342542
2021-10-10,45775,13619,43345574,356161
2021-10-11,87432,41109,43433006,397270
2021-10-12,84494,46911,43517500,444181
2021-10-13,88196,52127,43605696,496308
2021-10-14,91539,58518,43697235,554826
2021-10-15,93601,55637,43790836,610463
2021-10-16,82969,36787,43873805,647250
2021-10-17,51464,23832,43925269,671082
2021-10-18,90302,59491,44015571,730573
2021-10-19,78344,69383,44093915,799956
2021-10-20,75072,78175,44168987,878131
2021-10-21,78297,81766,44247284,959897
2021-10-22,73784,77038,44321068,1036935
2021-10-23,60820,51961,44381888,1088896
2021-10-24,33373,23462,44415261,1112358
2021-10-25,64907,81629,44480168,1193987
2021-10-26,58372,91791,44538540,1285778
2021-10-27,58327,103977,44596867,1389755
2021-10-28,61465,114110,44658332,1503865
2021-10-29,61643,103133,44719975,1606998
2021-10-30,50671,68121,44770646,1675119
2021-10-31,25163,28293,44795809,1703412
2021-11-01,19045,28151,44814854,1731563
2021-11-02,62752,89388,44877606,1820951
2021-11-03,60728,118665,44938334,1939616
2021-11-04,59242,126668,44997576,2066284
2021-11-05,63093,135185,45060669,2201469
2021-11-06,46479,90924,45107148,2292393
2021-11-07,22252,37896,45129400,2330289
2021-11-08,51528,131272,45180928,2461561
2021-11-09,45400,144207,45226328,2605768
2021-11-10,42584,156350,45268912,2762118
2021-11-11,44935,155139,45313847,2917257
2021-11-12,46374,158578,45360221,3075835
2021-11-13,33257,116654,45393478,3192489
2021-11-14,14487,52448,45407965,3244937
2021-11-15,36894,157433,45444859,3402370
2021-11-16,30554,171376,45475413,3573746
2021-11-17,28457,178442,45503870,3752188
2021-11-18,30285,193725,45534155,3945913
2021-11-19,28807,205856,45562962,4151769
2021-11-20,20994,156438,45583956,4308207
2021-11-21,10611,64859,45594567,4373066
2021-11-22,21939,213142,45616506,4586208
2021-11-23,23577,241749,45640083,4827957
2021-11-24,27842,270951,45667925,5098908
2021-11-25,23236,301911,45691161,5400819
2021-11-26,24586,318269,45715747,5719088
2021-11-27,21382,266151,45737129,5985239
2021-11-28,9901,137059,45747030,6122298
2021-11-29,22334,326065,45769364,6448363
2021-11-30,23095,365818,45792459,6814181
2021-12-01,21531,413503,45813990,7227684
2021-12-02,23765,440379,45837755,7668063
2021-12-03,25259,467463,45863014,8135526
2021-12-04,22372,418739,45885386,8554265
2021-12-05,11929,261331,45897315,8815596
2021-12-06,25814,457582,45923129,9273178
2021-12-07,24135,480254,45947264,9753432
2021-12-08,10006,249684,45957270,10003116
2021-12-09,31584,491917,45988854,10495033
2021-12-10,28068,517872,46016922,11012905
2021-12-11,23562,459243,46040484,11472148
2021-12-12,12309,293497,46052793,11765645
2021-12-13,26157,467622,46078950,12233267
2021-12-14,25172,494194,46104122,12727461
2021-12-15,25338,517141,46129460,13244602
2021-12-16,27886,520240,46157346,13764842
2021-12-17,29366,517165,46186712,14282007
2021-12-18,27063,468718,46213775,14750725
2021-12-19,15144,300517,46228919,15051242
2021-12-20,30632,477483,46259551,15528725
2021-12-21,30372,493380,46289923,16022105
2021-12-22,29450,484702,46319373,16506807
2021-12-23,28249,426895,46347622,16933702
2021-12-24,13111,210825,46360733,17144527
2021-12-25,2102,33053,46362835,17177580
2021-12-26,8763,159069,46371598,17336649
2021-12-27,46791,504658,46418389,17841307
2021-12-28,42452,554211,46460841,18395518
2021-12-29,34349,550641,46495190,18946159
2021-12-30,31844,499821,46527034,19445980
2021-12-31,14121,247389,46541155,19693369
2022-01-01,3496,64814,46544651,19758183
2022-01-02,22770,276721,46567421,20034904
2022-01-03,47856,520012,46615277,20554916
2022-01-04,46368,572081,46661645,21126997
2022-01-05,40750,560391,46702395,21687388
2022-01-06,23484,274483,46725879,21961871
2022-01-07,63691,554188,46789570,22516059
2022-01-08,60858,503378,46850428,23019437
2022-01-09,42853,319685,46893281,23339122
2022-01-10,61078,542290,46954359,23881412
2022-01-11,61709,586986,47016068,24468398
2022-01-12,58438,581274,47074506,25049672
2022-01-13,58603,580380,47133109,25630052
2022-01-14,46787,588566,47179896,26218618
2022-01-15,39404,569936,47219300,26788554
2022-01-16,31220,341855,47250520,27130409
2022-01-17,54773,489655,47305293,27620064
2022-01-18,58390,517007,47363683,28137071
2022-01-19,57191,502781,47420874,28639852
2022-01-20,54335,498817,47475209,29138669
2022-01-21,42078,493870,47517287,29632539
2022-01-22,31187,469593,47548474,30102132
2022-01-23,34924,275363,47583398,30377495
2022-01-24,56179,437212,47639577,30814707
2022-01-25,61541,452100,47701118,31266807
2022-01-26,58537,435825,47759655,31702632
2022-01-27,48837,432357,47808492,32134989
2022-01-28,58689,436531,47867181,32571520
2022-01-29,68117,412486,47935298,32984006
2022-01-30,50371,235967,47985669,33219973
2022-01-31,60618,356928,48046287,33576901
2022-02-01,65543,328438,48111830,33905339
2022-02-02,63194,296972,48175024,34202311
2022-02-03,60050,274513,48235074,34476824
2022-02-04,72376,268451,48307450,34745275
2022-02-05,83766,248530,48391216,34993805
2022-02-06,55283,116200,48446499,35110005
2022-02-07,65136,199937,48511635,35309942
2022-02-08,66924,186108,48578559,35496050
2022-02-09,58755,166335,48637314,35662385
2022-02-10,58562,163235,48695876,35825620
2022-02-11,62240,162458,48758116,35988078
2022-02-12,71975,152141,48830091,36140219
2022-02-13,41469,68849,48871560,36209068
2022-02-14,46683,116187,48918243,36325255
2022-02-15,48522,123479,48966765,36448734
2022-02-16,45671,106117,49012436,36554851
2022-02-17,42857,98106,49055293,36652957
2022-02-18,46614,112569,49101907,36765526
2022-02-19,52525,100329,49154432,36865855
2022-02-20,31410,40361,49185842,36906216
2022-02-21,37883,89645,49223725,36995861
2022-02-22,37217,83771,49260942,37079632
2022-02-23,33386,79404,49294328,37159036
2022-02-24,32548,78160,49326876,37237196
2022-02-25,34754,90708,49361630,37327904
2022-02-26,39152,89131,49400782,37417035
2022-02-27,22541,35856,49423323,37452891
2022-02-28,28472,81689,49451795,37534580
2022-03-01,22716,53940,49474511,37588520
2022-03-02,21991,50629,49496502,37639149
2022-03-03,22608,54940,49519110,37694089
2022-03-04,23223,62792,49542333,37756881
2022-03-05,23792,57952,49566125,37814833
2022-03-06,9470,17200,49575595,37832033
2022-03-07,15908,51386,49591503,37883419
2022-03-08,15470,48793,49606973,37932212
2022-03-09,13809,46515,49620782,37978727
2022-03-10,14043,52116,49634825,38030843
2022-03-11,15578,57257,49650403,38088100
2022-03-12,15497,56614,49665900,38144714
2022-03-13,5544,16849,49671444,38161563
2022-03-14,10521,46695,49681965,38208258
2022-03-15,10536,46890,49692501,38255148
2022-03-16,9475,41976,49701976,38297124
2022-03-17,9708,44871,49711684,38341995
2022-03-18,10154,49053,49721838,38391048
2022-03-19,9146,46530,49730984,38437578
2022-03-20,2608,11700,49733592,38449278
2022-03-21,7578,40223,49741170,38489501
2022-03-22,8446,37755,49749616,38527256
2022-03-23,7210,33699,49756826,38560955
2022-03-24,8254,38798,49765080,38599753
2022-03-25,8131,43661,49773211,38643414
2022-03-26,8124,41721,49781335,38685135
2022-03-27,2429,9681,49783764,38694816
2022-03-28,6104,35235,49789868,38730051
2022-03-29,5773,32525,49795641,38762576
2022-03-30,5561,30199,49801202,38792775
2022-03-31,5887,33178,49807089,38825953
2022-04-01,4346,25187,49811435,38851140
2022-04-02,4490,23274,49815925,38874414
2022-04-03,1049,4499,49816974,38878913
2022-04-04,3654,21533,49820628,38900446
2022-04-05,3753,22926,49824381,38923372
2022-04-06,4098,21848,49828479,38945220
2022-04-07,3964,23320,49832443,38968540
2022-04-08,4688,26709,49837131,38995249
2022-04-09,4380,23884,49841511,39019133
2022-04-10,891,4614,49842402,39023747
2022-04-11,3813,22685,49846215,39046432
2022-04-12,3359,21777,49849574,39068209
2022-04-13,3561,21333,49853135,39089542
2022-04-14,3485,23782,49856620,39113324
2022-04-15,3081,20616,49859701,39133940
2022-04-16,2149,11919,49861850,39145859
2022-04-17,63,348,49861913,39146207
2022-04-18,151,650,49862064,39146857
2022-04-19,3493,21978,49865557,39168835
2022-04-20,3505,20248,49869062,39189083
2022-04-21,2841,19781,49871903,39208864
2022-04-22,2925,20696,49874828,39229560
2022-04-23,2638,16212,49877466,39245772
2022-04-24,509,2335,49877975,39248107
2022-04-25,183,1165,49878158,39249272
2022-04-26,2757,17798,49880915,39267070
2022-04-27,2371,15786,49883286,39282856
2022-04-28,2356,15553,49885642,39298409
2022-04-29,2292,14835,49887934,39313244
2022-04-30,2121,11577,49890055,39324821
2022-05-01,113,530,49890168,39325351
2022-05-02,1450,9387,49891618,39334738
2022-05-03,1574,10310,49893192,39345048
2022-05-04,1746,10258,49894938,39355306
2022-05-05,1651,10277,49896589,39365583
2022-05-06,1701,10946,49898290,39376529
2022-05-07,1431,8562,49899721,39385091
2022-05-08,404,1514,49900125,39386605
2022-05-09,1026,8918,49901151,39395523
2022-05-10,1422,9540,49902573,39405063
2022-05-11,1482,10089,49904055,39415152
2022-05-12,1367,10119,49905422,39425271
2022-05-13,1588,10510,49907010,39435781
2022-05-14,1356,8228,49908366,39444009
2022-05-15,336,1129,49908702,39445138
2022-05-16,811,8392,49909513,39453530
2022-05-17,1243,8674,49910756,39462204
2022-05-18,1372,9221,49912128,39471425
2022-05-19,1500,9270,49913628,39480695
2022-05-20,1421,9498,49915049,39490193
2022-05-21,1299,7892,49916348,39498085
2022-05-22,231,1012,49916579,39499097
2022-05-23,827,8261,49917406,39507358
2022-05-24,1072,8666,49918478,39516024
2022-05-25,1369,9446,49919847,39525470
2022-05-26,1194,9454,49921041,39534924
2022-05-27,1226,9910,49922267,39544834
2022-05-28,1203,7873,49923470,39552707
2022-05-29,286,1264,49923756,39553971
2022-05-30,929,8029,49924685,39562000
2022-05-31,1033,8532,49925718,39570532
2022-06-01,891,7644,49926609,39578176
2022-06-02,35,474,49926644,39578650
2022-06-03,816,7328,49927460,39585978
2022-06-04,870,5155,49928330,39591133
2022-06-05,89,586,49928419,39591719
2022-06-06,675,6984,49929094,39598703
2022-06-07,932,7842,49930026,39606545
2022-06-08,982,7900,49931008,39614445
2022-06-09,1036,8400,49932044,39622845
2022-06-10,957,8552,49933001,39631397
2022-06-11,900,6206,49933901,39637603
2022-06-12,140,767,49934041,39638370
2022-06-13,602,6295,49934643,39644665
2022-06-14,826,7882,49935469,39652547
2022-06-15,954,7844,49936423,39660391
2022-06-16,729,7389,49937152,39667780
2022-06-17,720,7242,49937872,39675022
2022-06-18,777,5588,49938649,39680610
2022-06-19,47,522,49938696,39681132
2022-06-20,588,6694,49939284,39687826
2022-06-21,733,7652,49940017,39695478
2022-06-22,780,7305,49940797,39702783
2022-06-23,651,7459,49941448,39710242
2022-06-24,642,7473,49942090,39717715
2022-06-25,835,6532,49942925,39724247
2022-06-26,128,523,49943053,39724770
2022-06-27,532,7120,49943585,39731890
2022-06-28,746,8192,49944331,39740082
2022-06-29,756,7720,49945087,39747802
2022-06-30,745,8132,49945832,39755934
2022-07-01,576,6438,49946408,39762372
2022-07-02,536,4766,49946944,39767138
2022-07-03,49,456,49946993,39767594
2022-07-04,470,6274,49947463,39773868
2022-07-05,628,8112,49948091,39781980
2022-07-06,630,7606,49948721,39789586
2022-07-07,568,8263,49949289,39797849
2022-07-08,670,8079,49949959,39805928
2022-07-09,550,6103,49950509,39812031
2022-07-10,58,533,49950567,39812564
2022-07-11,487,7639,49951054,39820203
2022-07-12,665,9026,49951719,39829229
2022-07-13,639,10060,49952358,39839289
2022-07-14,636,10219,49952994,39849508
2022-07-15,623,10664,49953617,39860172
2022-07-16,522,7209,49954139,39867381
2022-07-17,48,769,49954187,39868150
2022-07-18,497,9350,49954684,39877500
2022-07-19,574,10653,49955258,39888153
2022-07-20,576,11258,49955834,39899411
2022-07-21,625,12040,49956459,39911451
2022-07-22,582,11227,49957041,39922678
2022-07-23,379,6743,49957420,39929421
2022-07-24,76,834,49957496,39930255
2022-07-25,501,9033,49957997,39939288
2022-07-26,519,9728,49958516,39949016
2022-07-27,549,10155,49959065,39959171
2022-07-28,527,10482,49959592,39969653
2022-07-29,510,9424,49960102,39979077
2022-07-30,380,5852,49960482,39984929
2022-07-31,49,745,49960531,39985674
2022-08-01,386,6823,49960917,39992497
2022-08-02,539,7518,49961456,40000015
2022-08-03,511,7143,49961967,40007158
2022-08-04,452,7427,49962419,40014585
2022-08-05,419,6488,49962838,40021073
2022-08-06,298,3582,49963136,40024655
2022-08-07,44,551,49963180,40025206
2022-08-08,401,4874,49963581,40030080
2022-08-09,383,5267,49963964,40035347
2022-08-10,376,4788,49964340,40040135
2022-08-11,364,4756,49964704,40044891
2022-08-12,288,3700,49964992,40048591
2022-08-13,143,1597,49965135,40050188
2022-08-14,9,128,49965144,40050316
2022-08-15,1,26,49965145,40050342
2022-08-16,283,3027,49965428,40053369
2022-08-17,351,3513,49965779,40056882
2022-08-18,388,4142,49966167,40061024
2022-08-19,341,3305,49966508,40064329
2022-08-20,183,1710,49966691,40066039
2022-08-21,24,146,49966715,40066185
2022-08-22,329,2935,49967044,40069120
2022-08-23,371,3655,49967415,40072775
2022-08-24,381,3332,49967796,40076107
2022-08-25,419,3733,49968215,40079840
2022-08-26,394,3545,49968609,40083385
2022-08-27,235,1767,49968844,40085152
2022-08-28,29,260,49968873,40085412
2022-08-29,353,3138,49969226,40088550
2022-08-30,401,3636,49969627,40092186
2022-08-31,434,3703,49970061,40095889
2022-09-01,352,3073,49970413,40098962
2022-09-02,292,2866,49970705,40101828
2022-09-03,199,1683,49970904,40103511
2022-09-04,22,147,49970926,40103658
2022-09-05,186,2625,49971112,40106283
2022-09-06,301,2961,49971413,40109244
2022-09-07,538,2907,49971951,40112151
2022-09-08,288,2946,49972239,40115097
2022-09-09,297,2850,49972536,40117947
2022-09-10,226,1324,49972762,40119271
2022-09-11,21,123,49972783,40119394
2022-09-12,264,2178,49973047,40121572
2022-09-13,246,2243,49973293,40123815
2022-09-14,258,2529,49973551,40126344
2022-09-15,275,2442,49973826,40128786
2022-09-16,251,2503,49974077,40131289
2022-09-17,237,1317,49974314,40132606
2022-09-18,19,170,49974333,40132776
2022-09-19,206,1964,49974539,40134740
2022-09-20,232,2363,49974771,40137103
2022-09-21,287,2503,49975058,40139606
2022-09-22,258,2616,49975316,40142222
2022-09-23,248,2294,49975564,40144516
2022-09-24,195,1423,49975759,40145939
2022-09-25,28,134,49975787,40146073
2022-09-26,269,2218,49976056,40148291
2022-09-27,280,2575,49976336,40150866
2022-09-28,302,2839,49976638,40153705
2022-09-29,242,2739,49976880,40156444
2022-09-30,259,2564,49977139,40159008
2022-10-01,176,1322,49977315,40160330
2022-10-02,10,157,49977325,40160487
2022-10-03,164,2239,49977489,40162726
2022-10-04,210,2567,49977699,40165293
2022-10-05,127,1621,49977826,40166914