data_somministrazione,vaccinazioni,booster,cum_vaccinazioni,cum_booster
2020-12-27,20,0,20,0
2020-12-28,2,0,22,0
2020-12-29,1,0,23,0
2020-12-30,9,0,32,0
2020-12-31,73,0,105,0
2021-01-01,24,0,129,0
2021-01-02,131,0,260,0
2021-01-03,94,0,354,0
2021-01-04,224,0,578,0
2021-01-05,260,0,838,0
2021-01-06,228,0,1066,0
2021-01-07,313,0,1379,0
2021-01-08,359,0,1738,0
2021-01-09,268,0,2006,0
2021-01-10,162,0,2168,0
2021-01-11,291,0,2459,0
2021-01-12,276,0,2735,0
2021-01-13,406,0,3141,0
2021-01-14,489,0,3630,0
2021-01-15,309,0,3939,0
2021-01-16,216,0,4155,0
2021-01-17,3061,0,7216,0
2021-01-18,5215,0,12431,0
2021-01-19,1893,0,14324,0
2021-01-20,4656,0,18980,0
2021-01-21,20007,0,38987,0
2021-01-22,14220,0,53207,0
2021-01-23,33329,0,86536,0
2021-01-24,30781,0,117317,0
2021-01-25,64719,0,182036,0
2021-01-26,76485,0,258521,0
2021-01-27,64824,0,323345,0
2021-01-28,89266,0,412611,0
2021-01-29,94013,0,506624,0
2021-01-30,86549,0,593173,0
2021-01-31,57327,0,650500,0
2021-02-01,81851,0,732351,0
2021-02-02,82139,0,814490,0
2021-02-03,91112,0,905602,0
2021-02-04,95397,0,1000999,0
2021-02-05,90269,0,1091268,0
2021-02-06,63448,0,1154716,0
2021-02-07,32933,0,1187649,0
2021-02-08,40425,0,1228074,0
2021-02-09,32873,0,1260947,0
2021-02-10,28431,0,1289378,0
2021-02-11,20402,0,1309780,0
2021-02-12,16241,0,1326021,0
2021-02-13,7275,0,1333296,0
2021-02-14,2862,0,1336158,0
2021-02-15,6844,0,1343002,0
2021-02-16,7003,0,1350005,0
2021-02-17,10525,0,1360530,0
2021-02-18,9252,0,1369782,0
2021-02-19,8251,0,1378033,0
2021-02-20,5571,0,1383604,0
2021-02-21,3007,0,1386611,0
2021-02-22,6885,0,1393496,0
2021-02-23,7180,0,1400676,0
2021-02-24,9809,0,1410485,0
2021-02-25,14210,0,1424695,0
2021-02-26,17558,0,1442253,0
2021-02-27,13915,0,1456168,0
2021-02-28,9390,0,1465558,0
2021-03-01,26517,0,1492075,0
2021-03-02,33245,0,1525320,0
2021-03-03,44647,0,1569967,0
2021-03-04,50293,0,1620260,0
2021-03-05,55733,0,1675993,0
2021-03-06,41874,0,1717867,0
2021-03-07,22323,0,1740190,0
2021-03-08,50829,0,1791019,0
2021-03-09,53081,0,1844100,0
2021-03-10,58659,0,1902759,0
2021-03-11,63872,0,1966631,0
2021-03-12,65117,0,2031748,0
2021-03-13,51728,0,2083476,0
2021-03-14,35408,0,2118884,0
2021-03-15,73450,0,2192334,0
2021-03-16,74026,0,2266360,0
2021-03-17,83134,0,2349494,0
2021-03-18,81630,0,2431124,0
2021-03-19,81085,0,2512209,0
2021-03-20,64728,0,2576937,0
2021-03-21,47308,0,2624245,0
2021-03-22,69490,0,2693735,0
2021-03-23,75808,0,2769543,0
2021-03-24,90916,0,2860459,0
2021-03-25,89816,0,2950275,0
2021-03-26,83637,0,3033912,0
2021-03-27,71947,0,3105859,0
2021-03-28,44156,0,3150015,0
2021-03-29,70835,0,3220850,0
2021-03-30,81394,0,3302244,0
2021-03-31,96247,0,3398491,0
2021-04-01,95314,0,3493805,0
2021-04-02,84079,0,3577884,0
2021-04-03,64306,0,3642190,0
2021-04-04,21718,0,3663908,0
2021-04-05,40317,0,3704225,0
2021-04-06,81325,0,3785550,0
2021-04-07,95837,0,3881387,0
2021-04-08,95247,0,3976634,0
2021-04-09,88495,0,4065129,0
2021-04-10,74032,0,4139161,0
2021-04-11,44765,0,4183926,0
2021-04-12,66920,0,4250846,0
2021-04-13,72583,0,4323429,0
2021-04-14,85548,0,4408977,0
2021-04-15,105414,0,4514391,0
2021-04-16,106422,0,4620813,0
2021-04-17,90521,0,4711334,0
2021-04-18,58596,0,4769930,0
2021-04-19,93433,0,4863363,0
2021-04-20,103774,0,4967137,0
2021-04-21,125345,0,5092482,0
2021-04-22,143521,0,5236003,0
2021-04-23,138749,0,5374752,0
2021-04-24,124449,0,5499201,0
2021-04-25,61459,0,5560660,0
2021-04-26,97898,0,5658558,0
2021-04-27,128365,0,5786923,0
2021-04-28,156379,0,5943302,0
2021-04-29,195601,0,6138903,0
2021-04-30,214593,0,6353496,0
2021-05-01,174128,0,6527624,0
2021-05-02,135808,0,6663432,0
2021-05-03,142053,0,6805485,0
2021-05-04,158696,0,6964181,0
2021-05-05,170517,0,7134698,0
2021-05-06,197816,0,7332514,0
2021-05-07,213853,0,7546367,0
2021-05-08,213429,0,7759796,0
2021-05-09,143208,0,7903004,0
2021-05-10,165089,0,8068093,0
2021-05-11,175000,0,8243093,0
2021-05-12,179198,0,8422291,0
2021-05-13,203401,0,8625692,0
2021-05-14,222933,0,8848625,0
2021-05-15,210376,0,9059001,0
2021-05-16,159281,0,9218282,0
2021-05-17,219209,0,9437491,0
2021-05-18,213026,0,9650517,0
2021-05-19,207098,0,9857615,0
2021-05-20,270877,0,10128492,0
2021-05-21,270909,0,10399401,0
2021-05-22,245532,0,10644933,0
2021-05-23,197184,0,10842117,0
2021-05-24,228311,0,11070428,0
2021-05-25,245699,0,11316127,0
2021-05-26,277512,0,11593639,0
2021-05-27,311094,0,11904733,0
2021-05-28,299581,0,12204314,0
2021-05-29,231238,0,12435552,0
2021-05-30,170845,0,12606397,0
2021-05-31,216431,0,12822828,0
2021-06-01,207640,0,13030468,0
2021-06-02,115807,0,13146275,0
2021-06-03,180162,0,13326437,0
2021-06-04,184896,0,13511333,0
2021-06-05,185977,0,13697310,0
2021-06-06,139564,0,13836874,0
2021-06-07,161884,0,13998758,0
2021-06-08,171252,0,14170010,0
2021-06-09,171502,0,14341512,0
2021-06-10,174127,0,14515639,0
2021-06-11,170001,0,14685640,0
2021-06-12,128347,0,14813987,0
2021-06-13,91210,0,14905197,0
2021-06-14,214697,0,15119894,0
2021-06-15,228436,0,15348330,0
2021-06-16,253090,0,15601420,0
2021-06-17,301751,0,15903171,0
2021-06-18,306319,0,16209490,0
2021-06-19,275106,0,16484596,0
2021-06-20,220801,0,16705397,0
2021-06-21,288083,0,16993480,0
2021-06-22,296236,0,17289716,0
2021-06-23,302696,0,17592412,0
2021-06-24,332612,0,17925024,0
2021-06-25,348722,0,18273746,0
2021-06-26,300133,0,18573879,0
2021-06-27,228682,0,18802561,0
2021-06-28,307125,0,19109686,0
2021-06-29,329315,0,19439001,0
2021-06-30,342184,0,19781185,0
2021-07-01,363234,0,20144419,0
2021-07-02,368488,0,20512907,0
2021-07-03,371101,0,20884008,0
2021-07-04,283225,0,21167233,0
2021-07-05,384554,0,21551787,0
2021-07-06,385488,0,21937275,0
2021-07-07,412124,0,22349399,0
2021-07-08,479600,0,22828999,0
2021-07-09,498483,0,23327482,0
2021-07-10,475178,0,23802660,0
2021-07-11,357700,0,24160360,0
2021-07-12,485898,0,24646258,0
2021-07-13,492100,0,25138358,0
2021-07-14,480453,0,25618811,0
2021-07-15,523446,0,26142257,0
2021-07-16,509766,0,26652023,0
2021-07-17,464337,0,27116360,0
2021-07-18,364646,0,27481006,0
2021-07-19,463053,0,27944059,0
2021-07-20,458065,0,28402124,0
2021-07-21,462797,0,28864921,0
2021-07-22,475391,0,29340312,0
2021-07-23,441331,0,29781643,0
2021-07-24,386159,0,30167802,0
2021-07-25,287566,0,30455368,0
2021-07-26,430896,0,30886264,0
2021-07-27,440131,0,31326395,0
2021-07-28,391026,0,31717421,0
2021-07-29,372085,0,32089506,0
2021-07-30,341518,0,32431024,0
2021-07-31,287038,0,32718062,0
2021-08-01,191000,0,32909062,0
2021-08-02,333706,0,33242768,0
2021-08-03,323198,0,33565966,0
2021-08-04,310983,0,33876949,0
2021-08-05,292497,0,34169446,0
2021-08-06,260020,0,34429466,0
2021-08-07,199056,0,34628522,0
2021-08-08,153108,0,34781630,0
2021-08-09,234080,0,35015710,0
2021-08-10,205265,0,35220975,0
2021-08-11,193783,0,35414758,0
2021-08-12,168041,0,35582799,0
2021-08-13,148650,0,35731449,0
2021-08-14,66096,0,35797545,0
2021-08-15,26339,0,35823884,0
2021-08-16,114708,0,35938592,0
2021-08-17,129256,0,36067848,0
2021-08-18,128757,0,36196605,0
2021-08-19,124831,0,36321436,0
2021-08-20,123797,0,36445233,0
2021-08-21,83131,0,36528364,0
2021-08-22,68176,0,36596540,0
2021-08-23,176869,0,36773409,0
2021-08-24,156896,0,36930305,0
2021-08-25,177175,0,37107480,0
2021-08-26,172368,0,37279848,0
2021-08-27,185838,0,37465686,0
2021-08-28,140284,0,37605970,0
2021-08-29,98993,0,37704963,0
2021-08-30,209599,0,37914562,0
2021-08-31,194641,0,38109203,0
2021-09-01,192208,0,38301411,0
2021-09-02,189935,0,38491346,0
2021-09-03,191294,0,38682640,0
2021-09-04,131459,0,38814099,0
2021-09-05,87858,0,38901957,0
2021-09-06,193621,0,39095578,0
2021-09-07,196034,0,39291612,0
2021-09-08,187880,0,39479492,0
2021-09-09,201441,0,39680933,0
2021-09-10,198074,0,39879007,0
2021-09-11,141299,0,40020306,0
2021-09-12,89596,0,40109902,0
2021-09-13,191121,616,40301023,616
2021-09-14,177225,626,40478248,1242
2021-09-15,163093,628,40641341,1870
2021-09-16,160066,972,40801407,2842
2021-09-17,150174,1146,40951581,3988
2021-09-18,127982,761,41079563,4749
2021-09-19,81140,503,41160703,5252
2021-09-20,180069,9112,41340772,14364
2021-09-21,166660,8849,41507432,23213
2021-09-22,159101,9452,41666533,32665
2021-09-23,138086,9346,41804619,42011
2021-09-24,140549,8992,41945168,51003
2021-09-25,119563,5659,42064731,56662
2021-09-26,71981,4355,42136712,61017
2021-09-27,135666,10069,42272378,71086
2021-09-28,117509,11414,42389887,82500
2021-09-29,112360,11846,42502247,94346
2021-09-30,110267,14974,42612514,109320
2021-10-01,94995,19127,42707509,128447
2021-10-02,78512,14036,42786021,142483
2021-10-03,47753,7666,42833774,150149
2021-10-04,88387,34471,42922161,184620
2021-10-05,80381,34006,43002542,218626
2021-10-06,72000,34192,43074542,252818
2021-10-07,71875,34365,43146417,287183
2021-10-08,80631,33617,43227048,320800
2021-10-09,76109,22189,43303157,342989
2021-10-10,45783,13625,43348940,356614
2021-10-11,87446,41122,43436386,397736
2021-10-12,84512,46923,43520898,444659
2021-10-13,88211,52143,43609109,496802
2021-10-14,91547,58543,43700656,555345
2021-10-15,93598,55661,43794254,611006
2021-10-16,82972,36812,43877226,647818
2021-10-17,51460,23851,43928686,671669
2021-10-18,90304,59504,44018990,731173
2021-10-19,78350,69397,44097340,800570
2021-10-20,75068,78196,44172408,878766
2021-10-21,78303,81789,44250711,960555
2021-10-22,73782,77060,44324493,1037615
2021-10-23,60832,51969,44385325,1089584
2021-10-24,33371,23474,44418696,1113058
2021-10-25,64905,81652,44483601,1194710
2021-10-26,58373,91823,44541974,1286533
2021-10-27,58326,104016,44600300,1390549
2021-10-28,61453,114144,44661753,1504693
2021-10-29,61638,103164,44723391,1607857
2021-10-30,50677,68133,44774068,1675990
2021-10-31,25162,28305,44799230,1704295
2021-11-01,19048,28157,44818278,1732452
2021-11-02,62745,89421,44881023,1821873
2021-11-03,60727,118687,44941750,1940560
2021-11-04,59244,126689,45000994,2067249
2021-11-05,63094,135211,45064088,2202460
2021-11-06,46484,90936,45110572,2293396
2021-11-07,22253,37901,45132825,2331297
2021-11-08,51528,131292,45184353,2462589
2021-11-09,45401,144228,45229754,2606817
2021-11-10,42590,156370,45272344,2763187
2021-11-11,44931,155161,45317275,2918348
2021-11-12,46315,158664,45363590,3077012
2021-11-13,33267,116667,45396857,3193679
2021-11-14,14492,52457,45411349,3246136
2021-11-15,36907,157440,45448256,3403576
2021-11-16,30564,171396,45478820,3574972
2021-11-17,28469,178453,45507289,3753425
2021-11-18,30290,193750,45537579,3947175
2021-11-19,28813,205876,45566392,4153051
2021-11-20,21004,156455,45587396,4309506
2021-11-21,10613,64866,45598009,4374372
2021-11-22,21949,213160,45619958,4587532
2021-11-23,23591,241777,45643549,4829309
2021-11-24,27794,271035,45671343,5100344
2021-11-25,23250,301932,45694593,5402276
2021-11-26,24589,318292,45719182,5720568
2021-11-27,21394,266171,45740576,5986739
2021-11-28,9904,137066,45750480,6123805
2021-11-29,22355,326074,45772835,6449879
2021-11-30,23110,365857,45795945,6815736
2021-12-01,21537,413516,45817482,7229252
2021-12-02,23778,440430,45841260,7669682
2021-12-03,25268,467508,45866528,8137190
2021-12-04,22385,418790,45888913,8555980
2021-12-05,11943,261357,45900856,8817337
2021-12-06,25836,457621,45926692,9274958
2021-12-07,24153,480295,45950845,9755253
2021-12-08,10024,249715,45960869,10004968
2021-12-09,31611,491951,45992480,10496919
2021-12-10,28088,517919,46020568,11014838
2021-12-11,23582,459270,46044150,11474108
2021-12-12,12314,293522,46056464,11767630
2021-12-13,26170,467645,46082634,12235275
2021-12-14,25195,494228,46107829,12729503
2021-12-15,25359,517184,46133188,13246687
2021-12-16,27915,520287,46161103,13766974
2021-12-17,29385,517204,46190488,14284178
2021-12-18,27084,468769,46217572,14752947
2021-12-19,15163,300539,46232735,15053486
2021-12-20,30657,477499,46263392,15530985
2021-12-21,30405,493419,46293797,16024404
2021-12-22,29474,484737,46323271,16509141
2021-12-23,28274,426935,46351545,16936076
2021-12-24,13123,210835,46364668,17146911
2021-12-25,2103,33053,46366771,17179964
2021-12-26,8770,159075,46375541,17339039
2021-12-27,46826,504683,46422367,17843722
2021-12-28,42492,554237,46464859,18397959
2021-12-29,34383,550665,46499242,18948624
2021-12-30,31871,499852,46531113,19448476
2021-12-31,14135,247405,46545248,19695881
2022-01-01,3499,64815,46548747,19760696
2022-01-02,22807,276720,46571554,20037416
2022-01-03,47905,520028,46619459,20557444
2022-01-04,46429,572100,46665888,21129544
2022-01-05,40802,560409,46706690,21689953
2022-01-06,23517,274490,46730207,21964443
2022-01-07,63757,554209,46793964,22518652
2022-01-08,60929,503406,46854893,23022058
2022-01-09,42917,319697,46897810,23341755
2022-01-10,61138,542316,46958948,23884071
2022-01-11,61796,587022,47020744,24471093
2022-01-12,58510,581298,47079254,25052391
2022-01-13,58673,580421,47137927,25632812
2022-01-14,46880,588602,47184807,26221414
2022-01-15,39487,569974,47224294,26791388
2022-01-16,31284,341885,47255578,27133273
2022-01-17,54826,489680,47310404,27622953
2022-01-18,58441,517044,47368845,28139997
2022-01-19,57242,502814,47426087,28642811
2022-01-20,54389,498843,47480476,29141654
2022-01-21,42140,493887,47522616,29635541
2022-01-22,31248,469607,47553864,30105148
2022-01-23,34959,275385,47588823,30380533
2022-01-24,56205,437239,47645028,30817772
2022-01-25,61581,452120,47706609,31269892
2022-01-26,58567,435840,47765176,31705732
2022-01-27,48870,432389,47814046,32138121
2022-01-28,58733,436551,47872779,32574672
2022-01-29,68159,412503,47940938,32987175
2022-01-30,50397,235979,47991335,33223154
2022-01-31,60664,356938,48051999,33580092
2022-02-01,65581,328458,48117580,33908550
2022-02-02,63227,296982,48180807,34205532
2022-02-03,60076,274524,48240883,34480056
2022-02-04,72393,268466,48313276,34748522
2022-02-05,83803,248540,48397079,34997062
2022-02-06,55299,116208,48452378,35113270
2022-02-07,65165,199941,48517543,35313211
2022-02-08,66937,186119,48584480,35499330
2022-02-09,58769,166337,48643249,35665667
2022-02-10,58592,163240,48701841,35828907
2022-02-11,62263,162467,48764104,35991374
2022-02-12,71993,152147,48836097,36143521
2022-02-13,41475,68853,48877572,36212374
2022-02-14,46702,116187,48924274,36328561
2022-02-15,48544,123479,48972818,36452040
2022-02-16,45682,106122,49018500,36558162
2022-02-17,42870,98113,49061370,36656275
2022-02-18,46627,112578,49107997,36768853
2022-02-19,52541,100337,49160538,36869190
2022-02-20,31410,40366,49191948,36909556
2022-02-21,37892,89654,49229840,36999210
2022-02-22,37224,83777,49267064,37082987
2022-02-23,33398,79408,49300462,37162395
2022-02-24,32556,78161,49333018,37240556
2022-02-25,34765,90710,49367783,37331266
2022-02-26,39158,89135,49406941,37420401
2022-02-27,22545,35857,49429486,37456258
2022-02-28,28481,81693,49457967,37537951
2022-03-01,22722,53942,49480689,37591893
2022-03-02,21956,50683,49502645,37642576
2022-03-03,22621,54946,49525266,37697522
2022-03-04,23236,62800,49548502,37760322
2022-03-05,23800,57951,49572302,37818273
2022-03-06,9471,17201,49581773,37835474
2022-03-07,15919,51390,49597692,37886864
2022-03-08,15478,48796,49613170,37935660
2022-03-09,13812,46519,49626982,37982179
2022-03-10,14052,52119,49641034,38034298
2022-03-11,15586,57266,49656620,38091564
2022-03-12,15506,56620,49672126,38148184
2022-03-13,5544,16851,49677670,38165035
2022-03-14,10526,46699,49688196,38211734
2022-03-15,10548,46894,49698744,38258628
2022-03-16,9482,41973,49708226,38300601
2022-03-17,9717,44873,49717943,38345474
2022-03-18,10158,49056,49728101,38394530
2022-03-19,9150,46533,49737251,38441063
2022-03-20,2609,11702,49739860,38452765
2022-03-21,7579,40222,49747439,38492987
2022-03-22,8448,37758,49755887,38530745
2022-03-23,7214,33700,49763101,38564445
2022-03-24,8259,38805,49771360,38603250
2022-03-25,8139,43667,49779499,38646917
2022-03-26,8126,41721,49787625,38688638
2022-03-27,2430,9682,49790055,38698320
2022-03-28,6109,35238,49796164,38733558
2022-03-29,5777,32529,49801941,38766087
2022-03-30,5565,30205,49807506,38796292
2022-03-31,5897,33179,49813403,38829471
2022-04-01,4348,25190,49817751,38854661
2022-04-02,4495,23274,49822246,38877935
2022-04-03,1049,4500,49823295,38882435
2022-04-04,3657,21544,49826952,38903979
2022-04-05,3756,22931,49830708,38926910
2022-04-06,4103,21853,49834811,38948763
2022-04-07,3965,23320,49838776,38972083
2022-04-08,4692,26712,49843468,38998795
2022-04-09,4382,23886,49847850,39022681
2022-04-10,892,4613,49848742,39027294
2022-04-11,3816,22686,49852558,39049980
2022-04-12,3364,21777,49855922,39071757
2022-04-13,3568,21335,49859490,39093092
2022-04-14,3485,23786,49862975,39116878
2022-04-15,3084,20617,49866059,39137495
2022-04-16,2149,11918,49868208,39149413
2022-04-17,63,348,49868271,39149761
2022-04-18,152,650,49868423,39150411
2022-04-19,3499,21979,49871922,39172390
2022-04-20,3511,20251,49875433,39192641
2022-04-21,2847,19787,49878280,39212428
2022-04-22,2927,20703,49881207,39233131
2022-04-23,2645,16219,49883852,39249350
2022-04-24,509,2334,49884361,39251684
2022-04-25,183,1165,49884544,39252849
2022-04-26,2759,17807,49887303,39270656
2022-04-27,2374,15793,49889677,39286449
2022-04-28,2359,15558,49892036,39302007
2022-04-29,2294,14846,49894330,39316853
2022-04-30,2122,11581,49896452,39328434
2022-05-01,113,531,49896565,39328965
2022-05-02,1450,9391,49898015,39338356
2022-05-03,1576,10318,49899591,39348674
2022-05-04,1745,10268,49901336,39358942
2022-05-05,1653,10285,49902989,39369227
2022-05-06,1701,10957,49904690,39380184
2022-05-07,1431,8568,49906121,39388752
2022-05-08,416,1520,49906537,39390272
2022-05-09,1027,8928,49907564,39399200
2022-05-10,1424,9546,49908988,39408746
2022-05-11,1483,10098,49910471,39418844
2022-05-12,1369,10131,49911840,39428975
2022-05-13,1594,10518,49913434,39439493
2022-05-14,1357,8235,49914791,39447728
2022-05-15,336,1131,49915127,39448859
2022-05-16,813,8405,49915940,39457264
2022-05-17,1243,8696,49917183,39465960
2022-05-18,1372,9234,49918555,39475194
2022-05-19,1500,9277,49920055,39484471
2022-05-20,1421,9515,49921476,39493986
2022-05-21,1301,7899,49922777,39501885
2022-05-22,231,1013,49923008,39502898
2022-05-23,830,8267,49923838,39511165
2022-05-24,1073,8672,49924911,39519837
2022-05-25,1370,9460,49926281,39529297
2022-05-26,1195,9475,49927476,39538772
2022-05-27,1232,9914,49928708,39548686
2022-05-28,1205,7886,49929913,39556572
2022-05-29,288,1264,49930201,39557836
2022-05-30,930,8055,49931131,39565891
2022-05-31,1036,8547,49932167,39574438
2022-06-01,891,7655,49933058,39582093
2022-06-02,35,474,49933093,39582567
2022-06-03,818,7333,49933911,39589900
2022-06-04,870,5161,49934781,39595061
2022-06-05,89,586,49934870,39595647
2022-06-06,678,6992,49935548,39602639
2022-06-07,952,7849,49936500,39610488
2022-06-08,981,7908,49937481,39618396
2022-06-09,1037,8414,49938518,39626810
2022-06-10,958,8564,49939476,39635374
2022-06-11,903,6207,49940379,39641581
2022-06-12,140,768,49940519,39642349
2022-06-13,602,6301,49941121,39648650
2022-06-14,830,7896,49941951,39656546
2022-06-15,955,7852,49942906,39664398
2022-06-16,730,7392,49943636,39671790
2022-06-17,723,7243,49944359,39679033
2022-06-18,777,5593,49945136,39684626
2022-06-19,47,522,49945183,39685148
2022-06-20,587,6699,49945770,39691847
2022-06-21,736,7665,49946506,39699512
2022-06-22,782,7307,49947288,39706819
2022-06-23,651,7467,49947939,39714286
2022-06-24,644,7474,49948583,39721760
2022-06-25,835,6534,49949418,39728294
2022-06-26,128,523,49949546,39728817
2022-06-27,533,7123,49950079,39735940
2022-06-28,746,8207,49950825,39744147
2022-06-29,756,7730,49951581,39751877
2022-06-30,745,8144,49952326,39760021
2022-07-01,577,6443,49952903,39766464
2022-07-02,536,4769,49953439,39771233
2022-07-03,49,456,49953488,39771689
2022-07-04,469,6277,49953957,39777966
2022-07-05,629,8118,49954586,39786084
2022-07-06,633,7610,49955219,39793694
2022-07-07,572,8270,49955791,39801964
2022-07-08,673,8082,49956464,39810046
2022-07-09,550,6104,49957014,39816150
2022-07-10,58,533,49957072,39816683
2022-07-11,487,7638,49957559,39824321
2022-07-12,667,9028,49958226,39833349
2022-07-13,641,10067,49958867,39843416
2022-07-14,635,10224,49959502,39853640
2022-07-15,625,10668,49960127,39864308
2022-07-16,522,7214,49960649,39871522
2022-07-17,48,770,49960697,39872292
2022-07-18,497,9369,49961194,39881661
2022-07-19,574,10682,49961768,39892343
2022-07-20,580,11272,49962348,39903615
2022-07-21,627,12085,49962975,39915700
2022-07-22,583,11257,49963558,39926957
2022-07-23,380,6771,49963938,39933728
2022-07-24,76,857,49964014,39934585
2022-07-25,503,9052,49964517,39943637
2022-07-26,519,9758,49965036,39953395
2022-07-27,552,10199,49965588,39963594
2022-07-28,530,10530,49966118,39974124
2022-07-29,511,9464,49966629,39983588
2022-07-30,382,5881,49967011,39989469
2022-07-31,49,764,49967060,39990233
2022-08-01,386,6864,49967446,39997097
2022-08-02,540,7584,49967986,40004681
2022-08-03,512,7175,49968498,40011856
2022-08-04,455,7488,49968953,40019344
2022-08-05,420,6524,49969373,40025868
2022-08-06,299,3612,49969672,40029480
2022-08-07,44,562,49969716,40030042
2022-08-08,402,4893,49970118,40034935
2022-08-09,382,5308,49970500,40040243
2022-08-10,381,4815,49970881,40045058
2022-08-11,366,4778,49971247,40049836
2022-08-12,292,3721,49971539,40053557
2022-08-13,143,1600,49971682,40055157
2022-08-14,9,129,49971691,40055286
2022-08-15,1,26,49971692,40055312
2022-08-16,283,3043,49971975,40058355
2022-08-17,352,3536,49972327,40061891
2022-08-18,390,4160,49972717,40066051
2022-08-19,341,3318,49973058,40069369
2022-08-20,183,1715,49973241,40071084
2022-08-21,24,149,49973265,40071233
2022-08-22,329,2951,49973594,40074184
2022-08-23,370,3674,49973964,40077858
2022-08-24,383,3359,49974347,40081217
2022-08-25,421,3772,49974768,40084989
2022-08-26,398,3571,49975166,40088560
2022-08-27,237,1769,49975403,40090329
2022-08-28,29,267,49975432,40090596
2022-08-29,354,3161,49975786,40093757
2022-08-30,402,3670,49976188,40097427
2022-08-31,437,3734,49976625,40101161
2022-09-01,352,3117,49976977,40104278
2022-09-02,296,2890,49977273,40107168
2022-09-03,200,1688,49977473,40108856
2022-09-04,23,149,49977496,40109005
2022-09-05,186,2655,49977682,40111660
2022-09-06,303,2988,49977985,40114648
2022-09-07,540,2936,49978525,40117584
2022-09-08,291,2960,49978816,40120544
2022-09-09,305,2884,49979121,40123428
2022-09-10,227,1326,49979348,40124754
2022-09-11,21,124,49979369,40124878
2022-09-12,267,2263,49979636,40127141
2022-09-13,252,2274,49979888,40129415
2022-09-14,265,2564,49980153,40131979
2022-09-15,280,2493,49980433,40134472
2022-09-16,253,2544,49980686,40137016
2022-09-17,239,1339,49980925,40138355
2022-09-18,20,170,49980945,40138525
2022-09-19,205,1969,49981150,40140494
2022-09-20,236,2384,49981386,40142878
2022-09-21,289,2526,49981675,40145404
2022-09-22,263,2650,49981938,40148054
2022-09-23,258,2536,49982196,40150590
2022-09-24,193,1427,49982389,40152017
2022-09-25,29,133,49982418,40152150
2022-09-26,280,2247,49982698,40154397
2022-09-27,286,2671,49982984,40157068
2022-09-28,309,2890,49983293,40159958
2022-09-29,256,3045,49983549,40163003
2022-09-30,290,2973,49983839,40165976
2022-10-01,194,1513,49984033,40167489
2022-10-02,12,187,49984045,40167676
2022-10-03,182,2473,49984227,40170149
2022-10-04,236,2857,49984463,40173006
2022-10-05,226,3217,49984689,40176223
2022-10-06,241,3839,49984930,40180062
2022-10-07,282,4159,49985212,40184221
2022-10-08,201,2235,49985413,40186456
2022-10-09,8,304,49985421,40186760
2022-10-10,206,3336,49985627,40190096
2022-10-11,191,4349,49985818,40194445
2022-10-12,208,4412,49986026,40198857
2022-10-13,200,5293,49986226,40204150
2022-10-14,229,5016,49986455,40209166
2022-10-15,188,2667,49986643,40211833
2022-10-16,6,360,49986649,40212193
2022-10-17,186,3860,49986835,40216053
2022-10-18,256,4948,49987091,40221001
2022-10-19,237,5458,49987328,40226459
2022-10-20,221,5978,49987549,40232437
2022-10-21,250,5449,49987799,40237886
2022-10-22,194,2907,49987993,40240793
2022-10-23,13,356,49988006,40241149
2022-10-24,170,3908,49988176,40245057
2022-10-25,249,4899,49988425,40249956
2022-10-26,311,5435,49988736,40255391
2022-10-27,239,5603,49988975,40260994
2022-10-28,198,5184,49989173,40266178
2022-10-29,127,2831,49989300,40269009
2022-10-30,3,326,49989303,40269335
2022-10-31,115,3015,49989418,40272350
2022-11-01,10,327,49989428,40272677
2022-11-02,143,3633,49989571,40276310
2022-11-03,167,4708,49989738,40281018
2022-11-04,216,4461,49989954,40285479
2022-11-05,142,2564,49990096,40288043
2022-11-06,10,254,49990106,40288297
2022-11-07,156,3085,49990262,40291382
2022-11-08,226,3959,49990488,40295341
2022-11-09,195,3823,49990683,40299164