data_somministrazione,vaccinazioni,booster,cum_vaccinazioni,cum_booster
2020-12-27,20,0,20,0
2020-12-28,2,0,22,0
2020-12-29,1,0,23,0
2020-12-30,8,0,31,0
2020-12-31,71,0,102,0
2021-01-01,23,0,125,0
2021-01-02,116,0,241,0
2021-01-03,82,0,323,0
2021-01-04,207,0,530,0
2021-01-05,243,0,773,0
2021-01-06,208,0,981,0
2021-01-07,297,0,1278,0
2021-01-08,341,0,1619,0
2021-01-09,252,0,1871,0
2021-01-10,149,0,2020,0
2021-01-11,277,0,2297,0
2021-01-12,266,0,2563,0
2021-01-13,393,0,2956,0
2021-01-14,480,0,3436,0
2021-01-15,298,0,3734,0
2021-01-16,212,0,3946,0
2021-01-17,3059,0,7005,0
2021-01-18,5210,0,12215,0
2021-01-19,1892,0,14107,0
2021-01-20,4655,0,18762,0
2021-01-21,19999,0,38761,0
2021-01-22,14205,0,52966,0
2021-01-23,33326,0,86292,0
2021-01-24,30786,0,117078,0
2021-01-25,64724,0,181802,0
2021-01-26,76493,0,258295,0
2021-01-27,64832,0,323127,0
2021-01-28,89283,0,412410,0
2021-01-29,94014,0,506424,0
2021-01-30,86562,0,592986,0
2021-01-31,57330,0,650316,0
2021-02-01,81859,0,732175,0
2021-02-02,82147,0,814322,0
2021-02-03,91191,0,905513,0
2021-02-04,95399,0,1000912,0
2021-02-05,90274,0,1091186,0
2021-02-06,63444,0,1154630,0
2021-02-07,32927,0,1187557,0
2021-02-08,40428,0,1227985,0
2021-02-09,32866,0,1260851,0
2021-02-10,28421,0,1289272,0
2021-02-11,20393,0,1309665,0
2021-02-12,16231,0,1325896,0
2021-02-13,7263,0,1333159,0
2021-02-14,2861,0,1336020,0
2021-02-15,6839,0,1342859,0
2021-02-16,6998,0,1349857,0
2021-02-17,10520,0,1360377,0
2021-02-18,9251,0,1369628,0
2021-02-19,8243,0,1377871,0
2021-02-20,5551,0,1383422,0
2021-02-21,2995,0,1386417,0
2021-02-22,6882,0,1393299,0
2021-02-23,7165,0,1400464,0
2021-02-24,9828,0,1410292,0
2021-02-25,14205,0,1424497,0
2021-02-26,17554,0,1442051,0
2021-02-27,13909,0,1455960,0
2021-02-28,9387,0,1465347,0
2021-03-01,26512,0,1491859,0
2021-03-02,33238,0,1525097,0
2021-03-03,44643,0,1569740,0
2021-03-04,50290,0,1620030,0
2021-03-05,55735,0,1675765,0
2021-03-06,41871,0,1717636,0
2021-03-07,22323,0,1739959,0
2021-03-08,50804,0,1790763,0
2021-03-09,53062,0,1843825,0
2021-03-10,58636,0,1902461,0
2021-03-11,63847,0,1966308,0
2021-03-12,65105,0,2031413,0
2021-03-13,51714,0,2083127,0
2021-03-14,35391,0,2118518,0
2021-03-15,73432,0,2191950,0
2021-03-16,74024,0,2265974,0
2021-03-17,83129,0,2349103,0
2021-03-18,81621,0,2430724,0
2021-03-19,81078,0,2511802,0
2021-03-20,64715,0,2576517,0
2021-03-21,47291,0,2623808,0
2021-03-22,69470,0,2693278,0
2021-03-23,75785,0,2769063,0
2021-03-24,90897,0,2859960,0
2021-03-25,89793,0,2949753,0
2021-03-26,83615,0,3033368,0
2021-03-27,71928,0,3105296,0
2021-03-28,44139,0,3149435,0
2021-03-29,70814,0,3220249,0
2021-03-30,81375,0,3301624,0
2021-03-31,96223,0,3397847,0
2021-04-01,95298,0,3493145,0
2021-04-02,84067,0,3577212,0
2021-04-03,64298,0,3641510,0
2021-04-04,21717,0,3663227,0
2021-04-05,40303,0,3703530,0
2021-04-06,81305,0,3784835,0
2021-04-07,95819,0,3880654,0
2021-04-08,95232,0,3975886,0
2021-04-09,88484,0,4064370,0
2021-04-10,74030,0,4138400,0
2021-04-11,44760,0,4183160,0
2021-04-12,66911,0,4250071,0
2021-04-13,72567,0,4322638,0
2021-04-14,85525,0,4408163,0
2021-04-15,105404,0,4513567,0
2021-04-16,106415,0,4619982,0
2021-04-17,90503,0,4710485,0
2021-04-18,58582,0,4769067,0
2021-04-19,93426,0,4862493,0
2021-04-20,103757,0,4966250,0
2021-04-21,125334,0,5091584,0
2021-04-22,143501,0,5235085,0
2021-04-23,138722,0,5373807,0
2021-04-24,124438,0,5498245,0
2021-04-25,61454,0,5559699,0
2021-04-26,97880,0,5657579,0
2021-04-27,128354,0,5785933,0
2021-04-28,156357,0,5942290,0
2021-04-29,195587,0,6137877,0
2021-04-30,214558,0,6352435,0
2021-05-01,174101,0,6526536,0
2021-05-02,135794,0,6662330,0
2021-05-03,142010,0,6804340,0
2021-05-04,158679,0,6963019,0
2021-05-05,170483,0,7133502,0
2021-05-06,197791,0,7331293,0
2021-05-07,213824,0,7545117,0
2021-05-08,213392,0,7758509,0
2021-05-09,143196,0,7901705,0
2021-05-10,165080,0,8066785,0
2021-05-11,174971,0,8241756,0
2021-05-12,179167,0,8420923,0
2021-05-13,203370,0,8624293,0
2021-05-14,222896,0,8847189,0
2021-05-15,210352,0,9057541,0
2021-05-16,159268,0,9216809,0
2021-05-17,219182,0,9435991,0
2021-05-18,213001,0,9648992,0
2021-05-19,207070,0,9856062,0
2021-05-20,270843,0,10126905,0
2021-05-21,270867,0,10397772,0
2021-05-22,245517,0,10643289,0
2021-05-23,197171,0,10840460,0
2021-05-24,228299,0,11068759,0
2021-05-25,245691,0,11314450,0
2021-05-26,277480,0,11591930,0
2021-05-27,311078,0,11903008,0
2021-05-28,299567,0,12202575,0
2021-05-29,231215,0,12433790,0
2021-05-30,170832,0,12604622,0
2021-05-31,216414,0,12821036,0
2021-06-01,207624,0,13028660,0
2021-06-02,115780,0,13144440,0
2021-06-03,180129,0,13324569,0
2021-06-04,184865,0,13509434,0
2021-06-05,185950,0,13695384,0
2021-06-06,139532,0,13834916,0
2021-06-07,161858,0,13996774,0
2021-06-08,171195,0,14167969,0
2021-06-09,171456,0,14339425,0
2021-06-10,174075,0,14513500,0
2021-06-11,169959,0,14683459,0
2021-06-12,128315,0,14811774,0
2021-06-13,91161,0,14902935,0
2021-06-14,214664,0,15117599,0
2021-06-15,228399,0,15345998,0
2021-06-16,253056,0,15599054,0
2021-06-17,301717,0,15900771,0
2021-06-18,306282,0,16207053,0
2021-06-19,275069,0,16482122,0
2021-06-20,220749,0,16702871,0
2021-06-21,288059,0,16990930,0
2021-06-22,296198,0,17287128,0
2021-06-23,302669,0,17589797,0
2021-06-24,332574,0,17922371,0
2021-06-25,348698,0,18271069,0
2021-06-26,300089,0,18571158,0
2021-06-27,228633,0,18799791,0
2021-06-28,307060,0,19106851,0
2021-06-29,329255,0,19436106,0
2021-06-30,342121,0,19778227,0
2021-07-01,363178,0,20141405,0
2021-07-02,368438,0,20509843,0
2021-07-03,371073,0,20880916,0
2021-07-04,283202,0,21164118,0
2021-07-05,384517,0,21548635,0
2021-07-06,385438,0,21934073,0
2021-07-07,412075,0,22346148,0
2021-07-08,479603,0,22825751,0
2021-07-09,498477,0,23324228,0
2021-07-10,475167,0,23799395,0
2021-07-11,357688,0,24157083,0
2021-07-12,485883,0,24642966,0
2021-07-13,492126,0,25135092,0
2021-07-14,480466,0,25615558,0
2021-07-15,523457,0,26139015,0
2021-07-16,509767,0,26648782,0
2021-07-17,464355,0,27113137,0
2021-07-18,364675,0,27477812,0
2021-07-19,463057,0,27940869,0
2021-07-20,458073,0,28398942,0
2021-07-21,462799,0,28861741,0
2021-07-22,475397,0,29337138,0
2021-07-23,441294,0,29778432,0
2021-07-24,386169,0,30164601,0
2021-07-25,287573,0,30452174,0
2021-07-26,430868,0,30883042,0
2021-07-27,440118,0,31323160,0
2021-07-28,391005,0,31714165,0
2021-07-29,372072,0,32086237,0
2021-07-30,341503,0,32427740,0
2021-07-31,287023,0,32714763,0
2021-08-01,191008,0,32905771,0
2021-08-02,333713,0,33239484,0
2021-08-03,323184,0,33562668,0
2021-08-04,310964,0,33873632,0
2021-08-05,292503,0,34166135,0
2021-08-06,260004,0,34426139,0
2021-08-07,199045,0,34625184,0
2021-08-08,153107,0,34778291,0
2021-08-09,234073,0,35012364,0
2021-08-10,205244,0,35217608,0
2021-08-11,193759,0,35411367,0
2021-08-12,168011,0,35579378,0
2021-08-13,148615,0,35727993,0
2021-08-14,66090,0,35794083,0
2021-08-15,26337,0,35820420,0
2021-08-16,114690,0,35935110,0
2021-08-17,129246,0,36064356,0
2021-08-18,128745,0,36193101,0
2021-08-19,124802,0,36317903,0
2021-08-20,123798,0,36441701,0
2021-08-21,83124,0,36524825,0
2021-08-22,68169,0,36592994,0
2021-08-23,176865,0,36769859,0
2021-08-24,156900,0,36926759,0
2021-08-25,177169,0,37103928,0
2021-08-26,172351,0,37276279,0
2021-08-27,185839,0,37462118,0
2021-08-28,140272,0,37602390,0
2021-08-29,98995,0,37701385,0
2021-08-30,209622,0,37911007,0
2021-08-31,194639,0,38105646,0
2021-09-01,192212,0,38297858,0
2021-09-02,189936,0,38487794,0
2021-09-03,191325,0,38679119,0
2021-09-04,131476,0,38810595,0
2021-09-05,87861,0,38898456,0
2021-09-06,193641,0,39092097,0
2021-09-07,196045,0,39288142,0
2021-09-08,187894,0,39476036,0
2021-09-09,201458,0,39677494,0
2021-09-10,198091,0,39875585,0
2021-09-11,141314,0,40016899,0
2021-09-12,89600,0,40106499,0
2021-09-13,191143,580,40297642,580
2021-09-14,177239,595,40474881,1175
2021-09-15,163108,601,40637989,1776
2021-09-16,160086,940,40798075,2716
2021-09-17,150173,1126,40948248,3842
2021-09-18,127978,746,41076226,4588
2021-09-19,81136,497,41157362,5085
2021-09-20,180079,9085,41337441,14170
2021-09-21,166645,8837,41504086,23007
2021-09-22,159084,9447,41663170,32454
2021-09-23,138078,9334,41801248,41788
2021-09-24,140539,8968,41941787,50756
2021-09-25,119554,5645,42061341,56401
2021-09-26,71963,4345,42133304,60746
2021-09-27,135651,10053,42268955,70799
2021-09-28,117499,11396,42386454,82195
2021-09-29,112350,11830,42498804,94025
2021-09-30,110238,14957,42609042,108982
2021-10-01,94981,19113,42704023,128095
2021-10-02,78491,14021,42782514,142116
2021-10-03,47744,7659,42830258,149775
2021-10-04,88376,34451,42918634,184226
2021-10-05,80371,33973,42999005,218199
2021-10-06,71987,34168,43070992,252367
2021-10-07,71855,34351,43142847,286718
2021-10-08,80631,33591,43223478,320309
2021-10-09,76101,22176,43299579,342485
2021-10-10,45775,13619,43345354,356104
2021-10-11,87428,41109,43432782,397213
2021-10-12,84495,46908,43517277,444121
2021-10-13,88191,52127,43605468,496248
2021-10-14,91536,58518,43697004,554766
2021-10-15,93598,55636,43790602,610402
2021-10-16,82970,36785,43873572,647187
2021-10-17,51467,23829,43925039,671016
2021-10-18,90302,59488,44015341,730504
2021-10-19,78343,69383,44093684,799887
2021-10-20,75073,78173,44168757,878060
2021-10-21,78297,81765,44247054,959825
2021-10-22,73783,77034,44320837,1036859
2021-10-23,60816,51961,44381653,1088820
2021-10-24,33374,23461,44415027,1112281
2021-10-25,64907,81629,44479934,1193910
2021-10-26,58370,91791,44538304,1285701
2021-10-27,58329,103976,44596633,1389677
2021-10-28,61465,114108,44658098,1503785
2021-10-29,61645,103131,44719743,1606916
2021-10-30,50671,68121,44770414,1675037
2021-10-31,25162,28293,44795576,1703330
2021-11-01,19045,28150,44814621,1731480
2021-11-02,62756,89385,44877377,1820865
2021-11-03,60727,118665,44938104,1939530
2021-11-04,59242,126668,44997346,2066198
2021-11-05,63093,135182,45060439,2201380
2021-11-06,46475,90923,45106914,2292303
2021-11-07,22252,37896,45129166,2330199
2021-11-08,51527,131271,45180693,2461470
2021-11-09,45399,144208,45226092,2605678
2021-11-10,42584,156350,45268676,2762028
2021-11-11,44934,155138,45313610,2917166
2021-11-12,46372,158577,45359982,3075743
2021-11-13,33257,116654,45393239,3192397
2021-11-14,14487,52446,45407726,3244843
2021-11-15,36894,157430,45444620,3402273
2021-11-16,30553,171375,45475173,3573648
2021-11-17,28456,178442,45503629,3752090
2021-11-18,30283,193725,45533912,3945815
2021-11-19,28806,205854,45562718,4151669
2021-11-20,20993,156439,45583711,4308108
2021-11-21,10610,64859,45594321,4372967
2021-11-22,21939,213141,45616260,4586108
2021-11-23,23576,241747,45639836,4827855
2021-11-24,27843,270949,45667679,5098804
2021-11-25,23235,301910,45690914,5400714
2021-11-26,24586,318268,45715500,5718982
2021-11-27,21381,266150,45736881,5985132
2021-11-28,9900,137059,45746781,6122191
2021-11-29,22330,326064,45769111,6448255
2021-11-30,23092,365822,45792203,6814077
2021-12-01,21523,413504,45813726,7227581
2021-12-02,23762,440378,45837488,7667959
2021-12-03,25261,467460,45862749,8135419
2021-12-04,22372,418731,45885121,8554150
2021-12-05,11927,261331,45897048,8815481
2021-12-06,25815,457580,45922863,9273061
2021-12-07,24132,480256,45946995,9753317
2021-12-08,10004,249684,45956999,10003001
2021-12-09,31582,491912,45988581,10494913
2021-12-10,28068,517870,46016649,11012783
2021-12-11,23561,459243,46040210,11472026
2021-12-12,12306,293497,46052516,11765523
2021-12-13,26153,467622,46078669,12233145
2021-12-14,25171,494194,46103840,12727339
2021-12-15,25335,517139,46129175,13244478
2021-12-16,27880,520241,46157055,13764719
2021-12-17,29365,517162,46186420,14281881
2021-12-18,27057,468717,46213477,14750598
2021-12-19,15143,300517,46228620,15051115
2021-12-20,30622,477482,46259242,15528597
2021-12-21,30371,493380,46289613,16021977
2021-12-22,29443,484703,46319056,16506680
2021-12-23,28246,426894,46347302,16933574
2021-12-24,13111,210824,46360413,17144398
2021-12-25,2101,33053,46362514,17177451
2021-12-26,8762,159069,46371276,17336520
2021-12-27,46784,504658,46418060,17841178
2021-12-28,42444,554210,46460504,18395388
2021-12-29,34341,550639,46494845,18946027
2021-12-30,31828,499820,46526673,19445847
2021-12-31,14119,247389,46540792,19693236
2022-01-01,3496,64814,46544288,19758050
2022-01-02,22763,276720,46567051,20034770
2022-01-03,47844,520011,46614895,20554781
2022-01-04,46358,572080,46661253,21126861
2022-01-05,40735,560392,46701988,21687253
2022-01-06,23478,274482,46725466,21961735
2022-01-07,63685,554185,46789151,22515920
2022-01-08,60836,503377,46849987,23019297
2022-01-09,42830,319684,46892817,23338981
2022-01-10,61062,542286,46953879,23881267
2022-01-11,61702,586984,47015581,24468251
2022-01-12,58422,581274,47074003,25049525
2022-01-13,58591,580379,47132594,25629904
2022-01-14,46775,588564,47179369,26218468
2022-01-15,39383,569934,47218752,26788402
2022-01-16,31196,341852,47249948,27130254
2022-01-17,54758,489652,47304706,27619906
2022-01-18,58377,517007,47363083,28136913
2022-01-19,57177,502779,47420260,28639692
2022-01-20,54327,498815,47474587,29138507
2022-01-21,42069,493867,47516656,29632374
2022-01-22,31169,469593,47547825,30101967
2022-01-23,34919,275360,47582744,30377327
2022-01-24,56171,437211,47638915,30814538
2022-01-25,61533,452097,47700448,31266635
2022-01-26,58528,435823,47758976,31702458
2022-01-27,48820,432356,47807796,32134814
2022-01-28,58683,436531,47866479,32571345
2022-01-29,68111,412486,47934590,32983831
2022-01-30,50364,235967,47984954,33219798
2022-01-31,60613,356927,48045567,33576725
2022-02-01,65534,328436,48111101,33905161
2022-02-02,63183,296970,48174284,34202131
2022-02-03,60047,274513,48234331,34476644
2022-02-04,72365,268452,48306696,34745096
2022-02-05,83758,248528,48390454,34993624
2022-02-06,55277,116201,48445731,35109825
2022-02-07,65132,199936,48510863,35309761
2022-02-08,66918,186107,48577781,35495868
2022-02-09,58752,166334,48636533,35662202
2022-02-10,58557,163233,48695090,35825435
2022-02-11,62235,162456,48757325,35987891
2022-02-12,71967,152139,48829292,36140030
2022-02-13,41466,68849,48870758,36208879
2022-02-14,46682,116187,48917440,36325066
2022-02-15,48520,123479,48965960,36448545
2022-02-16,45667,106115,49011627,36554660
2022-02-17,42856,98104,49054483,36652764
2022-02-18,46610,112569,49101093,36765333
2022-02-19,52523,100329,49153616,36865662
2022-02-20,31411,40360,49185027,36906022
2022-02-21,37883,89644,49222910,36995666
2022-02-22,37216,83770,49260126,37079436
2022-02-23,33386,79404,49293512,37158840
2022-02-24,32550,78159,49326062,37236999
2022-02-25,34754,90708,49360816,37327707
2022-02-26,39152,89131,49399968,37416838
2022-02-27,22540,35856,49422508,37452694
2022-02-28,28471,81687,49450979,37534381
2022-03-01,22712,53939,49473691,37588320
2022-03-02,21992,50627,49495683,37638947
2022-03-03,22606,54939,49518289,37693886
2022-03-04,23219,62791,49541508,37756677
2022-03-05,23789,57952,49565297,37814629
2022-03-06,9470,17200,49574767,37831829
2022-03-07,15907,51386,49590674,37883215
2022-03-08,15469,48793,49606143,37932008
2022-03-09,13809,46513,49619952,37978521
2022-03-10,14041,52115,49633993,38030636
2022-03-11,15578,57256,49649571,38087892
2022-03-12,15495,56614,49665066,38144506
2022-03-13,5543,16849,49670609,38161355
2022-03-14,10519,46694,49681128,38208049
2022-03-15,10536,46889,49691664,38254938
2022-03-16,9476,41975,49701140,38296913
2022-03-17,9707,44871,49710847,38341784
2022-03-18,10155,49052,49721002,38390836
2022-03-19,9146,46530,49730148,38437366
2022-03-20,2608,11700,49732756,38449066
2022-03-21,7577,40223,49740333,38489289
2022-03-22,8446,37754,49748779,38527043
2022-03-23,7208,33699,49755987,38560742
2022-03-24,8254,38797,49764241,38599539
2022-03-25,8131,43661,49772372,38643200
2022-03-26,8125,41721,49780497,38684921
2022-03-27,2429,9681,49782926,38694602
2022-03-28,6103,35233,49789029,38729835
2022-03-29,5773,32525,49794802,38762360
2022-03-30,5560,30198,49800362,38792558
2022-03-31,5887,33176,49806249,38825734
2022-04-01,4344,25188,49810593,38850922
2022-04-02,4489,23275,49815082,38874197
2022-04-03,1049,4499,49816131,38878696
2022-04-04,3654,21533,49819785,38900229
2022-04-05,3751,22925,49823536,38923154
2022-04-06,4099,21848,49827635,38945002
2022-04-07,3964,23320,49831599,38968322
2022-04-08,4688,26709,49836287,38995031
2022-04-09,4380,23884,49840667,39018915
2022-04-10,891,4614,49841558,39023529
2022-04-11,3812,22685,49845370,39046214
2022-04-12,3358,21778,49848728,39067992
2022-04-13,3561,21333,49852289,39089325
2022-04-14,3484,23781,49855773,39113106
2022-04-15,3080,20617,49858853,39133723
2022-04-16,2149,11919,49861002,39145642
2022-04-17,63,348,49861065,39145990
2022-04-18,149,650,49861214,39146640
2022-04-19,3492,21978,49864706,39168618
2022-04-20,3503,20248,49868209,39188866
2022-04-21,2842,19780,49871051,39208646
2022-04-22,2925,20696,49873976,39229342
2022-04-23,2638,16212,49876614,39245554
2022-04-24,509,2335,49877123,39247889
2022-04-25,183,1165,49877306,39249054
2022-04-26,2760,17795,49880066,39266849
2022-04-27,2371,15785,49882437,39282634
2022-04-28,2358,15553,49884795,39298187
2022-04-29,2292,14835,49887087,39313022
2022-04-30,2121,11577,49889208,39324599
2022-05-01,113,530,49889321,39325129
2022-05-02,1449,9386,49890770,39334515
2022-05-03,1574,10310,49892344,39344825
2022-05-04,1746,10258,49894090,39355083
2022-05-05,1651,10274,49895741,39365357
2022-05-06,1700,10946,49897441,39376303
2022-05-07,1431,8562,49898872,39384865
2022-05-08,404,1514,49899276,39386379
2022-05-09,1026,8918,49900302,39395297
2022-05-10,1422,9539,49901724,39404836
2022-05-11,1482,10087,49903206,39414923
2022-05-12,1368,10119,49904574,39425042
2022-05-13,1588,10511,49906162,39435553
2022-05-14,1356,8228,49907518,39443781
2022-05-15,336,1129,49907854,39444910
2022-05-16,811,8392,49908665,39453302
2022-05-17,1242,8673,49909907,39461975
2022-05-18,1372,9221,49911279,39471196
2022-05-19,1500,9269,49912779,39480465
2022-05-20,1420,9495,49914199,39489960
2022-05-21,1299,7892,49915498,39497852
2022-05-22,231,1012,49915729,39498864
2022-05-23,827,8261,49916556,39507125
2022-05-24,1070,8666,49917626,39515791
2022-05-25,1367,9446,49918993,39525237
2022-05-26,1194,9454,49920187,39534691
2022-05-27,1226,9910,49921413,39544601
2022-05-28,1203,7873,49922616,39552474
2022-05-29,285,1264,49922901,39553738
2022-05-30,930,8028,49923831,39561766
2022-05-31,1033,8532,49924864,39570298
2022-06-01,891,7644,49925755,39577942
2022-06-02,35,474,49925790,39578416
2022-06-03,816,7327,49926606,39585743
2022-06-04,870,5155,49927476,39590898
2022-06-05,89,586,49927565,39591484
2022-06-06,675,6984,49928240,39598468
2022-06-07,931,7842,49929171,39606310
2022-06-08,982,7900,49930153,39614210
2022-06-09,1036,8400,49931189,39622610
2022-06-10,957,8552,49932146,39631162
2022-06-11,900,6206,49933046,39637368
2022-06-12,140,767,49933186,39638135
2022-06-13,603,6295,49933789,39644430
2022-06-14,826,7882,49934615,39652312
2022-06-15,954,7843,49935569,39660155
2022-06-16,729,7389,49936298,39667544
2022-06-17,720,7240,49937018,39674784
2022-06-18,777,5588,49937795,39680372
2022-06-19,47,522,49937842,39680894
2022-06-20,588,6694,49938430,39687588
2022-06-21,733,7652,49939163,39695240
2022-06-22,780,7305,49939943,39702545
2022-06-23,651,7459,49940594,39710004
2022-06-24,642,7473,49941236,39717477
2022-06-25,835,6532,49942071,39724009
2022-06-26,128,523,49942199,39724532
2022-06-27,532,7120,49942731,39731652
2022-06-28,745,8193,49943476,39739845
2022-06-29,755,7719,49944231,39747564
2022-06-30,744,8132,49944975,39755696
2022-07-01,576,6438,49945551,39762134
2022-07-02,536,4766,49946087,39766900
2022-07-03,49,456,49946136,39767356
2022-07-04,470,6274,49946606,39773630
2022-07-05,628,8112,49947234,39781742
2022-07-06,630,7606,49947864,39789348
2022-07-07,568,8261,49948432,39797609
2022-07-08,670,8078,49949102,39805687
2022-07-09,549,6103,49949651,39811790
2022-07-10,58,533,49949709,39812323
2022-07-11,487,7638,49950196,39819961
2022-07-12,664,9026,49950860,39828987
2022-07-13,639,10060,49951499,39839047
2022-07-14,636,10219,49952135,39849266
2022-07-15,623,10664,49952758,39859930
2022-07-16,522,7209,49953280,39867139
2022-07-17,48,769,49953328,39867908
2022-07-18,497,9350,49953825,39877258
2022-07-19,574,10652,49954399,39887910
2022-07-20,576,11258,49954975,39899168
2022-07-21,625,12039,49955600,39911207
2022-07-22,581,11227,49956181,39922434
2022-07-23,379,6743,49956560,39929177
2022-07-24,76,834,49956636,39930011
2022-07-25,501,9033,49957137,39939044
2022-07-26,519,9726,49957656,39948770
2022-07-27,549,10155,49958205,39958925
2022-07-28,527,10482,49958732,39969407
2022-07-29,510,9423,49959242,39978830
2022-07-30,380,5853,49959622,39984683
2022-07-31,49,745,49959671,39985428
2022-08-01,386,6823,49960057,39992251
2022-08-02,539,7518,49960596,39999769
2022-08-03,511,7143,49961107,40006912
2022-08-04,452,7427,49961559,40014339
2022-08-05,417,6485,49961976,40020824
2022-08-06,298,3581,49962274,40024405
2022-08-07,44,551,49962318,40024956
2022-08-08,401,4874,49962719,40029830
2022-08-09,383,5267,49963102,40035097
2022-08-10,375,4788,49963477,40039885
2022-08-11,364,4756,49963841,40044641
2022-08-12,288,3700,49964129,40048341
2022-08-13,143,1596,49964272,40049937
2022-08-14,9,128,49964281,40050065
2022-08-15,1,26,49964282,40050091
2022-08-16,282,3026,49964564,40053117
2022-08-17,351,3513,49964915,40056630
2022-08-18,388,4142,49965303,40060772
2022-08-19,339,3306,49965642,40064078
2022-08-20,182,1711,49965824,40065789
2022-08-21,24,146,49965848,40065935
2022-08-22,329,2935,49966177,40068870
2022-08-23,371,3647,49966548,40072517
2022-08-24,381,3332,49966929,40075849
2022-08-25,419,3730,49967348,40079579
2022-08-26,394,3545,49967742,40083124
2022-08-27,234,1767,49967976,40084891
2022-08-28,29,260,49968005,40085151
2022-08-29,353,3136,49968358,40088287
2022-08-30,400,3636,49968758,40091923
2022-08-31,432,3703,49969190,40095626
2022-09-01,352,3067,49969542,40098693
2022-09-02,291,2867,49969833,40101560
2022-09-03,199,1683,49970032,40103243
2022-09-04,22,147,49970054,40103390
2022-09-05,186,2623,49970240,40106013
2022-09-06,301,2959,49970541,40108972
2022-09-07,538,2907,49971079,40111879
2022-09-08,286,2935,49971365,40114814
2022-09-09,297,2846,49971662,40117660
2022-09-10,227,1324,49971889,40118984
2022-09-11,21,123,49971910,40119107
2022-09-12,264,2206,49972174,40121313
2022-09-13,245,2242,49972419,40123555
2022-09-14,258,2529,49972677,40126084
2022-09-15,275,2442,49972952,40128526
2022-09-16,249,2478,49973201,40131004
2022-09-17,237,1317,49973438,40132321
2022-09-18,19,170,49973457,40132491
2022-09-19,206,1962,49973663,40134453
2022-09-20,232,2362,49973895,40136815
2022-09-21,287,2499,49974182,40139314
2022-09-22,256,2568,49974438,40141882
2022-09-23,243,2247,49974681,40144129
2022-09-24,195,1404,49974876,40145533
2022-09-25,28,134,49974904,40145667
2022-09-26,270,2208,49975174,40147875
2022-09-27,280,2556,49975454,40150431
2022-09-28,286,2676,49975740,40153107
2022-09-29,138,1419,49975878,40154526