data_somministrazione,vaccinazioni,booster,cum_vaccinazioni,cum_booster
2020-12-27,22,0,22,0
2020-12-28,2,0,24,0
2020-12-29,1,0,25,0
2020-12-30,9,0,34,0
2020-12-31,87,0,121,0
2021-01-01,28,0,149,0
2021-01-02,162,0,311,0
2021-01-03,122,0,433,0
2021-01-04,263,0,696,0
2021-01-05,301,0,997,0
2021-01-06,279,0,1276,0
2021-01-07,343,0,1619,0
2021-01-08,401,0,2020,0
2021-01-09,306,0,2326,0
2021-01-10,188,0,2514,0
2021-01-11,319,0,2833,0
2021-01-12,298,0,3131,0
2021-01-13,435,0,3566,0
2021-01-14,514,0,4080,0
2021-01-15,332,0,4412,0
2021-01-16,229,0,4641,0
2021-01-17,3066,0,7707,0
2021-01-18,5228,0,12935,0
2021-01-19,1898,0,14833,0
2021-01-20,4660,0,19493,0
2021-01-21,20001,0,39494,0
2021-01-22,14253,0,53747,0
2021-01-23,33311,0,87058,0
2021-01-24,30773,0,117831,0
2021-01-25,64701,0,182532,0
2021-01-26,76460,0,258992,0
2021-01-27,64811,0,323803,0
2021-01-28,89236,0,413039,0
2021-01-29,93998,0,507037,0
2021-01-30,86530,0,593567,0
2021-01-31,57311,0,650878,0
2021-02-01,81841,0,732719,0
2021-02-02,82145,0,814864,0
2021-02-03,91103,0,905967,0
2021-02-04,95383,0,1001350,0
2021-02-05,89116,0,1090466,0
2021-02-06,63451,0,1153917,0
2021-02-07,32935,0,1186852,0
2021-02-08,40429,0,1227281,0
2021-02-09,32895,0,1260176,0
2021-02-10,28453,0,1288629,0
2021-02-11,20419,0,1309048,0
2021-02-12,16266,0,1325314,0
2021-02-13,7298,0,1332612,0
2021-02-14,2864,0,1335476,0
2021-02-15,6856,0,1342332,0
2021-02-16,7013,0,1349345,0
2021-02-17,10529,0,1359874,0
2021-02-18,9266,0,1369140,0
2021-02-19,8266,0,1377406,0
2021-02-20,5598,0,1383004,0
2021-02-21,3025,0,1386029,0
2021-02-22,6891,0,1392920,0
2021-02-23,7196,0,1400116,0
2021-02-24,9829,0,1409945,0
2021-02-25,14223,0,1424168,0
2021-02-26,17573,0,1441741,0
2021-02-27,13947,0,1455688,0
2021-02-28,9398,0,1465086,0
2021-03-01,26545,0,1491631,0
2021-03-02,33254,0,1524885,0
2021-03-03,44663,0,1569548,0
2021-03-04,50321,0,1619869,0
2021-03-05,55763,0,1675632,0
2021-03-06,41894,0,1717526,0
2021-03-07,22335,0,1739861,0
2021-03-08,50852,0,1790713,0
2021-03-09,53106,0,1843819,0
2021-03-10,58725,0,1902544,0
2021-03-11,63943,0,1966487,0
2021-03-12,65180,0,2031667,0
2021-03-13,51740,0,2083407,0
2021-03-14,35443,0,2118850,0
2021-03-15,73483,0,2192333,0
2021-03-16,74040,0,2266373,0
2021-03-17,83173,0,2349546,0
2021-03-18,81666,0,2431212,0
2021-03-19,81128,0,2512340,0
2021-03-20,64759,0,2577099,0
2021-03-21,47319,0,2624418,0
2021-03-22,69534,0,2693952,0
2021-03-23,75850,0,2769802,0
2021-03-24,90973,0,2860775,0
2021-03-25,89792,0,2950567,0
2021-03-26,83676,0,3034243,0
2021-03-27,71988,0,3106231,0
2021-03-28,44201,0,3150432,0
2021-03-29,70878,0,3221310,0
2021-03-30,81444,0,3302754,0
2021-03-31,96297,0,3399051,0
2021-04-01,95384,0,3494435,0
2021-04-02,83828,0,3578263,0
2021-04-03,64318,0,3642581,0
2021-04-04,21727,0,3664308,0
2021-04-05,40330,0,3704638,0
2021-04-06,81375,0,3786013,0
2021-04-07,95861,0,3881874,0
2021-04-08,95295,0,3977169,0
2021-04-09,88523,0,4065692,0
2021-04-10,74054,0,4139746,0
2021-04-11,44772,0,4184518,0
2021-04-12,66937,0,4251455,0
2021-04-13,72618,0,4324073,0
2021-04-14,85578,0,4409651,0
2021-04-15,105441,0,4515092,0
2021-04-16,106447,0,4621539,0
2021-04-17,90544,0,4712083,0
2021-04-18,58603,0,4770686,0
2021-04-19,93450,0,4864136,0
2021-04-20,103786,0,4967922,0
2021-04-21,125345,0,5093267,0
2021-04-22,143536,0,5236803,0
2021-04-23,138779,0,5375582,0
2021-04-24,124465,0,5500047,0
2021-04-25,61476,0,5561523,0
2021-04-26,97930,0,5659453,0
2021-04-27,128402,0,5787855,0
2021-04-28,156417,0,5944272,0
2021-04-29,195642,0,6139914,0
2021-04-30,214637,0,6354551,0
2021-05-01,174163,0,6528714,0
2021-05-02,135828,0,6664542,0
2021-05-03,142111,0,6806653,0
2021-05-04,158740,0,6965393,0
2021-05-05,170574,0,7135967,0
2021-05-06,196148,0,7332115,0
2021-05-07,212024,0,7544139,0
2021-05-08,213473,0,7757612,0
2021-05-09,143250,0,7900862,0
2021-05-10,164101,0,8064963,0
2021-05-11,175050,0,8240013,0
2021-05-12,179283,0,8419296,0
2021-05-13,203479,0,8622775,0
2021-05-14,222998,0,8845773,0
2021-05-15,210423,0,9056196,0
2021-05-16,159319,0,9215515,0
2021-05-17,218881,0,9434396,0
2021-05-18,213046,0,9647442,0
2021-05-19,207146,0,9854588,0
2021-05-20,270961,0,10125549,0
2021-05-21,270971,0,10396520,0
2021-05-22,245595,0,10642115,0
2021-05-23,197212,0,10839327,0
2021-05-24,228379,0,11067706,0
2021-05-25,245739,0,11313445,0
2021-05-26,277604,0,11591049,0
2021-05-27,311150,0,11902199,0
2021-05-28,299445,0,12201644,0
2021-05-29,231298,0,12432942,0
2021-05-30,170869,0,12603811,0
2021-05-31,216496,0,12820307,0
2021-06-01,207699,0,13028006,0
2021-06-02,115841,0,13143847,0
2021-06-03,180254,0,13324101,0
2021-06-04,185007,0,13509108,0
2021-06-05,186103,0,13695211,0
2021-06-06,139666,0,13834877,0
2021-06-07,162010,0,13996887,0
2021-06-08,171408,0,14168295,0
2021-06-09,171614,0,14339909,0
2021-06-10,174284,0,14514193,0
2021-06-11,170174,0,14684367,0
2021-06-12,128516,0,14812883,0
2021-06-13,91349,0,14904232,0
2021-06-14,214783,0,15119015,0
2021-06-15,228556,0,15347571,0
2021-06-16,253205,0,15600776,0
2021-06-17,301883,0,15902659,0
2021-06-18,306456,0,16209115,0
2021-06-19,275207,0,16484322,0
2021-06-20,220883,0,16705205,0
2021-06-21,288182,0,16993387,0
2021-06-22,296328,0,17289715,0
2021-06-23,302759,0,17592474,0
2021-06-24,332662,0,17925136,0
2021-06-25,348820,0,18273956,0
2021-06-26,300182,0,18574138,0
2021-06-27,228752,0,18802890,0
2021-06-28,307250,0,19110140,0
2021-06-29,329429,0,19439569,0
2021-06-30,342314,0,19781883,0
2021-07-01,363338,0,20145221,0
2021-07-02,368603,0,20513824,0
2021-07-03,371143,0,20884967,0
2021-07-04,283266,0,21168233,0
2021-07-05,384615,0,21552848,0
2021-07-06,385550,0,21938398,0
2021-07-07,412181,0,22350579,0
2021-07-08,478991,0,22829570,0
2021-07-09,498469,0,23328039,0
2021-07-10,475179,0,23803218,0
2021-07-11,357675,0,24160893,0
2021-07-12,485882,0,24646775,0
2021-07-13,492060,0,25138835,0
2021-07-14,480452,0,25619287,0
2021-07-15,523433,0,26142720,0
2021-07-16,509766,0,26652486,0
2021-07-17,464318,0,27116804,0
2021-07-18,364611,0,27481415,0
2021-07-19,463096,0,27944511,0
2021-07-20,458069,0,28402580,0
2021-07-21,462850,0,28865430,0
2021-07-22,475409,0,29340839,0
2021-07-23,441371,0,29782210,0
2021-07-24,386128,0,30168338,0
2021-07-25,287535,0,30455873,0
2021-07-26,430925,0,30886798,0
2021-07-27,440171,0,31326969,0
2021-07-28,391057,0,31718026,0
2021-07-29,371943,0,32089969,0
2021-07-30,341617,0,32431586,0
2021-07-31,287067,0,32718653,0
2021-08-01,190989,0,32909642,0
2021-08-02,333778,0,33243420,0
2021-08-03,323258,0,33566678,0
2021-08-04,311079,0,33877757,0
2021-08-05,292554,0,34170311,0
2021-08-06,260146,0,34430457,0
2021-08-07,199098,0,34629555,0
2021-08-08,153122,0,34782677,0
2021-08-09,234149,0,35016826,0
2021-08-10,205386,0,35222212,0
2021-08-11,193875,0,35416087,0
2021-08-12,168197,0,35584284,0
2021-08-13,148797,0,35733081,0
2021-08-14,66120,0,35799201,0
2021-08-15,26346,0,35825547,0
2021-08-16,114811,0,35940358,0
2021-08-17,129338,0,36069696,0
2021-08-18,128846,0,36198542,0
2021-08-19,124940,0,36323482,0
2021-08-20,123910,0,36447392,0
2021-08-21,83156,0,36530548,0
2021-08-22,68185,0,36598733,0
2021-08-23,176955,0,36775688,0
2021-08-24,156984,0,36932672,0
2021-08-25,177267,0,37109939,0
2021-08-26,172424,0,37282363,0
2021-08-27,185747,0,37468110,0
2021-08-28,140314,0,37608424,0
2021-08-29,99003,0,37707427,0
2021-08-30,209649,0,37917076,0
2021-08-31,194723,0,38111799,0
2021-09-01,192311,0,38304110,0
2021-09-02,189986,0,38494096,0
2021-09-03,191321,0,38685417,0
2021-09-04,131423,0,38816840,0
2021-09-05,87835,0,38904675,0
2021-09-06,193638,0,39098313,0
2021-09-07,196101,0,39294414,0
2021-09-08,187867,0,39482281,0
2021-09-09,201436,0,39683717,0
2021-09-10,197880,0,39881597,0
2021-09-11,141284,0,40022881,0
2021-09-12,89582,0,40112463,0
2021-09-13,191125,693,40303588,693
2021-09-14,177230,683,40480818,1376
2021-09-15,163107,675,40643925,2051
2021-09-16,160069,1045,40803994,3096
2021-09-17,150200,1194,40954194,4290
2021-09-18,128022,796,41082216,5086
2021-09-19,81145,519,41163361,5605
2021-09-20,180100,9162,41343461,14767
2021-09-21,166723,8883,41510184,23650
2021-09-22,159160,9479,41669344,33129
2021-09-23,138156,9370,41807500,42499
2021-09-24,140597,9033,41948097,51532
2021-09-25,119585,5689,42067682,57221
2021-09-26,72010,4374,42139692,61595
2021-09-27,135715,10124,42275407,71719
2021-09-28,117551,11460,42392958,83179
2021-09-29,112408,11883,42505366,95062
2021-09-30,110338,15012,42615704,110074
2021-10-01,95036,19153,42710740,129227
2021-10-02,78557,14054,42789297,143281
2021-10-03,47763,7676,42837060,150957
2021-10-04,88429,34512,42925489,185469
2021-10-05,80422,34047,43005911,219516
2021-10-06,72014,34237,43077925,253753
2021-10-07,71906,34391,43149831,288144
2021-10-08,80669,33648,43230500,321792
2021-10-09,76127,22209,43306627,344001
2021-10-10,45796,13636,43352423,357637
2021-10-11,87500,41157,43439923,398794
2021-10-12,84551,46963,43524474,445757
2021-10-13,88258,52199,43612732,497956
2021-10-14,91600,58578,43704332,556534
2021-10-15,93619,55716,43797951,612250
2021-10-16,82995,36845,43880946,649095
2021-10-17,51458,23874,43932404,672969
2021-10-18,90335,59558,44022739,732527
2021-10-19,78388,69448,44101127,801975
2021-10-20,75078,78261,44176205,880236
2021-10-21,78315,81884,44254520,962120
2021-10-22,73787,77130,44328307,1039250
2021-10-23,60846,51984,44389153,1091234
2021-10-24,33365,23490,44422518,1114724
2021-10-25,64933,81694,44487451,1196418
2021-10-26,58409,91890,44545860,1288308
2021-10-27,58323,104064,44604183,1392372
2021-10-28,61476,114214,44665659,1506586
2021-10-29,61628,103234,44727287,1609820
2021-10-30,50673,68168,44777960,1677988
2021-10-31,25157,28316,44803117,1706304
2021-11-01,19049,28162,44822166,1734466
2021-11-02,62776,89472,44884942,1823938
2021-11-03,60723,118743,44945665,1942681
2021-11-04,59247,126737,45004912,2069418
2021-11-05,63113,135257,45068025,2204675
2021-11-06,46491,90953,45114516,2295628
2021-11-07,22248,37909,45136764,2333537
2021-11-08,51530,131328,45188294,2464865
2021-11-09,45418,144256,45233712,2609121
2021-11-10,42601,156416,45276313,2765537
2021-11-11,44941,155232,45321254,2920769
2021-11-12,46269,158789,45367523,3079558
2021-11-13,33270,116696,45400793,3196254
2021-11-14,14492,52464,45415285,3248718
2021-11-15,36915,157484,45452200,3406202
2021-11-16,30579,171454,45482779,3577656
2021-11-17,28481,178501,45511260,3756157
2021-11-18,30314,193820,45541574,3949977
2021-11-19,28840,205924,45570414,4155901
2021-11-20,21015,156475,45591429,4312376
2021-11-21,10615,64877,45602044,4377253
2021-11-22,21963,213186,45624007,4590439
2021-11-23,23617,241869,45647624,4832308
2021-11-24,27644,270752,45675268,5103060
2021-11-25,23251,301002,45698519,5404062
2021-11-26,24614,318342,45723133,5722404
2021-11-27,21421,266214,45744554,5988618
2021-11-28,9910,137087,45754464,6125705
2021-11-29,22376,326122,45776840,6451827
2021-11-30,23133,365928,45799973,6817755
2021-12-01,21515,412889,45821488,7230644
2021-12-02,23811,440513,45845299,7671157
2021-12-03,25296,467619,45870595,8138776
2021-12-04,22410,419112,45893005,8557888
2021-12-05,11953,261574,45904958,8819462
2021-12-06,25864,457820,45930822,9277282
2021-12-07,24153,479731,45954975,9757013
2021-12-08,10037,249896,45965012,10006909
2021-12-09,31645,492031,45996657,10498940
2021-12-10,28127,517968,46024784,11016908
2021-12-11,23598,459309,46048382,11476217
2021-12-12,12327,293549,46060709,11769766
2021-12-13,26196,467698,46086905,12237464
2021-12-14,25227,494302,46112132,12731766
2021-12-15,25393,517224,46137525,13248990
2021-12-16,27957,520398,46165482,13769388
2021-12-17,29419,517289,46194901,14286677
2021-12-18,27126,468816,46222027,14755493
2021-12-19,15176,300268,46237203,15055761
2021-12-20,30694,477569,46267897,15533330
2021-12-21,30438,493524,46298335,16026854
2021-12-22,29509,484803,46327844,16511657
2021-12-23,28260,426722,46356104,16938379
2021-12-24,13135,210873,46369239,17149252
2021-12-25,2104,33053,46371343,17182305
2021-12-26,8789,159081,46380132,17341386
2021-12-27,46886,504812,46427018,17846198
2021-12-28,42535,554337,46469553,18400535
2021-12-29,34436,550761,46503989,18951296
2021-12-30,31913,499955,46535902,19451251
2021-12-31,14160,247423,46550062,19698674
2022-01-01,3503,64817,46553565,19763491
2022-01-02,22846,276756,46576411,20040247
2022-01-03,47974,520096,46624385,20560343
2022-01-04,46418,571686,46670803,21132029
2022-01-05,40883,560470,46711686,21692499
2022-01-06,23554,274499,46735240,21966998
2022-01-07,63825,554269,46799065,22521267
2022-01-08,61050,502751,46860115,23024018
2022-01-09,42995,319730,46903110,23343748
2022-01-10,61211,542385,46964321,23886133
2022-01-11,61777,586595,47026098,24472728
2022-01-12,58576,581401,47084674,25054129
2022-01-13,58639,580048,47143313,25634177
2022-01-14,46977,588677,47190290,26222854
2022-01-15,39655,570302,47229945,26793156
2022-01-16,31354,341951,47261299,27135107
2022-01-17,54762,489523,47316061,27624630
2022-01-18,58533,517142,47374594,28141772
2022-01-19,57299,502913,47431893,28644685
2022-01-20,54331,498512,47486224,29143197
2022-01-21,42155,493449,47528379,29636646
2022-01-22,31309,469153,47559688,30105799
2022-01-23,35002,275441,47594690,30381240
2022-01-24,56250,437339,47650940,30818579
2022-01-25,61527,451822,47712467,31270401
2022-01-26,58630,435895,47771097,31706296
2022-01-27,48959,432513,47820056,32138809
2022-01-28,58780,436649,47878836,32575458
2022-01-29,68255,412732,47947091,32988190
2022-01-30,50430,236145,47997521,33224335
2022-01-31,60736,357014,48058257,33581349
2022-02-01,65668,328530,48123925,33909879
2022-02-02,63270,297068,48187195,34206947
2022-02-03,60151,274597,48247346,34481544
2022-02-04,72108,268290,48319454,34749834
2022-02-05,83832,248610,48403286,34998444
2022-02-06,55312,116246,48458598,35114690
2022-02-07,65210,199977,48523808,35314667
2022-02-08,66982,186189,48590790,35500856
2022-02-09,58578,166307,48649368,35667163
2022-02-10,58636,163302,48708004,35830465
2022-02-11,62300,162531,48770304,35992996
2022-02-12,72045,152182,48842349,36145178
2022-02-13,41486,68867,48883835,36214045
2022-02-14,46722,116221,48930557,36330266
2022-02-15,48586,123509,48979143,36453775
2022-02-16,45731,106164,49024874,36559939
2022-02-17,42888,98159,49067762,36658098
2022-02-18,46646,112622,49114408,36770720
2022-02-19,52560,100364,49166968,36871084
2022-02-20,31417,40386,49198385,36911470
2022-02-21,37911,89691,49236296,37001161
2022-02-22,37238,83831,49273534,37084992
2022-02-23,33419,79440,49306953,37164432
2022-02-24,32572,78200,49339525,37242632
2022-02-25,34783,90759,49374308,37333391
2022-02-26,39173,89159,49413481,37422550
2022-02-27,22548,35861,49436029,37458411
2022-02-28,28496,81719,49464525,37540130
2022-03-01,22740,53989,49487265,37594119
2022-03-02,21948,50735,49509213,37644854
2022-03-03,22650,54969,49531863,37699823
2022-03-04,23256,62824,49555119,37762647
2022-03-05,23807,57964,49578926,37820611
2022-03-06,9473,17204,49588399,37837815
2022-03-07,15941,51419,49604340,37889234
2022-03-08,15492,48821,49619832,37938055
2022-03-09,13819,46525,49633651,37984580
2022-03-10,14060,52078,49647711,38036658
2022-03-11,15450,57201,49663161,38093859
2022-03-12,15514,56628,49678675,38150487
2022-03-13,5546,16852,49684221,38167339
2022-03-14,10534,46717,49694755,38214056
2022-03-15,10559,46926,49705314,38260982
2022-03-16,9491,41991,49714805,38302973
2022-03-17,9732,44899,49724537,38347872
2022-03-18,10169,49088,49734706,38396960
2022-03-19,9155,46556,49743861,38443516
2022-03-20,2608,11705,49746469,38455221
2022-03-21,7590,40253,49754059,38495474
2022-03-22,8451,37791,49762510,38533265
2022-03-23,7227,33715,49769737,38566980
2022-03-24,8266,38844,49778003,38605824
2022-03-25,8146,43701,49786149,38649525
2022-03-26,8127,41723,49794276,38691248
2022-03-27,2431,9685,49796707,38700933
2022-03-28,6115,35256,49802822,38736189
2022-03-29,5787,32550,49808609,38768739
2022-03-30,5571,30221,49814180,38798960
2022-03-31,5910,33214,49820090,38832174
2022-04-01,4354,25202,49824444,38857376
2022-04-02,4498,23277,49828942,38880653
2022-04-03,1049,4500,49829991,38885153
2022-04-04,3666,21560,49833657,38906713
2022-04-05,3759,22955,49837416,38929668
2022-04-06,4106,21858,49841522,38951526
2022-04-07,3974,23329,49845496,38974855
2022-04-08,4698,26731,49850194,39001586
2022-04-09,4383,23888,49854577,39025474
2022-04-10,894,4612,49855471,39030086
2022-04-11,3820,22698,49859291,39052784
2022-04-12,3363,21798,49862654,39074582
2022-04-13,3577,21349,49866231,39095931
2022-04-14,3488,23800,49869719,39119731
2022-04-15,3086,20637,49872805,39140368
2022-04-16,2153,11922,49874958,39152290
2022-04-17,63,348,49875021,39152638
2022-04-18,152,650,49875173,39153288
2022-04-19,3500,22005,49878673,39175293
2022-04-20,3514,20260,49882187,39195553
2022-04-21,2850,19805,49885037,39215358
2022-04-22,2929,20723,49887966,39236081
2022-04-23,2648,16223,49890614,39252304
2022-04-24,509,2335,49891123,39254639
2022-04-25,183,1165,49891306,39255804
2022-04-26,2762,17815,49894068,39273619
2022-04-27,2376,15799,49896444,39289418
2022-04-28,2368,15569,49898812,39304987
2022-04-29,2300,14861,49901112,39319848
2022-04-30,2124,11585,49903236,39331433
2022-05-01,113,531,49903349,39331964
2022-05-02,1451,9394,49904800,39341358
2022-05-03,1578,10332,49906378,39351690
2022-05-04,1749,10283,49908127,39361973
2022-05-05,1656,10309,49909783,39372282
2022-05-06,1702,10985,49911485,39383267
2022-05-07,1432,8575,49912917,39391842
2022-05-08,417,1527,49913334,39393369
2022-05-09,1029,8939,49914363,39402308
2022-05-10,1427,9558,49915790,39411866
2022-05-11,1487,10109,49917277,39421975
2022-05-12,1373,10141,49918650,39432116
2022-05-13,1600,10531,49920250,39442647
2022-05-14,1362,8249,49921612,39450896
2022-05-15,336,1138,49921948,39452034
2022-05-16,814,8411,49922762,39460445
2022-05-17,1244,8708,49924006,39469153
2022-05-18,1373,9256,49925379,39478409
2022-05-19,1502,9290,49926881,39487699
2022-05-20,1431,9538,49928312,39497237
2022-05-21,1302,7903,49929614,39505140
2022-05-22,231,1013,49929845,39506153
2022-05-23,831,8275,49930676,39514428
2022-05-24,1073,8675,49931749,39523103
2022-05-25,1373,9460,49933122,39532563
2022-05-26,1201,9484,49934323,39542047
2022-05-27,1235,9919,49935558,39551966
2022-05-28,1205,7890,49936763,39559856
2022-05-29,288,1265,49937051,39561121
2022-05-30,931,8065,49937982,39569186
2022-05-31,1040,8553,49939022,39577739
2022-06-01,897,7657,49939919,39585396
2022-06-02,35,474,49939954,39585870
2022-06-03,819,7334,49940773,39593204
2022-06-04,870,5162,49941643,39598366
2022-06-05,88,586,49941731,39598952
2022-06-06,679,7008,49942410,39605960
2022-06-07,951,7852,49943361,39613812
2022-06-08,981,7911,49944342,39621723
2022-06-09,1037,8421,49945379,39630144
2022-06-10,958,8564,49946337,39638708
2022-06-11,903,6206,49947240,39644914
2022-06-12,140,768,49947380,39645682
2022-06-13,603,6307,49947983,39651989
2022-06-14,833,7908,49948816,39659897
2022-06-15,960,7858,49949776,39667755
2022-06-16,734,7404,49950510,39675159
2022-06-17,724,7252,49951234,39682411
2022-06-18,778,5597,49952012,39688008
2022-06-19,49,521,49952061,39688529
2022-06-20,587,6700,49952648,39695229
2022-06-21,741,7664,49953389,39702893
2022-06-22,779,7315,49954168,39710208
2022-06-23,650,7475,49954818,39717683
2022-06-24,644,7475,49955462,39725158
2022-06-25,835,6533,49956297,39731691
2022-06-26,129,523,49956426,39732214
2022-06-27,534,7128,49956960,39739342
2022-06-28,749,8207,49957709,39747549
2022-06-29,757,7739,49958466,39755288
2022-06-30,748,8146,49959214,39763434
2022-07-01,577,6446,49959791,39769880
2022-07-02,536,4770,49960327,39774650
2022-07-03,49,456,49960376,39775106
2022-07-04,470,6281,49960846,39781387
2022-07-05,630,8126,49961476,39789513
2022-07-06,634,7612,49962110,39797125
2022-07-07,576,8279,49962686,39805404
2022-07-08,677,8087,49963363,39813491
2022-07-09,548,6105,49963911,39819596
2022-07-10,58,533,49963969,39820129
2022-07-11,493,7646,49964462,39827775
2022-07-12,669,9031,49965131,39836806
2022-07-13,645,10068,49965776,39846874
2022-07-14,639,10229,49966415,39857103
2022-07-15,628,10676,49967043,39867779
2022-07-16,522,7215,49967565,39874994
2022-07-17,48,770,49967613,39875764
2022-07-18,496,9378,49968109,39885142
2022-07-19,576,10687,49968685,39895829
2022-07-20,582,11277,49969267,39907106
2022-07-21,633,12097,49969900,39919203
2022-07-22,584,11270,49970484,39930473
2022-07-23,381,6778,49970865,39937251
2022-07-24,76,858,49970941,39938109
2022-07-25,505,9059,49971446,39947168
2022-07-26,522,9768,49971968,39956936
2022-07-27,555,10216,49972523,39967152
2022-07-28,534,10538,49973057,39977690
2022-07-29,510,9468,49973567,39987158
2022-07-30,383,5884,49973950,39993042
2022-07-31,49,764,49973999,39993806
2022-08-01,386,6866,49974385,40000672
2022-08-02,548,7594,49974933,40008266
2022-08-03,515,7189,49975448,40015455
2022-08-04,455,7495,49975903,40022950
2022-08-05,421,6531,49976324,40029481
2022-08-06,300,3613,49976624,40033094
2022-08-07,44,563,49976668,40033657
2022-08-08,403,4890,49977071,40038547
2022-08-09,381,5316,49977452,40043863
2022-08-10,385,4817,49977837,40048680
2022-08-11,370,4806,49978207,40053486
2022-08-12,295,3721,49978502,40057207
2022-08-13,143,1600,49978645,40058807
2022-08-14,9,129,49978654,40058936
2022-08-15,1,26,49978655,40058962
2022-08-16,284,3043,49978939,40062005
2022-08-17,352,3533,49979291,40065538
2022-08-18,395,4165,49979686,40069703
2022-08-19,341,3323,49980027,40073026
2022-08-20,184,1717,49980211,40074743
2022-08-21,24,149,49980235,40074892
2022-08-22,333,2952,49980568,40077844
2022-08-23,370,3674,49980938,40081518
2022-08-24,384,3363,49981322,40084881
2022-08-25,425,3776,49981747,40088657
2022-08-26,400,3586,49982147,40092243
2022-08-27,237,1770,49982384,40094013
2022-08-28,29,267,49982413,40094280
2022-08-29,354,3161,49982767,40097441
2022-08-30,406,3676,49983173,40101117
2022-08-31,438,3734,49983611,40104851
2022-09-01,353,3119,49983964,40107970
2022-09-02,298,2894,49984262,40110864
2022-09-03,200,1692,49984462,40112556
2022-09-04,24,149,49984486,40112705
2022-09-05,187,2657,49984673,40115362
2022-09-06,307,2981,49984980,40118343
2022-09-07,541,2937,49985521,40121280
2022-09-08,293,2965,49985814,40124245
2022-09-09,308,2886,49986122,40127131
2022-09-10,228,1327,49986350,40128458
2022-09-11,23,124,49986373,40128582
2022-09-12,267,2269,49986640,40130851
2022-09-13,255,2280,49986895,40133131
2022-09-14,266,2567,49987161,40135698
2022-09-15,285,2501,49987446,40138199
2022-09-16,255,2544,49987701,40140743
2022-09-17,239,1339,49987940,40142082
2022-09-18,20,170,49987960,40142252
2022-09-19,206,1973,49988166,40144225
2022-09-20,237,2392,49988403,40146617
2022-09-21,289,2528,49988692,40149145
2022-09-22,267,2664,49988959,40151809
2022-09-23,261,2547,49989220,40154356
2022-09-24,193,1427,49989413,40155783
2022-09-25,29,133,49989442,40155916
2022-09-26,281,2250,49989723,40158166
2022-09-27,287,2680,49990010,40160846
2022-09-28,311,2905,49990321,40163751
2022-09-29,257,3051,49990578,40166802
2022-09-30,292,2987,49990870,40169789
2022-10-01,196,1515,49991066,40171304
2022-10-02,12,187,49991078,40171491
2022-10-03,186,2478,49991264,40173969
2022-10-04,236,2865,49991500,40176834
2022-10-05,233,3255,49991733,40180089
2022-10-06,244,3875,49991977,40183964
2022-10-07,285,4186,49992262,40188150
2022-10-08,206,2267,49992468,40190417
2022-10-09,8,305,49992476,40190722
2022-10-10,214,3348,49992690,40194070
2022-10-11,195,4381,49992885,40198451
2022-10-12,212,4437,49993097,40202888
2022-10-13,207,5299,49993304,40208187
2022-10-14,234,5010,49993538,40213197
2022-10-15,191,2669,49993729,40215866
2022-10-16,6,360,49993735,40216226
2022-10-17,186,3874,49993921,40220100
2022-10-18,257,4960,49994178,40225060
2022-10-19,247,5479,49994425,40230539
2022-10-20,227,5999,49994652,40236538
2022-10-21,257,5478,49994909,40242016
2022-10-22,196,2911,49995105,40244927
2022-10-23,13,364,49995118,40245291
2022-10-24,171,3931,49995289,40249222
2022-10-25,256,4927,49995545,40254149
2022-10-26,350,5505,49995895,40259654
2022-10-27,239,5679,49996134,40265333
2022-10-28,202,5265,49996336,40270598
2022-10-29,128,2844,49996464,40273442
2022-10-30,4,328,49996468,40273770
2022-10-31,118,3038,49996586,40276808
2022-11-01,11,353,49996597,40277161
2022-11-02,147,3721,49996744,40280882
2022-11-03,172,4793,49996916,40285675
2022-11-04,228,4604,49997144,40290279
2022-11-05,145,2601,49997289,40292880
2022-11-06,10,261,49997299,40293141
2022-11-07,169,3228,49997468,40296369
2022-11-08,262,4258,49997730,40300627
2022-11-09,202,4337,49997932,40304964
2022-11-10,184,4608,49998116,40309572
2022-11-11,194,4238,49998310,40313810
2022-11-12,161,2378,49998471,40316188
2022-11-13,7,338,49998478,40316526
2022-11-14,150,2844,49998628,40319370
2022-11-15,204,3754,49998832,40323124
2022-11-16,217,4002,49999049,40327126
2022-11-17,195,4116,49999244,40331242
2022-11-18,252,4050,49999496,40335292
2022-11-19,112,2087,49999608,40337379
2022-11-20,24,317,49999632,40337696
2022-11-21,119,2625,49999751,40340321
2022-11-22,140,3224,49999891,40343545
2022-11-23,191,3635,50000082,40347180
2022-11-24,158,3852,50000240,40351032
2022-11-25,185,3780,50000425,40354812
2022-11-26,135,2096,50000560,40356908
2022-11-27,22,356,50000582,40357264
2022-11-28,182,2692,50000764,40359956
2022-11-29,258,3234,50001022,40363190
2022-11-30,183,3739,50001205,40366929
2022-12-01,151,3637,50001356,40370566
2022-12-02,161,3532,50001517,40374098
2022-12-03,106,1999,50001623,40376097
2022-12-04,5,290,50001628,40376387
2022-12-05,129,2861,50001757,40379248
2022-12-06,177,3661,50001934,40382909
2022-12-07,136,3135,50002070,40386044
2022-12-08,8,169,50002078,40386213
2022-12-09,165,3035,50002243,40389248
2022-12-10,71,1602,50002314,40390850
2022-12-11,7,193,50002321,40391043
2022-12-12,172,2534,50002493,40393577
2022-12-13,253,3053,50002746,40396630
2022-12-14,231,3241,50002977,40399871
2022-12-15,207,3301,50003184,40403172
2022-12-16,164,3224,50003348,40406396
2022-12-17,95,1691,50003443,40408087
2022-12-18,10,270,50003453,40408357
2022-12-19,149,2171,50003602,40410528
2022-12-20,214,2533,50003816,40413061
2022-12-21,161,2255,50003977,40415316
2022-12-22,141,1881,50004118,40417197
2022-12-23,154,1224,50004272,40418421
2022-12-24,32,162,50004304,40418583
2022-12-25,0,6,50004304,40418589
2022-12-26,6,42,50004310,40418631
2022-12-27,133,1556,50004443,40420187
2022-12-28,138,1783,50004581,40421970
2022-12-29,92,1711,50004673,40423681
2022-12-30,117,1616,50004790,40425297
2022-12-31,21,273,50004811,40425570
2023-01-01,0,6,50004811,40425576
2023-01-02,48,1129,50004859,40426705
2023-01-03,99,1901,50004958,40428606
2023-01-04,111,2016,50005069,40430622
2023-01-05,99,1914,50005168,40432536
2023-01-06,0,70,50005168,40432606
2023-01-07,53,687,50005221,40433293
2023-01-08,2,97,50005223,40433390
2023-01-09,126,1430,50005349,40434820
2023-01-10,128,1792,50005477,40436612
2023-01-11,119,1772,50005596,40438384
2023-01-12,115,2011,50005711,40440395
2023-01-13,108,1890,50005819,40442285
2023-01-14,67,980,50005886,40443265
2023-01-15,1,67,50005887,40443332
2023-01-16,38,1157,50005925,40444489
2023-01-17,110,1308,50006035,40445797
2023-01-18,81,1426,50006116,40447223
2023-01-19,111,1611,50006227,40448834
2023-01-20,160,1410,50006387,40450244
2023-01-21,47,653,50006434,40450897
2023-01-22,2,57,50006436,40450954
2023-01-23,77,783,50006513,40451737
2023-01-24,116,1198,50006629,40452935
2023-01-25,98,1111,50006727,40454046
2023-01-26,108,1134,50006835,40455180
2023-01-27,60,1035,50006895,40456215
2023-01-28,128,489,50007023,40456704
2023-01-29,6,52,50007029,40456756
2023-01-30,60,592,50007089,40457348
2023-01-31,92,768,50007181,40458116