data_somministrazione,vaccinazioni,booster,cum_vaccinazioni,cum_booster
2020-12-27,15,0,15,0
2020-12-28,2,0,17,0
2020-12-29,1,0,18,0
2020-12-30,2,0,20,0
2020-12-31,34,0,54,0
2021-01-01,12,0,66,0
2021-01-02,53,0,119,0
2021-01-03,45,0,164,0
2021-01-04,119,0,283,0
2021-01-05,156,0,439,0
2021-01-06,133,0,572,0
2021-01-07,193,0,765,0
2021-01-08,240,0,1005,0
2021-01-09,167,0,1172,0
2021-01-10,108,0,1280,0
2021-01-11,195,0,1475,0
2021-01-12,200,0,1675,0
2021-01-13,296,0,1971,0
2021-01-14,386,0,2357,0
2021-01-15,228,0,2585,0
2021-01-16,160,0,2745,0
2021-01-17,3044,0,5789,0
2021-01-18,5177,0,10966,0
2021-01-19,1866,0,12832,0
2021-01-20,4647,0,17479,0
2021-01-21,20000,0,37479,0
2021-01-22,14194,0,51673,0
2021-01-23,33351,0,85024,0
2021-01-24,30789,0,115813,0
2021-01-25,64763,0,180576,0
2021-01-26,76534,0,257110,0
2021-01-27,64870,0,321980,0
2021-01-28,89321,0,411301,0
2021-01-29,94069,0,505370,0
2021-01-30,86602,0,591972,0
2021-01-31,57336,0,649308,0
2021-02-01,81880,0,731188,0
2021-02-02,82151,0,813339,0
2021-02-03,91203,0,904542,0
2021-02-04,94510,0,999052,0
2021-02-05,90253,0,1089305,0
2021-02-06,63722,0,1153027,0
2021-02-07,32910,0,1185937,0
2021-02-08,40397,0,1226334,0
2021-02-09,32824,0,1259158,0
2021-02-10,28364,0,1287522,0
2021-02-11,20337,0,1307859,0
2021-02-12,16170,0,1324029,0
2021-02-13,7210,0,1331239,0
2021-02-14,2851,0,1334090,0
2021-02-15,6810,0,1340900,0
2021-02-16,6962,0,1347862,0
2021-02-17,10482,0,1358344,0
2021-02-18,9206,0,1367550,0
2021-02-19,8130,0,1375680,0
2021-02-20,5463,0,1381143,0
2021-02-21,2935,0,1384078,0
2021-02-22,6821,0,1390899,0
2021-02-23,7078,0,1397977,0
2021-02-24,9774,0,1407751,0
2021-02-25,14156,0,1421907,0
2021-02-26,17454,0,1439361,0
2021-02-27,13838,0,1453199,0
2021-02-28,9328,0,1462527,0
2021-03-01,26419,0,1488946,0
2021-03-02,33136,0,1522082,0
2021-03-03,44574,0,1566656,0
2021-03-04,50166,0,1616822,0
2021-03-05,55662,0,1672484,0
2021-03-06,41816,0,1714300,0
2021-03-07,22274,0,1736574,0
2021-03-08,50586,0,1787160,0
2021-03-09,52910,0,1840070,0
2021-03-10,58468,0,1898538,0
2021-03-11,63679,0,1962217,0
2021-03-12,64991,0,2027208,0
2021-03-13,51625,0,2078833,0
2021-03-14,35325,0,2114158,0
2021-03-15,73273,0,2187431,0
2021-03-16,73955,0,2261386,0
2021-03-17,83016,0,2344402,0
2021-03-18,81557,0,2425959,0
2021-03-19,80969,0,2506928,0
2021-03-20,64595,0,2571523,0
2021-03-21,47231,0,2618754,0
2021-03-22,69357,0,2688111,0
2021-03-23,75442,0,2763553,0
2021-03-24,90725,0,2854278,0
2021-03-25,89642,0,2943920,0
2021-03-26,83439,0,3027359,0
2021-03-27,71766,0,3099125,0
2021-03-28,44001,0,3143126,0
2021-03-29,70659,0,3213785,0
2021-03-30,81202,0,3294987,0
2021-03-31,95522,0,3390509,0
2021-04-01,95160,0,3485669,0
2021-04-02,83470,0,3569139,0
2021-04-03,64201,0,3633340,0
2021-04-04,21674,0,3655014,0
2021-04-05,40235,0,3695249,0
2021-04-06,81184,0,3776433,0
2021-04-07,95612,0,3872045,0
2021-04-08,95107,0,3967152,0
2021-04-09,87742,0,4054894,0
2021-04-10,73557,0,4128451,0
2021-04-11,44672,0,4173123,0
2021-04-12,66798,0,4239921,0
2021-04-13,72471,0,4312392,0
2021-04-14,85378,0,4397770,0
2021-04-15,104714,0,4502484,0
2021-04-16,106250,0,4608734,0
2021-04-17,90111,0,4698845,0
2021-04-18,58638,0,4757483,0
2021-04-19,93313,0,4850796,0
2021-04-20,102843,0,4953639,0
2021-04-21,124323,0,5077962,0
2021-04-22,142893,0,5220855,0
2021-04-23,137803,0,5358658,0
2021-04-24,124276,0,5482934,0
2021-04-25,61361,0,5544295,0
2021-04-26,97747,0,5642042,0
2021-04-27,128196,0,5770238,0
2021-04-28,155984,0,5926222,0
2021-04-29,195330,0,6121552,0
2021-04-30,213596,0,6335148,0
2021-05-01,174099,0,6509247,0
2021-05-02,135835,0,6645082,0
2021-05-03,141702,0,6786784,0
2021-05-04,158321,0,6945105,0
2021-05-05,170144,0,7115249,0
2021-05-06,197217,0,7312466,0
2021-05-07,213149,0,7525615,0
2021-05-08,212962,0,7738577,0
2021-05-09,142997,0,7881574,0
2021-05-10,164664,0,8046238,0
2021-05-11,174269,0,8220507,0
2021-05-12,178843,0,8399350,0
2021-05-13,202374,0,8601724,0
2021-05-14,222572,0,8824296,0
2021-05-15,210032,0,9034328,0
2021-05-16,159095,0,9193423,0
2021-05-17,218554,0,9411977,0
2021-05-18,212345,0,9624322,0
2021-05-19,206382,0,9830704,0
2021-05-20,270237,0,10100941,0
2021-05-21,269831,0,10370772,0
2021-05-22,244653,0,10615425,0
2021-05-23,197011,0,10812436,0
2021-05-24,228107,0,11040543,0
2021-05-25,245452,0,11285995,0
2021-05-26,277077,0,11563072,0
2021-05-27,310491,0,11873563,0
2021-05-28,298613,0,12172176,0
2021-05-29,230918,0,12403094,0
2021-05-30,170642,0,12573736,0
2021-05-31,215939,0,12789675,0
2021-06-01,207046,0,12996721,0
2021-06-02,115565,0,13112286,0
2021-06-03,179701,0,13291987,0
2021-06-04,183961,0,13475948,0
2021-06-05,185135,0,13661083,0
2021-06-06,139310,0,13800393,0
2021-06-07,161023,0,13961416,0
2021-06-08,170337,0,14131753,0
2021-06-09,170758,0,14302511,0
2021-06-10,173525,0,14476036,0
2021-06-11,168654,0,14644690,0
2021-06-12,127228,0,14771918,0
2021-06-13,90860,0,14862778,0
2021-06-14,214069,0,15076847,0
2021-06-15,227785,0,15304632,0
2021-06-16,252774,0,15557406,0
2021-06-17,301130,0,15858536,0
2021-06-18,305403,0,16163939,0
2021-06-19,274730,0,16438669,0
2021-06-20,220548,0,16659217,0
2021-06-21,287705,0,16946922,0
2021-06-22,295673,0,17242595,0
2021-06-23,302281,0,17544876,0
2021-06-24,332397,0,17877273,0
2021-06-25,347961,0,18225234,0
2021-06-26,299899,0,18525133,0
2021-06-27,228724,0,18753857,0
2021-06-28,306775,0,19060632,0
2021-06-29,328920,0,19389552,0
2021-06-30,341895,0,19731447,0
2021-07-01,362184,0,20093631,0
2021-07-02,367856,0,20461487,0
2021-07-03,371200,0,20832687,0
2021-07-04,283168,0,21115855,0
2021-07-05,384347,0,21500202,0
2021-07-06,384845,0,21885047,0
2021-07-07,411851,0,22296898,0
2021-07-08,479124,0,22776022,0
2021-07-09,498437,0,23274459,0
2021-07-10,475166,0,23749625,0
2021-07-11,357723,0,24107348,0
2021-07-12,485891,0,24593239,0
2021-07-13,491460,0,25084699,0
2021-07-14,480303,0,25565002,0
2021-07-15,523191,0,26088193,0
2021-07-16,509291,0,26597484,0
2021-07-17,464427,0,27061911,0
2021-07-18,364752,0,27426663,0
2021-07-19,463043,0,27889706,0
2021-07-20,457788,0,28347494,0
2021-07-21,462647,0,28810141,0
2021-07-22,475059,0,29285200,0
2021-07-23,441199,0,29726399,0
2021-07-24,386053,0,30112452,0
2021-07-25,287484,0,30399936,0
2021-07-26,430428,0,30830364,0
2021-07-27,439557,0,31269921,0
2021-07-28,390697,0,31660618,0
2021-07-29,371756,0,32032374,0
2021-07-30,340790,0,32373164,0
2021-07-31,286847,0,32660011,0
2021-08-01,190718,0,32850729,0
2021-08-02,333693,0,33184422,0
2021-08-03,322503,0,33506925,0
2021-08-04,310634,0,33817559,0
2021-08-05,291993,0,34109552,0
2021-08-06,259139,0,34368691,0
2021-08-07,198773,0,34567464,0
2021-08-08,153012,0,34720476,0
2021-08-09,233678,0,34954154,0
2021-08-10,204541,0,35158695,0
2021-08-11,193312,0,35352007,0
2021-08-12,167616,0,35519623,0
2021-08-13,148083,0,35667706,0
2021-08-14,65911,0,35733617,0
2021-08-15,26266,0,35759883,0
2021-08-16,114484,0,35874367,0
2021-08-17,128881,0,36003248,0
2021-08-18,128471,0,36131719,0
2021-08-19,124333,0,36256052,0
2021-08-20,123323,0,36379375,0
2021-08-21,82946,0,36462321,0
2021-08-22,68041,0,36530362,0
2021-08-23,176099,0,36706461,0
2021-08-24,156810,0,36863271,0
2021-08-25,176809,0,37040080,0
2021-08-26,172184,0,37212264,0
2021-08-27,185656,0,37397920,0
2021-08-28,139971,0,37537891,0
2021-08-29,98857,0,37636748,0
2021-08-30,209279,0,37846027,0
2021-08-31,194287,0,38040314,0
2021-09-01,191982,0,38232296,0
2021-09-02,189473,0,38421769,0
2021-09-03,190772,0,38612541,0
2021-09-04,131285,0,38743826,0
2021-09-05,87794,0,38831620,0
2021-09-06,193291,0,39024911,0
2021-09-07,195633,0,39220544,0
2021-09-08,187657,0,39408201,0
2021-09-09,201085,0,39609286,0
2021-09-10,197670,0,39806956,0
2021-09-11,141097,0,39948053,0
2021-09-12,89415,0,40037468,0
2021-09-13,190925,336,40228393,336
2021-09-14,177098,418,40405491,754
2021-09-15,162896,451,40568387,1205
2021-09-16,159562,784,40727949,1989
2021-09-17,149729,996,40877678,2985
2021-09-18,127736,652,41005414,3637
2021-09-19,80915,440,41086329,4077
2021-09-20,179705,8954,41266034,13031
2021-09-21,166177,8717,41432211,21748
2021-09-22,158477,9353,41590688,31101
2021-09-23,137536,9227,41728224,40328
2021-09-24,139733,8845,41867957,49173
2021-09-25,119214,5553,41987171,54726
2021-09-26,71710,4292,42058881,59018
2021-09-27,135132,9956,42194013,68974
2021-09-28,117060,11297,42311073,80271
2021-09-29,111861,11751,42422934,92022
2021-09-30,109778,14826,42532712,106848
2021-10-01,94560,19014,42627272,125862
2021-10-02,78138,13979,42705410,139841
2021-10-03,47478,7622,42752888,147463
2021-10-04,87924,34339,42840812,181802
2021-10-05,80023,33898,42920835,215700
2021-10-06,71674,34047,42992509,249747
2021-10-07,71414,34268,43063923,284015
2021-10-08,80276,33471,43144199,317486
2021-10-09,75732,22100,43219931,339586
2021-10-10,45580,13588,43265511,353174
2021-10-11,87010,40982,43352521,394156
2021-10-12,84086,46770,43436607,440926
2021-10-13,87777,51966,43524384,492892
2021-10-14,90863,58335,43615247,551227
2021-10-15,93084,55454,43708331,606681
2021-10-16,82566,36686,43790897,643367
2021-10-17,51183,23769,43842080,667136
2021-10-18,89868,59135,43931948,726271
2021-10-19,77994,69101,44009942,795372
2021-10-20,74825,77994,44084767,873366
2021-10-21,78019,81546,44162786,954912
2021-10-22,73502,76505,44236288,1031417
2021-10-23,60649,51834,44296937,1083251
2021-10-24,33268,23395,44330205,1106646
2021-10-25,64664,81463,44394869,1188109
2021-10-26,58184,91588,44453053,1279697
2021-10-27,58013,103569,44511066,1383266
2021-10-28,61251,113777,44572317,1497043
2021-10-29,61572,102856,44633889,1599899
2021-10-30,50520,67957,44684409,1667856
2021-10-31,25091,28227,44709500,1696083
2021-11-01,19000,28107,44728500,1724190
2021-11-02,62508,89036,44791008,1813226
2021-11-03,60442,118149,44851450,1931375
2021-11-04,58929,126204,44910379,2057579
2021-11-05,62768,134610,44973147,2192189
2021-11-06,46298,90768,45019445,2282957
2021-11-07,22185,37814,45041630,2320771
2021-11-08,51102,130690,45092732,2451461
2021-11-09,45156,143514,45137888,2594975
2021-11-10,42400,155592,45180288,2750567
2021-11-11,44680,154325,45224968,2904892
2021-11-12,46015,157842,45270983,3062734
2021-11-13,32974,116267,45303957,3179001
2021-11-14,14414,52368,45318371,3231369
2021-11-15,36605,156639,45354976,3388008
2021-11-16,30288,170737,45385264,3558745
2021-11-17,28173,177843,45413437,3736588
2021-11-18,30029,193303,45443466,3929891
2021-11-19,28490,204904,45471956,4134795
2021-11-20,20810,156057,45492766,4290852
2021-11-21,10497,64682,45503263,4355534
2021-11-22,21661,212591,45524924,4568125
2021-11-23,23255,240831,45548179,4808956
2021-11-24,27454,269953,45575633,5078909
2021-11-25,22753,300791,45598386,5379700
2021-11-26,24038,317156,45622424,5696856
2021-11-27,20970,265656,45643394,5962512
2021-11-28,9695,136778,45653089,6099290
2021-11-29,21688,325354,45674777,6424644
2021-11-30,22365,364435,45697142,6789079
2021-12-01,20756,411885,45717898,7200964
2021-12-02,22824,438795,45740722,7639759
2021-12-03,24179,465436,45764901,8105195
2021-12-04,21414,418072,45786315,8523267
2021-12-05,11224,261039,45797539,8784306
2021-12-06,24314,455924,45821853,9240230
2021-12-07,22607,478312,45844460,9718542
2021-12-08,9167,249385,45853627,9967927
2021-12-09,29742,490093,45883369,10458020
2021-12-10,26249,515772,45909618,10973792
2021-12-11,21946,458662,45931564,11432454
2021-12-12,11285,293107,45942849,11725561
2021-12-13,24289,465995,45967138,12191556
2021-12-14,23244,492725,45990382,12684281
2021-12-15,23457,515201,46013839,13199482
2021-12-16,25509,518426,46039348,13717908
2021-12-17,27210,514989,46066558,14232897
2021-12-18,24732,467928,46091290,14700825
2021-12-19,13424,300059,46104714,15000884
2021-12-20,28311,475530,46133025,15476414
2021-12-21,28061,491449,46161086,15967863
2021-12-22,26977,483133,46188063,16450996
2021-12-23,25731,425530,46213794,16876526
2021-12-24,12234,210260,46226028,17086786
2021-12-25,2024,32985,46228052,17119771
2021-12-26,7774,158901,46235826,17278672
2021-12-27,43425,503185,46279251,17781857
2021-12-28,38311,552464,46317562,18334321
2021-12-29,30154,548906,46347716,18883227
2021-12-30,27905,498100,46375621,19381327
2021-12-31,12273,247010,46387894,19628337
2022-01-01,3102,64672,46390996,19693009
2022-01-02,19553,276347,46410549,19969356
2022-01-03,42807,519265,46453356,20488621
2022-01-04,40915,570779,46494271,21059400
2022-01-05,35364,559427,46529635,21618827
2022-01-06,20441,273978,46550076,21892805
2022-01-07,58369,553453,46608445,22446258
2022-01-08,55252,502169,46663697,22948427
2022-01-09,38530,319076,46702227,23267503
2022-01-10,56701,540043,46758928,23807546
2022-01-11,56964,584768,46815892,24392314
2022-01-12,53680,578303,46869572,24970617
2022-01-13,54055,577273,46923627,25547890
2022-01-14,42402,584669,46966029,26132559
2022-01-15,34004,564701,47000033,26697260
2022-01-16,27708,339255,47027741,27036515
2022-01-17,51609,486202,47079350,27522717
2022-01-18,55193,512393,47134543,28035110
2022-01-19,53951,496040,47188494,28531150
2022-01-20,51114,487753,47239608,29018903
2022-01-21,19899,219983,47259507,29238886