data_somministrazione,vaccinazioni,booster,cum_vaccinazioni,cum_booster
2020-12-27,16,0,16,0
2020-12-28,2,0,18,0
2020-12-29,1,0,19,0
2020-12-30,3,0,22,0
2020-12-31,37,0,59,0
2021-01-01,14,0,73,0
2021-01-02,61,0,134,0
2021-01-03,46,0,180,0
2021-01-04,129,0,309,0
2021-01-05,171,0,480,0
2021-01-06,140,0,620,0
2021-01-07,210,0,830,0
2021-01-08,255,0,1085,0
2021-01-09,184,0,1269,0
2021-01-10,110,0,1379,0
2021-01-11,198,0,1577,0
2021-01-12,212,0,1789,0
2021-01-13,317,0,2106,0
2021-01-14,414,0,2520,0
2021-01-15,247,0,2767,0
2021-01-16,166,0,2933,0
2021-01-17,3047,0,5980,0
2021-01-18,5188,0,11168,0
2021-01-19,1879,0,13047,0
2021-01-20,4648,0,17695,0
2021-01-21,20010,0,37705,0
2021-01-22,14197,0,51902,0
2021-01-23,33357,0,85259,0
2021-01-24,30796,0,116055,0
2021-01-25,64778,0,180833,0
2021-01-26,76548,0,257381,0
2021-01-27,64881,0,322262,0
2021-01-28,89349,0,411611,0
2021-01-29,94076,0,505687,0
2021-01-30,86617,0,592304,0
2021-01-31,57355,0,649659,0
2021-02-01,81911,0,731570,0
2021-02-02,82171,0,813741,0
2021-02-03,91218,0,904959,0
2021-02-04,95393,0,1000352,0
2021-02-05,90299,0,1090651,0
2021-02-06,63738,0,1154389,0
2021-02-07,32917,0,1187306,0
2021-02-08,40416,0,1227722,0
2021-02-09,32848,0,1260570,0
2021-02-10,28395,0,1288965,0
2021-02-11,20359,0,1309324,0
2021-02-12,16185,0,1325509,0
2021-02-13,7217,0,1332726,0
2021-02-14,2856,0,1335582,0
2021-02-15,6828,0,1342410,0
2021-02-16,6974,0,1349384,0
2021-02-17,10500,0,1359884,0
2021-02-18,9220,0,1369104,0
2021-02-19,8182,0,1377286,0
2021-02-20,5482,0,1382768,0
2021-02-21,2952,0,1385720,0
2021-02-22,6843,0,1392563,0
2021-02-23,7115,0,1399678,0
2021-02-24,9801,0,1409479,0
2021-02-25,14174,0,1423653,0
2021-02-26,17512,0,1441165,0
2021-02-27,13863,0,1455028,0
2021-02-28,9354,0,1464382,0
2021-03-01,26453,0,1490835,0
2021-03-02,33185,0,1524020,0
2021-03-03,44613,0,1568633,0
2021-03-04,50226,0,1618859,0
2021-03-05,55756,0,1674615,0
2021-03-06,41845,0,1716460,0
2021-03-07,22300,0,1738760,0
2021-03-08,50547,0,1789307,0
2021-03-09,52919,0,1842226,0
2021-03-10,58536,0,1900762,0
2021-03-11,63760,0,1964522,0
2021-03-12,65025,0,2029547,0
2021-03-13,51658,0,2081205,0
2021-03-14,35350,0,2116555,0
2021-03-15,73368,0,2189923,0
2021-03-16,73994,0,2263917,0
2021-03-17,83099,0,2347016,0
2021-03-18,81593,0,2428609,0
2021-03-19,81035,0,2509644,0
2021-03-20,64650,0,2574294,0
2021-03-21,47253,0,2621547,0
2021-03-22,69407,0,2690954,0
2021-03-23,75708,0,2766662,0
2021-03-24,90793,0,2857455,0
2021-03-25,89717,0,2947172,0
2021-03-26,83505,0,3030677,0
2021-03-27,71828,0,3102505,0
2021-03-28,44049,0,3146554,0
2021-03-29,70705,0,3217259,0
2021-03-30,81264,0,3298523,0
2021-03-31,96110,0,3394633,0
2021-04-01,95219,0,3489852,0
2021-04-02,84004,0,3573856,0
2021-04-03,64252,0,3638108,0
2021-04-04,21696,0,3659804,0
2021-04-05,40266,0,3700070,0
2021-04-06,81239,0,3781309,0
2021-04-07,95735,0,3877044,0
2021-04-08,95161,0,3972205,0
2021-04-09,88413,0,4060618,0
2021-04-10,73955,0,4134573,0
2021-04-11,44706,0,4179279,0
2021-04-12,66848,0,4246127,0
2021-04-13,72509,0,4318636,0
2021-04-14,85438,0,4404074,0
2021-04-15,105326,0,4509400,0
2021-04-16,106323,0,4615723,0
2021-04-17,90419,0,4706142,0
2021-04-18,58535,0,4764677,0
2021-04-19,93388,0,4858065,0
2021-04-20,103695,0,4961760,0
2021-04-21,125268,0,5087028,0
2021-04-22,143427,0,5230455,0
2021-04-23,138620,0,5369075,0
2021-04-24,124367,0,5493442,0
2021-04-25,61404,0,5554846,0
2021-04-26,97812,0,5652658,0
2021-04-27,128267,0,5780925,0
2021-04-28,156250,0,5937175,0
2021-04-29,195454,0,6132629,0
2021-04-30,214439,0,6347068,0
2021-05-01,174016,0,6521084,0
2021-05-02,135729,0,6656813,0
2021-05-03,141896,0,6798709,0
2021-05-04,158604,0,6957313,0
2021-05-05,170362,0,7127675,0
2021-05-06,197697,0,7325372,0
2021-05-07,213684,0,7539056,0
2021-05-08,213290,0,7752346,0
2021-05-09,143086,0,7895432,0
2021-05-10,164995,0,8060427,0
2021-05-11,174831,0,8235258,0
2021-05-12,179011,0,8414269,0
2021-05-13,203177,0,8617446,0
2021-05-14,222760,0,8840206,0
2021-05-15,210182,0,9050388,0
2021-05-16,159155,0,9209543,0
2021-05-17,219082,0,9428625,0
2021-05-18,212895,0,9641520,0
2021-05-19,206949,0,9848469,0
2021-05-20,270710,0,10119179,0
2021-05-21,270715,0,10389894,0
2021-05-22,245407,0,10635301,0
2021-05-23,197102,0,10832403,0
2021-05-24,228218,0,11060621,0
2021-05-25,245593,0,11306214,0
2021-05-26,277395,0,11583609,0
2021-05-27,310935,0,11894544,0
2021-05-28,299446,0,12193990,0
2021-05-29,231068,0,12425058,0
2021-05-30,170733,0,12595791,0
2021-05-31,216281,0,12812072,0
2021-06-01,207533,0,13019605,0
2021-06-02,115670,0,13135275,0
2021-06-03,179926,0,13315201,0
2021-06-04,184632,0,13499833,0
2021-06-05,185782,0,13685615,0
2021-06-06,139335,0,13824950,0
2021-06-07,161628,0,13986578,0
2021-06-08,170913,0,14157491,0
2021-06-09,171218,0,14328709,0
2021-06-10,173797,0,14502506,0
2021-06-11,169693,0,14672199,0
2021-06-12,128108,0,14800307,0
2021-06-13,90989,0,14891296,0
2021-06-14,214488,0,15105784,0
2021-06-15,228210,0,15333994,0
2021-06-16,252887,0,15586881,0
2021-06-17,301520,0,15888401,0
2021-06-18,306097,0,16194498,0
2021-06-19,274928,0,16469426,0
2021-06-20,220552,0,16689978,0
2021-06-21,287897,0,16977875,0
2021-06-22,296025,0,17273900,0
2021-06-23,302592,0,17576492,0
2021-06-24,332418,0,17908910,0
2021-06-25,348586,0,18257496,0
2021-06-26,299964,0,18557460,0
2021-06-27,228518,0,18785978,0
2021-06-28,306865,0,19092843,0
2021-06-29,329043,0,19421886,0
2021-06-30,341956,0,19763842,0
2021-07-01,362994,0,20126836,0
2021-07-02,368320,0,20495156,0
2021-07-03,370994,0,20866150,0
2021-07-04,283073,0,21149223,0
2021-07-05,384411,0,21533634,0
2021-07-06,385297,0,21918931,0
2021-07-07,411962,0,22330893,0
2021-07-08,479621,0,22810514,0
2021-07-09,498501,0,23309015,0
2021-07-10,475162,0,23784177,0
2021-07-11,357701,0,24141878,0
2021-07-12,485905,0,24627783,0
2021-07-13,492153,0,25119936,0
2021-07-14,480469,0,25600405,0
2021-07-15,523513,0,26123918,0
2021-07-16,509778,0,26633696,0
2021-07-17,464434,0,27098130,0
2021-07-18,364706,0,27462836,0
2021-07-19,463076,0,27925912,0
2021-07-20,458099,0,28384011,0
2021-07-21,462764,0,28846775,0
2021-07-22,475365,0,29322140,0
2021-07-23,441240,0,29763380,0
2021-07-24,386133,0,30149513,0
2021-07-25,287578,0,30437091,0
2021-07-26,430841,0,30867932,0
2021-07-27,440055,0,31307987,0
2021-07-28,390931,0,31698918,0
2021-07-29,371997,0,32070915,0
2021-07-30,341316,0,32412231,0
2021-07-31,286898,0,32699129,0
2021-08-01,190830,0,32889959,0
2021-08-02,333544,0,33223503,0
2021-08-03,323084,0,33546587,0
2021-08-04,310835,0,33857422,0
2021-08-05,292453,0,34149875,0
2021-08-06,259896,0,34409771,0
2021-08-07,198936,0,34608707,0
2021-08-08,153024,0,34761731,0
2021-08-09,233957,0,34995688,0
2021-08-10,205136,0,35200824,0
2021-08-11,193578,0,35394402,0
2021-08-12,167771,0,35562173,0
2021-08-13,148436,0,35710609,0
2021-08-14,66022,0,35776631,0
2021-08-15,26310,0,35802941,0
2021-08-16,114566,0,35917507,0
2021-08-17,129142,0,36046649,0
2021-08-18,128626,0,36175275,0
2021-08-19,124656,0,36299931,0
2021-08-20,123677,0,36423608,0
2021-08-21,83028,0,36506636,0
2021-08-22,68105,0,36574741,0
2021-08-23,176757,0,36751498,0
2021-08-24,156818,0,36908316,0
2021-08-25,177071,0,37085387,0
2021-08-26,172258,0,37257645,0
2021-08-27,185804,0,37443449,0
2021-08-28,140183,0,37583632,0
2021-08-29,98990,0,37682622,0
2021-08-30,209561,0,37892183,0
2021-08-31,194493,0,38086676,0
2021-09-01,192098,0,38278774,0
2021-09-02,189826,0,38468600,0
2021-09-03,191296,0,38659896,0
2021-09-04,131452,0,38791348,0
2021-09-05,87840,0,38879188,0
2021-09-06,193649,0,39072837,0
2021-09-07,195983,0,39268820,0
2021-09-08,187870,0,39456690,0
2021-09-09,201429,0,39658119,0
2021-09-10,198021,0,39856140,0
2021-09-11,141248,0,39997388,0
2021-09-12,89551,0,40086939,0
2021-09-13,191175,360,40278114,360
2021-09-14,177226,440,40455340,800
2021-09-15,163058,467,40618398,1267
2021-09-16,160044,801,40778442,2068
2021-09-17,150076,1011,40928518,3079
2021-09-18,127876,660,41056394,3739
2021-09-19,81058,446,41137452,4185
2021-09-20,179932,8959,41317384,13144
2021-09-21,166466,8737,41483850,21881
2021-09-22,158883,9371,41642733,31252
2021-09-23,137920,9246,41780653,40498
2021-09-24,140375,8867,41921028,49365
2021-09-25,119447,5560,42040475,54925
2021-09-26,71838,4305,42112313,59230
2021-09-27,135450,9980,42247763,69210
2021-09-28,117303,11322,42365066,80532
2021-09-29,112135,11766,42477201,92298
2021-09-30,110054,14862,42587255,107160
2021-10-01,94826,19048,42682081,126208
2021-10-02,78322,13987,42760403,140195
2021-10-03,47593,7635,42807996,147830
2021-10-04,88225,34376,42896221,182206
2021-10-05,80233,33924,42976454,216130
2021-10-06,71864,34083,43048318,250213
2021-10-07,71663,34293,43119981,284506
2021-10-08,80486,33513,43200467,318019
2021-10-09,75964,22120,43276431,340139
2021-10-10,45683,13591,43322114,353730
2021-10-11,87262,41017,43409376,394747
2021-10-12,84336,46817,43493712,441564
2021-10-13,88003,52030,43581715,493594
2021-10-14,91315,58399,43673030,551993
2021-10-15,93399,55502,43766429,607495
2021-10-16,82822,36723,43849251,644218
2021-10-17,51352,23786,43900603,668004
2021-10-18,90176,59354,43990779,727358
2021-10-19,78208,69320,44068987,796678
2021-10-20,74937,78084,44143924,874762
2021-10-21,78178,81654,44222102,956416
2021-10-22,73724,76926,44295826,1033342
2021-10-23,60714,51909,44356540,1085251
2021-10-24,33341,23410,44389881,1108661
2021-10-25,64813,81562,44454694,1190223
2021-10-26,58303,91690,44512997,1281913
2021-10-27,58260,103886,44571257,1385799
2021-10-28,61392,114006,44632649,1499805
2021-10-29,61621,103002,44694270,1602807
2021-10-30,50614,68050,44744884,1670857
2021-10-31,25141,28254,44770025,1699111
2021-11-01,19025,28128,44789050,1727239
2021-11-02,62732,89263,44851782,1816502
2021-11-03,60677,118575,44912459,1935077
2021-11-04,59183,126539,44971642,2061616
2021-11-05,63024,135074,45034666,2196690
2021-11-06,46411,90909,45081077,2287599
2021-11-07,22218,37860,45103295,2325459
2021-11-08,51450,131219,45154745,2456678
2021-11-09,45351,144084,45200096,2600762
2021-11-10,42522,156248,45242618,2757010
2021-11-11,44869,155062,45287487,2912072
2021-11-12,46295,158493,45333782,3070565
2021-11-13,33187,116643,45366969,3187208
2021-11-14,14447,52417,45381416,3239625
2021-11-15,36820,157303,45418236,3396928
2021-11-16,30471,171321,45448707,3568249
2021-11-17,28351,178381,45477058,3746630
2021-11-18,30158,193606,45507216,3940236
2021-11-19,28704,205730,45535920,4145966
2021-11-20,20916,156447,45556836,4302413
2021-11-21,10562,64814,45567398,4367227
2021-11-22,21856,213082,45589254,4580309
2021-11-23,23467,241643,45612721,4821952
2021-11-24,27720,270865,45640441,5092817
2021-11-25,23112,301829,45663553,5394646
2021-11-26,24453,318180,45688006,5712826
2021-11-27,21265,266064,45709271,5978890
2021-11-28,9848,136999,45719119,6115889
2021-11-29,22181,325962,45741300,6441851
2021-11-30,22941,365733,45764241,6807584
2021-12-01,21350,413450,45785591,7221034
2021-12-02,23607,440290,45809198,7661324
2021-12-03,25062,467319,45834260,8128643
2021-12-04,22210,418663,45856470,8547306
2021-12-05,11808,261286,45868278,8808592
2021-12-06,25582,457466,45893860,9266058
2021-12-07,23927,480123,45917787,9746181
2021-12-08,9903,249619,45927690,9995800
2021-12-09,31338,491850,45959028,10487650
2021-12-10,27868,517768,45986896,11005418
2021-12-11,23391,459158,46010287,11464576
2021-12-12,12198,293434,46022485,11758010
2021-12-13,25946,467518,46048431,12225528
2021-12-14,24975,494097,46073406,12719625
2021-12-15,25120,517026,46098526,13236651
2021-12-16,27589,520101,46126115,13756752
2021-12-17,29105,517018,46155220,14273770
2021-12-18,26760,468623,46181980,14742393
2021-12-19,14982,300448,46196962,15042841
2021-12-20,30376,477357,46227338,15520198
2021-12-21,30149,493209,46257487,16013407
2021-12-22,29173,484565,46286660,16497972
2021-12-23,27963,426808,46314623,16924780
2021-12-24,13002,210763,46327625,17135543
2021-12-25,2093,33049,46329718,17168592
2021-12-26,8671,159036,46338389,17327628
2021-12-27,46472,504538,46384861,17832166
2021-12-28,42076,554083,46426937,18386249
2021-12-29,33941,550533,46460878,18936782
2021-12-30,31473,499713,46492351,19436495
2021-12-31,13930,247341,46506281,19683836
2022-01-01,3447,64793,46509728,19748629
2022-01-02,22488,276685,46532216,20025314
2022-01-03,47323,520863,46579539,20546177
2022-01-04,45847,572919,46625386,21119096
2022-01-05,40077,561198,46665463,21680294
2022-01-06,23045,274410,46688508,21954704
2022-01-07,62956,554984,46751464,22509688
2022-01-08,59919,503268,46811383,23012956
2022-01-09,42017,319623,46853400,23332579
2022-01-10,60385,543059,46913785,23875638
2022-01-11,60891,587779,46974676,24463417
2022-01-12,57530,582053,47032206,25045470
2022-01-13,57750,581107,47089956,25626577
2022-01-14,45807,589159,47135763,26215736
2022-01-15,38154,569499,47173917,26785235
2022-01-16,30447,341436,47204364,27126671
2022-01-17,54027,490399,47258391,27617070
2022-01-18,57698,517702,47316089,28134772
2022-01-19,56471,503463,47372560,28638235
2022-01-20,53662,499497,47426222,29137732
2022-01-21,41250,494542,47467472,29632274
2022-01-22,30191,469419,47497663,30101693
2022-01-23,34333,275251,47531996,30376944
2022-01-24,55567,437971,47587563,30814915
2022-01-25,60999,452870,47648562,31267785
2022-01-26,57840,436532,47706402,31704317
2022-01-27,48139,433015,47754541,32137332
2022-01-28,57849,437248,47812390,32574580
2022-01-29,67158,411997,47879548,32986577
2022-01-30,49716,235724,47929264,33222301
2022-01-31,59611,357717,47988875,33580018
2022-02-01,64687,329207,48053562,33909225
2022-02-02,62380,297586,48115942,34206811
2022-02-03,59389,275133,48175331,34481944
2022-02-04,71659,269008,48246990,34750952
2022-02-05,82714,248276,48329704,34999228
2022-02-06,54714,116115,48384418,35115343
2022-02-07,64507,200603,48448925,35315946
2022-02-08,66183,186741,48515108,35502687
2022-02-09,58148,166886,48573256,35669573
2022-02-10,57974,163715,48631230,35833288
2022-02-11,61684,162873,48692914,35996161
2022-02-12,71281,152021,48764195,36148182
2022-02-13,41118,68774,48805313,36216956
2022-02-14,46289,116684,48851602,36333640
2022-02-15,48035,123945,48899637,36457585
2022-02-16,45226,106465,48944863,36564050
2022-02-17,42542,98278,48987405,36662328
2022-02-18,46255,112689,49033660,36775017
2022-02-19,52140,100247,49085800,36875264
2022-02-20,31243,40254,49117043,36915518
2022-02-21,37684,89689,49154727,37005207
2022-02-22,36939,83752,49191666,37088959
2022-02-23,33156,79339,49224822,37168298
2022-02-24,32314,78067,49257136,37246365
2022-02-25,34494,90598,49291630,37336963
2022-02-26,38818,88879,49330448,37425842
2022-02-27,22406,35718,49352854,37461560
2022-02-28,28217,81646,49381071,37543206
2022-03-01,22346,53935,49403417,37597141
2022-03-02,21697,50437,49425114,37647578
2022-03-03,22274,54733,49447388,37702311
2022-03-04,22817,62493,49470205,37764804
2022-03-05,23399,57780,49493604,37822584
2022-03-06,9359,17133,49502963,37839717
2022-03-07,15625,50993,49518588,37890710
2022-03-08,7269,23657,49525857,37914367