data_somministrazione,vaccinazioni,booster,cum_vaccinazioni,cum_booster
2020-12-27,18,0,18,0
2020-12-28,2,0,20,0
2020-12-29,1,0,21,0
2020-12-30,6,0,27,0
2020-12-31,52,0,79,0
2021-01-01,20,0,99,0
2021-01-02,88,0,187,0
2021-01-03,67,0,254,0
2021-01-04,181,0,435,0
2021-01-05,222,0,657,0
2021-01-06,176,0,833,0
2021-01-07,261,0,1094,0
2021-01-08,311,0,1405,0
2021-01-09,232,0,1637,0
2021-01-10,138,0,1775,0
2021-01-11,254,0,2029,0
2021-01-12,258,0,2287,0
2021-01-13,370,0,2657,0
2021-01-14,460,0,3117,0
2021-01-15,281,0,3398,0
2021-01-16,195,0,3593,0
2021-01-17,3054,0,6647,0
2021-01-18,5205,0,11852,0
2021-01-19,1890,0,13742,0
2021-01-20,4650,0,18392,0
2021-01-21,20009,0,38401,0
2021-01-22,14201,0,52602,0
2021-01-23,33344,0,85946,0
2021-01-24,30794,0,116740,0
2021-01-25,64748,0,181488,0
2021-01-26,76508,0,257996,0
2021-01-27,64856,0,322852,0
2021-01-28,89318,0,412170,0
2021-01-29,94047,0,506217,0
2021-01-30,86586,0,592803,0
2021-01-31,57345,0,650148,0
2021-02-01,81882,0,732030,0
2021-02-02,82149,0,814179,0
2021-02-03,91202,0,905381,0
2021-02-04,95406,0,1000787,0
2021-02-05,90294,0,1091081,0
2021-02-06,63451,0,1154532,0
2021-02-07,32925,0,1187457,0
2021-02-08,40433,0,1227890,0
2021-02-09,32863,0,1260753,0
2021-02-10,28412,0,1289165,0
2021-02-11,20379,0,1309544,0
2021-02-12,16219,0,1325763,0
2021-02-13,7239,0,1333002,0
2021-02-14,2861,0,1335863,0
2021-02-15,6835,0,1342698,0
2021-02-16,6991,0,1349689,0
2021-02-17,10517,0,1360206,0
2021-02-18,9241,0,1369447,0
2021-02-19,8230,0,1377677,0
2021-02-20,5530,0,1383207,0
2021-02-21,2975,0,1386182,0
2021-02-22,6875,0,1393057,0
2021-02-23,7153,0,1400210,0
2021-02-24,9822,0,1410032,0
2021-02-25,14197,0,1424229,0
2021-02-26,17544,0,1441773,0
2021-02-27,13894,0,1455667,0
2021-02-28,9381,0,1465048,0
2021-03-01,26505,0,1491553,0
2021-03-02,33229,0,1524782,0
2021-03-03,44642,0,1569424,0
2021-03-04,50289,0,1619713,0
2021-03-05,55733,0,1675446,0
2021-03-06,41868,0,1717314,0
2021-03-07,22318,0,1739632,0
2021-03-08,50787,0,1790419,0
2021-03-09,53055,0,1843474,0
2021-03-10,58614,0,1902088,0
2021-03-11,63820,0,1965908,0
2021-03-12,65085,0,2030993,0
2021-03-13,51695,0,2082688,0
2021-03-14,35382,0,2118070,0
2021-03-15,73419,0,2191489,0
2021-03-16,74021,0,2265510,0
2021-03-17,83126,0,2348636,0
2021-03-18,81616,0,2430252,0
2021-03-19,81078,0,2511330,0
2021-03-20,64700,0,2576030,0
2021-03-21,47285,0,2623315,0
2021-03-22,69464,0,2692779,0
2021-03-23,75773,0,2768552,0
2021-03-24,90873,0,2859425,0
2021-03-25,89775,0,2949200,0
2021-03-26,83586,0,3032786,0
2021-03-27,71903,0,3104689,0
2021-03-28,44111,0,3148800,0
2021-03-29,70794,0,3219594,0
2021-03-30,81343,0,3300937,0
2021-03-31,96194,0,3397131,0
2021-04-01,95283,0,3492414,0
2021-04-02,84060,0,3576474,0
2021-04-03,64290,0,3640764,0
2021-04-04,21713,0,3662477,0
2021-04-05,40293,0,3702770,0
2021-04-06,81288,0,3784058,0
2021-04-07,95791,0,3879849,0
2021-04-08,95215,0,3975064,0
2021-04-09,88464,0,4063528,0
2021-04-10,74010,0,4137538,0
2021-04-11,44740,0,4182278,0
2021-04-12,66898,0,4249176,0
2021-04-13,72551,0,4321727,0
2021-04-14,85512,0,4407239,0
2021-04-15,105391,0,4512630,0
2021-04-16,106395,0,4619025,0
2021-04-17,90474,0,4709499,0
2021-04-18,58580,0,4768079,0
2021-04-19,93424,0,4861503,0
2021-04-20,103752,0,4965255,0
2021-04-21,125320,0,5090575,0
2021-04-22,143499,0,5234074,0
2021-04-23,138701,0,5372775,0
2021-04-24,124426,0,5497201,0
2021-04-25,61445,0,5558646,0
2021-04-26,97867,0,5656513,0
2021-04-27,128342,0,5784855,0
2021-04-28,156341,0,5941196,0
2021-04-29,195564,0,6136760,0
2021-04-30,214543,0,6351303,0
2021-05-01,174080,0,6525383,0
2021-05-02,135783,0,6661166,0
2021-05-03,141988,0,6803154,0
2021-05-04,158672,0,6961826,0
2021-05-05,170455,0,7132281,0
2021-05-06,197777,0,7330058,0
2021-05-07,213784,0,7543842,0
2021-05-08,213365,0,7757207,0
2021-05-09,143182,0,7900389,0
2021-05-10,165061,0,8065450,0
2021-05-11,174933,0,8240383,0
2021-05-12,179122,0,8419505,0
2021-05-13,203334,0,8622839,0
2021-05-14,222875,0,8845714,0
2021-05-15,210313,0,9056027,0
2021-05-16,159247,0,9215274,0
2021-05-17,219166,0,9434440,0
2021-05-18,212988,0,9647428,0
2021-05-19,207044,0,9854472,0
2021-05-20,270825,0,10125297,0
2021-05-21,270840,0,10396137,0
2021-05-22,245500,0,10641637,0
2021-05-23,197163,0,10838800,0
2021-05-24,228276,0,11067076,0
2021-05-25,245667,0,11312743,0
2021-05-26,277464,0,11590207,0
2021-05-27,311056,0,11901263,0
2021-05-28,299536,0,12200799,0
2021-05-29,231179,0,12431978,0
2021-05-30,170806,0,12602784,0
2021-05-31,216382,0,12819166,0
2021-06-01,207615,0,13026781,0
2021-06-02,115748,0,13142529,0
2021-06-03,180072,0,13322601,0
2021-06-04,184815,0,13507416,0
2021-06-05,185888,0,13693304,0
2021-06-06,139485,0,13832789,0
2021-06-07,161790,0,13994579,0
2021-06-08,171117,0,14165696,0
2021-06-09,171382,0,14337078,0
2021-06-10,173983,0,14511061,0
2021-06-11,169895,0,14680956,0
2021-06-12,128267,0,14809223,0
2021-06-13,91110,0,14900333,0
2021-06-14,214608,0,15114941,0
2021-06-15,228344,0,15343285,0
2021-06-16,253002,0,15596287,0
2021-06-17,301668,0,15897955,0
2021-06-18,306222,0,16204177,0
2021-06-19,275024,0,16479201,0
2021-06-20,220692,0,16699893,0
2021-06-21,288008,0,16987901,0
2021-06-22,296155,0,17284056,0
2021-06-23,302646,0,17586702,0
2021-06-24,332524,0,17919226,0
2021-06-25,348674,0,18267900,0
2021-06-26,300072,0,18567972,0
2021-06-27,228596,0,18796568,0
2021-06-28,307007,0,19103575,0
2021-06-29,329201,0,19432776,0
2021-06-30,342068,0,19774844,0
2021-07-01,363126,0,20137970,0
2021-07-02,368415,0,20506385,0
2021-07-03,371054,0,20877439,0
2021-07-04,283180,0,21160619,0
2021-07-05,384491,0,21545110,0
2021-07-06,385411,0,21930521,0
2021-07-07,412044,0,22342565,0
2021-07-08,479631,0,22822196,0
2021-07-09,498506,0,23320702,0
2021-07-10,475179,0,23795881,0
2021-07-11,357701,0,24153582,0
2021-07-12,485920,0,24639502,0
2021-07-13,492158,0,25131660,0
2021-07-14,480489,0,25612149,0
2021-07-15,523521,0,26135670,0
2021-07-16,509794,0,26645464,0
2021-07-17,464380,0,27109844,0
2021-07-18,364706,0,27474550,0
2021-07-19,463083,0,27937633,0
2021-07-20,458106,0,28395739,0
2021-07-21,462821,0,28858560,0
2021-07-22,475397,0,29333957,0
2021-07-23,441312,0,29775269,0
2021-07-24,386189,0,30161458,0
2021-07-25,287614,0,30449072,0
2021-07-26,430912,0,30879984,0
2021-07-27,440131,0,31320115,0
2021-07-28,391028,0,31711143,0
2021-07-29,372082,0,32083225,0
2021-07-30,341482,0,32424707,0
2021-07-31,286990,0,32711697,0
2021-08-01,191018,0,32902715,0
2021-08-02,333718,0,33236433,0
2021-08-03,323182,0,33559615,0
2021-08-04,310962,0,33870577,0
2021-08-05,292518,0,34163095,0
2021-08-06,259987,0,34423082,0
2021-08-07,199028,0,34622110,0
2021-08-08,153101,0,34775211,0
2021-08-09,234062,0,35009273,0
2021-08-10,205237,0,35214510,0
2021-08-11,193731,0,35408241,0
2021-08-12,167941,0,35576182,0
2021-08-13,148575,0,35724757,0
2021-08-14,66082,0,35790839,0
2021-08-15,26329,0,35817168,0
2021-08-16,114661,0,35931829,0
2021-08-17,129225,0,36061054,0
2021-08-18,128720,0,36189774,0
2021-08-19,124768,0,36314542,0
2021-08-20,123772,0,36438314,0
2021-08-21,83099,0,36521413,0
2021-08-22,68159,0,36589572,0
2021-08-23,176860,0,36766432,0
2021-08-24,156895,0,36923327,0
2021-08-25,177166,0,37100493,0
2021-08-26,172341,0,37272834,0
2021-08-27,185856,0,37458690,0
2021-08-28,140265,0,37598955,0
2021-08-29,99012,0,37697967,0
2021-08-30,209627,0,37907594,0
2021-08-31,194621,0,38102215,0
2021-09-01,192210,0,38294425,0
2021-09-02,189937,0,38484362,0
2021-09-03,191355,0,38675717,0
2021-09-04,131492,0,38807209,0
2021-09-05,87874,0,38895083,0
2021-09-06,193662,0,39088745,0
2021-09-07,196075,0,39284820,0
2021-09-08,187920,0,39472740,0
2021-09-09,201486,0,39674226,0
2021-09-10,198116,0,39872342,0
2021-09-11,141337,0,40013679,0
2021-09-12,89606,0,40103285,0
2021-09-13,191190,515,40294475,515
2021-09-14,177278,549,40471753,1064
2021-09-15,163129,552,40634882,1616
2021-09-16,160103,892,40794985,2508
2021-09-17,150171,1088,40945156,3596
2021-09-18,127972,714,41073128,4310
2021-09-19,81131,478,41154259,4788
2021-09-20,180077,9047,41334336,13835
2021-09-21,166611,8812,41500947,22647
2021-09-22,159063,9414,41660010,32061
2021-09-23,138065,9308,41798075,41369
2021-09-24,140527,8940,41938602,50309
2021-09-25,119532,5621,42058134,55930
2021-09-26,71943,4332,42130077,60262
2021-09-27,135615,10030,42265692,70292
2021-09-28,117467,11369,42383159,81661
2021-09-29,112303,11819,42495462,93480
2021-09-30,110214,14925,42605676,108405
2021-10-01,94952,19096,42700628,127501
2021-10-02,78457,14010,42779085,141511
2021-10-03,47712,7651,42826797,149162
2021-10-04,88369,34435,42915166,183597
2021-10-05,80351,33961,42995517,217558
2021-10-06,71968,34143,43067485,251701
2021-10-07,71834,34334,43139319,286035
2021-10-08,80607,33579,43219926,319614
2021-10-09,76091,22157,43296017,341771
2021-10-10,45768,13608,43341785,355379
2021-10-11,87394,41092,43429179,396471
2021-10-12,84476,46883,43513655,443354
2021-10-13,88183,52092,43601838,495446
2021-10-14,91506,58485,43693344,553931
2021-10-15,93574,55604,43786918,609535
2021-10-16,82949,36768,43869867,646303
2021-10-17,51457,23818,43921324,670121
2021-10-18,90278,59467,44011602,729588
2021-10-19,78333,69361,44089935,798949
2021-10-20,75073,78140,44165008,877089
2021-10-21,78304,81729,44243312,958818
2021-10-22,73796,77004,44317108,1035822
2021-10-23,60808,51945,44377916,1087767
2021-10-24,33387,23435,44411303,1111202
2021-10-25,64901,81612,44476204,1192814
2021-10-26,58368,91765,44534572,1284579
2021-10-27,58326,103944,44592898,1388523
2021-10-28,61460,114087,44654358,1502610
2021-10-29,61668,103089,44716026,1605699
2021-10-30,50674,68102,44766700,1673801
2021-10-31,25167,28280,44791867,1702081
2021-11-01,19046,28145,44810913,1730226
2021-11-02,62780,89347,44873693,1819573
2021-11-03,60732,118647,44934425,1938220
2021-11-04,59246,126641,44993671,2064861
2021-11-05,63101,135153,45056772,2200014
2021-11-06,46470,90918,45103242,2290932
2021-11-07,22253,37889,45125495,2328821
2021-11-08,51526,131247,45177021,2460068
2021-11-09,45401,144176,45222422,2604244
2021-11-10,42573,156340,45264995,2760584
2021-11-11,44933,155122,45309928,2915706
2021-11-12,46368,158550,45356296,3074256
2021-11-13,33251,116641,45389547,3190897
2021-11-14,14475,52445,45404022,3243342
2021-11-15,36893,157409,45440915,3400751
2021-11-16,30538,171364,45471453,3572115
2021-11-17,28436,178425,45499889,3750540
2021-11-18,30273,193699,45530162,3944239
2021-11-19,28788,205832,45558950,4150071
2021-11-20,20983,156430,45579933,4306501
2021-11-21,10604,64850,45590537,4371351
2021-11-22,21924,213134,45612461,4584485
2021-11-23,23552,241731,45636013,4826216
2021-11-24,27818,270932,45663831,5097148
2021-11-25,23209,301891,45687040,5399039
2021-11-26,24555,318252,45711595,5717291
2021-11-27,21361,266140,45732956,5983431
2021-11-28,9886,137050,45742842,6120481
2021-11-29,22301,326052,45765143,6446533
2021-11-30,23061,365813,45788204,6812346
2021-12-01,21496,413489,45809700,7225835
2021-12-02,23738,440375,45833438,7666210
2021-12-03,25197,467436,45858635,8133646
2021-12-04,22329,418718,45880964,8552364
2021-12-05,11898,261326,45892862,8813690
2021-12-06,25784,457552,45918646,9271242
2021-12-07,24093,480236,45942739,9751478
2021-12-08,9977,249673,45952716,10001151
2021-12-09,31531,491901,45984247,10493052
2021-12-10,28017,517850,46012264,11010902
2021-12-11,23523,459228,46035787,11470130
2021-12-12,12282,293488,46048069,11763618
2021-12-13,26114,467604,46074183,12231222
2021-12-14,25131,494178,46099314,12725400
2021-12-15,25288,517118,46124602,13242518
2021-12-16,27833,520217,46152435,13762735
2021-12-17,29298,517147,46181733,14279882
2021-12-18,26978,468700,46208711,14748582
2021-12-19,15112,300506,46223823,15049088
2021-12-20,30563,477454,46254386,15526542
2021-12-21,30307,493360,46284693,16019902
2021-12-22,29387,484682,46314080,16504584
2021-12-23,28177,426885,46342257,16931469
2021-12-24,13093,210812,46355350,17142281
2021-12-25,2101,33053,46357451,17175334
2021-12-26,8740,159059,46366191,17334393
2021-12-27,46700,504637,46412891,17839030
2021-12-28,42367,554181,46455258,18393211
2021-12-29,34230,550629,46489488,18943840
2021-12-30,31735,499802,46521223,19443642
2021-12-31,14074,247389,46535297,19691031
2022-01-01,3483,64811,46538780,19755842
2022-01-02,22690,276715,46561470,20032557
2022-01-03,47682,519998,46609152,20552555
2022-01-04,46181,572059,46655333,21124614
2022-01-05,40580,560371,46695913,21684985
2022-01-06,23375,274476,46719288,21959461
2022-01-07,63489,554167,46782777,22513628
2022-01-08,60638,503361,46843415,23016989
2022-01-09,42660,319681,46886075,23336670
2022-01-10,60889,542258,46946964,23878928
2022-01-11,61484,586967,47008448,24465895
2022-01-12,58224,581266,47066672,25047161
2022-01-13,58371,580361,47125043,25627522
2022-01-14,46558,588550,47171601,26216072
2022-01-15,39087,569923,47210688,26785995
2022-01-16,31017,341846,47241705,27127841
2022-01-17,54600,489639,47296305,27617480
2022-01-18,58217,516999,47354522,28134479
2022-01-19,57037,502766,47411559,28637245
2022-01-20,54181,498797,47465740,29136042
2022-01-21,41902,493848,47507642,29629890
2022-01-22,30988,469582,47538630,30099472
2022-01-23,34802,275361,47573432,30374833
2022-01-24,56067,437197,47629499,30812030
2022-01-25,61424,452076,47690923,31264106
2022-01-26,58427,435803,47749350,31699909
2022-01-27,48740,432341,47798090,32132250
2022-01-28,58543,436515,47856633,32568765
2022-01-29,67973,412470,47924606,32981235
2022-01-30,50284,235960,47974890,33217195
2022-01-31,60469,356915,48035359,33574110
2022-02-01,65419,328419,48100778,33902529
2022-02-02,63069,296949,48163847,34199478
2022-02-03,59954,274505,48223801,34473983
2022-02-04,72267,268433,48296068,34742416
2022-02-05,83662,248518,48379730,34990934
2022-02-06,55216,116191,48434946,35107125
2022-02-07,65064,199922,48500010,35307047
2022-02-08,66858,186097,48566868,35493144
2022-02-09,58685,166325,48625553,35659469
2022-02-10,58479,163227,48684032,35822696
2022-02-11,62157,162446,48746189,35985142
2022-02-12,71906,152132,48818095,36137274
2022-02-13,41436,68848,48859531,36206122
2022-02-14,46624,116178,48906155,36322300
2022-02-15,48462,123475,48954617,36445775
2022-02-16,45624,106105,49000241,36551880
2022-02-17,42824,98095,49043065,36649975
2022-02-18,46562,112563,49089627,36762538
2022-02-19,52490,100324,49142117,36862862
2022-02-20,31400,40356,49173517,36903218
2022-02-21,37868,89636,49211385,36992854
2022-02-22,37175,83764,49248560,37076618
2022-02-23,33357,79399,49281917,37156017
2022-02-24,32534,78155,49314451,37234172
2022-02-25,34727,90700,49349178,37324872
2022-02-26,39127,89130,49388305,37414002
2022-02-27,22535,35854,49410840,37449856
2022-02-28,28447,81688,49439287,37531544
2022-03-01,22671,53932,49461958,37585476
2022-03-02,21976,50624,49483934,37636100
2022-03-03,22577,54936,49506511,37691036
2022-03-04,23200,62787,49529711,37753823
2022-03-05,23762,57949,49553473,37811772
2022-03-06,9467,17199,49562940,37828971
2022-03-07,15883,51386,49578823,37880357
2022-03-08,15433,48794,49594256,37929151
2022-03-09,13783,46510,49608039,37975661
2022-03-10,14011,52111,49622050,38027772
2022-03-11,15543,57244,49637593,38085016
2022-03-12,15476,56612,49653069,38141628
2022-03-13,5539,16848,49658608,38158476
2022-03-14,10505,46690,49669113,38205166
2022-03-15,10516,46891,49679629,38252057
2022-03-16,9459,41975,49689088,38294032
2022-03-17,9687,44872,49698775,38338904
2022-03-18,10142,49044,49708917,38387948
2022-03-19,9135,46530,49718052,38434478
2022-03-20,2603,11699,49720655,38446177
2022-03-21,7563,40212,49728218,38486389
2022-03-22,8428,37743,49736646,38524132
2022-03-23,7195,33694,49743841,38557826
2022-03-24,8239,38789,49752080,38596615
2022-03-25,8109,43659,49760189,38640274
2022-03-26,8114,41717,49768303,38681991
2022-03-27,2426,9681,49770729,38691672
2022-03-28,6093,35225,49776822,38726897
2022-03-29,5768,32522,49782590,38759419
2022-03-30,5549,30188,49788139,38789607
2022-03-31,5873,33166,49794012,38822773
2022-04-01,4337,25177,49798349,38847950
2022-04-02,4485,23269,49802834,38871219
2022-04-03,1045,4498,49803879,38875717
2022-04-04,3647,21532,49807526,38897249
2022-04-05,3743,22921,49811269,38920170
2022-04-06,4091,21830,49815360,38942000
2022-04-07,3947,23317,49819307,38965317
2022-04-08,4679,26707,49823986,38992024
2022-04-09,4372,23879,49828358,39015903
2022-04-10,891,4614,49829249,39020517
2022-04-11,3795,22679,49833044,39043196
2022-04-12,3350,21773,49836394,39064969
2022-04-13,3553,21334,49839947,39086303
2022-04-14,3474,23770,49843421,39110073
2022-04-15,3076,20612,49846497,39130685
2022-04-16,2145,11920,49848642,39142605
2022-04-17,63,348,49848705,39142953
2022-04-18,148,650,49848853,39143603
2022-04-19,3479,21976,49852332,39165579
2022-04-20,3490,20249,49855822,39185828
2022-04-21,2833,19774,49858655,39205602
2022-04-22,2908,20694,49861563,39226296
2022-04-23,2633,16204,49864196,39242500
2022-04-24,509,2335,49864705,39244835
2022-04-25,183,1165,49864888,39246000
2022-04-26,2752,17790,49867640,39263790
2022-04-27,2362,15777,49870002,39279567
2022-04-28,2344,15531,49872346,39295098
2022-04-29,2287,14831,49874633,39309929
2022-04-30,2115,11576,49876748,39321505
2022-05-01,113,530,49876861,39322035
2022-05-02,1440,9380,49878301,39331415
2022-05-03,1568,10305,49879869,39341720
2022-05-04,1745,10254,49881614,39351974
2022-05-05,1645,10261,49883259,39362235
2022-05-06,1692,10942,49884951,39373177
2022-05-07,1429,8562,49886380,39381739
2022-05-08,404,1514,49886784,39383253
2022-05-09,1023,8914,49887807,39392167
2022-05-10,1418,9536,49889225,39401703
2022-05-11,1476,10085,49890701,39411788
2022-05-12,1361,10117,49892062,39421905
2022-05-13,1586,10505,49893648,39432410
2022-05-14,1357,8225,49895005,39440635
2022-05-15,336,1129,49895341,39441764
2022-05-16,808,8386,49896149,39450150
2022-05-17,1241,8665,49897390,39458815
2022-05-18,1368,9206,49898758,39468021
2022-05-19,1494,9264,49900252,39477285
2022-05-20,1419,9488,49901671,39486773
2022-05-21,1299,7892,49902970,39494665
2022-05-22,232,1012,49903202,39495677
2022-05-23,824,8259,49904026,39503936
2022-05-24,1069,8662,49905095,39512598
2022-05-25,1363,9443,49906458,39522041
2022-05-26,1191,9452,49907649,39531493
2022-05-27,1223,9907,49908872,39541400
2022-05-28,1201,7870,49910073,39549270
2022-05-29,285,1263,49910358,39550533
2022-05-30,926,8023,49911284,39558556
2022-05-31,1032,8528,49912316,39567084
2022-06-01,890,7641,49913206,39574725
2022-06-02,34,474,49913240,39575199
2022-06-03,811,7326,49914051,39582525
2022-06-04,869,5155,49914920,39587680
2022-06-05,89,586,49915009,39588266
2022-06-06,663,6961,49915672,39595227
2022-06-07,928,7841,49916600,39603068
2022-06-08,977,7895,49917577,39610963
2022-06-09,1031,8398,49918608,39619361
2022-06-10,948,8534,49919556,39627895
2022-06-11,897,6208,49920453,39634103
2022-06-12,140,767,49920593,39634870
2022-06-13,600,6292,49921193,39641162
2022-06-14,823,7868,49922016,39649030
2022-06-15,948,7842,49922964,39656872
2022-06-16,726,7381,49923690,39664253
2022-06-17,715,7229,49924405,39671482
2022-06-18,774,5587,49925179,39677069
2022-06-19,45,522,49925224,39677591
2022-06-20,586,6690,49925810,39684281
2022-06-21,728,7635,49926538,39691916
2022-06-22,773,7298,49927311,39699214
2022-06-23,643,7451,49927954,39706665
2022-06-24,637,7450,49928591,39714115
2022-06-25,833,6530,49929424,39720645
2022-06-26,128,523,49929552,39721168
2022-06-27,527,7109,49930079,39728277
2022-06-28,739,8186,49930818,39736463
2022-06-29,755,7704,49931573,39744167
2022-06-30,737,8120,49932310,39752287
2022-07-01,573,6435,49932883,39758722
2022-07-02,533,4763,49933416,39763485
2022-07-03,49,455,49933465,39763940
2022-07-04,468,6251,49933933,39770191
2022-07-05,616,8103,49934549,39778294
2022-07-06,620,7566,49935169,39785860
2022-07-07,556,8237,49935725,39794097
2022-07-08,667,8058,49936392,39802155
2022-07-09,546,6101,49936938,39808256
2022-07-10,59,533,49936997,39808789
2022-07-11,473,7619,49937470,39816408
2022-07-12,647,8951,49938117,39825359
2022-07-13,621,10040,49938738,39835399
2022-07-14,617,10157,49939355,39845556
2022-07-15,611,10580,49939966,39856136
2022-07-16,510,7185,49940476,39863321
2022-07-17,48,766,49940524,39864087
2022-07-18,489,9308,49941013,39873395
2022-07-19,556,10512,49941569,39883907
2022-07-20,553,11132,49942122,39895039
2022-07-21,610,11875,49942732,39906914
2022-07-22,548,10984,49943280,39917898
2022-07-23,367,6633,49943647,39924531
2022-07-24,60,829,49943707,39925360
2022-07-25,538,8623,49944245,39933983