data_somministrazione,vaccinazioni,booster,cum_vaccinazioni,cum_booster
2020-12-27,16,0,16,0
2020-12-28,2,0,18,0
2020-12-29,1,0,19,0
2020-12-30,3,0,22,0
2020-12-31,34,0,56,0
2021-01-01,12,0,68,0
2021-01-02,53,0,121,0
2021-01-03,46,0,167,0
2021-01-04,123,0,290,0
2021-01-05,159,0,449,0
2021-01-06,135,0,584,0
2021-01-07,197,0,781,0
2021-01-08,245,0,1026,0
2021-01-09,172,0,1198,0
2021-01-10,110,0,1308,0
2021-01-11,199,0,1507,0
2021-01-12,207,0,1714,0
2021-01-13,311,0,2025,0
2021-01-14,411,0,2436,0
2021-01-15,249,0,2685,0
2021-01-16,165,0,2850,0
2021-01-17,3048,0,5898,0
2021-01-18,5184,0,11082,0
2021-01-19,1872,0,12954,0
2021-01-20,4660,0,17614,0
2021-01-21,20017,0,37631,0
2021-01-22,14196,0,51827,0
2021-01-23,33369,0,85196,0
2021-01-24,30794,0,115990,0
2021-01-25,64786,0,180776,0
2021-01-26,76708,0,257484,0
2021-01-27,64882,0,322366,0
2021-01-28,89397,0,411763,0
2021-01-29,94180,0,505943,0
2021-01-30,86802,0,592745,0
2021-01-31,57388,0,650133,0
2021-02-01,81944,0,732077,0
2021-02-02,82219,0,814296,0
2021-02-03,91387,0,905683,0
2021-02-04,95446,0,1001129,0
2021-02-05,90349,0,1091478,0
2021-02-06,63816,0,1155294,0
2021-02-07,32950,0,1188244,0
2021-02-08,40489,0,1228733,0
2021-02-09,32837,0,1261570,0
2021-02-10,28384,0,1289954,0
2021-02-11,20351,0,1310305,0
2021-02-12,16178,0,1326483,0
2021-02-13,7218,0,1333701,0
2021-02-14,2856,0,1336557,0
2021-02-15,6869,0,1343426,0
2021-02-16,6975,0,1350401,0
2021-02-17,10511,0,1360912,0
2021-02-18,9330,0,1370242,0
2021-02-19,8241,0,1378483,0
2021-02-20,5560,0,1384043,0
2021-02-21,2981,0,1387024,0
2021-02-22,6859,0,1393883,0
2021-02-23,7136,0,1401019,0
2021-02-24,9789,0,1410808,0
2021-02-25,14168,0,1424976,0
2021-02-26,17517,0,1442493,0
2021-02-27,13853,0,1456346,0
2021-02-28,9372,0,1465718,0
2021-03-01,26436,0,1492154,0
2021-03-02,33173,0,1525327,0
2021-03-03,44671,0,1569998,0
2021-03-04,50239,0,1620237,0
2021-03-05,55714,0,1675951,0
2021-03-06,41859,0,1717810,0
2021-03-07,22285,0,1740095,0
2021-03-08,50690,0,1790785,0
2021-03-09,53031,0,1843816,0
2021-03-10,58562,0,1902378,0
2021-03-11,63821,0,1966199,0
2021-03-12,65063,0,2031262,0
2021-03-13,51725,0,2082987,0
2021-03-14,35342,0,2118329,0
2021-03-15,73565,0,2191894,0
2021-03-16,74076,0,2265970,0
2021-03-17,83074,0,2349044,0
2021-03-18,81625,0,2430669,0
2021-03-19,81077,0,2511746,0
2021-03-20,64745,0,2576491,0
2021-03-21,47270,0,2623761,0
2021-03-22,69449,0,2693210,0
2021-03-23,75807,0,2769017,0
2021-03-24,90846,0,2859863,0
2021-03-25,89754,0,2949617,0
2021-03-26,83540,0,3033157,0
2021-03-27,71906,0,3105063,0
2021-03-28,44031,0,3149094,0
2021-03-29,70805,0,3219899,0
2021-03-30,81286,0,3301185,0
2021-03-31,96136,0,3397321,0
2021-04-01,95233,0,3492554,0
2021-04-02,84090,0,3576644,0
2021-04-03,64291,0,3640935,0
2021-04-04,21687,0,3662622,0
2021-04-05,40260,0,3702882,0
2021-04-06,81322,0,3784204,0
2021-04-07,95825,0,3880029,0
2021-04-08,95347,0,3975376,0
2021-04-09,88443,0,4063819,0
2021-04-10,74041,0,4137860,0
2021-04-11,44770,0,4182630,0
2021-04-12,67004,0,4249634,0
2021-04-13,72688,0,4322322,0
2021-04-14,85502,0,4407824,0
2021-04-15,105366,0,4513190,0
2021-04-16,106436,0,4619626,0
2021-04-17,90631,0,4710257,0
2021-04-18,58767,0,4769024,0
2021-04-19,93560,0,4862584,0
2021-04-20,103888,0,4966472,0
2021-04-21,125491,0,5091963,0
2021-04-22,143642,0,5235605,0
2021-04-23,138817,0,5374422,0
2021-04-24,124482,0,5498904,0
2021-04-25,61403,0,5560307,0
2021-04-26,97947,0,5658254,0
2021-04-27,128568,0,5786822,0
2021-04-28,156488,0,5943310,0
2021-04-29,195621,0,6138931,0
2021-04-30,214776,0,6353707,0
2021-05-01,174288,0,6527995,0
2021-05-02,136485,0,6664480,0
2021-05-03,142244,0,6806724,0
2021-05-04,158917,0,6965641,0
2021-05-05,171328,0,7136969,0
2021-05-06,198776,0,7335745,0
2021-05-07,214692,0,7550437,0
2021-05-08,213876,0,7764313,0
2021-05-09,143418,0,7907731,0
2021-05-10,165392,0,8073123,0
2021-05-11,175237,0,8248360,0
2021-05-12,179374,0,8427734,0
2021-05-13,203576,0,8631310,0
2021-05-14,223432,0,8854742,0
2021-05-15,211937,0,9066679,0
2021-05-16,160730,0,9227409,0
2021-05-17,219432,0,9446841,0
2021-05-18,213418,0,9660259,0
2021-05-19,207435,0,9867694,0
2021-05-20,271252,0,10138946,0
2021-05-21,271274,0,10410220,0
2021-05-22,246477,0,10656697,0
2021-05-23,198411,0,10855108,0
2021-05-24,228710,0,11083818,0
2021-05-25,247136,0,11330954,0
2021-05-26,278953,0,11609907,0
2021-05-27,312608,0,11922515,0
2021-05-28,300083,0,12222598,0
2021-05-29,231709,0,12454307,0
2021-05-30,172010,0,12626317,0
2021-05-31,217935,0,12844252,0
2021-06-01,208339,0,13052591,0
2021-06-02,116263,0,13168854,0
2021-06-03,180520,0,13349374,0
2021-06-04,186090,0,13535464,0
2021-06-05,186604,0,13722068,0
2021-06-06,140132,0,13862200,0
2021-06-07,162253,0,14024453,0
2021-06-08,171245,0,14195698,0
2021-06-09,171645,0,14367343,0
2021-06-10,174068,0,14541411,0
2021-06-11,169998,0,14711409,0
2021-06-12,128288,0,14839697,0
2021-06-13,91498,0,14931195,0
2021-06-14,215249,0,15146444,0
2021-06-15,228934,0,15375378,0
2021-06-16,254267,0,15629645,0
2021-06-17,302859,0,15932504,0
2021-06-18,307142,0,16239646,0
2021-06-19,276232,0,16515878,0
2021-06-20,221562,0,16737440,0
2021-06-21,289161,0,17026601,0
2021-06-22,297611,0,17324212,0
2021-06-23,304342,0,17628554,0
2021-06-24,333959,0,17962513,0
2021-06-25,350009,0,18312522,0
2021-06-26,301424,0,18613946,0
2021-06-27,229720,0,18843666,0
2021-06-28,308396,0,19152062,0
2021-06-29,330998,0,19483060,0
2021-06-30,344172,0,19827232,0
2021-07-01,364848,0,20192080,0
2021-07-02,370277,0,20562357,0
2021-07-03,373390,0,20935747,0
2021-07-04,284536,0,21220283,0
2021-07-05,386285,0,21606568,0
2021-07-06,387424,0,21993992,0
2021-07-07,414244,0,22408236,0
2021-07-08,482543,0,22890779,0
2021-07-09,500755,0,23391534,0
2021-07-10,477341,0,23868875,0
2021-07-11,359022,0,24227897,0
2021-07-12,487798,0,24715695,0
2021-07-13,494555,0,25210250,0
2021-07-14,482771,0,25693021,0
2021-07-15,525911,0,26218932,0
2021-07-16,511685,0,26730617,0
2021-07-17,466396,0,27197013,0
2021-07-18,366086,0,27563099,0
2021-07-19,465158,0,28028257,0
2021-07-20,459858,0,28488115,0
2021-07-21,464674,0,28952789,0
2021-07-22,476616,0,29429405,0
2021-07-23,442895,0,29872300,0
2021-07-24,386910,0,30259210,0
2021-07-25,288015,0,30547225,0
2021-07-26,432374,0,30979599,0
2021-07-27,441799,0,31421398,0
2021-07-28,392563,0,31813961,0
2021-07-29,373624,0,32187585,0
2021-07-30,342931,0,32530516,0
2021-07-31,288379,0,32818895,0
2021-08-01,191391,0,33010286,0
2021-08-02,335342,0,33345628,0
2021-08-03,324454,0,33670082,0
2021-08-04,312273,0,33982355,0
2021-08-05,293678,0,34276033,0
2021-08-06,261007,0,34537040,0
2021-08-07,199365,0,34736405,0
2021-08-08,153574,0,34889979,0
2021-08-09,235279,0,35125258,0
2021-08-10,205534,0,35330792,0
2021-08-11,194267,0,35525059,0
2021-08-12,168491,0,35693550,0
2021-08-13,148645,0,35842195,0
2021-08-14,65977,0,35908172,0
2021-08-15,26292,0,35934464,0
2021-08-16,114900,0,36049364,0
2021-08-17,129253,0,36178617,0
2021-08-18,128910,0,36307527,0
2021-08-19,125236,0,36432763,0
2021-08-20,124294,0,36557057,0
2021-08-21,83488,0,36640545,0
2021-08-22,68348,0,36708893,0
2021-08-23,177058,0,36885951,0
2021-08-24,157835,0,37043786,0
2021-08-25,177791,0,37221577,0
2021-08-26,173236,0,37394813,0
2021-08-27,186386,0,37581199,0
2021-08-28,140243,0,37721442,0
2021-08-29,99133,0,37820575,0
2021-08-30,210129,0,38030704,0
2021-08-31,195287,0,38225991,0
2021-09-01,192771,0,38418762,0
2021-09-02,190258,0,38609020,0
2021-09-03,191358,0,38800378,0
2021-09-04,131512,0,38931890,0
2021-09-05,87962,0,39019852,0
2021-09-06,193803,0,39213655,0
2021-09-07,195922,0,39409577,0
2021-09-08,187870,0,39597447,0
2021-09-09,201506,0,39798953,0
2021-09-10,198187,0,39997140,0
2021-09-11,141207,0,40138347,0
2021-09-12,89552,0,40227899,0
2021-09-13,191191,348,40419090,348
2021-09-14,177479,427,40596569,775
2021-09-15,163154,457,40759723,1232
2021-09-16,160108,789,40919831,2021
2021-09-17,150185,1004,41070016,3025
2021-09-18,127904,658,41197920,3683
2021-09-19,81103,441,41279023,4124
2021-09-20,179920,8957,41458943,13081
2021-09-21,166384,8728,41625327,21809
2021-09-22,158917,9369,41784244,31178
2021-09-23,137773,9242,41922017,40420
2021-09-24,140253,8856,42062270,49276
2021-09-25,119365,5563,42181635,54839
2021-09-26,71799,4293,42253434,59132
2021-09-27,135442,9979,42388876,69111
2021-09-28,117228,11307,42506104,80418
2021-09-29,112071,11764,42618175,92182
2021-09-30,110015,14847,42728190,107029
2021-10-01,94685,19029,42822875,126058
2021-10-02,78223,13986,42901098,140044
2021-10-03,47563,7630,42948661,147674
2021-10-04,88089,34362,43036750,182036
2021-10-05,80120,33927,43116870,215963
2021-10-06,71776,34078,43188646,250041
2021-10-07,71517,34288,43260163,284329
2021-10-08,80373,33504,43340536,317833
2021-10-09,75823,22107,43416359,339940
2021-10-10,45645,13589,43462004,353529
2021-10-11,87125,40997,43549129,394526
2021-10-12,84225,46792,43633354,441318
2021-10-13,87937,52001,43721291,493319
2021-10-14,91137,58399,43812428,551718
2021-10-15,93251,55483,43905679,607201
2021-10-16,82670,36708,43988349,643909
2021-10-17,51266,23781,44039615,667690
2021-10-18,90079,59336,44129694,727026
2021-10-19,78175,69290,44207869,796316
2021-10-20,74943,78033,44282812,874349
2021-10-21,78112,81598,44360924,955947
2021-10-22,73770,76895,44434694,1032842
2021-10-23,60740,51890,44495434,1084732
2021-10-24,33317,23401,44528751,1108133
2021-10-25,64829,81531,44593580,1189664
2021-10-26,58269,91630,44651849,1281294
2021-10-27,58142,103829,44709991,1385123
2021-10-28,61296,113876,44771287,1498999
2021-10-29,61627,103013,44832914,1602012
2021-10-30,50575,68118,44883489,1670130
2021-10-31,25113,28238,44908602,1698368
2021-11-01,19010,28118,44927612,1726486
2021-11-02,62686,89285,44990298,1815771
2021-11-03,60630,118608,45050928,1934379
2021-11-04,59116,126495,45110044,2060874
2021-11-05,62985,134985,45173029,2195859
2021-11-06,46348,90902,45219377,2286761
2021-11-07,22204,37835,45241581,2324596
2021-11-08,51366,131125,45292947,2455721
2021-11-09,45327,143999,45338274,2599720
2021-11-10,42513,156157,45380787,2755877
2021-11-11,44806,155014,45425593,2910891
2021-11-12,46233,158489,45471826,3069380
2021-11-13,33143,116562,45504969,3185942
2021-11-14,14441,52390,45519410,3238332
2021-11-15,36757,157209,45556167,3395541
2021-11-16,30426,171296,45586593,3566837
2021-11-17,28294,178383,45614887,3745220
2021-11-18,30130,193945,45645017,3939165
2021-11-19,28648,205848,45673665,4145013
2021-11-20,20870,156236,45694535,4301249
2021-11-21,10539,64744,45705074,4365993
2021-11-22,21781,213182,45726855,4579175
2021-11-23,23417,241821,45750272,4820996
2021-11-24,27650,271001,45777922,5091997
2021-11-25,23019,301843,45800941,5393840
2021-11-26,24365,318115,45825306,5711955
2021-11-27,21216,265871,45846522,5977826
2021-11-28,9806,136850,45856328,6114676
2021-11-29,22058,325761,45878386,6440437
2021-11-30,22817,365578,45901203,6806015
2021-12-01,21212,413008,45922415,7219023
2021-12-02,23441,440203,45945856,7659226
2021-12-03,24884,467077,45970740,8126303
2021-12-04,22069,418596,45992809,8544899
2021-12-05,11708,261255,46004517,8806154
2021-12-06,25337,457693,46029854,9263847
2021-12-07,23714,480322,46053568,9744169
2021-12-08,9774,249898,46063342,9994067
2021-12-09,31039,492085,46094381,10486152
2021-12-10,27595,517741,46121976,11003893
2021-12-11,23118,459479,46145094,11463372
2021-12-12,12006,293634,46157100,11757006
2021-12-13,25653,467649,46182753,12224655
2021-12-14,24634,494241,46207387,12718896
2021-12-15,24779,517122,46232166,13236018
2021-12-16,27167,520221,46259333,13756239
2021-12-17,28723,516839,46288056,14273078
2021-12-18,26379,468957,46314435,14742035
2021-12-19,14714,300749,46329149,15042784
2021-12-20,29940,477574,46359089,15520358
2021-12-21,29715,493329,46388804,16013687
2021-12-22,28627,484729,46417431,16498416
2021-12-23,27449,427119,46444880,16925535
2021-12-24,12800,210923,46457680,17136458
2021-12-25,2075,33029,46459755,17169487
2021-12-26,8476,158995,46468231,17328482
2021-12-27,45563,505208,46513794,17833690
2021-12-28,40820,554742,46554614,18388432
2021-12-29,32465,551124,46587079,18939556
2021-12-30,30015,500355,46617094,19439911
2021-12-31,13102,247984,46630196,19687895
2022-01-01,3288,64765,46633484,19752660
2022-01-02,20946,277451,46654430,20030111
2022-01-03,44674,521506,46699104,20551617
2022-01-04,42655,573565,46741759,21125182
2022-01-05,36682,561756,46778441,21686938
2022-01-06,21104,274657,46799545,21961595
2022-01-07,59120,555413,46858665,22517008
2022-01-08,55768,503877,46914433,23020885
2022-01-09,38851,319500,46953284,23340385
2022-01-10,57180,542502,47010464,23882887
2022-01-11,57273,587165,47067737,24470052
2022-01-12,54109,581403,47121846,25051455
2022-01-13,54621,580492,47176467,25631947
2022-01-14,42750,588372,47219217,26220319
2022-01-15,34370,568117,47253587,26788436
2022-01-16,27884,340975,47281471,27129411
2022-01-17,52108,489903,47333579,27619314
2022-01-18,55811,517123,47389390,28136437
2022-01-19,54777,502899,47444167,28639336
2022-01-20,52044,498774,47496211,29138110
2022-01-21,39704,493675,47535915,29631785
2022-01-22,28236,468960,47564151,30100745
2022-01-23,33291,274930,47597442,30375675
2022-01-24,54582,437380,47652024,30813055
2022-01-25,60079,452034,47712103,31265089
2022-01-26,56942,435861,47769045,31700950
2022-01-27,47239,432022,47816284,32132972
2022-01-28,56961,436277,47873245,32569249
2022-01-29,66115,411400,47939360,32980649
2022-01-30,49026,235253,47988386,33215902
2022-01-31,58888,356636,48047274,33572538
2022-02-01,64090,327946,48111364,33900484
2022-02-02,61776,296011,48173140,34196495
2022-02-03,58737,272689,48231877,34469184
2022-02-04,70549,265453,48302426,34734637
2022-02-05,81517,246081,48383943,34980718
2022-02-06,37556,74566,48421499,35055284