data_somministrazione,vaccinazioni,booster,cum_vaccinazioni,cum_booster
2020-12-27,16,0,16,0
2020-12-28,2,0,18,0
2020-12-29,1,0,19,0
2020-12-30,3,0,22,0
2020-12-31,36,0,58,0
2021-01-01,12,0,70,0
2021-01-02,55,0,125,0
2021-01-03,46,0,171,0
2021-01-04,124,0,295,0
2021-01-05,165,0,460,0
2021-01-06,136,0,596,0
2021-01-07,204,0,800,0
2021-01-08,248,0,1048,0
2021-01-09,176,0,1224,0
2021-01-10,111,0,1335,0
2021-01-11,203,0,1538,0
2021-01-12,209,0,1747,0
2021-01-13,314,0,2061,0
2021-01-14,415,0,2476,0
2021-01-15,255,0,2731,0
2021-01-16,169,0,2900,0
2021-01-17,3050,0,5950,0
2021-01-18,5186,0,11136,0
2021-01-19,1878,0,13014,0
2021-01-20,4648,0,17662,0
2021-01-21,20008,0,37670,0
2021-01-22,14198,0,51868,0
2021-01-23,33358,0,85226,0
2021-01-24,30795,0,116021,0
2021-01-25,64781,0,180802,0
2021-01-26,76552,0,257354,0
2021-01-27,64881,0,322235,0
2021-01-28,89344,0,411579,0
2021-01-29,94077,0,505656,0
2021-01-30,86621,0,592277,0
2021-01-31,57355,0,649632,0
2021-02-01,81912,0,731544,0
2021-02-02,82173,0,813717,0
2021-02-03,91218,0,904935,0
2021-02-04,95390,0,1000325,0
2021-02-05,90297,0,1090622,0
2021-02-06,63736,0,1154358,0
2021-02-07,32920,0,1187278,0
2021-02-08,40418,0,1227696,0
2021-02-09,32846,0,1260542,0
2021-02-10,28387,0,1288929,0
2021-02-11,20356,0,1309285,0
2021-02-12,16181,0,1325466,0
2021-02-13,7216,0,1332682,0
2021-02-14,2856,0,1335538,0
2021-02-15,6825,0,1342363,0
2021-02-16,6974,0,1349337,0
2021-02-17,10498,0,1359835,0
2021-02-18,9218,0,1369053,0
2021-02-19,8176,0,1377229,0
2021-02-20,5477,0,1382706,0
2021-02-21,2949,0,1385655,0
2021-02-22,6841,0,1392496,0
2021-02-23,7110,0,1399606,0
2021-02-24,9794,0,1409400,0
2021-02-25,14171,0,1423571,0
2021-02-26,17496,0,1441067,0
2021-02-27,13857,0,1454924,0
2021-02-28,9346,0,1464270,0
2021-03-01,26447,0,1490717,0
2021-03-02,33173,0,1523890,0
2021-03-03,44603,0,1568493,0
2021-03-04,50214,0,1618707,0
2021-03-05,55630,0,1674337,0
2021-03-06,41843,0,1716180,0
2021-03-07,22292,0,1738472,0
2021-03-08,50533,0,1789005,0
2021-03-09,52913,0,1841918,0
2021-03-10,58533,0,1900451,0
2021-03-11,63752,0,1964203,0
2021-03-12,65013,0,2029216,0
2021-03-13,51654,0,2080870,0
2021-03-14,35346,0,2116216,0
2021-03-15,73370,0,2189586,0
2021-03-16,73988,0,2263574,0
2021-03-17,83003,0,2346577,0
2021-03-18,81588,0,2428165,0
2021-03-19,81025,0,2509190,0
2021-03-20,64645,0,2573835,0
2021-03-21,47246,0,2621081,0
2021-03-22,69405,0,2690486,0
2021-03-23,75695,0,2766181,0
2021-03-24,90784,0,2856965,0
2021-03-25,89708,0,2946673,0
2021-03-26,83495,0,3030168,0
2021-03-27,71823,0,3101991,0
2021-03-28,44038,0,3146029,0
2021-03-29,70700,0,3216729,0
2021-03-30,81248,0,3297977,0
2021-03-31,96092,0,3394069,0
2021-04-01,95200,0,3489269,0
2021-04-02,83986,0,3573255,0
2021-04-03,64249,0,3637504,0
2021-04-04,21691,0,3659195,0
2021-04-05,40259,0,3699454,0
2021-04-06,81225,0,3780679,0
2021-04-07,95724,0,3876403,0
2021-04-08,95154,0,3971557,0
2021-04-09,88387,0,4059944,0
2021-04-10,73951,0,4133895,0
2021-04-11,44703,0,4178598,0
2021-04-12,66838,0,4245436,0
2021-04-13,72500,0,4317936,0
2021-04-14,85429,0,4403365,0
2021-04-15,105299,0,4508664,0
2021-04-16,106311,0,4614975,0
2021-04-17,90404,0,4705379,0
2021-04-18,58530,0,4763909,0
2021-04-19,93388,0,4857297,0
2021-04-20,103691,0,4960988,0
2021-04-21,125273,0,5086261,0
2021-04-22,143423,0,5229684,0
2021-04-23,138618,0,5368302,0
2021-04-24,124356,0,5492658,0
2021-04-25,61390,0,5554048,0
2021-04-26,97796,0,5651844,0
2021-04-27,128270,0,5780114,0
2021-04-28,156248,0,5936362,0
2021-04-29,195426,0,6131788,0
2021-04-30,214424,0,6346212,0
2021-05-01,174002,0,6520214,0
2021-05-02,135733,0,6655947,0
2021-05-03,141899,0,6797846,0
2021-05-04,158587,0,6956433,0
2021-05-05,170356,0,7126789,0
2021-05-06,197689,0,7324478,0
2021-05-07,213674,0,7538152,0
2021-05-08,213295,0,7751447,0
2021-05-09,143088,0,7894535,0
2021-05-10,164995,0,8059530,0
2021-05-11,174820,0,8234350,0
2021-05-12,178979,0,8413329,0
2021-05-13,203179,0,8616508,0
2021-05-14,222754,0,8839262,0
2021-05-15,210171,0,9049433,0
2021-05-16,159158,0,9208591,0
2021-05-17,219079,0,9427670,0
2021-05-18,212888,0,9640558,0
2021-05-19,206936,0,9847494,0
2021-05-20,270683,0,10118177,0
2021-05-21,270695,0,10388872,0
2021-05-22,245410,0,10634282,0
2021-05-23,197116,0,10831398,0
2021-05-24,228224,0,11059622,0
2021-05-25,245615,0,11305237,0
2021-05-26,277380,0,11582617,0
2021-05-27,310969,0,11893586,0
2021-05-28,299441,0,12193027,0
2021-05-29,231075,0,12424102,0
2021-05-30,170759,0,12594861,0
2021-05-31,216318,0,12811179,0
2021-06-01,207547,0,13018726,0
2021-06-02,115674,0,13134400,0
2021-06-03,179900,0,13314300,0
2021-06-04,184635,0,13498935,0
2021-06-05,185749,0,13684684,0
2021-06-06,139315,0,13823999,0
2021-06-07,161630,0,13985629,0
2021-06-08,170882,0,14156511,0
2021-06-09,171200,0,14327711,0
2021-06-10,173761,0,14501472,0
2021-06-11,169664,0,14671136,0
2021-06-12,128065,0,14799201,0
2021-06-13,91009,0,14890210,0
2021-06-14,214487,0,15104697,0
2021-06-15,228237,0,15332934,0
2021-06-16,252961,0,15585895,0
2021-06-17,301595,0,15887490,0
2021-06-18,306140,0,16193630,0
2021-06-19,275027,0,16468657,0
2021-06-20,220650,0,16689307,0
2021-06-21,287997,0,16977304,0
2021-06-22,296117,0,17273421,0
2021-06-23,302692,0,17576113,0
2021-06-24,332525,0,17908638,0
2021-06-25,348672,0,18257310,0
2021-06-26,300072,0,18557382,0
2021-06-27,228665,0,18786047,0
2021-06-28,306947,0,19092994,0
2021-06-29,329236,0,19422230,0
2021-06-30,342139,0,19764369,0
2021-07-01,363068,0,20127437,0
2021-07-02,368475,0,20495912,0
2021-07-03,371138,0,20867050,0
2021-07-04,283185,0,21150235,0
2021-07-05,384525,0,21534760,0
2021-07-06,385439,0,21920199,0
2021-07-07,412103,0,22332302,0
2021-07-08,479893,0,22812195,0
2021-07-09,498649,0,23310844,0
2021-07-10,475346,0,23786190,0
2021-07-11,357860,0,24144050,0
2021-07-12,486078,0,24630128,0
2021-07-13,492369,0,25122497,0
2021-07-14,480659,0,25603156,0
2021-07-15,523665,0,26126821,0
2021-07-16,509928,0,26636749,0
2021-07-17,464637,0,27101386,0
2021-07-18,364862,0,27466248,0
2021-07-19,463298,0,27929546,0
2021-07-20,458223,0,28387769,0
2021-07-21,462916,0,28850685,0
2021-07-22,475445,0,29326130,0
2021-07-23,441373,0,29767503,0
2021-07-24,386189,0,30153692,0
2021-07-25,287626,0,30441318,0
2021-07-26,430968,0,30872286,0
2021-07-27,440184,0,31312470,0
2021-07-28,391057,0,31703527,0
2021-07-29,372111,0,32075638,0
2021-07-30,341444,0,32417082,0
2021-07-31,286987,0,32704069,0
2021-08-01,190855,0,32894924,0
2021-08-02,333692,0,33228616,0
2021-08-03,323163,0,33551779,0
2021-08-04,310962,0,33862741,0
2021-08-05,292563,0,34155304,0
2021-08-06,259983,0,34415287,0
2021-08-07,198954,0,34614241,0
2021-08-08,153082,0,34767323,0
2021-08-09,234140,0,35001463,0
2021-08-10,205159,0,35206622,0
2021-08-11,193612,0,35400234,0
2021-08-12,167803,0,35568037,0
2021-08-13,148410,0,35716447,0
2021-08-14,66005,0,35782452,0
2021-08-15,26306,0,35808758,0
2021-08-16,114544,0,35923302,0
2021-08-17,129128,0,36052430,0
2021-08-18,128590,0,36181020,0
2021-08-19,124654,0,36305674,0
2021-08-20,123679,0,36429353,0
2021-08-21,83058,0,36512411,0
2021-08-22,68123,0,36580534,0
2021-08-23,176739,0,36757273,0
2021-08-24,156935,0,36914208,0
2021-08-25,177069,0,37091277,0
2021-08-26,172272,0,37263549,0
2021-08-27,185796,0,37449345,0
2021-08-28,140132,0,37589477,0
2021-08-29,98994,0,37688471,0
2021-08-30,209498,0,37897969,0
2021-08-31,194483,0,38092452,0
2021-09-01,192081,0,38284533,0
2021-09-02,189777,0,38474310,0
2021-09-03,191236,0,38665546,0
2021-09-04,131419,0,38796965,0
2021-09-05,87819,0,38884784,0
2021-09-06,193599,0,39078383,0
2021-09-07,195919,0,39274302,0
2021-09-08,187830,0,39462132,0
2021-09-09,201388,0,39663520,0
2021-09-10,197994,0,39861514,0
2021-09-11,141221,0,40002735,0
2021-09-12,89536,0,40092271,0
2021-09-13,191130,347,40283401,347
2021-09-14,177192,429,40460593,776
2021-09-15,162998,457,40623591,1233
2021-09-16,159981,787,40783572,2020
2021-09-17,149994,1006,40933566,3026
2021-09-18,127795,657,41061361,3683
2021-09-19,81050,443,41142411,4126
2021-09-20,179837,8953,41322248,13079
2021-09-21,166376,8726,41488624,21805
2021-09-22,158808,9363,41647432,31168
2021-09-23,137779,9239,41785211,40407
2021-09-24,140266,8860,41925477,49267
2021-09-25,119352,5552,42044829,54819
2021-09-26,71803,4296,42116632,59115
2021-09-27,135373,9973,42252005,69088
2021-09-28,117234,11315,42369239,80403
2021-09-29,112049,11759,42481288,92162
2021-09-30,109979,14850,42591267,107012
2021-10-01,94742,19032,42686009,126044
2021-10-02,78251,13984,42764260,140028
2021-10-03,47580,7630,42811840,147658
2021-10-04,88145,34366,42899985,182024
2021-10-05,80189,33904,42980174,215928
2021-10-06,71782,34078,43051956,250006
2021-10-07,71559,34290,43123515,284296
2021-10-08,80401,33495,43203916,317791
2021-10-09,75872,22112,43279788,339903
2021-10-10,45654,13590,43325442,353493
2021-10-11,87181,41006,43412623,394499
2021-10-12,84270,46799,43496893,441298
2021-10-13,87941,52010,43584834,493308
2021-10-14,91244,58385,43676078,551693
2021-10-15,93292,55489,43769370,607182
2021-10-16,82701,36715,43852071,643897
2021-10-17,51298,23784,43903369,667681
2021-10-18,90112,59338,43993481,727019
2021-10-19,78152,69293,44071633,796312
2021-10-20,74869,78044,44146502,874356
2021-10-21,78107,81615,44224609,955971
2021-10-22,73677,76907,44298286,1032878
2021-10-23,60655,51887,44358941,1084765
2021-10-24,33327,23402,44392268,1108167
2021-10-25,64798,81534,44457066,1189701
2021-10-26,58263,91639,44515329,1281340
2021-10-27,58209,103847,44573538,1385187
2021-10-28,61331,113916,44634869,1499103
2021-10-29,61590,102950,44696459,1602053
2021-10-30,50574,68012,44747033,1670065
2021-10-31,25130,28239,44772163,1698304
2021-11-01,19020,28121,44791183,1726425
2021-11-02,62722,89226,44853905,1815651
2021-11-03,60643,118510,44914548,1934161
2021-11-04,59141,126475,44973689,2060636
2021-11-05,62993,134990,45036682,2195626
2021-11-06,46373,90777,45083055,2286403
2021-11-07,22210,37838,45105265,2324241
2021-11-08,51406,131130,45156671,2455371
2021-11-09,45333,143952,45202004,2599323
2021-11-10,42504,156066,45244508,2755389
2021-11-11,44830,154974,45289338,2910363
2021-11-12,46253,158392,45335591,3068755
2021-11-13,33155,116477,45368746,3185232
2021-11-14,14446,52394,45383192,3237626
2021-11-15,36801,157198,45419993,3394824
2021-11-16,30455,171186,45450448,3566010
2021-11-17,28337,178269,45478785,3744279
2021-11-18,30117,193480,45508902,3937759
2021-11-19,28674,205591,45537576,4143350
2021-11-20,20890,156120,45558466,4299470
2021-11-21,10552,64713,45569018,4364183
2021-11-22,21830,212939,45590848,4577122
2021-11-23,23451,241464,45614299,4818586
2021-11-24,27692,270684,45641991,5089270
2021-11-25,23068,301596,45665059,5390866
2021-11-26,24415,317963,45689474,5708829
2021-11-27,21232,265853,45710706,5974682
2021-11-28,9831,136841,45720537,6111523
2021-11-29,22141,325699,45742678,6437222
2021-11-30,22901,365428,45765579,6802650
2021-12-01,21300,413046,45786879,7215696
2021-12-02,23552,440224,45810431,7655920
2021-12-03,25000,467246,45835431,8123166
2021-12-04,22171,418603,45857602,8541769
2021-12-05,11778,261257,45869380,8803026
2021-12-06,25518,457411,45894898,9260437
2021-12-07,23873,480040,45918771,9740477
2021-12-08,9878,249589,45928649,9990066
2021-12-09,31274,491778,45959923,10481844
2021-12-10,27812,517640,45987735,10999484
2021-12-11,23312,459096,46011047,11458580
2021-12-12,12147,293381,46023194,11751961
2021-12-13,25891,467450,46049085,12219411
2021-12-14,24905,493991,46073990,12713402
2021-12-15,25070,516954,46099060,13230356
2021-12-16,27517,520017,46126577,13750373
2021-12-17,29022,516905,46155599,14267278
2021-12-18,26688,468529,46182287,14735807
2021-12-19,14930,300367,46197217,15036174
2021-12-20,30280,477285,46227497,15513459
2021-12-21,30060,493146,46257557,16006605
2021-12-22,29079,484487,46286636,16491092
2021-12-23,27875,426739,46314511,16917831
2021-12-24,12971,210742,46327482,17128573
2021-12-25,2087,33043,46329569,17161616
2021-12-26,8657,159019,46338226,17320635
2021-12-27,46384,504468,46384610,17825103
2021-12-28,41933,554012,46426543,18379115
2021-12-29,33739,550440,46460282,18929555
2021-12-30,31316,499620,46491598,19429175
2021-12-31,13646,247318,46505244,19676493
2022-01-01,3426,64787,46508670,19741280
2022-01-02,22340,276665,46531010,20017945
2022-01-03,46987,520796,46577997,20538741
2022-01-04,45465,572821,46623462,21111562
2022-01-05,39647,561094,46663109,21672656
2022-01-06,22769,274370,46685878,21947026
2022-01-07,62269,554861,46748147,22501887
2022-01-08,59268,503205,46807415,23005092
2022-01-09,41472,319587,46848887,23324679
2022-01-10,59754,542931,46908641,23867610
2022-01-11,60081,587643,46968722,24455253
2022-01-12,56635,581913,47025357,25037166
2022-01-13,56819,580987,47082176,25618153
2022-01-14,44776,588874,47126952,26207027
2022-01-15,36834,568795,47163786,26775822
2022-01-16,29520,341372,47193306,27117194
2022-01-17,53145,490292,47246451,27607486
2022-01-18,56756,518059,47303207,28125545
2022-01-19,55459,503364,47358666,28628909
2022-01-20,52634,499343,47411300,29128252
2022-01-21,40144,494356,47451444,29622608
2022-01-22,28686,469296,47480130,30091904
2022-01-23,33491,275187,47513621,30367091
2022-01-24,54735,437808,47568356,30804899
2022-01-25,60185,452698,47628541,31257597
2022-01-26,57050,436352,47685591,31693949
2022-01-27,47373,432858,47732964,32126807
2022-01-28,57110,437089,47790074,32563896
2022-01-29,66278,411902,47856352,32975798
2022-01-30,49093,235646,47905445,33211444
2022-01-31,59108,357572,47964553,33569016
2022-02-01,64321,329030,48028874,33898046
2022-02-02,62066,297346,48090940,34195392
2022-02-03,59135,274940,48150075,34470332
2022-02-04,71401,268759,48221476,34739091
2022-02-05,82446,248115,48303922,34987206
2022-02-06,54574,116044,48358496,35103250
2022-02-07,64408,200434,48422904,35303684
2022-02-08,66076,186558,48488980,35490242
2022-02-09,58025,166681,48547005,35656923
2022-02-10,57837,163430,48604842,35820353
2022-02-11,61551,162581,48666393,35982934
2022-02-12,71170,151846,48737563,36134780
2022-02-13,41025,68624,48778588,36203404
2022-02-14,46174,116501,48824762,36319905
2022-02-15,47889,123545,48872651,36443450
2022-02-16,45105,106018,48917756,36549468
2022-02-17,42266,97741,48960022,36647209
2022-02-18,45941,111864,49005963,36759073
2022-02-19,51958,99926,49057921,36858999
2022-02-20,31157,40078,49089078,36899077
2022-02-21,19997,48929,49109075,36948006