data_somministrazione,vaccinazioni,booster,cum_vaccinazioni,cum_booster
2020-12-27,22,0,22,0
2020-12-28,2,0,24,0
2020-12-29,1,0,25,0
2020-12-30,8,0,33,0
2020-12-31,86,0,119,0
2021-01-01,27,0,146,0
2021-01-02,157,0,303,0
2021-01-03,118,0,421,0
2021-01-04,259,0,680,0
2021-01-05,298,0,978,0
2021-01-06,272,0,1250,0
2021-01-07,341,0,1591,0
2021-01-08,395,0,1986,0
2021-01-09,301,0,2287,0
2021-01-10,183,0,2470,0
2021-01-11,317,0,2787,0
2021-01-12,295,0,3082,0
2021-01-13,431,0,3513,0
2021-01-14,511,0,4024,0
2021-01-15,330,0,4354,0
2021-01-16,226,0,4580,0
2021-01-17,3066,0,7646,0
2021-01-18,5226,0,12872,0
2021-01-19,1898,0,14770,0
2021-01-20,4661,0,19431,0
2021-01-21,20001,0,39432,0
2021-01-22,14219,0,53651,0
2021-01-23,33312,0,86963,0
2021-01-24,30771,0,117734,0
2021-01-25,64689,0,182423,0
2021-01-26,76450,0,258873,0
2021-01-27,64800,0,323673,0
2021-01-28,89234,0,412907,0
2021-01-29,93982,0,506889,0
2021-01-30,86532,0,593421,0
2021-01-31,57313,0,650734,0
2021-02-01,81826,0,732560,0
2021-02-02,82125,0,814685,0
2021-02-03,91095,0,905780,0
2021-02-04,95380,0,1001160,0
2021-02-05,90265,0,1091425,0
2021-02-06,63451,0,1154876,0
2021-02-07,32934,0,1187810,0
2021-02-08,40418,0,1228228,0
2021-02-09,32884,0,1261112,0
2021-02-10,28444,0,1289556,0
2021-02-11,20413,0,1309969,0
2021-02-12,16255,0,1326224,0
2021-02-13,7289,0,1333513,0
2021-02-14,2862,0,1336375,0
2021-02-15,6852,0,1343227,0
2021-02-16,7011,0,1350238,0
2021-02-17,10527,0,1360765,0
2021-02-18,9262,0,1370027,0
2021-02-19,8260,0,1378287,0
2021-02-20,5594,0,1383881,0
2021-02-21,3023,0,1386904,0
2021-02-22,6887,0,1393791,0
2021-02-23,7192,0,1400983,0
2021-02-24,9821,0,1410804,0
2021-02-25,14220,0,1425024,0
2021-02-26,17566,0,1442590,0
2021-02-27,13932,0,1456522,0
2021-02-28,9400,0,1465922,0
2021-03-01,26536,0,1492458,0
2021-03-02,33246,0,1525704,0
2021-03-03,44656,0,1570360,0
2021-03-04,50305,0,1620665,0
2021-03-05,55749,0,1676414,0
2021-03-06,41888,0,1718302,0
2021-03-07,22333,0,1740635,0
2021-03-08,50841,0,1791476,0
2021-03-09,53098,0,1844574,0
2021-03-10,58705,0,1903279,0
2021-03-11,63903,0,1967182,0
2021-03-12,65157,0,2032339,0
2021-03-13,51737,0,2084076,0
2021-03-14,35434,0,2119510,0
2021-03-15,73469,0,2192979,0
2021-03-16,74031,0,2267010,0
2021-03-17,83152,0,2350162,0
2021-03-18,81633,0,2431795,0
2021-03-19,81091,0,2512886,0
2021-03-20,64751,0,2577637,0
2021-03-21,47317,0,2624954,0
2021-03-22,69509,0,2694463,0
2021-03-23,75831,0,2770294,0
2021-03-24,90947,0,2861241,0
2021-03-25,89780,0,2951021,0
2021-03-26,83653,0,3034674,0
2021-03-27,71967,0,3106641,0
2021-03-28,44199,0,3150840,0
2021-03-29,70857,0,3221697,0
2021-03-30,81424,0,3303121,0
2021-03-31,96274,0,3399395,0
2021-04-01,95347,0,3494742,0
2021-04-02,83811,0,3578553,0
2021-04-03,64315,0,3642868,0
2021-04-04,21727,0,3664595,0
2021-04-05,40329,0,3704924,0
2021-04-06,81364,0,3786288,0
2021-04-07,95850,0,3882138,0
2021-04-08,95270,0,3977408,0
2021-04-09,88510,0,4065918,0
2021-04-10,74045,0,4139963,0
2021-04-11,44773,0,4184736,0
2021-04-12,66928,0,4251664,0
2021-04-13,72607,0,4324271,0
2021-04-14,85563,0,4409834,0
2021-04-15,105429,0,4515263,0
2021-04-16,106445,0,4621708,0
2021-04-17,90539,0,4712247,0
2021-04-18,58600,0,4770847,0
2021-04-19,93448,0,4864295,0
2021-04-20,103785,0,4968080,0
2021-04-21,125346,0,5093426,0
2021-04-22,143540,0,5236966,0
2021-04-23,138770,0,5375736,0
2021-04-24,124459,0,5500195,0
2021-04-25,61473,0,5561668,0
2021-04-26,97923,0,5659591,0
2021-04-27,128391,0,5787982,0
2021-04-28,156413,0,5944395,0
2021-04-29,195631,0,6140026,0
2021-04-30,214627,0,6354653,0
2021-05-01,174154,0,6528807,0
2021-05-02,135823,0,6664630,0
2021-05-03,142097,0,6806727,0
2021-05-04,158727,0,6965454,0
2021-05-05,170563,0,7136017,0
2021-05-06,196129,0,7332146,0
2021-05-07,211997,0,7544143,0
2021-05-08,213455,0,7757598,0
2021-05-09,143234,0,7900832,0
2021-05-10,165111,0,8065943,0
2021-05-11,175024,0,8240967,0
2021-05-12,179249,0,8420216,0
2021-05-13,203451,0,8623667,0
2021-05-14,222963,0,8846630,0
2021-05-15,210405,0,9057035,0
2021-05-16,159304,0,9216339,0
2021-05-17,218863,0,9435202,0
2021-05-18,213033,0,9648235,0
2021-05-19,207105,0,9855340,0
2021-05-20,270925,0,10126265,0
2021-05-21,270921,0,10397186,0
2021-05-22,245551,0,10642737,0
2021-05-23,197200,0,10839937,0
2021-05-24,228327,0,11068264,0
2021-05-25,245699,0,11313963,0
2021-05-26,277578,0,11591541,0
2021-05-27,311113,0,11902654,0
2021-05-28,299400,0,12202054,0
2021-05-29,231269,0,12433323,0
2021-05-30,170862,0,12604185,0
2021-05-31,216453,0,12820638,0
2021-06-01,207649,0,13028287,0
2021-06-02,115817,0,13144104,0
2021-06-03,180205,0,13324309,0
2021-06-04,184953,0,13509262,0
2021-06-05,186034,0,13695296,0
2021-06-06,139621,0,13834917,0
2021-06-07,161941,0,13996858,0
2021-06-08,171329,0,14168187,0
2021-06-09,171552,0,14339739,0
2021-06-10,174207,0,14513946,0
2021-06-11,170088,0,14684034,0
2021-06-12,128432,0,14812466,0
2021-06-13,91272,0,14903738,0
2021-06-14,214730,0,15118468,0
2021-06-15,228487,0,15346955,0
2021-06-16,253137,0,15600092,0
2021-06-17,301813,0,15901905,0
2021-06-18,306372,0,16208277,0
2021-06-19,275171,0,16483448,0
2021-06-20,220846,0,16704294,0
2021-06-21,288137,0,16992431,0
2021-06-22,296283,0,17288714,0
2021-06-23,302733,0,17591447,0
2021-06-24,332640,0,17924087,0
2021-06-25,348754,0,18272841,0
2021-06-26,300165,0,18573006,0
2021-06-27,228732,0,18801738,0
2021-06-28,307190,0,19108928,0
2021-06-29,329383,0,19438311,0
2021-06-30,342254,0,19780565,0
2021-07-01,363279,0,20143844,0
2021-07-02,368528,0,20512372,0
2021-07-03,371120,0,20883492,0
2021-07-04,283262,0,21166754,0
2021-07-05,384577,0,21551331,0
2021-07-06,385507,0,21936838,0
2021-07-07,412154,0,22348992,0
2021-07-08,478969,0,22827961,0
2021-07-09,498452,0,23326413,0
2021-07-10,475165,0,23801578,0
2021-07-11,357678,0,24159256,0
2021-07-12,485865,0,24645121,0
2021-07-13,492043,0,25137164,0
2021-07-14,480429,0,25617593,0
2021-07-15,523388,0,26140981,0
2021-07-16,509724,0,26650705,0
2021-07-17,464307,0,27115012,0
2021-07-18,364614,0,27479626,0
2021-07-19,463019,0,27942645,0
2021-07-20,458025,0,28400670,0
2021-07-21,462782,0,28863452,0
2021-07-22,475370,0,29338822,0
2021-07-23,441320,0,29780142,0
2021-07-24,386136,0,30166278,0
2021-07-25,287530,0,30453808,0
2021-07-26,430880,0,30884688,0
2021-07-27,440107,0,31324795,0
2021-07-28,391003,0,31715798,0
2021-07-29,371879,0,32087677,0
2021-07-30,341537,0,32429214,0
2021-07-31,287052,0,32716266,0
2021-08-01,190992,0,32907258,0
2021-08-02,333698,0,33240956,0
2021-08-03,323181,0,33564137,0
2021-08-04,311005,0,33875142,0
2021-08-05,292477,0,34167619,0
2021-08-06,260048,0,34427667,0
2021-08-07,199079,0,34626746,0
2021-08-08,153109,0,34779855,0
2021-08-09,234082,0,35013937,0
2021-08-10,205296,0,35219233,0
2021-08-11,193805,0,35413038,0
2021-08-12,168086,0,35581124,0
2021-08-13,148691,0,35729815,0
2021-08-14,66112,0,35795927,0
2021-08-15,26346,0,35822273,0
2021-08-16,114726,0,35936999,0
2021-08-17,129268,0,36066267,0
2021-08-18,128769,0,36195036,0
2021-08-19,124871,0,36319907,0
2021-08-20,123807,0,36443714,0
2021-08-21,83140,0,36526854,0
2021-08-22,68184,0,36595038,0
2021-08-23,176856,0,36771894,0
2021-08-24,156889,0,36928783,0
2021-08-25,177165,0,37105948,0
2021-08-26,172342,0,37278290,0
2021-08-27,185826,0,37464116,0
2021-08-28,140289,0,37604405,0
2021-08-29,98998,0,37703403,0
2021-08-30,209580,0,37912983,0
2021-08-31,194632,0,38107615,0
2021-09-01,192213,0,38299828,0
2021-09-02,189931,0,38489759,0
2021-09-03,191267,0,38681026,0
2021-09-04,131427,0,38812453,0
2021-09-05,87838,0,38900291,0
2021-09-06,193586,0,39093877,0
2021-09-07,196027,0,39289904,0
2021-09-08,187846,0,39477750,0
2021-09-09,201409,0,39679159,0
2021-09-10,197838,0,39876997,0
2021-09-11,141282,0,40018279,0
2021-09-12,89583,0,40107862,0
2021-09-13,191078,686,40298940,686
2021-09-14,177200,678,40476140,1364
2021-09-15,163077,669,40639217,2033
2021-09-16,160029,1031,40799246,3064
2021-09-17,150163,1186,40949409,4250
2021-09-18,127988,791,41077397,5041
2021-09-19,81139,517,41158536,5558
2021-09-20,180060,9153,41338596,14711
2021-09-21,166680,8873,41505276,23584
2021-09-22,159134,9472,41664410,33056
2021-09-23,138121,9368,41802531,42424
2021-09-24,140562,9026,41943093,51450
2021-09-25,119570,5687,42062663,57137
2021-09-26,72001,4373,42134664,61510
2021-09-27,135674,10102,42270338,71612
2021-09-28,117525,11443,42387863,83055
2021-09-29,112392,11861,42500255,94916
2021-09-30,110302,14997,42610557,109913
2021-10-01,95015,19147,42705572,129060
2021-10-02,78536,14049,42784108,143109
2021-10-03,47760,7675,42831868,150784
2021-10-04,88391,34501,42920259,185285
2021-10-05,80393,34028,43000652,219313
2021-10-06,72000,34231,43072652,253544
2021-10-07,71885,34387,43144537,287931
2021-10-08,80646,33637,43225183,321568
2021-10-09,76121,22206,43301304,343774
2021-10-10,45796,13633,43347100,357407
2021-10-11,87457,41143,43434557,398550
2021-10-12,84515,46949,43519072,445499
2021-10-13,88228,52183,43607300,497682
2021-10-14,91565,58566,43698865,556248
2021-10-15,93597,55701,43792462,611949
2021-10-16,82976,36841,43875438,648790
2021-10-17,51461,23868,43926899,672658
2021-10-18,90301,59543,44017200,732201
2021-10-19,78356,69430,44095556,801631
2021-10-20,75058,78229,44170614,879860
2021-10-21,78281,81839,44248895,961699
2021-10-22,73767,77098,44322662,1038797
2021-10-23,60839,51979,44383501,1090776
2021-10-24,33364,23488,44416865,1114264
2021-10-25,64904,81677,44481769,1195941
2021-10-26,58369,91856,44540138,1287797
2021-10-27,58316,104048,44598454,1391845
2021-10-28,61441,114182,44659895,1506027
2021-10-29,61618,103211,44721513,1609238
2021-10-30,50669,68165,44772182,1677403
2021-10-31,25157,28315,44797339,1705718
2021-11-01,19049,28162,44816388,1733880
2021-11-02,62735,89457,44879123,1823337
2021-11-03,60713,118721,44939836,1942058
2021-11-04,59234,126723,44999070,2068781
2021-11-05,63091,135240,45062161,2204021
2021-11-06,46491,90951,45108652,2294972
2021-11-07,22247,37909,45130899,2332881
2021-11-08,51522,131312,45182421,2464193
2021-11-09,45406,144241,45227827,2608434
2021-11-10,42594,156389,45270421,2764823
2021-11-11,44926,155192,45315347,2920015
2021-11-12,46305,158725,45361652,3078740
2021-11-13,33269,116686,45394921,3195426
2021-11-14,14490,52463,45409411,3247889
2021-11-15,36907,157460,45446318,3405349
2021-11-16,30568,171431,45476886,3576780
2021-11-17,28468,178472,45505354,3755252
2021-11-18,30298,193780,45535652,3949032
2021-11-19,28827,205900,45564479,4154932
2021-11-20,21015,156462,45585494,4311394
2021-11-21,10612,64872,45596106,4376266
2021-11-22,21962,213171,45618068,4589437
2021-11-23,23608,241825,45641676,4831262
2021-11-24,27733,270639,45669409,5101901
2021-11-25,23245,300964,45692654,5402865
2021-11-26,24603,318314,45717257,5721179
2021-11-27,21419,266184,45738676,5987363
2021-11-28,9914,137072,45748590,6124435
2021-11-29,22370,326081,45770960,6450516
2021-11-30,23124,365865,45794084,6816381
2021-12-01,21569,413547,45815653,7229928
2021-12-02,23803,440444,45839456,7670372
2021-12-03,25289,467549,45864745,8137921
2021-12-04,22398,418818,45887143,8556739
2021-12-05,11946,261372,45899089,8818111
2021-12-06,25856,457639,45924945,9275750
2021-12-07,24178,480315,45949123,9756065
2021-12-08,10034,249729,45959157,10005794
2021-12-09,31635,491973,45990792,10497767
2021-12-10,28113,517941,46018905,11015708
2021-12-11,23599,459290,46042504,11474998
2021-12-12,12327,293540,46054831,11768538
2021-12-13,26191,467666,46081022,12236204
2021-12-14,25217,494250,46106239,12730454
2021-12-15,25387,517190,46131626,13247644
2021-12-16,27945,520317,46159571,13767961
2021-12-17,29403,517232,46188974,14285193
2021-12-18,27124,468788,46216098,14753981
2021-12-19,15172,300257,46231270,15054238
2021-12-20,30687,477513,46261957,15531751
2021-12-21,30427,493455,46292384,16025206
2021-12-22,29500,484763,46321884,16509969
2021-12-23,28251,426658,46350135,16936627
2021-12-24,13130,210847,46363265,17147474
2021-12-25,2104,33053,46365369,17180527
2021-12-26,8789,159080,46374158,17339607
2021-12-27,46849,504713,46421007,17844320
2021-12-28,42514,554276,46463521,18398596
2021-12-29,34407,550698,46497928,18949294
2021-12-30,31907,499880,46529835,19449174
2021-12-31,14157,247410,46543992,19696584
2022-01-01,3503,64816,46547495,19761400
2022-01-02,22844,276730,46570339,20038130
2022-01-03,47967,520051,46618306,20558181
2022-01-04,46413,571621,46664719,21129802
2022-01-05,40874,560433,46705593,21690235
2022-01-06,23551,274489,46729144,21964724
2022-01-07,63824,554231,46792968,22518955
2022-01-08,61001,502726,46853969,23021681
2022-01-09,42993,319710,46896962,23341391
2022-01-10,61196,542335,46958158,23883726
2022-01-11,61748,586521,47019906,24470247
2022-01-12,58579,581322,47078485,25051569
2022-01-13,58624,579972,47137109,25631541
2022-01-14,46972,588632,47184081,26220173
2022-01-15,39632,570004,47223713,26790177
2022-01-16,31342,341903,47255055,27132080
2022-01-17,54875,489702,47309930,27621782
2022-01-18,58486,517062,47368416,28138844
2022-01-19,57292,502829,47425708,28641673
2022-01-20,54305,498447,47480013,29140120
2022-01-21,42202,493909,47522215,29634029
2022-01-22,31303,469092,47553518,30103121
2022-01-23,34996,275397,47588514,30378518
2022-01-24,56241,437259,47644755,30815777
2022-01-25,61517,451764,47706272,31267541
2022-01-26,58612,435853,47764884,31703394
2022-01-27,48911,432425,47813795,32135819
2022-01-28,58774,436578,47872569,32572397
2022-01-29,68205,412523,47940774,32984920
2022-01-30,50415,235995,47991189,33220915
2022-01-31,60731,356958,48051920,33577873
2022-02-01,65635,328472,48117555,33906345
2022-02-02,63253,297006,48180808,34203351
2022-02-03,60107,274544,48240915,34477895
2022-02-04,72422,268480,48313337,34746375
2022-02-05,83829,248564,48397166,34994939
2022-02-06,55309,116209,48452475,35111148
2022-02-07,65194,199951,48517669,35311099
2022-02-08,66966,186136,48584635,35497235
2022-02-09,58782,166357,48643417,35663592
2022-02-10,58601,163261,48702018,35826853
2022-02-11,62286,162484,48764304,35989337
2022-02-12,72019,152157,48836323,36141494
2022-02-13,41483,68861,48877806,36210355
2022-02-14,46713,116198,48924519,36326553
2022-02-15,48575,123482,48973094,36450035
2022-02-16,45703,106137,49018797,36556172
2022-02-17,42877,98130,49061674,36654302
2022-02-18,46640,112591,49108314,36766893
2022-02-19,52549,100344,49160863,36867237
2022-02-20,31416,40369,49192279,36907606
2022-02-21,37906,89662,49230185,36997268
2022-02-22,37228,83788,49267413,37081056
2022-02-23,33406,79409,49300819,37160465
2022-02-24,32563,78169,49333382,37238634
2022-02-25,34775,90717,49368157,37329351
2022-02-26,39169,89140,49407326,37418491
2022-02-27,22548,35861,49429874,37454352
2022-02-28,28493,81702,49458367,37536054
2022-03-01,22735,53945,49481102,37589999
2022-03-02,21940,50715,49503042,37640714
2022-03-03,22641,54947,49525683,37695661
2022-03-04,23247,62804,49548930,37758465
2022-03-05,23805,57954,49572735,37816419
2022-03-06,9472,17204,49582207,37833623
2022-03-07,15927,51392,49598134,37885015
2022-03-08,15482,48799,49613616,37933814
2022-03-09,13815,46518,49627431,37980332
2022-03-10,14056,52058,49641487,38032390
2022-03-11,15596,57277,49657083,38089667
2022-03-12,15513,56621,49672596,38146288
2022-03-13,5546,16853,49678142,38163141
2022-03-14,10529,46704,49688671,38209845
2022-03-15,10555,46896,49699226,38256741
2022-03-16,9487,41980,49708713,38298721
2022-03-17,9727,44879,49718440,38343600
2022-03-18,10164,49060,49728604,38392660
2022-03-19,9153,46541,49737757,38439201
2022-03-20,2608,11704,49740365,38450905
2022-03-21,7589,40233,49747954,38491138
2022-03-22,8449,37769,49756403,38528907
2022-03-23,7221,33701,49763624,38562608
2022-03-24,8262,38821,49771886,38601429
2022-03-25,8144,43676,49780030,38645105
2022-03-26,8128,41724,49788158,38686829
2022-03-27,2431,9683,49790589,38696512
2022-03-28,6113,35245,49796702,38731757
2022-03-29,5784,32533,49802486,38764290
2022-03-30,5568,30206,49808054,38794496
2022-03-31,5906,33188,49813960,38827684
2022-04-01,4351,25191,49818311,38852875
2022-04-02,4497,23275,49822808,38876150
2022-04-03,1049,4500,49823857,38880650
2022-04-04,3664,21546,49827521,38902196
2022-04-05,3759,22938,49831280,38925134
2022-04-06,4106,21853,49835386,38946987
2022-04-07,3971,23321,49839357,38970308
2022-04-08,4696,26716,49844053,38997024
2022-04-09,4382,23888,49848435,39020912
2022-04-10,893,4613,49849328,39025525
2022-04-11,3819,22691,49853147,39048216
2022-04-12,3364,21781,49856511,39069997
2022-04-13,3574,21337,49860085,39091334
2022-04-14,3487,23789,49863572,39115123
2022-04-15,3085,20624,49866657,39135747
2022-04-16,2153,11919,49868810,39147666
2022-04-17,63,348,49868873,39148014
2022-04-18,152,650,49869025,39148664
2022-04-19,3500,21988,49872525,39170652
2022-04-20,3513,20250,49876038,39190902
2022-04-21,2848,19793,49878886,39210695
2022-04-22,2927,20717,49881813,39231412
2022-04-23,2648,16222,49884461,39247634
2022-04-24,509,2335,49884970,39249969
2022-04-25,183,1165,49885153,39251134
2022-04-26,2761,17813,49887914,39268947
2022-04-27,2376,15795,49890290,39284742
2022-04-28,2363,15568,49892653,39300310
2022-04-29,2298,14850,49894951,39315160
2022-04-30,2123,11585,49897074,39326745
2022-05-01,113,531,49897187,39327276
2022-05-02,1451,9394,49898638,39336670
2022-05-03,1577,10327,49900215,39346997
2022-05-04,1748,10277,49901963,39357274
2022-05-05,1654,10301,49903617,39367575
2022-05-06,1703,10972,49905320,39378547
2022-05-07,1432,8575,49906752,39387122
2022-05-08,417,1526,49907169,39388648
2022-05-09,1028,8935,49908197,39397583
2022-05-10,1427,9554,49909624,39407137
2022-05-11,1486,10109,49911110,39417246
2022-05-12,1372,10137,49912482,39427383
2022-05-13,1596,10527,49914078,39437910
2022-05-14,1362,8248,49915440,39446158
2022-05-15,336,1138,49915776,39447296
2022-05-16,814,8409,49916590,39455705
2022-05-17,1244,8708,49917834,39464413
2022-05-18,1373,9256,49919207,39473669
2022-05-19,1502,9290,49920709,39482959
2022-05-20,1428,9535,49922137,39492494
2022-05-21,1302,7903,49923439,39500397
2022-05-22,231,1013,49923670,39501410
2022-05-23,830,8274,49924500,39509684
2022-05-24,1073,8675,49925573,39518359
2022-05-25,1372,9460,49926945,39527819
2022-05-26,1198,9480,49928143,39537299
2022-05-27,1234,9917,49929377,39547216
2022-05-28,1205,7890,49930582,39555106
2022-05-29,288,1265,49930870,39556371
2022-05-30,931,8061,49931801,39564432
2022-05-31,1039,8551,49932840,39572983
2022-06-01,896,7657,49933736,39580640
2022-06-02,35,474,49933771,39581114
2022-06-03,819,7334,49934590,39588448
2022-06-04,870,5162,49935460,39593610
2022-06-05,88,586,49935548,39594196
2022-06-06,679,7004,49936227,39601200
2022-06-07,952,7851,49937179,39609051
2022-06-08,981,7907,49938160,39616958
2022-06-09,1037,8418,49939197,39625376
2022-06-10,958,8563,49940155,39633939
2022-06-11,903,6206,49941058,39640145
2022-06-12,140,768,49941198,39640913
2022-06-13,602,6302,49941800,39647215
2022-06-14,833,7906,49942633,39655121
2022-06-15,960,7856,49943593,39662977
2022-06-16,733,7399,49944326,39670376
2022-06-17,724,7248,49945050,39677624
2022-06-18,779,5596,49945829,39683220
2022-06-19,49,521,49945878,39683741
2022-06-20,587,6699,49946465,39690440
2022-06-21,741,7664,49947206,39698104
2022-06-22,779,7313,49947985,39705417
2022-06-23,649,7473,49948634,39712890
2022-06-24,644,7475,49949278,39720365
2022-06-25,836,6533,49950114,39726898
2022-06-26,128,523,49950242,39727421
2022-06-27,534,7126,49950776,39734547
2022-06-28,748,8208,49951524,39742755
2022-06-29,756,7733,49952280,39750488
2022-06-30,748,8145,49953028,39758633
2022-07-01,577,6443,49953605,39765076
2022-07-02,536,4770,49954141,39769846
2022-07-03,49,456,49954190,39770302
2022-07-04,469,6278,49954659,39776580
2022-07-05,631,8122,49955290,39784702
2022-07-06,634,7611,49955924,39792313
2022-07-07,577,8275,49956501,39800588
2022-07-08,677,8086,49957178,39808674
2022-07-09,550,6105,49957728,39814779
2022-07-10,58,533,49957786,39815312
2022-07-11,493,7642,49958279,39822954
2022-07-12,669,9031,49958948,39831985
2022-07-13,645,10066,49959593,39842051
2022-07-14,638,10225,49960231,39852276
2022-07-15,627,10674,49960858,39862950
2022-07-16,523,7215,49961381,39870165
2022-07-17,48,770,49961429,39870935
2022-07-18,496,9377,49961925,39880312
2022-07-19,577,10683,49962502,39890995
2022-07-20,582,11277,49963084,39902272
2022-07-21,633,12094,49963717,39914366
2022-07-22,584,11262,49964301,39925628
2022-07-23,381,6776,49964682,39932404
2022-07-24,76,857,49964758,39933261
2022-07-25,504,9057,49965262,39942318
2022-07-26,522,9768,49965784,39952086
2022-07-27,554,10212,49966338,39962298
2022-07-28,533,10535,49966871,39972833
2022-07-29,510,9467,49967381,39982300
2022-07-30,383,5884,49967764,39988184
2022-07-31,49,763,49967813,39988947
2022-08-01,386,6865,49968199,39995812
2022-08-02,548,7590,49968747,40003402
2022-08-03,513,7182,49969260,40010584
2022-08-04,455,7493,49969715,40018077
2022-08-05,421,6529,49970136,40024606
2022-08-06,300,3613,49970436,40028219
2022-08-07,44,563,49970480,40028782
2022-08-08,403,4890,49970883,40033672
2022-08-09,381,5315,49971264,40038987
2022-08-10,385,4817,49971649,40043804
2022-08-11,370,4804,49972019,40048608
2022-08-12,295,3719,49972314,40052327
2022-08-13,143,1600,49972457,40053927
2022-08-14,9,129,49972466,40054056
2022-08-15,1,26,49972467,40054082
2022-08-16,284,3043,49972751,40057125
2022-08-17,352,3533,49973103,40060658
2022-08-18,395,4160,49973498,40064818
2022-08-19,341,3321,49973839,40068139
2022-08-20,184,1715,49974023,40069854
2022-08-21,24,149,49974047,40070003
2022-08-22,332,2952,49974379,40072955
2022-08-23,370,3674,49974749,40076629
2022-08-24,384,3360,49975133,40079989
2022-08-25,424,3773,49975557,40083762
2022-08-26,399,3585,49975956,40087347
2022-08-27,237,1770,49976193,40089117
2022-08-28,29,267,49976222,40089384
2022-08-29,354,3161,49976576,40092545
2022-08-30,406,3672,49976982,40096217
2022-08-31,438,3734,49977420,40099951
2022-09-01,353,3117,49977773,40103068
2022-09-02,298,2894,49978071,40105962
2022-09-03,200,1692,49978271,40107654
2022-09-04,24,149,49978295,40107803
2022-09-05,187,2656,49978482,40110459
2022-09-06,307,2985,49978789,40113444
2022-09-07,541,2938,49979330,40116382
2022-09-08,293,2964,49979623,40119346
2022-09-09,308,2886,49979931,40122232
2022-09-10,228,1327,49980159,40123559
2022-09-11,23,124,49980182,40123683
2022-09-12,267,2269,49980449,40125952
2022-09-13,253,2279,49980702,40128231
2022-09-14,266,2566,49980968,40130797
2022-09-15,284,2501,49981252,40133298
2022-09-16,255,2544,49981507,40135842
2022-09-17,239,1339,49981746,40137181
2022-09-18,20,170,49981766,40137351
2022-09-19,206,1972,49981972,40139323
2022-09-20,237,2392,49982209,40141715
2022-09-21,289,2526,49982498,40144241
2022-09-22,267,2663,49982765,40146904
2022-09-23,261,2546,49983026,40149450
2022-09-24,193,1427,49983219,40150877
2022-09-25,29,133,49983248,40151010
2022-09-26,281,2249,49983529,40153259
2022-09-27,287,2680,49983816,40155939
2022-09-28,310,2905,49984126,40158844
2022-09-29,257,3050,49984383,40161894
2022-09-30,292,2987,49984675,40164881
2022-10-01,195,1515,49984870,40166396
2022-10-02,12,187,49984882,40166583
2022-10-03,186,2475,49985068,40169058
2022-10-04,236,2861,49985304,40171919
2022-10-05,233,3254,49985537,40175173
2022-10-06,244,3872,49985781,40179045
2022-10-07,283,4185,49986064,40183230
2022-10-08,206,2268,49986270,40185498
2022-10-09,8,305,49986278,40185803
2022-10-10,214,3348,49986492,40189151
2022-10-11,195,4378,49986687,40193529
2022-10-12,211,4436,49986898,40197965
2022-10-13,207,5299,49987105,40203264
2022-10-14,233,5006,49987338,40208270
2022-10-15,191,2669,49987529,40210939
2022-10-16,6,360,49987535,40211299
2022-10-17,187,3873,49987722,40215172
2022-10-18,257,4959,49987979,40220131
2022-10-19,246,5477,49988225,40225608
2022-10-20,225,5995,49988450,40231603
2022-10-21,257,5475,49988707,40237078
2022-10-22,196,2911,49988903,40239989
2022-10-23,13,364,49988916,40240353
2022-10-24,171,3929,49989087,40244282
2022-10-25,256,4925,49989343,40249207
2022-10-26,351,5505,49989694,40254712
2022-10-27,240,5675,49989934,40260387
2022-10-28,200,5265,49990134,40265652
2022-10-29,128,2844,49990262,40268496
2022-10-30,3,328,49990265,40268824
2022-10-31,118,3039,49990383,40271863
2022-11-01,11,353,49990394,40272216
2022-11-02,146,3721,49990540,40275937
2022-11-03,172,4791,49990712,40280728
2022-11-04,228,4601,49990940,40285329
2022-11-05,145,2601,49991085,40287930
2022-11-06,10,261,49991095,40288191
2022-11-07,169,3227,49991264,40291418
2022-11-08,262,4254,49991526,40295672
2022-11-09,202,4335,49991728,40300007
2022-11-10,184,4600,49991912,40304607
2022-11-11,194,4232,49992106,40308839
2022-11-12,161,2378,49992267,40311217
2022-11-13,7,338,49992274,40311555
2022-11-14,150,2842,49992424,40314397
2022-11-15,204,3748,49992628,40318145
2022-11-16,217,4001,49992845,40322146
2022-11-17,194,4110,49993039,40326256
2022-11-18,248,4041,49993287,40330297
2022-11-19,112,2087,49993399,40332384
2022-11-20,24,317,49993423,40332701
2022-11-21,119,2622,49993542,40335323
2022-11-22,142,3222,49993684,40338545
2022-11-23,191,3633,49993875,40342178
2022-11-24,158,3846,49994033,40346024
2022-11-25,184,3781,49994217,40349805
2022-11-26,134,2095,49994351,40351900
2022-11-27,22,356,49994373,40352256
2022-11-28,182,2691,49994555,40354947
2022-11-29,257,3231,49994812,40358178
2022-11-30,183,3736,49994995,40361914
2022-12-01,151,3632,49995146,40365546
2022-12-02,161,3529,49995307,40369075
2022-12-03,106,1999,49995413,40371074
2022-12-04,5,290,49995418,40371364
2022-12-05,129,2856,49995547,40374220
2022-12-06,177,3656,49995724,40377876
2022-12-07,136,3133,49995860,40381009
2022-12-08,8,168,49995868,40381177
2022-12-09,164,3035,49996032,40384212
2022-12-10,71,1602,49996103,40385814
2022-12-11,7,193,49996110,40386007
2022-12-12,172,2534,49996282,40388541
2022-12-13,251,3049,49996533,40391590
2022-12-14,232,3237,49996765,40394827
2022-12-15,207,3291,49996972,40398118
2022-12-16,163,3216,49997135,40401334
2022-12-17,95,1692,49997230,40403026
2022-12-18,10,270,49997240,40403296
2022-12-19,149,2169,49997389,40405465
2022-12-20,213,2530,49997602,40407995
2022-12-21,160,2250,49997762,40410245
2022-12-22,140,1873,49997902,40412118
2022-12-23,153,1216,49998055,40413334
2022-12-24,32,161,49998087,40413495
2022-12-25,0,6,49998087,40413501
2022-12-26,6,42,49998093,40413543
2022-12-27,133,1553,49998226,40415096
2022-12-28,138,1778,49998364,40416874
2022-12-29,93,1709,49998457,40418583
2022-12-30,116,1612,49998573,40420195
2022-12-31,21,273,49998594,40420468
2023-01-01,0,6,49998594,40420474
2023-01-02,48,1125,49998642,40421599
2023-01-03,99,1900,49998741,40423499
2023-01-04,111,2009,49998852,40425508
2023-01-05,98,1911,49998950,40427419
2023-01-06,0,69,49998950,40427488
2023-01-07,51,686,49999001,40428174
2023-01-08,2,97,49999003,40428271
2023-01-09,129,1429,49999132,40429700
2023-01-10,128,1783,49999260,40431483
2023-01-11,116,1767,49999376,40433250
2023-01-12,116,1999,49999492,40435249
2023-01-13,106,1885,49999598,40437134
2023-01-14,64,950,49999662,40438084
2023-01-15,1,67,49999663,40438151
2023-01-16,37,1148,49999700,40439299
2023-01-17,108,1295,49999808,40440594
2023-01-18,78,1394,49999886,40441988
2023-01-19,108,1564,49999994,40443552
2023-01-20,73,1345,50000067,40444897
2023-01-21,45,621,50000112,40445518