data_somministrazione,vaccinazioni,booster,cum_vaccinazioni,cum_booster
2020-12-27,20,0,20,0
2020-12-28,2,0,22,0
2020-12-29,1,0,23,0
2020-12-30,9,0,32,0
2020-12-31,73,0,105,0
2021-01-01,23,0,128,0
2021-01-02,128,0,256,0
2021-01-03,93,0,349,0
2021-01-04,219,0,568,0
2021-01-05,257,0,825,0
2021-01-06,227,0,1052,0
2021-01-07,306,0,1358,0
2021-01-08,353,0,1711,0
2021-01-09,265,0,1976,0
2021-01-10,160,0,2136,0
2021-01-11,290,0,2426,0
2021-01-12,275,0,2701,0
2021-01-13,404,0,3105,0
2021-01-14,488,0,3593,0
2021-01-15,305,0,3898,0
2021-01-16,214,0,4112,0
2021-01-17,3060,0,7172,0
2021-01-18,5215,0,12387,0
2021-01-19,1893,0,14280,0
2021-01-20,4656,0,18936,0
2021-01-21,20005,0,38941,0
2021-01-22,14220,0,53161,0
2021-01-23,33329,0,86490,0
2021-01-24,30782,0,117272,0
2021-01-25,64721,0,181993,0
2021-01-26,76487,0,258480,0
2021-01-27,64824,0,323304,0
2021-01-28,89270,0,412574,0
2021-01-29,94018,0,506592,0
2021-01-30,86552,0,593144,0
2021-01-31,57329,0,650473,0
2021-02-01,81852,0,732325,0
2021-02-02,82140,0,814465,0
2021-02-03,91113,0,905578,0
2021-02-04,95395,0,1000973,0
2021-02-05,90272,0,1091245,0
2021-02-06,63449,0,1154694,0
2021-02-07,32933,0,1187627,0
2021-02-08,40424,0,1228051,0
2021-02-09,32870,0,1260921,0
2021-02-10,28428,0,1289349,0
2021-02-11,20403,0,1309752,0
2021-02-12,16239,0,1325991,0
2021-02-13,7274,0,1333265,0
2021-02-14,2862,0,1336127,0
2021-02-15,6844,0,1342971,0
2021-02-16,7002,0,1349973,0
2021-02-17,10525,0,1360498,0
2021-02-18,9252,0,1369750,0
2021-02-19,8251,0,1378001,0
2021-02-20,5567,0,1383568,0
2021-02-21,3003,0,1386571,0
2021-02-22,6884,0,1393455,0
2021-02-23,7179,0,1400634,0
2021-02-24,9808,0,1410442,0
2021-02-25,14210,0,1424652,0
2021-02-26,17555,0,1442207,0
2021-02-27,13915,0,1456122,0
2021-02-28,9388,0,1465510,0
2021-03-01,26519,0,1492029,0
2021-03-02,33243,0,1525272,0
2021-03-03,44649,0,1569921,0
2021-03-04,50292,0,1620213,0
2021-03-05,55734,0,1675947,0
2021-03-06,41871,0,1717818,0
2021-03-07,22322,0,1740140,0
2021-03-08,50824,0,1790964,0
2021-03-09,53077,0,1844041,0
2021-03-10,58658,0,1902699,0
2021-03-11,63871,0,1966570,0
2021-03-12,65112,0,2031682,0
2021-03-13,51725,0,2083407,0
2021-03-14,35404,0,2118811,0
2021-03-15,73447,0,2192258,0
2021-03-16,74026,0,2266284,0
2021-03-17,83131,0,2349415,0
2021-03-18,81629,0,2431044,0
2021-03-19,81084,0,2512128,0
2021-03-20,64725,0,2576853,0
2021-03-21,47303,0,2624156,0
2021-03-22,69486,0,2693642,0
2021-03-23,75805,0,2769447,0
2021-03-24,90917,0,2860364,0
2021-03-25,89812,0,2950176,0
2021-03-26,83631,0,3033807,0
2021-03-27,71945,0,3105752,0
2021-03-28,44149,0,3149901,0
2021-03-29,70832,0,3220733,0
2021-03-30,81392,0,3302125,0
2021-03-31,96244,0,3398369,0
2021-04-01,95311,0,3493680,0
2021-04-02,84075,0,3577755,0
2021-04-03,64306,0,3642061,0
2021-04-04,21718,0,3663779,0
2021-04-05,40316,0,3704095,0
2021-04-06,81324,0,3785419,0
2021-04-07,95834,0,3881253,0
2021-04-08,95245,0,3976498,0
2021-04-09,88494,0,4064992,0
2021-04-10,74031,0,4139023,0
2021-04-11,44766,0,4183789,0
2021-04-12,66917,0,4250706,0
2021-04-13,72581,0,4323287,0
2021-04-14,85545,0,4408832,0
2021-04-15,105415,0,4514247,0
2021-04-16,106421,0,4620668,0
2021-04-17,90519,0,4711187,0
2021-04-18,58596,0,4769783,0
2021-04-19,93432,0,4863215,0
2021-04-20,103772,0,4966987,0
2021-04-21,125344,0,5092331,0
2021-04-22,143521,0,5235852,0
2021-04-23,138746,0,5374598,0
2021-04-24,124445,0,5499043,0
2021-04-25,61458,0,5560501,0
2021-04-26,97894,0,5658395,0
2021-04-27,128362,0,5786757,0
2021-04-28,156375,0,5943132,0
2021-04-29,195599,0,6138731,0
2021-04-30,214590,0,6353321,0
2021-05-01,174125,0,6527446,0
2021-05-02,135806,0,6663252,0
2021-05-03,142047,0,6805299,0
2021-05-04,158696,0,6963995,0
2021-05-05,170511,0,7134506,0
2021-05-06,197808,0,7332314,0
2021-05-07,213850,0,7546164,0
2021-05-08,213422,0,7759586,0
2021-05-09,143204,0,7902790,0
2021-05-10,165085,0,8067875,0
2021-05-11,174993,0,8242868,0
2021-05-12,179191,0,8422059,0
2021-05-13,203395,0,8625454,0
2021-05-14,222923,0,8848377,0
2021-05-15,210375,0,9058752,0
2021-05-16,159280,0,9218032,0
2021-05-17,219205,0,9437237,0
2021-05-18,213024,0,9650261,0
2021-05-19,207091,0,9857352,0
2021-05-20,270872,0,10128224,0
2021-05-21,270899,0,10399123,0
2021-05-22,245530,0,10644653,0
2021-05-23,197183,0,10841836,0
2021-05-24,228311,0,11070147,0
2021-05-25,245697,0,11315844,0
2021-05-26,277511,0,11593355,0
2021-05-27,311089,0,11904444,0
2021-05-28,299577,0,12204021,0
2021-05-29,231233,0,12435254,0
2021-05-30,170844,0,12606098,0
2021-05-31,216430,0,12822528,0
2021-06-01,207639,0,13030167,0
2021-06-02,115805,0,13145972,0
2021-06-03,180156,0,13326128,0
2021-06-04,184892,0,13511020,0
2021-06-05,185970,0,13696990,0
2021-06-06,139556,0,13836546,0
2021-06-07,161883,0,13998429,0
2021-06-08,171243,0,14169672,0
2021-06-09,171498,0,14341170,0
2021-06-10,174120,0,14515290,0
2021-06-11,169996,0,14685286,0
2021-06-12,128342,0,14813628,0
2021-06-13,91198,0,14904826,0
2021-06-14,214691,0,15119517,0
2021-06-15,228430,0,15347947,0
2021-06-16,253087,0,15601034,0
2021-06-17,301743,0,15902777,0
2021-06-18,306306,0,16209083,0
2021-06-19,275102,0,16484185,0
2021-06-20,220798,0,16704983,0
2021-06-21,288077,0,16993060,0
2021-06-22,296232,0,17289292,0
2021-06-23,302694,0,17591986,0
2021-06-24,332616,0,17924602,0
2021-06-25,348716,0,18273318,0
2021-06-26,300130,0,18573448,0
2021-06-27,228678,0,18802126,0
2021-06-28,307108,0,19109234,0
2021-06-29,329307,0,19438541,0
2021-06-30,342179,0,19780720,0
2021-07-01,363230,0,20143950,0
2021-07-02,368484,0,20512434,0
2021-07-03,371097,0,20883531,0
2021-07-04,283220,0,21166751,0
2021-07-05,384550,0,21551301,0
2021-07-06,385484,0,21936785,0
2021-07-07,412123,0,22348908,0
2021-07-08,479603,0,22828511,0
2021-07-09,498486,0,23326997,0
2021-07-10,475179,0,23802176,0
2021-07-11,357705,0,24159881,0
2021-07-12,485897,0,24645778,0
2021-07-13,492109,0,25137887,0
2021-07-14,480456,0,25618343,0
2021-07-15,523450,0,26141793,0
2021-07-16,509764,0,26651557,0
2021-07-17,464335,0,27115892,0
2021-07-18,364651,0,27480543,0
2021-07-19,463053,0,27943596,0
2021-07-20,458064,0,28401660,0
2021-07-21,462797,0,28864457,0
2021-07-22,475391,0,29339848,0
2021-07-23,441330,0,29781178,0
2021-07-24,386158,0,30167336,0
2021-07-25,287558,0,30454894,0
2021-07-26,430886,0,30885780,0
2021-07-27,440131,0,31325911,0
2021-07-28,391014,0,31716925,0
2021-07-29,372082,0,32089007,0
2021-07-30,341515,0,32430522,0
2021-07-31,287035,0,32717557,0
2021-08-01,191001,0,32908558,0
2021-08-02,333704,0,33242262,0
2021-08-03,323199,0,33565461,0
2021-08-04,310981,0,33876442,0
2021-08-05,292497,0,34168939,0
2021-08-06,260022,0,34428961,0
2021-08-07,199052,0,34628013,0
2021-08-08,153108,0,34781121,0
2021-08-09,234078,0,35015199,0
2021-08-10,205258,0,35220457,0
2021-08-11,193779,0,35414236,0
2021-08-12,168039,0,35582275,0
2021-08-13,148638,0,35730913,0
2021-08-14,66096,0,35797009,0
2021-08-15,26339,0,35823348,0
2021-08-16,114704,0,35938052,0
2021-08-17,129251,0,36067303,0
2021-08-18,128753,0,36196056,0
2021-08-19,124826,0,36320882,0
2021-08-20,123790,0,36444672,0
2021-08-21,83130,0,36527802,0
2021-08-22,68172,0,36595974,0
2021-08-23,176872,0,36772846,0
2021-08-24,156896,0,36929742,0
2021-08-25,177172,0,37106914,0
2021-08-26,172367,0,37279281,0
2021-08-27,185833,0,37465114,0
2021-08-28,140282,0,37605396,0
2021-08-29,98990,0,37704386,0
2021-08-30,209599,0,37913985,0
2021-08-31,194644,0,38108629,0
2021-09-01,192207,0,38300836,0
2021-09-02,189929,0,38490765,0
2021-09-03,191294,0,38682059,0
2021-09-04,131466,0,38813525,0
2021-09-05,87852,0,38901377,0
2021-09-06,193625,0,39095002,0
2021-09-07,196032,0,39291034,0
2021-09-08,187881,0,39478915,0
2021-09-09,201443,0,39680358,0
2021-09-10,198075,0,39878433,0
2021-09-11,141295,0,40019728,0
2021-09-12,89595,0,40109323,0
2021-09-13,191124,611,40300447,611
2021-09-14,177227,621,40477674,1232
2021-09-15,163096,622,40640770,1854
2021-09-16,160069,968,40800839,2822
2021-09-17,150172,1144,40951011,3966
2021-09-18,127982,758,41078993,4724
2021-09-19,81139,502,41160132,5226
2021-09-20,180071,9108,41340203,14334
2021-09-21,166657,8847,41506860,23181
2021-09-22,159098,9449,41665958,32630
2021-09-23,138084,9343,41804042,41973
2021-09-24,140550,8985,41944592,50958
2021-09-25,119560,5657,42064152,56615
2021-09-26,71979,4352,42136131,60967
2021-09-27,135664,10067,42271795,71034
2021-09-28,117510,11411,42389305,82445
2021-09-29,112354,11842,42501659,94287
2021-09-30,110268,14967,42611927,109254
2021-10-01,94992,19123,42706919,128377
2021-10-02,78512,14032,42785431,142409
2021-10-03,47750,7665,42833181,150074
2021-10-04,88383,34468,42921564,184542
2021-10-05,80377,34001,43001941,218543
2021-10-06,71997,34190,43073938,252733
2021-10-07,71868,34362,43145806,287095
2021-10-08,80632,33608,43226438,320703
2021-10-09,76106,22186,43302544,342889
2021-10-10,45781,13625,43348325,356514
2021-10-11,87440,41122,43435765,397636
2021-10-12,84506,46922,43520271,444558
2021-10-13,88208,52138,43608479,496696
2021-10-14,91547,58541,43700026,555237
2021-10-15,93595,55655,43793621,610892
2021-10-16,82970,36810,43876591,647702
2021-10-17,51461,23846,43928052,671548
2021-10-18,90303,59502,44018355,731050
2021-10-19,78348,69396,44096703,800446
2021-10-20,75071,78194,44171774,878640
2021-10-21,78303,81780,44250077,960420
2021-10-22,73781,77059,44323858,1037479
2021-10-23,60830,51967,44384688,1089446
2021-10-24,33372,23472,44418060,1112918
2021-10-25,64907,81646,44482967,1194564
2021-10-26,58375,91820,44541342,1286384
2021-10-27,58329,104014,44599671,1390398
2021-10-28,61453,114140,44661124,1504538
2021-10-29,61637,103161,44722761,1607699
2021-10-30,50676,68132,44773437,1675831
2021-10-31,25162,28303,44798599,1704134
2021-11-01,19048,28157,44817647,1732291
2021-11-02,62743,89421,44880390,1821712
2021-11-03,60728,118678,44941118,1940390
2021-11-04,59246,126684,45000364,2067074
2021-11-05,63097,135208,45063461,2202282
2021-11-06,46481,90935,45109942,2293217
2021-11-07,22253,37900,45132195,2331117
2021-11-08,51529,131288,45183724,2462405
2021-11-09,45400,144222,45229124,2606627
2021-11-10,42590,156362,45271714,2762989
2021-11-11,44928,155157,45316642,2918146
2021-11-12,46319,158657,45362961,3076803
2021-11-13,33265,116666,45396226,3193469
2021-11-14,14492,52456,45410718,3245925
2021-11-15,36910,157439,45447628,3403364
2021-11-16,30562,171396,45478190,3574760
2021-11-17,28467,178452,45506657,3753212
2021-11-18,30289,193744,45536946,3946956
2021-11-19,28812,205872,45565758,4152828
2021-11-20,21003,156455,45586761,4309283
2021-11-21,10612,64865,45597373,4374148
2021-11-22,21946,213160,45619319,4587308
2021-11-23,23590,241763,45642909,4829071
2021-11-24,27796,271025,45670705,5100096
2021-11-25,23246,301929,45693951,5402025
2021-11-26,24591,318287,45718542,5720312
2021-11-27,21392,266165,45739934,5986477
2021-11-28,9903,137064,45749837,6123541
2021-11-29,22350,326074,45772187,6449615
2021-11-30,23106,365848,45795293,6815463
2021-12-01,21531,413512,45816824,7228975
2021-12-02,23775,440425,45840599,7669400
2021-12-03,25269,467500,45865868,8136900
2021-12-04,22382,418786,45888250,8555686
2021-12-05,11938,261358,45900188,8817044
2021-12-06,25833,457619,45926021,9274663
2021-12-07,24152,480286,45950173,9754949
2021-12-08,10019,249711,45960192,10004660
2021-12-09,31607,491952,45991799,10496612
2021-12-10,28083,517916,46019882,11014528
2021-12-11,23581,459265,46043463,11473793
2021-12-12,12311,293521,46055774,11767314
2021-12-13,26168,467640,46081942,12234954
2021-12-14,25190,494223,46107132,12729177
2021-12-15,25357,517174,46132489,13246351
2021-12-16,27906,520285,46160395,13766636
2021-12-17,29377,517199,46189772,14283835
2021-12-18,27081,468760,46216853,14752595
2021-12-19,15160,300539,46232013,15053134
2021-12-20,30650,477498,46262663,15530632
2021-12-21,30404,493413,46293067,16024045
2021-12-22,29471,484731,46322538,16508776
2021-12-23,28267,426929,46350805,16935705
2021-12-24,13120,210836,46363925,17146541
2021-12-25,2103,33053,46366028,17179594
2021-12-26,8769,159074,46374797,17338668
2021-12-27,46821,504678,46421618,17843346
2021-12-28,42486,554234,46464104,18397580
2021-12-29,34377,550662,46498481,18948242
2021-12-30,31864,499851,46530345,19448093
2021-12-31,14131,247403,46544476,19695496
2022-01-01,3499,64815,46547975,19760311
2022-01-02,22798,276725,46570773,20037036
2022-01-03,47896,520027,46618669,20557063
2022-01-04,46419,572098,46665088,21129161
2022-01-05,40792,560406,46705880,21689567
2022-01-06,23511,274490,46729391,21964057
2022-01-07,63746,554205,46793137,22518262
2022-01-08,60917,503405,46854054,23021667
2022-01-09,42907,319695,46896961,23341362
2022-01-10,61127,542314,46958088,23883676
2022-01-11,61781,587015,47019869,24470691
2022-01-12,58499,581299,47078368,25051990
2022-01-13,58657,580414,47137025,25632404
2022-01-14,46865,588599,47183890,26221003
2022-01-15,39474,569962,47223364,26790965
2022-01-16,31268,341884,47254632,27132849
2022-01-17,54816,489676,47309448,27622525
2022-01-18,58431,517038,47367879,28139563
2022-01-19,57237,502809,47425116,28642372
2022-01-20,54371,498838,47479487,29141210
2022-01-21,42132,493885,47521619,29635095
2022-01-22,31237,469608,47552856,30104703
2022-01-23,34953,275385,47587809,30380088
2022-01-24,56197,437236,47644006,30817324
2022-01-25,61573,452118,47705579,31269442
2022-01-26,58565,435837,47764144,31705279
2022-01-27,48860,432385,47813004,32137664
2022-01-28,58723,436549,47871727,32574213
2022-01-29,68157,412501,47939884,32986714
2022-01-30,50398,235977,47990282,33222691
2022-01-31,60660,356938,48050942,33579629
2022-02-01,65575,328452,48116517,33908081
2022-02-02,63218,296983,48179735,34205064
2022-02-03,60070,274520,48239805,34479584
2022-02-04,72392,268462,48312197,34748046
2022-02-05,83793,248538,48395990,34996584
2022-02-06,55300,116207,48451290,35112791
2022-02-07,65162,199941,48516452,35312732
2022-02-08,66934,186118,48583386,35498850
2022-02-09,58767,166335,48642153,35665185
2022-02-10,58588,163239,48700741,35828424
2022-02-11,62259,162466,48763000,35990890
2022-02-12,71988,152147,48834988,36143037
2022-02-13,41475,68852,48876463,36211889
2022-02-14,46698,116187,48923161,36328076
2022-02-15,48542,123479,48971703,36451555
2022-02-16,45679,106121,49017382,36557676
2022-02-17,42867,98113,49060249,36655789
2022-02-18,46625,112578,49106874,36768367
2022-02-19,52541,100334,49159415,36868701
2022-02-20,31409,40366,49190824,36909067
2022-02-21,37887,89653,49228711,36998720
2022-02-22,37224,83777,49265935,37082497
2022-02-23,33397,79409,49299332,37161906
2022-02-24,32555,78161,49331887,37240067
2022-02-25,34763,90709,49366650,37330776
2022-02-26,39158,89134,49405808,37419910
2022-02-27,22545,35857,49428353,37455767
2022-02-28,28481,81690,49456834,37537457
2022-03-01,22722,53940,49479556,37591397
2022-03-02,21952,50681,49501508,37642078
2022-03-03,22620,54947,49524128,37697025
2022-03-04,23234,62798,49547362,37759823
2022-03-05,23798,57950,49571160,37817773
2022-03-06,9471,17201,49580631,37834974
2022-03-07,15916,51389,49596547,37886363
2022-03-08,15477,48796,49612024,37935159
2022-03-09,13812,46518,49625836,37981677
2022-03-10,14050,52119,49639886,38033796
2022-03-11,15584,57264,49655470,38091060
2022-03-12,15505,56618,49670975,38147678
2022-03-13,5544,16850,49676519,38164528
2022-03-14,10525,46699,49687044,38211227
2022-03-15,10548,46893,49697592,38258120
2022-03-16,9481,41973,49707073,38300093
2022-03-17,9717,44873,49716790,38344966
2022-03-18,10158,49057,49726948,38394023
2022-03-19,9150,46533,49736098,38440556
2022-03-20,2609,11702,49738707,38452258
2022-03-21,7579,40224,49746286,38492482
2022-03-22,8448,37758,49754734,38530240
2022-03-23,7213,33700,49761947,38563940
2022-03-24,8258,38804,49770205,38602744
2022-03-25,8139,43666,49778344,38646410
2022-03-26,8124,41721,49786468,38688131
2022-03-27,2430,9682,49788898,38697813
2022-03-28,6108,35238,49795006,38733051
2022-03-29,5777,32527,49800783,38765578
2022-03-30,5566,30201,49806349,38795779
2022-03-31,5898,33178,49812247,38828957
2022-04-01,4348,25189,49816595,38854146
2022-04-02,4494,23273,49821089,38877419
2022-04-03,1049,4500,49822138,38881919
2022-04-04,3656,21541,49825794,38903460
2022-04-05,3756,22931,49829550,38926391
2022-04-06,4102,21853,49833652,38948244
2022-04-07,3965,23320,49837617,38971564
2022-04-08,4692,26712,49842309,38998276
2022-04-09,4382,23885,49846691,39022161
2022-04-10,892,4613,49847583,39026774
2022-04-11,3815,22685,49851398,39049459
2022-04-12,3363,21777,49854761,39071236
2022-04-13,3567,21335,49858328,39092571
2022-04-14,3486,23786,49861814,39116357
2022-04-15,3084,20617,49864898,39136974
2022-04-16,2149,11918,49867047,39148892
2022-04-17,63,348,49867110,39149240
2022-04-18,152,650,49867262,39149890
2022-04-19,3499,21979,49870761,39171869
2022-04-20,3511,20251,49874272,39192120
2022-04-21,2847,19786,49877119,39211906
2022-04-22,2927,20702,49880046,39232608
2022-04-23,2644,16219,49882690,39248827
2022-04-24,509,2334,49883199,39251161
2022-04-25,183,1165,49883382,39252326
2022-04-26,2759,17806,49886141,39270132
2022-04-27,2374,15792,49888515,39285924
2022-04-28,2358,15558,49890873,39301482
2022-04-29,2293,14844,49893166,39316326
2022-04-30,2123,11580,49895289,39327906
2022-05-01,113,531,49895402,39328437
2022-05-02,1450,9391,49896852,39337828
2022-05-03,1576,10318,49898428,39348146
2022-05-04,1746,10267,49900174,39358413
2022-05-05,1653,10285,49901827,39368698
2022-05-06,1702,10955,49903529,39379653
2022-05-07,1431,8567,49904960,39388220
2022-05-08,416,1519,49905376,39389739
2022-05-09,1027,8928,49906403,39398667
2022-05-10,1423,9546,49907826,39408213
2022-05-11,1483,10098,49909309,39418311
2022-05-12,1370,10131,49910679,39428442
2022-05-13,1594,10517,49912273,39438959
2022-05-14,1357,8235,49913630,39447194
2022-05-15,336,1131,49913966,39448325
2022-05-16,813,8405,49914779,39456730
2022-05-17,1243,8696,49916022,39465426
2022-05-18,1372,9231,49917394,39474657
2022-05-19,1500,9277,49918894,39483934
2022-05-20,1421,9514,49920315,39493448
2022-05-21,1300,7899,49921615,39501347
2022-05-22,231,1013,49921846,39502360
2022-05-23,830,8267,49922676,39510627
2022-05-24,1073,8672,49923749,39519299
2022-05-25,1369,9459,49925118,39528758
2022-05-26,1195,9474,49926313,39538232
2022-05-27,1232,9912,49927545,39548144
2022-05-28,1205,7885,49928750,39556029
2022-05-29,286,1266,49929036,39557295
2022-05-30,931,8054,49929967,39565349
2022-05-31,1036,8546,49931003,39573895
2022-06-01,891,7655,49931894,39581550
2022-06-02,35,474,49931929,39582024
2022-06-03,818,7333,49932747,39589357
2022-06-04,870,5162,49933617,39594519
2022-06-05,89,586,49933706,39595105
2022-06-06,678,6991,49934384,39602096
2022-06-07,952,7847,49935336,39609943
2022-06-08,982,7908,49936318,39617851
2022-06-09,1037,8414,49937355,39626265
2022-06-10,958,8564,49938313,39634829
2022-06-11,903,6207,49939216,39641036
2022-06-12,140,768,49939356,39641804
2022-06-13,602,6301,49939958,39648105
2022-06-14,827,7896,49940785,39656001
2022-06-15,955,7852,49941740,39663853
2022-06-16,730,7392,49942470,39671245
2022-06-17,723,7243,49943193,39678488
2022-06-18,777,5593,49943970,39684081
2022-06-19,47,522,49944017,39684603
2022-06-20,587,6699,49944604,39691302
2022-06-21,736,7665,49945340,39698967
2022-06-22,780,7308,49946120,39706275
2022-06-23,651,7466,49946771,39713741
2022-06-24,644,7474,49947415,39721215
2022-06-25,835,6534,49948250,39727749
2022-06-26,128,523,49948378,39728272
2022-06-27,532,7123,49948910,39735395
2022-06-28,745,8206,49949655,39743601
2022-06-29,756,7728,49950411,39751329
2022-06-30,746,8143,49951157,39759472
2022-07-01,577,6443,49951734,39765915
2022-07-02,536,4769,49952270,39770684
2022-07-03,49,456,49952319,39771140
2022-07-04,469,6277,49952788,39777417
2022-07-05,628,8117,49953416,39785534
2022-07-06,633,7610,49954049,39793144
2022-07-07,571,8269,49954620,39801413
2022-07-08,673,8083,49955293,39809496
2022-07-09,550,6104,49955843,39815600
2022-07-10,58,533,49955901,39816133
2022-07-11,487,7638,49956388,39823771
2022-07-12,667,9027,49957055,39832798
2022-07-13,641,10066,49957696,39842864
2022-07-14,636,10224,49958332,39853088
2022-07-15,625,10667,49958957,39863755
2022-07-16,522,7214,49959479,39870969
2022-07-17,48,770,49959527,39871739
2022-07-18,497,9369,49960024,39881108
2022-07-19,574,10682,49960598,39891790
2022-07-20,580,11272,49961178,39903062
2022-07-21,627,12085,49961805,39915147
2022-07-22,583,11259,49962388,39926406
2022-07-23,379,6771,49962767,39933177
2022-07-24,76,857,49962843,39934034
2022-07-25,503,9052,49963346,39943086
2022-07-26,519,9758,49963865,39952844
2022-07-27,550,10200,49964415,39963044
2022-07-28,530,10529,49964945,39973573
2022-07-29,510,9465,49965455,39983038
2022-07-30,382,5881,49965837,39988919
2022-07-31,49,764,49965886,39989683
2022-08-01,386,6864,49966272,39996547
2022-08-02,539,7583,49966811,40004130
2022-08-03,513,7174,49967324,40011304
2022-08-04,455,7489,49967779,40018793
2022-08-05,420,6520,49968199,40025313
2022-08-06,298,3611,49968497,40028924
2022-08-07,44,562,49968541,40029486
2022-08-08,402,4893,49968943,40034379
2022-08-09,382,5307,49969325,40039686
2022-08-10,381,4814,49969706,40044500
2022-08-11,366,4777,49970072,40049277
2022-08-12,292,3721,49970364,40052998
2022-08-13,143,1600,49970507,40054598
2022-08-14,9,129,49970516,40054727
2022-08-15,1,26,49970517,40054753
2022-08-16,283,3043,49970800,40057796
2022-08-17,352,3536,49971152,40061332
2022-08-18,390,4159,49971542,40065491
2022-08-19,341,3318,49971883,40068809
2022-08-20,183,1715,49972066,40070524
2022-08-21,24,149,49972090,40070673
2022-08-22,329,2950,49972419,40073623
2022-08-23,370,3674,49972789,40077297
2022-08-24,383,3359,49973172,40080656
2022-08-25,421,3772,49973593,40084428
2022-08-26,396,3571,49973989,40087999
2022-08-27,237,1769,49974226,40089768
2022-08-28,29,267,49974255,40090035
2022-08-29,355,3161,49974610,40093196
2022-08-30,403,3669,49975013,40096865
2022-08-31,437,3734,49975450,40100599
2022-09-01,352,3117,49975802,40103716
2022-09-02,296,2890,49976098,40106606
2022-09-03,199,1688,49976297,40108294
2022-09-04,23,149,49976320,40108443
2022-09-05,186,2655,49976506,40111098
2022-09-06,303,2988,49976809,40114086
2022-09-07,540,2935,49977349,40117021
2022-09-08,291,2959,49977640,40119980
2022-09-09,304,2885,49977944,40122865
2022-09-10,227,1326,49978171,40124191
2022-09-11,21,124,49978192,40124315
2022-09-12,267,2262,49978459,40126577
2022-09-13,251,2274,49978710,40128851
2022-09-14,263,2564,49978973,40131415
2022-09-15,280,2491,49979253,40133906
2022-09-16,253,2544,49979506,40136450
2022-09-17,239,1339,49979745,40137789
2022-09-18,20,170,49979765,40137959
2022-09-19,205,1969,49979970,40139928
2022-09-20,236,2383,49980206,40142311
2022-09-21,289,2525,49980495,40144836
2022-09-22,263,2647,49980758,40147483
2022-09-23,257,2530,49981015,40150013
2022-09-24,193,1427,49981208,40151440
2022-09-25,28,133,49981236,40151573
2022-09-26,280,2247,49981516,40153820
2022-09-27,286,2669,49981802,40156489
2022-09-28,308,2888,49982110,40159377
2022-09-29,256,3043,49982366,40162420
2022-09-30,290,2970,49982656,40165390
2022-10-01,193,1510,49982849,40166900
2022-10-02,11,187,49982860,40167087
2022-10-03,181,2469,49983041,40169556
2022-10-04,235,2854,49983276,40172410
2022-10-05,223,3215,49983499,40175625
2022-10-06,241,3835,49983740,40179460
2022-10-07,282,4158,49984022,40183618
2022-10-08,200,2234,49984222,40185852
2022-10-09,8,304,49984230,40186156
2022-10-10,206,3336,49984436,40189492
2022-10-11,191,4342,49984627,40193834
2022-10-12,207,4410,49984834,40198244
2022-10-13,200,5287,49985034,40203531
2022-10-14,229,5012,49985263,40208543
2022-10-15,187,2665,49985450,40211208
2022-10-16,6,358,49985456,40211566
2022-10-17,186,3852,49985642,40215418
2022-10-18,255,4945,49985897,40220363
2022-10-19,235,5425,49986132,40225788
2022-10-20,221,5947,49986353,40231735
2022-10-21,252,5410,49986605,40237145
2022-10-22,194,2898,49986799,40240043
2022-10-23,13,355,49986812,40240398
2022-10-24,168,3871,49986980,40244269
2022-10-25,246,4855,49987226,40249124
2022-10-26,296,5349,49987522,40254473
2022-10-27,227,5485,49987749,40259958
2022-10-28,196,4997,49987945,40264955
2022-10-29,126,2534,49988071,40267489
2022-10-30,3,281,49988074,40267770
2022-10-31,111,2950,49988185,40270720
2022-11-01,10,326,49988195,40271046
2022-11-02,95,1727,49988290,40272773