data_somministrazione,vaccinazioni,booster,cum_vaccinazioni,cum_booster
2020-12-27,21,0,21,0
2020-12-28,2,0,23,0
2020-12-29,1,0,24,0
2020-12-30,9,0,33,0
2020-12-31,80,0,113,0
2021-01-01,26,0,139,0
2021-01-02,146,0,285,0
2021-01-03,111,0,396,0
2021-01-04,244,0,640,0
2021-01-05,286,0,926,0
2021-01-06,260,0,1186,0
2021-01-07,327,0,1513,0
2021-01-08,383,0,1896,0
2021-01-09,286,0,2182,0
2021-01-10,169,0,2351,0
2021-01-11,312,0,2663,0
2021-01-12,289,0,2952,0
2021-01-13,421,0,3373,0
2021-01-14,505,0,3878,0
2021-01-15,323,0,4201,0
2021-01-16,225,0,4426,0
2021-01-17,3065,0,7491,0
2021-01-18,5220,0,12711,0
2021-01-19,1895,0,14606,0
2021-01-20,4659,0,19265,0
2021-01-21,20004,0,39269,0
2021-01-22,14220,0,53489,0
2021-01-23,33320,0,86809,0
2021-01-24,30775,0,117584,0
2021-01-25,64700,0,182284,0
2021-01-26,76459,0,258743,0
2021-01-27,64805,0,323548,0
2021-01-28,89248,0,412796,0
2021-01-29,93992,0,506788,0
2021-01-30,86542,0,593330,0
2021-01-31,57323,0,650653,0
2021-02-01,81833,0,732486,0
2021-02-02,82130,0,814616,0
2021-02-03,91104,0,905720,0
2021-02-04,95382,0,1001102,0
2021-02-05,90266,0,1091368,0
2021-02-06,63450,0,1154818,0
2021-02-07,32934,0,1187752,0
2021-02-08,40420,0,1228172,0
2021-02-09,32881,0,1261053,0
2021-02-10,28439,0,1289492,0
2021-02-11,20407,0,1309899,0
2021-02-12,16251,0,1326150,0
2021-02-13,7280,0,1333430,0
2021-02-14,2862,0,1336292,0
2021-02-15,6848,0,1343140,0
2021-02-16,7007,0,1350147,0
2021-02-17,10527,0,1360674,0
2021-02-18,9257,0,1369931,0
2021-02-19,8259,0,1378190,0
2021-02-20,5581,0,1383771,0
2021-02-21,3015,0,1386786,0
2021-02-22,6883,0,1393669,0
2021-02-23,7189,0,1400858,0
2021-02-24,9815,0,1410673,0
2021-02-25,14213,0,1424886,0
2021-02-26,17562,0,1442448,0
2021-02-27,13924,0,1456372,0
2021-02-28,9398,0,1465770,0
2021-03-01,26529,0,1492299,0
2021-03-02,33248,0,1525547,0
2021-03-03,44651,0,1570198,0
2021-03-04,50300,0,1620498,0
2021-03-05,55745,0,1676243,0
2021-03-06,41885,0,1718128,0
2021-03-07,22332,0,1740460,0
2021-03-08,50843,0,1791303,0
2021-03-09,53095,0,1844398,0
2021-03-10,58696,0,1903094,0
2021-03-11,63894,0,1966988,0
2021-03-12,65141,0,2032129,0
2021-03-13,51733,0,2083862,0
2021-03-14,35423,0,2119285,0
2021-03-15,73463,0,2192748,0
2021-03-16,74030,0,2266778,0
2021-03-17,83143,0,2349921,0
2021-03-18,81632,0,2431553,0
2021-03-19,81090,0,2512643,0
2021-03-20,64741,0,2577384,0
2021-03-21,47310,0,2624694,0
2021-03-22,69508,0,2694202,0
2021-03-23,75819,0,2770021,0
2021-03-24,90936,0,2860957,0
2021-03-25,89829,0,2950786,0
2021-03-26,83643,0,3034429,0
2021-03-27,71960,0,3106389,0
2021-03-28,44190,0,3150579,0
2021-03-29,70849,0,3221428,0
2021-03-30,81419,0,3302847,0
2021-03-31,96267,0,3399114,0
2021-04-01,95340,0,3494454,0
2021-04-02,84091,0,3578545,0
2021-04-03,64313,0,3642858,0
2021-04-04,21726,0,3664584,0
2021-04-05,40322,0,3704906,0
2021-04-06,81344,0,3786250,0
2021-04-07,95847,0,3882097,0
2021-04-08,95263,0,3977360,0
2021-04-09,88509,0,4065869,0
2021-04-10,74038,0,4139907,0
2021-04-11,44775,0,4184682,0
2021-04-12,66928,0,4251610,0
2021-04-13,72600,0,4324210,0
2021-04-14,85560,0,4409770,0
2021-04-15,105429,0,4515199,0
2021-04-16,106434,0,4621633,0
2021-04-17,90530,0,4712163,0
2021-04-18,58597,0,4770760,0
2021-04-19,93445,0,4864205,0
2021-04-20,103781,0,4967986,0
2021-04-21,125343,0,5093329,0
2021-04-22,143536,0,5236865,0
2021-04-23,138763,0,5375628,0
2021-04-24,124453,0,5500081,0
2021-04-25,61470,0,5561551,0
2021-04-26,97917,0,5659468,0
2021-04-27,128381,0,5787849,0
2021-04-28,156402,0,5944251,0
2021-04-29,195624,0,6139875,0
2021-04-30,214621,0,6354496,0
2021-05-01,174150,0,6528646,0
2021-05-02,135815,0,6664461,0
2021-05-03,142077,0,6806538,0
2021-05-04,158719,0,6965257,0
2021-05-05,170555,0,7135812,0
2021-05-06,197834,0,7333646,0
2021-05-07,213882,0,7547528,0
2021-05-08,213448,0,7760976,0
2021-05-09,143221,0,7904197,0
2021-05-10,165107,0,8069304,0
2021-05-11,175014,0,8244318,0
2021-05-12,179236,0,8423554,0
2021-05-13,203425,0,8626979,0
2021-05-14,222949,0,8849928,0
2021-05-15,210399,0,9060327,0
2021-05-16,159292,0,9219619,0
2021-05-17,219225,0,9438844,0
2021-05-18,213036,0,9651880,0
2021-05-19,207107,0,9858987,0
2021-05-20,270900,0,10129887,0
2021-05-21,270916,0,10400803,0
2021-05-22,245552,0,10646355,0
2021-05-23,197196,0,10843551,0
2021-05-24,228312,0,11071863,0
2021-05-25,245702,0,11317565,0
2021-05-26,277576,0,11595141,0
2021-05-27,311107,0,11906248,0
2021-05-28,299593,0,12205841,0
2021-05-29,231259,0,12437100,0
2021-05-30,170858,0,12607958,0
2021-05-31,216442,0,12824400,0
2021-06-01,207643,0,13032043,0
2021-06-02,115807,0,13147850,0
2021-06-03,180182,0,13328032,0
2021-06-04,184929,0,13512961,0
2021-06-05,186010,0,13698971,0
2021-06-06,139601,0,13838572,0
2021-06-07,161916,0,14000488,0
2021-06-08,171300,0,14171788,0
2021-06-09,171533,0,14343321,0
2021-06-10,174176,0,14517497,0
2021-06-11,170053,0,14687550,0
2021-06-12,128412,0,14815962,0
2021-06-13,91243,0,14907205,0
2021-06-14,214714,0,15121919,0
2021-06-15,228471,0,15350390,0
2021-06-16,253121,0,15603511,0
2021-06-17,301796,0,15905307,0
2021-06-18,306341,0,16211648,0
2021-06-19,275134,0,16486782,0
2021-06-20,220834,0,16707616,0
2021-06-21,288114,0,16995730,0
2021-06-22,296263,0,17291993,0
2021-06-23,302715,0,17594708,0
2021-06-24,332629,0,17927337,0
2021-06-25,348746,0,18276083,0
2021-06-26,300154,0,18576237,0
2021-06-27,228704,0,18804941,0
2021-06-28,307166,0,19112107,0
2021-06-29,329354,0,19441461,0
2021-06-30,342235,0,19783696,0
2021-07-01,363257,0,20146953,0
2021-07-02,368515,0,20515468,0
2021-07-03,371107,0,20886575,0
2021-07-04,283246,0,21169821,0
2021-07-05,384570,0,21554391,0
2021-07-06,385496,0,21939887,0
2021-07-07,412142,0,22352029,0
2021-07-08,479590,0,22831619,0
2021-07-09,498465,0,23330084,0
2021-07-10,475176,0,23805260,0
2021-07-11,357688,0,24162948,0
2021-07-12,485874,0,24648822,0
2021-07-13,492071,0,25140893,0
2021-07-14,480430,0,25621323,0
2021-07-15,523413,0,26144736,0
2021-07-16,509744,0,26654480,0
2021-07-17,464322,0,27118802,0
2021-07-18,364626,0,27483428,0
2021-07-19,463036,0,27946464,0
2021-07-20,458042,0,28404506,0
2021-07-21,462787,0,28867293,0
2021-07-22,475374,0,29342667,0
2021-07-23,441327,0,29783994,0
2021-07-24,386147,0,30170141,0
2021-07-25,287543,0,30457684,0
2021-07-26,430891,0,30888575,0
2021-07-27,440107,0,31328682,0
2021-07-28,391016,0,31719698,0
2021-07-29,372074,0,32091772,0
2021-07-30,341523,0,32433295,0
2021-07-31,287049,0,32720344,0
2021-08-01,190996,0,32911340,0
2021-08-02,333702,0,33245042,0
2021-08-03,323188,0,33568230,0
2021-08-04,310995,0,33879225,0
2021-08-05,292477,0,34171702,0
2021-08-06,260044,0,34431746,0
2021-08-07,199067,0,34630813,0
2021-08-08,153108,0,34783921,0
2021-08-09,234083,0,35018004,0
2021-08-10,205293,0,35223297,0
2021-08-11,193798,0,35417095,0
2021-08-12,168076,0,35585171,0
2021-08-13,148675,0,35733846,0
2021-08-14,66105,0,35799951,0
2021-08-15,26344,0,35826295,0
2021-08-16,114719,0,35941014,0
2021-08-17,129257,0,36070271,0
2021-08-18,128764,0,36199035,0
2021-08-19,124862,0,36323897,0
2021-08-20,123798,0,36447695,0
2021-08-21,83134,0,36530829,0
2021-08-22,68182,0,36599011,0
2021-08-23,176868,0,36775879,0
2021-08-24,156890,0,36932769,0
2021-08-25,177169,0,37109938,0
2021-08-26,172351,0,37282289,0
2021-08-27,185831,0,37468120,0
2021-08-28,140291,0,37608411,0
2021-08-29,98994,0,37707405,0
2021-08-30,209584,0,37916989,0
2021-08-31,194642,0,38111631,0
2021-09-01,192216,0,38303847,0
2021-09-02,189924,0,38493771,0
2021-09-03,191278,0,38685049,0
2021-09-04,131440,0,38816489,0
2021-09-05,87839,0,38904328,0
2021-09-06,193600,0,39097928,0
2021-09-07,196037,0,39293965,0
2021-09-08,187859,0,39481824,0
2021-09-09,201420,0,39683244,0
2021-09-10,198049,0,39881293,0
2021-09-11,141291,0,40022584,0
2021-09-12,89591,0,40112175,0
2021-09-13,191102,657,40303277,657
2021-09-14,177207,657,40480484,1314
2021-09-15,163079,654,40643563,1968
2021-09-16,160037,1014,40803600,2982
2021-09-17,150153,1173,40953753,4155
2021-09-18,127981,783,41081734,4938
2021-09-19,81142,511,41162876,5449
2021-09-20,180058,9137,41342934,14586
2021-09-21,166675,8864,41509609,23450
2021-09-22,159118,9465,41668727,32915
2021-09-23,138108,9358,41806835,42273
2021-09-24,140548,9020,41947383,51293
2021-09-25,119563,5676,42066946,56969
2021-09-26,71993,4367,42138939,61336
2021-09-27,135673,10086,42274612,71422
2021-09-28,117523,11432,42392135,82854
2021-09-29,112381,11855,42504516,94709
2021-09-30,110294,14985,42614810,109694
2021-10-01,95004,19144,42709814,128838
2021-10-02,78525,14047,42788339,142885
2021-10-03,47760,7671,42836099,150556
2021-10-04,88393,34488,42924492,185044
2021-10-05,80383,34023,43004875,219067
2021-10-06,72010,34217,43076885,253284
2021-10-07,71882,34380,43148767,287664
2021-10-08,80649,33625,43229416,321289
2021-10-09,76114,22202,43305530,343491
2021-10-10,45792,13632,43351322,357123
2021-10-11,87446,41136,43438768,398259
2021-10-12,84518,46937,43523286,445196
2021-10-13,88223,52172,43611509,497368
2021-10-14,91559,58561,43703068,555929
2021-10-15,93599,55685,43796667,611614
2021-10-16,82978,36829,43879645,648443
2021-10-17,51460,23864,43931105,672307
2021-10-18,90301,59526,44021406,731833
2021-10-19,78355,69420,44099761,801253
2021-10-20,75060,78214,44174821,879467
2021-10-21,78282,81824,44253103,961291
2021-10-22,73768,77088,44326871,1038379
2021-10-23,60838,51976,44387709,1090355
2021-10-24,33371,23480,44421080,1113835
2021-10-25,64894,81671,44485974,1195506
2021-10-26,58374,91841,44544348,1287347
2021-10-27,58318,104042,44602666,1391389
2021-10-28,61443,114165,44664109,1505554
2021-10-29,61625,103197,44725734,1608751
2021-10-30,50672,68159,44776406,1676910
2021-10-31,25160,28313,44801566,1705223
2021-11-01,19050,28159,44820616,1733382
2021-11-02,62737,89446,44883353,1822828
2021-11-03,60716,118705,44944069,1941533
2021-11-04,59237,126708,45003306,2068241
2021-11-05,63090,135232,45066396,2203473
2021-11-06,46496,90943,45112892,2294416
2021-11-07,22247,37908,45135139,2332324
2021-11-08,51525,131299,45186664,2463623
2021-11-09,45402,144237,45232066,2607860
2021-11-10,42594,156379,45274660,2764239
2021-11-11,44928,155176,45319588,2919415
2021-11-12,46296,158711,45365884,3078126
2021-11-13,33272,116682,45399156,3194808
2021-11-14,14490,52462,45413646,3247270
2021-11-15,36909,157445,45450555,3404715
2021-11-16,30569,171414,45481124,3576129
2021-11-17,28469,178470,45509593,3754599
2021-11-18,30295,193770,45539888,3948369
2021-11-19,28823,205890,45568711,4154259
2021-11-20,21014,156460,45589725,4310719
2021-11-21,10613,64870,45600338,4375589
2021-11-22,21960,213164,45622298,4588753
2021-11-23,23607,241802,45645905,4830555
2021-11-24,27768,271104,45673673,5101659
2021-11-25,23272,301951,45696945,5403610
2021-11-26,24601,318311,45721546,5721921
2021-11-27,21418,266172,45742964,5988093
2021-11-28,9909,137072,45752873,6125165
2021-11-29,22368,326082,45775241,6451247
2021-11-30,23122,365861,45798363,6817108
2021-12-01,21561,413547,45819924,7230655
2021-12-02,23798,440445,45843722,7671100
2021-12-03,25282,467546,45869004,8138646
2021-12-04,22388,418811,45891392,8557457
2021-12-05,11944,261369,45903336,8818826
2021-12-06,25848,457636,45929184,9276462
2021-12-07,24168,480309,45953352,9756771
2021-12-08,10032,249723,45963384,10006494
2021-12-09,31624,491967,45995008,10498461
2021-12-10,28107,517938,46023115,11016399
2021-12-11,23594,459285,46046709,11475684
2021-12-12,12327,293536,46059036,11769220
2021-12-13,26183,467660,46085219,12236880
2021-12-14,25207,494244,46110426,12731124
2021-12-15,25377,517192,46135803,13248316
2021-12-16,27933,520311,46163736,13768627
2021-12-17,29402,517229,46193138,14285856
2021-12-18,27118,468787,46220256,14754643
2021-12-19,15172,300546,46235428,15055189
2021-12-20,30678,477513,46266106,15532702
2021-12-21,30418,493450,46296524,16026152
2021-12-22,29492,484758,46326016,16510910
2021-12-23,28289,426970,46354305,16937880
2021-12-24,13124,210846,46367429,17148726
2021-12-25,2104,33053,46369533,17181779
2021-12-26,8780,159078,46378313,17340857
2021-12-27,46849,504702,46425162,17845559
2021-12-28,42514,554266,46467676,18399825
2021-12-29,34404,550684,46502080,18950509
2021-12-30,31900,499870,46533980,19450379
2021-12-31,14150,247410,46548130,19697789
2022-01-01,3501,64814,46551631,19762603
2022-01-02,22835,276728,46574466,20039331
2022-01-03,47955,520037,46622421,20559368
2022-01-04,46488,572107,46668909,21131475
2022-01-05,40859,560430,46709768,21691905
2022-01-06,23542,274491,46733310,21966396
2022-01-07,63805,554226,46797115,22520622
2022-01-08,60989,503425,46858104,23024047
2022-01-09,42974,319706,46901078,23343753
2022-01-10,61184,542330,46962262,23886083
2022-01-11,61868,587039,47024130,24473122
2022-01-12,58567,581316,47082697,25054438
2022-01-13,58723,580434,47141420,25634872
2022-01-14,46953,588623,47188373,26223495
2022-01-15,39582,570001,47227955,26793496
2022-01-16,31329,341896,47259284,27135392
2022-01-17,54862,489692,47314146,27625084
2022-01-18,58477,517057,47372623,28142141
2022-01-19,57274,502827,47429897,28644968
2022-01-20,54428,498866,47484325,29143834
2022-01-21,42188,493899,47526513,29637733
2022-01-22,31305,469623,47557818,30107356
2022-01-23,34984,275390,47592802,30382746
2022-01-24,56231,437255,47649033,30820001
2022-01-25,61604,452135,47710637,31272136
2022-01-26,58598,435851,47769235,31707987
2022-01-27,48897,432413,47818132,32140400
2022-01-28,58759,436566,47876891,32576966
2022-01-29,68197,412519,47945088,32989485
2022-01-30,50413,235989,47995501,33225474
2022-01-31,60718,356950,48056219,33582424
2022-02-01,65614,328474,48121833,33910898
2022-02-02,63252,297000,48185085,34207898
2022-02-03,60094,274538,48245179,34482436
2022-02-04,72416,268473,48317595,34750909
2022-02-05,83817,248559,48401412,34999468
2022-02-06,55310,116207,48456722,35115675
2022-02-07,65192,199946,48521914,35315621
2022-02-08,66958,186132,48588872,35501753
2022-02-09,58776,166356,48647648,35668109
2022-02-10,58602,163256,48706250,35831365
2022-02-11,62277,162478,48768527,35993843
2022-02-12,72015,152157,48840542,36146000
2022-02-13,41483,68859,48882025,36214859
2022-02-14,46711,116194,48928736,36331053
2022-02-15,48571,123482,48977307,36454535
2022-02-16,45693,106129,49023000,36560664
2022-02-17,42875,98122,49065875,36658786
2022-02-18,46639,112587,49112514,36771373
2022-02-19,52547,100339,49165061,36871712
2022-02-20,31416,40367,49196477,36912079
2022-02-21,37900,89659,49234377,37001738
2022-02-22,37227,83784,49271604,37085522
2022-02-23,33402,79409,49305006,37164931
2022-02-24,32561,78168,49337567,37243099
2022-02-25,34774,90715,49372341,37333814
2022-02-26,39164,89138,49411505,37422952
2022-02-27,22549,35857,49434054,37458809
2022-02-28,28489,81700,49462543,37540509
2022-03-01,22730,53943,49485273,37594452
2022-03-02,21936,50713,49507209,37645165
2022-03-03,22639,54947,49529848,37700112
2022-03-04,23244,62801,49553092,37762913
2022-03-05,23803,57953,49576895,37820866
2022-03-06,9474,17201,49586369,37838067
2022-03-07,15927,51391,49602296,37889458
2022-03-08,15481,48797,49617777,37938255
2022-03-09,13816,46517,49631593,37984772
2022-03-10,14061,52127,49645654,38036899
2022-03-11,15592,57274,49661246,38094173
2022-03-12,15513,56619,49676759,38150792
2022-03-13,5545,16852,49682304,38167644
2022-03-14,10529,46701,49692833,38214345
2022-03-15,10553,46895,49703386,38261240
2022-03-16,9482,41977,49712868,38303217
2022-03-17,9725,44875,49722593,38348092
2022-03-18,10162,49059,49732755,38397151
2022-03-19,9151,46539,49741906,38443690
2022-03-20,2608,11704,49744514,38455394
2022-03-21,7581,40231,49752095,38495625
2022-03-22,8448,37767,49760543,38533392
2022-03-23,7219,33701,49767762,38567093
2022-03-24,8260,38821,49776022,38605914
2022-03-25,8143,43672,49784165,38649586
2022-03-26,8128,41722,49792293,38691308
2022-03-27,2431,9683,49794724,38700991
2022-03-28,6112,35244,49800836,38736235
2022-03-29,5783,32532,49806619,38768767
2022-03-30,5567,30204,49812186,38798971
2022-03-31,5905,33187,49818091,38832158
2022-04-01,4351,25188,49822442,38857346
2022-04-02,4497,23275,49826939,38880621
2022-04-03,1049,4500,49827988,38885121
2022-04-04,3660,21545,49831648,38906666
2022-04-05,3758,22938,49835406,38929604
2022-04-06,4105,21852,49839511,38951456
2022-04-07,3970,23321,49843481,38974777
2022-04-08,4696,26714,49848177,39001491
2022-04-09,4381,23889,49852558,39025380
2022-04-10,893,4613,49853451,39029993
2022-04-11,3819,22689,49857270,39052682
2022-04-12,3365,21779,49860635,39074461
2022-04-13,3572,21337,49864207,39095798
2022-04-14,3487,23789,49867694,39119587
2022-04-15,3085,20621,49870779,39140208
2022-04-16,2151,11918,49872930,39152126
2022-04-17,63,348,49872993,39152474
2022-04-18,152,650,49873145,39153124
2022-04-19,3498,21984,49876643,39175108
2022-04-20,3513,20249,49880156,39195357
2022-04-21,2848,19792,49883004,39215149
2022-04-22,2928,20714,49885932,39235863
2022-04-23,2648,16222,49888580,39252085
2022-04-24,509,2334,49889089,39254419
2022-04-25,183,1165,49889272,39255584
2022-04-26,2759,17810,49892031,39273394
2022-04-27,2374,15795,49894405,39289189
2022-04-28,2362,15564,49896767,39304753
2022-04-29,2298,14850,49899065,39319603
2022-04-30,2123,11584,49901188,39331187
2022-05-01,113,531,49901301,39331718
2022-05-02,1451,9393,49902752,39341111
2022-05-03,1577,10323,49904329,39351434
2022-05-04,1747,10273,49906076,39361707
2022-05-05,1654,10297,49907730,39372004
2022-05-06,1702,10971,49909432,39382975
2022-05-07,1431,8570,49910863,39391545
2022-05-08,416,1526,49911279,39393071
2022-05-09,1029,8930,49912308,39402001
2022-05-10,1426,9549,49913734,39411550
2022-05-11,1484,10108,49915218,39421658
2022-05-12,1371,10137,49916589,39431795
2022-05-13,1597,10520,49918186,39442315
2022-05-14,1360,8240,49919546,39450555
2022-05-15,336,1136,49919882,39451691
2022-05-16,814,8405,49920696,39460096
2022-05-17,1244,8698,49921940,39468794
2022-05-18,1372,9237,49923312,39478031
2022-05-19,1500,9283,49924812,39487314
2022-05-20,1426,9532,49926238,39496846
2022-05-21,1302,7900,49927540,39504746
2022-05-22,231,1013,49927771,39505759
2022-05-23,830,8272,49928601,39514031
2022-05-24,1073,8673,49929674,39522704
2022-05-25,1372,9460,49931046,39532164
2022-05-26,1198,9480,49932244,39541644
2022-05-27,1232,9915,49933476,39551559
2022-05-28,1205,7887,49934681,39559446
2022-05-29,288,1265,49934969,39560711
2022-05-30,931,8058,49935900,39568769
2022-05-31,1039,8548,49936939,39577317
2022-06-01,895,7658,49937834,39584975
2022-06-02,35,474,49937869,39585449
2022-06-03,817,7334,49938686,39592783
2022-06-04,870,5162,49939556,39597945
2022-06-05,89,586,49939645,39598531
2022-06-06,679,7004,49940324,39605535
2022-06-07,952,7850,49941276,39613385
2022-06-08,981,7906,49942257,39621291
2022-06-09,1036,8418,49943293,39629709
2022-06-10,958,8563,49944251,39638272
2022-06-11,904,6206,49945155,39644478
2022-06-12,140,768,49945295,39645246
2022-06-13,602,6301,49945897,39651547
2022-06-14,832,7903,49946729,39659450
2022-06-15,960,7856,49947689,39667306
2022-06-16,733,7397,49948422,39674703
2022-06-17,724,7249,49949146,39681952
2022-06-18,778,5594,49949924,39687546
2022-06-19,49,521,49949973,39688067
2022-06-20,587,6699,49950560,39694766
2022-06-21,741,7664,49951301,39702430
2022-06-22,779,7312,49952080,39709742
2022-06-23,648,7472,49952728,39717214
2022-06-24,644,7474,49953372,39724688
2022-06-25,835,6533,49954207,39731221
2022-06-26,128,523,49954335,39731744
2022-06-27,534,7125,49954869,39738869
2022-06-28,747,8207,49955616,39747076
2022-06-29,756,7732,49956372,39754808
2022-06-30,747,8145,49957119,39762953
2022-07-01,577,6443,49957696,39769396
2022-07-02,536,4769,49958232,39774165
2022-07-03,49,456,49958281,39774621
2022-07-04,469,6277,49958750,39780898
2022-07-05,631,8122,49959381,39789020
2022-07-06,634,7611,49960015,39796631
2022-07-07,576,8271,49960591,39804902
2022-07-08,674,8085,49961265,39812987
2022-07-09,550,6105,49961815,39819092
2022-07-10,58,533,49961873,39819625
2022-07-11,491,7641,49962364,39827266
2022-07-12,668,9031,49963032,39836297
2022-07-13,644,10067,49963676,39846364
2022-07-14,637,10225,49964313,39856589
2022-07-15,627,10672,49964940,39867261
2022-07-16,523,7215,49965463,39874476
2022-07-17,48,770,49965511,39875246
2022-07-18,496,9374,49966007,39884620
2022-07-19,575,10682,49966582,39895302
2022-07-20,582,11276,49967164,39906578
2022-07-21,630,12091,49967794,39918669
2022-07-22,585,11260,49968379,39929929
2022-07-23,381,6775,49968760,39936704
2022-07-24,76,857,49968836,39937561
2022-07-25,503,9052,49969339,39946613
2022-07-26,522,9762,49969861,39956375
2022-07-27,553,10210,49970414,39966585
2022-07-28,532,10535,49970946,39977120
2022-07-29,511,9466,49971457,39986586
2022-07-30,383,5882,49971840,39992468
2022-07-31,49,764,49971889,39993232
2022-08-01,386,6865,49972275,40000097
2022-08-02,545,7590,49972820,40007687
2022-08-03,513,7179,49973333,40014866
2022-08-04,455,7490,49973788,40022356
2022-08-05,421,6526,49974209,40028882
2022-08-06,299,3613,49974508,40032495
2022-08-07,44,563,49974552,40033058
2022-08-08,403,4890,49974955,40037948
2022-08-09,381,5312,49975336,40043260
2022-08-10,385,4816,49975721,40048076
2022-08-11,369,4803,49976090,40052879
2022-08-12,293,3720,49976383,40056599
2022-08-13,143,1600,49976526,40058199
2022-08-14,9,129,49976535,40058328
2022-08-15,1,26,49976536,40058354
2022-08-16,283,3043,49976819,40061397
2022-08-17,352,3536,49977171,40064933
2022-08-18,392,4160,49977563,40069093
2022-08-19,342,3319,49977905,40072412
2022-08-20,183,1715,49978088,40074127
2022-08-21,24,149,49978112,40074276
2022-08-22,329,2952,49978441,40077228
2022-08-23,370,3674,49978811,40080902
2022-08-24,384,3360,49979195,40084262
2022-08-25,422,3774,49979617,40088036
2022-08-26,399,3575,49980016,40091611
2022-08-27,237,1769,49980253,40093380
2022-08-28,29,267,49980282,40093647
2022-08-29,354,3161,49980636,40096808
2022-08-30,404,3671,49981040,40100479
2022-08-31,438,3734,49981478,40104213
2022-09-01,353,3116,49981831,40107329
2022-09-02,296,2893,49982127,40110222
2022-09-03,200,1689,49982327,40111911
2022-09-04,24,149,49982351,40112060
2022-09-05,187,2656,49982538,40114716
2022-09-06,306,2983,49982844,40117699
2022-09-07,541,2937,49983385,40120636
2022-09-08,293,2963,49983678,40123599
2022-09-09,305,2886,49983983,40126485
2022-09-10,228,1326,49984211,40127811
2022-09-11,23,124,49984234,40127935
2022-09-12,267,2267,49984501,40130202
2022-09-13,252,2276,49984753,40132478
2022-09-14,266,2566,49985019,40135044
2022-09-15,282,2501,49985301,40137545
2022-09-16,255,2546,49985556,40140091
2022-09-17,239,1339,49985795,40141430
2022-09-18,20,170,49985815,40141600
2022-09-19,206,1971,49986021,40143571
2022-09-20,237,2392,49986258,40145963
2022-09-21,289,2526,49986547,40148489
2022-09-22,267,2663,49986814,40151152
2022-09-23,259,2545,49987073,40153697
2022-09-24,193,1427,49987266,40155124
2022-09-25,29,133,49987295,40155257
2022-09-26,280,2248,49987575,40157505
2022-09-27,287,2682,49987862,40160187
2022-09-28,310,2904,49988172,40163091
2022-09-29,257,3048,49988429,40166139
2022-09-30,292,2989,49988721,40169128
2022-10-01,195,1515,49988916,40170643
2022-10-02,12,187,49988928,40170830
2022-10-03,185,2474,49989113,40173304
2022-10-04,236,2862,49989349,40176166
2022-10-05,229,3252,49989578,40179418
2022-10-06,243,3874,49989821,40183292
2022-10-07,282,4189,49990103,40187481
2022-10-08,203,2270,49990306,40189751
2022-10-09,8,305,49990314,40190056
2022-10-10,210,3356,49990524,40193412
2022-10-11,194,4378,49990718,40197790
2022-10-12,209,4441,49990927,40202231
2022-10-13,203,5304,49991130,40207535
2022-10-14,232,5024,49991362,40212559
2022-10-15,190,2671,49991552,40215230
2022-10-16,6,360,49991558,40215590
2022-10-17,186,3871,49991744,40219461
2022-10-18,257,4965,49992001,40224426
2022-10-19,244,5477,49992245,40229903
2022-10-20,224,5995,49992469,40235898
2022-10-21,250,5477,49992719,40241375
2022-10-22,195,2911,49992914,40244286
2022-10-23,13,364,49992927,40244650
2022-10-24,171,3929,49993098,40248579
2022-10-25,253,4926,49993351,40253505
2022-10-26,347,5502,49993698,40259007
2022-10-27,241,5671,49993939,40264678
2022-10-28,199,5262,49994138,40269940
2022-10-29,128,2844,49994266,40272784
2022-10-30,3,328,49994269,40273112
2022-10-31,117,3039,49994386,40276151
2022-11-01,11,353,49994397,40276504
2022-11-02,143,3721,49994540,40280225
2022-11-03,173,4786,49994713,40285011
2022-11-04,225,4603,49994938,40289614
2022-11-05,144,2597,49995082,40292211
2022-11-06,10,261,49995092,40292472
2022-11-07,169,3225,49995261,40295697
2022-11-08,260,4245,49995521,40299942
2022-11-09,197,4330,49995718,40304272
2022-11-10,183,4586,49995901,40308858
2022-11-11,193,4219,49996094,40313077
2022-11-12,152,2370,49996246,40315447
2022-11-13,7,335,49996253,40315782
2022-11-14,149,2837,49996402,40318619
2022-11-15,202,3745,49996604,40322364
2022-11-16,216,3983,49996820,40326347
2022-11-17,191,4099,49997011,40330446
2022-11-18,247,4030,49997258,40334476
2022-11-19,112,2103,49997370,40336579
2022-11-20,24,317,49997394,40336896
2022-11-21,119,2620,49997513,40339516
2022-11-22,142,3212,49997655,40342728
2022-11-23,191,3618,49997846,40346346
2022-11-24,156,3825,49998002,40350171
2022-11-25,185,3777,49998187,40353948
2022-11-26,130,2092,49998317,40356040
2022-11-27,22,356,49998339,40356396
2022-11-28,181,2673,49998520,40359069
2022-11-29,183,3220,49998703,40362289
2022-11-30,181,3723,49998884,40366012
2022-12-01,222,3616,49999106,40369628
2022-12-02,156,3513,49999262,40373141
2022-12-03,105,1958,49999367,40375099
2022-12-04,5,290,49999372,40375389
2022-12-05,128,2848,49999500,40378237
2022-12-06,176,3637,49999676,40381874
2022-12-07,136,3119,49999812,40384993
2022-12-08,8,169,49999820,40385162
2022-12-09,159,3010,49999979,40388172
2022-12-10,78,1599,50000057,40389771
2022-12-11,7,193,50000064,40389964
2022-12-12,169,2517,50000233,40392481
2022-12-13,254,3017,50000487,40395498
2022-12-14,222,3179,50000709,40398677
2022-12-15,203,3208,50000912,40401885
2022-12-16,161,3105,50001073,40404990
2022-12-17,94,1653,50001167,40406643
2022-12-18,10,270,50001177,40406913
2022-12-19,139,2114,50001316,40409027
2022-12-20,211,2417,50001527,40411444
2022-12-21,152,2062,50001679,40413506
2022-12-22,78,781,50001757,40414287