data_somministrazione,vaccinazioni,booster,cum_vaccinazioni,cum_booster
2020-12-27,22,0,22,0
2020-12-28,2,0,24,0
2020-12-29,1,0,25,0
2020-12-30,9,0,34,0
2020-12-31,86,0,120,0
2021-01-01,28,0,148,0
2021-01-02,160,0,308,0
2021-01-03,120,0,428,0
2021-01-04,260,0,688,0
2021-01-05,297,0,985,0
2021-01-06,272,0,1257,0
2021-01-07,343,0,1600,0
2021-01-08,398,0,1998,0
2021-01-09,304,0,2302,0
2021-01-10,184,0,2486,0
2021-01-11,318,0,2804,0
2021-01-12,297,0,3101,0
2021-01-13,431,0,3532,0
2021-01-14,508,0,4040,0
2021-01-15,331,0,4371,0
2021-01-16,228,0,4599,0
2021-01-17,3066,0,7665,0
2021-01-18,5228,0,12893,0
2021-01-19,1898,0,14791,0
2021-01-20,4660,0,19451,0
2021-01-21,20001,0,39452,0
2021-01-22,14247,0,53699,0
2021-01-23,33311,0,87010,0
2021-01-24,30775,0,117785,0
2021-01-25,64698,0,182483,0
2021-01-26,76461,0,258944,0
2021-01-27,64811,0,323755,0
2021-01-28,89235,0,412990,0
2021-01-29,93993,0,506983,0
2021-01-30,86533,0,593516,0
2021-01-31,57312,0,650828,0
2021-02-01,81837,0,732665,0
2021-02-02,82145,0,814810,0
2021-02-03,91104,0,905914,0
2021-02-04,95387,0,1001301,0
2021-02-05,89118,0,1090419,0
2021-02-06,63451,0,1153870,0
2021-02-07,32934,0,1186804,0
2021-02-08,40428,0,1227232,0
2021-02-09,32893,0,1260125,0
2021-02-10,28451,0,1288576,0
2021-02-11,20418,0,1308994,0
2021-02-12,16264,0,1325258,0
2021-02-13,7295,0,1332553,0
2021-02-14,2864,0,1335417,0
2021-02-15,6855,0,1342272,0
2021-02-16,7011,0,1349283,0
2021-02-17,10529,0,1359812,0
2021-02-18,9266,0,1369078,0
2021-02-19,8265,0,1377343,0
2021-02-20,5595,0,1382938,0
2021-02-21,3023,0,1385961,0
2021-02-22,6891,0,1392852,0
2021-02-23,7195,0,1400047,0
2021-02-24,9828,0,1409875,0
2021-02-25,14222,0,1424097,0
2021-02-26,17572,0,1441669,0
2021-02-27,13943,0,1455612,0
2021-02-28,9399,0,1465011,0
2021-03-01,26541,0,1491552,0
2021-03-02,33252,0,1524804,0
2021-03-03,44664,0,1569468,0
2021-03-04,50318,0,1619786,0
2021-03-05,55762,0,1675548,0
2021-03-06,41891,0,1717439,0
2021-03-07,22334,0,1739773,0
2021-03-08,50850,0,1790623,0
2021-03-09,53105,0,1843728,0
2021-03-10,58715,0,1902443,0
2021-03-11,63929,0,1966372,0
2021-03-12,65174,0,2031546,0
2021-03-13,51738,0,2083284,0
2021-03-14,35437,0,2118721,0
2021-03-15,73477,0,2192198,0
2021-03-16,74037,0,2266235,0
2021-03-17,83162,0,2349397,0
2021-03-18,81659,0,2431056,0
2021-03-19,81116,0,2512172,0
2021-03-20,64756,0,2576928,0
2021-03-21,47320,0,2624248,0
2021-03-22,69528,0,2693776,0
2021-03-23,75843,0,2769619,0
2021-03-24,90963,0,2860582,0
2021-03-25,89787,0,2950369,0
2021-03-26,83668,0,3034037,0
2021-03-27,71978,0,3106015,0
2021-03-28,44200,0,3150215,0
2021-03-29,70868,0,3221083,0
2021-03-30,81437,0,3302520,0
2021-03-31,96293,0,3398813,0
2021-04-01,95372,0,3494185,0
2021-04-02,83822,0,3578007,0
2021-04-03,64319,0,3642326,0
2021-04-04,21727,0,3664053,0
2021-04-05,40330,0,3704383,0
2021-04-06,81371,0,3785754,0
2021-04-07,95861,0,3881615,0
2021-04-08,95291,0,3976906,0
2021-04-09,88524,0,4065430,0
2021-04-10,74052,0,4139482,0
2021-04-11,44774,0,4184256,0
2021-04-12,66935,0,4251191,0
2021-04-13,72614,0,4323805,0
2021-04-14,85577,0,4409382,0
2021-04-15,105439,0,4514821,0
2021-04-16,106447,0,4621268,0
2021-04-17,90541,0,4711809,0
2021-04-18,58602,0,4770411,0
2021-04-19,93452,0,4863863,0
2021-04-20,103788,0,4967651,0
2021-04-21,125347,0,5092998,0
2021-04-22,143538,0,5236536,0
2021-04-23,138776,0,5375312,0
2021-04-24,124464,0,5499776,0
2021-04-25,61475,0,5561251,0
2021-04-26,97931,0,5659182,0
2021-04-27,128400,0,5787582,0
2021-04-28,156417,0,5943999,0
2021-04-29,195639,0,6139638,0
2021-04-30,214633,0,6354271,0
2021-05-01,174158,0,6528429,0
2021-05-02,135826,0,6664255,0
2021-05-03,142107,0,6806362,0
2021-05-04,158736,0,6965098,0
2021-05-05,170571,0,7135669,0
2021-05-06,196144,0,7331813,0
2021-05-07,212018,0,7543831,0
2021-05-08,213467,0,7757298,0
2021-05-09,143247,0,7900545,0
2021-05-10,165122,0,8065667,0
2021-05-11,175044,0,8240711,0
2021-05-12,179277,0,8419988,0
2021-05-13,203472,0,8623460,0
2021-05-14,222986,0,8846446,0
2021-05-15,210418,0,9056864,0
2021-05-16,159316,0,9216180,0
2021-05-17,218879,0,9435059,0
2021-05-18,213042,0,9648101,0
2021-05-19,207135,0,9855236,0
2021-05-20,270956,0,10126192,0
2021-05-21,270962,0,10397154,0
2021-05-22,245583,0,10642737,0
2021-05-23,197212,0,10839949,0
2021-05-24,228372,0,11068321,0
2021-05-25,245734,0,11314055,0
2021-05-26,277598,0,11591653,0
2021-05-27,311144,0,11902797,0
2021-05-28,299436,0,12202233,0
2021-05-29,231288,0,12433521,0
2021-05-30,170866,0,12604387,0
2021-05-31,216479,0,12820866,0
2021-06-01,207688,0,13028554,0
2021-06-02,115837,0,13144391,0
2021-06-03,180244,0,13324635,0
2021-06-04,184991,0,13509626,0
2021-06-05,186084,0,13695710,0
2021-06-06,139655,0,13835365,0
2021-06-07,161982,0,13997347,0
2021-06-08,171389,0,14168736,0
2021-06-09,171592,0,14340328,0
2021-06-10,174264,0,14514592,0
2021-06-11,170155,0,14684747,0
2021-06-12,128498,0,14813245,0
2021-06-13,91327,0,14904572,0
2021-06-14,214769,0,15119341,0
2021-06-15,228535,0,15347876,0
2021-06-16,253192,0,15601068,0
2021-06-17,301867,0,15902935,0
2021-06-18,306429,0,16209364,0
2021-06-19,275203,0,16484567,0
2021-06-20,220876,0,16705443,0
2021-06-21,288172,0,16993615,0
2021-06-22,296318,0,17289933,0
2021-06-23,302751,0,17592684,0
2021-06-24,332659,0,17925343,0
2021-06-25,348810,0,18274153,0
2021-06-26,300181,0,18574334,0
2021-06-27,228747,0,18803081,0
2021-06-28,307239,0,19110320,0
2021-06-29,329423,0,19439743,0
2021-06-30,342298,0,19782041,0
2021-07-01,363324,0,20145365,0
2021-07-02,368586,0,20513951,0
2021-07-03,371141,0,20885092,0
2021-07-04,283268,0,21168360,0
2021-07-05,384604,0,21552964,0
2021-07-06,385534,0,21938498,0
2021-07-07,412178,0,22350676,0
2021-07-08,478986,0,22829662,0
2021-07-09,498477,0,23328139,0
2021-07-10,475180,0,23803319,0
2021-07-11,357677,0,24160996,0
2021-07-12,485886,0,24646882,0
2021-07-13,492058,0,25138940,0
2021-07-14,480455,0,25619395,0
2021-07-15,523424,0,26142819,0
2021-07-16,509768,0,26652587,0
2021-07-17,464317,0,27116904,0
2021-07-18,364613,0,27481517,0
2021-07-19,463091,0,27944608,0
2021-07-20,458065,0,28402673,0
2021-07-21,462840,0,28865513,0
2021-07-22,475404,0,29340917,0
2021-07-23,441363,0,29782280,0
2021-07-24,386132,0,30168412,0
2021-07-25,287535,0,30455947,0
2021-07-26,430914,0,30886861,0
2021-07-27,440159,0,31327020,0
2021-07-28,391048,0,31718068,0
2021-07-29,371925,0,32089993,0
2021-07-30,341596,0,32431589,0
2021-07-31,287055,0,32718644,0
2021-08-01,190992,0,32909636,0
2021-08-02,333755,0,33243391,0
2021-08-03,323242,0,33566633,0
2021-08-04,311061,0,33877694,0
2021-08-05,292541,0,34170235,0
2021-08-06,260119,0,34430354,0
2021-08-07,199094,0,34629448,0
2021-08-08,153121,0,34782569,0
2021-08-09,234138,0,35016707,0
2021-08-10,205373,0,35222080,0
2021-08-11,193856,0,35415936,0
2021-08-12,168166,0,35584102,0
2021-08-13,148783,0,35732885,0
2021-08-14,66117,0,35799002,0
2021-08-15,26346,0,35825348,0
2021-08-16,114790,0,35940138,0
2021-08-17,129326,0,36069464,0
2021-08-18,128825,0,36198289,0
2021-08-19,124932,0,36323221,0
2021-08-20,123885,0,36447106,0
2021-08-21,83154,0,36530260,0
2021-08-22,68184,0,36598444,0
2021-08-23,176933,0,36775377,0
2021-08-24,156961,0,36932338,0
2021-08-25,177236,0,37109574,0
2021-08-26,172414,0,37281988,0
2021-08-27,185734,0,37467722,0
2021-08-28,140307,0,37608029,0
2021-08-29,99003,0,37707032,0
2021-08-30,209641,0,37916673,0
2021-08-31,194704,0,38111377,0
2021-09-01,192296,0,38303673,0
2021-09-02,189973,0,38493646,0
2021-09-03,191311,0,38684957,0
2021-09-04,131429,0,38816386,0
2021-09-05,87835,0,38904221,0
2021-09-06,193630,0,39097851,0
2021-09-07,196089,0,39293940,0
2021-09-08,187868,0,39481808,0
2021-09-09,201431,0,39683239,0
2021-09-10,197874,0,39881113,0
2021-09-11,141284,0,40022397,0
2021-09-12,89582,0,40111979,0
2021-09-13,191124,688,40303103,688
2021-09-14,177221,679,40480324,1367
2021-09-15,163100,672,40643424,2039
2021-09-16,160058,1034,40803482,3073
2021-09-17,150195,1190,40953677,4263
2021-09-18,128013,794,41081690,5057
2021-09-19,81144,518,41162834,5575
2021-09-20,180093,9158,41342927,14733
2021-09-21,166712,8879,41509639,23612
2021-09-22,159150,9474,41668789,33086
2021-09-23,138150,9369,41806939,42455
2021-09-24,140587,9031,41947526,51486
2021-09-25,119585,5689,42067111,57175
2021-09-26,72007,4373,42139118,61548
2021-09-27,135711,10114,42274829,71662
2021-09-28,117543,11455,42392372,83117
2021-09-29,112405,11875,42504777,94992
2021-09-30,110317,15009,42615094,110001
2021-10-01,95024,19152,42710118,129153
2021-10-02,78552,14052,42788670,143205
2021-10-03,47763,7675,42836433,150880
2021-10-04,88423,34507,42924856,185387
2021-10-05,80414,34042,43005270,219429
2021-10-06,72011,34235,43077281,253664
2021-10-07,71896,34390,43149177,288054
2021-10-08,80665,33645,43229842,321699
2021-10-09,76126,22207,43305968,343906
2021-10-10,45798,13634,43351766,357540
2021-10-11,87492,41154,43439258,398694
2021-10-12,84541,46959,43523799,445653
2021-10-13,88257,52193,43612056,497846
2021-10-14,91591,58572,43703647,556418
2021-10-15,93616,55710,43797263,612128
2021-10-16,82994,36843,43880257,648971
2021-10-17,51462,23870,43931719,672841
2021-10-18,90330,59553,44022049,732394
2021-10-19,78381,69446,44100430,801840
2021-10-20,75077,78249,44175507,880089
2021-10-21,78312,81870,44253819,961959
2021-10-22,73788,77120,44327607,1039079
2021-10-23,60845,51984,44388452,1091063
2021-10-24,33364,23490,44421816,1114553
2021-10-25,64931,81689,44486747,1196242
2021-10-26,58399,91881,44545146,1288123
2021-10-27,58323,104059,44603469,1392182
2021-10-28,61472,114201,44664941,1506383
2021-10-29,61626,103227,44726567,1609610
2021-10-30,50672,68166,44777239,1677776
2021-10-31,25158,28315,44802397,1706091
2021-11-01,19049,28162,44821446,1734253
2021-11-02,62769,89466,44884215,1823719
2021-11-03,60721,118736,44944936,1942455
2021-11-04,59247,126733,45004183,2069188
2021-11-05,63111,135253,45067294,2204441
2021-11-06,46491,90953,45113785,2295394
2021-11-07,22248,37909,45136033,2333303
2021-11-08,51530,131322,45187563,2464625
2021-11-09,45416,144251,45232979,2608876
2021-11-10,42600,156405,45275579,2765281
2021-11-11,44939,155218,45320518,2920499
2021-11-12,46313,158740,45366831,3079239
2021-11-13,33270,116696,45400101,3195935
2021-11-14,14490,52464,45414591,3248399
2021-11-15,36912,157476,45451503,3405875
2021-11-16,30578,171449,45482081,3577324
2021-11-17,28477,178500,45510558,3755824
2021-11-18,30314,193806,45540872,3949630
2021-11-19,28837,205921,45569709,4155551
2021-11-20,21015,156474,45590724,4312025
2021-11-21,10615,64877,45601339,4376902
2021-11-22,21963,213185,45623302,4590087
2021-11-23,23619,241860,45646921,4831947
2021-11-24,27743,270649,45674664,5102596
2021-11-25,23251,300995,45697915,5403591
2021-11-26,24610,318336,45722525,5721927
2021-11-27,21421,266204,45743946,5988131
2021-11-28,9910,137085,45753856,6125216
2021-11-29,22374,326113,45776230,6451329
2021-11-30,23130,365913,45799360,6817242
2021-12-01,21573,413586,45820933,7230828
2021-12-02,23810,440502,45844743,7671330
2021-12-03,25295,467602,45870038,8138932
2021-12-04,22403,419042,45892441,8557974
2021-12-05,11952,261538,45904393,8819512
2021-12-06,25859,457783,45930252,9277295
2021-12-07,24150,479668,45954402,9756963
2021-12-08,10037,249857,45964439,10006820
2021-12-09,31640,492020,45996079,10498840
2021-12-10,28121,517966,46024200,11016806
2021-12-11,23601,459305,46047801,11476111
2021-12-12,12326,293547,46060127,11769658
2021-12-13,26199,467694,46086326,12237352
2021-12-14,25226,494293,46111552,12731645
2021-12-15,25393,517215,46136945,13248860
2021-12-16,27954,520375,46164899,13769235
2021-12-17,29415,517276,46194314,14286511
2021-12-18,27126,468810,46221440,14755321
2021-12-19,15176,300265,46236616,15055586
2021-12-20,30691,477555,46267307,15533141
2021-12-21,30438,493510,46297745,16026651
2021-12-22,29508,484792,46327253,16511443
2021-12-23,28260,426710,46355513,16938153
2021-12-24,13135,210871,46368648,17149024
2021-12-25,2104,33053,46370752,17182077
2021-12-26,8790,159080,46379542,17341157
2021-12-27,46877,504789,46426419,17845946
2021-12-28,42533,554328,46468952,18400274
2021-12-29,34432,550749,46503384,18951023
2021-12-30,31914,499936,46535298,19450959
2021-12-31,14159,247420,46549457,19698379
2022-01-01,3503,64817,46552960,19763196
2022-01-02,22847,276748,46575807,20039944
2022-01-03,47976,520085,46623783,20560029
2022-01-04,46425,571669,46670208,21131698
2022-01-05,40890,560464,46711098,21692162
2022-01-06,23555,274495,46734653,21966657
2022-01-07,63828,554261,46798481,22520918
2022-01-08,61034,502749,46859515,23023667
2022-01-09,42994,319725,46902509,23343392
2022-01-10,61209,542378,46963718,23885770
2022-01-11,61773,586578,47025491,24472348
2022-01-12,58583,581397,47084074,25053745
2022-01-13,58651,580035,47142725,25633780
2022-01-14,46981,588671,47189706,26222451
2022-01-15,39654,570233,47229360,26792684
2022-01-16,31350,341908,47260710,27134592
2022-01-17,54766,489504,47315476,27624096
2022-01-18,58521,517120,47373997,28141216
2022-01-19,57301,502890,47431298,28644106
2022-01-20,54327,498503,47485625,29142609
2022-01-21,42157,493425,47527782,29636034
2022-01-22,31310,469142,47559092,30105176
2022-01-23,34999,275434,47594091,30380610
2022-01-24,56249,437327,47650340,30817937
2022-01-25,61527,451809,47711867,31269746
2022-01-26,58628,435887,47770495,31705633
2022-01-27,48954,432494,47819449,32138127
2022-01-28,58781,436632,47878230,32574759
2022-01-29,68238,412685,47946468,32987444
2022-01-30,50428,236111,47996896,33223555
2022-01-31,60740,357006,48057636,33580561
2022-02-01,65659,328520,48123295,33909081
2022-02-02,63265,297043,48186560,34206124
2022-02-03,60144,274585,48246704,34480709
2022-02-04,72105,268284,48318809,34748993
2022-02-05,83833,248601,48402642,34997594
2022-02-06,55312,116238,48457954,35113832
2022-02-07,65209,199971,48523163,35313803
2022-02-08,66980,186177,48590143,35499980
2022-02-09,58799,166392,48648942,35666372
2022-02-10,58629,163293,48707571,35829665
2022-02-11,62296,162515,48769867,35992180
2022-02-12,72039,152176,48841906,36144356
2022-02-13,41486,68865,48883392,36213221
2022-02-14,46720,116217,48930112,36329438
2022-02-15,48584,123502,48978696,36452940
2022-02-16,45724,106160,49024420,36559100
2022-02-17,42886,98155,49067306,36657255
2022-02-18,46645,112615,49113951,36769870
2022-02-19,52556,100359,49166507,36870229
2022-02-20,31416,40381,49197923,36910610
2022-02-21,37911,89688,49235834,37000298
2022-02-22,37237,83817,49273071,37084115
2022-02-23,33415,79434,49306486,37163549
2022-02-24,32569,78196,49339055,37241745
2022-02-25,34783,90752,49373838,37332497
2022-02-26,39171,89153,49413009,37421650
2022-02-27,22548,35861,49435557,37457511
2022-02-28,28495,81717,49464052,37539228
2022-03-01,22738,53980,49486790,37593208
2022-03-02,21944,50734,49508734,37643942
2022-03-03,22649,54960,49531383,37698902
2022-03-04,23252,62821,49554635,37761723
2022-03-05,23807,57959,49578442,37819682
2022-03-06,9473,17204,49587915,37836886
2022-03-07,15937,51415,49603852,37888301
2022-03-08,15492,48819,49619344,37937120
2022-03-09,13816,46524,49633160,37983644
2022-03-10,14060,52075,49647220,38035719
2022-03-11,15450,57197,49662670,38092916
2022-03-12,15514,56625,49678184,38149541
2022-03-13,5546,16853,49683730,38166394
2022-03-14,10533,46714,49694263,38213108
2022-03-15,10559,46921,49704822,38260029
2022-03-16,9490,41988,49714312,38302017
2022-03-17,9732,44895,49724044,38346912
2022-03-18,10168,49080,49734212,38395992
2022-03-19,9155,46554,49743367,38442546
2022-03-20,2608,11704,49745975,38454250
2022-03-21,7589,40249,49753564,38494499
2022-03-22,8450,37788,49762014,38532287
2022-03-23,7227,33708,49769241,38565995
2022-03-24,8265,38842,49777506,38604837
2022-03-25,8145,43700,49785651,38648537
2022-03-26,8128,41723,49793779,38690260
2022-03-27,2431,9685,49796210,38699945
2022-03-28,6113,35256,49802323,38735201
2022-03-29,5786,32545,49808109,38767746
2022-03-30,5569,30218,49813678,38797964
2022-03-31,5908,33210,49819586,38831174
2022-04-01,4354,25202,49823940,38856376
2022-04-02,4498,23276,49828438,38879652
2022-04-03,1049,4500,49829487,38884152
2022-04-04,3664,21556,49833151,38905708
2022-04-05,3759,22950,49836910,38928658
2022-04-06,4106,21856,49841016,38950514
2022-04-07,3973,23328,49844989,38973842
2022-04-08,4698,26730,49849687,39000572
2022-04-09,4383,23888,49854070,39024460
2022-04-10,893,4613,49854963,39029073
2022-04-11,3819,22697,49858782,39051770
2022-04-12,3364,21791,49862146,39073561
2022-04-13,3577,21348,49865723,39094909
2022-04-14,3487,23800,49869210,39118709
2022-04-15,3086,20635,49872296,39139344
2022-04-16,2153,11922,49874449,39151266
2022-04-17,63,348,49874512,39151614
2022-04-18,152,650,49874664,39152264
2022-04-19,3500,22001,49878164,39174265
2022-04-20,3514,20255,49881678,39194520
2022-04-21,2850,19802,49884528,39214322
2022-04-22,2929,20720,49887457,39235042
2022-04-23,2648,16222,49890105,39251264
2022-04-24,509,2335,49890614,39253599
2022-04-25,183,1165,49890797,39254764
2022-04-26,2762,17814,49893559,39272578
2022-04-27,2376,15798,49895935,39288376
2022-04-28,2366,15570,49898301,39303946
2022-04-29,2300,14860,49900601,39318806
2022-04-30,2123,11585,49902724,39330391
2022-05-01,113,531,49902837,39330922
2022-05-02,1451,9394,49904288,39340316
2022-05-03,1578,10332,49905866,39350648
2022-05-04,1749,10283,49907615,39360931
2022-05-05,1655,10306,49909270,39371237
2022-05-06,1702,10979,49910972,39382216
2022-05-07,1432,8575,49912404,39390791
2022-05-08,417,1527,49912821,39392318
2022-05-09,1028,8938,49913849,39401256
2022-05-10,1427,9558,49915276,39410814
2022-05-11,1486,10109,49916762,39420923
2022-05-12,1373,10140,49918135,39431063
2022-05-13,1600,10530,49919735,39441593
2022-05-14,1362,8249,49921097,39449842
2022-05-15,336,1138,49921433,39450980
2022-05-16,814,8411,49922247,39459391
2022-05-17,1244,8708,49923491,39468099
2022-05-18,1373,9256,49924864,39477355
2022-05-19,1502,9289,49926366,39486644
2022-05-20,1430,9538,49927796,39496182
2022-05-21,1302,7903,49929098,39504085
2022-05-22,231,1013,49929329,39505098
2022-05-23,831,8275,49930160,39513373
2022-05-24,1073,8675,49931233,39522048
2022-05-25,1372,9460,49932605,39531508
2022-05-26,1201,9484,49933806,39540992
2022-05-27,1235,9919,49935041,39550911
2022-05-28,1205,7890,49936246,39558801
2022-05-29,288,1265,49936534,39560066
2022-05-30,931,8063,49937465,39568129
2022-05-31,1039,8552,49938504,39576681
2022-06-01,897,7657,49939401,39584338
2022-06-02,35,474,49939436,39584812
2022-06-03,819,7334,49940255,39592146
2022-06-04,870,5162,49941125,39597308
2022-06-05,88,586,49941213,39597894
2022-06-06,679,7007,49941892,39604901
2022-06-07,951,7852,49942843,39612753
2022-06-08,981,7911,49943824,39620664
2022-06-09,1037,8421,49944861,39629085
2022-06-10,958,8564,49945819,39637649
2022-06-11,903,6206,49946722,39643855
2022-06-12,140,768,49946862,39644623
2022-06-13,603,6307,49947465,39650930
2022-06-14,833,7908,49948298,39658838
2022-06-15,960,7856,49949258,39666694
2022-06-16,734,7404,49949992,39674098
2022-06-17,724,7250,49950716,39681348
2022-06-18,779,5596,49951495,39686944
2022-06-19,49,521,49951544,39687465
2022-06-20,587,6700,49952131,39694165
2022-06-21,741,7664,49952872,39701829
2022-06-22,779,7314,49953651,39709143
2022-06-23,650,7475,49954301,39716618
2022-06-24,644,7475,49954945,39724093
2022-06-25,836,6533,49955781,39730626
2022-06-26,128,523,49955909,39731149
2022-06-27,534,7128,49956443,39738277
2022-06-28,748,8208,49957191,39746485
2022-06-29,757,7737,49957948,39754222
2022-06-30,748,8146,49958696,39762368
2022-07-01,577,6446,49959273,39768814
2022-07-02,536,4770,49959809,39773584
2022-07-03,49,456,49959858,39774040
2022-07-04,470,6279,49960328,39780319
2022-07-05,631,8122,49960959,39788441
2022-07-06,634,7611,49961593,39796052
2022-07-07,576,8279,49962169,39804331
2022-07-08,677,8087,49962846,39812418
2022-07-09,549,6105,49963395,39818523
2022-07-10,58,533,49963453,39819056
2022-07-11,493,7646,49963946,39826702
2022-07-12,669,9031,49964615,39835733
2022-07-13,645,10068,49965260,39845801
2022-07-14,639,10226,49965899,39856027
2022-07-15,627,10674,49966526,39866701
2022-07-16,523,7215,49967049,39873916
2022-07-17,48,770,49967097,39874686
2022-07-18,496,9378,49967593,39884064
2022-07-19,576,10688,49968169,39894752
2022-07-20,582,11277,49968751,39906029
2022-07-21,633,12096,49969384,39918125
2022-07-22,584,11268,49969968,39929393
2022-07-23,381,6778,49970349,39936171
2022-07-24,76,857,49970425,39937028
2022-07-25,505,9059,49970930,39946087
2022-07-26,522,9765,49971452,39955852
2022-07-27,555,10216,49972007,39966068
2022-07-28,534,10538,49972541,39976606
2022-07-29,510,9468,49973051,39986074
2022-07-30,383,5884,49973434,39991958
2022-07-31,49,764,49973483,39992722
2022-08-01,386,6866,49973869,39999588
2022-08-02,548,7594,49974417,40007182
2022-08-03,515,7188,49974932,40014370
2022-08-04,455,7495,49975387,40021865
2022-08-05,421,6530,49975808,40028395
2022-08-06,300,3613,49976108,40032008
2022-08-07,44,563,49976152,40032571
2022-08-08,403,4890,49976555,40037461
2022-08-09,381,5316,49976936,40042777
2022-08-10,385,4817,49977321,40047594
2022-08-11,370,4806,49977691,40052400
2022-08-12,295,3721,49977986,40056121
2022-08-13,143,1600,49978129,40057721
2022-08-14,9,129,49978138,40057850
2022-08-15,1,26,49978139,40057876
2022-08-16,284,3043,49978423,40060919
2022-08-17,352,3533,49978775,40064452
2022-08-18,395,4165,49979170,40068617
2022-08-19,341,3322,49979511,40071939
2022-08-20,184,1716,49979695,40073655
2022-08-21,24,149,49979719,40073804
2022-08-22,333,2952,49980052,40076756
2022-08-23,370,3674,49980422,40080430
2022-08-24,384,3363,49980806,40083793
2022-08-25,424,3774,49981230,40087567
2022-08-26,400,3586,49981630,40091153
2022-08-27,237,1770,49981867,40092923
2022-08-28,29,267,49981896,40093190
2022-08-29,354,3161,49982250,40096351
2022-08-30,406,3676,49982656,40100027
2022-08-31,438,3734,49983094,40103761
2022-09-01,353,3119,49983447,40106880
2022-09-02,298,2894,49983745,40109774
2022-09-03,200,1692,49983945,40111466
2022-09-04,24,149,49983969,40111615
2022-09-05,187,2657,49984156,40114272
2022-09-06,307,2981,49984463,40117253
2022-09-07,541,2938,49985004,40120191
2022-09-08,293,2965,49985297,40123156
2022-09-09,308,2886,49985605,40126042
2022-09-10,228,1327,49985833,40127369
2022-09-11,23,124,49985856,40127493
2022-09-12,267,2269,49986123,40129762
2022-09-13,255,2280,49986378,40132042
2022-09-14,266,2566,49986644,40134608
2022-09-15,285,2501,49986929,40137109
2022-09-16,255,2544,49987184,40139653
2022-09-17,239,1339,49987423,40140992
2022-09-18,20,170,49987443,40141162
2022-09-19,206,1973,49987649,40143135
2022-09-20,237,2392,49987886,40145527
2022-09-21,289,2528,49988175,40148055
2022-09-22,267,2663,49988442,40150718
2022-09-23,261,2547,49988703,40153265
2022-09-24,193,1427,49988896,40154692
2022-09-25,29,133,49988925,40154825
2022-09-26,281,2249,49989206,40157074
2022-09-27,287,2680,49989493,40159754
2022-09-28,312,2905,49989805,40162659
2022-09-29,257,3051,49990062,40165710
2022-09-30,292,2987,49990354,40168697
2022-10-01,196,1515,49990550,40170212
2022-10-02,12,187,49990562,40170399
2022-10-03,186,2478,49990748,40172877
2022-10-04,237,2864,49990985,40175741
2022-10-05,233,3255,49991218,40178996
2022-10-06,244,3875,49991462,40182871
2022-10-07,285,4186,49991747,40187057
2022-10-08,206,2267,49991953,40189324
2022-10-09,8,305,49991961,40189629
2022-10-10,214,3348,49992175,40192977
2022-10-11,195,4380,49992370,40197357
2022-10-12,212,4436,49992582,40201793
2022-10-13,207,5299,49992789,40207092
2022-10-14,234,5010,49993023,40212102
2022-10-15,191,2669,49993214,40214771
2022-10-16,6,360,49993220,40215131
2022-10-17,187,3873,49993407,40219004
2022-10-18,257,4960,49993664,40223964
2022-10-19,247,5479,49993911,40229443
2022-10-20,227,5997,49994138,40235440
2022-10-21,257,5478,49994395,40240918
2022-10-22,196,2911,49994591,40243829
2022-10-23,13,364,49994604,40244193
2022-10-24,171,3930,49994775,40248123
2022-10-25,256,4927,49995031,40253050
2022-10-26,350,5505,49995381,40258555
2022-10-27,239,5678,49995620,40264233
2022-10-28,202,5265,49995822,40269498
2022-10-29,128,2844,49995950,40272342
2022-10-30,4,328,49995954,40272670
2022-10-31,118,3038,49996072,40275708
2022-11-01,11,353,49996083,40276061
2022-11-02,146,3721,49996229,40279782
2022-11-03,172,4794,49996401,40284576
2022-11-04,228,4602,49996629,40289178
2022-11-05,145,2601,49996774,40291779
2022-11-06,10,261,49996784,40292040
2022-11-07,169,3227,49996953,40295267
2022-11-08,262,4258,49997215,40299525
2022-11-09,202,4336,49997417,40303861
2022-11-10,184,4603,49997601,40308464
2022-11-11,194,4236,49997795,40312700
2022-11-12,161,2378,49997956,40315078
2022-11-13,7,338,49997963,40315416
2022-11-14,150,2843,49998113,40318259
2022-11-15,204,3750,49998317,40322009
2022-11-16,217,4002,49998534,40326011
2022-11-17,195,4114,49998729,40330125
2022-11-18,252,4050,49998981,40334175
2022-11-19,112,2087,49999093,40336262
2022-11-20,24,317,49999117,40336579
2022-11-21,119,2624,49999236,40339203
2022-11-22,140,3224,49999376,40342427
2022-11-23,191,3635,49999567,40346062
2022-11-24,158,3848,49999725,40349910
2022-11-25,184,3781,49999909,40353691
2022-11-26,135,2096,50000044,40355787
2022-11-27,22,356,50000066,40356143
2022-11-28,182,2691,50000248,40358834
2022-11-29,258,3235,50000506,40362069
2022-11-30,182,3739,50000688,40365808
2022-12-01,151,3635,50000839,40369443
2022-12-02,161,3532,50001000,40372975
2022-12-03,106,1999,50001106,40374974
2022-12-04,5,290,50001111,40375264
2022-12-05,129,2861,50001240,40378125
2022-12-06,177,3658,50001417,40381783
2022-12-07,136,3134,50001553,40384917
2022-12-08,8,169,50001561,40385086
2022-12-09,165,3036,50001726,40388122
2022-12-10,71,1602,50001797,40389724
2022-12-11,7,193,50001804,40389917
2022-12-12,172,2534,50001976,40392451
2022-12-13,253,3052,50002229,40395503
2022-12-14,232,3240,50002461,40398743
2022-12-15,207,3299,50002668,40402042
2022-12-16,163,3223,50002831,40405265
2022-12-17,95,1691,50002926,40406956
2022-12-18,10,270,50002936,40407226
2022-12-19,149,2170,50003085,40409396
2022-12-20,212,2532,50003297,40411928
2022-12-21,160,2252,50003457,40414180
2022-12-22,140,1878,50003597,40416058
2022-12-23,154,1223,50003751,40417281
2022-12-24,32,162,50003783,40417443
2022-12-25,0,6,50003783,40417449
2022-12-26,6,42,50003789,40417491
2022-12-27,133,1555,50003922,40419046
2022-12-28,138,1782,50004060,40420828
2022-12-29,92,1710,50004152,40422538
2022-12-30,116,1614,50004268,40424152
2022-12-31,21,273,50004289,40424425
2023-01-01,0,6,50004289,40424431
2023-01-02,48,1129,50004337,40425560
2023-01-03,99,1899,50004436,40427459
2023-01-04,111,2009,50004547,40429468
2023-01-05,99,1914,50004646,40431382
2023-01-06,0,70,50004646,40431452
2023-01-07,53,687,50004699,40432139
2023-01-08,2,97,50004701,40432236
2023-01-09,129,1430,50004830,40433666
2023-01-10,128,1789,50004958,40435455
2023-01-11,119,1771,50005077,40437226
2023-01-12,115,2008,50005192,40439234
2023-01-13,108,1889,50005300,40441123
2023-01-14,67,978,50005367,40442101
2023-01-15,1,67,50005368,40442168
2023-01-16,37,1155,50005405,40443323
2023-01-17,109,1304,50005514,40444627
2023-01-18,81,1416,50005595,40446043
2023-01-19,111,1607,50005706,40447650
2023-01-20,159,1404,50005865,40449054
2023-01-21,46,635,50005911,40449689
2023-01-22,2,57,50005913,40449746
2023-01-23,75,781,50005988,40450527
2023-01-24,115,1188,50006103,40451715
2023-01-25,98,1080,50006201,40452795
2023-01-26,114,1079,50006315,40453874