data_somministrazione,vaccinazioni,booster,cum_vaccinazioni,cum_booster
2020-12-27,22,0,22,0
2020-12-28,2,0,24,0
2020-12-29,1,0,25,0
2020-12-30,8,0,33,0
2020-12-31,80,0,113,0
2021-01-01,26,0,139,0
2021-01-02,151,0,290,0
2021-01-03,112,0,402,0
2021-01-04,246,0,648,0
2021-01-05,291,0,939,0
2021-01-06,262,0,1201,0
2021-01-07,331,0,1532,0
2021-01-08,385,0,1917,0
2021-01-09,290,0,2207,0
2021-01-10,172,0,2379,0
2021-01-11,312,0,2691,0
2021-01-12,292,0,2983,0
2021-01-13,425,0,3408,0
2021-01-14,507,0,3915,0
2021-01-15,327,0,4242,0
2021-01-16,225,0,4467,0
2021-01-17,3065,0,7532,0
2021-01-18,5220,0,12752,0
2021-01-19,1896,0,14648,0
2021-01-20,4660,0,19308,0
2021-01-21,20004,0,39312,0
2021-01-22,14220,0,53532,0
2021-01-23,33316,0,86848,0
2021-01-24,30775,0,117623,0
2021-01-25,64699,0,182322,0
2021-01-26,76457,0,258779,0
2021-01-27,64804,0,323583,0
2021-01-28,89244,0,412827,0
2021-01-29,93992,0,506819,0
2021-01-30,86538,0,593357,0
2021-01-31,57321,0,650678,0
2021-02-01,81833,0,732511,0
2021-02-02,82126,0,814637,0
2021-02-03,91101,0,905738,0
2021-02-04,95381,0,1001119,0
2021-02-05,90263,0,1091382,0
2021-02-06,63450,0,1154832,0
2021-02-07,32935,0,1187767,0
2021-02-08,40421,0,1228188,0
2021-02-09,32880,0,1261068,0
2021-02-10,28440,0,1289508,0
2021-02-11,20408,0,1309916,0
2021-02-12,16252,0,1326168,0
2021-02-13,7280,0,1333448,0
2021-02-14,2862,0,1336310,0
2021-02-15,6851,0,1343161,0
2021-02-16,7008,0,1350169,0
2021-02-17,10527,0,1360696,0
2021-02-18,9258,0,1369954,0
2021-02-19,8259,0,1378213,0
2021-02-20,5585,0,1383798,0
2021-02-21,3015,0,1386813,0
2021-02-22,6884,0,1393697,0
2021-02-23,7191,0,1400888,0
2021-02-24,9815,0,1410703,0
2021-02-25,14215,0,1424918,0
2021-02-26,17563,0,1442481,0
2021-02-27,13925,0,1456406,0
2021-02-28,9398,0,1465804,0
2021-03-01,26533,0,1492337,0
2021-03-02,33247,0,1525584,0
2021-03-03,44653,0,1570237,0
2021-03-04,50304,0,1620541,0
2021-03-05,55745,0,1676286,0
2021-03-06,41886,0,1718172,0
2021-03-07,22332,0,1740504,0
2021-03-08,50841,0,1791345,0
2021-03-09,53096,0,1844441,0
2021-03-10,58702,0,1903143,0
2021-03-11,63895,0,1967038,0
2021-03-12,65146,0,2032184,0
2021-03-13,51732,0,2083916,0
2021-03-14,35427,0,2119343,0
2021-03-15,73462,0,2192805,0
2021-03-16,74029,0,2266834,0
2021-03-17,83146,0,2349980,0
2021-03-18,81633,0,2431613,0
2021-03-19,81091,0,2512704,0
2021-03-20,64746,0,2577450,0
2021-03-21,47312,0,2624762,0
2021-03-22,69506,0,2694268,0
2021-03-23,75821,0,2770089,0
2021-03-24,90940,0,2861029,0
2021-03-25,89830,0,2950859,0
2021-03-26,83645,0,3034504,0
2021-03-27,71964,0,3106468,0
2021-03-28,44192,0,3150660,0
2021-03-29,70852,0,3221512,0
2021-03-30,81420,0,3302932,0
2021-03-31,96268,0,3399200,0
2021-04-01,95343,0,3494543,0
2021-04-02,84090,0,3578633,0
2021-04-03,64314,0,3642947,0
2021-04-04,21726,0,3664673,0
2021-04-05,40326,0,3704999,0
2021-04-06,81351,0,3786350,0
2021-04-07,95850,0,3882200,0
2021-04-08,95268,0,3977468,0
2021-04-09,88510,0,4065978,0
2021-04-10,74039,0,4140017,0
2021-04-11,44773,0,4184790,0
2021-04-12,66928,0,4251718,0
2021-04-13,72601,0,4324319,0
2021-04-14,85560,0,4409879,0
2021-04-15,105429,0,4515308,0
2021-04-16,106436,0,4621744,0
2021-04-17,90533,0,4712277,0
2021-04-18,58599,0,4770876,0
2021-04-19,93447,0,4864323,0
2021-04-20,103783,0,4968106,0
2021-04-21,125346,0,5093452,0
2021-04-22,143539,0,5236991,0
2021-04-23,138764,0,5375755,0
2021-04-24,124456,0,5500211,0
2021-04-25,61471,0,5561682,0
2021-04-26,97920,0,5659602,0
2021-04-27,128380,0,5787982,0
2021-04-28,156403,0,5944385,0
2021-04-29,195627,0,6140012,0
2021-04-30,214622,0,6354634,0
2021-05-01,174151,0,6528785,0
2021-05-02,135818,0,6664603,0
2021-05-03,142082,0,6806685,0
2021-05-04,158720,0,6965405,0
2021-05-05,170556,0,7135961,0
2021-05-06,197833,0,7333794,0
2021-05-07,213890,0,7547684,0
2021-05-08,213445,0,7761129,0
2021-05-09,143224,0,7904353,0
2021-05-10,165110,0,8069463,0
2021-05-11,175019,0,8244482,0
2021-05-12,179238,0,8423720,0
2021-05-13,203428,0,8627148,0
2021-05-14,222952,0,8850100,0
2021-05-15,210399,0,9060499,0
2021-05-16,159294,0,9219793,0
2021-05-17,219227,0,9439020,0
2021-05-18,213036,0,9652056,0
2021-05-19,207108,0,9859164,0
2021-05-20,270913,0,10130077,0
2021-05-21,270917,0,10400994,0
2021-05-22,245554,0,10646548,0
2021-05-23,197199,0,10843747,0
2021-05-24,228314,0,11072061,0
2021-05-25,245704,0,11317765,0
2021-05-26,277577,0,11595342,0
2021-05-27,311111,0,11906453,0
2021-05-28,299589,0,12206042,0
2021-05-29,231262,0,12437304,0
2021-05-30,170857,0,12608161,0
2021-05-31,216445,0,12824606,0
2021-06-01,207649,0,13032255,0
2021-06-02,115812,0,13148067,0
2021-06-03,180188,0,13328255,0
2021-06-04,184937,0,13513192,0
2021-06-05,186016,0,13699208,0
2021-06-06,139605,0,13838813,0
2021-06-07,161924,0,14000737,0
2021-06-08,171313,0,14172050,0
2021-06-09,171541,0,14343591,0
2021-06-10,174183,0,14517774,0
2021-06-11,170065,0,14687839,0
2021-06-12,128419,0,14816258,0
2021-06-13,91253,0,14907511,0
2021-06-14,214719,0,15122230,0
2021-06-15,228473,0,15350703,0
2021-06-16,253121,0,15603824,0
2021-06-17,301800,0,15905624,0
2021-06-18,306346,0,16211970,0
2021-06-19,275144,0,16487114,0
2021-06-20,220838,0,16707952,0
2021-06-21,288122,0,16996074,0
2021-06-22,296276,0,17292350,0
2021-06-23,302717,0,17595067,0
2021-06-24,332635,0,17927702,0
2021-06-25,348748,0,18276450,0
2021-06-26,300157,0,18576607,0
2021-06-27,228707,0,18805314,0
2021-06-28,307171,0,19112485,0
2021-06-29,329360,0,19441845,0
2021-06-30,342240,0,19784085,0
2021-07-01,363262,0,20147347,0
2021-07-02,368515,0,20515862,0
2021-07-03,371108,0,20886970,0
2021-07-04,283252,0,21170222,0
2021-07-05,384571,0,21554793,0
2021-07-06,385495,0,21940288,0
2021-07-07,412141,0,22352429,0
2021-07-08,479586,0,22832015,0
2021-07-09,498463,0,23330478,0
2021-07-10,475173,0,23805651,0
2021-07-11,357689,0,24163340,0
2021-07-12,485871,0,24649211,0
2021-07-13,492061,0,25141272,0
2021-07-14,480428,0,25621700,0
2021-07-15,523407,0,26145107,0
2021-07-16,509739,0,26654846,0
2021-07-17,464315,0,27119161,0
2021-07-18,364625,0,27483786,0
2021-07-19,463032,0,27946818,0
2021-07-20,458043,0,28404861,0
2021-07-21,462787,0,28867648,0
2021-07-22,475372,0,29343020,0
2021-07-23,441325,0,29784345,0
2021-07-24,386141,0,30170486,0
2021-07-25,287536,0,30458022,0
2021-07-26,430887,0,30888909,0
2021-07-27,440103,0,31329012,0
2021-07-28,391013,0,31720025,0
2021-07-29,372073,0,32092098,0
2021-07-30,341525,0,32433623,0
2021-07-31,287050,0,32720673,0
2021-08-01,190996,0,32911669,0
2021-08-02,333712,0,33245381,0
2021-08-03,323182,0,33568563,0
2021-08-04,310997,0,33879560,0
2021-08-05,292479,0,34172039,0
2021-08-06,260047,0,34432086,0
2021-08-07,199069,0,34631155,0
2021-08-08,153110,0,34784265,0
2021-08-09,234082,0,35018347,0
2021-08-10,205297,0,35223644,0
2021-08-11,193802,0,35417446,0
2021-08-12,168079,0,35585525,0
2021-08-13,148676,0,35734201,0
2021-08-14,66104,0,35800305,0
2021-08-15,26345,0,35826650,0
2021-08-16,114724,0,35941374,0
2021-08-17,129261,0,36070635,0
2021-08-18,128761,0,36199396,0
2021-08-19,124866,0,36324262,0
2021-08-20,123797,0,36448059,0
2021-08-21,83135,0,36531194,0
2021-08-22,68183,0,36599377,0
2021-08-23,176870,0,36776247,0
2021-08-24,156891,0,36933138,0
2021-08-25,177169,0,37110307,0
2021-08-26,172348,0,37282655,0
2021-08-27,185828,0,37468483,0
2021-08-28,140295,0,37608778,0
2021-08-29,98997,0,37707775,0
2021-08-30,209582,0,37917357,0
2021-08-31,194640,0,38111997,0
2021-09-01,192216,0,38304213,0
2021-09-02,189924,0,38494137,0
2021-09-03,191278,0,38685415,0
2021-09-04,131438,0,38816853,0
2021-09-05,87840,0,38904693,0
2021-09-06,193598,0,39098291,0
2021-09-07,196038,0,39294329,0
2021-09-08,187856,0,39482185,0
2021-09-09,201416,0,39683601,0
2021-09-10,198047,0,39881648,0
2021-09-11,141289,0,40022937,0
2021-09-12,89588,0,40112525,0
2021-09-13,191097,665,40303622,665
2021-09-14,177205,662,40480827,1327
2021-09-15,163081,656,40643908,1983
2021-09-16,160034,1017,40803942,3000
2021-09-17,150153,1177,40954095,4177
2021-09-18,127985,784,41082080,4961
2021-09-19,81141,513,41163221,5474
2021-09-20,180058,9138,41343279,14612
2021-09-21,166675,8867,41509954,23479
2021-09-22,159124,9465,41669078,32944
2021-09-23,138108,9360,41807186,42304
2021-09-24,140550,9022,41947736,51326
2021-09-25,119565,5678,42067301,57004
2021-09-26,71992,4369,42139293,61373
2021-09-27,135674,10090,42274967,71463
2021-09-28,117519,11438,42392486,82901
2021-09-29,112384,11856,42504870,94757
2021-09-30,110296,14986,42615166,109743
2021-10-01,95005,19144,42710171,128887
2021-10-02,78527,14048,42788698,142935
2021-10-03,47760,7672,42836458,150607
2021-10-04,88391,34491,42924849,185098
2021-10-05,80385,34023,43005234,219121
2021-10-06,72006,34220,43077240,253341
2021-10-07,71881,34382,43149121,287723
2021-10-08,80651,33629,43229772,321352
2021-10-09,76116,22202,43305888,343554
2021-10-10,45795,13632,43351683,357186
2021-10-11,87447,41137,43439130,398323
2021-10-12,84515,46940,43523645,445263
2021-10-13,88228,52173,43611873,497436
2021-10-14,91559,58563,43703432,555999
2021-10-15,93600,55687,43797032,611686
2021-10-16,82978,36833,43880010,648519
2021-10-17,51462,23863,43931472,672382
2021-10-18,90301,59527,44021773,731909
2021-10-19,78354,69422,44100127,801331
2021-10-20,75060,78216,44175187,879547
2021-10-21,78280,81826,44253467,961373
2021-10-22,73765,77092,44327232,1038465
2021-10-23,60838,51977,44388070,1090442
2021-10-24,33370,23482,44421440,1113924
2021-10-25,64894,81673,44486334,1195597
2021-10-26,58372,91844,44544706,1287441
2021-10-27,58317,104045,44603023,1391486
2021-10-28,61442,114165,44664465,1505651
2021-10-29,61622,103200,44726087,1608851
2021-10-30,50672,68160,44776759,1677011
2021-10-31,25158,28315,44801917,1705326
2021-11-01,19050,28159,44820967,1733485
2021-11-02,62737,89446,44883704,1822931
2021-11-03,60714,118707,44944418,1941638
2021-11-04,59238,126709,45003656,2068347
2021-11-05,63091,135234,45066747,2203581
2021-11-06,46496,90944,45113243,2294525
2021-11-07,22248,37908,45135491,2332433
2021-11-08,51523,131301,45187014,2463734
2021-11-09,45403,144238,45232417,2607972
2021-11-10,42593,156382,45275010,2764354
2021-11-11,44930,155178,45319940,2919532
2021-11-12,46300,158712,45366240,3078244
2021-11-13,33273,116683,45399513,3194927
2021-11-14,14490,52462,45414003,3247389
2021-11-15,36908,157447,45450911,3404836
2021-11-16,30570,171414,45481481,3576250
2021-11-17,28469,178470,45509950,3754720
2021-11-18,30298,193769,45540248,3948489
2021-11-19,28824,205889,45569072,4154378
2021-11-20,21015,156460,45590087,4310838
2021-11-21,10613,64870,45600700,4375708
2021-11-22,21960,213163,45622660,4588871
2021-11-23,23608,241804,45646268,4830675
2021-11-24,27769,271103,45674037,5101778
2021-11-25,23269,301953,45697306,5403731
2021-11-26,24599,318314,45721905,5722045
2021-11-27,21419,266175,45743324,5988220
2021-11-28,9911,137072,45753235,6125292
2021-11-29,22368,326082,45775603,6451374
2021-11-30,23121,365862,45798724,6817236
2021-12-01,21562,413547,45820286,7230783
2021-12-02,23800,440444,45844086,7671227
2021-12-03,25283,467546,45869369,8138773
2021-12-04,22392,418812,45891761,8557585
2021-12-05,11943,261370,45903704,8818955
2021-12-06,25850,457636,45929554,9276591
2021-12-07,24170,480308,45953724,9756899
2021-12-08,10032,249724,45963756,10006623
2021-12-09,31628,491968,45995384,10498591
2021-12-10,28110,517939,46023494,11016530
2021-12-11,23595,459288,46047089,11475818
2021-12-12,12328,293536,46059417,11769354
2021-12-13,26186,467663,46085603,12237017
2021-12-14,25207,494246,46110810,12731263
2021-12-15,25382,517191,46136192,13248454
2021-12-16,27939,520308,46164131,13768762
2021-12-17,29405,517229,46193536,14285991
2021-12-18,27117,468788,46220653,14754779
2021-12-19,15174,300546,46235827,15055325
2021-12-20,30685,477512,46266512,15532837
2021-12-21,30424,493451,46296936,16026288
2021-12-22,29495,484759,46326431,16511047
2021-12-23,28290,426971,46354721,16938018
2021-12-24,13122,210847,46367843,17148865
2021-12-25,2104,33053,46369947,17181918
2021-12-26,8783,159077,46378730,17340995
2021-12-27,46851,504703,46425581,17845698
2021-12-28,42512,554268,46468093,18399966
2021-12-29,34410,550685,46502503,18950651
2021-12-30,31905,499871,46534408,19450522
2021-12-31,14152,247410,46548560,19697932
2022-01-01,3502,64814,46552062,19762746
2022-01-02,22841,276728,46574903,20039474
2022-01-03,47965,520037,46622868,20559511
2022-01-04,46493,572107,46669361,21131618
2022-01-05,40864,560429,46710225,21692047
2022-01-06,23545,274490,46733770,21966537
2022-01-07,63815,554226,46797585,22520763
2022-01-08,61004,503426,46858589,23024189
2022-01-09,42980,319709,46901569,23343898
2022-01-10,61186,542331,46962755,23886229
2022-01-11,61880,587040,47024635,24473269
2022-01-12,58576,581316,47083211,25054585
2022-01-13,58732,580436,47141943,25635021
2022-01-14,46957,588626,47188900,26223647
2022-01-15,39607,570001,47228507,26793648
2022-01-16,31333,341899,47259840,27135547
2022-01-17,54863,489699,47314703,27625246
2022-01-18,58481,517059,47373184,28142305
2022-01-19,57282,502826,47430466,28645131
2022-01-20,54433,498866,47484899,29143997
2022-01-21,42196,493903,47527095,29637900
2022-01-22,31316,469624,47558411,30107524
2022-01-23,34985,275392,47593396,30382916
2022-01-24,56235,437254,47649631,30820170
2022-01-25,61607,452135,47711238,31272305
2022-01-26,58605,435851,47769843,31708156
2022-01-27,48902,432419,47818745,32140575
2022-01-28,58769,436568,47877514,32577143
2022-01-29,68200,412520,47945714,32989663
2022-01-30,50414,235992,47996128,33225655
2022-01-31,60728,356953,48056856,33582608
2022-02-01,65625,328473,48122481,33911081
2022-02-02,63255,297002,48185736,34208083
2022-02-03,60097,274541,48245833,34482624
2022-02-04,72417,268475,48318250,34751099
2022-02-05,83819,248560,48402069,34999659
2022-02-06,55309,116208,48457378,35115867
2022-02-07,65192,199948,48522570,35315815
2022-02-08,66960,186132,48589530,35501947
2022-02-09,58775,166356,48648305,35668303
2022-02-10,58604,163256,48706909,35831559
2022-02-11,62277,162480,48769186,35994039
2022-02-12,72016,152157,48841202,36146196
2022-02-13,41486,68859,48882688,36215055
2022-02-14,46706,116195,48929394,36331250
2022-02-15,48571,123482,48977965,36454732
2022-02-16,45697,106132,49023662,36560864
2022-02-17,42874,98127,49066536,36658991
2022-02-18,46636,112590,49113172,36771581
2022-02-19,52546,100341,49165718,36871922
2022-02-20,31414,40367,49197132,36912289
2022-02-21,37901,89658,49235033,37001947
2022-02-22,37226,83786,49272259,37085733
2022-02-23,33402,79409,49305661,37165142
2022-02-24,32562,78168,49338223,37243310
2022-02-25,34773,90714,49372996,37334024
2022-02-26,39163,89139,49412159,37423163
2022-02-27,22547,35859,49434706,37459022
2022-02-28,28490,81699,49463196,37540721
2022-03-01,22733,53943,49485929,37594664
2022-03-02,21935,50714,49507864,37645378
2022-03-03,22640,54947,49530504,37700325
2022-03-04,23245,62801,49553749,37763126
2022-03-05,23804,57953,49577553,37821079
2022-03-06,9473,17201,49587026,37838280
2022-03-07,15927,51391,49602953,37889671
2022-03-08,15480,48797,49618433,37938468
2022-03-09,13815,46518,49632248,37984986
2022-03-10,14061,52127,49646309,38037113
2022-03-11,15593,57273,49661902,38094386
2022-03-12,15514,56620,49677416,38151006
2022-03-13,5544,16852,49682960,38167858
2022-03-14,10527,46701,49693487,38214559
2022-03-15,10555,46895,49704042,38261454
2022-03-16,9484,41978,49713526,38303432
2022-03-17,9726,44875,49723252,38348307
2022-03-18,10163,49059,49733415,38397366
2022-03-19,9152,46540,49742567,38443906
2022-03-20,2608,11704,49745175,38455610
2022-03-21,7587,40231,49752762,38495841
2022-03-22,8448,37768,49761210,38533609
2022-03-23,7219,33701,49768429,38567310
2022-03-24,8260,38821,49776689,38606131
2022-03-25,8143,43673,49784832,38649804
2022-03-26,8129,41722,49792961,38691526
2022-03-27,2432,9683,49795393,38701209
2022-03-28,6112,35244,49801505,38736453
2022-03-29,5783,32532,49807288,38768985
2022-03-30,5567,30205,49812855,38799190
2022-03-31,5905,33187,49818760,38832377
2022-04-01,4351,25189,49823111,38857566
2022-04-02,4497,23275,49827608,38880841
2022-04-03,1049,4500,49828657,38885341
2022-04-04,3661,21547,49832318,38906888
2022-04-05,3759,22937,49836077,38929825
2022-04-06,4105,21853,49840182,38951678
2022-04-07,3970,23321,49844152,38974999
2022-04-08,4696,26716,49848848,39001715
2022-04-09,4381,23889,49853229,39025604
2022-04-10,893,4613,49854122,39030217
2022-04-11,3820,22689,49857942,39052906
2022-04-12,3364,21780,49861306,39074686
2022-04-13,3574,21337,49864880,39096023
2022-04-14,3487,23789,49868367,39119812
2022-04-15,3086,20621,49871453,39140433
2022-04-16,2151,11918,49873604,39152351
2022-04-17,63,348,49873667,39152699
2022-04-18,152,650,49873819,39153349
2022-04-19,3499,21985,49877318,39175334
2022-04-20,3513,20250,49880831,39195584
2022-04-21,2847,19793,49883678,39215377
2022-04-22,2928,20715,49886606,39236092
2022-04-23,2648,16222,49889254,39252314
2022-04-24,509,2334,49889763,39254648
2022-04-25,183,1165,49889946,39255813
2022-04-26,2760,17810,49892706,39273623
2022-04-27,2374,15795,49895080,39289418
2022-04-28,2362,15566,49897442,39304984
2022-04-29,2298,14850,49899740,39319834
2022-04-30,2123,11584,49901863,39331418
2022-05-01,113,531,49901976,39331949
2022-05-02,1451,9393,49903427,39341342
2022-05-03,1577,10326,49905004,39351668
2022-05-04,1747,10276,49906751,39361944
2022-05-05,1653,10297,49908404,39372241
2022-05-06,1702,10972,49910106,39383213
2022-05-07,1431,8573,49911537,39391786
2022-05-08,417,1526,49911954,39393312
2022-05-09,1029,8931,49912983,39402243
2022-05-10,1424,9550,49914407,39411793
2022-05-11,1484,10109,49915891,39421902
2022-05-12,1371,10137,49917262,39432039
2022-05-13,1596,10520,49918858,39442559
2022-05-14,1360,8243,49920218,39450802
2022-05-15,336,1136,49920554,39451938
2022-05-16,814,8408,49921368,39460346
2022-05-17,1244,8707,49922612,39469053
2022-05-18,1373,9256,49923985,39478309
2022-05-19,1500,9287,49925485,39487596
2022-05-20,1426,9535,49926911,39497131
2022-05-21,1302,7901,49928213,39505032
2022-05-22,231,1013,49928444,39506045
2022-05-23,830,8273,49929274,39514318
2022-05-24,1073,8673,49930347,39522991
2022-05-25,1372,9460,49931719,39532451
2022-05-26,1198,9480,49932917,39541931
2022-05-27,1232,9916,49934149,39551847
2022-05-28,1205,7890,49935354,39559737
2022-05-29,288,1265,49935642,39561002
2022-05-30,931,8058,49936573,39569060
2022-05-31,1039,8548,49937612,39577608
2022-06-01,895,7657,49938507,39585265
2022-06-02,35,474,49938542,39585739
2022-06-03,817,7334,49939359,39593073
2022-06-04,870,5162,49940229,39598235
2022-06-05,89,586,49940318,39598821
2022-06-06,679,7004,49940997,39605825
2022-06-07,952,7850,49941949,39613675
2022-06-08,981,7906,49942930,39621581
2022-06-09,1037,8418,49943967,39629999
2022-06-10,958,8563,49944925,39638562
2022-06-11,904,6206,49945829,39644768
2022-06-12,140,768,49945969,39645536
2022-06-13,602,6301,49946571,39651837
2022-06-14,831,7904,49947402,39659741
2022-06-15,960,7856,49948362,39667597
2022-06-16,733,7397,49949095,39674994
2022-06-17,723,7248,49949818,39682242
2022-06-18,778,5596,49950596,39687838
2022-06-19,49,521,49950645,39688359
2022-06-20,587,6699,49951232,39695058
2022-06-21,741,7664,49951973,39702722
2022-06-22,779,7312,49952752,39710034
2022-06-23,648,7472,49953400,39717506
2022-06-24,644,7474,49954044,39724980
2022-06-25,835,6533,49954879,39731513
2022-06-26,128,523,49955007,39732036
2022-06-27,534,7126,49955541,39739162
2022-06-28,747,8207,49956288,39747369
2022-06-29,756,7732,49957044,39755101
2022-06-30,747,8145,49957791,39763246
2022-07-01,577,6443,49958368,39769689
2022-07-02,536,4769,49958904,39774458
2022-07-03,49,456,49958953,39774914
2022-07-04,469,6277,49959422,39781191
2022-07-05,631,8122,49960053,39789313
2022-07-06,634,7611,49960687,39796924
2022-07-07,576,8273,49961263,39805197
2022-07-08,673,8086,49961936,39813283
2022-07-09,550,6105,49962486,39819388
2022-07-10,58,533,49962544,39819921
2022-07-11,491,7641,49963035,39827562
2022-07-12,669,9030,49963704,39836592
2022-07-13,645,10067,49964349,39846659
2022-07-14,637,10225,49964986,39856884
2022-07-15,626,10674,49965612,39867558
2022-07-16,523,7215,49966135,39874773
2022-07-17,48,770,49966183,39875543
2022-07-18,496,9374,49966679,39884917
2022-07-19,575,10683,49967254,39895600
2022-07-20,582,11277,49967836,39906877
2022-07-21,630,12093,49968466,39918970
2022-07-22,584,11262,49969050,39930232
2022-07-23,381,6775,49969431,39937007
2022-07-24,76,857,49969507,39937864
2022-07-25,503,9054,49970010,39946918
2022-07-26,522,9764,49970532,39956682
2022-07-27,554,10210,49971086,39966892
2022-07-28,532,10535,49971618,39977427
2022-07-29,511,9466,49972129,39986893
2022-07-30,383,5882,49972512,39992775
2022-07-31,49,764,49972561,39993539
2022-08-01,386,6865,49972947,40000404
2022-08-02,548,7590,49973495,40007994
2022-08-03,513,7179,49974008,40015173
2022-08-04,455,7492,49974463,40022665
2022-08-05,421,6526,49974884,40029191
2022-08-06,299,3613,49975183,40032804
2022-08-07,44,563,49975227,40033367
2022-08-08,403,4890,49975630,40038257
2022-08-09,381,5312,49976011,40043569
2022-08-10,385,4816,49976396,40048385
2022-08-11,369,4804,49976765,40053189
2022-08-12,294,3720,49977059,40056909
2022-08-13,143,1600,49977202,40058509
2022-08-14,9,129,49977211,40058638
2022-08-15,1,26,49977212,40058664
2022-08-16,283,3043,49977495,40061707
2022-08-17,352,3536,49977847,40065243
2022-08-18,393,4160,49978240,40069403
2022-08-19,341,3319,49978581,40072722
2022-08-20,183,1715,49978764,40074437
2022-08-21,24,149,49978788,40074586
2022-08-22,330,2952,49979118,40077538
2022-08-23,370,3674,49979488,40081212
2022-08-24,384,3360,49979872,40084572
2022-08-25,422,3773,49980294,40088345
2022-08-26,400,3574,49980694,40091919
2022-08-27,237,1769,49980931,40093688
2022-08-28,29,267,49980960,40093955
2022-08-29,354,3161,49981314,40097116
2022-08-30,405,3671,49981719,40100787
2022-08-31,438,3734,49982157,40104521
2022-09-01,353,3116,49982510,40107637
2022-09-02,296,2893,49982806,40110530
2022-09-03,200,1689,49983006,40112219
2022-09-04,24,149,49983030,40112368
2022-09-05,187,2656,49983217,40115024
2022-09-06,306,2983,49983523,40118007
2022-09-07,541,2937,49984064,40120944
2022-09-08,293,2963,49984357,40123907
2022-09-09,305,2886,49984662,40126793
2022-09-10,228,1326,49984890,40128119
2022-09-11,23,124,49984913,40128243
2022-09-12,267,2268,49985180,40130511
2022-09-13,252,2277,49985432,40132788
2022-09-14,266,2566,49985698,40135354
2022-09-15,282,2501,49985980,40137855
2022-09-16,256,2546,49986236,40140401
2022-09-17,239,1339,49986475,40141740
2022-09-18,20,170,49986495,40141910
2022-09-19,206,1971,49986701,40143881
2022-09-20,234,2392,49986935,40146273
2022-09-21,289,2526,49987224,40148799
2022-09-22,267,2663,49987491,40151462
2022-09-23,259,2545,49987750,40154007
2022-09-24,193,1427,49987943,40155434
2022-09-25,29,133,49987972,40155567
2022-09-26,280,2248,49988252,40157815
2022-09-27,287,2683,49988539,40160498
2022-09-28,310,2905,49988849,40163403
2022-09-29,257,3049,49989106,40166452
2022-09-30,292,2989,49989398,40169441
2022-10-01,195,1515,49989593,40170956
2022-10-02,12,187,49989605,40171143
2022-10-03,185,2474,49989790,40173617
2022-10-04,236,2862,49990026,40176479
2022-10-05,229,3252,49990255,40179731
2022-10-06,243,3874,49990498,40183605
2022-10-07,283,4189,49990781,40187794
2022-10-08,204,2270,49990985,40190064
2022-10-09,8,305,49990993,40190369
2022-10-10,211,3356,49991204,40193725
2022-10-11,194,4379,49991398,40198104
2022-10-12,207,4441,49991605,40202545
2022-10-13,204,5304,49991809,40207849
2022-10-14,233,5026,49992042,40212875
2022-10-15,191,2671,49992233,40215546
2022-10-16,6,360,49992239,40215906
2022-10-17,186,3873,49992425,40219779
2022-10-18,256,4967,49992681,40224746
2022-10-19,244,5478,49992925,40230224
2022-10-20,224,5997,49993149,40236221
2022-10-21,250,5477,49993399,40241698
2022-10-22,195,2911,49993594,40244609
2022-10-23,13,364,49993607,40244973
2022-10-24,171,3930,49993778,40248903
2022-10-25,254,4926,49994032,40253829
2022-10-26,347,5503,49994379,40259332
2022-10-27,241,5671,49994620,40265003
2022-10-28,200,5263,49994820,40270266
2022-10-29,128,2844,49994948,40273110
2022-10-30,3,328,49994951,40273438
2022-10-31,117,3042,49995068,40276480
2022-11-01,11,353,49995079,40276833
2022-11-02,145,3721,49995224,40280554
2022-11-03,172,4789,49995396,40285343
2022-11-04,225,4603,49995621,40289946
2022-11-05,144,2598,49995765,40292544
2022-11-06,10,261,49995775,40292805
2022-11-07,169,3225,49995944,40296030
2022-11-08,260,4251,49996204,40300281
2022-11-09,197,4331,49996401,40304612
2022-11-10,183,4597,49996584,40309209
2022-11-11,193,4221,49996777,40313430
2022-11-12,152,2377,49996929,40315807
2022-11-13,7,338,49996936,40316145
2022-11-14,149,2838,49997085,40318983
2022-11-15,202,3748,49997287,40322731
2022-11-16,217,3992,49997504,40326723
2022-11-17,191,4105,49997695,40330828
2022-11-18,247,4032,49997942,40334860
2022-11-19,112,2104,49998054,40336964
2022-11-20,24,317,49998078,40337281
2022-11-21,119,2620,49998197,40339901
2022-11-22,143,3215,49998340,40343116
2022-11-23,191,3624,49998531,40346740
2022-11-24,157,3837,49998688,40350577
2022-11-25,184,3785,49998872,40354362
2022-11-26,133,2093,49999005,40356455
2022-11-27,22,356,49999027,40356811
2022-11-28,182,2682,49999209,40359493
2022-11-29,257,3230,49999466,40362723
2022-11-30,182,3733,49999648,40366456
2022-12-01,150,3621,49999798,40370077
2022-12-02,156,3527,49999954,40373604
2022-12-03,105,1968,50000059,40375572
2022-12-04,5,290,50000064,40375862
2022-12-05,128,2851,50000192,40378713
2022-12-06,176,3651,50000368,40382364
2022-12-07,136,3129,50000504,40385493
2022-12-08,8,169,50000512,40385662
2022-12-09,161,3023,50000673,40388685
2022-12-10,78,1604,50000751,40390289
2022-12-11,7,193,50000758,40390482
2022-12-12,170,2534,50000928,40393016
2022-12-13,253,3041,50001181,40396057
2022-12-14,227,3207,50001408,40399264
2022-12-15,204,3247,50001612,40402511
2022-12-16,162,3160,50001774,40405671
2022-12-17,94,1677,50001868,40407348
2022-12-18,10,270,50001878,40407618
2022-12-19,143,2155,50002021,40409773
2022-12-20,211,2492,50002232,40412265
2022-12-21,153,2211,50002385,40414476
2022-12-22,141,1857,50002526,40416333
2022-12-23,150,1203,50002676,40417536
2022-12-24,32,160,50002708,40417696
2022-12-25,0,6,50002708,40417702
2022-12-26,6,41,50002714,40417743
2022-12-27,131,1552,50002845,40419295
2022-12-28,129,1740,50002974,40421035
2022-12-29,90,1664,50003064,40422699
2022-12-30,115,1573,50003179,40424272
2022-12-31,21,270,50003200,40424542