data_somministrazione,vaccinazioni,booster,cum_vaccinazioni,cum_booster
2020-12-27,19,0,19,0
2020-12-28,2,0,21,0
2020-12-29,1,0,22,0
2020-12-30,6,0,28,0
2020-12-31,66,0,94,0
2021-01-01,22,0,116,0
2021-01-02,104,0,220,0
2021-01-03,74,0,294,0
2021-01-04,198,0,492,0
2021-01-05,233,0,725,0
2021-01-06,188,0,913,0
2021-01-07,281,0,1194,0
2021-01-08,328,0,1522,0
2021-01-09,239,0,1761,0
2021-01-10,144,0,1905,0
2021-01-11,265,0,2170,0
2021-01-12,265,0,2435,0
2021-01-13,383,0,2818,0
2021-01-14,469,0,3287,0
2021-01-15,292,0,3579,0
2021-01-16,203,0,3782,0
2021-01-17,3057,0,6839,0
2021-01-18,5208,0,12047,0
2021-01-19,1890,0,13937,0
2021-01-20,4653,0,18590,0
2021-01-21,19999,0,38589,0
2021-01-22,14200,0,52789,0
2021-01-23,33332,0,86121,0
2021-01-24,30791,0,116912,0
2021-01-25,64732,0,181644,0
2021-01-26,76501,0,258145,0
2021-01-27,64844,0,322989,0
2021-01-28,89301,0,412290,0
2021-01-29,94030,0,506320,0
2021-01-30,86575,0,592895,0
2021-01-31,57339,0,650234,0
2021-02-01,81876,0,732110,0
2021-02-02,82144,0,814254,0
2021-02-03,91196,0,905450,0
2021-02-04,95404,0,1000854,0
2021-02-05,90282,0,1091136,0
2021-02-06,63450,0,1154586,0
2021-02-07,32927,0,1187513,0
2021-02-08,40430,0,1227943,0
2021-02-09,32864,0,1260807,0
2021-02-10,28420,0,1289227,0
2021-02-11,20389,0,1309616,0
2021-02-12,16227,0,1325843,0
2021-02-13,7251,0,1333094,0
2021-02-14,2861,0,1335955,0
2021-02-15,6837,0,1342792,0
2021-02-16,6993,0,1349785,0
2021-02-17,10519,0,1360304,0
2021-02-18,9246,0,1369550,0
2021-02-19,8239,0,1377789,0
2021-02-20,5540,0,1383329,0
2021-02-21,2986,0,1386315,0
2021-02-22,6881,0,1393196,0
2021-02-23,7160,0,1400356,0
2021-02-24,9824,0,1410180,0
2021-02-25,14201,0,1424381,0
2021-02-26,17551,0,1441932,0
2021-02-27,13901,0,1455833,0
2021-02-28,9387,0,1465220,0
2021-03-01,26508,0,1491728,0
2021-03-02,33239,0,1524967,0
2021-03-03,44645,0,1569612,0
2021-03-04,50289,0,1619901,0
2021-03-05,55734,0,1675635,0
2021-03-06,41876,0,1717511,0
2021-03-07,22322,0,1739833,0
2021-03-08,50795,0,1790628,0
2021-03-09,53056,0,1843684,0
2021-03-10,58623,0,1902307,0
2021-03-11,63838,0,1966145,0
2021-03-12,65097,0,2031242,0
2021-03-13,51707,0,2082949,0
2021-03-14,35384,0,2118333,0
2021-03-15,73424,0,2191757,0
2021-03-16,74022,0,2265779,0
2021-03-17,83130,0,2348909,0
2021-03-18,81621,0,2430530,0
2021-03-19,81079,0,2511609,0
2021-03-20,64707,0,2576316,0
2021-03-21,47286,0,2623602,0
2021-03-22,69470,0,2693072,0
2021-03-23,75776,0,2768848,0
2021-03-24,90887,0,2859735,0
2021-03-25,89785,0,2949520,0
2021-03-26,83600,0,3033120,0
2021-03-27,71916,0,3105036,0
2021-03-28,44127,0,3149163,0
2021-03-29,70806,0,3219969,0
2021-03-30,81357,0,3301326,0
2021-03-31,96219,0,3397545,0
2021-04-01,95291,0,3492836,0
2021-04-02,84066,0,3576902,0
2021-04-03,64296,0,3641198,0
2021-04-04,21716,0,3662914,0
2021-04-05,40297,0,3703211,0
2021-04-06,81299,0,3784510,0
2021-04-07,95804,0,3880314,0
2021-04-08,95228,0,3975542,0
2021-04-09,88481,0,4064023,0
2021-04-10,74025,0,4138048,0
2021-04-11,44752,0,4182800,0
2021-04-12,66908,0,4249708,0
2021-04-13,72562,0,4322270,0
2021-04-14,85519,0,4407789,0
2021-04-15,105399,0,4513188,0
2021-04-16,106409,0,4619597,0
2021-04-17,90489,0,4710086,0
2021-04-18,58584,0,4768670,0
2021-04-19,93423,0,4862093,0
2021-04-20,103763,0,4965856,0
2021-04-21,125329,0,5091185,0
2021-04-22,143501,0,5234686,0
2021-04-23,138717,0,5373403,0
2021-04-24,124435,0,5497838,0
2021-04-25,61452,0,5559290,0
2021-04-26,97874,0,5657164,0
2021-04-27,128347,0,5785511,0
2021-04-28,156349,0,5941860,0
2021-04-29,195579,0,6137439,0
2021-04-30,214556,0,6351995,0
2021-05-01,174090,0,6526085,0
2021-05-02,135789,0,6661874,0
2021-05-03,142002,0,6803876,0
2021-05-04,158674,0,6962550,0
2021-05-05,170470,0,7133020,0
2021-05-06,197787,0,7330807,0
2021-05-07,213803,0,7544610,0
2021-05-08,213383,0,7757993,0
2021-05-09,143189,0,7901182,0
2021-05-10,165081,0,8066263,0
2021-05-11,174957,0,8241220,0
2021-05-12,179147,0,8420367,0
2021-05-13,203356,0,8623723,0
2021-05-14,222891,0,8846614,0
2021-05-15,210333,0,9056947,0
2021-05-16,159262,0,9216209,0
2021-05-17,219179,0,9435388,0
2021-05-18,212999,0,9648387,0
2021-05-19,207067,0,9855454,0
2021-05-20,270834,0,10126288,0
2021-05-21,270862,0,10397150,0
2021-05-22,245515,0,10642665,0
2021-05-23,197175,0,10839840,0
2021-05-24,228287,0,11068127,0
2021-05-25,245682,0,11313809,0
2021-05-26,277475,0,11591284,0
2021-05-27,311079,0,11902363,0
2021-05-28,299558,0,12201921,0
2021-05-29,231192,0,12433113,0
2021-05-30,170823,0,12603936,0
2021-05-31,216406,0,12820342,0
2021-06-01,207629,0,13027971,0
2021-06-02,115768,0,13143739,0
2021-06-03,180101,0,13323840,0
2021-06-04,184848,0,13508688,0
2021-06-05,185925,0,13694613,0
2021-06-06,139508,0,13834121,0
2021-06-07,161837,0,13995958,0
2021-06-08,171158,0,14167116,0
2021-06-09,171427,0,14338543,0
2021-06-10,174039,0,14512582,0
2021-06-11,169932,0,14682514,0
2021-06-12,128301,0,14810815,0
2021-06-13,91134,0,14901949,0
2021-06-14,214637,0,15116586,0
2021-06-15,228382,0,15344968,0
2021-06-16,253033,0,15598001,0
2021-06-17,301695,0,15899696,0
2021-06-18,306255,0,16205951,0
2021-06-19,275051,0,16481002,0
2021-06-20,220730,0,16701732,0
2021-06-21,288034,0,16989766,0
2021-06-22,296176,0,17285942,0
2021-06-23,302662,0,17588604,0
2021-06-24,332551,0,17921155,0
2021-06-25,348689,0,18269844,0
2021-06-26,300081,0,18569925,0
2021-06-27,228611,0,18798536,0
2021-06-28,307037,0,19105573,0
2021-06-29,329238,0,19434811,0
2021-06-30,342107,0,19776918,0
2021-07-01,363154,0,20140072,0
2021-07-02,368429,0,20508501,0
2021-07-03,371064,0,20879565,0
2021-07-04,283190,0,21162755,0
2021-07-05,384497,0,21547252,0
2021-07-06,385428,0,21932680,0
2021-07-07,412063,0,22344743,0
2021-07-08,479624,0,22824367,0
2021-07-09,498481,0,23322848,0
2021-07-10,475179,0,23798027,0
2021-07-11,357707,0,24155734,0
2021-07-12,485908,0,24641642,0
2021-07-13,492143,0,25133785,0
2021-07-14,480478,0,25614263,0
2021-07-15,523490,0,26137753,0
2021-07-16,509788,0,26647541,0
2021-07-17,464368,0,27111909,0
2021-07-18,364702,0,27476611,0
2021-07-19,463071,0,27939682,0
2021-07-20,458088,0,28397770,0
2021-07-21,462819,0,28860589,0
2021-07-22,475400,0,29335989,0
2021-07-23,441310,0,29777299,0
2021-07-24,386194,0,30163493,0
2021-07-25,287597,0,30451090,0
2021-07-26,430893,0,30881983,0
2021-07-27,440130,0,31322113,0
2021-07-28,391016,0,31713129,0
2021-07-29,372082,0,32085211,0
2021-07-30,341513,0,32426724,0
2021-07-31,287016,0,32713740,0
2021-08-01,191023,0,32904763,0
2021-08-02,333727,0,33238490,0
2021-08-03,323183,0,33561673,0
2021-08-04,310975,0,33872648,0
2021-08-05,292511,0,34165159,0
2021-08-06,260007,0,34425166,0
2021-08-07,199049,0,34624215,0
2021-08-08,153107,0,34777322,0
2021-08-09,234078,0,35011400,0
2021-08-10,205249,0,35216649,0
2021-08-11,193758,0,35410407,0
2021-08-12,167976,0,35578383,0
2021-08-13,148599,0,35726982,0
2021-08-14,66087,0,35793069,0
2021-08-15,26334,0,35819403,0
2021-08-16,114674,0,35934077,0
2021-08-17,129238,0,36063315,0
2021-08-18,128735,0,36192050,0
2021-08-19,124787,0,36316837,0
2021-08-20,123791,0,36440628,0
2021-08-21,83116,0,36523744,0
2021-08-22,68163,0,36591907,0
2021-08-23,176869,0,36768776,0
2021-08-24,156906,0,36925682,0
2021-08-25,177169,0,37102851,0
2021-08-26,172352,0,37275203,0
2021-08-27,185840,0,37461043,0
2021-08-28,140268,0,37601311,0
2021-08-29,99001,0,37700312,0
2021-08-30,209634,0,37909946,0
2021-08-31,194629,0,38104575,0
2021-09-01,192214,0,38296789,0
2021-09-02,189940,0,38486729,0
2021-09-03,191338,0,38678067,0
2021-09-04,131481,0,38809548,0
2021-09-05,87868,0,38897416,0
2021-09-06,193661,0,39091077,0
2021-09-07,196064,0,39287141,0
2021-09-08,187908,0,39475049,0
2021-09-09,201475,0,39676524,0
2021-09-10,198109,0,39874633,0
2021-09-11,141329,0,40015962,0
2021-09-12,89602,0,40105564,0
2021-09-13,191164,550,40296728,550
2021-09-14,177264,573,40473992,1123
2021-09-15,163128,573,40637120,1696
2021-09-16,160101,917,40797221,2613
2021-09-17,150174,1111,40947395,3724
2021-09-18,127982,731,41075377,4455
2021-09-19,81129,491,41156506,4946
2021-09-20,180077,9070,41336583,14016
2021-09-21,166633,8828,41503216,22844
2021-09-22,159081,9429,41662297,32273
2021-09-23,138083,9319,41800380,41592
2021-09-24,140543,8948,41940923,50540
2021-09-25,119551,5633,42060474,56173
2021-09-26,71954,4338,42132428,60511
2021-09-27,135637,10042,42268065,70553
2021-09-28,117491,11381,42385556,81934
2021-09-29,112333,11824,42497889,93758
2021-09-30,110226,14944,42608115,108702
2021-10-01,94974,19104,42703089,127806
2021-10-02,78483,14011,42781572,141817
2021-10-03,47735,7656,42829307,149473
2021-10-04,88376,34442,42917683,183915
2021-10-05,80367,33968,42998050,217883
2021-10-06,71981,34156,43070031,252039
2021-10-07,71853,34342,43141884,286381
2021-10-08,80626,33588,43222510,319969
2021-10-09,76103,22168,43298613,342137
2021-10-10,45774,13614,43344387,355751
2021-10-11,87412,41101,43431799,396852
2021-10-12,84492,46894,43516291,443746
2021-10-13,88189,52110,43604480,495856
2021-10-14,91527,58503,43696007,554359
2021-10-15,93589,55623,43789596,609982
2021-10-16,82962,36779,43872558,646761
2021-10-17,51461,23824,43924019,670585
2021-10-18,90292,59481,44014311,730066
2021-10-19,78347,69369,44092658,799435
2021-10-20,75076,78161,44167734,877596
2021-10-21,78301,81749,44246035,959345
2021-10-22,73793,77017,44319828,1036362
2021-10-23,60815,51951,44380643,1088313
2021-10-24,33377,23452,44414020,1111765
2021-10-25,64906,81621,44478926,1193386
2021-10-26,58376,91774,44537302,1285160
2021-10-27,58332,103965,44595634,1389125
2021-10-28,61469,114097,44657103,1503222
2021-10-29,61662,103109,44718765,1606331
2021-10-30,50671,68113,44769436,1674444
2021-10-31,25164,28288,44794600,1702732
2021-11-01,19046,28148,44813646,1730880
2021-11-02,62768,89370,44876414,1820250
2021-11-03,60739,118656,44937153,1938906
2021-11-04,59245,126659,44996398,2065565
2021-11-05,63094,135168,45059492,2200733
2021-11-06,46474,90922,45105966,2291655
2021-11-07,22254,37893,45128220,2329548
2021-11-08,51529,131259,45179749,2460807
2021-11-09,45402,144195,45225151,2605002
2021-11-10,42580,156345,45267731,2761347
2021-11-11,44935,155136,45312666,2916483
2021-11-12,46374,158571,45359040,3075054
2021-11-13,33251,116647,45392291,3191701
2021-11-14,14480,52446,45406771,3244147
2021-11-15,36895,157422,45443666,3401569
2021-11-16,30545,171375,45474211,3572944
2021-11-17,28449,178435,45502660,3751379
2021-11-18,30282,193711,45532942,3945090
2021-11-19,28801,205849,45561743,4150939
2021-11-20,20991,156434,45582734,4307373
2021-11-21,10610,64855,45593344,4372228
2021-11-22,21935,213139,45615279,4585367
2021-11-23,23563,241741,45638842,4827108
2021-11-24,27837,270942,45666679,5098050
2021-11-25,23232,301897,45689911,5399947
2021-11-26,24579,318262,45714490,5718209
2021-11-27,21377,266151,45735867,5984360
2021-11-28,9896,137054,45745763,6121414
2021-11-29,22319,326061,45768082,6447475
2021-11-30,23079,365820,45791161,6813295
2021-12-01,21513,413500,45812674,7226795
2021-12-02,23754,440378,45836428,7667173
2021-12-03,25236,467451,45861664,8134624
2021-12-04,22353,418727,45884017,8553351
2021-12-05,11910,261329,45895927,8814680
2021-12-06,25807,457563,45921734,9272243
2021-12-07,24116,480248,45945850,9752491
2021-12-08,10000,249678,45955850,10002169
2021-12-09,31569,491915,45987419,10494084
2021-12-10,28057,517866,46015476,11011950
2021-12-11,23548,459241,46039024,11471191
2021-12-12,12300,293496,46051324,11764687
2021-12-13,26134,467619,46077458,12232306
2021-12-14,25159,494187,46102617,12726493
2021-12-15,25309,517129,46127926,13243622
2021-12-16,27867,520239,46155793,13763861
2021-12-17,29349,517161,46185142,14281022
2021-12-18,27029,468712,46212171,14749734
2021-12-19,15130,300513,46227301,15050247
2021-12-20,30613,477471,46257914,15527718
2021-12-21,30350,493380,46288264,16021098
2021-12-22,29431,484698,46317695,16505796
2021-12-23,28225,426895,46345920,16932691
2021-12-24,13109,210820,46359029,17143511
2021-12-25,2101,33052,46361130,17176563
2021-12-26,8752,159065,46369882,17335628
2021-12-27,46758,504651,46416640,17840279
2021-12-28,42425,554204,46459065,18394483
2021-12-29,34316,550626,46493381,18945109
2021-12-30,31801,499819,46525182,19444928
2021-12-31,14105,247394,46539287,19692322
2022-01-01,3493,64813,46542780,19757135
2022-01-02,22740,276717,46565520,20033852
2022-01-03,47800,520006,46613320,20553858
2022-01-04,46300,572073,46659620,21125931
2022-01-05,40686,560381,46700306,21686312
2022-01-06,23449,274481,46723755,21960793
2022-01-07,63629,554178,46787384,22514971
2022-01-08,60782,503377,46848166,23018348
2022-01-09,42774,319686,46890940,23338034
2022-01-10,61002,542277,46951942,23880311
2022-01-11,61643,586981,47013585,24467292
2022-01-12,58371,581272,47071956,25048564
2022-01-13,58538,580374,47130494,25628938
2022-01-14,46710,588562,47177204,26217500
2022-01-15,39288,569936,47216492,26787436
2022-01-16,31128,341849,47247620,27129285
2022-01-17,54718,489645,47302338,27618930
2022-01-18,58326,517010,47360664,28135940
2022-01-19,57138,502783,47417802,28638723
2022-01-20,54284,498809,47472086,29137532
2022-01-21,42012,493867,47514098,29631399
2022-01-22,31098,469592,47545196,30100991
2022-01-23,34890,275365,47580086,30376356
2022-01-24,56131,437208,47636217,30813564
2022-01-25,61507,452086,47697724,31265650
2022-01-26,58495,435817,47756219,31701467
2022-01-27,48793,432353,47805012,32133820
2022-01-28,58644,436529,47863656,32570349
2022-01-29,68059,412479,47931715,32982828
2022-01-30,50342,235966,47982057,33218794
2022-01-31,60582,356920,48042639,33575714
2022-02-01,65500,328431,48108139,33904145
2022-02-02,63145,296966,48171284,34201111
2022-02-03,60015,274513,48231299,34475624
2022-02-04,72334,268448,48303633,34744072
2022-02-05,83720,248525,48387353,34992597
2022-02-06,55265,116194,48442618,35108791
2022-02-07,65111,199930,48507729,35308721
2022-02-08,66904,186102,48574633,35494823
2022-02-09,58732,166329,48633365,35661152
2022-02-10,58528,163231,48691893,35824383
2022-02-11,62217,162453,48754110,35986836
2022-02-12,71947,152136,48826057,36138972
2022-02-13,41462,68849,48867519,36207821
2022-02-14,46659,116183,48914178,36324004
2022-02-15,48507,123476,48962685,36447480
2022-02-16,45662,106111,49008347,36553591
2022-02-17,42851,98101,49051198,36651692
2022-02-18,46597,112567,49097795,36764259
2022-02-19,52516,100327,49150311,36864586
2022-02-20,31409,40360,49181720,36904946
2022-02-21,37885,89643,49219605,36994589
2022-02-22,37209,83769,49256814,37078358
2022-02-23,33373,79404,49290187,37157762
2022-02-24,32546,78160,49322733,37235922
2022-02-25,34745,90705,49357478,37326627
2022-02-26,39144,89132,49396622,37415759
2022-02-27,22540,35855,49419162,37451614
2022-02-28,28465,81691,49447627,37533305
2022-03-01,22701,53936,49470328,37587241
2022-03-02,21987,50627,49492315,37637868
2022-03-03,22600,54940,49514915,37692808
2022-03-04,23211,62791,49538126,37755599
2022-03-05,23783,57951,49561909,37813550
2022-03-06,9471,17200,49571380,37830750
2022-03-07,15898,51389,49587278,37882139
2022-03-08,15452,48795,49602730,37930934
2022-03-09,13802,46514,49616532,37977448
2022-03-10,14030,52115,49630562,38029563
2022-03-11,15567,57251,49646129,38086814
2022-03-12,15491,56614,49661620,38143428
2022-03-13,5542,16849,49667162,38160277
2022-03-14,10517,46691,49677679,38206968
2022-03-15,10533,46892,49688212,38253860
2022-03-16,9472,41978,49697684,38295838
2022-03-17,9699,44874,49707383,38340712
2022-03-18,10150,49051,49717533,38389763
2022-03-19,9144,46531,49726677,38436294
2022-03-20,2607,11699,49729284,38447993
2022-03-21,7573,40223,49736857,38488216
2022-03-22,8440,37748,49745297,38525964
2022-03-23,7204,33695,49752501,38559659
2022-03-24,8247,38795,49760748,38598454
2022-03-25,8128,43665,49768876,38642119
2022-03-26,8120,41723,49776996,38683842
2022-03-27,2428,9682,49779424,38693524
2022-03-28,6100,35230,49785524,38728754
2022-03-29,5773,32523,49791297,38761277
2022-03-30,5556,30193,49796853,38791470
2022-03-31,5884,33173,49802737,38824643
2022-04-01,4340,25187,49807077,38849830
2022-04-02,4489,23272,49811566,38873102
2022-04-03,1048,4499,49812614,38877601
2022-04-04,3654,21530,49816268,38899131
2022-04-05,3747,22923,49820015,38922054
2022-04-06,4098,21845,49824113,38943899
2022-04-07,3956,23317,49828069,38967216
2022-04-08,4683,26709,49832752,38993925
2022-04-09,4375,23885,49837127,39017810
2022-04-10,893,4614,49838020,39022424
2022-04-11,3802,22683,49841822,39045107
2022-04-12,3356,21777,49845178,39066884
2022-04-13,3560,21333,49848738,39088217
2022-04-14,3484,23776,49852222,39111993
2022-04-15,3078,20615,49855300,39132608
2022-04-16,2149,11921,49857449,39144529
2022-04-17,63,348,49857512,39144877
2022-04-18,149,650,49857661,39145527
2022-04-19,3489,21978,49861150,39167505
2022-04-20,3500,20249,49864650,39187754
2022-04-21,2839,19781,49867489,39207535
2022-04-22,2917,20696,49870406,39228231
2022-04-23,2637,16209,49873043,39244440
2022-04-24,509,2335,49873552,39246775
2022-04-25,183,1165,49873735,39247940
2022-04-26,2759,17791,49876494,39265731
2022-04-27,2364,15783,49878858,39281514
2022-04-28,2349,15534,49881207,39297048
2022-04-29,2291,14836,49883498,39311884
2022-04-30,2121,11576,49885619,39323460
2022-05-01,113,530,49885732,39323990
2022-05-02,1443,9382,49887175,39333372
2022-05-03,1572,10309,49888747,39343681
2022-05-04,1743,10255,49890490,39353936
2022-05-05,1647,10272,49892137,39364208
2022-05-06,1694,10944,49893831,39375152
2022-05-07,1431,8563,49895262,39383715
2022-05-08,404,1514,49895666,39385229
2022-05-09,1024,8917,49896690,39394146
2022-05-10,1418,9536,49898108,39403682
2022-05-11,1479,10087,49899587,39413769
2022-05-12,1368,10119,49900955,39423888
2022-05-13,1587,10509,49902542,39434397
2022-05-14,1357,8226,49903899,39442623
2022-05-15,336,1129,49904235,39443752
2022-05-16,812,8388,49905047,39452140
2022-05-17,1241,8670,49906288,39460810
2022-05-18,1368,9216,49907656,39470026
2022-05-19,1498,9267,49909154,39479293
2022-05-20,1419,9492,49910573,39488785
2022-05-21,1299,7892,49911872,39496677
2022-05-22,231,1012,49912103,39497689
2022-05-23,826,8261,49912929,39505950
2022-05-24,1070,8665,49913999,39514615
2022-05-25,1364,9444,49915363,39524059
2022-05-26,1194,9453,49916557,39533512
2022-05-27,1225,9910,49917782,39543422
2022-05-28,1202,7873,49918984,39551295
2022-05-29,285,1264,49919269,39552559
2022-05-30,930,8026,49920199,39560585
2022-05-31,1033,8531,49921232,39569116
2022-06-01,892,7644,49922124,39576760
2022-06-02,35,474,49922159,39577234
2022-06-03,813,7327,49922972,39584561
2022-06-04,870,5155,49923842,39589716
2022-06-05,89,586,49923931,39590302
2022-06-06,672,6964,49924603,39597266
2022-06-07,930,7841,49925533,39605107
2022-06-08,982,7897,49926515,39613004
2022-06-09,1034,8400,49927549,39621404
2022-06-10,955,8540,49928504,39629944
2022-06-11,900,6207,49929404,39636151
2022-06-12,140,767,49929544,39636918
2022-06-13,603,6295,49930147,39643213
2022-06-14,825,7881,49930972,39651094
2022-06-15,950,7845,49931922,39658939
2022-06-16,728,7383,49932650,39666322
2022-06-17,719,7238,49933369,39673560
2022-06-18,776,5589,49934145,39679149
2022-06-19,47,522,49934192,39679671
2022-06-20,587,6694,49934779,39686365
2022-06-21,732,7643,49935511,39694008
2022-06-22,780,7303,49936291,39701311
2022-06-23,649,7455,49936940,39708766
2022-06-24,643,7472,49937583,39716238
2022-06-25,835,6531,49938418,39722769
2022-06-26,128,523,49938546,39723292
2022-06-27,532,7119,49939078,39730411
2022-06-28,744,8208,49939822,39738619
2022-06-29,755,7718,49940577,39746337
2022-06-30,744,8131,49941321,39754468
2022-07-01,577,6436,49941898,39760904
2022-07-02,536,4765,49942434,39765669
2022-07-03,49,456,49942483,39766125
2022-07-04,470,6269,49942953,39772394
2022-07-05,622,8107,49943575,39780501
2022-07-06,626,7594,49944201,39788095
2022-07-07,566,8252,49944767,39796347
2022-07-08,670,8076,49945437,39804423
2022-07-09,549,6103,49945986,39810526
2022-07-10,58,533,49946044,39811059
2022-07-11,484,7629,49946528,39818688
2022-07-12,661,9000,49947189,39827688
2022-07-13,635,10058,49947824,39837746
2022-07-14,627,10219,49948451,39847965
2022-07-15,620,10659,49949071,39858624
2022-07-16,522,7207,49949593,39865831
2022-07-17,48,769,49949641,39866600
2022-07-18,498,9345,49950139,39875945
2022-07-19,573,10644,49950712,39886589
2022-07-20,576,11251,49951288,39897840
2022-07-21,623,12027,49951911,39909867
2022-07-22,579,11215,49952490,39921082
2022-07-23,377,6733,49952867,39927815
2022-07-24,76,834,49952943,39928649
2022-07-25,497,9026,49953440,39937675
2022-07-26,517,9718,49953957,39947393
2022-07-27,542,10145,49954499,39957538
2022-07-28,524,10462,49955023,39968000
2022-07-29,510,9406,49955533,39977406
2022-07-30,381,5849,49955914,39983255
2022-07-31,49,745,49955963,39984000
2022-08-01,385,6817,49956348,39990817
2022-08-02,536,7505,49956884,39998322
2022-08-03,497,7112,49957381,40005434
2022-08-04,448,7403,49957829,40012837
2022-08-05,414,6453,49958243,40019290
2022-08-06,297,3578,49958540,40022868
2022-08-07,44,549,49958584,40023417
2022-08-08,391,4856,49958975,40028273
2022-08-09,383,5260,49959358,40033533
2022-08-10,371,4762,49959729,40038295
2022-08-11,360,4742,49960089,40043037
2022-08-12,287,3682,49960376,40046719
2022-08-13,140,1595,49960516,40048314
2022-08-14,9,128,49960525,40048442
2022-08-15,1,24,49960526,40048466
2022-08-16,281,3016,49960807,40051482
2022-08-17,348,3492,49961155,40054974
2022-08-18,379,4119,49961534,40059093
2022-08-19,331,3297,49961865,40062390
2022-08-20,180,1698,49962045,40064088
2022-08-21,24,145,49962069,40064233
2022-08-22,326,2923,49962395,40067156
2022-08-23,368,3615,49962763,40070771
2022-08-24,375,3258,49963138,40074029
2022-08-25,407,3577,49963545,40077606
2022-08-26,351,3400,49963896,40081006
2022-08-27,223,1715,49964119,40082721