data_somministrazione,vaccinazioni,booster,cum_vaccinazioni,cum_booster
2020-12-27,16,0,16,0
2020-12-28,2,0,18,0
2020-12-29,1,0,19,0
2020-12-30,3,0,22,0
2020-12-31,37,0,59,0
2021-01-01,14,0,73,0
2021-01-02,62,0,135,0
2021-01-03,46,0,181,0
2021-01-04,129,0,310,0
2021-01-05,171,0,481,0
2021-01-06,141,0,622,0
2021-01-07,210,0,832,0
2021-01-08,255,0,1087,0
2021-01-09,185,0,1272,0
2021-01-10,111,0,1383,0
2021-01-11,199,0,1582,0
2021-01-12,214,0,1796,0
2021-01-13,317,0,2113,0
2021-01-14,414,0,2527,0
2021-01-15,248,0,2775,0
2021-01-16,166,0,2941,0
2021-01-17,3047,0,5988,0
2021-01-18,5188,0,11176,0
2021-01-19,1879,0,13055,0
2021-01-20,4648,0,17703,0
2021-01-21,20010,0,37713,0
2021-01-22,14197,0,51910,0
2021-01-23,33357,0,85267,0
2021-01-24,30796,0,116063,0
2021-01-25,64778,0,180841,0
2021-01-26,76548,0,257389,0
2021-01-27,64881,0,322270,0
2021-01-28,89349,0,411619,0
2021-01-29,94076,0,505695,0
2021-01-30,86617,0,592312,0
2021-01-31,57355,0,649667,0
2021-02-01,81911,0,731578,0
2021-02-02,82171,0,813749,0
2021-02-03,91218,0,904967,0
2021-02-04,95394,0,1000361,0
2021-02-05,90300,0,1090661,0
2021-02-06,63738,0,1154399,0
2021-02-07,32918,0,1187317,0
2021-02-08,40416,0,1227733,0
2021-02-09,32848,0,1260581,0
2021-02-10,28395,0,1288976,0
2021-02-11,20359,0,1309335,0
2021-02-12,16185,0,1325520,0
2021-02-13,7217,0,1332737,0
2021-02-14,2856,0,1335593,0
2021-02-15,6828,0,1342421,0
2021-02-16,6974,0,1349395,0
2021-02-17,10500,0,1359895,0
2021-02-18,9220,0,1369115,0
2021-02-19,8184,0,1377299,0
2021-02-20,5483,0,1382782,0
2021-02-21,2953,0,1385735,0
2021-02-22,6844,0,1392579,0
2021-02-23,7115,0,1399694,0
2021-02-24,9801,0,1409495,0
2021-02-25,14174,0,1423669,0
2021-02-26,17513,0,1441182,0
2021-02-27,13863,0,1455045,0
2021-02-28,9356,0,1464401,0
2021-03-01,26453,0,1490854,0
2021-03-02,33185,0,1524039,0
2021-03-03,44613,0,1568652,0
2021-03-04,50227,0,1618879,0
2021-03-05,55756,0,1674635,0
2021-03-06,41845,0,1716480,0
2021-03-07,22300,0,1738780,0
2021-03-08,50547,0,1789327,0
2021-03-09,52919,0,1842246,0
2021-03-10,58536,0,1900782,0
2021-03-11,63760,0,1964542,0
2021-03-12,65025,0,2029567,0
2021-03-13,51658,0,2081225,0
2021-03-14,35350,0,2116575,0
2021-03-15,73368,0,2189943,0
2021-03-16,73994,0,2263937,0
2021-03-17,83099,0,2347036,0
2021-03-18,81593,0,2428629,0
2021-03-19,81035,0,2509664,0
2021-03-20,64650,0,2574314,0
2021-03-21,47253,0,2621567,0
2021-03-22,69407,0,2690974,0
2021-03-23,75708,0,2766682,0
2021-03-24,90795,0,2857477,0
2021-03-25,89717,0,2947194,0
2021-03-26,83505,0,3030699,0
2021-03-27,71829,0,3102528,0
2021-03-28,44049,0,3146577,0
2021-03-29,70709,0,3217286,0
2021-03-30,81265,0,3298551,0
2021-03-31,96111,0,3394662,0
2021-04-01,95219,0,3489881,0
2021-04-02,84003,0,3573884,0
2021-04-03,64252,0,3638136,0
2021-04-04,21696,0,3659832,0
2021-04-05,40266,0,3700098,0
2021-04-06,81239,0,3781337,0
2021-04-07,95736,0,3877073,0
2021-04-08,95161,0,3972234,0
2021-04-09,88413,0,4060647,0
2021-04-10,73955,0,4134602,0
2021-04-11,44706,0,4179308,0
2021-04-12,66848,0,4246156,0
2021-04-13,72509,0,4318665,0
2021-04-14,85439,0,4404104,0
2021-04-15,105329,0,4509433,0
2021-04-16,106323,0,4615756,0
2021-04-17,90420,0,4706176,0
2021-04-18,58535,0,4764711,0
2021-04-19,93390,0,4858101,0
2021-04-20,103695,0,4961796,0
2021-04-21,125268,0,5087064,0
2021-04-22,143427,0,5230491,0
2021-04-23,138621,0,5369112,0
2021-04-24,124368,0,5493480,0
2021-04-25,61404,0,5554884,0
2021-04-26,97812,0,5652696,0
2021-04-27,128267,0,5780963,0
2021-04-28,156251,0,5937214,0
2021-04-29,195454,0,6132668,0
2021-04-30,214439,0,6347107,0
2021-05-01,174019,0,6521126,0
2021-05-02,135730,0,6656856,0
2021-05-03,141896,0,6798752,0
2021-05-04,158606,0,6957358,0
2021-05-05,170362,0,7127720,0
2021-05-06,197698,0,7325418,0
2021-05-07,213686,0,7539104,0
2021-05-08,213289,0,7752393,0
2021-05-09,143086,0,7895479,0
2021-05-10,164995,0,8060474,0
2021-05-11,174831,0,8235305,0
2021-05-12,179013,0,8414318,0
2021-05-13,203178,0,8617496,0
2021-05-14,222762,0,8840258,0
2021-05-15,210183,0,9050441,0
2021-05-16,159155,0,9209596,0
2021-05-17,219083,0,9428679,0
2021-05-18,212897,0,9641576,0
2021-05-19,206949,0,9848525,0
2021-05-20,270713,0,10119238,0
2021-05-21,270715,0,10389953,0
2021-05-22,245409,0,10635362,0
2021-05-23,197102,0,10832464,0
2021-05-24,228218,0,11060682,0
2021-05-25,245593,0,11306275,0
2021-05-26,277395,0,11583670,0
2021-05-27,310936,0,11894606,0
2021-05-28,299446,0,12194052,0
2021-05-29,231068,0,12425120,0
2021-05-30,170734,0,12595854,0
2021-05-31,216281,0,12812135,0
2021-06-01,207533,0,13019668,0
2021-06-02,115670,0,13135338,0
2021-06-03,179926,0,13315264,0
2021-06-04,184633,0,13499897,0
2021-06-05,185784,0,13685681,0
2021-06-06,139335,0,13825016,0
2021-06-07,161628,0,13986644,0
2021-06-08,170914,0,14157558,0
2021-06-09,171221,0,14328779,0
2021-06-10,173802,0,14502581,0
2021-06-11,169694,0,14672275,0
2021-06-12,128109,0,14800384,0
2021-06-13,90990,0,14891374,0
2021-06-14,214488,0,15105862,0
2021-06-15,228211,0,15334073,0
2021-06-16,252887,0,15586960,0
2021-06-17,301520,0,15888480,0
2021-06-18,306097,0,16194577,0
2021-06-19,274928,0,16469505,0
2021-06-20,220557,0,16690062,0
2021-06-21,287898,0,16977960,0
2021-06-22,296025,0,17273985,0
2021-06-23,302592,0,17576577,0
2021-06-24,332419,0,17908996,0
2021-06-25,348586,0,18257582,0
2021-06-26,299965,0,18557547,0
2021-06-27,228520,0,18786067,0
2021-06-28,306865,0,19092932,0
2021-06-29,329044,0,19421976,0
2021-06-30,341958,0,19763934,0
2021-07-01,362995,0,20126929,0
2021-07-02,368322,0,20495251,0
2021-07-03,370994,0,20866245,0
2021-07-04,283074,0,21149319,0
2021-07-05,384412,0,21533731,0
2021-07-06,385297,0,21919028,0
2021-07-07,411965,0,22330993,0
2021-07-08,479621,0,22810614,0
2021-07-09,498503,0,23309117,0
2021-07-10,475162,0,23784279,0
2021-07-11,357701,0,24141980,0
2021-07-12,485904,0,24627884,0
2021-07-13,492154,0,25120038,0
2021-07-14,480469,0,25600507,0
2021-07-15,523513,0,26124020,0
2021-07-16,509781,0,26633801,0
2021-07-17,464434,0,27098235,0
2021-07-18,364706,0,27462941,0
2021-07-19,463077,0,27926018,0
2021-07-20,458099,0,28384117,0
2021-07-21,462765,0,28846882,0
2021-07-22,475365,0,29322247,0
2021-07-23,441240,0,29763487,0
2021-07-24,386135,0,30149622,0
2021-07-25,287578,0,30437200,0
2021-07-26,430842,0,30868042,0
2021-07-27,440055,0,31308097,0
2021-07-28,390932,0,31699029,0
2021-07-29,371997,0,32071026,0
2021-07-30,341315,0,32412341,0
2021-07-31,286899,0,32699240,0
2021-08-01,190832,0,32890072,0
2021-08-02,333545,0,33223617,0
2021-08-03,323086,0,33546703,0
2021-08-04,310836,0,33857539,0
2021-08-05,292456,0,34149995,0
2021-08-06,259896,0,34409891,0
2021-08-07,198936,0,34608827,0
2021-08-08,153025,0,34761852,0
2021-08-09,233959,0,34995811,0
2021-08-10,205138,0,35200949,0
2021-08-11,193579,0,35394528,0
2021-08-12,167772,0,35562300,0
2021-08-13,148437,0,35710737,0
2021-08-14,66022,0,35776759,0
2021-08-15,26310,0,35803069,0
2021-08-16,114568,0,35917637,0
2021-08-17,129145,0,36046782,0
2021-08-18,128627,0,36175409,0
2021-08-19,124656,0,36300065,0
2021-08-20,123678,0,36423743,0
2021-08-21,83029,0,36506772,0
2021-08-22,68105,0,36574877,0
2021-08-23,176758,0,36751635,0
2021-08-24,156819,0,36908454,0
2021-08-25,177070,0,37085524,0
2021-08-26,172259,0,37257783,0
2021-08-27,185804,0,37443587,0
2021-08-28,140184,0,37583771,0
2021-08-29,98991,0,37682762,0
2021-08-30,209565,0,37892327,0
2021-08-31,194494,0,38086821,0
2021-09-01,192100,0,38278921,0
2021-09-02,189827,0,38468748,0
2021-09-03,191295,0,38660043,0
2021-09-04,131453,0,38791496,0
2021-09-05,87840,0,38879336,0
2021-09-06,193653,0,39072989,0
2021-09-07,195983,0,39268972,0
2021-09-08,187867,0,39456839,0
2021-09-09,201430,0,39658269,0
2021-09-10,198023,0,39856292,0
2021-09-11,141249,0,39997541,0
2021-09-12,89553,0,40087094,0
2021-09-13,191177,360,40278271,360
2021-09-14,177227,440,40455498,800
2021-09-15,163060,469,40618558,1269
2021-09-16,160045,801,40778603,2070
2021-09-17,150076,1011,40928679,3081
2021-09-18,127877,660,41056556,3741
2021-09-19,81059,446,41137615,4187
2021-09-20,179936,8959,41317551,13146
2021-09-21,166469,8737,41484020,21883
2021-09-22,158884,9371,41642904,31254
2021-09-23,137921,9246,41780825,40500
2021-09-24,140374,8868,41921199,49368
2021-09-25,119448,5560,42040647,54928
2021-09-26,71840,4305,42112487,59233
2021-09-27,135451,9980,42247938,69213
2021-09-28,117302,11322,42365240,80535
2021-09-29,112135,11766,42477375,92301
2021-09-30,110056,14862,42587431,107163
2021-10-01,94827,19048,42682258,126211
2021-10-02,78323,13987,42760581,140198
2021-10-03,47594,7635,42808175,147833
2021-10-04,88227,34377,42896402,182210
2021-10-05,80237,33923,42976639,216133
2021-10-06,71864,34083,43048503,250216
2021-10-07,71664,34293,43120167,284509
2021-10-08,80487,33513,43200654,318022
2021-10-09,75965,22120,43276619,340142
2021-10-10,45684,13591,43322303,353733
2021-10-11,87265,41017,43409568,394750
2021-10-12,84336,46817,43493904,441567
2021-10-13,88004,52030,43581908,493597
2021-10-14,91315,58399,43673223,551996
2021-10-15,93399,55504,43766622,607500
2021-10-16,82822,36723,43849444,644223
2021-10-17,51352,23787,43900796,668010
2021-10-18,90177,59354,43990973,727364
2021-10-19,78209,69320,44069182,796684
2021-10-20,74940,78083,44144122,874767
2021-10-21,78179,81654,44222301,956421
2021-10-22,73723,76927,44296024,1033348
2021-10-23,60715,51909,44356739,1085257
2021-10-24,33341,23410,44390080,1108667
2021-10-25,64818,81568,44454898,1190235
2021-10-26,58302,91692,44513200,1281927
2021-10-27,58260,103886,44571460,1385813
2021-10-28,61392,114005,44632852,1499818
2021-10-29,61621,103002,44694473,1602820
2021-10-30,50617,68049,44745090,1670869
2021-10-31,25141,28254,44770231,1699123
2021-11-01,19025,28128,44789256,1727251
2021-11-02,62733,89263,44851989,1816514
2021-11-03,60677,118577,44912666,1935091
2021-11-04,59185,126539,44971851,2061630
2021-11-05,63024,135075,45034875,2196705
2021-11-06,46413,90911,45081288,2287616
2021-11-07,22219,37860,45103507,2325476
2021-11-08,51448,131222,45154955,2456698
2021-11-09,45351,144085,45200306,2600783
2021-11-10,42522,156249,45242828,2757032
2021-11-11,44869,155064,45287697,2912096
2021-11-12,46296,158494,45333993,3070590
2021-11-13,33187,116643,45367180,3187233
2021-11-14,14448,52417,45381628,3239650
2021-11-15,36823,157314,45418451,3396964
2021-11-16,30471,171321,45448922,3568285
2021-11-17,28351,178381,45477273,3746666
2021-11-18,30158,193606,45507431,3940272
2021-11-19,28704,205733,45536135,4146005
2021-11-20,20917,156448,45557052,4302453
2021-11-21,10562,64814,45567614,4367267
2021-11-22,21856,213082,45589470,4580349
2021-11-23,23467,241644,45612937,4821993
2021-11-24,27720,270865,45640657,5092858
2021-11-25,23112,301829,45663769,5394687
2021-11-26,24454,318179,45688223,5712866
2021-11-27,21266,266067,45709489,5978933
2021-11-28,9848,136999,45719337,6115932
2021-11-29,22182,325968,45741519,6441900
2021-11-30,22941,365733,45764460,6807633
2021-12-01,21353,413449,45785813,7221082
2021-12-02,23607,440291,45809420,7661373
2021-12-03,25061,467320,45834481,8128693
2021-12-04,22216,418665,45856697,8547358
2021-12-05,11809,261287,45868506,8808645
2021-12-06,25587,457470,45894093,9266115
2021-12-07,23926,480125,45918019,9746240
2021-12-08,9903,249619,45927922,9995859
2021-12-09,31339,491851,45959261,10487710
2021-12-10,27866,517770,45987127,11005480
2021-12-11,23391,459159,46010518,11464639
2021-12-12,12200,293433,46022718,11758072
2021-12-13,25949,467519,46048667,12225591
2021-12-14,24976,494099,46073643,12719690
2021-12-15,25121,517027,46098764,13236717
2021-12-16,27592,520103,46126356,13756820
2021-12-17,29107,517019,46155463,14273839
2021-12-18,26761,468627,46182224,14742466
2021-12-19,14982,300449,46197206,15042915
2021-12-20,30377,477358,46227583,15520273
2021-12-21,30151,493213,46257734,16013486
2021-12-22,29174,484567,46286908,16498053
2021-12-23,27963,426809,46314871,16924862
2021-12-24,13003,210763,46327874,17135625
2021-12-25,2093,33049,46329967,17168674
2021-12-26,8671,159036,46338638,17327710
2021-12-27,46472,504541,46385110,17832251
2021-12-28,42076,554085,46427186,18386336
2021-12-29,33944,550534,46461130,18936870
2021-12-30,31473,499715,46492603,19436585
2021-12-31,13932,247340,46506535,19683925
2022-01-01,3447,64793,46509982,19748718
2022-01-02,22489,276686,46532471,20025404
2022-01-03,47325,520863,46579796,20546267
2022-01-04,45854,572919,46625650,21119186
2022-01-05,40083,561200,46665733,21680386
2022-01-06,23050,274412,46688783,21954798
2022-01-07,62960,554988,46751743,22509786
2022-01-08,59926,503270,46811669,23013056
2022-01-09,42022,319623,46853691,23332679
2022-01-10,60392,543063,46914083,23875742
2022-01-11,60900,587778,46974983,24463520
2022-01-12,57540,582057,47032523,25045577
2022-01-13,57755,581113,47090278,25626690
2022-01-14,45817,589161,47136095,26215851
2022-01-15,38159,569502,47174254,26785353
2022-01-16,30450,341435,47204704,27126788
2022-01-17,54036,490403,47258740,27617191
2022-01-18,57705,517708,47316445,28134899
2022-01-19,56483,503465,47372928,28638364
2022-01-20,53671,499499,47426599,29137863
2022-01-21,41265,494544,47467864,29632407
2022-01-22,30203,469423,47498067,30101830
2022-01-23,34338,275253,47532405,30377083
2022-01-24,55583,437972,47587988,30815055
2022-01-25,61006,452879,47648994,31267934
2022-01-26,57863,436532,47706857,31704466
2022-01-27,48153,433018,47755010,32137484
2022-01-28,57878,437247,47812888,32574731
2022-01-29,67181,411998,47880069,32986729
2022-01-30,49731,235725,47929800,33222454
2022-01-31,59632,357722,47989432,33580176
2022-02-01,64712,329212,48054144,33909388
2022-02-02,62395,297589,48116539,34206977
2022-02-03,59413,275136,48175952,34482113
2022-02-04,71669,269015,48247621,34751128
2022-02-05,82739,248280,48330360,34999408
2022-02-06,54727,116116,48385087,35115524
2022-02-07,64514,200608,48449601,35316132
2022-02-08,66191,186743,48515792,35502875
2022-02-09,58152,166888,48573944,35669763
2022-02-10,57976,163718,48631920,35833481
2022-02-11,61687,162874,48693607,35996355
2022-02-12,71281,152020,48764888,36148375
2022-02-13,41118,68774,48806006,36217149
2022-02-14,46289,116690,48852295,36333839
2022-02-15,48038,123948,48900333,36457787
2022-02-16,45228,106466,48945561,36564253
2022-02-17,42546,98280,48988107,36662533
2022-02-18,46257,112692,49034364,36775225
2022-02-19,52141,100249,49086505,36875474
2022-02-20,31243,40254,49117748,36915728
2022-02-21,37685,89702,49155433,37005430
2022-02-22,36942,83756,49192375,37089186
2022-02-23,33160,79345,49225535,37168531
2022-02-24,32314,78071,49257849,37246602
2022-02-25,34503,90616,49292352,37337218
2022-02-26,38896,88998,49331248,37426216
2022-02-27,22408,35721,49353656,37461937
2022-02-28,28221,81657,49381877,37543594
2022-03-01,22350,53940,49404227,37597534
2022-03-02,21703,50456,49425930,37647990
2022-03-03,22277,54746,49448207,37702736
2022-03-04,22840,62519,49471047,37765255
2022-03-05,23419,57796,49494466,37823051
2022-03-06,9364,17138,49503830,37840189
2022-03-07,15655,51053,49519485,37891242
2022-03-08,15456,47665,49534941,37938907