data_somministrazione,vaccinazioni,booster,cum_vaccinazioni,cum_booster
2020-12-27,20,0,20,0
2020-12-28,2,0,22,0
2020-12-29,1,0,23,0
2020-12-30,10,0,33,0
2020-12-31,76,0,109,0
2021-01-01,25,0,134,0
2021-01-02,142,0,276,0
2021-01-03,105,0,381,0
2021-01-04,236,0,617,0
2021-01-05,278,0,895,0
2021-01-06,245,0,1140,0
2021-01-07,322,0,1462,0
2021-01-08,378,0,1840,0
2021-01-09,281,0,2121,0
2021-01-10,165,0,2286,0
2021-01-11,303,0,2589,0
2021-01-12,283,0,2872,0
2021-01-13,417,0,3289,0
2021-01-14,502,0,3791,0
2021-01-15,317,0,4108,0
2021-01-16,223,0,4331,0
2021-01-17,3063,0,7394,0
2021-01-18,5220,0,12614,0
2021-01-19,1894,0,14508,0
2021-01-20,4659,0,19167,0
2021-01-21,20006,0,39173,0
2021-01-22,14220,0,53393,0
2021-01-23,33323,0,86716,0
2021-01-24,30775,0,117491,0
2021-01-25,64706,0,182197,0
2021-01-26,76466,0,258663,0
2021-01-27,64813,0,323476,0
2021-01-28,89256,0,412732,0
2021-01-29,93997,0,506729,0
2021-01-30,86544,0,593273,0
2021-01-31,57325,0,650598,0
2021-02-01,81839,0,732437,0
2021-02-02,82134,0,814571,0
2021-02-03,91107,0,905678,0
2021-02-04,95384,0,1001062,0
2021-02-05,90269,0,1091331,0
2021-02-06,63447,0,1154778,0
2021-02-07,32935,0,1187713,0
2021-02-08,40422,0,1228135,0
2021-02-09,32879,0,1261014,0
2021-02-10,28435,0,1289449,0
2021-02-11,20405,0,1309854,0
2021-02-12,16251,0,1326105,0
2021-02-13,7279,0,1333384,0
2021-02-14,2862,0,1336246,0
2021-02-15,6846,0,1343092,0
2021-02-16,7004,0,1350096,0
2021-02-17,10526,0,1360622,0
2021-02-18,9255,0,1369877,0
2021-02-19,8256,0,1378133,0
2021-02-20,5577,0,1383710,0
2021-02-21,3014,0,1386724,0
2021-02-22,6882,0,1393606,0
2021-02-23,7187,0,1400793,0
2021-02-24,9812,0,1410605,0
2021-02-25,14213,0,1424818,0
2021-02-26,17559,0,1442377,0
2021-02-27,13918,0,1456295,0
2021-02-28,9394,0,1465689,0
2021-03-01,26526,0,1492215,0
2021-03-02,33248,0,1525463,0
2021-03-03,44646,0,1570109,0
2021-03-04,50302,0,1620411,0
2021-03-05,55743,0,1676154,0
2021-03-06,41878,0,1718032,0
2021-03-07,22330,0,1740362,0
2021-03-08,50834,0,1791196,0
2021-03-09,53089,0,1844285,0
2021-03-10,58684,0,1902969,0
2021-03-11,63883,0,1966852,0
2021-03-12,65136,0,2031988,0
2021-03-13,51729,0,2083717,0
2021-03-14,35423,0,2119140,0
2021-03-15,73461,0,2192601,0
2021-03-16,74028,0,2266629,0
2021-03-17,83140,0,2349769,0
2021-03-18,81628,0,2431397,0
2021-03-19,81089,0,2512486,0
2021-03-20,64736,0,2577222,0
2021-03-21,47311,0,2624533,0
2021-03-22,69500,0,2694033,0
2021-03-23,75815,0,2769848,0
2021-03-24,90923,0,2860771,0
2021-03-25,89820,0,2950591,0
2021-03-26,83639,0,3034230,0
2021-03-27,71955,0,3106185,0
2021-03-28,44184,0,3150369,0
2021-03-29,70847,0,3221216,0
2021-03-30,81403,0,3302619,0
2021-03-31,96260,0,3398879,0
2021-04-01,95326,0,3494205,0
2021-04-02,84084,0,3578289,0
2021-04-03,64305,0,3642594,0
2021-04-04,21724,0,3664318,0
2021-04-05,40317,0,3704635,0
2021-04-06,81335,0,3785970,0
2021-04-07,95842,0,3881812,0
2021-04-08,95259,0,3977071,0
2021-04-09,88505,0,4065576,0
2021-04-10,74034,0,4139610,0
2021-04-11,44768,0,4184378,0
2021-04-12,66922,0,4251300,0
2021-04-13,72594,0,4323894,0
2021-04-14,85551,0,4409445,0
2021-04-15,105425,0,4514870,0
2021-04-16,106431,0,4621301,0
2021-04-17,90528,0,4711829,0
2021-04-18,58596,0,4770425,0
2021-04-19,93434,0,4863859,0
2021-04-20,103775,0,4967634,0
2021-04-21,125342,0,5092976,0
2021-04-22,143524,0,5236500,0
2021-04-23,138750,0,5375250,0
2021-04-24,124454,0,5499704,0
2021-04-25,61470,0,5561174,0
2021-04-26,97908,0,5659082,0
2021-04-27,128374,0,5787456,0
2021-04-28,156392,0,5943848,0
2021-04-29,195620,0,6139468,0
2021-04-30,214608,0,6354076,0
2021-05-01,174141,0,6528217,0
2021-05-02,135806,0,6664023,0
2021-05-03,142066,0,6806089,0
2021-05-04,158711,0,6964800,0
2021-05-05,170540,0,7135340,0
2021-05-06,197818,0,7333158,0
2021-05-07,213873,0,7547031,0
2021-05-08,213439,0,7760470,0
2021-05-09,143218,0,7903688,0
2021-05-10,165102,0,8068790,0
2021-05-11,175006,0,8243796,0
2021-05-12,179222,0,8423018,0
2021-05-13,203420,0,8626438,0
2021-05-14,222940,0,8849378,0
2021-05-15,210388,0,9059766,0
2021-05-16,159285,0,9219051,0
2021-05-17,219220,0,9438271,0
2021-05-18,213032,0,9651303,0
2021-05-19,207101,0,9858404,0
2021-05-20,270886,0,10129290,0
2021-05-21,270913,0,10400203,0
2021-05-22,245544,0,10645747,0
2021-05-23,197189,0,10842936,0
2021-05-24,228311,0,11071247,0
2021-05-25,245700,0,11316947,0
2021-05-26,277517,0,11594464,0
2021-05-27,311103,0,11905567,0
2021-05-28,299585,0,12205152,0
2021-05-29,231249,0,12436401,0
2021-05-30,170852,0,12607253,0
2021-05-31,216437,0,12823690,0
2021-06-01,207638,0,13031328,0
2021-06-02,115805,0,13147133,0
2021-06-03,180171,0,13327304,0
2021-06-04,184921,0,13512225,0
2021-06-05,185997,0,13698222,0
2021-06-06,139586,0,13837808,0
2021-06-07,161904,0,13999712,0
2021-06-08,171283,0,14170995,0
2021-06-09,171524,0,14342519,0
2021-06-10,174155,0,14516674,0
2021-06-11,170022,0,14686696,0
2021-06-12,128388,0,14815084,0
2021-06-13,91230,0,14906314,0
2021-06-14,214706,0,15121020,0
2021-06-15,228460,0,15349480,0
2021-06-16,253113,0,15602593,0
2021-06-17,301772,0,15904365,0
2021-06-18,306327,0,16210692,0
2021-06-19,275117,0,16485809,0
2021-06-20,220819,0,16706628,0
2021-06-21,288100,0,16994728,0
2021-06-22,296249,0,17290977,0
2021-06-23,302702,0,17593679,0
2021-06-24,332624,0,17926303,0
2021-06-25,348730,0,18275033,0
2021-06-26,300154,0,18575187,0
2021-06-27,228693,0,18803880,0
2021-06-28,307147,0,19111027,0
2021-06-29,329330,0,19440357,0
2021-06-30,342217,0,19782574,0
2021-07-01,363240,0,20145814,0
2021-07-02,368505,0,20514319,0
2021-07-03,371105,0,20885424,0
2021-07-04,283239,0,21168663,0
2021-07-05,384567,0,21553230,0
2021-07-06,385493,0,21938723,0
2021-07-07,412139,0,22350862,0
2021-07-08,479591,0,22830453,0
2021-07-09,498463,0,23328916,0
2021-07-10,475169,0,23804085,0
2021-07-11,357695,0,24161780,0
2021-07-12,485877,0,24647657,0
2021-07-13,492078,0,25139735,0
2021-07-14,480433,0,25620168,0
2021-07-15,523428,0,26143596,0
2021-07-16,509754,0,26653350,0
2021-07-17,464320,0,27117670,0
2021-07-18,364640,0,27482310,0
2021-07-19,463035,0,27945345,0
2021-07-20,458044,0,28403389,0
2021-07-21,462787,0,28866176,0
2021-07-22,475379,0,29341555,0
2021-07-23,441318,0,29782873,0
2021-07-24,386148,0,30169021,0
2021-07-25,287551,0,30456572,0
2021-07-26,430890,0,30887462,0
2021-07-27,440110,0,31327572,0
2021-07-28,391021,0,31718593,0
2021-07-29,372073,0,32090666,0
2021-07-30,341514,0,32432180,0
2021-07-31,287043,0,32719223,0
2021-08-01,191000,0,32910223,0
2021-08-02,333706,0,33243929,0
2021-08-03,323183,0,33567112,0
2021-08-04,310983,0,33878095,0
2021-08-05,292488,0,34170583,0
2021-08-06,260037,0,34430620,0
2021-08-07,199063,0,34629683,0
2021-08-08,153106,0,34782789,0
2021-08-09,234083,0,35016872,0
2021-08-10,205273,0,35222145,0
2021-08-11,193787,0,35415932,0
2021-08-12,168058,0,35583990,0
2021-08-13,148663,0,35732653,0
2021-08-14,66102,0,35798755,0
2021-08-15,26343,0,35825098,0
2021-08-16,114711,0,35939809,0
2021-08-17,129252,0,36069061,0
2021-08-18,128767,0,36197828,0
2021-08-19,124848,0,36322676,0
2021-08-20,123796,0,36446472,0
2021-08-21,83133,0,36529605,0
2021-08-22,68178,0,36597783,0
2021-08-23,176874,0,36774657,0
2021-08-24,156894,0,36931551,0
2021-08-25,177172,0,37108723,0
2021-08-26,172354,0,37281077,0
2021-08-27,185833,0,37466910,0
2021-08-28,140290,0,37607200,0
2021-08-29,98992,0,37706192,0
2021-08-30,209584,0,37915776,0
2021-08-31,194644,0,38110420,0
2021-09-01,192216,0,38302636,0
2021-09-02,189929,0,38492565,0
2021-09-03,191284,0,38683849,0
2021-09-04,131450,0,38815299,0
2021-09-05,87846,0,38903145,0
2021-09-06,193607,0,39096752,0
2021-09-07,196042,0,39292794,0
2021-09-08,187864,0,39480658,0
2021-09-09,201421,0,39682079,0
2021-09-10,198056,0,39880135,0
2021-09-11,141291,0,40021426,0
2021-09-12,89593,0,40111019,0
2021-09-13,191112,638,40302131,638
2021-09-14,177218,643,40479349,1281
2021-09-15,163080,647,40642429,1928
2021-09-16,160048,995,40802477,2923
2021-09-17,150157,1167,40952634,4090
2021-09-18,127979,775,41080613,4865
2021-09-19,81142,508,41161755,5373
2021-09-20,180066,9122,41341821,14495
2021-09-21,166670,8861,41508491,23356
2021-09-22,159110,9461,41667601,32817
2021-09-23,138100,9356,41805701,42173
2021-09-24,140554,9010,41946255,51183
2021-09-25,119559,5673,42065814,56856
2021-09-26,71990,4363,42137804,61219
2021-09-27,135664,10081,42273468,71300
2021-09-28,117519,11422,42390987,82722
2021-09-29,112372,11850,42503359,94572
2021-09-30,110285,14979,42613644,109551
2021-10-01,94993,19144,42708637,128695
2021-10-02,78519,14043,42787156,142738
2021-10-03,47760,7668,42834916,150406
2021-10-04,88392,34479,42923308,184885
2021-10-05,80380,34016,43003688,218901
2021-10-06,72009,34206,43075697,253107
2021-10-07,71880,34369,43147577,287476
2021-10-08,80639,33621,43228216,321097
2021-10-09,76114,22192,43304330,343289
2021-10-10,45788,13631,43350118,356920
2021-10-11,87450,41130,43437568,398050
2021-10-12,84517,46933,43522085,444983
2021-10-13,88214,52163,43610299,497146
2021-10-14,91554,58554,43701853,555700
2021-10-15,93601,55673,43795454,611373
2021-10-16,82970,36823,43878424,648196
2021-10-17,51463,23859,43929887,672055
2021-10-18,90300,59519,44020187,731574
2021-10-19,78355,69406,44098542,800980
2021-10-20,75063,78208,44173605,879188
2021-10-21,78289,81809,44251894,960997
2021-10-22,73767,77081,44325661,1038078
2021-10-23,60834,51973,44386495,1090051
2021-10-24,33369,23478,44419864,1113529
2021-10-25,64896,81665,44484760,1195194
2021-10-26,58377,91830,44543137,1287024
2021-10-27,58314,104029,44601451,1391053
2021-10-28,61448,114155,44662899,1505208
2021-10-29,61634,103180,44724533,1608388
2021-10-30,50675,68143,44775208,1676531
2021-10-31,25160,28310,44800368,1704841
2021-11-01,19049,28158,44819417,1732999
2021-11-02,62741,89434,44882158,1822433
2021-11-03,60715,118699,44942873,1941132
2021-11-04,59237,126699,45002110,2067831
2021-11-05,63097,135218,45065207,2203049
2021-11-06,46489,90938,45111696,2293987
2021-11-07,22250,37904,45133946,2331891
2021-11-08,51528,131292,45185474,2463183
2021-11-09,45401,144237,45230875,2607420
2021-11-10,42594,156371,45273469,2763791
2021-11-11,44931,155169,45318400,2918960
2021-11-12,46311,158685,45364711,3077645
2021-11-13,33266,116678,45397977,3194323
2021-11-14,14492,52459,45412469,3246782
2021-11-15,36908,157445,45449377,3404227
2021-11-16,30566,171403,45479943,3575630
2021-11-17,28469,178460,45508412,3754090
2021-11-18,30292,193763,45538704,3947853
2021-11-19,28820,205882,45567524,4153735
2021-11-20,21008,156460,45588532,4310195
2021-11-21,10611,64871,45599143,4375066
2021-11-22,21957,213161,45621100,4588227
2021-11-23,23604,241800,45644704,4830027
2021-11-24,27807,271052,45672511,5101079
2021-11-25,23267,301935,45695778,5403014
2021-11-26,24598,318306,45720376,5721320
2021-11-27,21409,266170,45741785,5987490
2021-11-28,9908,137069,45751693,6124559
2021-11-29,22366,326072,45774059,6450631
2021-11-30,23116,365866,45797175,6816497
2021-12-01,21554,413531,45818729,7230028
2021-12-02,23793,440439,45842522,7670467
2021-12-03,25272,467531,45867794,8137998
2021-12-04,22392,418798,45890186,8556796
2021-12-05,11944,261366,45902130,8818162
2021-12-06,25843,457630,45927973,9275792
2021-12-07,24161,480305,45952134,9756097
2021-12-08,10031,249721,45962165,10005818
2021-12-09,31618,491962,45993783,10497780
2021-12-10,28098,517929,46021881,11015709
2021-12-11,23588,459277,46045469,11474986
2021-12-12,12320,293527,46057789,11768513
2021-12-13,26175,467653,46083964,12236166
2021-12-14,25203,494236,46109167,12730402
2021-12-15,25368,517188,46134535,13247590
2021-12-16,27924,520301,46162459,13767891
2021-12-17,29395,517217,46191854,14285108
2021-12-18,27115,468777,46218969,14753885
2021-12-19,15172,300541,46234141,15054426
2021-12-20,30670,477507,46264811,15531933
2021-12-21,30410,493436,46295221,16025369
2021-12-22,29483,484750,46324704,16510119
2021-12-23,28286,426957,46352990,16937076
2021-12-24,13126,210842,46366116,17147918
2021-12-25,2104,33053,46368220,17180971
2021-12-26,8775,159077,46376995,17340048
2021-12-27,46846,504692,46423841,17844740
2021-12-28,42507,554254,46466348,18398994
2021-12-29,34391,550678,46500739,18949672
2021-12-30,31888,499863,46532627,19449535
2021-12-31,14149,247407,46546776,19696942
2022-01-01,3499,64815,46550275,19761757
2022-01-02,22826,276727,46573101,20038484
2022-01-03,47933,520034,46621034,20558518
2022-01-04,46470,572100,46667504,21130618
2022-01-05,40841,560420,46708345,21691038
2022-01-06,23536,274491,46731881,21965529
2022-01-07,63793,554220,46795674,22519749
2022-01-08,60963,503411,46856637,23023160
2022-01-09,42948,319700,46899585,23342860
2022-01-10,61169,542324,46960754,23885184
2022-01-11,61837,587040,47022591,24472224
2022-01-12,58545,581305,47081136,25053529
2022-01-13,58708,580431,47139844,25633960
2022-01-14,46928,588607,47186772,26222567
2022-01-15,39553,569983,47226325,26792550
2022-01-16,31307,341891,47257632,27134441
2022-01-17,54850,489688,47312482,27624129
2022-01-18,58466,517051,47370948,28141180
2022-01-19,57262,502823,47428210,28644003
2022-01-20,54414,498860,47482624,29142863
2022-01-21,42173,493896,47524797,29636759
2022-01-22,31288,469618,47556085,30106377
2022-01-23,34980,275392,47591065,30381769
2022-01-24,56227,437245,47647292,30819014
2022-01-25,61596,452132,47708888,31271146
2022-01-26,58586,435848,47767474,31706994
2022-01-27,48885,432399,47816359,32139393
2022-01-28,58749,436559,47875108,32575952
2022-01-29,68187,412515,47943295,32988467
2022-01-30,50411,235984,47993706,33224451
2022-01-31,60700,356947,48054406,33581398
2022-02-01,65614,328463,48120020,33909861
2022-02-02,63245,296994,48183265,34206855
2022-02-03,60088,274533,48243353,34481388
2022-02-04,72405,268469,48315758,34749857
2022-02-05,83817,248551,48399575,34998408
2022-02-06,55307,116208,48454882,35114616
2022-02-07,65178,199946,48520060,35314562
2022-02-08,66954,186125,48587014,35500687
2022-02-09,58774,166352,48645788,35667039
2022-02-10,58597,163248,48704385,35830287
2022-02-11,62274,162476,48766659,35992763
2022-02-12,72007,152155,48838666,36144918
2022-02-13,41482,68855,48880148,36213773
2022-02-14,46712,116190,48926860,36329963
2022-02-15,48562,123483,48975422,36453446
2022-02-16,45685,106129,49021107,36559575
2022-02-17,42873,98118,49063980,36657693
2022-02-18,46633,112583,49110613,36770276
2022-02-19,52545,100340,49163158,36870616
2022-02-20,31414,40368,49194572,36910984
2022-02-21,37899,89659,49232471,37000643
2022-02-22,37224,83782,49269695,37084425
2022-02-23,33399,79411,49303094,37163836
2022-02-24,32561,78166,49335655,37242002
2022-02-25,34770,90713,49370425,37332715
2022-02-26,39162,89136,49409587,37421851
2022-02-27,22548,35856,49432135,37457707
2022-02-28,28487,81696,49460622,37539403
2022-03-01,22727,53942,49483349,37593345
2022-03-02,21959,50685,49505308,37644030
2022-03-03,22633,54948,49527941,37698978
2022-03-04,23242,62800,49551183,37761778
2022-03-05,23802,57952,49574985,37819730
2022-03-06,9474,17201,49584459,37836931
2022-03-07,15924,51390,49600383,37888321
2022-03-08,15481,48795,49615864,37937116
2022-03-09,13814,46519,49629678,37983635
2022-03-10,14056,52124,49643734,38035759
2022-03-11,15591,57270,49659325,38093029
2022-03-12,15510,56619,49674835,38149648
2022-03-13,5545,16852,49680380,38166500
2022-03-14,10527,46701,49690907,38213201
2022-03-15,10550,46895,49701457,38260096
2022-03-16,9482,41974,49710939,38302070
2022-03-17,9723,44876,49720662,38346946
2022-03-18,10161,49058,49730823,38396004
2022-03-19,9150,46538,49739973,38442542
2022-03-20,2608,11704,49742581,38454246
2022-03-21,7580,40226,49750161,38494472
2022-03-22,8447,37767,49758608,38532239
2022-03-23,7218,33700,49765826,38565939
2022-03-24,8258,38819,49774084,38604758
2022-03-25,8142,43671,49782226,38648429
2022-03-26,8127,41722,49790353,38690151
2022-03-27,2431,9683,49792784,38699834
2022-03-28,6112,35241,49798896,38735075
2022-03-29,5780,32531,49804676,38767606
2022-03-30,5567,30204,49810243,38797810
2022-03-31,5901,33186,49816144,38830996
2022-04-01,4349,25189,49820493,38856185
2022-04-02,4496,23275,49824989,38879460
2022-04-03,1049,4500,49826038,38883960
2022-04-04,3660,21545,49829698,38905505
2022-04-05,3757,22937,49833455,38928442
2022-04-06,4104,21853,49837559,38950295
2022-04-07,3970,23320,49841529,38973615
2022-04-08,4696,26713,49846225,39000328
2022-04-09,4382,23888,49850607,39024216
2022-04-10,892,4613,49851499,39028829
2022-04-11,3818,22689,49855317,39051518
2022-04-12,3365,21778,49858682,39073296
2022-04-13,3569,21336,49862251,39094632
2022-04-14,3487,23787,49865738,39118419
2022-04-15,3085,20620,49868823,39139039
2022-04-16,2150,11918,49870973,39150957
2022-04-17,63,348,49871036,39151305
2022-04-18,152,650,49871188,39151955
2022-04-19,3499,21984,49874687,39173939
2022-04-20,3511,20252,49878198,39194191
2022-04-21,2848,19790,49881046,39213981
2022-04-22,2928,20711,49883974,39234692
2022-04-23,2646,16220,49886620,39250912
2022-04-24,509,2334,49887129,39253246
2022-04-25,183,1165,49887312,39254411
2022-04-26,2759,17810,49890071,39272221
2022-04-27,2374,15795,49892445,39288016
2022-04-28,2361,15562,49894806,39303578
2022-04-29,2296,14849,49897102,39318427
2022-04-30,2123,11583,49899225,39330010
2022-05-01,113,531,49899338,39330541
2022-05-02,1451,9391,49900789,39339932
2022-05-03,1576,10321,49902365,39350253
2022-05-04,1745,10271,49904110,39360524
2022-05-05,1654,10296,49905764,39370820
2022-05-06,1702,10967,49907466,39381787
2022-05-07,1431,8570,49908897,39390357
2022-05-08,416,1524,49909313,39391881
2022-05-09,1028,8929,49910341,39400810
2022-05-10,1426,9548,49911767,39410358
2022-05-11,1483,10105,49913250,39420463
2022-05-12,1370,10131,49914620,39430594
2022-05-13,1596,10518,49916216,39441112
2022-05-14,1358,8238,49917574,39449350
2022-05-15,336,1134,49917910,39450484
2022-05-16,813,8405,49918723,39458889
2022-05-17,1243,8697,49919966,39467586
2022-05-18,1371,9233,49921337,39476819
2022-05-19,1500,9281,49922837,39486100
2022-05-20,1422,9532,49924259,39495632
2022-05-21,1300,7900,49925559,39503532
2022-05-22,231,1014,49925790,39504546
2022-05-23,830,8271,49926620,39512817
2022-05-24,1073,8672,49927693,39521489
2022-05-25,1371,9460,49929064,39530949
2022-05-26,1195,9480,49930259,39540429
2022-05-27,1232,9915,49931491,39550344
2022-05-28,1205,7887,49932696,39558231
2022-05-29,288,1265,49932984,39559496
2022-05-30,930,8057,49933914,39567553
2022-05-31,1037,8548,49934951,39576101
2022-06-01,893,7656,49935844,39583757
2022-06-02,35,474,49935879,39584231
2022-06-03,817,7334,49936696,39591565
2022-06-04,870,5162,49937566,39596727
2022-06-05,89,586,49937655,39597313
2022-06-06,678,7003,49938333,39604316
2022-06-07,951,7849,49939284,39612165
2022-06-08,981,7907,49940265,39620072
2022-06-09,1036,8417,49941301,39628489
2022-06-10,958,8564,49942259,39637053
2022-06-11,903,6207,49943162,39643260
2022-06-12,140,768,49943302,39644028
2022-06-13,602,6301,49943904,39650329
2022-06-14,832,7902,49944736,39658231
2022-06-15,960,7855,49945696,39666086
2022-06-16,732,7396,49946428,39673482
2022-06-17,724,7249,49947152,39680731
2022-06-18,777,5594,49947929,39686325
2022-06-19,48,522,49947977,39686847
2022-06-20,587,6699,49948564,39693546
2022-06-21,739,7665,49949303,39701211
2022-06-22,782,7309,49950085,39708520
2022-06-23,652,7468,49950737,39715988
2022-06-24,644,7473,49951381,39723461
2022-06-25,835,6533,49952216,39729994
2022-06-26,128,523,49952344,39730517
2022-06-27,533,7126,49952877,39737643
2022-06-28,747,8207,49953624,39745850
2022-06-29,756,7731,49954380,39753581
2022-06-30,746,8145,49955126,39761726
2022-07-01,577,6443,49955703,39768169
2022-07-02,536,4769,49956239,39772938
2022-07-03,49,456,49956288,39773394
2022-07-04,469,6277,49956757,39779671
2022-07-05,631,8118,49957388,39787789
2022-07-06,633,7611,49958021,39795400
2022-07-07,573,8272,49958594,39803672
2022-07-08,674,8083,49959268,39811755
2022-07-09,550,6105,49959818,39817860
2022-07-10,58,533,49959876,39818393
2022-07-11,490,7640,49960366,39826033
2022-07-12,667,9030,49961033,39835063
2022-07-13,643,10068,49961676,39845131
2022-07-14,637,10225,49962313,39855356
2022-07-15,625,10668,49962938,39866024
2022-07-16,522,7214,49963460,39873238
2022-07-17,48,770,49963508,39874008
2022-07-18,496,9372,49964004,39883380
2022-07-19,575,10683,49964579,39894063
2022-07-20,580,11274,49965159,39905337
2022-07-21,628,12088,49965787,39917425
2022-07-22,584,11257,49966371,39928682
2022-07-23,381,6773,49966752,39935455
2022-07-24,76,857,49966828,39936312
2022-07-25,503,9051,49967331,39945363
2022-07-26,519,9761,49967850,39955124
2022-07-27,552,10209,49968402,39965333
2022-07-28,532,10534,49968934,39975867
2022-07-29,511,9465,49969445,39985332
2022-07-30,382,5881,49969827,39991213
2022-07-31,49,764,49969876,39991977
2022-08-01,386,6864,49970262,39998841
2022-08-02,543,7590,49970805,40006431
2022-08-03,512,7179,49971317,40013610
2022-08-04,455,7488,49971772,40021098
2022-08-05,421,6528,49972193,40027626
2022-08-06,299,3613,49972492,40031239
2022-08-07,44,561,49972536,40031800
2022-08-08,403,4890,49972939,40036690
2022-08-09,381,5311,49973320,40042001
2022-08-10,384,4817,49973704,40046818
2022-08-11,369,4803,49974073,40051621
2022-08-12,293,3720,49974366,40055341
2022-08-13,143,1600,49974509,40056941
2022-08-14,9,129,49974518,40057070
2022-08-15,1,26,49974519,40057096
2022-08-16,282,3043,49974801,40060139
2022-08-17,352,3536,49975153,40063675
2022-08-18,392,4160,49975545,40067835
2022-08-19,341,3320,49975886,40071155
2022-08-20,183,1715,49976069,40072870
2022-08-21,24,149,49976093,40073019
2022-08-22,329,2952,49976422,40075971
2022-08-23,370,3674,49976792,40079645
2022-08-24,384,3360,49977176,40083005
2022-08-25,422,3774,49977598,40086779
2022-08-26,399,3574,49977997,40090353
2022-08-27,237,1769,49978234,40092122
2022-08-28,29,267,49978263,40092389
2022-08-29,354,3161,49978617,40095550
2022-08-30,403,3671,49979020,40099221
2022-08-31,438,3735,49979458,40102956
2022-09-01,353,3116,49979811,40106072
2022-09-02,296,2893,49980107,40108965
2022-09-03,200,1689,49980307,40110654
2022-09-04,24,149,49980331,40110803
2022-09-05,187,2656,49980518,40113459
2022-09-06,304,2982,49980822,40116441
2022-09-07,540,2937,49981362,40119378
2022-09-08,292,2962,49981654,40122340
2022-09-09,305,2884,49981959,40125224
2022-09-10,227,1326,49982186,40126550
2022-09-11,23,124,49982209,40126674
2022-09-12,267,2267,49982476,40128941
2022-09-13,252,2276,49982728,40131217
2022-09-14,266,2566,49982994,40133783
2022-09-15,282,2498,49983276,40136281
2022-09-16,254,2545,49983530,40138826
2022-09-17,239,1339,49983769,40140165
2022-09-18,20,170,49983789,40140335
2022-09-19,206,1970,49983995,40142305
2022-09-20,236,2391,49984231,40144696
2022-09-21,289,2526,49984520,40147222
2022-09-22,266,2662,49984786,40149884
2022-09-23,259,2543,49985045,40152427
2022-09-24,193,1427,49985238,40153854
2022-09-25,29,133,49985267,40153987
2022-09-26,280,2248,49985547,40156235
2022-09-27,287,2683,49985834,40158918
2022-09-28,310,2903,49986144,40161821
2022-09-29,257,3049,49986401,40164870
2022-09-30,291,2989,49986692,40167859
2022-10-01,195,1515,49986887,40169374
2022-10-02,12,187,49986899,40169561
2022-10-03,182,2474,49987081,40172035
2022-10-04,236,2864,49987317,40174899
2022-10-05,229,3249,49987546,40178148
2022-10-06,243,3874,49987789,40182022
2022-10-07,282,4187,49988071,40186209
2022-10-08,202,2270,49988273,40188479
2022-10-09,8,305,49988281,40188784
2022-10-10,210,3356,49988491,40192140
2022-10-11,192,4379,49988683,40196519
2022-10-12,209,4439,49988892,40200958
2022-10-13,201,5304,49989093,40206262
2022-10-14,232,5021,49989325,40211283
2022-10-15,190,2671,49989515,40213954
2022-10-16,6,360,49989521,40214314
2022-10-17,185,3871,49989706,40218185
2022-10-18,257,4964,49989963,40223149
2022-10-19,244,5478,49990207,40228627
2022-10-20,224,5993,49990431,40234620
2022-10-21,250,5474,49990681,40240094
2022-10-22,195,2910,49990876,40243004
2022-10-23,13,364,49990889,40243368
2022-10-24,171,3924,49991060,40247292
2022-10-25,253,4925,49991313,40252217
2022-10-26,345,5498,49991658,40257715
2022-10-27,240,5669,49991898,40263384
2022-10-28,198,5259,49992096,40268643
2022-10-29,128,2844,49992224,40271487
2022-10-30,3,327,49992227,40271814
2022-10-31,117,3035,49992344,40274849
2022-11-01,11,353,49992355,40275202
2022-11-02,143,3712,49992498,40278914
2022-11-03,174,4780,49992672,40283694
2022-11-04,224,4594,49992896,40288288
2022-11-05,143,2593,49993039,40290881
2022-11-06,10,259,49993049,40291140
2022-11-07,170,3221,49993219,40294361
2022-11-08,259,4238,49993478,40298599
2022-11-09,196,4319,49993674,40302918
2022-11-10,182,4569,49993856,40307487
2022-11-11,190,4214,49994046,40311701
2022-11-12,154,2354,49994200,40314055
2022-11-13,7,335,49994207,40314390
2022-11-14,150,2832,49994357,40317222
2022-11-15,200,3724,49994557,40320946
2022-11-16,215,3964,49994772,40324910
2022-11-17,192,4073,49994964,40328983
2022-11-18,247,3998,49995211,40332981
2022-11-19,112,2080,49995323,40335061
2022-11-20,24,314,49995347,40335375
2022-11-21,118,2602,49995465,40337977
2022-11-22,141,3186,49995606,40341163
2022-11-23,191,3597,49995797,40344760
2022-11-24,153,3779,49995950,40348539
2022-11-25,184,3718,49996134,40352257
2022-11-26,130,2086,49996264,40354343
2022-11-27,22,356,49996286,40354699
2022-11-28,176,2656,49996462,40357355
2022-11-29,181,3179,49996643,40360534
2022-11-30,172,3621,49996815,40364155
2022-12-01,216,3486,49997031,40367641
2022-12-02,154,3403,49997185,40371044
2022-12-03,91,1656,49997276,40372700
2022-12-04,5,292,49997281,40372992
2022-12-05,65,1491,49997346,40374483