data_somministrazione,vaccinazioni,booster,cum_vaccinazioni,cum_booster
2020-12-27,18,0,18,0
2020-12-28,2,0,20,0
2020-12-29,1,0,21,0
2020-12-30,6,0,27,0
2020-12-31,56,0,83,0
2021-01-01,22,0,105,0
2021-01-02,94,0,199,0
2021-01-03,73,0,272,0
2021-01-04,186,0,458,0
2021-01-05,229,0,687,0
2021-01-06,180,0,867,0
2021-01-07,272,0,1139,0
2021-01-08,318,0,1457,0
2021-01-09,235,0,1692,0
2021-01-10,141,0,1833,0
2021-01-11,258,0,2091,0
2021-01-12,260,0,2351,0
2021-01-13,378,0,2729,0
2021-01-14,465,0,3194,0
2021-01-15,287,0,3481,0
2021-01-16,200,0,3681,0
2021-01-17,3056,0,6737,0
2021-01-18,5206,0,11943,0
2021-01-19,1890,0,13833,0
2021-01-20,4651,0,18484,0
2021-01-21,20006,0,38490,0
2021-01-22,14201,0,52691,0
2021-01-23,33339,0,86030,0
2021-01-24,30792,0,116822,0
2021-01-25,64742,0,181564,0
2021-01-26,76504,0,258068,0
2021-01-27,64851,0,322919,0
2021-01-28,89309,0,412228,0
2021-01-29,94040,0,506268,0
2021-01-30,86581,0,592849,0
2021-01-31,57343,0,650192,0
2021-02-01,81880,0,732072,0
2021-02-02,82149,0,814221,0
2021-02-03,91199,0,905420,0
2021-02-04,95403,0,1000823,0
2021-02-05,90288,0,1091111,0
2021-02-06,63452,0,1154563,0
2021-02-07,32926,0,1187489,0
2021-02-08,40432,0,1227921,0
2021-02-09,32865,0,1260786,0
2021-02-10,28417,0,1289203,0
2021-02-11,20382,0,1309585,0
2021-02-12,16223,0,1325808,0
2021-02-13,7247,0,1333055,0
2021-02-14,2861,0,1335916,0
2021-02-15,6836,0,1342752,0
2021-02-16,6991,0,1349743,0
2021-02-17,10518,0,1360261,0
2021-02-18,9243,0,1369504,0
2021-02-19,8234,0,1377738,0
2021-02-20,5534,0,1383272,0
2021-02-21,2981,0,1386253,0
2021-02-22,6878,0,1393131,0
2021-02-23,7155,0,1400286,0
2021-02-24,9822,0,1410108,0
2021-02-25,14200,0,1424308,0
2021-02-26,17550,0,1441858,0
2021-02-27,13894,0,1455752,0
2021-02-28,9385,0,1465137,0
2021-03-01,26505,0,1491642,0
2021-03-02,33232,0,1524874,0
2021-03-03,44641,0,1569515,0
2021-03-04,50290,0,1619805,0
2021-03-05,55734,0,1675539,0
2021-03-06,41873,0,1717412,0
2021-03-07,22319,0,1739731,0
2021-03-08,50788,0,1790519,0
2021-03-09,53055,0,1843574,0
2021-03-10,58620,0,1902194,0
2021-03-11,63828,0,1966022,0
2021-03-12,65088,0,2031110,0
2021-03-13,51701,0,2082811,0
2021-03-14,35383,0,2118194,0
2021-03-15,73423,0,2191617,0
2021-03-16,74022,0,2265639,0
2021-03-17,83128,0,2348767,0
2021-03-18,81621,0,2430388,0
2021-03-19,81077,0,2511465,0
2021-03-20,64704,0,2576169,0
2021-03-21,47285,0,2623454,0
2021-03-22,69468,0,2692922,0
2021-03-23,75777,0,2768699,0
2021-03-24,90882,0,2859581,0
2021-03-25,89780,0,2949361,0
2021-03-26,83602,0,3032963,0
2021-03-27,71909,0,3104872,0
2021-03-28,44119,0,3148991,0
2021-03-29,70799,0,3219790,0
2021-03-30,81349,0,3301139,0
2021-03-31,96207,0,3397346,0
2021-04-01,95289,0,3492635,0
2021-04-02,84060,0,3576695,0
2021-04-03,64295,0,3640990,0
2021-04-04,21715,0,3662705,0
2021-04-05,40294,0,3702999,0
2021-04-06,81293,0,3784292,0
2021-04-07,95796,0,3880088,0
2021-04-08,95222,0,3975310,0
2021-04-09,88476,0,4063786,0
2021-04-10,74022,0,4137808,0
2021-04-11,44745,0,4182553,0
2021-04-12,66902,0,4249455,0
2021-04-13,72559,0,4322014,0
2021-04-14,85517,0,4407531,0
2021-04-15,105396,0,4512927,0
2021-04-16,106404,0,4619331,0
2021-04-17,90486,0,4709817,0
2021-04-18,58581,0,4768398,0
2021-04-19,93426,0,4861824,0
2021-04-20,103759,0,4965583,0
2021-04-21,125324,0,5090907,0
2021-04-22,143502,0,5234409,0
2021-04-23,138710,0,5373119,0
2021-04-24,124428,0,5497547,0
2021-04-25,61452,0,5558999,0
2021-04-26,97873,0,5656872,0
2021-04-27,128347,0,5785219,0
2021-04-28,156346,0,5941565,0
2021-04-29,195573,0,6137138,0
2021-04-30,214550,0,6351688,0
2021-05-01,174086,0,6525774,0
2021-05-02,135790,0,6661564,0
2021-05-03,141995,0,6803559,0
2021-05-04,158672,0,6962231,0
2021-05-05,170462,0,7132693,0
2021-05-06,197783,0,7330476,0
2021-05-07,213798,0,7544274,0
2021-05-08,213373,0,7757647,0
2021-05-09,143188,0,7900835,0
2021-05-10,165073,0,8065908,0
2021-05-11,174945,0,8240853,0
2021-05-12,179134,0,8419987,0
2021-05-13,203346,0,8623333,0
2021-05-14,222884,0,8846217,0
2021-05-15,210327,0,9056544,0
2021-05-16,159253,0,9215797,0
2021-05-17,219174,0,9434971,0
2021-05-18,212991,0,9647962,0
2021-05-19,207060,0,9855022,0
2021-05-20,270832,0,10125854,0
2021-05-21,270857,0,10396711,0
2021-05-22,245508,0,10642219,0
2021-05-23,197168,0,10839387,0
2021-05-24,228287,0,11067674,0
2021-05-25,245679,0,11313353,0
2021-05-26,277475,0,11590828,0
2021-05-27,311071,0,11901899,0
2021-05-28,299551,0,12201450,0
2021-05-29,231187,0,12432637,0
2021-05-30,170813,0,12603450,0
2021-05-31,216394,0,12819844,0
2021-06-01,207623,0,13027467,0
2021-06-02,115763,0,13143230,0
2021-06-03,180087,0,13323317,0
2021-06-04,184825,0,13508142,0
2021-06-05,185906,0,13694048,0
2021-06-06,139498,0,13833546,0
2021-06-07,161817,0,13995363,0
2021-06-08,171135,0,14166498,0
2021-06-09,171406,0,14337904,0
2021-06-10,174011,0,14511915,0
2021-06-11,169913,0,14681828,0
2021-06-12,128286,0,14810114,0
2021-06-13,91123,0,14901237,0
2021-06-14,214625,0,15115862,0
2021-06-15,228368,0,15344230,0
2021-06-16,253017,0,15597247,0
2021-06-17,301682,0,15898929,0
2021-06-18,306239,0,16205168,0
2021-06-19,275033,0,16480201,0
2021-06-20,220717,0,16700918,0
2021-06-21,288020,0,16988938,0
2021-06-22,296173,0,17285111,0
2021-06-23,302650,0,17587761,0
2021-06-24,332542,0,17920303,0
2021-06-25,348680,0,18268983,0
2021-06-26,300078,0,18569061,0
2021-06-27,228606,0,18797667,0
2021-06-28,307018,0,19104685,0
2021-06-29,329215,0,19433900,0
2021-06-30,342082,0,19775982,0
2021-07-01,363137,0,20139119,0
2021-07-02,368423,0,20507542,0
2021-07-03,371058,0,20878600,0
2021-07-04,283188,0,21161788,0
2021-07-05,384494,0,21546282,0
2021-07-06,385424,0,21931706,0
2021-07-07,412054,0,22343760,0
2021-07-08,479628,0,22823388,0
2021-07-09,498503,0,23321891,0
2021-07-10,475182,0,23797073,0
2021-07-11,357707,0,24154780,0
2021-07-12,485916,0,24640696,0
2021-07-13,492163,0,25132859,0
2021-07-14,480485,0,25613344,0
2021-07-15,523513,0,26136857,0
2021-07-16,509794,0,26646651,0
2021-07-17,464378,0,27111029,0
2021-07-18,364704,0,27475733,0
2021-07-19,463081,0,27938814,0
2021-07-20,458085,0,28396899,0
2021-07-21,462820,0,28859719,0
2021-07-22,475399,0,29335118,0
2021-07-23,441312,0,29776430,0
2021-07-24,386190,0,30162620,0
2021-07-25,287602,0,30450222,0
2021-07-26,430902,0,30881124,0
2021-07-27,440129,0,31321253,0
2021-07-28,391024,0,31712277,0
2021-07-29,372076,0,32084353,0
2021-07-30,341499,0,32425852,0
2021-07-31,287001,0,32712853,0
2021-08-01,191020,0,32903873,0
2021-08-02,333734,0,33237607,0
2021-08-03,323187,0,33560794,0
2021-08-04,310969,0,33871763,0
2021-08-05,292509,0,34164272,0
2021-08-06,259999,0,34424271,0
2021-08-07,199036,0,34623307,0
2021-08-08,153103,0,34776410,0
2021-08-09,234075,0,35010485,0
2021-08-10,205245,0,35215730,0
2021-08-11,193742,0,35409472,0
2021-08-12,167962,0,35577434,0
2021-08-13,148588,0,35726022,0
2021-08-14,66083,0,35792105,0
2021-08-15,26333,0,35818438,0
2021-08-16,114671,0,35933109,0
2021-08-17,129235,0,36062344,0
2021-08-18,128721,0,36191065,0
2021-08-19,124781,0,36315846,0
2021-08-20,123781,0,36439627,0
2021-08-21,83110,0,36522737,0
2021-08-22,68161,0,36590898,0
2021-08-23,176864,0,36767762,0
2021-08-24,156901,0,36924663,0
2021-08-25,177165,0,37101828,0
2021-08-26,172349,0,37274177,0
2021-08-27,185854,0,37460031,0
2021-08-28,140272,0,37600303,0
2021-08-29,99004,0,37699307,0
2021-08-30,209637,0,37908944,0
2021-08-31,194634,0,38103578,0
2021-09-01,192214,0,38295792,0
2021-09-02,189941,0,38485733,0
2021-09-03,191352,0,38677085,0
2021-09-04,131491,0,38808576,0
2021-09-05,87876,0,38896452,0
2021-09-06,193665,0,39090117,0
2021-09-07,196075,0,39286192,0
2021-09-08,187915,0,39474107,0
2021-09-09,201479,0,39675586,0
2021-09-10,198117,0,39873703,0
2021-09-11,141331,0,40015034,0
2021-09-12,89603,0,40104637,0
2021-09-13,191186,526,40295823,526
2021-09-14,177270,563,40473093,1089
2021-09-15,163133,559,40636226,1648
2021-09-16,160103,905,40796329,2553
2021-09-17,150173,1100,40946502,3653
2021-09-18,127976,723,41074478,4376
2021-09-19,81132,484,41155610,4860
2021-09-20,180076,9058,41335686,13918
2021-09-21,166618,8823,41502304,22741
2021-09-22,159077,9420,41661381,32161
2021-09-23,138071,9311,41799452,41472
2021-09-24,140537,8943,41939989,50415
2021-09-25,119543,5625,42059532,56040
2021-09-26,71949,4334,42131481,60374
2021-09-27,135631,10033,42267112,70407
2021-09-28,117482,11374,42384594,81781
2021-09-29,112319,11821,42496913,93602
2021-09-30,110221,14932,42607134,108534
2021-10-01,94969,19099,42702103,127633
2021-10-02,78468,14011,42780571,141644
2021-10-03,47724,7652,42828295,149296
2021-10-04,88370,34438,42916665,183734
2021-10-05,80355,33966,42997020,217700
2021-10-06,71973,34153,43068993,251853
2021-10-07,71847,34338,43140840,286191
2021-10-08,80619,33583,43221459,319774
2021-10-09,76094,22161,43297553,341935
2021-10-10,45770,13613,43343323,355548
2021-10-11,87402,41094,43430725,396642
2021-10-12,84485,46891,43515210,443533
2021-10-13,88186,52098,43603396,495631
2021-10-14,91520,58493,43694916,554124
2021-10-15,93582,55609,43788498,609733
2021-10-16,82953,36773,43871451,646506
2021-10-17,51456,23822,43922907,670328
2021-10-18,90288,59472,44013195,729800
2021-10-19,78338,69366,44091533,799166
2021-10-20,75071,78152,44166604,877318
2021-10-21,78307,81737,44244911,959055
2021-10-22,73795,77009,44318706,1036064
2021-10-23,60814,51943,44379520,1088007
2021-10-24,33380,23443,44412900,1111450
2021-10-25,64903,81617,44477803,1193067
2021-10-26,58369,91769,44536172,1284836
2021-10-27,58329,103955,44594501,1388791
2021-10-28,61466,114094,44655967,1502885
2021-10-29,61660,103101,44717627,1605986
2021-10-30,50672,68109,44768299,1674095
2021-10-31,25169,28281,44793468,1702376
2021-11-01,19048,28145,44812516,1730521
2021-11-02,62772,89361,44875288,1819882
2021-11-03,60731,118655,44936019,1938537
2021-11-04,59245,126650,44995264,2065187
2021-11-05,63094,135165,45058358,2200352
2021-11-06,46473,90918,45104831,2291270
2021-11-07,22253,37891,45127084,2329161
2021-11-08,51524,131257,45178608,2460418
2021-11-09,45404,144183,45224012,2604601
2021-11-10,42574,156341,45266586,2760942
2021-11-11,44932,155133,45311518,2916075
2021-11-12,46370,158565,45357888,3074640
2021-11-13,33253,116639,45391141,3191279
2021-11-14,14479,52445,45405620,3243724
2021-11-15,36894,157415,45442514,3401139
2021-11-16,30542,171369,45473056,3572508
2021-11-17,28444,178429,45501500,3750937
2021-11-18,30277,193705,45531777,3944642
2021-11-19,28791,205848,45560568,4150490
2021-11-20,20997,156434,45581565,4306924
2021-11-21,10605,64854,45592170,4371778
2021-11-22,21922,213134,45614092,4584912
2021-11-23,23560,241740,45637652,4826652
2021-11-24,27828,270940,45665480,5097592
2021-11-25,23225,301890,45688705,5399482
2021-11-26,24568,318258,45713273,5717740
2021-11-27,21366,266145,45734639,5983885
2021-11-28,9892,137053,45744531,6120938
2021-11-29,22308,326058,45766839,6446996
2021-11-30,23072,365818,45789911,6812814
2021-12-01,21507,413491,45811418,7226305
2021-12-02,23747,440374,45835165,7666679
2021-12-03,25218,467447,45860383,8134126
2021-12-04,22339,418720,45882722,8552846
2021-12-05,11903,261330,45894625,8814176
2021-12-06,25796,457558,45920421,9271734
2021-12-07,24097,480241,45944518,9751975
2021-12-08,9987,249677,45954505,10001652
2021-12-09,31547,491906,45986052,10493558
2021-12-10,28036,517854,46014088,11011412
2021-12-11,23537,459235,46037625,11470647
2021-12-12,12289,293492,46049914,11764139
2021-12-13,26124,467615,46076038,12231754
2021-12-14,25147,494182,46101185,12725936
2021-12-15,25298,517127,46126483,13243063
2021-12-16,27855,520232,46154338,13763295
2021-12-17,29324,517152,46183662,14280447
2021-12-18,27017,468709,46210679,14749156
2021-12-19,15126,300509,46225805,15049665
2021-12-20,30596,477463,46256401,15527128
2021-12-21,30338,493365,46286739,16020493
2021-12-22,29417,484691,46316156,16505184
2021-12-23,28201,426888,46344357,16932072
2021-12-24,13101,210817,46357458,17142889
2021-12-25,2101,33052,46359559,17175941
2021-12-26,8749,159062,46368308,17335003
2021-12-27,46735,504644,46415043,17839647
2021-12-28,42405,554192,46457448,18393839
2021-12-29,34282,550625,46491730,18944464
2021-12-30,31768,499813,46523498,19444277
2021-12-31,14089,247393,46537587,19691670
2022-01-01,3492,64812,46541079,19756482
2022-01-02,22721,276717,46563800,20033199
2022-01-03,47746,520007,46611546,20553206
2022-01-04,46252,572064,46657798,21125270
2022-01-05,40637,560375,46698435,21685645
2022-01-06,23420,274477,46721855,21960122
2022-01-07,63566,554175,46785421,22514297
2022-01-08,60721,503372,46846142,23017669
2022-01-09,42733,319683,46888875,23337352
2022-01-10,60955,542267,46949830,23879619
2022-01-11,61584,586978,47011414,24466597
2022-01-12,58311,581269,47069725,25047866
2022-01-13,58465,580367,47128190,25628233
2022-01-14,46649,588554,47174839,26216787
2022-01-15,39193,569928,47214032,26786715
2022-01-16,31089,341847,47245121,27128562
2022-01-17,54684,489640,47299805,27618202
2022-01-18,58277,517002,47358082,28135204
2022-01-19,57102,502776,47415184,28637980
2022-01-20,54239,498806,47469423,29136786
2022-01-21,41956,493860,47511379,29630646
2022-01-22,31060,469585,47542439,30100231
2022-01-23,34851,275363,47577290,30375594
2022-01-24,56103,437203,47633393,30812797
2022-01-25,61470,452083,47694863,31264880
2022-01-26,58465,435809,47753328,31700689
2022-01-27,48772,432350,47802100,32133039
2022-01-28,58596,436519,47860696,32569558
2022-01-29,68019,412474,47928715,32982032
2022-01-30,50318,235962,47979033,33217994
2022-01-31,60529,356916,48039562,33574910
2022-02-01,65464,328426,48105026,33903336
2022-02-02,63112,296954,48168138,34200290
2022-02-03,59985,274510,48228123,34474800
2022-02-04,72302,268440,48300425,34743240
2022-02-05,83688,248519,48384113,34991759
2022-02-06,55239,116193,48439352,35107952
2022-02-07,65087,199927,48504439,35307879
2022-02-08,66880,186101,48571319,35493980
2022-02-09,58718,166326,48630037,35660306
2022-02-10,58505,163229,48688542,35823535
2022-02-11,62193,162449,48750735,35985984
2022-02-12,71929,152133,48822664,36138117
2022-02-13,41452,68848,48864116,36206965
2022-02-14,46649,116179,48910765,36323144
2022-02-15,48485,123477,48959250,36446621
2022-02-16,45645,106107,49004895,36552728
2022-02-17,42839,98097,49047734,36650825
2022-02-18,46584,112565,49094318,36763390
2022-02-19,52507,100324,49146825,36863714
2022-02-20,31405,40359,49178230,36904073
2022-02-21,37877,89639,49216107,36993712
2022-02-22,37193,83765,49253300,37077477
2022-02-23,33370,79401,49286670,37156878
2022-02-24,32541,78160,49319211,37235038
2022-02-25,34739,90701,49353950,37325739
2022-02-26,39138,89130,49393088,37414869
2022-02-27,22538,35855,49415626,37450724
2022-02-28,28460,81689,49444086,37532413
2022-03-01,22685,53934,49466771,37586347
2022-03-02,21982,50626,49488753,37636973
2022-03-03,22593,54940,49511346,37691913
2022-03-04,23203,62789,49534549,37754702
2022-03-05,23776,57949,49558325,37812651
2022-03-06,9468,17199,49567793,37829850
2022-03-07,15894,51389,49583687,37881239
2022-03-08,15441,48796,49599128,37930035
2022-03-09,13794,46512,49612922,37976547
2022-03-10,14022,52115,49626944,38028662
2022-03-11,15557,57247,49642501,38085909
2022-03-12,15484,56613,49657985,38142522
2022-03-13,5540,16848,49663525,38159370
2022-03-14,10515,46690,49674040,38206060
2022-03-15,10526,46892,49684566,38252952
2022-03-16,9468,41975,49694034,38294927
2022-03-17,9695,44875,49703729,38339802
2022-03-18,10149,49050,49713878,38388852
2022-03-19,9139,46531,49723017,38435383
2022-03-20,2605,11699,49725622,38447082
2022-03-21,7569,40221,49733191,38487303
2022-03-22,8434,37746,49741625,38525049
2022-03-23,7201,33695,49748826,38558744
2022-03-24,8243,38796,49757069,38597540
2022-03-25,8118,43664,49765187,38641204
2022-03-26,8119,41719,49773306,38682923
2022-03-27,2426,9683,49775732,38692606
2022-03-28,6094,35229,49781826,38727835
2022-03-29,5771,32524,49787597,38760359
2022-03-30,5550,30193,49793147,38790552
2022-03-31,5877,33168,49799024,38823720
2022-04-01,4340,25180,49803364,38848900
2022-04-02,4486,23271,49807850,38872171
2022-04-03,1046,4499,49808896,38876670
2022-04-04,3649,21532,49812545,38898202
2022-04-05,3746,22922,49816291,38921124
2022-04-06,4095,21837,49820386,38942961
2022-04-07,3952,23317,49824338,38966278
2022-04-08,4681,26708,49829019,38992986
2022-04-09,4374,23882,49833393,39016868
2022-04-10,892,4614,49834285,39021482
2022-04-11,3799,22681,49838084,39044163
2022-04-12,3354,21775,49841438,39065938
2022-04-13,3555,21333,49844993,39087271
2022-04-14,3481,23774,49848474,39111045
2022-04-15,3074,20613,49851548,39131658
2022-04-16,2146,11920,49853694,39143578
2022-04-17,63,348,49853757,39143926
2022-04-18,148,650,49853905,39144576
2022-04-19,3480,21976,49857385,39166552
2022-04-20,3493,20249,49860878,39186801
2022-04-21,2835,19774,49863713,39206575
2022-04-22,2913,20695,49866626,39227270
2022-04-23,2635,16205,49869261,39243475
2022-04-24,509,2335,49869770,39245810
2022-04-25,183,1165,49869953,39246975
2022-04-26,2757,17791,49872710,39264766
2022-04-27,2363,15780,49875073,39280546
2022-04-28,2348,15533,49877421,39296079
2022-04-29,2289,14832,49879710,39310911
2022-04-30,2117,11577,49881827,39322488
2022-05-01,113,530,49881940,39323018
2022-05-02,1443,9381,49883383,39332399
2022-05-03,1569,10307,49884952,39342706
2022-05-04,1744,10255,49886696,39352961
2022-05-05,1647,10273,49888343,39363234
2022-05-06,1690,10944,49890033,39374178
2022-05-07,1432,8562,49891465,39382740
2022-05-08,404,1514,49891869,39384254
2022-05-09,1023,8915,49892892,39393169
2022-05-10,1418,9536,49894310,39402705
2022-05-11,1476,10087,49895786,39412792
2022-05-12,1364,10118,49897150,39422910
2022-05-13,1587,10507,49898737,39433417
2022-05-14,1355,8226,49900092,39441643
2022-05-15,336,1129,49900428,39442772
2022-05-16,809,8388,49901237,39451160
2022-05-17,1239,8666,49902476,39459826
2022-05-18,1369,9212,49903845,39469038
2022-05-19,1498,9266,49905343,39478304
2022-05-20,1420,9491,49906763,39487795
2022-05-21,1299,7891,49908062,39495686
2022-05-22,231,1012,49908293,39496698
2022-05-23,825,8260,49909118,39504958
2022-05-24,1070,8663,49910188,39513621
2022-05-25,1365,9443,49911553,39523064
2022-05-26,1192,9452,49912745,39532516
2022-05-27,1224,9908,49913969,39542424
2022-05-28,1202,7872,49915171,39550296
2022-05-29,285,1264,49915456,39551560
2022-05-30,928,8024,49916384,39559584
2022-05-31,1033,8529,49917417,39568113
2022-06-01,890,7643,49918307,39575756
2022-06-02,35,474,49918342,39576230
2022-06-03,812,7327,49919154,39583557
2022-06-04,869,5155,49920023,39588712
2022-06-05,89,586,49920112,39589298
2022-06-06,671,6964,49920783,39596262
2022-06-07,929,7841,49921712,39604103
2022-06-08,978,7896,49922690,39611999
2022-06-09,1034,8398,49923724,39620397
2022-06-10,950,8537,49924674,39628934
2022-06-11,897,6208,49925571,39635142
2022-06-12,140,767,49925711,39635909
2022-06-13,602,6295,49926313,39642204
2022-06-14,824,7878,49927137,39650082
2022-06-15,949,7842,49928086,39657924
2022-06-16,728,7383,49928814,39665307
2022-06-17,717,7233,49929531,39672540
2022-06-18,776,5587,49930307,39678127
2022-06-19,47,522,49930354,39678649
2022-06-20,587,6694,49930941,39685343
2022-06-21,730,7637,49931671,39692980
2022-06-22,777,7299,49932448,39700279
2022-06-23,648,7456,49933096,39707735
2022-06-24,642,7467,49933738,39715202
2022-06-25,835,6531,49934573,39721733
2022-06-26,128,523,49934701,39722256
2022-06-27,532,7116,49935233,39729372
2022-06-28,743,8206,49935976,39737578
2022-06-29,754,7716,49936730,39745294
2022-06-30,740,8132,49937470,39753426
2022-07-01,578,6436,49938048,39759862
2022-07-02,536,4764,49938584,39764626
2022-07-03,49,456,49938633,39765082
2022-07-04,468,6269,49939101,39771351
2022-07-05,621,8106,49939722,39779457
2022-07-06,624,7590,49940346,39787047
2022-07-07,562,8249,49940908,39795296
2022-07-08,669,8073,49941577,39803369
2022-07-09,548,6103,49942125,39809472
2022-07-10,58,533,49942183,39810005
2022-07-11,476,7625,49942659,39817630
2022-07-12,651,8976,49943310,39826606
2022-07-13,625,10064,49943935,39836670
2022-07-14,619,10215,49944554,39846885
2022-07-15,616,10642,49945170,39857527
2022-07-16,512,7204,49945682,39864731
2022-07-17,48,767,49945730,39865498
2022-07-18,495,9334,49946225,39874832
2022-07-19,559,10635,49946784,39885467
2022-07-20,561,11236,49947345,39896703
2022-07-21,619,11986,49947964,39908689
2022-07-22,566,11197,49948530,39919886
2022-07-23,375,6729,49948905,39926615
2022-07-24,75,834,49948980,39927449
2022-07-25,492,9014,49949472,39936463
2022-07-26,515,9694,49949987,39946157
2022-07-27,531,10105,49950518,39956262
2022-07-28,522,10441,49951040,39966703
2022-07-29,504,9374,49951544,39976077
2022-07-30,380,5844,49951924,39981921
2022-07-31,49,741,49951973,39982662
2022-08-01,383,6800,49952356,39989462
2022-08-02,532,7473,49952888,39996935
2022-08-03,486,7037,49953374,40003972
2022-08-04,437,7349,49953811,40011321
2022-08-05,404,6401,49954215,40017722
2022-08-06,297,3555,49954512,40021277
2022-08-07,43,538,49954555,40021815
2022-08-08,379,4780,49954934,40026595
2022-08-09,397,4972,49955331,40031567