data_somministrazione,vaccinazioni,booster,cum_vaccinazioni,cum_booster
2020-12-27,16,0,16,0
2020-12-28,2,0,18,0
2020-12-29,1,0,19,0
2020-12-30,3,0,22,0
2020-12-31,37,0,59,0
2021-01-01,13,0,72,0
2021-01-02,59,0,131,0
2021-01-03,46,0,177,0
2021-01-04,129,0,306,0
2021-01-05,170,0,476,0
2021-01-06,140,0,616,0
2021-01-07,208,0,824,0
2021-01-08,253,0,1077,0
2021-01-09,184,0,1261,0
2021-01-10,110,0,1371,0
2021-01-11,207,0,1578,0
2021-01-12,214,0,1792,0
2021-01-13,317,0,2109,0
2021-01-14,417,0,2526,0
2021-01-15,256,0,2782,0
2021-01-16,172,0,2954,0
2021-01-17,3050,0,6004,0
2021-01-18,5189,0,11193,0
2021-01-19,1878,0,13071,0
2021-01-20,4650,0,17721,0
2021-01-21,20010,0,37731,0
2021-01-22,14199,0,51930,0
2021-01-23,33358,0,85288,0
2021-01-24,30797,0,116085,0
2021-01-25,64778,0,180863,0
2021-01-26,76548,0,257411,0
2021-01-27,64880,0,322291,0
2021-01-28,89349,0,411640,0
2021-01-29,94076,0,505716,0
2021-01-30,86617,0,592333,0
2021-01-31,57355,0,649688,0
2021-02-01,81911,0,731599,0
2021-02-02,82171,0,813770,0
2021-02-03,91217,0,904987,0
2021-02-04,95391,0,1000378,0
2021-02-05,90298,0,1090676,0
2021-02-06,63738,0,1154414,0
2021-02-07,32917,0,1187331,0
2021-02-08,40415,0,1227746,0
2021-02-09,32848,0,1260594,0
2021-02-10,28395,0,1288989,0
2021-02-11,20358,0,1309347,0
2021-02-12,16185,0,1325532,0
2021-02-13,7217,0,1332749,0
2021-02-14,2856,0,1335605,0
2021-02-15,6827,0,1342432,0
2021-02-16,6975,0,1349407,0
2021-02-17,10500,0,1359907,0
2021-02-18,9223,0,1369130,0
2021-02-19,8186,0,1377316,0
2021-02-20,5482,0,1382798,0
2021-02-21,2952,0,1385750,0
2021-02-22,6843,0,1392593,0
2021-02-23,7116,0,1399709,0
2021-02-24,9800,0,1409509,0
2021-02-25,14174,0,1423683,0
2021-02-26,17509,0,1441192,0
2021-02-27,13867,0,1455059,0
2021-02-28,9353,0,1464412,0
2021-03-01,26456,0,1490868,0
2021-03-02,33184,0,1524052,0
2021-03-03,44613,0,1568665,0
2021-03-04,50227,0,1618892,0
2021-03-05,55759,0,1674651,0
2021-03-06,41851,0,1716502,0
2021-03-07,22300,0,1738802,0
2021-03-08,50547,0,1789349,0
2021-03-09,52919,0,1842268,0
2021-03-10,58537,0,1900805,0
2021-03-11,63757,0,1964562,0
2021-03-12,65024,0,2029586,0
2021-03-13,51662,0,2081248,0
2021-03-14,35350,0,2116598,0
2021-03-15,73368,0,2189966,0
2021-03-16,73993,0,2263959,0
2021-03-17,83098,0,2347057,0
2021-03-18,81595,0,2428652,0
2021-03-19,81026,0,2509678,0
2021-03-20,64649,0,2574327,0
2021-03-21,47251,0,2621578,0
2021-03-22,69408,0,2690986,0
2021-03-23,75709,0,2766695,0
2021-03-24,90792,0,2857487,0
2021-03-25,89711,0,2947198,0
2021-03-26,83502,0,3030700,0
2021-03-27,71826,0,3102526,0
2021-03-28,44048,0,3146574,0
2021-03-29,70702,0,3217276,0
2021-03-30,81264,0,3298540,0
2021-03-31,96109,0,3394649,0
2021-04-01,95209,0,3489858,0
2021-04-02,83984,0,3573842,0
2021-04-03,64250,0,3638092,0
2021-04-04,21696,0,3659788,0
2021-04-05,40266,0,3700054,0
2021-04-06,81237,0,3781291,0
2021-04-07,95736,0,3877027,0
2021-04-08,95159,0,3972186,0
2021-04-09,88407,0,4060593,0
2021-04-10,73948,0,4134541,0
2021-04-11,44703,0,4179244,0
2021-04-12,66847,0,4246091,0
2021-04-13,72502,0,4318593,0
2021-04-14,85431,0,4404024,0
2021-04-15,105312,0,4509336,0
2021-04-16,106312,0,4615648,0
2021-04-17,90412,0,4706060,0
2021-04-18,58533,0,4764593,0
2021-04-19,93385,0,4857978,0
2021-04-20,103691,0,4961669,0
2021-04-21,125266,0,5086935,0
2021-04-22,143424,0,5230359,0
2021-04-23,138612,0,5368971,0
2021-04-24,124353,0,5493324,0
2021-04-25,61398,0,5554722,0
2021-04-26,97800,0,5652522,0
2021-04-27,128264,0,5780786,0
2021-04-28,156240,0,5937026,0
2021-04-29,195436,0,6132462,0
2021-04-30,214423,0,6346885,0
2021-05-01,174003,0,6520888,0
2021-05-02,135719,0,6656607,0
2021-05-03,141891,0,6798498,0
2021-05-04,158592,0,6957090,0
2021-05-05,170349,0,7127439,0
2021-05-06,197677,0,7325116,0
2021-05-07,213663,0,7538779,0
2021-05-08,213276,0,7752055,0
2021-05-09,143078,0,7895133,0
2021-05-10,164987,0,8060120,0
2021-05-11,174821,0,8234941,0
2021-05-12,178991,0,8413932,0
2021-05-13,203175,0,8617107,0
2021-05-14,222749,0,8839856,0
2021-05-15,210151,0,9050007,0
2021-05-16,159151,0,9209158,0
2021-05-17,219072,0,9428230,0
2021-05-18,212888,0,9641118,0
2021-05-19,206938,0,9848056,0
2021-05-20,270698,0,10118754,0
2021-05-21,270698,0,10389452,0
2021-05-22,245392,0,10634844,0
2021-05-23,197096,0,10831940,0
2021-05-24,228212,0,11060152,0
2021-05-25,245582,0,11305734,0
2021-05-26,277380,0,11583114,0
2021-05-27,310916,0,11894030,0
2021-05-28,299437,0,12193467,0
2021-05-29,231053,0,12424520,0
2021-05-30,170731,0,12595251,0
2021-05-31,216273,0,12811524,0
2021-06-01,207527,0,13019051,0
2021-06-02,115668,0,13134719,0
2021-06-03,179914,0,13314633,0
2021-06-04,184613,0,13499246,0
2021-06-05,185769,0,13685015,0
2021-06-06,139331,0,13824346,0
2021-06-07,161620,0,13985966,0
2021-06-08,170909,0,14156875,0
2021-06-09,171210,0,14328085,0
2021-06-10,173786,0,14501871,0
2021-06-11,169680,0,14671551,0
2021-06-12,128088,0,14799639,0
2021-06-13,90990,0,14890629,0
2021-06-14,214484,0,15105113,0
2021-06-15,228210,0,15333323,0
2021-06-16,252888,0,15586211,0
2021-06-17,301514,0,15887725,0
2021-06-18,306086,0,16193811,0
2021-06-19,274918,0,16468729,0
2021-06-20,220539,0,16689268,0
2021-06-21,287893,0,16977161,0
2021-06-22,296019,0,17273180,0
2021-06-23,302587,0,17575767,0
2021-06-24,332411,0,17908178,0
2021-06-25,348577,0,18256755,0
2021-06-26,299956,0,18556711,0
2021-06-27,228516,0,18785227,0
2021-06-28,306862,0,19092089,0
2021-06-29,329042,0,19421131,0
2021-06-30,341947,0,19763078,0
2021-07-01,362983,0,20126061,0
2021-07-02,368305,0,20494366,0
2021-07-03,370982,0,20865348,0
2021-07-04,283069,0,21148417,0
2021-07-05,384404,0,21532821,0
2021-07-06,385287,0,21918108,0
2021-07-07,411957,0,22330065,0
2021-07-08,479616,0,22809681,0
2021-07-09,498492,0,23308173,0
2021-07-10,475156,0,23783329,0
2021-07-11,357694,0,24141023,0
2021-07-12,485901,0,24626924,0
2021-07-13,492144,0,25119068,0
2021-07-14,480465,0,25599533,0
2021-07-15,523508,0,26123041,0
2021-07-16,509773,0,26632814,0
2021-07-17,464427,0,27097241,0
2021-07-18,364706,0,27461947,0
2021-07-19,463074,0,27925021,0
2021-07-20,458091,0,28383112,0
2021-07-21,462756,0,28845868,0
2021-07-22,475355,0,29321223,0
2021-07-23,441227,0,29762450,0
2021-07-24,386123,0,30148573,0
2021-07-25,287580,0,30436153,0
2021-07-26,430840,0,30866993,0
2021-07-27,440048,0,31307041,0
2021-07-28,390928,0,31697969,0
2021-07-29,371992,0,32069961,0
2021-07-30,341299,0,32411260,0
2021-07-31,286890,0,32698150,0
2021-08-01,190823,0,32888973,0
2021-08-02,333537,0,33222510,0
2021-08-03,323071,0,33545581,0
2021-08-04,310826,0,33856407,0
2021-08-05,292452,0,34148859,0
2021-08-06,259882,0,34408741,0
2021-08-07,198927,0,34607668,0
2021-08-08,153023,0,34760691,0
2021-08-09,233949,0,34994640,0
2021-08-10,205127,0,35199767,0
2021-08-11,193571,0,35393338,0
2021-08-12,167761,0,35561099,0
2021-08-13,148429,0,35709528,0
2021-08-14,66016,0,35775544,0
2021-08-15,26310,0,35801854,0
2021-08-16,114560,0,35916414,0
2021-08-17,129139,0,36045553,0
2021-08-18,128618,0,36174171,0
2021-08-19,124652,0,36298823,0
2021-08-20,123673,0,36422496,0
2021-08-21,83027,0,36505523,0
2021-08-22,68098,0,36573621,0
2021-08-23,176751,0,36750372,0
2021-08-24,156814,0,36907186,0
2021-08-25,177064,0,37084250,0
2021-08-26,172247,0,37256497,0
2021-08-27,185794,0,37442291,0
2021-08-28,140163,0,37582454,0
2021-08-29,98985,0,37681439,0
2021-08-30,209551,0,37890990,0
2021-08-31,194484,0,38085474,0
2021-09-01,192091,0,38277565,0
2021-09-02,189818,0,38467383,0
2021-09-03,191278,0,38658661,0
2021-09-04,131444,0,38790105,0
2021-09-05,87832,0,38877937,0
2021-09-06,193641,0,39071578,0
2021-09-07,195979,0,39267557,0
2021-09-08,187860,0,39455417,0
2021-09-09,201420,0,39656837,0
2021-09-10,198015,0,39854852,0
2021-09-11,141239,0,39996091,0
2021-09-12,89548,0,40085639,0
2021-09-13,191165,359,40276804,359
2021-09-14,177226,438,40454030,797
2021-09-15,163041,465,40617071,1262
2021-09-16,160012,799,40777083,2061
2021-09-17,150028,1010,40927111,3071
2021-09-18,127833,660,41054944,3731
2021-09-19,81051,446,41135995,4177
2021-09-20,179901,8959,41315896,13136
2021-09-21,166433,8733,41482329,21869
2021-09-22,158855,9369,41641184,31238
2021-09-23,137842,9243,41779026,40481
2021-09-24,140332,8867,41919358,49348
2021-09-25,119404,5556,42038762,54904
2021-09-26,71823,4299,42110585,59203
2021-09-27,135428,9980,42246013,69183
2021-09-28,117289,11321,42363302,80504
2021-09-29,112103,11766,42475405,92270
2021-09-30,110004,14861,42585409,107131
2021-10-01,94777,19048,42680186,126179
2021-10-02,78285,13987,42758471,140166
2021-10-03,47598,7634,42806069,147800
2021-10-04,88193,34375,42894262,182175
2021-10-05,80219,33923,42974481,216098
2021-10-06,71834,34082,43046315,250180
2021-10-07,71614,34293,43117929,284473
2021-10-08,80442,33512,43198371,317985
2021-10-09,75907,22119,43274278,340104
2021-10-10,45680,13590,43319958,353694
2021-10-11,87218,41018,43407176,394712
2021-10-12,84330,46814,43491506,441526
2021-10-13,87990,52028,43579496,493554
2021-10-14,91288,58398,43670784,551952
2021-10-15,93361,55500,43764145,607452
2021-10-16,82771,36722,43846916,644174
2021-10-17,51319,23785,43898235,667959
2021-10-18,90156,59351,43988391,727310
2021-10-19,78193,69320,44066584,796630
2021-10-20,74915,78051,44141499,874681
2021-10-21,78152,81654,44219651,956335
2021-10-22,73706,76925,44293357,1033260
2021-10-23,60679,51909,44354036,1085169
2021-10-24,33338,23410,44387374,1108579
2021-10-25,64797,81560,44452171,1190139
2021-10-26,58283,91690,44510454,1281829
2021-10-27,58235,103887,44568689,1385716
2021-10-28,61357,114005,44630046,1499721
2021-10-29,61607,102998,44691653,1602719
2021-10-30,50591,68049,44742244,1670768
2021-10-31,25141,28254,44767385,1699022
2021-11-01,19024,28128,44786409,1727150
2021-11-02,62721,89261,44849130,1816411
2021-11-03,60659,118565,44909789,1934976
2021-11-04,59160,126538,44968949,2061514
2021-11-05,63005,135075,45031954,2196589
2021-11-06,46398,90907,45078352,2287496
2021-11-07,22218,37860,45100570,2325356
2021-11-08,51425,131198,45151995,2456554
2021-11-09,45347,144078,45197342,2600632
2021-11-10,42519,156243,45239861,2756875
2021-11-11,44848,155062,45284709,2911937
2021-11-12,46270,158491,45330979,3070428
2021-11-13,33169,116639,45364148,3187067
2021-11-14,14448,52417,45378596,3239484
2021-11-15,36814,157302,45415410,3396786
2021-11-16,30466,171316,45445876,3568102
2021-11-17,28347,178379,45474223,3746481
2021-11-18,30139,193602,45504362,3940083
2021-11-19,28686,205725,45533048,4145808
2021-11-20,20905,156448,45553953,4302256
2021-11-21,10559,64815,45564512,4367071
2021-11-22,21850,213082,45586362,4580153
2021-11-23,23463,241639,45609825,4821792
2021-11-24,27715,270858,45637540,5092650
2021-11-25,23097,301822,45660637,5394472
2021-11-26,24445,318179,45685082,5712651
2021-11-27,21264,266060,45706346,5978711
2021-11-28,9847,136999,45716193,6115710
2021-11-29,22172,325956,45738365,6441666
2021-11-30,22936,365729,45761301,6807395
2021-12-01,21338,413445,45782639,7220840
2021-12-02,23597,440285,45806236,7661125
2021-12-03,25055,467316,45831291,8128441
2021-12-04,22201,418660,45853492,8547101
2021-12-05,11801,261286,45865293,8808387
2021-12-06,25574,457461,45890867,9265848
2021-12-07,23924,480112,45914791,9745960
2021-12-08,9898,249618,45924689,9995578
2021-12-09,31334,491846,45956023,10487424
2021-12-10,27865,517756,45983888,11005180
2021-12-11,23376,459182,46007264,11464362
2021-12-12,12176,293433,46019440,11757795
2021-12-13,25943,467514,46045383,12225309
2021-12-14,24967,494086,46070350,12719395
2021-12-15,25117,517023,46095467,13236418
2021-12-16,27582,520092,46123049,13756510
2021-12-17,29098,517010,46152147,14273520
2021-12-18,26753,468621,46178900,14742141
2021-12-19,14979,300452,46193879,15042593
2021-12-20,30370,477351,46224249,15519944
2021-12-21,30143,493201,46254392,16013145
2021-12-22,29166,484551,46283558,16497696
2021-12-23,27956,426798,46311514,16924494
2021-12-24,12999,210760,46324513,17135254
2021-12-25,2092,33048,46326605,17168302
2021-12-26,8671,159035,46335276,17327337
2021-12-27,46463,504534,46381739,17831871
2021-12-28,42072,554078,46423811,18385949
2021-12-29,33928,550529,46457739,18936478
2021-12-30,31466,499708,46489205,19436186
2021-12-31,13927,247339,46503132,19683525
2022-01-01,3447,64792,46506579,19748317
2022-01-02,22488,276683,46529067,20025000
2022-01-03,47312,520861,46576379,20545861
2022-01-04,45836,572908,46622215,21118769
2022-01-05,40060,561194,46662275,21679963
2022-01-06,23040,274404,46685315,21954367
2022-01-07,62907,554977,46748222,22509344
2022-01-08,59893,503261,46808115,23012605
2022-01-09,42003,319618,46850118,23332223
2022-01-10,60371,543046,46910489,23875269
2022-01-11,60871,587770,46971360,24463039
2022-01-12,57510,582043,47028870,25045082
2022-01-13,57723,581096,47086593,25626178
2022-01-14,45766,589141,47132359,26215319
2022-01-15,38087,569481,47170446,26784800
2022-01-16,30409,341428,47200855,27126228
2022-01-17,53995,490381,47254850,27616609
2022-01-18,57675,517681,47312525,28134290
2022-01-19,56445,503445,47368970,28637735
2022-01-20,53625,499476,47422595,29137211
2022-01-21,41216,494532,47463811,29631743
2022-01-22,30098,469406,47493909,30101149
2022-01-23,34317,275246,47528226,30376395
2022-01-24,55532,437951,47583758,30814346
2022-01-25,60961,452836,47644719,31267182
2022-01-26,57809,436502,47702528,31703684
2022-01-27,48097,432999,47750625,32136683
2022-01-28,57802,437236,47808427,32573919
2022-01-29,67099,411988,47875526,32985907
2022-01-30,49666,235715,47925192,33221622
2022-01-31,59575,357710,47984767,33579332
2022-02-01,64654,329200,48049421,33908532
2022-02-02,62330,297539,48111751,34206071
2022-02-03,59354,275105,48171105,34481176
2022-02-04,71606,268994,48242711,34750170
2022-02-05,82664,248266,48325375,34998436
2022-02-06,54694,116109,48380069,35114545
2022-02-07,64481,200590,48444550,35315135
2022-02-08,66160,186735,48510710,35501870
2022-02-09,58114,166873,48568824,35668743
2022-02-10,57960,163696,48626784,35832439
2022-02-11,61630,162843,48688414,35995282
2022-02-12,71256,152009,48759670,36147291
2022-02-13,41092,68746,48800762,36216037
2022-02-14,46268,116672,48847030,36332709
2022-02-15,48026,123915,48895056,36456624
2022-02-16,45215,106474,48940271,36563098
2022-02-17,42514,98215,48982785,36661313
2022-02-18,46223,112612,49029008,36773925
2022-02-19,52122,100245,49081130,36874170
2022-02-20,31239,40260,49112369,36914430
2022-02-21,37664,89688,49150033,37004118
2022-02-22,36932,83756,49186965,37087874
2022-02-23,33156,79344,49220121,37167218
2022-02-24,32293,78053,49252414,37245271
2022-02-25,34466,90573,49286880,37335844
2022-02-26,38761,88686,49325641,37424530
2022-02-27,22402,35722,49348043,37460252
2022-02-28,28163,81535,49376206,37541787
2022-03-01,22326,53907,49398532,37595694
2022-03-02,21676,50397,49420208,37646091
2022-03-03,22188,54535,49442396,37700626
2022-03-04,22603,62066,49464999,37762692
2022-03-05,23268,57604,49488267,37820296
2022-03-06,9428,17002,49497695,37837298