data_somministrazione,vaccinazioni,booster,cum_vaccinazioni,cum_booster
2020-12-27,20,0,20,0
2020-12-28,2,0,22,0
2020-12-29,1,0,23,0
2020-12-30,9,0,32,0
2020-12-31,73,0,105,0
2021-01-01,23,0,128,0
2021-01-02,128,0,256,0
2021-01-03,93,0,349,0
2021-01-04,219,0,568,0
2021-01-05,257,0,825,0
2021-01-06,227,0,1052,0
2021-01-07,306,0,1358,0
2021-01-08,353,0,1711,0
2021-01-09,265,0,1976,0
2021-01-10,160,0,2136,0
2021-01-11,290,0,2426,0
2021-01-12,275,0,2701,0
2021-01-13,404,0,3105,0
2021-01-14,488,0,3593,0
2021-01-15,305,0,3898,0
2021-01-16,214,0,4112,0
2021-01-17,3060,0,7172,0
2021-01-18,5215,0,12387,0
2021-01-19,1893,0,14280,0
2021-01-20,4656,0,18936,0
2021-01-21,20005,0,38941,0
2021-01-22,14220,0,53161,0
2021-01-23,33329,0,86490,0
2021-01-24,30782,0,117272,0
2021-01-25,64721,0,181993,0
2021-01-26,76487,0,258480,0
2021-01-27,64824,0,323304,0
2021-01-28,89269,0,412573,0
2021-01-29,94018,0,506591,0
2021-01-30,86552,0,593143,0
2021-01-31,57329,0,650472,0
2021-02-01,81852,0,732324,0
2021-02-02,82140,0,814464,0
2021-02-03,91113,0,905577,0
2021-02-04,95395,0,1000972,0
2021-02-05,90272,0,1091244,0
2021-02-06,63449,0,1154693,0
2021-02-07,32933,0,1187626,0
2021-02-08,40424,0,1228050,0
2021-02-09,32870,0,1260920,0
2021-02-10,28428,0,1289348,0
2021-02-11,20403,0,1309751,0
2021-02-12,16239,0,1325990,0
2021-02-13,7274,0,1333264,0
2021-02-14,2862,0,1336126,0
2021-02-15,6844,0,1342970,0
2021-02-16,7002,0,1349972,0
2021-02-17,10525,0,1360497,0
2021-02-18,9252,0,1369749,0
2021-02-19,8251,0,1378000,0
2021-02-20,5567,0,1383567,0
2021-02-21,3003,0,1386570,0
2021-02-22,6884,0,1393454,0
2021-02-23,7179,0,1400633,0
2021-02-24,9808,0,1410441,0
2021-02-25,14211,0,1424652,0
2021-02-26,17555,0,1442207,0
2021-02-27,13915,0,1456122,0
2021-02-28,9388,0,1465510,0
2021-03-01,26519,0,1492029,0
2021-03-02,33243,0,1525272,0
2021-03-03,44649,0,1569921,0
2021-03-04,50292,0,1620213,0
2021-03-05,55734,0,1675947,0
2021-03-06,41872,0,1717819,0
2021-03-07,22322,0,1740141,0
2021-03-08,50824,0,1790965,0
2021-03-09,53077,0,1844042,0
2021-03-10,58658,0,1902700,0
2021-03-11,63871,0,1966571,0
2021-03-12,65112,0,2031683,0
2021-03-13,51725,0,2083408,0
2021-03-14,35404,0,2118812,0
2021-03-15,73447,0,2192259,0
2021-03-16,74026,0,2266285,0
2021-03-17,83130,0,2349415,0
2021-03-18,81629,0,2431044,0
2021-03-19,81084,0,2512128,0
2021-03-20,64725,0,2576853,0
2021-03-21,47303,0,2624156,0
2021-03-22,69486,0,2693642,0
2021-03-23,75805,0,2769447,0
2021-03-24,90917,0,2860364,0
2021-03-25,89812,0,2950176,0
2021-03-26,83631,0,3033807,0
2021-03-27,71945,0,3105752,0
2021-03-28,44149,0,3149901,0
2021-03-29,70832,0,3220733,0
2021-03-30,81392,0,3302125,0
2021-03-31,96244,0,3398369,0
2021-04-01,95311,0,3493680,0
2021-04-02,84075,0,3577755,0
2021-04-03,64306,0,3642061,0
2021-04-04,21718,0,3663779,0
2021-04-05,40316,0,3704095,0
2021-04-06,81324,0,3785419,0
2021-04-07,95834,0,3881253,0
2021-04-08,95245,0,3976498,0
2021-04-09,88493,0,4064991,0
2021-04-10,74031,0,4139022,0
2021-04-11,44766,0,4183788,0
2021-04-12,66917,0,4250705,0
2021-04-13,72581,0,4323286,0
2021-04-14,85545,0,4408831,0
2021-04-15,105415,0,4514246,0
2021-04-16,106421,0,4620667,0
2021-04-17,90519,0,4711186,0
2021-04-18,58596,0,4769782,0
2021-04-19,93432,0,4863214,0
2021-04-20,103772,0,4966986,0
2021-04-21,125344,0,5092330,0
2021-04-22,143521,0,5235851,0
2021-04-23,138746,0,5374597,0
2021-04-24,124445,0,5499042,0
2021-04-25,61458,0,5560500,0
2021-04-26,97894,0,5658394,0
2021-04-27,128362,0,5786756,0
2021-04-28,156375,0,5943131,0
2021-04-29,195599,0,6138730,0
2021-04-30,214590,0,6353320,0
2021-05-01,174125,0,6527445,0
2021-05-02,135806,0,6663251,0
2021-05-03,142048,0,6805299,0
2021-05-04,158696,0,6963995,0
2021-05-05,170511,0,7134506,0
2021-05-06,197809,0,7332315,0
2021-05-07,213850,0,7546165,0
2021-05-08,213419,0,7759584,0
2021-05-09,143204,0,7902788,0
2021-05-10,165085,0,8067873,0
2021-05-11,174992,0,8242865,0
2021-05-12,179191,0,8422056,0
2021-05-13,203395,0,8625451,0
2021-05-14,222923,0,8848374,0
2021-05-15,210375,0,9058749,0
2021-05-16,159280,0,9218029,0
2021-05-17,219205,0,9437234,0
2021-05-18,213024,0,9650258,0
2021-05-19,207091,0,9857349,0
2021-05-20,270872,0,10128221,0
2021-05-21,270899,0,10399120,0
2021-05-22,245530,0,10644650,0
2021-05-23,197183,0,10841833,0
2021-05-24,228310,0,11070143,0
2021-05-25,245697,0,11315840,0
2021-05-26,277511,0,11593351,0
2021-05-27,311089,0,11904440,0
2021-05-28,299577,0,12204017,0
2021-05-29,231233,0,12435250,0
2021-05-30,170844,0,12606094,0
2021-05-31,216430,0,12822524,0
2021-06-01,207639,0,13030163,0
2021-06-02,115805,0,13145968,0
2021-06-03,180156,0,13326124,0
2021-06-04,184892,0,13511016,0
2021-06-05,185970,0,13696986,0
2021-06-06,139556,0,13836542,0
2021-06-07,161883,0,13998425,0
2021-06-08,171243,0,14169668,0
2021-06-09,171498,0,14341166,0
2021-06-10,174120,0,14515286,0
2021-06-11,169996,0,14685282,0
2021-06-12,128342,0,14813624,0
2021-06-13,91198,0,14904822,0
2021-06-14,214691,0,15119513,0
2021-06-15,228430,0,15347943,0
2021-06-16,253087,0,15601030,0
2021-06-17,301743,0,15902773,0
2021-06-18,306306,0,16209079,0
2021-06-19,275102,0,16484181,0
2021-06-20,220797,0,16704978,0
2021-06-21,288077,0,16993055,0
2021-06-22,296232,0,17289287,0
2021-06-23,302694,0,17591981,0
2021-06-24,332616,0,17924597,0
2021-06-25,348716,0,18273313,0
2021-06-26,300130,0,18573443,0
2021-06-27,228678,0,18802121,0
2021-06-28,307107,0,19109228,0
2021-06-29,329307,0,19438535,0
2021-06-30,342179,0,19780714,0
2021-07-01,363230,0,20143944,0
2021-07-02,368484,0,20512428,0
2021-07-03,371097,0,20883525,0
2021-07-04,283220,0,21166745,0
2021-07-05,384550,0,21551295,0
2021-07-06,385484,0,21936779,0
2021-07-07,412123,0,22348902,0
2021-07-08,479603,0,22828505,0
2021-07-09,498485,0,23326990,0
2021-07-10,475179,0,23802169,0
2021-07-11,357704,0,24159873,0
2021-07-12,485896,0,24645769,0
2021-07-13,492109,0,25137878,0
2021-07-14,480456,0,25618334,0
2021-07-15,523451,0,26141785,0
2021-07-16,509764,0,26651549,0
2021-07-17,464335,0,27115884,0
2021-07-18,364651,0,27480535,0
2021-07-19,463053,0,27943588,0
2021-07-20,458064,0,28401652,0
2021-07-21,462797,0,28864449,0
2021-07-22,475391,0,29339840,0
2021-07-23,441330,0,29781170,0
2021-07-24,386158,0,30167328,0
2021-07-25,287558,0,30454886,0
2021-07-26,430886,0,30885772,0
2021-07-27,440131,0,31325903,0
2021-07-28,391014,0,31716917,0
2021-07-29,372082,0,32088999,0
2021-07-30,341515,0,32430514,0
2021-07-31,287035,0,32717549,0
2021-08-01,191001,0,32908550,0
2021-08-02,333704,0,33242254,0
2021-08-03,323199,0,33565453,0
2021-08-04,310980,0,33876433,0
2021-08-05,292498,0,34168931,0
2021-08-06,260021,0,34428952,0
2021-08-07,199053,0,34628005,0
2021-08-08,153108,0,34781113,0
2021-08-09,234078,0,35015191,0
2021-08-10,205259,0,35220450,0
2021-08-11,193779,0,35414229,0
2021-08-12,168038,0,35582267,0
2021-08-13,148638,0,35730905,0
2021-08-14,66096,0,35797001,0
2021-08-15,26339,0,35823340,0
2021-08-16,114704,0,35938044,0
2021-08-17,129251,0,36067295,0
2021-08-18,128753,0,36196048,0
2021-08-19,124826,0,36320874,0
2021-08-20,123790,0,36444664,0
2021-08-21,83130,0,36527794,0
2021-08-22,68172,0,36595966,0
2021-08-23,176872,0,36772838,0
2021-08-24,156896,0,36929734,0
2021-08-25,177172,0,37106906,0
2021-08-26,172366,0,37279272,0
2021-08-27,185833,0,37465105,0
2021-08-28,140282,0,37605387,0
2021-08-29,98990,0,37704377,0
2021-08-30,209599,0,37913976,0
2021-08-31,194644,0,38108620,0
2021-09-01,192207,0,38300827,0
2021-09-02,189929,0,38490756,0
2021-09-03,191294,0,38682050,0
2021-09-04,131466,0,38813516,0
2021-09-05,87852,0,38901368,0
2021-09-06,193624,0,39094992,0
2021-09-07,196032,0,39291024,0
2021-09-08,187881,0,39478905,0
2021-09-09,201444,0,39680349,0
2021-09-10,198075,0,39878424,0
2021-09-11,141295,0,40019719,0
2021-09-12,89595,0,40109314,0
2021-09-13,191123,611,40300437,611
2021-09-14,177228,621,40477665,1232
2021-09-15,163096,622,40640761,1854
2021-09-16,160071,966,40800832,2820
2021-09-17,150172,1144,40951004,3964
2021-09-18,127982,758,41078986,4722
2021-09-19,81139,502,41160125,5224
2021-09-20,180071,9108,41340196,14332
2021-09-21,166657,8847,41506853,23179
2021-09-22,159098,9449,41665951,32628
2021-09-23,138084,9343,41804035,41971
2021-09-24,140550,8985,41944585,50956
2021-09-25,119560,5657,42064145,56613
2021-09-26,71979,4352,42136124,60965
2021-09-27,135665,10066,42271789,71031
2021-09-28,117510,11411,42389299,82442
2021-09-29,112354,11842,42501653,94284
2021-09-30,110268,14967,42611921,109251
2021-10-01,94992,19123,42706913,128374
2021-10-02,78512,14032,42785425,142406
2021-10-03,47750,7665,42833175,150071
2021-10-04,88383,34468,42921558,184539
2021-10-05,80377,34000,43001935,218539
2021-10-06,71997,34190,43073932,252729
2021-10-07,71868,34362,43145800,287091
2021-10-08,80632,33607,43226432,320698
2021-10-09,76106,22186,43302538,342884
2021-10-10,45781,13625,43348319,356509
2021-10-11,87440,41122,43435759,397631
2021-10-12,84506,46922,43520265,444553
2021-10-13,88208,52138,43608473,496691
2021-10-14,91547,58541,43700020,555232
2021-10-15,93594,55655,43793614,610887
2021-10-16,82972,36809,43876586,647696
2021-10-17,51461,23846,43928047,671542
2021-10-18,90303,59502,44018350,731044
2021-10-19,78348,69396,44096698,800440
2021-10-20,75071,78194,44171769,878634
2021-10-21,78303,81780,44250072,960414
2021-10-22,73781,77059,44323853,1037473
2021-10-23,60830,51967,44384683,1089440
2021-10-24,33372,23472,44418055,1112912
2021-10-25,64907,81646,44482962,1194558
2021-10-26,58375,91820,44541337,1286378
2021-10-27,58330,104013,44599667,1390391
2021-10-28,61453,114140,44661120,1504531
2021-10-29,61638,103160,44722758,1607691
2021-10-30,50675,68132,44773433,1675823
2021-10-31,25162,28303,44798595,1704126
2021-11-01,19048,28157,44817643,1732283
2021-11-02,62743,89421,44880386,1821704
2021-11-03,60728,118678,44941114,1940382
2021-11-04,59246,126683,45000360,2067065
2021-11-05,63097,135207,45063457,2202272
2021-11-06,46481,90935,45109938,2293207
2021-11-07,22253,37900,45132191,2331107
2021-11-08,51529,131286,45183720,2462393
2021-11-09,45400,144222,45229120,2606615
2021-11-10,42590,156362,45271710,2762977
2021-11-11,44929,155157,45316639,2918134
2021-11-12,46319,158657,45362958,3076791
2021-11-13,33265,116665,45396223,3193456
2021-11-14,14492,52456,45410715,3245912
2021-11-15,36910,157439,45447625,3403351
2021-11-16,30562,171396,45478187,3574747
2021-11-17,28467,178452,45506654,3753199
2021-11-18,30288,193745,45536942,3946944
2021-11-19,28812,205872,45565754,4152816
2021-11-20,21003,156455,45586757,4309271
2021-11-21,10612,64865,45597369,4374136
2021-11-22,21946,213160,45619315,4587296
2021-11-23,23590,241763,45642905,4829059
2021-11-24,27796,271025,45670701,5100084
2021-11-25,23246,301930,45693947,5402014
2021-11-26,24590,318289,45718537,5720303
2021-11-27,21392,266165,45739929,5986468
2021-11-28,9904,137063,45749833,6123531
2021-11-29,22349,326072,45772182,6449603
2021-11-30,23106,365847,45795288,6815450
2021-12-01,21531,413512,45816819,7228962
2021-12-02,23775,440425,45840594,7669387
2021-12-03,25269,467499,45865863,8136886
2021-12-04,22382,418786,45888245,8555672
2021-12-05,11938,261358,45900183,8817030
2021-12-06,25833,457619,45926016,9274649
2021-12-07,24152,480286,45950168,9754935
2021-12-08,10019,249711,45960187,10004646
2021-12-09,31607,491951,45991794,10496597
2021-12-10,28083,517916,46019877,11014513
2021-12-11,23582,459263,46043459,11473776
2021-12-12,12311,293520,46055770,11767296
2021-12-13,26168,467640,46081938,12234936
2021-12-14,25190,494221,46107128,12729157
2021-12-15,25357,517174,46132485,13246331
2021-12-16,27904,520285,46160389,13766616
2021-12-17,29377,517198,46189766,14283814
2021-12-18,27081,468759,46216847,14752573
2021-12-19,15160,300539,46232007,15053112
2021-12-20,30650,477498,46262657,15530610
2021-12-21,30404,493413,46293061,16024023
2021-12-22,29471,484730,46322532,16508753
2021-12-23,28267,426929,46350799,16935682
2021-12-24,13120,210836,46363919,17146518
2021-12-25,2103,33053,46366022,17179571
2021-12-26,8769,159074,46374791,17338645
2021-12-27,46822,504676,46421613,17843321
2021-12-28,42486,554234,46464099,18397555
2021-12-29,34376,550662,46498475,18948217
2021-12-30,31864,499850,46530339,19448067
2021-12-31,14131,247403,46544470,19695470
2022-01-01,3499,64815,46547969,19760285
2022-01-02,22798,276725,46570767,20037010
2022-01-03,47896,520027,46618663,20557037
2022-01-04,46419,572098,46665082,21129135
2022-01-05,40792,560405,46705874,21689540
2022-01-06,23511,274490,46729385,21964030
2022-01-07,63748,554202,46793133,22518232
2022-01-08,60917,503405,46854050,23021637
2022-01-09,42906,319695,46896956,23341332
2022-01-10,61129,542313,46958085,23883645
2022-01-11,61781,587015,47019866,24470660
2022-01-12,58499,581299,47078365,25051959
2022-01-13,58657,580413,47137022,25632372
2022-01-14,46865,588599,47183887,26220971
2022-01-15,39474,569961,47223361,26790932
2022-01-16,31268,341884,47254629,27132816
2022-01-17,54815,489677,47309444,27622493
2022-01-18,58432,517038,47367876,28139531
2022-01-19,57237,502808,47425113,28642339
2022-01-20,54371,498836,47479484,29141175
2022-01-21,42131,493885,47521615,29635060
2022-01-22,31236,469608,47552851,30104668
2022-01-23,34953,275384,47587804,30380052
2022-01-24,56197,437236,47644001,30817288
2022-01-25,61573,452118,47705574,31269406
2022-01-26,58565,435837,47764139,31705243
2022-01-27,48860,432385,47812999,32137628
2022-01-28,58723,436549,47871722,32574177
2022-01-29,68156,412502,47939878,32986679
2022-01-30,50398,235976,47990276,33222655
2022-01-31,60660,356938,48050936,33579593
2022-02-01,65575,328452,48116511,33908045
2022-02-02,63218,296983,48179729,34205028
2022-02-03,60070,274520,48239799,34479548
2022-02-04,72392,268462,48312191,34748010
2022-02-05,83793,248539,48395984,34996549
2022-02-06,55300,116207,48451284,35112756
2022-02-07,65162,199941,48516446,35312697
2022-02-08,66934,186118,48583380,35498815
2022-02-09,58766,166335,48642146,35665150
2022-02-10,58588,163239,48700734,35828389
2022-02-11,62259,162466,48762993,35990855
2022-02-12,71988,152147,48834981,36143002
2022-02-13,41476,68852,48876457,36211854
2022-02-14,46698,116187,48923155,36328041
2022-02-15,48542,123479,48971697,36451520
2022-02-16,45679,106122,49017376,36557642
2022-02-17,42867,98113,49060243,36655755
2022-02-18,46625,112578,49106868,36768333
2022-02-19,52541,100334,49159409,36868667
2022-02-20,31409,40366,49190818,36909033
2022-02-21,37887,89653,49228705,36998686
2022-02-22,37224,83776,49265929,37082462
2022-02-23,33397,79409,49299326,37161871
2022-02-24,32555,78161,49331881,37240032
2022-02-25,34763,90709,49366644,37330741
2022-02-26,39158,89134,49405802,37419875
2022-02-27,22545,35857,49428347,37455732
2022-02-28,28481,81690,49456828,37537422
2022-03-01,22722,53940,49479550,37591362
2022-03-02,21952,50681,49501502,37642043
2022-03-03,22620,54947,49524122,37696990
2022-03-04,23234,62798,49547356,37759788
2022-03-05,23798,57951,49571154,37817739
2022-03-06,9471,17201,49580625,37834940
2022-03-07,15916,51389,49596541,37886329
2022-03-08,15477,48796,49612018,37935125
2022-03-09,13812,46518,49625830,37981643
2022-03-10,14050,52119,49639880,38033762
2022-03-11,15584,57264,49655464,38091026
2022-03-12,15505,56618,49670969,38147644
2022-03-13,5544,16850,49676513,38164494
2022-03-14,10525,46698,49687038,38211192
2022-03-15,10548,46893,49697586,38258085
2022-03-16,9481,41973,49707067,38300058
2022-03-17,9717,44873,49716784,38344931
2022-03-18,10158,49056,49726942,38393987
2022-03-19,9150,46533,49736092,38440520
2022-03-20,2609,11702,49738701,38452222
2022-03-21,7579,40224,49746280,38492446
2022-03-22,8448,37758,49754728,38530204
2022-03-23,7213,33700,49761941,38563904
2022-03-24,8258,38803,49770199,38602707
2022-03-25,8139,43666,49778338,38646373
2022-03-26,8124,41721,49786462,38688094
2022-03-27,2430,9682,49788892,38697776
2022-03-28,6108,35238,49795000,38733014
2022-03-29,5777,32527,49800777,38765541
2022-03-30,5566,30201,49806343,38795742
2022-03-31,5898,33179,49812241,38828921
2022-04-01,4348,25189,49816589,38854110
2022-04-02,4494,23273,49821083,38877383
2022-04-03,1049,4500,49822132,38881883
2022-04-04,3656,21540,49825788,38903423
2022-04-05,3756,22931,49829544,38926354
2022-04-06,4102,21853,49833646,38948207
2022-04-07,3965,23320,49837611,38971527
2022-04-08,4692,26712,49842303,38998239
2022-04-09,4382,23885,49846685,39022124
2022-04-10,892,4613,49847577,39026737
2022-04-11,3815,22685,49851392,39049422
2022-04-12,3363,21777,49854755,39071199
2022-04-13,3566,21335,49858321,39092534
2022-04-14,3486,23786,49861807,39116320
2022-04-15,3084,20617,49864891,39136937
2022-04-16,2149,11918,49867040,39148855
2022-04-17,63,348,49867103,39149203
2022-04-18,152,650,49867255,39149853
2022-04-19,3499,21979,49870754,39171832
2022-04-20,3511,20250,49874265,39192082
2022-04-21,2847,19786,49877112,39211868
2022-04-22,2927,20702,49880039,39232570
2022-04-23,2644,16219,49882683,39248789
2022-04-24,509,2334,49883192,39251123
2022-04-25,183,1165,49883375,39252288
2022-04-26,2759,17805,49886134,39270093
2022-04-27,2374,15792,49888508,39285885
2022-04-28,2358,15558,49890866,39301443
2022-04-29,2293,14844,49893159,39316287
2022-04-30,2123,11580,49895282,39327867
2022-05-01,113,531,49895395,39328398
2022-05-02,1450,9391,49896845,39337789
2022-05-03,1576,10318,49898421,39348107
2022-05-04,1746,10264,49900167,39358371
2022-05-05,1653,10285,49901820,39368656
2022-05-06,1702,10955,49903522,39379611
2022-05-07,1431,8567,49904953,39388178
2022-05-08,416,1519,49905369,39389697
2022-05-09,1027,8928,49906396,39398625
2022-05-10,1423,9545,49907819,39408170
2022-05-11,1483,10098,49909302,39418268
2022-05-12,1370,10131,49910672,39428399
2022-05-13,1594,10517,49912266,39438916
2022-05-14,1357,8235,49913623,39447151
2022-05-15,336,1131,49913959,39448282
2022-05-16,813,8405,49914772,39456687
2022-05-17,1243,8696,49916015,39465383
2022-05-18,1373,9231,49917388,39474614
2022-05-19,1500,9277,49918888,39483891
2022-05-20,1421,9514,49920309,39493405
2022-05-21,1300,7899,49921609,39501304
2022-05-22,231,1013,49921840,39502317
2022-05-23,830,8267,49922670,39510584
2022-05-24,1073,8672,49923743,39519256
2022-05-25,1369,9459,49925112,39528715
2022-05-26,1195,9474,49926307,39538189
2022-05-27,1232,9912,49927539,39548101
2022-05-28,1205,7885,49928744,39555986
2022-05-29,286,1266,49929030,39557252
2022-05-30,931,8054,49929961,39565306
2022-05-31,1036,8546,49930997,39573852
2022-06-01,891,7655,49931888,39581507
2022-06-02,35,474,49931923,39581981
2022-06-03,818,7332,49932741,39589313
2022-06-04,870,5162,49933611,39594475
2022-06-05,89,586,49933700,39595061
2022-06-06,678,6991,49934378,39602052
2022-06-07,951,7847,49935329,39609899
2022-06-08,982,7908,49936311,39617807
2022-06-09,1037,8413,49937348,39626220
2022-06-10,958,8564,49938306,39634784
2022-06-11,903,6206,49939209,39640990
2022-06-12,140,768,49939349,39641758
2022-06-13,602,6301,49939951,39648059
2022-06-14,827,7896,49940778,39655955
2022-06-15,955,7852,49941733,39663807
2022-06-16,730,7392,49942463,39671199
2022-06-17,723,7243,49943186,39678442
2022-06-18,777,5593,49943963,39684035
2022-06-19,47,522,49944010,39684557
2022-06-20,587,6698,49944597,39691255
2022-06-21,736,7665,49945333,39698920
2022-06-22,780,7308,49946113,39706228
2022-06-23,651,7465,49946764,39713693
2022-06-24,644,7474,49947408,39721167
2022-06-25,835,6534,49948243,39727701
2022-06-26,128,523,49948371,39728224
2022-06-27,532,7123,49948903,39735347
2022-06-28,745,8206,49949648,39743553
2022-06-29,756,7728,49950404,39751281
2022-06-30,746,8143,49951150,39759424
2022-07-01,577,6443,49951727,39765867
2022-07-02,536,4769,49952263,39770636
2022-07-03,49,456,49952312,39771092
2022-07-04,469,6277,49952781,39777369
2022-07-05,628,8117,49953409,39785486
2022-07-06,633,7610,49954042,39793096
2022-07-07,571,8269,49954613,39801365
2022-07-08,673,8083,49955286,39809448
2022-07-09,550,6104,49955836,39815552
2022-07-10,58,533,49955894,39816085
2022-07-11,487,7640,49956381,39823725
2022-07-12,667,9027,49957048,39832752
2022-07-13,641,10067,49957689,39842819
2022-07-14,636,10225,49958325,39853044
2022-07-15,625,10666,49958950,39863710
2022-07-16,522,7214,49959472,39870924
2022-07-17,48,770,49959520,39871694
2022-07-18,497,9369,49960017,39881063
2022-07-19,574,10682,49960591,39891745
2022-07-20,580,11272,49961171,39903017
2022-07-21,627,12085,49961798,39915102
2022-07-22,583,11259,49962381,39926361
2022-07-23,379,6771,49962760,39933132
2022-07-24,76,857,49962836,39933989
2022-07-25,503,9052,49963339,39943041
2022-07-26,519,9758,49963858,39952799
2022-07-27,550,10200,49964408,39962999
2022-07-28,530,10529,49964938,39973528
2022-07-29,510,9465,49965448,39982993
2022-07-30,382,5881,49965830,39988874
2022-07-31,49,764,49965879,39989638
2022-08-01,386,6864,49966265,39996502
2022-08-02,539,7583,49966804,40004085
2022-08-03,513,7174,49967317,40011259
2022-08-04,455,7489,49967772,40018748
2022-08-05,420,6520,49968192,40025268
2022-08-06,298,3611,49968490,40028879
2022-08-07,44,562,49968534,40029441
2022-08-08,402,4893,49968936,40034334
2022-08-09,382,5307,49969318,40039641
2022-08-10,381,4814,49969699,40044455
2022-08-11,366,4777,49970065,40049232
2022-08-12,292,3721,49970357,40052953
2022-08-13,143,1600,49970500,40054553
2022-08-14,9,129,49970509,40054682
2022-08-15,1,26,49970510,40054708
2022-08-16,283,3043,49970793,40057751
2022-08-17,352,3536,49971145,40061287
2022-08-18,390,4159,49971535,40065446
2022-08-19,341,3318,49971876,40068764
2022-08-20,183,1714,49972059,40070478
2022-08-21,24,149,49972083,40070627
2022-08-22,329,2950,49972412,40073577
2022-08-23,370,3674,49972782,40077251
2022-08-24,383,3359,49973165,40080610
2022-08-25,421,3772,49973586,40084382
2022-08-26,396,3571,49973982,40087953
2022-08-27,237,1769,49974219,40089722
2022-08-28,29,267,49974248,40089989
2022-08-29,355,3161,49974603,40093150
2022-08-30,403,3669,49975006,40096819
2022-08-31,437,3734,49975443,40100553
2022-09-01,352,3117,49975795,40103670
2022-09-02,296,2890,49976091,40106560
2022-09-03,199,1688,49976290,40108248
2022-09-04,23,149,49976313,40108397
2022-09-05,186,2653,49976499,40111050
2022-09-06,303,2988,49976802,40114038
2022-09-07,540,2935,49977342,40116973
2022-09-08,291,2959,49977633,40119932
2022-09-09,304,2885,49977937,40122817
2022-09-10,227,1326,49978164,40124143
2022-09-11,21,124,49978185,40124267
2022-09-12,267,2262,49978452,40126529
2022-09-13,251,2274,49978703,40128803
2022-09-14,263,2564,49978966,40131367
2022-09-15,280,2491,49979246,40133858
2022-09-16,253,2542,49979499,40136400
2022-09-17,239,1339,49979738,40137739
2022-09-18,20,170,49979758,40137909
2022-09-19,205,1969,49979963,40139878
2022-09-20,236,2383,49980199,40142261
2022-09-21,289,2525,49980488,40144786
2022-09-22,263,2647,49980751,40147433
2022-09-23,257,2530,49981008,40149963
2022-09-24,193,1427,49981201,40151390
2022-09-25,28,133,49981229,40151523
2022-09-26,280,2247,49981509,40153770
2022-09-27,286,2669,49981795,40156439
2022-09-28,308,2888,49982103,40159327
2022-09-29,255,3040,49982358,40162367
2022-09-30,290,2969,49982648,40165336
2022-10-01,193,1510,49982841,40166846
2022-10-02,11,187,49982852,40167033
2022-10-03,181,2469,49983033,40169502
2022-10-04,235,2854,49983268,40172356
2022-10-05,223,3215,49983491,40175571
2022-10-06,241,3834,49983732,40179405
2022-10-07,282,4156,49984014,40183561
2022-10-08,200,2234,49984214,40185795
2022-10-09,8,304,49984222,40186099
2022-10-10,206,3336,49984428,40189435
2022-10-11,191,4342,49984619,40193777
2022-10-12,207,4408,49984826,40198185
2022-10-13,200,5286,49985026,40203471
2022-10-14,229,5011,49985255,40208482
2022-10-15,186,2660,49985441,40211142
2022-10-16,6,358,49985447,40211500
2022-10-17,185,3848,49985632,40215348
2022-10-18,255,4945,49985887,40220293
2022-10-19,235,5425,49986122,40225718
2022-10-20,220,5938,49986342,40231656
2022-10-21,251,5404,49986593,40237060
2022-10-22,194,2898,49986787,40239958
2022-10-23,13,355,49986800,40240313
2022-10-24,168,3866,49986968,40244179
2022-10-25,245,4843,49987213,40249022
2022-10-26,287,5329,49987500,40254351
2022-10-27,225,5463,49987725,40259814
2022-10-28,197,4975,49987922,40264789
2022-10-29,125,2532,49988047,40267321
2022-10-30,3,280,49988050,40267601
2022-10-31,108,2937,49988158,40270538
2022-11-01,9,320,49988167,40270858