data_somministrazione,vaccinazioni,booster,cum_vaccinazioni,cum_booster
2020-12-27,15,0,15,0
2020-12-28,2,0,17,0
2020-12-29,1,0,18,0
2020-12-30,2,0,20,0
2020-12-31,34,0,54,0
2021-01-01,12,0,66,0
2021-01-02,54,0,120,0
2021-01-03,45,0,165,0
2021-01-04,120,0,285,0
2021-01-05,157,0,442,0
2021-01-06,132,0,574,0
2021-01-07,193,0,767,0
2021-01-08,236,0,1003,0
2021-01-09,168,0,1171,0
2021-01-10,108,0,1279,0
2021-01-11,195,0,1474,0
2021-01-12,201,0,1675,0
2021-01-13,298,0,1973,0
2021-01-14,389,0,2362,0
2021-01-15,228,0,2590,0
2021-01-16,161,0,2751,0
2021-01-17,3046,0,5797,0
2021-01-18,5178,0,10975,0
2021-01-19,1866,0,12841,0
2021-01-20,4650,0,17491,0
2021-01-21,20002,0,37493,0
2021-01-22,14194,0,51687,0
2021-01-23,33352,0,85039,0
2021-01-24,30789,0,115828,0
2021-01-25,64764,0,180592,0
2021-01-26,76534,0,257126,0
2021-01-27,64871,0,321997,0
2021-01-28,89326,0,411323,0
2021-01-29,94063,0,505386,0
2021-01-30,84350,0,589736,0
2021-01-31,57337,0,647073,0
2021-02-01,81880,0,728953,0
2021-02-02,82150,0,811103,0
2021-02-03,91205,0,902308,0
2021-02-04,94511,0,996819,0
2021-02-05,90256,0,1087075,0
2021-02-06,63722,0,1150797,0
2021-02-07,32913,0,1183710,0
2021-02-08,40401,0,1224111,0
2021-02-09,32826,0,1256937,0
2021-02-10,28367,0,1285304,0
2021-02-11,20339,0,1305643,0
2021-02-12,16170,0,1321813,0
2021-02-13,7214,0,1329027,0
2021-02-14,2854,0,1331881,0
2021-02-15,6811,0,1338692,0
2021-02-16,6967,0,1345659,0
2021-02-17,10484,0,1356143,0
2021-02-18,9206,0,1365349,0
2021-02-19,8135,0,1373484,0
2021-02-20,5464,0,1378948,0
2021-02-21,2935,0,1381883,0
2021-02-22,6823,0,1388706,0
2021-02-23,7081,0,1395787,0
2021-02-24,9779,0,1405566,0
2021-02-25,14159,0,1419725,0
2021-02-26,17461,0,1437186,0
2021-02-27,13839,0,1451025,0
2021-02-28,9331,0,1460356,0
2021-03-01,26423,0,1486779,0
2021-03-02,33140,0,1519919,0
2021-03-03,44576,0,1564495,0
2021-03-04,50173,0,1614668,0
2021-03-05,55666,0,1670334,0
2021-03-06,41820,0,1712154,0
2021-03-07,22277,0,1734431,0
2021-03-08,50593,0,1785024,0
2021-03-09,52916,0,1837940,0
2021-03-10,58066,0,1896006,0
2021-03-11,63681,0,1959687,0
2021-03-12,64996,0,2024683,0
2021-03-13,51630,0,2076313,0
2021-03-14,35330,0,2111643,0
2021-03-15,73278,0,2184921,0
2021-03-16,73958,0,2258879,0
2021-03-17,83017,0,2341896,0
2021-03-18,81206,0,2423102,0
2021-03-19,80314,0,2503416,0
2021-03-20,64600,0,2568016,0
2021-03-21,47235,0,2615251,0
2021-03-22,69361,0,2684612,0
2021-03-23,75451,0,2760063,0
2021-03-24,90735,0,2850798,0
2021-03-25,89648,0,2940446,0
2021-03-26,83447,0,3023893,0
2021-03-27,71769,0,3095662,0
2021-03-28,44008,0,3139670,0
2021-03-29,70666,0,3210336,0
2021-03-30,80660,0,3290996,0
2021-03-31,95535,0,3386531,0
2021-04-01,94489,0,3481020,0
2021-04-02,83473,0,3564493,0
2021-04-03,64205,0,3628698,0
2021-04-04,21678,0,3650376,0
2021-04-05,40240,0,3690616,0
2021-04-06,81192,0,3771808,0
2021-04-07,95616,0,3867424,0
2021-04-08,94562,0,3961986,0
2021-04-09,87754,0,4049740,0
2021-04-10,73563,0,4123303,0
2021-04-11,44674,0,4167977,0
2021-04-12,66808,0,4234785,0
2021-04-13,72478,0,4307263,0
2021-04-14,85381,0,4392644,0
2021-04-15,104724,0,4497368,0
2021-04-16,105763,0,4603131,0
2021-04-17,90114,0,4693245,0
2021-04-18,57447,0,4750692,0
2021-04-19,93214,0,4843906,0
2021-04-20,102848,0,4946754,0
2021-04-21,124329,0,5071083,0
2021-04-22,142901,0,5213984,0
2021-04-23,137822,0,5351806,0
2021-04-24,123821,0,5475627,0
2021-04-25,61368,0,5536995,0
2021-04-26,97569,0,5634564,0
2021-04-27,128118,0,5762682,0
2021-04-28,155986,0,5918668,0
2021-04-29,195031,0,6113699,0
2021-04-30,213605,0,6327304,0
2021-05-01,174111,0,6501415,0
2021-05-02,135824,0,6637239,0
2021-05-03,141713,0,6778952,0
2021-05-04,158329,0,6937281,0
2021-05-05,170151,0,7107432,0
2021-05-06,197235,0,7304667,0
2021-05-07,213172,0,7517839,0
2021-05-08,212973,0,7730812,0
2021-05-09,143005,0,7873817,0
2021-05-10,164682,0,8038499,0
2021-05-11,174275,0,8212774,0
2021-05-12,178567,0,8391341,0
2021-05-13,202395,0,8593736,0
2021-05-14,222039,0,8815775,0
2021-05-15,209840,0,9025615,0
2021-05-16,159107,0,9184722,0
2021-05-17,218565,0,9403287,0
2021-05-18,212365,0,9615652,0
2021-05-19,206391,0,9822043,0
2021-05-20,270245,0,10092288,0
2021-05-21,269849,0,10362137,0
2021-05-22,244671,0,10606808,0
2021-05-23,197025,0,10803833,0
2021-05-24,227754,0,11031587,0
2021-05-25,245014,0,11276601,0
2021-05-26,277104,0,11553705,0
2021-05-27,310500,0,11864205,0
2021-05-28,298634,0,12162839,0
2021-05-29,230492,0,12393331,0
2021-05-30,170653,0,12563984,0
2021-05-31,215958,0,12779942,0
2021-06-01,207061,0,12987003,0
2021-06-02,115587,0,13102590,0
2021-06-03,179655,0,13282245,0
2021-06-04,183997,0,13466242,0
2021-06-05,185173,0,13651415,0
2021-06-06,139323,0,13790738,0
2021-06-07,161044,0,13951782,0
2021-06-08,170365,0,14122147,0
2021-06-09,170782,0,14292929,0
2021-06-10,173290,0,14466219,0
2021-06-11,168676,0,14634895,0
2021-06-12,127252,0,14762147,0
2021-06-13,90876,0,14853023,0
2021-06-14,214082,0,15067105,0
2021-06-15,227799,0,15294904,0
2021-06-16,252792,0,15547696,0
2021-06-17,301150,0,15848846,0
2021-06-18,305410,0,16154256,0
2021-06-19,274744,0,16429000,0
2021-06-20,220557,0,16649557,0
2021-06-21,287716,0,16937273,0
2021-06-22,295685,0,17232958,0
2021-06-23,302301,0,17535259,0
2021-06-24,332086,0,17867345,0
2021-06-25,347979,0,18215324,0
2021-06-26,299912,0,18515236,0
2021-06-27,228737,0,18743973,0
2021-06-28,306801,0,19050774,0
2021-06-29,328304,0,19379078,0
2021-06-30,341523,0,19720601,0
2021-07-01,362197,0,20082798,0
2021-07-02,367875,0,20450673,0
2021-07-03,371215,0,20821888,0
2021-07-04,283177,0,21105065,0
2021-07-05,384160,0,21489225,0
2021-07-06,384879,0,21874104,0
2021-07-07,411863,0,22285967,0
2021-07-08,479140,0,22765107,0
2021-07-09,497510,0,23262617,0
2021-07-10,474844,0,23737461,0
2021-07-11,357730,0,24095191,0
2021-07-12,485634,0,24580825,0
2021-07-13,491477,0,25072302,0
2021-07-14,480325,0,25552627,0
2021-07-15,523194,0,26075821,0
2021-07-16,509309,0,26585130,0
2021-07-17,464378,0,27049508,0
2021-07-18,364759,0,27414267,0
2021-07-19,463039,0,27877306,0
2021-07-20,457799,0,28335105,0
2021-07-21,462656,0,28797761,0
2021-07-22,475066,0,29272827,0
2021-07-23,440534,0,29713361,0
2021-07-24,386071,0,30099432,0
2021-07-25,287498,0,30386930,0
2021-07-26,430449,0,30817379,0
2021-07-27,439574,0,31256953,0
2021-07-28,390708,0,31647661,0
2021-07-29,371790,0,32019451,0
2021-07-30,340788,0,32360239,0
2021-07-31,286858,0,32647097,0
2021-08-01,190729,0,32837826,0
2021-08-02,333656,0,33171482,0
2021-08-03,322534,0,33494016,0
2021-08-04,310664,0,33804680,0
2021-08-05,292023,0,34096703,0
2021-08-06,259177,0,34355880,0
2021-08-07,198790,0,34554670,0
2021-08-08,153014,0,34707684,0
2021-08-09,233684,0,34941368,0
2021-08-10,204572,0,35145940,0
2021-08-11,193329,0,35339269,0
2021-08-12,167637,0,35506906,0
2021-08-13,148101,0,35655007,0
2021-08-14,65924,0,35720931,0
2021-08-15,26273,0,35747204,0
2021-08-16,114483,0,35861687,0
2021-08-17,128891,0,35990578,0
2021-08-18,128469,0,36119047,0
2021-08-19,124329,0,36243376,0
2021-08-20,123332,0,36366708,0
2021-08-21,82967,0,36449675,0
2021-08-22,68042,0,36517717,0
2021-08-23,176112,0,36693829,0
2021-08-24,156256,0,36850085,0
2021-08-25,176835,0,37026920,0
2021-08-26,172077,0,37198997,0
2021-08-27,185427,0,37384424,0
2021-08-28,139986,0,37524410,0
2021-08-29,98868,0,37623278,0
2021-08-30,209298,0,37832576,0
2021-08-31,194310,0,38026886,0
2021-09-01,191904,0,38218790,0
2021-09-02,189490,0,38408280,0
2021-09-03,190801,0,38599081,0
2021-09-04,131304,0,38730385,0
2021-09-05,87807,0,38818192,0
2021-09-06,193298,0,39011490,0
2021-09-07,195562,0,39207052,0
2021-09-08,187543,0,39394595,0
2021-09-09,201100,0,39595695,0
2021-09-10,197687,0,39793382,0
2021-09-11,141102,0,39934484,0
2021-09-12,89429,0,40023913,0
2021-09-13,190949,335,40214862,335
2021-09-14,177113,419,40391975,754
2021-09-15,162917,451,40554892,1205
2021-09-16,159578,784,40714470,1989
2021-09-17,149750,999,40864220,2988
2021-09-18,127753,654,40991973,3642
2021-09-19,80928,440,41072901,4082
2021-09-20,179371,8951,41252272,13033
2021-09-21,166198,8718,41418470,21751
2021-09-22,158500,9354,41576970,31105
2021-09-23,137371,9220,41714341,40325
2021-09-24,139761,8847,41854102,49172
2021-09-25,119225,5554,41973327,54726
2021-09-26,71724,4293,42045051,59019
2021-09-27,135149,9959,42180200,68978
2021-09-28,116883,11282,42297083,80260
2021-09-29,111808,11724,42408891,91984
2021-09-30,109610,14826,42518501,106810
2021-10-01,94436,18969,42612937,125779
2021-10-02,78152,13980,42691089,139759
2021-10-03,47484,7626,42738573,147385
2021-10-04,87932,34342,42826505,181727
2021-10-05,79968,33872,42906473,215599
2021-10-06,71475,34036,42977948,249635
2021-10-07,71368,34245,43049316,283880
2021-10-08,80178,33368,43129494,317248
2021-10-09,75704,22101,43205198,339349
2021-10-10,45589,13589,43250787,352938
2021-10-11,86951,40941,43337738,393879
2021-10-12,84028,46706,43421766,440585
2021-10-13,87773,51962,43509539,492547
2021-10-14,90887,58341,43600426,550888
2021-10-15,92963,55248,43693389,606136
2021-10-16,82575,36684,43775964,642820
2021-10-17,51199,23771,43827163,666591
2021-10-18,89890,59145,43917053,725736
2021-10-19,78026,69107,43995079,794843
2021-10-20,74779,77799,44069858,872642
2021-10-21,77964,81446,44147822,954088
2021-10-22,73520,76516,44221342,1030604
2021-10-23,60656,51840,44281998,1082444
2021-10-24,33273,23395,44315271,1105839
2021-10-25,64675,81465,44379946,1187304
2021-10-26,58108,91421,44438054,1278725
2021-10-27,58022,103586,44496076,1382311
2021-10-28,61194,113538,44557270,1495849
2021-10-29,61410,102525,44618680,1598374
2021-10-30,50527,67962,44669207,1666336
2021-10-31,25094,28230,44694301,1694566
2021-11-01,19003,28112,44713304,1722678
2021-11-02,62517,89040,44775821,1811718
2021-11-03,60455,118168,44836276,1929886
2021-11-04,58941,126217,44895217,2056103
2021-11-05,62779,134632,44957996,2190735
2021-11-06,46309,90773,45004305,2281508
2021-11-07,22188,37817,45026493,2319325
2021-11-08,51130,130702,45077623,2450027
2021-11-09,45182,143532,45122805,2593559
2021-11-10,42421,155613,45165226,2749172
2021-11-11,44688,154350,45209914,2903522
2021-11-12,46043,157863,45255957,3061385
2021-11-13,32987,116290,45288944,3177675
2021-11-14,14417,52374,45303361,3230049
2021-11-15,36623,156706,45339984,3386755
2021-11-16,30314,170770,45370298,3557525
2021-11-17,28198,177903,45398496,3735428
2021-11-18,30019,192960,45428515,3928388
2021-11-19,28528,204982,45457043,4133370
2021-11-20,20835,155990,45477878,4289360
2021-11-21,10507,64689,45488385,4354049
2021-11-22,21664,212117,45510049,4566166
2021-11-23,23293,240865,45533342,4807031
2021-11-24,27500,270016,45560842,5077047
2021-11-25,22823,300864,45583665,5377911
2021-11-26,24155,317218,45607820,5695129
2021-11-27,21048,265594,45628868,5960723
2021-11-28,9735,136794,45638603,6097517
2021-11-29,21785,324906,45660388,6422423
2021-11-30,22558,364519,45682946,6786942
2021-12-01,20928,411984,45703874,7198926
2021-12-02,23059,438913,45726933,7637839
2021-12-03,24473,465603,45751406,8103442
2021-12-04,21681,418156,45773087,8521598
2021-12-05,11414,261096,45784501,8782694
2021-12-06,24754,456068,45809255,9238762
2021-12-07,23058,478453,45832313,9717215
2021-12-08,9401,249423,45841714,9966638
2021-12-09,30217,490263,45871931,10456901
2021-12-10,26724,515999,45898655,10972900
2021-12-11,22389,458738,45921044,11431638
2021-12-12,11552,293158,45932596,11724796
2021-12-13,24764,466140,45957360,12190936
2021-12-14,23730,492899,45981090,12683835
2021-12-15,23890,515361,46004980,13199196
2021-12-16,26078,518584,46031058,13717780
2021-12-17,27698,515194,46058756,14232974
2021-12-18,25305,468058,46084061,14701032
2021-12-19,13876,300112,46097937,15001144
2021-12-20,28824,475668,46126761,15476812
2021-12-21,28515,491628,46155276,15968440
2021-12-22,27384,483325,46182660,16451765
2021-12-23,26153,425688,46208813,16877453
2021-12-24,12342,210310,46221155,17087763
2021-12-25,2037,32996,46223192,17120759
2021-12-26,7851,158930,46231043,17279689
2021-12-27,43559,503312,46274602,17783001
2021-12-28,38380,552663,46312982,18335664
2021-12-29,30178,549076,46343160,18884740
2021-12-30,27913,498304,46371073,19383044
2021-12-31,12272,246692,46383345,19629736
2022-01-01,3104,64720,46386449,19694456
2022-01-02,19566,276462,46406015,19970918
2022-01-03,42854,519494,46448869,20490412
2022-01-04,40939,571070,46489808,21061482
2022-01-05,35401,559664,46525209,21621146
2022-01-06,20454,274106,46545663,21895252
2022-01-07,58345,552843,46604008,22448095
2022-01-08,55068,502327,46659076,22950422
2022-01-09,38532,319197,46697608,23269619
2022-01-10,56734,540530,46754342,23810149
2022-01-11,56993,585198,46811335,24395347
2022-01-12,53754,579098,46865089,24974445
2022-01-13,54258,578265,46919347,25552710
2022-01-14,42499,586130,46961846,26138840
2022-01-15,34158,566611,46996004,26705451
2022-01-16,27745,340377,47023749,27045828
2022-01-17,51762,487760,47075511,27533588
2022-01-18,55509,514908,47131020,28048496
2022-01-19,54517,499979,47185537,28548475
2022-01-20,51631,495068,47237168,29043543
2022-01-21,39391,489489,47276559,29533032
2022-01-22,28112,465908,47304671,29998940
2022-01-23,33082,272984,47337753,30271924
2022-01-24,53948,430238,47391701,30702162
2022-01-25,22221,203070,47413922,30905232