data_somministrazione,vaccinazioni,booster,cum_vaccinazioni,cum_booster
2020-12-27,18,0,18,0
2020-12-28,2,0,20,0
2020-12-29,1,0,21,0
2020-12-30,6,0,27,0
2020-12-31,55,0,82,0
2021-01-01,21,0,103,0
2021-01-02,94,0,197,0
2021-01-03,73,0,270,0
2021-01-04,186,0,456,0
2021-01-05,229,0,685,0
2021-01-06,180,0,865,0
2021-01-07,271,0,1136,0
2021-01-08,318,0,1454,0
2021-01-09,235,0,1689,0
2021-01-10,140,0,1829,0
2021-01-11,258,0,2087,0
2021-01-12,260,0,2347,0
2021-01-13,376,0,2723,0
2021-01-14,464,0,3187,0
2021-01-15,286,0,3473,0
2021-01-16,200,0,3673,0
2021-01-17,3056,0,6729,0
2021-01-18,5206,0,11935,0
2021-01-19,1890,0,13825,0
2021-01-20,4651,0,18476,0
2021-01-21,20006,0,38482,0
2021-01-22,14201,0,52683,0
2021-01-23,33339,0,86022,0
2021-01-24,30792,0,116814,0
2021-01-25,64743,0,181557,0
2021-01-26,76504,0,258061,0
2021-01-27,64851,0,322912,0
2021-01-28,89310,0,412222,0
2021-01-29,94043,0,506265,0
2021-01-30,86581,0,592846,0
2021-01-31,57343,0,650189,0
2021-02-01,81880,0,732069,0
2021-02-02,82149,0,814218,0
2021-02-03,91199,0,905417,0
2021-02-04,95403,0,1000820,0
2021-02-05,90288,0,1091108,0
2021-02-06,63452,0,1154560,0
2021-02-07,32925,0,1187485,0
2021-02-08,40432,0,1227917,0
2021-02-09,32864,0,1260781,0
2021-02-10,28417,0,1289198,0
2021-02-11,20382,0,1309580,0
2021-02-12,16221,0,1325801,0
2021-02-13,7246,0,1333047,0
2021-02-14,2861,0,1335908,0
2021-02-15,6836,0,1342744,0
2021-02-16,6991,0,1349735,0
2021-02-17,10518,0,1360253,0
2021-02-18,9243,0,1369496,0
2021-02-19,8234,0,1377730,0
2021-02-20,5534,0,1383264,0
2021-02-21,2981,0,1386245,0
2021-02-22,6877,0,1393122,0
2021-02-23,7155,0,1400277,0
2021-02-24,9822,0,1410099,0
2021-02-25,14200,0,1424299,0
2021-02-26,17550,0,1441849,0
2021-02-27,13894,0,1455743,0
2021-02-28,9385,0,1465128,0
2021-03-01,26505,0,1491633,0
2021-03-02,33231,0,1524864,0
2021-03-03,44642,0,1569506,0
2021-03-04,50290,0,1619796,0
2021-03-05,55734,0,1675530,0
2021-03-06,41873,0,1717403,0
2021-03-07,22319,0,1739722,0
2021-03-08,50788,0,1790510,0
2021-03-09,53055,0,1843565,0
2021-03-10,58619,0,1902184,0
2021-03-11,63826,0,1966010,0
2021-03-12,65088,0,2031098,0
2021-03-13,51700,0,2082798,0
2021-03-14,35383,0,2118181,0
2021-03-15,73422,0,2191603,0
2021-03-16,74022,0,2265625,0
2021-03-17,83128,0,2348753,0
2021-03-18,81621,0,2430374,0
2021-03-19,81077,0,2511451,0
2021-03-20,64703,0,2576154,0
2021-03-21,47285,0,2623439,0
2021-03-22,69468,0,2692907,0
2021-03-23,75777,0,2768684,0
2021-03-24,90881,0,2859565,0
2021-03-25,89782,0,2949347,0
2021-03-26,83601,0,3032948,0
2021-03-27,71908,0,3104856,0
2021-03-28,44119,0,3148975,0
2021-03-29,70799,0,3219774,0
2021-03-30,81349,0,3301123,0
2021-03-31,96207,0,3397330,0
2021-04-01,95289,0,3492619,0
2021-04-02,84061,0,3576680,0
2021-04-03,64295,0,3640975,0
2021-04-04,21715,0,3662690,0
2021-04-05,40294,0,3702984,0
2021-04-06,81293,0,3784277,0
2021-04-07,95797,0,3880074,0
2021-04-08,95222,0,3975296,0
2021-04-09,88476,0,4063772,0
2021-04-10,74021,0,4137793,0
2021-04-11,44744,0,4182537,0
2021-04-12,66902,0,4249439,0
2021-04-13,72558,0,4321997,0
2021-04-14,85517,0,4407514,0
2021-04-15,105396,0,4512910,0
2021-04-16,106404,0,4619314,0
2021-04-17,90486,0,4709800,0
2021-04-18,58581,0,4768381,0
2021-04-19,93426,0,4861807,0
2021-04-20,103759,0,4965566,0
2021-04-21,125324,0,5090890,0
2021-04-22,143502,0,5234392,0
2021-04-23,138708,0,5373100,0
2021-04-24,124429,0,5497529,0
2021-04-25,61451,0,5558980,0
2021-04-26,97873,0,5656853,0
2021-04-27,128347,0,5785200,0
2021-04-28,156346,0,5941546,0
2021-04-29,195573,0,6137119,0
2021-04-30,214550,0,6351669,0
2021-05-01,174087,0,6525756,0
2021-05-02,135789,0,6661545,0
2021-05-03,141994,0,6803539,0
2021-05-04,158676,0,6962215,0
2021-05-05,170463,0,7132678,0
2021-05-06,197785,0,7330463,0
2021-05-07,213798,0,7544261,0
2021-05-08,213372,0,7757633,0
2021-05-09,143189,0,7900822,0
2021-05-10,165072,0,8065894,0
2021-05-11,174945,0,8240839,0
2021-05-12,179134,0,8419973,0
2021-05-13,203346,0,8623319,0
2021-05-14,222886,0,8846205,0
2021-05-15,210327,0,9056532,0
2021-05-16,159253,0,9215785,0
2021-05-17,219174,0,9434959,0
2021-05-18,212992,0,9647951,0
2021-05-19,207059,0,9855010,0
2021-05-20,270832,0,10125842,0
2021-05-21,270856,0,10396698,0
2021-05-22,245509,0,10642207,0
2021-05-23,197170,0,10839377,0
2021-05-24,228285,0,11067662,0
2021-05-25,245679,0,11313341,0
2021-05-26,277475,0,11590816,0
2021-05-27,311069,0,11901885,0
2021-05-28,299551,0,12201436,0
2021-05-29,231188,0,12432624,0
2021-05-30,170813,0,12603437,0
2021-05-31,216394,0,12819831,0
2021-06-01,207622,0,13027453,0
2021-06-02,115761,0,13143214,0
2021-06-03,180087,0,13323301,0
2021-06-04,184826,0,13508127,0
2021-06-05,185906,0,13694033,0
2021-06-06,139498,0,13833531,0
2021-06-07,161817,0,13995348,0
2021-06-08,171136,0,14166484,0
2021-06-09,171405,0,14337889,0
2021-06-10,174006,0,14511895,0
2021-06-11,169913,0,14681808,0
2021-06-12,128287,0,14810095,0
2021-06-13,91123,0,14901218,0
2021-06-14,214624,0,15115842,0
2021-06-15,228367,0,15344209,0
2021-06-16,253015,0,15597224,0
2021-06-17,301680,0,15898904,0
2021-06-18,306237,0,16205141,0
2021-06-19,275030,0,16480171,0
2021-06-20,220717,0,16700888,0
2021-06-21,288018,0,16988906,0
2021-06-22,296172,0,17285078,0
2021-06-23,302650,0,17587728,0
2021-06-24,332541,0,17920269,0
2021-06-25,348680,0,18268949,0
2021-06-26,300079,0,18569028,0
2021-06-27,228606,0,18797634,0
2021-06-28,307019,0,19104653,0
2021-06-29,329213,0,19433866,0
2021-06-30,342080,0,19775946,0
2021-07-01,363140,0,20139086,0
2021-07-02,368422,0,20507508,0
2021-07-03,371057,0,20878565,0
2021-07-04,283186,0,21161751,0
2021-07-05,384496,0,21546247,0
2021-07-06,385424,0,21931671,0
2021-07-07,412052,0,22343723,0
2021-07-08,479630,0,22823353,0
2021-07-09,498502,0,23321855,0
2021-07-10,475183,0,23797038,0
2021-07-11,357706,0,24154744,0
2021-07-12,485918,0,24640662,0
2021-07-13,492161,0,25132823,0
2021-07-14,480485,0,25613308,0
2021-07-15,523516,0,26136824,0
2021-07-16,509791,0,26646615,0
2021-07-17,464379,0,27110994,0
2021-07-18,364706,0,27475700,0
2021-07-19,463081,0,27938781,0
2021-07-20,458089,0,28396870,0
2021-07-21,462821,0,28859691,0
2021-07-22,475400,0,29335091,0
2021-07-23,441311,0,29776402,0
2021-07-24,386190,0,30162592,0
2021-07-25,287602,0,30450194,0
2021-07-26,430903,0,30881097,0
2021-07-27,440130,0,31321227,0
2021-07-28,391023,0,31712250,0
2021-07-29,372079,0,32084329,0
2021-07-30,341499,0,32425828,0
2021-07-31,286999,0,32712827,0
2021-08-01,191020,0,32903847,0
2021-08-02,333731,0,33237578,0
2021-08-03,323185,0,33560763,0
2021-08-04,310972,0,33871735,0
2021-08-05,292508,0,34164243,0
2021-08-06,259997,0,34424240,0
2021-08-07,199038,0,34623278,0
2021-08-08,153104,0,34776382,0
2021-08-09,234075,0,35010457,0
2021-08-10,205247,0,35215704,0
2021-08-11,193743,0,35409447,0
2021-08-12,167959,0,35577406,0
2021-08-13,148588,0,35725994,0
2021-08-14,66082,0,35792076,0
2021-08-15,26333,0,35818409,0
2021-08-16,114671,0,35933080,0
2021-08-17,129236,0,36062316,0
2021-08-18,128723,0,36191039,0
2021-08-19,124780,0,36315819,0
2021-08-20,123782,0,36439601,0
2021-08-21,83111,0,36522712,0
2021-08-22,68161,0,36590873,0
2021-08-23,176864,0,36767737,0
2021-08-24,156900,0,36924637,0
2021-08-25,177165,0,37101802,0
2021-08-26,172348,0,37274150,0
2021-08-27,185855,0,37460005,0
2021-08-28,140270,0,37600275,0
2021-08-29,99004,0,37699279,0
2021-08-30,209637,0,37908916,0
2021-08-31,194633,0,38103549,0
2021-09-01,192215,0,38295764,0
2021-09-02,189941,0,38485705,0
2021-09-03,191351,0,38677056,0
2021-09-04,131491,0,38808547,0
2021-09-05,87877,0,38896424,0
2021-09-06,193664,0,39090088,0
2021-09-07,196078,0,39286166,0
2021-09-08,187915,0,39474081,0
2021-09-09,201481,0,39675562,0
2021-09-10,198118,0,39873680,0
2021-09-11,141331,0,40015011,0
2021-09-12,89603,0,40104614,0
2021-09-13,191186,525,40295800,525
2021-09-14,177273,560,40473073,1085
2021-09-15,163133,559,40636206,1644
2021-09-16,160100,905,40796306,2549
2021-09-17,150173,1100,40946479,3649
2021-09-18,127976,723,41074455,4372
2021-09-19,81133,484,41155588,4856
2021-09-20,180076,9057,41335664,13913
2021-09-21,166619,8822,41502283,22735
2021-09-22,159075,9419,41661358,32154
2021-09-23,138071,9310,41799429,41464
2021-09-24,140535,8943,41939964,50407
2021-09-25,119541,5625,42059505,56032
2021-09-26,71949,4334,42131454,60366
2021-09-27,135631,10033,42267085,70399
2021-09-28,117480,11374,42384565,81773
2021-09-29,112319,11821,42496884,93594
2021-09-30,110219,14932,42607103,108526
2021-10-01,94969,19098,42702072,127624
2021-10-02,78467,14011,42780539,141635
2021-10-03,47724,7652,42828263,149287
2021-10-04,88370,34438,42916633,183725
2021-10-05,80356,33965,42996989,217690
2021-10-06,71972,34153,43068961,251843
2021-10-07,71846,34339,43140807,286182
2021-10-08,80618,33583,43221425,319765
2021-10-09,76093,22161,43297518,341926
2021-10-10,45770,13612,43343288,355538
2021-10-11,87401,41094,43430689,396632
2021-10-12,84483,46890,43515172,443522
2021-10-13,88186,52098,43603358,495620
2021-10-14,91520,58492,43694878,554112
2021-10-15,93582,55609,43788460,609721
2021-10-16,82954,36772,43871414,646493
2021-10-17,51456,23822,43922870,670315
2021-10-18,90288,59472,44013158,729787
2021-10-19,78338,69365,44091496,799152
2021-10-20,75071,78151,44166567,877303
2021-10-21,78307,81737,44244874,959040
2021-10-22,73795,77008,44318669,1036048
2021-10-23,60814,51943,44379483,1087991
2021-10-24,33380,23443,44412863,1111434
2021-10-25,64903,81617,44477766,1193051
2021-10-26,58370,91768,44536136,1284819
2021-10-27,58329,103953,44594465,1388772
2021-10-28,61465,114094,44655930,1502866
2021-10-29,61661,103100,44717591,1605966
2021-10-30,50672,68109,44768263,1674075
2021-10-31,25169,28281,44793432,1702356
2021-11-01,19048,28145,44812480,1730501
2021-11-02,62773,89360,44875253,1819861
2021-11-03,60732,118654,44935985,1938515
2021-11-04,59245,126650,44995230,2065165
2021-11-05,63095,135165,45058325,2200330
2021-11-06,46472,90919,45104797,2291249
2021-11-07,22253,37891,45127050,2329140
2021-11-08,51523,131256,45178573,2460396
2021-11-09,45403,144184,45223976,2604580
2021-11-10,42573,156341,45266549,2760921
2021-11-11,44932,155130,45311481,2916051
2021-11-12,46370,158565,45357851,3074616
2021-11-13,33253,116641,45391104,3191257
2021-11-14,14478,52445,45405582,3243702
2021-11-15,36895,157414,45442477,3401116
2021-11-16,30542,171369,45473019,3572485
2021-11-17,28442,178430,45501461,3750915
2021-11-18,30277,193703,45531738,3944618
2021-11-19,28792,205843,45560530,4150461
2021-11-20,20988,156433,45581518,4306894
2021-11-21,10604,64854,45592122,4371748
2021-11-22,21920,213135,45614042,4584883
2021-11-23,23559,241739,45637601,4826622
2021-11-24,27829,270938,45665430,5097560
2021-11-25,23225,301890,45688655,5399450
2021-11-26,24568,318259,45713223,5717709
2021-11-27,21366,266146,45734589,5983855
2021-11-28,9892,137052,45744481,6120907
2021-11-29,22307,326058,45766788,6446965
2021-11-30,23068,365819,45789856,6812784
2021-12-01,21507,413491,45811363,7226275
2021-12-02,23746,440374,45835109,7666649
2021-12-03,25218,467446,45860327,8134095
2021-12-04,22338,418720,45882665,8552815
2021-12-05,11903,261330,45894568,8814145
2021-12-06,25798,457551,45920366,9271696
2021-12-07,24097,480240,45944463,9751936
2021-12-08,9987,249677,45954450,10001613
2021-12-09,31545,491908,45985995,10493521
2021-12-10,28037,517852,46014032,11011373
2021-12-11,23539,459233,46037571,11470606
2021-12-12,12289,293492,46049860,11764098
2021-12-13,26124,467614,46075984,12231712
2021-12-14,25147,494181,46101131,12725893
2021-12-15,25298,517128,46126429,13243021
2021-12-16,27857,520229,46154286,13763250
2021-12-17,29323,517152,46183609,14280402
2021-12-18,27018,468705,46210627,14749107
2021-12-19,15124,300509,46225751,15049616
2021-12-20,30595,477463,46256346,15527079
2021-12-21,30336,493364,46286682,16020443
2021-12-22,29416,484690,46316098,16505133
2021-12-23,28200,426888,46344298,16932021
2021-12-24,13101,210815,46357399,17142836
2021-12-25,2101,33052,46359500,17175888
2021-12-26,8749,159061,46368249,17334949
2021-12-27,46733,504642,46414982,17839591
2021-12-28,42403,554190,46457385,18393781
2021-12-29,34275,550626,46491660,18944407
2021-12-30,31769,499812,46523429,19444219
2021-12-31,14089,247393,46537518,19691612
2022-01-01,3492,64812,46541010,19756424
2022-01-02,22720,276716,46563730,20033140
2022-01-03,47745,520007,46611475,20553147
2022-01-04,46249,572064,46657724,21125211
2022-01-05,40635,560373,46698359,21685584
2022-01-06,23420,274477,46721779,21960061
2022-01-07,63569,554173,46785348,22514234
2022-01-08,60718,503372,46846066,23017606
2022-01-09,42732,319681,46888798,23337287
2022-01-10,60954,542266,46949752,23879553
2022-01-11,61584,586978,47011336,24466531
2022-01-12,58310,581269,47069646,25047800
2022-01-13,58465,580366,47128111,25628166
2022-01-14,46647,588554,47174758,26216720
2022-01-15,39191,569928,47213949,26786648
2022-01-16,31085,341847,47245034,27128495
2022-01-17,54683,489641,47299717,27618136
2022-01-18,58274,517001,47357991,28135137
2022-01-19,57102,502774,47415093,28637911
2022-01-20,54238,498806,47469331,29136717
2022-01-21,41951,493859,47511282,29630576
2022-01-22,31057,469584,47542339,30100160
2022-01-23,34851,275363,47577190,30375523
2022-01-24,56102,437203,47633292,30812726
2022-01-25,61470,452083,47694762,31264809
2022-01-26,58462,435808,47753224,31700617
2022-01-27,48771,432351,47801995,32132968
2022-01-28,58591,436519,47860586,32569487
2022-01-29,68019,412473,47928605,32981960
2022-01-30,50316,235961,47978921,33217921
2022-01-31,60528,356915,48039449,33574836
2022-02-01,65462,328426,48104911,33903262
2022-02-02,63112,296952,48168023,34200214
2022-02-03,59985,274509,48228008,34474723
2022-02-04,72301,268439,48300309,34743162
2022-02-05,83686,248520,48383995,34991682
2022-02-06,55239,116193,48439234,35107875
2022-02-07,65087,199927,48504321,35307802
2022-02-08,66879,186101,48571200,35493903
2022-02-09,58717,166326,48629917,35660229
2022-02-10,58504,163230,48688421,35823459
2022-02-11,62191,162449,48750612,35985908
2022-02-12,71929,152133,48822541,36138041
2022-02-13,41452,68848,48863993,36206889
2022-02-14,46647,116180,48910640,36323069
2022-02-15,48485,123477,48959125,36446546
2022-02-16,45645,106107,49004770,36552653
2022-02-17,42839,98097,49047609,36650750
2022-02-18,46584,112565,49094193,36763315
2022-02-19,52507,100324,49146700,36863639
2022-02-20,31405,40359,49178105,36903998
2022-02-21,37877,89639,49215982,36993637
2022-02-22,37191,83765,49253173,37077402
2022-02-23,33369,79401,49286542,37156803
2022-02-24,32541,78160,49319083,37234963
2022-02-25,34737,90701,49353820,37325664
2022-02-26,39137,89130,49392957,37414794
2022-02-27,22538,35855,49415495,37450649
2022-02-28,28458,81689,49443953,37532338
2022-03-01,22685,53934,49466638,37586272
2022-03-02,21982,50626,49488620,37636898
2022-03-03,22594,54939,49511214,37691837
2022-03-04,23203,62788,49534417,37754625
2022-03-05,23774,57949,49558191,37812574
2022-03-06,9468,17199,49567659,37829773
2022-03-07,15894,51389,49583553,37881162
2022-03-08,15441,48796,49598994,37929958
2022-03-09,13794,46512,49612788,37976470
2022-03-10,14022,52115,49626810,38028585
2022-03-11,15556,57247,49642366,38085832
2022-03-12,15485,56612,49657851,38142444
2022-03-13,5540,16848,49663391,38159292
2022-03-14,10514,46690,49673905,38205982
2022-03-15,10525,46892,49684430,38252874
2022-03-16,9468,41975,49693898,38294849
2022-03-17,9695,44875,49703593,38339724
2022-03-18,10149,49049,49713742,38388773
2022-03-19,9139,46531,49722881,38435304
2022-03-20,2605,11699,49725486,38447003
2022-03-21,7569,40221,49733055,38487224
2022-03-22,8434,37745,49741489,38524969
2022-03-23,7201,33695,49748690,38558664
2022-03-24,8243,38796,49756933,38597460
2022-03-25,8118,43663,49765051,38641123
2022-03-26,8120,41718,49773171,38682841
2022-03-27,2426,9683,49775597,38692524
2022-03-28,6094,35229,49781691,38727753
2022-03-29,5771,32524,49787462,38760277
2022-03-30,5550,30193,49793012,38790470
2022-03-31,5877,33168,49798889,38823638
2022-04-01,4339,25179,49803228,38848817
2022-04-02,4486,23271,49807714,38872088
2022-04-03,1046,4499,49808760,38876587
2022-04-04,3649,21532,49812409,38898119
2022-04-05,3746,22922,49816155,38921041
2022-04-06,4095,21837,49820250,38942878
2022-04-07,3951,23317,49824201,38966195
2022-04-08,4681,26708,49828882,38992903
2022-04-09,4374,23882,49833256,39016785
2022-04-10,892,4614,49834148,39021399
2022-04-11,3798,22681,49837946,39044080
2022-04-12,3353,21776,49841299,39065856
2022-04-13,3555,21333,49844854,39087189
2022-04-14,3480,23772,49848334,39110961
2022-04-15,3074,20613,49851408,39131574
2022-04-16,2146,11920,49853554,39143494
2022-04-17,63,348,49853617,39143842
2022-04-18,148,650,49853765,39144492
2022-04-19,3480,21976,49857245,39166468
2022-04-20,3493,20249,49860738,39186717
2022-04-21,2835,19774,49863573,39206491
2022-04-22,2913,20695,49866486,39227186
2022-04-23,2635,16205,49869121,39243391
2022-04-24,509,2335,49869630,39245726
2022-04-25,183,1165,49869813,39246891
2022-04-26,2757,17791,49872570,39264682
2022-04-27,2363,15779,49874933,39280461
2022-04-28,2346,15533,49877279,39295994
2022-04-29,2289,14831,49879568,39310825
2022-04-30,2117,11577,49881685,39322402
2022-05-01,113,530,49881798,39322932
2022-05-02,1443,9381,49883241,39332313
2022-05-03,1569,10307,49884810,39342620
2022-05-04,1744,10255,49886554,39352875
2022-05-05,1647,10273,49888201,39363148
2022-05-06,1690,10944,49889891,39374092
2022-05-07,1432,8561,49891323,39382653
2022-05-08,404,1514,49891727,39384167
2022-05-09,1023,8915,49892750,39393082
2022-05-10,1418,9536,49894168,39402618
2022-05-11,1476,10087,49895644,39412705
2022-05-12,1364,10118,49897008,39422823
2022-05-13,1587,10508,49898595,39433331
2022-05-14,1355,8226,49899950,39441557
2022-05-15,336,1129,49900286,39442686
2022-05-16,809,8388,49901095,39451074
2022-05-17,1239,8665,49902334,39459739
2022-05-18,1368,9212,49903702,39468951
2022-05-19,1498,9266,49905200,39478217
2022-05-20,1420,9491,49906620,39487708
2022-05-21,1299,7891,49907919,39495599
2022-05-22,231,1012,49908150,39496611
2022-05-23,825,8260,49908975,39504871
2022-05-24,1070,8663,49910045,39513534
2022-05-25,1365,9443,49911410,39522977
2022-05-26,1192,9452,49912602,39532429
2022-05-27,1224,9908,49913826,39542337
2022-05-28,1202,7872,49915028,39550209
2022-05-29,285,1264,49915313,39551473
2022-05-30,928,8024,49916241,39559497
2022-05-31,1033,8529,49917274,39568026
2022-06-01,890,7643,49918164,39575669
2022-06-02,35,474,49918199,39576143
2022-06-03,812,7327,49919011,39583470
2022-06-04,869,5155,49919880,39588625
2022-06-05,89,586,49919969,39589211
2022-06-06,671,6964,49920640,39596175
2022-06-07,929,7841,49921569,39604016
2022-06-08,978,7896,49922547,39611912
2022-06-09,1034,8398,49923581,39620310
2022-06-10,950,8537,49924531,39628847
2022-06-11,897,6208,49925428,39635055
2022-06-12,140,767,49925568,39635822
2022-06-13,602,6295,49926170,39642117
2022-06-14,824,7878,49926994,39649995
2022-06-15,949,7842,49927943,39657837
2022-06-16,728,7383,49928671,39665220
2022-06-17,716,7232,49929387,39672452
2022-06-18,776,5587,49930163,39678039
2022-06-19,47,522,49930210,39678561
2022-06-20,587,6694,49930797,39685255
2022-06-21,730,7637,49931527,39692892
2022-06-22,776,7299,49932303,39700191
2022-06-23,648,7456,49932951,39707647
2022-06-24,642,7467,49933593,39715114
2022-06-25,835,6531,49934428,39721645
2022-06-26,128,523,49934556,39722168
2022-06-27,532,7116,49935088,39729284
2022-06-28,743,8206,49935831,39737490
2022-06-29,754,7716,49936585,39745206
2022-06-30,741,8131,49937326,39753337
2022-07-01,578,6436,49937904,39759773
2022-07-02,536,4764,49938440,39764537
2022-07-03,49,456,49938489,39764993
2022-07-04,468,6269,49938957,39771262
2022-07-05,620,8104,49939577,39779366
2022-07-06,624,7590,49940201,39786956
2022-07-07,562,8248,49940763,39795204
2022-07-08,669,8072,49941432,39803276
2022-07-09,548,6103,49941980,39809379
2022-07-10,58,533,49942038,39809912
2022-07-11,476,7624,49942514,39817536
2022-07-12,650,8970,49943164,39826506
2022-07-13,624,10054,49943788,39836560
2022-07-14,617,10187,49944405,39846747
2022-07-15,615,10631,49945020,39857378
2022-07-16,511,7198,49945531,39864576
2022-07-17,48,767,49945579,39865343
2022-07-18,494,9328,49946073,39874671
2022-07-19,559,10624,49946632,39885295
2022-07-20,557,11223,49947189,39896518
2022-07-21,618,11970,49947807,39908488
2022-07-22,562,11176,49948369,39919664
2022-07-23,375,6727,49948744,39926391
2022-07-24,75,834,49948819,39927225
2022-07-25,490,9009,49949309,39936234
2022-07-26,515,9687,49949824,39945921
2022-07-27,525,10079,49950349,39956000
2022-07-28,519,10395,49950868,39966395
2022-07-29,504,9349,49951372,39975744
2022-07-30,380,5842,49951752,39981586
2022-07-31,49,740,49951801,39982326
2022-08-01,383,6798,49952184,39989124
2022-08-02,533,7466,49952717,39996590
2022-08-03,483,7030,49953200,40003620
2022-08-04,435,7329,49953635,40010949
2022-08-05,400,6371,49954035,40017320
2022-08-06,297,3528,49954332,40020848
2022-08-07,43,538,49954375,40021386
2022-08-08,401,4698,49954776,40026084