data_somministrazione,vaccinazioni,booster,cum_vaccinazioni,cum_booster
2020-12-27,20,0,20,0
2020-12-28,2,0,22,0
2020-12-29,1,0,23,0
2020-12-30,9,0,32,0
2020-12-31,74,0,106,0
2021-01-01,24,0,130,0
2021-01-02,133,0,263,0
2021-01-03,97,0,360,0
2021-01-04,226,0,586,0
2021-01-05,268,0,854,0
2021-01-06,237,0,1091,0
2021-01-07,316,0,1407,0
2021-01-08,365,0,1772,0
2021-01-09,273,0,2045,0
2021-01-10,165,0,2210,0
2021-01-11,296,0,2506,0
2021-01-12,280,0,2786,0
2021-01-13,408,0,3194,0
2021-01-14,493,0,3687,0
2021-01-15,316,0,4003,0
2021-01-16,220,0,4223,0
2021-01-17,3063,0,7286,0
2021-01-18,5215,0,12501,0
2021-01-19,1894,0,14395,0
2021-01-20,4659,0,19054,0
2021-01-21,20008,0,39062,0
2021-01-22,14220,0,53282,0
2021-01-23,33328,0,86610,0
2021-01-24,30779,0,117389,0
2021-01-25,64715,0,182104,0
2021-01-26,76478,0,258582,0
2021-01-27,64822,0,323404,0
2021-01-28,89259,0,412663,0
2021-01-29,94005,0,506668,0
2021-01-30,86549,0,593217,0
2021-01-31,57325,0,650542,0
2021-02-01,81845,0,732387,0
2021-02-02,82137,0,814524,0
2021-02-03,91109,0,905633,0
2021-02-04,95394,0,1001027,0
2021-02-05,90266,0,1091293,0
2021-02-06,63447,0,1154740,0
2021-02-07,32933,0,1187673,0
2021-02-08,40422,0,1228095,0
2021-02-09,32878,0,1260973,0
2021-02-10,28433,0,1289406,0
2021-02-11,20405,0,1309811,0
2021-02-12,16243,0,1326054,0
2021-02-13,7277,0,1333331,0
2021-02-14,2862,0,1336193,0
2021-02-15,6845,0,1343038,0
2021-02-16,7004,0,1350042,0
2021-02-17,10526,0,1360568,0
2021-02-18,9252,0,1369820,0
2021-02-19,8253,0,1378073,0
2021-02-20,5575,0,1383648,0
2021-02-21,3009,0,1386657,0
2021-02-22,6882,0,1393539,0
2021-02-23,7182,0,1400721,0
2021-02-24,9812,0,1410533,0
2021-02-25,14210,0,1424743,0
2021-02-26,17557,0,1442300,0
2021-02-27,13917,0,1456217,0
2021-02-28,9391,0,1465608,0
2021-03-01,26519,0,1492127,0
2021-03-02,33247,0,1525374,0
2021-03-03,44647,0,1570021,0
2021-03-04,50295,0,1620316,0
2021-03-05,55735,0,1676051,0
2021-03-06,41876,0,1717927,0
2021-03-07,22326,0,1740253,0
2021-03-08,50831,0,1791084,0
2021-03-09,53082,0,1844166,0
2021-03-10,58672,0,1902838,0
2021-03-11,63877,0,1966715,0
2021-03-12,65127,0,2031842,0
2021-03-13,51728,0,2083570,0
2021-03-14,35414,0,2118984,0
2021-03-15,73454,0,2192438,0
2021-03-16,74029,0,2266467,0
2021-03-17,83136,0,2349603,0
2021-03-18,81629,0,2431232,0
2021-03-19,81089,0,2512321,0
2021-03-20,64732,0,2577053,0
2021-03-21,47310,0,2624363,0
2021-03-22,69494,0,2693857,0
2021-03-23,75807,0,2769664,0
2021-03-24,90918,0,2860582,0
2021-03-25,89817,0,2950399,0
2021-03-26,83640,0,3034039,0
2021-03-27,71952,0,3105991,0
2021-03-28,44169,0,3150160,0
2021-03-29,70842,0,3221002,0
2021-03-30,81399,0,3302401,0
2021-03-31,96253,0,3398654,0
2021-04-01,95319,0,3493973,0
2021-04-02,84079,0,3578052,0
2021-04-03,64303,0,3642355,0
2021-04-04,21723,0,3664078,0
2021-04-05,40318,0,3704396,0
2021-04-06,81330,0,3785726,0
2021-04-07,95837,0,3881563,0
2021-04-08,95254,0,3976817,0
2021-04-09,88499,0,4065316,0
2021-04-10,74032,0,4139348,0
2021-04-11,44765,0,4184113,0
2021-04-12,66921,0,4251034,0
2021-04-13,72587,0,4323621,0
2021-04-14,85551,0,4409172,0
2021-04-15,105421,0,4514593,0
2021-04-16,106425,0,4621018,0
2021-04-17,90522,0,4711540,0
2021-04-18,58596,0,4770136,0
2021-04-19,93432,0,4863568,0
2021-04-20,103774,0,4967342,0
2021-04-21,125343,0,5092685,0
2021-04-22,143523,0,5236208,0
2021-04-23,138749,0,5374957,0
2021-04-24,124453,0,5499410,0
2021-04-25,61465,0,5560875,0
2021-04-26,97906,0,5658781,0
2021-04-27,128366,0,5787147,0
2021-04-28,156387,0,5943534,0
2021-04-29,195611,0,6139145,0
2021-04-30,214602,0,6353747,0
2021-05-01,174133,0,6527880,0
2021-05-02,135803,0,6663683,0
2021-05-03,142059,0,6805742,0
2021-05-04,158707,0,6964449,0
2021-05-05,170529,0,7134978,0
2021-05-06,197819,0,7332797,0
2021-05-07,213864,0,7546661,0
2021-05-08,213438,0,7760099,0
2021-05-09,143217,0,7903316,0
2021-05-10,165095,0,8068411,0
2021-05-11,175003,0,8243414,0
2021-05-12,179206,0,8422620,0
2021-05-13,203411,0,8626031,0
2021-05-14,222939,0,8848970,0
2021-05-15,210384,0,9059354,0
2021-05-16,159284,0,9218638,0
2021-05-17,219212,0,9437850,0
2021-05-18,213028,0,9650878,0
2021-05-19,207095,0,9857973,0
2021-05-20,270884,0,10128857,0
2021-05-21,270906,0,10399763,0
2021-05-22,245535,0,10645298,0
2021-05-23,197185,0,10842483,0
2021-05-24,228307,0,11070790,0
2021-05-25,245700,0,11316490,0
2021-05-26,277510,0,11594000,0
2021-05-27,311090,0,11905090,0
2021-05-28,299581,0,12204671,0
2021-05-29,231243,0,12435914,0
2021-05-30,170849,0,12606763,0
2021-05-31,216433,0,12823196,0
2021-06-01,207636,0,13030832,0
2021-06-02,115802,0,13146634,0
2021-06-03,180165,0,13326799,0
2021-06-04,184902,0,13511701,0
2021-06-05,185984,0,13697685,0
2021-06-06,139573,0,13837258,0
2021-06-07,161893,0,13999151,0
2021-06-08,171269,0,14170420,0
2021-06-09,171513,0,14341933,0
2021-06-10,174137,0,14516070,0
2021-06-11,170008,0,14686078,0
2021-06-12,128358,0,14814436,0
2021-06-13,91215,0,14905651,0
2021-06-14,214705,0,15120356,0
2021-06-15,228443,0,15348799,0
2021-06-16,253102,0,15601901,0
2021-06-17,301766,0,15903667,0
2021-06-18,306315,0,16209982,0
2021-06-19,275108,0,16485090,0
2021-06-20,220807,0,16705897,0
2021-06-21,288086,0,16993983,0
2021-06-22,296239,0,17290222,0
2021-06-23,302697,0,17592919,0
2021-06-24,332609,0,17925528,0
2021-06-25,348725,0,18274253,0
2021-06-26,300134,0,18574387,0
2021-06-27,228682,0,18803069,0
2021-06-28,307139,0,19110208,0
2021-06-29,329323,0,19439531,0
2021-06-30,342195,0,19781726,0
2021-07-01,363240,0,20144966,0
2021-07-02,368486,0,20513452,0
2021-07-03,371102,0,20884554,0
2021-07-04,283227,0,21167781,0
2021-07-05,384558,0,21552339,0
2021-07-06,385487,0,21937826,0
2021-07-07,412130,0,22349956,0
2021-07-08,479594,0,22829550,0
2021-07-09,498475,0,23328025,0
2021-07-10,475174,0,23803199,0
2021-07-11,357697,0,24160896,0
2021-07-12,485887,0,24646783,0
2021-07-13,492087,0,25138870,0
2021-07-14,480447,0,25619317,0
2021-07-15,523435,0,26142752,0
2021-07-16,509758,0,26652510,0
2021-07-17,464327,0,27116837,0
2021-07-18,364638,0,27481475,0
2021-07-19,463038,0,27944513,0
2021-07-20,458059,0,28402572,0
2021-07-21,462791,0,28865363,0
2021-07-22,475382,0,29340745,0
2021-07-23,441325,0,29782070,0
2021-07-24,386149,0,30168219,0
2021-07-25,287559,0,30455778,0
2021-07-26,430889,0,30886667,0
2021-07-27,440123,0,31326790,0
2021-07-28,391023,0,31717813,0
2021-07-29,372081,0,32089894,0
2021-07-30,341517,0,32431411,0
2021-07-31,287038,0,32718449,0
2021-08-01,190999,0,32909448,0
2021-08-02,333704,0,33243152,0
2021-08-03,323189,0,33566341,0
2021-08-04,310980,0,33877321,0
2021-08-05,292488,0,34169809,0
2021-08-06,260027,0,34429836,0
2021-08-07,199058,0,34628894,0
2021-08-08,153109,0,34782003,0
2021-08-09,234083,0,35016086,0
2021-08-10,205267,0,35221353,0
2021-08-11,193781,0,35415134,0
2021-08-12,168055,0,35583189,0
2021-08-13,148646,0,35731835,0
2021-08-14,66098,0,35797933,0
2021-08-15,26340,0,35824273,0
2021-08-16,114707,0,35938980,0
2021-08-17,129256,0,36068236,0
2021-08-18,128765,0,36197001,0
2021-08-19,124839,0,36321840,0
2021-08-20,123797,0,36445637,0
2021-08-21,83134,0,36528771,0
2021-08-22,68177,0,36596948,0
2021-08-23,176870,0,36773818,0
2021-08-24,156897,0,36930715,0
2021-08-25,177179,0,37107894,0
2021-08-26,172359,0,37280253,0
2021-08-27,185831,0,37466084,0
2021-08-28,140285,0,37606369,0
2021-08-29,98989,0,37705358,0
2021-08-30,209591,0,37914949,0
2021-08-31,194643,0,38109592,0
2021-09-01,192210,0,38301802,0
2021-09-02,189928,0,38491730,0
2021-09-03,191286,0,38683016,0
2021-09-04,131453,0,38814469,0
2021-09-05,87853,0,38902322,0
2021-09-06,193615,0,39095937,0
2021-09-07,196035,0,39291972,0
2021-09-08,187874,0,39479846,0
2021-09-09,201435,0,39681281,0
2021-09-10,198066,0,39879347,0
2021-09-11,141293,0,40020640,0
2021-09-12,89592,0,40110232,0
2021-09-13,191115,628,40301347,628
2021-09-14,177223,632,40478570,1260
2021-09-15,163085,638,40641655,1898
2021-09-16,160056,983,40801711,2881
2021-09-17,150166,1158,40951877,4039
2021-09-18,127982,766,41079859,4805
2021-09-19,81139,506,41160998,5311
2021-09-20,180069,9116,41341067,14427
2021-09-21,166666,8854,41507733,23281
2021-09-22,159108,9456,41666841,32737
2021-09-23,138091,9350,41804932,42087
2021-09-24,140554,8999,41945486,51086
2021-09-25,119562,5663,42065048,56749
2021-09-26,71984,4359,42137032,61108
2021-09-27,135663,10074,42272695,71182
2021-09-28,117511,11418,42390206,82600
2021-09-29,112366,11848,42502572,94448
2021-09-30,110270,14977,42612842,109425
2021-10-01,94992,19136,42707834,128561
2021-10-02,78512,14040,42786346,142601
2021-10-03,47756,7668,42834102,150269
2021-10-04,88389,34475,42922491,184744
2021-10-05,80381,34010,43002872,218754
2021-10-06,72003,34198,43074875,252952
2021-10-07,71878,34366,43146753,287318
2021-10-08,80630,33621,43227383,320939
2021-10-09,76109,22190,43303492,343129
2021-10-10,45783,13629,43349275,356758
2021-10-11,87448,41124,43436723,397882
2021-10-12,84514,46928,43521237,444810
2021-10-13,88210,52154,43609447,496964
2021-10-14,91548,58547,43700995,555511
2021-10-15,93597,55670,43794592,611181
2021-10-16,82971,36817,43877563,647998
2021-10-17,51461,23856,43929024,671854
2021-10-18,90301,59511,44019325,731365
2021-10-19,78350,69400,44097675,800765
2021-10-20,75066,78201,44172741,878966
2021-10-21,78300,81800,44251041,960766
2021-10-22,73778,77068,44324819,1037834
2021-10-23,60833,51972,44385652,1089806
2021-10-24,33368,23477,44419020,1113283
2021-10-25,64903,81657,44483923,1194940
2021-10-26,58376,91829,44542299,1286769
2021-10-27,58320,104024,44600619,1390793
2021-10-28,61452,114149,44662071,1504942
2021-10-29,61638,103173,44723709,1608115
2021-10-30,50677,68136,44774386,1676251
2021-10-31,25163,28305,44799549,1704556
2021-11-01,19049,28157,44818598,1732713
2021-11-02,62739,89431,44881337,1822144
2021-11-03,60719,118696,44942056,1940840
2021-11-04,59241,126694,45001297,2067534
2021-11-05,63094,135216,45064391,2202750
2021-11-06,46485,90937,45110876,2293687
2021-11-07,22251,37903,45133127,2331590
2021-11-08,51530,131293,45184657,2462883
2021-11-09,45401,144234,45230058,2607117
2021-11-10,42592,156371,45272650,2763488
2021-11-11,44930,155163,45317580,2918651
2021-11-12,46313,158676,45363893,3077327
2021-11-13,33263,116674,45397156,3194001
2021-11-14,14491,52458,45411647,3246459
2021-11-15,36912,157440,45448559,3403899
2021-11-16,30564,171406,45479123,3575305
2021-11-17,28469,178460,45507592,3753765
2021-11-18,30292,193761,45537884,3947526
2021-11-19,28814,205879,45566698,4153405
2021-11-20,21003,156456,45587701,4309861
2021-11-21,10613,64868,45598314,4374729
2021-11-22,21955,213161,45620269,4587890
2021-11-23,23596,241787,45643865,4829677
2021-11-24,27798,271038,45671663,5100715
2021-11-25,23262,301927,45694925,5402642
2021-11-26,24595,318299,45719520,5720941
2021-11-27,21400,266168,45740920,5987109
2021-11-28,9905,137067,45750825,6124176
2021-11-29,22360,326074,45773185,6450250
2021-11-30,23110,365864,45796295,6816114
2021-12-01,21546,413528,45817841,7229642
2021-12-02,23785,440433,45841626,7670075
2021-12-03,25267,467520,45866893,8137595
2021-12-04,22388,418792,45889281,8556387
2021-12-05,11942,261365,45901223,8817752
2021-12-06,25839,457623,45927062,9275375
2021-12-07,24155,480299,45951217,9755674
2021-12-08,10024,249718,45961241,10005392
2021-12-09,31613,491956,45992854,10497348
2021-12-10,28093,517922,46020947,11015270
2021-12-11,23584,459270,46044531,11474540
2021-12-12,12316,293524,46056847,11768064
2021-12-13,26168,467651,46083015,12235715
2021-12-14,25199,494232,46108214,12729947
2021-12-15,25362,517188,46133576,13247135
2021-12-16,27919,520298,46161495,13767433
2021-12-17,29387,517211,46190882,14284644
2021-12-18,27092,468773,46217974,14753417
2021-12-19,15166,300539,46233140,15053956
2021-12-20,30663,477506,46263803,15531462
2021-12-21,30403,493422,46294206,16024884
2021-12-22,29474,484751,46323680,16509635
2021-12-23,28284,426948,46351964,16936583
2021-12-24,13125,210838,46365089,17147421
2021-12-25,2104,33053,46367193,17180474
2021-12-26,8773,159076,46375966,17339550
2021-12-27,46838,504685,46422804,17844235
2021-12-28,42496,554247,46465300,18398482
2021-12-29,34388,550672,46499688,18949154
2021-12-30,31875,499859,46531563,19449013
2021-12-31,14140,247405,46545703,19696418
2022-01-01,3498,64815,46549201,19761233
2022-01-02,22808,276724,46572009,20037957
2022-01-03,47917,520032,46619926,20557989
2022-01-04,46447,572100,46666373,21130089
2022-01-05,40809,560414,46707182,21690503
2022-01-06,23524,274489,46730706,21964992
2022-01-07,63772,554217,46794478,22519209
2022-01-08,60942,503408,46855420,23022617
2022-01-09,42926,319699,46898346,23342316
2022-01-10,61146,542320,46959492,23884636
2022-01-11,61811,587032,47021303,24471668
2022-01-12,58525,581301,47079828,25052969
2022-01-13,58686,580427,47138514,25633396
2022-01-14,46903,588604,47185417,26222000
2022-01-15,39509,569974,47224926,26791974
2022-01-16,31288,341888,47256214,27133862
2022-01-17,54831,489681,47311045,27623543
2022-01-18,58451,517043,47369496,28140586
2022-01-19,57251,502814,47426747,28643400
2022-01-20,54398,498854,47481145,29142254
2022-01-21,42149,493896,47523294,29636150
2022-01-22,31260,469612,47554554,30105762
2022-01-23,34971,275384,47589525,30381146
2022-01-24,56212,437241,47645737,30818387
2022-01-25,61583,452128,47707320,31270515
2022-01-26,58567,435845,47765887,31706360
2022-01-27,48875,432395,47814762,32138755
2022-01-28,58733,436554,47873495,32575309
2022-01-29,68163,412508,47941658,32987817
2022-01-30,50397,235984,47992055,33223801
2022-01-31,60675,356941,48052730,33580742
2022-02-01,65593,328459,48118323,33909201
2022-02-02,63236,296986,48181559,34206187
2022-02-03,60081,274526,48241640,34480713
2022-02-04,72394,268469,48314034,34749182
2022-02-05,83812,248547,48397846,34997729
2022-02-06,55305,116206,48453151,35113935
2022-02-07,65168,199945,48518319,35313880
2022-02-08,66947,186121,48585266,35500001
2022-02-09,58772,166345,48644038,35666346
2022-02-10,58593,163244,48702631,35829590
2022-02-11,62269,162471,48764900,35992061
2022-02-12,71998,152150,48836898,36144211
2022-02-13,41477,68854,48878375,36213065
2022-02-14,46703,116188,48925078,36329253
2022-02-15,48550,123480,48973628,36452733
2022-02-16,45684,106123,49019312,36558856
2022-02-17,42871,98117,49062183,36656973
2022-02-18,46629,112579,49108812,36769552
2022-02-19,52544,100337,49161356,36869889
2022-02-20,31411,40366,49192767,36910255
2022-02-21,37898,89656,49230665,36999911
2022-02-22,37224,83780,49267889,37083691
2022-02-23,33400,79409,49301289,37163100
2022-02-24,32561,78162,49333850,37241262
2022-02-25,34766,90713,49368616,37331975
2022-02-26,39159,89136,49407775,37421111
2022-02-27,22546,35857,49430321,37456968
2022-02-28,28481,81695,49458802,37538663
2022-03-01,22723,53942,49481525,37592605
2022-03-02,21956,50683,49503481,37643288
2022-03-03,22626,54947,49526107,37698235
2022-03-04,23238,62799,49549345,37761034
2022-03-05,23800,57951,49573145,37818985
2022-03-06,9472,17201,49582617,37836186
2022-03-07,15919,51391,49598536,37887577
2022-03-08,15480,48795,49614016,37936372
2022-03-09,13813,46519,49627829,37982891
2022-03-10,14052,52123,49641881,38035014
2022-03-11,15589,57268,49657470,38092282
2022-03-12,15507,56619,49672977,38148901
2022-03-13,5544,16851,49678521,38165752
2022-03-14,10527,46700,49689048,38212452
2022-03-15,10549,46895,49699597,38259347
2022-03-16,9481,41974,49709078,38301321
2022-03-17,9721,44874,49718799,38346195
2022-03-18,10159,49056,49728958,38395251
2022-03-19,9151,46534,49738109,38441785
2022-03-20,2608,11704,49740717,38453489
2022-03-21,7580,40224,49748297,38493713
2022-03-22,8447,37763,49756744,38531476
2022-03-23,7216,33700,49763960,38565176
2022-03-24,8258,38818,49772218,38603994
2022-03-25,8140,43669,49780358,38647663
2022-03-26,8127,41721,49788485,38689384
2022-03-27,2431,9682,49790916,38699066
2022-03-28,6112,35239,49797028,38734305
2022-03-29,5778,32530,49802806,38766835
2022-03-30,5566,30205,49808372,38797040
2022-03-31,5899,33183,49814271,38830223
2022-04-01,4349,25190,49818620,38855413
2022-04-02,4496,23275,49823116,38878688
2022-04-03,1049,4500,49824165,38883188
2022-04-04,3658,21544,49827823,38904732
2022-04-05,3756,22932,49831579,38927664
2022-04-06,4103,21852,49835682,38949516
2022-04-07,3968,23320,49839650,38972836
2022-04-08,4694,26713,49844344,38999549
2022-04-09,4383,23887,49848727,39023436
2022-04-10,892,4613,49849619,39028049
2022-04-11,3816,22688,49853435,39050737
2022-04-12,3365,21778,49856800,39072515
2022-04-13,3568,21335,49860368,39093850
2022-04-14,3485,23786,49863853,39117636
2022-04-15,3084,20620,49866937,39138256
2022-04-16,2149,11918,49869086,39150174
2022-04-17,63,348,49869149,39150522
2022-04-18,152,650,49869301,39151172
2022-04-19,3499,21980,49872800,39173152
2022-04-20,3510,20252,49876310,39193404
2022-04-21,2847,19790,49879157,39213194
2022-04-22,2927,20703,49882084,39233897
2022-04-23,2646,16220,49884730,39250117
2022-04-24,509,2334,49885239,39252451
2022-04-25,183,1165,49885422,39253616
2022-04-26,2759,17807,49888181,39271423
2022-04-27,2374,15793,49890555,39287216
2022-04-28,2360,15561,49892915,39302777
2022-04-29,2296,14847,49895211,39317624
2022-04-30,2123,11581,49897334,39329205
2022-05-01,113,531,49897447,39329736
2022-05-02,1451,9391,49898898,39339127
2022-05-03,1576,10320,49900474,39349447
2022-05-04,1745,10268,49902219,39359715
2022-05-05,1653,10286,49903872,39370001
2022-05-06,1702,10959,49905574,39380960
2022-05-07,1431,8568,49907005,39389528
2022-05-08,416,1521,49907421,39391049
2022-05-09,1027,8929,49908448,39399978
2022-05-10,1424,9548,49909872,39409526
2022-05-11,1483,10104,49911355,39419630
2022-05-12,1369,10131,49912724,39429761
2022-05-13,1596,10519,49914320,39440280
2022-05-14,1357,8236,49915677,39448516
2022-05-15,336,1133,49916013,39449649
2022-05-16,813,8406,49916826,39458055
2022-05-17,1243,8697,49918069,39466752
2022-05-18,1372,9233,49919441,39475985
2022-05-19,1500,9278,49920941,39485263
2022-05-20,1422,9532,49922363,39494795
2022-05-21,1300,7900,49923663,39502695
2022-05-22,231,1014,49923894,39503709
2022-05-23,830,8268,49924724,39511977
2022-05-24,1073,8672,49925797,39520649
2022-05-25,1370,9460,49927167,39530109
2022-05-26,1195,9479,49928362,39539588
2022-05-27,1232,9915,49929594,39549503
2022-05-28,1205,7887,49930799,39557390
2022-05-29,288,1265,49931087,39558655
2022-05-30,930,8056,49932017,39566711
2022-05-31,1036,8547,49933053,39575258
2022-06-01,891,7655,49933944,39582913
2022-06-02,35,474,49933979,39583387
2022-06-03,818,7333,49934797,39590720
2022-06-04,870,5163,49935667,39595883
2022-06-05,89,586,49935756,39596469
2022-06-06,678,6994,49936434,39603463
2022-06-07,952,7849,49937386,39611312
2022-06-08,981,7908,49938367,39619220
2022-06-09,1036,8416,49939403,39627636
2022-06-10,958,8564,49940361,39636200
2022-06-11,903,6207,49941264,39642407
2022-06-12,140,768,49941404,39643175
2022-06-13,602,6301,49942006,39649476
2022-06-14,831,7899,49942837,39657375
2022-06-15,957,7854,49943794,39665229
2022-06-16,730,7395,49944524,39672624
2022-06-17,723,7243,49945247,39679867
2022-06-18,777,5593,49946024,39685460
2022-06-19,48,522,49946072,39685982
2022-06-20,587,6699,49946659,39692681
2022-06-21,736,7665,49947395,39700346
2022-06-22,781,7308,49948176,39707654
2022-06-23,652,7468,49948828,39715122
2022-06-24,644,7473,49949472,39722595
2022-06-25,835,6535,49950307,39729130
2022-06-26,128,523,49950435,39729653
2022-06-27,533,7124,49950968,39736777
2022-06-28,746,8207,49951714,39744984
2022-06-29,756,7731,49952470,39752715
2022-06-30,745,8144,49953215,39760859
2022-07-01,577,6443,49953792,39767302
2022-07-02,536,4770,49954328,39772072
2022-07-03,49,456,49954377,39772528
2022-07-04,469,6276,49954846,39778804
2022-07-05,629,8118,49955475,39786922
2022-07-06,633,7611,49956108,39794533
2022-07-07,572,8271,49956680,39802804
2022-07-08,672,8083,49957352,39810887
2022-07-09,550,6104,49957902,39816991
2022-07-10,58,533,49957960,39817524
2022-07-11,487,7638,49958447,39825162
2022-07-12,667,9029,49959114,39834191
2022-07-13,641,10068,49959755,39844259
2022-07-14,636,10224,49960391,39854483
2022-07-15,625,10665,49961016,39865148
2022-07-16,522,7214,49961538,39872362
2022-07-17,48,770,49961586,39873132
2022-07-18,497,9368,49962083,39882500
2022-07-19,574,10682,49962657,39893182
2022-07-20,580,11274,49963237,39904456
2022-07-21,628,12088,49963865,39916544
2022-07-22,584,11257,49964449,39927801
2022-07-23,381,6772,49964830,39934573
2022-07-24,76,857,49964906,39935430
2022-07-25,503,9051,49965409,39944481
2022-07-26,519,9759,49965928,39954240
2022-07-27,552,10203,49966480,39964443
2022-07-28,530,10535,49967010,39974978
2022-07-29,510,9464,49967520,39984442
2022-07-30,382,5881,49967902,39990323
2022-07-31,49,764,49967951,39991087
2022-08-01,386,6863,49968337,39997950
2022-08-02,540,7585,49968877,40005535
2022-08-03,511,7176,49969388,40012711
2022-08-04,456,7488,49969844,40020199
2022-08-05,420,6525,49970264,40026724
2022-08-06,299,3612,49970563,40030336
2022-08-07,44,561,49970607,40030897
2022-08-08,402,4892,49971009,40035789
2022-08-09,382,5308,49971391,40041097
2022-08-10,382,4816,49971773,40045913
2022-08-11,366,4778,49972139,40050691
2022-08-12,292,3720,49972431,40054411
2022-08-13,143,1600,49972574,40056011
2022-08-14,9,129,49972583,40056140
2022-08-15,1,26,49972584,40056166
2022-08-16,283,3043,49972867,40059209
2022-08-17,352,3536,49973219,40062745
2022-08-18,391,4161,49973610,40066906
2022-08-19,341,3320,49973951,40070226
2022-08-20,183,1715,49974134,40071941
2022-08-21,24,149,49974158,40072090
2022-08-22,329,2952,49974487,40075042
2022-08-23,370,3674,49974857,40078716
2022-08-24,383,3359,49975240,40082075
2022-08-25,421,3773,49975661,40085848
2022-08-26,399,3573,49976060,40089421
2022-08-27,237,1769,49976297,40091190
2022-08-28,29,267,49976326,40091457
2022-08-29,354,3161,49976680,40094618
2022-08-30,403,3671,49977083,40098289
2022-08-31,437,3735,49977520,40102024
2022-09-01,353,3116,49977873,40105140
2022-09-02,296,2893,49978169,40108033
2022-09-03,200,1688,49978369,40109721
2022-09-04,23,149,49978392,40109870
2022-09-05,187,2656,49978579,40112526
2022-09-06,303,2982,49978882,40115508
2022-09-07,540,2936,49979422,40118444
2022-09-08,291,2962,49979713,40121406
2022-09-09,305,2884,49980018,40124290
2022-09-10,227,1326,49980245,40125616
2022-09-11,23,124,49980268,40125740
2022-09-12,267,2264,49980535,40128004
2022-09-13,252,2276,49980787,40130280
2022-09-14,266,2565,49981053,40132845
2022-09-15,281,2496,49981334,40135341
2022-09-16,254,2544,49981588,40137885
2022-09-17,239,1339,49981827,40139224
2022-09-18,20,170,49981847,40139394
2022-09-19,206,1969,49982053,40141363
2022-09-20,236,2384,49982289,40143747
2022-09-21,289,2526,49982578,40146273
2022-09-22,264,2652,49982842,40148925
2022-09-23,258,2538,49983100,40151463
2022-09-24,193,1427,49983293,40152890
2022-09-25,29,133,49983322,40153023
2022-09-26,280,2248,49983602,40155271
2022-09-27,287,2682,49983889,40157953
2022-09-28,309,2896,49984198,40160849
2022-09-29,256,3047,49984454,40163896
2022-09-30,290,2983,49984744,40166879
2022-10-01,194,1515,49984938,40168394
2022-10-02,12,187,49984950,40168581
2022-10-03,182,2473,49985132,40171054
2022-10-04,236,2865,49985368,40173919
2022-10-05,227,3219,49985595,40177138
2022-10-06,242,3848,49985837,40180986
2022-10-07,282,4165,49986119,40185151
2022-10-08,202,2235,49986321,40187386
2022-10-09,8,304,49986329,40187690
2022-10-10,207,3338,49986536,40191028
2022-10-11,192,4351,49986728,40195379
2022-10-12,209,4415,49986937,40199794
2022-10-13,200,5297,49987137,40205091
2022-10-14,230,5022,49987367,40210113
2022-10-15,189,2670,49987556,40212783
2022-10-16,6,360,49987562,40213143
2022-10-17,186,3864,49987748,40217007
2022-10-18,256,4956,49988004,40221963
2022-10-19,241,5463,49988245,40227426
2022-10-20,222,5989,49988467,40233415
2022-10-21,249,5463,49988716,40238878
2022-10-22,195,2908,49988911,40241786
2022-10-23,13,356,49988924,40242142
2022-10-24,171,3916,49989095,40246058
2022-10-25,252,4914,49989347,40250972
2022-10-26,341,5470,49989688,40256442
2022-10-27,239,5629,49989927,40262071
2022-10-28,199,5239,49990126,40267310
2022-10-29,127,2835,49990253,40270145
2022-10-30,3,326,49990256,40270471
2022-10-31,117,3026,49990373,40273497
2022-11-01,10,327,49990383,40273824
2022-11-02,142,3691,49990525,40277515
2022-11-03,170,4752,49990695,40282267
2022-11-04,221,4569,49990916,40286836
2022-11-05,143,2586,49991059,40289422
2022-11-06,10,258,49991069,40289680
2022-11-07,160,3208,49991229,40292888
2022-11-08,259,4201,49991488,40297089
2022-11-09,197,4279,49991685,40301368
2022-11-10,181,4503,49991866,40305871
2022-11-11,189,4182,49992055,40310053
2022-11-12,152,2338,49992207,40312391
2022-11-13,7,331,49992214,40312722
2022-11-14,147,2809,49992361,40315531
2022-11-15,185,3661,49992546,40319192
2022-11-16,202,3842,49992748,40323034
2022-11-17,182,3928,49992930,40326962
2022-11-18,242,3803,49993172,40330765
2022-11-19,114,1564,49993286,40332329