data_somministrazione,vaccinazioni,booster,cum_vaccinazioni,cum_booster
2020-12-27,19,0,19,0
2020-12-28,2,0,21,0
2020-12-29,1,0,22,0
2020-12-30,6,0,28,0
2020-12-31,59,0,87,0
2021-01-01,22,0,109,0
2021-01-02,98,0,207,0
2021-01-03,73,0,280,0
2021-01-04,188,0,468,0
2021-01-05,229,0,697,0
2021-01-06,184,0,881,0
2021-01-07,276,0,1157,0
2021-01-08,320,0,1477,0
2021-01-09,235,0,1712,0
2021-01-10,141,0,1853,0
2021-01-11,262,0,2115,0
2021-01-12,260,0,2375,0
2021-01-13,381,0,2756,0
2021-01-14,467,0,3223,0
2021-01-15,289,0,3512,0
2021-01-16,201,0,3713,0
2021-01-17,3057,0,6770,0
2021-01-18,5206,0,11976,0
2021-01-19,1889,0,13865,0
2021-01-20,4652,0,18517,0
2021-01-21,20004,0,38521,0
2021-01-22,14201,0,52722,0
2021-01-23,33337,0,86059,0
2021-01-24,30792,0,116851,0
2021-01-25,64741,0,181592,0
2021-01-26,76503,0,258095,0
2021-01-27,64851,0,322946,0
2021-01-28,89305,0,412251,0
2021-01-29,94039,0,506290,0
2021-01-30,86580,0,592870,0
2021-01-31,57342,0,650212,0
2021-02-01,81879,0,732091,0
2021-02-02,82149,0,814240,0
2021-02-03,91199,0,905439,0
2021-02-04,95403,0,1000842,0
2021-02-05,90284,0,1091126,0
2021-02-06,63452,0,1154578,0
2021-02-07,32926,0,1187504,0
2021-02-08,40432,0,1227936,0
2021-02-09,32866,0,1260802,0
2021-02-10,28419,0,1289221,0
2021-02-11,20383,0,1309604,0
2021-02-12,16224,0,1325828,0
2021-02-13,7249,0,1333077,0
2021-02-14,2861,0,1335938,0
2021-02-15,6836,0,1342774,0
2021-02-16,6993,0,1349767,0
2021-02-17,10518,0,1360285,0
2021-02-18,9244,0,1369529,0
2021-02-19,8234,0,1377763,0
2021-02-20,5536,0,1383299,0
2021-02-21,2985,0,1386284,0
2021-02-22,6880,0,1393164,0
2021-02-23,7156,0,1400320,0
2021-02-24,9823,0,1410143,0
2021-02-25,14200,0,1424343,0
2021-02-26,17550,0,1441893,0
2021-02-27,13896,0,1455789,0
2021-02-28,9386,0,1465175,0
2021-03-01,26507,0,1491682,0
2021-03-02,33235,0,1524917,0
2021-03-03,44641,0,1569558,0
2021-03-04,50290,0,1619848,0
2021-03-05,55734,0,1675582,0
2021-03-06,41871,0,1717453,0
2021-03-07,22320,0,1739773,0
2021-03-08,50791,0,1790564,0
2021-03-09,53054,0,1843618,0
2021-03-10,58621,0,1902239,0
2021-03-11,63831,0,1966070,0
2021-03-12,65094,0,2031164,0
2021-03-13,51706,0,2082870,0
2021-03-14,35383,0,2118253,0
2021-03-15,73425,0,2191678,0
2021-03-16,74022,0,2265700,0
2021-03-17,83128,0,2348828,0
2021-03-18,81621,0,2430449,0
2021-03-19,81077,0,2511526,0
2021-03-20,64704,0,2576230,0
2021-03-21,47285,0,2623515,0
2021-03-22,69470,0,2692985,0
2021-03-23,75776,0,2768761,0
2021-03-24,90883,0,2859644,0
2021-03-25,89783,0,2949427,0
2021-03-26,83602,0,3033029,0
2021-03-27,71915,0,3104944,0
2021-03-28,44120,0,3149064,0
2021-03-29,70804,0,3219868,0
2021-03-30,81352,0,3301220,0
2021-03-31,96217,0,3397437,0
2021-04-01,95289,0,3492726,0
2021-04-02,84060,0,3576786,0
2021-04-03,64295,0,3641081,0
2021-04-04,21715,0,3662796,0
2021-04-05,40295,0,3703091,0
2021-04-06,81296,0,3784387,0
2021-04-07,95800,0,3880187,0
2021-04-08,95224,0,3975411,0
2021-04-09,88477,0,4063888,0
2021-04-10,74027,0,4137915,0
2021-04-11,44747,0,4182662,0
2021-04-12,66904,0,4249566,0
2021-04-13,72559,0,4322125,0
2021-04-14,85514,0,4407639,0
2021-04-15,105395,0,4513034,0
2021-04-16,106407,0,4619441,0
2021-04-17,90488,0,4709929,0
2021-04-18,58581,0,4768510,0
2021-04-19,93424,0,4861934,0
2021-04-20,103760,0,4965694,0
2021-04-21,125325,0,5091019,0
2021-04-22,143502,0,5234521,0
2021-04-23,138714,0,5373235,0
2021-04-24,124431,0,5497666,0
2021-04-25,61453,0,5559119,0
2021-04-26,97874,0,5656993,0
2021-04-27,128349,0,5785342,0
2021-04-28,156348,0,5941690,0
2021-04-29,195576,0,6137266,0
2021-04-30,214551,0,6351817,0
2021-05-01,174085,0,6525902,0
2021-05-02,135792,0,6661694,0
2021-05-03,141999,0,6803693,0
2021-05-04,158670,0,6962363,0
2021-05-05,170465,0,7132828,0
2021-05-06,197785,0,7330613,0
2021-05-07,213799,0,7544412,0
2021-05-08,213377,0,7757789,0
2021-05-09,143186,0,7900975,0
2021-05-10,165078,0,8066053,0
2021-05-11,174951,0,8241004,0
2021-05-12,179140,0,8420144,0
2021-05-13,203352,0,8623496,0
2021-05-14,222888,0,8846384,0
2021-05-15,210328,0,9056712,0
2021-05-16,159258,0,9215970,0
2021-05-17,219176,0,9435146,0
2021-05-18,212994,0,9648140,0
2021-05-19,207066,0,9855206,0
2021-05-20,270835,0,10126041,0
2021-05-21,270857,0,10396898,0
2021-05-22,245514,0,10642412,0
2021-05-23,197171,0,10839583,0
2021-05-24,228287,0,11067870,0
2021-05-25,245683,0,11313553,0
2021-05-26,277478,0,11591031,0
2021-05-27,311076,0,11902107,0
2021-05-28,299553,0,12201660,0
2021-05-29,231188,0,12432848,0
2021-05-30,170819,0,12603667,0
2021-05-31,216401,0,12820068,0
2021-06-01,207627,0,13027695,0
2021-06-02,115764,0,13143459,0
2021-06-03,180095,0,13323554,0
2021-06-04,184838,0,13508392,0
2021-06-05,185914,0,13694306,0
2021-06-06,139501,0,13833807,0
2021-06-07,161827,0,13995634,0
2021-06-08,171148,0,14166782,0
2021-06-09,171417,0,14338199,0
2021-06-10,174028,0,14512227,0
2021-06-11,169920,0,14682147,0
2021-06-12,128294,0,14810441,0
2021-06-13,91129,0,14901570,0
2021-06-14,214627,0,15116197,0
2021-06-15,228374,0,15344571,0
2021-06-16,253025,0,15597596,0
2021-06-17,301688,0,15899284,0
2021-06-18,306246,0,16205530,0
2021-06-19,275040,0,16480570,0
2021-06-20,220729,0,16701299,0
2021-06-21,288027,0,16989326,0
2021-06-22,296178,0,17285504,0
2021-06-23,302656,0,17588160,0
2021-06-24,332547,0,17920707,0
2021-06-25,348686,0,18269393,0
2021-06-26,300083,0,18569476,0
2021-06-27,228608,0,18798084,0
2021-06-28,307027,0,19105111,0
2021-06-29,329221,0,19434332,0
2021-06-30,342089,0,19776421,0
2021-07-01,363144,0,20139565,0
2021-07-02,368430,0,20507995,0
2021-07-03,371060,0,20879055,0
2021-07-04,283187,0,21162242,0
2021-07-05,384494,0,21546736,0
2021-07-06,385425,0,21932161,0
2021-07-07,412058,0,22344219,0
2021-07-08,479629,0,22823848,0
2021-07-09,498493,0,23322341,0
2021-07-10,475181,0,23797522,0
2021-07-11,357708,0,24155230,0
2021-07-12,485917,0,24641147,0
2021-07-13,492158,0,25133305,0
2021-07-14,480484,0,25613789,0
2021-07-15,523501,0,26137290,0
2021-07-16,509794,0,26647084,0
2021-07-17,464372,0,27111456,0
2021-07-18,364702,0,27476158,0
2021-07-19,463083,0,27939241,0
2021-07-20,458088,0,28397329,0
2021-07-21,462824,0,28860153,0
2021-07-22,475392,0,29335545,0
2021-07-23,441313,0,29776858,0
2021-07-24,386192,0,30163050,0
2021-07-25,287599,0,30450649,0
2021-07-26,430896,0,30881545,0
2021-07-27,440128,0,31321673,0
2021-07-28,391022,0,31712695,0
2021-07-29,372079,0,32084774,0
2021-07-30,341505,0,32426279,0
2021-07-31,287015,0,32713294,0
2021-08-01,191024,0,32904318,0
2021-08-02,333735,0,33238053,0
2021-08-03,323187,0,33561240,0
2021-08-04,310972,0,33872212,0
2021-08-05,292516,0,34164728,0
2021-08-06,260003,0,34424731,0
2021-08-07,199047,0,34623778,0
2021-08-08,153106,0,34776884,0
2021-08-09,234073,0,35010957,0
2021-08-10,205245,0,35216202,0
2021-08-11,193756,0,35409958,0
2021-08-12,167969,0,35577927,0
2021-08-13,148595,0,35726522,0
2021-08-14,66085,0,35792607,0
2021-08-15,26333,0,35818940,0
2021-08-16,114672,0,35933612,0
2021-08-17,129237,0,36062849,0
2021-08-18,128729,0,36191578,0
2021-08-19,124782,0,36316360,0
2021-08-20,123784,0,36440144,0
2021-08-21,83112,0,36523256,0
2021-08-22,68163,0,36591419,0
2021-08-23,176862,0,36768281,0
2021-08-24,156905,0,36925186,0
2021-08-25,177168,0,37102354,0
2021-08-26,172355,0,37274709,0
2021-08-27,185849,0,37460558,0
2021-08-28,140275,0,37600833,0
2021-08-29,99004,0,37699837,0
2021-08-30,209637,0,37909474,0
2021-08-31,194628,0,38104102,0
2021-09-01,192216,0,38296318,0
2021-09-02,189942,0,38486260,0
2021-09-03,191341,0,38677601,0
2021-09-04,131491,0,38809092,0
2021-09-05,87871,0,38896963,0
2021-09-06,193660,0,39090623,0
2021-09-07,196070,0,39286693,0
2021-09-08,187912,0,39474605,0
2021-09-09,201481,0,39676086,0
2021-09-10,198114,0,39874200,0
2021-09-11,141326,0,40015526,0
2021-09-12,89605,0,40105131,0
2021-09-13,191179,534,40296310,534
2021-09-14,177270,566,40473580,1100
2021-09-15,163134,562,40636714,1662
2021-09-16,160104,909,40796818,2571
2021-09-17,150173,1105,40946991,3676
2021-09-18,127977,728,41074968,4404
2021-09-19,81132,487,41156100,4891
2021-09-20,180073,9064,41336173,13955
2021-09-21,166625,8825,41502798,22780
2021-09-22,159075,9425,41661873,32205
2021-09-23,138079,9314,41799952,41519
2021-09-24,140543,8945,41940495,50464
2021-09-25,119544,5629,42060039,56093
2021-09-26,71951,4337,42131990,60430
2021-09-27,135631,10036,42267621,70466
2021-09-28,117484,11376,42385105,81842
2021-09-29,112327,11821,42497432,93663
2021-09-30,110223,14936,42607655,108599
2021-10-01,94972,19101,42702627,127700
2021-10-02,78470,14011,42781097,141711
2021-10-03,47727,7653,42828824,149364
2021-10-04,88376,34438,42917200,183802
2021-10-05,80360,33967,42997560,217769
2021-10-06,71976,34156,43069536,251925
2021-10-07,71847,34339,43141383,286264
2021-10-08,80622,33585,43222005,319849
2021-10-09,76100,22161,43298105,342010
2021-10-10,45772,13614,43343877,355624
2021-10-11,87407,41096,43431284,396720
2021-10-12,84487,46892,43515771,443612
2021-10-13,88185,52104,43603956,495716
2021-10-14,91520,58499,43695476,554215
2021-10-15,93580,55615,43789056,609830
2021-10-16,82957,36776,43872013,646606
2021-10-17,51460,23823,43923473,670429
2021-10-18,90287,59474,44013760,729903
2021-10-19,78340,69367,44092100,799270
2021-10-20,75075,78157,44167175,877427
2021-10-21,78299,81746,44245474,959173
2021-10-22,73794,77013,44319268,1036186
2021-10-23,60812,51946,44380080,1088132
2021-10-24,33380,23446,44413460,1111578
2021-10-25,64900,81622,44478360,1193200
2021-10-26,58374,91771,44536734,1284971
2021-10-27,58329,103958,44595063,1388929
2021-10-28,61468,114094,44656531,1503023
2021-10-29,61659,103106,44718190,1606129
2021-10-30,50670,68110,44768860,1674239
2021-10-31,25170,28282,44794030,1702521
2021-11-01,19047,28146,44813077,1730667
2021-11-02,62772,89365,44875849,1820032
2021-11-03,60734,118655,44936583,1938687
2021-11-04,59244,126654,44995827,2065341
2021-11-05,63093,135166,45058920,2200507
2021-11-06,46472,90921,45105392,2291428
2021-11-07,22253,37892,45127645,2329320
2021-11-08,51526,131261,45179171,2460581
2021-11-09,45403,144191,45224574,2604772
2021-11-10,42578,156343,45267152,2761115
2021-11-11,44933,155134,45312085,2916249
2021-11-12,46371,158569,45358456,3074818
2021-11-13,33251,116642,45391707,3191460
2021-11-14,14479,52446,45406186,3243906
2021-11-15,36894,157419,45443080,3401325
2021-11-16,30544,171371,45473624,3572696
2021-11-17,28448,178430,45502072,3751126
2021-11-18,30278,193709,45532350,3944835
2021-11-19,28794,205846,45561144,4150681
2021-11-20,20989,156434,45582133,4307115
2021-11-21,10610,64855,45592743,4371970
2021-11-22,21925,213137,45614668,4585107
2021-11-23,23562,241739,45638230,4826846
2021-11-24,27827,270941,45666057,5097787
2021-11-25,23230,301892,45689287,5399679
2021-11-26,24572,318260,45713859,5717939
2021-11-27,21373,266147,45735232,5984086
2021-11-28,9894,137053,45745126,6121139
2021-11-29,22311,326058,45767437,6447197
2021-11-30,23075,365819,45790512,6813016
2021-12-01,21509,413496,45812021,7226512
2021-12-02,23747,440374,45835768,7666886
2021-12-03,25225,467448,45860993,8134334
2021-12-04,22345,418725,45883338,8553059
2021-12-05,11902,261330,45895240,8814389
2021-12-06,25801,457560,45921041,9271949
2021-12-07,24103,480241,45945144,9752190
2021-12-08,9993,249676,45955137,10001866
2021-12-09,31558,491907,45986695,10493773
2021-12-10,28039,517864,46014734,11011637
2021-12-11,23543,459236,46038277,11470873
2021-12-12,12293,293494,46050570,11764367
2021-12-13,26125,467617,46076695,12231984
2021-12-14,25149,494187,46101844,12726171
2021-12-15,25303,517126,46127147,13243297
2021-12-16,27862,520236,46155009,13763533
2021-12-17,29332,517156,46184341,14280689
2021-12-18,27024,468710,46211365,14749399
2021-12-19,15126,300513,46226491,15049912
2021-12-20,30604,477466,46257095,15527378
2021-12-21,30345,493375,46287440,16020753
2021-12-22,29425,484693,46316865,16505446
2021-12-23,28215,426890,46345080,16932336
2021-12-24,13104,210817,46358184,17143153
2021-12-25,2101,33052,46360285,17176205
2021-12-26,8750,159064,46369035,17335269
2021-12-27,46747,504647,46415782,17839916
2021-12-28,42417,554195,46458199,18394111
2021-12-29,34294,550625,46492493,18944736
2021-12-30,31789,499817,46524282,19444553
2021-12-31,14093,247394,46538375,19691947
2022-01-01,3493,64812,46541868,19756759
2022-01-02,22730,276715,46564598,20033474
2022-01-03,47775,520007,46612373,20553481
2022-01-04,46277,572068,46658650,21125549
2022-01-05,40664,560379,46699314,21685928
2022-01-06,23436,274478,46722750,21960406
2022-01-07,63604,554175,46786354,22514581
2022-01-08,60755,503377,46847109,23017958
2022-01-09,42755,319683,46889864,23337641
2022-01-10,60987,542270,46950851,23879911
2022-01-11,61613,586979,47012464,24466890
2022-01-12,58349,581269,47070813,25048159
2022-01-13,58503,580370,47129316,25628529
2022-01-14,46678,588559,47175994,26217088
2022-01-15,39237,569933,47215231,26787021
2022-01-16,31105,341848,47246336,27128869
2022-01-17,54702,489643,47301038,27618512
2022-01-18,58302,517005,47359340,28135517
2022-01-19,57123,502777,47416463,28638294
2022-01-20,54256,498811,47470719,29137105
2022-01-21,41973,493865,47512692,29630970
2022-01-22,31077,469590,47543769,30100560
2022-01-23,34866,275366,47578635,30375926
2022-01-24,56123,437206,47634758,30813132
2022-01-25,61488,452084,47696246,31265216
2022-01-26,58478,435814,47754724,31701030
2022-01-27,48775,432352,47803499,32133382
2022-01-28,58613,436525,47862112,32569907
2022-01-29,68040,412475,47930152,32982382
2022-01-30,50329,235966,47980481,33218348
2022-01-31,60555,356917,48041036,33575265
2022-02-01,65478,328430,48106514,33903695
2022-02-02,63126,296959,48169640,34200654
2022-02-03,59998,274512,48229638,34475166
2022-02-04,72316,268443,48301954,34743609
2022-02-05,83702,248522,48385656,34992131
2022-02-06,55251,116193,48440907,35108324
2022-02-07,65098,199928,48506005,35308252
2022-02-08,66890,186101,48572895,35494353
2022-02-09,58723,166329,48631618,35660682
2022-02-10,58520,163231,48690138,35823913
2022-02-11,62209,162452,48752347,35986365
2022-02-12,71936,152134,48824283,36138499
2022-02-13,41456,68849,48865739,36207348
2022-02-14,46650,116182,48912389,36323530
2022-02-15,48491,123477,48960880,36447007
2022-02-16,45651,106109,49006531,36553116
2022-02-17,42846,98099,49049377,36651215
2022-02-18,46588,112565,49095965,36763780
2022-02-19,52511,100326,49148476,36864106
2022-02-20,31407,40359,49179883,36904465
2022-02-21,37883,89639,49217766,36994104
2022-02-22,37204,83769,49254970,37077873
2022-02-23,33368,79404,49288338,37157277
2022-02-24,32544,78160,49320882,37235437
2022-02-25,34740,90702,49355622,37326139
2022-02-26,39141,89131,49394763,37415270
2022-02-27,22539,35855,49417302,37451125
2022-02-28,28464,81690,49445766,37532815
2022-03-01,22694,53934,49468460,37586749
2022-03-02,21985,50627,49490445,37637376
2022-03-03,22596,54940,49513041,37692316
2022-03-04,23205,62790,49536246,37755106
2022-03-05,23779,57950,49560025,37813056
2022-03-06,9469,17199,49569494,37830255
2022-03-07,15895,51389,49585389,37881644
2022-03-08,15446,48796,49600835,37930440
2022-03-09,13797,46513,49614632,37976953
2022-03-10,14027,52115,49628659,38029068
2022-03-11,15562,57251,49644221,38086319
2022-03-12,15488,56614,49659709,38142933
2022-03-13,5541,16848,49665250,38159781
2022-03-14,10515,46691,49675765,38206472
2022-03-15,10533,46892,49686298,38253364
2022-03-16,9470,41976,49695768,38295340
2022-03-17,9697,44875,49705465,38340215
2022-03-18,10149,49051,49715614,38389266
2022-03-19,9142,46531,49724756,38435797
2022-03-20,2607,11698,49727363,38447495
2022-03-21,7570,40221,49734933,38487716
2022-03-22,8438,37747,49743371,38525463
2022-03-23,7203,33695,49750574,38559158
2022-03-24,8245,38796,49758819,38597954
2022-03-25,8122,43664,49766941,38641618
2022-03-26,8118,41719,49775059,38683337
2022-03-27,2428,9682,49777487,38693019
2022-03-28,6097,35230,49783584,38728249
2022-03-29,5773,32523,49789357,38760772
2022-03-30,5554,30192,49794911,38790964
2022-03-31,5884,33171,49800795,38824135
2022-04-01,4340,25183,49805135,38849318
2022-04-02,4486,23272,49809621,38872590
2022-04-03,1048,4499,49810669,38877089
2022-04-04,3650,21532,49814319,38898621
2022-04-05,3746,22923,49818065,38921544
2022-04-06,4096,21843,49822161,38943387
2022-04-07,3954,23318,49826115,38966705
2022-04-08,4682,26709,49830797,38993414
2022-04-09,4373,23882,49835170,39017296
2022-04-10,892,4614,49836062,39021910
2022-04-11,3801,22683,49839863,39044593
2022-04-12,3356,21776,49843219,39066369
2022-04-13,3557,21334,49846776,39087703
2022-04-14,3483,23775,49850259,39111478
2022-04-15,3076,20614,49853335,39132092
2022-04-16,2147,11920,49855482,39144012
2022-04-17,63,348,49855545,39144360
2022-04-18,148,650,49855693,39145010
2022-04-19,3484,21978,49859177,39166988
2022-04-20,3495,20249,49862672,39187237
2022-04-21,2838,19781,49865510,39207018
2022-04-22,2914,20694,49868424,39227712
2022-04-23,2636,16205,49871060,39243917
2022-04-24,509,2335,49871569,39246252
2022-04-25,183,1165,49871752,39247417
2022-04-26,2758,17793,49874510,39265210
2022-04-27,2364,15782,49876874,39280992
2022-04-28,2348,15534,49879222,39296526
2022-04-29,2290,14835,49881512,39311361
2022-04-30,2120,11576,49883632,39322937
2022-05-01,113,530,49883745,39323467
2022-05-02,1443,9382,49885188,39332849
2022-05-03,1571,10308,49886759,39343157
2022-05-04,1744,10256,49888503,39353413
2022-05-05,1647,10273,49890150,39363686
2022-05-06,1693,10944,49891843,39374630
2022-05-07,1431,8563,49893274,39383193
2022-05-08,404,1514,49893678,39384707
2022-05-09,1023,8915,49894701,39393622
2022-05-10,1418,9536,49896119,39403158
2022-05-11,1477,10087,49897596,39413245
2022-05-12,1366,10119,49898962,39423364
2022-05-13,1587,10508,49900549,39433872
2022-05-14,1355,8226,49901904,39442098
2022-05-15,336,1129,49902240,39443227
2022-05-16,809,8388,49903049,39451615
2022-05-17,1241,8667,49904290,39460282
2022-05-18,1368,9214,49905658,39469496
2022-05-19,1498,9267,49907156,39478763
2022-05-20,1420,9492,49908576,39488255
2022-05-21,1299,7892,49909875,39496147
2022-05-22,230,1012,49910105,39497159
2022-05-23,825,8260,49910930,39505419
2022-05-24,1070,8665,49912000,39514084
2022-05-25,1365,9444,49913365,39523528
2022-05-26,1192,9452,49914557,39532980
2022-05-27,1223,9909,49915780,39542889
2022-05-28,1202,7873,49916982,39550762
2022-05-29,285,1264,49917267,39552026
2022-05-30,929,8026,49918196,39560052
2022-05-31,1033,8529,49919229,39568581
2022-06-01,891,7644,49920120,39576225
2022-06-02,35,474,49920155,39576699
2022-06-03,813,7327,49920968,39584026
2022-06-04,869,5155,49921837,39589181
2022-06-05,89,586,49921926,39589767
2022-06-06,671,6964,49922597,39596731
2022-06-07,930,7841,49923527,39604572
2022-06-08,981,7897,49924508,39612469
2022-06-09,1034,8399,49925542,39620868
2022-06-10,954,8537,49926496,39629405
2022-06-11,899,6207,49927395,39635612
2022-06-12,140,767,49927535,39636379
2022-06-13,602,6295,49928137,39642674
2022-06-14,824,7880,49928961,39650554
2022-06-15,950,7845,49929911,39658399
2022-06-16,728,7383,49930639,39665782
2022-06-17,718,7238,49931357,39673020
2022-06-18,776,5588,49932133,39678608
2022-06-19,47,522,49932180,39679130
2022-06-20,587,6694,49932767,39685824
2022-06-21,731,7637,49933498,39693461
2022-06-22,780,7302,49934278,39700763
2022-06-23,648,7455,49934926,39708218
2022-06-24,643,7472,49935569,39715690
2022-06-25,835,6531,49936404,39722221
2022-06-26,128,523,49936532,39722744
2022-06-27,532,7117,49937064,39729861
2022-06-28,743,8208,49937807,39738069
2022-06-29,755,7717,49938562,39745786
2022-06-30,742,8132,49939304,39753918
2022-07-01,577,6436,49939881,39760354
2022-07-02,536,4765,49940417,39765119
2022-07-03,49,456,49940466,39765575
2022-07-04,470,6269,49940936,39771844
2022-07-05,622,8107,49941558,39779951
2022-07-06,625,7594,49942183,39787545
2022-07-07,562,8250,49942745,39795795
2022-07-08,670,8074,49943415,39803869
2022-07-09,548,6103,49943963,39809972
2022-07-10,58,533,49944021,39810505
2022-07-11,477,7626,49944498,39818131
2022-07-12,653,8981,49945151,39827112
2022-07-13,628,10063,49945779,39837175
2022-07-14,618,10219,49946397,39847394
2022-07-15,616,10648,49947013,39858042
2022-07-16,512,7207,49947525,39865249
2022-07-17,48,769,49947573,39866018
2022-07-18,495,9339,49948068,39875357
2022-07-19,560,10644,49948628,39886001
2022-07-20,563,11249,49949191,39897250
2022-07-21,621,12015,49949812,39909265
2022-07-22,571,11206,49950383,39920471
2022-07-23,377,6733,49950760,39927204
2022-07-24,75,834,49950835,39928038
2022-07-25,493,9020,49951328,39937058
2022-07-26,517,9712,49951845,39946770
2022-07-27,540,10133,49952385,39956903
2022-07-28,525,10450,49952910,39967353
2022-07-29,505,9390,49953415,39976743
2022-07-30,380,5848,49953795,39982591
2022-07-31,49,746,49953844,39983337
2022-08-01,383,6807,49954227,39990144
2022-08-02,534,7493,49954761,39997637
2022-08-03,495,7096,49955256,40004733
2022-08-04,446,7390,49955702,40012123
2022-08-05,409,6447,49956111,40018570
2022-08-06,297,3572,49956408,40022142
2022-08-07,44,547,49956452,40022689
2022-08-08,390,4839,49956842,40027528
2022-08-09,375,5231,49957217,40032759
2022-08-10,368,4748,49957585,40037507
2022-08-11,358,4722,49957943,40042229
2022-08-12,286,3674,49958229,40045903
2022-08-13,139,1581,49958368,40047484
2022-08-14,9,127,49958377,40047611
2022-08-15,1,24,49958378,40047635
2022-08-16,278,2983,49958656,40050618
2022-08-17,334,3422,49958990,40054040
2022-08-18,398,3796,49959388,40057836