data_somministrazione,vaccinazioni,booster,cum_vaccinazioni,cum_booster
2020-12-27,19,0,19,0
2020-12-28,2,0,21,0
2020-12-29,1,0,22,0
2020-12-30,6,0,28,0
2020-12-31,59,0,87,0
2021-01-01,22,0,109,0
2021-01-02,98,0,207,0
2021-01-03,73,0,280,0
2021-01-04,190,0,470,0
2021-01-05,230,0,700,0
2021-01-06,184,0,884,0
2021-01-07,277,0,1161,0
2021-01-08,320,0,1481,0
2021-01-09,235,0,1716,0
2021-01-10,142,0,1858,0
2021-01-11,264,0,2122,0
2021-01-12,260,0,2382,0
2021-01-13,382,0,2764,0
2021-01-14,467,0,3231,0
2021-01-15,290,0,3521,0
2021-01-16,202,0,3723,0
2021-01-17,3057,0,6780,0
2021-01-18,5206,0,11986,0
2021-01-19,1889,0,13875,0
2021-01-20,4652,0,18527,0
2021-01-21,20003,0,38530,0
2021-01-22,14201,0,52731,0
2021-01-23,33335,0,86066,0
2021-01-24,30792,0,116858,0
2021-01-25,64740,0,181598,0
2021-01-26,76503,0,258101,0
2021-01-27,64850,0,322951,0
2021-01-28,89302,0,412253,0
2021-01-29,94039,0,506292,0
2021-01-30,86579,0,592871,0
2021-01-31,57342,0,650213,0
2021-02-01,81877,0,732090,0
2021-02-02,82148,0,814238,0
2021-02-03,91198,0,905436,0
2021-02-04,95403,0,1000839,0
2021-02-05,90284,0,1091123,0
2021-02-06,63451,0,1154574,0
2021-02-07,32926,0,1187500,0
2021-02-08,40431,0,1227931,0
2021-02-09,32865,0,1260796,0
2021-02-10,28419,0,1289215,0
2021-02-11,20385,0,1309600,0
2021-02-12,16225,0,1325825,0
2021-02-13,7250,0,1333075,0
2021-02-14,2861,0,1335936,0
2021-02-15,6836,0,1342772,0
2021-02-16,6993,0,1349765,0
2021-02-17,10518,0,1360283,0
2021-02-18,9245,0,1369528,0
2021-02-19,8234,0,1377762,0
2021-02-20,5536,0,1383298,0
2021-02-21,2985,0,1386283,0
2021-02-22,6880,0,1393163,0
2021-02-23,7156,0,1400319,0
2021-02-24,9823,0,1410142,0
2021-02-25,14198,0,1424340,0
2021-02-26,17550,0,1441890,0
2021-02-27,13896,0,1455786,0
2021-02-28,9386,0,1465172,0
2021-03-01,26506,0,1491678,0
2021-03-02,33235,0,1524913,0
2021-03-03,44641,0,1569554,0
2021-03-04,50289,0,1619843,0
2021-03-05,55734,0,1675577,0
2021-03-06,41870,0,1717447,0
2021-03-07,22320,0,1739767,0
2021-03-08,50793,0,1790560,0
2021-03-09,53055,0,1843615,0
2021-03-10,58621,0,1902236,0
2021-03-11,63832,0,1966068,0
2021-03-12,65093,0,2031161,0
2021-03-13,51706,0,2082867,0
2021-03-14,35383,0,2118250,0
2021-03-15,73425,0,2191675,0
2021-03-16,74022,0,2265697,0
2021-03-17,83128,0,2348825,0
2021-03-18,81621,0,2430446,0
2021-03-19,81077,0,2511523,0
2021-03-20,64705,0,2576228,0
2021-03-21,47285,0,2623513,0
2021-03-22,69470,0,2692983,0
2021-03-23,75777,0,2768760,0
2021-03-24,90884,0,2859644,0
2021-03-25,89783,0,2949427,0
2021-03-26,83602,0,3033029,0
2021-03-27,71916,0,3104945,0
2021-03-28,44119,0,3149064,0
2021-03-29,70803,0,3219867,0
2021-03-30,81353,0,3301220,0
2021-03-31,96217,0,3397437,0
2021-04-01,95289,0,3492726,0
2021-04-02,84060,0,3576786,0
2021-04-03,64295,0,3641081,0
2021-04-04,21715,0,3662796,0
2021-04-05,40295,0,3703091,0
2021-04-06,81295,0,3784386,0
2021-04-07,95801,0,3880187,0
2021-04-08,95224,0,3975411,0
2021-04-09,88476,0,4063887,0
2021-04-10,74026,0,4137913,0
2021-04-11,44747,0,4182660,0
2021-04-12,66904,0,4249564,0
2021-04-13,72559,0,4322123,0
2021-04-14,85514,0,4407637,0
2021-04-15,105396,0,4513033,0
2021-04-16,106407,0,4619440,0
2021-04-17,90488,0,4709928,0
2021-04-18,58581,0,4768509,0
2021-04-19,93424,0,4861933,0
2021-04-20,103759,0,4965692,0
2021-04-21,125324,0,5091016,0
2021-04-22,143501,0,5234517,0
2021-04-23,138714,0,5373231,0
2021-04-24,124430,0,5497661,0
2021-04-25,61453,0,5559114,0
2021-04-26,97873,0,5656987,0
2021-04-27,128348,0,5785335,0
2021-04-28,156347,0,5941682,0
2021-04-29,195575,0,6137257,0
2021-04-30,214551,0,6351808,0
2021-05-01,174087,0,6525895,0
2021-05-02,135792,0,6661687,0
2021-05-03,141999,0,6803686,0
2021-05-04,158673,0,6962359,0
2021-05-05,170465,0,7132824,0
2021-05-06,197786,0,7330610,0
2021-05-07,213798,0,7544408,0
2021-05-08,213378,0,7757786,0
2021-05-09,143186,0,7900972,0
2021-05-10,165077,0,8066049,0
2021-05-11,174951,0,8241000,0
2021-05-12,179141,0,8420141,0
2021-05-13,203353,0,8623494,0
2021-05-14,222888,0,8846382,0
2021-05-15,210325,0,9056707,0
2021-05-16,159258,0,9215965,0
2021-05-17,219176,0,9435141,0
2021-05-18,212994,0,9648135,0
2021-05-19,207066,0,9855201,0
2021-05-20,270835,0,10126036,0
2021-05-21,270858,0,10396894,0
2021-05-22,245513,0,10642407,0
2021-05-23,197171,0,10839578,0
2021-05-24,228288,0,11067866,0
2021-05-25,245683,0,11313549,0
2021-05-26,277477,0,11591026,0
2021-05-27,311076,0,11902102,0
2021-05-28,299554,0,12201656,0
2021-05-29,231188,0,12432844,0
2021-05-30,170819,0,12603663,0
2021-05-31,216400,0,12820063,0
2021-06-01,207627,0,13027690,0
2021-06-02,115765,0,13143455,0
2021-06-03,180095,0,13323550,0
2021-06-04,184840,0,13508390,0
2021-06-05,185914,0,13694304,0
2021-06-06,139502,0,13833806,0
2021-06-07,161827,0,13995633,0
2021-06-08,171147,0,14166780,0
2021-06-09,171417,0,14338197,0
2021-06-10,174031,0,14512228,0
2021-06-11,169921,0,14682149,0
2021-06-12,128294,0,14810443,0
2021-06-13,91131,0,14901574,0
2021-06-14,214633,0,15116207,0
2021-06-15,228374,0,15344581,0
2021-06-16,253025,0,15597606,0
2021-06-17,301687,0,15899293,0
2021-06-18,306247,0,16205540,0
2021-06-19,275041,0,16480581,0
2021-06-20,220731,0,16701312,0
2021-06-21,288029,0,16989341,0
2021-06-22,296178,0,17285519,0
2021-06-23,302657,0,17588176,0
2021-06-24,332546,0,17920722,0
2021-06-25,348685,0,18269407,0
2021-06-26,300082,0,18569489,0
2021-06-27,228607,0,18798096,0
2021-06-28,307026,0,19105122,0
2021-06-29,329224,0,19434346,0
2021-06-30,342090,0,19776436,0
2021-07-01,363146,0,20139582,0
2021-07-02,368429,0,20508011,0
2021-07-03,371061,0,20879072,0
2021-07-04,283188,0,21162260,0
2021-07-05,384495,0,21546755,0
2021-07-06,385424,0,21932179,0
2021-07-07,412061,0,22344240,0
2021-07-08,479626,0,22823866,0
2021-07-09,498492,0,23322358,0
2021-07-10,475180,0,23797538,0
2021-07-11,357708,0,24155246,0
2021-07-12,485917,0,24641163,0
2021-07-13,492152,0,25133315,0
2021-07-14,480482,0,25613797,0
2021-07-15,523497,0,26137294,0
2021-07-16,509794,0,26647088,0
2021-07-17,464373,0,27111461,0
2021-07-18,364700,0,27476161,0
2021-07-19,463080,0,27939241,0
2021-07-20,458088,0,28397329,0
2021-07-21,462822,0,28860151,0
2021-07-22,475394,0,29335545,0
2021-07-23,441311,0,29776856,0
2021-07-24,386191,0,30163047,0
2021-07-25,287599,0,30450646,0
2021-07-26,430895,0,30881541,0
2021-07-27,440127,0,31321668,0
2021-07-28,391016,0,31712684,0
2021-07-29,372078,0,32084762,0
2021-07-30,341502,0,32426264,0
2021-07-31,287015,0,32713279,0
2021-08-01,191023,0,32904302,0
2021-08-02,333735,0,33238037,0
2021-08-03,323186,0,33561223,0
2021-08-04,310966,0,33872189,0
2021-08-05,292510,0,34164699,0
2021-08-06,260001,0,34424700,0
2021-08-07,199049,0,34623749,0
2021-08-08,153105,0,34776854,0
2021-08-09,234071,0,35010925,0
2021-08-10,205244,0,35216169,0
2021-08-11,193756,0,35409925,0
2021-08-12,167970,0,35577895,0
2021-08-13,148595,0,35726490,0
2021-08-14,66086,0,35792576,0
2021-08-15,26333,0,35818909,0
2021-08-16,114672,0,35933581,0
2021-08-17,129235,0,36062816,0
2021-08-18,128729,0,36191545,0
2021-08-19,124782,0,36316327,0
2021-08-20,123786,0,36440113,0
2021-08-21,83112,0,36523225,0
2021-08-22,68163,0,36591388,0
2021-08-23,176863,0,36768251,0
2021-08-24,156904,0,36925155,0
2021-08-25,177167,0,37102322,0
2021-08-26,172354,0,37274676,0
2021-08-27,185848,0,37460524,0
2021-08-28,140271,0,37600795,0
2021-08-29,99005,0,37699800,0
2021-08-30,209637,0,37909437,0
2021-08-31,194627,0,38104064,0
2021-09-01,192217,0,38296281,0
2021-09-02,189942,0,38486223,0
2021-09-03,191338,0,38677561,0
2021-09-04,131486,0,38809047,0
2021-09-05,87871,0,38896918,0
2021-09-06,193661,0,39090579,0
2021-09-07,196071,0,39286650,0
2021-09-08,187911,0,39474561,0
2021-09-09,201480,0,39676041,0
2021-09-10,198113,0,39874154,0
2021-09-11,141326,0,40015480,0
2021-09-12,89603,0,40105083,0
2021-09-13,191170,543,40296253,543
2021-09-14,177269,567,40473522,1110
2021-09-15,163132,564,40636654,1674
2021-09-16,160102,911,40796756,2585
2021-09-17,150171,1106,40946927,3691
2021-09-18,127977,729,41074904,4420
2021-09-19,81131,488,41156035,4908
2021-09-20,180072,9064,41336107,13972
2021-09-21,166626,8825,41502733,22797
2021-09-22,159075,9425,41661808,32222
2021-09-23,138078,9316,41799886,41538
2021-09-24,140542,8946,41940428,50484
2021-09-25,119544,5629,42059972,56113
2021-09-26,71950,4338,42131922,60451
2021-09-27,135631,10037,42267553,70488
2021-09-28,117485,11376,42385038,81864
2021-09-29,112329,11821,42497367,93685
2021-09-30,110222,14938,42607589,108623
2021-10-01,94971,19101,42702560,127724
2021-10-02,78471,14010,42781031,141734
2021-10-03,47726,7655,42828757,149389
2021-10-04,88376,34438,42917133,183827
2021-10-05,80359,33967,42997492,217794
2021-10-06,71977,34156,43069469,251950
2021-10-07,71848,34339,43141317,286289
2021-10-08,80623,33585,43221940,319874
2021-10-09,76098,22163,43298038,342037
2021-10-10,45773,13614,43343811,355651
2021-10-11,87408,41096,43431219,396747
2021-10-12,84487,46891,43515706,443638
2021-10-13,88185,52104,43603891,495742
2021-10-14,91519,58500,43695410,554242
2021-10-15,93579,55617,43788989,609859
2021-10-16,82957,36776,43871946,646635
2021-10-17,51460,23823,43923406,670458
2021-10-18,90287,59474,44013693,729932
2021-10-19,78340,69367,44092033,799299
2021-10-20,75074,78158,44167107,877457
2021-10-21,78299,81746,44245406,959203
2021-10-22,73791,77014,44319197,1036217
2021-10-23,60809,51949,44380006,1088166
2021-10-24,33379,23447,44413385,1111613
2021-10-25,64901,81622,44478286,1193235
2021-10-26,58371,91772,44536657,1285007
2021-10-27,58328,103958,44594985,1388965
2021-10-28,61467,114095,44656452,1503060
2021-10-29,61659,103105,44718111,1606165
2021-10-30,50670,68110,44768781,1674275
2021-10-31,25167,28284,44793948,1702559
2021-11-01,19047,28146,44812995,1730705
2021-11-02,62769,89367,44875764,1820072
2021-11-03,60734,118656,44936498,1938728
2021-11-04,59244,126654,44995742,2065382
2021-11-05,63094,135166,45058836,2200548
2021-11-06,46469,90921,45105305,2291469
2021-11-07,22253,37892,45127558,2329361
2021-11-08,51526,131259,45179084,2460620
2021-11-09,45403,144192,45224487,2604812
2021-11-10,42578,156343,45267065,2761155
2021-11-11,44934,155135,45311999,2916290
2021-11-12,46372,158569,45358371,3074859
2021-11-13,33250,116643,45391621,3191502
2021-11-14,14479,52446,45406100,3243948
2021-11-15,36894,157419,45442994,3401367
2021-11-16,30544,171370,45473538,3572737
2021-11-17,28448,178432,45501986,3751169
2021-11-18,30276,193709,45532262,3944878
2021-11-19,28796,205847,45561058,4150725
2021-11-20,20989,156434,45582047,4307159
2021-11-21,10609,64855,45592656,4372014
2021-11-22,21925,213137,45614581,4585151
2021-11-23,23563,241739,45638144,4826890
2021-11-24,27828,270941,45665972,5097831
2021-11-25,23229,301894,45689201,5399725
2021-11-26,24573,318260,45713774,5717985
2021-11-27,21373,266147,45735147,5984132
2021-11-28,9894,137053,45745041,6121185
2021-11-29,22310,326060,45767351,6447245
2021-11-30,23075,365819,45790426,6813064
2021-12-01,21507,413498,45811933,7226562
2021-12-02,23747,440376,45835680,7666938
2021-12-03,25224,467449,45860904,8134387
2021-12-04,22345,418725,45883249,8553112
2021-12-05,11902,261330,45895151,8814442
2021-12-06,25801,457560,45920952,9272002
2021-12-07,24102,480243,45945054,9752245
2021-12-08,9992,249678,45955046,10001923
2021-12-09,31555,491910,45986601,10493833
2021-12-10,28040,517863,46014641,11011696
2021-12-11,23542,459237,46038183,11470933
2021-12-12,12292,293495,46050475,11764428
2021-12-13,26125,467617,46076600,12232045
2021-12-14,25148,494187,46101748,12726232
2021-12-15,25303,517126,46127051,13243358
2021-12-16,27861,520237,46154912,13763595
2021-12-17,29331,517158,46184243,14280753
2021-12-18,27024,468710,46211267,14749463
2021-12-19,15125,300514,46226392,15049977
2021-12-20,30603,477466,46256995,15527443
2021-12-21,30345,493376,46287340,16020819
2021-12-22,29424,484694,46316764,16505513
2021-12-23,28215,426890,46344979,16932403
2021-12-24,13103,210818,46358082,17143221
2021-12-25,2101,33052,46360183,17176273
2021-12-26,8749,159065,46368932,17335338
2021-12-27,46746,504648,46415678,17839986
2021-12-28,42415,554196,46458093,18394182
2021-12-29,34295,550625,46492388,18944807
2021-12-30,31788,499818,46524176,19444625
2021-12-31,14093,247394,46538269,19692019
2022-01-01,3493,64812,46541762,19756831
2022-01-02,22729,276716,46564491,20033547
2022-01-03,47774,520008,46612265,20553555
2022-01-04,46278,572068,46658543,21125623
2022-01-05,40663,560377,46699206,21686000
2022-01-06,23435,274480,46722641,21960480
2022-01-07,63605,554174,46786246,22514654
2022-01-08,60755,503376,46847001,23018030
2022-01-09,42755,319683,46889756,23337713
2022-01-10,60986,542271,46950742,23879984
2022-01-11,61613,586980,47012355,24466964
2022-01-12,58351,581269,47070706,25048233
2022-01-13,58501,580370,47129207,25628603
2022-01-14,46679,588560,47175886,26217163
2022-01-15,39236,569934,47215122,26787097
2022-01-16,31105,341848,47246227,27128945
2022-01-17,54702,489643,47300929,27618588
2022-01-18,58302,517008,47359231,28135596
2022-01-19,57119,502780,47416350,28638376
2022-01-20,54256,498811,47470606,29137187
2022-01-21,41973,493865,47512579,29631052
2022-01-22,31077,469590,47543656,30100642
2022-01-23,34867,275365,47578523,30376007
2022-01-24,56123,437206,47634646,30813213
2022-01-25,61488,452086,47696134,31265299
2022-01-26,58479,435814,47754613,31701113
2022-01-27,48774,432353,47803387,32133466
2022-01-28,58613,436526,47862000,32569992
2022-01-29,68040,412477,47930040,32982469
2022-01-30,50329,235966,47980369,33218435
2022-01-31,60556,356920,48040925,33575355
2022-02-01,65478,328430,48106403,33903785
2022-02-02,63123,296960,48169526,34200745
2022-02-03,59998,274512,48229524,34475257
2022-02-04,72315,268442,48301839,34743699
2022-02-05,83702,248523,48385541,34992222
2022-02-06,55250,116194,48440791,35108416
2022-02-07,65098,199928,48505889,35308344
2022-02-08,66890,186102,48572779,35494446
2022-02-09,58723,166329,48631502,35660775
2022-02-10,58521,163231,48690023,35824006
2022-02-11,62209,162452,48752232,35986458
2022-02-12,71935,152135,48824167,36138593
2022-02-13,41456,68849,48865623,36207442
2022-02-14,46650,116182,48912273,36323624
2022-02-15,48495,123477,48960768,36447101
2022-02-16,45651,106110,49006419,36553211
2022-02-17,42845,98100,49049264,36651311
2022-02-18,46588,112565,49095852,36763876
2022-02-19,52511,100326,49148363,36864202
2022-02-20,31407,40359,49179770,36904561
2022-02-21,37881,89641,49217651,36994202
2022-02-22,37204,83769,49254855,37077971
2022-02-23,33368,79404,49288223,37157375
2022-02-24,32544,78160,49320767,37235535
2022-02-25,34740,90703,49355507,37326238
2022-02-26,39143,89131,49394650,37415369
2022-02-27,22539,35855,49417189,37451224
2022-02-28,28464,81690,49445653,37532914
2022-03-01,22694,53934,49468347,37586848
2022-03-02,21985,50627,49490332,37637475
2022-03-03,22596,54940,49512928,37692415
2022-03-04,23205,62789,49536133,37755204
2022-03-05,23779,57950,49559912,37813154
2022-03-06,9469,17199,49569381,37830353
2022-03-07,15895,51389,49585276,37881742
2022-03-08,15447,48796,49600723,37930538
2022-03-09,13797,46514,49614520,37977052
2022-03-10,14027,52115,49628547,38029167
2022-03-11,15562,57250,49644109,38086417
2022-03-12,15488,56614,49659597,38143031
2022-03-13,5541,16848,49665138,38159879
2022-03-14,10516,46691,49675654,38206570
2022-03-15,10533,46892,49686187,38253462
2022-03-16,9470,41977,49695657,38295439
2022-03-17,9697,44874,49705354,38340313
2022-03-18,10149,49053,49715503,38389366
2022-03-19,9142,46531,49724645,38435897
2022-03-20,2606,11699,49727251,38447596
2022-03-21,7569,40221,49734820,38487817
2022-03-22,8439,37747,49743259,38525564
2022-03-23,7203,33695,49750462,38559259
2022-03-24,8245,38797,49758707,38598056
2022-03-25,8122,43664,49766829,38641720
2022-03-26,8118,41719,49774947,38683439
2022-03-27,2428,9682,49777375,38693121
2022-03-28,6097,35230,49783472,38728351
2022-03-29,5773,32523,49789245,38760874
2022-03-30,5554,30192,49794799,38791066
2022-03-31,5884,33172,49800683,38824238
2022-04-01,4340,25183,49805023,38849421
2022-04-02,4486,23272,49809509,38872693
2022-04-03,1048,4499,49810557,38877192
2022-04-04,3650,21532,49814207,38898724
2022-04-05,3746,22923,49817953,38921647
2022-04-06,4096,21844,49822049,38943491
2022-04-07,3954,23318,49826003,38966809
2022-04-08,4682,26709,49830685,38993518
2022-04-09,4374,23882,49835059,39017400
2022-04-10,892,4614,49835951,39022014
2022-04-11,3801,22683,49839752,39044697
2022-04-12,3356,21776,49843108,39066473
2022-04-13,3557,21334,49846665,39087807
2022-04-14,3483,23775,49850148,39111582
2022-04-15,3076,20614,49853224,39132196
2022-04-16,2148,11922,49855372,39144118
2022-04-17,63,348,49855435,39144466
2022-04-18,148,650,49855583,39145116
2022-04-19,3484,21978,49859067,39167094
2022-04-20,3495,20249,49862562,39187343
2022-04-21,2838,19780,49865400,39207123
2022-04-22,2914,20695,49868314,39227818
2022-04-23,2636,16205,49870950,39244023
2022-04-24,509,2335,49871459,39246358
2022-04-25,183,1165,49871642,39247523
2022-04-26,2759,17793,49874401,39265316
2022-04-27,2364,15782,49876765,39281098
2022-04-28,2348,15534,49879113,39296632
2022-04-29,2290,14835,49881403,39311467
2022-04-30,2120,11576,49883523,39323043
2022-05-01,113,530,49883636,39323573
2022-05-02,1443,9382,49885079,39332955
2022-05-03,1571,10308,49886650,39343263
2022-05-04,1744,10256,49888394,39353519
2022-05-05,1647,10273,49890041,39363792
2022-05-06,1693,10944,49891734,39374736
2022-05-07,1431,8563,49893165,39383299
2022-05-08,404,1514,49893569,39384813
2022-05-09,1023,8917,49894592,39393730
2022-05-10,1418,9536,49896010,39403266
2022-05-11,1477,10087,49897487,39413353
2022-05-12,1366,10119,49898853,39423472
2022-05-13,1587,10509,49900440,39433981
2022-05-14,1355,8226,49901795,39442207
2022-05-15,336,1129,49902131,39443336
2022-05-16,809,8388,49902940,39451724
2022-05-17,1241,8667,49904181,39460391
2022-05-18,1368,9214,49905549,39469605
2022-05-19,1498,9267,49907047,39478872
2022-05-20,1419,9492,49908466,39488364
2022-05-21,1299,7892,49909765,39496256
2022-05-22,230,1012,49909995,39497268
2022-05-23,825,8260,49910820,39505528
2022-05-24,1070,8665,49911890,39514193
2022-05-25,1365,9444,49913255,39523637
2022-05-26,1192,9452,49914447,39533089
2022-05-27,1223,9909,49915670,39542998
2022-05-28,1202,7873,49916872,39550871
2022-05-29,285,1264,49917157,39552135
2022-05-30,929,8026,49918086,39560161
2022-05-31,1033,8529,49919119,39568690
2022-06-01,891,7644,49920010,39576334
2022-06-02,35,474,49920045,39576808
2022-06-03,813,7327,49920858,39584135
2022-06-04,869,5155,49921727,39589290
2022-06-05,89,586,49921816,39589876
2022-06-06,670,6964,49922486,39596840
2022-06-07,930,7841,49923416,39604681
2022-06-08,981,7897,49924397,39612578
2022-06-09,1034,8399,49925431,39620977
2022-06-10,954,8537,49926385,39629514
2022-06-11,899,6207,49927284,39635721
2022-06-12,140,767,49927424,39636488
2022-06-13,602,6295,49928026,39642783
2022-06-14,824,7880,49928850,39650663
2022-06-15,950,7845,49929800,39658508
2022-06-16,728,7383,49930528,39665891
2022-06-17,718,7238,49931246,39673129
2022-06-18,776,5588,49932022,39678717
2022-06-19,47,522,49932069,39679239
2022-06-20,587,6694,49932656,39685933
2022-06-21,731,7638,49933387,39693571
2022-06-22,780,7303,49934167,39700874
2022-06-23,648,7455,49934815,39708329
2022-06-24,643,7472,49935458,39715801
2022-06-25,835,6531,49936293,39722332
2022-06-26,128,523,49936421,39722855
2022-06-27,532,7117,49936953,39729972
2022-06-28,743,8208,49937696,39738180
2022-06-29,755,7718,49938451,39745898
2022-06-30,742,8131,49939193,39754029
2022-07-01,577,6436,49939770,39760465
2022-07-02,536,4765,49940306,39765230
2022-07-03,49,456,49940355,39765686
2022-07-04,470,6269,49940825,39771955
2022-07-05,622,8107,49941447,39780062
2022-07-06,625,7594,49942072,39787656
2022-07-07,562,8250,49942634,39795906
2022-07-08,670,8075,49943304,39803981
2022-07-09,548,6103,49943852,39810084
2022-07-10,58,533,49943910,39810617
2022-07-11,477,7626,49944387,39818243
2022-07-12,653,8981,49945040,39827224
2022-07-13,629,10065,49945669,39837289
2022-07-14,618,10218,49946287,39847507
2022-07-15,616,10650,49946903,39858157
2022-07-16,512,7207,49947415,39865364
2022-07-17,48,769,49947463,39866133
2022-07-18,495,9340,49947958,39875473
2022-07-19,560,10644,49948518,39886117
2022-07-20,564,11248,49949082,39897365
2022-07-21,620,12016,49949702,39909381
2022-07-22,572,11207,49950274,39920588
2022-07-23,377,6732,49950651,39927320
2022-07-24,75,834,49950726,39928154
2022-07-25,493,9020,49951219,39937174
2022-07-26,517,9713,49951736,39946887
2022-07-27,540,10135,49952276,39957022
2022-07-28,525,10455,49952801,39967477
2022-07-29,506,9391,49953307,39976868
2022-07-30,380,5848,49953687,39982716
2022-07-31,49,746,49953736,39983462
2022-08-01,383,6808,49954119,39990270
2022-08-02,534,7492,49954653,39997762
2022-08-03,495,7097,49955148,40004859
2022-08-04,448,7391,49955596,40012250
2022-08-05,410,6448,49956006,40018698
2022-08-06,297,3576,49956303,40022274
2022-08-07,44,547,49956347,40022821
2022-08-08,392,4846,49956739,40027667
2022-08-09,376,5233,49957115,40032900
2022-08-10,368,4749,49957483,40037649
2022-08-11,359,4725,49957842,40042374
2022-08-12,286,3671,49958128,40046045
2022-08-13,139,1595,49958267,40047640
2022-08-14,9,127,49958276,40047767
2022-08-15,1,24,49958277,40047791
2022-08-16,279,2994,49958556,40050785
2022-08-17,339,3456,49958895,40054241
2022-08-18,373,3987,49959268,40058228
2022-08-19,314,3108,49959582,40061336
2022-08-20,180,1654,49959762,40062990