data_somministrazione,vaccinazioni,booster,cum_vaccinazioni,cum_booster
2020-12-27,20,0,20,0
2020-12-28,2,0,22,0
2020-12-29,1,0,23,0
2020-12-30,6,0,29,0
2020-12-31,69,0,98,0
2021-01-01,22,0,120,0
2021-01-02,108,0,228,0
2021-01-03,80,0,308,0
2021-01-04,201,0,509,0
2021-01-05,237,0,746,0
2021-01-06,199,0,945,0
2021-01-07,292,0,1237,0
2021-01-08,337,0,1574,0
2021-01-09,249,0,1823,0
2021-01-10,145,0,1968,0
2021-01-11,270,0,2238,0
2021-01-12,264,0,2502,0
2021-01-13,389,0,2891,0
2021-01-14,476,0,3367,0
2021-01-15,299,0,3666,0
2021-01-16,206,0,3872,0
2021-01-17,3057,0,6929,0
2021-01-18,5209,0,12138,0
2021-01-19,1893,0,14031,0
2021-01-20,4653,0,18684,0
2021-01-21,19998,0,38682,0
2021-01-22,14200,0,52882,0
2021-01-23,33330,0,86212,0
2021-01-24,30788,0,117000,0
2021-01-25,64725,0,181725,0
2021-01-26,76498,0,258223,0
2021-01-27,64835,0,323058,0
2021-01-28,89288,0,412346,0
2021-01-29,94021,0,506367,0
2021-01-30,86565,0,592932,0
2021-01-31,57334,0,650266,0
2021-02-01,81868,0,732134,0
2021-02-02,82146,0,814280,0
2021-02-03,91190,0,905470,0
2021-02-04,95396,0,1000866,0
2021-02-05,90274,0,1091140,0
2021-02-06,63448,0,1154588,0
2021-02-07,32928,0,1187516,0
2021-02-08,40431,0,1227947,0
2021-02-09,32864,0,1260811,0
2021-02-10,28422,0,1289233,0
2021-02-11,20392,0,1309625,0
2021-02-12,16230,0,1325855,0
2021-02-13,7255,0,1333110,0
2021-02-14,2861,0,1335971,0
2021-02-15,6837,0,1342808,0
2021-02-16,6994,0,1349802,0
2021-02-17,10520,0,1360322,0
2021-02-18,9248,0,1369570,0
2021-02-19,8242,0,1377812,0
2021-02-20,5547,0,1383359,0
2021-02-21,2988,0,1386347,0
2021-02-22,6883,0,1393230,0
2021-02-23,7165,0,1400395,0
2021-02-24,9825,0,1410220,0
2021-02-25,14204,0,1424424,0
2021-02-26,17555,0,1441979,0
2021-02-27,13905,0,1455884,0
2021-02-28,9386,0,1465270,0
2021-03-01,26507,0,1491777,0
2021-03-02,33238,0,1525015,0
2021-03-03,44639,0,1569654,0
2021-03-04,50288,0,1619942,0
2021-03-05,55734,0,1675676,0
2021-03-06,41880,0,1717556,0
2021-03-07,22324,0,1739880,0
2021-03-08,50797,0,1790677,0
2021-03-09,53062,0,1843739,0
2021-03-10,58630,0,1902369,0
2021-03-11,63843,0,1966212,0
2021-03-12,65100,0,2031312,0
2021-03-13,51708,0,2083020,0
2021-03-14,35387,0,2118407,0
2021-03-15,73428,0,2191835,0
2021-03-16,74023,0,2265858,0
2021-03-17,83130,0,2348988,0
2021-03-18,81623,0,2430611,0
2021-03-19,81078,0,2511689,0
2021-03-20,64713,0,2576402,0
2021-03-21,47288,0,2623690,0
2021-03-22,69472,0,2693162,0
2021-03-23,75782,0,2768944,0
2021-03-24,90892,0,2859836,0
2021-03-25,89788,0,2949624,0
2021-03-26,83604,0,3033228,0
2021-03-27,71927,0,3105155,0
2021-03-28,44133,0,3149288,0
2021-03-29,70811,0,3220099,0
2021-03-30,81368,0,3301467,0
2021-03-31,96219,0,3397686,0
2021-04-01,95296,0,3492982,0
2021-04-02,84065,0,3577047,0
2021-04-03,64296,0,3641343,0
2021-04-04,21717,0,3663060,0
2021-04-05,40299,0,3703359,0
2021-04-06,81305,0,3784664,0
2021-04-07,95814,0,3880478,0
2021-04-08,95226,0,3975704,0
2021-04-09,88485,0,4064189,0
2021-04-10,74028,0,4138217,0
2021-04-11,44756,0,4182973,0
2021-04-12,66908,0,4249881,0
2021-04-13,72565,0,4322446,0
2021-04-14,85523,0,4407969,0
2021-04-15,105405,0,4513374,0
2021-04-16,106412,0,4619786,0
2021-04-17,90494,0,4710280,0
2021-04-18,58581,0,4768861,0
2021-04-19,93423,0,4862284,0
2021-04-20,103760,0,4966044,0
2021-04-21,125331,0,5091375,0
2021-04-22,143500,0,5234875,0
2021-04-23,138718,0,5373593,0
2021-04-24,124436,0,5498029,0
2021-04-25,61451,0,5559480,0
2021-04-26,97879,0,5657359,0
2021-04-27,128354,0,5785713,0
2021-04-28,156352,0,5942065,0
2021-04-29,195580,0,6137645,0
2021-04-30,214554,0,6352199,0
2021-05-01,174091,0,6526290,0
2021-05-02,135796,0,6662086,0
2021-05-03,142006,0,6804092,0
2021-05-04,158680,0,6962772,0
2021-05-05,170473,0,7133245,0
2021-05-06,197792,0,7331037,0
2021-05-07,213814,0,7544851,0
2021-05-08,213390,0,7758241,0
2021-05-09,143194,0,7901435,0
2021-05-10,165084,0,8066519,0
2021-05-11,174963,0,8241482,0
2021-05-12,179162,0,8420644,0
2021-05-13,203365,0,8624009,0
2021-05-14,222894,0,8846903,0
2021-05-15,210341,0,9057244,0
2021-05-16,159265,0,9216509,0
2021-05-17,219178,0,9435687,0
2021-05-18,213002,0,9648689,0
2021-05-19,207065,0,9855754,0
2021-05-20,270835,0,10126589,0
2021-05-21,270862,0,10397451,0
2021-05-22,245516,0,10642967,0
2021-05-23,197171,0,10840138,0
2021-05-24,228294,0,11068432,0
2021-05-25,245687,0,11314119,0
2021-05-26,277477,0,11591596,0
2021-05-27,311076,0,11902672,0
2021-05-28,299565,0,12202237,0
2021-05-29,231202,0,12433439,0
2021-05-30,170828,0,12604267,0
2021-05-31,216411,0,12820678,0
2021-06-01,207624,0,13028302,0
2021-06-02,115774,0,13144076,0
2021-06-03,180116,0,13324192,0
2021-06-04,184856,0,13509048,0
2021-06-05,185940,0,13694988,0
2021-06-06,139519,0,13834507,0
2021-06-07,161844,0,13996351,0
2021-06-08,171174,0,14167525,0
2021-06-09,171445,0,14338970,0
2021-06-10,174053,0,14513023,0
2021-06-11,169945,0,14682968,0
2021-06-12,128313,0,14811281,0
2021-06-13,91148,0,14902429,0
2021-06-14,214650,0,15117079,0
2021-06-15,228394,0,15345473,0
2021-06-16,253042,0,15598515,0
2021-06-17,301706,0,15900221,0
2021-06-18,306270,0,16206491,0
2021-06-19,275064,0,16481555,0
2021-06-20,220732,0,16702287,0
2021-06-21,288048,0,16990335,0
2021-06-22,296187,0,17286522,0
2021-06-23,302664,0,17589186,0
2021-06-24,332559,0,17921745,0
2021-06-25,348688,0,18270433,0
2021-06-26,300085,0,18570518,0
2021-06-27,228622,0,18799140,0
2021-06-28,307045,0,19106185,0
2021-06-29,329242,0,19435427,0
2021-06-30,342108,0,19777535,0
2021-07-01,363163,0,20140698,0
2021-07-02,368433,0,20509131,0
2021-07-03,371068,0,20880199,0
2021-07-04,283195,0,21163394,0
2021-07-05,384507,0,21547901,0
2021-07-06,385430,0,21933331,0
2021-07-07,412070,0,22345401,0
2021-07-08,479611,0,22825012,0
2021-07-09,498478,0,23323490,0
2021-07-10,475172,0,23798662,0
2021-07-11,357693,0,24156355,0
2021-07-12,485895,0,24642250,0
2021-07-13,492136,0,25134386,0
2021-07-14,480472,0,25614858,0
2021-07-15,523473,0,26138331,0
2021-07-16,509774,0,26648105,0
2021-07-17,464357,0,27112462,0
2021-07-18,364684,0,27477146,0
2021-07-19,463068,0,27940214,0
2021-07-20,458081,0,28398295,0
2021-07-21,462807,0,28861102,0
2021-07-22,475395,0,29336497,0
2021-07-23,441301,0,29777798,0
2021-07-24,386180,0,30163978,0
2021-07-25,287580,0,30451558,0
2021-07-26,430882,0,30882440,0
2021-07-27,440122,0,31322562,0
2021-07-28,391010,0,31713572,0
2021-07-29,372079,0,32085651,0
2021-07-30,341513,0,32427164,0
2021-07-31,287022,0,32714186,0
2021-08-01,191016,0,32905202,0
2021-08-02,333723,0,33238925,0
2021-08-03,323189,0,33562114,0
2021-08-04,310966,0,33873080,0
2021-08-05,292505,0,34165585,0
2021-08-06,260004,0,34425589,0
2021-08-07,199050,0,34624639,0
2021-08-08,153105,0,34777744,0
2021-08-09,234072,0,35011816,0
2021-08-10,205245,0,35217061,0
2021-08-11,193756,0,35410817,0
2021-08-12,167992,0,35578809,0
2021-08-13,148599,0,35727408,0
2021-08-14,66089,0,35793497,0
2021-08-15,26336,0,35819833,0
2021-08-16,114683,0,35934516,0
2021-08-17,129239,0,36063755,0
2021-08-18,128742,0,36192497,0
2021-08-19,124795,0,36317292,0
2021-08-20,123795,0,36441087,0
2021-08-21,83121,0,36524208,0
2021-08-22,68167,0,36592375,0
2021-08-23,176871,0,36769246,0
2021-08-24,156905,0,36926151,0
2021-08-25,177168,0,37103319,0
2021-08-26,172344,0,37275663,0
2021-08-27,185837,0,37461500,0
2021-08-28,140268,0,37601768,0
2021-08-29,98998,0,37700766,0
2021-08-30,209624,0,37910390,0
2021-08-31,194632,0,38105022,0
2021-09-01,192213,0,38297235,0
2021-09-02,189939,0,38487174,0
2021-09-03,191330,0,38678504,0
2021-09-04,131474,0,38809978,0
2021-09-05,87866,0,38897844,0
2021-09-06,193650,0,39091494,0
2021-09-07,196052,0,39287546,0
2021-09-08,187903,0,39475449,0
2021-09-09,201461,0,39676910,0
2021-09-10,198098,0,39875008,0
2021-09-11,141320,0,40016328,0
2021-09-12,89599,0,40105927,0
2021-09-13,191160,559,40297087,559
2021-09-14,177257,578,40474344,1137
2021-09-15,163117,583,40637461,1720
2021-09-16,160092,928,40797553,2648
2021-09-17,150176,1115,40947729,3763
2021-09-18,127977,740,41075706,4503
2021-09-19,81131,496,41156837,4999
2021-09-20,180077,9075,41336914,14074
2021-09-21,166638,8832,41503552,22906
2021-09-22,159083,9439,41662635,32345
2021-09-23,138086,9322,41800721,41667
2021-09-24,140540,8957,41941261,50624
2021-09-25,119555,5637,42060816,56261
2021-09-26,71961,4340,42132777,60601
2021-09-27,135642,10048,42268419,70649
2021-09-28,117498,11385,42385917,82034
2021-09-29,112335,11827,42498252,93861
2021-09-30,110232,14951,42608484,108812
2021-10-01,94978,19108,42703462,127920
2021-10-02,78487,14014,42781949,141934
2021-10-03,47740,7657,42829689,149591
2021-10-04,88378,34445,42918067,184036
2021-10-05,80367,33971,42998434,218007
2021-10-06,71985,34163,43070419,252170
2021-10-07,71856,34347,43142275,286517
2021-10-08,80624,33589,43222899,320106
2021-10-09,76102,22170,43299001,342276
2021-10-10,45775,13617,43344776,355893
2021-10-11,87419,41106,43432195,396999
2021-10-12,84491,46898,43516686,443897
2021-10-13,88193,52115,43604879,496012
2021-10-14,91529,58512,43696408,554524
2021-10-15,93594,55627,43790002,610151
2021-10-16,82966,36782,43872968,646933
2021-10-17,51465,23827,43924433,670760
2021-10-18,90298,59482,44014731,730242
2021-10-19,78345,69371,44093076,799613
2021-10-20,75074,78165,44168150,877778
2021-10-21,78298,81752,44246448,959530
2021-10-22,73785,77023,44320233,1036553
2021-10-23,60818,51954,44381051,1088507
2021-10-24,33378,23456,44414429,1111963
2021-10-25,64907,81622,44479336,1193585
2021-10-26,58373,91779,44537709,1285364
2021-10-27,58329,103971,44596038,1389335
2021-10-28,61467,114101,44657505,1503436
2021-10-29,61656,103114,44719161,1606550
2021-10-30,50671,68115,44769832,1674665
2021-10-31,25164,28289,44794996,1702954
2021-11-01,19046,28148,44814042,1731102
2021-11-02,62762,89374,44876804,1820476
2021-11-03,60733,118654,44937537,1939130
2021-11-04,59240,126664,44996777,2065794
2021-11-05,63096,135170,45059873,2200964
2021-11-06,46476,90925,45106349,2291889
2021-11-07,22251,37895,45128600,2329784
2021-11-08,51529,131263,45180129,2461047
2021-11-09,45404,144198,45225533,2605245
2021-11-10,42582,156342,45268115,2761587
2021-11-11,44933,155132,45313048,2916719
2021-11-12,46370,158574,45359418,3075293
2021-11-13,33253,116650,45392671,3191943
2021-11-14,14481,52444,45407152,3244387
2021-11-15,36893,157426,45444045,3401813
2021-11-16,30548,171375,45474593,3573188
2021-11-17,28448,178435,45503041,3751623
2021-11-18,30284,193715,45533325,3945338
2021-11-19,28801,205850,45562126,4151188
2021-11-20,20992,156437,45583118,4307625
2021-11-21,10610,64858,45593728,4372483
2021-11-22,21934,213138,45615662,4585621
2021-11-23,23571,241743,45639233,4827364
2021-11-24,27842,270944,45667075,5098308
2021-11-25,23233,301903,45690308,5400211
2021-11-26,24585,318262,45714893,5718473
2021-11-27,21380,266149,45736273,5984622
2021-11-28,9899,137055,45746172,6121677
2021-11-29,22324,326060,45768496,6447737
2021-11-30,23086,365819,45791582,6813556
2021-12-01,21520,413498,45813102,7227054
2021-12-02,23760,440375,45836862,7667429
2021-12-03,25251,467455,45862113,8134884
2021-12-04,22359,418731,45884472,8553615
2021-12-05,11920,261326,45896392,8814941
2021-12-06,25820,457562,45922212,9272503
2021-12-07,24128,480250,45946340,9752753
2021-12-08,10003,249683,45956343,10002436
2021-12-09,31576,491906,45987919,10494342
2021-12-10,28062,517863,46015981,11012205
2021-12-11,23558,459242,46039539,11471447
2021-12-12,12305,293492,46051844,11764939
2021-12-13,26151,467615,46077995,12232554
2021-12-14,25169,494187,46103164,12726741
2021-12-15,25328,517125,46128492,13243866
2021-12-16,27878,520235,46156370,13764101
2021-12-17,29356,517157,46185726,14281258
2021-12-18,27046,468714,46212772,14749972
2021-12-19,15137,300514,46227909,15050486
2021-12-20,30614,477478,46258523,15527964
2021-12-21,30361,493376,46288884,16021340
2021-12-22,29435,484700,46318319,16506040
2021-12-23,28235,426891,46346554,16932931
2021-12-24,13113,210821,46359667,17143752
2021-12-25,2101,33053,46361768,17176805
2021-12-26,8758,159065,46370526,17335870
2021-12-27,46776,504650,46417302,17840520
2021-12-28,42441,554202,46459743,18394722
2021-12-29,34332,550625,46494075,18945347
2021-12-30,31817,499818,46525892,19445165
2021-12-31,14113,247389,46540005,19692554
2022-01-01,3494,64814,46543499,19757368
2022-01-02,22751,276718,46566250,20034086
2022-01-03,47837,520003,46614087,20554089
2022-01-04,46333,572076,46660420,21126165
2022-01-05,40715,560390,46701135,21686555
2022-01-06,23466,274480,46724601,21961035
2022-01-07,63668,554176,46788269,22515211
2022-01-08,60817,503372,46849086,23018583
2022-01-09,42805,319682,46891891,23338265
2022-01-10,61043,542277,46952934,23880542
2022-01-11,61679,586977,47014613,24467519
2022-01-12,58403,581272,47073016,25048791
2022-01-13,58569,580369,47131585,25629160
2022-01-14,46742,588556,47178327,26217716
2022-01-15,39351,569930,47217678,26787646
2022-01-16,31163,341847,47248841,27129493
2022-01-17,54744,489647,47303585,27619140
2022-01-18,58360,517005,47361945,28136145
2022-01-19,57163,502774,47419108,28638919
2022-01-20,54309,498812,47473417,29137731
2022-01-21,42048,493862,47515465,29631593
2022-01-22,31142,469588,47546607,30101181
2022-01-23,34908,275358,47581515,30376539
2022-01-24,56153,437204,47637668,30813743
2022-01-25,61530,452089,47699198,31265832
2022-01-26,58515,435817,47757713,31701649
2022-01-27,48808,432348,47806521,32133997
2022-01-28,58669,436525,47865190,32570522
2022-01-29,68099,412481,47933289,32983003
2022-01-30,50355,235962,47983644,33218965
2022-01-31,60599,356920,48044243,33575885
2022-02-01,65520,328432,48109763,33904317
2022-02-02,63166,296964,48172929,34201281
2022-02-03,60037,274511,48232966,34475792
2022-02-04,72354,268449,48305320,34744241
2022-02-05,83743,248526,48389063,34992767
2022-02-06,55273,116198,48444336,35108965
2022-02-07,65119,199933,48509455,35308898
2022-02-08,66915,186105,48576370,35495003
2022-02-09,58748,166333,48635118,35661336
2022-02-10,58549,163231,48693667,35824567
2022-02-11,62226,162454,48755893,35987021
2022-02-12,71958,152133,48827851,36139154
2022-02-13,41467,68846,48869318,36208000
2022-02-14,46675,116187,48915993,36324187
2022-02-15,48515,123477,48964508,36447664
2022-02-16,45668,106112,49010176,36553776
2022-02-17,42850,98103,49053026,36651879
2022-02-18,46603,112568,49099629,36764447
2022-02-19,52519,100323,49152148,36864770
2022-02-20,31410,40356,49183558,36905126
2022-02-21,37885,89641,49221443,36994767
2022-02-22,37214,83768,49258657,37078535
2022-02-23,33381,79403,49292038,37157938
2022-02-24,32552,78156,49324590,37236094
2022-02-25,34751,90705,49359341,37326799
2022-02-26,39148,89131,49398489,37415930
2022-02-27,22540,35855,49421029,37451785
2022-02-28,28469,81683,49449498,37533468
2022-03-01,22708,53937,49472206,37587405
2022-03-02,21991,50625,49494197,37638030
2022-03-03,22604,54940,49516801,37692970
2022-03-04,23215,62789,49540016,37755759
2022-03-05,23788,57948,49563804,37813707
2022-03-06,9470,17200,49573274,37830907
2022-03-07,15900,51386,49589174,37882293
2022-03-08,15464,48793,49604638,37931086
2022-03-09,13806,46513,49618444,37977599
2022-03-10,14040,52115,49632484,38029714
2022-03-11,15572,57252,49648056,38086966
2022-03-12,15491,56614,49663547,38143580
2022-03-13,5542,16849,49669089,38160429
2022-03-14,10518,46692,49679607,38207121
2022-03-15,10534,46888,49690141,38254009
2022-03-16,9473,41975,49699614,38295984
2022-03-17,9704,44874,49709318,38340858
2022-03-18,10153,49051,49719471,38389909
2022-03-19,9146,46529,49728617,38436438
2022-03-20,2607,11700,49731224,38448138
2022-03-21,7575,40220,49738799,38488358
2022-03-22,8444,37752,49747243,38526110
2022-03-23,7209,33699,49754452,38559809
2022-03-24,8251,38797,49762703,38598606
2022-03-25,8130,43659,49770833,38642265
2022-03-26,8120,41720,49778953,38683985
2022-03-27,2429,9681,49781382,38693666
2022-03-28,6101,35231,49787483,38728897
2022-03-29,5773,32524,49793256,38761421
2022-03-30,5557,30195,49798813,38791616
2022-03-31,5887,33176,49804700,38824792
2022-04-01,4342,25187,49809042,38849979
2022-04-02,4489,23273,49813531,38873252
2022-04-03,1049,4499,49814580,38877751
2022-04-04,3653,21532,49818233,38899283
2022-04-05,3750,22924,49821983,38922207
2022-04-06,4098,21846,49826081,38944053
2022-04-07,3960,23320,49830041,38967373
2022-04-08,4688,26709,49834729,38994082
2022-04-09,4377,23883,49839106,39017965
2022-04-10,892,4614,49839998,39022579
2022-04-11,3812,22684,49843810,39045263
2022-04-12,3356,21779,49847166,39067042
2022-04-13,3559,21332,49850725,39088374
2022-04-14,3481,23775,49854206,39112149
2022-04-15,3079,20618,49857285,39132767
2022-04-16,2147,11919,49859432,39144686
2022-04-17,63,348,49859495,39145034
2022-04-18,149,650,49859644,39145684
2022-04-19,3490,21978,49863134,39167662
2022-04-20,3502,20248,49866636,39187910
2022-04-21,2840,19781,49869476,39207691
2022-04-22,2920,20695,49872396,39228386
2022-04-23,2636,16212,49875032,39244598
2022-04-24,509,2335,49875541,39246933
2022-04-25,183,1165,49875724,39248098
2022-04-26,2760,17791,49878484,39265889
2022-04-27,2368,15784,49880852,39281673
2022-04-28,2356,15552,49883208,39297225
2022-04-29,2291,14836,49885499,39312061
2022-04-30,2121,11576,49887620,39323637
2022-05-01,113,530,49887733,39324167
2022-05-02,1446,9389,49889179,39333556
2022-05-03,1573,10309,49890752,39343865
2022-05-04,1746,10257,49892498,39354122
2022-05-05,1650,10273,49894148,39364395
2022-05-06,1698,10945,49895846,39375340
2022-05-07,1431,8562,49897277,39383902
2022-05-08,404,1514,49897681,39385416
2022-05-09,1024,8917,49898705,39394333
2022-05-10,1422,9538,49900127,39403871
2022-05-11,1481,10087,49901608,39413958
2022-05-12,1368,10118,49902976,39424076
2022-05-13,1587,10510,49904563,39434586
2022-05-14,1357,8227,49905920,39442813
2022-05-15,336,1129,49906256,39443942
2022-05-16,812,8388,49907068,39452330
2022-05-17,1242,8673,49908310,39461003
2022-05-18,1369,9216,49909679,39470219
2022-05-19,1498,9269,49911177,39479488
2022-05-20,1418,9495,49912595,39488983
2022-05-21,1299,7892,49913894,39496875
2022-05-22,231,1012,49914125,39497887
2022-05-23,826,8261,49914951,39506148
2022-05-24,1070,8666,49916021,39514814
2022-05-25,1366,9445,49917387,39524259
2022-05-26,1194,9455,49918581,39533714
2022-05-27,1225,9911,49919806,39543625
2022-05-28,1201,7873,49921007,39551498
2022-05-29,285,1264,49921292,39552762
2022-05-30,930,8026,49922222,39560788
2022-05-31,1033,8531,49923255,39569319
2022-06-01,891,7644,49924146,39576963
2022-06-02,35,474,49924181,39577437
2022-06-03,814,7328,49924995,39584765
2022-06-04,870,5155,49925865,39589920
2022-06-05,89,586,49925954,39590506
2022-06-06,672,6984,49926626,39597490
2022-06-07,931,7842,49927557,39605332
2022-06-08,982,7900,49928539,39613232
2022-06-09,1034,8400,49929573,39621632
2022-06-10,957,8550,49930530,39630182
2022-06-11,900,6206,49931430,39636388
2022-06-12,140,767,49931570,39637155
2022-06-13,603,6295,49932173,39643450
2022-06-14,826,7881,49932999,39651331
2022-06-15,952,7843,49933951,39659174
2022-06-16,728,7389,49934679,39666563
2022-06-17,720,7239,49935399,39673802
2022-06-18,777,5588,49936176,39679390
2022-06-19,47,522,49936223,39679912
2022-06-20,588,6694,49936811,39686606
2022-06-21,733,7646,49937544,39694252
2022-06-22,780,7305,49938324,39701557
2022-06-23,649,7458,49938973,39709015
2022-06-24,642,7473,49939615,39716488
2022-06-25,835,6532,49940450,39723020
2022-06-26,128,523,49940578,39723543
2022-06-27,532,7120,49941110,39730663
2022-06-28,745,8208,49941855,39738871
2022-06-29,754,7719,49942609,39746590
2022-06-30,744,8131,49943353,39754721
2022-07-01,576,6437,49943929,39761158
2022-07-02,536,4765,49944465,39765923
2022-07-03,49,456,49944514,39766379
2022-07-04,470,6273,49944984,39772652
2022-07-05,627,8112,49945611,39780764
2022-07-06,629,7606,49946240,39788370
2022-07-07,567,8256,49946807,39796626
2022-07-08,670,8078,49947477,39804704
2022-07-09,549,6103,49948026,39810807
2022-07-10,58,533,49948084,39811340
2022-07-11,487,7638,49948571,39818978
2022-07-12,665,9001,49949236,39827979
2022-07-13,638,10058,49949874,39838037
2022-07-14,636,10222,49950510,39848259
2022-07-15,623,10664,49951133,39858923
2022-07-16,521,7208,49951654,39866131
2022-07-17,48,769,49951702,39866900
2022-07-18,497,9349,49952199,39876249
2022-07-19,574,10649,49952773,39886898
2022-07-20,576,11257,49953349,39898155
2022-07-21,625,12034,49953974,39910189
2022-07-22,581,11224,49954555,39921413
2022-07-23,379,6739,49954934,39928152
2022-07-24,76,834,49955010,39928986
2022-07-25,500,9031,49955510,39938017
2022-07-26,519,9724,49956029,39947741
2022-07-27,546,10152,49956575,39957893
2022-07-28,527,10477,49957102,39968370
2022-07-29,511,9419,49957613,39977789
2022-07-30,380,5851,49957993,39983640
2022-07-31,49,745,49958042,39984385
2022-08-01,386,6823,49958428,39991208
2022-08-02,540,7515,49958968,39998723
2022-08-03,509,7141,49959477,40005864
2022-08-04,451,7418,49959928,40013282
2022-08-05,415,6479,49960343,40019761
2022-08-06,297,3580,49960640,40023341
2022-08-07,44,551,49960684,40023892
2022-08-08,396,4873,49961080,40028765
2022-08-09,382,5267,49961462,40034032
2022-08-10,374,4782,49961836,40038814
2022-08-11,364,4756,49962200,40043570
2022-08-12,287,3699,49962487,40047269
2022-08-13,143,1595,49962630,40048864
2022-08-14,9,128,49962639,40048992
2022-08-15,1,24,49962640,40049016
2022-08-16,281,3022,49962921,40052038
2022-08-17,351,3513,49963272,40055551
2022-08-18,384,4142,49963656,40059693
2022-08-19,338,3302,49963994,40062995
2022-08-20,182,1711,49964176,40064706
2022-08-21,24,146,49964200,40064852
2022-08-22,326,2928,49964526,40067780
2022-08-23,371,3645,49964897,40071425
2022-08-24,381,3330,49965278,40074755
2022-08-25,418,3704,49965696,40078459
2022-08-26,393,3540,49966089,40081999
2022-08-27,233,1767,49966322,40083766
2022-08-28,29,260,49966351,40084026
2022-08-29,353,3133,49966704,40087159
2022-08-30,399,3633,49967103,40090792
2022-08-31,428,3696,49967531,40094488
2022-09-01,351,3059,49967882,40097547
2022-09-02,289,2861,49968171,40100408
2022-09-03,197,1683,49968368,40102091
2022-09-04,22,147,49968390,40102238
2022-09-05,185,2619,49968575,40104857
2022-09-06,299,2942,49968874,40107799
2022-09-07,535,2885,49969409,40110684
2022-09-08,279,2908,49969688,40113592
2022-09-09,296,2811,49969984,40116403
2022-09-10,224,1316,49970208,40117719
2022-09-11,21,121,49970229,40117840
2022-09-12,262,1942,49970491,40119782
2022-09-13,229,1845,49970720,40121627
2022-09-14,231,1684,49970951,40123311