data_somministrazione,vaccinazioni,booster,cum_vaccinazioni,cum_booster
2020-12-27,18,0,18,0
2020-12-28,2,0,20,0
2020-12-29,1,0,21,0
2020-12-30,6,0,27,0
2020-12-31,53,0,80,0
2021-01-01,20,0,100,0
2021-01-02,88,0,188,0
2021-01-03,69,0,257,0
2021-01-04,184,0,441,0
2021-01-05,226,0,667,0
2021-01-06,177,0,844,0
2021-01-07,265,0,1109,0
2021-01-08,313,0,1422,0
2021-01-09,234,0,1656,0
2021-01-10,138,0,1794,0
2021-01-11,256,0,2050,0
2021-01-12,259,0,2309,0
2021-01-13,371,0,2680,0
2021-01-14,460,0,3140,0
2021-01-15,283,0,3423,0
2021-01-16,198,0,3621,0
2021-01-17,3055,0,6676,0
2021-01-18,5206,0,11882,0
2021-01-19,1890,0,13772,0
2021-01-20,4651,0,18423,0
2021-01-21,20008,0,38431,0
2021-01-22,14201,0,52632,0
2021-01-23,33341,0,85973,0
2021-01-24,30794,0,116767,0
2021-01-25,64743,0,181510,0
2021-01-26,76508,0,258018,0
2021-01-27,64853,0,322871,0
2021-01-28,89313,0,412184,0
2021-01-29,94045,0,506229,0
2021-01-30,86584,0,592813,0
2021-01-31,57345,0,650158,0
2021-02-01,81880,0,732038,0
2021-02-02,82149,0,814187,0
2021-02-03,91200,0,905387,0
2021-02-04,95405,0,1000792,0
2021-02-05,90291,0,1091083,0
2021-02-06,63451,0,1154534,0
2021-02-07,32925,0,1187459,0
2021-02-08,40432,0,1227891,0
2021-02-09,32863,0,1260754,0
2021-02-10,28413,0,1289167,0
2021-02-11,20380,0,1309547,0
2021-02-12,16219,0,1325766,0
2021-02-13,7243,0,1333009,0
2021-02-14,2861,0,1335870,0
2021-02-15,6835,0,1342705,0
2021-02-16,6990,0,1349695,0
2021-02-17,10516,0,1360211,0
2021-02-18,9241,0,1369452,0
2021-02-19,8231,0,1377683,0
2021-02-20,5532,0,1383215,0
2021-02-21,2976,0,1386191,0
2021-02-22,6876,0,1393067,0
2021-02-23,7154,0,1400221,0
2021-02-24,9822,0,1410043,0
2021-02-25,14199,0,1424242,0
2021-02-26,17544,0,1441786,0
2021-02-27,13894,0,1455680,0
2021-02-28,9383,0,1465063,0
2021-03-01,26505,0,1491568,0
2021-03-02,33231,0,1524799,0
2021-03-03,44642,0,1569441,0
2021-03-04,50287,0,1619728,0
2021-03-05,55734,0,1675462,0
2021-03-06,41869,0,1717331,0
2021-03-07,22319,0,1739650,0
2021-03-08,50786,0,1790436,0
2021-03-09,53055,0,1843491,0
2021-03-10,58619,0,1902110,0
2021-03-11,63822,0,1965932,0
2021-03-12,65085,0,2031017,0
2021-03-13,51695,0,2082712,0
2021-03-14,35382,0,2118094,0
2021-03-15,73420,0,2191514,0
2021-03-16,74021,0,2265535,0
2021-03-17,83128,0,2348663,0
2021-03-18,81617,0,2430280,0
2021-03-19,81079,0,2511359,0
2021-03-20,64700,0,2576059,0
2021-03-21,47284,0,2623343,0
2021-03-22,69467,0,2692810,0
2021-03-23,75774,0,2768584,0
2021-03-24,90873,0,2859457,0
2021-03-25,89776,0,2949233,0
2021-03-26,83590,0,3032823,0
2021-03-27,71902,0,3104725,0
2021-03-28,44112,0,3148837,0
2021-03-29,70795,0,3219632,0
2021-03-30,81345,0,3300977,0
2021-03-31,96199,0,3397176,0
2021-04-01,95285,0,3492461,0
2021-04-02,84060,0,3576521,0
2021-04-03,64291,0,3640812,0
2021-04-04,21715,0,3662527,0
2021-04-05,40294,0,3702821,0
2021-04-06,81290,0,3784111,0
2021-04-07,95789,0,3879900,0
2021-04-08,95218,0,3975118,0
2021-04-09,88467,0,4063585,0
2021-04-10,74017,0,4137602,0
2021-04-11,44743,0,4182345,0
2021-04-12,66900,0,4249245,0
2021-04-13,72551,0,4321796,0
2021-04-14,85513,0,4407309,0
2021-04-15,105395,0,4512704,0
2021-04-16,106401,0,4619105,0
2021-04-17,90475,0,4709580,0
2021-04-18,58580,0,4768160,0
2021-04-19,93426,0,4861586,0
2021-04-20,103753,0,4965339,0
2021-04-21,125317,0,5090656,0
2021-04-22,143499,0,5234155,0
2021-04-23,138704,0,5372859,0
2021-04-24,124427,0,5497286,0
2021-04-25,61446,0,5558732,0
2021-04-26,97869,0,5656601,0
2021-04-27,128342,0,5784943,0
2021-04-28,156344,0,5941287,0
2021-04-29,195562,0,6136849,0
2021-04-30,214545,0,6351394,0
2021-05-01,174082,0,6525476,0
2021-05-02,135784,0,6661260,0
2021-05-03,141991,0,6803251,0
2021-05-04,158675,0,6961926,0
2021-05-05,170458,0,7132384,0
2021-05-06,197779,0,7330163,0
2021-05-07,213795,0,7543958,0
2021-05-08,213367,0,7757325,0
2021-05-09,143188,0,7900513,0
2021-05-10,165065,0,8065578,0
2021-05-11,174938,0,8240516,0
2021-05-12,179125,0,8419641,0
2021-05-13,203340,0,8622981,0
2021-05-14,222877,0,8845858,0
2021-05-15,210318,0,9056176,0
2021-05-16,159250,0,9215426,0
2021-05-17,219166,0,9434592,0
2021-05-18,212988,0,9647580,0
2021-05-19,207047,0,9854627,0
2021-05-20,270831,0,10125458,0
2021-05-21,270844,0,10396302,0
2021-05-22,245505,0,10641807,0
2021-05-23,197166,0,10838973,0
2021-05-24,228278,0,11067251,0
2021-05-25,245666,0,11312917,0
2021-05-26,277467,0,11590384,0
2021-05-27,311063,0,11901447,0
2021-05-28,299541,0,12200988,0
2021-05-29,231183,0,12432171,0
2021-05-30,170807,0,12602978,0
2021-05-31,216387,0,12819365,0
2021-06-01,207618,0,13026983,0
2021-06-02,115753,0,13142736,0
2021-06-03,180073,0,13322809,0
2021-06-04,184821,0,13507630,0
2021-06-05,185896,0,13693526,0
2021-06-06,139485,0,13833011,0
2021-06-07,161797,0,13994808,0
2021-06-08,171125,0,14165933,0
2021-06-09,171388,0,14337321,0
2021-06-10,173989,0,14511310,0
2021-06-11,169901,0,14681211,0
2021-06-12,128275,0,14809486,0
2021-06-13,91113,0,14900599,0
2021-06-14,214616,0,15115215,0
2021-06-15,228349,0,15343564,0
2021-06-16,253010,0,15596574,0
2021-06-17,301672,0,15898246,0
2021-06-18,306229,0,16204475,0
2021-06-19,275026,0,16479501,0
2021-06-20,220695,0,16700196,0
2021-06-21,288011,0,16988207,0
2021-06-22,296161,0,17284368,0
2021-06-23,302650,0,17587018,0
2021-06-24,332527,0,17919545,0
2021-06-25,348677,0,18268222,0
2021-06-26,300072,0,18568294,0
2021-06-27,228593,0,18796887,0
2021-06-28,307011,0,19103898,0
2021-06-29,329200,0,19433098,0
2021-06-30,342073,0,19775171,0
2021-07-01,363131,0,20138302,0
2021-07-02,368415,0,20506717,0
2021-07-03,371054,0,20877771,0
2021-07-04,283180,0,21160951,0
2021-07-05,384494,0,21545445,0
2021-07-06,385420,0,21930865,0
2021-07-07,412045,0,22342910,0
2021-07-08,479630,0,22822540,0
2021-07-09,498505,0,23321045,0
2021-07-10,475178,0,23796223,0
2021-07-11,357702,0,24153925,0
2021-07-12,485918,0,24639843,0
2021-07-13,492154,0,25131997,0
2021-07-14,480484,0,25612481,0
2021-07-15,523519,0,26136000,0
2021-07-16,509790,0,26645790,0
2021-07-17,464377,0,27110167,0
2021-07-18,364702,0,27474869,0
2021-07-19,463084,0,27937953,0
2021-07-20,458097,0,28396050,0
2021-07-21,462819,0,28858869,0
2021-07-22,475394,0,29334263,0
2021-07-23,441307,0,29775570,0
2021-07-24,386188,0,30161758,0
2021-07-25,287611,0,30449369,0
2021-07-26,430905,0,30880274,0
2021-07-27,440129,0,31320403,0
2021-07-28,391024,0,31711427,0
2021-07-29,372081,0,32083508,0
2021-07-30,341484,0,32424992,0
2021-07-31,286997,0,32711989,0
2021-08-01,191016,0,32903005,0
2021-08-02,333725,0,33236730,0
2021-08-03,323179,0,33559909,0
2021-08-04,310964,0,33870873,0
2021-08-05,292514,0,34163387,0
2021-08-06,259989,0,34423376,0
2021-08-07,199033,0,34622409,0
2021-08-08,153102,0,34775511,0
2021-08-09,234068,0,35009579,0
2021-08-10,205237,0,35214816,0
2021-08-11,193736,0,35408552,0
2021-08-12,167949,0,35576501,0
2021-08-13,148577,0,35725078,0
2021-08-14,66081,0,35791159,0
2021-08-15,26330,0,35817489,0
2021-08-16,114663,0,35932152,0
2021-08-17,129230,0,36061382,0
2021-08-18,128722,0,36190104,0
2021-08-19,124774,0,36314878,0
2021-08-20,123775,0,36438653,0
2021-08-21,83103,0,36521756,0
2021-08-22,68158,0,36589914,0
2021-08-23,176866,0,36766780,0
2021-08-24,156896,0,36923676,0
2021-08-25,177162,0,37100838,0
2021-08-26,172346,0,37273184,0
2021-08-27,185857,0,37459041,0
2021-08-28,140262,0,37599303,0
2021-08-29,99008,0,37698311,0
2021-08-30,209634,0,37907945,0
2021-08-31,194623,0,38102568,0
2021-09-01,192212,0,38294780,0
2021-09-02,189938,0,38484718,0
2021-09-03,191355,0,38676073,0
2021-09-04,131491,0,38807564,0
2021-09-05,87876,0,38895440,0
2021-09-06,193665,0,39089105,0
2021-09-07,196072,0,39285177,0
2021-09-08,187914,0,39473091,0
2021-09-09,201480,0,39674571,0
2021-09-10,198120,0,39872691,0
2021-09-11,141333,0,40014024,0
2021-09-12,89606,0,40103630,0
2021-09-13,191188,520,40294818,520
2021-09-14,177276,552,40472094,1072
2021-09-15,163129,559,40635223,1631
2021-09-16,160101,901,40795324,2532
2021-09-17,150169,1095,40945493,3627
2021-09-18,127975,717,41073468,4344
2021-09-19,81133,479,41154601,4823
2021-09-20,180081,9051,41334682,13874
2021-09-21,166616,8817,41501298,22691
2021-09-22,159065,9417,41660363,32108
2021-09-23,138068,9308,41798431,41416
2021-09-24,140529,8942,41938960,50358
2021-09-25,119531,5624,42058491,55982
2021-09-26,71946,4333,42130437,60315
2021-09-27,135622,10032,42266059,70347
2021-09-28,117472,11371,42383531,81718
2021-09-29,112309,11820,42495840,93538
2021-09-30,110213,14929,42606053,108467
2021-10-01,94963,19097,42701016,127564
2021-10-02,78459,14010,42779475,141574
2021-10-03,47713,7651,42827188,149225
2021-10-04,88367,34438,42915555,183663
2021-10-05,80351,33962,42995906,217625
2021-10-06,71968,34149,43067874,251774
2021-10-07,71839,34333,43139713,286107
2021-10-08,80612,33580,43220325,319687
2021-10-09,76093,22159,43296418,341846
2021-10-10,45768,13609,43342186,355455
2021-10-11,87394,41093,43429580,396548
2021-10-12,84480,46885,43514060,443433
2021-10-13,88179,52097,43602239,495530
2021-10-14,91515,58488,43693754,554018
2021-10-15,93579,55605,43787333,609623
2021-10-16,82947,36770,43870280,646393
2021-10-17,51454,23820,43921734,670213
2021-10-18,90284,59467,44012018,729680
2021-10-19,78334,69363,44090352,799043
2021-10-20,75074,78141,44165426,877184
2021-10-21,78304,81736,44243730,958920
2021-10-22,73795,77005,44317525,1035925
2021-10-23,60813,51945,44378338,1087870
2021-10-24,33381,23440,44411719,1111310
2021-10-25,64902,81614,44476621,1192924
2021-10-26,58368,91767,44534989,1284691
2021-10-27,58327,103953,44593316,1388644
2021-10-28,61465,114093,44654781,1502737
2021-10-29,61666,103093,44716447,1605830
2021-10-30,50673,68105,44767120,1673935
2021-10-31,25168,28280,44792288,1702215
2021-11-01,19047,28145,44811335,1730360
2021-11-02,62775,89356,44874110,1819716
2021-11-03,60731,118653,44934841,1938369
2021-11-04,59245,126643,44994086,2065012
2021-11-05,63097,135159,45057183,2200171
2021-11-06,46470,90920,45103653,2291091
2021-11-07,22253,37891,45125906,2328982
2021-11-08,51527,131247,45177433,2460229
2021-11-09,45404,144182,45222837,2604411
2021-11-10,42576,156337,45265413,2760748
2021-11-11,44931,155126,45310344,2915874
2021-11-12,46370,158555,45356714,3074429
2021-11-13,33254,116639,45389968,3191068
2021-11-14,14476,52445,45404444,3243513
2021-11-15,36895,157411,45441339,3400924
2021-11-16,30541,171366,45471880,3572290
2021-11-17,28439,178426,45500319,3750716
2021-11-18,30274,193704,45530593,3944420
2021-11-19,28788,205838,45559381,4150258
2021-11-20,20983,156431,45580364,4306689
2021-11-21,10603,64852,45590967,4371541
2021-11-22,21922,213136,45612889,4584677
2021-11-23,23554,241734,45636443,4826411
2021-11-24,27820,270933,45664263,5097344
2021-11-25,23218,301891,45687481,5399235
2021-11-26,24558,318255,45712039,5717490
2021-11-27,21361,266144,45733400,5983634
2021-11-28,9888,137052,45743288,6120686
2021-11-29,22306,326052,45765594,6446738
2021-11-30,23062,365808,45788656,6812546
2021-12-01,21501,413487,45810157,7226033
2021-12-02,23736,440380,45833893,7666413
2021-12-03,25205,467439,45859098,8133852
2021-12-04,22331,418717,45881429,8552569
2021-12-05,11901,261328,45893330,8813897
2021-12-06,25790,457553,45919120,9271450
2021-12-07,24094,480237,45943214,9751687
2021-12-08,9983,249674,45953197,10001361
2021-12-09,31536,491905,45984733,10493266
2021-12-10,28025,517850,46012758,11011116
2021-12-11,23531,459234,46036289,11470350
2021-12-12,12284,293488,46048573,11763838
2021-12-13,26117,467611,46074690,12231449
2021-12-14,25138,494179,46099828,12725628
2021-12-15,25288,517120,46125116,13242748
2021-12-16,27839,520227,46152955,13762975
2021-12-17,29307,517146,46182262,14280121
2021-12-18,26991,468704,46209253,14748825
2021-12-19,15118,300508,46224371,15049333
2021-12-20,30581,477455,46254952,15526788
2021-12-21,30316,493363,46285268,16020151
2021-12-22,29396,484688,46314664,16504839
2021-12-23,28182,426885,46342846,16931724
2021-12-24,13098,210815,46355944,17142539
2021-12-25,2101,33052,46358045,17175591
2021-12-26,8744,159060,46366789,17334651
2021-12-27,46709,504638,46413498,17839289
2021-12-28,42384,554182,46455882,18393471
2021-12-29,34244,550628,46490126,18944099
2021-12-30,31750,499803,46521876,19443902
2021-12-31,14079,247389,46535955,19691291
2022-01-01,3487,64811,46539442,19756102
2022-01-02,22701,276714,46562143,20032816
2022-01-03,47702,520001,46609845,20552817
2022-01-04,46208,572062,46656053,21124879
2022-01-05,40603,560371,46696656,21685250
2022-01-06,23395,274476,46720051,21959726
2022-01-07,63514,554170,46783565,22513896
2022-01-08,60665,503365,46844230,23017261
2022-01-09,42686,319680,46886916,23336941
2022-01-10,60912,542262,46947828,23879203
2022-01-11,61526,586971,47009354,24466174
2022-01-12,58264,581265,47067618,25047439
2022-01-13,58406,580361,47126024,25627800
2022-01-14,46587,588547,47172611,26216347
2022-01-15,39128,569925,47211739,26786272
2022-01-16,31046,341847,47242785,27128119
2022-01-17,54625,489641,47297410,27617760
2022-01-18,58242,516999,47355652,28134759
2022-01-19,57065,502769,47412717,28637528
2022-01-20,54201,498797,47466918,29136325
2022-01-21,41915,493852,47508833,29630177
2022-01-22,31006,469583,47539839,30099760
2022-01-23,34820,275359,47574659,30375119
2022-01-24,56078,437201,47630737,30812320
2022-01-25,61438,452077,47692175,31264397
2022-01-26,58436,435804,47750611,31700201
2022-01-27,48751,432347,47799362,32132548
2022-01-28,58558,436517,47857920,32569065
2022-01-29,67996,412468,47925916,32981533
2022-01-30,50296,235959,47976212,33217492
2022-01-31,60486,356914,48036698,33574406
2022-02-01,65431,328419,48102129,33902825
2022-02-02,63090,296947,48165219,34199772
2022-02-03,59968,274504,48225187,34474276
2022-02-04,72278,268432,48297465,34742708
2022-02-05,83667,248517,48381132,34991225
2022-02-06,55225,116190,48436357,35107415
2022-02-07,65074,199925,48501431,35307340
2022-02-08,66866,186097,48568297,35493437
2022-02-09,58691,166326,48626988,35659763
2022-02-10,58487,163227,48685475,35822990
2022-02-11,62168,162446,48747643,35985436
2022-02-12,71913,152132,48819556,36137568
2022-02-13,41443,68848,48860999,36206416
2022-02-14,46633,116180,48907632,36322596
2022-02-15,48474,123477,48956106,36446073
2022-02-16,45632,106106,49001738,36552179
2022-02-17,42830,98094,49044568,36650273
2022-02-18,46571,112563,49091139,36762836
2022-02-19,52496,100324,49143635,36863160
2022-02-20,31404,40358,49175039,36903518
2022-02-21,37872,89637,49212911,36993155
2022-02-22,37182,83762,49250093,37076917
2022-02-23,33361,79400,49283454,37156317
2022-02-24,32536,78156,49315990,37234473
2022-02-25,34733,90700,49350723,37325173
2022-02-26,39131,89131,49389854,37414304
2022-02-27,22535,35855,49412389,37450159
2022-02-28,28451,81689,49440840,37531848
2022-03-01,22680,53932,49463520,37585780
2022-03-02,21976,50624,49485496,37636404
2022-03-03,22580,54936,49508076,37691340
2022-03-04,23200,62787,49531276,37754127
2022-03-05,23765,57949,49555041,37812076
2022-03-06,9468,17199,49564509,37829275
2022-03-07,15884,51386,49580393,37880661
2022-03-08,15433,48796,49595826,37929457
2022-03-09,13787,46510,49609613,37975967
2022-03-10,14015,52115,49623628,38028082
2022-03-11,15548,57245,49639176,38085327
2022-03-12,15477,56612,49654653,38141939
2022-03-13,5540,16848,49660193,38158787
2022-03-14,10513,46688,49670706,38205475
2022-03-15,10522,46891,49681228,38252366
2022-03-16,9463,41975,49690691,38294341
2022-03-17,9691,44873,49700382,38339214
2022-03-18,10144,49044,49710526,38388258
2022-03-19,9137,46530,49719663,38434788
2022-03-20,2603,11699,49722266,38446487
2022-03-21,7565,40217,49729831,38486704
2022-03-22,8430,37744,49738261,38524448
2022-03-23,7200,33695,49745461,38558143
2022-03-24,8239,38793,49753700,38596936
2022-03-25,8111,43659,49761811,38640595
2022-03-26,8117,41715,49769928,38682310
2022-03-27,2425,9683,49772353,38691993
2022-03-28,6093,35227,49778446,38727220
2022-03-29,5772,32522,49784218,38759742
2022-03-30,5550,30193,49789768,38789935
2022-03-31,5875,33164,49795643,38823099
2022-04-01,4338,25178,49799981,38848277
2022-04-02,4485,23269,49804466,38871546
2022-04-03,1045,4499,49805511,38876045
2022-04-04,3648,21532,49809159,38897577
2022-04-05,3743,22921,49812902,38920498
2022-04-06,4093,21836,49816995,38942334
2022-04-07,3948,23318,49820943,38965652
2022-04-08,4681,26707,49825624,38992359
2022-04-09,4373,23881,49829997,39016240
2022-04-10,892,4614,49830889,39020854
2022-04-11,3798,22681,49834687,39043535
2022-04-12,3350,21774,49838037,39065309
2022-04-13,3553,21333,49841590,39086642
2022-04-14,3476,23772,49845066,39110414
2022-04-15,3076,20613,49848142,39131027
2022-04-16,2145,11920,49850287,39142947
2022-04-17,63,348,49850350,39143295
2022-04-18,148,650,49850498,39143945
2022-04-19,3480,21976,49853978,39165921
2022-04-20,3491,20249,49857469,39186170
2022-04-21,2834,19774,49860303,39205944
2022-04-22,2912,20693,49863215,39226637
2022-04-23,2634,16204,49865849,39242841
2022-04-24,509,2335,49866358,39245176
2022-04-25,183,1165,49866541,39246341
2022-04-26,2756,17790,49869297,39264131
2022-04-27,2362,15777,49871659,39279908
2022-04-28,2345,15533,49874004,39295441
2022-04-29,2287,14831,49876291,39310272
2022-04-30,2116,11576,49878407,39321848
2022-05-01,113,530,49878520,39322378
2022-05-02,1442,9380,49879962,39331758
2022-05-03,1568,10306,49881530,39342064
2022-05-04,1744,10254,49883274,39352318
2022-05-05,1647,10273,49884921,39362591
2022-05-06,1693,10943,49886614,39373534
2022-05-07,1431,8561,49888045,39382095
2022-05-08,404,1514,49888449,39383609
2022-05-09,1023,8914,49889472,39392523
2022-05-10,1418,9536,49890890,39402059
2022-05-11,1476,10087,49892366,39412146
2022-05-12,1362,10117,49893728,39422263
2022-05-13,1587,10505,49895315,39432768
2022-05-14,1355,8226,49896670,39440994
2022-05-15,336,1129,49897006,39442123
2022-05-16,809,8388,49897815,39450511
2022-05-17,1239,8665,49899054,39459176
2022-05-18,1368,9208,49900422,39468384
2022-05-19,1496,9265,49901918,39477649
2022-05-20,1419,9488,49903337,39487137
2022-05-21,1300,7891,49904637,39495028
2022-05-22,232,1011,49904869,39496039
2022-05-23,824,8259,49905693,39504298
2022-05-24,1069,8663,49906762,39512961
2022-05-25,1363,9443,49908125,39522404
2022-05-26,1192,9452,49909317,39531856
2022-05-27,1223,9907,49910540,39541763
2022-05-28,1201,7873,49911741,39549636
2022-05-29,285,1263,49912026,39550899
2022-05-30,926,8023,49912952,39558922
2022-05-31,1032,8529,49913984,39567451
2022-06-01,890,7641,49914874,39575092
2022-06-02,34,474,49914908,39575566
2022-06-03,810,7327,49915718,39582893
2022-06-04,869,5155,49916587,39588048
2022-06-05,89,586,49916676,39588634
2022-06-06,670,6963,49917346,39595597
2022-06-07,928,7841,49918274,39603438
2022-06-08,977,7896,49919251,39611334
2022-06-09,1031,8398,49920282,39619732
2022-06-10,949,8534,49921231,39628266
2022-06-11,897,6208,49922128,39634474
2022-06-12,140,767,49922268,39635241
2022-06-13,601,6292,49922869,39641533
2022-06-14,824,7868,49923693,39649401
2022-06-15,949,7842,49924642,39657243
2022-06-16,726,7382,49925368,39664625
2022-06-17,715,7232,49926083,39671857
2022-06-18,775,5587,49926858,39677444
2022-06-19,47,522,49926905,39677966
2022-06-20,587,6690,49927492,39684656
2022-06-21,730,7635,49928222,39692291
2022-06-22,775,7299,49928997,39699590
2022-06-23,646,7454,49929643,39707044
2022-06-24,638,7453,49930281,39714497
2022-06-25,835,6531,49931116,39721028
2022-06-26,128,523,49931244,39721551
2022-06-27,528,7110,49931772,39728661
2022-06-28,741,8187,49932513,39736848
2022-06-29,754,7710,49933267,39744558
2022-06-30,739,8128,49934006,39752686
2022-07-01,575,6434,49934581,39759120
2022-07-02,535,4763,49935116,39763883
2022-07-03,49,456,49935165,39764339
2022-07-04,468,6257,49935633,39770596
2022-07-05,617,8104,49936250,39778700
2022-07-06,621,7572,49936871,39786272
2022-07-07,561,8243,49937432,39794515
2022-07-08,667,8065,49938099,39802580
2022-07-09,548,6101,49938647,39808681
2022-07-10,58,533,49938705,39809214
2022-07-11,473,7622,49939178,39816836
2022-07-12,648,8960,49939826,39825796
2022-07-13,624,10049,49940450,39835845
2022-07-14,618,10168,49941068,39846013
2022-07-15,616,10579,49941684,39856592
2022-07-16,511,7191,49942195,39863783
2022-07-17,48,767,49942243,39864550
2022-07-18,493,9324,49942736,39873874
2022-07-19,557,10602,49943293,39884476
2022-07-20,556,11187,49943849,39895663
2022-07-21,613,11943,49944462,39907606
2022-07-22,557,11148,49945019,39918754
2022-07-23,373,6688,49945392,39925442
2022-07-24,75,833,49945467,39926275
2022-07-25,488,8978,49945955,39935253
2022-07-26,510,9636,49946465,39944889
2022-07-27,521,9958,49946986,39954847
2022-07-28,510,10228,49947496,39965075
2022-07-29,474,9055,49947970,39974130
2022-07-30,368,5677,49948338,39979807
2022-07-31,48,605,49948386,39980412