data_somministrazione,vaccinazioni,booster,cum_vaccinazioni,cum_booster
2020-12-27,20,0,20,0
2020-12-28,2,0,22,0
2020-12-29,1,0,23,0
2020-12-30,6,0,29,0
2020-12-31,69,0,98,0
2021-01-01,22,0,120,0
2021-01-02,108,0,228,0
2021-01-03,80,0,308,0
2021-01-04,201,0,509,0
2021-01-05,237,0,746,0
2021-01-06,199,0,945,0
2021-01-07,292,0,1237,0
2021-01-08,337,0,1574,0
2021-01-09,249,0,1823,0
2021-01-10,145,0,1968,0
2021-01-11,270,0,2238,0
2021-01-12,264,0,2502,0
2021-01-13,389,0,2891,0
2021-01-14,476,0,3367,0
2021-01-15,299,0,3666,0
2021-01-16,206,0,3872,0
2021-01-17,3057,0,6929,0
2021-01-18,5209,0,12138,0
2021-01-19,1892,0,14030,0
2021-01-20,4653,0,18683,0
2021-01-21,19996,0,38679,0
2021-01-22,14200,0,52879,0
2021-01-23,33330,0,86209,0
2021-01-24,30787,0,116996,0
2021-01-25,64725,0,181721,0
2021-01-26,76499,0,258220,0
2021-01-27,64835,0,323055,0
2021-01-28,89287,0,412342,0
2021-01-29,94020,0,506362,0
2021-01-30,86565,0,592927,0
2021-01-31,57334,0,650261,0
2021-02-01,81867,0,732128,0
2021-02-02,82146,0,814274,0
2021-02-03,91190,0,905464,0
2021-02-04,95396,0,1000860,0
2021-02-05,90274,0,1091134,0
2021-02-06,63448,0,1154582,0
2021-02-07,32928,0,1187510,0
2021-02-08,40431,0,1227941,0
2021-02-09,32864,0,1260805,0
2021-02-10,28422,0,1289227,0
2021-02-11,20392,0,1309619,0
2021-02-12,16230,0,1325849,0
2021-02-13,7255,0,1333104,0
2021-02-14,2861,0,1335965,0
2021-02-15,6837,0,1342802,0
2021-02-16,6994,0,1349796,0
2021-02-17,10520,0,1360316,0
2021-02-18,9248,0,1369564,0
2021-02-19,8242,0,1377806,0
2021-02-20,5547,0,1383353,0
2021-02-21,2988,0,1386341,0
2021-02-22,6882,0,1393223,0
2021-02-23,7165,0,1400388,0
2021-02-24,9825,0,1410213,0
2021-02-25,14204,0,1424417,0
2021-02-26,17555,0,1441972,0
2021-02-27,13905,0,1455877,0
2021-02-28,9386,0,1465263,0
2021-03-01,26507,0,1491770,0
2021-03-02,33238,0,1525008,0
2021-03-03,44639,0,1569647,0
2021-03-04,50288,0,1619935,0
2021-03-05,55734,0,1675669,0
2021-03-06,41877,0,1717546,0
2021-03-07,22324,0,1739870,0
2021-03-08,50797,0,1790667,0
2021-03-09,53062,0,1843729,0
2021-03-10,58630,0,1902359,0
2021-03-11,63843,0,1966202,0
2021-03-12,65100,0,2031302,0
2021-03-13,51708,0,2083010,0
2021-03-14,35387,0,2118397,0
2021-03-15,73428,0,2191825,0
2021-03-16,74023,0,2265848,0
2021-03-17,83130,0,2348978,0
2021-03-18,81622,0,2430600,0
2021-03-19,81078,0,2511678,0
2021-03-20,64713,0,2576391,0
2021-03-21,47289,0,2623680,0
2021-03-22,69472,0,2693152,0
2021-03-23,75782,0,2768934,0
2021-03-24,90892,0,2859826,0
2021-03-25,89788,0,2949614,0
2021-03-26,83604,0,3033218,0
2021-03-27,71927,0,3105145,0
2021-03-28,44133,0,3149278,0
2021-03-29,70811,0,3220089,0
2021-03-30,81368,0,3301457,0
2021-03-31,96219,0,3397676,0
2021-04-01,95296,0,3492972,0
2021-04-02,84065,0,3577037,0
2021-04-03,64295,0,3641332,0
2021-04-04,21717,0,3663049,0
2021-04-05,40299,0,3703348,0
2021-04-06,81305,0,3784653,0
2021-04-07,95813,0,3880466,0
2021-04-08,95226,0,3975692,0
2021-04-09,88485,0,4064177,0
2021-04-10,74028,0,4138205,0
2021-04-11,44756,0,4182961,0
2021-04-12,66908,0,4249869,0
2021-04-13,72565,0,4322434,0
2021-04-14,85523,0,4407957,0
2021-04-15,105404,0,4513361,0
2021-04-16,106412,0,4619773,0
2021-04-17,90494,0,4710267,0
2021-04-18,58581,0,4768848,0
2021-04-19,93423,0,4862271,0
2021-04-20,103758,0,4966029,0
2021-04-21,125331,0,5091360,0
2021-04-22,143500,0,5234860,0
2021-04-23,138718,0,5373578,0
2021-04-24,124436,0,5498014,0
2021-04-25,61451,0,5559465,0
2021-04-26,97878,0,5657343,0
2021-04-27,128354,0,5785697,0
2021-04-28,156351,0,5942048,0
2021-04-29,195580,0,6137628,0
2021-04-30,214554,0,6352182,0
2021-05-01,174091,0,6526273,0
2021-05-02,135796,0,6662069,0
2021-05-03,142006,0,6804075,0
2021-05-04,158680,0,6962755,0
2021-05-05,170473,0,7133228,0
2021-05-06,197789,0,7331017,0
2021-05-07,213814,0,7544831,0
2021-05-08,213389,0,7758220,0
2021-05-09,143194,0,7901414,0
2021-05-10,165084,0,8066498,0
2021-05-11,174963,0,8241461,0
2021-05-12,179162,0,8420623,0
2021-05-13,203365,0,8623988,0
2021-05-14,222893,0,8846881,0
2021-05-15,210344,0,9057225,0
2021-05-16,159265,0,9216490,0
2021-05-17,219178,0,9435668,0
2021-05-18,213002,0,9648670,0
2021-05-19,207064,0,9855734,0
2021-05-20,270835,0,10126569,0
2021-05-21,270862,0,10397431,0
2021-05-22,245515,0,10642946,0
2021-05-23,197171,0,10840117,0
2021-05-24,228295,0,11068412,0
2021-05-25,245687,0,11314099,0
2021-05-26,277477,0,11591576,0
2021-05-27,311075,0,11902651,0
2021-05-28,299564,0,12202215,0
2021-05-29,231203,0,12433418,0
2021-05-30,170828,0,12604246,0
2021-05-31,216411,0,12820657,0
2021-06-01,207624,0,13028281,0
2021-06-02,115774,0,13144055,0
2021-06-03,180116,0,13324171,0
2021-06-04,184856,0,13509027,0
2021-06-05,185940,0,13694967,0
2021-06-06,139520,0,13834487,0
2021-06-07,161844,0,13996331,0
2021-06-08,171174,0,14167505,0
2021-06-09,171445,0,14338950,0
2021-06-10,174053,0,14513003,0
2021-06-11,169945,0,14682948,0
2021-06-12,128312,0,14811260,0
2021-06-13,91148,0,14902408,0
2021-06-14,214650,0,15117058,0
2021-06-15,228393,0,15345451,0
2021-06-16,253041,0,15598492,0
2021-06-17,301707,0,15900199,0
2021-06-18,306269,0,16206468,0
2021-06-19,275063,0,16481531,0
2021-06-20,220731,0,16702262,0
2021-06-21,288049,0,16990311,0
2021-06-22,296186,0,17286497,0
2021-06-23,302663,0,17589160,0
2021-06-24,332559,0,17921719,0
2021-06-25,348688,0,18270407,0
2021-06-26,300084,0,18570491,0
2021-06-27,228621,0,18799112,0
2021-06-28,307045,0,19106157,0
2021-06-29,329242,0,19435399,0
2021-06-30,342108,0,19777507,0
2021-07-01,363162,0,20140669,0
2021-07-02,368431,0,20509100,0
2021-07-03,371067,0,20880167,0
2021-07-04,283195,0,21163362,0
2021-07-05,384507,0,21547869,0
2021-07-06,385429,0,21933298,0
2021-07-07,412070,0,22345368,0
2021-07-08,479610,0,22824978,0
2021-07-09,498478,0,23323456,0
2021-07-10,475172,0,23798628,0
2021-07-11,357691,0,24156319,0
2021-07-12,485894,0,24642213,0
2021-07-13,492136,0,25134349,0
2021-07-14,480471,0,25614820,0
2021-07-15,523471,0,26138291,0
2021-07-16,509772,0,26648063,0
2021-07-17,464356,0,27112419,0
2021-07-18,364683,0,27477102,0
2021-07-19,463065,0,27940167,0
2021-07-20,458078,0,28398245,0
2021-07-21,462804,0,28861049,0
2021-07-22,475395,0,29336444,0
2021-07-23,441297,0,29777741,0
2021-07-24,386179,0,30163920,0
2021-07-25,287579,0,30451499,0
2021-07-26,430877,0,30882376,0
2021-07-27,440119,0,31322495,0
2021-07-28,391006,0,31713501,0
2021-07-29,372076,0,32085577,0
2021-07-30,341511,0,32427088,0
2021-07-31,287020,0,32714108,0
2021-08-01,191014,0,32905122,0
2021-08-02,333722,0,33238844,0
2021-08-03,323185,0,33562029,0
2021-08-04,310966,0,33872995,0
2021-08-05,292503,0,34165498,0
2021-08-06,260003,0,34425501,0
2021-08-07,199050,0,34624551,0
2021-08-08,153104,0,34777655,0
2021-08-09,234072,0,35011727,0
2021-08-10,205244,0,35216971,0
2021-08-11,193756,0,35410727,0
2021-08-12,167991,0,35578718,0
2021-08-13,148599,0,35727317,0
2021-08-14,66089,0,35793406,0
2021-08-15,26336,0,35819742,0
2021-08-16,114682,0,35934424,0
2021-08-17,129239,0,36063663,0
2021-08-18,128741,0,36192404,0
2021-08-19,124795,0,36317199,0
2021-08-20,123793,0,36440992,0
2021-08-21,83121,0,36524113,0
2021-08-22,68166,0,36592279,0
2021-08-23,176870,0,36769149,0
2021-08-24,156904,0,36926053,0
2021-08-25,177167,0,37103220,0
2021-08-26,172345,0,37275565,0
2021-08-27,185834,0,37461399,0
2021-08-28,140266,0,37601665,0
2021-08-29,98997,0,37700662,0
2021-08-30,209624,0,37910286,0
2021-08-31,194633,0,38104919,0
2021-09-01,192213,0,38297132,0
2021-09-02,189938,0,38487070,0
2021-09-03,191328,0,38678398,0
2021-09-04,131474,0,38809872,0
2021-09-05,87866,0,38897738,0
2021-09-06,193649,0,39091387,0
2021-09-07,196052,0,39287439,0
2021-09-08,187901,0,39475340,0
2021-09-09,201461,0,39676801,0
2021-09-10,198097,0,39874898,0
2021-09-11,141320,0,40016218,0
2021-09-12,89599,0,40105817,0
2021-09-13,191159,560,40296976,560
2021-09-14,177257,578,40474233,1138
2021-09-15,163114,586,40637347,1724
2021-09-16,160090,930,40797437,2654
2021-09-17,150176,1115,40947613,3769
2021-09-18,127976,741,41075589,4510
2021-09-19,81131,496,41156720,5006
2021-09-20,180076,9075,41336796,14081
2021-09-21,166637,8832,41503433,22913
2021-09-22,159082,9440,41662515,32353
2021-09-23,138085,9324,41800600,41677
2021-09-24,140540,8957,41941140,50634
2021-09-25,119555,5639,42060695,56273
2021-09-26,71960,4341,42132655,60614
2021-09-27,135643,10048,42268298,70662
2021-09-28,117497,11386,42385795,82048
2021-09-29,112335,11827,42498130,93875
2021-09-30,110232,14952,42608362,108827
2021-10-01,94978,19108,42703340,127935
2021-10-02,78487,14015,42781827,141950
2021-10-03,47740,7657,42829567,149607
2021-10-04,88378,34445,42917945,184052
2021-10-05,80366,33971,42998311,218023
2021-10-06,71985,34163,43070296,252186
2021-10-07,71856,34347,43142152,286533
2021-10-08,80624,33589,43222776,320122
2021-10-09,76102,22170,43298878,342292
2021-10-10,45774,13618,43344652,355910
2021-10-11,87418,41107,43432070,397017
2021-10-12,84490,46899,43516560,443916
2021-10-13,88192,52116,43604752,496032
2021-10-14,91529,58512,43696281,554544
2021-10-15,93592,55629,43789873,610173
2021-10-16,82966,36782,43872839,646955
2021-10-17,51466,23827,43924305,670782
2021-10-18,90299,59482,44014604,730264
2021-10-19,78344,69373,44092948,799637
2021-10-20,75074,78165,44168022,877802
2021-10-21,78298,81753,44246320,959555
2021-10-22,73785,77023,44320105,1036578
2021-10-23,60818,51954,44380923,1088532
2021-10-24,33377,23457,44414300,1111989
2021-10-25,64907,81622,44479207,1193611
2021-10-26,58374,91779,44537581,1285390
2021-10-27,58329,103971,44595910,1389361
2021-10-28,61465,114103,44657375,1503464
2021-10-29,61656,103114,44719031,1606578
2021-10-30,50670,68116,44769701,1674694
2021-10-31,25163,28290,44794864,1702984
2021-11-01,19046,28148,44813910,1731132
2021-11-02,62762,89374,44876672,1820506
2021-11-03,60733,118654,44937405,1939160
2021-11-04,59240,126664,44996645,2065824
2021-11-05,63096,135170,45059741,2200994
2021-11-06,46476,90924,45106217,2291918
2021-11-07,22251,37895,45128468,2329813
2021-11-08,51528,131264,45179996,2461077
2021-11-09,45403,144199,45225399,2605276
2021-11-10,42583,156343,45267982,2761619
2021-11-11,44933,155132,45312915,2916751
2021-11-12,46370,158575,45359285,3075326
2021-11-13,33253,116650,45392538,3191976
2021-11-14,14482,52444,45407020,3244420
2021-11-15,36893,157426,45443913,3401846
2021-11-16,30548,171375,45474461,3573221
2021-11-17,28448,178435,45502909,3751656
2021-11-18,30283,193716,45533192,3945372
2021-11-19,28801,205850,45561993,4151222
2021-11-20,20992,156437,45582985,4307659
2021-11-21,10609,64858,45593594,4372517
2021-11-22,21934,213138,45615528,4585655
2021-11-23,23573,241743,45639101,4827398
2021-11-24,27844,270944,45666945,5098342
2021-11-25,23233,301903,45690178,5400245
2021-11-26,24585,318262,45714763,5718507
2021-11-27,21380,266149,45736143,5984656
2021-11-28,9900,137057,45746043,6121713
2021-11-29,22325,326061,45768368,6447774
2021-11-30,23085,365821,45791453,6813595
2021-12-01,21520,413498,45812973,7227093
2021-12-02,23760,440375,45836733,7667468
2021-12-03,25250,467456,45861983,8134924
2021-12-04,22360,418731,45884343,8553655
2021-12-05,11919,261327,45896262,8814982
2021-12-06,25819,457564,45922081,9272546
2021-12-07,24128,480251,45946209,9752797
2021-12-08,10002,249684,45956211,10002481
2021-12-09,31576,491908,45987787,10494389
2021-12-10,28063,517863,46015850,11012252
2021-12-11,23558,459242,46039408,11471494
2021-12-12,12305,293492,46051713,11764986
2021-12-13,26149,467619,46077862,12232605
2021-12-14,25169,494187,46103031,12726792
2021-12-15,25328,517126,46128359,13243918
2021-12-16,27878,520235,46156237,13764153
2021-12-17,29356,517158,46185593,14281311
2021-12-18,27046,468713,46212639,14750024
2021-12-19,15137,300514,46227776,15050538
2021-12-20,30614,477479,46258390,15528017
2021-12-21,30360,493376,46288750,16021393
2021-12-22,29435,484701,46318185,16506094
2021-12-23,28235,426891,46346420,16932985
2021-12-24,13112,210821,46359532,17143806
2021-12-25,2101,33053,46361633,17176859
2021-12-26,8757,159066,46370390,17335925
2021-12-27,46775,504651,46417165,17840576
2021-12-28,42439,554204,46459604,18394780
2021-12-29,34332,550625,46493936,18945405
2021-12-30,31817,499818,46525753,19445223
2021-12-31,14113,247389,46539866,19692612
2022-01-01,3494,64814,46543360,19757426
2022-01-02,22751,276718,46566111,20034144
2022-01-03,47836,520004,46613947,20554148
2022-01-04,46334,572076,46660281,21126224
2022-01-05,40715,560392,46700996,21686616
2022-01-06,23466,274480,46724462,21961096
2022-01-07,63667,554179,46788129,22515275
2022-01-08,60816,503373,46848945,23018648
2022-01-09,42805,319682,46891750,23338330
2022-01-10,61043,542278,46952793,23880608
2022-01-11,61679,586978,47014472,24467586
2022-01-12,58403,581272,47072875,25048858
2022-01-13,58569,580370,47131444,25629228
2022-01-14,46740,588557,47178184,26217785
2022-01-15,39351,569932,47217535,26787717
2022-01-16,31163,341847,47248698,27129564
2022-01-17,54744,489646,47303442,27619210
2022-01-18,58359,517007,47361801,28136217
2022-01-19,57163,502775,47418964,28638992
2022-01-20,54309,498812,47473273,29137804
2022-01-21,42049,493862,47515322,29631666
2022-01-22,31141,469589,47546463,30101255
2022-01-23,34908,275358,47581371,30376613
2022-01-24,56153,437204,47637524,30813817
2022-01-25,61530,452089,47699054,31265906
2022-01-26,58514,435818,47757568,31701724
2022-01-27,48807,432348,47806375,32134072
2022-01-28,58668,436527,47865043,32570599
2022-01-29,68100,412481,47933143,32983080
2022-01-30,50355,235962,47983498,33219042
2022-01-31,60599,356920,48044097,33575962
2022-02-01,65519,328433,48109616,33904395
2022-02-02,63166,296964,48172782,34201359
2022-02-03,60036,274512,48232818,34475871
2022-02-04,72356,268449,48305174,34744320
2022-02-05,83742,248528,48388916,34992848
2022-02-06,55273,116198,48444189,35109046
2022-02-07,65119,199933,48509308,35308979
2022-02-08,66914,186105,48576222,35495084
2022-02-09,58748,166333,48634970,35661417
2022-02-10,58548,163232,48693518,35824649
2022-02-11,62226,162454,48755744,35987103
2022-02-12,71958,152133,48827702,36139236
2022-02-13,41466,68846,48869168,36208082
2022-02-14,46675,116187,48915843,36324269
2022-02-15,48515,123477,48964358,36447746
2022-02-16,45667,106114,49010025,36553860
2022-02-17,42850,98103,49052875,36651963
2022-02-18,46603,112568,49099478,36764531
2022-02-19,52518,100325,49151996,36864856
2022-02-20,31409,40357,49183405,36905213
2022-02-21,37885,89641,49221290,36994854
2022-02-22,37214,83768,49258504,37078622
2022-02-23,33381,79403,49291885,37158025
2022-02-24,32551,78157,49324436,37236182
2022-02-25,34750,90707,49359186,37326889
2022-02-26,39149,89131,49398335,37416020
2022-02-27,22540,35855,49420875,37451875
2022-02-28,28469,81683,49449344,37533558
2022-03-01,22708,53937,49472052,37587495
2022-03-02,21991,50625,49494043,37638120
2022-03-03,22604,54940,49516647,37693060
2022-03-04,23215,62790,49539862,37755850
2022-03-05,23786,57950,49563648,37813800
2022-03-06,9470,17200,49573118,37831000
2022-03-07,15900,51386,49589018,37882386
2022-03-08,15464,48793,49604482,37931179
2022-03-09,13806,46513,49618288,37977692
2022-03-10,14040,52115,49632328,38029807
2022-03-11,15571,57253,49647899,38087060
2022-03-12,15491,56614,49663390,38143674
2022-03-13,5542,16849,49668932,38160523
2022-03-14,10518,46692,49679450,38207215
2022-03-15,10534,46888,49689984,38254103
2022-03-16,9473,41975,49699457,38296078
2022-03-17,9704,44874,49709161,38340952
2022-03-18,10152,49052,49719313,38390004
2022-03-19,9146,46529,49728459,38436533
2022-03-20,2607,11700,49731066,38448233
2022-03-21,7575,40220,49738641,38488453
2022-03-22,8444,37752,49747085,38526205
2022-03-23,7209,33699,49754294,38559904
2022-03-24,8251,38797,49762545,38598701
2022-03-25,8130,43659,49770675,38642360
2022-03-26,8120,41720,49778795,38684080
2022-03-27,2429,9681,49781224,38693761
2022-03-28,6101,35231,49787325,38728992
2022-03-29,5773,32525,49793098,38761517
2022-03-30,5557,30195,49798655,38791712
2022-03-31,5887,33176,49804542,38824888
2022-04-01,4342,25187,49808884,38850075
2022-04-02,4489,23273,49813373,38873348
2022-04-03,1049,4499,49814422,38877847
2022-04-04,3653,21532,49818075,38899379
2022-04-05,3750,22924,49821825,38922303
2022-04-06,4098,21846,49825923,38944149
2022-04-07,3960,23320,49829883,38967469
2022-04-08,4688,26709,49834571,38994178
2022-04-09,4377,23884,49838948,39018062
2022-04-10,892,4614,49839840,39022676
2022-04-11,3812,22684,49843652,39045360
2022-04-12,3356,21779,49847008,39067139
2022-04-13,3559,21332,49850567,39088471
2022-04-14,3482,23775,49854049,39112246
2022-04-15,3079,20618,49857128,39132864
2022-04-16,2147,11919,49859275,39144783
2022-04-17,63,348,49859338,39145131
2022-04-18,149,650,49859487,39145781
2022-04-19,3490,21978,49862977,39167759
2022-04-20,3502,20248,49866479,39188007
2022-04-21,2840,19781,49869319,39207788
2022-04-22,2920,20695,49872239,39228483
2022-04-23,2636,16212,49874875,39244695
2022-04-24,509,2335,49875384,39247030
2022-04-25,183,1165,49875567,39248195
2022-04-26,2760,17791,49878327,39265986
2022-04-27,2368,15785,49880695,39281771
2022-04-28,2355,15553,49883050,39297324
2022-04-29,2292,14835,49885342,39312159
2022-04-30,2121,11576,49887463,39323735
2022-05-01,113,530,49887576,39324265
2022-05-02,1447,9386,49889023,39333651
2022-05-03,1573,10310,49890596,39343961
2022-05-04,1746,10257,49892342,39354218
2022-05-05,1650,10273,49893992,39364491
2022-05-06,1698,10945,49895690,39375436
2022-05-07,1431,8562,49897121,39383998
2022-05-08,404,1514,49897525,39385512
2022-05-09,1024,8917,49898549,39394429
2022-05-10,1422,9538,49899971,39403967
2022-05-11,1481,10087,49901452,39414054
2022-05-12,1368,10118,49902820,39424172
2022-05-13,1587,10510,49904407,39434682
2022-05-14,1357,8227,49905764,39442909
2022-05-15,336,1129,49906100,39444038
2022-05-16,812,8388,49906912,39452426
2022-05-17,1242,8673,49908154,39461099
2022-05-18,1369,9216,49909523,39470315
2022-05-19,1498,9269,49911021,39479584
2022-05-20,1418,9495,49912439,39489079
2022-05-21,1299,7892,49913738,39496971
2022-05-22,231,1012,49913969,39497983
2022-05-23,826,8261,49914795,39506244
2022-05-24,1070,8666,49915865,39514910
2022-05-25,1366,9445,49917231,39524355
2022-05-26,1194,9455,49918425,39533810
2022-05-27,1225,9911,49919650,39543721
2022-05-28,1202,7873,49920852,39551594
2022-05-29,285,1264,49921137,39552858
2022-05-30,930,8026,49922067,39560884
2022-05-31,1033,8531,49923100,39569415
2022-06-01,891,7644,49923991,39577059
2022-06-02,35,474,49924026,39577533
2022-06-03,814,7328,49924840,39584861
2022-06-04,870,5155,49925710,39590016
2022-06-05,89,586,49925799,39590602
2022-06-06,672,6984,49926471,39597586
2022-06-07,931,7842,49927402,39605428
2022-06-08,982,7900,49928384,39613328
2022-06-09,1034,8400,49929418,39621728
2022-06-10,957,8550,49930375,39630278
2022-06-11,900,6206,49931275,39636484
2022-06-12,140,767,49931415,39637251
2022-06-13,603,6295,49932018,39643546
2022-06-14,826,7881,49932844,39651427
2022-06-15,952,7843,49933796,39659270
2022-06-16,728,7389,49934524,39666659
2022-06-17,720,7239,49935244,39673898
2022-06-18,777,5588,49936021,39679486
2022-06-19,47,522,49936068,39680008
2022-06-20,588,6694,49936656,39686702
2022-06-21,733,7646,49937389,39694348
2022-06-22,780,7305,49938169,39701653
2022-06-23,649,7459,49938818,39709112
2022-06-24,642,7473,49939460,39716585
2022-06-25,835,6532,49940295,39723117
2022-06-26,128,523,49940423,39723640
2022-06-27,532,7120,49940955,39730760
2022-06-28,745,8209,49941700,39738969
2022-06-29,754,7719,49942454,39746688
2022-06-30,744,8132,49943198,39754820
2022-07-01,576,6437,49943774,39761257
2022-07-02,536,4765,49944310,39766022
2022-07-03,49,456,49944359,39766478
2022-07-04,470,6273,49944829,39772751
2022-07-05,627,8112,49945456,39780863
2022-07-06,629,7606,49946085,39788469
2022-07-07,567,8256,49946652,39796725
2022-07-08,670,8078,49947322,39804803
2022-07-09,549,6103,49947871,39810906
2022-07-10,58,533,49947929,39811439
2022-07-11,487,7638,49948416,39819077
2022-07-12,663,9003,49949079,39828080
2022-07-13,638,10058,49949717,39838138
2022-07-14,636,10222,49950353,39848360
2022-07-15,623,10664,49950976,39859024
2022-07-16,521,7208,49951497,39866232
2022-07-17,48,769,49951545,39867001
2022-07-18,497,9348,49952042,39876349
2022-07-19,574,10649,49952616,39886998
2022-07-20,576,11257,49953192,39898255
2022-07-21,625,12034,49953817,39910289
2022-07-22,581,11224,49954398,39921513
2022-07-23,379,6739,49954777,39928252
2022-07-24,76,834,49954853,39929086
2022-07-25,500,9031,49955353,39938117
2022-07-26,519,9724,49955872,39947841
2022-07-27,546,10152,49956418,39957993
2022-07-28,527,10477,49956945,39968470
2022-07-29,511,9418,49957456,39977888
2022-07-30,380,5851,49957836,39983739
2022-07-31,49,745,49957885,39984484
2022-08-01,386,6823,49958271,39991307
2022-08-02,539,7515,49958810,39998822
2022-08-03,509,7141,49959319,40005963
2022-08-04,451,7419,49959770,40013382
2022-08-05,415,6480,49960185,40019862
2022-08-06,297,3580,49960482,40023442
2022-08-07,44,551,49960526,40023993
2022-08-08,396,4873,49960922,40028866
2022-08-09,382,5267,49961304,40034133
2022-08-10,374,4783,49961678,40038916
2022-08-11,364,4756,49962042,40043672
2022-08-12,287,3700,49962329,40047372
2022-08-13,143,1595,49962472,40048967
2022-08-14,9,128,49962481,40049095
2022-08-15,1,24,49962482,40049119
2022-08-16,281,3023,49962763,40052142
2022-08-17,351,3513,49963114,40055655
2022-08-18,385,4142,49963499,40059797
2022-08-19,338,3303,49963837,40063100
2022-08-20,182,1711,49964019,40064811
2022-08-21,24,146,49964043,40064957
2022-08-22,326,2928,49964369,40067885
2022-08-23,371,3645,49964740,40071530
2022-08-24,381,3332,49965121,40074862
2022-08-25,417,3707,49965538,40078569
2022-08-26,393,3541,49965931,40082110
2022-08-27,234,1767,49966165,40083877
2022-08-28,29,260,49966194,40084137
2022-08-29,353,3133,49966547,40087270
2022-08-30,399,3635,49966946,40090905
2022-08-31,429,3696,49967375,40094601
2022-09-01,351,3059,49967726,40097660
2022-09-02,289,2861,49968015,40100521
2022-09-03,197,1683,49968212,40102204
2022-09-04,22,147,49968234,40102351
2022-09-05,185,2619,49968419,40104970
2022-09-06,299,2943,49968718,40107913
2022-09-07,535,2887,49969253,40110800
2022-09-08,280,2918,49969533,40113718
2022-09-09,296,2816,49969829,40116534
2022-09-10,225,1319,49970054,40117853
2022-09-11,21,122,49970075,40117975
2022-09-12,264,1952,49970339,40119927
2022-09-13,230,1905,49970569,40121832
2022-09-14,230,1726,49970799,40123558
2022-09-15,130,885,49970929,40124443