data_somministrazione,vaccinazioni,booster,cum_vaccinazioni,cum_booster
2020-12-27,16,0,16,0
2020-12-28,2,0,18,0
2020-12-29,1,0,19,0
2020-12-30,3,0,22,0
2020-12-31,37,0,59,0
2021-01-01,14,0,73,0
2021-01-02,62,0,135,0
2021-01-03,46,0,181,0
2021-01-04,129,0,310,0
2021-01-05,171,0,481,0
2021-01-06,141,0,622,0
2021-01-07,210,0,832,0
2021-01-08,255,0,1087,0
2021-01-09,185,0,1272,0
2021-01-10,111,0,1383,0
2021-01-11,199,0,1582,0
2021-01-12,214,0,1796,0
2021-01-13,317,0,2113,0
2021-01-14,415,0,2528,0
2021-01-15,248,0,2776,0
2021-01-16,166,0,2942,0
2021-01-17,3047,0,5989,0
2021-01-18,5188,0,11177,0
2021-01-19,1879,0,13056,0
2021-01-20,4648,0,17704,0
2021-01-21,20010,0,37714,0
2021-01-22,14197,0,51911,0
2021-01-23,33357,0,85268,0
2021-01-24,30796,0,116064,0
2021-01-25,64777,0,180841,0
2021-01-26,76548,0,257389,0
2021-01-27,64880,0,322269,0
2021-01-28,89350,0,411619,0
2021-01-29,94076,0,505695,0
2021-01-30,86616,0,592311,0
2021-01-31,57354,0,649665,0
2021-02-01,81911,0,731576,0
2021-02-02,82170,0,813746,0
2021-02-03,91219,0,904965,0
2021-02-04,95394,0,1000359,0
2021-02-05,90300,0,1090659,0
2021-02-06,63738,0,1154397,0
2021-02-07,32918,0,1187315,0
2021-02-08,40416,0,1227731,0
2021-02-09,32848,0,1260579,0
2021-02-10,28395,0,1288974,0
2021-02-11,20359,0,1309333,0
2021-02-12,16185,0,1325518,0
2021-02-13,7217,0,1332735,0
2021-02-14,2856,0,1335591,0
2021-02-15,6828,0,1342419,0
2021-02-16,6974,0,1349393,0
2021-02-17,10500,0,1359893,0
2021-02-18,9220,0,1369113,0
2021-02-19,8184,0,1377297,0
2021-02-20,5483,0,1382780,0
2021-02-21,2953,0,1385733,0
2021-02-22,6845,0,1392578,0
2021-02-23,7116,0,1399694,0
2021-02-24,9802,0,1409496,0
2021-02-25,14174,0,1423670,0
2021-02-26,17514,0,1441184,0
2021-02-27,13863,0,1455047,0
2021-02-28,9355,0,1464402,0
2021-03-01,26453,0,1490855,0
2021-03-02,33185,0,1524040,0
2021-03-03,44613,0,1568653,0
2021-03-04,50227,0,1618880,0
2021-03-05,55756,0,1674636,0
2021-03-06,41845,0,1716481,0
2021-03-07,22300,0,1738781,0
2021-03-08,50547,0,1789328,0
2021-03-09,52919,0,1842247,0
2021-03-10,58536,0,1900783,0
2021-03-11,63760,0,1964543,0
2021-03-12,65024,0,2029567,0
2021-03-13,51659,0,2081226,0
2021-03-14,35350,0,2116576,0
2021-03-15,73368,0,2189944,0
2021-03-16,73994,0,2263938,0
2021-03-17,83100,0,2347038,0
2021-03-18,81593,0,2428631,0
2021-03-19,81034,0,2509665,0
2021-03-20,64650,0,2574315,0
2021-03-21,47253,0,2621568,0
2021-03-22,69407,0,2690975,0
2021-03-23,75708,0,2766683,0
2021-03-24,90795,0,2857478,0
2021-03-25,89717,0,2947195,0
2021-03-26,83506,0,3030701,0
2021-03-27,71829,0,3102530,0
2021-03-28,44049,0,3146579,0
2021-03-29,70710,0,3217289,0
2021-03-30,81265,0,3298554,0
2021-03-31,96113,0,3394667,0
2021-04-01,95219,0,3489886,0
2021-04-02,84004,0,3573890,0
2021-04-03,64252,0,3638142,0
2021-04-04,21696,0,3659838,0
2021-04-05,40266,0,3700104,0
2021-04-06,81240,0,3781344,0
2021-04-07,95736,0,3877080,0
2021-04-08,95161,0,3972241,0
2021-04-09,88413,0,4060654,0
2021-04-10,73955,0,4134609,0
2021-04-11,44706,0,4179315,0
2021-04-12,66849,0,4246164,0
2021-04-13,72509,0,4318673,0
2021-04-14,85439,0,4404112,0
2021-04-15,105327,0,4509439,0
2021-04-16,106323,0,4615762,0
2021-04-17,90420,0,4706182,0
2021-04-18,58535,0,4764717,0
2021-04-19,93389,0,4858106,0
2021-04-20,103694,0,4961800,0
2021-04-21,125268,0,5087068,0
2021-04-22,143427,0,5230495,0
2021-04-23,138622,0,5369117,0
2021-04-24,124370,0,5493487,0
2021-04-25,61404,0,5554891,0
2021-04-26,97813,0,5652704,0
2021-04-27,128268,0,5780972,0
2021-04-28,156250,0,5937222,0
2021-04-29,195454,0,6132676,0
2021-04-30,214441,0,6347117,0
2021-05-01,174021,0,6521138,0
2021-05-02,135731,0,6656869,0
2021-05-03,141896,0,6798765,0
2021-05-04,158606,0,6957371,0
2021-05-05,170362,0,7127733,0
2021-05-06,197698,0,7325431,0
2021-05-07,213686,0,7539117,0
2021-05-08,213289,0,7752406,0
2021-05-09,143086,0,7895492,0
2021-05-10,164994,0,8060486,0
2021-05-11,174832,0,8235318,0
2021-05-12,179014,0,8414332,0
2021-05-13,203178,0,8617510,0
2021-05-14,222761,0,8840271,0
2021-05-15,210183,0,9050454,0
2021-05-16,159155,0,9209609,0
2021-05-17,219084,0,9428693,0
2021-05-18,212897,0,9641590,0
2021-05-19,206952,0,9848542,0
2021-05-20,270714,0,10119256,0
2021-05-21,270717,0,10389973,0
2021-05-22,245409,0,10635382,0
2021-05-23,197101,0,10832483,0
2021-05-24,228218,0,11060701,0
2021-05-25,245594,0,11306295,0
2021-05-26,277395,0,11583690,0
2021-05-27,310936,0,11894626,0
2021-05-28,299445,0,12194071,0
2021-05-29,231068,0,12425139,0
2021-05-30,170735,0,12595874,0
2021-05-31,216281,0,12812155,0
2021-06-01,207532,0,13019687,0
2021-06-02,115670,0,13135357,0
2021-06-03,179927,0,13315284,0
2021-06-04,184635,0,13499919,0
2021-06-05,185784,0,13685703,0
2021-06-06,139335,0,13825038,0
2021-06-07,161628,0,13986666,0
2021-06-08,170914,0,14157580,0
2021-06-09,171222,0,14328802,0
2021-06-10,173802,0,14502604,0
2021-06-11,169694,0,14672298,0
2021-06-12,128109,0,14800407,0
2021-06-13,90990,0,14891397,0
2021-06-14,214488,0,15105885,0
2021-06-15,228211,0,15334096,0
2021-06-16,252888,0,15586984,0
2021-06-17,301520,0,15888504,0
2021-06-18,306097,0,16194601,0
2021-06-19,274929,0,16469530,0
2021-06-20,220557,0,16690087,0
2021-06-21,287897,0,16977984,0
2021-06-22,296026,0,17274010,0
2021-06-23,302592,0,17576602,0
2021-06-24,332424,0,17909026,0
2021-06-25,348586,0,18257612,0
2021-06-26,299964,0,18557576,0
2021-06-27,228520,0,18786096,0
2021-06-28,306865,0,19092961,0
2021-06-29,329044,0,19422005,0
2021-06-30,341959,0,19763964,0
2021-07-01,362998,0,20126962,0
2021-07-02,368322,0,20495284,0
2021-07-03,370994,0,20866278,0
2021-07-04,283074,0,21149352,0
2021-07-05,384412,0,21533764,0
2021-07-06,385296,0,21919060,0
2021-07-07,411965,0,22331025,0
2021-07-08,479621,0,22810646,0
2021-07-09,498502,0,23309148,0
2021-07-10,475163,0,23784311,0
2021-07-11,357702,0,24142013,0
2021-07-12,485904,0,24627917,0
2021-07-13,492154,0,25120071,0
2021-07-14,480470,0,25600541,0
2021-07-15,523513,0,26124054,0
2021-07-16,509781,0,26633835,0
2021-07-17,464434,0,27098269,0
2021-07-18,364708,0,27462977,0
2021-07-19,463077,0,27926054,0
2021-07-20,458100,0,28384154,0
2021-07-21,462766,0,28846920,0
2021-07-22,475368,0,29322288,0
2021-07-23,441244,0,29763532,0
2021-07-24,386135,0,30149667,0
2021-07-25,287575,0,30437242,0
2021-07-26,430842,0,30868084,0
2021-07-27,440053,0,31308137,0
2021-07-28,390931,0,31699068,0
2021-07-29,371996,0,32071064,0
2021-07-30,341320,0,32412384,0
2021-07-31,286899,0,32699283,0
2021-08-01,190833,0,32890116,0
2021-08-02,333546,0,33223662,0
2021-08-03,323086,0,33546748,0
2021-08-04,310835,0,33857583,0
2021-08-05,292456,0,34150039,0
2021-08-06,259898,0,34409937,0
2021-08-07,198936,0,34608873,0
2021-08-08,153025,0,34761898,0
2021-08-09,233957,0,34995855,0
2021-08-10,205138,0,35200993,0
2021-08-11,193580,0,35394573,0
2021-08-12,167772,0,35562345,0
2021-08-13,148439,0,35710784,0
2021-08-14,66023,0,35776807,0
2021-08-15,26311,0,35803118,0
2021-08-16,114568,0,35917686,0
2021-08-17,129145,0,36046831,0
2021-08-18,128628,0,36175459,0
2021-08-19,124656,0,36300115,0
2021-08-20,123676,0,36423791,0
2021-08-21,83029,0,36506820,0
2021-08-22,68105,0,36574925,0
2021-08-23,176758,0,36751683,0
2021-08-24,156821,0,36908504,0
2021-08-25,177070,0,37085574,0
2021-08-26,172258,0,37257832,0
2021-08-27,185804,0,37443636,0
2021-08-28,140183,0,37583819,0
2021-08-29,98991,0,37682810,0
2021-08-30,209565,0,37892375,0
2021-08-31,194496,0,38086871,0
2021-09-01,192100,0,38278971,0
2021-09-02,189831,0,38468802,0
2021-09-03,191298,0,38660100,0
2021-09-04,131454,0,38791554,0
2021-09-05,87841,0,38879395,0
2021-09-06,193653,0,39073048,0
2021-09-07,195985,0,39269033,0
2021-09-08,187870,0,39456903,0
2021-09-09,201430,0,39658333,0
2021-09-10,198021,0,39856354,0
2021-09-11,141250,0,39997604,0
2021-09-12,89553,0,40087157,0
2021-09-13,191175,362,40278332,362
2021-09-14,177228,441,40455560,803
2021-09-15,163061,469,40618621,1272
2021-09-16,160044,803,40778665,2075
2021-09-17,150078,1011,40928743,3086
2021-09-18,127876,661,41056619,3747
2021-09-19,81059,446,41137678,4193
2021-09-20,179935,8960,41317613,13153
2021-09-21,166470,8737,41484083,21890
2021-09-22,158884,9372,41642967,31262
2021-09-23,137923,9246,41780890,40508
2021-09-24,140374,8869,41921264,49377
2021-09-25,119446,5562,42040710,54939
2021-09-26,71841,4305,42112551,59244
2021-09-27,135452,9981,42248003,69225
2021-09-28,117301,11322,42365304,80547
2021-09-29,112136,11767,42477440,92314
2021-09-30,110056,14862,42587496,107176
2021-10-01,94827,19048,42682323,126224
2021-10-02,78323,13987,42760646,140211
2021-10-03,47594,7637,42808240,147848
2021-10-04,88228,34377,42896468,182225
2021-10-05,80237,33923,42976705,216148
2021-10-06,71865,34083,43048570,250231
2021-10-07,71666,34293,43120236,284524
2021-10-08,80487,33515,43200723,318039
2021-10-09,75964,22121,43276687,340160
2021-10-10,45684,13591,43322371,353751
2021-10-11,87266,41017,43409637,394768
2021-10-12,84337,46816,43493974,441584
2021-10-13,88005,52032,43581979,493616
2021-10-14,91315,58399,43673294,552015
2021-10-15,93399,55505,43766693,607520
2021-10-16,82822,36723,43849515,644243
2021-10-17,51353,23788,43900868,668031
2021-10-18,90177,59356,43991045,727387
2021-10-19,78210,69320,44069255,796707
2021-10-20,74938,78085,44144193,874792
2021-10-21,78179,81654,44222372,956446
2021-10-22,73723,76928,44296095,1033374
2021-10-23,60715,51909,44356810,1085283
2021-10-24,33341,23410,44390151,1108693
2021-10-25,64820,81557,44454971,1190250
2021-10-26,58302,91692,44513273,1281942
2021-10-27,58262,103887,44571535,1385829
2021-10-28,61390,114007,44632925,1499836
2021-10-29,61622,103004,44694547,1602840
2021-10-30,50619,68049,44745166,1670889
2021-10-31,25141,28254,44770307,1699143
2021-11-01,19025,28129,44789332,1727272
2021-11-02,62740,89263,44852072,1816535
2021-11-03,60681,118575,44912753,1935110
2021-11-04,59185,126543,44971938,2061653
2021-11-05,63024,135077,45034962,2196730
2021-11-06,46414,90912,45081376,2287642
2021-11-07,22219,37863,45103595,2325505
2021-11-08,51447,131200,45155042,2456705
2021-11-09,45351,144086,45200393,2600791
2021-11-10,42520,156250,45242913,2757041
2021-11-11,44869,155073,45287782,2912114
2021-11-12,46297,158496,45334079,3070610
2021-11-13,33186,116644,45367265,3187254
2021-11-14,14448,52417,45381713,3239671
2021-11-15,36822,157305,45418535,3396976
2021-11-16,30472,171321,45449007,3568297
2021-11-17,28353,178382,45477360,3746679
2021-11-18,30157,193608,45507517,3940287
2021-11-19,28704,205733,45536221,4146020
2021-11-20,20917,156449,45557138,4302469
2021-11-21,10562,64814,45567700,4367283
2021-11-22,21858,213084,45589558,4580367
2021-11-23,23468,241646,45613026,4822013
2021-11-24,27720,270864,45640746,5092877
2021-11-25,23113,301829,45663859,5394706
2021-11-26,24451,318178,45688310,5712884
2021-11-27,21266,266066,45709576,5978950
2021-11-28,9849,136999,45719425,6115949
2021-11-29,22182,325965,45741607,6441914
2021-11-30,22941,365739,45764548,6807653
2021-12-01,21353,413444,45785901,7221097
2021-12-02,23607,440291,45809508,7661388
2021-12-03,25064,467320,45834572,8128708
2021-12-04,22214,418667,45856786,8547375
2021-12-05,11809,261287,45868595,8808662
2021-12-06,25585,457469,45894180,9266131
2021-12-07,23926,480125,45918106,9746256
2021-12-08,9903,249619,45928009,9995875
2021-12-09,31339,491853,45959348,10487728
2021-12-10,27866,517771,45987214,11005499
2021-12-11,23391,459162,46010605,11464661
2021-12-12,12200,293433,46022805,11758094
2021-12-13,25947,467523,46048752,12225617
2021-12-14,24978,494099,46073730,12719716
2021-12-15,25122,517027,46098852,13236743
2021-12-16,27592,520101,46126444,13756844
2021-12-17,29107,517023,46155551,14273867
2021-12-18,26761,468630,46182312,14742497
2021-12-19,14981,300450,46197293,15042947
2021-12-20,30378,477359,46227671,15520306
2021-12-21,30149,493218,46257820,16013524
2021-12-22,29174,484568,46286994,16498092
2021-12-23,27963,426814,46314957,16924906
2021-12-24,13002,210770,46327959,17135676
2021-12-25,2093,33049,46330052,17168725
2021-12-26,8671,159036,46338723,17327761
2021-12-27,46472,504542,46385195,17832303
2021-12-28,42076,554084,46427271,18386387
2021-12-29,33940,550538,46461211,18936925
2021-12-30,31473,499715,46492684,19436640
2021-12-31,13931,247341,46506615,19683981
2022-01-01,3447,64794,46510062,19748775
2022-01-02,22489,276686,46532551,20025461
2022-01-03,47327,520863,46579878,20546324
2022-01-04,45854,572924,46625732,21119248
2022-01-05,40083,561200,46665815,21680448
2022-01-06,23053,274413,46688868,21954861
2022-01-07,62961,554991,46751829,22509852
2022-01-08,59927,503279,46811756,23013131
2022-01-09,42022,319624,46853778,23332755
2022-01-10,60396,543066,46914174,23875821
2022-01-11,60897,587785,46975071,24463606
2022-01-12,57542,582062,47032613,25045668
2022-01-13,57757,581117,47090370,25626785
2022-01-14,45818,589165,47136188,26215950
2022-01-15,38159,569506,47174347,26785456
2022-01-16,30449,341437,47204796,27126893
2022-01-17,54038,490410,47258834,27617303
2022-01-18,57707,517709,47316541,28135012
2022-01-19,56487,503471,47373028,28638483
2022-01-20,53674,499501,47426702,29137984
2022-01-21,41268,494544,47467970,29632528
2022-01-22,30204,469429,47498174,30101957
2022-01-23,34338,275256,47532512,30377213
2022-01-24,55583,437976,47588095,30815189
2022-01-25,61008,452882,47649103,31268071
2022-01-26,57865,436540,47706968,31704611
2022-01-27,48154,433021,47755122,32137632
2022-01-28,57877,437253,47812999,32574885
2022-01-29,67181,412001,47880180,32986886
2022-01-30,49731,235728,47929911,33222614
2022-01-31,59633,357723,47989544,33580337
2022-02-01,64713,329218,48054257,33909555
2022-02-02,62397,297592,48116654,34207147
2022-02-03,59413,275139,48176067,34482286
2022-02-04,71671,269018,48247738,34751304
2022-02-05,82742,248283,48330480,34999587
2022-02-06,54726,116119,48385206,35115706
2022-02-07,64515,200609,48449721,35316315
2022-02-08,66193,186745,48515914,35503060
2022-02-09,58154,166893,48574068,35669953
2022-02-10,57978,163723,48632046,35833676
2022-02-11,61687,162880,48693733,35996556
2022-02-12,71283,152026,48765016,36148582
2022-02-13,41119,68774,48806135,36217356
2022-02-14,46288,116698,48852423,36334054
2022-02-15,48036,123951,48900459,36458005
2022-02-16,45236,106475,48945695,36564480
2022-02-17,42548,98289,48988243,36662769
2022-02-18,46258,112696,49034501,36775465
2022-02-19,52141,100250,49086642,36875715
2022-02-20,31243,40255,49117885,36915970
2022-02-21,37684,89707,49155569,37005677
2022-02-22,36942,83760,49192511,37089437
2022-02-23,33160,79358,49225671,37168795
2022-02-24,32315,78083,49257986,37246878
2022-02-25,34509,90629,49292495,37337507
2022-02-26,38896,89001,49331391,37426508
2022-02-27,22409,35724,49353800,37462232
2022-02-28,28232,81669,49382032,37543901
2022-03-01,22356,53946,49404388,37597847
2022-03-02,21718,50477,49426106,37648324
2022-03-03,22279,54758,49448385,37703082
2022-03-04,22849,62556,49471234,37765638
2022-03-05,23417,57805,49494651,37823443
2022-03-06,9368,17141,49504019,37840584
2022-03-07,15686,51169,49519705,37891753
2022-03-08,15224,48289,49534929,37940042
2022-03-09,6336,21646,49541265,37961688