data_somministrazione,vaccinazioni,booster,cum_vaccinazioni,cum_booster
2020-12-27,20,0,20,0
2020-12-28,2,0,22,0
2020-12-29,1,0,23,0
2020-12-30,9,0,32,0
2020-12-31,73,0,105,0
2021-01-01,24,0,129,0
2021-01-02,131,0,260,0
2021-01-03,94,0,354,0
2021-01-04,224,0,578,0
2021-01-05,263,0,841,0
2021-01-06,232,0,1073,0
2021-01-07,315,0,1388,0
2021-01-08,361,0,1749,0
2021-01-09,269,0,2018,0
2021-01-10,163,0,2181,0
2021-01-11,293,0,2474,0
2021-01-12,279,0,2753,0
2021-01-13,407,0,3160,0
2021-01-14,491,0,3651,0
2021-01-15,311,0,3962,0
2021-01-16,218,0,4180,0
2021-01-17,3063,0,7243,0
2021-01-18,5215,0,12458,0
2021-01-19,1893,0,14351,0
2021-01-20,4657,0,19008,0
2021-01-21,20009,0,39017,0
2021-01-22,14220,0,53237,0
2021-01-23,33329,0,86566,0
2021-01-24,30781,0,117347,0
2021-01-25,64718,0,182065,0
2021-01-26,76484,0,258549,0
2021-01-27,64823,0,323372,0
2021-01-28,89262,0,412634,0
2021-01-29,94011,0,506645,0
2021-01-30,86550,0,593195,0
2021-01-31,57327,0,650522,0
2021-02-01,81847,0,732369,0
2021-02-02,82138,0,814507,0
2021-02-03,91109,0,905616,0
2021-02-04,95397,0,1001013,0
2021-02-05,90269,0,1091282,0
2021-02-06,63449,0,1154731,0
2021-02-07,32933,0,1187664,0
2021-02-08,40422,0,1228086,0
2021-02-09,32874,0,1260960,0
2021-02-10,28432,0,1289392,0
2021-02-11,20403,0,1309795,0
2021-02-12,16241,0,1326036,0
2021-02-13,7275,0,1333311,0
2021-02-14,2862,0,1336173,0
2021-02-15,6845,0,1343018,0
2021-02-16,7003,0,1350021,0
2021-02-17,10526,0,1360547,0
2021-02-18,9252,0,1369799,0
2021-02-19,8253,0,1378052,0
2021-02-20,5571,0,1383623,0
2021-02-21,3008,0,1386631,0
2021-02-22,6886,0,1393517,0
2021-02-23,7181,0,1400698,0
2021-02-24,9810,0,1410508,0
2021-02-25,14210,0,1424718,0
2021-02-26,17558,0,1442276,0
2021-02-27,13916,0,1456192,0
2021-02-28,9390,0,1465582,0
2021-03-01,26518,0,1492100,0
2021-03-02,33248,0,1525348,0
2021-03-03,44648,0,1569996,0
2021-03-04,50293,0,1620289,0
2021-03-05,55736,0,1676025,0
2021-03-06,41876,0,1717901,0
2021-03-07,22326,0,1740227,0
2021-03-08,50829,0,1791056,0
2021-03-09,53084,0,1844140,0
2021-03-10,58662,0,1902802,0
2021-03-11,63876,0,1966678,0
2021-03-12,65124,0,2031802,0
2021-03-13,51728,0,2083530,0
2021-03-14,35411,0,2118941,0
2021-03-15,73451,0,2192392,0
2021-03-16,74027,0,2266419,0
2021-03-17,83135,0,2349554,0
2021-03-18,81630,0,2431184,0
2021-03-19,81087,0,2512271,0
2021-03-20,64731,0,2577002,0
2021-03-21,47307,0,2624309,0
2021-03-22,69491,0,2693800,0
2021-03-23,75808,0,2769608,0
2021-03-24,90916,0,2860524,0
2021-03-25,89818,0,2950342,0
2021-03-26,83635,0,3033977,0
2021-03-27,71948,0,3105925,0
2021-03-28,44161,0,3150086,0
2021-03-29,70840,0,3220926,0
2021-03-30,81394,0,3302320,0
2021-03-31,96250,0,3398570,0
2021-04-01,95316,0,3493886,0
2021-04-02,84080,0,3577966,0
2021-04-03,64305,0,3642271,0
2021-04-04,21723,0,3663994,0
2021-04-05,40318,0,3704312,0
2021-04-06,81328,0,3785640,0
2021-04-07,95837,0,3881477,0
2021-04-08,95253,0,3976730,0
2021-04-09,88499,0,4065229,0
2021-04-10,74032,0,4139261,0
2021-04-11,44766,0,4184027,0
2021-04-12,66922,0,4250949,0
2021-04-13,72585,0,4323534,0
2021-04-14,85550,0,4409084,0
2021-04-15,105416,0,4514500,0
2021-04-16,106422,0,4620922,0
2021-04-17,90522,0,4711444,0
2021-04-18,58596,0,4770040,0
2021-04-19,93433,0,4863473,0
2021-04-20,103773,0,4967246,0
2021-04-21,125345,0,5092591,0
2021-04-22,143520,0,5236111,0
2021-04-23,138749,0,5374860,0
2021-04-24,124452,0,5499312,0
2021-04-25,61461,0,5560773,0
2021-04-26,97901,0,5658674,0
2021-04-27,128366,0,5787040,0
2021-04-28,156385,0,5943425,0
2021-04-29,195605,0,6139030,0
2021-04-30,214596,0,6353626,0
2021-05-01,174133,0,6527759,0
2021-05-02,135806,0,6663565,0
2021-05-03,142058,0,6805623,0
2021-05-04,158704,0,6964327,0
2021-05-05,170522,0,7134849,0
2021-05-06,197820,0,7332669,0
2021-05-07,213861,0,7546530,0
2021-05-08,213436,0,7759966,0
2021-05-09,143215,0,7903181,0
2021-05-10,165090,0,8068271,0
2021-05-11,174999,0,8243270,0
2021-05-12,179206,0,8422476,0
2021-05-13,203404,0,8625880,0
2021-05-14,222935,0,8848815,0
2021-05-15,210377,0,9059192,0
2021-05-16,159284,0,9218476,0
2021-05-17,219211,0,9437687,0
2021-05-18,213028,0,9650715,0
2021-05-19,207097,0,9857812,0
2021-05-20,270883,0,10128695,0
2021-05-21,270910,0,10399605,0
2021-05-22,245532,0,10645137,0
2021-05-23,197184,0,10842321,0
2021-05-24,228308,0,11070629,0
2021-05-25,245699,0,11316328,0
2021-05-26,277511,0,11593839,0
2021-05-27,311091,0,11904930,0
2021-05-28,299580,0,12204510,0
2021-05-29,231241,0,12435751,0
2021-05-30,170848,0,12606599,0
2021-05-31,216431,0,12823030,0
2021-06-01,207636,0,13030666,0
2021-06-02,115803,0,13146469,0
2021-06-03,180163,0,13326632,0
2021-06-04,184895,0,13511527,0
2021-06-05,185978,0,13697505,0
2021-06-06,139568,0,13837073,0
2021-06-07,161885,0,13998958,0
2021-06-08,171263,0,14170221,0
2021-06-09,171504,0,14341725,0
2021-06-10,174130,0,14515855,0
2021-06-11,170004,0,14685859,0
2021-06-12,128351,0,14814210,0
2021-06-13,91214,0,14905424,0
2021-06-14,214700,0,15120124,0
2021-06-15,228440,0,15348564,0
2021-06-16,253093,0,15601657,0
2021-06-17,301754,0,15903411,0
2021-06-18,306319,0,16209730,0
2021-06-19,275100,0,16484830,0
2021-06-20,220804,0,16705634,0
2021-06-21,288077,0,16993711,0
2021-06-22,296236,0,17289947,0
2021-06-23,302691,0,17592638,0
2021-06-24,332608,0,17925246,0
2021-06-25,348723,0,18273969,0
2021-06-26,300131,0,18574100,0
2021-06-27,228678,0,18802778,0
2021-06-28,307130,0,19109908,0
2021-06-29,329314,0,19439222,0
2021-06-30,342184,0,19781406,0
2021-07-01,363231,0,20144637,0
2021-07-02,368483,0,20513120,0
2021-07-03,371101,0,20884221,0
2021-07-04,283229,0,21167450,0
2021-07-05,384555,0,21552005,0
2021-07-06,385488,0,21937493,0
2021-07-07,412128,0,22349621,0
2021-07-08,479600,0,22829221,0
2021-07-09,498481,0,23327702,0
2021-07-10,475181,0,23802883,0
2021-07-11,357700,0,24160583,0
2021-07-12,485892,0,24646475,0
2021-07-13,492091,0,25138566,0
2021-07-14,480453,0,25619019,0
2021-07-15,523437,0,26142456,0
2021-07-16,509761,0,26652217,0
2021-07-17,464332,0,27116549,0
2021-07-18,364640,0,27481189,0
2021-07-19,463049,0,27944238,0
2021-07-20,458065,0,28402303,0
2021-07-21,462794,0,28865097,0
2021-07-22,475389,0,29340486,0
2021-07-23,441330,0,29781816,0
2021-07-24,386158,0,30167974,0
2021-07-25,287563,0,30455537,0
2021-07-26,430896,0,30886433,0
2021-07-27,440128,0,31326561,0
2021-07-28,391028,0,31717589,0
2021-07-29,372081,0,32089670,0
2021-07-30,341516,0,32431186,0
2021-07-31,287037,0,32718223,0
2021-08-01,191002,0,32909225,0
2021-08-02,333705,0,33242930,0
2021-08-03,323197,0,33566127,0
2021-08-04,310986,0,33877113,0
2021-08-05,292497,0,34169610,0
2021-08-06,260022,0,34429632,0
2021-08-07,199057,0,34628689,0
2021-08-08,153108,0,34781797,0
2021-08-09,234080,0,35015877,0
2021-08-10,205265,0,35221142,0
2021-08-11,193781,0,35414923,0
2021-08-12,168049,0,35582972,0
2021-08-13,148648,0,35731620,0
2021-08-14,66096,0,35797716,0
2021-08-15,26339,0,35824055,0
2021-08-16,114708,0,35938763,0
2021-08-17,129257,0,36068020,0
2021-08-18,128763,0,36196783,0
2021-08-19,124835,0,36321618,0
2021-08-20,123798,0,36445416,0
2021-08-21,83134,0,36528550,0
2021-08-22,68178,0,36596728,0
2021-08-23,176868,0,36773596,0
2021-08-24,156897,0,36930493,0
2021-08-25,177174,0,37107667,0
2021-08-26,172364,0,37280031,0
2021-08-27,185836,0,37465867,0
2021-08-28,140285,0,37606152,0
2021-08-29,98990,0,37705142,0
2021-08-30,209596,0,37914738,0
2021-08-31,194642,0,38109380,0
2021-09-01,192208,0,38301588,0
2021-09-02,189935,0,38491523,0
2021-09-03,191293,0,38682816,0
2021-09-04,131458,0,38814274,0
2021-09-05,87857,0,38902131,0
2021-09-06,193618,0,39095749,0
2021-09-07,196035,0,39291784,0
2021-09-08,187880,0,39479664,0
2021-09-09,201438,0,39681102,0
2021-09-10,198069,0,39879171,0
2021-09-11,141293,0,40020464,0
2021-09-12,89594,0,40110058,0
2021-09-13,191118,620,40301176,620
2021-09-14,177227,626,40478403,1246
2021-09-15,163087,635,40641490,1881
2021-09-16,160065,974,40801555,2855
2021-09-17,150167,1153,40951722,4008
2021-09-18,127982,764,41079704,4772
2021-09-19,81141,504,41160845,5276
2021-09-20,180068,9114,41340913,14390
2021-09-21,166664,8849,41507577,23239
2021-09-22,159102,9454,41666679,32693
2021-09-23,138088,9348,41804767,42041
2021-09-24,140552,8994,41945319,51035
2021-09-25,119563,5660,42064882,56695
2021-09-26,71983,4357,42136865,61052
2021-09-27,135665,10070,42272530,71122
2021-09-28,117511,11415,42390041,82537
2021-09-29,112364,11846,42502405,94383
2021-09-30,110273,14974,42612678,109357
2021-10-01,94994,19131,42707672,128488
2021-10-02,78512,14037,42786184,142525
2021-10-03,47754,7667,42833938,150192
2021-10-04,88387,34473,42922325,184665
2021-10-05,80383,34008,43002708,218673
2021-10-06,72003,34193,43074711,252866
2021-10-07,71876,34366,43146587,287232
2021-10-08,80631,33618,43227218,320850
2021-10-09,76109,22189,43303327,343039
2021-10-10,45782,13628,43349109,356667
2021-10-11,87448,41122,43436557,397789
2021-10-12,84515,46925,43521072,444714
2021-10-13,88209,52148,43609281,496862
2021-10-14,91549,58544,43700830,555406
2021-10-15,93596,55666,43794426,611072
2021-10-16,82972,36814,43877398,647886
2021-10-17,51461,23851,43928859,671737
2021-10-18,90304,59507,44019163,731244
2021-10-19,78351,69396,44097514,800640
2021-10-20,75069,78197,44172583,878837
2021-10-21,78302,81797,44250885,960634
2021-10-22,73779,77065,44324664,1037699
2021-10-23,60833,51970,44385497,1089669
2021-10-24,33371,23474,44418868,1113143
2021-10-25,64903,81655,44483771,1194798
2021-10-26,58373,91827,44542144,1286625
2021-10-27,58323,104020,44600467,1390645
2021-10-28,61451,114148,44661918,1504793
2021-10-29,61639,103169,44723557,1607962
2021-10-30,50677,68134,44774234,1676096
2021-10-31,25163,28305,44799397,1704401
2021-11-01,19048,28157,44818445,1732558
2021-11-02,62743,89426,44881188,1821984
2021-11-03,60723,118691,44941911,1940675
2021-11-04,59242,126690,45001153,2067365
2021-11-05,63094,135214,45064247,2202579
2021-11-06,46483,90936,45110730,2293515
2021-11-07,22252,37902,45132982,2331417
2021-11-08,51528,131293,45184510,2462710
2021-11-09,45403,144230,45229913,2606940
2021-11-10,42589,156370,45272502,2763310
2021-11-11,44932,155160,45317434,2918470
2021-11-12,46314,158670,45363748,3077140
2021-11-13,33265,116670,45397013,3193810
2021-11-14,14492,52457,45411505,3246267
2021-11-15,36908,157441,45448413,3403708
2021-11-16,30563,171400,45478976,3575108
2021-11-17,28469,178455,45507445,3753563
2021-11-18,30292,193758,45537737,3947321
2021-11-19,28813,205879,45566550,4153200
2021-11-20,21003,156458,45587553,4309658
2021-11-21,10612,64867,45598165,4374525
2021-11-22,21952,213160,45620117,4587685
2021-11-23,23592,241782,45643709,4829467
2021-11-24,27796,271036,45671505,5100503
2021-11-25,23261,301925,45694766,5402428
2021-11-26,24593,318298,45719359,5720726
2021-11-27,21398,266166,45740757,5986892
2021-11-28,9905,137066,45750662,6123958
2021-11-29,22358,326076,45773020,6450034
2021-11-30,23111,365858,45796131,6815892
2021-12-01,21544,413523,45817675,7229415
2021-12-02,23780,440430,45841455,7669845
2021-12-03,25268,467517,45866723,8137362
2021-12-04,22385,418793,45889108,8556155
2021-12-05,11941,261362,45901049,8817517
2021-12-06,25835,457621,45926884,9275138
2021-12-07,24154,480295,45951038,9755433
2021-12-08,10023,249715,45961061,10005148
2021-12-09,31611,491954,45992672,10497102
2021-12-10,28092,517920,46020764,11015022
2021-12-11,23582,459268,46044346,11474290
2021-12-12,12315,293523,46056661,11767813
2021-12-13,26172,467646,46082833,12235459
2021-12-14,25196,494231,46108029,12729690
2021-12-15,25360,517188,46133389,13246878
2021-12-16,27916,520293,46161305,13767171
2021-12-17,29385,517209,46190690,14284380
2021-12-18,27091,468771,46217781,14753151
2021-12-19,15165,300539,46232946,15053690
2021-12-20,30660,477500,46263606,15531190
2021-12-21,30404,493420,46294010,16024610
2021-12-22,29476,484746,46323486,16509356
2021-12-23,28281,426938,46351767,16936294
2021-12-24,13124,210837,46364891,17147131
2021-12-25,2103,33053,46366994,17180184
2021-12-26,8772,159076,46375766,17339260
2021-12-27,46835,504684,46422601,17843944
2021-12-28,42494,554243,46465095,18398187
2021-12-29,34384,550669,46499479,18948856
2021-12-30,31874,499856,46531353,19448712
2021-12-31,14136,247405,46545489,19696117
2022-01-01,3498,64815,46548987,19760932
2022-01-02,22807,276722,46571794,20037654
2022-01-03,47910,520029,46619704,20557683
2022-01-04,46436,572101,46666140,21129784
2022-01-05,40803,560411,46706943,21690195
2022-01-06,23520,274489,46730463,21964684
2022-01-07,63768,554215,46794231,22518899
2022-01-08,60936,503407,46855167,23022306
2022-01-09,42923,319697,46898090,23342003
2022-01-10,61142,542318,46959232,23884321
2022-01-11,61802,587036,47021034,24471357
2022-01-12,58519,581304,47079553,25052661
2022-01-13,58679,580423,47138232,25633084
2022-01-14,46893,588603,47185125,26221687
2022-01-15,39496,569973,47224621,26791660
2022-01-16,31287,341886,47255908,27133546
2022-01-17,54827,489680,47310735,27623226
2022-01-18,58445,517046,47369180,28140272
2022-01-19,57249,502814,47426429,28643086
2022-01-20,54390,498849,47480819,29141935
2022-01-21,42143,493890,47522962,29635825
2022-01-22,31254,469611,47554216,30105436
2022-01-23,34966,275384,47589182,30380820
2022-01-24,56209,437238,47645391,30818058
2022-01-25,61582,452125,47706973,31270183
2022-01-26,58566,435842,47765539,31706025
2022-01-27,48870,432394,47814409,32138419
2022-01-28,58733,436552,47873142,32574971
2022-01-29,68161,412505,47941303,32987476
2022-01-30,50397,235982,47991700,33223458
2022-01-31,60666,356939,48052366,33580397
2022-02-01,65587,328458,48117953,33908855
2022-02-02,63232,296985,48181185,34205840
2022-02-03,60077,274525,48241262,34480365
2022-02-04,72394,268468,48313656,34748833
2022-02-05,83809,248543,48397465,34997376
2022-02-06,55301,116207,48452766,35113583
2022-02-07,65166,199942,48517932,35313525
2022-02-08,66943,186119,48584875,35499644
2022-02-09,58769,166340,48643644,35665984
2022-02-10,58594,163241,48702238,35829225
2022-02-11,62267,162469,48764505,35991694
2022-02-12,71997,152149,48836502,36143843
2022-02-13,41475,68853,48877977,36212696
2022-02-14,46702,116188,48924679,36328884
2022-02-15,48547,123479,48973226,36452363
2022-02-16,45683,106122,49018909,36558485
2022-02-17,42871,98114,49061780,36656599
2022-02-18,46629,112579,49108409,36769178
2022-02-19,52543,100337,49160952,36869515
2022-02-20,31411,40366,49192363,36909881
2022-02-21,37894,89655,49230257,36999536
2022-02-22,37225,83778,49267482,37083314
2022-02-23,33398,79408,49300880,37162722
2022-02-24,32558,78162,49333438,37240884
2022-02-25,34766,90710,49368204,37331594
2022-02-26,39160,89134,49407364,37420728
2022-02-27,22546,35857,49429910,37456585
2022-02-28,28482,81693,49458392,37538278
2022-03-01,22723,53942,49481115,37592220
2022-03-02,21956,50683,49503071,37642903
2022-03-03,22624,54947,49525695,37697850
2022-03-04,23236,62800,49548931,37760650
2022-03-05,23800,57951,49572731,37818601
2022-03-06,9471,17201,49582202,37835802
2022-03-07,15919,51390,49598121,37887192
2022-03-08,15480,48796,49613601,37935988
2022-03-09,13814,46519,49627415,37982507
2022-03-10,14052,52120,49641467,38034627
2022-03-11,15586,57268,49657053,38091895
2022-03-12,15507,56620,49672560,38148515
2022-03-13,5544,16851,49678104,38165366
2022-03-14,10526,46700,49688630,38212066
2022-03-15,10548,46894,49699178,38258960
2022-03-16,9481,41974,49708659,38300934
2022-03-17,9718,44874,49718377,38345808
2022-03-18,10158,49056,49728535,38394864
2022-03-19,9152,46533,49737687,38441397
2022-03-20,2609,11702,49740296,38453099
2022-03-21,7580,40222,49747876,38493321
2022-03-22,8447,37759,49756323,38531080
2022-03-23,7215,33700,49763538,38564780
2022-03-24,8258,38806,49771796,38603586
2022-03-25,8141,43667,49779937,38647253
2022-03-26,8127,41721,49788064,38688974
2022-03-27,2431,9682,49790495,38698656
2022-03-28,6111,35239,49796606,38733895
2022-03-29,5778,32530,49802384,38766425
2022-03-30,5566,30205,49807950,38796630
2022-03-31,5898,33181,49813848,38829811
2022-04-01,4348,25190,49818196,38855001
2022-04-02,4495,23274,49822691,38878275
2022-04-03,1049,4500,49823740,38882775
2022-04-04,3657,21544,49827397,38904319
2022-04-05,3756,22932,49831153,38927251
2022-04-06,4103,21853,49835256,38949104
2022-04-07,3968,23320,49839224,38972424
2022-04-08,4692,26713,49843916,38999137
2022-04-09,4382,23886,49848298,39023023
2022-04-10,892,4613,49849190,39027636
2022-04-11,3816,22688,49853006,39050324
2022-04-12,3365,21778,49856371,39072102
2022-04-13,3568,21335,49859939,39093437
2022-04-14,3485,23786,49863424,39117223
2022-04-15,3084,20618,49866508,39137841
2022-04-16,2149,11918,49868657,39149759
2022-04-17,63,348,49868720,39150107
2022-04-18,152,650,49868872,39150757
2022-04-19,3499,21979,49872371,39172736
2022-04-20,3511,20251,49875882,39192987
2022-04-21,2847,19790,49878729,39212777
2022-04-22,2927,20703,49881656,39233480
2022-04-23,2645,16219,49884301,39249699
2022-04-24,509,2334,49884810,39252033
2022-04-25,183,1165,49884993,39253198
2022-04-26,2759,17807,49887752,39271005
2022-04-27,2374,15793,49890126,39286798
2022-04-28,2359,15560,49892485,39302358
2022-04-29,2295,14847,49894780,39317205
2022-04-30,2122,11581,49896902,39328786
2022-05-01,113,531,49897015,39329317
2022-05-02,1451,9391,49898466,39338708
2022-05-03,1576,10318,49900042,39349026
2022-05-04,1745,10268,49901787,39359294
2022-05-05,1653,10284,49903440,39369578
2022-05-06,1701,10958,49905141,39380536
2022-05-07,1431,8568,49906572,39389104
2022-05-08,416,1521,49906988,39390625
2022-05-09,1027,8929,49908015,39399554
2022-05-10,1424,9548,49909439,39409102
2022-05-11,1484,10098,49910923,39419200
2022-05-12,1368,10131,49912291,39429331
2022-05-13,1594,10518,49913885,39439849
2022-05-14,1357,8236,49915242,39448085
2022-05-15,336,1131,49915578,39449216
2022-05-16,813,8405,49916391,39457621
2022-05-17,1243,8697,49917634,39466318
2022-05-18,1372,9232,49919006,39475550
2022-05-19,1500,9277,49920506,39484827
2022-05-20,1421,9528,49921927,39494355
2022-05-21,1300,7900,49923227,39502255
2022-05-22,231,1013,49923458,39503268
2022-05-23,830,8267,49924288,39511535
2022-05-24,1073,8672,49925361,39520207
2022-05-25,1370,9460,49926731,39529667
2022-05-26,1195,9476,49927926,39539143
2022-05-27,1232,9914,49929158,39549057
2022-05-28,1205,7886,49930363,39556943
2022-05-29,288,1264,49930651,39558207
2022-05-30,930,8055,49931581,39566262
2022-05-31,1036,8547,49932617,39574809
2022-06-01,891,7655,49933508,39582464
2022-06-02,35,474,49933543,39582938
2022-06-03,818,7333,49934361,39590271
2022-06-04,870,5161,49935231,39595432
2022-06-05,89,586,49935320,39596018
2022-06-06,678,6993,49935998,39603011
2022-06-07,952,7849,49936950,39610860
2022-06-08,980,7908,49937930,39618768
2022-06-09,1037,8414,49938967,39627182
2022-06-10,958,8564,49939925,39635746
2022-06-11,903,6207,49940828,39641953
2022-06-12,140,768,49940968,39642721
2022-06-13,602,6301,49941570,39649022
2022-06-14,830,7899,49942400,39656921
2022-06-15,955,7853,49943355,39664774
2022-06-16,730,7393,49944085,39672167
2022-06-17,723,7243,49944808,39679410
2022-06-18,777,5593,49945585,39685003
2022-06-19,48,522,49945633,39685525
2022-06-20,587,6699,49946220,39692224
2022-06-21,736,7666,49946956,39699890
2022-06-22,781,7308,49947737,39707198
2022-06-23,652,7468,49948389,39714666
2022-06-24,644,7473,49949033,39722139
2022-06-25,835,6535,49949868,39728674
2022-06-26,128,523,49949996,39729197
2022-06-27,533,7124,49950529,39736321
2022-06-28,746,8207,49951275,39744528
2022-06-29,756,7731,49952031,39752259
2022-06-30,745,8144,49952776,39760403
2022-07-01,577,6443,49953353,39766846
2022-07-02,536,4770,49953889,39771616
2022-07-03,49,456,49953938,39772072
2022-07-04,469,6276,49954407,39778348
2022-07-05,629,8118,49955036,39786466
2022-07-06,633,7611,49955669,39794077
2022-07-07,572,8271,49956241,39802348
2022-07-08,672,8082,49956913,39810430
2022-07-09,550,6104,49957463,39816534
2022-07-10,58,533,49957521,39817067
2022-07-11,487,7638,49958008,39824705
2022-07-12,667,9028,49958675,39833733
2022-07-13,641,10067,49959316,39843800
2022-07-14,636,10224,49959952,39854024
2022-07-15,625,10666,49960577,39864690
2022-07-16,522,7214,49961099,39871904
2022-07-17,48,770,49961147,39872674
2022-07-18,497,9368,49961644,39882042
2022-07-19,574,10682,49962218,39892724
2022-07-20,580,11272,49962798,39903996
2022-07-21,627,12087,49963425,39916083
2022-07-22,583,11257,49964008,39927340
2022-07-23,380,6771,49964388,39934111
2022-07-24,76,857,49964464,39934968
2022-07-25,503,9051,49964967,39944019
2022-07-26,519,9758,49965486,39953777
2022-07-27,552,10200,49966038,39963977
2022-07-28,530,10535,49966568,39974512
2022-07-29,511,9464,49967079,39983976
2022-07-30,382,5881,49967461,39989857
2022-07-31,49,764,49967510,39990621
2022-08-01,386,6864,49967896,39997485
2022-08-02,541,7584,49968437,40005069
2022-08-03,512,7175,49968949,40012244
2022-08-04,455,7489,49969404,40019733
2022-08-05,420,6526,49969824,40026259
2022-08-06,299,3612,49970123,40029871
2022-08-07,44,561,49970167,40030432
2022-08-08,402,4893,49970569,40035325
2022-08-09,381,5307,49970950,40040632
2022-08-10,381,4815,49971331,40045447
2022-08-11,366,4778,49971697,40050225
2022-08-12,292,3721,49971989,40053946
2022-08-13,143,1600,49972132,40055546
2022-08-14,9,129,49972141,40055675
2022-08-15,1,26,49972142,40055701
2022-08-16,283,3043,49972425,40058744
2022-08-17,352,3536,49972777,40062280
2022-08-18,391,4160,49973168,40066440
2022-08-19,341,3320,49973509,40069760
2022-08-20,183,1715,49973692,40071475
2022-08-21,24,149,49973716,40071624
2022-08-22,329,2951,49974045,40074575
2022-08-23,370,3674,49974415,40078249
2022-08-24,383,3359,49974798,40081608
2022-08-25,421,3772,49975219,40085380
2022-08-26,400,3571,49975619,40088951
2022-08-27,237,1769,49975856,40090720
2022-08-28,29,267,49975885,40090987
2022-08-29,354,3161,49976239,40094148
2022-08-30,403,3671,49976642,40097819
2022-08-31,437,3734,49977079,40101553
2022-09-01,353,3117,49977432,40104670
2022-09-02,296,2890,49977728,40107560
2022-09-03,200,1688,49977928,40109248
2022-09-04,23,149,49977951,40109397
2022-09-05,187,2655,49978138,40112052
2022-09-06,303,2986,49978441,40115038
2022-09-07,540,2936,49978981,40117974
2022-09-08,291,2961,49979272,40120935
2022-09-09,305,2884,49979577,40123819
2022-09-10,227,1326,49979804,40125145
2022-09-11,23,124,49979827,40125269
2022-09-12,267,2263,49980094,40127532
2022-09-13,252,2274,49980346,40129806
2022-09-14,265,2564,49980611,40132370
2022-09-15,280,2493,49980891,40134863
2022-09-16,254,2545,49981145,40137408
2022-09-17,239,1339,49981384,40138747
2022-09-18,20,170,49981404,40138917
2022-09-19,207,1968,49981611,40140885
2022-09-20,236,2384,49981847,40143269
2022-09-21,289,2526,49982136,40145795
2022-09-22,263,2651,49982399,40148446
2022-09-23,258,2536,49982657,40150982
2022-09-24,193,1427,49982850,40152409
2022-09-25,29,133,49982879,40152542
2022-09-26,280,2247,49983159,40154789
2022-09-27,287,2682,49983446,40157471
2022-09-28,309,2896,49983755,40160367
2022-09-29,257,3044,49984012,40163411
2022-09-30,290,2974,49984302,40166385
2022-10-01,194,1514,49984496,40167899
2022-10-02,12,187,49984508,40168086
2022-10-03,182,2473,49984690,40170559
2022-10-04,236,2860,49984926,40173419
2022-10-05,226,3218,49985152,40176637
2022-10-06,242,3847,49985394,40180484
2022-10-07,282,4163,49985676,40184647
2022-10-08,202,2235,49985878,40186882
2022-10-09,8,304,49985886,40187186
2022-10-10,206,3337,49986092,40190523
2022-10-11,191,4350,49986283,40194873
2022-10-12,209,4414,49986492,40199287
2022-10-13,200,5296,49986692,40204583
2022-10-14,229,5020,49986921,40209603
2022-10-15,188,2669,49987109,40212272
2022-10-16,6,360,49987115,40212632
2022-10-17,186,3863,49987301,40216495
2022-10-18,256,4954,49987557,40221449
2022-10-19,241,5462,49987798,40226911
2022-10-20,222,5982,49988020,40232893
2022-10-21,250,5461,49988270,40238354
2022-10-22,193,2907,49988463,40241261
2022-10-23,13,356,49988476,40241617
2022-10-24,171,3910,49988647,40245527
2022-10-25,253,4908,49988900,40250435
2022-10-26,340,5467,49989240,40255902
2022-10-27,240,5617,49989480,40261519
2022-10-28,199,5225,49989679,40266744
2022-10-29,127,2832,49989806,40269576
2022-10-30,3,326,49989809,40269902
2022-10-31,115,3018,49989924,40272920
2022-11-01,10,327,49989934,40273247
2022-11-02,143,3673,49990077,40276920
2022-11-03,170,4743,49990247,40281663
2022-11-04,218,4547,49990465,40286210
2022-11-05,142,2572,49990607,40288782
2022-11-06,10,257,49990617,40289039
2022-11-07,160,3189,49990777,40292228
2022-11-08,257,4178,49991034,40296406
2022-11-09,189,4229,49991223,40300635
2022-11-10,176,4444,49991399,40305079
2022-11-11,179,4085,49991578,40309164
2022-11-12,153,2318,49991731,40311482
2022-11-13,7,328,49991738,40311810
2022-11-14,161,2629,49991899,40314439