data_somministrazione,vaccinazioni,booster,cum_vaccinazioni,cum_booster
2020-12-27,19,0,19,0
2020-12-28,2,0,21,0
2020-12-29,1,0,22,0
2020-12-30,6,0,28,0
2020-12-31,67,0,95,0
2021-01-01,22,0,117,0
2021-01-02,107,0,224,0
2021-01-03,79,0,303,0
2021-01-04,200,0,503,0
2021-01-05,236,0,739,0
2021-01-06,197,0,936,0
2021-01-07,289,0,1225,0
2021-01-08,335,0,1560,0
2021-01-09,246,0,1806,0
2021-01-10,145,0,1951,0
2021-01-11,268,0,2219,0
2021-01-12,265,0,2484,0
2021-01-13,388,0,2872,0
2021-01-14,476,0,3348,0
2021-01-15,298,0,3646,0
2021-01-16,203,0,3849,0
2021-01-17,3057,0,6906,0
2021-01-18,5209,0,12115,0
2021-01-19,1892,0,14007,0
2021-01-20,4653,0,18660,0
2021-01-21,19998,0,38658,0
2021-01-22,14200,0,52858,0
2021-01-23,33330,0,86188,0
2021-01-24,30788,0,116976,0
2021-01-25,64725,0,181701,0
2021-01-26,76498,0,258199,0
2021-01-27,64837,0,323036,0
2021-01-28,89291,0,412327,0
2021-01-29,94021,0,506348,0
2021-01-30,86566,0,592914,0
2021-01-31,57335,0,650249,0
2021-02-01,81869,0,732118,0
2021-02-02,82146,0,814264,0
2021-02-03,91191,0,905455,0
2021-02-04,95396,0,1000851,0
2021-02-05,90274,0,1091125,0
2021-02-06,63451,0,1154576,0
2021-02-07,32928,0,1187504,0
2021-02-08,40431,0,1227935,0
2021-02-09,32864,0,1260799,0
2021-02-10,28422,0,1289221,0
2021-02-11,20391,0,1309612,0
2021-02-12,16230,0,1325842,0
2021-02-13,7252,0,1333094,0
2021-02-14,2861,0,1335955,0
2021-02-15,6837,0,1342792,0
2021-02-16,6994,0,1349786,0
2021-02-17,10519,0,1360305,0
2021-02-18,9248,0,1369553,0
2021-02-19,8241,0,1377794,0
2021-02-20,5544,0,1383338,0
2021-02-21,2986,0,1386324,0
2021-02-22,6883,0,1393207,0
2021-02-23,7164,0,1400371,0
2021-02-24,9825,0,1410196,0
2021-02-25,14203,0,1424399,0
2021-02-26,17554,0,1441953,0
2021-02-27,13904,0,1455857,0
2021-02-28,9386,0,1465243,0
2021-03-01,26507,0,1491750,0
2021-03-02,33238,0,1524988,0
2021-03-03,44642,0,1569630,0
2021-03-04,50288,0,1619918,0
2021-03-05,55734,0,1675652,0
2021-03-06,41878,0,1717530,0
2021-03-07,22325,0,1739855,0
2021-03-08,50797,0,1790652,0
2021-03-09,53061,0,1843713,0
2021-03-10,58631,0,1902344,0
2021-03-11,63844,0,1966188,0
2021-03-12,65098,0,2031286,0
2021-03-13,51707,0,2082993,0
2021-03-14,35387,0,2118380,0
2021-03-15,73424,0,2191804,0
2021-03-16,74023,0,2265827,0
2021-03-17,83129,0,2348956,0
2021-03-18,81620,0,2430576,0
2021-03-19,81080,0,2511656,0
2021-03-20,64712,0,2576368,0
2021-03-21,47285,0,2623653,0
2021-03-22,69472,0,2693125,0
2021-03-23,75781,0,2768906,0
2021-03-24,90892,0,2859798,0
2021-03-25,89787,0,2949585,0
2021-03-26,83602,0,3033187,0
2021-03-27,71924,0,3105111,0
2021-03-28,44131,0,3149242,0
2021-03-29,70809,0,3220051,0
2021-03-30,81366,0,3301417,0
2021-03-31,96216,0,3397633,0
2021-04-01,95294,0,3492927,0
2021-04-02,84066,0,3576993,0
2021-04-03,64297,0,3641290,0
2021-04-04,21717,0,3663007,0
2021-04-05,40301,0,3703308,0
2021-04-06,81303,0,3784611,0
2021-04-07,95809,0,3880420,0
2021-04-08,95227,0,3975647,0
2021-04-09,88484,0,4064131,0
2021-04-10,74026,0,4138157,0
2021-04-11,44757,0,4182914,0
2021-04-12,66908,0,4249822,0
2021-04-13,72563,0,4322385,0
2021-04-14,85521,0,4407906,0
2021-04-15,105403,0,4513309,0
2021-04-16,106411,0,4619720,0
2021-04-17,90494,0,4710214,0
2021-04-18,58582,0,4768796,0
2021-04-19,93424,0,4862220,0
2021-04-20,103760,0,4965980,0
2021-04-21,125330,0,5091310,0
2021-04-22,143502,0,5234812,0
2021-04-23,138716,0,5373528,0
2021-04-24,124436,0,5497964,0
2021-04-25,61451,0,5559415,0
2021-04-26,97878,0,5657293,0
2021-04-27,128353,0,5785646,0
2021-04-28,156353,0,5941999,0
2021-04-29,195580,0,6137579,0
2021-04-30,214555,0,6352134,0
2021-05-01,174089,0,6526223,0
2021-05-02,135796,0,6662019,0
2021-05-03,142005,0,6804024,0
2021-05-04,158676,0,6962700,0
2021-05-05,170473,0,7133173,0
2021-05-06,197792,0,7330965,0
2021-05-07,213809,0,7544774,0
2021-05-08,213386,0,7758160,0
2021-05-09,143194,0,7901354,0
2021-05-10,165082,0,8066436,0
2021-05-11,174961,0,8241397,0
2021-05-12,179160,0,8420557,0
2021-05-13,203361,0,8623918,0
2021-05-14,222892,0,8846810,0
2021-05-15,210341,0,9057151,0
2021-05-16,159265,0,9216416,0
2021-05-17,219177,0,9435593,0
2021-05-18,213001,0,9648594,0
2021-05-19,207065,0,9855659,0
2021-05-20,270834,0,10126493,0
2021-05-21,270861,0,10397354,0
2021-05-22,245516,0,10642870,0
2021-05-23,197172,0,10840042,0
2021-05-24,228293,0,11068335,0
2021-05-25,245685,0,11314020,0
2021-05-26,277476,0,11591496,0
2021-05-27,311075,0,11902571,0
2021-05-28,299563,0,12202134,0
2021-05-29,231198,0,12433332,0
2021-05-30,170827,0,12604159,0
2021-05-31,216411,0,12820570,0
2021-06-01,207624,0,13028194,0
2021-06-02,115774,0,13143968,0
2021-06-03,180111,0,13324079,0
2021-06-04,184857,0,13508936,0
2021-06-05,185936,0,13694872,0
2021-06-06,139515,0,13834387,0
2021-06-07,161840,0,13996227,0
2021-06-08,171170,0,14167397,0
2021-06-09,171442,0,14338839,0
2021-06-10,174043,0,14512882,0
2021-06-11,169941,0,14682823,0
2021-06-12,128306,0,14811129,0
2021-06-13,91141,0,14902270,0
2021-06-14,214644,0,15116914,0
2021-06-15,228389,0,15345303,0
2021-06-16,253036,0,15598339,0
2021-06-17,301699,0,15900038,0
2021-06-18,306266,0,16206304,0
2021-06-19,275055,0,16481359,0
2021-06-20,220731,0,16702090,0
2021-06-21,288036,0,16990126,0
2021-06-22,296179,0,17286305,0
2021-06-23,302660,0,17588965,0
2021-06-24,332559,0,17921524,0
2021-06-25,348689,0,18270213,0
2021-06-26,300084,0,18570297,0
2021-06-27,228616,0,18798913,0
2021-06-28,307040,0,19105953,0
2021-06-29,329238,0,19435191,0
2021-06-30,342104,0,19777295,0
2021-07-01,363158,0,20140453,0
2021-07-02,368423,0,20508876,0
2021-07-03,371070,0,20879946,0
2021-07-04,283192,0,21163138,0
2021-07-05,384504,0,21547642,0
2021-07-06,385429,0,21933071,0
2021-07-07,412063,0,22345134,0
2021-07-08,479612,0,22824746,0
2021-07-09,498477,0,23323223,0
2021-07-10,475175,0,23798398,0
2021-07-11,357696,0,24156094,0
2021-07-12,485899,0,24641993,0
2021-07-13,492139,0,25134132,0
2021-07-14,480470,0,25614602,0
2021-07-15,523475,0,26138077,0
2021-07-16,509776,0,26647853,0
2021-07-17,464361,0,27112214,0
2021-07-18,364688,0,27476902,0
2021-07-19,463064,0,27939966,0
2021-07-20,458081,0,28398047,0
2021-07-21,462810,0,28860857,0
2021-07-22,475396,0,29336253,0
2021-07-23,441301,0,29777554,0
2021-07-24,386185,0,30163739,0
2021-07-25,287580,0,30451319,0
2021-07-26,430884,0,30882203,0
2021-07-27,440121,0,31322324,0
2021-07-28,391013,0,31713337,0
2021-07-29,372078,0,32085415,0
2021-07-30,341515,0,32426930,0
2021-07-31,287018,0,32713948,0
2021-08-01,191014,0,32904962,0
2021-08-02,333723,0,33238685,0
2021-08-03,323186,0,33561871,0
2021-08-04,310963,0,33872834,0
2021-08-05,292508,0,34165342,0
2021-08-06,260009,0,34425351,0
2021-08-07,199049,0,34624400,0
2021-08-08,153103,0,34777503,0
2021-08-09,234074,0,35011577,0
2021-08-10,205244,0,35216821,0
2021-08-11,193758,0,35410579,0
2021-08-12,167985,0,35578564,0
2021-08-13,148599,0,35727163,0
2021-08-14,66089,0,35793252,0
2021-08-15,26335,0,35819587,0
2021-08-16,114678,0,35934265,0
2021-08-17,129239,0,36063504,0
2021-08-18,128740,0,36192244,0
2021-08-19,124795,0,36317039,0
2021-08-20,123794,0,36440833,0
2021-08-21,83117,0,36523950,0
2021-08-22,68166,0,36592116,0
2021-08-23,176869,0,36768985,0
2021-08-24,156905,0,36925890,0
2021-08-25,177167,0,37103057,0
2021-08-26,172340,0,37275397,0
2021-08-27,185837,0,37461234,0
2021-08-28,140266,0,37601500,0
2021-08-29,98999,0,37700499,0
2021-08-30,209625,0,37910124,0
2021-08-31,194631,0,38104755,0
2021-09-01,192213,0,38296968,0
2021-09-02,189937,0,38486905,0
2021-09-03,191332,0,38678237,0
2021-09-04,131475,0,38809712,0
2021-09-05,87866,0,38897578,0
2021-09-06,193651,0,39091229,0
2021-09-07,196058,0,39287287,0
2021-09-08,187904,0,39475191,0
2021-09-09,201461,0,39676652,0
2021-09-10,198098,0,39874750,0
2021-09-11,141321,0,40016071,0
2021-09-12,89598,0,40105669,0
2021-09-13,191162,558,40296831,558
2021-09-14,177256,578,40474087,1136
2021-09-15,163118,582,40637205,1718
2021-09-16,160091,926,40797296,2644
2021-09-17,150175,1114,40947471,3758
2021-09-18,127974,739,41075445,4497
2021-09-19,81132,493,41156577,4990
2021-09-20,180077,9074,41336654,14064
2021-09-21,166638,8831,41503292,22895
2021-09-22,159082,9437,41662374,32332
2021-09-23,138085,9321,41800459,41653
2021-09-24,140539,8954,41940998,50607
2021-09-25,119559,5635,42060557,56242
2021-09-26,71959,4340,42132516,60582
2021-09-27,135640,10048,42268156,70630
2021-09-28,117495,11385,42385651,82015
2021-09-29,112333,11827,42497984,93842
2021-09-30,110234,14948,42608218,108790
2021-10-01,94978,19108,42703196,127898
2021-10-02,78486,14013,42781682,141911
2021-10-03,47738,7656,42829420,149567
2021-10-04,88377,34445,42917797,184012
2021-10-05,80367,33970,42998164,217982
2021-10-06,71984,34162,43070148,252144
2021-10-07,71855,34347,43142003,286491
2021-10-08,80624,33589,43222627,320080
2021-10-09,76101,22169,43298728,342249
2021-10-10,45774,13616,43344502,355865
2021-10-11,87418,41105,43431920,396970
2021-10-12,84492,46896,43516412,443866
2021-10-13,88192,52115,43604604,495981
2021-10-14,91528,58511,43696132,554492
2021-10-15,93593,55625,43789725,610117
2021-10-16,82967,36781,43872692,646898
2021-10-17,51464,23827,43924156,670725
2021-10-18,90294,59482,44014450,730207
2021-10-19,78344,69372,44092794,799579
2021-10-20,75075,78165,44167869,877744
2021-10-21,78299,81752,44246168,959496
2021-10-22,73785,77022,44319953,1036518
2021-10-23,60817,51954,44380770,1088472
2021-10-24,33378,23455,44414148,1111927
2021-10-25,64908,81621,44479056,1193548
2021-10-26,58375,91777,44537431,1285325
2021-10-27,58330,103969,44595761,1389294
2021-10-28,61467,114100,44657228,1503394
2021-10-29,61656,103114,44718884,1606508
2021-10-30,50670,68115,44769554,1674623
2021-10-31,25164,28289,44794718,1702912
2021-11-01,19046,28148,44813764,1731060
2021-11-02,62763,89373,44876527,1820433
2021-11-03,60739,118656,44937266,1939089
2021-11-04,59242,126661,44996508,2065750
2021-11-05,63094,135169,45059602,2200919
2021-11-06,46474,90924,45106076,2291843
2021-11-07,22251,37895,45128327,2329738
2021-11-08,51530,131262,45179857,2461000
2021-11-09,45401,144199,45225258,2605199
2021-11-10,42581,156344,45267839,2761543
2021-11-11,44932,155133,45312771,2916676
2021-11-12,46370,158574,45359141,3075250
2021-11-13,33253,116649,45392394,3191899
2021-11-14,14481,52445,45406875,3244344
2021-11-15,36892,157426,45443767,3401770
2021-11-16,30548,171375,45474315,3573145
2021-11-17,28449,178434,45502764,3751579
2021-11-18,30284,193717,45533048,3945296
2021-11-19,28800,205850,45561848,4151146
2021-11-20,20994,156434,45582842,4307580
2021-11-21,10609,64857,45593451,4372437
2021-11-22,21935,213137,45615386,4585574
2021-11-23,23568,241742,45638954,4827316
2021-11-24,27839,270944,45666793,5098260
2021-11-25,23234,301901,45690027,5400161
2021-11-26,24583,318261,45714610,5718422
2021-11-27,21380,266149,45735990,5984571
2021-11-28,9898,137057,45745888,6121628
2021-11-29,22323,326059,45768211,6447687
2021-11-30,23086,365821,45791297,6813508
2021-12-01,21519,413497,45812816,7227005
2021-12-02,23758,440373,45836574,7667378
2021-12-03,25250,467453,45861824,8134831
2021-12-04,22355,418730,45884179,8553561
2021-12-05,11917,261328,45896096,8814889
2021-12-06,25818,457563,45921914,9272452
2021-12-07,24125,480249,45946039,9752701
2021-12-08,10003,249679,45956042,10002380
2021-12-09,31575,491907,45987617,10494287
2021-12-10,28060,517862,46015677,11012149
2021-12-11,23558,459237,46039235,11471386
2021-12-12,12303,293492,46051538,11764878
2021-12-13,26146,467617,46077684,12232495
2021-12-14,25168,494187,46102852,12726682
2021-12-15,25326,517125,46128178,13243807
2021-12-16,27877,520235,46156055,13764042
2021-12-17,29355,517157,46185410,14281199
2021-12-18,27043,468712,46212453,14749911
2021-12-19,15137,300514,46227590,15050425
2021-12-20,30613,477475,46258203,15527900
2021-12-21,30361,493376,46288564,16021276
2021-12-22,29435,484696,46317999,16505972
2021-12-23,28234,426890,46346233,16932862
2021-12-24,13113,210821,46359346,17143683
2021-12-25,2101,33053,46361447,17176736
2021-12-26,8759,159064,46370206,17335800
2021-12-27,46778,504646,46416984,17840446
2021-12-28,42439,554203,46459423,18394649
2021-12-29,34331,550623,46493754,18945272
2021-12-30,31816,499818,46525570,19445090
2021-12-31,14111,247389,46539681,19692479
2022-01-01,3493,64814,46543174,19757293
2022-01-02,22750,276716,46565924,20034009
2022-01-03,47833,520004,46613757,20554013
2022-01-04,46330,572074,46660087,21126087
2022-01-05,40712,560389,46700799,21686476
2022-01-06,23465,274480,46724264,21960956
2022-01-07,63666,554174,46787930,22515130
2022-01-08,60815,503372,46848745,23018502
2022-01-09,42801,319682,46891546,23338184
2022-01-10,61041,542275,46952587,23880459
2022-01-11,61675,586976,47014262,24467435
2022-01-12,58401,581272,47072663,25048707
2022-01-13,58567,580370,47131230,25629077
2022-01-14,46739,588556,47177969,26217633
2022-01-15,39350,569929,47217319,26787562
2022-01-16,31158,341846,47248477,27129408
2022-01-17,54742,489645,47303219,27619053
2022-01-18,58357,517006,47361576,28136059
2022-01-19,57161,502772,47418737,28638831
2022-01-20,54312,498806,47473049,29137637
2022-01-21,42047,493861,47515096,29631498
2022-01-22,31139,469583,47546235,30101081
2022-01-23,34907,275358,47581142,30376439
2022-01-24,56149,437202,47637291,30813641
2022-01-25,61529,452081,47698820,31265722
2022-01-26,58511,435817,47757331,31701539
2022-01-27,48805,432348,47806136,32133887
2022-01-28,58664,436526,47864800,32570413
2022-01-29,68096,412480,47932896,32982893
2022-01-30,50353,235962,47983249,33218855
2022-01-31,60600,356919,48043849,33575774
2022-02-01,65521,328431,48109370,33904205
2022-02-02,63165,296963,48172535,34201168
2022-02-03,60034,274512,48232569,34475680
2022-02-04,72354,268448,48304923,34744128
2022-02-05,83741,248523,48388664,34992651
2022-02-06,55273,116198,48443937,35108849
2022-02-07,65118,199932,48509055,35308781
2022-02-08,66914,186104,48575969,35494885
2022-02-09,58748,166332,48634717,35661217
2022-02-10,58545,163231,48693262,35824448
2022-02-11,62225,162454,48755487,35986902
2022-02-12,71955,152133,48827442,36139035
2022-02-13,41465,68846,48868907,36207881
2022-02-14,46670,116187,48915577,36324068
2022-02-15,48515,123476,48964092,36447544
2022-02-16,45667,106113,49009759,36553657
2022-02-17,42851,98102,49052610,36651759
2022-02-18,46603,112567,49099213,36764326
2022-02-19,52519,100324,49151732,36864650
2022-02-20,31409,40356,49183141,36905006
2022-02-21,37885,89641,49221026,36994647
2022-02-22,37212,83768,49258238,37078415
2022-02-23,33381,79403,49291619,37157818
2022-02-24,32550,78157,49324169,37235975
2022-02-25,34750,90705,49358919,37326680
2022-02-26,39148,89130,49398067,37415810
2022-02-27,22540,35855,49420607,37451665
2022-02-28,28468,81684,49449075,37533349
2022-03-01,22707,53937,49471782,37587286
2022-03-02,21991,50625,49493773,37637911
2022-03-03,22604,54940,49516377,37692851
2022-03-04,23216,62787,49539593,37755638
2022-03-05,23783,57950,49563376,37813588
2022-03-06,9470,17200,49572846,37830788
2022-03-07,15900,51386,49588746,37882174
2022-03-08,15463,48794,49604209,37930968
2022-03-09,13806,46512,49618015,37977480
2022-03-10,14040,52114,49632055,38029594
2022-03-11,15570,57253,49647625,38086847
2022-03-12,15491,56614,49663116,38143461
2022-03-13,5542,16848,49668658,38160309
2022-03-14,10519,46692,49679177,38207001
2022-03-15,10534,46892,49689711,38253893
2022-03-16,9473,41975,49699184,38295868
2022-03-17,9703,44874,49708887,38340742
2022-03-18,10151,49051,49719038,38389793
2022-03-19,9146,46532,49728184,38436325
2022-03-20,2607,11700,49730791,38448025
2022-03-21,7576,40222,49738367,38488247
2022-03-22,8444,37752,49746811,38525999
2022-03-23,7209,33699,49754020,38559698
2022-03-24,8251,38797,49762271,38598495
2022-03-25,8129,43660,49770400,38642155
2022-03-26,8120,41720,49778520,38683875
2022-03-27,2429,9682,49780949,38693557
2022-03-28,6100,35231,49787049,38728788
2022-03-29,5773,32522,49792822,38761310
2022-03-30,5557,30194,49798379,38791504
2022-03-31,5887,33176,49804266,38824680
2022-04-01,4343,25187,49808609,38849867
2022-04-02,4489,23273,49813098,38873140
2022-04-03,1049,4499,49814147,38877639
2022-04-04,3653,21532,49817800,38899171
2022-04-05,3749,22924,49821549,38922095
2022-04-06,4098,21846,49825647,38943941
2022-04-07,3960,23320,49829607,38967261
2022-04-08,4688,26708,49834295,38993969
2022-04-09,4376,23884,49838671,39017853
2022-04-10,893,4614,49839564,39022467
2022-04-11,3812,22685,49843376,39045152
2022-04-12,3357,21779,49846733,39066931
2022-04-13,3559,21332,49850292,39088263
2022-04-14,3481,23774,49853773,39112037
2022-04-15,3078,20618,49856851,39132655
2022-04-16,2147,11919,49858998,39144574
2022-04-17,63,348,49859061,39144922
2022-04-18,149,650,49859210,39145572
2022-04-19,3490,21978,49862700,39167550
2022-04-20,3501,20248,49866201,39187798
2022-04-21,2840,19781,49869041,39207579
2022-04-22,2920,20694,49871961,39228273
2022-04-23,2637,16211,49874598,39244484
2022-04-24,509,2335,49875107,39246819
2022-04-25,183,1165,49875290,39247984
2022-04-26,2759,17792,49878049,39265776
2022-04-27,2368,15784,49880417,39281560
2022-04-28,2354,15553,49882771,39297113
2022-04-29,2291,14835,49885062,39311948
2022-04-30,2121,11576,49887183,39323524
2022-05-01,113,530,49887296,39324054
2022-05-02,1445,9384,49888741,39333438
2022-05-03,1573,10309,49890314,39343747
2022-05-04,1744,10257,49892058,39354004
2022-05-05,1650,10273,49893708,39364277
2022-05-06,1698,10945,49895406,39375222
2022-05-07,1431,8562,49896837,39383784
2022-05-08,404,1514,49897241,39385298
2022-05-09,1024,8917,49898265,39394215
2022-05-10,1422,9536,49899687,39403751
2022-05-11,1481,10087,49901168,39413838
2022-05-12,1368,10118,49902536,39423956
2022-05-13,1587,10510,49904123,39434466
2022-05-14,1357,8227,49905480,39442693
2022-05-15,336,1129,49905816,39443822
2022-05-16,812,8388,49906628,39452210
2022-05-17,1242,8673,49907870,39460883
2022-05-18,1369,9216,49909239,39470099
2022-05-19,1498,9268,49910737,39479367
2022-05-20,1419,9494,49912156,39488861
2022-05-21,1299,7892,49913455,39496753
2022-05-22,231,1012,49913686,39497765
2022-05-23,826,8261,49914512,39506026
2022-05-24,1070,8666,49915582,39514692
2022-05-25,1365,9445,49916947,39524137
2022-05-26,1194,9455,49918141,39533592
2022-05-27,1225,9911,49919366,39543503
2022-05-28,1202,7873,49920568,39551376
2022-05-29,285,1264,49920853,39552640
2022-05-30,930,8026,49921783,39560666
2022-05-31,1033,8531,49922816,39569197
2022-06-01,891,7644,49923707,39576841
2022-06-02,35,474,49923742,39577315
2022-06-03,814,7328,49924556,39584643
2022-06-04,870,5155,49925426,39589798
2022-06-05,89,586,49925515,39590384
2022-06-06,672,6984,49926187,39597368
2022-06-07,931,7841,49927118,39605209
2022-06-08,982,7898,49928100,39613107
2022-06-09,1034,8400,49929134,39621507
2022-06-10,957,8550,49930091,39630057
2022-06-11,900,6206,49930991,39636263
2022-06-12,140,767,49931131,39637030
2022-06-13,603,6295,49931734,39643325
2022-06-14,826,7881,49932560,39651206
2022-06-15,951,7843,49933511,39659049
2022-06-16,728,7387,49934239,39666436
2022-06-17,720,7239,49934959,39673675
2022-06-18,777,5588,49935736,39679263
2022-06-19,47,522,49935783,39679785
2022-06-20,588,6694,49936371,39686479
2022-06-21,733,7645,49937104,39694124
2022-06-22,780,7304,49937884,39701428
2022-06-23,649,7457,49938533,39708885
2022-06-24,644,7473,49939177,39716358
2022-06-25,835,6532,49940012,39722890
2022-06-26,128,523,49940140,39723413
2022-06-27,532,7120,49940672,39730533
2022-06-28,745,8208,49941417,39738741
2022-06-29,754,7717,49942171,39746458
2022-06-30,744,8131,49942915,39754589
2022-07-01,576,6437,49943491,39761026
2022-07-02,536,4765,49944027,39765791
2022-07-03,49,456,49944076,39766247
2022-07-04,470,6270,49944546,39772517
2022-07-05,627,8112,49945173,39780629
2022-07-06,629,7605,49945802,39788234
2022-07-07,567,8256,49946369,39796490
2022-07-08,670,8078,49947039,39804568
2022-07-09,549,6103,49947588,39810671
2022-07-10,58,533,49947646,39811204
2022-07-11,486,7638,49948132,39818842
2022-07-12,663,9001,49948795,39827843
2022-07-13,638,10058,49949433,39837901
2022-07-14,636,10219,49950069,39848120
2022-07-15,623,10663,49950692,39858783
2022-07-16,521,7207,49951213,39865990
2022-07-17,48,769,49951261,39866759
2022-07-18,497,9349,49951758,39876108
2022-07-19,574,10649,49952332,39886757
2022-07-20,576,11256,49952908,39898013
2022-07-21,626,12033,49953534,39910046
2022-07-22,581,11222,49954115,39921268
2022-07-23,379,6739,49954494,39928007
2022-07-24,76,834,49954570,39928841
2022-07-25,500,9031,49955070,39937872
2022-07-26,518,9724,49955588,39947596
2022-07-27,545,10149,49956133,39957745
2022-07-28,527,10476,49956660,39968221
2022-07-29,510,9417,49957170,39977638
2022-07-30,381,5851,49957551,39983489
2022-07-31,49,745,49957600,39984234
2022-08-01,386,6822,49957986,39991056
2022-08-02,538,7513,49958524,39998569
2022-08-03,509,7140,49959033,40005709
2022-08-04,451,7415,49959484,40013124
2022-08-05,416,6479,49959900,40019603
2022-08-06,297,3580,49960197,40023183
2022-08-07,44,550,49960241,40023733
2022-08-08,396,4872,49960637,40028605
2022-08-09,382,5266,49961019,40033871
2022-08-10,373,4779,49961392,40038650
2022-08-11,364,4756,49961756,40043406
2022-08-12,287,3698,49962043,40047104
2022-08-13,143,1595,49962186,40048699
2022-08-14,9,128,49962195,40048827
2022-08-15,1,24,49962196,40048851
2022-08-16,281,3022,49962477,40051873
2022-08-17,351,3513,49962828,40055386
2022-08-18,384,4138,49963212,40059524
2022-08-19,338,3301,49963550,40062825
2022-08-20,182,1711,49963732,40064536
2022-08-21,24,146,49963756,40064682
2022-08-22,326,2928,49964082,40067610
2022-08-23,371,3644,49964453,40071254
2022-08-24,380,3328,49964833,40074582
2022-08-25,417,3700,49965250,40078282
2022-08-26,392,3537,49965642,40081819
2022-08-27,233,1767,49965875,40083586
2022-08-28,29,260,49965904,40083846
2022-08-29,353,3133,49966257,40086979
2022-08-30,398,3631,49966655,40090610
2022-08-31,427,3691,49967082,40094301
2022-09-01,352,3057,49967434,40097358
2022-09-02,289,2860,49967723,40100218
2022-09-03,197,1682,49967920,40101900
2022-09-04,22,147,49967942,40102047
2022-09-05,185,2615,49968127,40104662
2022-09-06,298,2929,49968425,40107591
2022-09-07,534,2850,49968959,40110441
2022-09-08,268,2868,49969227,40113309
2022-09-09,288,2722,49969515,40116031
2022-09-10,225,1288,49969740,40117319
2022-09-11,21,121,49969761,40117440
2022-09-12,148,934,49969909,40118374