data_somministrazione,vaccinazioni,booster,cum_vaccinazioni,cum_booster
2020-12-27,19,0,19,0
2020-12-28,2,0,21,0
2020-12-29,1,0,22,0
2020-12-30,6,0,28,0
2020-12-31,66,0,94,0
2021-01-01,22,0,116,0
2021-01-02,104,0,220,0
2021-01-03,75,0,295,0
2021-01-04,199,0,494,0
2021-01-05,233,0,727,0
2021-01-06,191,0,918,0
2021-01-07,283,0,1201,0
2021-01-08,330,0,1531,0
2021-01-09,240,0,1771,0
2021-01-10,144,0,1915,0
2021-01-11,265,0,2180,0
2021-01-12,265,0,2445,0
2021-01-13,384,0,2829,0
2021-01-14,471,0,3300,0
2021-01-15,292,0,3592,0
2021-01-16,203,0,3795,0
2021-01-17,3057,0,6852,0
2021-01-18,5209,0,12061,0
2021-01-19,1890,0,13951,0
2021-01-20,4653,0,18604,0
2021-01-21,19999,0,38603,0
2021-01-22,14200,0,52803,0
2021-01-23,33332,0,86135,0
2021-01-24,30791,0,116926,0
2021-01-25,64731,0,181657,0
2021-01-26,76501,0,258158,0
2021-01-27,64841,0,322999,0
2021-01-28,89298,0,412297,0
2021-01-29,94029,0,506326,0
2021-01-30,86574,0,592900,0
2021-01-31,57339,0,650239,0
2021-02-01,81876,0,732115,0
2021-02-02,82144,0,814259,0
2021-02-03,91195,0,905454,0
2021-02-04,95402,0,1000856,0
2021-02-05,90281,0,1091137,0
2021-02-06,63450,0,1154587,0
2021-02-07,32927,0,1187514,0
2021-02-08,40429,0,1227943,0
2021-02-09,32864,0,1260807,0
2021-02-10,28421,0,1289228,0
2021-02-11,20390,0,1309618,0
2021-02-12,16227,0,1325845,0
2021-02-13,7251,0,1333096,0
2021-02-14,2861,0,1335957,0
2021-02-15,6837,0,1342794,0
2021-02-16,6993,0,1349787,0
2021-02-17,10519,0,1360306,0
2021-02-18,9246,0,1369552,0
2021-02-19,8239,0,1377791,0
2021-02-20,5541,0,1383332,0
2021-02-21,2986,0,1386318,0
2021-02-22,6881,0,1393199,0
2021-02-23,7161,0,1400360,0
2021-02-24,9824,0,1410184,0
2021-02-25,14201,0,1424385,0
2021-02-26,17551,0,1441936,0
2021-02-27,13901,0,1455837,0
2021-02-28,9387,0,1465224,0
2021-03-01,26508,0,1491732,0
2021-03-02,33239,0,1524971,0
2021-03-03,44644,0,1569615,0
2021-03-04,50290,0,1619905,0
2021-03-05,55734,0,1675639,0
2021-03-06,41877,0,1717516,0
2021-03-07,22323,0,1739839,0
2021-03-08,50795,0,1790634,0
2021-03-09,53058,0,1843692,0
2021-03-10,58626,0,1902318,0
2021-03-11,63839,0,1966157,0
2021-03-12,65098,0,2031255,0
2021-03-13,51707,0,2082962,0
2021-03-14,35384,0,2118346,0
2021-03-15,73424,0,2191770,0
2021-03-16,74022,0,2265792,0
2021-03-17,83130,0,2348922,0
2021-03-18,81622,0,2430544,0
2021-03-19,81080,0,2511624,0
2021-03-20,64708,0,2576332,0
2021-03-21,47287,0,2623619,0
2021-03-22,69472,0,2693091,0
2021-03-23,75777,0,2768868,0
2021-03-24,90887,0,2859755,0
2021-03-25,89785,0,2949540,0
2021-03-26,83601,0,3033141,0
2021-03-27,71917,0,3105058,0
2021-03-28,44128,0,3149186,0
2021-03-29,70807,0,3219993,0
2021-03-30,81360,0,3301353,0
2021-03-31,96218,0,3397571,0
2021-04-01,95292,0,3492863,0
2021-04-02,84065,0,3576928,0
2021-04-03,64295,0,3641223,0
2021-04-04,21717,0,3662940,0
2021-04-05,40297,0,3703237,0
2021-04-06,81299,0,3784536,0
2021-04-07,95805,0,3880341,0
2021-04-08,95229,0,3975570,0
2021-04-09,88479,0,4064049,0
2021-04-10,74026,0,4138075,0
2021-04-11,44752,0,4182827,0
2021-04-12,66908,0,4249735,0
2021-04-13,72562,0,4322297,0
2021-04-14,85518,0,4407815,0
2021-04-15,105400,0,4513215,0
2021-04-16,106409,0,4619624,0
2021-04-17,90491,0,4710115,0
2021-04-18,58584,0,4768699,0
2021-04-19,93424,0,4862123,0
2021-04-20,103761,0,4965884,0
2021-04-21,125329,0,5091213,0
2021-04-22,143502,0,5234715,0
2021-04-23,138718,0,5373433,0
2021-04-24,124435,0,5497868,0
2021-04-25,61452,0,5559320,0
2021-04-26,97874,0,5657194,0
2021-04-27,128349,0,5785543,0
2021-04-28,156349,0,5941892,0
2021-04-29,195578,0,6137470,0
2021-04-30,214559,0,6352029,0
2021-05-01,174090,0,6526119,0
2021-05-02,135790,0,6661909,0
2021-05-03,142002,0,6803911,0
2021-05-04,158675,0,6962586,0
2021-05-05,170473,0,7133059,0
2021-05-06,197788,0,7330847,0
2021-05-07,213803,0,7544650,0
2021-05-08,213383,0,7758033,0
2021-05-09,143191,0,7901224,0
2021-05-10,165081,0,8066305,0
2021-05-11,174957,0,8241262,0
2021-05-12,179149,0,8420411,0
2021-05-13,203357,0,8623768,0
2021-05-14,222893,0,8846661,0
2021-05-15,210336,0,9056997,0
2021-05-16,159263,0,9216260,0
2021-05-17,219178,0,9435438,0
2021-05-18,212999,0,9648437,0
2021-05-19,207067,0,9855504,0
2021-05-20,270834,0,10126338,0
2021-05-21,270862,0,10397200,0
2021-05-22,245517,0,10642717,0
2021-05-23,197174,0,10839891,0
2021-05-24,228289,0,11068180,0
2021-05-25,245685,0,11313865,0
2021-05-26,277475,0,11591340,0
2021-05-27,311076,0,11902416,0
2021-05-28,299559,0,12201975,0
2021-05-29,231191,0,12433166,0
2021-05-30,170824,0,12603990,0
2021-05-31,216408,0,12820398,0
2021-06-01,207629,0,13028027,0
2021-06-02,115768,0,13143795,0
2021-06-03,180106,0,13323901,0
2021-06-04,184850,0,13508751,0
2021-06-05,185928,0,13694679,0
2021-06-06,139510,0,13834189,0
2021-06-07,161838,0,13996027,0
2021-06-08,171162,0,14167189,0
2021-06-09,171429,0,14338618,0
2021-06-10,174039,0,14512657,0
2021-06-11,169934,0,14682591,0
2021-06-12,128304,0,14810895,0
2021-06-13,91137,0,14902032,0
2021-06-14,214639,0,15116671,0
2021-06-15,228384,0,15345055,0
2021-06-16,253034,0,15598089,0
2021-06-17,301694,0,15899783,0
2021-06-18,306255,0,16206038,0
2021-06-19,275052,0,16481090,0
2021-06-20,220729,0,16701819,0
2021-06-21,288034,0,16989853,0
2021-06-22,296176,0,17286029,0
2021-06-23,302660,0,17588689,0
2021-06-24,332549,0,17921238,0
2021-06-25,348689,0,18269927,0
2021-06-26,300079,0,18570006,0
2021-06-27,228613,0,18798619,0
2021-06-28,307036,0,19105655,0
2021-06-29,329240,0,19434895,0
2021-06-30,342107,0,19777002,0
2021-07-01,363156,0,20140158,0
2021-07-02,368430,0,20508588,0
2021-07-03,371067,0,20879655,0
2021-07-04,283191,0,21162846,0
2021-07-05,384496,0,21547342,0
2021-07-06,385428,0,21932770,0
2021-07-07,412066,0,22344836,0
2021-07-08,479623,0,22824459,0
2021-07-09,498482,0,23322941,0
2021-07-10,475180,0,23798121,0
2021-07-11,357706,0,24155827,0
2021-07-12,485907,0,24641734,0
2021-07-13,492141,0,25133875,0
2021-07-14,480480,0,25614355,0
2021-07-15,523490,0,26137845,0
2021-07-16,509787,0,26647632,0
2021-07-17,464367,0,27111999,0
2021-07-18,364699,0,27476698,0
2021-07-19,463072,0,27939770,0
2021-07-20,458087,0,28397857,0
2021-07-21,462819,0,28860676,0
2021-07-22,475400,0,29336076,0
2021-07-23,441310,0,29777386,0
2021-07-24,386193,0,30163579,0
2021-07-25,287597,0,30451176,0
2021-07-26,430893,0,30882069,0
2021-07-27,440131,0,31322200,0
2021-07-28,391016,0,31713216,0
2021-07-29,372085,0,32085301,0
2021-07-30,341517,0,32426818,0
2021-07-31,287017,0,32713835,0
2021-08-01,191022,0,32904857,0
2021-08-02,333728,0,33238585,0
2021-08-03,323183,0,33561768,0
2021-08-04,310976,0,33872744,0
2021-08-05,292511,0,34165255,0
2021-08-06,260009,0,34425264,0
2021-08-07,199050,0,34624314,0
2021-08-08,153109,0,34777423,0
2021-08-09,234082,0,35011505,0
2021-08-10,205250,0,35216755,0
2021-08-11,193760,0,35410515,0
2021-08-12,167977,0,35578492,0
2021-08-13,148599,0,35727091,0
2021-08-14,66088,0,35793179,0
2021-08-15,26334,0,35819513,0
2021-08-16,114674,0,35934187,0
2021-08-17,129238,0,36063425,0
2021-08-18,128735,0,36192160,0
2021-08-19,124788,0,36316948,0
2021-08-20,123793,0,36440741,0
2021-08-21,83116,0,36523857,0
2021-08-22,68163,0,36592020,0
2021-08-23,176870,0,36768890,0
2021-08-24,156908,0,36925798,0
2021-08-25,177169,0,37102967,0
2021-08-26,172352,0,37275319,0
2021-08-27,185840,0,37461159,0
2021-08-28,140268,0,37601427,0
2021-08-29,99000,0,37700427,0
2021-08-30,209633,0,37910060,0
2021-08-31,194630,0,38104690,0
2021-09-01,192214,0,38296904,0
2021-09-02,189940,0,38486844,0
2021-09-03,191340,0,38678184,0
2021-09-04,131481,0,38809665,0
2021-09-05,87868,0,38897533,0
2021-09-06,193660,0,39091193,0
2021-09-07,196065,0,39287258,0
2021-09-08,187908,0,39475166,0
2021-09-09,201474,0,39676640,0
2021-09-10,198109,0,39874749,0
2021-09-11,141329,0,40016078,0
2021-09-12,89601,0,40105679,0
2021-09-13,191165,551,40296844,551
2021-09-14,177264,574,40474108,1125
2021-09-15,163128,576,40637236,1701
2021-09-16,160102,919,40797338,2620
2021-09-17,150175,1112,40947513,3732
2021-09-18,127980,733,41075493,4465
2021-09-19,81130,491,41156623,4956
2021-09-20,180079,9071,41336702,14027
2021-09-21,166633,8829,41503335,22856
2021-09-22,159081,9430,41662416,32286
2021-09-23,138083,9319,41800499,41605
2021-09-24,140542,8949,41941041,50554
2021-09-25,119554,5633,42060595,56187
2021-09-26,71955,4338,42132550,60525
2021-09-27,135636,10044,42268186,70569
2021-09-28,117492,11381,42385678,81950
2021-09-29,112333,11825,42498011,93775
2021-09-30,110229,14944,42608240,108719
2021-10-01,94973,19105,42703213,127824
2021-10-02,78485,14011,42781698,141835
2021-10-03,47736,7656,42829434,149491
2021-10-04,88375,34442,42917809,183933
2021-10-05,80367,33968,42998176,217901
2021-10-06,71982,34157,43070158,252058
2021-10-07,71852,34346,43142010,286404
2021-10-08,80627,33588,43222637,319992
2021-10-09,76104,22168,43298741,342160
2021-10-10,45774,13614,43344515,355774
2021-10-11,87416,41101,43431931,396875
2021-10-12,84492,46894,43516423,443769
2021-10-13,88188,52111,43604611,495880
2021-10-14,91530,58503,43696141,554383
2021-10-15,93588,55624,43789729,610007
2021-10-16,82963,36780,43872692,646787
2021-10-17,51463,23825,43924155,670612
2021-10-18,90292,59481,44014447,730093
2021-10-19,78346,69370,44092793,799463
2021-10-20,75076,78161,44167869,877624
2021-10-21,78300,81749,44246169,959373
2021-10-22,73792,77018,44319961,1036391
2021-10-23,60815,51952,44380776,1088343
2021-10-24,33377,23453,44414153,1111796
2021-10-25,64905,81622,44479058,1193418
2021-10-26,58374,91776,44537432,1285194
2021-10-27,58331,103966,44595763,1389160
2021-10-28,61468,114098,44657231,1503258
2021-10-29,61661,103110,44718892,1606368
2021-10-30,50671,68113,44769563,1674481
2021-10-31,25164,28288,44794727,1702769
2021-11-01,19046,28148,44813773,1730917
2021-11-02,62767,89370,44876540,1820287
2021-11-03,60739,118656,44937279,1938943
2021-11-04,59245,126659,44996524,2065602
2021-11-05,63095,135169,45059619,2200771
2021-11-06,46474,90922,45106093,2291693
2021-11-07,22254,37893,45128347,2329586
2021-11-08,51531,131259,45179878,2460845
2021-11-09,45403,144196,45225281,2605041
2021-11-10,42580,156345,45267861,2761386
2021-11-11,44936,155137,45312797,2916523
2021-11-12,46374,158571,45359171,3075094
2021-11-13,33252,116647,45392423,3191741
2021-11-14,14480,52446,45406903,3244187
2021-11-15,36895,157422,45443798,3401609
2021-11-16,30545,171376,45474343,3572985
2021-11-17,28449,178435,45502792,3751420
2021-11-18,30281,193712,45533073,3945132
2021-11-19,28801,205849,45561874,4150981
2021-11-20,20993,156434,45582867,4307415
2021-11-21,10611,64855,45593478,4372270
2021-11-22,21936,213140,45615414,4585410
2021-11-23,23564,241740,45638978,4827150
2021-11-24,27837,270945,45666815,5098095
2021-11-25,23233,301897,45690048,5399992
2021-11-26,24579,318263,45714627,5718255
2021-11-27,21379,266151,45736006,5984406
2021-11-28,9897,137055,45745903,6121461
2021-11-29,22320,326061,45768223,6447522
2021-11-30,23080,365820,45791303,6813342
2021-12-01,21514,413499,45812817,7226841
2021-12-02,23754,440378,45836571,7667219
2021-12-03,25238,467453,45861809,8134672
2021-12-04,22355,418727,45884164,8553399
2021-12-05,11910,261330,45896074,8814729
2021-12-06,25809,457563,45921883,9272292
2021-12-07,24119,480249,45946002,9752541
2021-12-08,10001,249679,45956003,10002220
2021-12-09,31568,491916,45987571,10494136
2021-12-10,28056,517866,46015627,11012002
2021-12-11,23550,459240,46039177,11471242
2021-12-12,12301,293496,46051478,11764738
2021-12-13,26136,467620,46077614,12232358
2021-12-14,25160,494188,46102774,12726546
2021-12-15,25311,517129,46128085,13243675
2021-12-16,27868,520239,46155953,13763914
2021-12-17,29351,517162,46185304,14281076
2021-12-18,27029,468713,46212333,14749789
2021-12-19,15133,300513,46227466,15050302
2021-12-20,30613,477473,46258079,15527775
2021-12-21,30354,493380,46288433,16021155
2021-12-22,29434,484698,46317867,16505853
2021-12-23,28227,426895,46346094,16932748
2021-12-24,13110,210820,46359204,17143568
2021-12-25,2101,33052,46361305,17176620
2021-12-26,8754,159065,46370059,17335685
2021-12-27,46761,504651,46416820,17840336
2021-12-28,42427,554205,46459247,18394541
2021-12-29,34323,550626,46493570,18945167
2021-12-30,31803,499819,46525373,19444986
2021-12-31,14105,247394,46539478,19692380
2022-01-01,3493,64813,46542971,19757193
2022-01-02,22742,276717,46565713,20033910
2022-01-03,47811,520006,46613524,20553916
2022-01-04,46308,572074,46659832,21125990
2022-01-05,40691,560382,46700523,21686372
2022-01-06,23452,274481,46723975,21960853
2022-01-07,63638,554178,46787613,22515031
2022-01-08,60786,503377,46848399,23018408
2022-01-09,42777,319687,46891176,23338095
2022-01-10,61016,542277,46952192,23880372
2022-01-11,61654,586981,47013846,24467353
2022-01-12,58378,581272,47072224,25048625
2022-01-13,58548,580375,47130772,25629000
2022-01-14,46714,588562,47177486,26217562
2022-01-15,39301,569936,47216787,26787498
2022-01-16,31134,341849,47247921,27129347
2022-01-17,54725,489645,47302646,27618992
2022-01-18,58330,517011,47360976,28136003
2022-01-19,57143,502783,47418119,28638786
2022-01-20,54288,498809,47472407,29137595
2022-01-21,42020,493867,47514427,29631462
2022-01-22,31106,469592,47545533,30101054
2022-01-23,34896,275365,47580429,30376419
2022-01-24,56137,437210,47636566,30813629
2022-01-25,61515,452087,47698081,31265716
2022-01-26,58499,435817,47756580,31701533
2022-01-27,48796,432353,47805376,32133886
2022-01-28,58647,436529,47864023,32570415
2022-01-29,68067,412480,47932090,32982895
2022-01-30,50349,235966,47982439,33218861
2022-01-31,60584,356921,48043023,33575782
2022-02-01,65506,328431,48108529,33904213
2022-02-02,63148,296966,48171677,34201179
2022-02-03,60016,274513,48231693,34475692
2022-02-04,72339,268449,48304032,34744141
2022-02-05,83723,248526,48387755,34992667
2022-02-06,55267,116194,48443022,35108861
2022-02-07,65116,199930,48508138,35308791
2022-02-08,66905,186102,48575043,35494893
2022-02-09,58732,166331,48633775,35661224
2022-02-10,58532,163232,48692307,35824456
2022-02-11,62219,162453,48754526,35986909
2022-02-12,71949,152136,48826475,36139045
2022-02-13,41462,68849,48867937,36207894
2022-02-14,46661,116184,48914598,36324078
2022-02-15,48510,123477,48963108,36447555
2022-02-16,45662,106110,49008770,36553665
2022-02-17,42852,98101,49051622,36651766
2022-02-18,46597,112569,49098219,36764335
2022-02-19,52517,100328,49150736,36864663
2022-02-20,31410,40360,49182146,36905023
2022-02-21,37886,89643,49220032,36994666
2022-02-22,37210,83769,49257242,37078435
2022-02-23,33375,79404,49290617,37157839
2022-02-24,32546,78160,49323163,37235999
2022-02-25,34747,90704,49357910,37326703
2022-02-26,39145,89132,49397055,37415835
2022-02-27,22540,35855,49419595,37451690
2022-02-28,28466,81691,49448061,37533381
2022-03-01,22701,53936,49470762,37587317
2022-03-02,21988,50627,49492750,37637944
2022-03-03,22601,54941,49515351,37692885
2022-03-04,23213,62792,49538564,37755677
2022-03-05,23783,57951,49562347,37813628
2022-03-06,9471,17200,49571818,37830828
2022-03-07,15898,51390,49587716,37882218
2022-03-08,15454,48795,49603170,37931013
2022-03-09,13802,46514,49616972,37977527
2022-03-10,14031,52115,49631003,38029642
2022-03-11,15567,57251,49646570,38086893
2022-03-12,15492,56614,49662062,38143507
2022-03-13,5542,16849,49667604,38160356
2022-03-14,10518,46691,49678122,38207047
2022-03-15,10534,46892,49688656,38253939
2022-03-16,9472,41978,49698128,38295917
2022-03-17,9699,44875,49707827,38340792
2022-03-18,10150,49052,49717977,38389844
2022-03-19,9145,46532,49727122,38436376
2022-03-20,2607,11699,49729729,38448075
2022-03-21,7573,40223,49737302,38488298
2022-03-22,8441,37748,49745743,38526046
2022-03-23,7205,33695,49752948,38559741
2022-03-24,8247,38795,49761195,38598536
2022-03-25,8129,43665,49769324,38642201
2022-03-26,8120,41723,49777444,38683924
2022-03-27,2428,9683,49779872,38693607
2022-03-28,6099,35230,49785971,38728837
2022-03-29,5773,32523,49791744,38761360
2022-03-30,5556,30193,49797300,38791553
2022-03-31,5884,33175,49803184,38824728
2022-04-01,4341,25187,49807525,38849915
2022-04-02,4489,23272,49812014,38873187
2022-04-03,1048,4499,49813062,38877686
2022-04-04,3655,21530,49816717,38899216
2022-04-05,3746,22925,49820463,38922141
2022-04-06,4098,21845,49824561,38943986
2022-04-07,3956,23317,49828517,38967303
2022-04-08,4687,26709,49833204,38994012
2022-04-09,4375,23885,49837579,39017897
2022-04-10,893,4614,49838472,39022511
2022-04-11,3802,22683,49842274,39045194
2022-04-12,3356,21777,49845630,39066971
2022-04-13,3560,21334,49849190,39088305
2022-04-14,3484,23776,49852674,39112081
2022-04-15,3078,20616,49855752,39132697
2022-04-16,2149,11921,49857901,39144618
2022-04-17,63,348,49857964,39144966
2022-04-18,149,650,49858113,39145616
2022-04-19,3489,21978,49861602,39167594
2022-04-20,3500,20249,49865102,39187843
2022-04-21,2839,19781,49867941,39207624
2022-04-22,2918,20696,49870859,39228320
2022-04-23,2637,16209,49873496,39244529
2022-04-24,509,2335,49874005,39246864
2022-04-25,183,1165,49874188,39248029
2022-04-26,2760,17791,49876948,39265820
2022-04-27,2365,15784,49879313,39281604
2022-04-28,2352,15534,49881665,39297138
2022-04-29,2291,14835,49883956,39311973
2022-04-30,2121,11577,49886077,39323550
2022-05-01,113,530,49886190,39324080
2022-05-02,1443,9382,49887633,39333462
2022-05-03,1572,10309,49889205,39343771
2022-05-04,1743,10255,49890948,39354026
2022-05-05,1647,10272,49892595,39364298
2022-05-06,1694,10944,49894289,39375242
2022-05-07,1431,8563,49895720,39383805
2022-05-08,404,1514,49896124,39385319
2022-05-09,1024,8917,49897148,39394236
2022-05-10,1418,9536,49898566,39403772
2022-05-11,1479,10087,49900045,39413859
2022-05-12,1369,10119,49901414,39423978
2022-05-13,1587,10509,49903001,39434487
2022-05-14,1357,8226,49904358,39442713
2022-05-15,336,1129,49904694,39443842
2022-05-16,812,8388,49905506,39452230
2022-05-17,1241,8671,49906747,39460901
2022-05-18,1368,9216,49908115,39470117
2022-05-19,1498,9267,49909613,39479384
2022-05-20,1419,9493,49911032,39488877
2022-05-21,1299,7892,49912331,39496769
2022-05-22,231,1012,49912562,39497781
2022-05-23,826,8261,49913388,39506042
2022-05-24,1070,8665,49914458,39514707
2022-05-25,1364,9444,49915822,39524151
2022-05-26,1194,9453,49917016,39533604
2022-05-27,1225,9910,49918241,39543514
2022-05-28,1202,7873,49919443,39551387
2022-05-29,285,1264,49919728,39552651
2022-05-30,930,8026,49920658,39560677
2022-05-31,1033,8531,49921691,39569208
2022-06-01,892,7644,49922583,39576852
2022-06-02,35,474,49922618,39577326
2022-06-03,813,7327,49923431,39584653
2022-06-04,870,5155,49924301,39589808
2022-06-05,89,586,49924390,39590394
2022-06-06,672,6964,49925062,39597358
2022-06-07,930,7841,49925992,39605199
2022-06-08,982,7897,49926974,39613096
2022-06-09,1034,8400,49928008,39621496
2022-06-10,955,8548,49928963,39630044
2022-06-11,900,6207,49929863,39636251
2022-06-12,140,767,49930003,39637018
2022-06-13,603,6295,49930606,39643313
2022-06-14,826,7881,49931432,39651194
2022-06-15,950,7845,49932382,39659039
2022-06-16,728,7383,49933110,39666422
2022-06-17,719,7239,49933829,39673661
2022-06-18,777,5589,49934606,39679250
2022-06-19,47,522,49934653,39679772
2022-06-20,588,6694,49935241,39686466
2022-06-21,732,7643,49935973,39694109
2022-06-22,780,7303,49936753,39701412
2022-06-23,649,7455,49937402,39708867
2022-06-24,643,7472,49938045,39716339
2022-06-25,835,6531,49938880,39722870
2022-06-26,128,523,49939008,39723393
2022-06-27,532,7119,49939540,39730512
2022-06-28,744,8208,49940284,39738720
2022-06-29,755,7718,49941039,39746438
2022-06-30,744,8131,49941783,39754569
2022-07-01,577,6436,49942360,39761005
2022-07-02,536,4765,49942896,39765770
2022-07-03,49,456,49942945,39766226
2022-07-04,470,6269,49943415,39772495
2022-07-05,622,8107,49944037,39780602
2022-07-06,626,7594,49944663,39788196
2022-07-07,566,8252,49945229,39796448
2022-07-08,671,8076,49945900,39804524
2022-07-09,549,6104,49946449,39810628
2022-07-10,58,533,49946507,39811161
2022-07-11,485,7632,49946992,39818793
2022-07-12,662,8999,49947654,39827792
2022-07-13,636,10057,49948290,39837849
2022-07-14,631,10219,49948921,39848068
2022-07-15,620,10659,49949541,39858727
2022-07-16,521,7207,49950062,39865934
2022-07-17,48,769,49950110,39866703
2022-07-18,498,9347,49950608,39876050
2022-07-19,574,10646,49951182,39886696
2022-07-20,576,11251,49951758,39897947
2022-07-21,625,12029,49952383,39909976
2022-07-22,580,11215,49952963,39921191
2022-07-23,377,6735,49953340,39927926
2022-07-24,76,834,49953416,39928760
2022-07-25,498,9026,49953914,39937786
2022-07-26,517,9719,49954431,39947505
2022-07-27,543,10146,49954974,39957651
2022-07-28,524,10463,49955498,39968114
2022-07-29,510,9409,49956008,39977523
2022-07-30,381,5849,49956389,39983372
2022-07-31,49,745,49956438,39984117
2022-08-01,386,6819,49956824,39990936
2022-08-02,536,7505,49957360,39998441
2022-08-03,497,7126,49957857,40005567
2022-08-04,448,7404,49958305,40012971
2022-08-05,414,6469,49958719,40019440
2022-08-06,297,3579,49959016,40023019
2022-08-07,44,550,49959060,40023569
2022-08-08,392,4867,49959452,40028436
2022-08-09,383,5262,49959835,40033698
2022-08-10,371,4763,49960206,40038461
2022-08-11,360,4745,49960566,40043206
2022-08-12,285,3685,49960851,40046891
2022-08-13,141,1595,49960992,40048486
2022-08-14,9,128,49961001,40048614
2022-08-15,1,24,49961002,40048638
2022-08-16,281,3018,49961283,40051656
2022-08-17,349,3493,49961632,40055149
2022-08-18,380,4119,49962012,40059268
2022-08-19,333,3298,49962345,40062566
2022-08-20,181,1710,49962526,40064276
2022-08-21,24,146,49962550,40064422
2022-08-22,326,2926,49962876,40067348
2022-08-23,369,3628,49963245,40070976
2022-08-24,379,3281,49963624,40074257
2022-08-25,409,3619,49964033,40077876
2022-08-26,356,3471,49964389,40081347
2022-08-27,225,1736,49964614,40083083
2022-08-28,29,259,49964643,40083342
2022-08-29,342,3002,49964985,40086344
2022-08-30,268,2000,49965253,40088344