data_somministrazione,vaccinazioni,booster,cum_vaccinazioni,cum_booster
2020-12-27,20,0,20,0
2020-12-28,2,0,22,0
2020-12-29,1,0,23,0
2020-12-30,8,0,31,0
2020-12-31,71,0,102,0
2021-01-01,23,0,125,0
2021-01-02,119,0,244,0
2021-01-03,83,0,327,0
2021-01-04,209,0,536,0
2021-01-05,244,0,780,0
2021-01-06,211,0,991,0
2021-01-07,298,0,1289,0
2021-01-08,342,0,1631,0
2021-01-09,254,0,1885,0
2021-01-10,152,0,2037,0
2021-01-11,278,0,2315,0
2021-01-12,269,0,2584,0
2021-01-13,394,0,2978,0
2021-01-14,480,0,3458,0
2021-01-15,298,0,3756,0
2021-01-16,212,0,3968,0
2021-01-17,3059,0,7027,0
2021-01-18,5210,0,12237,0
2021-01-19,1893,0,14130,0
2021-01-20,4655,0,18785,0
2021-01-21,19999,0,38784,0
2021-01-22,14205,0,52989,0
2021-01-23,33325,0,86314,0
2021-01-24,30786,0,117100,0
2021-01-25,64722,0,181822,0
2021-01-26,76493,0,258315,0
2021-01-27,64830,0,323145,0
2021-01-28,89283,0,412428,0
2021-01-29,94014,0,506442,0
2021-01-30,86560,0,593002,0
2021-01-31,57330,0,650332,0
2021-02-01,81858,0,732190,0
2021-02-02,82147,0,814337,0
2021-02-03,91191,0,905528,0
2021-02-04,95399,0,1000927,0
2021-02-05,90275,0,1091202,0
2021-02-06,63444,0,1154646,0
2021-02-07,32928,0,1187574,0
2021-02-08,40428,0,1228002,0
2021-02-09,32865,0,1260867,0
2021-02-10,28422,0,1289289,0
2021-02-11,20393,0,1309682,0
2021-02-12,16231,0,1325913,0
2021-02-13,7264,0,1333177,0
2021-02-14,2861,0,1336038,0
2021-02-15,6840,0,1342878,0
2021-02-16,6997,0,1349875,0
2021-02-17,10520,0,1360395,0
2021-02-18,9251,0,1369646,0
2021-02-19,8245,0,1377891,0
2021-02-20,5552,0,1383443,0
2021-02-21,2996,0,1386439,0
2021-02-22,6883,0,1393322,0
2021-02-23,7165,0,1400487,0
2021-02-24,9828,0,1410315,0
2021-02-25,14206,0,1424521,0
2021-02-26,17555,0,1442076,0
2021-02-27,13909,0,1455985,0
2021-02-28,9387,0,1465372,0
2021-03-01,26514,0,1491886,0
2021-03-02,33239,0,1525125,0
2021-03-03,44643,0,1569768,0
2021-03-04,50290,0,1620058,0
2021-03-05,55735,0,1675793,0
2021-03-06,41871,0,1717664,0
2021-03-07,22323,0,1739987,0
2021-03-08,50805,0,1790792,0
2021-03-09,53063,0,1843855,0
2021-03-10,58637,0,1902492,0
2021-03-11,63852,0,1966344,0
2021-03-12,65106,0,2031450,0
2021-03-13,51715,0,2083165,0
2021-03-14,35391,0,2118556,0
2021-03-15,73433,0,2191989,0
2021-03-16,74024,0,2266013,0
2021-03-17,83129,0,2349142,0
2021-03-18,81621,0,2430763,0
2021-03-19,81077,0,2511840,0
2021-03-20,64715,0,2576555,0
2021-03-21,47294,0,2623849,0
2021-03-22,69467,0,2693316,0
2021-03-23,75789,0,2769105,0
2021-03-24,90898,0,2860003,0
2021-03-25,89794,0,2949797,0
2021-03-26,83616,0,3033413,0
2021-03-27,71929,0,3105342,0
2021-03-28,44140,0,3149482,0
2021-03-29,70815,0,3220297,0
2021-03-30,81375,0,3301672,0
2021-03-31,96224,0,3397896,0
2021-04-01,95298,0,3493194,0
2021-04-02,84066,0,3577260,0
2021-04-03,64301,0,3641561,0
2021-04-04,21718,0,3663279,0
2021-04-05,40303,0,3703582,0
2021-04-06,81306,0,3784888,0
2021-04-07,95819,0,3880707,0
2021-04-08,95233,0,3975940,0
2021-04-09,88485,0,4064425,0
2021-04-10,74032,0,4138457,0
2021-04-11,44760,0,4183217,0
2021-04-12,66911,0,4250128,0
2021-04-13,72568,0,4322696,0
2021-04-14,85525,0,4408221,0
2021-04-15,105405,0,4513626,0
2021-04-16,106415,0,4620041,0
2021-04-17,90507,0,4710548,0
2021-04-18,58582,0,4769130,0
2021-04-19,93426,0,4862556,0
2021-04-20,103758,0,4966314,0
2021-04-21,125334,0,5091648,0
2021-04-22,143502,0,5235150,0
2021-04-23,138723,0,5373873,0
2021-04-24,124439,0,5498312,0
2021-04-25,61454,0,5559766,0
2021-04-26,97882,0,5657648,0
2021-04-27,128354,0,5786002,0
2021-04-28,156360,0,5942362,0
2021-04-29,195587,0,6137949,0
2021-04-30,214559,0,6352508,0
2021-05-01,174100,0,6526608,0
2021-05-02,135795,0,6662403,0
2021-05-03,142013,0,6804416,0
2021-05-04,158680,0,6963096,0
2021-05-05,170484,0,7133580,0
2021-05-06,197792,0,7331372,0
2021-05-07,213826,0,7545198,0
2021-05-08,213394,0,7758592,0
2021-05-09,143196,0,7901788,0
2021-05-10,165081,0,8066869,0
2021-05-11,174974,0,8241843,0
2021-05-12,179171,0,8421014,0
2021-05-13,203372,0,8624386,0
2021-05-14,222903,0,8847289,0
2021-05-15,210352,0,9057641,0
2021-05-16,159270,0,9216911,0
2021-05-17,219184,0,9436095,0
2021-05-18,213002,0,9649097,0
2021-05-19,207074,0,9856171,0
2021-05-20,270843,0,10127014,0
2021-05-21,270870,0,10397884,0
2021-05-22,245518,0,10643402,0
2021-05-23,197172,0,10840574,0
2021-05-24,228299,0,11068873,0
2021-05-25,245691,0,11314564,0
2021-05-26,277480,0,11592044,0
2021-05-27,311077,0,11903121,0
2021-05-28,299568,0,12202689,0
2021-05-29,231215,0,12433904,0
2021-05-30,170834,0,12604738,0
2021-05-31,216416,0,12821154,0
2021-06-01,207624,0,13028778,0
2021-06-02,115780,0,13144558,0
2021-06-03,180138,0,13324696,0
2021-06-04,184866,0,13509562,0
2021-06-05,185951,0,13695513,0
2021-06-06,139534,0,13835047,0
2021-06-07,161860,0,13996907,0
2021-06-08,171199,0,14168106,0
2021-06-09,171458,0,14339564,0
2021-06-10,174081,0,14513645,0
2021-06-11,169961,0,14683606,0
2021-06-12,128317,0,14811923,0
2021-06-13,91170,0,14903093,0
2021-06-14,214664,0,15117757,0
2021-06-15,228402,0,15346159,0
2021-06-16,253065,0,15599224,0
2021-06-17,301721,0,15900945,0
2021-06-18,306287,0,16207232,0
2021-06-19,275075,0,16482307,0
2021-06-20,220760,0,16703067,0
2021-06-21,288062,0,16991129,0
2021-06-22,296202,0,17287331,0
2021-06-23,302668,0,17589999,0
2021-06-24,332579,0,17922578,0
2021-06-25,348698,0,18271276,0
2021-06-26,300091,0,18571367,0
2021-06-27,228638,0,18800005,0
2021-06-28,307062,0,19107067,0
2021-06-29,329259,0,19436326,0
2021-06-30,342120,0,19778446,0
2021-07-01,363180,0,20141626,0
2021-07-02,368441,0,20510067,0
2021-07-03,371074,0,20881141,0
2021-07-04,283203,0,21164344,0
2021-07-05,384519,0,21548863,0
2021-07-06,385442,0,21934305,0
2021-07-07,412080,0,22346385,0
2021-07-08,479601,0,22825986,0
2021-07-09,498475,0,23324461,0
2021-07-10,475168,0,23799629,0
2021-07-11,357688,0,24157317,0
2021-07-12,485883,0,24643200,0
2021-07-13,492124,0,25135324,0
2021-07-14,480466,0,25615790,0
2021-07-15,523454,0,26139244,0
2021-07-16,509767,0,26649011,0
2021-07-17,464353,0,27113364,0
2021-07-18,364670,0,27478034,0
2021-07-19,463058,0,27941092,0
2021-07-20,458071,0,28399163,0
2021-07-21,462796,0,28861959,0
2021-07-22,475397,0,29337356,0
2021-07-23,441296,0,29778652,0
2021-07-24,386169,0,30164821,0
2021-07-25,287569,0,30452390,0
2021-07-26,430869,0,30883259,0
2021-07-27,440124,0,31323383,0
2021-07-28,391005,0,31714388,0
2021-07-29,372075,0,32086463,0
2021-07-30,341505,0,32427968,0
2021-07-31,287028,0,32714996,0
2021-08-01,191010,0,32906006,0
2021-08-02,333714,0,33239720,0
2021-08-03,323185,0,33562905,0
2021-08-04,310970,0,33873875,0
2021-08-05,292508,0,34166383,0
2021-08-06,260001,0,34426384,0
2021-08-07,199045,0,34625429,0
2021-08-08,153109,0,34778538,0
2021-08-09,234073,0,35012611,0
2021-08-10,205244,0,35217855,0
2021-08-11,193759,0,35411614,0
2021-08-12,168016,0,35579630,0
2021-08-13,148620,0,35728250,0
2021-08-14,66092,0,35794342,0
2021-08-15,26337,0,35820679,0
2021-08-16,114691,0,35935370,0
2021-08-17,129249,0,36064619,0
2021-08-18,128746,0,36193365,0
2021-08-19,124807,0,36318172,0
2021-08-20,123798,0,36441970,0
2021-08-21,83124,0,36525094,0
2021-08-22,68169,0,36593263,0
2021-08-23,176869,0,36770132,0
2021-08-24,156903,0,36927035,0
2021-08-25,177170,0,37104205,0
2021-08-26,172352,0,37276557,0
2021-08-27,185840,0,37462397,0
2021-08-28,140272,0,37602669,0
2021-08-29,98996,0,37701665,0
2021-08-30,209623,0,37911288,0
2021-08-31,194639,0,38105927,0
2021-09-01,192211,0,38298138,0
2021-09-02,189934,0,38488072,0
2021-09-03,191323,0,38679395,0
2021-09-04,131472,0,38810867,0
2021-09-05,87860,0,38898727,0
2021-09-06,193639,0,39092366,0
2021-09-07,196046,0,39288412,0
2021-09-08,187892,0,39476304,0
2021-09-09,201458,0,39677762,0
2021-09-10,198089,0,39875851,0
2021-09-11,141313,0,40017164,0
2021-09-12,89599,0,40106763,0
2021-09-13,191144,579,40297907,579
2021-09-14,177238,598,40475145,1177
2021-09-15,163106,602,40638251,1779
2021-09-16,160084,943,40798335,2722
2021-09-17,150172,1128,40948507,3850
2021-09-18,127978,747,41076485,4597
2021-09-19,81136,497,41157621,5094
2021-09-20,180081,9085,41337702,14179
2021-09-21,166645,8840,41504347,23019
2021-09-22,159084,9447,41663431,32466
2021-09-23,138076,9336,41801507,41802
2021-09-24,140539,8971,41942046,50773
2021-09-25,119554,5645,42061600,56418
2021-09-26,71965,4345,42133565,60763
2021-09-27,135653,10053,42269218,70816
2021-09-28,117502,11396,42386720,82212
2021-09-29,112351,11830,42499071,94042
2021-09-30,110239,14957,42609310,108999
2021-10-01,94982,19115,42704292,128114
2021-10-02,78496,14021,42782788,142135
2021-10-03,47744,7659,42830532,149794
2021-10-04,88375,34452,42918907,184246
2021-10-05,80371,33973,42999278,218219
2021-10-06,71987,34169,43071265,252388
2021-10-07,71854,34352,43143119,286740
2021-10-08,80632,33593,43223751,320333
2021-10-09,76101,22176,43299852,342509
2021-10-10,45775,13619,43345627,356128
2021-10-11,87431,41108,43433058,397236
2021-10-12,84495,46908,43517553,444144
2021-10-13,88194,52127,43605747,496271
2021-10-14,91538,58518,43697285,554789
2021-10-15,93601,55637,43790886,610426
2021-10-16,82970,36785,43873856,647211
2021-10-17,51465,23831,43925321,671042
2021-10-18,90304,59489,44015625,730531
2021-10-19,78344,69383,44093969,799914
2021-10-20,75073,78174,44169042,878088
2021-10-21,78296,81766,44247338,959854
2021-10-22,73784,77036,44321122,1036890
2021-10-23,60821,51962,44381943,1088852
2021-10-24,33373,23462,44415316,1112314
2021-10-25,64907,81629,44480223,1193943
2021-10-26,58371,91791,44538594,1285734
2021-10-27,58328,103977,44596922,1389711
2021-10-28,61466,114109,44658388,1503820
2021-10-29,61644,103132,44720032,1606952
2021-10-30,50671,68121,44770703,1675073
2021-10-31,25163,28293,44795866,1703366
2021-11-01,19045,28151,44814911,1731517
2021-11-02,62754,89386,44877665,1820903
2021-11-03,60727,118665,44938392,1939568
2021-11-04,59243,126668,44997635,2066236
2021-11-05,63094,135185,45060729,2201421
2021-11-06,46479,90923,45107208,2292344
2021-11-07,22252,37896,45129460,2330240
2021-11-08,51527,131271,45180987,2461511
2021-11-09,45401,144206,45226388,2605717
2021-11-10,42584,156350,45268972,2762067
2021-11-11,44934,155140,45313906,2917207
2021-11-12,46374,158578,45360280,3075785
2021-11-13,33257,116655,45393537,3192440
2021-11-14,14486,52449,45408023,3244889
2021-11-15,36895,157431,45444918,3402320
2021-11-16,30553,171376,45475471,3573696
2021-11-17,28456,178442,45503927,3752138
2021-11-18,30285,193725,45534212,3945863
2021-11-19,28806,205855,45563018,4151718
2021-11-20,20994,156439,45584012,4308157
2021-11-21,10611,64859,45594623,4373016
2021-11-22,21939,213142,45616562,4586158
2021-11-23,23576,241749,45640138,4827907
2021-11-24,27843,270950,45667981,5098857
2021-11-25,23236,301911,45691217,5400768
2021-11-26,24586,318267,45715803,5719035
2021-11-27,21382,266151,45737185,5985186
2021-11-28,9902,137058,45747087,6122244
2021-11-29,22334,326065,45769421,6448309
2021-11-30,23091,365822,45792512,6814131
2021-12-01,21525,413504,45814037,7227635
2021-12-02,23764,440379,45837801,7668014
2021-12-03,25261,467461,45863062,8135475
2021-12-04,22371,418736,45885433,8554211
2021-12-05,11928,261331,45897361,8815542
2021-12-06,25813,457582,45923174,9273124
2021-12-07,24134,480255,45947308,9753379
2021-12-08,10005,249684,45957313,10003063
2021-12-09,31584,491913,45988897,10494976
2021-12-10,28069,517871,46016966,11012847
2021-12-11,23561,459244,46040527,11472091
2021-12-12,12309,293497,46052836,11765588
2021-12-13,26155,467623,46078991,12233211
2021-12-14,25172,494193,46104163,12727404
2021-12-15,25338,517140,46129501,13244544
2021-12-16,27884,520240,46157385,13764784
2021-12-17,29367,517164,46186752,14281948
2021-12-18,27062,468717,46213814,14750665
2021-12-19,15145,300516,46228959,15051181
2021-12-20,30631,477483,46259590,15528664
2021-12-21,30372,493379,46289962,16022043
2021-12-22,29449,484702,46319411,16506745
2021-12-23,28249,426895,46347660,16933640
2021-12-24,13111,210825,46360771,17144465
2021-12-25,2102,33053,46362873,17177518
2021-12-26,8763,159069,46371636,17336587
2021-12-27,46791,504658,46418427,17841245
2021-12-28,42452,554212,46460879,18395457
2021-12-29,34350,550639,46495229,18946096
2021-12-30,31842,499821,46527071,19445917
2021-12-31,14121,247389,46541192,19693306
2022-01-01,3496,64814,46544688,19758120
2022-01-02,22770,276721,46567458,20034841
2022-01-03,47856,520010,46615314,20554851
2022-01-04,46367,572081,46661681,21126932
2022-01-05,40750,560391,46702431,21687323
2022-01-06,23484,274482,46725915,21961805
2022-01-07,63693,554186,46789608,22515991
2022-01-08,60852,503388,46850460,23019379
2022-01-09,42852,319689,46893312,23339068
2022-01-10,61080,542286,46954392,23881354
2022-01-11,61708,586985,47016100,24468339
2022-01-12,58437,581274,47074537,25049613
2022-01-13,58599,580380,47133136,25629993
2022-01-14,46788,588566,47179924,26218559
2022-01-15,39403,569936,47219327,26788495
2022-01-16,31217,341853,47250544,27130348
2022-01-17,54774,489653,47305318,27620001
2022-01-18,58390,517008,47363708,28137009
2022-01-19,57189,502780,47420897,28639789
2022-01-20,54335,498815,47475232,29138604
2022-01-21,42075,493868,47517307,29632472
2022-01-22,31185,469593,47548492,30102065
2022-01-23,34923,275361,47583415,30377426
2022-01-24,56179,437212,47639594,30814638
2022-01-25,61540,452100,47701134,31266738
2022-01-26,58536,435823,47759670,31702561
2022-01-27,48837,432357,47808507,32134918
2022-01-28,58689,436531,47867196,32571449
2022-01-29,68117,412486,47935313,32983935
2022-01-30,50370,235967,47985683,33219902
2022-01-31,60618,356928,48046301,33576830
2022-02-01,65543,328436,48111844,33905266
2022-02-02,63193,296969,48175037,34202235
2022-02-03,60048,274513,48235085,34476748
2022-02-04,72374,268451,48307459,34745199
2022-02-05,83764,248529,48391223,34993728
2022-02-06,55282,116200,48446505,35109928
2022-02-07,65136,199936,48511641,35309864
2022-02-08,66924,186108,48578565,35495972
2022-02-09,58754,166336,48637319,35662308
2022-02-10,58561,163235,48695880,35825543
2022-02-11,62240,162456,48758120,35987999
2022-02-12,71975,152141,48830095,36140140
2022-02-13,41468,68849,48871563,36208989
2022-02-14,46683,116187,48918246,36325176
2022-02-15,48522,123479,48966768,36448655
2022-02-16,45669,106117,49012437,36554772
2022-02-17,42857,98106,49055294,36652878
2022-02-18,46614,112569,49101908,36765447
2022-02-19,52524,100329,49154432,36865776
2022-02-20,31411,40361,49185843,36906137
2022-02-21,37884,89644,49223727,36995781
2022-02-22,37217,83770,49260944,37079551
2022-02-23,33387,79403,49294331,37158954
2022-02-24,32549,78159,49326880,37237113
2022-02-25,34755,90708,49361635,37327821
2022-02-26,39151,89131,49400786,37416952
2022-02-27,22541,35856,49423327,37452808
2022-02-28,28472,81688,49451799,37534496
2022-03-01,22716,53940,49474515,37588436
2022-03-02,21993,50627,49496508,37639063
2022-03-03,22608,54939,49519116,37694002
2022-03-04,23222,62792,49542338,37756794
2022-03-05,23792,57952,49566130,37814746
2022-03-06,9470,17200,49575600,37831946
2022-03-07,15908,51386,49591508,37883332
2022-03-08,15470,48793,49606978,37932125
2022-03-09,13809,46514,49620787,37978639
2022-03-10,14043,52115,49634830,38030754
2022-03-11,15578,57257,49650408,38088011
2022-03-12,15497,56614,49665905,38144625
2022-03-13,5544,16849,49671449,38161474
2022-03-14,10521,46694,49681970,38208168
2022-03-15,10536,46890,49692506,38255058
2022-03-16,9476,41975,49701982,38297033
2022-03-17,9708,44871,49711690,38341904
2022-03-18,10154,49052,49721844,38390956
2022-03-19,9146,46530,49730990,38437486
2022-03-20,2607,11700,49733597,38449186
2022-03-21,7577,40223,49741174,38489409
2022-03-22,8446,37754,49749620,38527163
2022-03-23,7210,33699,49756830,38560862
2022-03-24,8254,38797,49765084,38599659
2022-03-25,8131,43661,49773215,38643320
2022-03-26,8124,41721,49781339,38685041
2022-03-27,2429,9681,49783768,38694722
2022-03-28,6104,35234,49789872,38729956
2022-03-29,5773,32524,49795645,38762480
2022-03-30,5560,30199,49801205,38792679
2022-03-31,5887,33176,49807092,38825855
2022-04-01,4345,25187,49811437,38851042
2022-04-02,4490,23275,49815927,38874317
2022-04-03,1049,4499,49816976,38878816
2022-04-04,3654,21533,49820630,38900349
2022-04-05,3753,22926,49824383,38923275
2022-04-06,4098,21848,49828481,38945123
2022-04-07,3964,23320,49832445,38968443
2022-04-08,4688,26709,49837133,38995152
2022-04-09,4381,23883,49841514,39019035
2022-04-10,891,4614,49842405,39023649
2022-04-11,3813,22685,49846218,39046334
2022-04-12,3358,21778,49849576,39068112
2022-04-13,3561,21333,49853137,39089445
2022-04-14,3485,23782,49856622,39113227
2022-04-15,3081,20616,49859703,39133843
2022-04-16,2149,11919,49861852,39145762
2022-04-17,63,348,49861915,39146110
2022-04-18,149,650,49862064,39146760
2022-04-19,3493,21978,49865557,39168738
2022-04-20,3505,20248,49869062,39188986
2022-04-21,2841,19780,49871903,39208766
2022-04-22,2925,20696,49874828,39229462
2022-04-23,2638,16212,49877466,39245674
2022-04-24,509,2335,49877975,39248009
2022-04-25,183,1165,49878158,39249174
2022-04-26,2758,17797,49880916,39266971
2022-04-27,2371,15785,49883287,39282756
2022-04-28,2356,15553,49885643,39298309
2022-04-29,2292,14835,49887935,39313144
2022-04-30,2121,11577,49890056,39324721
2022-05-01,113,530,49890169,39325251
2022-05-02,1451,9386,49891620,39334637
2022-05-03,1574,10310,49893194,39344947
2022-05-04,1746,10258,49894940,39355205
2022-05-05,1651,10277,49896591,39365482
2022-05-06,1700,10946,49898291,39376428
2022-05-07,1431,8562,49899722,39384990
2022-05-08,404,1514,49900126,39386504
2022-05-09,1026,8918,49901152,39395422
2022-05-10,1422,9540,49902574,39404962
2022-05-11,1482,10089,49904056,39415051
2022-05-12,1367,10119,49905423,39425170
2022-05-13,1588,10510,49907011,39435680
2022-05-14,1356,8228,49908367,39443908
2022-05-15,336,1129,49908703,39445037
2022-05-16,811,8392,49909514,39453429
2022-05-17,1243,8674,49910757,39462103
2022-05-18,1372,9221,49912129,39471324
2022-05-19,1500,9270,49913629,39480594
2022-05-20,1421,9495,49915050,39490089
2022-05-21,1299,7892,49916349,39497981
2022-05-22,231,1012,49916580,39498993
2022-05-23,827,8265,49917407,39507258
2022-05-24,1071,8668,49918478,39515926
2022-05-25,1367,9446,49919845,39525372
2022-05-26,1194,9454,49921039,39534826
2022-05-27,1226,9910,49922265,39544736
2022-05-28,1203,7873,49923468,39552609
2022-05-29,286,1264,49923754,39553873
2022-05-30,930,8028,49924684,39561901
2022-05-31,1033,8532,49925717,39570433
2022-06-01,891,7644,49926608,39578077
2022-06-02,35,474,49926643,39578551
2022-06-03,816,7328,49927459,39585879
2022-06-04,870,5155,49928329,39591034
2022-06-05,89,586,49928418,39591620
2022-06-06,675,6984,49929093,39598604
2022-06-07,932,7842,49930025,39606446
2022-06-08,982,7900,49931007,39614346
2022-06-09,1036,8400,49932043,39622746
2022-06-10,957,8552,49933000,39631298
2022-06-11,900,6206,49933900,39637504
2022-06-12,140,767,49934040,39638271
2022-06-13,603,6295,49934643,39644566
2022-06-14,826,7882,49935469,39652448
2022-06-15,954,7843,49936423,39660291
2022-06-16,729,7389,49937152,39667680
2022-06-17,720,7240,49937872,39674920
2022-06-18,777,5588,49938649,39680508
2022-06-19,47,522,49938696,39681030
2022-06-20,588,6694,49939284,39687724
2022-06-21,733,7652,49940017,39695376
2022-06-22,780,7305,49940797,39702681
2022-06-23,651,7459,49941448,39710140
2022-06-24,642,7473,49942090,39717613
2022-06-25,835,6532,49942925,39724145
2022-06-26,128,523,49943053,39724668
2022-06-27,532,7120,49943585,39731788
2022-06-28,746,8192,49944331,39739980
2022-06-29,756,7720,49945087,39747700
2022-06-30,744,8132,49945831,39755832
2022-07-01,576,6438,49946407,39762270
2022-07-02,536,4766,49946943,39767036
2022-07-03,49,456,49946992,39767492
2022-07-04,470,6274,49947462,39773766
2022-07-05,628,8112,49948090,39781878
2022-07-06,630,7606,49948720,39789484
2022-07-07,568,8261,49949288,39797745
2022-07-08,670,8078,49949958,39805823
2022-07-09,550,6103,49950508,39811926
2022-07-10,58,533,49950566,39812459
2022-07-11,487,7639,49951053,39820098
2022-07-12,664,9026,49951717,39829124
2022-07-13,639,10060,49952356,39839184
2022-07-14,636,10219,49952992,39849403
2022-07-15,623,10664,49953615,39860067
2022-07-16,522,7209,49954137,39867276
2022-07-17,48,769,49954185,39868045
2022-07-18,497,9350,49954682,39877395
2022-07-19,574,10652,49955256,39888047
2022-07-20,576,11258,49955832,39899305
2022-07-21,625,12040,49956457,39911345
2022-07-22,582,11227,49957039,39922572
2022-07-23,379,6743,49957418,39929315
2022-07-24,76,834,49957494,39930149
2022-07-25,501,9033,49957995,39939182
2022-07-26,519,9728,49958514,39948910
2022-07-27,549,10155,49959063,39959065
2022-07-28,527,10482,49959590,39969547
2022-07-29,510,9424,49960100,39978971
2022-07-30,380,5852,49960480,39984823
2022-07-31,49,745,49960529,39985568
2022-08-01,386,6823,49960915,39992391
2022-08-02,539,7518,49961454,39999909
2022-08-03,511,7143,49961965,40007052
2022-08-04,452,7427,49962417,40014479
2022-08-05,417,6486,49962834,40020965
2022-08-06,298,3582,49963132,40024547
2022-08-07,44,551,49963176,40025098
2022-08-08,401,4874,49963577,40029972
2022-08-09,383,5267,49963960,40035239
2022-08-10,376,4788,49964336,40040027
2022-08-11,364,4756,49964700,40044783
2022-08-12,288,3700,49964988,40048483
2022-08-13,143,1596,49965131,40050079
2022-08-14,9,128,49965140,40050207
2022-08-15,1,26,49965141,40050233
2022-08-16,283,3026,49965424,40053259
2022-08-17,351,3513,49965775,40056772
2022-08-18,388,4142,49966163,40060914
2022-08-19,341,3305,49966504,40064219
2022-08-20,182,1710,49966686,40065929
2022-08-21,24,146,49966710,40066075
2022-08-22,329,2935,49967039,40069010
2022-08-23,371,3648,49967410,40072658
2022-08-24,381,3332,49967791,40075990
2022-08-25,419,3731,49968210,40079721
2022-08-26,394,3545,49968604,40083266
2022-08-27,235,1767,49968839,40085033
2022-08-28,29,260,49968868,40085293
2022-08-29,353,3138,49969221,40088431
2022-08-30,401,3636,49969622,40092067
2022-08-31,434,3703,49970056,40095770
2022-09-01,352,3070,49970408,40098840
2022-09-02,292,2866,49970700,40101706
2022-09-03,199,1683,49970899,40103389
2022-09-04,22,147,49970921,40103536
2022-09-05,186,2625,49971107,40106161
2022-09-06,301,2961,49971408,40109122
2022-09-07,538,2907,49971946,40112029
2022-09-08,288,2942,49972234,40114971
2022-09-09,297,2848,49972531,40117819
2022-09-10,226,1324,49972757,40119143
2022-09-11,21,123,49972778,40119266
2022-09-12,264,2210,49973042,40121476
2022-09-13,245,2245,49973287,40123721
2022-09-14,258,2530,49973545,40126251
2022-09-15,275,2445,49973820,40128696
2022-09-16,251,2480,49974071,40131176
2022-09-17,237,1317,49974308,40132493
2022-09-18,19,170,49974327,40132663
2022-09-19,206,1963,49974533,40134626
2022-09-20,232,2362,49974765,40136988
2022-09-21,288,2503,49975053,40139491
2022-09-22,258,2582,49975311,40142073
2022-09-23,244,2258,49975555,40144331
2022-09-24,195,1423,49975750,40145754
2022-09-25,28,134,49975778,40145888
2022-09-26,269,2216,49976047,40148104
2022-09-27,281,2570,49976328,40150674
2022-09-28,299,2792,49976627,40153466
2022-09-29,239,2725,49976866,40156191
2022-09-30,256,2474,49977122,40158665
2022-10-01,176,1319,49977298,40159984
2022-10-02,10,158,49977308,40160142
2022-10-03,165,2151,49977473,40162293