data_somministrazione,vaccinazioni,booster,cum_vaccinazioni,cum_booster
2020-12-27,20,0,20,0
2020-12-28,2,0,22,0
2020-12-29,1,0,23,0
2020-12-30,6,0,29,0
2020-12-31,69,0,98,0
2021-01-01,22,0,120,0
2021-01-02,108,0,228,0
2021-01-03,81,0,309,0
2021-01-04,203,0,512,0
2021-01-05,239,0,751,0
2021-01-06,202,0,953,0
2021-01-07,294,0,1247,0
2021-01-08,337,0,1584,0
2021-01-09,250,0,1834,0
2021-01-10,147,0,1981,0
2021-01-11,271,0,2252,0
2021-01-12,266,0,2518,0
2021-01-13,390,0,2908,0
2021-01-14,477,0,3385,0
2021-01-15,299,0,3684,0
2021-01-16,207,0,3891,0
2021-01-17,3058,0,6949,0
2021-01-18,5209,0,12158,0
2021-01-19,1892,0,14050,0
2021-01-20,4654,0,18704,0
2021-01-21,19996,0,38700,0
2021-01-22,14200,0,52900,0
2021-01-23,33330,0,86230,0
2021-01-24,30786,0,117016,0
2021-01-25,64724,0,181740,0
2021-01-26,76497,0,258237,0
2021-01-27,64834,0,323071,0
2021-01-28,89285,0,412356,0
2021-01-29,94020,0,506376,0
2021-01-30,86563,0,592939,0
2021-01-31,57332,0,650271,0
2021-02-01,81866,0,732137,0
2021-02-02,82144,0,814281,0
2021-02-03,91189,0,905470,0
2021-02-04,95397,0,1000867,0
2021-02-05,90273,0,1091140,0
2021-02-06,63448,0,1154588,0
2021-02-07,32928,0,1187516,0
2021-02-08,40430,0,1227946,0
2021-02-09,32865,0,1260811,0
2021-02-10,28421,0,1289232,0
2021-02-11,20393,0,1309625,0
2021-02-12,16230,0,1325855,0
2021-02-13,7255,0,1333110,0
2021-02-14,2861,0,1335971,0
2021-02-15,6838,0,1342809,0
2021-02-16,6994,0,1349803,0
2021-02-17,10520,0,1360323,0
2021-02-18,9248,0,1369571,0
2021-02-19,8242,0,1377813,0
2021-02-20,5549,0,1383362,0
2021-02-21,2990,0,1386352,0
2021-02-22,6882,0,1393234,0
2021-02-23,7165,0,1400399,0
2021-02-24,9825,0,1410224,0
2021-02-25,14204,0,1424428,0
2021-02-26,17555,0,1441983,0
2021-02-27,13905,0,1455888,0
2021-02-28,9384,0,1465272,0
2021-03-01,26507,0,1491779,0
2021-03-02,33237,0,1525016,0
2021-03-03,44640,0,1569656,0
2021-03-04,50288,0,1619944,0
2021-03-05,55734,0,1675678,0
2021-03-06,41877,0,1717555,0
2021-03-07,22324,0,1739879,0
2021-03-08,50796,0,1790675,0
2021-03-09,53063,0,1843738,0
2021-03-10,58630,0,1902368,0
2021-03-11,63844,0,1966212,0
2021-03-12,65101,0,2031313,0
2021-03-13,51709,0,2083022,0
2021-03-14,35389,0,2118411,0
2021-03-15,73430,0,2191841,0
2021-03-16,74023,0,2265864,0
2021-03-17,83130,0,2348994,0
2021-03-18,81623,0,2430617,0
2021-03-19,81078,0,2511695,0
2021-03-20,64713,0,2576408,0
2021-03-21,47289,0,2623697,0
2021-03-22,69471,0,2693168,0
2021-03-23,75782,0,2768950,0
2021-03-24,90895,0,2859845,0
2021-03-25,89787,0,2949632,0
2021-03-26,83607,0,3033239,0
2021-03-27,71927,0,3105166,0
2021-03-28,44133,0,3149299,0
2021-03-29,70813,0,3220112,0
2021-03-30,81369,0,3301481,0
2021-03-31,96219,0,3397700,0
2021-04-01,95296,0,3492996,0
2021-04-02,84063,0,3577059,0
2021-04-03,64294,0,3641353,0
2021-04-04,21717,0,3663070,0
2021-04-05,40299,0,3703369,0
2021-04-06,81306,0,3784675,0
2021-04-07,95815,0,3880490,0
2021-04-08,95226,0,3975716,0
2021-04-09,88485,0,4064201,0
2021-04-10,74030,0,4138231,0
2021-04-11,44757,0,4182988,0
2021-04-12,66909,0,4249897,0
2021-04-13,72565,0,4322462,0
2021-04-14,85524,0,4407986,0
2021-04-15,105405,0,4513391,0
2021-04-16,106413,0,4619804,0
2021-04-17,90495,0,4710299,0
2021-04-18,58581,0,4768880,0
2021-04-19,93422,0,4862302,0
2021-04-20,103758,0,4966060,0
2021-04-21,125332,0,5091392,0
2021-04-22,143500,0,5234892,0
2021-04-23,138722,0,5373614,0
2021-04-24,124437,0,5498051,0
2021-04-25,61452,0,5559503,0
2021-04-26,97878,0,5657381,0
2021-04-27,128353,0,5785734,0
2021-04-28,156351,0,5942085,0
2021-04-29,195581,0,6137666,0
2021-04-30,214554,0,6352220,0
2021-05-01,174092,0,6526312,0
2021-05-02,135797,0,6662109,0
2021-05-03,142008,0,6804117,0
2021-05-04,158680,0,6962797,0
2021-05-05,170472,0,7133269,0
2021-05-06,197789,0,7331058,0
2021-05-07,213818,0,7544876,0
2021-05-08,213388,0,7758264,0
2021-05-09,143195,0,7901459,0
2021-05-10,165083,0,8066542,0
2021-05-11,174966,0,8241508,0
2021-05-12,179164,0,8420672,0
2021-05-13,203367,0,8624039,0
2021-05-14,222893,0,8846932,0
2021-05-15,210345,0,9057277,0
2021-05-16,159268,0,9216545,0
2021-05-17,219181,0,9435726,0
2021-05-18,213002,0,9648728,0
2021-05-19,207064,0,9855792,0
2021-05-20,270836,0,10126628,0
2021-05-21,270864,0,10397492,0
2021-05-22,245517,0,10643009,0
2021-05-23,197171,0,10840180,0
2021-05-24,228296,0,11068476,0
2021-05-25,245688,0,11314164,0
2021-05-26,277478,0,11591642,0
2021-05-27,311074,0,11902716,0
2021-05-28,299560,0,12202276,0
2021-05-29,231205,0,12433481,0
2021-05-30,170828,0,12604309,0
2021-05-31,216412,0,12820721,0
2021-06-01,207624,0,13028345,0
2021-06-02,115778,0,13144123,0
2021-06-03,180119,0,13324242,0
2021-06-04,184859,0,13509101,0
2021-06-05,185939,0,13695040,0
2021-06-06,139523,0,13834563,0
2021-06-07,161849,0,13996412,0
2021-06-08,171177,0,14167589,0
2021-06-09,171444,0,14339033,0
2021-06-10,174057,0,14513090,0
2021-06-11,169947,0,14683037,0
2021-06-12,128315,0,14811352,0
2021-06-13,91151,0,14902503,0
2021-06-14,214653,0,15117156,0
2021-06-15,228395,0,15345551,0
2021-06-16,253043,0,15598594,0
2021-06-17,301710,0,15900304,0
2021-06-18,306268,0,16206572,0
2021-06-19,275064,0,16481636,0
2021-06-20,220734,0,16702370,0
2021-06-21,288051,0,16990421,0
2021-06-22,296187,0,17286608,0
2021-06-23,302664,0,17589272,0
2021-06-24,332559,0,17921831,0
2021-06-25,348687,0,18270518,0
2021-06-26,300085,0,18570603,0
2021-06-27,228618,0,18799221,0
2021-06-28,307049,0,19106270,0
2021-06-29,329245,0,19435515,0
2021-06-30,342114,0,19777629,0
2021-07-01,363167,0,20140796,0
2021-07-02,368432,0,20509228,0
2021-07-03,371068,0,20880296,0
2021-07-04,283196,0,21163492,0
2021-07-05,384505,0,21547997,0
2021-07-06,385430,0,21933427,0
2021-07-07,412071,0,22345498,0
2021-07-08,479610,0,22825108,0
2021-07-09,498476,0,23323584,0
2021-07-10,475174,0,23798758,0
2021-07-11,357691,0,24156449,0
2021-07-12,485891,0,24642340,0
2021-07-13,492135,0,25134475,0
2021-07-14,480468,0,25614943,0
2021-07-15,523467,0,26138410,0
2021-07-16,509771,0,26648181,0
2021-07-17,464352,0,27112533,0
2021-07-18,364681,0,27477214,0
2021-07-19,463066,0,27940280,0
2021-07-20,458079,0,28398359,0
2021-07-21,462804,0,28861163,0
2021-07-22,475394,0,29336557,0
2021-07-23,441296,0,29777853,0
2021-07-24,386177,0,30164030,0
2021-07-25,287578,0,30451608,0
2021-07-26,430872,0,30882480,0
2021-07-27,440118,0,31322598,0
2021-07-28,391006,0,31713604,0
2021-07-29,372074,0,32085678,0
2021-07-30,341510,0,32427188,0
2021-07-31,287022,0,32714210,0
2021-08-01,191013,0,32905223,0
2021-08-02,333726,0,33238949,0
2021-08-03,323184,0,33562133,0
2021-08-04,310967,0,33873100,0
2021-08-05,292502,0,34165602,0
2021-08-06,260005,0,34425607,0
2021-08-07,199049,0,34624656,0
2021-08-08,153105,0,34777761,0
2021-08-09,234072,0,35011833,0
2021-08-10,205243,0,35217076,0
2021-08-11,193757,0,35410833,0
2021-08-12,167994,0,35578827,0
2021-08-13,148601,0,35727428,0
2021-08-14,66089,0,35793517,0
2021-08-15,26336,0,35819853,0
2021-08-16,114682,0,35934535,0
2021-08-17,129241,0,36063776,0
2021-08-18,128744,0,36192520,0
2021-08-19,124797,0,36317317,0
2021-08-20,123794,0,36441111,0
2021-08-21,83121,0,36524232,0
2021-08-22,68167,0,36592399,0
2021-08-23,176869,0,36769268,0
2021-08-24,156903,0,36926171,0
2021-08-25,177168,0,37103339,0
2021-08-26,172345,0,37275684,0
2021-08-27,185837,0,37461521,0
2021-08-28,140268,0,37601789,0
2021-08-29,98995,0,37700784,0
2021-08-30,209625,0,37910409,0
2021-08-31,194633,0,38105042,0
2021-09-01,192215,0,38297257,0
2021-09-02,189937,0,38487194,0
2021-09-03,191330,0,38678524,0
2021-09-04,131473,0,38809997,0
2021-09-05,87867,0,38897864,0
2021-09-06,193644,0,39091508,0
2021-09-07,196050,0,39287558,0
2021-09-08,187901,0,39475459,0
2021-09-09,201463,0,39676922,0
2021-09-10,198098,0,39875020,0
2021-09-11,141319,0,40016339,0
2021-09-12,89600,0,40105939,0
2021-09-13,191158,561,40297097,561
2021-09-14,177255,580,40474352,1141
2021-09-15,163111,591,40637463,1732
2021-09-16,160090,932,40797553,2664
2021-09-17,150175,1116,40947728,3780
2021-09-18,127976,743,41075704,4523
2021-09-19,81131,497,41156835,5020
2021-09-20,180077,9077,41336912,14097
2021-09-21,166639,8832,41503551,22929
2021-09-22,159083,9440,41662634,32369
2021-09-23,138080,9328,41800714,41697
2021-09-24,140535,8962,41941249,50659
2021-09-25,119555,5639,42060804,56298
2021-09-26,71960,4341,42132764,60639
2021-09-27,135644,10049,42268408,70688
2021-09-28,117496,11387,42385904,82075
2021-09-29,112339,11827,42498243,93902
2021-09-30,110230,14953,42608473,108855
2021-10-01,94977,19109,42703450,127964
2021-10-02,78489,14016,42781939,141980
2021-10-03,47740,7657,42829679,149637
2021-10-04,88375,34448,42918054,184085
2021-10-05,80367,33972,42998421,218057
2021-10-06,71985,34163,43070406,252220
2021-10-07,71855,34349,43142261,286569
2021-10-08,80625,33590,43222886,320159
2021-10-09,76103,22171,43298989,342330
2021-10-10,45774,13618,43344763,355948
2021-10-11,87418,41108,43432181,397056
2021-10-12,84493,46903,43516674,443959
2021-10-13,88193,52117,43604867,496076
2021-10-14,91531,58512,43696398,554588
2021-10-15,93598,55630,43789996,610218
2021-10-16,82965,36783,43872961,647001
2021-10-17,51467,23827,43924428,670828
2021-10-18,90301,59482,44014729,730310
2021-10-19,78344,69374,44093073,799684
2021-10-20,75073,78166,44168146,877850
2021-10-21,78298,81754,44246444,959604
2021-10-22,73787,77023,44320231,1036627
2021-10-23,60818,51956,44381049,1088583
2021-10-24,33377,23457,44414426,1112040
2021-10-25,64908,81622,44479334,1193662
2021-10-26,58375,91780,44537709,1285442
2021-10-27,58328,103971,44596037,1389413
2021-10-28,61466,114102,44657503,1503515
2021-10-29,61655,103115,44719158,1606630
2021-10-30,50672,68116,44769830,1674746
2021-10-31,25162,28291,44794992,1703037
2021-11-01,19048,28147,44814040,1731184
2021-11-02,62760,89375,44876800,1820559
2021-11-03,60733,118655,44937533,1939214
2021-11-04,59241,126665,44996774,2065879
2021-11-05,63095,135172,45059869,2201051
2021-11-06,46475,90925,45106344,2291976
2021-11-07,22251,37895,45128595,2329871
2021-11-08,51528,131264,45180123,2461135
2021-11-09,45401,144200,45225524,2605335
2021-11-10,42583,156343,45268107,2761678
2021-11-11,44933,155132,45313040,2916810
2021-11-12,46370,158576,45359410,3075386
2021-11-13,33253,116650,45392663,3192036
2021-11-14,14483,52444,45407146,3244480
2021-11-15,36893,157425,45444039,3401905
2021-11-16,30549,171375,45474588,3573280
2021-11-17,28451,178434,45503039,3751714
2021-11-18,30283,193716,45533322,3945430
2021-11-19,28800,205851,45562122,4151281
2021-11-20,20992,156437,45583114,4307718
2021-11-21,10609,64858,45593723,4372576
2021-11-22,21934,213139,45615657,4585715
2021-11-23,23574,241743,45639231,4827458
2021-11-24,27841,270946,45667072,5098404
2021-11-25,23233,301905,45690305,5400309
2021-11-26,24585,318264,45714890,5718573
2021-11-27,21381,266149,45736271,5984722
2021-11-28,9897,137057,45746168,6121779
2021-11-29,22324,326063,45768492,6447842
2021-11-30,23088,365823,45791580,6813665
2021-12-01,21523,413498,45813103,7227163
2021-12-02,23763,440376,45836866,7667539
2021-12-03,25252,467457,45862118,8134996
2021-12-04,22361,418730,45884479,8553726
2021-12-05,11924,261329,45896403,8815055
2021-12-06,25820,457564,45922223,9272619
2021-12-07,24128,480250,45946351,9752869
2021-12-08,10002,249684,45956353,10002553
2021-12-09,31577,491908,45987930,10494461
2021-12-10,28064,517863,46015994,11012324
2021-12-11,23559,459242,46039553,11471566
2021-12-12,12304,293492,46051857,11765058
2021-12-13,26149,467618,46078006,12232676
2021-12-14,25170,494187,46103176,12726863
2021-12-15,25333,517128,46128509,13243991
2021-12-16,27879,520235,46156388,13764226
2021-12-17,29359,517157,46185747,14281383
2021-12-18,27050,468713,46212797,14750096
2021-12-19,15138,300514,46227935,15050610
2021-12-20,30615,477478,46258550,15528088
2021-12-21,30364,493376,46288914,16021464
2021-12-22,29436,484701,46318350,16506165
2021-12-23,28236,426891,46346586,16933056
2021-12-24,13112,210822,46359698,17143878
2021-12-25,2101,33053,46361799,17176931
2021-12-26,8759,159066,46370558,17335997
2021-12-27,46781,504651,46417339,17840648
2021-12-28,42438,554205,46459777,18394853
2021-12-29,34339,550632,46494116,18945485
2021-12-30,31820,499819,46525936,19445304
2021-12-31,14114,247389,46540050,19692693
2022-01-01,3494,64814,46543544,19757507
2022-01-02,22756,276718,46566300,20034225
2022-01-03,47838,520004,46614138,20554229
2022-01-04,46338,572076,46660476,21126305
2022-01-05,40722,560393,46701198,21686698
2022-01-06,23469,274482,46724667,21961180
2022-01-07,63675,554179,46788342,22515359
2022-01-08,60821,503373,46849163,23018732
2022-01-09,42817,319683,46891980,23338415
2022-01-10,61048,542279,46953028,23880694
2022-01-11,61686,586979,47014714,24467673
2022-01-12,58407,581272,47073121,25048945
2022-01-13,58583,580371,47131704,25629316
2022-01-14,46748,588557,47178452,26217873
2022-01-15,39358,569932,47217810,26787805
2022-01-16,31175,341847,47248985,27129652
2022-01-17,54749,489647,47303734,27619299
2022-01-18,58362,517007,47362096,28136306
2022-01-19,57164,502775,47419260,28639081
2022-01-20,54316,498811,47473576,29137892
2022-01-21,42055,493861,47515631,29631753
2022-01-22,31152,469589,47546783,30101342
2022-01-23,34914,275359,47581697,30376701
2022-01-24,56156,437204,47637853,30813905
2022-01-25,61530,452090,47699383,31265995
2022-01-26,58519,435818,47757902,31701813
2022-01-27,48809,432351,47806711,32134164
2022-01-28,58672,436528,47865383,32570692
2022-01-29,68106,412482,47933489,32983174
2022-01-30,50358,235962,47983847,33219136
2022-01-31,60603,356920,48044450,33576056
2022-02-01,65525,328434,48109975,33904490
2022-02-02,63169,296966,48173144,34201456
2022-02-03,60038,274512,48233182,34475968
2022-02-04,72359,268449,48305541,34744417
2022-02-05,83745,248528,48389286,34992945
2022-02-06,55274,116199,48444560,35109144
2022-02-07,65122,199933,48509682,35309077
2022-02-08,66917,186105,48576599,35495182
2022-02-09,58748,166333,48635347,35661515
2022-02-10,58548,163232,48693895,35824747
2022-02-11,62228,162454,48756123,35987201
2022-02-12,71961,152135,48828084,36139336
2022-02-13,41467,68846,48869551,36208182
2022-02-14,46677,116187,48916228,36324369
2022-02-15,48517,123477,48964745,36447846
2022-02-16,45667,106114,49010412,36553960
2022-02-17,42850,98102,49053262,36652062
2022-02-18,46607,112568,49099869,36764630
2022-02-19,52519,100324,49152388,36864954
2022-02-20,31409,40357,49183797,36905311
2022-02-21,37884,89641,49221681,36994952
2022-02-22,37214,83770,49258895,37078722
2022-02-23,33382,79403,49292277,37158125
2022-02-24,32550,78157,49324827,37236282
2022-02-25,34751,90707,49359578,37326989
2022-02-26,39151,89131,49398729,37416120
2022-02-27,22540,35855,49421269,37451975
2022-02-28,28471,81683,49449740,37533658
2022-03-01,22709,53938,49472449,37587596
2022-03-02,21991,50625,49494440,37638221
2022-03-03,22604,54940,49517044,37693161
2022-03-04,23215,62792,49540259,37755953
2022-03-05,23789,57951,49564048,37813904
2022-03-06,9470,17200,49573518,37831104
2022-03-07,15903,51385,49589421,37882489
2022-03-08,15466,48793,49604887,37931282
2022-03-09,13807,46513,49618694,37977795
2022-03-10,14040,52115,49632734,38029910
2022-03-11,15571,57253,49648305,38087163
2022-03-12,15491,56614,49663796,38143777
2022-03-13,5542,16849,49669338,38160626
2022-03-14,10518,46692,49679856,38207318
2022-03-15,10535,46888,49690391,38254206
2022-03-16,9473,41975,49699864,38296181
2022-03-17,9705,44874,49709569,38341055
2022-03-18,10151,49053,49719720,38390108
2022-03-19,9146,46529,49728866,38436637
2022-03-20,2607,11700,49731473,38448337
2022-03-21,7576,40221,49739049,38488558
2022-03-22,8444,37751,49747493,38526309
2022-03-23,7209,33699,49754702,38560008
2022-03-24,8251,38797,49762953,38598805
2022-03-25,8130,43659,49771083,38642464
2022-03-26,8121,41720,49779204,38684184
2022-03-27,2429,9681,49781633,38693865
2022-03-28,6102,35231,49787735,38729096
2022-03-29,5773,32525,49793508,38761621
2022-03-30,5557,30196,49799065,38791817
2022-03-31,5887,33176,49804952,38824993
2022-04-01,4342,25187,49809294,38850180
2022-04-02,4488,23274,49813782,38873454
2022-04-03,1049,4499,49814831,38877953
2022-04-04,3654,21532,49818485,38899485
2022-04-05,3750,22924,49822235,38922409
2022-04-06,4098,21846,49826333,38944255
2022-04-07,3960,23320,49830293,38967575
2022-04-08,4688,26708,49834981,38994283
2022-04-09,4377,23884,49839358,39018167
2022-04-10,892,4614,49840250,39022781
2022-04-11,3812,22684,49844062,39045465
2022-04-12,3356,21779,49847418,39067244
2022-04-13,3560,21332,49850978,39088576
2022-04-14,3482,23775,49854460,39112351
2022-04-15,3079,20618,49857539,39132969
2022-04-16,2148,11919,49859687,39144888
2022-04-17,63,348,49859750,39145236
2022-04-18,149,650,49859899,39145886
2022-04-19,3491,21977,49863390,39167863
2022-04-20,3502,20248,49866892,39188111
2022-04-21,2840,19781,49869732,39207892
2022-04-22,2921,20696,49872653,39228588
2022-04-23,2638,16212,49875291,39244800
2022-04-24,509,2335,49875800,39247135
2022-04-25,183,1165,49875983,39248300
2022-04-26,2760,17791,49878743,39266091
2022-04-27,2368,15785,49881111,39281876
2022-04-28,2355,15553,49883466,39297429
2022-04-29,2292,14835,49885758,39312264
2022-04-30,2121,11576,49887879,39323840
2022-05-01,113,530,49887992,39324370
2022-05-02,1447,9385,49889439,39333755
2022-05-03,1573,10310,49891012,39344065
2022-05-04,1746,10257,49892758,39354322
2022-05-05,1650,10273,49894408,39364595
2022-05-06,1698,10945,49896106,39375540
2022-05-07,1431,8562,49897537,39384102
2022-05-08,404,1514,49897941,39385616
2022-05-09,1024,8917,49898965,39394533
2022-05-10,1422,9539,49900387,39404072
2022-05-11,1481,10088,49901868,39414160
2022-05-12,1368,10118,49903236,39424278
2022-05-13,1588,10510,49904824,39434788
2022-05-14,1357,8227,49906181,39443015
2022-05-15,336,1129,49906517,39444144
2022-05-16,812,8388,49907329,39452532
2022-05-17,1242,8673,49908571,39461205
2022-05-18,1369,9216,49909940,39470421
2022-05-19,1498,9269,49911438,39479690
2022-05-20,1419,9495,49912857,39489185
2022-05-21,1299,7892,49914156,39497077
2022-05-22,231,1012,49914387,39498089
2022-05-23,826,8261,49915213,39506350
2022-05-24,1070,8666,49916283,39515016
2022-05-25,1366,9445,49917649,39524461
2022-05-26,1193,9455,49918842,39533916
2022-05-27,1225,9911,49920067,39543827
2022-05-28,1202,7873,49921269,39551700
2022-05-29,285,1264,49921554,39552964
2022-05-30,930,8026,49922484,39560990
2022-05-31,1033,8531,49923517,39569521
2022-06-01,891,7644,49924408,39577165
2022-06-02,35,474,49924443,39577639
2022-06-03,814,7328,49925257,39584967
2022-06-04,870,5155,49926127,39590122
2022-06-05,89,586,49926216,39590708
2022-06-06,672,6984,49926888,39597692
2022-06-07,931,7842,49927819,39605534
2022-06-08,982,7900,49928801,39613434
2022-06-09,1034,8400,49929835,39621834
2022-06-10,957,8550,49930792,39630384
2022-06-11,900,6206,49931692,39636590
2022-06-12,140,767,49931832,39637357
2022-06-13,603,6295,49932435,39643652
2022-06-14,826,7881,49933261,39651533
2022-06-15,953,7843,49934214,39659376
2022-06-16,728,7389,49934942,39666765
2022-06-17,720,7239,49935662,39674004
2022-06-18,777,5588,49936439,39679592
2022-06-19,47,522,49936486,39680114
2022-06-20,588,6694,49937074,39686808
2022-06-21,733,7646,49937807,39694454
2022-06-22,780,7305,49938587,39701759
2022-06-23,649,7459,49939236,39709218
2022-06-24,642,7473,49939878,39716691
2022-06-25,835,6532,49940713,39723223
2022-06-26,128,523,49940841,39723746
2022-06-27,532,7120,49941373,39730866
2022-06-28,745,8209,49942118,39739075
2022-06-29,754,7719,49942872,39746794
2022-06-30,744,8132,49943616,39754926
2022-07-01,576,6437,49944192,39761363
2022-07-02,536,4765,49944728,39766128
2022-07-03,49,456,49944777,39766584
2022-07-04,470,6273,49945247,39772857
2022-07-05,627,8112,49945874,39780969
2022-07-06,629,7606,49946503,39788575
2022-07-07,567,8256,49947070,39796831
2022-07-08,670,8078,49947740,39804909
2022-07-09,549,6103,49948289,39811012
2022-07-10,58,533,49948347,39811545
2022-07-11,487,7638,49948834,39819183
2022-07-12,663,9003,49949497,39828186
2022-07-13,639,10058,49950136,39838244
2022-07-14,636,10223,49950772,39848467
2022-07-15,623,10664,49951395,39859131
2022-07-16,521,7208,49951916,39866339
2022-07-17,48,769,49951964,39867108
2022-07-18,497,9348,49952461,39876456
2022-07-19,574,10649,49953035,39887105
2022-07-20,576,11257,49953611,39898362
2022-07-21,625,12035,49954236,39910397
2022-07-22,581,11225,49954817,39921622
2022-07-23,379,6740,49955196,39928362
2022-07-24,76,834,49955272,39929196
2022-07-25,501,9031,49955773,39938227
2022-07-26,519,9724,49956292,39947951
2022-07-27,546,10152,49956838,39958103
2022-07-28,527,10479,49957365,39968582
2022-07-29,511,9421,49957876,39978003
2022-07-30,380,5851,49958256,39983854
2022-07-31,49,745,49958305,39984599
2022-08-01,386,6823,49958691,39991422
2022-08-02,539,7515,49959230,39998937
2022-08-03,510,7141,49959740,40006078
2022-08-04,451,7422,49960191,40013500
2022-08-05,415,6481,49960606,40019981
2022-08-06,297,3580,49960903,40023561
2022-08-07,44,551,49960947,40024112
2022-08-08,396,4873,49961343,40028985
2022-08-09,382,5267,49961725,40034252
2022-08-10,374,4783,49962099,40039035
2022-08-11,364,4756,49962463,40043791
2022-08-12,287,3700,49962750,40047491
2022-08-13,143,1595,49962893,40049086
2022-08-14,9,128,49962902,40049214
2022-08-15,1,26,49962903,40049240
2022-08-16,281,3023,49963184,40052263
2022-08-17,351,3513,49963535,40055776
2022-08-18,385,4142,49963920,40059918
2022-08-19,338,3306,49964258,40063224
2022-08-20,182,1711,49964440,40064935
2022-08-21,24,146,49964464,40065081
2022-08-22,326,2929,49964790,40068010
2022-08-23,371,3645,49965161,40071655
2022-08-24,381,3332,49965542,40074987
2022-08-25,417,3721,49965959,40078708
2022-08-26,393,3541,49966352,40082249
2022-08-27,234,1767,49966586,40084016
2022-08-28,29,260,49966615,40084276
2022-08-29,353,3133,49966968,40087409
2022-08-30,399,3635,49967367,40091044
2022-08-31,430,3698,49967797,40094742
2022-09-01,351,3059,49968148,40097801
2022-09-02,289,2862,49968437,40100663
2022-09-03,197,1683,49968634,40102346
2022-09-04,22,147,49968656,40102493
2022-09-05,185,2619,49968841,40105112
2022-09-06,299,2945,49969140,40108057
2022-09-07,535,2887,49969675,40110944
2022-09-08,281,2925,49969956,40113869
2022-09-09,296,2821,49970252,40116690
2022-09-10,225,1323,49970477,40118013
2022-09-11,21,122,49970498,40118135
2022-09-12,265,2098,49970763,40120233
2022-09-13,242,2068,49971005,40122301
2022-09-14,242,1956,49971247,40124257
2022-09-15,264,1816,49971511,40126073
2022-09-16,225,1674,49971736,40127747
2022-09-17,233,694,49971969,40128441