data_somministrazione,vaccinazioni,booster,cum_vaccinazioni,cum_booster
2020-12-27,18,0,18,0
2020-12-28,2,0,20,0
2020-12-29,1,0,21,0
2020-12-30,6,0,27,0
2020-12-31,54,0,81,0
2021-01-01,20,0,101,0
2021-01-02,90,0,191,0
2021-01-03,70,0,261,0
2021-01-04,184,0,445,0
2021-01-05,227,0,672,0
2021-01-06,178,0,850,0
2021-01-07,267,0,1117,0
2021-01-08,313,0,1430,0
2021-01-09,234,0,1664,0
2021-01-10,139,0,1803,0
2021-01-11,257,0,2060,0
2021-01-12,259,0,2319,0
2021-01-13,372,0,2691,0
2021-01-14,461,0,3152,0
2021-01-15,284,0,3436,0
2021-01-16,200,0,3636,0
2021-01-17,3055,0,6691,0
2021-01-18,5206,0,11897,0
2021-01-19,1890,0,13787,0
2021-01-20,4651,0,18438,0
2021-01-21,20008,0,38446,0
2021-01-22,14201,0,52647,0
2021-01-23,33341,0,85988,0
2021-01-24,30794,0,116782,0
2021-01-25,64744,0,181526,0
2021-01-26,76508,0,258034,0
2021-01-27,64853,0,322887,0
2021-01-28,89312,0,412199,0
2021-01-29,94045,0,506244,0
2021-01-30,86584,0,592828,0
2021-01-31,57345,0,650173,0
2021-02-01,81880,0,732053,0
2021-02-02,82149,0,814202,0
2021-02-03,91201,0,905403,0
2021-02-04,95406,0,1000809,0
2021-02-05,90292,0,1091101,0
2021-02-06,63451,0,1154552,0
2021-02-07,32925,0,1187477,0
2021-02-08,40432,0,1227909,0
2021-02-09,32864,0,1260773,0
2021-02-10,28413,0,1289186,0
2021-02-11,20380,0,1309566,0
2021-02-12,16220,0,1325786,0
2021-02-13,7244,0,1333030,0
2021-02-14,2861,0,1335891,0
2021-02-15,6835,0,1342726,0
2021-02-16,6990,0,1349716,0
2021-02-17,10517,0,1360233,0
2021-02-18,9242,0,1369475,0
2021-02-19,8231,0,1377706,0
2021-02-20,5532,0,1383238,0
2021-02-21,2976,0,1386214,0
2021-02-22,6877,0,1393091,0
2021-02-23,7154,0,1400245,0
2021-02-24,9822,0,1410067,0
2021-02-25,14199,0,1424266,0
2021-02-26,17547,0,1441813,0
2021-02-27,13894,0,1455707,0
2021-02-28,9384,0,1465091,0
2021-03-01,26505,0,1491596,0
2021-03-02,33231,0,1524827,0
2021-03-03,44643,0,1569470,0
2021-03-04,50287,0,1619757,0
2021-03-05,55735,0,1675492,0
2021-03-06,41870,0,1717362,0
2021-03-07,22319,0,1739681,0
2021-03-08,50787,0,1790468,0
2021-03-09,53056,0,1843524,0
2021-03-10,58619,0,1902143,0
2021-03-11,63824,0,1965967,0
2021-03-12,65087,0,2031054,0
2021-03-13,51697,0,2082751,0
2021-03-14,35382,0,2118133,0
2021-03-15,73422,0,2191555,0
2021-03-16,74021,0,2265576,0
2021-03-17,83128,0,2348704,0
2021-03-18,81618,0,2430322,0
2021-03-19,81079,0,2511401,0
2021-03-20,64700,0,2576101,0
2021-03-21,47284,0,2623385,0
2021-03-22,69467,0,2692852,0
2021-03-23,75775,0,2768627,0
2021-03-24,90879,0,2859506,0
2021-03-25,89776,0,2949282,0
2021-03-26,83590,0,3032872,0
2021-03-27,71904,0,3104776,0
2021-03-28,44115,0,3148891,0
2021-03-29,70796,0,3219687,0
2021-03-30,81346,0,3301033,0
2021-03-31,96203,0,3397236,0
2021-04-01,95288,0,3492524,0
2021-04-02,84062,0,3576586,0
2021-04-03,64294,0,3640880,0
2021-04-04,21715,0,3662595,0
2021-04-05,40294,0,3702889,0
2021-04-06,81290,0,3784179,0
2021-04-07,95793,0,3879972,0
2021-04-08,95219,0,3975191,0
2021-04-09,88467,0,4063658,0
2021-04-10,74018,0,4137676,0
2021-04-11,44743,0,4182419,0
2021-04-12,66900,0,4249319,0
2021-04-13,72551,0,4321870,0
2021-04-14,85513,0,4407383,0
2021-04-15,105395,0,4512778,0
2021-04-16,106404,0,4619182,0
2021-04-17,90477,0,4709659,0
2021-04-18,58580,0,4768239,0
2021-04-19,93427,0,4861666,0
2021-04-20,103757,0,4965423,0
2021-04-21,125320,0,5090743,0
2021-04-22,143500,0,5234243,0
2021-04-23,138705,0,5372948,0
2021-04-24,124428,0,5497376,0
2021-04-25,61448,0,5558824,0
2021-04-26,97869,0,5656693,0
2021-04-27,128345,0,5785038,0
2021-04-28,156347,0,5941385,0
2021-04-29,195568,0,6136953,0
2021-04-30,214549,0,6351502,0
2021-05-01,174084,0,6525586,0
2021-05-02,135786,0,6661372,0
2021-05-03,141991,0,6803363,0
2021-05-04,158675,0,6962038,0
2021-05-05,170460,0,7132498,0
2021-05-06,197782,0,7330280,0
2021-05-07,213796,0,7544076,0
2021-05-08,213368,0,7757444,0
2021-05-09,143189,0,7900633,0
2021-05-10,165066,0,8065699,0
2021-05-11,174941,0,8240640,0
2021-05-12,179127,0,8419767,0
2021-05-13,203342,0,8623109,0
2021-05-14,222880,0,8845989,0
2021-05-15,210321,0,9056310,0
2021-05-16,159250,0,9215560,0
2021-05-17,219167,0,9434727,0
2021-05-18,212989,0,9647716,0
2021-05-19,207050,0,9854766,0
2021-05-20,270832,0,10125598,0
2021-05-21,270844,0,10396442,0
2021-05-22,245506,0,10641948,0
2021-05-23,197167,0,10839115,0
2021-05-24,228279,0,11067394,0
2021-05-25,245672,0,11313066,0
2021-05-26,277472,0,11590538,0
2021-05-27,311064,0,11901602,0
2021-05-28,299543,0,12201145,0
2021-05-29,231184,0,12432329,0
2021-05-30,170808,0,12603137,0
2021-05-31,216387,0,12819524,0
2021-06-01,207619,0,13027143,0
2021-06-02,115755,0,13142898,0
2021-06-03,180078,0,13322976,0
2021-06-04,184823,0,13507799,0
2021-06-05,185900,0,13693699,0
2021-06-06,139488,0,13833187,0
2021-06-07,161799,0,13994986,0
2021-06-08,171129,0,14166115,0
2021-06-09,171388,0,14337503,0
2021-06-10,173997,0,14511500,0
2021-06-11,169902,0,14681402,0
2021-06-12,128282,0,14809684,0
2021-06-13,91114,0,14900798,0
2021-06-14,214620,0,15115418,0
2021-06-15,228351,0,15343769,0
2021-06-16,253013,0,15596782,0
2021-06-17,301676,0,15898458,0
2021-06-18,306230,0,16204688,0
2021-06-19,275027,0,16479715,0
2021-06-20,220703,0,16700418,0
2021-06-21,288013,0,16988431,0
2021-06-22,296165,0,17284596,0
2021-06-23,302651,0,17587247,0
2021-06-24,332534,0,17919781,0
2021-06-25,348679,0,18268460,0
2021-06-26,300075,0,18568535,0
2021-06-27,228599,0,18797134,0
2021-06-28,307013,0,19104147,0
2021-06-29,329206,0,19433353,0
2021-06-30,342076,0,19775429,0
2021-07-01,363133,0,20138562,0
2021-07-02,368419,0,20506981,0
2021-07-03,371054,0,20878035,0
2021-07-04,283184,0,21161219,0
2021-07-05,384494,0,21545713,0
2021-07-06,385421,0,21931134,0
2021-07-07,412048,0,22343182,0
2021-07-08,479632,0,22822814,0
2021-07-09,498506,0,23321320,0
2021-07-10,475180,0,23796500,0
2021-07-11,357705,0,24154205,0
2021-07-12,485921,0,24640126,0
2021-07-13,492157,0,25132283,0
2021-07-14,480486,0,25612769,0
2021-07-15,523520,0,26136289,0
2021-07-16,509794,0,26646083,0
2021-07-17,464378,0,27110461,0
2021-07-18,364708,0,27475169,0
2021-07-19,463085,0,27938254,0
2021-07-20,458100,0,28396354,0
2021-07-21,462822,0,28859176,0
2021-07-22,475400,0,29334576,0
2021-07-23,441312,0,29775888,0
2021-07-24,386190,0,30162078,0
2021-07-25,287612,0,30449690,0
2021-07-26,430908,0,30880598,0
2021-07-27,440132,0,31320730,0
2021-07-28,391024,0,31711754,0
2021-07-29,372085,0,32083839,0
2021-07-30,341489,0,32425328,0
2021-07-31,286998,0,32712326,0
2021-08-01,191017,0,32903343,0
2021-08-02,333725,0,33237068,0
2021-08-03,323183,0,33560251,0
2021-08-04,310966,0,33871217,0
2021-08-05,292515,0,34163732,0
2021-08-06,259991,0,34423723,0
2021-08-07,199035,0,34622758,0
2021-08-08,153103,0,34775861,0
2021-08-09,234069,0,35009930,0
2021-08-10,205241,0,35215171,0
2021-08-11,193739,0,35408910,0
2021-08-12,167952,0,35576862,0
2021-08-13,148580,0,35725442,0
2021-08-14,66081,0,35791523,0
2021-08-15,26330,0,35817853,0
2021-08-16,114665,0,35932518,0
2021-08-17,129233,0,36061751,0
2021-08-18,128723,0,36190474,0
2021-08-19,124775,0,36315249,0
2021-08-20,123779,0,36439028,0
2021-08-21,83105,0,36522133,0
2021-08-22,68162,0,36590295,0
2021-08-23,176868,0,36767163,0
2021-08-24,156897,0,36924060,0
2021-08-25,177162,0,37101222,0
2021-08-26,172346,0,37273568,0
2021-08-27,185858,0,37459426,0
2021-08-28,140266,0,37599692,0
2021-08-29,99009,0,37698701,0
2021-08-30,209638,0,37908339,0
2021-08-31,194625,0,38102964,0
2021-09-01,192213,0,38295177,0
2021-09-02,189938,0,38485115,0
2021-09-03,191355,0,38676470,0
2021-09-04,131491,0,38807961,0
2021-09-05,87877,0,38895838,0
2021-09-06,193665,0,39089503,0
2021-09-07,196077,0,39285580,0
2021-09-08,187916,0,39473496,0
2021-09-09,201482,0,39674978,0
2021-09-10,198121,0,39873099,0
2021-09-11,141336,0,40014435,0
2021-09-12,89606,0,40104041,0
2021-09-13,191190,520,40295231,520
2021-09-14,177277,553,40472508,1073
2021-09-15,163129,559,40635637,1632
2021-09-16,160101,901,40795738,2533
2021-09-17,150173,1095,40945911,3628
2021-09-18,127978,717,41073889,4345
2021-09-19,81132,482,41155021,4827
2021-09-20,180081,9051,41335102,13878
2021-09-21,166617,8817,41501719,22695
2021-09-22,159072,9417,41660791,32112
2021-09-23,138069,9308,41798860,41420
2021-09-24,140530,8942,41939390,50362
2021-09-25,119539,5624,42058929,55986
2021-09-26,71946,4333,42130875,60319
2021-09-27,135625,10032,42266500,70351
2021-09-28,117477,11370,42383977,81721
2021-09-29,112312,11820,42496289,93541
2021-09-30,110217,14929,42606506,108470
2021-10-01,94965,19097,42701471,127567
2021-10-02,78462,14010,42779933,141577
2021-10-03,47716,7651,42827649,149228
2021-10-04,88371,34436,42916020,183664
2021-10-05,80354,33963,42996374,217627
2021-10-06,71971,34149,43068345,251776
2021-10-07,71842,34336,43140187,286112
2021-10-08,80614,33582,43220801,319694
2021-10-09,76092,22160,43296893,341854
2021-10-10,45770,13610,43342663,355464
2021-10-11,87395,41094,43430058,396558
2021-10-12,84483,46884,43514541,443442
2021-10-13,88182,52098,43602723,495540
2021-10-14,91519,58488,43694242,554028
2021-10-15,93580,55605,43787822,609633
2021-10-16,82952,36770,43870774,646403
2021-10-17,51456,23820,43922230,670223
2021-10-18,90288,59468,44012518,729691
2021-10-19,78334,69364,44090852,799055
2021-10-20,75075,78145,44165927,877200
2021-10-21,78307,81736,44244234,958936
2021-10-22,73796,77006,44318030,1035942
2021-10-23,60812,51945,44378842,1087887
2021-10-24,33383,23440,44412225,1111327
2021-10-25,64903,81614,44477128,1192941
2021-10-26,58369,91767,44535497,1284708
2021-10-27,58328,103953,44593825,1388661
2021-10-28,61465,114093,44655290,1502754
2021-10-29,61666,103096,44716956,1605850
2021-10-30,50673,68106,44767629,1673956
2021-10-31,25168,28280,44792797,1702236
2021-11-01,19048,28145,44811845,1730381
2021-11-02,62775,89356,44874620,1819737
2021-11-03,60732,118653,44935352,1938390
2021-11-04,59245,126648,44994597,2065038
2021-11-05,63097,135163,45057694,2200201
2021-11-06,46470,90920,45104164,2291121
2021-11-07,22253,37892,45126417,2329013
2021-11-08,51525,131252,45177942,2460265
2021-11-09,45402,144183,45223344,2604448
2021-11-10,42575,156339,45265919,2760787
2021-11-11,44932,155127,45310851,2915914
2021-11-12,46367,158558,45357218,3074472
2021-11-13,33254,116639,45390472,3191111
2021-11-14,14477,52445,45404949,3243556
2021-11-15,36895,157411,45441844,3400967
2021-11-16,30541,171366,45472385,3572333
2021-11-17,28442,178425,45500827,3750758
2021-11-18,30275,193706,45531102,3944464
2021-11-19,28787,205839,45559889,4150303
2021-11-20,20986,156433,45580875,4306736
2021-11-21,10603,64854,45591478,4371590
2021-11-22,21920,213137,45613398,4584727
2021-11-23,23556,241734,45636954,4826461
2021-11-24,27823,270932,45664777,5097393
2021-11-25,23219,301891,45687996,5399284
2021-11-26,24559,318255,45712555,5717539
2021-11-27,21363,266145,45733918,5983684
2021-11-28,9888,137052,45743806,6120736
2021-11-29,22306,326055,45766112,6446791
2021-11-30,23067,365815,45789179,6812606
2021-12-01,21502,413488,45810681,7226094
2021-12-02,23740,440379,45834421,7666473
2021-12-03,25207,467445,45859628,8133918
2021-12-04,22330,418719,45881958,8552637
2021-12-05,11901,261329,45893859,8813966
2021-12-06,25790,457552,45919649,9271518
2021-12-07,24096,480236,45943745,9751754
2021-12-08,9983,249674,45953728,10001428
2021-12-09,31537,491907,45985265,10493335
2021-12-10,28028,517850,46013293,11011185
2021-12-11,23532,459236,46036825,11470421
2021-12-12,12285,293489,46049110,11763910
2021-12-13,26119,467610,46075229,12231520
2021-12-14,25139,494179,46100368,12725699
2021-12-15,25291,517123,46125659,13242822
2021-12-16,27842,520227,46153501,13763049
2021-12-17,29308,517148,46182809,14280197
2021-12-18,26998,468706,46209807,14748903
2021-12-19,15118,300508,46224925,15049411
2021-12-20,30584,477457,46255509,15526868
2021-12-21,30319,493363,46285828,16020231
2021-12-22,29398,484688,46315226,16504919
2021-12-23,28185,426886,46343411,16931805
2021-12-24,13098,210815,46356509,17142620
2021-12-25,2101,33052,46358610,17175672
2021-12-26,8745,159062,46367355,17334734
2021-12-27,46714,504639,46414069,17839373
2021-12-28,42389,554184,46456458,18393557
2021-12-29,34247,550627,46490705,18944184
2021-12-30,31757,499808,46522462,19443992
2021-12-31,14080,247390,46536542,19691382
2022-01-01,3488,64811,46540030,19756193
2022-01-02,22701,276716,46562731,20032909
2022-01-03,47707,520006,46610438,20552915
2022-01-04,46212,572062,46656650,21124977
2022-01-05,40610,560372,46697260,21685349
2022-01-06,23402,274477,46720662,21959826
2022-01-07,63523,554175,46784185,22514001
2022-01-08,60674,503366,46844859,23017367
2022-01-09,42689,319681,46887548,23337048
2022-01-10,60921,542263,46948469,23879311
2022-01-11,61533,586976,47010002,24466287
2022-01-12,58271,581267,47068273,25047554
2022-01-13,58414,580364,47126687,25627918
2022-01-14,46596,588549,47173283,26216467
2022-01-15,39134,569928,47212417,26786395
2022-01-16,31053,341845,47243470,27128240
2022-01-17,54631,489639,47298101,27617879
2022-01-18,58249,516999,47356350,28134878
2022-01-19,57068,502773,47413418,28637651
2022-01-20,54206,498802,47467624,29136453
2022-01-21,41919,493856,47509543,29630309
2022-01-22,31021,469583,47540564,30099892
2022-01-23,34824,275359,47575388,30375251
2022-01-24,56084,437203,47631472,30812454
2022-01-25,61448,452076,47692920,31264530
2022-01-26,58440,435806,47751360,31700336
2022-01-27,48755,432348,47800115,32132684
2022-01-28,58565,436518,47858680,32569202
2022-01-29,68000,412470,47926680,32981672
2022-01-30,50298,235960,47976978,33217632
2022-01-31,60492,356914,48037470,33574546
2022-02-01,65438,328420,48102908,33902966
2022-02-02,63093,296950,48166001,34199916
2022-02-03,59969,274507,48225970,34474423
2022-02-04,72284,268434,48298254,34742857
2022-02-05,83672,248519,48381926,34991376
2022-02-06,55227,116191,48437153,35107567
2022-02-07,65078,199924,48502231,35307491
2022-02-08,66868,186100,48569099,35493591
2022-02-09,58695,166326,48627794,35659917
2022-02-10,58489,163228,48686283,35823145
2022-02-11,62172,162447,48748455,35985592
2022-02-12,71914,152133,48820369,36137725
2022-02-13,41444,68848,48861813,36206573
2022-02-14,46634,116180,48908447,36322753
2022-02-15,48475,123477,48956922,36446230
2022-02-16,45634,106106,49002556,36552336
2022-02-17,42832,98097,49045388,36650433
2022-02-18,46574,112565,49091962,36762998
2022-02-19,52498,100325,49144460,36863323
2022-02-20,31405,40357,49175865,36903680
2022-02-21,37874,89637,49213739,36993317
2022-02-22,37183,83763,49250922,37077080
2022-02-23,33364,79401,49284286,37156481
2022-02-24,32536,78159,49316822,37234640
2022-02-25,34734,90701,49351556,37325341
2022-02-26,39132,89131,49390688,37414472
2022-02-27,22536,35855,49413224,37450327
2022-02-28,28454,81688,49441678,37532015
2022-03-01,22680,53932,49464358,37585947
2022-03-02,21977,50625,49486335,37636572
2022-03-03,22586,54939,49508921,37691511
2022-03-04,23201,62788,49532122,37754299
2022-03-05,23765,57949,49555887,37812248
2022-03-06,9468,17199,49565355,37829447
2022-03-07,15888,51387,49581243,37880834
2022-03-08,15435,48796,49596678,37929630
2022-03-09,13788,46511,49610466,37976141
2022-03-10,14016,52116,49624482,38028257
2022-03-11,15549,57246,49640031,38085503
2022-03-12,15479,56610,49655510,38142113
2022-03-13,5540,16848,49661050,38158961
2022-03-14,10513,46690,49671563,38205651
2022-03-15,10523,46892,49682086,38252543
2022-03-16,9463,41975,49691549,38294518
2022-03-17,9693,44875,49701242,38339393
2022-03-18,10145,49046,49711387,38388439
2022-03-19,9139,46531,49720526,38434970
2022-03-20,2603,11699,49723129,38446669
2022-03-21,7565,40220,49730694,38486889
2022-03-22,8431,37744,49739125,38524633
2022-03-23,7201,33695,49746326,38558328
2022-03-24,8239,38793,49754565,38597121
2022-03-25,8111,43660,49762676,38640781
2022-03-26,8118,41716,49770794,38682497
2022-03-27,2425,9683,49773219,38692180
2022-03-28,6093,35228,49779312,38727408
2022-03-29,5771,32522,49785083,38759930
2022-03-30,5550,30193,49790633,38790123
2022-03-31,5875,33167,49796508,38823290
2022-04-01,4339,25178,49800847,38848468
2022-04-02,4485,23270,49805332,38871738
2022-04-03,1045,4499,49806377,38876237
2022-04-04,3648,21532,49810025,38897769
2022-04-05,3743,22922,49813768,38920691
2022-04-06,4093,21837,49817861,38942528
2022-04-07,3948,23318,49821809,38965846
2022-04-08,4681,26707,49826490,38992553
2022-04-09,4373,23883,49830863,39016436
2022-04-10,892,4614,49831755,39021050
2022-04-11,3798,22681,49835553,39043731
2022-04-12,3351,21774,49838904,39065505
2022-04-13,3552,21334,49842456,39086839
2022-04-14,3477,23772,49845933,39110611
2022-04-15,3075,20613,49849008,39131224
2022-04-16,2145,11920,49851153,39143144
2022-04-17,63,348,49851216,39143492
2022-04-18,148,650,49851364,39144142
2022-04-19,3480,21976,49854844,39166118
2022-04-20,3491,20249,49858335,39186367
2022-04-21,2835,19774,49861170,39206141
2022-04-22,2912,20695,49864082,39226836
2022-04-23,2634,16205,49866716,39243041
2022-04-24,509,2335,49867225,39245376
2022-04-25,183,1165,49867408,39246541
2022-04-26,2757,17790,49870165,39264331
2022-04-27,2362,15777,49872527,39280108
2022-04-28,2345,15533,49874872,39295641
2022-04-29,2287,14831,49877159,39310472
2022-04-30,2116,11577,49879275,39322049
2022-05-01,113,530,49879388,39322579
2022-05-02,1443,9380,49880831,39331959
2022-05-03,1569,10307,49882400,39342266
2022-05-04,1744,10254,49884144,39352520
2022-05-05,1647,10273,49885791,39362793
2022-05-06,1693,10943,49887484,39373736
2022-05-07,1431,8561,49888915,39382297
2022-05-08,404,1514,49889319,39383811
2022-05-09,1023,8915,49890342,39392726
2022-05-10,1418,9536,49891760,39402262
2022-05-11,1476,10087,49893236,39412349
2022-05-12,1362,10119,49894598,39422468
2022-05-13,1587,10505,49896185,39432973
2022-05-14,1355,8226,49897540,39441199
2022-05-15,336,1129,49897876,39442328
2022-05-16,809,8388,49898685,39450716
2022-05-17,1239,8665,49899924,39459381
2022-05-18,1368,9208,49901292,39468589
2022-05-19,1496,9266,49902788,39477855
2022-05-20,1419,9488,49904207,39487343
2022-05-21,1299,7891,49905506,39495234
2022-05-22,232,1012,49905738,39496246
2022-05-23,824,8259,49906562,39504505
2022-05-24,1069,8663,49907631,39513168
2022-05-25,1363,9443,49908994,39522611
2022-05-26,1192,9452,49910186,39532063
2022-05-27,1223,9908,49911409,39541971
2022-05-28,1201,7874,49912610,39549845
2022-05-29,285,1263,49912895,39551108
2022-05-30,926,8023,49913821,39559131
2022-05-31,1032,8529,49914853,39567660
2022-06-01,890,7643,49915743,39575303
2022-06-02,34,474,49915777,39575777
2022-06-03,811,7327,49916588,39583104
2022-06-04,869,5155,49917457,39588259
2022-06-05,89,586,49917546,39588845
2022-06-06,670,6964,49918216,39595809
2022-06-07,928,7841,49919144,39603650
2022-06-08,978,7895,49920122,39611545
2022-06-09,1031,8398,49921153,39619943
2022-06-10,949,8534,49922102,39628477
2022-06-11,897,6208,49922999,39634685
2022-06-12,140,767,49923139,39635452
2022-06-13,601,6292,49923740,39641744
2022-06-14,824,7878,49924564,39649622
2022-06-15,949,7842,49925513,39657464
2022-06-16,726,7382,49926239,39664846
2022-06-17,715,7232,49926954,39672078
2022-06-18,777,5620,49927731,39677698
2022-06-19,47,522,49927778,39678220
2022-06-20,587,6694,49928365,39684914
2022-06-21,730,7636,49929095,39692550
2022-06-22,775,7299,49929870,39699849
2022-06-23,646,7455,49930516,39707304
2022-06-24,640,7465,49931156,39714769
2022-06-25,835,6531,49931991,39721300
2022-06-26,128,523,49932119,39721823
2022-06-27,530,7113,49932649,39728936
2022-06-28,743,8207,49933392,39737143
2022-06-29,754,7711,49934146,39744854
2022-06-30,741,8128,49934887,39752982
2022-07-01,576,6435,49935463,39759417
2022-07-02,536,4763,49935999,39764180
2022-07-03,49,456,49936048,39764636
2022-07-04,467,6260,49936515,39770896
2022-07-05,618,8104,49937133,39779000
2022-07-06,623,7589,49937756,39786589
2022-07-07,561,8244,49938317,39794833
2022-07-08,667,8067,49938984,39802900
2022-07-09,549,6149,49939533,39809049
2022-07-10,58,533,49939591,39809582
2022-07-11,473,7624,49940064,39817206
2022-07-12,650,8964,49940714,39826170
2022-07-13,624,10054,49941338,39836224
2022-07-14,618,10178,49941956,39846402
2022-07-15,615,10614,49942571,39857016
2022-07-16,511,7218,49943082,39864234
2022-07-17,48,767,49943130,39865001
2022-07-18,493,9324,49943623,39874325
2022-07-19,557,10608,49944180,39884933
2022-07-20,556,11201,49944736,39896134
2022-07-21,617,11952,49945353,39908086
2022-07-22,563,11167,49945916,39919253
2022-07-23,375,6724,49946291,39925977
2022-07-24,75,834,49946366,39926811
2022-07-25,490,9006,49946856,39935817
2022-07-26,513,9668,49947369,39945485
2022-07-27,523,10022,49947892,39955507
2022-07-28,517,10319,49948409,39965826
2022-07-29,497,9249,49948906,39975075
2022-07-30,376,5775,49949282,39980850
2022-07-31,49,735,49949331,39981585
2022-08-01,379,6737,49949710,39988322
2022-08-02,572,7134,49950282,39995456