data_somministrazione,vaccinazioni,booster,cum_vaccinazioni,cum_booster
2020-12-27,16,0,16,0
2020-12-28,2,0,18,0
2020-12-29,1,0,19,0
2020-12-30,3,0,22,0
2020-12-31,34,0,56,0
2021-01-01,12,0,68,0
2021-01-02,54,0,122,0
2021-01-03,46,0,168,0
2021-01-04,124,0,292,0
2021-01-05,165,0,457,0
2021-01-06,135,0,592,0
2021-01-07,203,0,795,0
2021-01-08,247,0,1042,0
2021-01-09,174,0,1216,0
2021-01-10,110,0,1326,0
2021-01-11,200,0,1526,0
2021-01-12,208,0,1734,0
2021-01-13,314,0,2048,0
2021-01-14,414,0,2462,0
2021-01-15,253,0,2715,0
2021-01-16,168,0,2883,0
2021-01-17,3050,0,5933,0
2021-01-18,5186,0,11119,0
2021-01-19,1876,0,12995,0
2021-01-20,4650,0,17645,0
2021-01-21,20006,0,37651,0
2021-01-22,14197,0,51848,0
2021-01-23,33358,0,85206,0
2021-01-24,30793,0,115999,0
2021-01-25,64777,0,180776,0
2021-01-26,76552,0,257328,0
2021-01-27,64881,0,322209,0
2021-01-28,89344,0,411553,0
2021-01-29,94076,0,505629,0
2021-01-30,86620,0,592249,0
2021-01-31,57355,0,649604,0
2021-02-01,81910,0,731514,0
2021-02-02,82171,0,813685,0
2021-02-03,91218,0,904903,0
2021-02-04,95385,0,1000288,0
2021-02-05,90296,0,1090584,0
2021-02-06,63733,0,1154317,0
2021-02-07,32919,0,1187236,0
2021-02-08,40416,0,1227652,0
2021-02-09,32845,0,1260497,0
2021-02-10,28387,0,1288884,0
2021-02-11,20356,0,1309240,0
2021-02-12,16181,0,1325421,0
2021-02-13,7217,0,1332638,0
2021-02-14,2856,0,1335494,0
2021-02-15,6823,0,1342317,0
2021-02-16,6974,0,1349291,0
2021-02-17,10497,0,1359788,0
2021-02-18,9218,0,1369006,0
2021-02-19,8173,0,1377179,0
2021-02-20,5475,0,1382654,0
2021-02-21,2948,0,1385602,0
2021-02-22,6838,0,1392440,0
2021-02-23,7107,0,1399547,0
2021-02-24,9792,0,1409339,0
2021-02-25,14172,0,1423511,0
2021-02-26,17491,0,1441002,0
2021-02-27,13856,0,1454858,0
2021-02-28,9345,0,1464203,0
2021-03-01,26446,0,1490649,0
2021-03-02,33172,0,1523821,0
2021-03-03,44600,0,1568421,0
2021-03-04,50206,0,1618627,0
2021-03-05,55630,0,1674257,0
2021-03-06,41841,0,1716098,0
2021-03-07,22290,0,1738388,0
2021-03-08,50530,0,1788918,0
2021-03-09,52911,0,1841829,0
2021-03-10,58528,0,1900357,0
2021-03-11,63745,0,1964102,0
2021-03-12,65013,0,2029115,0
2021-03-13,51650,0,2080765,0
2021-03-14,35345,0,2116110,0
2021-03-15,73364,0,2189474,0
2021-03-16,73987,0,2263461,0
2021-03-17,83001,0,2346462,0
2021-03-18,81586,0,2428048,0
2021-03-19,81022,0,2509070,0
2021-03-20,64641,0,2573711,0
2021-03-21,47247,0,2620958,0
2021-03-22,69403,0,2690361,0
2021-03-23,75695,0,2766056,0
2021-03-24,90777,0,2856833,0
2021-03-25,89703,0,2946536,0
2021-03-26,83491,0,3030027,0
2021-03-27,71818,0,3101845,0
2021-03-28,44036,0,3145881,0
2021-03-29,70688,0,3216569,0
2021-03-30,81245,0,3297814,0
2021-03-31,96087,0,3393901,0
2021-04-01,95197,0,3489098,0
2021-04-02,83979,0,3573077,0
2021-04-03,64246,0,3637323,0
2021-04-04,21689,0,3659012,0
2021-04-05,40257,0,3699269,0
2021-04-06,81221,0,3780490,0
2021-04-07,95719,0,3876209,0
2021-04-08,95147,0,3971356,0
2021-04-09,88385,0,4059741,0
2021-04-10,73944,0,4133685,0
2021-04-11,44700,0,4178385,0
2021-04-12,66836,0,4245221,0
2021-04-13,72494,0,4317715,0
2021-04-14,85418,0,4403133,0
2021-04-15,105295,0,4508428,0
2021-04-16,106305,0,4614733,0
2021-04-17,90396,0,4705129,0
2021-04-18,58529,0,4763658,0
2021-04-19,93381,0,4857039,0
2021-04-20,103686,0,4960725,0
2021-04-21,125266,0,5085991,0
2021-04-22,143416,0,5229407,0
2021-04-23,138608,0,5368015,0
2021-04-24,124344,0,5492359,0
2021-04-25,61385,0,5553744,0
2021-04-26,97792,0,5651536,0
2021-04-27,128262,0,5779798,0
2021-04-28,156238,0,5936036,0
2021-04-29,195413,0,6131449,0
2021-04-30,214412,0,6345861,0
2021-05-01,173989,0,6519850,0
2021-05-02,135729,0,6655579,0
2021-05-03,141891,0,6797470,0
2021-05-04,158584,0,6956054,0
2021-05-05,170346,0,7126400,0
2021-05-06,197679,0,7324079,0
2021-05-07,213662,0,7537741,0
2021-05-08,213280,0,7751021,0
2021-05-09,143073,0,7894094,0
2021-05-10,164984,0,8059078,0
2021-05-11,174803,0,8233881,0
2021-05-12,178965,0,8412846,0
2021-05-13,203166,0,8616012,0
2021-05-14,222737,0,8838749,0
2021-05-15,210157,0,9048906,0
2021-05-16,159150,0,9208056,0
2021-05-17,219071,0,9427127,0
2021-05-18,212871,0,9639998,0
2021-05-19,206920,0,9846918,0
2021-05-20,270658,0,10117576,0
2021-05-21,270685,0,10388261,0
2021-05-22,245395,0,10633656,0
2021-05-23,197106,0,10830762,0
2021-05-24,228210,0,11058972,0
2021-05-25,245601,0,11304573,0
2021-05-26,277365,0,11581938,0
2021-05-27,310948,0,11892886,0
2021-05-28,299425,0,12192311,0
2021-05-29,231060,0,12423371,0
2021-05-30,170746,0,12594117,0
2021-05-31,216305,0,12810422,0
2021-06-01,207536,0,13017958,0
2021-06-02,115663,0,13133621,0
2021-06-03,179891,0,13313512,0
2021-06-04,184608,0,13498120,0
2021-06-05,185728,0,13683848,0
2021-06-06,139299,0,13823147,0
2021-06-07,161610,0,13984757,0
2021-06-08,170858,0,14155615,0
2021-06-09,171176,0,14326791,0
2021-06-10,173741,0,14500532,0
2021-06-11,169641,0,14670173,0
2021-06-12,128055,0,14798228,0
2021-06-13,91006,0,14889234,0
2021-06-14,214471,0,15103705,0
2021-06-15,228228,0,15331933,0
2021-06-16,252953,0,15584886,0
2021-06-17,301582,0,15886468,0
2021-06-18,306122,0,16192590,0
2021-06-19,275017,0,16467607,0
2021-06-20,220643,0,16688250,0
2021-06-21,287982,0,16976232,0
2021-06-22,296102,0,17272334,0
2021-06-23,302675,0,17575009,0
2021-06-24,332522,0,17907531,0
2021-06-25,348659,0,18256190,0
2021-06-26,300056,0,18556246,0
2021-06-27,228658,0,18784904,0
2021-06-28,306944,0,19091848,0
2021-06-29,329204,0,19421052,0
2021-06-30,342038,0,19763090,0
2021-07-01,363061,0,20126151,0
2021-07-02,368469,0,20494620,0
2021-07-03,371129,0,20865749,0
2021-07-04,283178,0,21148927,0
2021-07-05,384510,0,21533437,0
2021-07-06,385425,0,21918862,0
2021-07-07,412094,0,22330956,0
2021-07-08,479879,0,22810835,0
2021-07-09,498633,0,23309468,0
2021-07-10,475327,0,23784795,0
2021-07-11,357849,0,24142644,0
2021-07-12,486067,0,24628711,0
2021-07-13,492365,0,25121076,0
2021-07-14,480649,0,25601725,0
2021-07-15,523653,0,26125378,0
2021-07-16,509898,0,26635276,0
2021-07-17,464623,0,27099899,0
2021-07-18,364859,0,27464758,0
2021-07-19,463289,0,27928047,0
2021-07-20,458205,0,28386252,0
2021-07-21,462897,0,28849149,0
2021-07-22,475434,0,29324583,0
2021-07-23,441352,0,29765935,0
2021-07-24,386182,0,30152117,0
2021-07-25,287613,0,30439730,0
2021-07-26,430951,0,30870681,0
2021-07-27,440159,0,31310840,0
2021-07-28,391039,0,31701879,0
2021-07-29,372096,0,32073975,0
2021-07-30,341428,0,32415403,0
2021-07-31,286968,0,32702371,0
2021-08-01,190848,0,32893219,0
2021-08-02,333715,0,33226934,0
2021-08-03,323136,0,33550070,0
2021-08-04,310933,0,33861003,0
2021-08-05,292542,0,34153545,0
2021-08-06,259962,0,34413507,0
2021-08-07,198938,0,34612445,0
2021-08-08,153067,0,34765512,0
2021-08-09,234112,0,34999624,0
2021-08-10,205143,0,35204767,0
2021-08-11,193590,0,35398357,0
2021-08-12,167779,0,35566136,0
2021-08-13,148388,0,35714524,0
2021-08-14,65997,0,35780521,0
2021-08-15,26303,0,35806824,0
2021-08-16,114530,0,35921354,0
2021-08-17,129109,0,36050463,0
2021-08-18,128563,0,36179026,0
2021-08-19,124640,0,36303666,0
2021-08-20,123663,0,36427329,0
2021-08-21,83049,0,36510378,0
2021-08-22,68115,0,36578493,0
2021-08-23,176722,0,36755215,0
2021-08-24,156920,0,36912135,0
2021-08-25,177042,0,37089177,0
2021-08-26,172239,0,37261416,0
2021-08-27,185776,0,37447192,0
2021-08-28,140116,0,37587308,0
2021-08-29,98984,0,37686292,0
2021-08-30,209470,0,37895762,0
2021-08-31,194440,0,38090202,0
2021-09-01,192059,0,38282261,0
2021-09-02,189732,0,38471993,0
2021-09-03,191196,0,38663189,0
2021-09-04,131401,0,38794590,0
2021-09-05,87808,0,38882398,0
2021-09-06,193576,0,39075974,0
2021-09-07,195824,0,39271798,0
2021-09-08,187813,0,39459611,0
2021-09-09,201359,0,39660970,0
2021-09-10,197960,0,39858930,0
2021-09-11,141195,0,40000125,0
2021-09-12,89521,0,40089646,0
2021-09-13,191094,347,40280740,347
2021-09-14,177162,422,40457902,769
2021-09-15,162975,455,40620877,1224
2021-09-16,159947,788,40780824,2012
2021-09-17,149972,1006,40930796,3018
2021-09-18,127767,655,41058563,3673
2021-09-19,81032,442,41139595,4115
2021-09-20,179815,8956,41319410,13071
2021-09-21,166356,8729,41485766,21800
2021-09-22,158786,9365,41644552,31165
2021-09-23,137754,9241,41782306,40406
2021-09-24,140237,8862,41922543,49268
2021-09-25,119333,5561,42041876,54829
2021-09-26,71793,4293,42113669,59122
2021-09-27,135351,9977,42249020,69099
2021-09-28,117215,11314,42366235,80413
2021-09-29,112019,11759,42478254,92172
2021-09-30,109952,14853,42588206,107025
2021-10-01,94722,19034,42682928,126059
2021-10-02,78246,13988,42761174,140047
2021-10-03,47567,7632,42808741,147679
2021-10-04,88128,34362,42896869,182041
2021-10-05,80162,33906,42977031,215947
2021-10-06,71767,34077,43048798,250024
2021-10-07,71544,34289,43120342,284313
2021-10-08,80395,33496,43200737,317809
2021-10-09,75851,22111,43276588,339920
2021-10-10,45644,13591,43322232,353511
2021-10-11,87150,41004,43409382,394515
2021-10-12,84245,46798,43493627,441313
2021-10-13,87916,52007,43581543,493320
2021-10-14,91195,58394,43672738,551714
2021-10-15,93246,55483,43765984,607197
2021-10-16,82676,36715,43848660,643912
2021-10-17,51277,23783,43899937,667695
2021-10-18,90089,59336,43990026,727031
2021-10-19,78131,69292,44068157,796323
2021-10-20,74845,78045,44143002,874368
2021-10-21,78089,81606,44221091,955974
2021-10-22,73667,76900,44294758,1032874
2021-10-23,60642,51888,44355400,1084762
2021-10-24,33321,23400,44388721,1108162
2021-10-25,64786,81525,44453507,1189687
2021-10-26,58255,91633,44511762,1281320
2021-10-27,58166,103842,44569928,1385162
2021-10-28,61314,113908,44631242,1499070
2021-10-29,61583,102953,44692825,1602023
2021-10-30,50567,68010,44743392,1670033
2021-10-31,25129,28237,44768521,1698270
2021-11-01,19016,28120,44787537,1726390
2021-11-02,62707,89219,44850244,1815609
2021-11-03,60639,118510,44910883,1934119
2021-11-04,59122,126466,44970005,2060585
2021-11-05,62986,134984,45032991,2195569
2021-11-06,46364,90770,45079355,2286339
2021-11-07,22206,37837,45101561,2324176
2021-11-08,51386,131119,45152947,2455295
2021-11-09,45324,143938,45198271,2599233
2021-11-10,42482,156037,45240753,2755270
2021-11-11,44820,154968,45285573,2910238
2021-11-12,46239,158382,45331812,3068620
2021-11-13,33143,116477,45364955,3185097
2021-11-14,14444,52395,45379399,3237492
2021-11-15,36792,157211,45416191,3394703
2021-11-16,30446,171184,45446637,3565887
2021-11-17,28330,178286,45474967,3744173
2021-11-18,30113,193475,45505080,3937648
2021-11-19,28658,205574,45533738,4143222
2021-11-20,20882,156118,45554620,4299340
2021-11-21,10544,64704,45565164,4364044
2021-11-22,21817,212935,45586981,4576979
2021-11-23,23434,241457,45610415,4818436
2021-11-24,27668,270636,45638083,5089072
2021-11-25,23051,301577,45661134,5390649
2021-11-26,24399,317945,45685533,5708594
2021-11-27,21216,265842,45706749,5974436
2021-11-28,9825,136836,45716574,6111272
2021-11-29,22119,325688,45738693,6436960
2021-11-30,22876,365397,45761569,6802357
2021-12-01,21276,412997,45782845,7215354
2021-12-02,23532,440194,45806377,7655548
2021-12-03,24975,467189,45831352,8122737
2021-12-04,22142,418579,45853494,8541316
2021-12-05,11757,261247,45865251,8802563
2021-12-06,25478,457376,45890729,9259939
2021-12-07,23834,480003,45914563,9739942
2021-12-08,9851,249569,45924414,9989511
2021-12-09,31217,491735,45955631,10481246
2021-12-10,27745,517599,45983376,10998845
2021-12-11,23274,459052,46006650,11457897
2021-12-12,12116,293362,46018766,11751259
2021-12-13,25836,467411,46044602,12218670
2021-12-14,24839,493952,46069441,12712622
2021-12-15,24987,516915,46094428,13229537
2021-12-16,27429,519973,46121857,13749510
2021-12-17,28952,516832,46150809,14266342
2021-12-18,26624,468483,46177433,14734825
2021-12-19,14884,300352,46192317,15035177
2021-12-20,30214,477239,46222531,15512416
2021-12-21,30007,493103,46252538,16005519
2021-12-22,28998,484442,46281536,16489961
2021-12-23,27787,426688,46309323,16916649
2021-12-24,12947,210730,46322270,17127379
2021-12-25,2081,33040,46324351,17160419
2021-12-26,8632,159012,46332983,17319431
2021-12-27,46231,504434,46379214,17823865
2021-12-28,41754,553895,46420968,18377760
2021-12-29,33505,550331,46454473,18928091
2021-12-30,31076,499554,46485549,19427645
2021-12-31,13554,247308,46499103,19674953
2022-01-01,3403,64778,46502506,19739731
2022-01-02,22111,276643,46524617,20016374
2022-01-03,46539,520758,46571156,20537132
2022-01-04,44915,572758,46616071,21109890
2022-01-05,38976,561053,46655047,21670943
2022-01-06,22390,274343,46677437,21945286
2022-01-07,61455,554804,46738892,22500090
2022-01-08,58352,503159,46797244,23003249
2022-01-09,40731,319572,46837975,23322821
2022-01-10,58848,542735,46896823,23865556
2022-01-11,59000,587481,46955823,24453037
2022-01-12,55445,581655,47011268,25034692
2022-01-13,55716,580898,47066984,25615590
2022-01-14,43619,588641,47110603,26204231
2022-01-15,35272,568483,47145875,26772714
2022-01-16,28440,341136,47174315,27113850
2022-01-17,52359,490092,47226674,27603942
2022-01-18,55982,517953,47282656,28121895
2022-01-19,54868,503243,47337524,28625138
2022-01-20,52138,499168,47389662,29124306
2022-01-21,39809,494173,47429471,29618479
2022-01-22,28326,469206,47457797,30087685
2022-01-23,33338,275121,47491135,30362806
2022-01-24,54638,437687,47545773,30800493
2022-01-25,60145,452553,47605918,31253046
2022-01-26,57019,436198,47662937,31689244
2022-01-27,47326,432645,47710263,32121889
2022-01-28,57070,436934,47767333,32558823
2022-01-29,66243,411793,47833576,32970616
2022-01-30,49079,235556,47882655,33206172
2022-01-31,59072,357399,47941727,33563571
2022-02-01,64268,328833,48005995,33892404
2022-02-02,62026,297188,48068021,34189592
2022-02-03,59088,274751,48127109,34464343
2022-02-04,71321,268513,48198430,34732856
2022-02-05,82397,247932,48280827,34980788
2022-02-06,54549,115944,48335376,35096732
2022-02-07,64358,200222,48399734,35296954
2022-02-08,66005,186275,48465739,35483229
2022-02-09,57938,166343,48523677,35649572
2022-02-10,57673,162971,48581350,35812543
2022-02-11,61403,162050,48642753,35974593
2022-02-12,70971,151352,48713724,36125945
2022-02-13,40950,68382,48754674,36194327
2022-02-14,45795,115016,48800469,36309343
2022-02-15,22163,63053,48822632,36372396