data_somministrazione,vaccinazioni,booster,cum_vaccinazioni,cum_booster
2020-12-27,20,0,20,0
2020-12-28,2,0,22,0
2020-12-29,1,0,23,0
2020-12-30,9,0,32,0
2020-12-31,73,0,105,0
2021-01-01,24,0,129,0
2021-01-02,131,0,260,0
2021-01-03,94,0,354,0
2021-01-04,224,0,578,0
2021-01-05,260,0,838,0
2021-01-06,228,0,1066,0
2021-01-07,313,0,1379,0
2021-01-08,359,0,1738,0
2021-01-09,268,0,2006,0
2021-01-10,162,0,2168,0
2021-01-11,291,0,2459,0
2021-01-12,276,0,2735,0
2021-01-13,406,0,3141,0
2021-01-14,489,0,3630,0
2021-01-15,309,0,3939,0
2021-01-16,216,0,4155,0
2021-01-17,3061,0,7216,0
2021-01-18,5215,0,12431,0
2021-01-19,1893,0,14324,0
2021-01-20,4656,0,18980,0
2021-01-21,20009,0,38989,0
2021-01-22,14220,0,53209,0
2021-01-23,33329,0,86538,0
2021-01-24,30781,0,117319,0
2021-01-25,64718,0,182037,0
2021-01-26,76484,0,258521,0
2021-01-27,64824,0,323345,0
2021-01-28,89265,0,412610,0
2021-01-29,94012,0,506622,0
2021-01-30,86549,0,593171,0
2021-01-31,57327,0,650498,0
2021-02-01,81850,0,732348,0
2021-02-02,82139,0,814487,0
2021-02-03,91111,0,905598,0
2021-02-04,95396,0,1000994,0
2021-02-05,90269,0,1091263,0
2021-02-06,63448,0,1154711,0
2021-02-07,32932,0,1187643,0
2021-02-08,40425,0,1228068,0
2021-02-09,32873,0,1260941,0
2021-02-10,28431,0,1289372,0
2021-02-11,20402,0,1309774,0
2021-02-12,16241,0,1326015,0
2021-02-13,7275,0,1333290,0
2021-02-14,2862,0,1336152,0
2021-02-15,6844,0,1342996,0
2021-02-16,7002,0,1349998,0
2021-02-17,10525,0,1360523,0
2021-02-18,9252,0,1369775,0
2021-02-19,8251,0,1378026,0
2021-02-20,5571,0,1383597,0
2021-02-21,3007,0,1386604,0
2021-02-22,6885,0,1393489,0
2021-02-23,7180,0,1400669,0
2021-02-24,9809,0,1410478,0
2021-02-25,14210,0,1424688,0
2021-02-26,17558,0,1442246,0
2021-02-27,13915,0,1456161,0
2021-02-28,9390,0,1465551,0
2021-03-01,26517,0,1492068,0
2021-03-02,33244,0,1525312,0
2021-03-03,44647,0,1569959,0
2021-03-04,50293,0,1620252,0
2021-03-05,55733,0,1675985,0
2021-03-06,41873,0,1717858,0
2021-03-07,22323,0,1740181,0
2021-03-08,50829,0,1791010,0
2021-03-09,53081,0,1844091,0
2021-03-10,58659,0,1902750,0
2021-03-11,63872,0,1966622,0
2021-03-12,65117,0,2031739,0
2021-03-13,51728,0,2083467,0
2021-03-14,35408,0,2118875,0
2021-03-15,73450,0,2192325,0
2021-03-16,74026,0,2266351,0
2021-03-17,83134,0,2349485,0
2021-03-18,81630,0,2431115,0
2021-03-19,81085,0,2512200,0
2021-03-20,64728,0,2576928,0
2021-03-21,47308,0,2624236,0
2021-03-22,69490,0,2693726,0
2021-03-23,75808,0,2769534,0
2021-03-24,90915,0,2860449,0
2021-03-25,89816,0,2950265,0
2021-03-26,83637,0,3033902,0
2021-03-27,71946,0,3105848,0
2021-03-28,44156,0,3150004,0
2021-03-29,70835,0,3220839,0
2021-03-30,81394,0,3302233,0
2021-03-31,96247,0,3398480,0
2021-04-01,95314,0,3493794,0
2021-04-02,84079,0,3577873,0
2021-04-03,64306,0,3642179,0
2021-04-04,21718,0,3663897,0
2021-04-05,40317,0,3704214,0
2021-04-06,81325,0,3785539,0
2021-04-07,95836,0,3881375,0
2021-04-08,95246,0,3976621,0
2021-04-09,88495,0,4065116,0
2021-04-10,74032,0,4139148,0
2021-04-11,44765,0,4183913,0
2021-04-12,66920,0,4250833,0
2021-04-13,72583,0,4323416,0
2021-04-14,85548,0,4408964,0
2021-04-15,105414,0,4514378,0
2021-04-16,106420,0,4620798,0
2021-04-17,90522,0,4711320,0
2021-04-18,58596,0,4769916,0
2021-04-19,93433,0,4863349,0
2021-04-20,103773,0,4967122,0
2021-04-21,125345,0,5092467,0
2021-04-22,143521,0,5235988,0
2021-04-23,138748,0,5374736,0
2021-04-24,124449,0,5499185,0
2021-04-25,61459,0,5560644,0
2021-04-26,97898,0,5658542,0
2021-04-27,128365,0,5786907,0
2021-04-28,156378,0,5943285,0
2021-04-29,195601,0,6138886,0
2021-04-30,214592,0,6353478,0
2021-05-01,174128,0,6527606,0
2021-05-02,135808,0,6663414,0
2021-05-03,142052,0,6805466,0
2021-05-04,158696,0,6964162,0
2021-05-05,170517,0,7134679,0
2021-05-06,197816,0,7332495,0
2021-05-07,213851,0,7546346,0
2021-05-08,213429,0,7759775,0
2021-05-09,143208,0,7902983,0
2021-05-10,165087,0,8068070,0
2021-05-11,174997,0,8243067,0
2021-05-12,179198,0,8422265,0
2021-05-13,203401,0,8625666,0
2021-05-14,222933,0,8848599,0
2021-05-15,210376,0,9058975,0
2021-05-16,159280,0,9218255,0
2021-05-17,219209,0,9437464,0
2021-05-18,213026,0,9650490,0
2021-05-19,207098,0,9857588,0
2021-05-20,270880,0,10128468,0
2021-05-21,270908,0,10399376,0
2021-05-22,245530,0,10644906,0
2021-05-23,197184,0,10842090,0
2021-05-24,228310,0,11070400,0
2021-05-25,245699,0,11316099,0
2021-05-26,277511,0,11593610,0
2021-05-27,311093,0,11904703,0
2021-05-28,299579,0,12204282,0
2021-05-29,231238,0,12435520,0
2021-05-30,170845,0,12606365,0
2021-05-31,216431,0,12822796,0
2021-06-01,207639,0,13030435,0
2021-06-02,115807,0,13146242,0
2021-06-03,180161,0,13326403,0
2021-06-04,184895,0,13511298,0
2021-06-05,185977,0,13697275,0
2021-06-06,139564,0,13836839,0
2021-06-07,161882,0,13998721,0
2021-06-08,171252,0,14169973,0
2021-06-09,171502,0,14341475,0
2021-06-10,174127,0,14515602,0
2021-06-11,170001,0,14685603,0
2021-06-12,128347,0,14813950,0
2021-06-13,91211,0,14905161,0
2021-06-14,214697,0,15119858,0
2021-06-15,228435,0,15348293,0
2021-06-16,253089,0,15601382,0
2021-06-17,301751,0,15903133,0
2021-06-18,306319,0,16209452,0
2021-06-19,275105,0,16484557,0
2021-06-20,220800,0,16705357,0
2021-06-21,288080,0,16993437,0
2021-06-22,296235,0,17289672,0
2021-06-23,302696,0,17592368,0
2021-06-24,332611,0,17924979,0
2021-06-25,348721,0,18273700,0
2021-06-26,300131,0,18573831,0
2021-06-27,228682,0,18802513,0
2021-06-28,307125,0,19109638,0
2021-06-29,329315,0,19438953,0
2021-06-30,342182,0,19781135,0
2021-07-01,363232,0,20144367,0
2021-07-02,368487,0,20512854,0
2021-07-03,371101,0,20883955,0
2021-07-04,283225,0,21167180,0
2021-07-05,384555,0,21551735,0
2021-07-06,385488,0,21937223,0
2021-07-07,412123,0,22349346,0
2021-07-08,479600,0,22828946,0
2021-07-09,498482,0,23327428,0
2021-07-10,475178,0,23802606,0
2021-07-11,357700,0,24160306,0
2021-07-12,485897,0,24646203,0
2021-07-13,492098,0,25138301,0
2021-07-14,480454,0,25618755,0
2021-07-15,523442,0,26142197,0
2021-07-16,509764,0,26651961,0
2021-07-17,464337,0,27116298,0
2021-07-18,364642,0,27480940,0
2021-07-19,463049,0,27943989,0
2021-07-20,458065,0,28402054,0
2021-07-21,462797,0,28864851,0
2021-07-22,475390,0,29340241,0
2021-07-23,441330,0,29781571,0
2021-07-24,386159,0,30167730,0
2021-07-25,287565,0,30455295,0
2021-07-26,430896,0,30886191,0
2021-07-27,440131,0,31326322,0
2021-07-28,391025,0,31717347,0
2021-07-29,372082,0,32089429,0
2021-07-30,341517,0,32430946,0
2021-07-31,287037,0,32717983,0
2021-08-01,190999,0,32908982,0
2021-08-02,333704,0,33242686,0
2021-08-03,323195,0,33565881,0
2021-08-04,310983,0,33876864,0
2021-08-05,292495,0,34169359,0
2021-08-06,260021,0,34429380,0
2021-08-07,199055,0,34628435,0
2021-08-08,153108,0,34781543,0
2021-08-09,234076,0,35015619,0
2021-08-10,205264,0,35220883,0
2021-08-11,193781,0,35414664,0
2021-08-12,168040,0,35582704,0
2021-08-13,148648,0,35731352,0
2021-08-14,66096,0,35797448,0
2021-08-15,26339,0,35823787,0
2021-08-16,114708,0,35938495,0
2021-08-17,129256,0,36067751,0
2021-08-18,128755,0,36196506,0
2021-08-19,124831,0,36321337,0
2021-08-20,123797,0,36445134,0
2021-08-21,83132,0,36528266,0
2021-08-22,68176,0,36596442,0
2021-08-23,176868,0,36773310,0
2021-08-24,156896,0,36930206,0
2021-08-25,177174,0,37107380,0
2021-08-26,172366,0,37279746,0
2021-08-27,185837,0,37465583,0
2021-08-28,140283,0,37605866,0
2021-08-29,98990,0,37704856,0
2021-08-30,209599,0,37914455,0
2021-08-31,194638,0,38109093,0
2021-09-01,192208,0,38301301,0
2021-09-02,189935,0,38491236,0
2021-09-03,191293,0,38682529,0
2021-09-04,131458,0,38813987,0
2021-09-05,87858,0,38901845,0
2021-09-06,193620,0,39095465,0
2021-09-07,196034,0,39291499,0
2021-09-08,187880,0,39479379,0
2021-09-09,201440,0,39680819,0
2021-09-10,198071,0,39878890,0
2021-09-11,141294,0,40020184,0
2021-09-12,89595,0,40109779,0
2021-09-13,191121,617,40300900,617
2021-09-14,177225,626,40478125,1243
2021-09-15,163088,633,40641213,1876
2021-09-16,160067,972,40801280,2848
2021-09-17,150171,1149,40951451,3997
2021-09-18,127981,762,41079432,4759
2021-09-19,81139,504,41160571,5263
2021-09-20,180068,9113,41340639,14376
2021-09-21,166661,8849,41507300,23225
2021-09-22,159101,9452,41666401,32677
2021-09-23,138087,9346,41804488,42023
2021-09-24,140549,8992,41945037,51015
2021-09-25,119563,5659,42064600,56674
2021-09-26,71981,4355,42136581,61029
2021-09-27,135666,10069,42272247,71098
2021-09-28,117508,11415,42389755,82513
2021-09-29,112360,11846,42502115,94359
2021-09-30,110267,14974,42612382,109333
2021-10-01,94993,19129,42707375,128462
2021-10-02,78511,14037,42785886,142499
2021-10-03,47753,7666,42833639,150165
2021-10-04,88387,34471,42922026,184636
2021-10-05,80380,34007,43002406,218643
2021-10-06,71999,34193,43074405,252836
2021-10-07,71875,34365,43146280,287201
2021-10-08,80630,33618,43226910,320819
2021-10-09,76109,22189,43303019,343008
2021-10-10,45781,13627,43348800,356635
2021-10-11,87446,41122,43436246,397757
2021-10-12,84513,46923,43520759,444680
2021-10-13,88211,52143,43608970,496823
2021-10-14,91548,58543,43700518,555366
2021-10-15,93598,55661,43794116,611027
2021-10-16,82973,36812,43877089,647839
2021-10-17,51460,23851,43928549,671690
2021-10-18,90304,59505,44018853,731195
2021-10-19,78350,69397,44097203,800592
2021-10-20,75068,78196,44172271,878788
2021-10-21,78303,81791,44250574,960579
2021-10-22,73780,77062,44324354,1037641
2021-10-23,60831,51970,44385185,1089611
2021-10-24,33371,23474,44418556,1113085
2021-10-25,64905,81653,44483461,1194738
2021-10-26,58372,91824,44541833,1286562
2021-10-27,58323,104019,44600156,1390581
2021-10-28,61453,114144,44661609,1504725
2021-10-29,61637,103165,44723246,1607890
2021-10-30,50677,68133,44773923,1676023
2021-10-31,25162,28305,44799085,1704328
2021-11-01,19048,28157,44818133,1732485
2021-11-02,62741,89425,44880874,1821910
2021-11-03,60724,118690,44941598,1940600
2021-11-04,59244,126689,45000842,2067289
2021-11-05,63093,135212,45063935,2202501
2021-11-06,46483,90936,45110418,2293437
2021-11-07,22253,37901,45132671,2331338
2021-11-08,51528,131292,45184199,2462630
2021-11-09,45399,144230,45229598,2606860
2021-11-10,42590,156369,45272188,2763229
2021-11-11,44931,155160,45317119,2918389
2021-11-12,46314,158665,45363433,3077054
2021-11-13,33266,116668,45396699,3193722
2021-11-14,14492,52457,45411191,3246179
2021-11-15,36907,157440,45448098,3403619
2021-11-16,30562,171398,45478660,3575017
2021-11-17,28469,178454,45507129,3753471
2021-11-18,30290,193751,45537419,3947222
2021-11-19,28812,205878,45566231,4153100
2021-11-20,21004,156455,45587235,4309555
2021-11-21,10613,64866,45597848,4374421
2021-11-22,21949,213160,45619797,4587581
2021-11-23,23590,241778,45643387,4829359
2021-11-24,27794,271035,45671181,5100394
2021-11-25,23251,301930,45694432,5402324
2021-11-26,24592,318292,45719024,5720616
2021-11-27,21395,266171,45740419,5986787
2021-11-28,9905,137065,45750324,6123852
2021-11-29,22355,326074,45772679,6449926
2021-11-30,23110,365857,45795789,6815783
2021-12-01,21537,413517,45817326,7229300
2021-12-02,23778,440430,45841104,7669730
2021-12-03,25268,467508,45866372,8137238
2021-12-04,22384,418791,45888756,8556029
2021-12-05,11941,261358,45900697,8817387
2021-12-06,25833,457620,45926530,9275007
2021-12-07,24154,480294,45950684,9755301
2021-12-08,10023,249715,45960707,10005016
2021-12-09,31610,491952,45992317,10496968
2021-12-10,28088,517918,46020405,11014886
2021-12-11,23581,459270,46043986,11474156
2021-12-12,12314,293524,46056300,11767680
2021-12-13,26170,467646,46082470,12235326
2021-12-14,25194,494229,46107664,12729555
2021-12-15,25359,517184,46133023,13246739
2021-12-16,27915,520291,46160938,13767030
2021-12-17,29384,517206,46190322,14284236
2021-12-18,27084,468770,46217406,14753006
2021-12-19,15162,300540,46232568,15053546
2021-12-20,30657,477499,46263225,15531045
2021-12-21,30405,493419,46293630,16024464
2021-12-22,29474,484737,46323104,16509201
2021-12-23,28274,426936,46351378,16936137
2021-12-24,13123,210836,46364501,17146973
2021-12-25,2103,33053,46366604,17180026
2021-12-26,8770,159075,46375374,17339101
2021-12-27,46828,504684,46422202,17843785
2021-12-28,42493,554238,46464695,18398023
2021-12-29,34382,550666,46499077,18948689
2021-12-30,31871,499852,46530948,19448541
2021-12-31,14135,247405,46545083,19695946
2022-01-01,3499,64815,46548582,19760761
2022-01-02,22807,276720,46571389,20037481
2022-01-03,47905,520028,46619294,20557509
2022-01-04,46430,572100,46665724,21129609
2022-01-05,40801,560409,46706525,21690018
2022-01-06,23517,274490,46730042,21964508
2022-01-07,63758,554210,46793800,22518718
2022-01-08,60929,503406,46854729,23022124
2022-01-09,42916,319697,46897645,23341821
2022-01-10,61137,542317,46958782,23884138
2022-01-11,61797,587024,47020579,24471162
2022-01-12,58510,581298,47079089,25052460
2022-01-13,58673,580420,47137762,25632880
2022-01-14,46879,588600,47184641,26221480
2022-01-15,39487,569972,47224128,26791452
2022-01-16,31285,341885,47255413,27133337
2022-01-17,54825,489681,47310238,27623018
2022-01-18,58441,517044,47368679,28140062
2022-01-19,57242,502814,47425921,28642876
2022-01-20,54387,498847,47480308,29141723
2022-01-21,42139,493888,47522447,29635611
2022-01-22,31246,469609,47553693,30105220
2022-01-23,34960,275385,47588653,30380605
2022-01-24,56206,437238,47644859,30817843
2022-01-25,61578,452123,47706437,31269966
2022-01-26,58565,435842,47765002,31705808
2022-01-27,48869,432392,47813871,32138200
2022-01-28,58732,436551,47872603,32574751
2022-01-29,68159,412503,47940762,32987254
2022-01-30,50395,235981,47991157,33223235
2022-01-31,60665,356938,48051822,33580173
2022-02-01,65580,328458,48117402,33908631
2022-02-02,63227,296983,48180629,34205614
2022-02-03,60075,274525,48240704,34480139
2022-02-04,72393,268466,48313097,34748605
2022-02-05,83803,248540,48396900,34997145
2022-02-06,55299,116208,48452199,35113353
2022-02-07,65165,199941,48517364,35313294
2022-02-08,66938,186119,48584302,35499413
2022-02-09,58769,166337,48643071,35665750
2022-02-10,58592,163240,48701663,35828990
2022-02-11,62263,162467,48763926,35991457
2022-02-12,71992,152147,48835918,36143604
2022-02-13,41475,68853,48877393,36212457
2022-02-14,46701,116188,48924094,36328645
2022-02-15,48544,123479,48972638,36452124
2022-02-16,45682,106122,49018320,36558246
2022-02-17,42870,98113,49061190,36656359
2022-02-18,46627,112578,49107817,36768937
2022-02-19,52541,100337,49160358,36869274
2022-02-20,31410,40366,49191768,36909640
2022-02-21,37893,89655,49229661,36999295
2022-02-22,37224,83777,49266885,37083072
2022-02-23,33398,79408,49300283,37162480
2022-02-24,32555,78162,49332838,37240642
2022-02-25,34765,90710,49367603,37331352
2022-02-26,39158,89135,49406761,37420487
2022-02-27,22545,35857,49429306,37456344
2022-02-28,28481,81693,49457787,37538037
2022-03-01,22722,53942,49480509,37591979
2022-03-02,21956,50683,49502465,37642662
2022-03-03,22621,54947,49525086,37697609
2022-03-04,23236,62800,49548322,37760409
2022-03-05,23800,57951,49572122,37818360
2022-03-06,9471,17201,49581593,37835561
2022-03-07,15919,51390,49597512,37886951
2022-03-08,15479,48796,49612991,37935747
2022-03-09,13813,46519,49626804,37982266
2022-03-10,14052,52120,49640856,38034386
2022-03-11,15586,57266,49656442,38091652
2022-03-12,15506,56620,49671948,38148272
2022-03-13,5544,16851,49677492,38165123
2022-03-14,10526,46699,49688018,38211822
2022-03-15,10548,46894,49698566,38258716
2022-03-16,9482,41973,49708048,38300689
2022-03-17,9717,44873,49717765,38345562
2022-03-18,10158,49056,49727923,38394618
2022-03-19,9150,46533,49737073,38441151
2022-03-20,2609,11702,49739682,38452853
2022-03-21,7579,40222,49747261,38493075
2022-03-22,8448,37759,49755709,38530834
2022-03-23,7214,33700,49762923,38564534
2022-03-24,8258,38806,49771181,38603340
2022-03-25,8139,43667,49779320,38647007
2022-03-26,8126,41721,49787446,38688728
2022-03-27,2430,9682,49789876,38698410
2022-03-28,6109,35238,49795985,38733648
2022-03-29,5777,32529,49801762,38766177
2022-03-30,5566,30205,49807328,38796382
2022-03-31,5897,33179,49813225,38829561
2022-04-01,4348,25190,49817573,38854751
2022-04-02,4495,23274,49822068,38878025
2022-04-03,1049,4500,49823117,38882525
2022-04-04,3657,21544,49826774,38904069
2022-04-05,3756,22931,49830530,38927000
2022-04-06,4103,21853,49834633,38948853
2022-04-07,3965,23320,49838598,38972173
2022-04-08,4692,26712,49843290,38998885
2022-04-09,4382,23886,49847672,39022771
2022-04-10,892,4613,49848564,39027384
2022-04-11,3816,22686,49852380,39050070
2022-04-12,3364,21777,49855744,39071847
2022-04-13,3568,21335,49859312,39093182
2022-04-14,3485,23786,49862797,39116968
2022-04-15,3084,20617,49865881,39137585
2022-04-16,2149,11918,49868030,39149503
2022-04-17,63,348,49868093,39149851
2022-04-18,152,650,49868245,39150501
2022-04-19,3499,21979,49871744,39172480
2022-04-20,3511,20251,49875255,39192731
2022-04-21,2847,19787,49878102,39212518
2022-04-22,2927,20703,49881029,39233221
2022-04-23,2645,16219,49883674,39249440
2022-04-24,509,2334,49884183,39251774
2022-04-25,183,1165,49884366,39252939
2022-04-26,2759,17807,49887125,39270746
2022-04-27,2374,15793,49889499,39286539
2022-04-28,2359,15560,49891858,39302099
2022-04-29,2294,14846,49894152,39316945
2022-04-30,2122,11581,49896274,39328526
2022-05-01,113,531,49896387,39329057
2022-05-02,1450,9391,49897837,39338448
2022-05-03,1576,10318,49899413,39348766
2022-05-04,1745,10268,49901158,39359034
2022-05-05,1653,10285,49902811,39369319
2022-05-06,1701,10958,49904512,39380277
2022-05-07,1431,8568,49905943,39388845
2022-05-08,416,1520,49906359,39390365
2022-05-09,1027,8929,49907386,39399294
2022-05-10,1424,9546,49908810,39408840
2022-05-11,1483,10098,49910293,39418938
2022-05-12,1369,10131,49911662,39429069
2022-05-13,1594,10518,49913256,39439587
2022-05-14,1357,8235,49914613,39447822
2022-05-15,336,1131,49914949,39448953
2022-05-16,813,8405,49915762,39457358
2022-05-17,1243,8696,49917005,39466054
2022-05-18,1372,9234,49918377,39475288
2022-05-19,1500,9277,49919877,39484565
2022-05-20,1421,9515,49921298,39494080
2022-05-21,1301,7900,49922599,39501980
2022-05-22,231,1013,49922830,39502993
2022-05-23,830,8267,49923660,39511260
2022-05-24,1073,8672,49924733,39519932
2022-05-25,1370,9460,49926103,39529392
2022-05-26,1195,9475,49927298,39538867
2022-05-27,1232,9914,49928530,39548781
2022-05-28,1205,7886,49929735,39556667
2022-05-29,288,1264,49930023,39557931
2022-05-30,930,8055,49930953,39565986
2022-05-31,1036,8547,49931989,39574533
2022-06-01,891,7655,49932880,39582188
2022-06-02,35,474,49932915,39582662
2022-06-03,818,7333,49933733,39589995
2022-06-04,870,5161,49934603,39595156
2022-06-05,89,586,49934692,39595742
2022-06-06,678,6992,49935370,39602734
2022-06-07,952,7849,49936322,39610583
2022-06-08,981,7908,49937303,39618491
2022-06-09,1037,8414,49938340,39626905
2022-06-10,958,8564,49939298,39635469
2022-06-11,903,6207,49940201,39641676
2022-06-12,140,768,49940341,39642444
2022-06-13,602,6301,49940943,39648745
2022-06-14,830,7896,49941773,39656641
2022-06-15,955,7852,49942728,39664493
2022-06-16,730,7393,49943458,39671886
2022-06-17,723,7243,49944181,39679129
2022-06-18,777,5593,49944958,39684722
2022-06-19,47,522,49945005,39685244
2022-06-20,587,6699,49945592,39691943
2022-06-21,736,7665,49946328,39699608
2022-06-22,781,7308,49947109,39706916
2022-06-23,652,7467,49947761,39714383
2022-06-24,644,7474,49948405,39721857
2022-06-25,835,6534,49949240,39728391
2022-06-26,128,523,49949368,39728914
2022-06-27,533,7123,49949901,39736037
2022-06-28,746,8207,49950647,39744244
2022-06-29,756,7730,49951403,39751974
2022-06-30,745,8144,49952148,39760118
2022-07-01,577,6443,49952725,39766561
2022-07-02,536,4769,49953261,39771330
2022-07-03,49,456,49953310,39771786
2022-07-04,469,6277,49953779,39778063
2022-07-05,629,8119,49954408,39786182
2022-07-06,633,7610,49955041,39793792
2022-07-07,572,8270,49955613,39802062
2022-07-08,673,8082,49956286,39810144
2022-07-09,550,6104,49956836,39816248
2022-07-10,58,533,49956894,39816781
2022-07-11,487,7638,49957381,39824419
2022-07-12,667,9028,49958048,39833447
2022-07-13,641,10067,49958689,39843514
2022-07-14,635,10224,49959324,39853738
2022-07-15,625,10668,49959949,39864406
2022-07-16,522,7214,49960471,39871620
2022-07-17,48,770,49960519,39872390
2022-07-18,497,9369,49961016,39881759
2022-07-19,574,10682,49961590,39892441
2022-07-20,580,11272,49962170,39903713
2022-07-21,627,12085,49962797,39915798
2022-07-22,583,11257,49963380,39927055
2022-07-23,380,6771,49963760,39933826
2022-07-24,76,857,49963836,39934683
2022-07-25,503,9051,49964339,39943734
2022-07-26,519,9758,49964858,39953492
2022-07-27,552,10199,49965410,39963691
2022-07-28,530,10535,49965940,39974226
2022-07-29,511,9464,49966451,39983690
2022-07-30,382,5881,49966833,39989571
2022-07-31,49,764,49966882,39990335
2022-08-01,386,6864,49967268,39997199
2022-08-02,540,7584,49967808,40004783
2022-08-03,512,7175,49968320,40011958
2022-08-04,455,7488,49968775,40019446
2022-08-05,420,6524,49969195,40025970
2022-08-06,299,3612,49969494,40029582
2022-08-07,44,562,49969538,40030144
2022-08-08,402,4893,49969940,40035037
2022-08-09,381,5308,49970321,40040345
2022-08-10,381,4815,49970702,40045160
2022-08-11,366,4778,49971068,40049938
2022-08-12,292,3721,49971360,40053659
2022-08-13,143,1600,49971503,40055259
2022-08-14,9,129,49971512,40055388
2022-08-15,1,26,49971513,40055414
2022-08-16,283,3043,49971796,40058457
2022-08-17,352,3536,49972148,40061993
2022-08-18,391,4160,49972539,40066153
2022-08-19,341,3318,49972880,40069471
2022-08-20,183,1715,49973063,40071186
2022-08-21,24,149,49973087,40071335
2022-08-22,329,2951,49973416,40074286
2022-08-23,370,3674,49973786,40077960
2022-08-24,383,3359,49974169,40081319
2022-08-25,421,3772,49974590,40085091
2022-08-26,399,3571,49974989,40088662
2022-08-27,237,1769,49975226,40090431
2022-08-28,29,267,49975255,40090698
2022-08-29,354,3161,49975609,40093859
2022-08-30,402,3670,49976011,40097529
2022-08-31,437,3734,49976448,40101263
2022-09-01,352,3117,49976800,40104380
2022-09-02,296,2890,49977096,40107270
2022-09-03,200,1688,49977296,40108958
2022-09-04,23,149,49977319,40109107
2022-09-05,186,2655,49977505,40111762
2022-09-06,303,2988,49977808,40114750
2022-09-07,540,2936,49978348,40117686
2022-09-08,291,2960,49978639,40120646
2022-09-09,305,2884,49978944,40123530
2022-09-10,227,1326,49979171,40124856
2022-09-11,21,124,49979192,40124980
2022-09-12,267,2263,49979459,40127243
2022-09-13,252,2274,49979711,40129517
2022-09-14,265,2564,49979976,40132081
2022-09-15,280,2493,49980256,40134574
2022-09-16,253,2544,49980509,40137118
2022-09-17,239,1339,49980748,40138457
2022-09-18,20,170,49980768,40138627
2022-09-19,205,1969,49980973,40140596
2022-09-20,236,2384,49981209,40142980
2022-09-21,289,2526,49981498,40145506
2022-09-22,263,2650,49981761,40148156
2022-09-23,258,2536,49982019,40150692
2022-09-24,193,1427,49982212,40152119
2022-09-25,29,133,49982241,40152252
2022-09-26,280,2247,49982521,40154499
2022-09-27,286,2671,49982807,40157170
2022-09-28,309,2890,49983116,40160060
2022-09-29,256,3045,49983372,40163105
2022-09-30,290,2974,49983662,40166079
2022-10-01,194,1513,49983856,40167592
2022-10-02,12,187,49983868,40167779
2022-10-03,182,2473,49984050,40170252
2022-10-04,236,2857,49984286,40173109
2022-10-05,226,3217,49984512,40176326
2022-10-06,241,3840,49984753,40180166
2022-10-07,282,4159,49985035,40184325
2022-10-08,201,2235,49985236,40186560
2022-10-09,8,304,49985244,40186864
2022-10-10,206,3337,49985450,40190201
2022-10-11,191,4349,49985641,40194550
2022-10-12,208,4412,49985849,40198962
2022-10-13,200,5293,49986049,40204255
2022-10-14,229,5017,49986278,40209272
2022-10-15,188,2667,49986466,40211939
2022-10-16,6,360,49986472,40212299
2022-10-17,186,3863,49986658,40216162
2022-10-18,256,4949,49986914,40221111
2022-10-19,237,5462,49987151,40226573
2022-10-20,221,5981,49987372,40232554
2022-10-21,250,5454,49987622,40238008
2022-10-22,194,2907,49987816,40240915
2022-10-23,13,356,49987829,40241271
2022-10-24,170,3908,49987999,40245179
2022-10-25,252,4907,49988251,40250086
2022-10-26,318,5449,49988569,40255535
2022-10-27,239,5606,49988808,40261141
2022-10-28,200,5190,49989008,40266331
2022-10-29,127,2830,49989135,40269161
2022-10-30,3,326,49989138,40269487
2022-10-31,115,3015,49989253,40272502
2022-11-01,10,327,49989263,40272829
2022-11-02,145,3666,49989408,40276495
2022-11-03,167,4721,49989575,40281216
2022-11-04,215,4472,49989790,40285688
2022-11-05,142,2566,49989932,40288254
2022-11-06,10,255,49989942,40288509
2022-11-07,156,3096,49990098,40291605
2022-11-08,234,4001,49990332,40295606
2022-11-09,182,3975,49990514,40299581
2022-11-10,83,2005,49990597,40301586