data_somministrazione,vaccinazioni,booster,cum_vaccinazioni,cum_booster
2020-12-27,19,0,19,0
2020-12-28,2,0,21,0
2020-12-29,1,0,22,0
2020-12-30,6,0,28,0
2020-12-31,67,0,95,0
2021-01-01,22,0,117,0
2021-01-02,107,0,224,0
2021-01-03,79,0,303,0
2021-01-04,200,0,503,0
2021-01-05,236,0,739,0
2021-01-06,197,0,936,0
2021-01-07,289,0,1225,0
2021-01-08,335,0,1560,0
2021-01-09,246,0,1806,0
2021-01-10,145,0,1951,0
2021-01-11,268,0,2219,0
2021-01-12,265,0,2484,0
2021-01-13,388,0,2872,0
2021-01-14,476,0,3348,0
2021-01-15,298,0,3646,0
2021-01-16,203,0,3849,0
2021-01-17,3057,0,6906,0
2021-01-18,5209,0,12115,0
2021-01-19,1892,0,14007,0
2021-01-20,4653,0,18660,0
2021-01-21,19998,0,38658,0
2021-01-22,14200,0,52858,0
2021-01-23,33330,0,86188,0
2021-01-24,30788,0,116976,0
2021-01-25,64725,0,181701,0
2021-01-26,76498,0,258199,0
2021-01-27,64837,0,323036,0
2021-01-28,89291,0,412327,0
2021-01-29,94021,0,506348,0
2021-01-30,86566,0,592914,0
2021-01-31,57335,0,650249,0
2021-02-01,81869,0,732118,0
2021-02-02,82146,0,814264,0
2021-02-03,91191,0,905455,0
2021-02-04,95396,0,1000851,0
2021-02-05,90274,0,1091125,0
2021-02-06,63450,0,1154575,0
2021-02-07,32928,0,1187503,0
2021-02-08,40431,0,1227934,0
2021-02-09,32864,0,1260798,0
2021-02-10,28422,0,1289220,0
2021-02-11,20391,0,1309611,0
2021-02-12,16230,0,1325841,0
2021-02-13,7252,0,1333093,0
2021-02-14,2861,0,1335954,0
2021-02-15,6837,0,1342791,0
2021-02-16,6994,0,1349785,0
2021-02-17,10519,0,1360304,0
2021-02-18,9248,0,1369552,0
2021-02-19,8241,0,1377793,0
2021-02-20,5544,0,1383337,0
2021-02-21,2986,0,1386323,0
2021-02-22,6883,0,1393206,0
2021-02-23,7164,0,1400370,0
2021-02-24,9825,0,1410195,0
2021-02-25,14203,0,1424398,0
2021-02-26,17553,0,1441951,0
2021-02-27,13904,0,1455855,0
2021-02-28,9386,0,1465241,0
2021-03-01,26507,0,1491748,0
2021-03-02,33238,0,1524986,0
2021-03-03,44642,0,1569628,0
2021-03-04,50288,0,1619916,0
2021-03-05,55734,0,1675650,0
2021-03-06,41878,0,1717528,0
2021-03-07,22325,0,1739853,0
2021-03-08,50796,0,1790649,0
2021-03-09,53061,0,1843710,0
2021-03-10,58631,0,1902341,0
2021-03-11,63844,0,1966185,0
2021-03-12,65098,0,2031283,0
2021-03-13,51707,0,2082990,0
2021-03-14,35387,0,2118377,0
2021-03-15,73424,0,2191801,0
2021-03-16,74023,0,2265824,0
2021-03-17,83129,0,2348953,0
2021-03-18,81620,0,2430573,0
2021-03-19,81080,0,2511653,0
2021-03-20,64712,0,2576365,0
2021-03-21,47285,0,2623650,0
2021-03-22,69472,0,2693122,0
2021-03-23,75781,0,2768903,0
2021-03-24,90892,0,2859795,0
2021-03-25,89787,0,2949582,0
2021-03-26,83602,0,3033184,0
2021-03-27,71924,0,3105108,0
2021-03-28,44131,0,3149239,0
2021-03-29,70809,0,3220048,0
2021-03-30,81366,0,3301414,0
2021-03-31,96216,0,3397630,0
2021-04-01,95294,0,3492924,0
2021-04-02,84066,0,3576990,0
2021-04-03,64297,0,3641287,0
2021-04-04,21717,0,3663004,0
2021-04-05,40300,0,3703304,0
2021-04-06,81303,0,3784607,0
2021-04-07,95809,0,3880416,0
2021-04-08,95227,0,3975643,0
2021-04-09,88484,0,4064127,0
2021-04-10,74026,0,4138153,0
2021-04-11,44756,0,4182909,0
2021-04-12,66908,0,4249817,0
2021-04-13,72563,0,4322380,0
2021-04-14,85521,0,4407901,0
2021-04-15,105403,0,4513304,0
2021-04-16,106411,0,4619715,0
2021-04-17,90494,0,4710209,0
2021-04-18,58582,0,4768791,0
2021-04-19,93424,0,4862215,0
2021-04-20,103760,0,4965975,0
2021-04-21,125330,0,5091305,0
2021-04-22,143501,0,5234806,0
2021-04-23,138716,0,5373522,0
2021-04-24,124436,0,5497958,0
2021-04-25,61451,0,5559409,0
2021-04-26,97878,0,5657287,0
2021-04-27,128353,0,5785640,0
2021-04-28,156353,0,5941993,0
2021-04-29,195580,0,6137573,0
2021-04-30,214555,0,6352128,0
2021-05-01,174089,0,6526217,0
2021-05-02,135796,0,6662013,0
2021-05-03,142005,0,6804018,0
2021-05-04,158676,0,6962694,0
2021-05-05,170473,0,7133167,0
2021-05-06,197792,0,7330959,0
2021-05-07,213809,0,7544768,0
2021-05-08,213385,0,7758153,0
2021-05-09,143194,0,7901347,0
2021-05-10,165082,0,8066429,0
2021-05-11,174961,0,8241390,0
2021-05-12,179160,0,8420550,0
2021-05-13,203361,0,8623911,0
2021-05-14,222892,0,8846803,0
2021-05-15,210341,0,9057144,0
2021-05-16,159265,0,9216409,0
2021-05-17,219176,0,9435585,0
2021-05-18,213001,0,9648586,0
2021-05-19,207065,0,9855651,0
2021-05-20,270834,0,10126485,0
2021-05-21,270861,0,10397346,0
2021-05-22,245516,0,10642862,0
2021-05-23,197171,0,10840033,0
2021-05-24,228293,0,11068326,0
2021-05-25,245685,0,11314011,0
2021-05-26,277476,0,11591487,0
2021-05-27,311075,0,11902562,0
2021-05-28,299563,0,12202125,0
2021-05-29,231198,0,12433323,0
2021-05-30,170827,0,12604150,0
2021-05-31,216411,0,12820561,0
2021-06-01,207624,0,13028185,0
2021-06-02,115774,0,13143959,0
2021-06-03,180111,0,13324070,0
2021-06-04,184857,0,13508927,0
2021-06-05,185936,0,13694863,0
2021-06-06,139515,0,13834378,0
2021-06-07,161840,0,13996218,0
2021-06-08,171170,0,14167388,0
2021-06-09,171442,0,14338830,0
2021-06-10,174043,0,14512873,0
2021-06-11,169941,0,14682814,0
2021-06-12,128306,0,14811120,0
2021-06-13,91141,0,14902261,0
2021-06-14,214644,0,15116905,0
2021-06-15,228389,0,15345294,0
2021-06-16,253036,0,15598330,0
2021-06-17,301699,0,15900029,0
2021-06-18,306266,0,16206295,0
2021-06-19,275055,0,16481350,0
2021-06-20,220731,0,16702081,0
2021-06-21,288036,0,16990117,0
2021-06-22,296179,0,17286296,0
2021-06-23,302660,0,17588956,0
2021-06-24,332559,0,17921515,0
2021-06-25,348689,0,18270204,0
2021-06-26,300083,0,18570287,0
2021-06-27,228616,0,18798903,0
2021-06-28,307040,0,19105943,0
2021-06-29,329238,0,19435181,0
2021-06-30,342104,0,19777285,0
2021-07-01,363158,0,20140443,0
2021-07-02,368423,0,20508866,0
2021-07-03,371070,0,20879936,0
2021-07-04,283192,0,21163128,0
2021-07-05,384504,0,21547632,0
2021-07-06,385429,0,21933061,0
2021-07-07,412063,0,22345124,0
2021-07-08,479612,0,22824736,0
2021-07-09,498477,0,23323213,0
2021-07-10,475175,0,23798388,0
2021-07-11,357696,0,24156084,0
2021-07-12,485899,0,24641983,0
2021-07-13,492139,0,25134122,0
2021-07-14,480470,0,25614592,0
2021-07-15,523474,0,26138066,0
2021-07-16,509776,0,26647842,0
2021-07-17,464361,0,27112203,0
2021-07-18,364688,0,27476891,0
2021-07-19,463064,0,27939955,0
2021-07-20,458080,0,28398035,0
2021-07-21,462809,0,28860844,0
2021-07-22,475396,0,29336240,0
2021-07-23,441301,0,29777541,0
2021-07-24,386185,0,30163726,0
2021-07-25,287580,0,30451306,0
2021-07-26,430884,0,30882190,0
2021-07-27,440121,0,31322311,0
2021-07-28,391013,0,31713324,0
2021-07-29,372078,0,32085402,0
2021-07-30,341515,0,32426917,0
2021-07-31,287018,0,32713935,0
2021-08-01,191014,0,32904949,0
2021-08-02,333723,0,33238672,0
2021-08-03,323185,0,33561857,0
2021-08-04,310963,0,33872820,0
2021-08-05,292508,0,34165328,0
2021-08-06,260009,0,34425337,0
2021-08-07,199049,0,34624386,0
2021-08-08,153103,0,34777489,0
2021-08-09,234074,0,35011563,0
2021-08-10,205244,0,35216807,0
2021-08-11,193758,0,35410565,0
2021-08-12,167985,0,35578550,0
2021-08-13,148599,0,35727149,0
2021-08-14,66089,0,35793238,0
2021-08-15,26335,0,35819573,0
2021-08-16,114678,0,35934251,0
2021-08-17,129239,0,36063490,0
2021-08-18,128740,0,36192230,0
2021-08-19,124795,0,36317025,0
2021-08-20,123794,0,36440819,0
2021-08-21,83117,0,36523936,0
2021-08-22,68166,0,36592102,0
2021-08-23,176869,0,36768971,0
2021-08-24,156905,0,36925876,0
2021-08-25,177167,0,37103043,0
2021-08-26,172340,0,37275383,0
2021-08-27,185836,0,37461219,0
2021-08-28,140266,0,37601485,0
2021-08-29,98999,0,37700484,0
2021-08-30,209625,0,37910109,0
2021-08-31,194631,0,38104740,0
2021-09-01,192212,0,38296952,0
2021-09-02,189937,0,38486889,0
2021-09-03,191331,0,38678220,0
2021-09-04,131475,0,38809695,0
2021-09-05,87866,0,38897561,0
2021-09-06,193651,0,39091212,0
2021-09-07,196058,0,39287270,0
2021-09-08,187903,0,39475173,0
2021-09-09,201461,0,39676634,0
2021-09-10,198098,0,39874732,0
2021-09-11,141322,0,40016054,0
2021-09-12,89597,0,40105651,0
2021-09-13,191161,558,40296812,558
2021-09-14,177256,578,40474068,1136
2021-09-15,163117,582,40637185,1718
2021-09-16,160091,926,40797276,2644
2021-09-17,150175,1114,40947451,3758
2021-09-18,127974,739,41075425,4497
2021-09-19,81131,493,41156556,4990
2021-09-20,180077,9074,41336633,14064
2021-09-21,166638,8831,41503271,22895
2021-09-22,159082,9437,41662353,32332
2021-09-23,138084,9321,41800437,41653
2021-09-24,140539,8954,41940976,50607
2021-09-25,119557,5635,42060533,56242
2021-09-26,71958,4340,42132491,60582
2021-09-27,135640,10048,42268131,70630
2021-09-28,117496,11385,42385627,82015
2021-09-29,112334,11826,42497961,93841
2021-09-30,110234,14948,42608195,108789
2021-10-01,94978,19108,42703173,127897
2021-10-02,78486,14013,42781659,141910
2021-10-03,47738,7656,42829397,149566
2021-10-04,88377,34445,42917774,184011
2021-10-05,80367,33970,42998141,217981
2021-10-06,71984,34162,43070125,252143
2021-10-07,71856,34346,43141981,286489
2021-10-08,80624,33589,43222605,320078
2021-10-09,76101,22169,43298706,342247
2021-10-10,45775,13615,43344481,355862
2021-10-11,87418,41105,43431899,396967
2021-10-12,84492,46896,43516391,443863
2021-10-13,88192,52115,43604583,495978
2021-10-14,91529,58510,43696112,554488
2021-10-15,93592,55625,43789704,610113
2021-10-16,82968,36780,43872672,646893
2021-10-17,51464,23827,43924136,670720
2021-10-18,90294,59482,44014430,730202
2021-10-19,78344,69372,44092774,799574
2021-10-20,75076,78165,44167850,877739
2021-10-21,78299,81752,44246149,959491
2021-10-22,73786,77021,44319935,1036512
2021-10-23,60817,51954,44380752,1088466
2021-10-24,33378,23455,44414130,1111921
2021-10-25,64907,81621,44479037,1193542
2021-10-26,58375,91777,44537412,1285319
2021-10-27,58330,103969,44595742,1389288
2021-10-28,61467,114100,44657209,1503388
2021-10-29,61656,103114,44718865,1606502
2021-10-30,50670,68115,44769535,1674617
2021-10-31,25164,28289,44794699,1702906
2021-11-01,19046,28148,44813745,1731054
2021-11-02,62762,89373,44876507,1820427
2021-11-03,60739,118656,44937246,1939083
2021-11-04,59242,126661,44996488,2065744
2021-11-05,63094,135169,45059582,2200913
2021-11-06,46474,90924,45106056,2291837
2021-11-07,22251,37895,45128307,2329732
2021-11-08,51529,131262,45179836,2460994
2021-11-09,45401,144199,45225237,2605193
2021-11-10,42581,156344,45267818,2761537
2021-11-11,44932,155133,45312750,2916670
2021-11-12,46369,158574,45359119,3075244
2021-11-13,33253,116649,45392372,3191893
2021-11-14,14481,52445,45406853,3244338
2021-11-15,36892,157426,45443745,3401764
2021-11-16,30548,171375,45474293,3573139
2021-11-17,28449,178434,45502742,3751573
2021-11-18,30283,193717,45533025,3945290
2021-11-19,28800,205850,45561825,4151140
2021-11-20,20994,156434,45582819,4307574
2021-11-21,10609,64857,45593428,4372431
2021-11-22,21935,213137,45615363,4585568
2021-11-23,23568,241742,45638931,4827310
2021-11-24,27839,270944,45666770,5098254
2021-11-25,23234,301901,45690004,5400155
2021-11-26,24582,318261,45714586,5718416
2021-11-27,21380,266149,45735966,5984565
2021-11-28,9899,137056,45745865,6121621
2021-11-29,22323,326059,45768188,6447680
2021-11-30,23086,365821,45791274,6813501
2021-12-01,21518,413497,45812792,7226998
2021-12-02,23758,440373,45836550,7667371
2021-12-03,25250,467453,45861800,8134824
2021-12-04,22355,418730,45884155,8553554
2021-12-05,11917,261328,45896072,8814882
2021-12-06,25816,457562,45921888,9272444
2021-12-07,24124,480249,45946012,9752693
2021-12-08,10003,249679,45956015,10002372
2021-12-09,31573,491907,45987588,10494279
2021-12-10,28060,517862,46015648,11012141
2021-12-11,23557,459238,46039205,11471379
2021-12-12,12303,293492,46051508,11764871
2021-12-13,26146,467617,46077654,12232488
2021-12-14,25168,494187,46102822,12726675
2021-12-15,25326,517125,46128148,13243800
2021-12-16,27876,520235,46156024,13764035
2021-12-17,29354,517157,46185378,14281192
2021-12-18,27041,468712,46212419,14749904
2021-12-19,15137,300514,46227556,15050418
2021-12-20,30612,477475,46258168,15527893
2021-12-21,30361,493376,46288529,16021269
2021-12-22,29435,484696,46317964,16505965
2021-12-23,28234,426890,46346198,16932855
2021-12-24,13112,210821,46359310,17143676
2021-12-25,2101,33053,46361411,17176729
2021-12-26,8759,159064,46370170,17335793
2021-12-27,46776,504646,46416946,17840439
2021-12-28,42439,554202,46459385,18394641
2021-12-29,34331,550623,46493716,18945264
2021-12-30,31816,499818,46525532,19445082
2021-12-31,14110,247389,46539642,19692471
2022-01-01,3493,64814,46543135,19757285
2022-01-02,22750,276716,46565885,20034001
2022-01-03,47832,520004,46613717,20554005
2022-01-04,46327,572074,46660044,21126079
2022-01-05,40712,560388,46700756,21686467
2022-01-06,23465,274480,46724221,21960947
2022-01-07,63666,554173,46787887,22515120
2022-01-08,60811,503372,46848698,23018492
2022-01-09,42800,319682,46891498,23338174
2022-01-10,61040,542275,46952538,23880449
2022-01-11,61674,586976,47014212,24467425
2022-01-12,58399,581272,47072611,25048697
2022-01-13,58565,580370,47131176,25629067
2022-01-14,46739,588556,47177915,26217623
2022-01-15,39350,569928,47217265,26787551
2022-01-16,31157,341846,47248422,27129397
2022-01-17,54740,489645,47303162,27619042
2022-01-18,58357,517006,47361519,28136048
2022-01-19,57158,502772,47418677,28638820
2022-01-20,54309,498805,47472986,29137625
2022-01-21,42045,493861,47515031,29631486
2022-01-22,31135,469583,47546166,30101069
2022-01-23,34904,275358,47581070,30376427
2022-01-24,56146,437202,47637216,30813629
2022-01-25,61528,452081,47698744,31265710
2022-01-26,58510,435817,47757254,31701527
2022-01-27,48805,432348,47806059,32133875
2022-01-28,58664,436526,47864723,32570401
2022-01-29,68092,412480,47932815,32982881
2022-01-30,50353,235962,47983168,33218843
2022-01-31,60598,356919,48043766,33575762
2022-02-01,65520,328431,48109286,33904193
2022-02-02,63164,296963,48172450,34201156
2022-02-03,60031,274512,48232481,34475668
2022-02-04,72354,268448,48304835,34744116
2022-02-05,83740,248523,48388575,34992639
2022-02-06,55273,116198,48443848,35108837
2022-02-07,65118,199932,48508966,35308769
2022-02-08,66913,186104,48575879,35494873
2022-02-09,58743,166333,48634622,35661206
2022-02-10,58544,163230,48693166,35824436
2022-02-11,62224,162454,48755390,35986890
2022-02-12,71955,152133,48827345,36139023
2022-02-13,41464,68846,48868809,36207869
2022-02-14,46670,116187,48915479,36324056
2022-02-15,48513,123476,48963992,36447532
2022-02-16,45667,106113,49009659,36553645
2022-02-17,42851,98102,49052510,36651747
2022-02-18,46602,112567,49099112,36764314
2022-02-19,52518,100324,49151630,36864638
2022-02-20,31409,40356,49183039,36904994
2022-02-21,37885,89641,49220924,36994635
2022-02-22,37212,83768,49258136,37078403
2022-02-23,33379,79403,49291515,37157806
2022-02-24,32550,78157,49324065,37235963
2022-02-25,34750,90705,49358815,37326668
2022-02-26,39148,89130,49397963,37415798
2022-02-27,22540,35855,49420503,37451653
2022-02-28,28468,81684,49448971,37533337
2022-03-01,22706,53937,49471677,37587274
2022-03-02,21990,50625,49493667,37637899
2022-03-03,22604,54940,49516271,37692839
2022-03-04,23216,62787,49539487,37755626
2022-03-05,23782,57950,49563269,37813576
2022-03-06,9470,17200,49572739,37830776
2022-03-07,15900,51386,49588639,37882162
2022-03-08,15462,48794,49604101,37930956
2022-03-09,13806,46512,49617907,37977468
2022-03-10,14040,52114,49631947,38029582
2022-03-11,15570,57253,49647517,38086835
2022-03-12,15491,56614,49663008,38143449
2022-03-13,5542,16848,49668550,38160297
2022-03-14,10518,46692,49679068,38206989
2022-03-15,10534,46892,49689602,38253881
2022-03-16,9472,41975,49699074,38295856
2022-03-17,9703,44874,49708777,38340730
2022-03-18,10151,49051,49718928,38389781
2022-03-19,9147,46531,49728075,38436312
2022-03-20,2607,11700,49730682,38448012
2022-03-21,7576,40222,49738258,38488234
2022-03-22,8444,37752,49746702,38525986
2022-03-23,7209,33699,49753911,38559685
2022-03-24,8251,38797,49762162,38598482
2022-03-25,8129,43660,49770291,38642142
2022-03-26,8120,41720,49778411,38683862
2022-03-27,2428,9682,49780839,38693544
2022-03-28,6100,35231,49786939,38728775
2022-03-29,5773,32522,49792712,38761297
2022-03-30,5557,30194,49798269,38791491
2022-03-31,5887,33176,49804156,38824667
2022-04-01,4343,25187,49808499,38849854
2022-04-02,4489,23273,49812988,38873127
2022-04-03,1049,4499,49814037,38877626
2022-04-04,3653,21532,49817690,38899158
2022-04-05,3749,22924,49821439,38922082
2022-04-06,4098,21846,49825537,38943928
2022-04-07,3960,23320,49829497,38967248
2022-04-08,4688,26708,49834185,38993956
2022-04-09,4376,23884,49838561,39017840
2022-04-10,893,4614,49839454,39022454
2022-04-11,3812,22685,49843266,39045139
2022-04-12,3357,21779,49846623,39066918
2022-04-13,3559,21332,49850182,39088250
2022-04-14,3481,23774,49853663,39112024
2022-04-15,3078,20618,49856741,39132642
2022-04-16,2147,11919,49858888,39144561
2022-04-17,63,348,49858951,39144909
2022-04-18,149,650,49859100,39145559
2022-04-19,3490,21978,49862590,39167537
2022-04-20,3500,20248,49866090,39187785
2022-04-21,2840,19781,49868930,39207566
2022-04-22,2920,20693,49871850,39228259
2022-04-23,2637,16210,49874487,39244469
2022-04-24,509,2335,49874996,39246804
2022-04-25,183,1165,49875179,39247969
2022-04-26,2759,17792,49877938,39265761
2022-04-27,2368,15784,49880306,39281545
2022-04-28,2353,15553,49882659,39297098
2022-04-29,2291,14835,49884950,39311933
2022-04-30,2121,11576,49887071,39323509
2022-05-01,113,530,49887184,39324039
2022-05-02,1445,9384,49888629,39333423
2022-05-03,1573,10309,49890202,39343732
2022-05-04,1744,10257,49891946,39353989
2022-05-05,1650,10273,49893596,39364262
2022-05-06,1698,10945,49895294,39375207
2022-05-07,1431,8562,49896725,39383769
2022-05-08,404,1514,49897129,39385283
2022-05-09,1024,8917,49898153,39394200
2022-05-10,1422,9536,49899575,39403736
2022-05-11,1480,10087,49901055,39413823
2022-05-12,1368,10118,49902423,39423941
2022-05-13,1587,10510,49904010,39434451
2022-05-14,1357,8227,49905367,39442678
2022-05-15,336,1129,49905703,39443807
2022-05-16,812,8388,49906515,39452195
2022-05-17,1242,8673,49907757,39460868
2022-05-18,1368,9216,49909125,39470084
2022-05-19,1498,9268,49910623,39479352
2022-05-20,1419,9494,49912042,39488846
2022-05-21,1299,7892,49913341,39496738
2022-05-22,231,1012,49913572,39497750
2022-05-23,826,8261,49914398,39506011
2022-05-24,1070,8666,49915468,39514677
2022-05-25,1365,9445,49916833,39524122
2022-05-26,1194,9455,49918027,39533577
2022-05-27,1225,9911,49919252,39543488
2022-05-28,1202,7873,49920454,39551361
2022-05-29,285,1264,49920739,39552625
2022-05-30,930,8026,49921669,39560651
2022-05-31,1033,8531,49922702,39569182
2022-06-01,891,7644,49923593,39576826
2022-06-02,35,474,49923628,39577300
2022-06-03,814,7328,49924442,39584628
2022-06-04,870,5155,49925312,39589783
2022-06-05,89,586,49925401,39590369
2022-06-06,672,6984,49926073,39597353
2022-06-07,931,7841,49927004,39605194
2022-06-08,982,7898,49927986,39613092
2022-06-09,1034,8400,49929020,39621492
2022-06-10,957,8550,49929977,39630042
2022-06-11,900,6206,49930877,39636248
2022-06-12,140,767,49931017,39637015
2022-06-13,603,6295,49931620,39643310
2022-06-14,826,7881,49932446,39651191
2022-06-15,951,7843,49933397,39659034
2022-06-16,728,7387,49934125,39666421
2022-06-17,720,7239,49934845,39673660
2022-06-18,777,5588,49935622,39679248
2022-06-19,47,522,49935669,39679770
2022-06-20,588,6694,49936257,39686464
2022-06-21,733,7645,49936990,39694109
2022-06-22,780,7304,49937770,39701413
2022-06-23,649,7457,49938419,39708870
2022-06-24,644,7473,49939063,39716343
2022-06-25,835,6532,49939898,39722875
2022-06-26,128,523,49940026,39723398
2022-06-27,532,7120,49940558,39730518
2022-06-28,745,8208,49941303,39738726
2022-06-29,754,7717,49942057,39746443
2022-06-30,744,8131,49942801,39754574
2022-07-01,576,6437,49943377,39761011
2022-07-02,536,4765,49943913,39765776
2022-07-03,49,456,49943962,39766232
2022-07-04,470,6270,49944432,39772502
2022-07-05,627,8112,49945059,39780614
2022-07-06,629,7605,49945688,39788219
2022-07-07,567,8255,49946255,39796474
2022-07-08,670,8078,49946925,39804552
2022-07-09,549,6103,49947474,39810655
2022-07-10,58,533,49947532,39811188
2022-07-11,486,7637,49948018,39818825
2022-07-12,663,9001,49948681,39827826
2022-07-13,638,10058,49949319,39837884
2022-07-14,636,10219,49949955,39848103
2022-07-15,623,10663,49950578,39858766
2022-07-16,521,7207,49951099,39865973
2022-07-17,48,769,49951147,39866742
2022-07-18,497,9349,49951644,39876091
2022-07-19,574,10649,49952218,39886740
2022-07-20,576,11256,49952794,39897996
2022-07-21,625,12033,49953419,39910029
2022-07-22,581,11222,49954000,39921251
2022-07-23,379,6740,49954379,39927991
2022-07-24,76,834,49954455,39928825
2022-07-25,500,9031,49954955,39937856
2022-07-26,518,9724,49955473,39947580
2022-07-27,546,10149,49956019,39957729
2022-07-28,527,10475,49956546,39968204
2022-07-29,510,9417,49957056,39977621
2022-07-30,380,5851,49957436,39983472
2022-07-31,49,745,49957485,39984217
2022-08-01,386,6822,49957871,39991039
2022-08-02,538,7513,49958409,39998552
2022-08-03,509,7140,49958918,40005692
2022-08-04,451,7415,49959369,40013107
2022-08-05,416,6479,49959785,40019586
2022-08-06,297,3580,49960082,40023166
2022-08-07,44,550,49960126,40023716
2022-08-08,396,4872,49960522,40028588
2022-08-09,382,5266,49960904,40033854
2022-08-10,373,4779,49961277,40038633
2022-08-11,364,4756,49961641,40043389
2022-08-12,287,3698,49961928,40047087
2022-08-13,143,1595,49962071,40048682
2022-08-14,9,128,49962080,40048810
2022-08-15,1,24,49962081,40048834
2022-08-16,281,3022,49962362,40051856
2022-08-17,351,3513,49962713,40055369
2022-08-18,384,4138,49963097,40059507
2022-08-19,338,3301,49963435,40062808
2022-08-20,182,1711,49963617,40064519
2022-08-21,24,146,49963641,40064665
2022-08-22,326,2928,49963967,40067593
2022-08-23,371,3644,49964338,40071237
2022-08-24,380,3327,49964718,40074564
2022-08-25,417,3700,49965135,40078264
2022-08-26,392,3537,49965527,40081801
2022-08-27,233,1767,49965760,40083568
2022-08-28,29,260,49965789,40083828
2022-08-29,353,3133,49966142,40086961
2022-08-30,398,3631,49966540,40090592
2022-08-31,427,3691,49966967,40094283
2022-09-01,352,3056,49967319,40097339
2022-09-02,288,2860,49967607,40100199
2022-09-03,197,1682,49967804,40101881
2022-09-04,22,147,49967826,40102028
2022-09-05,185,2614,49968011,40104642
2022-09-06,298,2926,49968309,40107568
2022-09-07,524,2821,49968833,40110389
2022-09-08,265,2856,49969098,40113245
2022-09-09,286,2695,49969384,40115940
2022-09-10,223,1279,49969607,40117219
2022-09-11,25,119,49969632,40117338