data_somministrazione,vaccinazioni,booster,cum_vaccinazioni,cum_booster
2020-12-27,19,0,19,0
2020-12-28,2,0,21,0
2020-12-29,1,0,22,0
2020-12-30,6,0,28,0
2020-12-31,62,0,90,0
2021-01-01,22,0,112,0
2021-01-02,100,0,212,0
2021-01-03,73,0,285,0
2021-01-04,190,0,475,0
2021-01-05,231,0,706,0
2021-01-06,184,0,890,0
2021-01-07,277,0,1167,0
2021-01-08,320,0,1487,0
2021-01-09,236,0,1723,0
2021-01-10,143,0,1866,0
2021-01-11,264,0,2130,0
2021-01-12,261,0,2391,0
2021-01-13,382,0,2773,0
2021-01-14,467,0,3240,0
2021-01-15,290,0,3530,0
2021-01-16,202,0,3732,0
2021-01-17,3057,0,6789,0
2021-01-18,5206,0,11995,0
2021-01-19,1889,0,13884,0
2021-01-20,4652,0,18536,0
2021-01-21,20003,0,38539,0
2021-01-22,14201,0,52740,0
2021-01-23,33335,0,86075,0
2021-01-24,30792,0,116867,0
2021-01-25,64740,0,181607,0
2021-01-26,76504,0,258111,0
2021-01-27,64850,0,322961,0
2021-01-28,89302,0,412263,0
2021-01-29,94039,0,506302,0
2021-01-30,86579,0,592881,0
2021-01-31,57342,0,650223,0
2021-02-01,81877,0,732100,0
2021-02-02,82148,0,814248,0
2021-02-03,91197,0,905445,0
2021-02-04,95403,0,1000848,0
2021-02-05,90284,0,1091132,0
2021-02-06,63451,0,1154583,0
2021-02-07,32926,0,1187509,0
2021-02-08,40431,0,1227940,0
2021-02-09,32865,0,1260805,0
2021-02-10,28419,0,1289224,0
2021-02-11,20386,0,1309610,0
2021-02-12,16225,0,1325835,0
2021-02-13,7250,0,1333085,0
2021-02-14,2861,0,1335946,0
2021-02-15,6836,0,1342782,0
2021-02-16,6993,0,1349775,0
2021-02-17,10518,0,1360293,0
2021-02-18,9245,0,1369538,0
2021-02-19,8234,0,1377772,0
2021-02-20,5536,0,1383308,0
2021-02-21,2985,0,1386293,0
2021-02-22,6880,0,1393173,0
2021-02-23,7156,0,1400329,0
2021-02-24,9823,0,1410152,0
2021-02-25,14199,0,1424351,0
2021-02-26,17551,0,1441902,0
2021-02-27,13896,0,1455798,0
2021-02-28,9386,0,1465184,0
2021-03-01,26506,0,1491690,0
2021-03-02,33235,0,1524925,0
2021-03-03,44641,0,1569566,0
2021-03-04,50288,0,1619854,0
2021-03-05,55735,0,1675589,0
2021-03-06,41871,0,1717460,0
2021-03-07,22320,0,1739780,0
2021-03-08,50793,0,1790573,0
2021-03-09,53055,0,1843628,0
2021-03-10,58621,0,1902249,0
2021-03-11,63833,0,1966082,0
2021-03-12,65094,0,2031176,0
2021-03-13,51706,0,2082882,0
2021-03-14,35383,0,2118265,0
2021-03-15,73425,0,2191690,0
2021-03-16,74022,0,2265712,0
2021-03-17,83128,0,2348840,0
2021-03-18,81621,0,2430461,0
2021-03-19,81077,0,2511538,0
2021-03-20,64705,0,2576243,0
2021-03-21,47285,0,2623528,0
2021-03-22,69470,0,2692998,0
2021-03-23,75777,0,2768775,0
2021-03-24,90884,0,2859659,0
2021-03-25,89783,0,2949442,0
2021-03-26,83602,0,3033044,0
2021-03-27,71916,0,3104960,0
2021-03-28,44120,0,3149080,0
2021-03-29,70803,0,3219883,0
2021-03-30,81353,0,3301236,0
2021-03-31,96216,0,3397452,0
2021-04-01,95290,0,3492742,0
2021-04-02,84060,0,3576802,0
2021-04-03,64295,0,3641097,0
2021-04-04,21715,0,3662812,0
2021-04-05,40295,0,3703107,0
2021-04-06,81296,0,3784403,0
2021-04-07,95802,0,3880205,0
2021-04-08,95225,0,3975430,0
2021-04-09,88476,0,4063906,0
2021-04-10,74026,0,4137932,0
2021-04-11,44748,0,4182680,0
2021-04-12,66904,0,4249584,0
2021-04-13,72559,0,4322143,0
2021-04-14,85514,0,4407657,0
2021-04-15,105397,0,4513054,0
2021-04-16,106407,0,4619461,0
2021-04-17,90488,0,4709949,0
2021-04-18,58582,0,4768531,0
2021-04-19,93424,0,4861955,0
2021-04-20,103759,0,4965714,0
2021-04-21,125324,0,5091038,0
2021-04-22,143501,0,5234539,0
2021-04-23,138713,0,5373252,0
2021-04-24,124430,0,5497682,0
2021-04-25,61453,0,5559135,0
2021-04-26,97873,0,5657008,0
2021-04-27,128348,0,5785356,0
2021-04-28,156347,0,5941703,0
2021-04-29,195575,0,6137278,0
2021-04-30,214552,0,6351830,0
2021-05-01,174087,0,6525917,0
2021-05-02,135792,0,6661709,0
2021-05-03,142000,0,6803709,0
2021-05-04,158673,0,6962382,0
2021-05-05,170466,0,7132848,0
2021-05-06,197786,0,7330634,0
2021-05-07,213799,0,7544433,0
2021-05-08,213379,0,7757812,0
2021-05-09,143186,0,7900998,0
2021-05-10,165077,0,8066075,0
2021-05-11,174951,0,8241026,0
2021-05-12,179141,0,8420167,0
2021-05-13,203353,0,8623520,0
2021-05-14,222889,0,8846409,0
2021-05-15,210325,0,9056734,0
2021-05-16,159258,0,9215992,0
2021-05-17,219176,0,9435168,0
2021-05-18,212994,0,9648162,0
2021-05-19,207066,0,9855228,0
2021-05-20,270835,0,10126063,0
2021-05-21,270857,0,10396920,0
2021-05-22,245512,0,10642432,0
2021-05-23,197171,0,10839603,0
2021-05-24,228288,0,11067891,0
2021-05-25,245684,0,11313575,0
2021-05-26,277477,0,11591052,0
2021-05-27,311076,0,11902128,0
2021-05-28,299554,0,12201682,0
2021-05-29,231188,0,12432870,0
2021-05-30,170819,0,12603689,0
2021-05-31,216400,0,12820089,0
2021-06-01,207627,0,13027716,0
2021-06-02,115766,0,13143482,0
2021-06-03,180095,0,13323577,0
2021-06-04,184843,0,13508420,0
2021-06-05,185915,0,13694335,0
2021-06-06,139503,0,13833838,0
2021-06-07,161828,0,13995666,0
2021-06-08,171148,0,14166814,0
2021-06-09,171417,0,14338231,0
2021-06-10,174031,0,14512262,0
2021-06-11,169921,0,14682183,0
2021-06-12,128296,0,14810479,0
2021-06-13,91132,0,14901611,0
2021-06-14,214631,0,15116242,0
2021-06-15,228374,0,15344616,0
2021-06-16,253026,0,15597642,0
2021-06-17,301688,0,15899330,0
2021-06-18,306247,0,16205577,0
2021-06-19,275040,0,16480617,0
2021-06-20,220734,0,16701351,0
2021-06-21,288029,0,16989380,0
2021-06-22,296178,0,17285558,0
2021-06-23,302657,0,17588215,0
2021-06-24,332548,0,17920763,0
2021-06-25,348685,0,18269448,0
2021-06-26,300082,0,18569530,0
2021-06-27,228608,0,18798138,0
2021-06-28,307025,0,19105163,0
2021-06-29,329228,0,19434391,0
2021-06-30,342092,0,19776483,0
2021-07-01,363146,0,20139629,0
2021-07-02,368428,0,20508057,0
2021-07-03,371061,0,20879118,0
2021-07-04,283186,0,21162304,0
2021-07-05,384495,0,21546799,0
2021-07-06,385424,0,21932223,0
2021-07-07,412062,0,22344285,0
2021-07-08,479626,0,22823911,0
2021-07-09,498492,0,23322403,0
2021-07-10,475180,0,23797583,0
2021-07-11,357707,0,24155290,0
2021-07-12,485917,0,24641207,0
2021-07-13,492150,0,25133357,0
2021-07-14,480482,0,25613839,0
2021-07-15,523495,0,26137334,0
2021-07-16,509794,0,26647128,0
2021-07-17,464373,0,27111501,0
2021-07-18,364700,0,27476201,0
2021-07-19,463077,0,27939278,0
2021-07-20,458089,0,28397367,0
2021-07-21,462824,0,28860191,0
2021-07-22,475395,0,29335586,0
2021-07-23,441313,0,29776899,0
2021-07-24,386193,0,30163092,0
2021-07-25,287599,0,30450691,0
2021-07-26,430896,0,30881587,0
2021-07-27,440128,0,31321715,0
2021-07-28,391017,0,31712732,0
2021-07-29,372079,0,32084811,0
2021-07-30,341503,0,32426314,0
2021-07-31,287014,0,32713328,0
2021-08-01,191024,0,32904352,0
2021-08-02,333735,0,33238087,0
2021-08-03,323187,0,33561274,0
2021-08-04,310967,0,33872241,0
2021-08-05,292511,0,34164752,0
2021-08-06,260001,0,34424753,0
2021-08-07,199050,0,34623803,0
2021-08-08,153105,0,34776908,0
2021-08-09,234071,0,35010979,0
2021-08-10,205245,0,35216224,0
2021-08-11,193756,0,35409980,0
2021-08-12,167970,0,35577950,0
2021-08-13,148594,0,35726544,0
2021-08-14,66086,0,35792630,0
2021-08-15,26333,0,35818963,0
2021-08-16,114672,0,35933635,0
2021-08-17,129235,0,36062870,0
2021-08-18,128729,0,36191599,0
2021-08-19,124783,0,36316382,0
2021-08-20,123786,0,36440168,0
2021-08-21,83111,0,36523279,0
2021-08-22,68163,0,36591442,0
2021-08-23,176863,0,36768305,0
2021-08-24,156906,0,36925211,0
2021-08-25,177167,0,37102378,0
2021-08-26,172352,0,37274730,0
2021-08-27,185847,0,37460577,0
2021-08-28,140271,0,37600848,0
2021-08-29,99005,0,37699853,0
2021-08-30,209638,0,37909491,0
2021-08-31,194627,0,38104118,0
2021-09-01,192218,0,38296336,0
2021-09-02,189942,0,38486278,0
2021-09-03,191340,0,38677618,0
2021-09-04,131486,0,38809104,0
2021-09-05,87871,0,38896975,0
2021-09-06,193661,0,39090636,0
2021-09-07,196072,0,39286708,0
2021-09-08,187911,0,39474619,0
2021-09-09,201481,0,39676100,0
2021-09-10,198114,0,39874214,0
2021-09-11,141326,0,40015540,0
2021-09-12,89603,0,40105143,0
2021-09-13,191169,543,40296312,543
2021-09-14,177269,567,40473581,1110
2021-09-15,163132,564,40636713,1674
2021-09-16,160099,912,40796812,2586
2021-09-17,150172,1106,40946984,3692
2021-09-18,127977,729,41074961,4421
2021-09-19,81129,489,41156090,4910
2021-09-20,180074,9064,41336164,13974
2021-09-21,166626,8825,41502790,22799
2021-09-22,159074,9426,41661864,32225
2021-09-23,138078,9316,41799942,41541
2021-09-24,140542,8946,41940484,50487
2021-09-25,119544,5629,42060028,56116
2021-09-26,71948,4338,42131976,60454
2021-09-27,135629,10037,42267605,70491
2021-09-28,117484,11376,42385089,81867
2021-09-29,112327,11821,42497416,93688
2021-09-30,110221,14938,42607637,108626
2021-10-01,94971,19101,42702608,127727
2021-10-02,78470,14010,42781078,141737
2021-10-03,47726,7655,42828804,149392
2021-10-04,88373,34438,42917177,183830
2021-10-05,80360,33967,42997537,217797
2021-10-06,71977,34156,43069514,251953
2021-10-07,71847,34339,43141361,286292
2021-10-08,80623,33585,43221984,319877
2021-10-09,76097,22163,43298081,342040
2021-10-10,45772,13614,43343853,355654
2021-10-11,87408,41096,43431261,396750
2021-10-12,84488,46891,43515749,443641
2021-10-13,88185,52104,43603934,495745
2021-10-14,91520,58500,43695454,554245
2021-10-15,93578,55617,43789032,609862
2021-10-16,82956,36776,43871988,646638
2021-10-17,51459,23823,43923447,670461
2021-10-18,90287,59475,44013734,729936
2021-10-19,78340,69367,44092074,799303
2021-10-20,75074,78157,44167148,877460
2021-10-21,78299,81746,44245447,959206
2021-10-22,73791,77014,44319238,1036220
2021-10-23,60809,51949,44380047,1088169
2021-10-24,33379,23447,44413426,1111616
2021-10-25,64901,81622,44478327,1193238
2021-10-26,58373,91772,44536700,1285010
2021-10-27,58328,103958,44595028,1388968
2021-10-28,61467,114095,44656495,1503063
2021-10-29,61660,103105,44718155,1606168
2021-10-30,50669,68110,44768824,1674278
2021-10-31,25167,28284,44793991,1702562
2021-11-01,19047,28146,44813038,1730708
2021-11-02,62768,89369,44875806,1820077
2021-11-03,60733,118656,44936539,1938733
2021-11-04,59244,126654,44995783,2065387
2021-11-05,63093,135166,45058876,2200553
2021-11-06,46472,90921,45105348,2291474
2021-11-07,22253,37892,45127601,2329366
2021-11-08,51526,131259,45179127,2460625
2021-11-09,45402,144192,45224529,2604817
2021-11-10,42578,156343,45267107,2761160
2021-11-11,44934,155135,45312041,2916295
2021-11-12,46371,158569,45358412,3074864
2021-11-13,33250,116643,45391662,3191507
2021-11-14,14478,52446,45406140,3243953
2021-11-15,36894,157419,45443034,3401372
2021-11-16,30545,171370,45473579,3572742
2021-11-17,28448,178432,45502027,3751174
2021-11-18,30277,193709,45532304,3944883
2021-11-19,28797,205847,45561101,4150730
2021-11-20,20989,156434,45582090,4307164
2021-11-21,10609,64855,45592699,4372019
2021-11-22,21926,213136,45614625,4585155
2021-11-23,23563,241739,45638188,4826894
2021-11-24,27828,270941,45666016,5097835
2021-11-25,23229,301894,45689245,5399729
2021-11-26,24573,318260,45713818,5717989
2021-11-27,21372,266148,45735190,5984137
2021-11-28,9894,137052,45745084,6121189
2021-11-29,22310,326060,45767394,6447249
2021-11-30,23076,365818,45790470,6813067
2021-12-01,21507,413498,45811977,7226565
2021-12-02,23746,440376,45835723,7666941
2021-12-03,25224,467449,45860947,8134390
2021-12-04,22346,418724,45883293,8553114
2021-12-05,11903,261328,45895196,8814442
2021-12-06,25801,457560,45920997,9272002
2021-12-07,24103,480243,45945100,9752245
2021-12-08,9993,249677,45955093,10001922
2021-12-09,31555,491910,45986648,10493832
2021-12-10,28041,517863,46014689,11011695
2021-12-11,23542,459238,46038231,11470933
2021-12-12,12292,293495,46050523,11764428
2021-12-13,26125,467617,46076648,12232045
2021-12-14,25148,494187,46101796,12726232
2021-12-15,25303,517126,46127099,13243358
2021-12-16,27861,520237,46154960,13763595
2021-12-17,29332,517157,46184292,14280752
2021-12-18,27024,468710,46211316,14749462
2021-12-19,15125,300514,46226441,15049976
2021-12-20,30604,477465,46257045,15527441
2021-12-21,30345,493376,46287390,16020817
2021-12-22,29424,484694,46316814,16505511
2021-12-23,28215,426890,46345029,16932401
2021-12-24,13103,210819,46358132,17143220
2021-12-25,2101,33052,46360233,17176272
2021-12-26,8750,159064,46368983,17335336
2021-12-27,46745,504648,46415728,17839984
2021-12-28,42415,554196,46458143,18394180
2021-12-29,34295,550625,46492438,18944805
2021-12-30,31789,499817,46524227,19444622
2021-12-31,14093,247394,46538320,19692016
2022-01-01,3493,64812,46541813,19756828
2022-01-02,22729,276716,46564542,20033544
2022-01-03,47775,520006,46612317,20553550
2022-01-04,46278,572068,46658595,21125618
2022-01-05,40663,560377,46699258,21685995
2022-01-06,23435,274480,46722693,21960475
2022-01-07,63604,554175,46786297,22514650
2022-01-08,60755,503376,46847052,23018026
2022-01-09,42755,319683,46889807,23337709
2022-01-10,60986,542271,46950793,23879980
2022-01-11,61613,586980,47012406,24466960
2022-01-12,58351,581269,47070757,25048229
2022-01-13,58501,580371,47129258,25628600
2022-01-14,46681,588557,47175939,26217157
2022-01-15,39236,569934,47215175,26787091
2022-01-16,31105,341848,47246280,27128939
2022-01-17,54702,489643,47300982,27618582
2022-01-18,58302,517008,47359284,28135590
2022-01-19,57119,502781,47416403,28638371
2022-01-20,54256,498810,47470659,29137181
2022-01-21,41973,493865,47512632,29631046
2022-01-22,31077,469590,47543709,30100636
2022-01-23,34867,275365,47578576,30376001
2022-01-24,56122,437206,47634698,30813207
2022-01-25,61488,452086,47696186,31265293
2022-01-26,58480,435813,47754666,31701106
2022-01-27,48776,432351,47803442,32133457
2022-01-28,58613,436526,47862055,32569983
2022-01-29,68040,412477,47930095,32982460
2022-01-30,50331,235963,47980426,33218423
2022-01-31,60556,356920,48040982,33575343
2022-02-01,65478,328430,48106460,33903773
2022-02-02,63123,296960,48169583,34200733
2022-02-03,59997,274512,48229580,34475245
2022-02-04,72315,268441,48301895,34743686
2022-02-05,83702,248523,48385597,34992209
2022-02-06,55250,116192,48440847,35108401
2022-02-07,65098,199927,48505945,35308328
2022-02-08,66890,186102,48572835,35494430
2022-02-09,58723,166329,48631558,35660759
2022-02-10,58521,163231,48690079,35823990
2022-02-11,62209,162451,48752288,35986441
2022-02-12,71935,152135,48824223,36138576
2022-02-13,41456,68849,48865679,36207425
2022-02-14,46650,116182,48912329,36323607
2022-02-15,48495,123477,48960824,36447084
2022-02-16,45651,106110,49006475,36553194
2022-02-17,42845,98100,49049320,36651294
2022-02-18,46588,112565,49095908,36763859
2022-02-19,52511,100326,49148419,36864185
2022-02-20,31407,40359,49179826,36904544
2022-02-21,37881,89641,49217707,36994185
2022-02-22,37204,83769,49254911,37077954
2022-02-23,33368,79404,49288279,37157358
2022-02-24,32543,78160,49320822,37235518
2022-02-25,34740,90703,49355562,37326221
2022-02-26,39143,89130,49394705,37415351
2022-02-27,22539,35855,49417244,37451206
2022-02-28,28464,81690,49445708,37532896
2022-03-01,22694,53934,49468402,37586830
2022-03-02,21985,50627,49490387,37637457
2022-03-03,22597,54940,49512984,37692397
2022-03-04,23205,62790,49536189,37755187
2022-03-05,23779,57949,49559968,37813136
2022-03-06,9469,17199,49569437,37830335
2022-03-07,15895,51389,49585332,37881724
2022-03-08,15447,48795,49600779,37930519
2022-03-09,13797,46513,49614576,37977032
2022-03-10,14027,52115,49628603,38029147
2022-03-11,15562,57250,49644165,38086397
2022-03-12,15488,56614,49659653,38143011
2022-03-13,5541,16848,49665194,38159859
2022-03-14,10516,46691,49675710,38206550
2022-03-15,10533,46892,49686243,38253442
2022-03-16,9470,41977,49695713,38295419
2022-03-17,9697,44875,49705410,38340294
2022-03-18,10149,49052,49715559,38389346
2022-03-19,9142,46531,49724701,38435877
2022-03-20,2606,11699,49727307,38447576
2022-03-21,7569,40221,49734876,38487797
2022-03-22,8439,37747,49743315,38525544
2022-03-23,7203,33694,49750518,38559238
2022-03-24,8245,38796,49758763,38598034
2022-03-25,8122,43664,49766885,38641698
2022-03-26,8118,41719,49775003,38683417
2022-03-27,2428,9682,49777431,38693099
2022-03-28,6097,35230,49783528,38728329
2022-03-29,5773,32523,49789301,38760852
2022-03-30,5554,30192,49794855,38791044
2022-03-31,5884,33171,49800739,38824215
2022-04-01,4340,25184,49805079,38849399
2022-04-02,4486,23272,49809565,38872671
2022-04-03,1048,4499,49810613,38877170
2022-04-04,3650,21531,49814263,38898701
2022-04-05,3746,22923,49818009,38921624
2022-04-06,4096,21844,49822105,38943468
2022-04-07,3954,23317,49826059,38966785
2022-04-08,4682,26709,49830741,38993494
2022-04-09,4374,23882,49835115,39017376
2022-04-10,892,4614,49836007,39021990
2022-04-11,3801,22683,49839808,39044673
2022-04-12,3356,21776,49843164,39066449
2022-04-13,3557,21334,49846721,39087783
2022-04-14,3483,23775,49850204,39111558
2022-04-15,3077,20613,49853281,39132171
2022-04-16,2148,11921,49855429,39144092
2022-04-17,63,348,49855492,39144440
2022-04-18,148,650,49855640,39145090
2022-04-19,3484,21978,49859124,39167068
2022-04-20,3495,20249,49862619,39187317
2022-04-21,2838,19781,49865457,39207098
2022-04-22,2914,20695,49868371,39227793
2022-04-23,2636,16205,49871007,39243998
2022-04-24,509,2335,49871516,39246333
2022-04-25,183,1165,49871699,39247498
2022-04-26,2759,17793,49874458,39265291
2022-04-27,2364,15782,49876822,39281073
2022-04-28,2348,15534,49879170,39296607
2022-04-29,2290,14835,49881460,39311442
2022-04-30,2120,11576,49883580,39323018
2022-05-01,113,530,49883693,39323548
2022-05-02,1443,9382,49885136,39332930
2022-05-03,1571,10308,49886707,39343238
2022-05-04,1744,10255,49888451,39353493
2022-05-05,1647,10272,49890098,39363765
2022-05-06,1693,10944,49891791,39374709
2022-05-07,1431,8563,49893222,39383272
2022-05-08,404,1514,49893626,39384786
2022-05-09,1023,8917,49894649,39393703
2022-05-10,1418,9536,49896067,39403239
2022-05-11,1477,10087,49897544,39413326
2022-05-12,1366,10119,49898910,39423445
2022-05-13,1587,10509,49900497,39433954
2022-05-14,1355,8226,49901852,39442180
2022-05-15,336,1129,49902188,39443309
2022-05-16,809,8388,49902997,39451697
2022-05-17,1241,8667,49904238,39460364
2022-05-18,1368,9214,49905606,39469578
2022-05-19,1498,9267,49907104,39478845
2022-05-20,1419,9492,49908523,39488337
2022-05-21,1299,7892,49909822,39496229
2022-05-22,230,1012,49910052,39497241
2022-05-23,825,8260,49910877,39505501
2022-05-24,1070,8665,49911947,39514166
2022-05-25,1365,9444,49913312,39523610
2022-05-26,1192,9452,49914504,39533062
2022-05-27,1223,9909,49915727,39542971
2022-05-28,1202,7873,49916929,39550844
2022-05-29,285,1264,49917214,39552108
2022-05-30,929,8026,49918143,39560134
2022-05-31,1033,8529,49919176,39568663
2022-06-01,891,7644,49920067,39576307
2022-06-02,35,474,49920102,39576781
2022-06-03,813,7327,49920915,39584108
2022-06-04,869,5155,49921784,39589263
2022-06-05,89,586,49921873,39589849
2022-06-06,670,6964,49922543,39596813
2022-06-07,930,7841,49923473,39604654
2022-06-08,981,7897,49924454,39612551
2022-06-09,1034,8399,49925488,39620950
2022-06-10,954,8537,49926442,39629487
2022-06-11,899,6207,49927341,39635694
2022-06-12,140,767,49927481,39636461
2022-06-13,602,6295,49928083,39642756
2022-06-14,824,7880,49928907,39650636
2022-06-15,950,7845,49929857,39658481
2022-06-16,728,7383,49930585,39665864
2022-06-17,718,7238,49931303,39673102
2022-06-18,776,5588,49932079,39678690
2022-06-19,47,522,49932126,39679212
2022-06-20,587,6694,49932713,39685906
2022-06-21,731,7638,49933444,39693544
2022-06-22,780,7303,49934224,39700847
2022-06-23,648,7455,49934872,39708302
2022-06-24,643,7472,49935515,39715774
2022-06-25,835,6531,49936350,39722305
2022-06-26,128,523,49936478,39722828
2022-06-27,532,7117,49937010,39729945
2022-06-28,743,8208,49937753,39738153
2022-06-29,755,7718,49938508,39745871
2022-06-30,742,8131,49939250,39754002
2022-07-01,577,6436,49939827,39760438
2022-07-02,536,4765,49940363,39765203
2022-07-03,49,456,49940412,39765659
2022-07-04,470,6269,49940882,39771928
2022-07-05,622,8107,49941504,39780035
2022-07-06,625,7594,49942129,39787629
2022-07-07,562,8250,49942691,39795879
2022-07-08,670,8075,49943361,39803954
2022-07-09,548,6103,49943909,39810057
2022-07-10,58,533,49943967,39810590
2022-07-11,477,7626,49944444,39818216
2022-07-12,653,8981,49945097,39827197
2022-07-13,629,10065,49945726,39837262
2022-07-14,618,10219,49946344,39847481
2022-07-15,616,10650,49946960,39858131
2022-07-16,512,7207,49947472,39865338
2022-07-17,48,769,49947520,39866107
2022-07-18,495,9340,49948015,39875447
2022-07-19,561,10644,49948576,39886091
2022-07-20,564,11248,49949140,39897339
2022-07-21,620,12016,49949760,39909355
2022-07-22,572,11208,49950332,39920563
2022-07-23,377,6731,49950709,39927294
2022-07-24,75,834,49950784,39928128
2022-07-25,493,9020,49951277,39937148
2022-07-26,517,9715,49951794,39946863
2022-07-27,540,10135,49952334,39956998
2022-07-28,525,10456,49952859,39967454
2022-07-29,506,9391,49953365,39976845
2022-07-30,380,5848,49953745,39982693
2022-07-31,49,746,49953794,39983439
2022-08-01,383,6808,49954177,39990247
2022-08-02,534,7495,49954711,39997742
2022-08-03,495,7097,49955206,40004839
2022-08-04,448,7391,49955654,40012230
2022-08-05,410,6448,49956064,40018678
2022-08-06,297,3576,49956361,40022254
2022-08-07,44,547,49956405,40022801
2022-08-08,392,4846,49956797,40027647
2022-08-09,376,5233,49957173,40032880
2022-08-10,368,4749,49957541,40037629
2022-08-11,359,4725,49957900,40042354
2022-08-12,286,3671,49958186,40046025
2022-08-13,139,1595,49958325,40047620
2022-08-14,9,127,49958334,40047747
2022-08-15,1,24,49958335,40047771
2022-08-16,279,2996,49958614,40050767
2022-08-17,339,3459,49958953,40054226
2022-08-18,373,3990,49959326,40058216
2022-08-19,314,3117,49959640,40061333
2022-08-20,178,1661,49959818,40062994
2022-08-21,24,144,49959842,40063138