data_somministrazione,vaccinazioni,booster,cum_vaccinazioni,cum_booster
2020-12-27,20,0,20,0
2020-12-28,2,0,22,0
2020-12-29,1,0,23,0
2020-12-30,8,0,31,0
2020-12-31,71,0,102,0
2021-01-01,23,0,125,0
2021-01-02,118,0,243,0
2021-01-03,82,0,325,0
2021-01-04,209,0,534,0
2021-01-05,243,0,777,0
2021-01-06,210,0,987,0
2021-01-07,297,0,1284,0
2021-01-08,341,0,1625,0
2021-01-09,253,0,1878,0
2021-01-10,150,0,2028,0
2021-01-11,278,0,2306,0
2021-01-12,267,0,2573,0
2021-01-13,393,0,2966,0
2021-01-14,480,0,3446,0
2021-01-15,298,0,3744,0
2021-01-16,212,0,3956,0
2021-01-17,3059,0,7015,0
2021-01-18,5210,0,12225,0
2021-01-19,1893,0,14118,0
2021-01-20,4655,0,18773,0
2021-01-21,19999,0,38772,0
2021-01-22,14205,0,52977,0
2021-01-23,33326,0,86303,0
2021-01-24,30786,0,117089,0
2021-01-25,64723,0,181812,0
2021-01-26,76493,0,258305,0
2021-01-27,64832,0,323137,0
2021-01-28,89283,0,412420,0
2021-01-29,94014,0,506434,0
2021-01-30,86560,0,592994,0
2021-01-31,57330,0,650324,0
2021-02-01,81859,0,732183,0
2021-02-02,82148,0,814331,0
2021-02-03,91191,0,905522,0
2021-02-04,95399,0,1000921,0
2021-02-05,90275,0,1091196,0
2021-02-06,63444,0,1154640,0
2021-02-07,32927,0,1187567,0
2021-02-08,40428,0,1227995,0
2021-02-09,32866,0,1260861,0
2021-02-10,28421,0,1289282,0
2021-02-11,20393,0,1309675,0
2021-02-12,16231,0,1325906,0
2021-02-13,7264,0,1333170,0
2021-02-14,2861,0,1336031,0
2021-02-15,6839,0,1342870,0
2021-02-16,6998,0,1349868,0
2021-02-17,10520,0,1360388,0
2021-02-18,9251,0,1369639,0
2021-02-19,8244,0,1377883,0
2021-02-20,5552,0,1383435,0
2021-02-21,2996,0,1386431,0
2021-02-22,6883,0,1393314,0
2021-02-23,7165,0,1400479,0
2021-02-24,9828,0,1410307,0
2021-02-25,14205,0,1424512,0
2021-02-26,17555,0,1442067,0
2021-02-27,13909,0,1455976,0
2021-02-28,9387,0,1465363,0
2021-03-01,26514,0,1491877,0
2021-03-02,33239,0,1525116,0
2021-03-03,44643,0,1569759,0
2021-03-04,50290,0,1620049,0
2021-03-05,55735,0,1675784,0
2021-03-06,41871,0,1717655,0
2021-03-07,22323,0,1739978,0
2021-03-08,50805,0,1790783,0
2021-03-09,53063,0,1843846,0
2021-03-10,58637,0,1902483,0
2021-03-11,63851,0,1966334,0
2021-03-12,65107,0,2031441,0
2021-03-13,51714,0,2083155,0
2021-03-14,35392,0,2118547,0
2021-03-15,73433,0,2191980,0
2021-03-16,74024,0,2266004,0
2021-03-17,83129,0,2349133,0
2021-03-18,81621,0,2430754,0
2021-03-19,81077,0,2511831,0
2021-03-20,64715,0,2576546,0
2021-03-21,47293,0,2623839,0
2021-03-22,69469,0,2693308,0
2021-03-23,75787,0,2769095,0
2021-03-24,90898,0,2859993,0
2021-03-25,89794,0,2949787,0
2021-03-26,83615,0,3033402,0
2021-03-27,71928,0,3105330,0
2021-03-28,44140,0,3149470,0
2021-03-29,70814,0,3220284,0
2021-03-30,81375,0,3301659,0
2021-03-31,96224,0,3397883,0
2021-04-01,95298,0,3493181,0
2021-04-02,84066,0,3577247,0
2021-04-03,64301,0,3641548,0
2021-04-04,21717,0,3663265,0
2021-04-05,40303,0,3703568,0
2021-04-06,81306,0,3784874,0
2021-04-07,95819,0,3880693,0
2021-04-08,95233,0,3975926,0
2021-04-09,88486,0,4064412,0
2021-04-10,74032,0,4138444,0
2021-04-11,44760,0,4183204,0
2021-04-12,66911,0,4250115,0
2021-04-13,72568,0,4322683,0
2021-04-14,85524,0,4408207,0
2021-04-15,105404,0,4513611,0
2021-04-16,106415,0,4620026,0
2021-04-17,90507,0,4710533,0
2021-04-18,58582,0,4769115,0
2021-04-19,93426,0,4862541,0
2021-04-20,103757,0,4966298,0
2021-04-21,125334,0,5091632,0
2021-04-22,143503,0,5235135,0
2021-04-23,138723,0,5373858,0
2021-04-24,124438,0,5498296,0
2021-04-25,61454,0,5559750,0
2021-04-26,97882,0,5657632,0
2021-04-27,128354,0,5785986,0
2021-04-28,156359,0,5942345,0
2021-04-29,195587,0,6137932,0
2021-04-30,214559,0,6352491,0
2021-05-01,174100,0,6526591,0
2021-05-02,135795,0,6662386,0
2021-05-03,142011,0,6804397,0
2021-05-04,158680,0,6963077,0
2021-05-05,170485,0,7133562,0
2021-05-06,197792,0,7331354,0
2021-05-07,213826,0,7545180,0
2021-05-08,213392,0,7758572,0
2021-05-09,143196,0,7901768,0
2021-05-10,165080,0,8066848,0
2021-05-11,174971,0,8241819,0
2021-05-12,179171,0,8420990,0
2021-05-13,203372,0,8624362,0
2021-05-14,222901,0,8847263,0
2021-05-15,210352,0,9057615,0
2021-05-16,159269,0,9216884,0
2021-05-17,219183,0,9436067,0
2021-05-18,213001,0,9649068,0
2021-05-19,207072,0,9856140,0
2021-05-20,270842,0,10126982,0
2021-05-21,270870,0,10397852,0
2021-05-22,245518,0,10643370,0
2021-05-23,197172,0,10840542,0
2021-05-24,228299,0,11068841,0
2021-05-25,245690,0,11314531,0
2021-05-26,277481,0,11592012,0
2021-05-27,311078,0,11903090,0
2021-05-28,299568,0,12202658,0
2021-05-29,231215,0,12433873,0
2021-05-30,170834,0,12604707,0
2021-05-31,216416,0,12821123,0
2021-06-01,207624,0,13028747,0
2021-06-02,115780,0,13144527,0
2021-06-03,180135,0,13324662,0
2021-06-04,184865,0,13509527,0
2021-06-05,185951,0,13695478,0
2021-06-06,139533,0,13835011,0
2021-06-07,161860,0,13996871,0
2021-06-08,171198,0,14168069,0
2021-06-09,171457,0,14339526,0
2021-06-10,174078,0,14513604,0
2021-06-11,169961,0,14683565,0
2021-06-12,128316,0,14811881,0
2021-06-13,91166,0,14903047,0
2021-06-14,214666,0,15117713,0
2021-06-15,228403,0,15346116,0
2021-06-16,253061,0,15599177,0
2021-06-17,301719,0,15900896,0
2021-06-18,306286,0,16207182,0
2021-06-19,275072,0,16482254,0
2021-06-20,220755,0,16703009,0
2021-06-21,288062,0,16991071,0
2021-06-22,296199,0,17287270,0
2021-06-23,302670,0,17589940,0
2021-06-24,332578,0,17922518,0
2021-06-25,348697,0,18271215,0
2021-06-26,300091,0,18571306,0
2021-06-27,228637,0,18799943,0
2021-06-28,307062,0,19107005,0
2021-06-29,329258,0,19436263,0
2021-06-30,342122,0,19778385,0
2021-07-01,363181,0,20141566,0
2021-07-02,368441,0,20510007,0
2021-07-03,371073,0,20881080,0
2021-07-04,283202,0,21164282,0
2021-07-05,384519,0,21548801,0
2021-07-06,385441,0,21934242,0
2021-07-07,412078,0,22346320,0
2021-07-08,479602,0,22825922,0
2021-07-09,498477,0,23324399,0
2021-07-10,475168,0,23799567,0
2021-07-11,357688,0,24157255,0
2021-07-12,485884,0,24643139,0
2021-07-13,492124,0,25135263,0
2021-07-14,480466,0,25615729,0
2021-07-15,523456,0,26139185,0
2021-07-16,509769,0,26648954,0
2021-07-17,464352,0,27113306,0
2021-07-18,364672,0,27477978,0
2021-07-19,463057,0,27941035,0
2021-07-20,458073,0,28399108,0
2021-07-21,462797,0,28861905,0
2021-07-22,475400,0,29337305,0
2021-07-23,441295,0,29778600,0
2021-07-24,386170,0,30164770,0
2021-07-25,287573,0,30452343,0
2021-07-26,430871,0,30883214,0
2021-07-27,440123,0,31323337,0
2021-07-28,391002,0,31714339,0
2021-07-29,372073,0,32086412,0
2021-07-30,341504,0,32427916,0
2021-07-31,287025,0,32714941,0
2021-08-01,191012,0,32905953,0
2021-08-02,333715,0,33239668,0
2021-08-03,323184,0,33562852,0
2021-08-04,310970,0,33873822,0
2021-08-05,292504,0,34166326,0
2021-08-06,260004,0,34426330,0
2021-08-07,199046,0,34625376,0
2021-08-08,153108,0,34778484,0
2021-08-09,234073,0,35012557,0
2021-08-10,205244,0,35217801,0
2021-08-11,193760,0,35411561,0
2021-08-12,168014,0,35579575,0
2021-08-13,148617,0,35728192,0
2021-08-14,66090,0,35794282,0
2021-08-15,26337,0,35820619,0
2021-08-16,114691,0,35935310,0
2021-08-17,129247,0,36064557,0
2021-08-18,128746,0,36193303,0
2021-08-19,124805,0,36318108,0
2021-08-20,123798,0,36441906,0
2021-08-21,83124,0,36525030,0
2021-08-22,68169,0,36593199,0
2021-08-23,176867,0,36770066,0
2021-08-24,156903,0,36926969,0
2021-08-25,177170,0,37104139,0
2021-08-26,172351,0,37276490,0
2021-08-27,185840,0,37462330,0
2021-08-28,140273,0,37602603,0
2021-08-29,98995,0,37701598,0
2021-08-30,209622,0,37911220,0
2021-08-31,194641,0,38105861,0
2021-09-01,192212,0,38298073,0
2021-09-02,189936,0,38488009,0
2021-09-03,191326,0,38679335,0
2021-09-04,131475,0,38810810,0
2021-09-05,87860,0,38898670,0
2021-09-06,193640,0,39092310,0
2021-09-07,196044,0,39288354,0
2021-09-08,187892,0,39476246,0
2021-09-09,201458,0,39677704,0
2021-09-10,198090,0,39875794,0
2021-09-11,141314,0,40017108,0
2021-09-12,89599,0,40106707,0
2021-09-13,191143,580,40297850,580
2021-09-14,177240,596,40475090,1176
2021-09-15,163107,601,40638197,1777
2021-09-16,160084,943,40798281,2720
2021-09-17,150173,1128,40948454,3848
2021-09-18,127978,747,41076432,4595
2021-09-19,81135,497,41157567,5092
2021-09-20,180080,9085,41337647,14177
2021-09-21,166644,8838,41504291,23015
2021-09-22,159084,9447,41663375,32462
2021-09-23,138077,9335,41801452,41797
2021-09-24,140540,8969,41941992,50766
2021-09-25,119554,5645,42061546,56411
2021-09-26,71965,4345,42133511,60756
2021-09-27,135653,10053,42269164,70809
2021-09-28,117501,11396,42386665,82205
2021-09-29,112349,11830,42499014,94035
2021-09-30,110239,14957,42609253,108992
2021-10-01,94983,19113,42704236,128105
2021-10-02,78495,14021,42782731,142126
2021-10-03,47744,7659,42830475,149785
2021-10-04,88375,34452,42918850,184237
2021-10-05,80370,33973,42999220,218210
2021-10-06,71987,34169,43071207,252379
2021-10-07,71854,34352,43143061,286731
2021-10-08,80632,33592,43223693,320323
2021-10-09,76101,22176,43299794,342499
2021-10-10,45775,13619,43345569,356118
2021-10-11,87431,41108,43433000,397226
2021-10-12,84495,46908,43517495,444134
2021-10-13,88191,52127,43605686,496261
2021-10-14,91538,58518,43697224,554779
2021-10-15,93601,55636,43790825,610415
2021-10-16,82970,36785,43873795,647200
2021-10-17,51467,23829,43925262,671029
2021-10-18,90302,59489,44015564,730518
2021-10-19,78345,69382,44093909,799900
2021-10-20,75073,78174,44168982,878074
2021-10-21,78297,81766,44247279,959840
2021-10-22,73785,77035,44321064,1036875
2021-10-23,60820,51962,44381884,1088837
2021-10-24,33374,23461,44415258,1112298
2021-10-25,64907,81629,44480165,1193927
2021-10-26,58371,91791,44538536,1285718
2021-10-27,58328,103976,44596864,1389694
2021-10-28,61466,114109,44658330,1503803
2021-10-29,61644,103132,44719974,1606935
2021-10-30,50671,68121,44770645,1675056
2021-10-31,25163,28293,44795808,1703349
2021-11-01,19045,28150,44814853,1731499
2021-11-02,62755,89385,44877608,1820884
2021-11-03,60727,118665,44938335,1939549
2021-11-04,59243,126668,44997578,2066217
2021-11-05,63094,135184,45060672,2201401
2021-11-06,46479,90923,45107151,2292324
2021-11-07,22252,37896,45129403,2330220
2021-11-08,51528,131270,45180931,2461490
2021-11-09,45400,144208,45226331,2605698
2021-11-10,42584,156350,45268915,2762048
2021-11-11,44934,155138,45313849,2917186
2021-11-12,46373,158578,45360222,3075764
2021-11-13,33258,116654,45393480,3192418
2021-11-14,14486,52448,45407966,3244866
2021-11-15,36895,157430,45444861,3402296
2021-11-16,30553,171375,45475414,3573671
2021-11-17,28456,178442,45503870,3752113
2021-11-18,30283,193726,45534153,3945839
2021-11-19,28807,205854,45562960,4151693
2021-11-20,20992,156439,45583952,4308132
2021-11-21,10611,64859,45594563,4372991
2021-11-22,21940,213140,45616503,4586131
2021-11-23,23577,241747,45640080,4827878
2021-11-24,27843,270949,45667923,5098827
2021-11-25,23237,301910,45691160,5400737
2021-11-26,24586,318268,45715746,5719005
2021-11-27,21382,266151,45737128,5985156
2021-11-28,9901,137059,45747029,6122215
2021-11-29,22335,326063,45769364,6448278
2021-11-30,23092,365821,45792456,6814099
2021-12-01,21525,413503,45813981,7227602
2021-12-02,23764,440378,45837745,7667980
2021-12-03,25260,467460,45863005,8135440
2021-12-04,22372,418733,45885377,8554173
2021-12-05,11928,261331,45897305,8815504
2021-12-06,25813,457582,45923118,9273086
2021-12-07,24135,480254,45947253,9753340
2021-12-08,10005,249684,45957258,10003024
2021-12-09,31585,491911,45988843,10494935
2021-12-10,28070,517870,46016913,11012805
2021-12-11,23562,459243,46040475,11472048
2021-12-12,12309,293497,46052784,11765545
2021-12-13,26154,467622,46078938,12233167
2021-12-14,25172,494194,46104110,12727361
2021-12-15,25339,517139,46129449,13244500
2021-12-16,27883,520241,46157332,13764741
2021-12-17,29366,517164,46186698,14281905
2021-12-18,27062,468717,46213760,14750622
2021-12-19,15144,300516,46228904,15051138
2021-12-20,30630,477481,46259534,15528619
2021-12-21,30372,493379,46289906,16021998
2021-12-22,29448,484702,46319354,16506700
2021-12-23,28249,426894,46347603,16933594
2021-12-24,13111,210824,46360714,17144418
2021-12-25,2102,33053,46362816,17177471
2021-12-26,8763,159069,46371579,17336540
2021-12-27,46787,504658,46418366,17841198
2021-12-28,42452,554212,46460818,18395410
2021-12-29,34350,550639,46495168,18946049
2021-12-30,31840,499821,46527008,19445870
2021-12-31,14121,247389,46541129,19693259
2022-01-01,3496,64814,46544625,19758073
2022-01-02,22771,276720,46567396,20034793
2022-01-03,47852,520011,46615248,20554804
2022-01-04,46364,572080,46661612,21126884
2022-01-05,40748,560391,46702360,21687275
2022-01-06,23482,274482,46725842,21961757
2022-01-07,63692,554186,46789534,22515943
2022-01-08,60847,503378,46850381,23019321
2022-01-09,42850,319684,46893231,23339005
2022-01-10,61078,542287,46954309,23881292
2022-01-11,61708,586985,47016017,24468277
2022-01-12,58437,581274,47074454,25049551
2022-01-13,58599,580378,47133053,25629929
2022-01-14,46784,588564,47179837,26218493
2022-01-15,39396,569935,47219233,26788428
2022-01-16,31214,341853,47250447,27130281
2022-01-17,54771,489651,47305218,27619932
2022-01-18,58389,517007,47363607,28136939
2022-01-19,57187,502780,47420794,28639719
2022-01-20,54335,498814,47475129,29138533
2022-01-21,42075,493865,47517204,29632398
2022-01-22,31182,469593,47548386,30101991
2022-01-23,34923,275361,47583309,30377352
2022-01-24,56177,437211,47639486,30814563
2022-01-25,61539,452098,47701025,31266661
2022-01-26,58533,435823,47759558,31702484
2022-01-27,48833,432356,47808391,32134840
2022-01-28,58688,436531,47867079,32571371
2022-01-29,68117,412486,47935196,32983857
2022-01-30,50368,235966,47985564,33219823
2022-01-31,60618,356928,48046182,33576751
2022-02-01,65545,328434,48111727,33905185
2022-02-02,63191,296970,48174918,34202155
2022-02-03,60049,274512,48234967,34476667
2022-02-04,72374,268451,48307341,34745118
2022-02-05,83762,248528,48391103,34993646
2022-02-06,55282,116200,48446385,35109846
2022-02-07,65135,199936,48511520,35309782
2022-02-08,66922,186108,48578442,35495890
2022-02-09,58754,166335,48637196,35662225
2022-02-10,58557,163234,48695753,35825459
2022-02-11,62240,162456,48757993,35987915
2022-02-12,71971,152139,48829964,36140054
2022-02-13,41468,68849,48871432,36208903
2022-02-14,46683,116187,48918115,36325090
2022-02-15,48522,123479,48966637,36448569
2022-02-16,45669,106116,49012306,36554685
2022-02-17,42856,98105,49055162,36652790
2022-02-18,46614,112569,49101776,36765359
2022-02-19,52524,100329,49154300,36865688
2022-02-20,31411,40361,49185711,36906049
2022-02-21,37884,89644,49223595,36995693
2022-02-22,37217,83770,49260812,37079463
2022-02-23,33386,79404,49294198,37158867
2022-02-24,32549,78159,49326747,37237026
2022-02-25,34755,90708,49361502,37327734
2022-02-26,39152,89131,49400654,37416865
2022-02-27,22541,35856,49423195,37452721
2022-02-28,28470,81688,49451665,37534409
2022-03-01,22714,53939,49474379,37588348
2022-03-02,21993,50627,49496372,37638975
2022-03-03,22608,54939,49518980,37693914
2022-03-04,23222,62791,49542202,37756705
2022-03-05,23792,57952,49565994,37814657
2022-03-06,9470,17200,49575464,37831857
2022-03-07,15908,51386,49591372,37883243
2022-03-08,15470,48793,49606842,37932036
2022-03-09,13809,46514,49620651,37978550
2022-03-10,14044,52113,49634695,38030663
2022-03-11,15578,57254,49650273,38087917
2022-03-12,15497,56614,49665770,38144531
2022-03-13,5544,16849,49671314,38161380
2022-03-14,10521,46694,49681835,38208074
2022-03-15,10536,46890,49692371,38254964
2022-03-16,9475,41975,49701846,38296939
2022-03-17,9709,44871,49711555,38341810
2022-03-18,10154,49051,49721709,38390861
2022-03-19,9146,46530,49730855,38437391
2022-03-20,2608,11700,49733463,38449091
2022-03-21,7577,40223,49741040,38489314
2022-03-22,8446,37754,49749486,38527068
2022-03-23,7210,33699,49756696,38560767
2022-03-24,8254,38797,49764950,38599564
2022-03-25,8131,43661,49773081,38643225
2022-03-26,8124,41721,49781205,38684946
2022-03-27,2429,9681,49783634,38694627
2022-03-28,6104,35234,49789738,38729861
2022-03-29,5773,32524,49795511,38762385
2022-03-30,5560,30199,49801071,38792584
2022-03-31,5887,33176,49806958,38825760
2022-04-01,4345,25187,49811303,38850947
2022-04-02,4490,23275,49815793,38874222
2022-04-03,1049,4499,49816842,38878721
2022-04-04,3653,21533,49820495,38900254
2022-04-05,3753,22926,49824248,38923180
2022-04-06,4099,21848,49828347,38945028
2022-04-07,3964,23320,49832311,38968348
2022-04-08,4688,26709,49836999,38995057
2022-04-09,4380,23884,49841379,39018941
2022-04-10,891,4614,49842270,39023555
2022-04-11,3813,22685,49846083,39046240
2022-04-12,3358,21778,49849441,39068018
2022-04-13,3561,21333,49853002,39089351
2022-04-14,3485,23781,49856487,39113132
2022-04-15,3081,20617,49859568,39133749
2022-04-16,2149,11919,49861717,39145668
2022-04-17,63,348,49861780,39146016
2022-04-18,149,650,49861929,39146666
2022-04-19,3494,21978,49865423,39168644
2022-04-20,3504,20248,49868927,39188892
2022-04-21,2841,19781,49871768,39208673
2022-04-22,2925,20696,49874693,39229369
2022-04-23,2638,16212,49877331,39245581
2022-04-24,509,2335,49877840,39247916
2022-04-25,183,1165,49878023,39249081
2022-04-26,2760,17795,49880783,39266876
2022-04-27,2371,15785,49883154,39282661
2022-04-28,2358,15553,49885512,39298214
2022-04-29,2292,14835,49887804,39313049
2022-04-30,2122,11576,49889926,39324625
2022-05-01,113,530,49890039,39325155
2022-05-02,1450,9386,49891489,39334541
2022-05-03,1574,10310,49893063,39344851
2022-05-04,1746,10258,49894809,39355109
2022-05-05,1651,10274,49896460,39365383
2022-05-06,1700,10946,49898160,39376329
2022-05-07,1431,8562,49899591,39384891
2022-05-08,404,1514,49899995,39386405
2022-05-09,1026,8917,49901021,39395322
2022-05-10,1422,9539,49902443,39404861
2022-05-11,1482,10087,49903925,39414948
2022-05-12,1368,10119,49905293,39425067
2022-05-13,1588,10511,49906881,39435578
2022-05-14,1356,8228,49908237,39443806
2022-05-15,336,1129,49908573,39444935
2022-05-16,811,8392,49909384,39453327
2022-05-17,1243,8674,49910627,39462001
2022-05-18,1372,9221,49911999,39471222
2022-05-19,1500,9269,49913499,39480491
2022-05-20,1420,9495,49914919,39489986
2022-05-21,1299,7892,49916218,39497878
2022-05-22,231,1012,49916449,39498890
2022-05-23,827,8261,49917276,39507151
2022-05-24,1070,8666,49918346,39515817
2022-05-25,1367,9446,49919713,39525263
2022-05-26,1194,9454,49920907,39534717
2022-05-27,1226,9910,49922133,39544627
2022-05-28,1203,7873,49923336,39552500
2022-05-29,285,1264,49923621,39553764
2022-05-30,930,8028,49924551,39561792
2022-05-31,1033,8532,49925584,39570324
2022-06-01,891,7644,49926475,39577968
2022-06-02,35,474,49926510,39578442
2022-06-03,816,7328,49927326,39585770
2022-06-04,870,5155,49928196,39590925
2022-06-05,89,586,49928285,39591511
2022-06-06,675,6984,49928960,39598495
2022-06-07,932,7842,49929892,39606337
2022-06-08,982,7900,49930874,39614237
2022-06-09,1036,8399,49931910,39622636
2022-06-10,957,8552,49932867,39631188
2022-06-11,900,6206,49933767,39637394
2022-06-12,140,767,49933907,39638161
2022-06-13,603,6295,49934510,39644456
2022-06-14,826,7882,49935336,39652338
2022-06-15,954,7843,49936290,39660181
2022-06-16,729,7389,49937019,39667570
2022-06-17,720,7240,49937739,39674810
2022-06-18,777,5588,49938516,39680398
2022-06-19,47,522,49938563,39680920
2022-06-20,588,6694,49939151,39687614
2022-06-21,733,7652,49939884,39695266
2022-06-22,780,7305,49940664,39702571
2022-06-23,651,7459,49941315,39710030
2022-06-24,642,7473,49941957,39717503
2022-06-25,835,6532,49942792,39724035
2022-06-26,128,523,49942920,39724558
2022-06-27,532,7120,49943452,39731678
2022-06-28,746,8192,49944198,39739870
2022-06-29,756,7719,49944954,39747589
2022-06-30,744,8132,49945698,39755721
2022-07-01,576,6438,49946274,39762159
2022-07-02,536,4766,49946810,39766925
2022-07-03,49,456,49946859,39767381
2022-07-04,470,6274,49947329,39773655
2022-07-05,628,8112,49947957,39781767
2022-07-06,630,7606,49948587,39789373
2022-07-07,568,8261,49949155,39797634
2022-07-08,670,8078,49949825,39805712
2022-07-09,550,6103,49950375,39811815
2022-07-10,58,533,49950433,39812348
2022-07-11,487,7639,49950920,39819987
2022-07-12,664,9026,49951584,39829013
2022-07-13,639,10060,49952223,39839073
2022-07-14,636,10219,49952859,39849292
2022-07-15,623,10664,49953482,39859956
2022-07-16,522,7209,49954004,39867165
2022-07-17,48,769,49954052,39867934
2022-07-18,497,9350,49954549,39877284
2022-07-19,574,10651,49955123,39887935
2022-07-20,576,11258,49955699,39899193
2022-07-21,625,12040,49956324,39911233
2022-07-22,582,11227,49956906,39922460
2022-07-23,379,6743,49957285,39929203
2022-07-24,76,834,49957361,39930037
2022-07-25,501,9033,49957862,39939070
2022-07-26,519,9728,49958381,39948798
2022-07-27,549,10155,49958930,39958953
2022-07-28,527,10482,49959457,39969435
2022-07-29,510,9424,49959967,39978859
2022-07-30,380,5853,49960347,39984712
2022-07-31,49,745,49960396,39985457
2022-08-01,386,6823,49960782,39992280
2022-08-02,539,7518,49961321,39999798
2022-08-03,511,7143,49961832,40006941
2022-08-04,452,7427,49962284,40014368
2022-08-05,417,6485,49962701,40020853
2022-08-06,298,3582,49962999,40024435
2022-08-07,44,551,49963043,40024986
2022-08-08,401,4874,49963444,40029860
2022-08-09,383,5267,49963827,40035127
2022-08-10,376,4788,49964203,40039915
2022-08-11,364,4756,49964567,40044671
2022-08-12,288,3700,49964855,40048371
2022-08-13,143,1596,49964998,40049967
2022-08-14,9,128,49965007,40050095
2022-08-15,1,26,49965008,40050121
2022-08-16,283,3026,49965291,40053147
2022-08-17,351,3513,49965642,40056660
2022-08-18,388,4142,49966030,40060802
2022-08-19,341,3305,49966371,40064107
2022-08-20,182,1711,49966553,40065818
2022-08-21,24,146,49966577,40065964
2022-08-22,329,2935,49966906,40068899
2022-08-23,371,3647,49967277,40072546
2022-08-24,381,3332,49967658,40075878
2022-08-25,419,3731,49968077,40079609
2022-08-26,394,3545,49968471,40083154
2022-08-27,234,1767,49968705,40084921
2022-08-28,29,260,49968734,40085181
2022-08-29,353,3136,49969087,40088317
2022-08-30,400,3636,49969487,40091953
2022-08-31,434,3703,49969921,40095656
2022-09-01,352,3068,49970273,40098724
2022-09-02,292,2867,49970565,40101591
2022-09-03,199,1683,49970764,40103274
2022-09-04,22,147,49970786,40103421
2022-09-05,186,2624,49970972,40106045
2022-09-06,301,2961,49971273,40109006
2022-09-07,538,2907,49971811,40111913
2022-09-08,288,2940,49972099,40114853
2022-09-09,297,2848,49972396,40117701
2022-09-10,226,1324,49972622,40119025
2022-09-11,21,123,49972643,40119148
2022-09-12,264,2206,49972907,40121354
2022-09-13,245,2245,49973152,40123599
2022-09-14,258,2529,49973410,40126128
2022-09-15,275,2444,49973685,40128572
2022-09-16,251,2479,49973936,40131051
2022-09-17,237,1317,49974173,40132368
2022-09-18,19,170,49974192,40132538
2022-09-19,206,1962,49974398,40134500
2022-09-20,232,2362,49974630,40136862
2022-09-21,287,2504,49974917,40139366
2022-09-22,257,2579,49975174,40141945
2022-09-23,244,2251,49975418,40144196
2022-09-24,195,1407,49975613,40145603
2022-09-25,28,134,49975641,40145737
2022-09-26,269,2216,49975910,40147953
2022-09-27,279,2564,49976189,40150517
2022-09-28,289,2769,49976478,40153286
2022-09-29,238,2684,49976716,40155970
2022-09-30,258,2267,49976974,40158237
2022-10-01,159,1128,49977133,40159365