data_somministrazione,vaccinazioni,booster,cum_vaccinazioni,cum_booster
2020-12-27,20,0,20,0
2020-12-28,2,0,22,0
2020-12-29,1,0,23,0
2020-12-30,8,0,31,0
2020-12-31,72,0,103,0
2021-01-01,23,0,126,0
2021-01-02,126,0,252,0
2021-01-03,89,0,341,0
2021-01-04,212,0,553,0
2021-01-05,255,0,808,0
2021-01-06,222,0,1030,0
2021-01-07,305,0,1335,0
2021-01-08,350,0,1685,0
2021-01-09,263,0,1948,0
2021-01-10,158,0,2106,0
2021-01-11,282,0,2388,0
2021-01-12,275,0,2663,0
2021-01-13,401,0,3064,0
2021-01-14,485,0,3549,0
2021-01-15,304,0,3853,0
2021-01-16,213,0,4066,0
2021-01-17,3060,0,7126,0
2021-01-18,5213,0,12339,0
2021-01-19,1893,0,14232,0
2021-01-20,4656,0,18888,0
2021-01-21,20005,0,38893,0
2021-01-22,14220,0,53113,0
2021-01-23,33328,0,86441,0
2021-01-24,30785,0,117226,0
2021-01-25,64724,0,181950,0
2021-01-26,76492,0,258442,0
2021-01-27,64825,0,323267,0
2021-01-28,89272,0,412539,0
2021-01-29,94013,0,506552,0
2021-01-30,86555,0,593107,0
2021-01-31,57329,0,650436,0
2021-02-01,81856,0,732292,0
2021-02-02,82141,0,814433,0
2021-02-03,91115,0,905548,0
2021-02-04,95396,0,1000944,0
2021-02-05,90271,0,1091215,0
2021-02-06,63449,0,1154664,0
2021-02-07,32932,0,1187596,0
2021-02-08,40426,0,1228022,0
2021-02-09,32867,0,1260889,0
2021-02-10,28425,0,1289314,0
2021-02-11,20399,0,1309713,0
2021-02-12,16237,0,1325950,0
2021-02-13,7271,0,1333221,0
2021-02-14,2862,0,1336083,0
2021-02-15,6841,0,1342924,0
2021-02-16,6999,0,1349923,0
2021-02-17,10524,0,1360447,0
2021-02-18,9252,0,1369699,0
2021-02-19,8250,0,1377949,0
2021-02-20,5562,0,1383511,0
2021-02-21,3002,0,1386513,0
2021-02-22,6884,0,1393397,0
2021-02-23,7172,0,1400569,0
2021-02-24,9805,0,1410374,0
2021-02-25,14211,0,1424585,0
2021-02-26,17555,0,1442140,0
2021-02-27,13913,0,1456053,0
2021-02-28,9388,0,1465441,0
2021-03-01,26518,0,1491959,0
2021-03-02,33245,0,1525204,0
2021-03-03,44644,0,1569848,0
2021-03-04,50295,0,1620143,0
2021-03-05,55734,0,1675877,0
2021-03-06,41870,0,1717747,0
2021-03-07,22322,0,1740069,0
2021-03-08,50822,0,1790891,0
2021-03-09,53075,0,1843966,0
2021-03-10,58651,0,1902617,0
2021-03-11,63867,0,1966484,0
2021-03-12,65112,0,2031596,0
2021-03-13,51720,0,2083316,0
2021-03-14,35401,0,2118717,0
2021-03-15,73446,0,2192163,0
2021-03-16,74028,0,2266191,0
2021-03-17,83131,0,2349322,0
2021-03-18,81624,0,2430946,0
2021-03-19,81081,0,2512027,0
2021-03-20,64725,0,2576752,0
2021-03-21,47300,0,2624052,0
2021-03-22,69482,0,2693534,0
2021-03-23,75800,0,2769334,0
2021-03-24,90918,0,2860252,0
2021-03-25,89803,0,2950055,0
2021-03-26,83624,0,3033679,0
2021-03-27,71940,0,3105619,0
2021-03-28,44147,0,3149766,0
2021-03-29,70828,0,3220594,0
2021-03-30,81387,0,3301981,0
2021-03-31,96240,0,3398221,0
2021-04-01,95309,0,3493530,0
2021-04-02,84072,0,3577602,0
2021-04-03,64305,0,3641907,0
2021-04-04,21718,0,3663625,0
2021-04-05,40313,0,3703938,0
2021-04-06,81318,0,3785256,0
2021-04-07,95832,0,3881088,0
2021-04-08,95242,0,3976330,0
2021-04-09,88492,0,4064822,0
2021-04-10,74032,0,4138854,0
2021-04-11,44764,0,4183618,0
2021-04-12,66918,0,4250536,0
2021-04-13,72574,0,4323110,0
2021-04-14,85541,0,4408651,0
2021-04-15,105419,0,4514070,0
2021-04-16,106417,0,4620487,0
2021-04-17,90516,0,4711003,0
2021-04-18,58590,0,4769593,0
2021-04-19,93430,0,4863023,0
2021-04-20,103770,0,4966793,0
2021-04-21,125338,0,5092131,0
2021-04-22,143518,0,5235649,0
2021-04-23,138744,0,5374393,0
2021-04-24,124446,0,5498839,0
2021-04-25,61458,0,5560297,0
2021-04-26,97895,0,5658192,0
2021-04-27,128362,0,5786554,0
2021-04-28,156370,0,5942924,0
2021-04-29,195598,0,6138522,0
2021-04-30,214583,0,6353105,0
2021-05-01,174121,0,6527226,0
2021-05-02,135802,0,6663028,0
2021-05-03,142040,0,6805068,0
2021-05-04,158698,0,6963766,0
2021-05-05,170501,0,7134267,0
2021-05-06,197809,0,7332076,0
2021-05-07,213849,0,7545925,0
2021-05-08,213413,0,7759338,0
2021-05-09,143204,0,7902542,0
2021-05-10,165080,0,8067622,0
2021-05-11,174987,0,8242609,0
2021-05-12,179183,0,8421792,0
2021-05-13,203387,0,8625179,0
2021-05-14,222919,0,8848098,0
2021-05-15,210367,0,9058465,0
2021-05-16,159275,0,9217740,0
2021-05-17,219196,0,9436936,0
2021-05-18,213021,0,9649957,0
2021-05-19,207088,0,9857045,0
2021-05-20,270866,0,10127911,0
2021-05-21,270890,0,10398801,0
2021-05-22,245527,0,10644328,0
2021-05-23,197181,0,10841509,0
2021-05-24,228310,0,11069819,0
2021-05-25,245698,0,11315517,0
2021-05-26,277503,0,11593020,0
2021-05-27,311087,0,11904107,0
2021-05-28,299574,0,12203681,0
2021-05-29,231224,0,12434905,0
2021-05-30,170842,0,12605747,0
2021-05-31,216424,0,12822171,0
2021-06-01,207635,0,13029806,0
2021-06-02,115800,0,13145606,0
2021-06-03,180143,0,13325749,0
2021-06-04,184882,0,13510631,0
2021-06-05,185962,0,13696593,0
2021-06-06,139552,0,13836145,0
2021-06-07,161874,0,13998019,0
2021-06-08,171228,0,14169247,0
2021-06-09,171489,0,14340736,0
2021-06-10,174109,0,14514845,0
2021-06-11,169988,0,14684833,0
2021-06-12,128328,0,14813161,0
2021-06-13,91188,0,14904349,0
2021-06-14,214686,0,15119035,0
2021-06-15,228424,0,15347459,0
2021-06-16,253082,0,15600541,0
2021-06-17,301737,0,15902278,0
2021-06-18,306300,0,16208578,0
2021-06-19,275089,0,16483667,0
2021-06-20,220789,0,16704456,0
2021-06-21,288075,0,16992531,0
2021-06-22,296226,0,17288757,0
2021-06-23,302692,0,17591449,0
2021-06-24,332610,0,17924059,0
2021-06-25,348716,0,18272775,0
2021-06-26,300124,0,18572899,0
2021-06-27,228667,0,18801566,0
2021-06-28,307098,0,19108664,0
2021-06-29,329291,0,19437955,0
2021-06-30,342168,0,19780123,0
2021-07-01,363214,0,20143337,0
2021-07-02,368479,0,20511816,0
2021-07-03,371093,0,20882909,0
2021-07-04,283217,0,21166126,0
2021-07-05,384547,0,21550673,0
2021-07-06,385476,0,21936149,0
2021-07-07,412119,0,22348268,0
2021-07-08,479609,0,22827877,0
2021-07-09,498485,0,23326362,0
2021-07-10,475185,0,23801547,0
2021-07-11,357696,0,24159243,0
2021-07-12,485904,0,24645147,0
2021-07-13,492117,0,25137264,0
2021-07-14,480464,0,25617728,0
2021-07-15,523459,0,26141187,0
2021-07-16,509764,0,26650951,0
2021-07-17,464346,0,27115297,0
2021-07-18,364653,0,27479950,0
2021-07-19,463059,0,27943009,0
2021-07-20,458064,0,28401073,0
2021-07-21,462798,0,28863871,0
2021-07-22,475391,0,29339262,0
2021-07-23,441319,0,29780581,0
2021-07-24,386166,0,30166747,0
2021-07-25,287560,0,30454307,0
2021-07-26,430880,0,30885187,0
2021-07-27,440132,0,31325319,0
2021-07-28,391012,0,31716331,0
2021-07-29,372075,0,32088406,0
2021-07-30,341518,0,32429924,0
2021-07-31,287032,0,32716956,0
2021-08-01,191005,0,32907961,0
2021-08-02,333708,0,33241669,0
2021-08-03,323198,0,33564867,0
2021-08-04,310976,0,33875843,0
2021-08-05,292506,0,34168349,0
2021-08-06,260014,0,34428363,0
2021-08-07,199051,0,34627414,0
2021-08-08,153108,0,34780522,0
2021-08-09,234074,0,35014596,0
2021-08-10,205250,0,35219846,0
2021-08-11,193771,0,35413617,0
2021-08-12,168029,0,35581646,0
2021-08-13,148635,0,35730281,0
2021-08-14,66092,0,35796373,0
2021-08-15,26338,0,35822711,0
2021-08-16,114703,0,35937414,0
2021-08-17,129251,0,36066665,0
2021-08-18,128750,0,36195415,0
2021-08-19,124818,0,36320233,0
2021-08-20,123793,0,36444026,0
2021-08-21,83130,0,36527156,0
2021-08-22,68171,0,36595327,0
2021-08-23,176875,0,36772202,0
2021-08-24,156898,0,36929100,0
2021-08-25,177171,0,37106271,0
2021-08-26,172363,0,37278634,0
2021-08-27,185836,0,37464470,0
2021-08-28,140281,0,37604751,0
2021-08-29,98996,0,37703747,0
2021-08-30,209602,0,37913349,0
2021-08-31,194640,0,38107989,0
2021-09-01,192209,0,38300198,0
2021-09-02,189931,0,38490129,0
2021-09-03,191303,0,38681432,0
2021-09-04,131464,0,38812896,0
2021-09-05,87857,0,38900753,0
2021-09-06,193631,0,39094384,0
2021-09-07,196040,0,39290424,0
2021-09-08,187883,0,39478307,0
2021-09-09,201448,0,39679755,0
2021-09-10,198080,0,39877835,0
2021-09-11,141300,0,40019135,0
2021-09-12,89596,0,40108731,0
2021-09-13,191129,600,40299860,600
2021-09-14,177236,610,40477096,1210
2021-09-15,163101,615,40640197,1825
2021-09-16,160078,960,40800275,2785
2021-09-17,150171,1139,40950446,3924
2021-09-18,127982,753,41078428,4677
2021-09-19,81135,501,41159563,5178
2021-09-20,180078,9099,41339641,14277
2021-09-21,166649,8846,41506290,23123
2021-09-22,159092,9447,41665382,32570
2021-09-23,138080,9342,41803462,41912
2021-09-24,140544,8977,41944006,50889
2021-09-25,119557,5651,42063563,56540
2021-09-26,71969,4351,42135532,60891
2021-09-27,135659,10062,42271191,70953
2021-09-28,117509,11406,42388700,82359
2021-09-29,112351,11838,42501051,94197
2021-09-30,110260,14962,42611311,109159
2021-10-01,94990,19121,42706301,128280
2021-10-02,78506,14030,42784807,142310
2021-10-03,47748,7663,42832555,149973
2021-10-04,88380,34466,42920935,184439
2021-10-05,80369,33994,43001304,218433
2021-10-06,71996,34186,43073300,252619
2021-10-07,71864,34361,43145164,286980
2021-10-08,80631,33605,43225795,320585
2021-10-09,76103,22183,43301898,342768
2021-10-10,45778,13622,43347676,356390
2021-10-11,87440,41118,43435116,397508
2021-10-12,84502,46918,43519618,444426
2021-10-13,88202,52136,43607820,496562
2021-10-14,91550,58532,43699370,555094
2021-10-15,93597,55646,43792967,610740
2021-10-16,82967,36800,43875934,647540
2021-10-17,51462,23840,43927396,671380
2021-10-18,90306,59499,44017702,730879
2021-10-19,78347,69390,44096049,800269
2021-10-20,75068,78190,44171117,878459
2021-10-21,78298,81775,44249415,960234
2021-10-22,73785,77054,44323200,1037288
2021-10-23,60827,51966,44384027,1089254
2021-10-24,33373,23468,44417400,1112722
2021-10-25,64907,81639,44482307,1194361
2021-10-26,58373,91819,44540680,1286180
2021-10-27,58332,104007,44599012,1390187
2021-10-28,61456,114133,44660468,1504320
2021-10-29,61640,103154,44722108,1607474
2021-10-30,50674,68129,44772782,1675603
2021-10-31,25160,28302,44797942,1703905
2021-11-01,19047,28155,44816989,1732060
2021-11-02,62745,89412,44879734,1821472
2021-11-03,60727,118677,44940461,1940149
2021-11-04,59246,126682,44999707,2066831
2021-11-05,63094,135203,45062801,2202034
2021-11-06,46483,90932,45109284,2292966
2021-11-07,22252,37900,45131536,2330866
2021-11-08,51530,131281,45183066,2462147
2021-11-09,45398,144221,45228464,2606368
2021-11-10,42586,156361,45271050,2762729
2021-11-11,44937,155144,45315987,2917873
2021-11-12,46314,158652,45362301,3076525
2021-11-13,33262,116661,45395563,3193186
2021-11-14,14490,52454,45410053,3245640
2021-11-15,36900,157436,45446953,3403076
2021-11-16,30559,171390,45477512,3574466
2021-11-17,28468,178445,45505980,3752911
2021-11-18,30284,193739,45536264,3946650
2021-11-19,28812,205866,45565076,4152516
2021-11-20,21002,156453,45586078,4308969
2021-11-21,10612,64862,45596690,4373831
2021-11-22,21944,213158,45618634,4586989
2021-11-23,23582,241765,45642216,4828754
2021-11-24,27796,271019,45670012,5099773
2021-11-25,23242,301925,45693254,5401698
2021-11-26,24586,318282,45717840,5719980
2021-11-27,21389,266159,45739229,5986139
2021-11-28,9904,137057,45749133,6123196
2021-11-29,22343,326072,45771476,6449268
2021-11-30,23101,365841,45794577,6815109
2021-12-01,21524,413509,45816101,7228618
2021-12-02,23773,440423,45839874,7669041
2021-12-03,25270,467491,45865144,8136532
2021-12-04,22379,418782,45887523,8555314
2021-12-05,11934,261356,45899457,8816670
2021-12-06,25829,457613,45925286,9274283
2021-12-07,24145,480278,45949431,9754561
2021-12-08,10013,249705,45959444,10004266
2021-12-09,31598,491947,45991042,10496213
2021-12-10,28081,517905,46019123,11014118
2021-12-11,23577,459259,46042700,11473377
2021-12-12,12310,293515,46055010,11766892
2021-12-13,26164,467638,46081174,12234530
2021-12-14,25183,494221,46106357,12728751
2021-12-15,25343,517165,46131700,13245916
2021-12-16,27897,520274,46159597,13766190
2021-12-17,29374,517192,46188971,14283382
2021-12-18,27078,468745,46216049,14752127
2021-12-19,15156,300532,46231205,15052659
2021-12-20,30645,477496,46261850,15530155
2021-12-21,30394,493402,46292244,16023557
2021-12-22,29461,484727,46321705,16508284
2021-12-23,28262,426924,46349967,16935208
2021-12-24,13115,210836,46363082,17146044
2021-12-25,2103,33053,46365185,17179097
2021-12-26,8768,159073,46373953,17338170
2021-12-27,46814,504673,46420767,17842843
2021-12-28,42477,554230,46463244,18397073
2021-12-29,34366,550658,46497610,18947731
2021-12-30,31858,499842,46529468,19447573
2021-12-31,14130,247398,46543598,19694971
2022-01-01,3497,64815,46547095,19759786
2022-01-02,22791,276723,46569886,20036509
2022-01-03,47878,520022,46617764,20556531
2022-01-04,46403,572090,46664167,21128621
2022-01-05,40784,560399,46704951,21689020
2022-01-06,23502,274489,46728453,21963509
2022-01-07,63731,554198,46792184,22517707
2022-01-08,60891,503397,46853075,23021104
2022-01-09,42887,319686,46895962,23340790
2022-01-10,61115,542294,46957077,23883084
2022-01-11,61759,586996,47018836,24470080
2022-01-12,58482,581278,47077318,25051358
2022-01-13,58634,580393,47135952,25631751
2022-01-14,46837,588575,47182789,26220326
2022-01-15,39452,569947,47222241,26790273
2022-01-16,31254,341863,47253495,27132136
2022-01-17,54800,489665,47308295,27621801
2022-01-18,58417,517019,47366712,28138820
2022-01-19,57218,502788,47423930,28641608
2022-01-20,54359,498826,47478289,29140434
2022-01-21,42110,493879,47520399,29634313
2022-01-22,31226,469596,47551625,30103909
2022-01-23,34947,275374,47586572,30379283
2022-01-24,56192,437226,47642764,30816509
2022-01-25,61563,452112,47704327,31268621
2022-01-26,58558,435834,47762885,31704455
2022-01-27,48847,432379,47811732,32136834
2022-01-28,58711,436541,47870443,32573375
2022-01-29,68144,412496,47938587,32985871
2022-01-30,50385,235967,47988972,33221838
2022-01-31,60640,356933,48049612,33578771
2022-02-01,65562,328445,48115174,33907216
2022-02-02,63210,296978,48178384,34204194
2022-02-03,60062,274517,48238446,34478711
2022-02-04,72383,268457,48310829,34747168
2022-02-05,83785,248531,48394614,34995699
2022-02-06,55295,116204,48449909,35111903
2022-02-07,65154,199940,48515063,35311843
2022-02-08,66931,186112,48581994,35497955
2022-02-09,58762,166333,48640756,35664288
2022-02-10,58580,163240,48699336,35827528
2022-02-11,62256,162465,48761592,35989993
2022-02-12,71983,152139,48833575,36142132
2022-02-13,41473,68852,48875048,36210984
2022-02-14,46691,116185,48921739,36327169
2022-02-15,48539,123479,48970278,36450648
2022-02-16,45678,106121,49015956,36556769
2022-02-17,42863,98105,49058819,36654874
2022-02-18,46622,112570,49105441,36767444
2022-02-19,52534,100333,49157975,36867777
2022-02-20,31411,40362,49189386,36908139
2022-02-21,37887,89649,49227273,36997788
2022-02-22,37217,83775,49264490,37081563
2022-02-23,33394,79407,49297884,37160970
2022-02-24,32551,78162,49330435,37239132
2022-02-25,34759,90709,49365194,37329841
2022-02-26,39156,89133,49404350,37418974
2022-02-27,22545,35856,49426895,37454830
2022-02-28,28480,81690,49455375,37536520
2022-03-01,22721,53939,49478096,37590459
2022-03-02,21949,50678,49500045,37641137
2022-03-03,22616,54945,49522661,37696082
2022-03-04,23229,62795,49545890,37758877
2022-03-05,23797,57951,49569687,37816828
2022-03-06,9471,17200,49579158,37834028
2022-03-07,15914,51387,49595072,37885415
2022-03-08,15475,48795,49610547,37934210
2022-03-09,13811,46518,49624358,37980728
2022-03-10,14048,52117,49638406,38032845
2022-03-11,15582,57261,49653988,38090106
2022-03-12,15502,56617,49669490,38146723
2022-03-13,5543,16850,49675033,38163573
2022-03-14,10522,46697,49685555,38210270
2022-03-15,10539,46890,49696094,38257160
2022-03-16,9479,41973,49705573,38299133
2022-03-17,9714,44871,49715287,38344004
2022-03-18,10158,49054,49725445,38393058
2022-03-19,9148,46532,49734593,38439590
2022-03-20,2609,11701,49737202,38451291
2022-03-21,7578,40224,49744780,38491515
2022-03-22,8446,37758,49753226,38529273
2022-03-23,7213,33699,49760439,38562972
2022-03-24,8257,38800,49768696,38601772
2022-03-25,8135,43662,49776831,38645434
2022-03-26,8124,41721,49784955,38687155
2022-03-27,2430,9681,49787385,38696836
2022-03-28,6108,35237,49793493,38732073
2022-03-29,5774,32527,49799267,38764600
2022-03-30,5565,30201,49804832,38794801
2022-03-31,5892,33181,49810724,38827982
2022-04-01,4347,25187,49815071,38853169
2022-04-02,4493,23274,49819564,38876443
2022-04-03,1049,4500,49820613,38880943
2022-04-04,3656,21538,49824269,38902481
2022-04-05,3756,22929,49828025,38925410
2022-04-06,4101,21852,49832126,38947262
2022-04-07,3965,23320,49836091,38970582
2022-04-08,4691,26710,49840782,38997292
2022-04-09,4381,23885,49845163,39021177
2022-04-10,891,4614,49846054,39025791
2022-04-11,3814,22685,49849868,39048476
2022-04-12,3361,21776,49853229,39070252
2022-04-13,3564,21332,49856793,39091584
2022-04-14,3486,23786,49860279,39115370
2022-04-15,3084,20617,49863363,39135987
2022-04-16,2149,11918,49865512,39147905
2022-04-17,63,348,49865575,39148253
2022-04-18,151,650,49865726,39148903
2022-04-19,3497,21977,49869223,39170880
2022-04-20,3509,20249,49872732,39191129
2022-04-21,2844,19783,49875576,39210912
2022-04-22,2927,20697,49878503,39231609
2022-04-23,2642,16217,49881145,39247826
2022-04-24,509,2334,49881654,39250160
2022-04-25,183,1165,49881837,39251325
2022-04-26,2759,17801,49884596,39269126
2022-04-27,2372,15789,49886968,39284915
2022-04-28,2357,15557,49889325,39300472
2022-04-29,2293,14837,49891618,39315309
2022-04-30,2122,11578,49893740,39326887
2022-05-01,113,530,49893853,39327417
2022-05-02,1450,9389,49895303,39336806
2022-05-03,1575,10314,49896878,39347120
2022-05-04,1746,10261,49898624,39357381
2022-05-05,1652,10278,49900276,39367659
2022-05-06,1700,10953,49901976,39378612
2022-05-07,1431,8563,49903407,39387175
2022-05-08,416,1517,49903823,39388692
2022-05-09,1027,8918,49904850,39397610
2022-05-10,1422,9542,49906272,39407152
2022-05-11,1483,10091,49907755,39417243
2022-05-12,1369,10122,49909124,39427365
2022-05-13,1592,10511,49910716,39437876
2022-05-14,1356,8230,49912072,39446106
2022-05-15,336,1130,49912408,39447236
2022-05-16,813,8394,49913221,39455630
2022-05-17,1243,8677,49914464,39464307
2022-05-18,1374,9225,49915838,39473532
2022-05-19,1500,9272,49917338,39482804
2022-05-20,1422,9499,49918760,39492303
2022-05-21,1300,7893,49920060,39500196
2022-05-22,231,1012,49920291,39501208
2022-05-23,830,8262,49921121,39509470
2022-05-24,1073,8664,49922194,39518134
2022-05-25,1369,9446,49923563,39527580
2022-05-26,1195,9455,49924758,39537035
2022-05-27,1230,9909,49925988,39546944
2022-05-28,1204,7873,49927192,39554817
2022-05-29,286,1264,49927478,39556081
2022-05-30,930,8031,49928408,39564112
2022-05-31,1035,8532,49929443,39572644
2022-06-01,890,7644,49930333,39580288
2022-06-02,35,474,49930368,39580762
2022-06-03,817,7330,49931185,39588092
2022-06-04,870,5157,49932055,39593249
2022-06-05,89,586,49932144,39593835
2022-06-06,678,6984,49932822,39600819
2022-06-07,951,7842,49933773,39608661
2022-06-08,983,7901,49934756,39616562
2022-06-09,1037,8399,49935793,39624961
2022-06-10,958,8552,49936751,39633513
2022-06-11,903,6206,49937654,39639719
2022-06-12,140,767,49937794,39640486
2022-06-13,602,6298,49938396,39646784
2022-06-14,828,7883,49939224,39654667
2022-06-15,954,7844,49940178,39662511
2022-06-16,730,7390,49940908,39669901
2022-06-17,721,7242,49941629,39677143
2022-06-18,777,5589,49942406,39682732
2022-06-19,47,522,49942453,39683254
2022-06-20,587,6695,49943040,39689949
2022-06-21,735,7656,49943775,39697605
2022-06-22,780,7307,49944555,39704912
2022-06-23,651,7459,49945206,39712371
2022-06-24,643,7472,49945849,39719843
2022-06-25,835,6532,49946684,39726375
2022-06-26,128,523,49946812,39726898
2022-06-27,531,7123,49947343,39734021
2022-06-28,745,8195,49948088,39742216
2022-06-29,756,7723,49948844,39749939
2022-06-30,746,8131,49949590,39758070
2022-07-01,576,6438,49950166,39764508
2022-07-02,536,4767,49950702,39769275
2022-07-03,49,456,49950751,39769731
2022-07-04,469,6275,49951220,39776006
2022-07-05,628,8112,49951848,39784118
2022-07-06,633,7608,49952481,39791726
2022-07-07,570,8265,49953051,39799991
2022-07-08,671,8079,49953722,39808070
2022-07-09,550,6103,49954272,39814173
2022-07-10,58,533,49954330,39814706
2022-07-11,487,7639,49954817,39822345
2022-07-12,667,9026,49955484,39831371
2022-07-13,641,10061,49956125,39841432
2022-07-14,636,10220,49956761,39851652
2022-07-15,625,10664,49957386,39862316
2022-07-16,522,7209,49957908,39869525
2022-07-17,48,769,49957956,39870294
2022-07-18,497,9350,49958453,39879644
2022-07-19,573,10657,49959026,39890301
2022-07-20,579,11257,49959605,39901558
2022-07-21,627,12040,49960232,39913598
2022-07-22,584,11226,49960816,39924824
2022-07-23,379,6744,49961195,39931568
2022-07-24,76,834,49961271,39932402
2022-07-25,503,9033,49961774,39941435
2022-07-26,521,9727,49962295,39951162
2022-07-27,550,10160,49962845,39961322
2022-07-28,529,10482,49963374,39971804
2022-07-29,510,9427,49963884,39981231
2022-07-30,382,5853,49964266,39987084
2022-07-31,49,745,49964315,39987829
2022-08-01,386,6824,49964701,39994653
2022-08-02,540,7525,49965241,40002178
2022-08-03,513,7140,49965754,40009318
2022-08-04,454,7439,49966208,40016757
2022-08-05,419,6491,49966627,40023248
2022-08-06,298,3582,49966925,40026830
2022-08-07,44,551,49966969,40027381
2022-08-08,401,4874,49967370,40032255
2022-08-09,383,5269,49967753,40037524
2022-08-10,380,4790,49968133,40042314
2022-08-11,366,4757,49968499,40047071
2022-08-12,292,3699,49968791,40050770
2022-08-13,143,1597,49968934,40052367
2022-08-14,9,128,49968943,40052495
2022-08-15,1,26,49968944,40052521
2022-08-16,283,3028,49969227,40055549
2022-08-17,352,3511,49969579,40059060
2022-08-18,389,4142,49969968,40063202
2022-08-19,341,3309,49970309,40066511
2022-08-20,183,1710,49970492,40068221
2022-08-21,24,146,49970516,40068367
2022-08-22,329,2940,49970845,40071307
2022-08-23,371,3656,49971216,40074963
2022-08-24,383,3344,49971599,40078307
2022-08-25,420,3752,49972019,40082059
2022-08-26,397,3560,49972416,40085619
2022-08-27,235,1769,49972651,40087388
2022-08-28,29,260,49972680,40087648
2022-08-29,354,3148,49973034,40090796
2022-08-30,403,3645,49973437,40094441
2022-08-31,436,3716,49973873,40098157
2022-09-01,352,3098,49974225,40101255
2022-09-02,296,2882,49974521,40104137
2022-09-03,199,1686,49974720,40105823
2022-09-04,23,147,49974743,40105970
2022-09-05,186,2646,49974929,40108616
2022-09-06,302,2984,49975231,40111600
2022-09-07,541,2912,49975772,40114512
2022-09-08,289,2951,49976061,40117463
2022-09-09,301,2854,49976362,40120317
2022-09-10,227,1325,49976589,40121642
2022-09-11,21,123,49976610,40121765
2022-09-12,267,2248,49976877,40124013
2022-09-13,250,2267,49977127,40126280
2022-09-14,263,2555,49977390,40128835
2022-09-15,279,2484,49977669,40131319
2022-09-16,253,2532,49977922,40133851
2022-09-17,239,1339,49978161,40135190
2022-09-18,20,170,49978181,40135360
2022-09-19,205,1965,49978386,40137325
2022-09-20,236,2373,49978622,40139698
2022-09-21,289,2513,49978911,40142211
2022-09-22,260,2637,49979171,40144848
2022-09-23,256,2517,49979427,40147365
2022-09-24,193,1426,49979620,40148791
2022-09-25,28,134,49979648,40148925
2022-09-26,282,2239,49979930,40151164
2022-09-27,281,2638,49980211,40153802
2022-09-28,309,2875,49980520,40156677
2022-09-29,251,3029,49980771,40159706
2022-09-30,289,2965,49981060,40162671
2022-10-01,193,1505,49981253,40164176
2022-10-02,11,187,49981264,40164363
2022-10-03,180,2454,49981444,40166817
2022-10-04,233,2823,49981677,40169640
2022-10-05,224,3194,49981901,40172834
2022-10-06,240,3774,49982141,40176608
2022-10-07,282,4107,49982423,40180715
2022-10-08,198,2209,49982621,40182924
2022-10-09,8,287,49982629,40183211
2022-10-10,205,3305,49982834,40186516
2022-10-11,191,4263,49983025,40190779
2022-10-12,207,4362,49983232,40195141
2022-10-13,193,5219,49983425,40200360
2022-10-14,224,4937,49983649,40205297
2022-10-15,185,2583,49983834,40207880
2022-10-16,6,348,49983840,40208228
2022-10-17,185,3779,49984025,40212007
2022-10-18,253,4839,49984278,40216846
2022-10-19,231,5245,49984509,40222091
2022-10-20,213,5624,49984722,40227715
2022-10-21,233,4778,49984955,40232493