data_somministrazione,vaccinazioni,booster,cum_vaccinazioni,cum_booster
2020-12-27,22,0,22,0
2020-12-28,2,0,24,0
2020-12-29,1,0,25,0
2020-12-30,8,0,33,0
2020-12-31,84,0,117,0
2021-01-01,27,0,144,0
2021-01-02,154,0,298,0
2021-01-03,118,0,416,0
2021-01-04,250,0,666,0
2021-01-05,295,0,961,0
2021-01-06,267,0,1228,0
2021-01-07,336,0,1564,0
2021-01-08,392,0,1956,0
2021-01-09,299,0,2255,0
2021-01-10,179,0,2434,0
2021-01-11,316,0,2750,0
2021-01-12,295,0,3045,0
2021-01-13,429,0,3474,0
2021-01-14,509,0,3983,0
2021-01-15,330,0,4313,0
2021-01-16,226,0,4539,0
2021-01-17,3065,0,7604,0
2021-01-18,5223,0,12827,0
2021-01-19,1897,0,14724,0
2021-01-20,4660,0,19384,0
2021-01-21,20002,0,39386,0
2021-01-22,14219,0,53605,0
2021-01-23,33314,0,86919,0
2021-01-24,30771,0,117690,0
2021-01-25,64693,0,182383,0
2021-01-26,76451,0,258834,0
2021-01-27,64802,0,323636,0
2021-01-28,89236,0,412872,0
2021-01-29,93984,0,506856,0
2021-01-30,86533,0,593389,0
2021-01-31,57315,0,650704,0
2021-02-01,81828,0,732532,0
2021-02-02,82126,0,814658,0
2021-02-03,91098,0,905756,0
2021-02-04,95378,0,1001134,0
2021-02-05,90264,0,1091398,0
2021-02-06,63451,0,1154849,0
2021-02-07,32935,0,1187784,0
2021-02-08,40420,0,1228204,0
2021-02-09,32882,0,1261086,0
2021-02-10,28443,0,1289529,0
2021-02-11,20410,0,1309939,0
2021-02-12,16255,0,1326194,0
2021-02-13,7287,0,1333481,0
2021-02-14,2862,0,1336343,0
2021-02-15,6852,0,1343195,0
2021-02-16,7010,0,1350205,0
2021-02-17,10528,0,1360733,0
2021-02-18,9261,0,1369994,0
2021-02-19,8259,0,1378253,0
2021-02-20,5593,0,1383846,0
2021-02-21,3017,0,1386863,0
2021-02-22,6885,0,1393748,0
2021-02-23,7191,0,1400939,0
2021-02-24,9817,0,1410756,0
2021-02-25,14219,0,1424975,0
2021-02-26,17563,0,1442538,0
2021-02-27,13930,0,1456468,0
2021-02-28,9400,0,1465868,0
2021-03-01,26535,0,1492403,0
2021-03-02,33247,0,1525650,0
2021-03-03,44655,0,1570305,0
2021-03-04,50304,0,1620609,0
2021-03-05,55747,0,1676356,0
2021-03-06,41887,0,1718243,0
2021-03-07,22332,0,1740575,0
2021-03-08,50839,0,1791414,0
2021-03-09,53097,0,1844511,0
2021-03-10,58702,0,1903213,0
2021-03-11,63901,0,1967114,0
2021-03-12,65153,0,2032267,0
2021-03-13,51733,0,2084000,0
2021-03-14,35430,0,2119430,0
2021-03-15,73468,0,2192898,0
2021-03-16,74031,0,2266929,0
2021-03-17,83153,0,2350082,0
2021-03-18,81632,0,2431714,0
2021-03-19,81092,0,2512806,0
2021-03-20,64749,0,2577555,0
2021-03-21,47316,0,2624871,0
2021-03-22,69508,0,2694379,0
2021-03-23,75827,0,2770206,0
2021-03-24,90946,0,2861152,0
2021-03-25,89833,0,2950985,0
2021-03-26,83649,0,3034634,0
2021-03-27,71965,0,3106599,0
2021-03-28,44197,0,3150796,0
2021-03-29,70853,0,3221649,0
2021-03-30,81425,0,3303074,0
2021-03-31,96273,0,3399347,0
2021-04-01,95345,0,3494692,0
2021-04-02,84090,0,3578782,0
2021-04-03,64315,0,3643097,0
2021-04-04,21727,0,3664824,0
2021-04-05,40330,0,3705154,0
2021-04-06,81362,0,3786516,0
2021-04-07,95854,0,3882370,0
2021-04-08,95271,0,3977641,0
2021-04-09,88510,0,4066151,0
2021-04-10,74044,0,4140195,0
2021-04-11,44770,0,4184965,0
2021-04-12,66928,0,4251893,0
2021-04-13,72606,0,4324499,0
2021-04-14,85562,0,4410061,0
2021-04-15,105427,0,4515488,0
2021-04-16,106445,0,4621933,0
2021-04-17,90539,0,4712472,0
2021-04-18,58601,0,4771073,0
2021-04-19,93449,0,4864522,0
2021-04-20,103784,0,4968306,0
2021-04-21,125345,0,5093651,0
2021-04-22,143540,0,5237191,0
2021-04-23,138769,0,5375960,0
2021-04-24,124458,0,5500418,0
2021-04-25,61473,0,5561891,0
2021-04-26,97921,0,5659812,0
2021-04-27,128388,0,5788200,0
2021-04-28,156410,0,5944610,0
2021-04-29,195630,0,6140240,0
2021-04-30,214626,0,6354866,0
2021-05-01,174154,0,6529020,0
2021-05-02,135822,0,6664842,0
2021-05-03,142093,0,6806935,0
2021-05-04,158727,0,6965662,0
2021-05-05,170559,0,7136221,0
2021-05-06,197842,0,7334063,0
2021-05-07,211995,0,7546058,0
2021-05-08,213454,0,7759512,0
2021-05-09,143229,0,7902741,0
2021-05-10,165109,0,8067850,0
2021-05-11,175019,0,8242869,0
2021-05-12,179246,0,8422115,0
2021-05-13,203448,0,8625563,0
2021-05-14,222961,0,8848524,0
2021-05-15,210401,0,9058925,0
2021-05-16,159302,0,9218227,0
2021-05-17,218866,0,9437093,0
2021-05-18,213034,0,9650127,0
2021-05-19,207107,0,9857234,0
2021-05-20,270923,0,10128157,0
2021-05-21,270919,0,10399076,0
2021-05-22,245551,0,10644627,0
2021-05-23,197199,0,10841826,0
2021-05-24,228328,0,11070154,0
2021-05-25,245703,0,11315857,0
2021-05-26,277578,0,11593435,0
2021-05-27,311112,0,11904547,0
2021-05-28,299596,0,12204143,0
2021-05-29,231267,0,12435410,0
2021-05-30,170861,0,12606271,0
2021-05-31,216451,0,12822722,0
2021-06-01,207649,0,13030371,0
2021-06-02,115817,0,13146188,0
2021-06-03,180198,0,13326386,0
2021-06-04,184950,0,13511336,0
2021-06-05,186033,0,13697369,0
2021-06-06,139612,0,13836981,0
2021-06-07,161934,0,13998915,0
2021-06-08,171326,0,14170241,0
2021-06-09,171549,0,14341790,0
2021-06-10,174194,0,14515984,0
2021-06-11,170077,0,14686061,0
2021-06-12,128428,0,14814489,0
2021-06-13,91266,0,14905755,0
2021-06-14,214726,0,15120481,0
2021-06-15,228483,0,15348964,0
2021-06-16,253133,0,15602097,0
2021-06-17,301811,0,15903908,0
2021-06-18,306368,0,16210276,0
2021-06-19,275158,0,16485434,0
2021-06-20,220837,0,16706271,0
2021-06-21,288132,0,16994403,0
2021-06-22,296282,0,17290685,0
2021-06-23,302727,0,17593412,0
2021-06-24,332636,0,17926048,0
2021-06-25,348750,0,18274798,0
2021-06-26,300161,0,18574959,0
2021-06-27,228722,0,18803681,0
2021-06-28,307177,0,19110858,0
2021-06-29,329371,0,19440229,0
2021-06-30,342247,0,19782476,0
2021-07-01,363273,0,20145749,0
2021-07-02,368526,0,20514275,0
2021-07-03,371113,0,20885388,0
2021-07-04,283260,0,21168648,0
2021-07-05,384574,0,21553222,0
2021-07-06,385503,0,21938725,0
2021-07-07,412149,0,22350874,0
2021-07-08,479582,0,22830456,0
2021-07-09,498452,0,23328908,0
2021-07-10,475172,0,23804080,0
2021-07-11,357685,0,24161765,0
2021-07-12,485870,0,24647635,0
2021-07-13,492052,0,25139687,0
2021-07-14,480425,0,25620112,0
2021-07-15,523399,0,26143511,0
2021-07-16,509730,0,26653241,0
2021-07-17,464312,0,27117553,0
2021-07-18,364618,0,27482171,0
2021-07-19,463027,0,27945198,0
2021-07-20,458031,0,28403229,0
2021-07-21,462788,0,28866017,0
2021-07-22,475369,0,29341386,0
2021-07-23,441317,0,29782703,0
2021-07-24,386144,0,30168847,0
2021-07-25,287528,0,30456375,0
2021-07-26,430883,0,30887258,0
2021-07-27,440103,0,31327361,0
2021-07-28,391008,0,31718369,0
2021-07-29,372069,0,32090438,0
2021-07-30,341533,0,32431971,0
2021-07-31,287053,0,32719024,0
2021-08-01,190998,0,32910022,0
2021-08-02,333707,0,33243729,0
2021-08-03,323185,0,33566914,0
2021-08-04,311006,0,33877920,0
2021-08-05,292477,0,34170397,0
2021-08-06,260047,0,34430444,0
2021-08-07,199079,0,34629523,0
2021-08-08,153111,0,34782634,0
2021-08-09,234081,0,35016715,0
2021-08-10,205297,0,35222012,0
2021-08-11,193803,0,35415815,0
2021-08-12,168083,0,35583898,0
2021-08-13,148688,0,35732586,0
2021-08-14,66109,0,35798695,0
2021-08-15,26346,0,35825041,0
2021-08-16,114725,0,35939766,0
2021-08-17,129265,0,36069031,0
2021-08-18,128767,0,36197798,0
2021-08-19,124868,0,36322666,0
2021-08-20,123802,0,36446468,0
2021-08-21,83139,0,36529607,0
2021-08-22,68183,0,36597790,0
2021-08-23,176860,0,36774650,0
2021-08-24,156890,0,36931540,0
2021-08-25,177167,0,37108707,0
2021-08-26,172344,0,37281051,0
2021-08-27,185830,0,37466881,0
2021-08-28,140294,0,37607175,0
2021-08-29,98998,0,37706173,0
2021-08-30,209581,0,37915754,0
2021-08-31,194636,0,38110390,0
2021-09-01,192216,0,38302606,0
2021-09-02,189931,0,38492537,0
2021-09-03,191269,0,38683806,0
2021-09-04,131427,0,38815233,0
2021-09-05,87839,0,38903072,0
2021-09-06,193589,0,39096661,0
2021-09-07,196030,0,39292691,0
2021-09-08,187847,0,39480538,0
2021-09-09,201413,0,39681951,0
2021-09-10,198037,0,39879988,0
2021-09-11,141283,0,40021271,0
2021-09-12,89588,0,40110859,0
2021-09-13,191086,678,40301945,678
2021-09-14,177201,672,40479146,1350
2021-09-15,163079,666,40642225,2016
2021-09-16,160037,1025,40802262,3041
2021-09-17,150160,1183,40952422,4224
2021-09-18,127986,789,41080408,5013
2021-09-19,81139,516,41161547,5529
2021-09-20,180060,9149,41341607,14678
2021-09-21,166680,8869,41508287,23547
2021-09-22,159132,9472,41667419,33019
2021-09-23,138120,9366,41805539,42385
2021-09-24,140556,9026,41946095,51411
2021-09-25,119561,5685,42065656,57096
2021-09-26,72001,4371,42137657,61467
2021-09-27,135672,10100,42273329,71567
2021-09-28,117525,11439,42390854,83006
2021-09-29,112389,11859,42503243,94865
2021-09-30,110301,14994,42613544,109859
2021-10-01,95011,19146,42708555,129005
2021-10-02,78534,14048,42787089,143053
2021-10-03,47761,7673,42834850,150726
2021-10-04,88395,34495,42923245,185221
2021-10-05,80393,34025,43003638,219246
2021-10-06,72002,34228,43075640,253474
2021-10-07,71883,34386,43147523,287860
2021-10-08,80648,33634,43228171,321494
2021-10-09,76120,22204,43304291,343698
2021-10-10,45797,13632,43350088,357330
2021-10-11,87458,41140,43437546,398470
2021-10-12,84521,46943,43522067,445413
2021-10-13,88229,52179,43610296,497592
2021-10-14,91561,58566,43701857,556158
2021-10-15,93604,55693,43795461,611851
2021-10-16,82976,36838,43878437,648689
2021-10-17,51461,23866,43929898,672555
2021-10-18,90304,59536,44020202,732091
2021-10-19,78355,69429,44098557,801520
2021-10-20,75061,78225,44173618,879745
2021-10-21,78286,81832,44251904,961577
2021-10-22,73769,77094,44325673,1038671
2021-10-23,60841,51976,44386514,1090647
2021-10-24,33365,23487,44419879,1114134
2021-10-25,64903,81678,44484782,1195812
2021-10-26,58369,91854,44543151,1287666
2021-10-27,58317,104047,44601468,1391713
2021-10-28,61443,114176,44662911,1505889
2021-10-29,61620,103209,44724531,1609098
2021-10-30,50670,68165,44775201,1677263
2021-10-31,25158,28314,44800359,1705577
2021-11-01,19050,28161,44819409,1733738
2021-11-02,62739,89453,44882148,1823191
2021-11-03,60712,118721,44942860,1941912
2021-11-04,59237,126719,45002097,2068631
2021-11-05,63093,135239,45065190,2203870
2021-11-06,46494,90948,45111684,2294818
2021-11-07,22248,37908,45133932,2332726
2021-11-08,51522,131310,45185454,2464036
2021-11-09,45407,144240,45230861,2608276
2021-11-10,42595,156387,45273456,2764663
2021-11-11,44927,155191,45318383,2919854
2021-11-12,46304,158725,45364687,3078579
2021-11-13,33270,116685,45397957,3195264
2021-11-14,14490,52463,45412447,3247727
2021-11-15,36908,157459,45449355,3405186
2021-11-16,30567,171426,45479922,3576612
2021-11-17,28468,178472,45508390,3755084
2021-11-18,30297,193779,45538687,3948863
2021-11-19,28826,205900,45567513,4154763
2021-11-20,21013,156463,45588526,4311226
2021-11-21,10611,64872,45599137,4376098
2021-11-22,21962,213170,45621099,4589268
2021-11-23,23610,241806,45644709,4831074
2021-11-24,27772,271107,45672481,5102181
2021-11-25,23243,300963,45695724,5403144
2021-11-26,24602,318316,45720326,5721460
2021-11-27,21419,266179,45741745,5987639
2021-11-28,9911,137072,45751656,6124711
2021-11-29,22370,326081,45774026,6450792
2021-11-30,23124,365864,45797150,6816656
2021-12-01,21566,413547,45818716,7230203
2021-12-02,23800,440445,45842516,7670648
2021-12-03,25287,467549,45867803,8138197
2021-12-04,22397,418816,45890200,8557013
2021-12-05,11945,261372,45902145,8818385
2021-12-06,25856,457638,45928001,9276023
2021-12-07,24174,480314,45952175,9756337
2021-12-08,10033,249727,45962208,10006064
2021-12-09,31636,491972,45993844,10498036
2021-12-10,28113,517941,46021957,11015977
2021-12-11,23596,459289,46045553,11475266
2021-12-12,12328,293539,46057881,11768805
2021-12-13,26189,467666,46084070,12236471
2021-12-14,25214,494248,46109284,12730719
2021-12-15,25387,517190,46134671,13247909
2021-12-16,27945,520314,46162616,13768223
2021-12-17,29405,517231,46192021,14285454
2021-12-18,27120,468788,46219141,14754242
2021-12-19,15179,300548,46234320,15054790
2021-12-20,30688,477512,46265008,15532302
2021-12-21,30426,493454,46295434,16025756
2021-12-22,29499,484761,46324933,16510517
2021-12-23,28292,426976,46353225,16937493
2021-12-24,13129,210846,46366354,17148339
2021-12-25,2104,33053,46368458,17181392
2021-12-26,8785,159079,46377243,17340471
2021-12-27,46853,504707,46424096,17845178
2021-12-28,42514,554275,46466610,18399453
2021-12-29,34407,550695,46501017,18950148
2021-12-30,31905,499876,46532922,19450024
2021-12-31,14154,247410,46547076,19697434
2022-01-01,3503,64816,46550579,19762250
2022-01-02,22845,276728,46573424,20038978
2022-01-03,47963,520049,46621387,20559027
2022-01-04,46498,572110,46667885,21131137
2022-01-05,40871,560433,46708756,21691570
2022-01-06,23549,274489,46732305,21966059
2022-01-07,63821,554232,46796126,22520291
2022-01-08,61019,503428,46857145,23023719
2022-01-09,42991,319710,46900136,23343429
2022-01-10,61195,542334,46961331,23885763
2022-01-11,61884,587043,47023215,24472806
2022-01-12,58578,581320,47081793,25054126
2022-01-13,58738,580439,47140531,25634565
2022-01-14,46970,588630,47187501,26223195
2022-01-15,39626,570003,47227127,26793198
2022-01-16,31338,341898,47258465,27135096
2022-01-17,54873,489699,47313338,27624795
2022-01-18,58486,517061,47371824,28141856
2022-01-19,57286,502834,47429110,28644690
2022-01-20,54304,498443,47483414,29143133
2022-01-21,42200,493907,47525614,29637040
2022-01-22,31301,469090,47556915,30106130
2022-01-23,34994,275401,47591909,30381531
2022-01-24,56239,437259,47648148,30818790
2022-01-25,61517,451762,47709665,31270552
2022-01-26,58610,435853,47768275,31706405
2022-01-27,48908,432423,47817183,32138828
2022-01-28,58774,436572,47875957,32575400
2022-01-29,68205,412522,47944162,32987922
2022-01-30,50416,235995,47994578,33223917
2022-01-31,60730,356958,48055308,33580875
2022-02-01,65632,328472,48120940,33909347
2022-02-02,63254,297005,48184194,34206352
2022-02-03,60105,274542,48244299,34480894
2022-02-04,72421,268479,48316720,34749373
2022-02-05,83828,248562,48400548,34997935
2022-02-06,55309,116208,48455857,35114143
2022-02-07,65194,199950,48521051,35314093
2022-02-08,66963,186134,48588014,35500227
2022-02-09,58783,166357,48646797,35666584
2022-02-10,58602,163259,48705399,35829843
2022-02-11,62283,162483,48767682,35992326
2022-02-12,72020,152157,48839702,36144483
2022-02-13,41488,68860,48881190,36213343
2022-02-14,46714,116196,48927904,36329539
2022-02-15,48574,123483,48976478,36453022
2022-02-16,45704,106133,49022182,36559155
2022-02-17,42878,98128,49065060,36657283
2022-02-18,46639,112591,49111699,36769874
2022-02-19,52547,100342,49164246,36870216
2022-02-20,31416,40369,49195662,36910585
2022-02-21,37905,89661,49233567,37000246
2022-02-22,37228,83787,49270795,37084033
2022-02-23,33406,79409,49304201,37163442
2022-02-24,32563,78169,49336764,37241611
2022-02-25,34776,90716,49371540,37332327
2022-02-26,39167,89139,49410707,37421466
2022-02-27,22550,35860,49433257,37457326
2022-02-28,28493,81701,49461750,37539027
2022-03-01,22735,53944,49484485,37592971
2022-03-02,21940,50713,49506425,37643684
2022-03-03,22641,54947,49529066,37698631
2022-03-04,23245,62803,49552311,37761434
2022-03-05,23806,57953,49576117,37819387
2022-03-06,9474,17202,49585591,37836589
2022-03-07,15928,51391,49601519,37887980
2022-03-08,15482,48799,49617001,37936779
2022-03-09,13815,46518,49630816,37983297
2022-03-10,14055,52056,49644871,38035353
2022-03-11,15594,57277,49660465,38092630
2022-03-12,15513,56621,49675978,38149251
2022-03-13,5546,16852,49681524,38166103
2022-03-14,10528,46703,49692052,38212806
2022-03-15,10555,46895,49702607,38259701
2022-03-16,9487,41980,49712094,38301681
2022-03-17,9727,44878,49721821,38346559
2022-03-18,10164,49059,49731985,38395618
2022-03-19,9153,46541,49741138,38442159
2022-03-20,2608,11704,49743746,38453863
2022-03-21,7588,40233,49751334,38494096
2022-03-22,8448,37769,49759782,38531865
2022-03-23,7221,33701,49767003,38565566
2022-03-24,8262,38821,49775265,38604387
2022-03-25,8144,43674,49783409,38648061
2022-03-26,8128,41724,49791537,38689785
2022-03-27,2432,9683,49793969,38699468
2022-03-28,6113,35245,49800082,38734713
2022-03-29,5783,32533,49805865,38767246
2022-03-30,5567,30206,49811432,38797452
2022-03-31,5906,33187,49817338,38830639
2022-04-01,4351,25191,49821689,38855830
2022-04-02,4498,23275,49826187,38879105
2022-04-03,1049,4500,49827236,38883605
2022-04-04,3663,21546,49830899,38905151
2022-04-05,3759,22938,49834658,38928089
2022-04-06,4106,21852,49838764,38949941
2022-04-07,3971,23321,49842735,38973262
2022-04-08,4696,26716,49847431,38999978
2022-04-09,4382,23888,49851813,39023866
2022-04-10,893,4613,49852706,39028479
2022-04-11,3819,22691,49856525,39051170
2022-04-12,3364,21781,49859889,39072951
2022-04-13,3574,21337,49863463,39094288
2022-04-14,3487,23789,49866950,39118077
2022-04-15,3085,20623,49870035,39138700
2022-04-16,2153,11918,49872188,39150618
2022-04-17,63,348,49872251,39150966
2022-04-18,152,650,49872403,39151616
2022-04-19,3500,21988,49875903,39173604
2022-04-20,3513,20250,49879416,39193854
2022-04-21,2848,19793,49882264,39213647
2022-04-22,2928,20716,49885192,39234363
2022-04-23,2648,16222,49887840,39250585
2022-04-24,509,2335,49888349,39252920
2022-04-25,183,1165,49888532,39254085
2022-04-26,2761,17813,49891293,39271898
2022-04-27,2375,15795,49893668,39287693
2022-04-28,2363,15567,49896031,39303260
2022-04-29,2299,14850,49898330,39318110
2022-04-30,2123,11585,49900453,39329695
2022-05-01,113,531,49900566,39330226
2022-05-02,1452,9393,49902018,39339619
2022-05-03,1577,10326,49903595,39349945
2022-05-04,1747,10276,49905342,39360221
2022-05-05,1654,10301,49906996,39370522
2022-05-06,1703,10972,49908699,39381494
2022-05-07,1432,8574,49910131,39390068
2022-05-08,417,1526,49910548,39391594
2022-05-09,1028,8935,49911576,39400529
2022-05-10,1427,9554,49913003,39410083
2022-05-11,1486,10109,49914489,39420192
2022-05-12,1372,10137,49915861,39430329
2022-05-13,1596,10527,49917457,39440856
2022-05-14,1361,8248,49918818,39449104
2022-05-15,336,1138,49919154,39450242
2022-05-16,814,8409,49919968,39458651
2022-05-17,1244,8708,49921212,39467359
2022-05-18,1373,9256,49922585,39476615
2022-05-19,1501,9287,49924086,39485902
2022-05-20,1426,9535,49925512,39495437
2022-05-21,1302,7902,49926814,39503339
2022-05-22,231,1013,49927045,39504352
2022-05-23,830,8274,49927875,39512626
2022-05-24,1073,8673,49928948,39521299
2022-05-25,1372,9460,49930320,39530759
2022-05-26,1198,9480,49931518,39540239
2022-05-27,1233,9917,49932751,39550156
2022-05-28,1205,7890,49933956,39558046
2022-05-29,288,1265,49934244,39559311
2022-05-30,931,8060,49935175,39567371
2022-05-31,1039,8549,49936214,39575920
2022-06-01,896,7657,49937110,39583577
2022-06-02,35,474,49937145,39584051
2022-06-03,818,7334,49937963,39591385
2022-06-04,870,5162,49938833,39596547
2022-06-05,88,586,49938921,39597133
2022-06-06,679,7004,49939600,39604137
2022-06-07,952,7850,49940552,39611987
2022-06-08,981,7906,49941533,39619893
2022-06-09,1037,8418,49942570,39628311
2022-06-10,958,8563,49943528,39636874
2022-06-11,903,6207,49944431,39643081
2022-06-12,140,768,49944571,39643849
2022-06-13,602,6302,49945173,39650151
2022-06-14,832,7905,49946005,39658056
2022-06-15,960,7856,49946965,39665912
2022-06-16,733,7399,49947698,39673311
2022-06-17,723,7248,49948421,39680559
2022-06-18,778,5596,49949199,39686155
2022-06-19,49,521,49949248,39686676
2022-06-20,587,6699,49949835,39693375
2022-06-21,741,7664,49950576,39701039
2022-06-22,779,7313,49951355,39708352
2022-06-23,649,7472,49952004,39715824
2022-06-24,644,7475,49952648,39723299
2022-06-25,835,6533,49953483,39729832
2022-06-26,128,523,49953611,39730355
2022-06-27,534,7126,49954145,39737481
2022-06-28,748,8208,49954893,39745689
2022-06-29,756,7733,49955649,39753422
2022-06-30,747,8145,49956396,39761567
2022-07-01,577,6443,49956973,39768010
2022-07-02,536,4769,49957509,39772779
2022-07-03,49,456,49957558,39773235
2022-07-04,469,6278,49958027,39779513
2022-07-05,631,8122,49958658,39787635
2022-07-06,634,7611,49959292,39795246
2022-07-07,576,8274,49959868,39803520
2022-07-08,677,8086,49960545,39811606
2022-07-09,550,6105,49961095,39817711
2022-07-10,58,533,49961153,39818244
2022-07-11,493,7642,49961646,39825886
2022-07-12,669,9030,49962315,39834916
2022-07-13,645,10066,49962960,39844982
2022-07-14,637,10225,49963597,39855207
2022-07-15,627,10674,49964224,39865881
2022-07-16,523,7215,49964747,39873096
2022-07-17,48,770,49964795,39873866
2022-07-18,496,9375,49965291,39883241
2022-07-19,576,10684,49965867,39893925
2022-07-20,582,11277,49966449,39905202
2022-07-21,632,12093,49967081,39917295
2022-07-22,584,11261,49967665,39928556
2022-07-23,381,6775,49968046,39935331
2022-07-24,76,857,49968122,39936188
2022-07-25,504,9056,49968626,39945244
2022-07-26,522,9768,49969148,39955012
2022-07-27,554,10212,49969702,39965224
2022-07-28,533,10534,49970235,39975758
2022-07-29,510,9467,49970745,39985225
2022-07-30,383,5884,49971128,39991109
2022-07-31,49,764,49971177,39991873
2022-08-01,386,6865,49971563,39998738
2022-08-02,548,7590,49972111,40006328
2022-08-03,513,7182,49972624,40013510
2022-08-04,455,7493,49973079,40021003
2022-08-05,421,6529,49973500,40027532
2022-08-06,300,3613,49973800,40031145
2022-08-07,44,563,49973844,40031708
2022-08-08,403,4890,49974247,40036598
2022-08-09,381,5313,49974628,40041911
2022-08-10,385,4816,49975013,40046727
2022-08-11,369,4804,49975382,40051531
2022-08-12,295,3719,49975677,40055250
2022-08-13,143,1600,49975820,40056850
2022-08-14,9,129,49975829,40056979
2022-08-15,1,26,49975830,40057005
2022-08-16,283,3043,49976113,40060048
2022-08-17,352,3534,49976465,40063582
2022-08-18,394,4160,49976859,40067742
2022-08-19,341,3321,49977200,40071063
2022-08-20,184,1715,49977384,40072778
2022-08-21,24,149,49977408,40072927
2022-08-22,331,2952,49977739,40075879
2022-08-23,370,3674,49978109,40079553
2022-08-24,384,3360,49978493,40082913
2022-08-25,423,3773,49978916,40086686
2022-08-26,399,3585,49979315,40090271
2022-08-27,237,1770,49979552,40092041
2022-08-28,29,267,49979581,40092308
2022-08-29,354,3161,49979935,40095469
2022-08-30,406,3672,49980341,40099141
2022-08-31,438,3734,49980779,40102875
2022-09-01,353,3117,49981132,40105992
2022-09-02,297,2894,49981429,40108886
2022-09-03,200,1692,49981629,40110578
2022-09-04,24,149,49981653,40110727
2022-09-05,187,2656,49981840,40113383
2022-09-06,307,2985,49982147,40116368
2022-09-07,542,2937,49982689,40119305
2022-09-08,293,2964,49982982,40122269
2022-09-09,308,2886,49983290,40125155
2022-09-10,228,1327,49983518,40126482
2022-09-11,23,124,49983541,40126606
2022-09-12,267,2269,49983808,40128875
2022-09-13,253,2279,49984061,40131154
2022-09-14,266,2566,49984327,40133720
2022-09-15,283,2501,49984610,40136221
2022-09-16,255,2542,49984865,40138763
2022-09-17,239,1339,49985104,40140102
2022-09-18,20,170,49985124,40140272
2022-09-19,206,1971,49985330,40142243
2022-09-20,237,2392,49985567,40144635
2022-09-21,289,2526,49985856,40147161
2022-09-22,267,2663,49986123,40149824
2022-09-23,261,2546,49986384,40152370
2022-09-24,193,1427,49986577,40153797
2022-09-25,29,133,49986606,40153930
2022-09-26,281,2249,49986887,40156179
2022-09-27,287,2680,49987174,40158859
2022-09-28,310,2905,49987484,40161764
2022-09-29,257,3050,49987741,40164814
2022-09-30,292,2987,49988033,40167801
2022-10-01,195,1515,49988228,40169316
2022-10-02,12,187,49988240,40169503
2022-10-03,186,2475,49988426,40171978
2022-10-04,236,2861,49988662,40174839
2022-10-05,233,3253,49988895,40178092
2022-10-06,244,3872,49989139,40181964
2022-10-07,283,4184,49989422,40186148
2022-10-08,206,2268,49989628,40188416
2022-10-09,8,305,49989636,40188721
2022-10-10,214,3347,49989850,40192068
2022-10-11,195,4378,49990045,40196446
2022-10-12,211,4436,49990256,40200882
2022-10-13,206,5299,49990462,40206181
2022-10-14,233,5006,49990695,40211187
2022-10-15,191,2669,49990886,40213856
2022-10-16,6,360,49990892,40214216
2022-10-17,187,3873,49991079,40218089
2022-10-18,257,4959,49991336,40223048
2022-10-19,246,5477,49991582,40228525
2022-10-20,225,5995,49991807,40234520
2022-10-21,257,5475,49992064,40239995
2022-10-22,195,2911,49992259,40242906
2022-10-23,13,364,49992272,40243270
2022-10-24,171,3929,49992443,40247199
2022-10-25,256,4925,49992699,40252124
2022-10-26,350,5501,49993049,40257625
2022-10-27,240,5675,49993289,40263300
2022-10-28,199,5265,49993488,40268565
2022-10-29,128,2844,49993616,40271409
2022-10-30,3,328,49993619,40271737
2022-10-31,117,3039,49993736,40274776
2022-11-01,11,353,49993747,40275129
2022-11-02,146,3721,49993893,40278850
2022-11-03,172,4788,49994065,40283638
2022-11-04,228,4600,49994293,40288238
2022-11-05,145,2598,49994438,40290836
2022-11-06,10,261,49994448,40291097
2022-11-07,169,3227,49994617,40294324
2022-11-08,261,4253,49994878,40298577
2022-11-09,202,4335,49995080,40302912
2022-11-10,184,4598,49995264,40307510
2022-11-11,194,4231,49995458,40311741
2022-11-12,161,2378,49995619,40314119
2022-11-13,7,338,49995626,40314457
2022-11-14,150,2836,49995776,40317293
2022-11-15,204,3748,49995980,40321041
2022-11-16,217,4000,49996197,40325041
2022-11-17,194,4110,49996391,40329151
2022-11-18,248,4035,49996639,40333186
2022-11-19,112,2087,49996751,40335273
2022-11-20,24,317,49996775,40335590
2022-11-21,119,2621,49996894,40338211
2022-11-22,142,3222,49997036,40341433
2022-11-23,191,3627,49997227,40345060
2022-11-24,158,3846,49997385,40348906
2022-11-25,184,3780,49997569,40352686
2022-11-26,134,2094,49997703,40354780
2022-11-27,22,356,49997725,40355136
2022-11-28,182,2691,49997907,40357827
2022-11-29,257,3232,49998164,40361059
2022-11-30,183,3737,49998347,40364796
2022-12-01,151,3630,49998498,40368426
2022-12-02,162,3528,49998660,40371954
2022-12-03,106,1997,49998766,40373951
2022-12-04,5,290,49998771,40374241
2022-12-05,129,2856,49998900,40377097
2022-12-06,177,3659,49999077,40380756
2022-12-07,136,3128,49999213,40383884
2022-12-08,8,168,49999221,40384052
2022-12-09,164,3035,49999385,40387087
2022-12-10,71,1602,49999456,40388689
2022-12-11,7,193,49999463,40388882
2022-12-12,172,2533,49999635,40391415
2022-12-13,251,3050,49999886,40394465
2022-12-14,232,3237,50000118,40397702
2022-12-15,207,3288,50000325,40400990
2022-12-16,161,3213,50000486,40404203
2022-12-17,95,1692,50000581,40405895
2022-12-18,10,270,50000591,40406165
2022-12-19,148,2164,50000739,40408329
2022-12-20,213,2523,50000952,40410852
2022-12-21,159,2249,50001111,40413101
2022-12-22,140,1870,50001251,40414971
2022-12-23,153,1219,50001404,40416190
2022-12-24,32,161,50001436,40416351
2022-12-25,0,6,50001436,40416357
2022-12-26,6,42,50001442,40416399
2022-12-27,133,1552,50001575,40417951
2022-12-28,138,1777,50001713,40419728
2022-12-29,93,1705,50001806,40421433
2022-12-30,116,1610,50001922,40423043
2022-12-31,21,273,50001943,40423316
2023-01-01,0,6,50001943,40423322
2023-01-02,48,1125,50001991,40424447
2023-01-03,98,1899,50002089,40426346
2023-01-04,111,2004,50002200,40428350
2023-01-05,99,1902,50002299,40430252
2023-01-06,0,69,50002299,40430321
2023-01-07,51,686,50002350,40431007
2023-01-08,2,97,50002352,40431104
2023-01-09,124,1405,50002476,40432509
2023-01-10,125,1764,50002601,40434273
2023-01-11,113,1750,50002714,40436023
2023-01-12,112,1967,50002826,40437990
2023-01-13,106,1857,50002932,40439847
2023-01-14,61,927,50002993,40440774
2023-01-15,1,64,50002994,40440838
2023-01-16,42,1087,50003036,40441925