data_somministrazione,vaccinazioni,booster,cum_vaccinazioni,cum_booster
2020-12-27,22,0,22,0
2020-12-28,2,0,24,0
2020-12-29,1,0,25,0
2020-12-30,9,0,34,0
2020-12-31,86,0,120,0
2021-01-01,28,0,148,0
2021-01-02,162,0,310,0
2021-01-03,122,0,432,0
2021-01-04,261,0,693,0
2021-01-05,301,0,994,0
2021-01-06,278,0,1272,0
2021-01-07,343,0,1615,0
2021-01-08,400,0,2015,0
2021-01-09,306,0,2321,0
2021-01-10,187,0,2508,0
2021-01-11,319,0,2827,0
2021-01-12,298,0,3125,0
2021-01-13,434,0,3559,0
2021-01-14,513,0,4072,0
2021-01-15,332,0,4404,0
2021-01-16,229,0,4633,0
2021-01-17,3066,0,7699,0
2021-01-18,5228,0,12927,0
2021-01-19,1898,0,14825,0
2021-01-20,4660,0,19485,0
2021-01-21,20001,0,39486,0
2021-01-22,14253,0,53739,0
2021-01-23,33311,0,87050,0
2021-01-24,30773,0,117823,0
2021-01-25,64701,0,182524,0
2021-01-26,76460,0,258984,0
2021-01-27,64811,0,323795,0
2021-01-28,89236,0,413031,0
2021-01-29,93998,0,507029,0
2021-01-30,86530,0,593559,0
2021-01-31,57311,0,650870,0
2021-02-01,81841,0,732711,0
2021-02-02,82145,0,814856,0
2021-02-03,91103,0,905959,0
2021-02-04,95383,0,1001342,0
2021-02-05,89116,0,1090458,0
2021-02-06,63451,0,1153909,0
2021-02-07,32935,0,1186844,0
2021-02-08,40429,0,1227273,0
2021-02-09,32894,0,1260167,0
2021-02-10,28453,0,1288620,0
2021-02-11,20419,0,1309039,0
2021-02-12,16266,0,1325305,0
2021-02-13,7296,0,1332601,0
2021-02-14,2864,0,1335465,0
2021-02-15,6856,0,1342321,0
2021-02-16,7013,0,1349334,0
2021-02-17,10529,0,1359863,0
2021-02-18,9266,0,1369129,0
2021-02-19,8266,0,1377395,0
2021-02-20,5597,0,1382992,0
2021-02-21,3025,0,1386017,0
2021-02-22,6891,0,1392908,0
2021-02-23,7196,0,1400104,0
2021-02-24,9828,0,1409932,0
2021-02-25,14222,0,1424154,0
2021-02-26,17573,0,1441727,0
2021-02-27,13947,0,1455674,0
2021-02-28,9398,0,1465072,0
2021-03-01,26545,0,1491617,0
2021-03-02,33254,0,1524871,0
2021-03-03,44663,0,1569534,0
2021-03-04,50320,0,1619854,0
2021-03-05,55762,0,1675616,0
2021-03-06,41894,0,1717510,0
2021-03-07,22334,0,1739844,0
2021-03-08,50852,0,1790696,0
2021-03-09,53106,0,1843802,0
2021-03-10,58725,0,1902527,0
2021-03-11,63943,0,1966470,0
2021-03-12,65180,0,2031650,0
2021-03-13,51740,0,2083390,0
2021-03-14,35442,0,2118832,0
2021-03-15,73482,0,2192314,0
2021-03-16,74039,0,2266353,0
2021-03-17,83172,0,2349525,0
2021-03-18,81665,0,2431190,0
2021-03-19,81128,0,2512318,0
2021-03-20,64759,0,2577077,0
2021-03-21,47319,0,2624396,0
2021-03-22,69533,0,2693929,0
2021-03-23,75849,0,2769778,0
2021-03-24,90973,0,2860751,0
2021-03-25,89792,0,2950543,0
2021-03-26,83675,0,3034218,0
2021-03-27,71985,0,3106203,0
2021-03-28,44201,0,3150404,0
2021-03-29,70878,0,3221282,0
2021-03-30,81442,0,3302724,0
2021-03-31,96296,0,3399020,0
2021-04-01,95384,0,3494404,0
2021-04-02,83828,0,3578232,0
2021-04-03,64318,0,3642550,0
2021-04-04,21727,0,3664277,0
2021-04-05,40330,0,3704607,0
2021-04-06,81375,0,3785982,0
2021-04-07,95860,0,3881842,0
2021-04-08,95295,0,3977137,0
2021-04-09,88523,0,4065660,0
2021-04-10,74054,0,4139714,0
2021-04-11,44772,0,4184486,0
2021-04-12,66937,0,4251423,0
2021-04-13,72618,0,4324041,0
2021-04-14,85578,0,4409619,0
2021-04-15,105440,0,4515059,0
2021-04-16,106447,0,4621506,0
2021-04-17,90544,0,4712050,0
2021-04-18,58602,0,4770652,0
2021-04-19,93450,0,4864102,0
2021-04-20,103786,0,4967888,0
2021-04-21,125345,0,5093233,0
2021-04-22,143536,0,5236769,0
2021-04-23,138779,0,5375548,0
2021-04-24,124464,0,5500012,0
2021-04-25,61476,0,5561488,0
2021-04-26,97930,0,5659418,0
2021-04-27,128402,0,5787820,0
2021-04-28,156417,0,5944237,0
2021-04-29,195640,0,6139877,0
2021-04-30,214637,0,6354514,0
2021-05-01,174162,0,6528676,0
2021-05-02,135828,0,6664504,0
2021-05-03,142110,0,6806614,0
2021-05-04,158740,0,6965354,0
2021-05-05,170574,0,7135928,0
2021-05-06,196148,0,7332076,0
2021-05-07,212023,0,7544099,0
2021-05-08,213473,0,7757572,0
2021-05-09,143250,0,7900822,0
2021-05-10,165127,0,8065949,0
2021-05-11,175050,0,8240999,0
2021-05-12,179281,0,8420280,0
2021-05-13,203477,0,8623757,0
2021-05-14,222998,0,8846755,0
2021-05-15,210423,0,9057178,0
2021-05-16,159318,0,9216496,0
2021-05-17,218880,0,9435376,0
2021-05-18,213045,0,9648421,0
2021-05-19,207146,0,9855567,0
2021-05-20,270961,0,10126528,0
2021-05-21,270971,0,10397499,0
2021-05-22,245595,0,10643094,0
2021-05-23,197212,0,10840306,0
2021-05-24,228378,0,11068684,0
2021-05-25,245739,0,11314423,0
2021-05-26,277604,0,11592027,0
2021-05-27,311149,0,11903176,0
2021-05-28,299445,0,12202621,0
2021-05-29,231297,0,12433918,0
2021-05-30,170868,0,12604786,0
2021-05-31,216495,0,12821281,0
2021-06-01,207699,0,13028980,0
2021-06-02,115841,0,13144821,0
2021-06-03,180254,0,13325075,0
2021-06-04,185006,0,13510081,0
2021-06-05,186102,0,13696183,0
2021-06-06,139664,0,13835847,0
2021-06-07,162009,0,13997856,0
2021-06-08,171406,0,14169262,0
2021-06-09,171612,0,14340874,0
2021-06-10,174283,0,14515157,0
2021-06-11,170173,0,14685330,0
2021-06-12,128513,0,14813843,0
2021-06-13,91347,0,14905190,0
2021-06-14,214783,0,15119973,0
2021-06-15,228556,0,15348529,0
2021-06-16,253204,0,15601733,0
2021-06-17,301883,0,15903616,0
2021-06-18,306455,0,16210071,0
2021-06-19,275207,0,16485278,0
2021-06-20,220883,0,16706161,0
2021-06-21,288182,0,16994343,0
2021-06-22,296328,0,17290671,0
2021-06-23,302759,0,17593430,0
2021-06-24,332662,0,17926092,0
2021-06-25,348820,0,18274912,0
2021-06-26,300179,0,18575091,0
2021-06-27,228752,0,18803843,0
2021-06-28,307250,0,19111093,0
2021-06-29,329429,0,19440522,0
2021-06-30,342314,0,19782836,0
2021-07-01,363337,0,20146173,0
2021-07-02,368603,0,20514776,0
2021-07-03,371142,0,20885918,0
2021-07-04,283266,0,21169184,0
2021-07-05,384615,0,21553799,0
2021-07-06,385548,0,21939347,0
2021-07-07,412181,0,22351528,0
2021-07-08,478990,0,22830518,0
2021-07-09,498469,0,23328987,0
2021-07-10,475179,0,23804166,0
2021-07-11,357675,0,24161841,0
2021-07-12,485882,0,24647723,0
2021-07-13,492060,0,25139783,0
2021-07-14,480452,0,25620235,0
2021-07-15,523433,0,26143668,0
2021-07-16,509766,0,26653434,0
2021-07-17,464317,0,27117751,0
2021-07-18,364610,0,27482361,0
2021-07-19,463096,0,27945457,0
2021-07-20,458068,0,28403525,0
2021-07-21,462850,0,28866375,0
2021-07-22,475410,0,29341785,0
2021-07-23,441368,0,29783153,0
2021-07-24,386128,0,30169281,0
2021-07-25,287535,0,30456816,0
2021-07-26,430924,0,30887740,0
2021-07-27,440169,0,31327909,0
2021-07-28,391057,0,31718966,0
2021-07-29,371943,0,32090909,0
2021-07-30,341617,0,32432526,0
2021-07-31,287066,0,32719592,0
2021-08-01,190989,0,32910581,0
2021-08-02,333778,0,33244359,0
2021-08-03,323257,0,33567616,0
2021-08-04,311079,0,33878695,0
2021-08-05,292554,0,34171249,0
2021-08-06,260144,0,34431393,0
2021-08-07,199098,0,34630491,0
2021-08-08,153122,0,34783613,0
2021-08-09,234146,0,35017759,0
2021-08-10,205385,0,35223144,0
2021-08-11,193873,0,35417017,0
2021-08-12,168196,0,35585213,0
2021-08-13,148794,0,35734007,0
2021-08-14,66119,0,35800126,0
2021-08-15,26346,0,35826472,0
2021-08-16,114810,0,35941282,0
2021-08-17,129337,0,36070619,0
2021-08-18,128840,0,36199459,0
2021-08-19,124938,0,36324397,0
2021-08-20,123908,0,36448305,0
2021-08-21,83156,0,36531461,0
2021-08-22,68183,0,36599644,0
2021-08-23,176954,0,36776598,0
2021-08-24,156982,0,36933580,0
2021-08-25,177264,0,37110844,0
2021-08-26,172424,0,37283268,0
2021-08-27,185746,0,37469014,0
2021-08-28,140314,0,37609328,0
2021-08-29,99003,0,37708331,0
2021-08-30,209648,0,37917979,0
2021-08-31,194721,0,38112700,0
2021-09-01,192310,0,38305010,0
2021-09-02,189984,0,38494994,0
2021-09-03,191321,0,38686315,0
2021-09-04,131423,0,38817738,0
2021-09-05,87835,0,38905573,0
2021-09-06,193636,0,39099209,0
2021-09-07,196099,0,39295308,0
2021-09-08,187867,0,39483175,0
2021-09-09,201436,0,39684611,0
2021-09-10,197879,0,39882490,0
2021-09-11,141284,0,40023774,0
2021-09-12,89582,0,40113356,0
2021-09-13,191125,693,40304481,693
2021-09-14,177230,683,40481711,1376
2021-09-15,163106,675,40644817,2051
2021-09-16,160068,1044,40804885,3095
2021-09-17,150200,1194,40955085,4289
2021-09-18,128022,796,41083107,5085
2021-09-19,81145,519,41164252,5604
2021-09-20,180100,9162,41344352,14766
2021-09-21,166721,8883,41511073,23649
2021-09-22,159160,9479,41670233,33128
2021-09-23,138156,9370,41808389,42498
2021-09-24,140597,9033,41948986,51531
2021-09-25,119585,5689,42068571,57220
2021-09-26,72010,4374,42140581,61594
2021-09-27,135713,10123,42276294,71717
2021-09-28,117550,11460,42393844,83177
2021-09-29,112405,11882,42506249,95059
2021-09-30,110337,15012,42616586,110071
2021-10-01,95035,19153,42711621,129224
2021-10-02,78557,14054,42790178,143278
2021-10-03,47763,7676,42837941,150954
2021-10-04,88428,34512,42926369,185466
2021-10-05,80422,34047,43006791,219513
2021-10-06,72012,34237,43078803,253750
2021-10-07,71900,34392,43150703,288142
2021-10-08,80667,33648,43231370,321790
2021-10-09,76125,22209,43307495,343999
2021-10-10,45796,13636,43353291,357635
2021-10-11,87500,41157,43440791,398792
2021-10-12,84551,46963,43525342,445755
2021-10-13,88256,52199,43613598,497954
2021-10-14,91597,58578,43705195,556532
2021-10-15,93618,55716,43798813,612248
2021-10-16,82995,36845,43881808,649093
2021-10-17,51458,23874,43933266,672967
2021-10-18,90335,59558,44023601,732525
2021-10-19,78386,69448,44101987,801973
2021-10-20,75076,78260,44177063,880233
2021-10-21,78314,81884,44255377,962117
2021-10-22,73786,77130,44329163,1039247
2021-10-23,60846,51984,44390009,1091231
2021-10-24,33365,23490,44423374,1114721
2021-10-25,64933,81695,44488307,1196416
2021-10-26,58407,91890,44546714,1288306
2021-10-27,58323,104064,44605037,1392370
2021-10-28,61471,114214,44666508,1506584
2021-10-29,61627,103234,44728135,1609818
2021-10-30,50673,68168,44778808,1677986
2021-10-31,25157,28316,44803965,1706302
2021-11-01,19049,28162,44823014,1734464
2021-11-02,62775,89473,44885789,1823937
2021-11-03,60721,118743,44946510,1942680
2021-11-04,59248,126736,45005758,2069416
2021-11-05,63113,135257,45068871,2204673
2021-11-06,46491,90953,45115362,2295626
2021-11-07,22248,37909,45137610,2333535
2021-11-08,51529,131328,45189139,2464863
2021-11-09,45418,144255,45234557,2609118
2021-11-10,42601,156415,45277158,2765533
2021-11-11,44941,155232,45322099,2920765
2021-11-12,46269,158789,45368368,3079554
2021-11-13,33269,116697,45401637,3196251
2021-11-14,14492,52464,45416129,3248715
2021-11-15,36916,157483,45453045,3406198
2021-11-16,30579,171454,45483624,3577652
2021-11-17,28479,178502,45512103,3756154
2021-11-18,30312,193819,45542415,3949973
2021-11-19,28839,205924,45571254,4155897
2021-11-20,21015,156475,45592269,4312372
2021-11-21,10615,64877,45602884,4377249
2021-11-22,21963,213186,45624847,4590435
2021-11-23,23616,241869,45648463,4832304
2021-11-24,27639,270752,45676102,5103056
2021-11-25,23247,301002,45699349,5404058
2021-11-26,24613,318342,45723962,5722400
2021-11-27,21421,266214,45745383,5988614
2021-11-28,9910,137087,45755293,6125701
2021-11-29,22374,326123,45777667,6451824
2021-11-30,23128,365928,45800795,6817752
2021-12-01,21505,412888,45822300,7230640
2021-12-02,23795,440513,45846095,7671153
2021-12-03,25278,467620,45871373,8138773
2021-12-04,22405,419110,45893778,8557883
2021-12-05,11951,261573,45905729,8819456
2021-12-06,25856,457819,45931585,9277275
2021-12-07,24139,479728,45955724,9757003
2021-12-08,10030,249896,45965754,10006899
2021-12-09,31626,492031,45997380,10498930
2021-12-10,28115,517967,46025495,11016897
2021-12-11,23587,459310,46049082,11476207
2021-12-12,12327,293549,46061409,11769756
2021-12-13,26188,467698,46087597,12237454
2021-12-14,25215,494302,46112812,12731756
2021-12-15,25380,517224,46138192,13248980
2021-12-16,27933,520398,46166125,13769378
2021-12-17,29408,517288,46195533,14286666
2021-12-18,27121,468816,46222654,14755482
2021-12-19,15176,300268,46237830,15055750
2021-12-20,30691,477568,46268521,15533318
2021-12-21,30430,493524,46298951,16026842
2021-12-22,29497,484801,46328448,16511643
2021-12-23,28245,426722,46356693,16938365
2021-12-24,13133,210873,46369826,17149238
2021-12-25,2104,33053,46371930,17182291
2021-12-26,8789,159081,46380719,17341372
2021-12-27,46877,504812,46427596,17846184
2021-12-28,42530,554338,46470126,18400522
2021-12-29,34421,550761,46504547,18951283
2021-12-30,31897,499954,46536444,19451237
2021-12-31,14160,247423,46550604,19698660
2022-01-01,3503,64817,46554107,19763477
2022-01-02,22846,276756,46576953,20040233
2022-01-03,47979,520096,46624932,20560329
2022-01-04,46430,571686,46671362,21132015
2022-01-05,40897,560471,46712259,21692486
2022-01-06,23555,274499,46735814,21966985
2022-01-07,63831,554269,46799645,22521254
2022-01-08,61050,502751,46860695,23024005
2022-01-09,42995,319731,46903690,23343736
2022-01-10,61212,542386,46964902,23886122
2022-01-11,61782,586595,47026684,24472717
2022-01-12,58583,581401,47085267,25054118
2022-01-13,58654,580048,47143921,25634166
2022-01-14,46981,588679,47190902,26222845
2022-01-15,39658,570299,47230560,26793144
2022-01-16,31354,341950,47261914,27135094
2022-01-17,54763,489522,47316677,27624616
2022-01-18,58533,517145,47375210,28141761
2022-01-19,57304,502913,47432514,28644674
2022-01-20,54336,498511,47486850,29143185
2022-01-21,42159,493448,47529009,29636633
2022-01-22,31309,469151,47560318,30105784
2022-01-23,35003,275440,47595321,30381224
2022-01-24,56251,437339,47651572,30818563
2022-01-25,61531,451821,47713103,31270384
2022-01-26,58633,435893,47771736,31706277
2022-01-27,48962,432513,47820698,32138790
2022-01-28,58783,436646,47879481,32575436
2022-01-29,68261,412729,47947742,32988165
2022-01-30,50430,236145,47998172,33224310
2022-01-31,60742,357014,48058914,33581324
2022-02-01,65667,328529,48124581,33909853
2022-02-02,63270,297068,48187851,34206921
2022-02-03,60151,274597,48248002,34481518
2022-02-04,72108,268290,48320110,34749808
2022-02-05,83832,248610,48403942,34998418
2022-02-06,55312,116246,48459254,35114664
2022-02-07,65210,199977,48524464,35314641
2022-02-08,66982,186188,48591446,35500829
2022-02-09,58578,166306,48650024,35667135
2022-02-10,58635,163302,48708659,35830437
2022-02-11,62300,162530,48770959,35992967
2022-02-12,72044,152182,48843003,36145149
2022-02-13,41486,68867,48884489,36214016
2022-02-14,46722,116221,48931211,36330237
2022-02-15,48586,123508,48979797,36453745
2022-02-16,45730,106163,49025527,36559908
2022-02-17,42888,98159,49068415,36658067
2022-02-18,46646,112621,49115061,36770688
2022-02-19,52560,100364,49167621,36871052
2022-02-20,31417,40386,49199038,36911438
2022-02-21,37912,89690,49236950,37001128
2022-02-22,37238,83831,49274188,37084959
2022-02-23,33418,79440,49307606,37164399
2022-02-24,32571,78201,49340177,37242600
2022-02-25,34783,90759,49374960,37333359
2022-02-26,39173,89158,49414133,37422517
2022-02-27,22548,35861,49436681,37458378
2022-02-28,28496,81719,49465177,37540097
2022-03-01,22740,53989,49487917,37594086
2022-03-02,21948,50734,49509865,37644820
2022-03-03,22650,54969,49532515,37699789
2022-03-04,23256,62824,49555771,37762613
2022-03-05,23807,57964,49579578,37820577
2022-03-06,9473,17204,49589051,37837781
2022-03-07,15941,51419,49604992,37889200
2022-03-08,15492,48821,49620484,37938021
2022-03-09,13819,46525,49634303,37984546
2022-03-10,14060,52078,49648363,38036624
2022-03-11,15450,57201,49663813,38093825
2022-03-12,15514,56628,49679327,38150453
2022-03-13,5546,16852,49684873,38167305
2022-03-14,10534,46717,49695407,38214022
2022-03-15,10559,46925,49705966,38260947
2022-03-16,9491,41991,49715457,38302938
2022-03-17,9732,44899,49725189,38347837
2022-03-18,10169,49088,49735358,38396925
2022-03-19,9155,46556,49744513,38443481
2022-03-20,2608,11705,49747121,38455186
2022-03-21,7590,40253,49754711,38495439
2022-03-22,8451,37791,49763162,38533230
2022-03-23,7227,33715,49770389,38566945
2022-03-24,8266,38844,49778655,38605789
2022-03-25,8146,43701,49786801,38649490
2022-03-26,8127,41723,49794928,38691213
2022-03-27,2431,9685,49797359,38700898
2022-03-28,6115,35256,49803474,38736154
2022-03-29,5787,32550,49809261,38768704
2022-03-30,5571,30221,49814832,38798925
2022-03-31,5910,33214,49820742,38832139
2022-04-01,4354,25202,49825096,38857341
2022-04-02,4498,23277,49829594,38880618
2022-04-03,1049,4500,49830643,38885118
2022-04-04,3666,21560,49834309,38906678
2022-04-05,3759,22955,49838068,38929633
2022-04-06,4106,21858,49842174,38951491
2022-04-07,3974,23329,49846148,38974820
2022-04-08,4698,26731,49850846,39001551
2022-04-09,4383,23888,49855229,39025439
2022-04-10,893,4613,49856122,39030052
2022-04-11,3820,22698,49859942,39052750
2022-04-12,3363,21798,49863305,39074548
2022-04-13,3577,21349,49866882,39095897
2022-04-14,3487,23801,49870369,39119698
2022-04-15,3086,20637,49873455,39140335
2022-04-16,2153,11922,49875608,39152257
2022-04-17,63,348,49875671,39152605
2022-04-18,152,650,49875823,39153255
2022-04-19,3500,22005,49879323,39175260
2022-04-20,3514,20260,49882837,39195520
2022-04-21,2850,19805,49885687,39215325
2022-04-22,2929,20723,49888616,39236048
2022-04-23,2648,16223,49891264,39252271
2022-04-24,509,2335,49891773,39254606
2022-04-25,183,1165,49891956,39255771
2022-04-26,2762,17815,49894718,39273586
2022-04-27,2376,15799,49897094,39289385
2022-04-28,2367,15570,49899461,39304955
2022-04-29,2300,14861,49901761,39319816
2022-04-30,2123,11585,49903884,39331401
2022-05-01,113,531,49903997,39331932
2022-05-02,1451,9394,49905448,39341326
2022-05-03,1578,10332,49907026,39351658
2022-05-04,1749,10283,49908775,39361941
2022-05-05,1656,10309,49910431,39372250
2022-05-06,1702,10985,49912133,39383235
2022-05-07,1432,8575,49913565,39391810
2022-05-08,417,1527,49913982,39393337
2022-05-09,1029,8939,49915011,39402276
2022-05-10,1427,9558,49916438,39411834
2022-05-11,1487,10109,49917925,39421943
2022-05-12,1373,10141,49919298,39432084
2022-05-13,1600,10531,49920898,39442615
2022-05-14,1362,8249,49922260,39450864
2022-05-15,336,1138,49922596,39452002
2022-05-16,814,8411,49923410,39460413
2022-05-17,1244,8708,49924654,39469121
2022-05-18,1373,9256,49926027,39478377
2022-05-19,1502,9290,49927529,39487667
2022-05-20,1431,9538,49928960,39497205
2022-05-21,1302,7903,49930262,39505108
2022-05-22,231,1013,49930493,39506121
2022-05-23,831,8275,49931324,39514396
2022-05-24,1073,8675,49932397,39523071
2022-05-25,1373,9460,49933770,39532531
2022-05-26,1201,9484,49934971,39542015
2022-05-27,1235,9919,49936206,39551934
2022-05-28,1205,7890,49937411,39559824
2022-05-29,288,1265,49937699,39561089
2022-05-30,931,8064,49938630,39569153
2022-05-31,1040,8553,49939670,39577706
2022-06-01,897,7657,49940567,39585363
2022-06-02,35,474,49940602,39585837
2022-06-03,819,7334,49941421,39593171
2022-06-04,870,5162,49942291,39598333
2022-06-05,88,586,49942379,39598919
2022-06-06,679,7008,49943058,39605927
2022-06-07,951,7852,49944009,39613779
2022-06-08,981,7911,49944990,39621690
2022-06-09,1037,8421,49946027,39630111
2022-06-10,958,8564,49946985,39638675
2022-06-11,903,6206,49947888,39644881
2022-06-12,140,768,49948028,39645649
2022-06-13,603,6307,49948631,39651956
2022-06-14,833,7908,49949464,39659864
2022-06-15,960,7857,49950424,39667721
2022-06-16,734,7404,49951158,39675125
2022-06-17,724,7252,49951882,39682377
2022-06-18,778,5597,49952660,39687974
2022-06-19,49,521,49952709,39688495
2022-06-20,587,6700,49953296,39695195
2022-06-21,741,7664,49954037,39702859
2022-06-22,779,7315,49954816,39710174
2022-06-23,650,7475,49955466,39717649
2022-06-24,644,7475,49956110,39725124
2022-06-25,835,6533,49956945,39731657
2022-06-26,129,523,49957074,39732180
2022-06-27,534,7128,49957608,39739308
2022-06-28,749,8207,49958357,39747515
2022-06-29,757,7739,49959114,39755254
2022-06-30,748,8146,49959862,39763400
2022-07-01,577,6446,49960439,39769846
2022-07-02,536,4770,49960975,39774616
2022-07-03,49,456,49961024,39775072
2022-07-04,470,6281,49961494,39781353
2022-07-05,630,8126,49962124,39789479
2022-07-06,634,7612,49962758,39797091
2022-07-07,576,8279,49963334,39805370
2022-07-08,677,8087,49964011,39813457
2022-07-09,548,6105,49964559,39819562
2022-07-10,58,533,49964617,39820095
2022-07-11,493,7646,49965110,39827741
2022-07-12,669,9031,49965779,39836772
2022-07-13,645,10068,49966424,39846840
2022-07-14,639,10228,49967063,39857068
2022-07-15,628,10676,49967691,39867744
2022-07-16,522,7215,49968213,39874959
2022-07-17,48,770,49968261,39875729
2022-07-18,496,9378,49968757,39885107
2022-07-19,576,10687,49969333,39895794
2022-07-20,582,11277,49969915,39907071
2022-07-21,633,12096,49970548,39919167
2022-07-22,584,11270,49971132,39930437
2022-07-23,381,6778,49971513,39937215
2022-07-24,76,858,49971589,39938073
2022-07-25,505,9059,49972094,39947132
2022-07-26,522,9767,49972616,39956899
2022-07-27,555,10216,49973171,39967115
2022-07-28,534,10538,49973705,39977653
2022-07-29,510,9468,49974215,39987121
2022-07-30,383,5884,49974598,39993005
2022-07-31,49,764,49974647,39993769
2022-08-01,386,6866,49975033,40000635
2022-08-02,548,7594,49975581,40008229
2022-08-03,515,7189,49976096,40015418
2022-08-04,455,7495,49976551,40022913
2022-08-05,421,6531,49976972,40029444
2022-08-06,300,3613,49977272,40033057
2022-08-07,44,563,49977316,40033620
2022-08-08,403,4890,49977719,40038510
2022-08-09,381,5316,49978100,40043826
2022-08-10,385,4817,49978485,40048643
2022-08-11,370,4806,49978855,40053449
2022-08-12,295,3721,49979150,40057170
2022-08-13,143,1600,49979293,40058770
2022-08-14,9,129,49979302,40058899
2022-08-15,1,26,49979303,40058925
2022-08-16,284,3043,49979587,40061968
2022-08-17,352,3533,49979939,40065501
2022-08-18,395,4165,49980334,40069666
2022-08-19,341,3323,49980675,40072989
2022-08-20,184,1717,49980859,40074706
2022-08-21,24,149,49980883,40074855
2022-08-22,333,2952,49981216,40077807
2022-08-23,370,3674,49981586,40081481
2022-08-24,384,3363,49981970,40084844
2022-08-25,425,3776,49982395,40088620
2022-08-26,400,3586,49982795,40092206
2022-08-27,237,1770,49983032,40093976
2022-08-28,29,267,49983061,40094243
2022-08-29,354,3161,49983415,40097404
2022-08-30,406,3676,49983821,40101080
2022-08-31,438,3734,49984259,40104814
2022-09-01,353,3119,49984612,40107933
2022-09-02,298,2894,49984910,40110827
2022-09-03,200,1692,49985110,40112519
2022-09-04,24,149,49985134,40112668
2022-09-05,187,2657,49985321,40115325
2022-09-06,307,2981,49985628,40118306
2022-09-07,541,2937,49986169,40121243
2022-09-08,293,2965,49986462,40124208
2022-09-09,308,2886,49986770,40127094
2022-09-10,228,1327,49986998,40128421
2022-09-11,23,124,49987021,40128545
2022-09-12,267,2269,49987288,40130814
2022-09-13,255,2280,49987543,40133094
2022-09-14,266,2567,49987809,40135661
2022-09-15,285,2501,49988094,40138162
2022-09-16,255,2544,49988349,40140706
2022-09-17,239,1339,49988588,40142045
2022-09-18,20,170,49988608,40142215
2022-09-19,206,1973,49988814,40144188
2022-09-20,237,2392,49989051,40146580
2022-09-21,289,2528,49989340,40149108
2022-09-22,267,2664,49989607,40151772
2022-09-23,261,2547,49989868,40154319
2022-09-24,193,1427,49990061,40155746
2022-09-25,29,133,49990090,40155879
2022-09-26,281,2250,49990371,40158129
2022-09-27,287,2680,49990658,40160809
2022-09-28,311,2905,49990969,40163714
2022-09-29,257,3051,49991226,40166765
2022-09-30,292,2987,49991518,40169752
2022-10-01,196,1515,49991714,40171267
2022-10-02,12,187,49991726,40171454
2022-10-03,186,2478,49991912,40173932
2022-10-04,236,2865,49992148,40176797
2022-10-05,233,3255,49992381,40180052
2022-10-06,244,3875,49992625,40183927
2022-10-07,285,4186,49992910,40188113
2022-10-08,206,2267,49993116,40190380
2022-10-09,8,305,49993124,40190685
2022-10-10,214,3348,49993338,40194033
2022-10-11,195,4381,49993533,40198414
2022-10-12,212,4437,49993745,40202851
2022-10-13,207,5299,49993952,40208150
2022-10-14,234,5010,49994186,40213160
2022-10-15,191,2669,49994377,40215829
2022-10-16,6,360,49994383,40216189
2022-10-17,186,3874,49994569,40220063
2022-10-18,257,4960,49994826,40225023
2022-10-19,247,5479,49995073,40230502
2022-10-20,227,5999,49995300,40236501
2022-10-21,257,5478,49995557,40241979
2022-10-22,196,2911,49995753,40244890
2022-10-23,13,364,49995766,40245254
2022-10-24,171,3931,49995937,40249185
2022-10-25,256,4927,49996193,40254112
2022-10-26,350,5505,49996543,40259617
2022-10-27,239,5679,49996782,40265296
2022-10-28,202,5265,49996984,40270561
2022-10-29,128,2844,49997112,40273405
2022-10-30,4,328,49997116,40273733
2022-10-31,118,3038,49997234,40276771
2022-11-01,11,353,49997245,40277124
2022-11-02,146,3721,49997391,40280845
2022-11-03,172,4793,49997563,40285638
2022-11-04,228,4604,49997791,40290242
2022-11-05,145,2601,49997936,40292843
2022-11-06,10,261,49997946,40293104
2022-11-07,169,3228,49998115,40296332
2022-11-08,262,4258,49998377,40300590
2022-11-09,202,4337,49998579,40304927
2022-11-10,184,4608,49998763,40309535
2022-11-11,194,4238,49998957,40313773
2022-11-12,161,2378,49999118,40316151
2022-11-13,7,338,49999125,40316489
2022-11-14,150,2844,49999275,40319333
2022-11-15,204,3754,49999479,40323087
2022-11-16,217,4002,49999696,40327089
2022-11-17,195,4116,49999891,40331205
2022-11-18,252,4050,50000143,40335255
2022-11-19,112,2087,50000255,40337342
2022-11-20,24,317,50000279,40337659
2022-11-21,119,2625,50000398,40340284
2022-11-22,140,3224,50000538,40343508
2022-11-23,191,3635,50000729,40347143
2022-11-24,158,3852,50000887,40350995
2022-11-25,184,3780,50001071,40354775
2022-11-26,135,2096,50001206,40356871
2022-11-27,22,356,50001228,40357227
2022-11-28,182,2692,50001410,40359919
2022-11-29,258,3234,50001668,40363153
2022-11-30,183,3739,50001851,40366892
2022-12-01,151,3637,50002002,40370529
2022-12-02,161,3532,50002163,40374061
2022-12-03,106,1999,50002269,40376060
2022-12-04,5,290,50002274,40376350
2022-12-05,129,2861,50002403,40379211
2022-12-06,177,3658,50002580,40382869
2022-12-07,136,3135,50002716,40386004
2022-12-08,8,169,50002724,40386173
2022-12-09,165,3035,50002889,40389208
2022-12-10,71,1602,50002960,40390810
2022-12-11,7,193,50002967,40391003
2022-12-12,172,2534,50003139,40393537
2022-12-13,253,3053,50003392,40396590
2022-12-14,231,3241,50003623,40399831
2022-12-15,207,3301,50003830,40403132
2022-12-16,164,3224,50003994,40406356
2022-12-17,95,1691,50004089,40408047
2022-12-18,10,270,50004099,40408317
2022-12-19,149,2171,50004248,40410488
2022-12-20,214,2533,50004462,40413021
2022-12-21,160,2255,50004622,40415276
2022-12-22,140,1881,50004762,40417157
2022-12-23,154,1224,50004916,40418381
2022-12-24,32,162,50004948,40418543
2022-12-25,0,6,50004948,40418549
2022-12-26,6,42,50004954,40418591
2022-12-27,133,1556,50005087,40420147
2022-12-28,138,1783,50005225,40421930
2022-12-29,92,1711,50005317,40423641
2022-12-30,117,1616,50005434,40425257
2022-12-31,21,273,50005455,40425530
2023-01-01,0,6,50005455,40425536
2023-01-02,48,1129,50005503,40426665
2023-01-03,99,1901,50005602,40428566
2023-01-04,111,2016,50005713,40430582
2023-01-05,99,1914,50005812,40432496
2023-01-06,0,70,50005812,40432566
2023-01-07,53,687,50005865,40433253
2023-01-08,2,97,50005867,40433350
2023-01-09,126,1430,50005993,40434780
2023-01-10,128,1792,50006121,40436572
2023-01-11,119,1772,50006240,40438344
2023-01-12,115,2011,50006355,40440355
2023-01-13,108,1890,50006463,40442245
2023-01-14,67,979,50006530,40443224
2023-01-15,1,67,50006531,40443291
2023-01-16,38,1157,50006569,40444448
2023-01-17,110,1308,50006679,40445756
2023-01-18,81,1426,50006760,40447182
2023-01-19,111,1611,50006871,40448793
2023-01-20,160,1410,50007031,40450203
2023-01-21,47,653,50007078,40450856
2023-01-22,2,57,50007080,40450913
2023-01-23,75,783,50007155,40451696
2023-01-24,117,1197,50007272,40452893
2023-01-25,98,1107,50007370,40454000
2023-01-26,108,1131,50007478,40455131
2023-01-27,56,1030,50007534,40456161
2023-01-28,128,487,50007662,40456648
2023-01-29,6,52,50007668,40456700
2023-01-30,59,591,50007727,40457291
2023-01-31,43,386,50007770,40457677