data_somministrazione,vaccinazioni,booster,cum_vaccinazioni,cum_booster
2020-12-27,20,0,20,0
2020-12-28,2,0,22,0
2020-12-29,1,0,23,0
2020-12-30,10,0,33,0
2020-12-31,77,0,110,0
2021-01-01,25,0,135,0
2021-01-02,143,0,278,0
2021-01-03,105,0,383,0
2021-01-04,236,0,619,0
2021-01-05,280,0,899,0
2021-01-06,249,0,1148,0
2021-01-07,323,0,1471,0
2021-01-08,378,0,1849,0
2021-01-09,281,0,2130,0
2021-01-10,165,0,2295,0
2021-01-11,308,0,2603,0
2021-01-12,283,0,2886,0
2021-01-13,417,0,3303,0
2021-01-14,504,0,3807,0
2021-01-15,319,0,4126,0
2021-01-16,224,0,4350,0
2021-01-17,3063,0,7413,0
2021-01-18,5220,0,12633,0
2021-01-19,1894,0,14527,0
2021-01-20,4659,0,19186,0
2021-01-21,20006,0,39192,0
2021-01-22,14220,0,53412,0
2021-01-23,33324,0,86736,0
2021-01-24,30775,0,117511,0
2021-01-25,64705,0,182216,0
2021-01-26,76465,0,258681,0
2021-01-27,64813,0,323494,0
2021-01-28,89256,0,412750,0
2021-01-29,93996,0,506746,0
2021-01-30,86544,0,593290,0
2021-01-31,57325,0,650615,0
2021-02-01,81838,0,732453,0
2021-02-02,82135,0,814588,0
2021-02-03,91107,0,905695,0
2021-02-04,95383,0,1001078,0
2021-02-05,90267,0,1091345,0
2021-02-06,63449,0,1154794,0
2021-02-07,32934,0,1187728,0
2021-02-08,40421,0,1228149,0
2021-02-09,32879,0,1261028,0
2021-02-10,28435,0,1289463,0
2021-02-11,20405,0,1309868,0
2021-02-12,16251,0,1326119,0
2021-02-13,7279,0,1333398,0
2021-02-14,2862,0,1336260,0
2021-02-15,6847,0,1343107,0
2021-02-16,7004,0,1350111,0
2021-02-17,10526,0,1360637,0
2021-02-18,9256,0,1369893,0
2021-02-19,8257,0,1378150,0
2021-02-20,5577,0,1383727,0
2021-02-21,3014,0,1386741,0
2021-02-22,6883,0,1393624,0
2021-02-23,7187,0,1400811,0
2021-02-24,9812,0,1410623,0
2021-02-25,14213,0,1424836,0
2021-02-26,17559,0,1442395,0
2021-02-27,13920,0,1456315,0
2021-02-28,9396,0,1465711,0
2021-03-01,26526,0,1492237,0
2021-03-02,33248,0,1525485,0
2021-03-03,44649,0,1570134,0
2021-03-04,50302,0,1620436,0
2021-03-05,55743,0,1676179,0
2021-03-06,41880,0,1718059,0
2021-03-07,22331,0,1740390,0
2021-03-08,50837,0,1791227,0
2021-03-09,53091,0,1844318,0
2021-03-10,58687,0,1903005,0
2021-03-11,63884,0,1966889,0
2021-03-12,65138,0,2032027,0
2021-03-13,51729,0,2083756,0
2021-03-14,35423,0,2119179,0
2021-03-15,73459,0,2192638,0
2021-03-16,74030,0,2266668,0
2021-03-17,83141,0,2349809,0
2021-03-18,81629,0,2431438,0
2021-03-19,81089,0,2512527,0
2021-03-20,64737,0,2577264,0
2021-03-21,47311,0,2624575,0
2021-03-22,69501,0,2694076,0
2021-03-23,75815,0,2769891,0
2021-03-24,90923,0,2860814,0
2021-03-25,89824,0,2950638,0
2021-03-26,83640,0,3034278,0
2021-03-27,71957,0,3106235,0
2021-03-28,44183,0,3150418,0
2021-03-29,70848,0,3221266,0
2021-03-30,81406,0,3302672,0
2021-03-31,96258,0,3398930,0
2021-04-01,95328,0,3494258,0
2021-04-02,84085,0,3578343,0
2021-04-03,64304,0,3642647,0
2021-04-04,21724,0,3664371,0
2021-04-05,40318,0,3704689,0
2021-04-06,81336,0,3786025,0
2021-04-07,95840,0,3881865,0
2021-04-08,95258,0,3977123,0
2021-04-09,88501,0,4065624,0
2021-04-10,74035,0,4139659,0
2021-04-11,44769,0,4184428,0
2021-04-12,66922,0,4251350,0
2021-04-13,72594,0,4323944,0
2021-04-14,85550,0,4409494,0
2021-04-15,105425,0,4514919,0
2021-04-16,106431,0,4621350,0
2021-04-17,90529,0,4711879,0
2021-04-18,58596,0,4770475,0
2021-04-19,93436,0,4863911,0
2021-04-20,103776,0,4967687,0
2021-04-21,125342,0,5093029,0
2021-04-22,143524,0,5236553,0
2021-04-23,138749,0,5375302,0
2021-04-24,124454,0,5499756,0
2021-04-25,61471,0,5561227,0
2021-04-26,97909,0,5659136,0
2021-04-27,128374,0,5787510,0
2021-04-28,156392,0,5943902,0
2021-04-29,195621,0,6139523,0
2021-04-30,214612,0,6354135,0
2021-05-01,174141,0,6528276,0
2021-05-02,135809,0,6664085,0
2021-05-03,142067,0,6806152,0
2021-05-04,158711,0,6964863,0
2021-05-05,170545,0,7135408,0
2021-05-06,197822,0,7333230,0
2021-05-07,213873,0,7547103,0
2021-05-08,213439,0,7760542,0
2021-05-09,143218,0,7903760,0
2021-05-10,165101,0,8068861,0
2021-05-11,175009,0,8243870,0
2021-05-12,179223,0,8423093,0
2021-05-13,203421,0,8626514,0
2021-05-14,222943,0,8849457,0
2021-05-15,210392,0,9059849,0
2021-05-16,159285,0,9219134,0
2021-05-17,219220,0,9438354,0
2021-05-18,213033,0,9651387,0
2021-05-19,207103,0,9858490,0
2021-05-20,270887,0,10129377,0
2021-05-21,270914,0,10400291,0
2021-05-22,245545,0,10645836,0
2021-05-23,197188,0,10843024,0
2021-05-24,228312,0,11071336,0
2021-05-25,245701,0,11317037,0
2021-05-26,277514,0,11594551,0
2021-05-27,311105,0,11905656,0
2021-05-28,299590,0,12205246,0
2021-05-29,231250,0,12436496,0
2021-05-30,170853,0,12607349,0
2021-05-31,216439,0,12823788,0
2021-06-01,207638,0,13031426,0
2021-06-02,115806,0,13147232,0
2021-06-03,180175,0,13327407,0
2021-06-04,184920,0,13512327,0
2021-06-05,185999,0,13698326,0
2021-06-06,139587,0,13837913,0
2021-06-07,161905,0,13999818,0
2021-06-08,171284,0,14171102,0
2021-06-09,171525,0,14342627,0
2021-06-10,174158,0,14516785,0
2021-06-11,170027,0,14686812,0
2021-06-12,128394,0,14815206,0
2021-06-13,91231,0,14906437,0
2021-06-14,214707,0,15121144,0
2021-06-15,228463,0,15349607,0
2021-06-16,253115,0,15602722,0
2021-06-17,301777,0,15904499,0
2021-06-18,306328,0,16210827,0
2021-06-19,275120,0,16485947,0
2021-06-20,220821,0,16706768,0
2021-06-21,288101,0,16994869,0
2021-06-22,296249,0,17291118,0
2021-06-23,302702,0,17593820,0
2021-06-24,332622,0,17926442,0
2021-06-25,348732,0,18275174,0
2021-06-26,300151,0,18575325,0
2021-06-27,228693,0,18804018,0
2021-06-28,307152,0,19111170,0
2021-06-29,329333,0,19440503,0
2021-06-30,342222,0,19782725,0
2021-07-01,363243,0,20145968,0
2021-07-02,368508,0,20514476,0
2021-07-03,371103,0,20885579,0
2021-07-04,283239,0,21168818,0
2021-07-05,384568,0,21553386,0
2021-07-06,385495,0,21938881,0
2021-07-07,412138,0,22351019,0
2021-07-08,479591,0,22830610,0
2021-07-09,498464,0,23329074,0
2021-07-10,475169,0,23804243,0
2021-07-11,357700,0,24161943,0
2021-07-12,485877,0,24647820,0
2021-07-13,492078,0,25139898,0
2021-07-14,480434,0,25620332,0
2021-07-15,523425,0,26143757,0
2021-07-16,509753,0,26653510,0
2021-07-17,464321,0,27117831,0
2021-07-18,364639,0,27482470,0
2021-07-19,463033,0,27945503,0
2021-07-20,458045,0,28403548,0
2021-07-21,462792,0,28866340,0
2021-07-22,475379,0,29341719,0
2021-07-23,441317,0,29783036,0
2021-07-24,386148,0,30169184,0
2021-07-25,287553,0,30456737,0
2021-07-26,430888,0,30887625,0
2021-07-27,440109,0,31327734,0
2021-07-28,391019,0,31718753,0
2021-07-29,372073,0,32090826,0
2021-07-30,341518,0,32432344,0
2021-07-31,287046,0,32719390,0
2021-08-01,191001,0,32910391,0
2021-08-02,333705,0,33244096,0
2021-08-03,323187,0,33567283,0
2021-08-04,310984,0,33878267,0
2021-08-05,292488,0,34170755,0
2021-08-06,260038,0,34430793,0
2021-08-07,199064,0,34629857,0
2021-08-08,153108,0,34782965,0
2021-08-09,234085,0,35017050,0
2021-08-10,205279,0,35222329,0
2021-08-11,193791,0,35416120,0
2021-08-12,168061,0,35584181,0
2021-08-13,148666,0,35732847,0
2021-08-14,66103,0,35798950,0
2021-08-15,26343,0,35825293,0
2021-08-16,114714,0,35940007,0
2021-08-17,129253,0,36069260,0
2021-08-18,128767,0,36198027,0
2021-08-19,124850,0,36322877,0
2021-08-20,123798,0,36446675,0
2021-08-21,83132,0,36529807,0
2021-08-22,68180,0,36597987,0
2021-08-23,176875,0,36774862,0
2021-08-24,156892,0,36931754,0
2021-08-25,177173,0,37108927,0
2021-08-26,172355,0,37281282,0
2021-08-27,185833,0,37467115,0
2021-08-28,140292,0,37607407,0
2021-08-29,98993,0,37706400,0
2021-08-30,209583,0,37915983,0
2021-08-31,194643,0,38110626,0
2021-09-01,192217,0,38302843,0
2021-09-02,189933,0,38492776,0
2021-09-03,191286,0,38684062,0
2021-09-04,131446,0,38815508,0
2021-09-05,87847,0,38903355,0
2021-09-06,193606,0,39096961,0
2021-09-07,196040,0,39293001,0
2021-09-08,187864,0,39480865,0
2021-09-09,201421,0,39682286,0
2021-09-10,198057,0,39880343,0
2021-09-11,141293,0,40021636,0
2021-09-12,89592,0,40111228,0
2021-09-13,191109,642,40302337,642
2021-09-14,177217,645,40479554,1287
2021-09-15,163078,649,40642632,1936
2021-09-16,160046,997,40802678,2933
2021-09-17,150156,1168,40952834,4101
2021-09-18,127980,775,41080814,4876
2021-09-19,81144,508,41161958,5384
2021-09-20,180066,9125,41342024,14509
2021-09-21,166673,8861,41508697,23370
2021-09-22,159111,9462,41667808,32832
2021-09-23,138103,9357,41805911,42189
2021-09-24,140552,9011,41946463,51200
2021-09-25,119562,5673,42066025,56873
2021-09-26,71991,4365,42138016,61238
2021-09-27,135664,10082,42273680,71320
2021-09-28,117519,11423,42391199,82743
2021-09-29,112376,11850,42503575,94593
2021-09-30,110285,14980,42613860,109573
2021-10-01,94993,19144,42708853,128717
2021-10-02,78520,14043,42787373,142760
2021-10-03,47761,7668,42835134,150428
2021-10-04,88392,34481,42923526,184909
2021-10-05,80379,34018,43003905,218927
2021-10-06,72009,34207,43075914,253134
2021-10-07,71880,34370,43147794,287504
2021-10-08,80638,33621,43228432,321125
2021-10-09,76114,22194,43304546,343319
2021-10-10,45789,13631,43350335,356950
2021-10-11,87448,41131,43437783,398081
2021-10-12,84517,46933,43522300,445014
2021-10-13,88216,52164,43610516,497178
2021-10-14,91554,58555,43702070,555733
2021-10-15,93601,55675,43795671,611408
2021-10-16,82971,36823,43878642,648231
2021-10-17,51462,23861,43930104,672092
2021-10-18,90302,59519,44020406,731611
2021-10-19,78356,69406,44098762,801017
2021-10-20,75063,78209,44173825,879226
2021-10-21,78287,81812,44252112,961038
2021-10-22,73767,77081,44325879,1038119
2021-10-23,60835,51973,44386714,1090092
2021-10-24,33369,23479,44420083,1113571
2021-10-25,64895,81666,44484978,1195237
2021-10-26,58377,91831,44543355,1287068
2021-10-27,58316,104029,44601671,1391097
2021-10-28,61446,114155,44663117,1505252
2021-10-29,61636,103181,44724753,1608433
2021-10-30,50676,68145,44775429,1676578
2021-10-31,25160,28310,44800589,1704888
2021-11-01,19049,28158,44819638,1733046
2021-11-02,62741,89435,44882379,1822481
2021-11-03,60714,118702,44943093,1941183
2021-11-04,59239,126699,45002332,2067882
2021-11-05,63094,135222,45065426,2203104
2021-11-06,46490,90939,45111916,2294043
2021-11-07,22249,37905,45134165,2331948
2021-11-08,51528,131292,45185693,2463240
2021-11-09,45401,144237,45231094,2607477
2021-11-10,42594,156373,45273688,2763850
2021-11-11,44929,155171,45318617,2919021
2021-11-12,46296,158700,45364913,3077721
2021-11-13,33267,116679,45398180,3194400
2021-11-14,14492,52459,45412672,3246859
2021-11-15,36908,157443,45449580,3404302
2021-11-16,30567,171403,45480147,3575705
2021-11-17,28470,178458,45508617,3754163
2021-11-18,30292,193762,45538909,3947925
2021-11-19,28820,205883,45567729,4153808
2021-11-20,21011,156457,45588740,4310265
2021-11-21,10611,64871,45599351,4375136
2021-11-22,21958,213160,45621309,4588296
2021-11-23,23603,241801,45644912,4830097
2021-11-24,27769,271093,45672681,5101190
2021-11-25,23266,301936,45695947,5403126
2021-11-26,24598,318308,45720545,5721434
2021-11-27,21410,266171,45741955,5987605
2021-11-28,9909,137070,45751864,6124675
2021-11-29,22367,326073,45774231,6450748
2021-11-30,23118,365862,45797349,6816610
2021-12-01,21556,413529,45818905,7230139
2021-12-02,23793,440441,45842698,7670580
2021-12-03,25274,467531,45867972,8138111
2021-12-04,22392,418799,45890364,8556910
2021-12-05,11942,261365,45902306,8818275
2021-12-06,25845,457630,45928151,9275905
2021-12-07,24162,480302,45952313,9756207
2021-12-08,10030,249721,45962343,10005928
2021-12-09,31620,491963,45993963,10497891
2021-12-10,28102,517927,46022065,11015818
2021-12-11,23589,459277,46045654,11475095
2021-12-12,12321,293529,46057975,11768624
2021-12-13,26177,467654,46084152,12236278
2021-12-14,25204,494236,46109356,12730514
2021-12-15,25367,517189,46134723,13247703
2021-12-16,27927,520301,46162650,13768004
2021-12-17,29395,517216,46192045,14285220
2021-12-18,27115,468777,46219160,14753997
2021-12-19,15168,300542,46234328,15054539
2021-12-20,30668,477508,46264996,15532047
2021-12-21,30412,493437,46295408,16025484
2021-12-22,29486,484750,46324894,16510234
2021-12-23,28286,426959,46353180,16937193
2021-12-24,13125,210842,46366305,17148035
2021-12-25,2104,33053,46368409,17181088
2021-12-26,8776,159077,46377185,17340165
2021-12-27,46847,504692,46424032,17844857
2021-12-28,42508,554254,46466540,18399111
2021-12-29,34392,550676,46500932,18949787
2021-12-30,31893,499864,46532825,19449651
2021-12-31,14148,247407,46546973,19697058
2022-01-01,3499,64815,46550472,19761873
2022-01-02,22827,276727,46573299,20038600
2022-01-03,47938,520034,46621237,20558634
2022-01-04,46472,572102,46667709,21130736
2022-01-05,40843,560423,46708552,21691159
2022-01-06,23536,274491,46732088,21965650
2022-01-07,63796,554221,46795884,22519871
2022-01-08,60967,503410,46856851,23023281
2022-01-09,42954,319699,46899805,23342980
2022-01-10,61174,542324,46960979,23885304
2022-01-11,61843,587035,47022822,24472339
2022-01-12,58547,581305,47081369,25053644
2022-01-13,58710,580431,47140079,25634075
2022-01-14,46932,588612,47187011,26222687
2022-01-15,39560,569992,47226571,26792679
2022-01-16,31309,341902,47257880,27134581
2022-01-17,54852,489687,47312732,27624268
2022-01-18,58466,517054,47371198,28141322
2022-01-19,57264,502823,47428462,28644145
2022-01-20,54416,498860,47482878,29143005
2022-01-21,42179,493897,47525057,29636902
2022-01-22,31292,469619,47556349,30106521
2022-01-23,34983,275391,47591332,30381912
2022-01-24,56230,437244,47647562,30819156
2022-01-25,61598,452130,47709160,31271286
2022-01-26,58588,435848,47767748,31707134
2022-01-27,48884,432402,47816632,32139536
2022-01-28,58750,436560,47875382,32576096
2022-01-29,68187,412515,47943569,32988611
2022-01-30,50410,235985,47993979,33224596
2022-01-31,60703,356947,48054682,33581543
2022-02-01,65616,328464,48120298,33910007
2022-02-02,63248,296994,48183546,34207001
2022-02-03,60091,274534,48243637,34481535
2022-02-04,72410,268471,48316047,34750006
2022-02-05,83817,248550,48399864,34998556
2022-02-06,55307,116208,48455171,35114764
2022-02-07,65180,199945,48520351,35314709
2022-02-08,66955,186127,48587306,35500836
2022-02-09,58774,166353,48646080,35667189
2022-02-10,58597,163249,48704677,35830438
2022-02-11,62275,162476,48766952,35992914
2022-02-12,72007,152155,48838959,36145069
2022-02-13,41483,68855,48880442,36213924
2022-02-14,46714,116190,48927156,36330114
2022-02-15,48565,123481,48975721,36453595
2022-02-16,45687,106129,49021408,36559724
2022-02-17,42873,98120,49064281,36657844
2022-02-18,46634,112583,49110915,36770427
2022-02-19,52545,100340,49163460,36870767
2022-02-20,31417,40366,49194877,36911133
2022-02-21,37900,89658,49232777,37000791
2022-02-22,37224,83784,49270001,37084575
2022-02-23,33401,79410,49303402,37163985
2022-02-24,32561,78166,49335963,37242151
2022-02-25,34771,90715,49370734,37332866
2022-02-26,39162,89136,49409896,37422002
2022-02-27,22548,35857,49432444,37457859
2022-02-28,28487,81695,49460931,37539554
2022-03-01,22727,53942,49483658,37593496
2022-03-02,21934,50711,49505592,37644207
2022-03-03,22635,54947,49528227,37699154
2022-03-04,23242,62800,49551469,37761954
2022-03-05,23802,57952,49575271,37819906
2022-03-06,9474,17201,49584745,37837107
2022-03-07,15924,51391,49600669,37888498
2022-03-08,15481,48795,49616150,37937293
2022-03-09,13816,46517,49629966,37983810
2022-03-10,14057,52125,49644023,38035935
2022-03-11,15590,57271,49659613,38093206
2022-03-12,15510,56619,49675123,38149825
2022-03-13,5545,16852,49680668,38166677
2022-03-14,10528,46701,49691196,38213378
2022-03-15,10552,46895,49701748,38260273
2022-03-16,9482,41974,49711230,38302247
2022-03-17,9723,44876,49720953,38347123
2022-03-18,10161,49058,49731114,38396181
2022-03-19,9151,46538,49740265,38442719
2022-03-20,2608,11704,49742873,38454423
2022-03-21,7581,40227,49750454,38494650
2022-03-22,8448,37766,49758902,38532416
2022-03-23,7218,33700,49766120,38566116
2022-03-24,8259,38820,49774379,38604936
2022-03-25,8142,43671,49782521,38648607
2022-03-26,8127,41722,49790648,38690329
2022-03-27,2431,9683,49793079,38700012
2022-03-28,6112,35241,49799191,38735253
2022-03-29,5780,32531,49804971,38767784
2022-03-30,5567,30204,49810538,38797988
2022-03-31,5903,33186,49816441,38831174
2022-04-01,4349,25189,49820790,38856363
2022-04-02,4497,23275,49825287,38879638
2022-04-03,1049,4500,49826336,38884138
2022-04-04,3660,21545,49829996,38905683
2022-04-05,3757,22937,49833753,38928620
2022-04-06,4105,21852,49837858,38950472
2022-04-07,3970,23320,49841828,38973792
2022-04-08,4696,26714,49846524,39000506
2022-04-09,4382,23888,49850906,39024394
2022-04-10,893,4613,49851799,39029007
2022-04-11,3820,22688,49855619,39051695
2022-04-12,3365,21779,49858984,39073474
2022-04-13,3570,21336,49862554,39094810
2022-04-14,3487,23787,49866041,39118597
2022-04-15,3083,20621,49869124,39139218
2022-04-16,2151,11918,49871275,39151136
2022-04-17,63,348,49871338,39151484
2022-04-18,152,650,49871490,39152134
2022-04-19,3499,21984,49874989,39174118
2022-04-20,3512,20251,49878501,39194369
2022-04-21,2848,19791,49881349,39214160
2022-04-22,2928,20712,49884277,39234872
2022-04-23,2647,16221,49886924,39251093
2022-04-24,509,2334,49887433,39253427
2022-04-25,183,1165,49887616,39254592
2022-04-26,2759,17810,49890375,39272402
2022-04-27,2374,15795,49892749,39288197
2022-04-28,2361,15562,49895110,39303759
2022-04-29,2297,14849,49897407,39318608
2022-04-30,2123,11583,49899530,39330191
2022-05-01,113,531,49899643,39330722
2022-05-02,1451,9391,49901094,39340113
2022-05-03,1577,10321,49902671,39350434
2022-05-04,1745,10271,49904416,39360705
2022-05-05,1654,10296,49906070,39371001
2022-05-06,1702,10969,49907772,39381970
2022-05-07,1431,8570,49909203,39390540
2022-05-08,416,1524,49909619,39392064
2022-05-09,1028,8929,49910647,39400993
2022-05-10,1426,9548,49912073,39410541
2022-05-11,1484,10104,49913557,39420645
2022-05-12,1372,10130,49914929,39430775
2022-05-13,1596,10518,49916525,39441293
2022-05-14,1360,8239,49917885,39449532
2022-05-15,336,1135,49918221,39450667
2022-05-16,814,8404,49919035,39459071
2022-05-17,1244,8697,49920279,39467768
2022-05-18,1372,9235,49921651,39477003
2022-05-19,1500,9282,49923151,39486285
2022-05-20,1422,9532,49924573,39495817
2022-05-21,1301,7900,49925874,39503717
2022-05-22,231,1014,49926105,39504731
2022-05-23,830,8271,49926935,39513002
2022-05-24,1073,8672,49928008,39521674
2022-05-25,1372,9459,49929380,39531133
2022-05-26,1196,9479,49930576,39540612
2022-05-27,1232,9915,49931808,39550527
2022-05-28,1205,7887,49933013,39558414
2022-05-29,288,1265,49933301,39559679
2022-05-30,930,8057,49934231,39567736
2022-05-31,1038,8548,49935269,39576284
2022-06-01,893,7656,49936162,39583940
2022-06-02,35,474,49936197,39584414
2022-06-03,817,7334,49937014,39591748
2022-06-04,870,5162,49937884,39596910
2022-06-05,89,586,49937973,39597496
2022-06-06,678,7003,49938651,39604499
2022-06-07,951,7848,49939602,39612347
2022-06-08,981,7907,49940583,39620254
2022-06-09,1036,8417,49941619,39628671
2022-06-10,958,8563,49942577,39637234
2022-06-11,903,6207,49943480,39643441
2022-06-12,140,768,49943620,39644209
2022-06-13,602,6301,49944222,39650510
2022-06-14,832,7902,49945054,39658412
2022-06-15,960,7855,49946014,39666267
2022-06-16,733,7396,49946747,39673663
2022-06-17,724,7249,49947471,39680912
2022-06-18,777,5594,49948248,39686506
2022-06-19,49,521,49948297,39687027
2022-06-20,587,6699,49948884,39693726
2022-06-21,741,7663,49949625,39701389
2022-06-22,780,7312,49950405,39708701
2022-06-23,648,7472,49951053,39716173
2022-06-24,644,7474,49951697,39723647
2022-06-25,835,6533,49952532,39730180
2022-06-26,128,523,49952660,39730703
2022-06-27,534,7125,49953194,39737828
2022-06-28,747,8207,49953941,39746035
2022-06-29,756,7731,49954697,39753766
2022-06-30,747,8144,49955444,39761910
2022-07-01,577,6443,49956021,39768353
2022-07-02,536,4769,49956557,39773122
2022-07-03,49,456,49956606,39773578
2022-07-04,469,6277,49957075,39779855
2022-07-05,631,8118,49957706,39787973
2022-07-06,633,7611,49958339,39795584
2022-07-07,575,8271,49958914,39803855
2022-07-08,674,8083,49959588,39811938
2022-07-09,550,6105,49960138,39818043
2022-07-10,58,533,49960196,39818576
2022-07-11,491,7639,49960687,39826215
2022-07-12,667,9030,49961354,39835245
2022-07-13,644,10067,49961998,39845312
2022-07-14,637,10225,49962635,39855537
2022-07-15,626,10667,49963261,39866204
2022-07-16,522,7215,49963783,39873419
2022-07-17,48,770,49963831,39874189
2022-07-18,496,9372,49964327,39883561
2022-07-19,575,10684,49964902,39894245
2022-07-20,580,11274,49965482,39905519
2022-07-21,629,12088,49966111,39917607
2022-07-22,584,11258,49966695,39928865
2022-07-23,381,6773,49967076,39935638
2022-07-24,76,857,49967152,39936495
2022-07-25,503,9051,49967655,39945546
2022-07-26,520,9761,49968175,39955307
2022-07-27,551,10208,49968726,39965515
2022-07-28,533,10533,49969259,39976048
2022-07-29,511,9465,49969770,39985513
2022-07-30,383,5881,49970153,39991394
2022-07-31,49,764,49970202,39992158
2022-08-01,386,6864,49970588,39999022
2022-08-02,545,7589,49971133,40006611
2022-08-03,512,7179,49971645,40013790
2022-08-04,455,7489,49972100,40021279
2022-08-05,421,6527,49972521,40027806
2022-08-06,299,3613,49972820,40031419
2022-08-07,44,561,49972864,40031980
2022-08-08,403,4890,49973267,40036870
2022-08-09,381,5311,49973648,40042181
2022-08-10,384,4817,49974032,40046998
2022-08-11,369,4803,49974401,40051801
2022-08-12,293,3720,49974694,40055521
2022-08-13,143,1600,49974837,40057121
2022-08-14,9,129,49974846,40057250
2022-08-15,1,26,49974847,40057276
2022-08-16,282,3043,49975129,40060319
2022-08-17,352,3536,49975481,40063855
2022-08-18,392,4160,49975873,40068015
2022-08-19,341,3319,49976214,40071334
2022-08-20,183,1715,49976397,40073049
2022-08-21,24,149,49976421,40073198
2022-08-22,329,2952,49976750,40076150
2022-08-23,370,3674,49977120,40079824
2022-08-24,384,3360,49977504,40083184
2022-08-25,422,3774,49977926,40086958
2022-08-26,400,3574,49978326,40090532
2022-08-27,237,1769,49978563,40092301
2022-08-28,29,267,49978592,40092568
2022-08-29,354,3161,49978946,40095729
2022-08-30,403,3671,49979349,40099400
2022-08-31,438,3734,49979787,40103134
2022-09-01,353,3116,49980140,40106250
2022-09-02,296,2893,49980436,40109143
2022-09-03,200,1689,49980636,40110832
2022-09-04,24,149,49980660,40110981
2022-09-05,187,2656,49980847,40113637
2022-09-06,305,2981,49981152,40116618
2022-09-07,540,2937,49981692,40119555
2022-09-08,292,2962,49981984,40122517
2022-09-09,305,2884,49982289,40125401
2022-09-10,227,1326,49982516,40126727
2022-09-11,23,124,49982539,40126851
2022-09-12,267,2267,49982806,40129118
2022-09-13,252,2276,49983058,40131394
2022-09-14,266,2566,49983324,40133960
2022-09-15,282,2499,49983606,40136459
2022-09-16,254,2546,49983860,40139005
2022-09-17,239,1339,49984099,40140344
2022-09-18,20,170,49984119,40140514
2022-09-19,206,1970,49984325,40142484
2022-09-20,236,2391,49984561,40144875
2022-09-21,289,2526,49984850,40147401
2022-09-22,266,2662,49985116,40150063
2022-09-23,259,2543,49985375,40152606
2022-09-24,193,1427,49985568,40154033
2022-09-25,29,133,49985597,40154166
2022-09-26,280,2248,49985877,40156414
2022-09-27,287,2683,49986164,40159097
2022-09-28,310,2903,49986474,40162000
2022-09-29,257,3049,49986731,40165049
2022-09-30,291,2989,49987022,40168038
2022-10-01,195,1515,49987217,40169553
2022-10-02,12,187,49987229,40169740
2022-10-03,183,2473,49987412,40172213
2022-10-04,236,2864,49987648,40175077
2022-10-05,229,3249,49987877,40178326
2022-10-06,243,3874,49988120,40182200
2022-10-07,282,4187,49988402,40186387
2022-10-08,202,2270,49988604,40188657
2022-10-09,8,305,49988612,40188962
2022-10-10,210,3356,49988822,40192318
2022-10-11,192,4379,49989014,40196697
2022-10-12,209,4439,49989223,40201136
2022-10-13,201,5304,49989424,40206440
2022-10-14,232,5021,49989656,40211461
2022-10-15,190,2671,49989846,40214132
2022-10-16,6,360,49989852,40214492
2022-10-17,185,3871,49990037,40218363
2022-10-18,257,4964,49990294,40223327
2022-10-19,244,5478,49990538,40228805
2022-10-20,224,5993,49990762,40234798
2022-10-21,250,5475,49991012,40240273
2022-10-22,195,2910,49991207,40243183
2022-10-23,13,364,49991220,40243547
2022-10-24,171,3926,49991391,40247473
2022-10-25,253,4925,49991644,40252398
2022-10-26,345,5499,49991989,40257897
2022-10-27,240,5669,49992229,40263566
2022-10-28,198,5260,49992427,40268826
2022-10-29,128,2844,49992555,40271670
2022-10-30,3,328,49992558,40271998
2022-10-31,117,3035,49992675,40275033
2022-11-01,11,353,49992686,40275386
2022-11-02,143,3715,49992829,40279101
2022-11-03,174,4782,49993003,40283883
2022-11-04,224,4595,49993227,40288478
2022-11-05,144,2594,49993371,40291072
2022-11-06,10,259,49993381,40291331
2022-11-07,170,3222,49993551,40294553
2022-11-08,259,4239,49993810,40298792
2022-11-09,196,4323,49994006,40303115
2022-11-10,182,4577,49994188,40307692
2022-11-11,192,4216,49994380,40311908
2022-11-12,154,2363,49994534,40314271
2022-11-13,7,335,49994541,40314606
2022-11-14,150,2835,49994691,40317441
2022-11-15,201,3737,49994892,40321178
2022-11-16,216,3967,49995108,40325145
2022-11-17,193,4078,49995301,40329223
2022-11-18,247,4002,49995548,40333225
2022-11-19,112,2091,49995660,40335316
2022-11-20,24,314,49995684,40335630
2022-11-21,118,2607,49995802,40338237
2022-11-22,141,3199,49995943,40341436
2022-11-23,192,3608,49996135,40345044
2022-11-24,155,3796,49996290,40348840
2022-11-25,185,3732,49996475,40352572
2022-11-26,130,2087,49996605,40354659
2022-11-27,22,356,49996627,40355015
2022-11-28,177,2664,49996804,40357679
2022-11-29,183,3195,49996987,40360874
2022-11-30,174,3675,49997161,40364549
2022-12-01,222,3553,49997383,40368102
2022-12-02,154,3469,49997537,40371571
2022-12-03,101,1929,49997638,40373500
2022-12-04,5,290,49997643,40373790
2022-12-05,123,2722,49997766,40376512
2022-12-06,159,3479,49997925,40379991
2022-12-07,130,2761,49998055,40382752