data_somministrazione,vaccinazioni,booster,cum_vaccinazioni,cum_booster
2020-12-27,20,0,20,0
2020-12-28,2,0,22,0
2020-12-29,1,0,23,0
2020-12-30,9,0,32,0
2020-12-31,74,0,106,0
2021-01-01,24,0,130,0
2021-01-02,133,0,263,0
2021-01-03,97,0,360,0
2021-01-04,226,0,586,0
2021-01-05,268,0,854,0
2021-01-06,237,0,1091,0
2021-01-07,316,0,1407,0
2021-01-08,365,0,1772,0
2021-01-09,273,0,2045,0
2021-01-10,165,0,2210,0
2021-01-11,296,0,2506,0
2021-01-12,280,0,2786,0
2021-01-13,408,0,3194,0
2021-01-14,493,0,3687,0
2021-01-15,316,0,4003,0
2021-01-16,220,0,4223,0
2021-01-17,3063,0,7286,0
2021-01-18,5215,0,12501,0
2021-01-19,1894,0,14395,0
2021-01-20,4659,0,19054,0
2021-01-21,20008,0,39062,0
2021-01-22,14220,0,53282,0
2021-01-23,33328,0,86610,0
2021-01-24,30780,0,117390,0
2021-01-25,64716,0,182106,0
2021-01-26,76480,0,258586,0
2021-01-27,64822,0,323408,0
2021-01-28,89262,0,412670,0
2021-01-29,94005,0,506675,0
2021-01-30,86551,0,593226,0
2021-01-31,57325,0,650551,0
2021-02-01,81845,0,732396,0
2021-02-02,82137,0,814533,0
2021-02-03,91109,0,905642,0
2021-02-04,95394,0,1001036,0
2021-02-05,90267,0,1091303,0
2021-02-06,63447,0,1154750,0
2021-02-07,32933,0,1187683,0
2021-02-08,40424,0,1228107,0
2021-02-09,32878,0,1260985,0
2021-02-10,28433,0,1289418,0
2021-02-11,20405,0,1309823,0
2021-02-12,16243,0,1326066,0
2021-02-13,7277,0,1333343,0
2021-02-14,2862,0,1336205,0
2021-02-15,6845,0,1343050,0
2021-02-16,7005,0,1350055,0
2021-02-17,10526,0,1360581,0
2021-02-18,9252,0,1369833,0
2021-02-19,8253,0,1378086,0
2021-02-20,5575,0,1383661,0
2021-02-21,3009,0,1386670,0
2021-02-22,6885,0,1393555,0
2021-02-23,7182,0,1400737,0
2021-02-24,9812,0,1410549,0
2021-02-25,14210,0,1424759,0
2021-02-26,17558,0,1442317,0
2021-02-27,13917,0,1456234,0
2021-02-28,9391,0,1465625,0
2021-03-01,26520,0,1492145,0
2021-03-02,33248,0,1525393,0
2021-03-03,44647,0,1570040,0
2021-03-04,50296,0,1620336,0
2021-03-05,55735,0,1676071,0
2021-03-06,41876,0,1717947,0
2021-03-07,22326,0,1740273,0
2021-03-08,50831,0,1791104,0
2021-03-09,53082,0,1844186,0
2021-03-10,58672,0,1902858,0
2021-03-11,63877,0,1966735,0
2021-03-12,65127,0,2031862,0
2021-03-13,51728,0,2083590,0
2021-03-14,35414,0,2119004,0
2021-03-15,73454,0,2192458,0
2021-03-16,74029,0,2266487,0
2021-03-17,83136,0,2349623,0
2021-03-18,81629,0,2431252,0
2021-03-19,81089,0,2512341,0
2021-03-20,64732,0,2577073,0
2021-03-21,47310,0,2624383,0
2021-03-22,69495,0,2693878,0
2021-03-23,75807,0,2769685,0
2021-03-24,90918,0,2860603,0
2021-03-25,89818,0,2950421,0
2021-03-26,83640,0,3034061,0
2021-03-27,71952,0,3106013,0
2021-03-28,44169,0,3150182,0
2021-03-29,70842,0,3221024,0
2021-03-30,81399,0,3302423,0
2021-03-31,96254,0,3398677,0
2021-04-01,95319,0,3493996,0
2021-04-02,84079,0,3578075,0
2021-04-03,64305,0,3642380,0
2021-04-04,21723,0,3664103,0
2021-04-05,40318,0,3704421,0
2021-04-06,81330,0,3785751,0
2021-04-07,95837,0,3881588,0
2021-04-08,95255,0,3976843,0
2021-04-09,88500,0,4065343,0
2021-04-10,74033,0,4139376,0
2021-04-11,44765,0,4184141,0
2021-04-12,66921,0,4251062,0
2021-04-13,72587,0,4323649,0
2021-04-14,85551,0,4409200,0
2021-04-15,105421,0,4514621,0
2021-04-16,106425,0,4621046,0
2021-04-17,90522,0,4711568,0
2021-04-18,58598,0,4770166,0
2021-04-19,93433,0,4863599,0
2021-04-20,103774,0,4967373,0
2021-04-21,125344,0,5092717,0
2021-04-22,143523,0,5236240,0
2021-04-23,138749,0,5374989,0
2021-04-24,124455,0,5499444,0
2021-04-25,61465,0,5560909,0
2021-04-26,97906,0,5658815,0
2021-04-27,128367,0,5787182,0
2021-04-28,156387,0,5943569,0
2021-04-29,195612,0,6139181,0
2021-04-30,214602,0,6353783,0
2021-05-01,174133,0,6527916,0
2021-05-02,135803,0,6663719,0
2021-05-03,142059,0,6805778,0
2021-05-04,158707,0,6964485,0
2021-05-05,170529,0,7135014,0
2021-05-06,197821,0,7332835,0
2021-05-07,213867,0,7546702,0
2021-05-08,213439,0,7760141,0
2021-05-09,143218,0,7903359,0
2021-05-10,165095,0,8068454,0
2021-05-11,175003,0,8243457,0
2021-05-12,179206,0,8422663,0
2021-05-13,203411,0,8626074,0
2021-05-14,222940,0,8849014,0
2021-05-15,210385,0,9059399,0
2021-05-16,159285,0,9218684,0
2021-05-17,219213,0,9437897,0
2021-05-18,213029,0,9650926,0
2021-05-19,207095,0,9858021,0
2021-05-20,270884,0,10128905,0
2021-05-21,270906,0,10399811,0
2021-05-22,245535,0,10645346,0
2021-05-23,197185,0,10842531,0
2021-05-24,228307,0,11070838,0
2021-05-25,245701,0,11316539,0
2021-05-26,277511,0,11594050,0
2021-05-27,311091,0,11905141,0
2021-05-28,299581,0,12204722,0
2021-05-29,231243,0,12435965,0
2021-05-30,170851,0,12606816,0
2021-05-31,216433,0,12823249,0
2021-06-01,207637,0,13030886,0
2021-06-02,115802,0,13146688,0
2021-06-03,180165,0,13326853,0
2021-06-04,184903,0,13511756,0
2021-06-05,185984,0,13697740,0
2021-06-06,139573,0,13837313,0
2021-06-07,161893,0,13999206,0
2021-06-08,171270,0,14170476,0
2021-06-09,171513,0,14341989,0
2021-06-10,174138,0,14516127,0
2021-06-11,170008,0,14686135,0
2021-06-12,128358,0,14814493,0
2021-06-13,91215,0,14905708,0
2021-06-14,214707,0,15120415,0
2021-06-15,228443,0,15348858,0
2021-06-16,253104,0,15601962,0
2021-06-17,301766,0,15903728,0
2021-06-18,306316,0,16210044,0
2021-06-19,275109,0,16485153,0
2021-06-20,220809,0,16705962,0
2021-06-21,288086,0,16994048,0
2021-06-22,296243,0,17290291,0
2021-06-23,302698,0,17592989,0
2021-06-24,332611,0,17925600,0
2021-06-25,348725,0,18274325,0
2021-06-26,300136,0,18574461,0
2021-06-27,228683,0,18803144,0
2021-06-28,307139,0,19110283,0
2021-06-29,329323,0,19439606,0
2021-06-30,342197,0,19781803,0
2021-07-01,363242,0,20145045,0
2021-07-02,368486,0,20513531,0
2021-07-03,371103,0,20884634,0
2021-07-04,283228,0,21167862,0
2021-07-05,384558,0,21552420,0
2021-07-06,385488,0,21937908,0
2021-07-07,412131,0,22350039,0
2021-07-08,479596,0,22829635,0
2021-07-09,498478,0,23328113,0
2021-07-10,475174,0,23803287,0
2021-07-11,357698,0,24160985,0
2021-07-12,485889,0,24646874,0
2021-07-13,492088,0,25138962,0
2021-07-14,480448,0,25619410,0
2021-07-15,523437,0,26142847,0
2021-07-16,509758,0,26652605,0
2021-07-17,464330,0,27116935,0
2021-07-18,364639,0,27481574,0
2021-07-19,463047,0,27944621,0
2021-07-20,458060,0,28402681,0
2021-07-21,462793,0,28865474,0
2021-07-22,475386,0,29340860,0
2021-07-23,441328,0,29782188,0
2021-07-24,386149,0,30168337,0
2021-07-25,287560,0,30455897,0
2021-07-26,430890,0,30886787,0
2021-07-27,440126,0,31326913,0
2021-07-28,391024,0,31717937,0
2021-07-29,372082,0,32090019,0
2021-07-30,341519,0,32431538,0
2021-07-31,287039,0,32718577,0
2021-08-01,191001,0,32909578,0
2021-08-02,333706,0,33243284,0
2021-08-03,323192,0,33566476,0
2021-08-04,310983,0,33877459,0
2021-08-05,292490,0,34169949,0
2021-08-06,260028,0,34429977,0
2021-08-07,199060,0,34629037,0
2021-08-08,153109,0,34782146,0
2021-08-09,234085,0,35016231,0
2021-08-10,205268,0,35221499,0
2021-08-11,193782,0,35415281,0
2021-08-12,168055,0,35583336,0
2021-08-13,148645,0,35731981,0
2021-08-14,66098,0,35798079,0
2021-08-15,26340,0,35824419,0
2021-08-16,114707,0,35939126,0
2021-08-17,129258,0,36068384,0
2021-08-18,128766,0,36197150,0
2021-08-19,124839,0,36321989,0
2021-08-20,123797,0,36445786,0
2021-08-21,83136,0,36528922,0
2021-08-22,68177,0,36597099,0
2021-08-23,176871,0,36773970,0
2021-08-24,156900,0,36930870,0
2021-08-25,177180,0,37108050,0
2021-08-26,172363,0,37280413,0
2021-08-27,185834,0,37466247,0
2021-08-28,140286,0,37606533,0
2021-08-29,98990,0,37705523,0
2021-08-30,209593,0,37915116,0
2021-08-31,194645,0,38109761,0
2021-09-01,192212,0,38301973,0
2021-09-02,189929,0,38491902,0
2021-09-03,191290,0,38683192,0
2021-09-04,131454,0,38814646,0
2021-09-05,87856,0,38902502,0
2021-09-06,193618,0,39096120,0
2021-09-07,196036,0,39292156,0
2021-09-08,187875,0,39480031,0
2021-09-09,201436,0,39681467,0
2021-09-10,198068,0,39879535,0
2021-09-11,141293,0,40020828,0
2021-09-12,89593,0,40110421,0
2021-09-13,191116,626,40301537,626
2021-09-14,177224,631,40478761,1257
2021-09-15,163086,637,40641847,1894
2021-09-16,160060,979,40801907,2873
2021-09-17,150168,1156,40952075,4029
2021-09-18,127982,766,41080057,4795
2021-09-19,81140,505,41161197,5300
2021-09-20,180068,9116,41341265,14416
2021-09-21,166667,8853,41507932,23269
2021-09-22,159108,9456,41667040,32725
2021-09-23,138090,9350,41805130,42075
2021-09-24,140555,8998,41945685,51073
2021-09-25,119562,5663,42065247,56736
2021-09-26,71984,4359,42137231,61095
2021-09-27,135665,10072,42272896,71167
2021-09-28,117514,11415,42390410,82582
2021-09-29,112367,11847,42502777,94429
2021-09-30,110271,14976,42613048,109405
2021-10-01,94993,19135,42708041,128540
2021-10-02,78512,14040,42786553,142580
2021-10-03,47757,7667,42834310,150247
2021-10-04,88390,34474,42922700,184721
2021-10-05,80382,34009,43003082,218730
2021-10-06,72005,34196,43075087,252926
2021-10-07,71878,34366,43146965,287292
2021-10-08,80631,33620,43227596,320912
2021-10-09,76109,22190,43303705,343102
2021-10-10,45783,13629,43349488,356731
2021-10-11,87449,41123,43436937,397854
2021-10-12,84514,46928,43521451,444782
2021-10-13,88213,52151,43609664,496933
2021-10-14,91548,58547,43701212,555480
2021-10-15,93598,55669,43794810,611149
2021-10-16,82971,36817,43877781,647966
2021-10-17,51463,23854,43929244,671820
2021-10-18,90301,59511,44019545,731331
2021-10-19,78351,69399,44097896,800730
2021-10-20,75068,78199,44172964,878929
2021-10-21,78302,81798,44251266,960727
2021-10-22,73779,77067,44325045,1037794
2021-10-23,60833,51972,44385878,1089766
2021-10-24,33368,23477,44419246,1113243
2021-10-25,64904,81656,44484150,1194899
2021-10-26,58376,91829,44542526,1286728
2021-10-27,58320,104024,44600846,1390752
2021-10-28,61452,114149,44662298,1504901
2021-10-29,61640,103171,44723938,1608072
2021-10-30,50677,68136,44774615,1676208
2021-10-31,25163,28305,44799778,1704513
2021-11-01,19049,28157,44818827,1732670
2021-11-02,62740,89430,44881567,1822100
2021-11-03,60723,118692,44942290,1940792
2021-11-04,59241,126694,45001531,2067486
2021-11-05,63094,135216,45064625,2202702
2021-11-06,46485,90937,45111110,2293639
2021-11-07,22251,37903,45133361,2331542
2021-11-08,51530,131293,45184891,2462835
2021-11-09,45401,144234,45230292,2607069
2021-11-10,42592,156371,45272884,2763440
2021-11-11,44931,155162,45317815,2918602
2021-11-12,46313,158676,45364128,3077278
2021-11-13,33264,116673,45397392,3193951
2021-11-14,14492,52457,45411884,3246408
2021-11-15,36912,157440,45448796,3403848
2021-11-16,30565,171405,45479361,3575253
2021-11-17,28471,178457,45507832,3753710
2021-11-18,30294,193760,45538126,3947470
2021-11-19,28815,205879,45566941,4153349
2021-11-20,21003,156456,45587944,4309805
2021-11-21,10613,64868,45598557,4374673
2021-11-22,21955,213162,45620512,4587835
2021-11-23,23597,241786,45644109,4829621
2021-11-24,27799,271036,45671908,5100657
2021-11-25,23264,301925,45695172,5402582
2021-11-26,24593,318301,45719765,5720883
2021-11-27,21399,266168,45741164,5987051
2021-11-28,9905,137067,45751069,6124118
2021-11-29,22360,326074,45773429,6450192
2021-11-30,23110,365864,45796539,6816056
2021-12-01,21547,413527,45818086,7229583
2021-12-02,23785,440433,45841871,7670016
2021-12-03,25269,467518,45867140,8137534
2021-12-04,22388,418792,45889528,8556326
2021-12-05,11943,261364,45901471,8817690
2021-12-06,25839,457623,45927310,9275313
2021-12-07,24155,480299,45951465,9755612
2021-12-08,10024,249718,45961489,10005330
2021-12-09,31614,491955,45993103,10497285
2021-12-10,28094,517922,46021197,11015207
2021-12-11,23584,459270,46044781,11474477
2021-12-12,12316,293524,46057097,11768001
2021-12-13,26169,467650,46083266,12235651
2021-12-14,25199,494232,46108465,12729883
2021-12-15,25362,517188,46133827,13247071
2021-12-16,27921,520297,46161748,13767368
2021-12-17,29387,517211,46191135,14284579
2021-12-18,27094,468771,46218229,14753350
2021-12-19,15166,300539,46233395,15053889
2021-12-20,30664,477505,46264059,15531394
2021-12-21,30404,493421,46294463,16024815
2021-12-22,29475,484750,46323938,16509565
2021-12-23,28286,426946,46352224,16936511
2021-12-24,13126,210837,46365350,17147348
2021-12-25,2104,33053,46367454,17180401
2021-12-26,8773,159076,46376227,17339477
2021-12-27,46838,504685,46423065,17844162
2021-12-28,42499,554245,46465564,18398407
2021-12-29,34387,550672,46499951,18949079
2021-12-30,31875,499859,46531826,19448938
2021-12-31,14140,247405,46545966,19696343
2022-01-01,3498,64815,46549464,19761158
2022-01-02,22808,276724,46572272,20037882
2022-01-03,47917,520032,46620189,20557914
2022-01-04,46449,572098,46666638,21130012
2022-01-05,40811,560412,46707449,21690424
2022-01-06,23524,274489,46730973,21964913
2022-01-07,63772,554217,46794745,22519130
2022-01-08,60942,503408,46855687,23022538
2022-01-09,42926,319698,46898613,23342236
2022-01-10,61148,542318,46959761,23884554
2022-01-11,61812,587031,47021573,24471585
2022-01-12,58527,581301,47080100,25052886
2022-01-13,58687,580426,47138787,25633312
2022-01-14,46904,588604,47185691,26221916
2022-01-15,39509,569974,47225200,26791890
2022-01-16,31288,341888,47256488,27133778
2022-01-17,54831,489681,47311319,27623459
2022-01-18,58451,517043,47369770,28140502
2022-01-19,57251,502814,47427021,28643316
2022-01-20,54400,498852,47481421,29142168
2022-01-21,42149,493898,47523570,29636066
2022-01-22,31261,469611,47554831,30105677
2022-01-23,34971,275384,47589802,30381061
2022-01-24,56212,437241,47646014,30818302
2022-01-25,61588,452124,47707602,31270426
2022-01-26,58567,435844,47766169,31706270
2022-01-27,48876,432394,47815045,32138664
2022-01-28,58733,436554,47873778,32575218
2022-01-29,68164,412508,47941942,32987726
2022-01-30,50397,235984,47992339,33223710
2022-01-31,60675,356941,48053014,33580651
2022-02-01,65593,328459,48118607,33909110
2022-02-02,63237,296985,48181844,34206095
2022-02-03,60081,274526,48241925,34480621
2022-02-04,72394,268469,48314319,34749090
2022-02-05,83813,248546,48398132,34997636
2022-02-06,55305,116206,48453437,35113842
2022-02-07,65169,199944,48518606,35313786
2022-02-08,66947,186121,48585553,35499907
2022-02-09,58772,166344,48644325,35666251
2022-02-10,58594,163244,48702919,35829495
2022-02-11,62270,162470,48765189,35991965
2022-02-12,72000,152148,48837189,36144113
2022-02-13,41477,68854,48878666,36212967
2022-02-14,46703,116188,48925369,36329155
2022-02-15,48549,123480,48973918,36452635
2022-02-16,45684,106123,49019602,36558758
2022-02-17,42871,98117,49062473,36656875
2022-02-18,46628,112579,49109101,36769454
2022-02-19,52544,100337,49161645,36869791
2022-02-20,31411,40366,49193056,36910157
2022-02-21,37898,89656,49230954,36999813
2022-02-22,37224,83780,49268178,37083593
2022-02-23,33401,79408,49301579,37163001
2022-02-24,32561,78162,49334140,37241163
2022-02-25,34766,90713,49368906,37331876
2022-02-26,39160,89135,49408066,37421011
2022-02-27,22547,35857,49430613,37456868
2022-02-28,28481,81695,49459094,37538563
2022-03-01,22723,53942,49481817,37592505
2022-03-02,21956,50683,49503773,37643188
2022-03-03,22626,54947,49526399,37698135
2022-03-04,23239,62798,49549638,37760933
2022-03-05,23800,57951,49573438,37818884
2022-03-06,9472,17201,49582910,37836085
2022-03-07,15919,51391,49598829,37887476
2022-03-08,15480,48795,49614309,37936271
2022-03-09,13813,46519,49628122,37982790
2022-03-10,14053,52122,49642175,38034912
2022-03-11,15589,57268,49657764,38092180
2022-03-12,15508,56618,49673272,38148798
2022-03-13,5544,16851,49678816,38165649
2022-03-14,10526,46700,49689342,38212349
2022-03-15,10549,46895,49699891,38259244
2022-03-16,9481,41974,49709372,38301218
2022-03-17,9721,44874,49719093,38346092
2022-03-18,10159,49056,49729252,38395148
2022-03-19,9151,46534,49738403,38441682
2022-03-20,2608,11704,49741011,38453386
2022-03-21,7580,40224,49748591,38493610
2022-03-22,8447,37763,49757038,38531373
2022-03-23,7216,33700,49764254,38565073
2022-03-24,8258,38818,49772512,38603891
2022-03-25,8141,43668,49780653,38647559
2022-03-26,8127,41721,49788780,38689280
2022-03-27,2431,9682,49791211,38698962
2022-03-28,6113,35238,49797324,38734200
2022-03-29,5778,32530,49803102,38766730
2022-03-30,5566,30205,49808668,38796935
2022-03-31,5899,33183,49814567,38830118
2022-04-01,4350,25189,49818917,38855307
2022-04-02,4496,23275,49823413,38878582
2022-04-03,1049,4500,49824462,38883082
2022-04-04,3658,21544,49828120,38904626
2022-04-05,3756,22932,49831876,38927558
2022-04-06,4103,21852,49835979,38949410
2022-04-07,3968,23320,49839947,38972730
2022-04-08,4694,26713,49844641,38999443
2022-04-09,4383,23887,49849024,39023330
2022-04-10,892,4613,49849916,39027943
2022-04-11,3816,22688,49853732,39050631
2022-04-12,3365,21778,49857097,39072409
2022-04-13,3568,21335,49860665,39093744
2022-04-14,3485,23786,49864150,39117530
2022-04-15,3084,20620,49867234,39138150
2022-04-16,2149,11918,49869383,39150068
2022-04-17,63,348,49869446,39150416
2022-04-18,152,650,49869598,39151066
2022-04-19,3499,21980,49873097,39173046
2022-04-20,3510,20252,49876607,39193298
2022-04-21,2847,19790,49879454,39213088
2022-04-22,2927,20703,49882381,39233791
2022-04-23,2646,16220,49885027,39250011
2022-04-24,509,2334,49885536,39252345
2022-04-25,183,1165,49885719,39253510
2022-04-26,2759,17807,49888478,39271317
2022-04-27,2374,15793,49890852,39287110
2022-04-28,2360,15561,49893212,39302671
2022-04-29,2296,14847,49895508,39317518
2022-04-30,2123,11581,49897631,39329099
2022-05-01,113,531,49897744,39329630
2022-05-02,1451,9391,49899195,39339021
2022-05-03,1576,10320,49900771,39349341
2022-05-04,1745,10268,49902516,39359609
2022-05-05,1653,10285,49904169,39369894
2022-05-06,1702,10958,49905871,39380852
2022-05-07,1431,8568,49907302,39389420
2022-05-08,416,1521,49907718,39390941
2022-05-09,1027,8929,49908745,39399870
2022-05-10,1424,9548,49910169,39409418
2022-05-11,1483,10104,49911652,39419522
2022-05-12,1369,10131,49913021,39429653
2022-05-13,1596,10519,49914617,39440172
2022-05-14,1357,8236,49915974,39448408
2022-05-15,336,1133,49916310,39449541
2022-05-16,813,8405,49917123,39457946
2022-05-17,1243,8697,49918366,39466643
2022-05-18,1372,9233,49919738,39475876
2022-05-19,1500,9278,49921238,39485154
2022-05-20,1422,9532,49922660,39494686
2022-05-21,1300,7900,49923960,39502586
2022-05-22,231,1014,49924191,39503600
2022-05-23,830,8268,49925021,39511868
2022-05-24,1073,8672,49926094,39520540
2022-05-25,1370,9460,49927464,39530000
2022-05-26,1195,9479,49928659,39539479
2022-05-27,1232,9915,49929891,39549394
2022-05-28,1205,7887,49931096,39557281
2022-05-29,288,1264,49931384,39558545
2022-05-30,930,8056,49932314,39566601
2022-05-31,1036,8547,49933350,39575148
2022-06-01,891,7655,49934241,39582803
2022-06-02,35,474,49934276,39583277
2022-06-03,818,7333,49935094,39590610
2022-06-04,870,5161,49935964,39595771
2022-06-05,89,586,49936053,39596357
2022-06-06,678,6994,49936731,39603351
2022-06-07,952,7849,49937683,39611200
2022-06-08,980,7908,49938663,39619108
2022-06-09,1036,8416,49939699,39627524
2022-06-10,958,8564,49940657,39636088
2022-06-11,903,6207,49941560,39642295
2022-06-12,140,768,49941700,39643063
2022-06-13,602,6301,49942302,39649364
2022-06-14,831,7899,49943133,39657263
2022-06-15,957,7854,49944090,39665117
2022-06-16,730,7395,49944820,39672512
2022-06-17,723,7243,49945543,39679755
2022-06-18,777,5593,49946320,39685348
2022-06-19,48,522,49946368,39685870
2022-06-20,587,6699,49946955,39692569
2022-06-21,736,7665,49947691,39700234
2022-06-22,781,7308,49948472,39707542
2022-06-23,652,7468,49949124,39715010
2022-06-24,644,7473,49949768,39722483
2022-06-25,835,6535,49950603,39729018
2022-06-26,128,523,49950731,39729541
2022-06-27,533,7124,49951264,39736665
2022-06-28,746,8207,49952010,39744872
2022-06-29,756,7731,49952766,39752603
2022-06-30,745,8144,49953511,39760747
2022-07-01,577,6443,49954088,39767190
2022-07-02,536,4770,49954624,39771960
2022-07-03,49,456,49954673,39772416
2022-07-04,469,6276,49955142,39778692
2022-07-05,629,8118,49955771,39786810
2022-07-06,633,7611,49956404,39794421
2022-07-07,572,8271,49956976,39802692
2022-07-08,672,8083,49957648,39810775
2022-07-09,550,6104,49958198,39816879
2022-07-10,58,533,49958256,39817412
2022-07-11,487,7638,49958743,39825050
2022-07-12,667,9029,49959410,39834079
2022-07-13,641,10068,49960051,39844147
2022-07-14,636,10224,49960687,39854371
2022-07-15,625,10665,49961312,39865036
2022-07-16,522,7214,49961834,39872250
2022-07-17,48,770,49961882,39873020
2022-07-18,497,9368,49962379,39882388
2022-07-19,574,10682,49962953,39893070
2022-07-20,580,11274,49963533,39904344
2022-07-21,628,12088,49964161,39916432
2022-07-22,584,11257,49964745,39927689
2022-07-23,381,6772,49965126,39934461
2022-07-24,76,857,49965202,39935318
2022-07-25,503,9051,49965705,39944369
2022-07-26,519,9759,49966224,39954128
2022-07-27,552,10203,49966776,39964331
2022-07-28,530,10535,49967306,39974866
2022-07-29,510,9464,49967816,39984330
2022-07-30,382,5881,49968198,39990211
2022-07-31,49,764,49968247,39990975
2022-08-01,386,6863,49968633,39997838
2022-08-02,540,7585,49969173,40005423
2022-08-03,511,7176,49969684,40012599
2022-08-04,456,7488,49970140,40020087
2022-08-05,420,6525,49970560,40026612
2022-08-06,299,3612,49970859,40030224
2022-08-07,44,561,49970903,40030785
2022-08-08,402,4892,49971305,40035677
2022-08-09,382,5308,49971687,40040985
2022-08-10,382,4816,49972069,40045801
2022-08-11,366,4778,49972435,40050579
2022-08-12,292,3720,49972727,40054299
2022-08-13,143,1600,49972870,40055899
2022-08-14,9,129,49972879,40056028
2022-08-15,1,26,49972880,40056054
2022-08-16,283,3043,49973163,40059097
2022-08-17,352,3536,49973515,40062633
2022-08-18,391,4161,49973906,40066794
2022-08-19,341,3320,49974247,40070114
2022-08-20,183,1715,49974430,40071829
2022-08-21,24,149,49974454,40071978
2022-08-22,330,2951,49974784,40074929
2022-08-23,370,3674,49975154,40078603
2022-08-24,383,3359,49975537,40081962
2022-08-25,421,3773,49975958,40085735
2022-08-26,399,3573,49976357,40089308
2022-08-27,237,1769,49976594,40091077
2022-08-28,29,267,49976623,40091344
2022-08-29,354,3161,49976977,40094505
2022-08-30,403,3671,49977380,40098176
2022-08-31,437,3735,49977817,40101911
2022-09-01,353,3116,49978170,40105027
2022-09-02,296,2893,49978466,40107920
2022-09-03,200,1688,49978666,40109608
2022-09-04,23,149,49978689,40109757
2022-09-05,187,2656,49978876,40112413
2022-09-06,303,2982,49979179,40115395
2022-09-07,540,2936,49979719,40118331
2022-09-08,291,2962,49980010,40121293
2022-09-09,305,2884,49980315,40124177
2022-09-10,227,1326,49980542,40125503
2022-09-11,23,124,49980565,40125627
2022-09-12,267,2264,49980832,40127891
2022-09-13,252,2276,49981084,40130167
2022-09-14,266,2565,49981350,40132732
2022-09-15,281,2496,49981631,40135228
2022-09-16,254,2544,49981885,40137772
2022-09-17,239,1339,49982124,40139111
2022-09-18,20,170,49982144,40139281
2022-09-19,206,1969,49982350,40141250
2022-09-20,236,2384,49982586,40143634
2022-09-21,289,2526,49982875,40146160
2022-09-22,264,2652,49983139,40148812
2022-09-23,258,2538,49983397,40151350
2022-09-24,193,1427,49983590,40152777
2022-09-25,29,133,49983619,40152910
2022-09-26,280,2248,49983899,40155158
2022-09-27,287,2682,49984186,40157840
2022-09-28,309,2896,49984495,40160736
2022-09-29,256,3046,49984751,40163782
2022-09-30,290,2983,49985041,40166765
2022-10-01,194,1515,49985235,40168280
2022-10-02,12,187,49985247,40168467
2022-10-03,182,2473,49985429,40170940
2022-10-04,236,2865,49985665,40173805
2022-10-05,227,3219,49985892,40177024
2022-10-06,242,3847,49986134,40180871
2022-10-07,282,4165,49986416,40185036
2022-10-08,202,2235,49986618,40187271
2022-10-09,8,304,49986626,40187575
2022-10-10,207,3338,49986833,40190913
2022-10-11,192,4350,49987025,40195263
2022-10-12,209,4415,49987234,40199678
2022-10-13,200,5296,49987434,40204974
2022-10-14,230,5021,49987664,40209995
2022-10-15,189,2670,49987853,40212665
2022-10-16,6,360,49987859,40213025
2022-10-17,186,3864,49988045,40216889
2022-10-18,256,4956,49988301,40221845
2022-10-19,241,5463,49988542,40227308
2022-10-20,222,5989,49988764,40233297
2022-10-21,249,5463,49989013,40238760
2022-10-22,194,2908,49989207,40241668
2022-10-23,13,356,49989220,40242024
2022-10-24,171,3916,49989391,40245940
2022-10-25,252,4913,49989643,40250853
2022-10-26,341,5470,49989984,40256323
2022-10-27,239,5629,49990223,40261952
2022-10-28,199,5238,49990422,40267190
2022-10-29,127,2835,49990549,40270025
2022-10-30,3,326,49990552,40270351
2022-10-31,117,3026,49990669,40273377
2022-11-01,10,327,49990679,40273704
2022-11-02,142,3691,49990821,40277395
2022-11-03,170,4750,49990991,40282145
2022-11-04,222,4568,49991213,40286713
2022-11-05,143,2585,49991356,40289298
2022-11-06,10,258,49991366,40289556
2022-11-07,160,3208,49991526,40292764
2022-11-08,259,4200,49991785,40296964
2022-11-09,197,4278,49991982,40301242
2022-11-10,181,4502,49992163,40305744
2022-11-11,189,4182,49992352,40309926
2022-11-12,152,2336,49992504,40312262
2022-11-13,7,331,49992511,40312593
2022-11-14,148,2805,49992659,40315398
2022-11-15,185,3654,49992844,40319052
2022-11-16,203,3828,49993047,40322880
2022-11-17,184,3910,49993231,40326790
2022-11-18,255,3667,49993486,40330457