data_somministrazione,vaccinazioni,booster,cum_vaccinazioni,cum_booster
2020-12-27,18,0,18,0
2020-12-28,2,0,20,0
2020-12-29,1,0,21,0
2020-12-30,6,0,27,0
2020-12-31,53,0,80,0
2021-01-01,20,0,100,0
2021-01-02,88,0,188,0
2021-01-03,69,0,257,0
2021-01-04,183,0,440,0
2021-01-05,225,0,665,0
2021-01-06,176,0,841,0
2021-01-07,264,0,1105,0
2021-01-08,313,0,1418,0
2021-01-09,232,0,1650,0
2021-01-10,138,0,1788,0
2021-01-11,255,0,2043,0
2021-01-12,258,0,2301,0
2021-01-13,370,0,2671,0
2021-01-14,460,0,3131,0
2021-01-15,283,0,3414,0
2021-01-16,197,0,3611,0
2021-01-17,3055,0,6666,0
2021-01-18,5206,0,11872,0
2021-01-19,1890,0,13762,0
2021-01-20,4651,0,18413,0
2021-01-21,20009,0,38422,0
2021-01-22,14201,0,52623,0
2021-01-23,33341,0,85964,0
2021-01-24,30794,0,116758,0
2021-01-25,64745,0,181503,0
2021-01-26,76508,0,258011,0
2021-01-27,64855,0,322866,0
2021-01-28,89315,0,412181,0
2021-01-29,94047,0,506228,0
2021-01-30,86586,0,592814,0
2021-01-31,57345,0,650159,0
2021-02-01,81881,0,732040,0
2021-02-02,82149,0,814189,0
2021-02-03,91201,0,905390,0
2021-02-04,95406,0,1000796,0
2021-02-05,90291,0,1091087,0
2021-02-06,63451,0,1154538,0
2021-02-07,32925,0,1187463,0
2021-02-08,40434,0,1227897,0
2021-02-09,32863,0,1260760,0
2021-02-10,28413,0,1289173,0
2021-02-11,20380,0,1309553,0
2021-02-12,16219,0,1325772,0
2021-02-13,7241,0,1333013,0
2021-02-14,2861,0,1335874,0
2021-02-15,6835,0,1342709,0
2021-02-16,6990,0,1349699,0
2021-02-17,10517,0,1360216,0
2021-02-18,9242,0,1369458,0
2021-02-19,8231,0,1377689,0
2021-02-20,5531,0,1383220,0
2021-02-21,2976,0,1386196,0
2021-02-22,6875,0,1393071,0
2021-02-23,7154,0,1400225,0
2021-02-24,9822,0,1410047,0
2021-02-25,14198,0,1424245,0
2021-02-26,17544,0,1441789,0
2021-02-27,13894,0,1455683,0
2021-02-28,9382,0,1465065,0
2021-03-01,26506,0,1491571,0
2021-03-02,33230,0,1524801,0
2021-03-03,44642,0,1569443,0
2021-03-04,50288,0,1619731,0
2021-03-05,55734,0,1675465,0
2021-03-06,41869,0,1717334,0
2021-03-07,22319,0,1739653,0
2021-03-08,50786,0,1790439,0
2021-03-09,53056,0,1843495,0
2021-03-10,58617,0,1902112,0
2021-03-11,63822,0,1965934,0
2021-03-12,65085,0,2031019,0
2021-03-13,51697,0,2082716,0
2021-03-14,35382,0,2118098,0
2021-03-15,73420,0,2191518,0
2021-03-16,74020,0,2265538,0
2021-03-17,83127,0,2348665,0
2021-03-18,81617,0,2430282,0
2021-03-19,81078,0,2511360,0
2021-03-20,64700,0,2576060,0
2021-03-21,47284,0,2623344,0
2021-03-22,69466,0,2692810,0
2021-03-23,75774,0,2768584,0
2021-03-24,90874,0,2859458,0
2021-03-25,89775,0,2949233,0
2021-03-26,83590,0,3032823,0
2021-03-27,71902,0,3104725,0
2021-03-28,44112,0,3148837,0
2021-03-29,70795,0,3219632,0
2021-03-30,81346,0,3300978,0
2021-03-31,96199,0,3397177,0
2021-04-01,95285,0,3492462,0
2021-04-02,84061,0,3576523,0
2021-04-03,64291,0,3640814,0
2021-04-04,21715,0,3662529,0
2021-04-05,40294,0,3702823,0
2021-04-06,81288,0,3784111,0
2021-04-07,95789,0,3879900,0
2021-04-08,95218,0,3975118,0
2021-04-09,88468,0,4063586,0
2021-04-10,74016,0,4137602,0
2021-04-11,44741,0,4182343,0
2021-04-12,66898,0,4249241,0
2021-04-13,72551,0,4321792,0
2021-04-14,85513,0,4407305,0
2021-04-15,105391,0,4512696,0
2021-04-16,106399,0,4619095,0
2021-04-17,90475,0,4709570,0
2021-04-18,58580,0,4768150,0
2021-04-19,93425,0,4861575,0
2021-04-20,103755,0,4965330,0
2021-04-21,125319,0,5090649,0
2021-04-22,143501,0,5234150,0
2021-04-23,138702,0,5372852,0
2021-04-24,124426,0,5497278,0
2021-04-25,61445,0,5558723,0
2021-04-26,97869,0,5656592,0
2021-04-27,128344,0,5784936,0
2021-04-28,156344,0,5941280,0
2021-04-29,195564,0,6136844,0
2021-04-30,214545,0,6351389,0
2021-05-01,174082,0,6525471,0
2021-05-02,135783,0,6661254,0
2021-05-03,141989,0,6803243,0
2021-05-04,158676,0,6961919,0
2021-05-05,170458,0,7132377,0
2021-05-06,197781,0,7330158,0
2021-05-07,213789,0,7543947,0
2021-05-08,213364,0,7757311,0
2021-05-09,143186,0,7900497,0
2021-05-10,165064,0,8065561,0
2021-05-11,174937,0,8240498,0
2021-05-12,179126,0,8419624,0
2021-05-13,203337,0,8622961,0
2021-05-14,222877,0,8845838,0
2021-05-15,210316,0,9056154,0
2021-05-16,159250,0,9215404,0
2021-05-17,219166,0,9434570,0
2021-05-18,212988,0,9647558,0
2021-05-19,207047,0,9854605,0
2021-05-20,270828,0,10125433,0
2021-05-21,270841,0,10396274,0
2021-05-22,245502,0,10641776,0
2021-05-23,197165,0,10838941,0
2021-05-24,228276,0,11067217,0
2021-05-25,245667,0,11312884,0
2021-05-26,277466,0,11590350,0
2021-05-27,311058,0,11901408,0
2021-05-28,299538,0,12200946,0
2021-05-29,231183,0,12432129,0
2021-05-30,170806,0,12602935,0
2021-05-31,216387,0,12819322,0
2021-06-01,207617,0,13026939,0
2021-06-02,115752,0,13142691,0
2021-06-03,180072,0,13322763,0
2021-06-04,184818,0,13507581,0
2021-06-05,185894,0,13693475,0
2021-06-06,139487,0,13832962,0
2021-06-07,161794,0,13994756,0
2021-06-08,171122,0,14165878,0
2021-06-09,171386,0,14337264,0
2021-06-10,173986,0,14511250,0
2021-06-11,169899,0,14681149,0
2021-06-12,128276,0,14809425,0
2021-06-13,91111,0,14900536,0
2021-06-14,214613,0,15115149,0
2021-06-15,228347,0,15343496,0
2021-06-16,253007,0,15596503,0
2021-06-17,301669,0,15898172,0
2021-06-18,306224,0,16204396,0
2021-06-19,275026,0,16479422,0
2021-06-20,220695,0,16700117,0
2021-06-21,288012,0,16988129,0
2021-06-22,296160,0,17284289,0
2021-06-23,302648,0,17586937,0
2021-06-24,332528,0,17919465,0
2021-06-25,348677,0,18268142,0
2021-06-26,300074,0,18568216,0
2021-06-27,228594,0,18796810,0
2021-06-28,307010,0,19103820,0
2021-06-29,329203,0,19433023,0
2021-06-30,342073,0,19775096,0
2021-07-01,363128,0,20138224,0
2021-07-02,368415,0,20506639,0
2021-07-03,371056,0,20877695,0
2021-07-04,283181,0,21160876,0
2021-07-05,384493,0,21545369,0
2021-07-06,385415,0,21930784,0
2021-07-07,412043,0,22342827,0
2021-07-08,479629,0,22822456,0
2021-07-09,498507,0,23320963,0
2021-07-10,475179,0,23796142,0
2021-07-11,357702,0,24153844,0
2021-07-12,485918,0,24639762,0
2021-07-13,492157,0,25131919,0
2021-07-14,480487,0,25612406,0
2021-07-15,523521,0,26135927,0
2021-07-16,509791,0,26645718,0
2021-07-17,464379,0,27110097,0
2021-07-18,364704,0,27474801,0
2021-07-19,463085,0,27937886,0
2021-07-20,458103,0,28395989,0
2021-07-21,462821,0,28858810,0
2021-07-22,475396,0,29334206,0
2021-07-23,441310,0,29775516,0
2021-07-24,386188,0,30161704,0
2021-07-25,287615,0,30449319,0
2021-07-26,430909,0,30880228,0
2021-07-27,440130,0,31320358,0
2021-07-28,391025,0,31711383,0
2021-07-29,372082,0,32083465,0
2021-07-30,341480,0,32424945,0
2021-07-31,286993,0,32711938,0
2021-08-01,191018,0,32902956,0
2021-08-02,333723,0,33236679,0
2021-08-03,323178,0,33559857,0
2021-08-04,310964,0,33870821,0
2021-08-05,292513,0,34163334,0
2021-08-06,259990,0,34423324,0
2021-08-07,199030,0,34622354,0
2021-08-08,153103,0,34775457,0
2021-08-09,234067,0,35009524,0
2021-08-10,205239,0,35214763,0
2021-08-11,193737,0,35408500,0
2021-08-12,167947,0,35576447,0
2021-08-13,148576,0,35725023,0
2021-08-14,66082,0,35791105,0
2021-08-15,26329,0,35817434,0
2021-08-16,114663,0,35932097,0
2021-08-17,129231,0,36061328,0
2021-08-18,128720,0,36190048,0
2021-08-19,124772,0,36314820,0
2021-08-20,123773,0,36438593,0
2021-08-21,83099,0,36521692,0
2021-08-22,68159,0,36589851,0
2021-08-23,176863,0,36766714,0
2021-08-24,156897,0,36923611,0
2021-08-25,177164,0,37100775,0
2021-08-26,172345,0,37273120,0
2021-08-27,185857,0,37458977,0
2021-08-28,140263,0,37599240,0
2021-08-29,99012,0,37698252,0
2021-08-30,209632,0,37907884,0
2021-08-31,194621,0,38102505,0
2021-09-01,192212,0,38294717,0
2021-09-02,189938,0,38484655,0
2021-09-03,191354,0,38676009,0
2021-09-04,131492,0,38807501,0
2021-09-05,87875,0,38895376,0
2021-09-06,193664,0,39089040,0
2021-09-07,196074,0,39285114,0
2021-09-08,187917,0,39473031,0
2021-09-09,201487,0,39674518,0
2021-09-10,198122,0,39872640,0
2021-09-11,141336,0,40013976,0
2021-09-12,89606,0,40103582,0
2021-09-13,191191,517,40294773,517
2021-09-14,177276,552,40472049,1069
2021-09-15,163131,556,40635180,1625
2021-09-16,160103,898,40795283,2523
2021-09-17,150169,1094,40945452,3617
2021-09-18,127977,714,41073429,4331
2021-09-19,81133,478,41154562,4809
2021-09-20,180082,9049,41334644,13858
2021-09-21,166616,8814,41501260,22672
2021-09-22,159067,9416,41660327,32088
2021-09-23,138067,9308,41798394,41396
2021-09-24,140530,8942,41938924,50338
2021-09-25,119535,5623,42058459,55961
2021-09-26,71944,4333,42130403,60294
2021-09-27,135621,10032,42266024,70326
2021-09-28,117474,11371,42383498,81697
2021-09-29,112306,11820,42495804,93517
2021-09-30,110214,14929,42606018,108446
2021-10-01,94961,19097,42700979,127543
2021-10-02,78460,14010,42779439,141553
2021-10-03,47713,7651,42827152,149204
2021-10-04,88370,34437,42915522,183641
2021-10-05,80351,33963,42995873,217604
2021-10-06,71969,34147,43067842,251751
2021-10-07,71838,34334,43139680,286085
2021-10-08,80612,33579,43220292,319664
2021-10-09,76092,22159,43296384,341823
2021-10-10,45770,13609,43342154,355432
2021-10-11,87395,41093,43429549,396525
2021-10-12,84481,46885,43514030,443410
2021-10-13,88181,52097,43602211,495507
2021-10-14,91509,58488,43693720,553995
2021-10-15,93577,55605,43787297,609600
2021-10-16,82950,36770,43870247,646370
2021-10-17,51456,23818,43921703,670188
2021-10-18,90283,59467,44011986,729655
2021-10-19,78333,69363,44090319,799018
2021-10-20,75072,78142,44165391,877160
2021-10-21,78305,81735,44243696,958895
2021-10-22,73795,77006,44317491,1035901
2021-10-23,60811,51945,44378302,1087846
2021-10-24,33386,23437,44411688,1111283
2021-10-25,64901,81614,44476589,1192897
2021-10-26,58369,91766,44534958,1284663
2021-10-27,58327,103952,44593285,1388615
2021-10-28,61467,114091,44654752,1502706
2021-10-29,61667,103094,44716419,1605800
2021-10-30,50672,68105,44767091,1673905
2021-10-31,25168,28280,44792259,1702185
2021-11-01,19047,28145,44811306,1730330
2021-11-02,62776,89353,44874082,1819683
2021-11-03,60731,118654,44934813,1938337
2021-11-04,59245,126645,44994058,2064982
2021-11-05,63101,135158,45057159,2200140
2021-11-06,46469,90919,45103628,2291059
2021-11-07,22253,37891,45125881,2328950
2021-11-08,51527,131248,45177408,2460198
2021-11-09,45405,144181,45222813,2604379
2021-11-10,42573,156341,45265386,2760720
2021-11-11,44931,155124,45310317,2915844
2021-11-12,46371,158556,45356688,3074400
2021-11-13,33251,116639,45389939,3191039
2021-11-14,14476,52445,45404415,3243484
2021-11-15,36894,157411,45441309,3400895
2021-11-16,30540,171366,45471849,3572261
2021-11-17,28439,178426,45500288,3750687
2021-11-18,30277,193705,45530565,3944392
2021-11-19,28788,205839,45559353,4150231
2021-11-20,20982,156431,45580335,4306662
2021-11-21,10602,64852,45590937,4371514
2021-11-22,21923,213135,45612860,4584649
2021-11-23,23553,241733,45636413,4826382
2021-11-24,27820,270933,45664233,5097315
2021-11-25,23218,301890,45687451,5399205
2021-11-26,24555,318256,45712006,5717461
2021-11-27,21361,266145,45733367,5983606
2021-11-28,9887,137053,45743254,6120659
2021-11-29,22304,326050,45765558,6446709
2021-11-30,23064,365811,45788622,6812520
2021-12-01,21500,413489,45810122,7226009
2021-12-02,23736,440379,45833858,7666388
2021-12-03,25201,467439,45859059,8133827
2021-12-04,22330,418718,45881389,8552545
2021-12-05,11900,261327,45893289,8813872
2021-12-06,25789,457554,45919078,9271426
2021-12-07,24094,480237,45943172,9751663
2021-12-08,9979,249674,45953151,10001337
2021-12-09,31534,491902,45984685,10493239
2021-12-10,28023,517852,46012708,11011091
2021-12-11,23526,459234,46036234,11470325
2021-12-12,12284,293488,46048518,11763813
2021-12-13,26115,467610,46074633,12231423
2021-12-14,25139,494179,46099772,12725602
2021-12-15,25288,517118,46125060,13242720
2021-12-16,27834,520223,46152894,13762943
2021-12-17,29302,517145,46182196,14280088
2021-12-18,26985,468702,46209181,14748790
2021-12-19,15116,300509,46224297,15049299
2021-12-20,30572,477456,46254869,15526755
2021-12-21,30312,493360,46285181,16020115
2021-12-22,29394,484686,46314575,16504801
2021-12-23,28180,426886,46342755,16931687
2021-12-24,13098,210812,46355853,17142499
2021-12-25,2101,33052,46357954,17175551
2021-12-26,8742,159061,46366696,17334612
2021-12-27,46706,504640,46413402,17839252
2021-12-28,42378,554180,46455780,18393432
2021-12-29,34237,550631,46490017,18944063
2021-12-30,31747,499803,46521764,19443866
2021-12-31,14076,247390,46535840,19691256
2022-01-01,3484,64811,46539324,19756067
2022-01-02,22695,276714,46562019,20032781
2022-01-03,47694,520002,46609713,20552783
2022-01-04,46198,572061,46655911,21124844
2022-01-05,40591,560371,46696502,21685215
2022-01-06,23386,274475,46719888,21959690
2022-01-07,63504,554171,46783392,22513861
2022-01-08,60650,503365,46844042,23017226
2022-01-09,42675,319679,46886717,23336905
2022-01-10,60905,542261,46947622,23879166
2022-01-11,61512,586970,47009134,24466136
2022-01-12,58246,581266,47067380,25047402
2022-01-13,58388,580362,47125768,25627764
2022-01-14,46575,588550,47172343,26216314
2022-01-15,39110,569924,47211453,26786238
2022-01-16,31029,341847,47242482,27128085
2022-01-17,54610,489640,47297092,27617725
2022-01-18,58234,517000,47355326,28134725
2022-01-19,57052,502770,47412378,28637495
2022-01-20,54194,498799,47466572,29136294
2022-01-21,41911,493852,47508483,29630146
2022-01-22,30998,469583,47539481,30099729
2022-01-23,34809,275360,47574290,30375089
2022-01-24,56076,437200,47630366,30812289
2022-01-25,61433,452078,47691799,31264367
2022-01-26,58434,435805,47750233,31700172
2022-01-27,48742,432347,47798975,32132519
2022-01-28,58552,436516,47857527,32569035
2022-01-29,67985,412470,47925512,32981505
2022-01-30,50293,235960,47975805,33217465
2022-01-31,60478,356915,48036283,33574380
2022-02-01,65426,328419,48101709,33902799
2022-02-02,63078,296948,48164787,34199747
2022-02-03,59961,274506,48224748,34474253
2022-02-04,72274,268432,48297022,34742685
2022-02-05,83664,248519,48380686,34991204
2022-02-06,55224,116187,48435910,35107391
2022-02-07,65066,199925,48500976,35307316
2022-02-08,66863,186099,48567839,35493415
2022-02-09,58688,166326,48626527,35659741
2022-02-10,58484,163228,48685011,35822969
2022-02-11,62163,162447,48747174,35985416
2022-02-12,71910,152132,48819084,36137548
2022-02-13,41441,68848,48860525,36206396
2022-02-14,46630,116179,48907155,36322575
2022-02-15,48467,123476,48955622,36446051
2022-02-16,45629,106105,49001251,36552156
2022-02-17,42830,98095,49044081,36650251
2022-02-18,46566,112564,49090647,36762815
2022-02-19,52494,100325,49143141,36863140
2022-02-20,31403,40358,49174544,36903498
2022-02-21,37870,89637,49212414,36993135
2022-02-22,37179,83764,49249593,37076899
2022-02-23,33361,79400,49282954,37156299
2022-02-24,32534,78157,49315488,37234456
2022-02-25,34729,90701,49350217,37325157
2022-02-26,39130,89130,49389347,37414287
2022-02-27,22535,35855,49411882,37450142
2022-02-28,28449,81688,49440331,37531830
2022-03-01,22675,53932,49463006,37585762
2022-03-02,21977,50625,49484983,37636387
2022-03-03,22580,54937,49507563,37691324
2022-03-04,23200,62788,49530763,37754112
2022-03-05,23764,57949,49554527,37812061
2022-03-06,9468,17199,49563995,37829260
2022-03-07,15884,51386,49579879,37880646
2022-03-08,15432,48796,49595311,37929442
2022-03-09,13785,46510,49609096,37975952
2022-03-10,14012,52114,49623108,38028066
2022-03-11,15548,57245,49638656,38085311
2022-03-12,15476,56612,49654132,38141923
2022-03-13,5540,16848,49659672,38158771
2022-03-14,10511,46689,49670183,38205460
2022-03-15,10518,46891,49680701,38252351
2022-03-16,9460,41975,49690161,38294326
2022-03-17,9690,44872,49699851,38339198
2022-03-18,10143,49045,49709994,38388243
2022-03-19,9135,46530,49719129,38434773
2022-03-20,2603,11699,49721732,38446472
2022-03-21,7563,40217,49729295,38486689
2022-03-22,8430,37743,49737725,38524432
2022-03-23,7197,33695,49744922,38558127
2022-03-24,8239,38789,49753161,38596916
2022-03-25,8109,43659,49761270,38640575
2022-03-26,8117,41715,49769387,38682290
2022-03-27,2424,9683,49771811,38691973
2022-03-28,6093,35227,49777904,38727200
2022-03-29,5771,32522,49783675,38759722
2022-03-30,5549,30193,49789224,38789915
2022-03-31,5874,33166,49795098,38823081
2022-04-01,4338,25178,49799436,38848259
2022-04-02,4485,23269,49803921,38871528
2022-04-03,1045,4499,49804966,38876027
2022-04-04,3648,21532,49808614,38897559
2022-04-05,3743,22922,49812357,38920481
2022-04-06,4091,21835,49816448,38942316
2022-04-07,3947,23317,49820395,38965633
2022-04-08,4679,26707,49825074,38992340
2022-04-09,4372,23879,49829446,39016219
2022-04-10,892,4614,49830338,39020833
2022-04-11,3798,22681,49834136,39043514
2022-04-12,3350,21774,49837486,39065288
2022-04-13,3553,21334,49841039,39086622
2022-04-14,3475,23771,49844514,39110393
2022-04-15,3075,20613,49847589,39131006
2022-04-16,2145,11920,49849734,39142926
2022-04-17,63,348,49849797,39143274
2022-04-18,148,650,49849945,39143924
2022-04-19,3479,21976,49853424,39165900
2022-04-20,3491,20249,49856915,39186149
2022-04-21,2832,19774,49859747,39205923
2022-04-22,2911,20694,49862658,39226617
2022-04-23,2633,16204,49865291,39242821
2022-04-24,509,2335,49865800,39245156
2022-04-25,183,1165,49865983,39246321
2022-04-26,2756,17790,49868739,39264111
2022-04-27,2362,15777,49871101,39279888
2022-04-28,2345,15533,49873446,39295421
2022-04-29,2287,14831,49875733,39310252
2022-04-30,2115,11576,49877848,39321828
2022-05-01,113,530,49877961,39322358
2022-05-02,1442,9380,49879403,39331738
2022-05-03,1569,10306,49880972,39342044
2022-05-04,1744,10254,49882716,39352298
2022-05-05,1646,10273,49884362,39362571
2022-05-06,1693,10942,49886055,39373513
2022-05-07,1430,8562,49887485,39382075
2022-05-08,404,1514,49887889,39383589
2022-05-09,1023,8914,49888912,39392503
2022-05-10,1418,9536,49890330,39402039
2022-05-11,1476,10087,49891806,39412126
2022-05-12,1362,10117,49893168,39422243
2022-05-13,1586,10505,49894754,39432748
2022-05-14,1356,8226,49896110,39440974
2022-05-15,336,1129,49896446,39442103
2022-05-16,808,8386,49897254,39450489
2022-05-17,1239,8665,49898493,39459154
2022-05-18,1368,9207,49899861,39468361
2022-05-19,1496,9265,49901357,39477626
2022-05-20,1419,9488,49902776,39487114
2022-05-21,1299,7891,49904075,39495005
2022-05-22,232,1011,49904307,39496016
2022-05-23,824,8259,49905131,39504275
2022-05-24,1069,8663,49906200,39512938
2022-05-25,1363,9443,49907563,39522381
2022-05-26,1192,9451,49908755,39531832
2022-05-27,1223,9907,49909978,39541739
2022-05-28,1201,7873,49911179,39549612
2022-05-29,285,1263,49911464,39550875
2022-05-30,926,8023,49912390,39558898
2022-05-31,1033,8529,49913423,39567427
2022-06-01,890,7641,49914313,39575068
2022-06-02,34,474,49914347,39575542
2022-06-03,811,7326,49915158,39582868
2022-06-04,869,5155,49916027,39588023
2022-06-05,89,586,49916116,39588609
2022-06-06,663,6960,49916779,39595569
2022-06-07,928,7841,49917707,39603410
2022-06-08,977,7894,49918684,39611304
2022-06-09,1031,8398,49919715,39619702
2022-06-10,949,8534,49920664,39628236
2022-06-11,897,6208,49921561,39634444
2022-06-12,140,767,49921701,39635211
2022-06-13,601,6292,49922302,39641503
2022-06-14,824,7869,49923126,39649372
2022-06-15,949,7842,49924075,39657214
2022-06-16,726,7382,49924801,39664596
2022-06-17,715,7230,49925516,39671826
2022-06-18,774,5587,49926290,39677413
2022-06-19,46,522,49926336,39677935
2022-06-20,586,6690,49926922,39684625
2022-06-21,730,7635,49927652,39692260
2022-06-22,774,7298,49928426,39699558
2022-06-23,646,7452,49929072,39707010
2022-06-24,636,7453,49929708,39714463
2022-06-25,835,6531,49930543,39720994
2022-06-26,128,523,49930671,39721517
2022-06-27,528,7110,49931199,39728627
2022-06-28,741,8187,49931940,39736814
2022-06-29,754,7709,49932694,39744523
2022-06-30,739,8124,49933433,39752647
2022-07-01,575,6435,49934008,39759082
2022-07-02,534,4763,49934542,39763845
2022-07-03,49,455,49934591,39764300
2022-07-04,468,6255,49935059,39770555
2022-07-05,617,8104,49935676,39778659
2022-07-06,621,7571,49936297,39786230
2022-07-07,560,8241,49936857,39794471
2022-07-08,667,8062,49937524,39802533
2022-07-09,548,6101,49938072,39808634
2022-07-10,59,533,49938131,39809167
2022-07-11,473,7622,49938604,39816789
2022-07-12,648,8958,49939252,39825747
2022-07-13,624,10045,49939876,39835792
2022-07-14,618,10165,49940494,39845957
2022-07-15,617,10584,49941111,39856541
2022-07-16,511,7188,49941622,39863729
2022-07-17,48,767,49941670,39864496
2022-07-18,492,9321,49942162,39873817
2022-07-19,557,10597,49942719,39884414
2022-07-20,556,11168,49943275,39895582
2022-07-21,613,11933,49943888,39907515
2022-07-22,552,11129,49944440,39918644
2022-07-23,373,6680,49944813,39925324
2022-07-24,75,832,49944888,39926156
2022-07-25,487,8963,49945375,39935119
2022-07-26,504,9599,49945879,39944718
2022-07-27,528,9851,49946407,39954569
2022-07-28,584,9800,49946991,39964369