data_somministrazione,vaccinazioni,booster,cum_vaccinazioni,cum_booster
2020-12-27,20,0,20,0
2020-12-28,2,0,22,0
2020-12-29,1,0,23,0
2020-12-30,9,0,32,0
2020-12-31,73,0,105,0
2021-01-01,23,0,128,0
2021-01-02,130,0,258,0
2021-01-03,93,0,351,0
2021-01-04,222,0,573,0
2021-01-05,259,0,832,0
2021-01-06,227,0,1059,0
2021-01-07,308,0,1367,0
2021-01-08,355,0,1722,0
2021-01-09,267,0,1989,0
2021-01-10,161,0,2150,0
2021-01-11,290,0,2440,0
2021-01-12,275,0,2715,0
2021-01-13,404,0,3119,0
2021-01-14,489,0,3608,0
2021-01-15,307,0,3915,0
2021-01-16,215,0,4130,0
2021-01-17,3060,0,7190,0
2021-01-18,5215,0,12405,0
2021-01-19,1893,0,14298,0
2021-01-20,4656,0,18954,0
2021-01-21,20005,0,38959,0
2021-01-22,14220,0,53179,0
2021-01-23,33329,0,86508,0
2021-01-24,30781,0,117289,0
2021-01-25,64719,0,182008,0
2021-01-26,76485,0,258493,0
2021-01-27,64824,0,323317,0
2021-01-28,89269,0,412586,0
2021-01-29,94016,0,506602,0
2021-01-30,86549,0,593151,0
2021-01-31,57328,0,650479,0
2021-02-01,81852,0,732331,0
2021-02-02,82140,0,814471,0
2021-02-03,91113,0,905584,0
2021-02-04,95395,0,1000979,0
2021-02-05,90271,0,1091250,0
2021-02-06,63448,0,1154698,0
2021-02-07,32933,0,1187631,0
2021-02-08,40426,0,1228057,0
2021-02-09,32871,0,1260928,0
2021-02-10,28429,0,1289357,0
2021-02-11,20403,0,1309760,0
2021-02-12,16240,0,1326000,0
2021-02-13,7274,0,1333274,0
2021-02-14,2862,0,1336136,0
2021-02-15,6844,0,1342980,0
2021-02-16,7002,0,1349982,0
2021-02-17,10525,0,1360507,0
2021-02-18,9252,0,1369759,0
2021-02-19,8251,0,1378010,0
2021-02-20,5569,0,1383579,0
2021-02-21,3005,0,1386584,0
2021-02-22,6884,0,1393468,0
2021-02-23,7179,0,1400647,0
2021-02-24,9808,0,1410455,0
2021-02-25,14211,0,1424666,0
2021-02-26,17556,0,1442222,0
2021-02-27,13914,0,1456136,0
2021-02-28,9389,0,1465525,0
2021-03-01,26517,0,1492042,0
2021-03-02,33245,0,1525287,0
2021-03-03,44647,0,1569934,0
2021-03-04,50292,0,1620226,0
2021-03-05,55733,0,1675959,0
2021-03-06,41871,0,1717830,0
2021-03-07,22322,0,1740152,0
2021-03-08,50825,0,1790977,0
2021-03-09,53077,0,1844054,0
2021-03-10,58658,0,1902712,0
2021-03-11,63872,0,1966584,0
2021-03-12,65114,0,2031698,0
2021-03-13,51724,0,2083422,0
2021-03-14,35405,0,2118827,0
2021-03-15,73447,0,2192274,0
2021-03-16,74026,0,2266300,0
2021-03-17,83133,0,2349433,0
2021-03-18,81629,0,2431062,0
2021-03-19,81083,0,2512145,0
2021-03-20,64726,0,2576871,0
2021-03-21,47305,0,2624176,0
2021-03-22,69488,0,2693664,0
2021-03-23,75807,0,2769471,0
2021-03-24,90916,0,2860387,0
2021-03-25,89814,0,2950201,0
2021-03-26,83633,0,3033834,0
2021-03-27,71945,0,3105779,0
2021-03-28,44152,0,3149931,0
2021-03-29,70833,0,3220764,0
2021-03-30,81393,0,3302157,0
2021-03-31,96246,0,3398403,0
2021-04-01,95311,0,3493714,0
2021-04-02,84075,0,3577789,0
2021-04-03,64307,0,3642096,0
2021-04-04,21718,0,3663814,0
2021-04-05,40317,0,3704131,0
2021-04-06,81324,0,3785455,0
2021-04-07,95833,0,3881288,0
2021-04-08,95245,0,3976533,0
2021-04-09,88494,0,4065027,0
2021-04-10,74031,0,4139058,0
2021-04-11,44765,0,4183823,0
2021-04-12,66917,0,4250740,0
2021-04-13,72581,0,4323321,0
2021-04-14,85545,0,4408866,0
2021-04-15,105414,0,4514280,0
2021-04-16,106421,0,4620701,0
2021-04-17,90521,0,4711222,0
2021-04-18,58595,0,4769817,0
2021-04-19,93432,0,4863249,0
2021-04-20,103772,0,4967021,0
2021-04-21,125345,0,5092366,0
2021-04-22,143521,0,5235887,0
2021-04-23,138746,0,5374633,0
2021-04-24,124447,0,5499080,0
2021-04-25,61457,0,5560537,0
2021-04-26,97896,0,5658433,0
2021-04-27,128363,0,5786796,0
2021-04-28,156377,0,5943173,0
2021-04-29,195600,0,6138773,0
2021-04-30,214590,0,6353363,0
2021-05-01,174125,0,6527488,0
2021-05-02,135806,0,6663294,0
2021-05-03,142048,0,6805342,0
2021-05-04,158696,0,6964038,0
2021-05-05,170513,0,7134551,0
2021-05-06,197811,0,7332362,0
2021-05-07,213851,0,7546213,0
2021-05-08,213423,0,7759636,0
2021-05-09,143206,0,7902842,0
2021-05-10,165088,0,8067930,0
2021-05-11,174997,0,8242927,0
2021-05-12,179191,0,8422118,0
2021-05-13,203397,0,8625515,0
2021-05-14,222926,0,8848441,0
2021-05-15,210374,0,9058815,0
2021-05-16,159280,0,9218095,0
2021-05-17,219206,0,9437301,0
2021-05-18,213024,0,9650325,0
2021-05-19,207092,0,9857417,0
2021-05-20,270873,0,10128290,0
2021-05-21,270904,0,10399194,0
2021-05-22,245531,0,10644725,0
2021-05-23,197184,0,10841909,0
2021-05-24,228310,0,11070219,0
2021-05-25,245699,0,11315918,0
2021-05-26,277510,0,11593428,0
2021-05-27,311091,0,11904519,0
2021-05-28,299579,0,12204098,0
2021-05-29,231236,0,12435334,0
2021-05-30,170843,0,12606177,0
2021-05-31,216430,0,12822607,0
2021-06-01,207639,0,13030246,0
2021-06-02,115805,0,13146051,0
2021-06-03,180159,0,13326210,0
2021-06-04,184893,0,13511103,0
2021-06-05,185972,0,13697075,0
2021-06-06,139558,0,13836633,0
2021-06-07,161882,0,13998515,0
2021-06-08,171246,0,14169761,0
2021-06-09,171499,0,14341260,0
2021-06-10,174121,0,14515381,0
2021-06-11,169996,0,14685377,0
2021-06-12,128342,0,14813719,0
2021-06-13,91204,0,14904923,0
2021-06-14,214693,0,15119616,0
2021-06-15,228433,0,15348049,0
2021-06-16,253088,0,15601137,0
2021-06-17,301747,0,15902884,0
2021-06-18,306311,0,16209195,0
2021-06-19,275103,0,16484298,0
2021-06-20,220799,0,16705097,0
2021-06-21,288080,0,16993177,0
2021-06-22,296233,0,17289410,0
2021-06-23,302694,0,17592104,0
2021-06-24,332614,0,17924718,0
2021-06-25,348717,0,18273435,0
2021-06-26,300129,0,18573564,0
2021-06-27,228678,0,18802242,0
2021-06-28,307114,0,19109356,0
2021-06-29,329313,0,19438669,0
2021-06-30,342180,0,19780849,0
2021-07-01,363230,0,20144079,0
2021-07-02,368488,0,20512567,0
2021-07-03,371097,0,20883664,0
2021-07-04,283221,0,21166885,0
2021-07-05,384550,0,21551435,0
2021-07-06,385483,0,21936918,0
2021-07-07,412122,0,22349040,0
2021-07-08,479601,0,22828641,0
2021-07-09,498484,0,23327125,0
2021-07-10,475178,0,23802303,0
2021-07-11,357703,0,24160006,0
2021-07-12,485897,0,24645903,0
2021-07-13,492105,0,25138008,0
2021-07-14,480457,0,25618465,0
2021-07-15,523448,0,26141913,0
2021-07-16,509764,0,26651677,0
2021-07-17,464336,0,27116013,0
2021-07-18,364647,0,27480660,0
2021-07-19,463051,0,27943711,0
2021-07-20,458059,0,28401770,0
2021-07-21,462797,0,28864567,0
2021-07-22,475391,0,29339958,0
2021-07-23,441330,0,29781288,0
2021-07-24,386158,0,30167446,0
2021-07-25,287561,0,30455007,0
2021-07-26,430890,0,30885897,0
2021-07-27,440131,0,31326028,0
2021-07-28,391018,0,31717046,0
2021-07-29,372082,0,32089128,0
2021-07-30,341520,0,32430648,0
2021-07-31,287035,0,32717683,0
2021-08-01,190999,0,32908682,0
2021-08-02,333701,0,33242383,0
2021-08-03,323194,0,33565577,0
2021-08-04,310982,0,33876559,0
2021-08-05,292495,0,34169054,0
2021-08-06,260020,0,34429074,0
2021-08-07,199053,0,34628127,0
2021-08-08,153109,0,34781236,0
2021-08-09,234079,0,35015315,0
2021-08-10,205258,0,35220573,0
2021-08-11,193780,0,35414353,0
2021-08-12,168039,0,35582392,0
2021-08-13,148643,0,35731035,0
2021-08-14,66095,0,35797130,0
2021-08-15,26339,0,35823469,0
2021-08-16,114706,0,35938175,0
2021-08-17,129254,0,36067429,0
2021-08-18,128754,0,36196183,0
2021-08-19,124830,0,36321013,0
2021-08-20,123791,0,36444804,0
2021-08-21,83132,0,36527936,0
2021-08-22,68172,0,36596108,0
2021-08-23,176870,0,36772978,0
2021-08-24,156895,0,36929873,0
2021-08-25,177169,0,37107042,0
2021-08-26,172365,0,37279407,0
2021-08-27,185833,0,37465240,0
2021-08-28,140285,0,37605525,0
2021-08-29,98990,0,37704515,0
2021-08-30,209594,0,37914109,0
2021-08-31,194645,0,38108754,0
2021-09-01,192206,0,38300960,0
2021-09-02,189931,0,38490891,0
2021-09-03,191293,0,38682184,0
2021-09-04,131462,0,38813646,0
2021-09-05,87853,0,38901499,0
2021-09-06,193625,0,39095124,0
2021-09-07,196033,0,39291157,0
2021-09-08,187878,0,39479035,0
2021-09-09,201442,0,39680477,0
2021-09-10,198073,0,39878550,0
2021-09-11,141296,0,40019846,0
2021-09-12,89594,0,40109440,0
2021-09-13,191124,612,40300564,612
2021-09-14,177227,622,40477791,1234
2021-09-15,163095,626,40640886,1860
2021-09-16,160067,970,40800953,2830
2021-09-17,150172,1145,40951125,3975
2021-09-18,127981,761,41079106,4736
2021-09-19,81140,502,41160246,5238
2021-09-20,180071,9108,41340317,14346
2021-09-21,166659,8847,41506976,23193
2021-09-22,159101,9450,41666077,32643
2021-09-23,138085,9345,41804162,41988
2021-09-24,140551,8986,41944713,50974
2021-09-25,119563,5657,42064276,56631
2021-09-26,71981,4352,42136257,60983
2021-09-27,135664,10068,42271921,71051
2021-09-28,117508,11413,42389429,82464
2021-09-29,112358,11842,42501787,94306
2021-09-30,110268,14969,42612055,109275
2021-10-01,94994,19123,42707049,128398
2021-10-02,78512,14033,42785561,142431
2021-10-03,47751,7665,42833312,150096
2021-10-04,88385,34468,42921697,184564
2021-10-05,80379,34003,43002076,218567
2021-10-06,71996,34192,43074072,252759
2021-10-07,71871,34363,43145943,287122
2021-10-08,80630,33612,43226573,320734
2021-10-09,76104,22187,43302677,342921
2021-10-10,45782,13625,43348459,356546
2021-10-11,87442,41123,43435901,397669
2021-10-12,84507,46923,43520408,444592
2021-10-13,88210,52139,43608618,496731
2021-10-14,91546,58543,43700164,555274
2021-10-15,93594,55658,43793758,610932
2021-10-16,82972,36810,43876730,647742
2021-10-17,51460,23848,43928190,671590
2021-10-18,90302,59504,44018492,731094
2021-10-19,78349,69395,44096841,800489
2021-10-20,75069,78195,44171910,878684
2021-10-21,78303,81783,44250213,960467
2021-10-22,73781,77060,44323994,1037527
2021-10-23,60831,51967,44384825,1089494
2021-10-24,33371,23473,44418196,1112967
2021-10-25,64907,81646,44483103,1194613
2021-10-26,58374,91821,44541477,1286434
2021-10-27,58329,104015,44599806,1390449
2021-10-28,61453,114141,44661259,1504590
2021-10-29,61638,103163,44722897,1607753
2021-10-30,50676,68133,44773573,1675886
2021-10-31,25162,28304,44798735,1704190
2021-11-01,19048,28157,44817783,1732347
2021-11-02,62743,89422,44880526,1821769
2021-11-03,60727,118682,44941253,1940451
2021-11-04,59246,126685,45000499,2067136
2021-11-05,63095,135210,45063594,2202346
2021-11-06,46483,90935,45110077,2293281
2021-11-07,22253,37900,45132330,2331181
2021-11-08,51529,131291,45183859,2462472
2021-11-09,45400,144225,45229259,2606697
2021-11-10,42589,156364,45271848,2763061
2021-11-11,44931,155156,45316779,2918217
2021-11-12,46318,158659,45363097,3076876
2021-11-13,33266,116666,45396363,3193542
2021-11-14,14492,52456,45410855,3245998
2021-11-15,36909,157440,45447764,3403438
2021-11-16,30561,171398,45478325,3574836
2021-11-17,28468,178452,45506793,3753288
2021-11-18,30289,193746,45537082,3947034
2021-11-19,28812,205874,45565894,4152908
2021-11-20,21003,156455,45586897,4309363
2021-11-21,10611,64866,45597508,4374229
2021-11-22,21948,213160,45619456,4587389
2021-11-23,23592,241766,45643048,4829155
2021-11-24,27796,271032,45670844,5100187
2021-11-25,23248,301929,45694092,5402116
2021-11-26,24588,318289,45718680,5720405
2021-11-27,21394,266166,45740074,5986571
2021-11-28,9903,137064,45749977,6123635
2021-11-29,22354,326074,45772331,6449709
2021-11-30,23108,365853,45795439,6815562
2021-12-01,21533,413513,45816972,7229075
2021-12-02,23774,440431,45840746,7669506
2021-12-03,25268,467503,45866014,8137009
2021-12-04,22383,418787,45888397,8555796
2021-12-05,11939,261358,45900336,8817154
2021-12-06,25834,457621,45926170,9274775
2021-12-07,24153,480290,45950323,9755065
2021-12-08,10020,249715,45960343,10004780
2021-12-09,31609,491952,45991952,10496732
2021-12-10,28084,517917,46020036,11014649
2021-12-11,23581,459266,46043617,11473915
2021-12-12,12312,293521,46055929,11767436
2021-12-13,26169,467644,46082098,12235080
2021-12-14,25191,494225,46107289,12729305
2021-12-15,25357,517182,46132646,13246487
2021-12-16,27907,520286,46160553,13766773
2021-12-17,29379,517199,46189932,14283972
2021-12-18,27081,468762,46217013,14752734
2021-12-19,15161,300539,46232174,15053273
2021-12-20,30653,477498,46262827,15530771
2021-12-21,30404,493416,46293231,16024187
2021-12-22,29471,484736,46322702,16508923
2021-12-23,28267,426930,46350969,16935853
2021-12-24,13121,210836,46364090,17146689
2021-12-25,2103,33053,46366193,17179742
2021-12-26,8769,159074,46374962,17338816
2021-12-27,46822,504680,46421784,17843496
2021-12-28,42487,554234,46464271,18397730
2021-12-29,34379,550663,46498650,18948393
2021-12-30,31867,499849,46530517,19448242
2021-12-31,14133,247404,46544650,19695646
2022-01-01,3499,64815,46548149,19760461
2022-01-02,22802,276722,46570951,20037183
2022-01-03,47900,520029,46618851,20557212
2022-01-04,46423,572099,46665274,21129311
2022-01-05,40795,560407,46706069,21689718
2022-01-06,23513,274491,46729582,21964209
2022-01-07,63750,554208,46793332,22518417
2022-01-08,60921,503405,46854253,23021822
2022-01-09,42911,319695,46897164,23341517
2022-01-10,61144,542315,46958308,23883832
2022-01-11,61784,587016,47020092,24470848
2022-01-12,58505,581299,47078597,25052147
2022-01-13,58663,580415,47137260,25632562
2022-01-14,46869,588599,47184129,26221161
2022-01-15,39477,569967,47223606,26791128
2022-01-16,31272,341884,47254878,27133012
2022-01-17,54818,489676,47309696,27622688
2022-01-18,58433,517040,47368129,28139728
2022-01-19,57241,502810,47425370,28642538
2022-01-20,54377,498840,47479747,29141378
2022-01-21,42135,493886,47521882,29635264
2022-01-22,31240,469609,47553122,30104873
2022-01-23,34952,275385,47588074,30380258
2022-01-24,56197,437236,47644271,30817494
2022-01-25,61574,452119,47705845,31269613
2022-01-26,58564,435837,47764409,31705450
2022-01-27,48862,432387,47813271,32137837
2022-01-28,58725,436552,47871996,32574389
2022-01-29,68157,412501,47940153,32986890
2022-01-30,50397,235977,47990550,33222867
2022-01-31,60661,356938,48051211,33579805
2022-02-01,65575,328453,48116786,33908258
2022-02-02,63223,296981,48180009,34205239
2022-02-03,60071,274522,48240080,34479761
2022-02-04,72392,268464,48312472,34748225
2022-02-05,83795,248540,48396267,34996765
2022-02-06,55300,116207,48451567,35112972
2022-02-07,65163,199941,48516730,35312913
2022-02-08,66935,186118,48583665,35499031
2022-02-09,58768,166335,48642433,35665366
2022-02-10,58588,163239,48701021,35828605
2022-02-11,62259,162466,48763280,35991071
2022-02-12,71990,152147,48835270,36143218
2022-02-13,41474,68853,48876744,36212071
2022-02-14,46699,116187,48923443,36328258
2022-02-15,48544,123479,48971987,36451737
2022-02-16,45679,106122,49017666,36557859
2022-02-17,42868,98114,49060534,36655973
2022-02-18,46626,112579,49107160,36768552
2022-02-19,52541,100334,49159701,36868886
2022-02-20,31410,40366,49191111,36909252
2022-02-21,37888,89653,49228999,36998905
2022-02-22,37224,83777,49266223,37082682
2022-02-23,33397,79409,49299620,37162091
2022-02-24,32556,78160,49332176,37240251
2022-02-25,34763,90709,49366939,37330960
2022-02-26,39157,89135,49406096,37420095
2022-02-27,22545,35857,49428641,37455952
2022-02-28,28481,81690,49457122,37537642
2022-03-01,22721,53942,49479843,37591584
2022-03-02,21954,50683,49501797,37642267
2022-03-03,22620,54947,49524417,37697214
2022-03-04,23234,62798,49547651,37760012
2022-03-05,23799,57951,49571450,37817963
2022-03-06,9471,17201,49580921,37835164
2022-03-07,15918,51389,49596839,37886553
2022-03-08,15477,48796,49612316,37935349
2022-03-09,13812,46519,49626128,37981868
2022-03-10,14050,52119,49640178,38033987
2022-03-11,15584,57265,49655762,38091252
2022-03-12,15505,56618,49671267,38147870
2022-03-13,5544,16850,49676811,38164720
2022-03-14,10525,46699,49687336,38211419
2022-03-15,10548,46894,49697884,38258313
2022-03-16,9482,41973,49707366,38300286
2022-03-17,9717,44873,49717083,38345159
2022-03-18,10158,49057,49727241,38394216
2022-03-19,9150,46533,49736391,38440749
2022-03-20,2609,11702,49739000,38452451
2022-03-21,7579,40223,49746579,38492674
2022-03-22,8448,37758,49755027,38530432
2022-03-23,7214,33700,49762241,38564132
2022-03-24,8258,38804,49770499,38602936
2022-03-25,8139,43667,49778638,38646603
2022-03-26,8126,41721,49786764,38688324
2022-03-27,2430,9682,49789194,38698006
2022-03-28,6108,35238,49795302,38733244
2022-03-29,5777,32528,49801079,38765772
2022-03-30,5566,30201,49806645,38795973
2022-03-31,5897,33179,49812542,38829152
2022-04-01,4348,25189,49816890,38854341
2022-04-02,4494,23273,49821384,38877614
2022-04-03,1049,4500,49822433,38882114
2022-04-04,3657,21544,49826090,38903658
2022-04-05,3756,22931,49829846,38926589
2022-04-06,4103,21853,49833949,38948442
2022-04-07,3965,23320,49837914,38971762
2022-04-08,4692,26712,49842606,38998474
2022-04-09,4383,23885,49846989,39022359
2022-04-10,892,4613,49847881,39026972
2022-04-11,3815,22685,49851696,39049657
2022-04-12,3364,21777,49855060,39071434
2022-04-13,3567,21335,49858627,39092769
2022-04-14,3486,23786,49862113,39116555
2022-04-15,3084,20617,49865197,39137172
2022-04-16,2149,11918,49867346,39149090
2022-04-17,63,348,49867409,39149438
2022-04-18,152,650,49867561,39150088
2022-04-19,3499,21979,49871060,39172067
2022-04-20,3511,20251,49874571,39192318
2022-04-21,2847,19787,49877418,39212105
2022-04-22,2927,20703,49880345,39232808
2022-04-23,2644,16219,49882989,39249027
2022-04-24,509,2334,49883498,39251361
2022-04-25,183,1165,49883681,39252526
2022-04-26,2759,17806,49886440,39270332
2022-04-27,2374,15793,49888814,39286125
2022-04-28,2359,15559,49891173,39301684
2022-04-29,2294,14844,49893467,39316528
2022-04-30,2123,11580,49895590,39328108
2022-05-01,113,531,49895703,39328639
2022-05-02,1450,9391,49897153,39338030
2022-05-03,1576,10318,49898729,39348348
2022-05-04,1745,10268,49900474,39358616
2022-05-05,1653,10285,49902127,39368901
2022-05-06,1702,10956,49903829,39379857
2022-05-07,1431,8567,49905260,39388424
2022-05-08,416,1519,49905676,39389943
2022-05-09,1027,8928,49906703,39398871
2022-05-10,1424,9546,49908127,39408417
2022-05-11,1483,10097,49909610,39418514
2022-05-12,1370,10130,49910980,39428644
2022-05-13,1594,10517,49912574,39439161
2022-05-14,1357,8235,49913931,39447396
2022-05-15,336,1131,49914267,39448527
2022-05-16,813,8405,49915080,39456932
2022-05-17,1243,8696,49916323,39465628
2022-05-18,1372,9232,49917695,39474860
2022-05-19,1500,9277,49919195,39484137
2022-05-20,1421,9514,49920616,39493651
2022-05-21,1301,7899,49921917,39501550
2022-05-22,231,1013,49922148,39502563
2022-05-23,830,8267,49922978,39510830
2022-05-24,1073,8672,49924051,39519502
2022-05-25,1369,9459,49925420,39528961
2022-05-26,1195,9475,49926615,39538436
2022-05-27,1232,9912,49927847,39548348
2022-05-28,1205,7885,49929052,39556233
2022-05-29,286,1266,49929338,39557499
2022-05-30,931,8055,49930269,39565554
2022-05-31,1036,8546,49931305,39574100
2022-06-01,891,7655,49932196,39581755
2022-06-02,35,474,49932231,39582229
2022-06-03,818,7333,49933049,39589562
2022-06-04,870,5162,49933919,39594724
2022-06-05,89,586,49934008,39595310
2022-06-06,678,6991,49934686,39602301
2022-06-07,952,7848,49935638,39610149
2022-06-08,982,7908,49936620,39618057
2022-06-09,1037,8414,49937657,39626471
2022-06-10,958,8564,49938615,39635035
2022-06-11,903,6207,49939518,39641242
2022-06-12,140,768,49939658,39642010
2022-06-13,602,6301,49940260,39648311
2022-06-14,828,7896,49941088,39656207
2022-06-15,955,7852,49942043,39664059
2022-06-16,730,7392,49942773,39671451
2022-06-17,723,7243,49943496,39678694
2022-06-18,777,5593,49944273,39684287
2022-06-19,47,522,49944320,39684809
2022-06-20,587,6699,49944907,39691508
2022-06-21,736,7665,49945643,39699173
2022-06-22,781,7308,49946424,39706481
2022-06-23,651,7467,49947075,39713948
2022-06-24,644,7474,49947719,39721422
2022-06-25,835,6534,49948554,39727956
2022-06-26,128,523,49948682,39728479
2022-06-27,532,7123,49949214,39735602
2022-06-28,745,8206,49949959,39743808
2022-06-29,756,7729,49950715,39751537
2022-06-30,746,8143,49951461,39759680
2022-07-01,577,6443,49952038,39766123
2022-07-02,536,4769,49952574,39770892
2022-07-03,49,456,49952623,39771348
2022-07-04,469,6277,49953092,39777625
2022-07-05,629,8118,49953721,39785743
2022-07-06,633,7610,49954354,39793353
2022-07-07,571,8270,49954925,39801623
2022-07-08,673,8083,49955598,39809706
2022-07-09,550,6104,49956148,39815810
2022-07-10,58,533,49956206,39816343
2022-07-11,487,7638,49956693,39823981
2022-07-12,667,9027,49957360,39833008
2022-07-13,641,10067,49958001,39843075
2022-07-14,635,10224,49958636,39853299
2022-07-15,625,10667,49959261,39863966
2022-07-16,522,7214,49959783,39871180
2022-07-17,48,770,49959831,39871950
2022-07-18,497,9368,49960328,39881318
2022-07-19,574,10682,49960902,39892000
2022-07-20,580,11272,49961482,39903272
2022-07-21,627,12085,49962109,39915357
2022-07-22,583,11258,49962692,39926615
2022-07-23,380,6772,49963072,39933387
2022-07-24,76,857,49963148,39934244
2022-07-25,503,9052,49963651,39943296
2022-07-26,519,9758,49964170,39953054
2022-07-27,551,10200,49964721,39963254
2022-07-28,530,10529,49965251,39973783
2022-07-29,510,9465,49965761,39983248
2022-07-30,381,5881,49966142,39989129
2022-07-31,49,764,49966191,39989893
2022-08-01,386,6864,49966577,39996757
2022-08-02,539,7584,49967116,40004341
2022-08-03,513,7174,49967629,40011515
2022-08-04,455,7488,49968084,40019003
2022-08-05,420,6519,49968504,40025522
2022-08-06,298,3612,49968802,40029134
2022-08-07,44,562,49968846,40029696
2022-08-08,402,4893,49969248,40034589
2022-08-09,382,5307,49969630,40039896
2022-08-10,381,4814,49970011,40044710
2022-08-11,366,4777,49970377,40049487
2022-08-12,292,3721,49970669,40053208
2022-08-13,143,1600,49970812,40054808
2022-08-14,9,129,49970821,40054937
2022-08-15,1,26,49970822,40054963
2022-08-16,283,3043,49971105,40058006
2022-08-17,352,3536,49971457,40061542
2022-08-18,390,4160,49971847,40065702
2022-08-19,340,3318,49972187,40069020
2022-08-20,183,1715,49972370,40070735
2022-08-21,24,149,49972394,40070884
2022-08-22,329,2950,49972723,40073834
2022-08-23,370,3672,49973093,40077506
2022-08-24,383,3359,49973476,40080865
2022-08-25,421,3772,49973897,40084637
2022-08-26,396,3571,49974293,40088208
2022-08-27,237,1769,49974530,40089977
2022-08-28,29,267,49974559,40090244
2022-08-29,354,3161,49974913,40093405
2022-08-30,403,3670,49975316,40097075
2022-08-31,437,3734,49975753,40100809
2022-09-01,352,3117,49976105,40103926
2022-09-02,296,2890,49976401,40106816
2022-09-03,199,1688,49976600,40108504
2022-09-04,23,149,49976623,40108653
2022-09-05,186,2655,49976809,40111308
2022-09-06,303,2988,49977112,40114296
2022-09-07,540,2935,49977652,40117231
2022-09-08,291,2960,49977943,40120191
2022-09-09,304,2884,49978247,40123075
2022-09-10,227,1326,49978474,40124401
2022-09-11,21,124,49978495,40124525
2022-09-12,267,2263,49978762,40126788
2022-09-13,252,2274,49979014,40129062
2022-09-14,263,2564,49979277,40131626
2022-09-15,280,2491,49979557,40134117
2022-09-16,253,2544,49979810,40136661
2022-09-17,239,1339,49980049,40138000
2022-09-18,20,170,49980069,40138170
2022-09-19,205,1969,49980274,40140139
2022-09-20,236,2384,49980510,40142523
2022-09-21,289,2526,49980799,40145049
2022-09-22,263,2647,49981062,40147696
2022-09-23,257,2533,49981319,40150229
2022-09-24,193,1427,49981512,40151656
2022-09-25,28,133,49981540,40151789
2022-09-26,280,2247,49981820,40154036
2022-09-27,286,2671,49982106,40156707
2022-09-28,308,2888,49982414,40159595
2022-09-29,256,3045,49982670,40162640
2022-09-30,290,2972,49982960,40165612
2022-10-01,193,1513,49983153,40167125
2022-10-02,11,187,49983164,40167312
2022-10-03,181,2470,49983345,40169782
2022-10-04,235,2858,49983580,40172640
2022-10-05,224,3215,49983804,40175855
2022-10-06,241,3836,49984045,40179691
2022-10-07,282,4158,49984327,40183849
2022-10-08,200,2235,49984527,40186084
2022-10-09,8,304,49984535,40186388
2022-10-10,206,3336,49984741,40189724
2022-10-11,191,4345,49984932,40194069
2022-10-12,208,4414,49985140,40198483
2022-10-13,200,5289,49985340,40203772
2022-10-14,229,5013,49985569,40208785
2022-10-15,187,2665,49985756,40211450
2022-10-16,6,358,49985762,40211808
2022-10-17,186,3859,49985948,40215667
2022-10-18,255,4945,49986203,40220612
2022-10-19,236,5435,49986439,40226047
2022-10-20,221,5960,49986660,40232007
2022-10-21,250,5418,49986910,40237425
2022-10-22,194,2903,49987104,40240328
2022-10-23,13,356,49987117,40240684
2022-10-24,170,3894,49987287,40244578
2022-10-25,247,4865,49987534,40249443
2022-10-26,308,5386,49987842,40254829
2022-10-27,236,5552,49988078,40260381
2022-10-28,198,5073,49988276,40265454
2022-10-29,126,2545,49988402,40267999
2022-10-30,3,281,49988405,40268280
2022-10-31,114,2991,49988519,40271271
2022-11-01,10,326,49988529,40271597
2022-11-02,139,3503,49988668,40275100
2022-11-03,163,4476,49988831,40279576
2022-11-04,134,2378,49988965,40281954