data_somministrazione,vaccinazioni,booster,cum_vaccinazioni,cum_booster
2020-12-27,19,0,19,0
2020-12-28,2,0,21,0
2020-12-29,1,0,22,0
2020-12-30,6,0,28,0
2020-12-31,67,0,95,0
2021-01-01,22,0,117,0
2021-01-02,107,0,224,0
2021-01-03,79,0,303,0
2021-01-04,200,0,503,0
2021-01-05,236,0,739,0
2021-01-06,197,0,936,0
2021-01-07,289,0,1225,0
2021-01-08,335,0,1560,0
2021-01-09,246,0,1806,0
2021-01-10,145,0,1951,0
2021-01-11,268,0,2219,0
2021-01-12,265,0,2484,0
2021-01-13,388,0,2872,0
2021-01-14,476,0,3348,0
2021-01-15,298,0,3646,0
2021-01-16,203,0,3849,0
2021-01-17,3057,0,6906,0
2021-01-18,5209,0,12115,0
2021-01-19,1892,0,14007,0
2021-01-20,4653,0,18660,0
2021-01-21,19998,0,38658,0
2021-01-22,14200,0,52858,0
2021-01-23,33330,0,86188,0
2021-01-24,30788,0,116976,0
2021-01-25,64726,0,181702,0
2021-01-26,76498,0,258200,0
2021-01-27,64837,0,323037,0
2021-01-28,89291,0,412328,0
2021-01-29,94021,0,506349,0
2021-01-30,86566,0,592915,0
2021-01-31,57336,0,650251,0
2021-02-01,81869,0,732120,0
2021-02-02,82146,0,814266,0
2021-02-03,91191,0,905457,0
2021-02-04,95395,0,1000852,0
2021-02-05,90274,0,1091126,0
2021-02-06,63450,0,1154576,0
2021-02-07,32928,0,1187504,0
2021-02-08,40431,0,1227935,0
2021-02-09,32864,0,1260799,0
2021-02-10,28422,0,1289221,0
2021-02-11,20391,0,1309612,0
2021-02-12,16230,0,1325842,0
2021-02-13,7252,0,1333094,0
2021-02-14,2861,0,1335955,0
2021-02-15,6837,0,1342792,0
2021-02-16,6994,0,1349786,0
2021-02-17,10519,0,1360305,0
2021-02-18,9247,0,1369552,0
2021-02-19,8240,0,1377792,0
2021-02-20,5544,0,1383336,0
2021-02-21,2986,0,1386322,0
2021-02-22,6883,0,1393205,0
2021-02-23,7164,0,1400369,0
2021-02-24,9825,0,1410194,0
2021-02-25,14203,0,1424397,0
2021-02-26,17553,0,1441950,0
2021-02-27,13904,0,1455854,0
2021-02-28,9386,0,1465240,0
2021-03-01,26507,0,1491747,0
2021-03-02,33238,0,1524985,0
2021-03-03,44642,0,1569627,0
2021-03-04,50288,0,1619915,0
2021-03-05,55734,0,1675649,0
2021-03-06,41877,0,1717526,0
2021-03-07,22325,0,1739851,0
2021-03-08,50796,0,1790647,0
2021-03-09,53060,0,1843707,0
2021-03-10,58631,0,1902338,0
2021-03-11,63844,0,1966182,0
2021-03-12,65097,0,2031279,0
2021-03-13,51707,0,2082986,0
2021-03-14,35387,0,2118373,0
2021-03-15,73424,0,2191797,0
2021-03-16,74023,0,2265820,0
2021-03-17,83130,0,2348950,0
2021-03-18,81620,0,2430570,0
2021-03-19,81080,0,2511650,0
2021-03-20,64712,0,2576362,0
2021-03-21,47285,0,2623647,0
2021-03-22,69473,0,2693120,0
2021-03-23,75781,0,2768901,0
2021-03-24,90891,0,2859792,0
2021-03-25,89787,0,2949579,0
2021-03-26,83602,0,3033181,0
2021-03-27,71924,0,3105105,0
2021-03-28,44131,0,3149236,0
2021-03-29,70809,0,3220045,0
2021-03-30,81366,0,3301411,0
2021-03-31,96216,0,3397627,0
2021-04-01,95294,0,3492921,0
2021-04-02,84066,0,3576987,0
2021-04-03,64297,0,3641284,0
2021-04-04,21717,0,3663001,0
2021-04-05,40300,0,3703301,0
2021-04-06,81303,0,3784604,0
2021-04-07,95809,0,3880413,0
2021-04-08,95227,0,3975640,0
2021-04-09,88484,0,4064124,0
2021-04-10,74026,0,4138150,0
2021-04-11,44756,0,4182906,0
2021-04-12,66908,0,4249814,0
2021-04-13,72562,0,4322376,0
2021-04-14,85520,0,4407896,0
2021-04-15,105403,0,4513299,0
2021-04-16,106411,0,4619710,0
2021-04-17,90493,0,4710203,0
2021-04-18,58583,0,4768786,0
2021-04-19,93424,0,4862210,0
2021-04-20,103758,0,4965968,0
2021-04-21,125330,0,5091298,0
2021-04-22,143501,0,5234799,0
2021-04-23,138716,0,5373515,0
2021-04-24,124436,0,5497951,0
2021-04-25,61451,0,5559402,0
2021-04-26,97878,0,5657280,0
2021-04-27,128353,0,5785633,0
2021-04-28,156353,0,5941986,0
2021-04-29,195580,0,6137566,0
2021-04-30,214556,0,6352122,0
2021-05-01,174089,0,6526211,0
2021-05-02,135796,0,6662007,0
2021-05-03,142005,0,6804012,0
2021-05-04,158676,0,6962688,0
2021-05-05,170473,0,7133161,0
2021-05-06,197791,0,7330952,0
2021-05-07,213809,0,7544761,0
2021-05-08,213385,0,7758146,0
2021-05-09,143193,0,7901339,0
2021-05-10,165082,0,8066421,0
2021-05-11,174960,0,8241381,0
2021-05-12,179160,0,8420541,0
2021-05-13,203360,0,8623901,0
2021-05-14,222893,0,8846794,0
2021-05-15,210341,0,9057135,0
2021-05-16,159266,0,9216401,0
2021-05-17,219175,0,9435576,0
2021-05-18,213001,0,9648577,0
2021-05-19,207065,0,9855642,0
2021-05-20,270834,0,10126476,0
2021-05-21,270862,0,10397338,0
2021-05-22,245515,0,10642853,0
2021-05-23,197171,0,10840024,0
2021-05-24,228292,0,11068316,0
2021-05-25,245684,0,11314000,0
2021-05-26,277477,0,11591477,0
2021-05-27,311075,0,11902552,0
2021-05-28,299563,0,12202115,0
2021-05-29,231198,0,12433313,0
2021-05-30,170826,0,12604139,0
2021-05-31,216411,0,12820550,0
2021-06-01,207625,0,13028175,0
2021-06-02,115774,0,13143949,0
2021-06-03,180111,0,13324060,0
2021-06-04,184857,0,13508917,0
2021-06-05,185935,0,13694852,0
2021-06-06,139515,0,13834367,0
2021-06-07,161840,0,13996207,0
2021-06-08,171170,0,14167377,0
2021-06-09,171443,0,14338820,0
2021-06-10,174042,0,14512862,0
2021-06-11,169941,0,14682803,0
2021-06-12,128306,0,14811109,0
2021-06-13,91141,0,14902250,0
2021-06-14,214644,0,15116894,0
2021-06-15,228390,0,15345284,0
2021-06-16,253036,0,15598320,0
2021-06-17,301700,0,15900020,0
2021-06-18,306267,0,16206287,0
2021-06-19,275055,0,16481342,0
2021-06-20,220731,0,16702073,0
2021-06-21,288037,0,16990110,0
2021-06-22,296180,0,17286290,0
2021-06-23,302661,0,17588951,0
2021-06-24,332559,0,17921510,0
2021-06-25,348692,0,18270202,0
2021-06-26,300083,0,18570285,0
2021-06-27,228615,0,18798900,0
2021-06-28,307041,0,19105941,0
2021-06-29,329239,0,19435180,0
2021-06-30,342104,0,19777284,0
2021-07-01,363157,0,20140441,0
2021-07-02,368424,0,20508865,0
2021-07-03,371070,0,20879935,0
2021-07-04,283192,0,21163127,0
2021-07-05,384504,0,21547631,0
2021-07-06,385429,0,21933060,0
2021-07-07,412065,0,22345125,0
2021-07-08,479612,0,22824737,0
2021-07-09,498479,0,23323216,0
2021-07-10,475176,0,23798392,0
2021-07-11,357697,0,24156089,0
2021-07-12,485899,0,24641988,0
2021-07-13,492142,0,25134130,0
2021-07-14,480470,0,25614600,0
2021-07-15,523474,0,26138074,0
2021-07-16,509776,0,26647850,0
2021-07-17,464364,0,27112214,0
2021-07-18,364690,0,27476904,0
2021-07-19,463064,0,27939968,0
2021-07-20,458080,0,28398048,0
2021-07-21,462810,0,28860858,0
2021-07-22,475396,0,29336254,0
2021-07-23,441303,0,29777557,0
2021-07-24,386187,0,30163744,0
2021-07-25,287581,0,30451325,0
2021-07-26,430885,0,30882210,0
2021-07-27,440124,0,31322334,0
2021-07-28,391013,0,31713347,0
2021-07-29,372077,0,32085424,0
2021-07-30,341515,0,32426939,0
2021-07-31,287018,0,32713957,0
2021-08-01,191014,0,32904971,0
2021-08-02,333724,0,33238695,0
2021-08-03,323184,0,33561879,0
2021-08-04,310963,0,33872842,0
2021-08-05,292508,0,34165350,0
2021-08-06,260011,0,34425361,0
2021-08-07,199050,0,34624411,0
2021-08-08,153103,0,34777514,0
2021-08-09,234075,0,35011589,0
2021-08-10,205245,0,35216834,0
2021-08-11,193759,0,35410593,0
2021-08-12,167984,0,35578577,0
2021-08-13,148600,0,35727177,0
2021-08-14,66088,0,35793265,0
2021-08-15,26335,0,35819600,0
2021-08-16,114678,0,35934278,0
2021-08-17,129240,0,36063518,0
2021-08-18,128741,0,36192259,0
2021-08-19,124795,0,36317054,0
2021-08-20,123796,0,36440850,0
2021-08-21,83117,0,36523967,0
2021-08-22,68166,0,36592133,0
2021-08-23,176870,0,36769003,0
2021-08-24,156905,0,36925908,0
2021-08-25,177168,0,37103076,0
2021-08-26,172340,0,37275416,0
2021-08-27,185837,0,37461253,0
2021-08-28,140266,0,37601519,0
2021-08-29,98999,0,37700518,0
2021-08-30,209626,0,37910144,0
2021-08-31,194631,0,38104775,0
2021-09-01,192212,0,38296987,0
2021-09-02,189937,0,38486924,0
2021-09-03,191331,0,38678255,0
2021-09-04,131475,0,38809730,0
2021-09-05,87866,0,38897596,0
2021-09-06,193650,0,39091246,0
2021-09-07,196060,0,39287306,0
2021-09-08,187904,0,39475210,0
2021-09-09,201461,0,39676671,0
2021-09-10,198100,0,39874771,0
2021-09-11,141322,0,40016093,0
2021-09-12,89596,0,40105689,0
2021-09-13,191162,558,40296851,558
2021-09-14,177257,578,40474108,1136
2021-09-15,163118,582,40637226,1718
2021-09-16,160092,926,40797318,2644
2021-09-17,150176,1114,40947494,3758
2021-09-18,127975,738,41075469,4496
2021-09-19,81131,493,41156600,4989
2021-09-20,180077,9074,41336677,14063
2021-09-21,166635,8831,41503312,22894
2021-09-22,159082,9437,41662394,32331
2021-09-23,138084,9321,41800478,41652
2021-09-24,140538,8954,41941016,50606
2021-09-25,119558,5635,42060574,56241
2021-09-26,71958,4340,42132532,60581
2021-09-27,135640,10048,42268172,70629
2021-09-28,117496,11385,42385668,82014
2021-09-29,112334,11826,42498002,93840
2021-09-30,110232,14948,42608234,108788
2021-10-01,94977,19108,42703211,127896
2021-10-02,78485,14013,42781696,141909
2021-10-03,47738,7656,42829434,149565
2021-10-04,88378,34445,42917812,184010
2021-10-05,80368,33970,42998180,217980
2021-10-06,71984,34162,43070164,252142
2021-10-07,71856,34346,43142020,286488
2021-10-08,80624,33589,43222644,320077
2021-10-09,76101,22169,43298745,342246
2021-10-10,45775,13615,43344520,355861
2021-10-11,87418,41105,43431938,396966
2021-10-12,84491,46896,43516429,443862
2021-10-13,88192,52115,43604621,495977
2021-10-14,91529,58510,43696150,554487
2021-10-15,93593,55625,43789743,610112
2021-10-16,82968,36780,43872711,646892
2021-10-17,51464,23827,43924175,670719
2021-10-18,90293,59482,44014468,730201
2021-10-19,78344,69372,44092812,799573
2021-10-20,75076,78165,44167888,877738
2021-10-21,78299,81752,44246187,959490
2021-10-22,73787,77021,44319974,1036511
2021-10-23,60815,51954,44380789,1088465
2021-10-24,33378,23455,44414167,1111920
2021-10-25,64907,81621,44479074,1193541
2021-10-26,58375,91777,44537449,1285318
2021-10-27,58330,103969,44595779,1389287
2021-10-28,61467,114100,44657246,1503387
2021-10-29,61657,103114,44718903,1606501
2021-10-30,50671,68115,44769574,1674616
2021-10-31,25164,28289,44794738,1702905
2021-11-01,19046,28148,44813784,1731053
2021-11-02,62764,89373,44876548,1820426
2021-11-03,60739,118656,44937287,1939082
2021-11-04,59242,126661,44996529,2065743
2021-11-05,63094,135169,45059623,2200912
2021-11-06,46474,90923,45106097,2291835
2021-11-07,22251,37895,45128348,2329730
2021-11-08,51529,131262,45179877,2460992
2021-11-09,45401,144198,45225278,2605190
2021-11-10,42580,156345,45267858,2761535
2021-11-11,44932,155134,45312790,2916669
2021-11-12,46370,158574,45359160,3075243
2021-11-13,33253,116649,45392413,3191892
2021-11-14,14481,52445,45406894,3244337
2021-11-15,36894,157426,45443788,3401763
2021-11-16,30549,171376,45474337,3573139
2021-11-17,28449,178434,45502786,3751573
2021-11-18,30283,193717,45533069,3945290
2021-11-19,28799,205850,45561868,4151140
2021-11-20,20994,156434,45582862,4307574
2021-11-21,10609,64857,45593471,4372431
2021-11-22,21935,213138,45615406,4585569
2021-11-23,23568,241743,45638974,4827312
2021-11-24,27839,270944,45666813,5098256
2021-11-25,23234,301901,45690047,5400157
2021-11-26,24582,318261,45714629,5718418
2021-11-27,21380,266150,45736009,5984568
2021-11-28,9899,137056,45745908,6121624
2021-11-29,22324,326061,45768232,6447685
2021-11-30,23087,365822,45791319,6813507
2021-12-01,21518,413499,45812837,7227006
2021-12-02,23757,440373,45836594,7667379
2021-12-03,25251,467453,45861845,8134832
2021-12-04,22355,418730,45884200,8553562
2021-12-05,11916,261328,45896116,8814890
2021-12-06,25817,457561,45921933,9272451
2021-12-07,24124,480249,45946057,9752700
2021-12-08,10003,249679,45956060,10002379
2021-12-09,31574,491907,45987634,10494286
2021-12-10,28060,517863,46015694,11012149
2021-12-11,23557,459239,46039251,11471388
2021-12-12,12303,293493,46051554,11764881
2021-12-13,26146,467618,46077700,12232499
2021-12-14,25167,494188,46102867,12726687
2021-12-15,25326,517125,46128193,13243812
2021-12-16,27875,520236,46156068,13764048
2021-12-17,29354,517160,46185422,14281208
2021-12-18,27040,468713,46212462,14749921
2021-12-19,15137,300514,46227599,15050435
2021-12-20,30613,477476,46258212,15527911
2021-12-21,30360,493378,46288572,16021289
2021-12-22,29435,484697,46318007,16505986
2021-12-23,28234,426890,46346241,16932876
2021-12-24,13111,210822,46359352,17143698
2021-12-25,2101,33053,46361453,17176751
2021-12-26,8759,159064,46370212,17335815
2021-12-27,46777,504646,46416989,17840461
2021-12-28,42438,554202,46459427,18394663
2021-12-29,34331,550626,46493758,18945289
2021-12-30,31814,499818,46525572,19445107
2021-12-31,14110,247391,46539682,19692498
2022-01-01,3493,64814,46543175,19757312
2022-01-02,22749,276717,46565924,20034029
2022-01-03,47831,520005,46613755,20554034
2022-01-04,46326,572075,46660081,21126109
2022-01-05,40709,560389,46700790,21686498
2022-01-06,23465,274481,46724255,21960979
2022-01-07,63663,554175,46787918,22515154
2022-01-08,60810,503372,46848728,23018526
2022-01-09,42798,319683,46891526,23338209
2022-01-10,61037,542275,46952563,23880484
2022-01-11,61672,586977,47014235,24467461
2022-01-12,58395,581274,47072630,25048735
2022-01-13,58564,580372,47131194,25629107
2022-01-14,46737,588556,47177931,26217663
2022-01-15,39345,569932,47217276,26787595
2022-01-16,31153,341846,47248429,27129441
2022-01-17,54739,489645,47303168,27619086
2022-01-18,58355,517007,47361523,28136093
2022-01-19,57159,502775,47418682,28638868
2022-01-20,54305,498806,47472987,29137674
2022-01-21,42042,493861,47515029,29631535
2022-01-22,31132,469585,47546161,30101120
2022-01-23,34905,275359,47581066,30376479
2022-01-24,56147,437206,47637213,30813685
2022-01-25,61528,452084,47698741,31265769
2022-01-26,58510,435817,47757251,31701586
2022-01-27,48804,432348,47806055,32133934
2022-01-28,58662,436527,47864717,32570461
2022-01-29,68090,412480,47932807,32982941
2022-01-30,50351,235962,47983158,33218903
2022-01-31,60596,356921,48043754,33575824
2022-02-01,65519,328431,48109273,33904255
2022-02-02,63164,296964,48172437,34201219
2022-02-03,60030,274512,48232467,34475731
2022-02-04,72351,268449,48304818,34744180
2022-02-05,83739,248523,48388557,34992703
2022-02-06,55272,116198,48443829,35108901
2022-02-07,65118,199932,48508947,35308833
2022-02-08,66912,186104,48575859,35494937
2022-02-09,58741,166332,48634600,35661269
2022-02-10,58541,163231,48693141,35824500
2022-02-11,62225,162453,48755366,35986953
2022-02-12,71955,152135,48827321,36139088
2022-02-13,41464,68847,48868785,36207935
2022-02-14,46669,116187,48915454,36324122
2022-02-15,48513,123476,48963967,36447598
2022-02-16,45667,106113,49009634,36553711
2022-02-17,42851,98103,49052485,36651814
2022-02-18,46602,112567,49099087,36764381
2022-02-19,52519,100324,49151606,36864705
2022-02-20,31409,40357,49183015,36905062
2022-02-21,37885,89641,49220900,36994703
2022-02-22,37212,83768,49258112,37078471
2022-02-23,33379,79403,49291491,37157874
2022-02-24,32550,78158,49324041,37236032
2022-02-25,34749,90705,49358790,37326737
2022-02-26,39147,89130,49397937,37415867
2022-02-27,22540,35855,49420477,37451722
2022-02-28,28468,81684,49448945,37533406
2022-03-01,22706,53937,49471651,37587343
2022-03-02,21990,50625,49493641,37637968
2022-03-03,22604,54941,49516245,37692909
2022-03-04,23215,62787,49539460,37755696
2022-03-05,23782,57950,49563242,37813646
2022-03-06,9470,17200,49572712,37830846
2022-03-07,15900,51386,49588612,37882232
2022-03-08,15460,48795,49604072,37931027
2022-03-09,13805,46512,49617877,37977539
2022-03-10,14040,52114,49631917,38029653
2022-03-11,15570,57253,49647487,38086906
2022-03-12,15491,56614,49662978,38143520
2022-03-13,5542,16849,49668520,38160369
2022-03-14,10518,46692,49679038,38207061
2022-03-15,10534,46892,49689572,38253953
2022-03-16,9472,41975,49699044,38295928
2022-03-17,9703,44874,49708747,38340802
2022-03-18,10151,49052,49718898,38389854
2022-03-19,9146,46531,49728044,38436385
2022-03-20,2607,11700,49730651,38448085
2022-03-21,7576,40222,49738227,38488307
2022-03-22,8444,37752,49746671,38526059
2022-03-23,7208,33699,49753879,38559758
2022-03-24,8251,38797,49762130,38598555
2022-03-25,8129,43660,49770259,38642215
2022-03-26,8120,41720,49778379,38683935
2022-03-27,2428,9682,49780807,38693617
2022-03-28,6100,35231,49786907,38728848
2022-03-29,5773,32523,49792680,38761371
2022-03-30,5557,30194,49798237,38791565
2022-03-31,5887,33176,49804124,38824741
2022-04-01,4343,25187,49808467,38849928
2022-04-02,4489,23273,49812956,38873201
2022-04-03,1049,4499,49814005,38877700
2022-04-04,3653,21532,49817658,38899232
2022-04-05,3748,22924,49821406,38922156
2022-04-06,4098,21846,49825504,38944002
2022-04-07,3959,23320,49829463,38967322
2022-04-08,4688,26708,49834151,38994030
2022-04-09,4376,23884,49838527,39017914
2022-04-10,893,4614,49839420,39022528
2022-04-11,3812,22685,49843232,39045213
2022-04-12,3357,21779,49846589,39066992
2022-04-13,3559,21332,49850148,39088324
2022-04-14,3481,23774,49853629,39112098
2022-04-15,3078,20618,49856707,39132716
2022-04-16,2149,11919,49858856,39144635
2022-04-17,63,348,49858919,39144983
2022-04-18,149,650,49859068,39145633
2022-04-19,3490,21978,49862558,39167611
2022-04-20,3500,20248,49866058,39187859
2022-04-21,2840,19781,49868898,39207640
2022-04-22,2920,20693,49871818,39228333
2022-04-23,2637,16210,49874455,39244543
2022-04-24,509,2335,49874964,39246878
2022-04-25,183,1165,49875147,39248043
2022-04-26,2759,17792,49877906,39265835
2022-04-27,2368,15784,49880274,39281619
2022-04-28,2353,15553,49882627,39297172
2022-04-29,2291,14835,49884918,39312007
2022-04-30,2121,11576,49887039,39323583
2022-05-01,113,530,49887152,39324113
2022-05-02,1445,9384,49888597,39333497
2022-05-03,1573,10309,49890170,39343806
2022-05-04,1744,10257,49891914,39354063
2022-05-05,1650,10273,49893564,39364336
2022-05-06,1698,10945,49895262,39375281
2022-05-07,1431,8562,49896693,39383843
2022-05-08,404,1514,49897097,39385357
2022-05-09,1024,8917,49898121,39394274
2022-05-10,1422,9536,49899543,39403810
2022-05-11,1480,10087,49901023,39413897
2022-05-12,1368,10118,49902391,39424015
2022-05-13,1587,10510,49903978,39434525
2022-05-14,1357,8227,49905335,39442752
2022-05-15,336,1129,49905671,39443881
2022-05-16,812,8388,49906483,39452269
2022-05-17,1242,8673,49907725,39460942
2022-05-18,1368,9216,49909093,39470158
2022-05-19,1498,9268,49910591,39479426
2022-05-20,1419,9494,49912010,39488920
2022-05-21,1299,7892,49913309,39496812
2022-05-22,231,1012,49913540,39497824
2022-05-23,826,8261,49914366,39506085
2022-05-24,1070,8666,49915436,39514751
2022-05-25,1365,9445,49916801,39524196
2022-05-26,1194,9455,49917995,39533651
2022-05-27,1225,9911,49919220,39543562
2022-05-28,1203,7873,49920423,39551435
2022-05-29,285,1264,49920708,39552699
2022-05-30,930,8026,49921638,39560725
2022-05-31,1033,8531,49922671,39569256
2022-06-01,891,7644,49923562,39576900
2022-06-02,35,474,49923597,39577374
2022-06-03,814,7328,49924411,39584702
2022-06-04,870,5155,49925281,39589857
2022-06-05,89,586,49925370,39590443
2022-06-06,672,6984,49926042,39597427
2022-06-07,931,7841,49926973,39605268
2022-06-08,982,7898,49927955,39613166
2022-06-09,1034,8403,49928989,39621569
2022-06-10,957,8550,49929946,39630119
2022-06-11,900,6207,49930846,39636326
2022-06-12,140,767,49930986,39637093
2022-06-13,603,6295,49931589,39643388
2022-06-14,826,7881,49932415,39651269
2022-06-15,951,7843,49933366,39659112
2022-06-16,728,7387,49934094,39666499
2022-06-17,720,7239,49934814,39673738
2022-06-18,777,5588,49935591,39679326
2022-06-19,47,522,49935638,39679848
2022-06-20,588,6694,49936226,39686542
2022-06-21,733,7645,49936959,39694187
2022-06-22,780,7304,49937739,39701491
2022-06-23,649,7457,49938388,39708948
2022-06-24,644,7473,49939032,39716421
2022-06-25,835,6532,49939867,39722953
2022-06-26,128,523,49939995,39723476
2022-06-27,532,7120,49940527,39730596
2022-06-28,745,8208,49941272,39738804
2022-06-29,754,7718,49942026,39746522
2022-06-30,744,8131,49942770,39754653
2022-07-01,576,6437,49943346,39761090
2022-07-02,536,4765,49943882,39765855
2022-07-03,49,456,49943931,39766311
2022-07-04,470,6270,49944401,39772581
2022-07-05,627,8112,49945028,39780693
2022-07-06,629,7605,49945657,39788298
2022-07-07,567,8254,49946224,39796552
2022-07-08,670,8078,49946894,39804630
2022-07-09,549,6103,49947443,39810733
2022-07-10,58,533,49947501,39811266
2022-07-11,486,7637,49947987,39818903
2022-07-12,663,9001,49948650,39827904
2022-07-13,638,10058,49949288,39837962
2022-07-14,636,10219,49949924,39848181
2022-07-15,623,10663,49950547,39858844
2022-07-16,521,7207,49951068,39866051
2022-07-17,48,769,49951116,39866820
2022-07-18,497,9349,49951613,39876169
2022-07-19,574,10649,49952187,39886818
2022-07-20,576,11256,49952763,39898074
2022-07-21,625,12033,49953388,39910107
2022-07-22,581,11222,49953969,39921329
2022-07-23,379,6740,49954348,39928069
2022-07-24,76,834,49954424,39928903
2022-07-25,500,9031,49954924,39937934
2022-07-26,518,9724,49955442,39947658
2022-07-27,546,10149,49955988,39957807
2022-07-28,527,10475,49956515,39968282
2022-07-29,510,9417,49957025,39977699
2022-07-30,380,5851,49957405,39983550
2022-07-31,49,745,49957454,39984295
2022-08-01,386,6822,49957840,39991117
2022-08-02,537,7513,49958377,39998630
2022-08-03,509,7140,49958886,40005770
2022-08-04,451,7415,49959337,40013185
2022-08-05,416,6478,49959753,40019663
2022-08-06,297,3580,49960050,40023243
2022-08-07,44,550,49960094,40023793
2022-08-08,396,4871,49960490,40028664
2022-08-09,382,5266,49960872,40033930
2022-08-10,373,4779,49961245,40038709
2022-08-11,361,4753,49961606,40043462
2022-08-12,287,3698,49961893,40047160
2022-08-13,141,1595,49962034,40048755
2022-08-14,9,128,49962043,40048883
2022-08-15,1,24,49962044,40048907
2022-08-16,281,3022,49962325,40051929
2022-08-17,351,3513,49962676,40055442
2022-08-18,383,4137,49963059,40059579
2022-08-19,338,3301,49963397,40062880
2022-08-20,182,1711,49963579,40064591
2022-08-21,24,146,49963603,40064737
2022-08-22,326,2928,49963929,40067665
2022-08-23,371,3644,49964300,40071309
2022-08-24,381,3327,49964681,40074636
2022-08-25,417,3700,49965098,40078336
2022-08-26,391,3533,49965489,40081869
2022-08-27,233,1766,49965722,40083635
2022-08-28,29,260,49965751,40083895
2022-08-29,353,3133,49966104,40087028
2022-08-30,398,3630,49966502,40090658
2022-08-31,426,3691,49966928,40094349
2022-09-01,352,3056,49967280,40097405
2022-09-02,287,2856,49967567,40100261
2022-09-03,197,1682,49967764,40101943
2022-09-04,22,147,49967786,40102090
2022-09-05,185,2609,49967971,40104699
2022-09-06,298,2921,49968269,40107620
2022-09-07,521,2807,49968790,40110427
2022-09-08,265,2847,49969055,40113274
2022-09-09,294,2630,49969349,40115904