data_somministrazione,vaccinazioni,booster,cum_vaccinazioni,cum_booster
2020-12-27,19,0,19,0
2020-12-28,2,0,21,0
2020-12-29,1,0,22,0
2020-12-30,6,0,28,0
2020-12-31,67,0,95,0
2021-01-01,22,0,117,0
2021-01-02,107,0,224,0
2021-01-03,79,0,303,0
2021-01-04,200,0,503,0
2021-01-05,236,0,739,0
2021-01-06,197,0,936,0
2021-01-07,289,0,1225,0
2021-01-08,335,0,1560,0
2021-01-09,246,0,1806,0
2021-01-10,145,0,1951,0
2021-01-11,268,0,2219,0
2021-01-12,265,0,2484,0
2021-01-13,388,0,2872,0
2021-01-14,476,0,3348,0
2021-01-15,298,0,3646,0
2021-01-16,203,0,3849,0
2021-01-17,3057,0,6906,0
2021-01-18,5209,0,12115,0
2021-01-19,1892,0,14007,0
2021-01-20,4653,0,18660,0
2021-01-21,19998,0,38658,0
2021-01-22,14200,0,52858,0
2021-01-23,33330,0,86188,0
2021-01-24,30789,0,116977,0
2021-01-25,64728,0,181705,0
2021-01-26,76500,0,258205,0
2021-01-27,64837,0,323042,0
2021-01-28,89292,0,412334,0
2021-01-29,94021,0,506355,0
2021-01-30,86566,0,592921,0
2021-01-31,57337,0,650258,0
2021-02-01,81873,0,732131,0
2021-02-02,82146,0,814277,0
2021-02-03,91191,0,905468,0
2021-02-04,95396,0,1000864,0
2021-02-05,90275,0,1091139,0
2021-02-06,63450,0,1154589,0
2021-02-07,32928,0,1187517,0
2021-02-08,40431,0,1227948,0
2021-02-09,32864,0,1260812,0
2021-02-10,28422,0,1289234,0
2021-02-11,20391,0,1309625,0
2021-02-12,16229,0,1325854,0
2021-02-13,7252,0,1333106,0
2021-02-14,2861,0,1335967,0
2021-02-15,6837,0,1342804,0
2021-02-16,6994,0,1349798,0
2021-02-17,10519,0,1360317,0
2021-02-18,9247,0,1369564,0
2021-02-19,8240,0,1377804,0
2021-02-20,5544,0,1383348,0
2021-02-21,2986,0,1386334,0
2021-02-22,6883,0,1393217,0
2021-02-23,7164,0,1400381,0
2021-02-24,9825,0,1410206,0
2021-02-25,14203,0,1424409,0
2021-02-26,17553,0,1441962,0
2021-02-27,13904,0,1455866,0
2021-02-28,9386,0,1465252,0
2021-03-01,26507,0,1491759,0
2021-03-02,33238,0,1524997,0
2021-03-03,44642,0,1569639,0
2021-03-04,50288,0,1619927,0
2021-03-05,55734,0,1675661,0
2021-03-06,41878,0,1717539,0
2021-03-07,22325,0,1739864,0
2021-03-08,50797,0,1790661,0
2021-03-09,53060,0,1843721,0
2021-03-10,58631,0,1902352,0
2021-03-11,63844,0,1966196,0
2021-03-12,65098,0,2031294,0
2021-03-13,51707,0,2083001,0
2021-03-14,35387,0,2118388,0
2021-03-15,73424,0,2191812,0
2021-03-16,74022,0,2265834,0
2021-03-17,83130,0,2348964,0
2021-03-18,81621,0,2430585,0
2021-03-19,81080,0,2511665,0
2021-03-20,64712,0,2576377,0
2021-03-21,47285,0,2623662,0
2021-03-22,69474,0,2693136,0
2021-03-23,75780,0,2768916,0
2021-03-24,90891,0,2859807,0
2021-03-25,89788,0,2949595,0
2021-03-26,83602,0,3033197,0
2021-03-27,71924,0,3105121,0
2021-03-28,44131,0,3149252,0
2021-03-29,70809,0,3220061,0
2021-03-30,81366,0,3301427,0
2021-03-31,96216,0,3397643,0
2021-04-01,95294,0,3492937,0
2021-04-02,84066,0,3577003,0
2021-04-03,64297,0,3641300,0
2021-04-04,21717,0,3663017,0
2021-04-05,40300,0,3703317,0
2021-04-06,81303,0,3784620,0
2021-04-07,95809,0,3880429,0
2021-04-08,95227,0,3975656,0
2021-04-09,88484,0,4064140,0
2021-04-10,74026,0,4138166,0
2021-04-11,44756,0,4182922,0
2021-04-12,66908,0,4249830,0
2021-04-13,72562,0,4322392,0
2021-04-14,85520,0,4407912,0
2021-04-15,105404,0,4513316,0
2021-04-16,106411,0,4619727,0
2021-04-17,90493,0,4710220,0
2021-04-18,58584,0,4768804,0
2021-04-19,93425,0,4862229,0
2021-04-20,103759,0,4965988,0
2021-04-21,125330,0,5091318,0
2021-04-22,143501,0,5234819,0
2021-04-23,138716,0,5373535,0
2021-04-24,124436,0,5497971,0
2021-04-25,61451,0,5559422,0
2021-04-26,97878,0,5657300,0
2021-04-27,128353,0,5785653,0
2021-04-28,156353,0,5942006,0
2021-04-29,195580,0,6137586,0
2021-04-30,214557,0,6352143,0
2021-05-01,174089,0,6526232,0
2021-05-02,135795,0,6662027,0
2021-05-03,142005,0,6804032,0
2021-05-04,158676,0,6962708,0
2021-05-05,170472,0,7133180,0
2021-05-06,197789,0,7330969,0
2021-05-07,213808,0,7544777,0
2021-05-08,213385,0,7758162,0
2021-05-09,143196,0,7901358,0
2021-05-10,165082,0,8066440,0
2021-05-11,174960,0,8241400,0
2021-05-12,179159,0,8420559,0
2021-05-13,203359,0,8623918,0
2021-05-14,222893,0,8846811,0
2021-05-15,210341,0,9057152,0
2021-05-16,159266,0,9216418,0
2021-05-17,219176,0,9435594,0
2021-05-18,213000,0,9648594,0
2021-05-19,207065,0,9855659,0
2021-05-20,270834,0,10126493,0
2021-05-21,270862,0,10397355,0
2021-05-22,245517,0,10642872,0
2021-05-23,197172,0,10840044,0
2021-05-24,228291,0,11068335,0
2021-05-25,245683,0,11314018,0
2021-05-26,277478,0,11591496,0
2021-05-27,311075,0,11902571,0
2021-05-28,299565,0,12202136,0
2021-05-29,231198,0,12433334,0
2021-05-30,170826,0,12604160,0
2021-05-31,216411,0,12820571,0
2021-06-01,207629,0,13028200,0
2021-06-02,115774,0,13143974,0
2021-06-03,180110,0,13324084,0
2021-06-04,184856,0,13508940,0
2021-06-05,185934,0,13694874,0
2021-06-06,139514,0,13834388,0
2021-06-07,161841,0,13996229,0
2021-06-08,171170,0,14167399,0
2021-06-09,171443,0,14338842,0
2021-06-10,174044,0,14512886,0
2021-06-11,169941,0,14682827,0
2021-06-12,128306,0,14811133,0
2021-06-13,91141,0,14902274,0
2021-06-14,214644,0,15116918,0
2021-06-15,228390,0,15345308,0
2021-06-16,253036,0,15598344,0
2021-06-17,301698,0,15900042,0
2021-06-18,306267,0,16206309,0
2021-06-19,275056,0,16481365,0
2021-06-20,220732,0,16702097,0
2021-06-21,288037,0,16990134,0
2021-06-22,296181,0,17286315,0
2021-06-23,302663,0,17588978,0
2021-06-24,332559,0,17921537,0
2021-06-25,348694,0,18270231,0
2021-06-26,300084,0,18570315,0
2021-06-27,228616,0,18798931,0
2021-06-28,307041,0,19105972,0
2021-06-29,329242,0,19435214,0
2021-06-30,342105,0,19777319,0
2021-07-01,363159,0,20140478,0
2021-07-02,368425,0,20508903,0
2021-07-03,371070,0,20879973,0
2021-07-04,283194,0,21163167,0
2021-07-05,384505,0,21547672,0
2021-07-06,385433,0,21933105,0
2021-07-07,412064,0,22345169,0
2021-07-08,479616,0,22824785,0
2021-07-09,498481,0,23323266,0
2021-07-10,475178,0,23798444,0
2021-07-11,357699,0,24156143,0
2021-07-12,485901,0,24642044,0
2021-07-13,492142,0,25134186,0
2021-07-14,480470,0,25614656,0
2021-07-15,523478,0,26138134,0
2021-07-16,509778,0,26647912,0
2021-07-17,464366,0,27112278,0
2021-07-18,364691,0,27476969,0
2021-07-19,463065,0,27940034,0
2021-07-20,458080,0,28398114,0
2021-07-21,462810,0,28860924,0
2021-07-22,475397,0,29336321,0
2021-07-23,441304,0,29777625,0
2021-07-24,386188,0,30163813,0
2021-07-25,287584,0,30451397,0
2021-07-26,430887,0,30882284,0
2021-07-27,440124,0,31322408,0
2021-07-28,391016,0,31713424,0
2021-07-29,372079,0,32085503,0
2021-07-30,341520,0,32427023,0
2021-07-31,287019,0,32714042,0
2021-08-01,191016,0,32905058,0
2021-08-02,333724,0,33238782,0
2021-08-03,323185,0,33561967,0
2021-08-04,310967,0,33872934,0
2021-08-05,292508,0,34165442,0
2021-08-06,260013,0,34425455,0
2021-08-07,199051,0,34624506,0
2021-08-08,153103,0,34777609,0
2021-08-09,234078,0,35011687,0
2021-08-10,205247,0,35216934,0
2021-08-11,193760,0,35410694,0
2021-08-12,167984,0,35578678,0
2021-08-13,148601,0,35727279,0
2021-08-14,66088,0,35793367,0
2021-08-15,26335,0,35819702,0
2021-08-16,114678,0,35934380,0
2021-08-17,129241,0,36063621,0
2021-08-18,128740,0,36192361,0
2021-08-19,124795,0,36317156,0
2021-08-20,123795,0,36440951,0
2021-08-21,83117,0,36524068,0
2021-08-22,68166,0,36592234,0
2021-08-23,176872,0,36769106,0
2021-08-24,156909,0,36926015,0
2021-08-25,177167,0,37103182,0
2021-08-26,172345,0,37275527,0
2021-08-27,185839,0,37461366,0
2021-08-28,140267,0,37601633,0
2021-08-29,98998,0,37700631,0
2021-08-30,209629,0,37910260,0
2021-08-31,194632,0,38104892,0
2021-09-01,192214,0,38297106,0
2021-09-02,189942,0,38487048,0
2021-09-03,191334,0,38678382,0
2021-09-04,131477,0,38809859,0
2021-09-05,87869,0,38897728,0
2021-09-06,193653,0,39091381,0
2021-09-07,196061,0,39287442,0
2021-09-08,187905,0,39475347,0
2021-09-09,201470,0,39676817,0
2021-09-10,198103,0,39874920,0
2021-09-11,141322,0,40016242,0
2021-09-12,89599,0,40105841,0
2021-09-13,191164,558,40297005,558
2021-09-14,177260,578,40474265,1136
2021-09-15,163121,581,40637386,1717
2021-09-16,160096,926,40797482,2643
2021-09-17,150180,1114,40947662,3757
2021-09-18,127977,738,41075639,4495
2021-09-19,81132,492,41156771,4987
2021-09-20,180081,9074,41336852,14061
2021-09-21,166636,8832,41503488,22893
2021-09-22,159081,9437,41662569,32330
2021-09-23,138088,9320,41800657,41650
2021-09-24,140540,8954,41941197,50604
2021-09-25,119558,5635,42060755,56239
2021-09-26,71958,4340,42132713,60579
2021-09-27,135642,10048,42268355,70627
2021-09-28,117497,11385,42385852,82012
2021-09-29,112337,11826,42498189,93838
2021-09-30,110232,14947,42608421,108785
2021-10-01,94977,19108,42703398,127893
2021-10-02,78486,14013,42781884,141906
2021-10-03,47739,7656,42829623,149562
2021-10-04,88379,34445,42918002,184007
2021-10-05,80368,33970,42998370,217977
2021-10-06,71986,34162,43070356,252139
2021-10-07,71855,34346,43142211,286485
2021-10-08,80625,33589,43222836,320074
2021-10-09,76103,22169,43298939,342243
2021-10-10,45775,13615,43344714,355858
2021-10-11,87418,41105,43432132,396963
2021-10-12,84492,46896,43516624,443859
2021-10-13,88195,52114,43604819,495973
2021-10-14,91529,58510,43696348,554483
2021-10-15,93593,55626,43789941,610109
2021-10-16,82968,36780,43872909,646889
2021-10-17,51466,23827,43924375,670716
2021-10-18,90293,59482,44014668,730198
2021-10-19,78344,69372,44093012,799570
2021-10-20,75075,78166,44168087,877736
2021-10-21,78300,81752,44246387,959488
2021-10-22,73790,77021,44320177,1036509
2021-10-23,60815,51954,44380992,1088463
2021-10-24,33377,23455,44414369,1111918
2021-10-25,64905,81621,44479274,1193539
2021-10-26,58375,91777,44537649,1285316
2021-10-27,58330,103969,44595979,1389285
2021-10-28,61468,114101,44657447,1503386
2021-10-29,61659,103113,44719106,1606499
2021-10-30,50672,68115,44769778,1674614
2021-10-31,25164,28289,44794942,1702903
2021-11-01,19046,28148,44813988,1731051
2021-11-02,62765,89373,44876753,1820424
2021-11-03,60740,118656,44937493,1939080
2021-11-04,59243,126663,44996736,2065743
2021-11-05,63094,135169,45059830,2200912
2021-11-06,46474,90923,45106304,2291835
2021-11-07,22251,37895,45128555,2329730
2021-11-08,51529,131262,45180084,2460992
2021-11-09,45401,144198,45225485,2605190
2021-11-10,42580,156345,45268065,2761535
2021-11-11,44934,155134,45312999,2916669
2021-11-12,46370,158575,45359369,3075244
2021-11-13,33255,116649,45392624,3191893
2021-11-14,14481,52445,45407105,3244338
2021-11-15,36894,157426,45443999,3401764
2021-11-16,30548,171376,45474547,3573140
2021-11-17,28450,178437,45502997,3751577
2021-11-18,30282,193717,45533279,3945294
2021-11-19,28799,205850,45562078,4151144
2021-11-20,20994,156434,45583072,4307578
2021-11-21,10612,64857,45593684,4372435
2021-11-22,21936,213139,45615620,4585574
2021-11-23,23568,241743,45639188,4827317
2021-11-24,27839,270944,45667027,5098261
2021-11-25,23233,301901,45690260,5400162
2021-11-26,24580,318261,45714840,5718423
2021-11-27,21380,266150,45736220,5984573
2021-11-28,9899,137056,45746119,6121629
2021-11-29,22324,326062,45768443,6447691
2021-11-30,23085,365821,45791528,6813512
2021-12-01,21518,413501,45813046,7227013
2021-12-02,23755,440376,45836801,7667389
2021-12-03,25252,467454,45862053,8134843
2021-12-04,22355,418731,45884408,8553574
2021-12-05,11915,261329,45896323,8814903
2021-12-06,25817,457561,45922140,9272464
2021-12-07,24124,480249,45946264,9752713
2021-12-08,10004,249680,45956268,10002393
2021-12-09,31573,491912,45987841,10494305
2021-12-10,28060,517863,46015901,11012168
2021-12-11,23557,459242,46039458,11471410
2021-12-12,12304,293496,46051762,11764906
2021-12-13,26145,467618,46077907,12232524
2021-12-14,25167,494190,46103074,12726714
2021-12-15,25325,517126,46128399,13243840
2021-12-16,27875,520239,46156274,13764079
2021-12-17,29355,517163,46185629,14281242
2021-12-18,27039,468713,46212668,14749955
2021-12-19,15137,300515,46227805,15050470
2021-12-20,30615,477473,46258420,15527943
2021-12-21,30359,493379,46288779,16021322
2021-12-22,29436,484698,46318215,16506020
2021-12-23,28234,426894,46346449,16932914
2021-12-24,13111,210822,46359560,17143736
2021-12-25,2100,33053,46361660,17176789
2021-12-26,8759,159065,46370419,17335854
2021-12-27,46774,504647,46417193,17840501
2021-12-28,42438,554204,46459631,18394705
2021-12-29,34332,550627,46493963,18945332
2021-12-30,31814,499819,46525777,19445151
2021-12-31,14109,247394,46539886,19692545
2022-01-01,3493,64813,46543379,19757358
2022-01-02,22748,276717,46566127,20034075
2022-01-03,47828,520006,46613955,20554081
2022-01-04,46325,572080,46660280,21126161
2022-01-05,40709,560388,46700989,21686549
2022-01-06,23464,274482,46724453,21961031
2022-01-07,63663,554177,46788116,22515208
2022-01-08,60811,503377,46848927,23018585
2022-01-09,42797,319684,46891724,23338269
2022-01-10,61038,542275,46952762,23880544
2022-01-11,61670,586980,47014432,24467524
2022-01-12,58395,581276,47072827,25048800
2022-01-13,58563,580375,47131390,25629175
2022-01-14,46736,588559,47178126,26217734
2022-01-15,39340,569936,47217466,26787670
2022-01-16,31150,341847,47248616,27129517
2022-01-17,54736,489646,47303352,27619163
2022-01-18,58351,517008,47361703,28136171
2022-01-19,57161,502774,47418864,28638945
2022-01-20,54304,498810,47473168,29137755
2022-01-21,42037,493866,47515205,29631621
2022-01-22,31128,469590,47546333,30101211
2022-01-23,34903,275361,47581236,30376572
2022-01-24,56148,437209,47637384,30813781
2022-01-25,61526,452085,47698910,31265866
2022-01-26,58512,435816,47757422,31701682
2022-01-27,48803,432350,47806225,32134032
2022-01-28,58662,436530,47864887,32570562
2022-01-29,68087,412480,47932974,32983042
2022-01-30,50351,235963,47983325,33219005
2022-01-31,60595,356922,48043920,33575927
2022-02-01,65518,328431,48109438,33904358
2022-02-02,63163,296965,48172601,34201323
2022-02-03,60030,274513,48232631,34475836
2022-02-04,72349,268452,48304980,34744288
2022-02-05,83737,248529,48388717,34992817
2022-02-06,55272,116198,48443989,35109015
2022-02-07,65118,199936,48509107,35308951
2022-02-08,66912,186103,48576019,35495054
2022-02-09,58740,166331,48634759,35661385
2022-02-10,58542,163230,48693301,35824615
2022-02-11,62224,162454,48755525,35987069
2022-02-12,71954,152135,48827479,36139204
2022-02-13,41463,68848,48868942,36208052
2022-02-14,46668,116187,48915610,36324239
2022-02-15,48513,123479,48964123,36447718
2022-02-16,45667,106115,49009790,36553833
2022-02-17,42851,98104,49052641,36651937
2022-02-18,46600,112569,49099241,36764506
2022-02-19,52519,100326,49151760,36864832
2022-02-20,31410,40360,49183170,36905192
2022-02-21,37888,89641,49221058,36994833
2022-02-22,37212,83767,49258270,37078600
2022-02-23,33379,79404,49291649,37158004
2022-02-24,32550,78160,49324199,37236164
2022-02-25,34748,90706,49358947,37326870
2022-02-26,39146,89133,49398093,37416003
2022-02-27,22540,35855,49420633,37451858
2022-02-28,28469,81690,49449102,37533548
2022-03-01,22706,53937,49471808,37587485
2022-03-02,21990,50627,49493798,37638112
2022-03-03,22604,54941,49516402,37693053
2022-03-04,23215,62791,49539617,37755844
2022-03-05,23782,57952,49563399,37813796
2022-03-06,9470,17200,49572869,37830996
2022-03-07,15900,51389,49588769,37882385
2022-03-08,15458,48796,49604227,37931181
2022-03-09,13805,46514,49618032,37977695
2022-03-10,14039,52114,49632071,38029809
2022-03-11,15570,57252,49647641,38087061
2022-03-12,15491,56613,49663132,38143674
2022-03-13,5542,16849,49668674,38160523
2022-03-14,10518,46693,49679192,38207216
2022-03-15,10534,46892,49689726,38254108
2022-03-16,9472,41978,49699198,38296086
2022-03-17,9703,44874,49708901,38340960
2022-03-18,10152,49052,49719053,38390012
2022-03-19,9146,46531,49728199,38436543
2022-03-20,2607,11700,49730806,38448243
2022-03-21,7576,40222,49738382,38488465
2022-03-22,8444,37750,49746826,38526215
2022-03-23,7208,33696,49754034,38559911
2022-03-24,8251,38797,49762285,38598708
2022-03-25,8129,43663,49770414,38642371
2022-03-26,8120,41722,49778534,38684093
2022-03-27,2428,9683,49780962,38693776
2022-03-28,6099,35231,49787061,38729007
2022-03-29,5773,32523,49792834,38761530
2022-03-30,5557,30194,49798391,38791724
2022-03-31,5887,33176,49804278,38824900
2022-04-01,4343,25187,49808621,38850087
2022-04-02,4489,23273,49813110,38873360
2022-04-03,1049,4499,49814159,38877859
2022-04-04,3653,21532,49817812,38899391
2022-04-05,3747,22925,49821559,38922316
2022-04-06,4098,21846,49825657,38944162
2022-04-07,3959,23321,49829616,38967483
2022-04-08,4687,26710,49834303,38994193
2022-04-09,4377,23885,49838680,39018078
2022-04-10,893,4614,49839573,39022692
2022-04-11,3812,22685,49843385,39045377
2022-04-12,3357,21780,49846742,39067157
2022-04-13,3559,21331,49850301,39088488
2022-04-14,3483,23776,49853784,39112264
2022-04-15,3078,20618,49856862,39132882
2022-04-16,2149,11920,49859011,39144802
2022-04-17,63,348,49859074,39145150
2022-04-18,149,650,49859223,39145800
2022-04-19,3490,21978,49862713,39167778
2022-04-20,3500,20248,49866213,39188026
2022-04-21,2840,19781,49869053,39207807
2022-04-22,2921,20695,49871974,39228502
2022-04-23,2637,16210,49874611,39244712
2022-04-24,509,2335,49875120,39247047
2022-04-25,183,1165,49875303,39248212
2022-04-26,2760,17792,49878063,39266004
2022-04-27,2367,15784,49880430,39281788
2022-04-28,2353,15553,49882783,39297341
2022-04-29,2291,14835,49885074,39312176
2022-04-30,2121,11576,49887195,39323752
2022-05-01,113,530,49887308,39324282
2022-05-02,1445,9384,49888753,39333666
2022-05-03,1573,10309,49890326,39343975
2022-05-04,1744,10257,49892070,39354232
2022-05-05,1650,10273,49893720,39364505
2022-05-06,1698,10946,49895418,39375451
2022-05-07,1431,8562,49896849,39384013
2022-05-08,404,1514,49897253,39385527
2022-05-09,1024,8917,49898277,39394444
2022-05-10,1421,9537,49899698,39403981
2022-05-11,1480,10087,49901178,39414068
2022-05-12,1368,10119,49902546,39424187
2022-05-13,1587,10510,49904133,39434697
2022-05-14,1357,8227,49905490,39442924
2022-05-15,336,1129,49905826,39444053
2022-05-16,812,8388,49906638,39452441
2022-05-17,1241,8673,49907879,39461114
2022-05-18,1368,9216,49909247,39470330
2022-05-19,1498,9268,49910745,39479598
2022-05-20,1419,9494,49912164,39489092
2022-05-21,1299,7892,49913463,39496984
2022-05-22,231,1012,49913694,39497996
2022-05-23,826,8261,49914520,39506257
2022-05-24,1071,8666,49915591,39514923
2022-05-25,1365,9445,49916956,39524368
2022-05-26,1194,9453,49918150,39533821
2022-05-27,1225,9911,49919375,39543732
2022-05-28,1202,7873,49920577,39551605
2022-05-29,285,1264,49920862,39552869
2022-05-30,930,8026,49921792,39560895
2022-05-31,1033,8531,49922825,39569426
2022-06-01,891,7644,49923716,39577070
2022-06-02,35,474,49923751,39577544
2022-06-03,814,7328,49924565,39584872
2022-06-04,870,5155,49925435,39590027
2022-06-05,89,586,49925524,39590613
2022-06-06,672,6984,49926196,39597597
2022-06-07,931,7842,49927127,39605439
2022-06-08,982,7898,49928109,39613337
2022-06-09,1034,8406,49929143,39621743
2022-06-10,957,8550,49930100,39630293
2022-06-11,900,6207,49931000,39636500
2022-06-12,140,767,49931140,39637267
2022-06-13,603,6295,49931743,39643562
2022-06-14,826,7881,49932569,39651443
2022-06-15,951,7843,49933520,39659286
2022-06-16,728,7386,49934248,39666672
2022-06-17,720,7239,49934968,39673911
2022-06-18,777,5588,49935745,39679499
2022-06-19,47,522,49935792,39680021
2022-06-20,588,6694,49936380,39686715
2022-06-21,733,7645,49937113,39694360
2022-06-22,780,7304,49937893,39701664
2022-06-23,649,7457,49938542,39709121
2022-06-24,644,7473,49939186,39716594
2022-06-25,835,6532,49940021,39723126
2022-06-26,128,523,49940149,39723649
2022-06-27,532,7120,49940681,39730769
2022-06-28,745,8208,49941426,39738977
2022-06-29,755,7718,49942181,39746695
2022-06-30,744,8131,49942925,39754826
2022-07-01,576,6437,49943501,39761263
2022-07-02,536,4765,49944037,39766028
2022-07-03,49,456,49944086,39766484
2022-07-04,470,6270,49944556,39772754
2022-07-05,625,8112,49945181,39780866
2022-07-06,628,7605,49945809,39788471
2022-07-07,567,8254,49946376,39796725
2022-07-08,670,8078,49947046,39804803
2022-07-09,549,6103,49947595,39810906
2022-07-10,58,533,49947653,39811439
2022-07-11,486,7637,49948139,39819076
2022-07-12,663,9001,49948802,39828077
2022-07-13,638,10058,49949440,39838135
2022-07-14,636,10219,49950076,39848354
2022-07-15,623,10663,49950699,39859017
2022-07-16,521,7207,49951220,39866224
2022-07-17,48,769,49951268,39866993
2022-07-18,497,9349,49951765,39876342
2022-07-19,574,10649,49952339,39886991
2022-07-20,576,11256,49952915,39898247
2022-07-21,625,12033,49953540,39910280
2022-07-22,582,11222,49954122,39921502
2022-07-23,378,6740,49954500,39928242
2022-07-24,76,834,49954576,39929076
2022-07-25,500,9030,49955076,39938106
2022-07-26,518,9724,49955594,39947830
2022-07-27,546,10149,49956140,39957979
2022-07-28,527,10475,49956667,39968454
2022-07-29,510,9416,49957177,39977870
2022-07-30,380,5852,49957557,39983722
2022-07-31,49,745,49957606,39984467
2022-08-01,386,6822,49957992,39991289
2022-08-02,537,7513,49958529,39998802
2022-08-03,509,7138,49959038,40005940
2022-08-04,449,7415,49959487,40013355
2022-08-05,416,6477,49959903,40019832
2022-08-06,297,3580,49960200,40023412
2022-08-07,44,550,49960244,40023962
2022-08-08,395,4871,49960639,40028833
2022-08-09,383,5266,49961022,40034099
2022-08-10,373,4779,49961395,40038878
2022-08-11,361,4755,49961756,40043633
2022-08-12,287,3698,49962043,40047331
2022-08-13,141,1595,49962184,40048926
2022-08-14,9,128,49962193,40049054
2022-08-15,1,24,49962194,40049078
2022-08-16,281,3022,49962475,40052100
2022-08-17,351,3513,49962826,40055613
2022-08-18,383,4137,49963209,40059750
2022-08-19,338,3300,49963547,40063050
2022-08-20,182,1711,49963729,40064761
2022-08-21,24,146,49963753,40064907
2022-08-22,326,2928,49964079,40067835
2022-08-23,371,3644,49964450,40071479
2022-08-24,381,3320,49964831,40074799
2022-08-25,416,3702,49965247,40078501
2022-08-26,391,3528,49965638,40082029
2022-08-27,233,1766,49965871,40083795
2022-08-28,29,260,49965900,40084055
2022-08-29,352,3132,49966252,40087187
2022-08-30,398,3628,49966650,40090815
2022-08-31,423,3688,49967073,40094503
2022-09-01,352,3051,49967425,40097554
2022-09-02,285,2852,49967710,40100406
2022-09-03,197,1682,49967907,40102088
2022-09-04,22,147,49967929,40102235
2022-09-05,184,2609,49968113,40104844
2022-09-06,297,2916,49968410,40107760
2022-09-07,450,2767,49968860,40110527
2022-09-08,286,2756,49969146,40113283