data_somministrazione,vaccinazioni,booster,cum_vaccinazioni,cum_booster
2020-12-27,20,0,20,0
2020-12-28,2,0,22,0
2020-12-29,1,0,23,0
2020-12-30,8,0,31,0
2020-12-31,72,0,103,0
2021-01-01,23,0,126,0
2021-01-02,125,0,251,0
2021-01-03,87,0,338,0
2021-01-04,212,0,550,0
2021-01-05,254,0,804,0
2021-01-06,218,0,1022,0
2021-01-07,303,0,1325,0
2021-01-08,350,0,1675,0
2021-01-09,260,0,1935,0
2021-01-10,157,0,2092,0
2021-01-11,280,0,2372,0
2021-01-12,270,0,2642,0
2021-01-13,399,0,3041,0
2021-01-14,484,0,3525,0
2021-01-15,302,0,3827,0
2021-01-16,213,0,4040,0
2021-01-17,3060,0,7100,0
2021-01-18,5211,0,12311,0
2021-01-19,1893,0,14204,0
2021-01-20,4655,0,18859,0
2021-01-21,19998,0,38857,0
2021-01-22,14206,0,53063,0
2021-01-23,33320,0,86383,0
2021-01-24,30782,0,117165,0
2021-01-25,64723,0,181888,0
2021-01-26,76491,0,258379,0
2021-01-27,64825,0,323204,0
2021-01-28,89274,0,412478,0
2021-01-29,94012,0,506490,0
2021-01-30,86558,0,593048,0
2021-01-31,57329,0,650377,0
2021-02-01,81856,0,732233,0
2021-02-02,82143,0,814376,0
2021-02-03,91192,0,905568,0
2021-02-04,95396,0,1000964,0
2021-02-05,90272,0,1091236,0
2021-02-06,63444,0,1154680,0
2021-02-07,32929,0,1187609,0
2021-02-08,40427,0,1228036,0
2021-02-09,32866,0,1260902,0
2021-02-10,28422,0,1289324,0
2021-02-11,20398,0,1309722,0
2021-02-12,16237,0,1325959,0
2021-02-13,7268,0,1333227,0
2021-02-14,2861,0,1336088,0
2021-02-15,6840,0,1342928,0
2021-02-16,6998,0,1349926,0
2021-02-17,10522,0,1360448,0
2021-02-18,9252,0,1369700,0
2021-02-19,8246,0,1377946,0
2021-02-20,5560,0,1383506,0
2021-02-21,2999,0,1386505,0
2021-02-22,6884,0,1393389,0
2021-02-23,7168,0,1400557,0
2021-02-24,9831,0,1410388,0
2021-02-25,14211,0,1424599,0
2021-02-26,17555,0,1442154,0
2021-02-27,13910,0,1456064,0
2021-02-28,9388,0,1465452,0
2021-03-01,26518,0,1491970,0
2021-03-02,33238,0,1525208,0
2021-03-03,44644,0,1569852,0
2021-03-04,50291,0,1620143,0
2021-03-05,55731,0,1675874,0
2021-03-06,41870,0,1717744,0
2021-03-07,22323,0,1740067,0
2021-03-08,50823,0,1790890,0
2021-03-09,53072,0,1843962,0
2021-03-10,58650,0,1902612,0
2021-03-11,63862,0,1966474,0
2021-03-12,65109,0,2031583,0
2021-03-13,51718,0,2083301,0
2021-03-14,35396,0,2118697,0
2021-03-15,73441,0,2192138,0
2021-03-16,74028,0,2266166,0
2021-03-17,83132,0,2349298,0
2021-03-18,81623,0,2430921,0
2021-03-19,81082,0,2512003,0
2021-03-20,64721,0,2576724,0
2021-03-21,47296,0,2624020,0
2021-03-22,69477,0,2693497,0
2021-03-23,75799,0,2769296,0
2021-03-24,90912,0,2860208,0
2021-03-25,89799,0,2950007,0
2021-03-26,83621,0,3033628,0
2021-03-27,71938,0,3105566,0
2021-03-28,44145,0,3149711,0
2021-03-29,70824,0,3220535,0
2021-03-30,81384,0,3301919,0
2021-03-31,96237,0,3398156,0
2021-04-01,95308,0,3493464,0
2021-04-02,84072,0,3577536,0
2021-04-03,64305,0,3641841,0
2021-04-04,21719,0,3663560,0
2021-04-05,40310,0,3703870,0
2021-04-06,81313,0,3785183,0
2021-04-07,95830,0,3881013,0
2021-04-08,95234,0,3976247,0
2021-04-09,88488,0,4064735,0
2021-04-10,74030,0,4138765,0
2021-04-11,44762,0,4183527,0
2021-04-12,66918,0,4250445,0
2021-04-13,72573,0,4323018,0
2021-04-14,85539,0,4408557,0
2021-04-15,105417,0,4513974,0
2021-04-16,106416,0,4620390,0
2021-04-17,90514,0,4710904,0
2021-04-18,58590,0,4769494,0
2021-04-19,93430,0,4862924,0
2021-04-20,103769,0,4966693,0
2021-04-21,125340,0,5092033,0
2021-04-22,143518,0,5235551,0
2021-04-23,138738,0,5374289,0
2021-04-24,124444,0,5498733,0
2021-04-25,61457,0,5560190,0
2021-04-26,97894,0,5658084,0
2021-04-27,128362,0,5786446,0
2021-04-28,156369,0,5942815,0
2021-04-29,195595,0,6138410,0
2021-04-30,214576,0,6352986,0
2021-05-01,174116,0,6527102,0
2021-05-02,135803,0,6662905,0
2021-05-03,142037,0,6804942,0
2021-05-04,158695,0,6963637,0
2021-05-05,170499,0,7134136,0
2021-05-06,197808,0,7331944,0
2021-05-07,213845,0,7545789,0
2021-05-08,213410,0,7759199,0
2021-05-09,143200,0,7902399,0
2021-05-10,165088,0,8067487,0
2021-05-11,174987,0,8242474,0
2021-05-12,179182,0,8421656,0
2021-05-13,203384,0,8625040,0
2021-05-14,222913,0,8847953,0
2021-05-15,210358,0,9058311,0
2021-05-16,159273,0,9217584,0
2021-05-17,219192,0,9436776,0
2021-05-18,213017,0,9649793,0
2021-05-19,207085,0,9856878,0
2021-05-20,270861,0,10127739,0
2021-05-21,270888,0,10398627,0
2021-05-22,245524,0,10644151,0
2021-05-23,197178,0,10841329,0
2021-05-24,228305,0,11069634,0
2021-05-25,245694,0,11315328,0
2021-05-26,277491,0,11592819,0
2021-05-27,311084,0,11903903,0
2021-05-28,299571,0,12203474,0
2021-05-29,231219,0,12434693,0
2021-05-30,170840,0,12605533,0
2021-05-31,216421,0,12821954,0
2021-06-01,207632,0,13029586,0
2021-06-02,115789,0,13145375,0
2021-06-03,180137,0,13325512,0
2021-06-04,184876,0,13510388,0
2021-06-05,185956,0,13696344,0
2021-06-06,139548,0,13835892,0
2021-06-07,161870,0,13997762,0
2021-06-08,171215,0,14168977,0
2021-06-09,171473,0,14340450,0
2021-06-10,174094,0,14514544,0
2021-06-11,169972,0,14684516,0
2021-06-12,128322,0,14812838,0
2021-06-13,91183,0,14904021,0
2021-06-14,214674,0,15118695,0
2021-06-15,228418,0,15347113,0
2021-06-16,253073,0,15600186,0
2021-06-17,301733,0,15901919,0
2021-06-18,306295,0,16208214,0
2021-06-19,275085,0,16483299,0
2021-06-20,220777,0,16704076,0
2021-06-21,288075,0,16992151,0
2021-06-22,296219,0,17288370,0
2021-06-23,302688,0,17591058,0
2021-06-24,332592,0,17923650,0
2021-06-25,348710,0,18272360,0
2021-06-26,300120,0,18572480,0
2021-06-27,228662,0,18801142,0
2021-06-28,307089,0,19108231,0
2021-06-29,329283,0,19437514,0
2021-06-30,342163,0,19779677,0
2021-07-01,363205,0,20142882,0
2021-07-02,368466,0,20511348,0
2021-07-03,371089,0,20882437,0
2021-07-04,283210,0,21165647,0
2021-07-05,384544,0,21550191,0
2021-07-06,385466,0,21935657,0
2021-07-07,412120,0,22347777,0
2021-07-08,479613,0,22827390,0
2021-07-09,498479,0,23325869,0
2021-07-10,475187,0,23801056,0
2021-07-11,357699,0,24158755,0
2021-07-12,485901,0,24644656,0
2021-07-13,492121,0,25136777,0
2021-07-14,480468,0,25617245,0
2021-07-15,523463,0,26140708,0
2021-07-16,509762,0,26650470,0
2021-07-17,464350,0,27114820,0
2021-07-18,364655,0,27479475,0
2021-07-19,463061,0,27942536,0
2021-07-20,458064,0,28400600,0
2021-07-21,462795,0,28863395,0
2021-07-22,475394,0,29338789,0
2021-07-23,441317,0,29780106,0
2021-07-24,386169,0,30166275,0
2021-07-25,287562,0,30453837,0
2021-07-26,430876,0,30884713,0
2021-07-27,440129,0,31324842,0
2021-07-28,391013,0,31715855,0
2021-07-29,372078,0,32087933,0
2021-07-30,341511,0,32429444,0
2021-07-31,287026,0,32716470,0
2021-08-01,191001,0,32907471,0
2021-08-02,333712,0,33241183,0
2021-08-03,323191,0,33564374,0
2021-08-04,310976,0,33875350,0
2021-08-05,292503,0,34167853,0
2021-08-06,260008,0,34427861,0
2021-08-07,199046,0,34626907,0
2021-08-08,153111,0,34780018,0
2021-08-09,234067,0,35014085,0
2021-08-10,205248,0,35219333,0
2021-08-11,193766,0,35413099,0
2021-08-12,168025,0,35581124,0
2021-08-13,148632,0,35729756,0
2021-08-14,66093,0,35795849,0
2021-08-15,26338,0,35822187,0
2021-08-16,114698,0,35936885,0
2021-08-17,129247,0,36066132,0
2021-08-18,128748,0,36194880,0
2021-08-19,124812,0,36319692,0
2021-08-20,123795,0,36443487,0
2021-08-21,83128,0,36526615,0
2021-08-22,68172,0,36594787,0
2021-08-23,176872,0,36771659,0
2021-08-24,156897,0,36928556,0
2021-08-25,177172,0,37105728,0
2021-08-26,172358,0,37278086,0
2021-08-27,185837,0,37463923,0
2021-08-28,140274,0,37604197,0
2021-08-29,98993,0,37703190,0
2021-08-30,209605,0,37912795,0
2021-08-31,194637,0,38107432,0
2021-09-01,192208,0,38299640,0
2021-09-02,189932,0,38489572,0
2021-09-03,191305,0,38680877,0
2021-09-04,131468,0,38812345,0
2021-09-05,87857,0,38900202,0
2021-09-06,193633,0,39093835,0
2021-09-07,196041,0,39289876,0
2021-09-08,187884,0,39477760,0
2021-09-09,201449,0,39679209,0
2021-09-10,198079,0,39877288,0
2021-09-11,141305,0,40018593,0
2021-09-12,89600,0,40108193,0
2021-09-13,191135,592,40299328,592
2021-09-14,177234,609,40476562,1201
2021-09-15,163100,612,40639662,1813
2021-09-16,160079,955,40799741,2768
2021-09-17,150170,1135,40949911,3903
2021-09-18,127983,751,41077894,4654
2021-09-19,81135,499,41159029,5153
2021-09-20,180079,9095,41339108,14248
2021-09-21,166649,8843,41505757,23091
2021-09-22,159087,9447,41664844,32538
2021-09-23,138077,9339,41802921,41877
2021-09-24,140541,8976,41943462,50853
2021-09-25,119555,5652,42063017,56505
2021-09-26,71969,4350,42134986,60855
2021-09-27,135657,10059,42270643,70914
2021-09-28,117508,11401,42388151,82315
2021-09-29,112354,11834,42500505,94149
2021-09-30,110250,14961,42610755,109110
2021-10-01,94986,19119,42705741,128229
2021-10-02,78501,14030,42784242,142259
2021-10-03,47745,7663,42831987,149922
2021-10-04,88375,34465,42920362,184387
2021-10-05,80370,33992,43000732,218379
2021-10-06,71997,34183,43072729,252562
2021-10-07,71859,34360,43144588,286922
2021-10-08,80632,33600,43225220,320522
2021-10-09,76101,22183,43301321,342705
2021-10-10,45777,13620,43347098,356325
2021-10-11,87435,41115,43434533,397440
2021-10-12,84498,46917,43519031,444357
2021-10-13,88197,52130,43607228,496487
2021-10-14,91549,58526,43698777,555013
2021-10-15,93600,55643,43792377,610656
2021-10-16,82965,36799,43875342,647455
2021-10-17,51462,23840,43926804,671295
2021-10-18,90303,59495,44017107,730790
2021-10-19,78346,69387,44095453,800177
2021-10-20,75067,78186,44170520,878363
2021-10-21,78294,81775,44248814,960138
2021-10-22,73784,77047,44322598,1037185
2021-10-23,60827,51963,44383425,1089148
2021-10-24,33374,23466,44416799,1112614
2021-10-25,64906,81640,44481705,1194254
2021-10-26,58371,91813,44540076,1286067
2021-10-27,58332,103998,44598408,1390065
2021-10-28,61460,114126,44659868,1504191
2021-10-29,61642,103149,44721510,1607340
2021-10-30,50676,68124,44772186,1675464
2021-10-31,25162,28300,44797348,1703764
2021-11-01,19047,28152,44816395,1731916
2021-11-02,62746,89400,44879141,1821316
2021-11-03,60728,118673,44939869,1939989
2021-11-04,59247,126680,44999116,2066669
2021-11-05,63094,135195,45062210,2201864
2021-11-06,46483,90933,45108693,2292797
2021-11-07,22253,37898,45130946,2330695
2021-11-08,51532,131278,45182478,2461973
2021-11-09,45398,144218,45227876,2606191
2021-11-10,42584,156360,45270460,2762551
2021-11-11,44935,155142,45315395,2917693
2021-11-12,46377,158587,45361772,3076280
2021-11-13,33263,116658,45395035,3192938
2021-11-14,14490,52454,45409525,3245392
2021-11-15,36900,157437,45446425,3402829
2021-11-16,30560,171386,45476985,3574215
2021-11-17,28465,178447,45505450,3752662
2021-11-18,30281,193736,45535731,3946398
2021-11-19,28810,205861,45564541,4152259
2021-11-20,21000,156453,45585541,4308712
2021-11-21,10611,64860,45596152,4373572
2021-11-22,21944,213155,45618096,4586727
2021-11-23,23579,241762,45641675,4828489
2021-11-24,27846,270969,45669521,5099458
2021-11-25,23240,301918,45692761,5401376
2021-11-26,24585,318277,45717346,5719653
2021-11-27,21386,266157,45738732,5985810
2021-11-28,9903,137059,45748635,6122869
2021-11-29,22339,326076,45770974,6448945
2021-11-30,23102,365825,45794076,6814770
2021-12-01,21529,413520,45815605,7228290
2021-12-02,23773,440416,45839378,7668706
2021-12-03,25267,467483,45864645,8136189
2021-12-04,22377,418760,45887022,8554949
2021-12-05,11933,261349,45898955,8816298
2021-12-06,25823,457595,45924778,9273893
2021-12-07,24144,480270,45948922,9754163
2021-12-08,10008,249698,45958930,10003861
2021-12-09,31594,491942,45990524,10495803
2021-12-10,28079,517895,46018603,11013698
2021-12-11,23573,459259,46042176,11472957
2021-12-12,12309,293514,46054485,11766471
2021-12-13,26162,467639,46080647,12234110
2021-12-14,25177,494217,46105824,12728327
2021-12-15,25342,517160,46131166,13245487
2021-12-16,27893,520267,46159059,13765754
2021-12-17,29368,517188,46188427,14282942
2021-12-18,27073,468740,46215500,14751682
2021-12-19,15156,300532,46230656,15052214
2021-12-20,30644,477492,46261300,15529706
2021-12-21,30392,493393,46291692,16023099
2021-12-22,29458,484719,46321150,16507818
2021-12-23,28263,426916,46349413,16934734
2021-12-24,13115,210835,46362528,17145569
2021-12-25,2103,33053,46364631,17178622
2021-12-26,8767,159071,46373398,17337693
2021-12-27,46809,504668,46420207,17842361
2021-12-28,42463,554227,46462670,18396588
2021-12-29,34361,550654,46497031,18947242
2021-12-30,31855,499837,46528886,19447079
2021-12-31,14128,247397,46543014,19694476
2022-01-01,3496,64815,46546510,19759291
2022-01-02,22783,276723,46569293,20036014
2022-01-03,47872,520020,46617165,20556034
2022-01-04,46396,572089,46663561,21128123
2022-01-05,40776,560398,46704337,21688521
2022-01-06,23498,274488,46727835,21963009
2022-01-07,63722,554195,46791557,22517204
2022-01-08,60882,503395,46852439,23020599
2022-01-09,42881,319685,46895320,23340284
2022-01-10,61105,542292,46956425,23882576
2022-01-11,61744,586996,47018169,24469572
2022-01-12,58466,581278,47076635,25050850
2022-01-13,58623,580386,47135258,25631236
2022-01-14,46830,588569,47182088,26219805
2022-01-15,39432,569940,47221520,26789745
2022-01-16,31242,341859,47252762,27131604
2022-01-17,54794,489661,47307556,27621265
2022-01-18,58407,517017,47365963,28138282
2022-01-19,57207,502788,47423170,28641070
2022-01-20,54352,498826,47477522,29139896
2022-01-21,42101,493870,47519623,29633766
2022-01-22,31211,469594,47550834,30103360
2022-01-23,34942,275368,47585776,30378728
2022-01-24,56188,437223,47641964,30815951
2022-01-25,61559,452111,47703523,31268062
2022-01-26,58552,435829,47762075,31703891
2022-01-27,48847,432370,47810922,32136261
2022-01-28,58704,436538,47869626,32572799
2022-01-29,68135,412490,47937761,32985289
2022-01-30,50377,235965,47988138,33221254
2022-01-31,60630,356932,48048768,33578186
2022-02-01,65559,328444,48114327,33906630
2022-02-02,63202,296974,48177529,34203604
2022-02-03,60057,274515,48237586,34478119
2022-02-04,72382,268453,48309968,34746572
2022-02-05,83777,248529,48393745,34995101
2022-02-06,55288,116201,48449033,35111302
2022-02-07,65148,199938,48514181,35311240
2022-02-08,66928,186111,48581109,35497351
2022-02-09,58760,166334,48639869,35663685
2022-02-10,58577,163236,48698446,35826921
2022-02-11,62249,162465,48760695,35989386
2022-02-12,71977,152139,48832672,36141525
2022-02-13,41471,68850,48874143,36210375
2022-02-14,46690,116186,48920833,36326561
2022-02-15,48533,123476,48969366,36450037
2022-02-16,45678,106117,49015044,36556154
2022-02-17,42860,98106,49057904,36654260
2022-02-18,46620,112571,49104524,36766831
2022-02-19,52534,100329,49157058,36867160
2022-02-20,31411,40360,49188469,36907520
2022-02-21,37885,89647,49226354,36997167
2022-02-22,37217,83774,49263571,37080941
2022-02-23,33391,79405,49296962,37160346
2022-02-24,32549,78161,49329511,37238507
2022-02-25,34756,90708,49364267,37329215
2022-02-26,39155,89130,49403422,37418345
2022-02-27,22543,35856,49425965,37454201
2022-02-28,28478,81689,49454443,37535890
2022-03-01,22718,53939,49477161,37589829
2022-03-02,21997,50627,49499158,37640456
2022-03-03,22615,54940,49521773,37695396
2022-03-04,23230,62794,49545003,37758190
2022-03-05,23795,57951,49568798,37816141
2022-03-06,9470,17200,49578268,37833341
2022-03-07,15912,51387,49594180,37884728
2022-03-08,15472,48794,49609652,37933522
2022-03-09,13812,46517,49623464,37980039
2022-03-10,14048,52115,49637512,38032154
2022-03-11,15580,57260,49653092,38089414
2022-03-12,15501,56615,49668593,38146029
2022-03-13,5543,16850,49674136,38162879
2022-03-14,10520,46695,49684656,38209574
2022-03-15,10537,46890,49695193,38256464
2022-03-16,9477,41971,49704670,38298435
2022-03-17,9713,44871,49714383,38343306
2022-03-18,10157,49054,49724540,38392360
2022-03-19,9148,46531,49733688,38438891
2022-03-20,2608,11700,49736296,38450591
2022-03-21,7578,40223,49743874,38490814
2022-03-22,8447,37758,49752321,38528572
2022-03-23,7213,33699,49759534,38562271
2022-03-24,8256,38799,49767790,38601070
2022-03-25,8134,43662,49775924,38644732
2022-03-26,8125,41720,49784049,38686452
2022-03-27,2429,9681,49786478,38696133
2022-03-28,6106,35236,49792584,38731369
2022-03-29,5774,32527,49798358,38763896
2022-03-30,5564,30200,49803922,38794096
2022-03-31,5889,33181,49809811,38827277
2022-04-01,4347,25186,49814158,38852463
2022-04-02,4493,23274,49818651,38875737
2022-04-03,1049,4499,49819700,38880236
2022-04-04,3656,21535,49823356,38901771
2022-04-05,3755,22927,49827111,38924698
2022-04-06,4101,21848,49831212,38946546
2022-04-07,3964,23320,49835176,38969866
2022-04-08,4691,26709,49839867,38996575
2022-04-09,4381,23884,49844248,39020459
2022-04-10,891,4614,49845139,39025073
2022-04-11,3814,22685,49848953,39047758
2022-04-12,3359,21777,49852312,39069535
2022-04-13,3562,21333,49855874,39090868
2022-04-14,3485,23784,49859359,39114652
2022-04-15,3084,20617,49862443,39135269
2022-04-16,2149,11918,49864592,39147187
2022-04-17,63,348,49864655,39147535
2022-04-18,151,650,49864806,39148185
2022-04-19,3496,21977,49868302,39170162
2022-04-20,3508,20249,49871810,39190411
2022-04-21,2843,19783,49874653,39210194
2022-04-22,2926,20695,49877579,39230889
2022-04-23,2642,16217,49880221,39247106
2022-04-24,509,2334,49880730,39249440
2022-04-25,183,1165,49880913,39250605
2022-04-26,2756,17801,49883669,39268406
2022-04-27,2371,15789,49886040,39284195
2022-04-28,2356,15555,49888396,39299750
2022-04-29,2292,14836,49890688,39314586
2022-04-30,2122,11577,49892810,39326163
2022-05-01,113,530,49892923,39326693
2022-05-02,1450,9388,49894373,39336081
2022-05-03,1575,10313,49895948,39346394
2022-05-04,1746,10259,49897694,39356653
2022-05-05,1652,10278,49899346,39366931
2022-05-06,1700,10950,49901046,39377881
2022-05-07,1431,8563,49902477,39386444
2022-05-08,405,1514,49902882,39387958
2022-05-09,1027,8918,49903909,39396876
2022-05-10,1422,9541,49905331,39406417
2022-05-11,1483,10090,49906814,39416507
2022-05-12,1369,10121,49908183,39426628
2022-05-13,1590,10510,49909773,39437138
2022-05-14,1356,8229,49911129,39445367
2022-05-15,336,1130,49911465,39446497
2022-05-16,811,8394,49912276,39454891
2022-05-17,1243,8674,49913519,39463565
2022-05-18,1372,9224,49914891,39472789
2022-05-19,1500,9270,49916391,39482059
2022-05-20,1422,9498,49917813,39491557
2022-05-21,1299,7892,49919112,39499449
2022-05-22,231,1012,49919343,39500461
2022-05-23,829,8262,49920172,39508723
2022-05-24,1073,8664,49921245,39517387
2022-05-25,1369,9444,49922614,39526831
2022-05-26,1195,9455,49923809,39536286
2022-05-27,1227,9912,49925036,39546198
2022-05-28,1203,7874,49926239,39554072
2022-05-29,286,1264,49926525,39555336
2022-05-30,930,8031,49927455,39563367
2022-05-31,1034,8532,49928489,39571899
2022-06-01,890,7644,49929379,39579543
2022-06-02,35,474,49929414,39580017
2022-06-03,817,7328,49930231,39587345
2022-06-04,870,5156,49931101,39592501
2022-06-05,89,586,49931190,39593087
2022-06-06,675,6986,49931865,39600073
2022-06-07,951,7842,49932816,39607915
2022-06-08,983,7901,49933799,39615816
2022-06-09,1036,8400,49934835,39624216
2022-06-10,957,8552,49935792,39632768
2022-06-11,901,6206,49936693,39638974
2022-06-12,140,767,49936833,39639741
2022-06-13,602,6295,49937435,39646036
2022-06-14,827,7883,49938262,39653919
2022-06-15,954,7844,49939216,39661763
2022-06-16,729,7389,49939945,39669152
2022-06-17,720,7242,49940665,39676394
2022-06-18,777,5589,49941442,39681983
2022-06-19,47,522,49941489,39682505
2022-06-20,587,6695,49942076,39689200
2022-06-21,734,7654,49942810,39696854
2022-06-22,780,7307,49943590,39704161
2022-06-23,651,7459,49944241,39711620
2022-06-24,643,7472,49944884,39719092
2022-06-25,835,6532,49945719,39725624
2022-06-26,128,523,49945847,39726147
2022-06-27,531,7122,49946378,39733269
2022-06-28,745,8193,49947123,39741462
2022-06-29,756,7722,49947879,39749184
2022-06-30,745,8132,49948624,39757316
2022-07-01,576,6437,49949200,39763753
2022-07-02,536,4766,49949736,39768519
2022-07-03,49,456,49949785,39768975
2022-07-04,471,6274,49950256,39775249
2022-07-05,628,8112,49950884,39783361
2022-07-06,631,7607,49951515,39790968
2022-07-07,570,8264,49952085,39799232
2022-07-08,671,8079,49952756,39807311
2022-07-09,550,6103,49953306,39813414
2022-07-10,58,533,49953364,39813947
2022-07-11,487,7639,49953851,39821586
2022-07-12,665,9028,49954516,39830614
2022-07-13,640,10063,49955156,39840677
2022-07-14,636,10219,49955792,39850896
2022-07-15,624,10664,49956416,39861560
2022-07-16,522,7209,49956938,39868769
2022-07-17,48,769,49956986,39869538
2022-07-18,497,9350,49957483,39878888
2022-07-19,573,10657,49958056,39889545
2022-07-20,578,11258,49958634,39900803
2022-07-21,627,12040,49959261,39912843
2022-07-22,582,11228,49959843,39924071
2022-07-23,379,6744,49960222,39930815
2022-07-24,76,834,49960298,39931649
2022-07-25,502,9034,49960800,39940683
2022-07-26,519,9728,49961319,39950411
2022-07-27,550,10159,49961869,39960570
2022-07-28,527,10481,49962396,39971051
2022-07-29,510,9426,49962906,39980477
2022-07-30,381,5852,49963287,39986329
2022-07-31,49,745,49963336,39987074
2022-08-01,386,6824,49963722,39993898
2022-08-02,540,7526,49964262,40001424
2022-08-03,511,7142,49964773,40008566
2022-08-04,454,7439,49965227,40016005
2022-08-05,419,6489,49965646,40022494
2022-08-06,298,3582,49965944,40026076
2022-08-07,44,551,49965988,40026627
2022-08-08,401,4874,49966389,40031501
2022-08-09,383,5269,49966772,40036770
2022-08-10,378,4790,49967150,40041560
2022-08-11,364,4756,49967514,40046316
2022-08-12,292,3699,49967806,40050015
2022-08-13,143,1597,49967949,40051612
2022-08-14,9,128,49967958,40051740
2022-08-15,1,26,49967959,40051766
2022-08-16,283,3028,49968242,40054794
2022-08-17,351,3512,49968593,40058306
2022-08-18,389,4142,49968982,40062448
2022-08-19,341,3309,49969323,40065757
2022-08-20,183,1710,49969506,40067467
2022-08-21,24,146,49969530,40067613
2022-08-22,329,2940,49969859,40070553
2022-08-23,371,3656,49970230,40074209
2022-08-24,382,3344,49970612,40077553
2022-08-25,420,3753,49971032,40081306
2022-08-26,395,3562,49971427,40084868
2022-08-27,235,1769,49971662,40086637
2022-08-28,29,260,49971691,40086897
2022-08-29,353,3148,49972044,40090045
2022-08-30,402,3646,49972446,40093691
2022-08-31,436,3716,49972882,40097407
2022-09-01,352,3097,49973234,40100504
2022-09-02,295,2883,49973529,40103387
2022-09-03,199,1684,49973728,40105071
2022-09-04,22,147,49973750,40105218
2022-09-05,186,2646,49973936,40107864
2022-09-06,301,2984,49974237,40110848
2022-09-07,540,2912,49974777,40113760
2022-09-08,288,2946,49975065,40116706
2022-09-09,301,2854,49975366,40119560
2022-09-10,227,1325,49975593,40120885
2022-09-11,21,123,49975614,40121008
2022-09-12,267,2208,49975881,40123216
2022-09-13,248,2267,49976129,40125483
2022-09-14,261,2553,49976390,40128036
2022-09-15,279,2480,49976669,40130516
2022-09-16,252,2530,49976921,40133046
2022-09-17,239,1339,49977160,40134385
2022-09-18,20,170,49977180,40134555
2022-09-19,205,1965,49977385,40136520
2022-09-20,235,2371,49977620,40138891
2022-09-21,289,2508,49977909,40141399
2022-09-22,258,2625,49978167,40144024
2022-09-23,248,2317,49978415,40146341
2022-09-24,193,1426,49978608,40147767
2022-09-25,28,134,49978636,40147901
2022-09-26,280,2239,49978916,40150140
2022-09-27,280,2629,49979196,40152769
2022-09-28,308,2869,49979504,40155638
2022-09-29,250,3025,49979754,40158663
2022-09-30,289,2944,49980043,40161607
2022-10-01,193,1493,49980236,40163100
2022-10-02,11,187,49980247,40163287
2022-10-03,180,2452,49980427,40165739
2022-10-04,232,2815,49980659,40168554
2022-10-05,222,3177,49980881,40171731
2022-10-06,239,3767,49981120,40175498
2022-10-07,282,4080,49981402,40179578
2022-10-08,196,2207,49981598,40181785
2022-10-09,8,287,49981606,40182072
2022-10-10,205,3275,49981811,40185347
2022-10-11,190,4230,49982001,40189577
2022-10-12,199,4182,49982200,40193759
2022-10-13,169,4967,49982369,40198726
2022-10-14,209,4691,49982578,40203417
2022-10-15,184,2545,49982762,40205962
2022-10-16,6,342,49982768,40206304
2022-10-17,105,2194,49982873,40208498