data_somministrazione,vaccinazioni,booster,cum_vaccinazioni,cum_booster
2020-12-27,20,0,20,0
2020-12-28,2,0,22,0
2020-12-29,1,0,23,0
2020-12-30,8,0,31,0
2020-12-31,70,0,101,0
2021-01-01,23,0,124,0
2021-01-02,115,0,239,0
2021-01-03,81,0,320,0
2021-01-04,207,0,527,0
2021-01-05,242,0,769,0
2021-01-06,208,0,977,0
2021-01-07,296,0,1273,0
2021-01-08,338,0,1611,0
2021-01-09,252,0,1863,0
2021-01-10,149,0,2012,0
2021-01-11,276,0,2288,0
2021-01-12,266,0,2554,0
2021-01-13,392,0,2946,0
2021-01-14,480,0,3426,0
2021-01-15,298,0,3724,0
2021-01-16,210,0,3934,0
2021-01-17,3059,0,6993,0
2021-01-18,5210,0,12203,0
2021-01-19,1892,0,14095,0
2021-01-20,4655,0,18750,0
2021-01-21,20000,0,38750,0
2021-01-22,14206,0,52956,0
2021-01-23,33330,0,86286,0
2021-01-24,30787,0,117073,0
2021-01-25,64724,0,181797,0
2021-01-26,76496,0,258293,0
2021-01-27,64833,0,323126,0
2021-01-28,89283,0,412409,0
2021-01-29,94019,0,506428,0
2021-01-30,86562,0,592990,0
2021-01-31,57331,0,650321,0
2021-02-01,81861,0,732182,0
2021-02-02,82146,0,814328,0
2021-02-03,91192,0,905520,0
2021-02-04,95399,0,1000919,0
2021-02-05,90273,0,1091192,0
2021-02-06,63446,0,1154638,0
2021-02-07,32927,0,1187565,0
2021-02-08,40429,0,1227994,0
2021-02-09,32866,0,1260860,0
2021-02-10,28422,0,1289282,0
2021-02-11,20393,0,1309675,0
2021-02-12,16230,0,1325905,0
2021-02-13,7260,0,1333165,0
2021-02-14,2861,0,1336026,0
2021-02-15,6839,0,1342865,0
2021-02-16,6997,0,1349862,0
2021-02-17,10520,0,1360382,0
2021-02-18,9250,0,1369632,0
2021-02-19,8243,0,1377875,0
2021-02-20,5551,0,1383426,0
2021-02-21,2994,0,1386420,0
2021-02-22,6882,0,1393302,0
2021-02-23,7165,0,1400467,0
2021-02-24,9827,0,1410294,0
2021-02-25,14204,0,1424498,0
2021-02-26,17555,0,1442053,0
2021-02-27,13907,0,1455960,0
2021-02-28,9386,0,1465346,0
2021-03-01,26511,0,1491857,0
2021-03-02,33238,0,1525095,0
2021-03-03,44644,0,1569739,0
2021-03-04,50290,0,1620029,0
2021-03-05,55736,0,1675765,0
2021-03-06,41873,0,1717638,0
2021-03-07,22323,0,1739961,0
2021-03-08,50804,0,1790765,0
2021-03-09,53062,0,1843827,0
2021-03-10,58634,0,1902461,0
2021-03-11,63847,0,1966308,0
2021-03-12,65105,0,2031413,0
2021-03-13,51714,0,2083127,0
2021-03-14,35390,0,2118517,0
2021-03-15,73431,0,2191948,0
2021-03-16,74024,0,2265972,0
2021-03-17,83131,0,2349103,0
2021-03-18,81622,0,2430725,0
2021-03-19,81079,0,2511804,0
2021-03-20,64714,0,2576518,0
2021-03-21,47291,0,2623809,0
2021-03-22,69470,0,2693279,0
2021-03-23,75786,0,2769065,0
2021-03-24,90897,0,2859962,0
2021-03-25,89793,0,2949755,0
2021-03-26,83616,0,3033371,0
2021-03-27,71928,0,3105299,0
2021-03-28,44138,0,3149437,0
2021-03-29,70815,0,3220252,0
2021-03-30,81375,0,3301627,0
2021-03-31,96222,0,3397849,0
2021-04-01,95299,0,3493148,0
2021-04-02,84067,0,3577215,0
2021-04-03,64298,0,3641513,0
2021-04-04,21717,0,3663230,0
2021-04-05,40304,0,3703534,0
2021-04-06,81306,0,3784840,0
2021-04-07,95819,0,3880659,0
2021-04-08,95232,0,3975891,0
2021-04-09,88485,0,4064376,0
2021-04-10,74030,0,4138406,0
2021-04-11,44761,0,4183167,0
2021-04-12,66911,0,4250078,0
2021-04-13,72568,0,4322646,0
2021-04-14,85523,0,4408169,0
2021-04-15,105405,0,4513574,0
2021-04-16,106414,0,4619988,0
2021-04-17,90503,0,4710491,0
2021-04-18,58582,0,4769073,0
2021-04-19,93425,0,4862498,0
2021-04-20,103760,0,4966258,0
2021-04-21,125335,0,5091593,0
2021-04-22,143502,0,5235095,0
2021-04-23,138723,0,5373818,0
2021-04-24,124438,0,5498256,0
2021-04-25,61454,0,5559710,0
2021-04-26,97880,0,5657590,0
2021-04-27,128355,0,5785945,0
2021-04-28,156357,0,5942302,0
2021-04-29,195587,0,6137889,0
2021-04-30,214556,0,6352445,0
2021-05-01,174101,0,6526546,0
2021-05-02,135795,0,6662341,0
2021-05-03,142010,0,6804351,0
2021-05-04,158679,0,6963030,0
2021-05-05,170486,0,7133516,0
2021-05-06,197792,0,7331308,0
2021-05-07,213823,0,7545131,0
2021-05-08,213392,0,7758523,0
2021-05-09,143197,0,7901720,0
2021-05-10,165082,0,8066802,0
2021-05-11,174970,0,8241772,0
2021-05-12,179167,0,8420939,0
2021-05-13,203370,0,8624309,0
2021-05-14,222896,0,8847205,0
2021-05-15,210353,0,9057558,0
2021-05-16,159268,0,9216826,0
2021-05-17,219183,0,9436009,0
2021-05-18,213003,0,9649012,0
2021-05-19,207069,0,9856081,0
2021-05-20,270842,0,10126923,0
2021-05-21,270869,0,10397792,0
2021-05-22,245516,0,10643308,0
2021-05-23,197171,0,10840479,0
2021-05-24,228299,0,11068778,0
2021-05-25,245692,0,11314470,0
2021-05-26,277481,0,11591951,0
2021-05-27,311079,0,11903030,0
2021-05-28,299567,0,12202597,0
2021-05-29,231214,0,12433811,0
2021-05-30,170832,0,12604643,0
2021-05-31,216415,0,12821058,0
2021-06-01,207625,0,13028683,0
2021-06-02,115780,0,13144463,0
2021-06-03,180126,0,13324589,0
2021-06-04,184863,0,13509452,0
2021-06-05,185949,0,13695401,0
2021-06-06,139530,0,13834931,0
2021-06-07,161857,0,13996788,0
2021-06-08,171191,0,14167979,0
2021-06-09,171456,0,14339435,0
2021-06-10,174073,0,14513508,0
2021-06-11,169958,0,14683466,0
2021-06-12,128316,0,14811782,0
2021-06-13,91160,0,14902942,0
2021-06-14,214662,0,15117604,0
2021-06-15,228400,0,15346004,0
2021-06-16,253054,0,15599058,0
2021-06-17,301717,0,15900775,0
2021-06-18,306281,0,16207056,0
2021-06-19,275069,0,16482125,0
2021-06-20,220749,0,16702874,0
2021-06-21,288059,0,16990933,0
2021-06-22,296198,0,17287131,0
2021-06-23,302668,0,17589799,0
2021-06-24,332568,0,17922367,0
2021-06-25,348697,0,18271064,0
2021-06-26,300088,0,18571152,0
2021-06-27,228631,0,18799783,0
2021-06-28,307061,0,19106844,0
2021-06-29,329256,0,19436100,0
2021-06-30,342120,0,19778220,0
2021-07-01,363177,0,20141397,0
2021-07-02,368439,0,20509836,0
2021-07-03,371073,0,20880909,0
2021-07-04,283203,0,21164112,0
2021-07-05,384516,0,21548628,0
2021-07-06,385435,0,21934063,0
2021-07-07,412072,0,22346135,0
2021-07-08,479607,0,22825742,0
2021-07-09,498476,0,23324218,0
2021-07-10,475169,0,23799387,0
2021-07-11,357690,0,24157077,0
2021-07-12,485886,0,24642963,0
2021-07-13,492132,0,25135095,0
2021-07-14,480466,0,25615561,0
2021-07-15,523460,0,26139021,0
2021-07-16,509768,0,26648789,0
2021-07-17,464355,0,27113144,0
2021-07-18,364677,0,27477821,0
2021-07-19,463062,0,27940883,0
2021-07-20,458075,0,28398958,0
2021-07-21,462804,0,28861762,0
2021-07-22,475396,0,29337158,0
2021-07-23,441292,0,29778450,0
2021-07-24,386171,0,30164621,0
2021-07-25,287574,0,30452195,0
2021-07-26,430871,0,30883066,0
2021-07-27,440118,0,31323184,0
2021-07-28,391005,0,31714189,0
2021-07-29,372078,0,32086267,0
2021-07-30,341507,0,32427774,0
2021-07-31,287022,0,32714796,0
2021-08-01,191012,0,32905808,0
2021-08-02,333715,0,33239523,0
2021-08-03,323184,0,33562707,0
2021-08-04,310963,0,33873670,0
2021-08-05,292503,0,34166173,0
2021-08-06,260005,0,34426178,0
2021-08-07,199045,0,34625223,0
2021-08-08,153108,0,34778331,0
2021-08-09,234073,0,35012404,0
2021-08-10,205248,0,35217652,0
2021-08-11,193762,0,35411414,0
2021-08-12,168009,0,35579423,0
2021-08-13,148612,0,35728035,0
2021-08-14,66090,0,35794125,0
2021-08-15,26336,0,35820461,0
2021-08-16,114688,0,35935149,0
2021-08-17,129246,0,36064395,0
2021-08-18,128747,0,36193142,0
2021-08-19,124802,0,36317944,0
2021-08-20,123799,0,36441743,0
2021-08-21,83126,0,36524869,0
2021-08-22,68170,0,36593039,0
2021-08-23,176866,0,36769905,0
2021-08-24,156900,0,36926805,0
2021-08-25,177169,0,37103974,0
2021-08-26,172352,0,37276326,0
2021-08-27,185841,0,37462167,0
2021-08-28,140271,0,37602438,0
2021-08-29,98996,0,37701434,0
2021-08-30,209623,0,37911057,0
2021-08-31,194637,0,38105694,0
2021-09-01,192215,0,38297909,0
2021-09-02,189937,0,38487846,0
2021-09-03,191326,0,38679172,0
2021-09-04,131477,0,38810649,0
2021-09-05,87862,0,38898511,0
2021-09-06,193642,0,39092153,0
2021-09-07,196050,0,39288203,0
2021-09-08,187899,0,39476102,0
2021-09-09,201459,0,39677561,0
2021-09-10,198097,0,39875658,0
2021-09-11,141317,0,40016975,0
2021-09-12,89601,0,40106576,0
2021-09-13,191149,574,40297725,574
2021-09-14,177240,594,40474965,1168
2021-09-15,163107,601,40638072,1769
2021-09-16,160086,940,40798158,2709
2021-09-17,150174,1125,40948332,3834
2021-09-18,127979,745,41076311,4579
2021-09-19,81134,497,41157445,5076
2021-09-20,180079,9084,41337524,14160
2021-09-21,166645,8836,41504169,22996
2021-09-22,159083,9447,41663252,32443
2021-09-23,138077,9334,41801329,41777
2021-09-24,140537,8968,41941866,50745
2021-09-25,119554,5645,42061420,56390
2021-09-26,71963,4344,42133383,60734
2021-09-27,135652,10052,42269035,70786
2021-09-28,117501,11394,42386536,82180
2021-09-29,112351,11827,42498887,94007
2021-09-30,110237,14957,42609124,108964
2021-10-01,94982,19111,42704106,128075
2021-10-02,78490,14021,42782596,142096
2021-10-03,47744,7659,42830340,149755
2021-10-04,88375,34451,42918715,184206
2021-10-05,80371,33973,42999086,218179
2021-10-06,71988,34167,43071074,252346
2021-10-07,71855,34351,43142929,286697
2021-10-08,80630,33591,43223559,320288
2021-10-09,76103,22173,43299662,342461
2021-10-10,45776,13618,43345438,356079
2021-10-11,87428,41108,43432866,397187
2021-10-12,84495,46906,43517361,444093
2021-10-13,88190,52126,43605551,496219
2021-10-14,91537,58517,43697088,554736
2021-10-15,93599,55635,43790687,610371
2021-10-16,82970,36784,43873657,647155
2021-10-17,51468,23828,43925125,670983
2021-10-18,90304,59486,44015429,730469
2021-10-19,78345,69380,44093774,799849
2021-10-20,75075,78171,44168849,878020
2021-10-21,78298,81764,44247147,959784
2021-10-22,73786,77033,44320933,1036817
2021-10-23,60817,51960,44381750,1088777
2021-10-24,33374,23460,44415124,1112237
2021-10-25,64907,81628,44480031,1193865
2021-10-26,58373,91788,44538404,1285653
2021-10-27,58329,103976,44596733,1389629
2021-10-28,61465,114108,44658198,1503737
2021-10-29,61646,103130,44719844,1606867
2021-10-30,50673,68119,44770517,1674986
2021-10-31,25162,28292,44795679,1703278
2021-11-01,19045,28150,44814724,1731428
2021-11-02,62757,89383,44877481,1820811
2021-11-03,60729,118663,44938210,1939474
2021-11-04,59242,126668,44997452,2066142
2021-11-05,63097,135178,45060549,2201320
2021-11-06,46476,90923,45107025,2292243
2021-11-07,22252,37896,45129277,2330139
2021-11-08,51528,131272,45180805,2461411
2021-11-09,45399,144208,45226204,2605619
2021-11-10,42583,156350,45268787,2761969
2021-11-11,44932,155138,45313719,2917107
2021-11-12,46373,158577,45360092,3075684
2021-11-13,33258,116651,45393350,3192335
2021-11-14,14486,52446,45407836,3244781
2021-11-15,36895,157428,45444731,3402209
2021-11-16,30553,171375,45475284,3573584
2021-11-17,28456,178442,45503740,3752026
2021-11-18,30284,193722,45534024,3945748
2021-11-19,28804,205852,45562828,4151600
2021-11-20,20993,156439,45583821,4308039
2021-11-21,10610,64859,45594431,4372898
2021-11-22,21938,213142,45616369,4586040
2021-11-23,23577,241746,45639946,4827786
2021-11-24,27842,270949,45667788,5098735
2021-11-25,23235,301911,45691023,5400646
2021-11-26,24586,318269,45715609,5718915
2021-11-27,21381,266149,45736990,5985064
2021-11-28,9898,137058,45746888,6122122
2021-11-29,22329,326065,45769217,6448187
2021-11-30,23092,365824,45792309,6814011
2021-12-01,21523,413504,45813832,7227515
2021-12-02,23764,440376,45837596,7667891
2021-12-03,25261,467460,45862857,8135351
2021-12-04,22371,418731,45885228,8554082
2021-12-05,11927,261330,45897155,8815412
2021-12-06,25815,457578,45922970,9272990
2021-12-07,24134,480254,45947104,9753244
2021-12-08,10004,249684,45957108,10002928
2021-12-09,31581,491912,45988689,10494840
2021-12-10,28070,517868,46016759,11012708
2021-12-11,23561,459243,46040320,11471951
2021-12-12,12305,293495,46052625,11765446
2021-12-13,26152,467622,46078777,12233068
2021-12-14,25172,494193,46103949,12727261
2021-12-15,25335,517138,46129284,13244399
2021-12-16,27879,520241,46157163,13764640
2021-12-17,29366,517161,46186529,14281801
2021-12-18,27056,468717,46213585,14750518
2021-12-19,15144,300516,46228729,15051034
2021-12-20,30621,477482,46259350,15528516
2021-12-21,30372,493376,46289722,16021892
2021-12-22,29442,484704,46319164,16506596
2021-12-23,28244,426893,46347408,16933489
2021-12-24,13111,210824,46360519,17144313
2021-12-25,2101,33053,46362620,17177366
2021-12-26,8762,159068,46371382,17336434
2021-12-27,46785,504657,46418167,17841091
2021-12-28,42445,554209,46460612,18395300
2021-12-29,34342,550637,46494954,18945937
2021-12-30,31828,499820,46526782,19445757
2021-12-31,14119,247389,46540901,19693146
2022-01-01,3496,64814,46544397,19757960
2022-01-02,22763,276720,46567160,20034680
2022-01-03,47847,520009,46615007,20554689
2022-01-04,46357,572081,46661364,21126770
2022-01-05,40736,560402,46702100,21687172
2022-01-06,23477,274503,46725577,21961675
2022-01-07,63687,554181,46789264,22515856
2022-01-08,60833,503377,46850097,23019233
2022-01-09,42831,319684,46892928,23338917
2022-01-10,61065,542283,46953993,23881200
2022-01-11,61703,586984,47015696,24468184
2022-01-12,58423,581273,47074119,25049457
2022-01-13,58592,580377,47132711,25629834
2022-01-14,46775,588563,47179486,26218397
2022-01-15,39383,569934,47218869,26788331
2022-01-16,31196,341850,47250065,27130181
2022-01-17,54757,489651,47304822,27619832
2022-01-18,58376,517008,47363198,28136840
2022-01-19,57177,502779,47420375,28639619
2022-01-20,54328,498813,47474703,29138432
2022-01-21,42068,493866,47516771,29632298
2022-01-22,31168,469592,47547939,30101890
2022-01-23,34919,275360,47582858,30377250
2022-01-24,56172,437210,47639030,30814460
2022-01-25,61532,452098,47700562,31266558
2022-01-26,58528,435823,47759090,31702381
2022-01-27,48821,432354,47807911,32134735
2022-01-28,58683,436529,47866594,32571264
2022-01-29,68110,412486,47934704,32983750
2022-01-30,50365,235965,47985069,33219715
2022-01-31,60612,356927,48045681,33576642
2022-02-01,65534,328436,48111215,33905078
2022-02-02,63181,296967,48174396,34202045
2022-02-03,60047,274513,48234443,34476558
2022-02-04,72365,268452,48306808,34745010
2022-02-05,83758,248527,48390566,34993537
2022-02-06,55277,116200,48445843,35109737
2022-02-07,65132,199936,48510975,35309673
2022-02-08,66918,186107,48577893,35495780
2022-02-09,58753,166333,48636646,35662113
2022-02-10,58556,163234,48695202,35825347
2022-02-11,62235,162456,48757437,35987803
2022-02-12,71967,152137,48829404,36139940
2022-02-13,41467,68848,48870871,36208788
2022-02-14,46682,116187,48917553,36324975
2022-02-15,48520,123478,48966073,36448453
2022-02-16,45667,106115,49011740,36554568
2022-02-17,42856,98104,49054596,36652672
2022-02-18,46611,112569,49101207,36765241
2022-02-19,52522,100328,49153729,36865569
2022-02-20,31412,40359,49185141,36905928
2022-02-21,37884,89643,49223025,36995571
2022-02-22,37216,83770,49260241,37079341
2022-02-23,33386,79403,49293627,37158744
2022-02-24,32550,78158,49326177,37236902
2022-02-25,34754,90708,49360931,37327610
2022-02-26,39152,89131,49400083,37416741
2022-02-27,22540,35856,49422623,37452597
2022-02-28,28472,81686,49451095,37534283
2022-03-01,22712,53939,49473807,37588222
2022-03-02,21992,50627,49495799,37638849
2022-03-03,22606,54939,49518405,37693788
2022-03-04,23219,62791,49541624,37756579
2022-03-05,23789,57953,49565413,37814532
2022-03-06,9470,17200,49574883,37831732
2022-03-07,15907,51386,49590790,37883118
2022-03-08,15469,48794,49606259,37931912
2022-03-09,13809,46513,49620068,37978425
2022-03-10,14041,52115,49634109,38030540
2022-03-11,15577,57255,49649686,38087795
2022-03-12,15495,56614,49665181,38144409
2022-03-13,5543,16849,49670724,38161258
2022-03-14,10519,46694,49681243,38207952
2022-03-15,10536,46889,49691779,38254841
2022-03-16,9476,41975,49701255,38296816
2022-03-17,9707,44871,49710962,38341687
2022-03-18,10154,49052,49721116,38390739
2022-03-19,9146,46530,49730262,38437269
2022-03-20,2608,11700,49732870,38448969
2022-03-21,7577,40223,49740447,38489192
2022-03-22,8446,37753,49748893,38526945
2022-03-23,7208,33699,49756101,38560644
2022-03-24,8253,38798,49764354,38599442
2022-03-25,8131,43661,49772485,38643103
2022-03-26,8125,41721,49780610,38684824
2022-03-27,2429,9681,49783039,38694505
2022-03-28,6103,35233,49789142,38729738
2022-03-29,5773,32525,49794915,38762263
2022-03-30,5559,30198,49800474,38792461
2022-03-31,5887,33176,49806361,38825637
2022-04-01,4344,25188,49810705,38850825
2022-04-02,4490,23274,49815195,38874099
2022-04-03,1049,4499,49816244,38878598
2022-04-04,3654,21533,49819898,38900131
2022-04-05,3752,22925,49823650,38923056
2022-04-06,4101,21848,49827751,38944904
2022-04-07,3963,23320,49831714,38968224
2022-04-08,4688,26709,49836402,38994933
2022-04-09,4380,23884,49840782,39018817
2022-04-10,891,4614,49841673,39023431
2022-04-11,3812,22685,49845485,39046116
2022-04-12,3359,21778,49848844,39067894
2022-04-13,3561,21333,49852405,39089227
2022-04-14,3484,23781,49855889,39113008
2022-04-15,3080,20617,49858969,39133625
2022-04-16,2149,11919,49861118,39145544
2022-04-17,63,348,49861181,39145892
2022-04-18,149,650,49861330,39146542
2022-04-19,3491,21978,49864821,39168520
2022-04-20,3503,20248,49868324,39188768
2022-04-21,2841,19780,49871165,39208548
2022-04-22,2925,20696,49874090,39229244
2022-04-23,2638,16212,49876728,39245456
2022-04-24,509,2335,49877237,39247791
2022-04-25,183,1165,49877420,39248956
2022-04-26,2760,17794,49880180,39266750
2022-04-27,2371,15785,49882551,39282535
2022-04-28,2358,15553,49884909,39298088
2022-04-29,2292,14835,49887201,39312923
2022-04-30,2121,11577,49889322,39324500
2022-05-01,113,530,49889435,39325030
2022-05-02,1448,9386,49890883,39334416
2022-05-03,1574,10310,49892457,39344726
2022-05-04,1747,10258,49894204,39354984
2022-05-05,1651,10274,49895855,39365258
2022-05-06,1700,10946,49897555,39376204
2022-05-07,1431,8562,49898986,39384766
2022-05-08,404,1514,49899390,39386280
2022-05-09,1026,8918,49900416,39395198
2022-05-10,1422,9540,49901838,39404738
2022-05-11,1482,10088,49903320,39414826
2022-05-12,1368,10119,49904688,39424945
2022-05-13,1588,10511,49906276,39435456
2022-05-14,1356,8228,49907632,39443684
2022-05-15,336,1129,49907968,39444813
2022-05-16,812,8392,49908780,39453205
2022-05-17,1242,8673,49910022,39461878
2022-05-18,1371,9221,49911393,39471099
2022-05-19,1500,9269,49912893,39480368
2022-05-20,1420,9495,49914313,39489863
2022-05-21,1299,7892,49915612,39497755
2022-05-22,231,1012,49915843,39498767
2022-05-23,827,8261,49916670,39507028
2022-05-24,1070,8666,49917740,39515694
2022-05-25,1367,9446,49919107,39525140
2022-05-26,1193,9455,49920300,39534595
2022-05-27,1226,9911,49921526,39544506
2022-05-28,1202,7873,49922728,39552379
2022-05-29,285,1264,49923013,39553643
2022-05-30,930,8028,49923943,39561671
2022-05-31,1033,8532,49924976,39570203
2022-06-01,891,7644,49925867,39577847
2022-06-02,35,474,49925902,39578321
2022-06-03,816,7327,49926718,39585648
2022-06-04,870,5155,49927588,39590803
2022-06-05,89,586,49927677,39591389
2022-06-06,674,6984,49928351,39598373
2022-06-07,931,7842,49929282,39606215
2022-06-08,982,7900,49930264,39614115
2022-06-09,1036,8400,49931300,39622515
2022-06-10,957,8552,49932257,39631067
2022-06-11,900,6206,49933157,39637273
2022-06-12,140,767,49933297,39638040
2022-06-13,603,6295,49933900,39644335
2022-06-14,826,7882,49934726,39652217
2022-06-15,954,7843,49935680,39660060
2022-06-16,729,7389,49936409,39667449
2022-06-17,720,7240,49937129,39674689
2022-06-18,777,5588,49937906,39680277
2022-06-19,47,522,49937953,39680799
2022-06-20,588,6694,49938541,39687493
2022-06-21,734,7651,49939275,39695144
2022-06-22,780,7305,49940055,39702449
2022-06-23,651,7459,49940706,39709908
2022-06-24,642,7473,49941348,39717381
2022-06-25,835,6532,49942183,39723913
2022-06-26,128,523,49942311,39724436
2022-06-27,532,7120,49942843,39731556
2022-06-28,745,8193,49943588,39739749
2022-06-29,755,7719,49944343,39747468
2022-06-30,744,8132,49945087,39755600
2022-07-01,576,6437,49945663,39762037
2022-07-02,536,4766,49946199,39766803
2022-07-03,49,456,49946248,39767259
2022-07-04,470,6274,49946718,39773533
2022-07-05,628,8112,49947346,39781645
2022-07-06,630,7606,49947976,39789251
2022-07-07,568,8260,49948544,39797511
2022-07-08,670,8078,49949214,39805589
2022-07-09,549,6103,49949763,39811692
2022-07-10,58,533,49949821,39812225
2022-07-11,487,7638,49950308,39819863
2022-07-12,664,9026,49950972,39828889
2022-07-13,639,10060,49951611,39838949
2022-07-14,636,10219,49952247,39849168
2022-07-15,622,10665,49952869,39859833
2022-07-16,522,7209,49953391,39867042
2022-07-17,48,769,49953439,39867811
2022-07-18,497,9350,49953936,39877161
2022-07-19,574,10649,49954510,39887810
2022-07-20,576,11258,49955086,39899068
2022-07-21,625,12040,49955711,39911108
2022-07-22,581,11225,49956292,39922333
2022-07-23,379,6743,49956671,39929076
2022-07-24,76,834,49956747,39929910
2022-07-25,501,9033,49957248,39938943
2022-07-26,519,9724,49957767,39948667
2022-07-27,549,10155,49958316,39958822
2022-07-28,527,10481,49958843,39969303
2022-07-29,510,9423,49959353,39978726
2022-07-30,380,5853,49959733,39984579
2022-07-31,49,745,49959782,39985324
2022-08-01,386,6823,49960168,39992147
2022-08-02,539,7518,49960707,39999665
2022-08-03,511,7143,49961218,40006808
2022-08-04,452,7427,49961670,40014235
2022-08-05,417,6485,49962087,40020720
2022-08-06,298,3581,49962385,40024301
2022-08-07,44,551,49962429,40024852
2022-08-08,401,4874,49962830,40029726
2022-08-09,383,5267,49963213,40034993
2022-08-10,375,4788,49963588,40039781
2022-08-11,364,4756,49963952,40044537
2022-08-12,288,3700,49964240,40048237
2022-08-13,143,1596,49964383,40049833
2022-08-14,9,128,49964392,40049961
2022-08-15,1,26,49964393,40049987
2022-08-16,282,3025,49964675,40053012
2022-08-17,351,3513,49965026,40056525
2022-08-18,388,4142,49965414,40060667
2022-08-19,339,3306,49965753,40063973
2022-08-20,182,1711,49965935,40065684
2022-08-21,24,146,49965959,40065830
2022-08-22,327,2929,49966286,40068759
2022-08-23,371,3647,49966657,40072406
2022-08-24,381,3332,49967038,40075738
2022-08-25,419,3730,49967457,40079468
2022-08-26,394,3545,49967851,40083013
2022-08-27,234,1767,49968085,40084780
2022-08-28,29,260,49968114,40085040
2022-08-29,353,3136,49968467,40088176
2022-08-30,400,3636,49968867,40091812
2022-08-31,432,3700,49969299,40095512
2022-09-01,352,3063,49969651,40098575
2022-09-02,291,2867,49969942,40101442
2022-09-03,199,1683,49970141,40103125
2022-09-04,22,147,49970163,40103272
2022-09-05,186,2623,49970349,40105895
2022-09-06,301,2959,49970650,40108854
2022-09-07,538,2899,49971188,40111753
2022-09-08,286,2935,49971474,40114688
2022-09-09,297,2841,49971771,40117529
2022-09-10,227,1323,49971998,40118852
2022-09-11,21,122,49972019,40118974
2022-09-12,264,2188,49972283,40121162
2022-09-13,242,2219,49972525,40123381
2022-09-14,257,2505,49972782,40125886
2022-09-15,274,2409,49973056,40128295
2022-09-16,248,2411,49973304,40130706
2022-09-17,237,1306,49973541,40132012
2022-09-18,19,170,49973560,40132182
2022-09-19,203,1865,49973763,40134047
2022-09-20,229,2263,49973992,40136310
2022-09-21,274,2330,49974266,40138640
2022-09-22,251,2427,49974517,40141067
2022-09-23,241,2124,49974758,40143191
2022-09-24,196,1395,49974954,40144586
2022-09-25,28,132,49974982,40144718
2022-09-26,277,2154,49975259,40146872
2022-09-27,308,2425,49975567,40149297