data_somministrazione,vaccinazioni,booster,cum_vaccinazioni,cum_booster
2020-12-27,22,0,22,0
2020-12-28,2,0,24,0
2020-12-29,1,0,25,0
2020-12-30,8,0,33,0
2020-12-31,80,0,113,0
2021-01-01,26,0,139,0
2021-01-02,150,0,289,0
2021-01-03,113,0,402,0
2021-01-04,248,0,650,0
2021-01-05,292,0,942,0
2021-01-06,264,0,1206,0
2021-01-07,332,0,1538,0
2021-01-08,388,0,1926,0
2021-01-09,293,0,2219,0
2021-01-10,173,0,2392,0
2021-01-11,313,0,2705,0
2021-01-12,293,0,2998,0
2021-01-13,428,0,3426,0
2021-01-14,508,0,3934,0
2021-01-15,328,0,4262,0
2021-01-16,225,0,4487,0
2021-01-17,3065,0,7552,0
2021-01-18,5221,0,12773,0
2021-01-19,1896,0,14669,0
2021-01-20,4660,0,19329,0
2021-01-21,20004,0,39333,0
2021-01-22,14220,0,53553,0
2021-01-23,33317,0,86870,0
2021-01-24,30774,0,117644,0
2021-01-25,64697,0,182341,0
2021-01-26,76454,0,258795,0
2021-01-27,64805,0,323600,0
2021-01-28,89241,0,412841,0
2021-01-29,93988,0,506829,0
2021-01-30,86538,0,593367,0
2021-01-31,57319,0,650686,0
2021-02-01,81833,0,732519,0
2021-02-02,82124,0,814643,0
2021-02-03,91097,0,905740,0
2021-02-04,95379,0,1001119,0
2021-02-05,90262,0,1091381,0
2021-02-06,63451,0,1154832,0
2021-02-07,32935,0,1187767,0
2021-02-08,40421,0,1228188,0
2021-02-09,32880,0,1261068,0
2021-02-10,28440,0,1289508,0
2021-02-11,20408,0,1309916,0
2021-02-12,16253,0,1326169,0
2021-02-13,7285,0,1333454,0
2021-02-14,2862,0,1336316,0
2021-02-15,6852,0,1343168,0
2021-02-16,7008,0,1350176,0
2021-02-17,10527,0,1360703,0
2021-02-18,9259,0,1369962,0
2021-02-19,8259,0,1378221,0
2021-02-20,5590,0,1383811,0
2021-02-21,3017,0,1386828,0
2021-02-22,6884,0,1393712,0
2021-02-23,7192,0,1400904,0
2021-02-24,9816,0,1410720,0
2021-02-25,14216,0,1424936,0
2021-02-26,17566,0,1442502,0
2021-02-27,13927,0,1456429,0
2021-02-28,9399,0,1465828,0
2021-03-01,26533,0,1492361,0
2021-03-02,33248,0,1525609,0
2021-03-03,44654,0,1570263,0
2021-03-04,50306,0,1620569,0
2021-03-05,55746,0,1676315,0
2021-03-06,41886,0,1718201,0
2021-03-07,22332,0,1740533,0
2021-03-08,50839,0,1791372,0
2021-03-09,53096,0,1844468,0
2021-03-10,58701,0,1903169,0
2021-03-11,63896,0,1967065,0
2021-03-12,65146,0,2032211,0
2021-03-13,51731,0,2083942,0
2021-03-14,35428,0,2119370,0
2021-03-15,73466,0,2192836,0
2021-03-16,74031,0,2266867,0
2021-03-17,83148,0,2350015,0
2021-03-18,81633,0,2431648,0
2021-03-19,81090,0,2512738,0
2021-03-20,64747,0,2577485,0
2021-03-21,47314,0,2624799,0
2021-03-22,69507,0,2694306,0
2021-03-23,75823,0,2770129,0
2021-03-24,90942,0,2861071,0
2021-03-25,89830,0,2950901,0
2021-03-26,83646,0,3034547,0
2021-03-27,71965,0,3106512,0
2021-03-28,44194,0,3150706,0
2021-03-29,70854,0,3221560,0
2021-03-30,81421,0,3302981,0
2021-03-31,96271,0,3399252,0
2021-04-01,95345,0,3494597,0
2021-04-02,84089,0,3578686,0
2021-04-03,64315,0,3643001,0
2021-04-04,21726,0,3664727,0
2021-04-05,40327,0,3705054,0
2021-04-06,81354,0,3786408,0
2021-04-07,95850,0,3882258,0
2021-04-08,95268,0,3977526,0
2021-04-09,88508,0,4066034,0
2021-04-10,74041,0,4140075,0
2021-04-11,44774,0,4184849,0
2021-04-12,66928,0,4251777,0
2021-04-13,72606,0,4324383,0
2021-04-14,85560,0,4409943,0
2021-04-15,105426,0,4515369,0
2021-04-16,106438,0,4621807,0
2021-04-17,90534,0,4712341,0
2021-04-18,58601,0,4770942,0
2021-04-19,93448,0,4864390,0
2021-04-20,103784,0,4968174,0
2021-04-21,125343,0,5093517,0
2021-04-22,143540,0,5237057,0
2021-04-23,138767,0,5375824,0
2021-04-24,124455,0,5500279,0
2021-04-25,61471,0,5561750,0
2021-04-26,97921,0,5659671,0
2021-04-27,128384,0,5788055,0
2021-04-28,156405,0,5944460,0
2021-04-29,195630,0,6140090,0
2021-04-30,214624,0,6354714,0
2021-05-01,174152,0,6528866,0
2021-05-02,135819,0,6664685,0
2021-05-03,142085,0,6806770,0
2021-05-04,158723,0,6965493,0
2021-05-05,170558,0,7136051,0
2021-05-06,197839,0,7333890,0
2021-05-07,213891,0,7547781,0
2021-05-08,213445,0,7761226,0
2021-05-09,143225,0,7904451,0
2021-05-10,165107,0,8069558,0
2021-05-11,175020,0,8244578,0
2021-05-12,179240,0,8423818,0
2021-05-13,203437,0,8627255,0
2021-05-14,222953,0,8850208,0
2021-05-15,210401,0,9060609,0
2021-05-16,159296,0,9219905,0
2021-05-17,219228,0,9439133,0
2021-05-18,213033,0,9652166,0
2021-05-19,207109,0,9859275,0
2021-05-20,270917,0,10130192,0
2021-05-21,270920,0,10401112,0
2021-05-22,245552,0,10646664,0
2021-05-23,197199,0,10843863,0
2021-05-24,228315,0,11072178,0
2021-05-25,245702,0,11317880,0
2021-05-26,277578,0,11595458,0
2021-05-27,311109,0,11906567,0
2021-05-28,299592,0,12206159,0
2021-05-29,231261,0,12437420,0
2021-05-30,170859,0,12608279,0
2021-05-31,216445,0,12824724,0
2021-06-01,207649,0,13032373,0
2021-06-02,115812,0,13148185,0
2021-06-03,180193,0,13328378,0
2021-06-04,184941,0,13513319,0
2021-06-05,186021,0,13699340,0
2021-06-06,139605,0,13838945,0
2021-06-07,161927,0,14000872,0
2021-06-08,171317,0,14172189,0
2021-06-09,171545,0,14343734,0
2021-06-10,174187,0,14517921,0
2021-06-11,170068,0,14687989,0
2021-06-12,128422,0,14816411,0
2021-06-13,91260,0,14907671,0
2021-06-14,214721,0,15122392,0
2021-06-15,228478,0,15350870,0
2021-06-16,253122,0,15603992,0
2021-06-17,301803,0,15905795,0
2021-06-18,306353,0,16212148,0
2021-06-19,275147,0,16487295,0
2021-06-20,220838,0,16708133,0
2021-06-21,288126,0,16996259,0
2021-06-22,296277,0,17292536,0
2021-06-23,302720,0,17595256,0
2021-06-24,332638,0,17927894,0
2021-06-25,348746,0,18276640,0
2021-06-26,300158,0,18576798,0
2021-06-27,228711,0,18805509,0
2021-06-28,307173,0,19112682,0
2021-06-29,329365,0,19442047,0
2021-06-30,342243,0,19784290,0
2021-07-01,363263,0,20147553,0
2021-07-02,368518,0,20516071,0
2021-07-03,371109,0,20887180,0
2021-07-04,283252,0,21170432,0
2021-07-05,384571,0,21555003,0
2021-07-06,385497,0,21940500,0
2021-07-07,412147,0,22352647,0
2021-07-08,479583,0,22832230,0
2021-07-09,498460,0,23330690,0
2021-07-10,475173,0,23805863,0
2021-07-11,357687,0,24163550,0
2021-07-12,485869,0,24649419,0
2021-07-13,492056,0,25141475,0
2021-07-14,480430,0,25621905,0
2021-07-15,523399,0,26145304,0
2021-07-16,509733,0,26655037,0
2021-07-17,464315,0,27119352,0
2021-07-18,364622,0,27483974,0
2021-07-19,463029,0,27947003,0
2021-07-20,458038,0,28405041,0
2021-07-21,462788,0,28867829,0
2021-07-22,475370,0,29343199,0
2021-07-23,441324,0,29784523,0
2021-07-24,386141,0,30170664,0
2021-07-25,287533,0,30458197,0
2021-07-26,430885,0,30889082,0
2021-07-27,440102,0,31329184,0
2021-07-28,391011,0,31720195,0
2021-07-29,372067,0,32092262,0
2021-07-30,341532,0,32433794,0
2021-07-31,287055,0,32720849,0
2021-08-01,190996,0,32911845,0
2021-08-02,333707,0,33245552,0
2021-08-03,323183,0,33568735,0
2021-08-04,311002,0,33879737,0
2021-08-05,292479,0,34172216,0
2021-08-06,260046,0,34432262,0
2021-08-07,199072,0,34631334,0
2021-08-08,153109,0,34784443,0
2021-08-09,234084,0,35018527,0
2021-08-10,205298,0,35223825,0
2021-08-11,193803,0,35417628,0
2021-08-12,168079,0,35585707,0
2021-08-13,148677,0,35734384,0
2021-08-14,66104,0,35800488,0
2021-08-15,26345,0,35826833,0
2021-08-16,114724,0,35941557,0
2021-08-17,129263,0,36070820,0
2021-08-18,128763,0,36199583,0
2021-08-19,124868,0,36324451,0
2021-08-20,123797,0,36448248,0
2021-08-21,83138,0,36531386,0
2021-08-22,68182,0,36599568,0
2021-08-23,176871,0,36776439,0
2021-08-24,156889,0,36933328,0
2021-08-25,177168,0,37110496,0
2021-08-26,172348,0,37282844,0
2021-08-27,185827,0,37468671,0
2021-08-28,140295,0,37608966,0
2021-08-29,98999,0,37707965,0
2021-08-30,209582,0,37917547,0
2021-08-31,194640,0,38112187,0
2021-09-01,192217,0,38304404,0
2021-09-02,189930,0,38494334,0
2021-09-03,191274,0,38685608,0
2021-09-04,131432,0,38817040,0
2021-09-05,87837,0,38904877,0
2021-09-06,193596,0,39098473,0
2021-09-07,196035,0,39294508,0
2021-09-08,187849,0,39482357,0
2021-09-09,201411,0,39683768,0
2021-09-10,198042,0,39881810,0
2021-09-11,141286,0,40023096,0
2021-09-12,89589,0,40112685,0
2021-09-13,191092,670,40303777,670
2021-09-14,177203,666,40480980,1336
2021-09-15,163079,659,40644059,1995
2021-09-16,160035,1018,40804094,3013
2021-09-17,150153,1178,40954247,4191
2021-09-18,127984,787,41082231,4978
2021-09-19,81141,514,41163372,5492
2021-09-20,180053,9144,41343425,14636
2021-09-21,166676,8867,41510101,23503
2021-09-22,159121,9470,41669222,32973
2021-09-23,138111,9364,41807333,42337
2021-09-24,140551,9023,41947884,51360
2021-09-25,119563,5681,42067447,57041
2021-09-26,71992,4371,42139439,61412
2021-09-27,135672,10094,42275111,71506
2021-09-28,117523,11439,42392634,82945
2021-09-29,112386,11857,42505020,94802
2021-09-30,110295,14990,42615315,109792
2021-10-01,95006,19145,42710321,128937
2021-10-02,78531,14048,42788852,142985
2021-10-03,47761,7672,42836613,150657
2021-10-04,88393,34491,42925006,185148
2021-10-05,80390,34023,43005396,219171
2021-10-06,72006,34223,43077402,253394
2021-10-07,71882,34383,43149284,287777
2021-10-08,80651,33630,43229935,321407
2021-10-09,76120,22203,43306055,343610
2021-10-10,45795,13632,43351850,357242
2021-10-11,87449,41138,43439299,398380
2021-10-12,84514,46941,43523813,445321
2021-10-13,88226,52175,43612039,497496
2021-10-14,91558,58565,43703597,556061
2021-10-15,93603,55689,43797200,611750
2021-10-16,82976,36835,43880176,648585
2021-10-17,51461,23864,43931637,672449
2021-10-18,90301,59531,44021938,731980
2021-10-19,78351,69426,44100289,801406
2021-10-20,75059,78217,44175348,879623
2021-10-21,78283,81826,44253631,961449
2021-10-22,73764,77093,44327395,1038542
2021-10-23,60838,51977,44388233,1090519
2021-10-24,33366,23486,44421599,1114005
2021-10-25,64895,81673,44486494,1195678
2021-10-26,58367,91851,44544861,1287529
2021-10-27,58317,104044,44603178,1391573
2021-10-28,61444,114167,44664622,1505740
2021-10-29,61618,103204,44726240,1608944
2021-10-30,50669,68165,44776909,1677109
2021-10-31,25158,28315,44802067,1705424
2021-11-01,19051,28159,44821118,1733583
2021-11-02,62739,89448,44883857,1823031
2021-11-03,60713,118709,44944570,1941740
2021-11-04,59239,126708,45003809,2068448
2021-11-05,63092,135235,45066901,2203683
2021-11-06,46495,90947,45113396,2294630
2021-11-07,22248,37908,45135644,2332538
2021-11-08,51520,131304,45187164,2463842
2021-11-09,45404,144238,45232568,2608080
2021-11-10,42594,156382,45275162,2764462
2021-11-11,44928,155184,45320090,2919646
2021-11-12,46302,158713,45366392,3078359
2021-11-13,33273,116683,45399665,3195042
2021-11-14,14490,52462,45414155,3247504
2021-11-15,36907,157449,45451062,3404953
2021-11-16,30567,171417,45481629,3576370
2021-11-17,28468,178470,45510097,3754840
2021-11-18,30296,193771,45540393,3948611
2021-11-19,28825,205889,45569218,4154500
2021-11-20,21013,156463,45590231,4310963
2021-11-21,10612,64871,45600843,4375834
2021-11-22,21961,213164,45622804,4588998
2021-11-23,23607,241805,45646411,4830803
2021-11-24,27770,271106,45674181,5101909
2021-11-25,23268,301954,45697449,5403863
2021-11-26,24599,318315,45722048,5722178
2021-11-27,21420,266176,45743468,5988354
2021-11-28,9911,137071,45753379,6125425
2021-11-29,22371,326082,45775750,6451507
2021-11-30,23120,365863,45798870,6817370
2021-12-01,21565,413548,45820435,7230918
2021-12-02,23801,440444,45844236,7671362
2021-12-03,25284,467548,45869520,8138910
2021-12-04,22393,418813,45891913,8557723
2021-12-05,11944,261369,45903857,8819092
2021-12-06,25852,457637,45929709,9276729
2021-12-07,24173,480313,45953882,9757042
2021-12-08,10034,249725,45963916,10006767
2021-12-09,31629,491969,45995545,10498736
2021-12-10,28112,517942,46023657,11016678
2021-12-11,23596,459288,46047253,11475966
2021-12-12,12328,293539,46059581,11769505
2021-12-13,26187,467665,46085768,12237170
2021-12-14,25212,494245,46110980,12731415
2021-12-15,25384,517191,46136364,13248606
2021-12-16,27942,520312,46164306,13768918
2021-12-17,29405,517229,46193711,14286147
2021-12-18,27117,468788,46220828,14754935
2021-12-19,15173,300548,46236001,15055483
2021-12-20,30684,477513,46266685,15532996
2021-12-21,30425,493451,46297110,16026447
2021-12-22,29495,484761,46326605,16511208
2021-12-23,28291,426973,46354896,16938181
2021-12-24,13128,210846,46368024,17149027
2021-12-25,2104,33053,46370128,17182080
2021-12-26,8784,159077,46378912,17341157
2021-12-27,46852,504704,46425764,17845861
2021-12-28,42512,554271,46468276,18400132
2021-12-29,34408,550688,46502684,18950820
2021-12-30,31905,499871,46534589,19450691
2021-12-31,14153,247410,46548742,19698101
2022-01-01,3503,64815,46552245,19762916
2022-01-02,22844,276728,46575089,20039644
2022-01-03,47967,520042,46623056,20559686
2022-01-04,46494,572108,46669550,21131794
2022-01-05,40866,560430,46710416,21692224
2022-01-06,23547,274490,46733963,21966714
2022-01-07,63820,554229,46797783,22520943
2022-01-08,61008,503427,46858791,23024370
2022-01-09,42983,319710,46901774,23344080
2022-01-10,61190,542332,46962964,23886412
2022-01-11,61882,587042,47024846,24473454
2022-01-12,58577,581317,47083423,25054771
2022-01-13,58732,580438,47142155,25635209
2022-01-14,46965,588625,47189120,26223834
2022-01-15,39617,570002,47228737,26793836
2022-01-16,31334,341899,47260071,27135735
2022-01-17,54870,489698,47314941,27625433
2022-01-18,58485,517059,47373426,28142492
2022-01-19,57286,502826,47430712,28645318
2022-01-20,54436,498864,47485148,29144182
2022-01-21,42198,493905,47527346,29638087
2022-01-22,31322,469625,47558668,30107712
2022-01-23,34990,275393,47593658,30383105
2022-01-24,56236,437257,47649894,30820362
2022-01-25,61610,452135,47711504,31272497
2022-01-26,58607,435850,47770111,31708347
2022-01-27,48904,432420,47819015,32140767
2022-01-28,58771,436570,47877786,32577337
2022-01-29,68200,412522,47945986,32989859
2022-01-30,50416,235993,47996402,33225852
2022-01-31,60728,356954,48057130,33582806
2022-02-01,65627,328472,48122757,33911278
2022-02-02,63258,297003,48186015,34208281
2022-02-03,60099,274542,48246114,34482823
2022-02-04,72417,268478,48318531,34751301
2022-02-05,83822,248560,48402353,34999861
2022-02-06,55309,116208,48457662,35116069
2022-02-07,65193,199949,48522855,35316018
2022-02-08,66960,186134,48589815,35502152
2022-02-09,58782,166356,48648597,35668508
2022-02-10,58605,163255,48707202,35831763
2022-02-11,62282,162482,48769484,35994245
2022-02-12,72018,152157,48841502,36146402
2022-02-13,41488,68859,48882990,36215261
2022-02-14,46713,116196,48929703,36331457
2022-02-15,48573,123482,48978276,36454939
2022-02-16,45702,106132,49023978,36561071
2022-02-17,42876,98128,49066854,36659199
2022-02-18,46638,112591,49113492,36771790
2022-02-19,52547,100342,49166039,36872132
2022-02-20,31416,40367,49197455,36912499
2022-02-21,37903,89660,49235358,37002159
2022-02-22,37228,83786,49272586,37085945
2022-02-23,33404,79407,49305990,37165352
2022-02-24,32563,78169,49338553,37243521
2022-02-25,34775,90714,49373328,37334235
2022-02-26,39164,89140,49412492,37423375
2022-02-27,22548,35859,49435040,37459234
2022-02-28,28491,81698,49463531,37540932
2022-03-01,22735,53944,49486266,37594876
2022-03-02,21936,50713,49508202,37645589
2022-03-03,22641,54947,49530843,37700536
2022-03-04,23244,62803,49554087,37763339
2022-03-05,23805,57953,49577892,37821292
2022-03-06,9473,17201,49587365,37838493
2022-03-07,15928,51391,49603293,37889884
2022-03-08,15481,48797,49618774,37938681
2022-03-09,13815,46518,49632589,37985199
2022-03-10,14061,52128,49646650,38037327
2022-03-11,15594,57274,49662244,38094601
2022-03-12,15514,56620,49677758,38151221
2022-03-13,5545,16852,49683303,38168073
2022-03-14,10528,46703,49693831,38214776
2022-03-15,10555,46895,49704386,38261671
2022-03-16,9486,41979,49713872,38303650
2022-03-17,9727,44877,49723599,38348527
2022-03-18,10164,49059,49733763,38397586
2022-03-19,9152,46541,49742915,38444127
2022-03-20,2608,11704,49745523,38455831
2022-03-21,7587,40233,49753110,38496064
2022-03-22,8448,37769,49761558,38533833
2022-03-23,7221,33701,49768779,38567534
2022-03-24,8261,38821,49777040,38606355
2022-03-25,8144,43673,49785184,38650028
2022-03-26,8129,41722,49793313,38691750
2022-03-27,2432,9683,49795745,38701433
2022-03-28,6113,35245,49801858,38736678
2022-03-29,5783,32532,49807641,38769210
2022-03-30,5567,30205,49813208,38799415
2022-03-31,5906,33186,49819114,38832601
2022-04-01,4351,25189,49823465,38857790
2022-04-02,4498,23275,49827963,38881065
2022-04-03,1049,4500,49829012,38885565
2022-04-04,3662,21547,49832674,38907112
2022-04-05,3760,22938,49836434,38930050
2022-04-06,4105,21853,49840539,38951903
2022-04-07,3970,23321,49844509,38975224
2022-04-08,4696,26716,49849205,39001940
2022-04-09,4382,23889,49853587,39025829
2022-04-10,893,4613,49854480,39030442
2022-04-11,3820,22689,49858300,39053131
2022-04-12,3364,21780,49861664,39074911
2022-04-13,3574,21337,49865238,39096248
2022-04-14,3487,23789,49868725,39120037
2022-04-15,3086,20621,49871811,39140658
2022-04-16,2152,11918,49873963,39152576
2022-04-17,63,348,49874026,39152924
2022-04-18,152,650,49874178,39153574
2022-04-19,3500,21988,49877678,39175562
2022-04-20,3513,20250,49881191,39195812
2022-04-21,2848,19793,49884039,39215605
2022-04-22,2928,20714,49886967,39236319
2022-04-23,2648,16222,49889615,39252541
2022-04-24,509,2334,49890124,39254875
2022-04-25,183,1165,49890307,39256040
2022-04-26,2761,17813,49893068,39273853
2022-04-27,2375,15795,49895443,39289648
2022-04-28,2363,15567,49897806,39305215
2022-04-29,2298,14850,49900104,39320065
2022-04-30,2123,11585,49902227,39331650
2022-05-01,113,531,49902340,39332181
2022-05-02,1451,9394,49903791,39341575
2022-05-03,1577,10326,49905368,39351901
2022-05-04,1747,10276,49907115,39362177
2022-05-05,1654,10301,49908769,39372478
2022-05-06,1702,10972,49910471,39383450
2022-05-07,1431,8574,49911902,39392024
2022-05-08,417,1526,49912319,39393550
2022-05-09,1028,8935,49913347,39402485
2022-05-10,1427,9554,49914774,39412039
2022-05-11,1485,10109,49916259,39422148
2022-05-12,1371,10137,49917630,39432285
2022-05-13,1595,10527,49919225,39442812
2022-05-14,1361,8248,49920586,39451060
2022-05-15,336,1138,49920922,39452198
2022-05-16,814,8409,49921736,39460607
2022-05-17,1244,8707,49922980,39469314
2022-05-18,1373,9256,49924353,39478570
2022-05-19,1501,9287,49925854,39487857
2022-05-20,1426,9535,49927280,39497392
2022-05-21,1302,7902,49928582,39505294
2022-05-22,231,1013,49928813,39506307
2022-05-23,830,8274,49929643,39514581
2022-05-24,1073,8673,49930716,39523254
2022-05-25,1372,9460,49932088,39532714
2022-05-26,1198,9480,49933286,39542194
2022-05-27,1232,9917,49934518,39552111
2022-05-28,1205,7890,49935723,39560001
2022-05-29,288,1265,49936011,39561266
2022-05-30,931,8058,49936942,39569324
2022-05-31,1039,8549,49937981,39577873
2022-06-01,895,7657,49938876,39585530
2022-06-02,35,474,49938911,39586004
2022-06-03,817,7334,49939728,39593338
2022-06-04,870,5162,49940598,39598500
2022-06-05,88,586,49940686,39599086
2022-06-06,679,7004,49941365,39606090
2022-06-07,952,7850,49942317,39613940
2022-06-08,981,7906,49943298,39621846
2022-06-09,1037,8418,49944335,39630264
2022-06-10,958,8563,49945293,39638827
2022-06-11,904,6206,49946197,39645033
2022-06-12,140,768,49946337,39645801
2022-06-13,602,6301,49946939,39652102
2022-06-14,832,7904,49947771,39660006
2022-06-15,960,7856,49948731,39667862
2022-06-16,733,7397,49949464,39675259
2022-06-17,723,7248,49950187,39682507
2022-06-18,778,5596,49950965,39688103
2022-06-19,49,521,49951014,39688624
2022-06-20,587,6699,49951601,39695323
2022-06-21,741,7664,49952342,39702987
2022-06-22,779,7313,49953121,39710300
2022-06-23,648,7472,49953769,39717772
2022-06-24,644,7474,49954413,39725246
2022-06-25,835,6533,49955248,39731779
2022-06-26,128,523,49955376,39732302
2022-06-27,534,7126,49955910,39739428
2022-06-28,748,8207,49956658,39747635
2022-06-29,756,7733,49957414,39755368
2022-06-30,747,8145,49958161,39763513
2022-07-01,577,6443,49958738,39769956
2022-07-02,536,4769,49959274,39774725
2022-07-03,49,456,49959323,39775181
2022-07-04,469,6278,49959792,39781459
2022-07-05,631,8122,49960423,39789581
2022-07-06,634,7611,49961057,39797192
2022-07-07,576,8273,49961633,39805465
2022-07-08,677,8086,49962310,39813551
2022-07-09,550,6105,49962860,39819656
2022-07-10,58,533,49962918,39820189
2022-07-11,493,7642,49963411,39827831
2022-07-12,669,9030,49964080,39836861
2022-07-13,645,10067,49964725,39846928
2022-07-14,637,10225,49965362,39857153
2022-07-15,627,10674,49965989,39867827
2022-07-16,523,7215,49966512,39875042
2022-07-17,48,770,49966560,39875812
2022-07-18,496,9375,49967056,39885187
2022-07-19,576,10684,49967632,39895871
2022-07-20,582,11277,49968214,39907148
2022-07-21,631,12093,49968845,39919241
2022-07-22,584,11262,49969429,39930503
2022-07-23,381,6775,49969810,39937278
2022-07-24,76,857,49969886,39938135
2022-07-25,503,9055,49970389,39947190
2022-07-26,522,9764,49970911,39956954
2022-07-27,554,10210,49971465,39967164
2022-07-28,532,10535,49971997,39977699
2022-07-29,511,9466,49972508,39987165
2022-07-30,383,5883,49972891,39993048
2022-07-31,49,764,49972940,39993812
2022-08-01,386,6865,49973326,40000677
2022-08-02,548,7590,49973874,40008267
2022-08-03,513,7179,49974387,40015446
2022-08-04,455,7493,49974842,40022939
2022-08-05,421,6527,49975263,40029466
2022-08-06,300,3613,49975563,40033079
2022-08-07,44,563,49975607,40033642
2022-08-08,403,4890,49976010,40038532
2022-08-09,381,5313,49976391,40043845
2022-08-10,385,4816,49976776,40048661
2022-08-11,369,4804,49977145,40053465
2022-08-12,294,3719,49977439,40057184
2022-08-13,143,1600,49977582,40058784
2022-08-14,9,129,49977591,40058913
2022-08-15,1,26,49977592,40058939
2022-08-16,283,3043,49977875,40061982
2022-08-17,352,3536,49978227,40065518
2022-08-18,394,4160,49978621,40069678
2022-08-19,341,3319,49978962,40072997
2022-08-20,183,1715,49979145,40074712
2022-08-21,24,149,49979169,40074861
2022-08-22,330,2952,49979499,40077813
2022-08-23,370,3674,49979869,40081487
2022-08-24,384,3360,49980253,40084847
2022-08-25,423,3773,49980676,40088620
2022-08-26,400,3574,49981076,40092194
2022-08-27,237,1770,49981313,40093964
2022-08-28,29,267,49981342,40094231
2022-08-29,354,3161,49981696,40097392
2022-08-30,405,3672,49982101,40101064
2022-08-31,438,3734,49982539,40104798
2022-09-01,353,3116,49982892,40107914
2022-09-02,297,2894,49983189,40110808
2022-09-03,200,1689,49983389,40112497
2022-09-04,24,149,49983413,40112646
2022-09-05,187,2656,49983600,40115302
2022-09-06,306,2984,49983906,40118286
2022-09-07,542,2936,49984448,40121222
2022-09-08,293,2963,49984741,40124185
2022-09-09,307,2886,49985048,40127071
2022-09-10,228,1326,49985276,40128397
2022-09-11,23,124,49985299,40128521
2022-09-12,267,2269,49985566,40130790
2022-09-13,253,2277,49985819,40133067
2022-09-14,266,2566,49986085,40135633
2022-09-15,282,2501,49986367,40138134
2022-09-16,256,2546,49986623,40140680
2022-09-17,239,1339,49986862,40142019
2022-09-18,20,170,49986882,40142189
2022-09-19,206,1971,49987088,40144160
2022-09-20,235,2392,49987323,40146552
2022-09-21,289,2526,49987612,40149078
2022-09-22,267,2663,49987879,40151741
2022-09-23,259,2545,49988138,40154286
2022-09-24,193,1427,49988331,40155713
2022-09-25,29,133,49988360,40155846
2022-09-26,280,2248,49988640,40158094
2022-09-27,287,2683,49988927,40160777
2022-09-28,310,2906,49989237,40163683
2022-09-29,257,3049,49989494,40166732
2022-09-30,292,2989,49989786,40169721
2022-10-01,195,1515,49989981,40171236
2022-10-02,12,187,49989993,40171423
2022-10-03,185,2475,49990178,40173898
2022-10-04,235,2862,49990413,40176760
2022-10-05,228,3253,49990641,40180013
2022-10-06,243,3874,49990884,40183887
2022-10-07,283,4189,49991167,40188076
2022-10-08,204,2270,49991371,40190346
2022-10-09,8,305,49991379,40190651
2022-10-10,214,3357,49991593,40194008
2022-10-11,194,4379,49991787,40198387
2022-10-12,207,4441,49991994,40202828
2022-10-13,204,5304,49992198,40208132
2022-10-14,233,5026,49992431,40213158
2022-10-15,191,2671,49992622,40215829
2022-10-16,6,360,49992628,40216189
2022-10-17,186,3875,49992814,40220064
2022-10-18,256,4967,49993070,40225031
2022-10-19,244,5478,49993314,40230509
2022-10-20,224,5998,49993538,40236507
2022-10-21,250,5477,49993788,40241984
2022-10-22,195,2911,49993983,40244895
2022-10-23,13,364,49993996,40245259
2022-10-24,171,3931,49994167,40249190
2022-10-25,254,4927,49994421,40254117
2022-10-26,347,5503,49994768,40259620
2022-10-27,241,5672,49995009,40265292
2022-10-28,200,5263,49995209,40270555
2022-10-29,128,2844,49995337,40273399
2022-10-30,3,328,49995340,40273727
2022-10-31,117,3042,49995457,40276769
2022-11-01,11,353,49995468,40277122
2022-11-02,146,3723,49995614,40280845
2022-11-03,172,4790,49995786,40285635
2022-11-04,227,4602,49996013,40290237
2022-11-05,144,2598,49996157,40292835
2022-11-06,10,261,49996167,40293096
2022-11-07,169,3225,49996336,40296321
2022-11-08,260,4254,49996596,40300575
2022-11-09,197,4331,49996793,40304906
2022-11-10,183,4598,49996976,40309504
2022-11-11,193,4226,49997169,40313730
2022-11-12,158,2378,49997327,40316108
2022-11-13,7,338,49997334,40316446
2022-11-14,150,2838,49997484,40319284
2022-11-15,202,3748,49997686,40323032
2022-11-16,217,3995,49997903,40327027
2022-11-17,191,4107,49998094,40331134
2022-11-18,246,4034,49998340,40335168
2022-11-19,113,2106,49998453,40337274
2022-11-20,24,317,49998477,40337591
2022-11-21,119,2621,49998596,40340212
2022-11-22,143,3217,49998739,40343429
2022-11-23,191,3625,49998930,40347054
2022-11-24,158,3844,49999088,40350898
2022-11-25,184,3785,49999272,40354683
2022-11-26,133,2093,49999405,40356776
2022-11-27,22,356,49999427,40357132
2022-11-28,182,2687,49999609,40359819
2022-11-29,257,3231,49999866,40363050
2022-11-30,182,3737,50000048,40366787
2022-12-01,151,3627,50000199,40370414
2022-12-02,158,3531,50000357,40373945
2022-12-03,106,1969,50000463,40375914
2022-12-04,5,290,50000468,40376204
2022-12-05,129,2855,50000597,40379059
2022-12-06,177,3658,50000774,40382717
2022-12-07,136,3137,50000910,40385854
2022-12-08,8,169,50000918,40386023
2022-12-09,161,3035,50001079,40389058
2022-12-10,78,1607,50001157,40390665
2022-12-11,7,193,50001164,40390858
2022-12-12,171,2535,50001335,40393393
2022-12-13,253,3053,50001588,40396446
2022-12-14,228,3225,50001816,40399671
2022-12-15,204,3276,50002020,40402947
2022-12-16,161,3179,50002181,40406126
2022-12-17,95,1690,50002276,40407816
2022-12-18,10,270,50002286,40408086
2022-12-19,143,2165,50002429,40410251
2022-12-20,211,2517,50002640,40412768
2022-12-21,157,2244,50002797,40415012
2022-12-22,141,1872,50002938,40416884
2022-12-23,151,1216,50003089,40418100
2022-12-24,32,160,50003121,40418260
2022-12-25,0,6,50003121,40418266
2022-12-26,6,41,50003127,40418307
2022-12-27,132,1555,50003259,40419862
2022-12-28,132,1774,50003391,40421636
2022-12-29,93,1699,50003484,40423335
2022-12-30,116,1608,50003600,40424943
2022-12-31,21,275,50003621,40425218
2023-01-01,0,6,50003621,40425224
2023-01-02,47,1120,50003668,40426344
2023-01-03,98,1888,50003766,40428232
2023-01-04,108,1982,50003874,40430214
2023-01-05,94,1883,50003968,40432097
2023-01-06,0,68,50003968,40432165
2023-01-07,51,674,50004019,40432839
2023-01-08,2,96,50004021,40432935
2023-01-09,70,790,50004091,40433725