data_somministrazione,vaccinazioni,booster,cum_vaccinazioni,cum_booster
2020-12-27,22,0,22,0
2020-12-28,2,0,24,0
2020-12-29,1,0,25,0
2020-12-30,8,0,33,0
2020-12-31,80,0,113,0
2021-01-01,26,0,139,0
2021-01-02,151,0,290,0
2021-01-03,112,0,402,0
2021-01-04,246,0,648,0
2021-01-05,291,0,939,0
2021-01-06,262,0,1201,0
2021-01-07,331,0,1532,0
2021-01-08,385,0,1917,0
2021-01-09,290,0,2207,0
2021-01-10,172,0,2379,0
2021-01-11,312,0,2691,0
2021-01-12,292,0,2983,0
2021-01-13,425,0,3408,0
2021-01-14,506,0,3914,0
2021-01-15,327,0,4241,0
2021-01-16,225,0,4466,0
2021-01-17,3065,0,7531,0
2021-01-18,5221,0,12752,0
2021-01-19,1896,0,14648,0
2021-01-20,4660,0,19308,0
2021-01-21,20004,0,39312,0
2021-01-22,14220,0,53532,0
2021-01-23,33316,0,86848,0
2021-01-24,30775,0,117623,0
2021-01-25,64698,0,182321,0
2021-01-26,76456,0,258777,0
2021-01-27,64804,0,323581,0
2021-01-28,89244,0,412825,0
2021-01-29,93991,0,506816,0
2021-01-30,86538,0,593354,0
2021-01-31,57320,0,650674,0
2021-02-01,81833,0,732507,0
2021-02-02,82126,0,814633,0
2021-02-03,91101,0,905734,0
2021-02-04,95381,0,1001115,0
2021-02-05,90263,0,1091378,0
2021-02-06,63450,0,1154828,0
2021-02-07,32935,0,1187763,0
2021-02-08,40421,0,1228184,0
2021-02-09,32880,0,1261064,0
2021-02-10,28440,0,1289504,0
2021-02-11,20408,0,1309912,0
2021-02-12,16252,0,1326164,0
2021-02-13,7281,0,1333445,0
2021-02-14,2862,0,1336307,0
2021-02-15,6851,0,1343158,0
2021-02-16,7008,0,1350166,0
2021-02-17,10526,0,1360692,0
2021-02-18,9258,0,1369950,0
2021-02-19,8259,0,1378209,0
2021-02-20,5585,0,1383794,0
2021-02-21,3015,0,1386809,0
2021-02-22,6884,0,1393693,0
2021-02-23,7191,0,1400884,0
2021-02-24,9815,0,1410699,0
2021-02-25,14215,0,1424914,0
2021-02-26,17563,0,1442477,0
2021-02-27,13925,0,1456402,0
2021-02-28,9398,0,1465800,0
2021-03-01,26533,0,1492333,0
2021-03-02,33247,0,1525580,0
2021-03-03,44652,0,1570232,0
2021-03-04,50304,0,1620536,0
2021-03-05,55745,0,1676281,0
2021-03-06,41887,0,1718168,0
2021-03-07,22332,0,1740500,0
2021-03-08,50840,0,1791340,0
2021-03-09,53095,0,1844435,0
2021-03-10,58702,0,1903137,0
2021-03-11,63895,0,1967032,0
2021-03-12,65146,0,2032178,0
2021-03-13,51732,0,2083910,0
2021-03-14,35428,0,2119338,0
2021-03-15,73462,0,2192800,0
2021-03-16,74030,0,2266830,0
2021-03-17,83146,0,2349976,0
2021-03-18,81634,0,2431610,0
2021-03-19,81091,0,2512701,0
2021-03-20,64746,0,2577447,0
2021-03-21,47312,0,2624759,0
2021-03-22,69506,0,2694265,0
2021-03-23,75822,0,2770087,0
2021-03-24,90940,0,2861027,0
2021-03-25,89830,0,2950857,0
2021-03-26,83645,0,3034502,0
2021-03-27,71965,0,3106467,0
2021-03-28,44192,0,3150659,0
2021-03-29,70852,0,3221511,0
2021-03-30,81420,0,3302931,0
2021-03-31,96267,0,3399198,0
2021-04-01,95344,0,3494542,0
2021-04-02,84089,0,3578631,0
2021-04-03,64314,0,3642945,0
2021-04-04,21726,0,3664671,0
2021-04-05,40326,0,3704997,0
2021-04-06,81351,0,3786348,0
2021-04-07,95851,0,3882199,0
2021-04-08,95268,0,3977467,0
2021-04-09,88510,0,4065977,0
2021-04-10,74040,0,4140017,0
2021-04-11,44774,0,4184791,0
2021-04-12,66929,0,4251720,0
2021-04-13,72601,0,4324321,0
2021-04-14,85560,0,4409881,0
2021-04-15,105428,0,4515309,0
2021-04-16,106436,0,4621745,0
2021-04-17,90533,0,4712278,0
2021-04-18,58599,0,4770877,0
2021-04-19,93447,0,4864324,0
2021-04-20,103783,0,4968107,0
2021-04-21,125346,0,5093453,0
2021-04-22,143539,0,5236992,0
2021-04-23,138765,0,5375757,0
2021-04-24,124455,0,5500212,0
2021-04-25,61471,0,5561683,0
2021-04-26,97920,0,5659603,0
2021-04-27,128381,0,5787984,0
2021-04-28,156403,0,5944387,0
2021-04-29,195627,0,6140014,0
2021-04-30,214623,0,6354637,0
2021-05-01,174150,0,6528787,0
2021-05-02,135818,0,6664605,0
2021-05-03,142083,0,6806688,0
2021-05-04,158720,0,6965408,0
2021-05-05,170556,0,7135964,0
2021-05-06,197836,0,7333800,0
2021-05-07,213890,0,7547690,0
2021-05-08,213444,0,7761134,0
2021-05-09,143224,0,7904358,0
2021-05-10,165112,0,8069470,0
2021-05-11,175019,0,8244489,0
2021-05-12,179238,0,8423727,0
2021-05-13,203429,0,8627156,0
2021-05-14,222952,0,8850108,0
2021-05-15,210398,0,9060506,0
2021-05-16,159295,0,9219801,0
2021-05-17,219228,0,9439029,0
2021-05-18,213036,0,9652065,0
2021-05-19,207109,0,9859174,0
2021-05-20,270914,0,10130088,0
2021-05-21,270918,0,10401006,0
2021-05-22,245553,0,10646559,0
2021-05-23,197199,0,10843758,0
2021-05-24,228315,0,11072073,0
2021-05-25,245704,0,11317777,0
2021-05-26,277577,0,11595354,0
2021-05-27,311112,0,11906466,0
2021-05-28,299591,0,12206057,0
2021-05-29,231262,0,12437319,0
2021-05-30,170858,0,12608177,0
2021-05-31,216445,0,12824622,0
2021-06-01,207647,0,13032269,0
2021-06-02,115812,0,13148081,0
2021-06-03,180188,0,13328269,0
2021-06-04,184939,0,13513208,0
2021-06-05,186017,0,13699225,0
2021-06-06,139605,0,13838830,0
2021-06-07,161923,0,14000753,0
2021-06-08,171313,0,14172066,0
2021-06-09,171542,0,14343608,0
2021-06-10,174184,0,14517792,0
2021-06-11,170065,0,14687857,0
2021-06-12,128419,0,14816276,0
2021-06-13,91255,0,14907531,0
2021-06-14,214719,0,15122250,0
2021-06-15,228473,0,15350723,0
2021-06-16,253121,0,15603844,0
2021-06-17,301800,0,15905644,0
2021-06-18,306346,0,16211990,0
2021-06-19,275143,0,16487133,0
2021-06-20,220838,0,16707971,0
2021-06-21,288122,0,16996093,0
2021-06-22,296276,0,17292369,0
2021-06-23,302719,0,17595088,0
2021-06-24,332636,0,17927724,0
2021-06-25,348747,0,18276471,0
2021-06-26,300157,0,18576628,0
2021-06-27,228706,0,18805334,0
2021-06-28,307172,0,19112506,0
2021-06-29,329360,0,19441866,0
2021-06-30,342240,0,19784106,0
2021-07-01,363262,0,20147368,0
2021-07-02,368514,0,20515882,0
2021-07-03,371108,0,20886990,0
2021-07-04,283252,0,21170242,0
2021-07-05,384569,0,21554811,0
2021-07-06,385494,0,21940305,0
2021-07-07,412141,0,22352446,0
2021-07-08,479583,0,22832029,0
2021-07-09,498462,0,23330491,0
2021-07-10,475173,0,23805664,0
2021-07-11,357688,0,24163352,0
2021-07-12,485871,0,24649223,0
2021-07-13,492060,0,25141283,0
2021-07-14,480429,0,25621712,0
2021-07-15,523407,0,26145119,0
2021-07-16,509738,0,26654857,0
2021-07-17,464317,0,27119174,0
2021-07-18,364625,0,27483799,0
2021-07-19,463030,0,27946829,0
2021-07-20,458043,0,28404872,0
2021-07-21,462787,0,28867659,0
2021-07-22,475371,0,29343030,0
2021-07-23,441325,0,29784355,0
2021-07-24,386142,0,30170497,0
2021-07-25,287536,0,30458033,0
2021-07-26,430887,0,30888920,0
2021-07-27,440101,0,31329021,0
2021-07-28,391012,0,31720033,0
2021-07-29,372072,0,32092105,0
2021-07-30,341525,0,32433630,0
2021-07-31,287050,0,32720680,0
2021-08-01,190996,0,32911676,0
2021-08-02,333712,0,33245388,0
2021-08-03,323182,0,33568570,0
2021-08-04,310997,0,33879567,0
2021-08-05,292478,0,34172045,0
2021-08-06,260047,0,34432092,0
2021-08-07,199070,0,34631162,0
2021-08-08,153108,0,34784270,0
2021-08-09,234083,0,35018353,0
2021-08-10,205296,0,35223649,0
2021-08-11,193802,0,35417451,0
2021-08-12,168079,0,35585530,0
2021-08-13,148676,0,35734206,0
2021-08-14,66104,0,35800310,0
2021-08-15,26345,0,35826655,0
2021-08-16,114723,0,35941378,0
2021-08-17,129262,0,36070640,0
2021-08-18,128761,0,36199401,0
2021-08-19,124866,0,36324267,0
2021-08-20,123797,0,36448064,0
2021-08-21,83135,0,36531199,0
2021-08-22,68183,0,36599382,0
2021-08-23,176869,0,36776251,0
2021-08-24,156889,0,36933140,0
2021-08-25,177169,0,37110309,0
2021-08-26,172349,0,37282658,0
2021-08-27,185828,0,37468486,0
2021-08-28,140295,0,37608781,0
2021-08-29,98998,0,37707779,0
2021-08-30,209582,0,37917361,0
2021-08-31,194640,0,38112001,0
2021-09-01,192216,0,38304217,0
2021-09-02,189925,0,38494142,0
2021-09-03,191278,0,38685420,0
2021-09-04,131437,0,38816857,0
2021-09-05,87839,0,38904696,0
2021-09-06,193599,0,39098295,0
2021-09-07,196038,0,39294333,0
2021-09-08,187857,0,39482190,0
2021-09-09,201416,0,39683606,0
2021-09-10,198047,0,39881653,0
2021-09-11,141289,0,40022942,0
2021-09-12,89589,0,40112531,0
2021-09-13,191097,665,40303628,665
2021-09-14,177205,662,40480833,1327
2021-09-15,163080,658,40643913,1985
2021-09-16,160034,1017,40803947,3002
2021-09-17,150153,1177,40954100,4179
2021-09-18,127985,784,41082085,4963
2021-09-19,81141,513,41163226,5476
2021-09-20,180057,9139,41343283,14615
2021-09-21,166676,8867,41509959,23482
2021-09-22,159125,9465,41669084,32947
2021-09-23,138108,9361,41807192,42308
2021-09-24,140549,9023,41947741,51331
2021-09-25,119565,5678,42067306,57009
2021-09-26,71991,4370,42139297,61379
2021-09-27,135673,10092,42274970,71471
2021-09-28,117520,11438,42392490,82909
2021-09-29,112384,11856,42504874,94765
2021-09-30,110296,14986,42615170,109751
2021-10-01,95004,19145,42710174,128896
2021-10-02,78528,14048,42788702,142944
2021-10-03,47760,7672,42836462,150616
2021-10-04,88392,34491,42924854,185107
2021-10-05,80385,34023,43005239,219130
2021-10-06,72007,34220,43077246,253350
2021-10-07,71881,34382,43149127,287732
2021-10-08,80651,33629,43229778,321361
2021-10-09,76117,22202,43305895,343563
2021-10-10,45795,13632,43351690,357195
2021-10-11,87447,41137,43439137,398332
2021-10-12,84515,46940,43523652,445272
2021-10-13,88227,52174,43611879,497446
2021-10-14,91559,58563,43703438,556009
2021-10-15,93599,55688,43797037,611697
2021-10-16,82977,36834,43880014,648531
2021-10-17,51461,23864,43931475,672395
2021-10-18,90299,59529,44021774,731924
2021-10-19,78352,69424,44100126,801348
2021-10-20,75060,78216,44175186,879564
2021-10-21,78282,81826,44253468,961390
2021-10-22,73765,77092,44327233,1038482
2021-10-23,60838,51977,44388071,1090459
2021-10-24,33369,23483,44421440,1113942
2021-10-25,64893,81673,44486333,1195615
2021-10-26,58372,91847,44544705,1287462
2021-10-27,58317,104045,44603022,1391507
2021-10-28,61444,114165,44664466,1505672
2021-10-29,61621,103201,44726087,1608873
2021-10-30,50672,68160,44776759,1677033
2021-10-31,25158,28315,44801917,1705348
2021-11-01,19050,28159,44820967,1733507
2021-11-02,62737,89447,44883704,1822954
2021-11-03,60714,118707,44944418,1941661
2021-11-04,59238,126709,45003656,2068370
2021-11-05,63091,135234,45066747,2203604
2021-11-06,46495,90945,45113242,2294549
2021-11-07,22248,37908,45135490,2332457
2021-11-08,51523,131301,45187013,2463758
2021-11-09,45403,144238,45232416,2607996
2021-11-10,42593,156382,45275009,2764378
2021-11-11,44930,155180,45319939,2919558
2021-11-12,46300,158713,45366239,3078271
2021-11-13,33273,116683,45399512,3194954
2021-11-14,14490,52462,45414002,3247416
2021-11-15,36907,157449,45450909,3404865
2021-11-16,30568,171416,45481477,3576281
2021-11-17,28469,178470,45509946,3754751
2021-11-18,30297,193770,45540243,3948521
2021-11-19,28825,205890,45569068,4154411
2021-11-20,21015,156461,45590083,4310872
2021-11-21,10613,64870,45600696,4375742
2021-11-22,21959,213166,45622655,4588908
2021-11-23,23609,241804,45646264,4830712
2021-11-24,27769,271103,45674033,5101815
2021-11-25,23269,301953,45697302,5403768
2021-11-26,24599,318314,45721901,5722082
2021-11-27,21420,266176,45743321,5988258
2021-11-28,9911,137072,45753232,6125330
2021-11-29,22369,326083,45775601,6451413
2021-11-30,23121,365862,45798722,6817275
2021-12-01,21563,413547,45820285,7230822
2021-12-02,23799,440447,45844084,7671269
2021-12-03,25283,467547,45869367,8138816
2021-12-04,22392,418813,45891759,8557629
2021-12-05,11944,261370,45903703,8818999
2021-12-06,25850,457638,45929553,9276637
2021-12-07,24171,480309,45953724,9756946
2021-12-08,10032,249725,45963756,10006671
2021-12-09,31628,491971,45995384,10498642
2021-12-10,28110,517940,46023494,11016582
2021-12-11,23595,459288,46047089,11475870
2021-12-12,12328,293536,46059417,11769406
2021-12-13,26186,467663,46085603,12237069
2021-12-14,25207,494246,46110810,12731315
2021-12-15,25383,517191,46136193,13248506
2021-12-16,27938,520310,46164131,13768816
2021-12-17,29406,517229,46193537,14286045
2021-12-18,27117,468788,46220654,14754833
2021-12-19,15173,300548,46235827,15055381
2021-12-20,30684,477513,46266511,15532894
2021-12-21,30424,493452,46296935,16026346
2021-12-22,29495,484760,46326430,16511106
2021-12-23,28291,426973,46354721,16938079
2021-12-24,13126,210847,46367847,17148926
2021-12-25,2104,33053,46369951,17181979
2021-12-26,8784,159077,46378735,17341056
2021-12-27,46852,504702,46425587,17845758
2021-12-28,42513,554270,46468100,18400028
2021-12-29,34410,550685,46502510,18950713
2021-12-30,31904,499871,46534414,19450584
2021-12-31,14152,247410,46548566,19697994
2022-01-01,3503,64815,46552069,19762809
2022-01-02,22842,276729,46574911,20039538
2022-01-03,47967,520043,46622878,20559581
2022-01-04,46495,572109,46669373,21131690
2022-01-05,40864,560430,46710237,21692120
2022-01-06,23545,274489,46733782,21966609
2022-01-07,63817,554228,46797599,22520837
2022-01-08,61005,503426,46858604,23024263
2022-01-09,42980,319709,46901584,23343972
2022-01-10,61187,542330,46962771,23886302
2022-01-11,61881,587041,47024652,24473343
2022-01-12,58576,581316,47083228,25054659
2022-01-13,58732,580437,47141960,25635096
2022-01-14,46957,588626,47188917,26223722
2022-01-15,39607,570001,47228524,26793723
2022-01-16,31333,341900,47259857,27135623
2022-01-17,54863,489699,47314720,27625322
2022-01-18,58483,517059,47373203,28142381
2022-01-19,57283,502826,47430486,28645207
2022-01-20,54434,498865,47484920,29144072
2022-01-21,42196,493906,47527116,29637978
2022-01-22,31316,469624,47558432,30107602
2022-01-23,34986,275391,47593418,30382993
2022-01-24,56234,437255,47649652,30820248
2022-01-25,61608,452136,47711260,31272384
2022-01-26,58605,435851,47769865,31708235
2022-01-27,48903,432419,47818768,32140654
2022-01-28,58769,436569,47877537,32577223
2022-01-29,68199,412521,47945736,32989744
2022-01-30,50415,235991,47996151,33225735
2022-01-31,60728,356954,48056879,33582689
2022-02-01,65625,328472,48122504,33911161
2022-02-02,63255,297002,48185759,34208163
2022-02-03,60098,274542,48245857,34482705
2022-02-04,72417,268475,48318274,34751180
2022-02-05,83822,248560,48402096,34999740
2022-02-06,55309,116208,48457405,35115948
2022-02-07,65192,199948,48522597,35315896
2022-02-08,66959,186133,48589556,35502029
2022-02-09,58778,166355,48648334,35668384
2022-02-10,58604,163256,48706938,35831640
2022-02-11,62279,162481,48769217,35994121
2022-02-12,72018,152157,48841235,36146278
2022-02-13,41488,68859,48882723,36215137
2022-02-14,46713,116195,48929436,36331332
2022-02-15,48573,123482,48978009,36454814
2022-02-16,45701,106131,49023710,36560945
2022-02-17,42877,98127,49066587,36659072
2022-02-18,46639,112590,49113226,36771662
2022-02-19,52548,100342,49165774,36872004
2022-02-20,31416,40367,49197190,36912371
2022-02-21,37903,89660,49235093,37002031
2022-02-22,37227,83786,49272320,37085817
2022-02-23,33404,79408,49305724,37165225
2022-02-24,32562,78169,49338286,37243394
2022-02-25,34775,90714,49373061,37334108
2022-02-26,39163,89139,49412224,37423247
2022-02-27,22548,35859,49434772,37459106
2022-02-28,28491,81699,49463263,37540805
2022-03-01,22733,53943,49485996,37594748
2022-03-02,21935,50714,49507931,37645462
2022-03-03,22641,54946,49530572,37700408
2022-03-04,23245,62801,49553817,37763209
2022-03-05,23805,57954,49577622,37821163
2022-03-06,9473,17201,49587095,37838364
2022-03-07,15927,51391,49603022,37889755
2022-03-08,15481,48797,49618503,37938552
2022-03-09,13815,46518,49632318,37985070
2022-03-10,14061,52128,49646379,38037198
2022-03-11,15593,57274,49661972,38094472
2022-03-12,15513,56620,49677485,38151092
2022-03-13,5545,16852,49683030,38167944
2022-03-14,10529,46703,49693559,38214647
2022-03-15,10555,46895,49704114,38261542
2022-03-16,9486,41979,49713600,38303521
2022-03-17,9726,44877,49723326,38348398
2022-03-18,10164,49059,49733490,38397457
2022-03-19,9152,46540,49742642,38443997
2022-03-20,2608,11704,49745250,38455701
2022-03-21,7587,40231,49752837,38495932
2022-03-22,8448,37768,49761285,38533700
2022-03-23,7221,33701,49768506,38567401
2022-03-24,8261,38821,49776767,38606222
2022-03-25,8144,43673,49784911,38649895
2022-03-26,8129,41722,49793040,38691617
2022-03-27,2432,9683,49795472,38701300
2022-03-28,6112,35244,49801584,38736544
2022-03-29,5783,32532,49807367,38769076
2022-03-30,5567,30204,49812934,38799280
2022-03-31,5906,33187,49818840,38832467
2022-04-01,4351,25189,49823191,38857656
2022-04-02,4497,23275,49827688,38880931
2022-04-03,1049,4500,49828737,38885431
2022-04-04,3662,21547,49832399,38906978
2022-04-05,3758,22938,49836157,38929916
2022-04-06,4105,21853,49840262,38951769
2022-04-07,3970,23321,49844232,38975090
2022-04-08,4696,26716,49848928,39001806
2022-04-09,4381,23889,49853309,39025695
2022-04-10,893,4613,49854202,39030308
2022-04-11,3820,22689,49858022,39052997
2022-04-12,3364,21780,49861386,39074777
2022-04-13,3574,21337,49864960,39096114
2022-04-14,3487,23789,49868447,39119903
2022-04-15,3086,20621,49871533,39140524
2022-04-16,2151,11918,49873684,39152442
2022-04-17,63,348,49873747,39152790
2022-04-18,152,650,49873899,39153440
2022-04-19,3500,21985,49877399,39175425
2022-04-20,3513,20250,49880912,39195675
2022-04-21,2848,19793,49883760,39215468
2022-04-22,2928,20714,49886688,39236182
2022-04-23,2648,16222,49889336,39252404
2022-04-24,509,2334,49889845,39254738
2022-04-25,183,1165,49890028,39255903
2022-04-26,2760,17811,49892788,39273714
2022-04-27,2374,15795,49895162,39289509
2022-04-28,2363,15566,49897525,39305075
2022-04-29,2298,14850,49899823,39319925
2022-04-30,2123,11585,49901946,39331510
2022-05-01,113,531,49902059,39332041
2022-05-02,1451,9393,49903510,39341434
2022-05-03,1577,10326,49905087,39351760
2022-05-04,1747,10276,49906834,39362036
2022-05-05,1654,10297,49908488,39372333
2022-05-06,1702,10972,49910190,39383305
2022-05-07,1431,8574,49911621,39391879
2022-05-08,417,1526,49912038,39393405
2022-05-09,1029,8934,49913067,39402339
2022-05-10,1426,9550,49914493,39411889
2022-05-11,1484,10109,49915977,39421998
2022-05-12,1371,10137,49917348,39432135
2022-05-13,1596,10524,49918944,39442659
2022-05-14,1360,8246,49920304,39450905
2022-05-15,336,1136,49920640,39452041
2022-05-16,814,8408,49921454,39460449
2022-05-17,1244,8707,49922698,39469156
2022-05-18,1373,9256,49924071,39478412
2022-05-19,1501,9287,49925572,39487699
2022-05-20,1426,9535,49926998,39497234
2022-05-21,1302,7901,49928300,39505135
2022-05-22,231,1013,49928531,39506148
2022-05-23,830,8273,49929361,39514421
2022-05-24,1073,8673,49930434,39523094
2022-05-25,1372,9460,49931806,39532554
2022-05-26,1198,9480,49933004,39542034
2022-05-27,1232,9916,49934236,39551950
2022-05-28,1205,7890,49935441,39559840
2022-05-29,288,1265,49935729,39561105
2022-05-30,931,8058,49936660,39569163
2022-05-31,1039,8549,49937699,39577712
2022-06-01,895,7657,49938594,39585369
2022-06-02,35,474,49938629,39585843
2022-06-03,817,7334,49939446,39593177
2022-06-04,870,5162,49940316,39598339
2022-06-05,89,586,49940405,39598925
2022-06-06,679,7004,49941084,39605929
2022-06-07,952,7850,49942036,39613779
2022-06-08,981,7906,49943017,39621685
2022-06-09,1037,8418,49944054,39630103
2022-06-10,958,8563,49945012,39638666
2022-06-11,904,6206,49945916,39644872
2022-06-12,140,768,49946056,39645640
2022-06-13,602,6301,49946658,39651941
2022-06-14,831,7904,49947489,39659845
2022-06-15,960,7856,49948449,39667701
2022-06-16,733,7397,49949182,39675098
2022-06-17,723,7248,49949905,39682346
2022-06-18,778,5596,49950683,39687942
2022-06-19,49,521,49950732,39688463
2022-06-20,587,6699,49951319,39695162
2022-06-21,741,7664,49952060,39702826
2022-06-22,779,7312,49952839,39710138
2022-06-23,648,7472,49953487,39717610
2022-06-24,644,7474,49954131,39725084
2022-06-25,835,6533,49954966,39731617
2022-06-26,128,523,49955094,39732140
2022-06-27,534,7126,49955628,39739266
2022-06-28,747,8207,49956375,39747473
2022-06-29,756,7733,49957131,39755206
2022-06-30,747,8145,49957878,39763351
2022-07-01,577,6443,49958455,39769794
2022-07-02,536,4769,49958991,39774563
2022-07-03,49,456,49959040,39775019
2022-07-04,469,6278,49959509,39781297
2022-07-05,631,8122,49960140,39789419
2022-07-06,634,7611,49960774,39797030
2022-07-07,576,8273,49961350,39805303
2022-07-08,673,8086,49962023,39813389
2022-07-09,550,6105,49962573,39819494
2022-07-10,58,533,49962631,39820027
2022-07-11,491,7641,49963122,39827668
2022-07-12,669,9030,49963791,39836698
2022-07-13,645,10067,49964436,39846765
2022-07-14,637,10224,49965073,39856989
2022-07-15,626,10674,49965699,39867663
2022-07-16,523,7215,49966222,39874878
2022-07-17,48,770,49966270,39875648
2022-07-18,496,9374,49966766,39885022
2022-07-19,575,10684,49967341,39895706
2022-07-20,582,11277,49967923,39906983
2022-07-21,630,12093,49968553,39919076
2022-07-22,584,11262,49969137,39930338
2022-07-23,381,6775,49969518,39937113
2022-07-24,76,857,49969594,39937970
2022-07-25,503,9054,49970097,39947024
2022-07-26,522,9764,49970619,39956788
2022-07-27,554,10210,49971173,39966998
2022-07-28,532,10535,49971705,39977533
2022-07-29,511,9466,49972216,39986999
2022-07-30,383,5883,49972599,39992882
2022-07-31,49,764,49972648,39993646
2022-08-01,386,6865,49973034,40000511
2022-08-02,548,7590,49973582,40008101
2022-08-03,513,7179,49974095,40015280
2022-08-04,455,7492,49974550,40022772
2022-08-05,421,6526,49974971,40029298
2022-08-06,299,3613,49975270,40032911
2022-08-07,44,563,49975314,40033474
2022-08-08,403,4890,49975717,40038364
2022-08-09,381,5313,49976098,40043677
2022-08-10,385,4816,49976483,40048493
2022-08-11,369,4804,49976852,40053297
2022-08-12,294,3720,49977146,40057017
2022-08-13,143,1600,49977289,40058617
2022-08-14,9,129,49977298,40058746
2022-08-15,1,26,49977299,40058772
2022-08-16,283,3043,49977582,40061815
2022-08-17,352,3536,49977934,40065351
2022-08-18,393,4160,49978327,40069511
2022-08-19,341,3319,49978668,40072830
2022-08-20,183,1715,49978851,40074545
2022-08-21,24,149,49978875,40074694
2022-08-22,330,2952,49979205,40077646
2022-08-23,370,3674,49979575,40081320
2022-08-24,384,3360,49979959,40084680
2022-08-25,423,3773,49980382,40088453
2022-08-26,400,3574,49980782,40092027
2022-08-27,237,1769,49981019,40093796
2022-08-28,29,267,49981048,40094063
2022-08-29,354,3161,49981402,40097224
2022-08-30,405,3671,49981807,40100895
2022-08-31,438,3733,49982245,40104628
2022-09-01,353,3116,49982598,40107744
2022-09-02,296,2894,49982894,40110638
2022-09-03,200,1689,49983094,40112327
2022-09-04,24,149,49983118,40112476
2022-09-05,187,2656,49983305,40115132
2022-09-06,306,2983,49983611,40118115
2022-09-07,541,2937,49984152,40121052
2022-09-08,293,2963,49984445,40124015
2022-09-09,306,2886,49984751,40126901
2022-09-10,228,1326,49984979,40128227
2022-09-11,23,124,49985002,40128351
2022-09-12,267,2268,49985269,40130619
2022-09-13,252,2277,49985521,40132896
2022-09-14,266,2566,49985787,40135462
2022-09-15,282,2501,49986069,40137963
2022-09-16,256,2546,49986325,40140509
2022-09-17,239,1339,49986564,40141848
2022-09-18,20,170,49986584,40142018
2022-09-19,206,1971,49986790,40143989
2022-09-20,235,2392,49987025,40146381
2022-09-21,289,2526,49987314,40148907
2022-09-22,267,2663,49987581,40151570
2022-09-23,259,2545,49987840,40154115
2022-09-24,193,1427,49988033,40155542
2022-09-25,29,133,49988062,40155675
2022-09-26,280,2248,49988342,40157923
2022-09-27,287,2683,49988629,40160606
2022-09-28,310,2906,49988939,40163512
2022-09-29,257,3049,49989196,40166561
2022-09-30,292,2989,49989488,40169550
2022-10-01,195,1515,49989683,40171065
2022-10-02,12,187,49989695,40171252
2022-10-03,185,2475,49989880,40173727
2022-10-04,236,2862,49990116,40176589
2022-10-05,229,3252,49990345,40179841
2022-10-06,243,3874,49990588,40183715
2022-10-07,283,4189,49990871,40187904
2022-10-08,204,2270,49991075,40190174
2022-10-09,8,305,49991083,40190479
2022-10-10,211,3356,49991294,40193835
2022-10-11,194,4379,49991488,40198214
2022-10-12,207,4441,49991695,40202655
2022-10-13,204,5304,49991899,40207959
2022-10-14,233,5026,49992132,40212985
2022-10-15,191,2671,49992323,40215656
2022-10-16,6,360,49992329,40216016
2022-10-17,186,3873,49992515,40219889
2022-10-18,256,4967,49992771,40224856
2022-10-19,244,5478,49993015,40230334
2022-10-20,224,5998,49993239,40236332
2022-10-21,250,5477,49993489,40241809
2022-10-22,195,2911,49993684,40244720
2022-10-23,13,364,49993697,40245084
2022-10-24,171,3931,49993868,40249015
2022-10-25,254,4926,49994122,40253941
2022-10-26,347,5503,49994469,40259444
2022-10-27,241,5673,49994710,40265117
2022-10-28,200,5263,49994910,40270380
2022-10-29,128,2844,49995038,40273224
2022-10-30,3,328,49995041,40273552
2022-10-31,117,3042,49995158,40276594
2022-11-01,11,353,49995169,40276947
2022-11-02,145,3723,49995314,40280670
2022-11-03,172,4790,49995486,40285460
2022-11-04,225,4602,49995711,40290062
2022-11-05,144,2598,49995855,40292660
2022-11-06,10,261,49995865,40292921
2022-11-07,169,3225,49996034,40296146
2022-11-08,260,4254,49996294,40300400
2022-11-09,197,4331,49996491,40304731
2022-11-10,183,4597,49996674,40309328
2022-11-11,193,4221,49996867,40313549
2022-11-12,153,2377,49997020,40315926
2022-11-13,7,338,49997027,40316264
2022-11-14,150,2838,49997177,40319102
2022-11-15,202,3748,49997379,40322850
2022-11-16,217,3992,49997596,40326842
2022-11-17,191,4107,49997787,40330949
2022-11-18,247,4034,49998034,40334983
2022-11-19,112,2106,49998146,40337089
2022-11-20,24,317,49998170,40337406
2022-11-21,119,2620,49998289,40340026
2022-11-22,143,3217,49998432,40343243
2022-11-23,191,3625,49998623,40346868
2022-11-24,157,3837,49998780,40350705
2022-11-25,184,3785,49998964,40354490
2022-11-26,133,2093,49999097,40356583
2022-11-27,22,356,49999119,40356939
2022-11-28,182,2683,49999301,40359622
2022-11-29,257,3231,49999558,40362853
2022-11-30,182,3735,49999740,40366588
2022-12-01,150,3626,49999890,40370214
2022-12-02,156,3527,50000046,40373741
2022-12-03,106,1968,50000152,40375709
2022-12-04,5,290,50000157,40375999
2022-12-05,129,2855,50000286,40378854
2022-12-06,176,3654,50000462,40382508
2022-12-07,136,3134,50000598,40385642
2022-12-08,8,169,50000606,40385811
2022-12-09,161,3030,50000767,40388841
2022-12-10,78,1604,50000845,40390445
2022-12-11,7,193,50000852,40390638
2022-12-12,171,2534,50001023,40393172
2022-12-13,253,3049,50001276,40396221
2022-12-14,227,3216,50001503,40399437
2022-12-15,204,3265,50001707,40402702
2022-12-16,162,3174,50001869,40405876
2022-12-17,94,1681,50001963,40407557
2022-12-18,10,270,50001973,40407827
2022-12-19,143,2161,50002116,40409988
2022-12-20,211,2503,50002327,40412491
2022-12-21,156,2223,50002483,40414714
2022-12-22,141,1866,50002624,40416580
2022-12-23,150,1211,50002774,40417791
2022-12-24,32,160,50002806,40417951
2022-12-25,0,6,50002806,40417957
2022-12-26,6,41,50002812,40417998
2022-12-27,132,1553,50002944,40419551
2022-12-28,133,1768,50003077,40421319
2022-12-29,92,1689,50003169,40423008
2022-12-30,115,1596,50003284,40424604
2022-12-31,21,272,50003305,40424876
2023-01-01,0,6,50003305,40424882
2023-01-02,48,1102,50003353,40425984
2023-01-03,101,1804,50003454,40427788