data_somministrazione,vaccinazioni,booster,cum_vaccinazioni,cum_booster
2020-12-27,16,0,16,0
2020-12-28,2,0,18,0
2020-12-29,1,0,19,0
2020-12-30,3,0,22,0
2020-12-31,36,0,58,0
2021-01-01,12,0,70,0
2021-01-02,55,0,125,0
2021-01-03,46,0,171,0
2021-01-04,124,0,295,0
2021-01-05,165,0,460,0
2021-01-06,136,0,596,0
2021-01-07,204,0,800,0
2021-01-08,248,0,1048,0
2021-01-09,176,0,1224,0
2021-01-10,110,0,1334,0
2021-01-11,203,0,1537,0
2021-01-12,209,0,1746,0
2021-01-13,314,0,2060,0
2021-01-14,415,0,2475,0
2021-01-15,255,0,2730,0
2021-01-16,169,0,2899,0
2021-01-17,3050,0,5949,0
2021-01-18,5186,0,11135,0
2021-01-19,1878,0,13013,0
2021-01-20,4648,0,17661,0
2021-01-21,20007,0,37668,0
2021-01-22,14198,0,51866,0
2021-01-23,33358,0,85224,0
2021-01-24,30795,0,116019,0
2021-01-25,64781,0,180800,0
2021-01-26,76552,0,257352,0
2021-01-27,64882,0,322234,0
2021-01-28,89344,0,411578,0
2021-01-29,94077,0,505655,0
2021-01-30,86620,0,592275,0
2021-01-31,57355,0,649630,0
2021-02-01,81912,0,731542,0
2021-02-02,82173,0,813715,0
2021-02-03,91218,0,904933,0
2021-02-04,95390,0,1000323,0
2021-02-05,90295,0,1090618,0
2021-02-06,63734,0,1154352,0
2021-02-07,32920,0,1187272,0
2021-02-08,40417,0,1227689,0
2021-02-09,32846,0,1260535,0
2021-02-10,28387,0,1288922,0
2021-02-11,20356,0,1309278,0
2021-02-12,16181,0,1325459,0
2021-02-13,7216,0,1332675,0
2021-02-14,2856,0,1335531,0
2021-02-15,6825,0,1342356,0
2021-02-16,6974,0,1349330,0
2021-02-17,10498,0,1359828,0
2021-02-18,9218,0,1369046,0
2021-02-19,8176,0,1377222,0
2021-02-20,5477,0,1382699,0
2021-02-21,2949,0,1385648,0
2021-02-22,6841,0,1392489,0
2021-02-23,7110,0,1399599,0
2021-02-24,9794,0,1409393,0
2021-02-25,14171,0,1423564,0
2021-02-26,17496,0,1441060,0
2021-02-27,13857,0,1454917,0
2021-02-28,9346,0,1464263,0
2021-03-01,26446,0,1490709,0
2021-03-02,33173,0,1523882,0
2021-03-03,44603,0,1568485,0
2021-03-04,50214,0,1618699,0
2021-03-05,55629,0,1674328,0
2021-03-06,41843,0,1716171,0
2021-03-07,22292,0,1738463,0
2021-03-08,50532,0,1788995,0
2021-03-09,52913,0,1841908,0
2021-03-10,58533,0,1900441,0
2021-03-11,63752,0,1964193,0
2021-03-12,65013,0,2029206,0
2021-03-13,51654,0,2080860,0
2021-03-14,35346,0,2116206,0
2021-03-15,73370,0,2189576,0
2021-03-16,73988,0,2263564,0
2021-03-17,83003,0,2346567,0
2021-03-18,81588,0,2428155,0
2021-03-19,81023,0,2509178,0
2021-03-20,64644,0,2573822,0
2021-03-21,47246,0,2621068,0
2021-03-22,69410,0,2690478,0
2021-03-23,75695,0,2766173,0
2021-03-24,90783,0,2856956,0
2021-03-25,89708,0,2946664,0
2021-03-26,83494,0,3030158,0
2021-03-27,71823,0,3101981,0
2021-03-28,44038,0,3146019,0
2021-03-29,70700,0,3216719,0
2021-03-30,81248,0,3297967,0
2021-03-31,96091,0,3394058,0
2021-04-01,95200,0,3489258,0
2021-04-02,83986,0,3573244,0
2021-04-03,64249,0,3637493,0
2021-04-04,21691,0,3659184,0
2021-04-05,40259,0,3699443,0
2021-04-06,81224,0,3780667,0
2021-04-07,95724,0,3876391,0
2021-04-08,95154,0,3971545,0
2021-04-09,88387,0,4059932,0
2021-04-10,73951,0,4133883,0
2021-04-11,44703,0,4178586,0
2021-04-12,66838,0,4245424,0
2021-04-13,72499,0,4317923,0
2021-04-14,85428,0,4403351,0
2021-04-15,105299,0,4508650,0
2021-04-16,106310,0,4614960,0
2021-04-17,90403,0,4705363,0
2021-04-18,58530,0,4763893,0
2021-04-19,93387,0,4857280,0
2021-04-20,103691,0,4960971,0
2021-04-21,125273,0,5086244,0
2021-04-22,143423,0,5229667,0
2021-04-23,138618,0,5368285,0
2021-04-24,124356,0,5492641,0
2021-04-25,61390,0,5554031,0
2021-04-26,97796,0,5651827,0
2021-04-27,128270,0,5780097,0
2021-04-28,156247,0,5936344,0
2021-04-29,195425,0,6131769,0
2021-04-30,214423,0,6346192,0
2021-05-01,174002,0,6520194,0
2021-05-02,135732,0,6655926,0
2021-05-03,141897,0,6797823,0
2021-05-04,158587,0,6956410,0
2021-05-05,170356,0,7126766,0
2021-05-06,197689,0,7324455,0
2021-05-07,213674,0,7538129,0
2021-05-08,213295,0,7751424,0
2021-05-09,143088,0,7894512,0
2021-05-10,164996,0,8059508,0
2021-05-11,174819,0,8234327,0
2021-05-12,178979,0,8413306,0
2021-05-13,203179,0,8616485,0
2021-05-14,222753,0,8839238,0
2021-05-15,210171,0,9049409,0
2021-05-16,159157,0,9208566,0
2021-05-17,219078,0,9427644,0
2021-05-18,212887,0,9640531,0
2021-05-19,206936,0,9847467,0
2021-05-20,270680,0,10118147,0
2021-05-21,270695,0,10388842,0
2021-05-22,245410,0,10634252,0
2021-05-23,197116,0,10831368,0
2021-05-24,228224,0,11059592,0
2021-05-25,245615,0,11305207,0
2021-05-26,277380,0,11582587,0
2021-05-27,310966,0,11893553,0
2021-05-28,299441,0,12192994,0
2021-05-29,231076,0,12424070,0
2021-05-30,170758,0,12594828,0
2021-05-31,216318,0,12811146,0
2021-06-01,207547,0,13018693,0
2021-06-02,115674,0,13134367,0
2021-06-03,179900,0,13314267,0
2021-06-04,184634,0,13498901,0
2021-06-05,185747,0,13684648,0
2021-06-06,139313,0,13823961,0
2021-06-07,161630,0,13985591,0
2021-06-08,170881,0,14156472,0
2021-06-09,171200,0,14327672,0
2021-06-10,173761,0,14501433,0
2021-06-11,169663,0,14671096,0
2021-06-12,128065,0,14799161,0
2021-06-13,91009,0,14890170,0
2021-06-14,214485,0,15104655,0
2021-06-15,228237,0,15332892,0
2021-06-16,252961,0,15585853,0
2021-06-17,301593,0,15887446,0
2021-06-18,306137,0,16193583,0
2021-06-19,275027,0,16468610,0
2021-06-20,220650,0,16689260,0
2021-06-21,287997,0,16977257,0
2021-06-22,296117,0,17273374,0
2021-06-23,302692,0,17576066,0
2021-06-24,332524,0,17908590,0
2021-06-25,348672,0,18257262,0
2021-06-26,300071,0,18557333,0
2021-06-27,228664,0,18785997,0
2021-06-28,306946,0,19092943,0
2021-06-29,329234,0,19422177,0
2021-06-30,342139,0,19764316,0
2021-07-01,363067,0,20127383,0
2021-07-02,368475,0,20495858,0
2021-07-03,371138,0,20866996,0
2021-07-04,283185,0,21150181,0
2021-07-05,384524,0,21534705,0
2021-07-06,385439,0,21920144,0
2021-07-07,412102,0,22332246,0
2021-07-08,479892,0,22812138,0
2021-07-09,498647,0,23310785,0
2021-07-10,475343,0,23786128,0
2021-07-11,357859,0,24143987,0
2021-07-12,486075,0,24630062,0
2021-07-13,492370,0,25122432,0
2021-07-14,480656,0,25603088,0
2021-07-15,523664,0,26126752,0
2021-07-16,509929,0,26636681,0
2021-07-17,464637,0,27101318,0
2021-07-18,364861,0,27466179,0
2021-07-19,463297,0,27929476,0
2021-07-20,458219,0,28387695,0
2021-07-21,462916,0,28850611,0
2021-07-22,475442,0,29326053,0
2021-07-23,441373,0,29767426,0
2021-07-24,386188,0,30153614,0
2021-07-25,287626,0,30441240,0
2021-07-26,430966,0,30872206,0
2021-07-27,440179,0,31312385,0
2021-07-28,391057,0,31703442,0
2021-07-29,372111,0,32075553,0
2021-07-30,341444,0,32416997,0
2021-07-31,286985,0,32703982,0
2021-08-01,190856,0,32894838,0
2021-08-02,333695,0,33228533,0
2021-08-03,323159,0,33551692,0
2021-08-04,310961,0,33862653,0
2021-08-05,292562,0,34155215,0
2021-08-06,259981,0,34415196,0
2021-08-07,198952,0,34614148,0
2021-08-08,153082,0,34767230,0
2021-08-09,234139,0,35001369,0
2021-08-10,205159,0,35206528,0
2021-08-11,193612,0,35400140,0
2021-08-12,167803,0,35567943,0
2021-08-13,148407,0,35716350,0
2021-08-14,66004,0,35782354,0
2021-08-15,26305,0,35808659,0
2021-08-16,114543,0,35923202,0
2021-08-17,129125,0,36052327,0
2021-08-18,128587,0,36180914,0
2021-08-19,124654,0,36305568,0
2021-08-20,123675,0,36429243,0
2021-08-21,83057,0,36512300,0
2021-08-22,68124,0,36580424,0
2021-08-23,176738,0,36757162,0
2021-08-24,156935,0,36914097,0
2021-08-25,177068,0,37091165,0
2021-08-26,172271,0,37263436,0
2021-08-27,185793,0,37449229,0
2021-08-28,140129,0,37589358,0
2021-08-29,98994,0,37688352,0
2021-08-30,209497,0,37897849,0
2021-08-31,194480,0,38092329,0
2021-09-01,192079,0,38284408,0
2021-09-02,189776,0,38474184,0
2021-09-03,191236,0,38665420,0
2021-09-04,131416,0,38796836,0
2021-09-05,87818,0,38884654,0
2021-09-06,193600,0,39078254,0
2021-09-07,195915,0,39274169,0
2021-09-08,187828,0,39461997,0
2021-09-09,201384,0,39663381,0
2021-09-10,197990,0,39861371,0
2021-09-11,141219,0,40002590,0
2021-09-12,89536,0,40092126,0
2021-09-13,191129,347,40283255,347
2021-09-14,177192,429,40460447,776
2021-09-15,162999,456,40623446,1232
2021-09-16,159980,787,40783426,2019
2021-09-17,149994,1005,40933420,3024
2021-09-18,127790,657,41061210,3681
2021-09-19,81051,443,41142261,4124
2021-09-20,179837,8953,41322098,13077
2021-09-21,166376,8726,41488474,21803
2021-09-22,158804,9363,41647278,31166
2021-09-23,137776,9238,41785054,40404
2021-09-24,140264,8860,41925318,49264
2021-09-25,119351,5552,42044669,54816
2021-09-26,71801,4295,42116470,59111
2021-09-27,135373,9972,42251843,69083
2021-09-28,117232,11315,42369075,80398
2021-09-29,112050,11760,42481125,92158
2021-09-30,109976,14850,42591101,107008
2021-10-01,94742,19031,42685843,126039
2021-10-02,78251,13983,42764094,140022
2021-10-03,47579,7630,42811673,147652
2021-10-04,88144,34366,42899817,182018
2021-10-05,80187,33905,42980004,215923
2021-10-06,71782,34078,43051786,250001
2021-10-07,71559,34289,43123345,284290
2021-10-08,80402,33496,43203747,317786
2021-10-09,75871,22112,43279618,339898
2021-10-10,45654,13590,43325272,353488
2021-10-11,87181,41005,43412453,394493
2021-10-12,84269,46799,43496722,441292
2021-10-13,87941,52010,43584663,493302
2021-10-14,91238,58385,43675901,551687
2021-10-15,93291,55488,43769192,607175
2021-10-16,82701,36714,43851893,643889
2021-10-17,51297,23784,43903190,667673
2021-10-18,90109,59337,43993299,727010
2021-10-19,78151,69293,44071450,796303
2021-10-20,74868,78044,44146318,874347
2021-10-21,78106,81616,44224424,955963
2021-10-22,73674,76905,44298098,1032868
2021-10-23,60655,51887,44358753,1084755
2021-10-24,33327,23402,44392080,1108157
2021-10-25,64798,81534,44456878,1189691
2021-10-26,58263,91638,44515141,1281329
2021-10-27,58193,103846,44573334,1385175
2021-10-28,61331,113915,44634665,1499090
2021-10-29,61590,102948,44696255,1602038
2021-10-30,50571,68011,44746826,1670049
2021-10-31,25131,28239,44771957,1698288
2021-11-01,19021,28121,44790978,1726409
2021-11-02,62721,89225,44853699,1815634
2021-11-03,60643,118509,44914342,1934143
2021-11-04,59140,126473,44973482,2060616
2021-11-05,62995,134988,45036477,2195604
2021-11-06,46373,90777,45082850,2286381
2021-11-07,22210,37838,45105060,2324219
2021-11-08,51403,131129,45156463,2455348
2021-11-09,45332,143952,45201795,2599300
2021-11-10,42502,156067,45244297,2755367
2021-11-11,44829,154974,45289126,2910341
2021-11-12,46253,158388,45335379,3068729
2021-11-13,33154,116477,45368533,3185206
2021-11-14,14446,52394,45382979,3237600
2021-11-15,36802,157196,45419781,3394796
2021-11-16,30452,171185,45450233,3565981
2021-11-17,28337,178269,45478570,3744250
2021-11-18,30118,193478,45508688,3937728
2021-11-19,28674,205589,45537362,4143317
2021-11-20,20889,156120,45558251,4299437
2021-11-21,10551,64713,45568802,4364150
2021-11-22,21828,212937,45590630,4577087
2021-11-23,23451,241465,45614081,4818552
2021-11-24,27689,270683,45641770,5089235
2021-11-25,23068,301591,45664838,5390826
2021-11-26,24415,317958,45689253,5708784
2021-11-27,21232,265851,45710485,5974635
2021-11-28,9831,136841,45720316,6111476
2021-11-29,22142,325696,45742458,6437172
2021-11-30,22899,365426,45765357,6802598
2021-12-01,21300,413041,45786657,7215639
2021-12-02,23553,440221,45810210,7655860
2021-12-03,25000,467244,45835210,8123104
2021-12-04,22170,418602,45857380,8541706
2021-12-05,11778,261256,45869158,8802962
2021-12-06,25519,457407,45894677,9260369
2021-12-07,23873,480038,45918550,9740407
2021-12-08,9878,249586,45928428,9989993
2021-12-09,31274,491775,45959702,10481768
2021-12-10,27811,517633,45987513,10999401
2021-12-11,23310,459097,46010823,11458498
2021-12-12,12146,293381,46022969,11751879
2021-12-13,25891,467447,46048860,12219326
2021-12-14,24904,493986,46073764,12713312
2021-12-15,25069,516945,46098833,13230257
2021-12-16,27517,520013,46126350,13750270
2021-12-17,29022,516901,46155372,14267171
2021-12-18,26688,468526,46182060,14735697
2021-12-19,14930,300366,46196990,15036063
2021-12-20,30281,477283,46227271,15513346
2021-12-21,30060,493138,46257331,16006484
2021-12-22,29078,484483,46286409,16490967
2021-12-23,27874,426735,46314283,16917702
2021-12-24,12971,210741,46327254,17128443
2021-12-25,2087,33042,46329341,17161485
2021-12-26,8656,159019,46337997,17320504
2021-12-27,46383,504465,46384380,17824969
2021-12-28,41931,554008,46426311,18378977
2021-12-29,33739,550432,46460050,18929409
2021-12-30,31315,499614,46491365,19429023
2021-12-31,13644,247318,46505009,19676341
2022-01-01,3427,64786,46508436,19741127
2022-01-02,22337,276662,46530773,20017789
2022-01-03,46986,520796,46577759,20538585
2022-01-04,45462,572810,46623221,21111395
2022-01-05,39645,561092,46662866,21672487
2022-01-06,22767,274361,46685633,21946848
2022-01-07,62268,554850,46747901,22501698
2022-01-08,59267,503200,46807168,23004898
2022-01-09,41471,319584,46848639,23324482
2022-01-10,59751,542925,46908390,23867407
2022-01-11,60079,587632,46968469,24455039
2022-01-12,56633,581899,47025102,25036938
2022-01-13,56819,580983,47081921,25617921
2022-01-14,44775,588860,47126696,26206781
2022-01-15,36832,568785,47163528,26775566
2022-01-16,29516,341364,47193044,27116930
2022-01-17,53144,490280,47246188,27607210
2022-01-18,56752,518054,47302940,28125264
2022-01-19,55455,503351,47358395,28628615
2022-01-20,52633,499330,47411028,29127945
2022-01-21,40143,494341,47451171,29622286
2022-01-22,28689,469290,47479860,30091576
2022-01-23,33486,275184,47513346,30366760
2022-01-24,54728,437793,47568074,30804553
2022-01-25,60182,452687,47628256,31257240
2022-01-26,57048,436339,47685304,31693579
2022-01-27,47372,432848,47732676,32126427
2022-01-28,57106,437076,47789782,32563503
2022-01-29,66267,411894,47856049,32975397
2022-01-30,49097,235640,47905146,33211037
2022-01-31,59099,357558,47964245,33568595
2022-02-01,64318,329016,48028563,33897611
2022-02-02,62061,297337,48090624,34194948
2022-02-03,59131,274924,48149755,34469872
2022-02-04,71399,268749,48221154,34738621
2022-02-05,82441,248095,48303595,34986716
2022-02-06,54571,116034,48358166,35102750
2022-02-07,64405,200406,48422571,35303156
2022-02-08,66072,186539,48488643,35489695
2022-02-09,58004,166653,48546647,35656348
2022-02-10,57828,163412,48604475,35819760
2022-02-11,61541,162556,48666016,35982316
2022-02-12,71164,151824,48737180,36134140
2022-02-13,41009,68620,48778189,36202760
2022-02-14,46169,116483,48824358,36319243
2022-02-15,47868,123519,48872226,36442762
2022-02-16,45058,105962,48917284,36548724
2022-02-17,42226,97646,48959510,36646370
2022-02-18,45751,111298,49005261,36757668
2022-02-19,51811,99747,49057072,36857415
2022-02-20,31271,39778,49088343,36897193