data_somministrazione,vaccinazioni,booster,cum_vaccinazioni,cum_booster
2020-12-27,16,0,16,0
2020-12-28,2,0,18,0
2020-12-29,1,0,19,0
2020-12-30,3,0,22,0
2020-12-31,34,0,56,0
2021-01-01,12,0,68,0
2021-01-02,53,0,121,0
2021-01-03,46,0,167,0
2021-01-04,122,0,289,0
2021-01-05,159,0,448,0
2021-01-06,134,0,582,0
2021-01-07,196,0,778,0
2021-01-08,245,0,1023,0
2021-01-09,172,0,1195,0
2021-01-10,109,0,1304,0
2021-01-11,199,0,1503,0
2021-01-12,207,0,1710,0
2021-01-13,310,0,2020,0
2021-01-14,410,0,2430,0
2021-01-15,248,0,2678,0
2021-01-16,165,0,2843,0
2021-01-17,3048,0,5891,0
2021-01-18,5184,0,11075,0
2021-01-19,1871,0,12946,0
2021-01-20,4660,0,17606,0
2021-01-21,20017,0,37623,0
2021-01-22,14196,0,51819,0
2021-01-23,33369,0,85188,0
2021-01-24,30794,0,115982,0
2021-01-25,64785,0,180767,0
2021-01-26,76708,0,257475,0
2021-01-27,64883,0,322358,0
2021-01-28,89397,0,411755,0
2021-01-29,94180,0,505935,0
2021-01-30,86801,0,592736,0
2021-01-31,57388,0,650124,0
2021-02-01,81943,0,732067,0
2021-02-02,82219,0,814286,0
2021-02-03,91387,0,905673,0
2021-02-04,95446,0,1001119,0
2021-02-05,90349,0,1091468,0
2021-02-06,63816,0,1155284,0
2021-02-07,32950,0,1188234,0
2021-02-08,40489,0,1228723,0
2021-02-09,32837,0,1261560,0
2021-02-10,28384,0,1289944,0
2021-02-11,20351,0,1310295,0
2021-02-12,16178,0,1326473,0
2021-02-13,7217,0,1333690,0
2021-02-14,2855,0,1336545,0
2021-02-15,6869,0,1343414,0
2021-02-16,6975,0,1350389,0
2021-02-17,10511,0,1360900,0
2021-02-18,9329,0,1370229,0
2021-02-19,8241,0,1378470,0
2021-02-20,5559,0,1384029,0
2021-02-21,2979,0,1387008,0
2021-02-22,6859,0,1393867,0
2021-02-23,7135,0,1401002,0
2021-02-24,9789,0,1410791,0
2021-02-25,14166,0,1424957,0
2021-02-26,17516,0,1442473,0
2021-02-27,13852,0,1456325,0
2021-02-28,9371,0,1465696,0
2021-03-01,26435,0,1492131,0
2021-03-02,33171,0,1525302,0
2021-03-03,44669,0,1569971,0
2021-03-04,50237,0,1620208,0
2021-03-05,55711,0,1675919,0
2021-03-06,41856,0,1717775,0
2021-03-07,22284,0,1740059,0
2021-03-08,50689,0,1790748,0
2021-03-09,53031,0,1843779,0
2021-03-10,58560,0,1902339,0
2021-03-11,63820,0,1966159,0
2021-03-12,65062,0,2031221,0
2021-03-13,51723,0,2082944,0
2021-03-14,35340,0,2118284,0
2021-03-15,73563,0,2191847,0
2021-03-16,74075,0,2265922,0
2021-03-17,83074,0,2348996,0
2021-03-18,81623,0,2430619,0
2021-03-19,81076,0,2511695,0
2021-03-20,64745,0,2576440,0
2021-03-21,47270,0,2623710,0
2021-03-22,69447,0,2693157,0
2021-03-23,75803,0,2768960,0
2021-03-24,90844,0,2859804,0
2021-03-25,89748,0,2949552,0
2021-03-26,83540,0,3033092,0
2021-03-27,71905,0,3104997,0
2021-03-28,44029,0,3149026,0
2021-03-29,70802,0,3219828,0
2021-03-30,81283,0,3301111,0
2021-03-31,96133,0,3397244,0
2021-04-01,95231,0,3492475,0
2021-04-02,84088,0,3576563,0
2021-04-03,64288,0,3640851,0
2021-04-04,21686,0,3662537,0
2021-04-05,40259,0,3702796,0
2021-04-06,81321,0,3784117,0
2021-04-07,95823,0,3879940,0
2021-04-08,95346,0,3975286,0
2021-04-09,88442,0,4063728,0
2021-04-10,74036,0,4137764,0
2021-04-11,44768,0,4182532,0
2021-04-12,67002,0,4249534,0
2021-04-13,72687,0,4322221,0
2021-04-14,85500,0,4407721,0
2021-04-15,105365,0,4513086,0
2021-04-16,106432,0,4619518,0
2021-04-17,90630,0,4710148,0
2021-04-18,58765,0,4768913,0
2021-04-19,93559,0,4862472,0
2021-04-20,103886,0,4966358,0
2021-04-21,125490,0,5091848,0
2021-04-22,143640,0,5235488,0
2021-04-23,138816,0,5374304,0
2021-04-24,124480,0,5498784,0
2021-04-25,61398,0,5560182,0
2021-04-26,97944,0,5658126,0
2021-04-27,128567,0,5786693,0
2021-04-28,156484,0,5943177,0
2021-04-29,195621,0,6138798,0
2021-04-30,214775,0,6353573,0
2021-05-01,174286,0,6527859,0
2021-05-02,136483,0,6664342,0
2021-05-03,142242,0,6806584,0
2021-05-04,158913,0,6965497,0
2021-05-05,171323,0,7136820,0
2021-05-06,198775,0,7335595,0
2021-05-07,214687,0,7550282,0
2021-05-08,213868,0,7764150,0
2021-05-09,143413,0,7907563,0
2021-05-10,165386,0,8072949,0
2021-05-11,175233,0,8248182,0
2021-05-12,179370,0,8427552,0
2021-05-13,203566,0,8631118,0
2021-05-14,223429,0,8854547,0
2021-05-15,211928,0,9066475,0
2021-05-16,160725,0,9227200,0
2021-05-17,219428,0,9446628,0
2021-05-18,213411,0,9660039,0
2021-05-19,207425,0,9867464,0
2021-05-20,271243,0,10138707,0
2021-05-21,271265,0,10409972,0
2021-05-22,246467,0,10656439,0
2021-05-23,198408,0,10854847,0
2021-05-24,228706,0,11083553,0
2021-05-25,247131,0,11330684,0
2021-05-26,278951,0,11609635,0
2021-05-27,312601,0,11922236,0
2021-05-28,300074,0,12222310,0
2021-05-29,231701,0,12454011,0
2021-05-30,172004,0,12626015,0
2021-05-31,217925,0,12843940,0
2021-06-01,208329,0,13052269,0
2021-06-02,116254,0,13168523,0
2021-06-03,180511,0,13349034,0
2021-06-04,186084,0,13535118,0
2021-06-05,186593,0,13721711,0
2021-06-06,140123,0,13861834,0
2021-06-07,162244,0,14024078,0
2021-06-08,171240,0,14195318,0
2021-06-09,171634,0,14366952,0
2021-06-10,174058,0,14541010,0
2021-06-11,169990,0,14711000,0
2021-06-12,128275,0,14839275,0
2021-06-13,91491,0,14930766,0
2021-06-14,215244,0,15146010,0
2021-06-15,228929,0,15374939,0
2021-06-16,254255,0,15629194,0
2021-06-17,302846,0,15932040,0
2021-06-18,307139,0,16239179,0
2021-06-19,276225,0,16515404,0
2021-06-20,221559,0,16736963,0
2021-06-21,289156,0,17026119,0
2021-06-22,297607,0,17323726,0
2021-06-23,304339,0,17628065,0
2021-06-24,333954,0,17962019,0
2021-06-25,350003,0,18312022,0
2021-06-26,301419,0,18613441,0
2021-06-27,229715,0,18843156,0
2021-06-28,308386,0,19151542,0
2021-06-29,330989,0,19482531,0
2021-06-30,344161,0,19826692,0
2021-07-01,364844,0,20191536,0
2021-07-02,370277,0,20561813,0
2021-07-03,373381,0,20935194,0
2021-07-04,284533,0,21219727,0
2021-07-05,386277,0,21606004,0
2021-07-06,387416,0,21993420,0
2021-07-07,414233,0,22407653,0
2021-07-08,482542,0,22890195,0
2021-07-09,500748,0,23390943,0
2021-07-10,477336,0,23868279,0
2021-07-11,359016,0,24227295,0
2021-07-12,487793,0,24715088,0
2021-07-13,494547,0,25209635,0
2021-07-14,482762,0,25692397,0
2021-07-15,525901,0,26218298,0
2021-07-16,511683,0,26729981,0
2021-07-17,466380,0,27196361,0
2021-07-18,366084,0,27562445,0
2021-07-19,465153,0,28027598,0
2021-07-20,459858,0,28487456,0
2021-07-21,464666,0,28952122,0
2021-07-22,476605,0,29428727,0
2021-07-23,442879,0,29871606,0
2021-07-24,386904,0,30258510,0
2021-07-25,288011,0,30546521,0
2021-07-26,432369,0,30978890,0
2021-07-27,441798,0,31420688,0
2021-07-28,392559,0,31813247,0
2021-07-29,373614,0,32186861,0
2021-07-30,342927,0,32529788,0
2021-07-31,288372,0,32818160,0
2021-08-01,191384,0,33009544,0
2021-08-02,335332,0,33344876,0
2021-08-03,324450,0,33669326,0
2021-08-04,312258,0,33981584,0
2021-08-05,293660,0,34275244,0
2021-08-06,260995,0,34536239,0
2021-08-07,199358,0,34735597,0
2021-08-08,153572,0,34889169,0
2021-08-09,235269,0,35124438,0
2021-08-10,205526,0,35329964,0
2021-08-11,194246,0,35524210,0
2021-08-12,168477,0,35692687,0
2021-08-13,148634,0,35841321,0
2021-08-14,65975,0,35907296,0
2021-08-15,26291,0,35933587,0
2021-08-16,114895,0,36048482,0
2021-08-17,129244,0,36177726,0
2021-08-18,128904,0,36306630,0
2021-08-19,125231,0,36431861,0
2021-08-20,124285,0,36556146,0
2021-08-21,83462,0,36639608,0
2021-08-22,68333,0,36707941,0
2021-08-23,177049,0,36884990,0
2021-08-24,157822,0,37042812,0
2021-08-25,177768,0,37220580,0
2021-08-26,173215,0,37393795,0
2021-08-27,186373,0,37580168,0
2021-08-28,140225,0,37720393,0
2021-08-29,99125,0,37819518,0
2021-08-30,210116,0,38029634,0
2021-08-31,195276,0,38224910,0
2021-09-01,192757,0,38417667,0
2021-09-02,190249,0,38607916,0
2021-09-03,191346,0,38799262,0
2021-09-04,131501,0,38930763,0
2021-09-05,87960,0,39018723,0
2021-09-06,193800,0,39212523,0
2021-09-07,195910,0,39408433,0
2021-09-08,187857,0,39596290,0
2021-09-09,201495,0,39797785,0
2021-09-10,198174,0,39995959,0
2021-09-11,141202,0,40137161,0
2021-09-12,89544,0,40226705,0
2021-09-13,191185,348,40417890,348
2021-09-14,177466,427,40595356,775
2021-09-15,163144,457,40758500,1232
2021-09-16,160107,789,40918607,2021
2021-09-17,150180,1005,41068787,3026
2021-09-18,127901,658,41196688,3684
2021-09-19,81077,441,41277765,4125
2021-09-20,179911,8957,41457676,13082
2021-09-21,166370,8728,41624046,21810
2021-09-22,158903,9369,41782949,31179
2021-09-23,137765,9242,41920714,40421
2021-09-24,140244,8856,42060958,49277
2021-09-25,119354,5563,42180312,54840
2021-09-26,71794,4293,42252106,59133
2021-09-27,135435,9980,42387541,69113
2021-09-28,117224,11306,42504765,80419
2021-09-29,112063,11764,42616828,92183
2021-09-30,109985,14848,42726813,107031
2021-10-01,94674,19029,42821487,126060
2021-10-02,78215,13986,42899702,140046
2021-10-03,47553,7628,42947255,147674
2021-10-04,88081,34362,43035336,182036
2021-10-05,80116,33927,43115452,215963
2021-10-06,71764,34078,43187216,250041
2021-10-07,71509,34288,43258725,284329
2021-10-08,80365,33503,43339090,317832
2021-10-09,75817,22107,43414907,339939
2021-10-10,45642,13590,43460549,353529
2021-10-11,87118,40997,43547667,394526
2021-10-12,84216,46791,43631883,441317
2021-10-13,87935,52001,43719818,493318
2021-10-14,91122,58399,43810940,551717
2021-10-15,93243,55483,43904183,607200
2021-10-16,82664,36707,43986847,643907
2021-10-17,51255,23782,44038102,667689
2021-10-18,90067,59336,44128169,727025
2021-10-19,78167,69290,44206336,796315
2021-10-20,74938,78033,44281274,874348
2021-10-21,78108,81598,44359382,955946
2021-10-22,73763,76896,44433145,1032842
2021-10-23,60738,51890,44493883,1084732
2021-10-24,33314,23401,44527197,1108133
2021-10-25,64824,81531,44592021,1189664
2021-10-26,58265,91630,44650286,1281294
2021-10-27,58138,103829,44708424,1385123
2021-10-28,61292,113876,44769716,1498999
2021-10-29,61625,103011,44831341,1602010
2021-10-30,50573,68118,44881914,1670128
2021-10-31,25111,28238,44907025,1698366
2021-11-01,19008,28118,44926033,1726484
2021-11-02,62685,89285,44988718,1815769
2021-11-03,60630,118608,45049348,1934377
2021-11-04,59112,126494,45108460,2060871
2021-11-05,62982,134984,45171442,2195855
2021-11-06,46346,90897,45217788,2286752
2021-11-07,22202,37835,45239990,2324587
2021-11-08,51360,131125,45291350,2455712
2021-11-09,45322,143997,45336672,2599709
2021-11-10,42510,156157,45379182,2755866
2021-11-11,44802,155013,45423984,2910879
2021-11-12,46225,158488,45470209,3069367
2021-11-13,33139,116560,45503348,3185927
2021-11-14,14440,52389,45517788,3238316
2021-11-15,36755,157209,45554543,3395525
2021-11-16,30424,171295,45584967,3566820
2021-11-17,28294,178383,45613261,3745203
2021-11-18,30122,193941,45643383,3939144
2021-11-19,28642,205846,45672025,4144990
2021-11-20,20865,156235,45692890,4301225
2021-11-21,10533,64744,45703423,4365969
2021-11-22,21773,213181,45725196,4579150
2021-11-23,23409,241821,45748605,4820971
2021-11-24,27636,271001,45776241,5091972
2021-11-25,23003,301840,45799244,5393812
2021-11-26,24354,318115,45823598,5711927
2021-11-27,21200,265867,45844798,5977794
2021-11-28,9794,136848,45854592,6114642
2021-11-29,22031,325758,45876623,6440400
2021-11-30,22795,365573,45899418,6805973
2021-12-01,21199,413005,45920617,7218978
2021-12-02,23416,440196,45944033,7659174
2021-12-03,24855,467075,45968888,8126249
2021-12-04,22023,418596,45990911,8544845
2021-12-05,11682,261250,46002593,8806095
2021-12-06,25270,457685,46027863,9263780
2021-12-07,23643,480316,46051506,9744096
2021-12-08,9740,249896,46061246,9993992
2021-12-09,30951,492079,46092197,10486071
2021-12-10,27512,517735,46119709,11003806
2021-12-11,23048,459476,46142757,11463282
2021-12-12,11961,293631,46154718,11756913
2021-12-13,25551,467638,46180269,12224551
2021-12-14,24538,494237,46204807,12718788
2021-12-15,24694,517121,46229501,13235909
2021-12-16,27041,520209,46256542,13756118
2021-12-17,28595,516832,46285137,14272950
2021-12-18,26248,468952,46311385,14741902
2021-12-19,14622,300743,46326007,15042645
2021-12-20,29815,477567,46355822,15520212
2021-12-21,29575,493326,46385397,16013538
2021-12-22,28469,484719,46413866,16498257
2021-12-23,27293,427111,46441159,16925368
2021-12-24,12750,210917,46453909,17136285
2021-12-25,2072,33018,46455981,17169303
2021-12-26,8404,158993,46464385,17328296
2021-12-27,45259,505204,46509644,17833500
2021-12-28,40390,554730,46550034,18388230
2021-12-29,32037,551115,46582071,18939345
2021-12-30,29511,500353,46611582,19439698
2021-12-31,12928,247976,46624510,19687674
2022-01-01,3247,64763,46627757,19752437
2022-01-02,20527,277447,46648284,20029884
2022-01-03,44014,521499,46692298,20551383
2022-01-04,41971,573558,46734269,21124941
2022-01-05,36067,561745,46770336,21686686
2022-01-06,20844,274655,46791180,21961341
2022-01-07,58767,555399,46849947,22516740
2022-01-08,55514,503866,46905461,23020606
2022-01-09,38731,319487,46944192,23340093
2022-01-10,57129,542492,47001321,23882585
2022-01-11,57250,587156,47058571,24469741
2022-01-12,54104,581387,47112675,25051128
2022-01-13,54616,580478,47167291,25631606
2022-01-14,42750,588354,47210041,26219960
2022-01-15,34367,568088,47244408,26788048
2022-01-16,27876,340954,47272284,27129002
2022-01-17,52108,489898,47324392,27618900
2022-01-18,55815,517097,47380207,28135997
2022-01-19,54774,502894,47434981,28638891
2022-01-20,52041,498761,47487022,29137652
2022-01-21,39700,493659,47526722,29631311
2022-01-22,28235,468939,47554957,30100250
2022-01-23,33290,274919,47588247,30375169
2022-01-24,54578,437368,47642825,30812537
2022-01-25,60077,452003,47702902,31264540
2022-01-26,56937,435837,47759839,31700377
2022-01-27,47232,431997,47807071,32132374
2022-01-28,56956,436247,47864027,32568621
2022-01-29,66102,411349,47930129,32979970
2022-01-30,49015,235187,47979144,33215157
2022-01-31,58888,356613,48038032,33571770
2022-02-01,64082,327872,48102114,33899642
2022-02-02,61705,295905,48163819,34195547
2022-02-03,58679,272440,48222498,34467987
2022-02-04,70318,264949,48292816,34732936
2022-02-05,53699,153472,48346515,34886408