data_somministrazione,vaccinazioni,booster,cum_vaccinazioni,cum_booster
2020-12-27,20,0,20,0
2020-12-28,2,0,22,0
2020-12-29,1,0,23,0
2020-12-30,8,0,31,0
2020-12-31,72,0,103,0
2021-01-01,23,0,126,0
2021-01-02,125,0,251,0
2021-01-03,89,0,340,0
2021-01-04,212,0,552,0
2021-01-05,255,0,807,0
2021-01-06,221,0,1028,0
2021-01-07,304,0,1332,0
2021-01-08,350,0,1682,0
2021-01-09,262,0,1944,0
2021-01-10,158,0,2102,0
2021-01-11,282,0,2384,0
2021-01-12,275,0,2659,0
2021-01-13,400,0,3059,0
2021-01-14,484,0,3543,0
2021-01-15,303,0,3846,0
2021-01-16,213,0,4059,0
2021-01-17,3060,0,7119,0
2021-01-18,5212,0,12331,0
2021-01-19,1893,0,14224,0
2021-01-20,4656,0,18880,0
2021-01-21,20004,0,38884,0
2021-01-22,14219,0,53103,0
2021-01-23,33329,0,86432,0
2021-01-24,30784,0,117216,0
2021-01-25,64724,0,181940,0
2021-01-26,76491,0,258431,0
2021-01-27,64827,0,323258,0
2021-01-28,89273,0,412531,0
2021-01-29,94013,0,506544,0
2021-01-30,86556,0,593100,0
2021-01-31,57330,0,650430,0
2021-02-01,81854,0,732284,0
2021-02-02,82143,0,814427,0
2021-02-03,91116,0,905543,0
2021-02-04,95395,0,1000938,0
2021-02-05,90273,0,1091211,0
2021-02-06,63446,0,1154657,0
2021-02-07,32931,0,1187588,0
2021-02-08,40427,0,1228015,0
2021-02-09,32867,0,1260882,0
2021-02-10,28424,0,1289306,0
2021-02-11,20399,0,1309705,0
2021-02-12,16237,0,1325942,0
2021-02-13,7269,0,1333211,0
2021-02-14,2861,0,1336072,0
2021-02-15,6841,0,1342913,0
2021-02-16,6999,0,1349912,0
2021-02-17,10523,0,1360435,0
2021-02-18,9252,0,1369687,0
2021-02-19,8247,0,1377934,0
2021-02-20,5561,0,1383495,0
2021-02-21,3001,0,1386496,0
2021-02-22,6884,0,1393380,0
2021-02-23,7169,0,1400549,0
2021-02-24,9804,0,1410353,0
2021-02-25,14210,0,1424563,0
2021-02-26,17556,0,1442119,0
2021-02-27,13912,0,1456031,0
2021-02-28,9388,0,1465419,0
2021-03-01,26518,0,1491937,0
2021-03-02,33242,0,1525179,0
2021-03-03,44644,0,1569823,0
2021-03-04,50291,0,1620114,0
2021-03-05,55732,0,1675846,0
2021-03-06,41871,0,1717717,0
2021-03-07,22323,0,1740040,0
2021-03-08,50823,0,1790863,0
2021-03-09,53073,0,1843936,0
2021-03-10,58652,0,1902588,0
2021-03-11,63863,0,1966451,0
2021-03-12,65111,0,2031562,0
2021-03-13,51719,0,2083281,0
2021-03-14,35400,0,2118681,0
2021-03-15,73443,0,2192124,0
2021-03-16,74028,0,2266152,0
2021-03-17,83133,0,2349285,0
2021-03-18,81623,0,2430908,0
2021-03-19,81082,0,2511990,0
2021-03-20,64723,0,2576713,0
2021-03-21,47298,0,2624011,0
2021-03-22,69479,0,2693490,0
2021-03-23,75800,0,2769290,0
2021-03-24,90915,0,2860205,0
2021-03-25,89801,0,2950006,0
2021-03-26,83621,0,3033627,0
2021-03-27,71938,0,3105565,0
2021-03-28,44147,0,3149712,0
2021-03-29,70825,0,3220537,0
2021-03-30,81387,0,3301924,0
2021-03-31,96239,0,3398163,0
2021-04-01,95307,0,3493470,0
2021-04-02,84071,0,3577541,0
2021-04-03,64305,0,3641846,0
2021-04-04,21719,0,3663565,0
2021-04-05,40313,0,3703878,0
2021-04-06,81314,0,3785192,0
2021-04-07,95831,0,3881023,0
2021-04-08,95235,0,3976258,0
2021-04-09,88489,0,4064747,0
2021-04-10,74030,0,4138777,0
2021-04-11,44764,0,4183541,0
2021-04-12,66918,0,4250459,0
2021-04-13,72573,0,4323032,0
2021-04-14,85541,0,4408573,0
2021-04-15,105418,0,4513991,0
2021-04-16,106417,0,4620408,0
2021-04-17,90516,0,4710924,0
2021-04-18,58589,0,4769513,0
2021-04-19,93430,0,4862943,0
2021-04-20,103769,0,4966712,0
2021-04-21,125339,0,5092051,0
2021-04-22,143518,0,5235569,0
2021-04-23,138741,0,5374310,0
2021-04-24,124446,0,5498756,0
2021-04-25,61457,0,5560213,0
2021-04-26,97894,0,5658107,0
2021-04-27,128362,0,5786469,0
2021-04-28,156369,0,5942838,0
2021-04-29,195595,0,6138433,0
2021-04-30,214578,0,6353011,0
2021-05-01,174116,0,6527127,0
2021-05-02,135801,0,6662928,0
2021-05-03,142039,0,6804967,0
2021-05-04,158696,0,6963663,0
2021-05-05,170501,0,7134164,0
2021-05-06,197809,0,7331973,0
2021-05-07,213848,0,7545821,0
2021-05-08,213411,0,7759232,0
2021-05-09,143201,0,7902433,0
2021-05-10,165078,0,8067511,0
2021-05-11,174985,0,8242496,0
2021-05-12,179181,0,8421677,0
2021-05-13,203382,0,8625059,0
2021-05-14,222914,0,8847973,0
2021-05-15,210363,0,9058336,0
2021-05-16,159275,0,9217611,0
2021-05-17,219194,0,9436805,0
2021-05-18,213017,0,9649822,0
2021-05-19,207088,0,9856910,0
2021-05-20,270865,0,10127775,0
2021-05-21,270888,0,10398663,0
2021-05-22,245525,0,10644188,0
2021-05-23,197180,0,10841368,0
2021-05-24,228306,0,11069674,0
2021-05-25,245698,0,11315372,0
2021-05-26,277493,0,11592865,0
2021-05-27,311084,0,11903949,0
2021-05-28,299572,0,12203521,0
2021-05-29,231221,0,12434742,0
2021-05-30,170841,0,12605583,0
2021-05-31,216420,0,12822003,0
2021-06-01,207633,0,13029636,0
2021-06-02,115797,0,13145433,0
2021-06-03,180140,0,13325573,0
2021-06-04,184878,0,13510451,0
2021-06-05,185957,0,13696408,0
2021-06-06,139551,0,13835959,0
2021-06-07,161872,0,13997831,0
2021-06-08,171222,0,14169053,0
2021-06-09,171482,0,14340535,0
2021-06-10,174102,0,14514637,0
2021-06-11,169977,0,14684614,0
2021-06-12,128322,0,14812936,0
2021-06-13,91184,0,14904120,0
2021-06-14,214681,0,15118801,0
2021-06-15,228419,0,15347220,0
2021-06-16,253077,0,15600297,0
2021-06-17,301733,0,15902030,0
2021-06-18,306298,0,16208328,0
2021-06-19,275088,0,16483416,0
2021-06-20,220785,0,16704201,0
2021-06-21,288076,0,16992277,0
2021-06-22,296226,0,17288503,0
2021-06-23,302690,0,17591193,0
2021-06-24,332602,0,17923795,0
2021-06-25,348717,0,18272512,0
2021-06-26,300123,0,18572635,0
2021-06-27,228665,0,18801300,0
2021-06-28,307093,0,19108393,0
2021-06-29,329288,0,19437681,0
2021-06-30,342168,0,19779849,0
2021-07-01,363210,0,20143059,0
2021-07-02,368476,0,20511535,0
2021-07-03,371090,0,20882625,0
2021-07-04,283216,0,21165841,0
2021-07-05,384546,0,21550387,0
2021-07-06,385473,0,21935860,0
2021-07-07,412120,0,22347980,0
2021-07-08,479608,0,22827588,0
2021-07-09,498483,0,23326071,0
2021-07-10,475186,0,23801257,0
2021-07-11,357701,0,24158958,0
2021-07-12,485905,0,24644863,0
2021-07-13,492120,0,25136983,0
2021-07-14,480464,0,25617447,0
2021-07-15,523461,0,26140908,0
2021-07-16,509767,0,26650675,0
2021-07-17,464347,0,27115022,0
2021-07-18,364657,0,27479679,0
2021-07-19,463058,0,27942737,0
2021-07-20,458065,0,28400802,0
2021-07-21,462800,0,28863602,0
2021-07-22,475397,0,29338999,0
2021-07-23,441319,0,29780318,0
2021-07-24,386168,0,30166486,0
2021-07-25,287559,0,30454045,0
2021-07-26,430881,0,30884926,0
2021-07-27,440130,0,31325056,0
2021-07-28,391012,0,31716068,0
2021-07-29,372076,0,32088144,0
2021-07-30,341522,0,32429666,0
2021-07-31,287027,0,32716693,0
2021-08-01,191004,0,32907697,0
2021-08-02,333712,0,33241409,0
2021-08-03,323192,0,33564601,0
2021-08-04,310978,0,33875579,0
2021-08-05,292508,0,34168087,0
2021-08-06,260011,0,34428098,0
2021-08-07,199049,0,34627147,0
2021-08-08,153110,0,34780257,0
2021-08-09,234074,0,35014331,0
2021-08-10,205250,0,35219581,0
2021-08-11,193769,0,35413350,0
2021-08-12,168025,0,35581375,0
2021-08-13,148633,0,35730008,0
2021-08-14,66093,0,35796101,0
2021-08-15,26338,0,35822439,0
2021-08-16,114702,0,35937141,0
2021-08-17,129251,0,36066392,0
2021-08-18,128750,0,36195142,0
2021-08-19,124817,0,36319959,0
2021-08-20,123794,0,36443753,0
2021-08-21,83129,0,36526882,0
2021-08-22,68172,0,36595054,0
2021-08-23,176872,0,36771926,0
2021-08-24,156896,0,36928822,0
2021-08-25,177171,0,37105993,0
2021-08-26,172363,0,37278356,0
2021-08-27,185837,0,37464193,0
2021-08-28,140278,0,37604471,0
2021-08-29,98995,0,37703466,0
2021-08-30,209603,0,37913069,0
2021-08-31,194640,0,38107709,0
2021-09-01,192212,0,38299921,0
2021-09-02,189931,0,38489852,0
2021-09-03,191305,0,38681157,0
2021-09-04,131466,0,38812623,0
2021-09-05,87858,0,38900481,0
2021-09-06,193634,0,39094115,0
2021-09-07,196044,0,39290159,0
2021-09-08,187882,0,39478041,0
2021-09-09,201448,0,39679489,0
2021-09-10,198079,0,39877568,0
2021-09-11,141303,0,40018871,0
2021-09-12,89597,0,40108468,0
2021-09-13,191132,596,40299600,596
2021-09-14,177235,610,40476835,1206
2021-09-15,163101,614,40639936,1820
2021-09-16,160078,958,40800014,2778
2021-09-17,150172,1137,40950186,3915
2021-09-18,127984,750,41078170,4665
2021-09-19,81137,498,41159307,5163
2021-09-20,180076,9097,41339383,14260
2021-09-21,166647,8846,41506030,23106
2021-09-22,159089,9447,41665119,32553
2021-09-23,138079,9340,41803198,41893
2021-09-24,140542,8976,41943740,50869
2021-09-25,119555,5652,42063295,56521
2021-09-26,71968,4351,42135263,60872
2021-09-27,135659,10061,42270922,70933
2021-09-28,117506,11403,42388428,82336
2021-09-29,112353,11835,42500781,94171
2021-09-30,110257,14962,42611038,109133
2021-10-01,94991,19118,42706029,128251
2021-10-02,78503,14030,42784532,142281
2021-10-03,47746,7663,42832278,149944
2021-10-04,88379,34465,42920657,184409
2021-10-05,80368,33993,43001025,218402
2021-10-06,71998,34183,43073023,252585
2021-10-07,71861,34361,43144884,286946
2021-10-08,80634,33602,43225518,320548
2021-10-09,76102,22183,43301620,342731
2021-10-10,45779,13620,43347399,356351
2021-10-11,87437,41116,43434836,397467
2021-10-12,84499,46918,43519335,444385
2021-10-13,88200,52133,43607535,496518
2021-10-14,91550,58527,43699085,555045
2021-10-15,93599,55644,43792684,610689
2021-10-16,82967,36799,43875651,647488
2021-10-17,51462,23840,43927113,671328
2021-10-18,90305,59495,44017418,730823
2021-10-19,78349,69386,44095767,800209
2021-10-20,75067,78189,44170834,878398
2021-10-21,78296,81774,44249130,960172
2021-10-22,73785,77048,44322915,1037220
2021-10-23,60827,51965,44383742,1089185
2021-10-24,33375,23466,44417117,1112651
2021-10-25,64905,81641,44482022,1194292
2021-10-26,58375,91815,44540397,1286107
2021-10-27,58331,104007,44598728,1390114
2021-10-28,61460,114128,44660188,1504242
2021-10-29,61640,103153,44721828,1607395
2021-10-30,50676,68124,44772504,1675519
2021-10-31,25161,28301,44797665,1703820
2021-11-01,19047,28155,44816712,1731975
2021-11-02,62746,89410,44879458,1821385
2021-11-03,60728,118675,44940186,1940060
2021-11-04,59248,126680,44999434,2066740
2021-11-05,63096,135198,45062530,2201938
2021-11-06,46485,90934,45109015,2292872
2021-11-07,22251,37900,45131266,2330772
2021-11-08,51532,131279,45182798,2462051
2021-11-09,45398,144222,45228196,2606273
2021-11-10,42586,156361,45270782,2762634
2021-11-11,44937,155141,45315719,2917775
2021-11-12,46326,158638,45362045,3076413
2021-11-13,33263,116657,45395308,3193070
2021-11-14,14490,52454,45409798,3245524
2021-11-15,36900,157436,45446698,3402960
2021-11-16,30559,171386,45477257,3574346
2021-11-17,28466,178446,45505723,3752792
2021-11-18,30281,193736,45536004,3946528
2021-11-19,28812,205862,45564816,4152390
2021-11-20,21002,156451,45585818,4308841
2021-11-21,10612,64862,45596430,4373703
2021-11-22,21944,213155,45618374,4586858
2021-11-23,23579,241765,45641953,4828623
2021-11-24,27814,271000,45669767,5099623
2021-11-25,23242,301919,45693009,5401542
2021-11-26,24587,318279,45717596,5719821
2021-11-27,21387,266156,45738983,5985977
2021-11-28,9902,137057,45748885,6123034
2021-11-29,22344,326073,45771229,6449107
2021-11-30,23101,365829,45794330,6814936
2021-12-01,21529,413519,45815859,7228455
2021-12-02,23773,440420,45839632,7668875
2021-12-03,25269,467487,45864901,8136362
2021-12-04,22378,418759,45887279,8555121
2021-12-05,11935,261349,45899214,8816470
2021-12-06,25827,457596,45925041,9274066
2021-12-07,24143,480271,45949184,9754337
2021-12-08,10009,249701,45959193,10004038
2021-12-09,31597,491943,45990790,10495981
2021-12-10,28080,517897,46018870,11013878
2021-12-11,23575,459258,46042445,11473136
2021-12-12,12310,293514,46054755,11766650
2021-12-13,26164,467639,46080919,12234289
2021-12-14,25181,494217,46106100,12728506
2021-12-15,25342,517163,46131442,13245669
2021-12-16,27894,520270,46159336,13765939
2021-12-17,29372,517191,46188708,14283130
2021-12-18,27078,468742,46215786,14751872
2021-12-19,15157,300532,46230943,15052404
2021-12-20,30644,477495,46261587,15529899
2021-12-21,30390,493393,46291977,16023292
2021-12-22,29459,484723,46321436,16508015
2021-12-23,28264,426919,46349700,16934934
2021-12-24,13115,210836,46362815,17145770
2021-12-25,2103,33053,46364918,17178823
2021-12-26,8769,159072,46373687,17337895
2021-12-27,46813,504671,46420500,17842566
2021-12-28,42471,554228,46462971,18396794
2021-12-29,34364,550654,46497335,18947448
2021-12-30,31857,499839,46529192,19447287
2021-12-31,14130,247397,46543322,19694684
2022-01-01,3497,64815,46546819,19759499
2022-01-02,22787,276723,46569606,20036222
2022-01-03,47875,520021,46617481,20556243
2022-01-04,46396,572091,46663877,21128334
2022-01-05,40781,560399,46704658,21688733
2022-01-06,23500,274489,46728158,21963222
2022-01-07,63724,554198,46791882,22517420
2022-01-08,60885,503396,46852767,23020816
2022-01-09,42884,319686,46895651,23340502
2022-01-10,61113,542292,46956764,23882794
2022-01-11,61747,586998,47018511,24469792
2022-01-12,58473,581279,47076984,25051071
2022-01-13,58631,580390,47135615,25631461
2022-01-14,46833,588575,47182448,26220036
2022-01-15,39445,569945,47221893,26789981
2022-01-16,31249,341859,47253142,27131840
2022-01-17,54801,489661,47307943,27621501
2022-01-18,58410,517020,47366353,28138521
2022-01-19,57213,502789,47423566,28641310
2022-01-20,54357,498826,47477923,29140136
2022-01-21,42111,493873,47520034,29634009
2022-01-22,31219,469594,47551253,30103603
2022-01-23,34945,275373,47586198,30378976
2022-01-24,56190,437225,47642388,30816201
2022-01-25,61559,452112,47703947,31268313
2022-01-26,58555,435832,47762502,31704145
2022-01-27,48848,432378,47811350,32136523
2022-01-28,58706,436539,47870056,32573062
2022-01-29,68141,412495,47938197,32985557
2022-01-30,50381,235967,47988578,33221524
2022-01-31,60633,356933,48049211,33578457
2022-02-01,65562,328445,48114773,33906902
2022-02-02,63208,296975,48177981,34203877
2022-02-03,60059,274516,48238040,34478393
2022-02-04,72381,268457,48310421,34746850
2022-02-05,83780,248532,48394201,34995382
2022-02-06,55290,116203,48449491,35111585
2022-02-07,65152,199940,48514643,35311525
2022-02-08,66930,186113,48581573,35497638
2022-02-09,58761,166334,48640334,35663972
2022-02-10,58580,163238,48698914,35827210
2022-02-11,62250,162464,48761164,35989674
2022-02-12,71979,152139,48833143,36141813
2022-02-13,41471,68852,48874614,36210665
2022-02-14,46690,116185,48921304,36326850
2022-02-15,48538,123476,48969842,36450326
2022-02-16,45678,106120,49015520,36556446
2022-02-17,42861,98106,49058381,36654552
2022-02-18,46620,112571,49105001,36767123
2022-02-19,52534,100332,49157535,36867455
2022-02-20,31411,40362,49188946,36907817
2022-02-21,37885,89649,49226831,36997466
2022-02-22,37217,83774,49264048,37081240
2022-02-23,33391,79407,49297439,37160647
2022-02-24,32550,78160,49329989,37238807
2022-02-25,34758,90709,49364747,37329516
2022-02-26,39156,89132,49403903,37418648
2022-02-27,22544,35856,49426447,37454504
2022-02-28,28478,81689,49454925,37536193
2022-03-01,22720,53939,49477645,37590132
2022-03-02,21976,50650,49499621,37640782
2022-03-03,22616,54944,49522237,37695726
2022-03-04,23230,62794,49545467,37758520
2022-03-05,23796,57951,49569263,37816471
2022-03-06,9471,17200,49578734,37833671
2022-03-07,15914,51387,49594648,37885058
2022-03-08,15472,48794,49610120,37933852
2022-03-09,13811,46518,49623931,37980370
2022-03-10,14048,52116,49637979,38032486
2022-03-11,15582,57260,49653561,38089746
2022-03-12,15502,56616,49669063,38146362
2022-03-13,5543,16850,49674606,38163212
2022-03-14,10522,46696,49685128,38209908
2022-03-15,10539,46890,49695667,38256798
2022-03-16,9478,41973,49705145,38298771
2022-03-17,9714,44871,49714859,38343642
2022-03-18,10158,49054,49725017,38392696
2022-03-19,9148,46531,49734165,38439227
2022-03-20,2609,11701,49736774,38450928
2022-03-21,7578,40224,49744352,38491152
2022-03-22,8446,37758,49752798,38528910
2022-03-23,7213,33700,49760011,38562610
2022-03-24,8257,38799,49768268,38601409
2022-03-25,8134,43661,49776402,38645070
2022-03-26,8124,41720,49784526,38686790
2022-03-27,2429,9681,49786955,38696471
2022-03-28,6108,35237,49793063,38731708
2022-03-29,5774,32527,49798837,38764235
2022-03-30,5564,30202,49804401,38794437
2022-03-31,5891,33181,49810292,38827618
2022-04-01,4347,25186,49814639,38852804
2022-04-02,4493,23274,49819132,38876078
2022-04-03,1049,4500,49820181,38880578
2022-04-04,3656,21538,49823837,38902116
2022-04-05,3756,22929,49827593,38925045
2022-04-06,4101,21850,49831694,38946895
2022-04-07,3965,23320,49835659,38970215
2022-04-08,4691,26710,49840350,38996925
2022-04-09,4381,23884,49844731,39020809
2022-04-10,891,4614,49845622,39025423
2022-04-11,3814,22685,49849436,39048108
2022-04-12,3361,21776,49852797,39069884
2022-04-13,3563,21332,49856360,39091216
2022-04-14,3486,23785,49859846,39115001
2022-04-15,3084,20617,49862930,39135618
2022-04-16,2149,11918,49865079,39147536
2022-04-17,63,348,49865142,39147884
2022-04-18,151,650,49865293,39148534
2022-04-19,3497,21977,49868790,39170511
2022-04-20,3508,20249,49872298,39190760
2022-04-21,2844,19783,49875142,39210543
2022-04-22,2927,20696,49878069,39231239
2022-04-23,2642,16217,49880711,39247456
2022-04-24,509,2334,49881220,39249790
2022-04-25,183,1165,49881403,39250955
2022-04-26,2756,17801,49884159,39268756
2022-04-27,2372,15789,49886531,39284545
2022-04-28,2357,15557,49888888,39300102
2022-04-29,2293,14837,49891181,39314939
2022-04-30,2122,11578,49893303,39326517
2022-05-01,113,530,49893416,39327047
2022-05-02,1450,9388,49894866,39336435
2022-05-03,1575,10314,49896441,39346749
2022-05-04,1746,10260,49898187,39357009
2022-05-05,1652,10278,49899839,39367287
2022-05-06,1700,10951,49901539,39378238
2022-05-07,1431,8563,49902970,39386801
2022-05-08,405,1515,49903375,39388316
2022-05-09,1027,8918,49904402,39397234
2022-05-10,1422,9542,49905824,39406776
2022-05-11,1483,10091,49907307,39416867
2022-05-12,1369,10122,49908676,39426989
2022-05-13,1591,10511,49910267,39437500
2022-05-14,1356,8230,49911623,39445730
2022-05-15,336,1130,49911959,39446860
2022-05-16,813,8394,49912772,39455254
2022-05-17,1243,8675,49914015,39463929
2022-05-18,1374,9225,49915389,39473154
2022-05-19,1500,9272,49916889,39482426
2022-05-20,1422,9498,49918311,39491924
2022-05-21,1299,7893,49919610,39499817
2022-05-22,231,1012,49919841,39500829
2022-05-23,830,8262,49920671,39509091
2022-05-24,1073,8664,49921744,39517755
2022-05-25,1369,9445,49923113,39527200
2022-05-26,1195,9454,49924308,39536654
2022-05-27,1227,9912,49925535,39546566
2022-05-28,1203,7874,49926738,39554440
2022-05-29,286,1264,49927024,39555704
2022-05-30,930,8031,49927954,39563735
2022-05-31,1035,8532,49928989,39572267
2022-06-01,890,7644,49929879,39579911
2022-06-02,35,474,49929914,39580385
2022-06-03,817,7330,49930731,39587715
2022-06-04,870,5157,49931601,39592872
2022-06-05,89,586,49931690,39593458
2022-06-06,676,6986,49932366,39600444
2022-06-07,951,7842,49933317,39608286
2022-06-08,983,7901,49934300,39616187
2022-06-09,1037,8399,49935337,39624586
2022-06-10,958,8552,49936295,39633138
2022-06-11,901,6206,49937196,39639344
2022-06-12,140,767,49937336,39640111
2022-06-13,602,6296,49937938,39646407
2022-06-14,828,7882,49938766,39654289
2022-06-15,954,7844,49939720,39662133
2022-06-16,729,7390,49940449,39669523
2022-06-17,722,7242,49941171,39676765
2022-06-18,777,5589,49941948,39682354
2022-06-19,47,522,49941995,39682876
2022-06-20,587,6695,49942582,39689571
2022-06-21,734,7656,49943316,39697227
2022-06-22,780,7307,49944096,39704534
2022-06-23,651,7459,49944747,39711993
2022-06-24,643,7472,49945390,39719465
2022-06-25,835,6532,49946225,39725997
2022-06-26,128,523,49946353,39726520
2022-06-27,531,7123,49946884,39733643
2022-06-28,745,8194,49947629,39741837
2022-06-29,756,7722,49948385,39749559
2022-06-30,746,8131,49949131,39757690
2022-07-01,576,6438,49949707,39764128
2022-07-02,536,4767,49950243,39768895
2022-07-03,49,456,49950292,39769351
2022-07-04,469,6275,49950761,39775626
2022-07-05,628,8112,49951389,39783738
2022-07-06,632,7607,49952021,39791345
2022-07-07,570,8264,49952591,39799609
2022-07-08,671,8080,49953262,39807689
2022-07-09,550,6103,49953812,39813792
2022-07-10,58,533,49953870,39814325
2022-07-11,487,7639,49954357,39821964
2022-07-12,665,9028,49955022,39830992
2022-07-13,640,10063,49955662,39841055
2022-07-14,636,10219,49956298,39851274
2022-07-15,625,10664,49956923,39861938
2022-07-16,522,7209,49957445,39869147
2022-07-17,48,769,49957493,39869916
2022-07-18,497,9350,49957990,39879266
2022-07-19,573,10657,49958563,39889923
2022-07-20,578,11258,49959141,39901181
2022-07-21,627,12040,49959768,39913221
2022-07-22,583,11227,49960351,39924448
2022-07-23,379,6744,49960730,39931192
2022-07-24,76,834,49960806,39932026
2022-07-25,502,9034,49961308,39941060
2022-07-26,521,9727,49961829,39950787
2022-07-27,550,10160,49962379,39960947
2022-07-28,529,10481,49962908,39971428
2022-07-29,510,9426,49963418,39980854
2022-07-30,382,5852,49963800,39986706
2022-07-31,49,745,49963849,39987451
2022-08-01,386,6824,49964235,39994275
2022-08-02,540,7526,49964775,40001801
2022-08-03,511,7142,49965286,40008943
2022-08-04,454,7439,49965740,40016382
2022-08-05,419,6490,49966159,40022872
2022-08-06,298,3582,49966457,40026454
2022-08-07,44,551,49966501,40027005
2022-08-08,401,4874,49966902,40031879
2022-08-09,383,5269,49967285,40037148
2022-08-10,379,4789,49967664,40041937
2022-08-11,365,4757,49968029,40046694
2022-08-12,292,3699,49968321,40050393
2022-08-13,143,1597,49968464,40051990
2022-08-14,9,128,49968473,40052118
2022-08-15,1,26,49968474,40052144
2022-08-16,283,3028,49968757,40055172
2022-08-17,352,3511,49969109,40058683
2022-08-18,389,4142,49969498,40062825
2022-08-19,341,3309,49969839,40066134
2022-08-20,183,1710,49970022,40067844
2022-08-21,24,146,49970046,40067990
2022-08-22,329,2940,49970375,40070930
2022-08-23,371,3656,49970746,40074586
2022-08-24,383,3344,49971129,40077930
2022-08-25,420,3752,49971549,40081682
2022-08-26,397,3560,49971946,40085242
2022-08-27,235,1769,49972181,40087011
2022-08-28,29,260,49972210,40087271
2022-08-29,353,3148,49972563,40090419
2022-08-30,403,3645,49972966,40094064
2022-08-31,436,3716,49973402,40097780
2022-09-01,352,3098,49973754,40100878
2022-09-02,296,2882,49974050,40103760
2022-09-03,199,1684,49974249,40105444
2022-09-04,23,147,49974272,40105591
2022-09-05,186,2646,49974458,40108237
2022-09-06,302,2984,49974760,40111221
2022-09-07,541,2912,49975301,40114133
2022-09-08,289,2951,49975590,40117084
2022-09-09,301,2854,49975891,40119938
2022-09-10,227,1325,49976118,40121263
2022-09-11,21,123,49976139,40121386
2022-09-12,267,2209,49976406,40123595
2022-09-13,248,2267,49976654,40125862
2022-09-14,263,2554,49976917,40128416
2022-09-15,279,2480,49977196,40130896
2022-09-16,253,2532,49977449,40133428
2022-09-17,239,1339,49977688,40134767
2022-09-18,20,170,49977708,40134937
2022-09-19,205,1965,49977913,40136902
2022-09-20,236,2370,49978149,40139272
2022-09-21,289,2511,49978438,40141783
2022-09-22,260,2637,49978698,40144420
2022-09-23,256,2515,49978954,40146935
2022-09-24,193,1426,49979147,40148361
2022-09-25,28,134,49979175,40148495
2022-09-26,280,2239,49979455,40150734
2022-09-27,281,2637,49979736,40153371
2022-09-28,309,2871,49980045,40156242
2022-09-29,251,3027,49980296,40159269
2022-09-30,289,2961,49980585,40162230
2022-10-01,193,1503,49980778,40163733
2022-10-02,11,187,49980789,40163920
2022-10-03,180,2453,49980969,40166373
2022-10-04,233,2818,49981202,40169191
2022-10-05,223,3192,49981425,40172383
2022-10-06,239,3770,49981664,40176153
2022-10-07,283,4106,49981947,40180259
2022-10-08,198,2209,49982145,40182468
2022-10-09,8,287,49982153,40182755
2022-10-10,205,3300,49982358,40186055
2022-10-11,191,4261,49982549,40190316
2022-10-12,207,4344,49982756,40194660
2022-10-13,189,5185,49982945,40199845
2022-10-14,224,4909,49983169,40204754
2022-10-15,185,2570,49983354,40207324
2022-10-16,6,344,49983360,40207668
2022-10-17,184,3720,49983544,40211388
2022-10-18,250,4713,49983794,40216101
2022-10-19,242,4884,49984036,40220985