data_somministrazione,vaccinazioni,booster,cum_vaccinazioni,cum_booster
2020-12-27,18,0,18,0
2020-12-28,2,0,20,0
2020-12-29,1,0,21,0
2020-12-30,6,0,27,0
2020-12-31,55,0,82,0
2021-01-01,21,0,103,0
2021-01-02,94,0,197,0
2021-01-03,72,0,269,0
2021-01-04,186,0,455,0
2021-01-05,228,0,683,0
2021-01-06,180,0,863,0
2021-01-07,269,0,1132,0
2021-01-08,317,0,1449,0
2021-01-09,235,0,1684,0
2021-01-10,140,0,1824,0
2021-01-11,258,0,2082,0
2021-01-12,260,0,2342,0
2021-01-13,376,0,2718,0
2021-01-14,464,0,3182,0
2021-01-15,286,0,3468,0
2021-01-16,200,0,3668,0
2021-01-17,3055,0,6723,0
2021-01-18,5206,0,11929,0
2021-01-19,1890,0,13819,0
2021-01-20,4651,0,18470,0
2021-01-21,20006,0,38476,0
2021-01-22,14201,0,52677,0
2021-01-23,33339,0,86016,0
2021-01-24,30793,0,116809,0
2021-01-25,64743,0,181552,0
2021-01-26,76504,0,258056,0
2021-01-27,64851,0,322907,0
2021-01-28,89309,0,412216,0
2021-01-29,94043,0,506259,0
2021-01-30,86582,0,592841,0
2021-01-31,57344,0,650185,0
2021-02-01,81880,0,732065,0
2021-02-02,82150,0,814215,0
2021-02-03,91200,0,905415,0
2021-02-04,95404,0,1000819,0
2021-02-05,90288,0,1091107,0
2021-02-06,63452,0,1154559,0
2021-02-07,32925,0,1187484,0
2021-02-08,40432,0,1227916,0
2021-02-09,32864,0,1260780,0
2021-02-10,28416,0,1289196,0
2021-02-11,20382,0,1309578,0
2021-02-12,16221,0,1325799,0
2021-02-13,7246,0,1333045,0
2021-02-14,2861,0,1335906,0
2021-02-15,6836,0,1342742,0
2021-02-16,6991,0,1349733,0
2021-02-17,10518,0,1360251,0
2021-02-18,9243,0,1369494,0
2021-02-19,8234,0,1377728,0
2021-02-20,5532,0,1383260,0
2021-02-21,2977,0,1386237,0
2021-02-22,6877,0,1393114,0
2021-02-23,7155,0,1400269,0
2021-02-24,9822,0,1410091,0
2021-02-25,14200,0,1424291,0
2021-02-26,17548,0,1441839,0
2021-02-27,13894,0,1455733,0
2021-02-28,9384,0,1465117,0
2021-03-01,26505,0,1491622,0
2021-03-02,33231,0,1524853,0
2021-03-03,44641,0,1569494,0
2021-03-04,50289,0,1619783,0
2021-03-05,55733,0,1675516,0
2021-03-06,41873,0,1717389,0
2021-03-07,22320,0,1739709,0
2021-03-08,50787,0,1790496,0
2021-03-09,53055,0,1843551,0
2021-03-10,58619,0,1902170,0
2021-03-11,63826,0,1965996,0
2021-03-12,65088,0,2031084,0
2021-03-13,51699,0,2082783,0
2021-03-14,35383,0,2118166,0
2021-03-15,73421,0,2191587,0
2021-03-16,74022,0,2265609,0
2021-03-17,83128,0,2348737,0
2021-03-18,81620,0,2430357,0
2021-03-19,81077,0,2511434,0
2021-03-20,64700,0,2576134,0
2021-03-21,47285,0,2623419,0
2021-03-22,69468,0,2692887,0
2021-03-23,75776,0,2768663,0
2021-03-24,90879,0,2859542,0
2021-03-25,89778,0,2949320,0
2021-03-26,83600,0,3032920,0
2021-03-27,71907,0,3104827,0
2021-03-28,44118,0,3148945,0
2021-03-29,70798,0,3219743,0
2021-03-30,81348,0,3301091,0
2021-03-31,96205,0,3397296,0
2021-04-01,95289,0,3492585,0
2021-04-02,84062,0,3576647,0
2021-04-03,64294,0,3640941,0
2021-04-04,21715,0,3662656,0
2021-04-05,40294,0,3702950,0
2021-04-06,81291,0,3784241,0
2021-04-07,95797,0,3880038,0
2021-04-08,95219,0,3975257,0
2021-04-09,88472,0,4063729,0
2021-04-10,74019,0,4137748,0
2021-04-11,44744,0,4182492,0
2021-04-12,66901,0,4249393,0
2021-04-13,72553,0,4321946,0
2021-04-14,85515,0,4407461,0
2021-04-15,105396,0,4512857,0
2021-04-16,106404,0,4619261,0
2021-04-17,90483,0,4709744,0
2021-04-18,58581,0,4768325,0
2021-04-19,93426,0,4861751,0
2021-04-20,103759,0,4965510,0
2021-04-21,125323,0,5090833,0
2021-04-22,143501,0,5234334,0
2021-04-23,138708,0,5373042,0
2021-04-24,124428,0,5497470,0
2021-04-25,61450,0,5558920,0
2021-04-26,97873,0,5656793,0
2021-04-27,128346,0,5785139,0
2021-04-28,156346,0,5941485,0
2021-04-29,195570,0,6137055,0
2021-04-30,214550,0,6351605,0
2021-05-01,174086,0,6525691,0
2021-05-02,135787,0,6661478,0
2021-05-03,141994,0,6803472,0
2021-05-04,158676,0,6962148,0
2021-05-05,170463,0,7132611,0
2021-05-06,197785,0,7330396,0
2021-05-07,213797,0,7544193,0
2021-05-08,213372,0,7757565,0
2021-05-09,143188,0,7900753,0
2021-05-10,165070,0,8065823,0
2021-05-11,174945,0,8240768,0
2021-05-12,179132,0,8419900,0
2021-05-13,203342,0,8623242,0
2021-05-14,222886,0,8846128,0
2021-05-15,210326,0,9056454,0
2021-05-16,159252,0,9215706,0
2021-05-17,219173,0,9434879,0
2021-05-18,212991,0,9647870,0
2021-05-19,207054,0,9854924,0
2021-05-20,270832,0,10125756,0
2021-05-21,270853,0,10396609,0
2021-05-22,245509,0,10642118,0
2021-05-23,197169,0,10839287,0
2021-05-24,228286,0,11067573,0
2021-05-25,245676,0,11313249,0
2021-05-26,277472,0,11590721,0
2021-05-27,311067,0,11901788,0
2021-05-28,299550,0,12201338,0
2021-05-29,231188,0,12432526,0
2021-05-30,170811,0,12603337,0
2021-05-31,216392,0,12819729,0
2021-06-01,207621,0,13027350,0
2021-06-02,115758,0,13143108,0
2021-06-03,180082,0,13323190,0
2021-06-04,184826,0,13508016,0
2021-06-05,185904,0,13693920,0
2021-06-06,139495,0,13833415,0
2021-06-07,161811,0,13995226,0
2021-06-08,171136,0,14166362,0
2021-06-09,171398,0,14337760,0
2021-06-10,174002,0,14511762,0
2021-06-11,169912,0,14681674,0
2021-06-12,128286,0,14809960,0
2021-06-13,91120,0,14901080,0
2021-06-14,214623,0,15115703,0
2021-06-15,228359,0,15344062,0
2021-06-16,253015,0,15597077,0
2021-06-17,301681,0,15898758,0
2021-06-18,306235,0,16204993,0
2021-06-19,275028,0,16480021,0
2021-06-20,220712,0,16700733,0
2021-06-21,288018,0,16988751,0
2021-06-22,296169,0,17284920,0
2021-06-23,302650,0,17587570,0
2021-06-24,332537,0,17920107,0
2021-06-25,348681,0,18268788,0
2021-06-26,300077,0,18568865,0
2021-06-27,228604,0,18797469,0
2021-06-28,307016,0,19104485,0
2021-06-29,329211,0,19433696,0
2021-06-30,342078,0,19775774,0
2021-07-01,363138,0,20138912,0
2021-07-02,368421,0,20507333,0
2021-07-03,371054,0,20878387,0
2021-07-04,283185,0,21161572,0
2021-07-05,384497,0,21546069,0
2021-07-06,385422,0,21931491,0
2021-07-07,412050,0,22343541,0
2021-07-08,479631,0,22823172,0
2021-07-09,498502,0,23321674,0
2021-07-10,475181,0,23796855,0
2021-07-11,357704,0,24154559,0
2021-07-12,485919,0,24640478,0
2021-07-13,492160,0,25132638,0
2021-07-14,480484,0,25613122,0
2021-07-15,523516,0,26136638,0
2021-07-16,509792,0,26646430,0
2021-07-17,464375,0,27110805,0
2021-07-18,364705,0,27475510,0
2021-07-19,463081,0,27938591,0
2021-07-20,458094,0,28396685,0
2021-07-21,462820,0,28859505,0
2021-07-22,475402,0,29334907,0
2021-07-23,441312,0,29776219,0
2021-07-24,386191,0,30162410,0
2021-07-25,287605,0,30450015,0
2021-07-26,430906,0,30880921,0
2021-07-27,440130,0,31321051,0
2021-07-28,391023,0,31712074,0
2021-07-29,372081,0,32084155,0
2021-07-30,341497,0,32425652,0
2021-07-31,286998,0,32712650,0
2021-08-01,191022,0,32903672,0
2021-08-02,333726,0,33237398,0
2021-08-03,323184,0,33560582,0
2021-08-04,310970,0,33871552,0
2021-08-05,292511,0,34164063,0
2021-08-06,259994,0,34424057,0
2021-08-07,199038,0,34623095,0
2021-08-08,153104,0,34776199,0
2021-08-09,234074,0,35010273,0
2021-08-10,205246,0,35215519,0
2021-08-11,193740,0,35409259,0
2021-08-12,167957,0,35577216,0
2021-08-13,148587,0,35725803,0
2021-08-14,66082,0,35791885,0
2021-08-15,26333,0,35818218,0
2021-08-16,114668,0,35932886,0
2021-08-17,129236,0,36062122,0
2021-08-18,128724,0,36190846,0
2021-08-19,124778,0,36315624,0
2021-08-20,123783,0,36439407,0
2021-08-21,83109,0,36522516,0
2021-08-22,68162,0,36590678,0
2021-08-23,176866,0,36767544,0
2021-08-24,156897,0,36924441,0
2021-08-25,177164,0,37101605,0
2021-08-26,172347,0,37273952,0
2021-08-27,185856,0,37459808,0
2021-08-28,140270,0,37600078,0
2021-08-29,99004,0,37699082,0
2021-08-30,209636,0,37908718,0
2021-08-31,194631,0,38103349,0
2021-09-01,192216,0,38295565,0
2021-09-02,189939,0,38485504,0
2021-09-03,191351,0,38676855,0
2021-09-04,131491,0,38808346,0
2021-09-05,87877,0,38896223,0
2021-09-06,193665,0,39089888,0
2021-09-07,196083,0,39285971,0
2021-09-08,187915,0,39473886,0
2021-09-09,201482,0,39675368,0
2021-09-10,198116,0,39873484,0
2021-09-11,141330,0,40014814,0
2021-09-12,89603,0,40104417,0
2021-09-13,191188,523,40295605,523
2021-09-14,177274,557,40472879,1080
2021-09-15,163133,558,40636012,1638
2021-09-16,160102,903,40796114,2541
2021-09-17,150174,1097,40946288,3638
2021-09-18,127976,721,41074264,4359
2021-09-19,81132,484,41155396,4843
2021-09-20,180075,9057,41335471,13900
2021-09-21,166619,8821,41502090,22721
2021-09-22,159072,9419,41661162,32140
2021-09-23,138071,9310,41799233,41450
2021-09-24,140533,8943,41939766,50393
2021-09-25,119540,5625,42059306,56018
2021-09-26,71949,4333,42131255,60351
2021-09-27,135628,10033,42266883,70384
2021-09-28,117478,11372,42384361,81756
2021-09-29,112315,11821,42496676,93577
2021-09-30,110220,14931,42606896,108508
2021-10-01,94968,19098,42701864,127606
2021-10-02,78466,14011,42780330,141617
2021-10-03,47722,7652,42828052,149269
2021-10-04,88370,34438,42916422,183707
2021-10-05,80356,33965,42996778,217672
2021-10-06,71973,34153,43068751,251825
2021-10-07,71843,34339,43140594,286164
2021-10-08,80616,33583,43221210,319747
2021-10-09,76094,22161,43297304,341908
2021-10-10,45770,13611,43343074,355519
2021-10-11,87401,41094,43430475,396613
2021-10-12,84482,46889,43514957,443502
2021-10-13,88184,52097,43603141,495599
2021-10-14,91522,58490,43694663,554089
2021-10-15,93580,55609,43788243,609698
2021-10-16,82953,36772,43871196,646470
2021-10-17,51456,23822,43922652,670292
2021-10-18,90289,59470,44012941,729762
2021-10-19,78338,69365,44091279,799127
2021-10-20,75072,78149,44166351,877276
2021-10-21,78307,81737,44244658,959013
2021-10-22,73795,77007,44318453,1036020
2021-10-23,60812,51945,44379265,1087965
2021-10-24,33382,23441,44412647,1111406
2021-10-25,64904,81617,44477551,1193023
2021-10-26,58369,91768,44535920,1284791
2021-10-27,58329,103953,44594249,1388744
2021-10-28,61465,114094,44655714,1502838
2021-10-29,61664,103098,44717378,1605936
2021-10-30,50671,68109,44768049,1674045
2021-10-31,25168,28281,44793217,1702326
2021-11-01,19048,28145,44812265,1730471
2021-11-02,62774,89360,44875039,1819831
2021-11-03,60731,118654,44935770,1938485
2021-11-04,59243,126651,44995013,2065136
2021-11-05,63096,135164,45058109,2200300
2021-11-06,46470,90919,45104579,2291219
2021-11-07,22253,37891,45126832,2329110
2021-11-08,51523,131255,45178355,2460365
2021-11-09,45403,144185,45223758,2604550
2021-11-10,42573,156341,45266331,2760891
2021-11-11,44932,155129,45311263,2916020
2021-11-12,46366,158563,45357629,3074583
2021-11-13,33253,116641,45390882,3191224
2021-11-14,14478,52445,45405360,3243669
2021-11-15,36895,157414,45442255,3401083
2021-11-16,30541,171369,45472796,3572452
2021-11-17,28442,178428,45501238,3750880
2021-11-18,30276,193704,45531514,3944584
2021-11-19,28790,205841,45560304,4150425
2021-11-20,20987,156433,45581291,4306858
2021-11-21,10604,64854,45591895,4371712
2021-11-22,21920,213136,45613815,4584848
2021-11-23,23557,241738,45637372,4826586
2021-11-24,27829,270937,45665201,5097523
2021-11-25,23219,301891,45688420,5399414
2021-11-26,24561,318255,45712981,5717669
2021-11-27,21366,266146,45734347,5983815
2021-11-28,9893,137051,45744240,6120866
2021-11-29,22308,326058,45766548,6446924
2021-11-30,23068,365817,45789616,6812741
2021-12-01,21503,413493,45811119,7226234
2021-12-02,23744,440375,45834863,7666609
2021-12-03,25213,467446,45860076,8134055
2021-12-04,22338,418720,45882414,8552775
2021-12-05,11904,261330,45894318,8814105
2021-12-06,25794,457552,45920112,9271657
2021-12-07,24095,480240,45944207,9751897
2021-12-08,9985,249675,45954192,10001572
2021-12-09,31542,491908,45985734,10493480
2021-12-10,28034,517852,46013768,11011332
2021-12-11,23536,459235,46037304,11470567
2021-12-12,12288,293492,46049592,11764059
2021-12-13,26121,467612,46075713,12231671
2021-12-14,25144,494180,46100857,12725851
2021-12-15,25295,517128,46126152,13242979
2021-12-16,27850,520228,46154002,13763207
2021-12-17,29318,517151,46183320,14280358
2021-12-18,27007,468708,46210327,14749066
2021-12-19,15123,300508,46225450,15049574
2021-12-20,30590,477460,46256040,15527034
2021-12-21,30332,493365,46286372,16020399
2021-12-22,29413,484690,46315785,16505089
2021-12-23,28197,426889,46343982,16931978
2021-12-24,13100,210815,46357082,17142793
2021-12-25,2101,33052,46359183,17175845
2021-12-26,8748,159062,46367931,17334907
2021-12-27,46727,504643,46414658,17839550
2021-12-28,42396,554190,46457054,18393740
2021-12-29,34269,550627,46491323,18944367
2021-12-30,31768,499810,46523091,19444177
2021-12-31,14087,247392,46537178,19691569
2022-01-01,3493,64811,46540671,19756380
2022-01-02,22716,276716,46563387,20033096
2022-01-03,47733,520008,46611120,20553104
2022-01-04,46234,572064,46657354,21125168
2022-01-05,40623,560373,46697977,21685541
2022-01-06,23412,274477,46721389,21960018
2022-01-07,63556,554174,46784945,22514192
2022-01-08,60704,503370,46845649,23017562
2022-01-09,42716,319682,46888365,23337244
2022-01-10,60943,542265,46949308,23879509
2022-01-11,61563,586978,47010871,24466487
2022-01-12,58297,581269,47069168,25047756
2022-01-13,58448,580365,47127616,25628121
2022-01-14,46625,588553,47174241,26216674
2022-01-15,39171,569929,47213412,26786603
2022-01-16,31072,341847,47244484,27128450
2022-01-17,54668,489641,47299152,27618091
2022-01-18,58262,517001,47357414,28135092
2022-01-19,57088,502775,47414502,28637867
2022-01-20,54224,498805,47468726,29136672
2022-01-21,41943,493858,47510669,29630530
2022-01-22,31037,469585,47541706,30100115
2022-01-23,34843,275363,47576549,30375478
2022-01-24,56096,437204,47632645,30812682
2022-01-25,61461,452083,47694106,31264765
2022-01-26,58456,435807,47752562,31700572
2022-01-27,48765,432350,47801327,32132922
2022-01-28,58584,436518,47859911,32569440
2022-01-29,68014,412474,47927925,32981914
2022-01-30,50311,235960,47978236,33217874
2022-01-31,60512,356916,48038748,33574790
2022-02-01,65452,328423,48104200,33903213
2022-02-02,63108,296952,48167308,34200165
2022-02-03,59981,274507,48227289,34474672
2022-02-04,72295,268437,48299584,34743109
2022-02-05,83682,248520,48383266,34991629
2022-02-06,55234,116192,48438500,35107821
2022-02-07,65084,199926,48503584,35307747
2022-02-08,66879,186101,48570463,35493848
2022-02-09,58706,166327,48629169,35660175
2022-02-10,58501,163229,48687670,35823404
2022-02-11,62186,162449,48749856,35985853
2022-02-12,71927,152133,48821783,36137986
2022-02-13,41450,68848,48863233,36206834
2022-02-14,46641,116180,48909874,36323014
2022-02-15,48482,123477,48958356,36446491
2022-02-16,45641,106107,49003997,36552598
2022-02-17,42836,98096,49046833,36650694
2022-02-18,46582,112565,49093415,36763259
2022-02-19,52503,100324,49145918,36863583
2022-02-20,31405,40359,49177323,36903942
2022-02-21,37876,89638,49215199,36993580
2022-02-22,37187,83765,49252386,37077345
2022-02-23,33369,79401,49285755,37156746
2022-02-24,32539,78159,49318294,37234905
2022-02-25,34737,90701,49353031,37325606
2022-02-26,39134,89130,49392165,37414736
2022-02-27,22537,35855,49414702,37450591
2022-02-28,28457,81689,49443159,37532280
2022-03-01,22682,53934,49465841,37586214
2022-03-02,21981,50626,49487822,37636840
2022-03-03,22591,54940,49510413,37691780
2022-03-04,23203,62788,49533616,37754568
2022-03-05,23773,57949,49557389,37812517
2022-03-06,9468,17199,49566857,37829716
2022-03-07,15894,51389,49582751,37881105
2022-03-08,15438,48796,49598189,37929901
2022-03-09,13793,46512,49611982,37976413
2022-03-10,14019,52115,49626001,38028528
2022-03-11,15554,57246,49641555,38085774
2022-03-12,15483,56613,49657038,38142387
2022-03-13,5540,16848,49662578,38159235
2022-03-14,10513,46690,49673091,38205925
2022-03-15,10525,46892,49683616,38252817
2022-03-16,9466,41975,49693082,38294792
2022-03-17,9695,44875,49702777,38339667
2022-03-18,10149,49049,49712926,38388716
2022-03-19,9139,46530,49722065,38435246
2022-03-20,2604,11699,49724669,38446945
2022-03-21,7569,40220,49732238,38487165
2022-03-22,8433,37745,49740671,38524910
2022-03-23,7201,33695,49747872,38558605
2022-03-24,8242,38797,49756114,38597402
2022-03-25,8118,43662,49764232,38641064
2022-03-26,8120,41718,49772352,38682782
2022-03-27,2426,9683,49774778,38692465
2022-03-28,6093,35229,49780871,38727694
2022-03-29,5771,32524,49786642,38760218
2022-03-30,5550,30193,49792192,38790411
2022-03-31,5877,33168,49798069,38823579
2022-04-01,4339,25179,49802408,38848758
2022-04-02,4486,23271,49806894,38872029
2022-04-03,1046,4499,49807940,38876528
2022-04-04,3648,21532,49811588,38898060
2022-04-05,3745,22922,49815333,38920982
2022-04-06,4095,21837,49819428,38942819
2022-04-07,3951,23317,49823379,38966136
2022-04-08,4681,26708,49828060,38992844
2022-04-09,4373,23883,49832433,39016727
2022-04-10,892,4614,49833325,39021341
2022-04-11,3798,22681,49837123,39044022
2022-04-12,3351,21774,49840474,39065796
2022-04-13,3554,21334,49844028,39087130
2022-04-14,3478,23772,49847506,39110902
2022-04-15,3075,20613,49850581,39131515
2022-04-16,2146,11920,49852727,39143435
2022-04-17,63,348,49852790,39143783
2022-04-18,148,650,49852938,39144433
2022-04-19,3480,21976,49856418,39166409
2022-04-20,3492,20249,49859910,39186658
2022-04-21,2834,19774,49862744,39206432
2022-04-22,2913,20695,49865657,39227127
2022-04-23,2634,16205,49868291,39243332
2022-04-24,509,2335,49868800,39245667
2022-04-25,183,1165,49868983,39246832
2022-04-26,2757,17789,49871740,39264621
2022-04-27,2363,15779,49874103,39280400
2022-04-28,2346,15533,49876449,39295933
2022-04-29,2288,14831,49878737,39310764
2022-04-30,2117,11577,49880854,39322341
2022-05-01,113,530,49880967,39322871
2022-05-02,1443,9384,49882410,39332255
2022-05-03,1569,10307,49883979,39342562
2022-05-04,1744,10255,49885723,39352817
2022-05-05,1647,10273,49887370,39363090
2022-05-06,1693,10943,49889063,39374033
2022-05-07,1432,8561,49890495,39382594
2022-05-08,404,1514,49890899,39384108
2022-05-09,1023,8915,49891922,39393023
2022-05-10,1418,9536,49893340,39402559
2022-05-11,1476,10087,49894816,39412646
2022-05-12,1363,10119,49896179,39422765
2022-05-13,1587,10506,49897766,39433271
2022-05-14,1355,8226,49899121,39441497
2022-05-15,336,1129,49899457,39442626
2022-05-16,809,8388,49900266,39451014
2022-05-17,1239,8665,49901505,39459679
2022-05-18,1368,9211,49902873,39468890
2022-05-19,1496,9266,49904369,39478156
2022-05-20,1419,9490,49905788,39487646
2022-05-21,1299,7891,49907087,39495537
2022-05-22,231,1012,49907318,39496549
2022-05-23,825,8260,49908143,39504809
2022-05-24,1070,8663,49909213,39513472
2022-05-25,1364,9443,49910577,39522915
2022-05-26,1192,9452,49911769,39532367
2022-05-27,1223,9908,49912992,39542275
2022-05-28,1201,7872,49914193,39550147
2022-05-29,285,1264,49914478,39551411
2022-05-30,928,8023,49915406,39559434
2022-05-31,1032,8529,49916438,39567963
2022-06-01,890,7643,49917328,39575606
2022-06-02,35,474,49917363,39576080
2022-06-03,811,7327,49918174,39583407
2022-06-04,869,5155,49919043,39588562
2022-06-05,89,586,49919132,39589148
2022-06-06,670,6964,49919802,39596112
2022-06-07,929,7841,49920731,39603953
2022-06-08,977,7896,49921708,39611849
2022-06-09,1032,8398,49922740,39620247
2022-06-10,949,8537,49923689,39628784
2022-06-11,897,6208,49924586,39634992
2022-06-12,140,767,49924726,39635759
2022-06-13,602,6295,49925328,39642054
2022-06-14,824,7878,49926152,39649932
2022-06-15,949,7842,49927101,39657774
2022-06-16,727,7382,49927828,39665156
2022-06-17,715,7232,49928543,39672388
2022-06-18,776,5587,49929319,39677975
2022-06-19,47,522,49929366,39678497
2022-06-20,587,6694,49929953,39685191
2022-06-21,730,7637,49930683,39692828
2022-06-22,776,7299,49931459,39700127
2022-06-23,648,7456,49932107,39707583
2022-06-24,642,7465,49932749,39715048
2022-06-25,835,6531,49933584,39721579
2022-06-26,128,523,49933712,39722102
2022-06-27,531,7113,49934243,39729215
2022-06-28,743,8206,49934986,39737421
2022-06-29,754,7714,49935740,39745135
2022-06-30,741,8131,49936481,39753266
2022-07-01,578,6436,49937059,39759702
2022-07-02,536,4763,49937595,39764465
2022-07-03,49,456,49937644,39764921
2022-07-04,467,6269,49938111,39771190
2022-07-05,619,8104,49938730,39779294
2022-07-06,623,7589,49939353,39786883
2022-07-07,562,8247,49939915,39795130
2022-07-08,667,8072,49940582,39803202
2022-07-09,548,6103,49941130,39809305
2022-07-10,58,533,49941188,39809838
2022-07-11,475,7624,49941663,39817462
2022-07-12,650,8971,49942313,39826433
2022-07-13,624,10054,49942937,39836487
2022-07-14,617,10186,49943554,39846673
2022-07-15,615,10627,49944169,39857300
2022-07-16,511,7195,49944680,39864495
2022-07-17,48,767,49944728,39865262
2022-07-18,493,9326,49945221,39874588
2022-07-19,558,10623,49945779,39885211
2022-07-20,557,11221,49946336,39896432
2022-07-21,617,11968,49946953,39908400
2022-07-22,562,11173,49947515,39919573
2022-07-23,374,6728,49947889,39926301
2022-07-24,75,834,49947964,39927135
2022-07-25,490,9008,49948454,39936143
2022-07-26,515,9686,49948969,39945829
2022-07-27,523,10076,49949492,39955905
2022-07-28,518,10377,49950010,39966282
2022-07-29,502,9347,49950512,39975629
2022-07-30,379,5816,49950891,39981445
2022-07-31,49,739,49950940,39982184
2022-08-01,380,6796,49951320,39988980
2022-08-02,528,7453,49951848,39996433
2022-08-03,480,6963,49952328,40003396
2022-08-04,432,7197,49952760,40010593
2022-08-05,427,6114,49953187,40016707