data_somministrazione,vaccinazioni,booster,cum_vaccinazioni,cum_booster
2020-12-27,16,0,16,0
2020-12-28,2,0,18,0
2020-12-29,1,0,19,0
2020-12-30,3,0,22,0
2020-12-31,34,0,56,0
2021-01-01,12,0,68,0
2021-01-02,53,0,121,0
2021-01-03,46,0,167,0
2021-01-04,124,0,291,0
2021-01-05,165,0,456,0
2021-01-06,135,0,591,0
2021-01-07,203,0,794,0
2021-01-08,247,0,1041,0
2021-01-09,173,0,1214,0
2021-01-10,110,0,1324,0
2021-01-11,200,0,1524,0
2021-01-12,207,0,1731,0
2021-01-13,313,0,2044,0
2021-01-14,414,0,2458,0
2021-01-15,252,0,2710,0
2021-01-16,168,0,2878,0
2021-01-17,3050,0,5928,0
2021-01-18,5186,0,11114,0
2021-01-19,1876,0,12990,0
2021-01-20,4650,0,17640,0
2021-01-21,20007,0,37647,0
2021-01-22,14195,0,51842,0
2021-01-23,33356,0,85198,0
2021-01-24,30793,0,115991,0
2021-01-25,64774,0,180765,0
2021-01-26,76548,0,257313,0
2021-01-27,64875,0,322188,0
2021-01-28,89340,0,411528,0
2021-01-29,94072,0,505600,0
2021-01-30,86615,0,592215,0
2021-01-31,57348,0,649563,0
2021-02-01,81903,0,731466,0
2021-02-02,82168,0,813634,0
2021-02-03,91216,0,904850,0
2021-02-04,95376,0,1000226,0
2021-02-05,90290,0,1090516,0
2021-02-06,63729,0,1154245,0
2021-02-07,32919,0,1187164,0
2021-02-08,40410,0,1227574,0
2021-02-09,32841,0,1260415,0
2021-02-10,28387,0,1288802,0
2021-02-11,20353,0,1309155,0
2021-02-12,16179,0,1325334,0
2021-02-13,7217,0,1332551,0
2021-02-14,2856,0,1335407,0
2021-02-15,6823,0,1342230,0
2021-02-16,6974,0,1349204,0
2021-02-17,10491,0,1359695,0
2021-02-18,9215,0,1368910,0
2021-02-19,8162,0,1377072,0
2021-02-20,5474,0,1382546,0
2021-02-21,2947,0,1385493,0
2021-02-22,6836,0,1392329,0
2021-02-23,7104,0,1399433,0
2021-02-24,9787,0,1409220,0
2021-02-25,14171,0,1423391,0
2021-02-26,17486,0,1440877,0
2021-02-27,13855,0,1454732,0
2021-02-28,9345,0,1464077,0
2021-03-01,26439,0,1490516,0
2021-03-02,33170,0,1523686,0
2021-03-03,44592,0,1568278,0
2021-03-04,50203,0,1618481,0
2021-03-05,55625,0,1674106,0
2021-03-06,41841,0,1715947,0
2021-03-07,22289,0,1738236,0
2021-03-08,50525,0,1788761,0
2021-03-09,52906,0,1841667,0
2021-03-10,58525,0,1900192,0
2021-03-11,63742,0,1963934,0
2021-03-12,65011,0,2028945,0
2021-03-13,51649,0,2080594,0
2021-03-14,35343,0,2115937,0
2021-03-15,73363,0,2189300,0
2021-03-16,73986,0,2263286,0
2021-03-17,83000,0,2346286,0
2021-03-18,81584,0,2427870,0
2021-03-19,81014,0,2508884,0
2021-03-20,64640,0,2573524,0
2021-03-21,47246,0,2620770,0
2021-03-22,69403,0,2690173,0
2021-03-23,75691,0,2765864,0
2021-03-24,90775,0,2856639,0
2021-03-25,89700,0,2946339,0
2021-03-26,83485,0,3029824,0
2021-03-27,71816,0,3101640,0
2021-03-28,44035,0,3145675,0
2021-03-29,70687,0,3216362,0
2021-03-30,81243,0,3297605,0
2021-03-31,96086,0,3393691,0
2021-04-01,95193,0,3488884,0
2021-04-02,83976,0,3572860,0
2021-04-03,64243,0,3637103,0
2021-04-04,21687,0,3658790,0
2021-04-05,40255,0,3699045,0
2021-04-06,81217,0,3780262,0
2021-04-07,95716,0,3875978,0
2021-04-08,95146,0,3971124,0
2021-04-09,88372,0,4059496,0
2021-04-10,73938,0,4133434,0
2021-04-11,44699,0,4178133,0
2021-04-12,66834,0,4244967,0
2021-04-13,72494,0,4317461,0
2021-04-14,85416,0,4402877,0
2021-04-15,105292,0,4508169,0
2021-04-16,106300,0,4614469,0
2021-04-17,90392,0,4704861,0
2021-04-18,58528,0,4763389,0
2021-04-19,93379,0,4856768,0
2021-04-20,103681,0,4960449,0
2021-04-21,125262,0,5085711,0
2021-04-22,143416,0,5229127,0
2021-04-23,138587,0,5367714,0
2021-04-24,124341,0,5492055,0
2021-04-25,61385,0,5553440,0
2021-04-26,97791,0,5651231,0
2021-04-27,128259,0,5779490,0
2021-04-28,156237,0,5935727,0
2021-04-29,195407,0,6131134,0
2021-04-30,214400,0,6345534,0
2021-05-01,173987,0,6519521,0
2021-05-02,135727,0,6655248,0
2021-05-03,141887,0,6797135,0
2021-05-04,158580,0,6955715,0
2021-05-05,170340,0,7126055,0
2021-05-06,197676,0,7323731,0
2021-05-07,213639,0,7537370,0
2021-05-08,213276,0,7750646,0
2021-05-09,143070,0,7893716,0
2021-05-10,164979,0,8058695,0
2021-05-11,174796,0,8233491,0
2021-05-12,178958,0,8412449,0
2021-05-13,203155,0,8615604,0
2021-05-14,222732,0,8838336,0
2021-05-15,210145,0,9048481,0
2021-05-16,159148,0,9207629,0
2021-05-17,219064,0,9426693,0
2021-05-18,212859,0,9639552,0
2021-05-19,206911,0,9846463,0
2021-05-20,270649,0,10117112,0
2021-05-21,270666,0,10387778,0
2021-05-22,245390,0,10633168,0
2021-05-23,197102,0,10830270,0
2021-05-24,228204,0,11058474,0
2021-05-25,245597,0,11304071,0
2021-05-26,277349,0,11581420,0
2021-05-27,310942,0,11892362,0
2021-05-28,299420,0,12191782,0
2021-05-29,231053,0,12422835,0
2021-05-30,170744,0,12593579,0
2021-05-31,216291,0,12809870,0
2021-06-01,207530,0,13017400,0
2021-06-02,115657,0,13133057,0
2021-06-03,179882,0,13312939,0
2021-06-04,184602,0,13497541,0
2021-06-05,185720,0,13683261,0
2021-06-06,139298,0,13822559,0
2021-06-07,161608,0,13984167,0
2021-06-08,170840,0,14155007,0
2021-06-09,171169,0,14326176,0
2021-06-10,173713,0,14499889,0
2021-06-11,169630,0,14669519,0
2021-06-12,128050,0,14797569,0
2021-06-13,91000,0,14888569,0
2021-06-14,214466,0,15103035,0
2021-06-15,228218,0,15331253,0
2021-06-16,252950,0,15584203,0
2021-06-17,301563,0,15885766,0
2021-06-18,306113,0,16191879,0
2021-06-19,275011,0,16466890,0
2021-06-20,220640,0,16687530,0
2021-06-21,287972,0,16975502,0
2021-06-22,296096,0,17271598,0
2021-06-23,302669,0,17574267,0
2021-06-24,332512,0,17906779,0
2021-06-25,348653,0,18255432,0
2021-06-26,300053,0,18555485,0
2021-06-27,228656,0,18784141,0
2021-06-28,306939,0,19091080,0
2021-06-29,329195,0,19420275,0
2021-06-30,342033,0,19762308,0
2021-07-01,363056,0,20125364,0
2021-07-02,368465,0,20493829,0
2021-07-03,371125,0,20864954,0
2021-07-04,283175,0,21148129,0
2021-07-05,384505,0,21532634,0
2021-07-06,385416,0,21918050,0
2021-07-07,412088,0,22330138,0
2021-07-08,479870,0,22810008,0
2021-07-09,498623,0,23308631,0
2021-07-10,475318,0,23783949,0
2021-07-11,357845,0,24141794,0
2021-07-12,486055,0,24627849,0
2021-07-13,492362,0,25120211,0
2021-07-14,480645,0,25600856,0
2021-07-15,523642,0,26124498,0
2021-07-16,509892,0,26634390,0
2021-07-17,464620,0,27099010,0
2021-07-18,364857,0,27463867,0
2021-07-19,463286,0,27927153,0
2021-07-20,458197,0,28385350,0
2021-07-21,462890,0,28848240,0
2021-07-22,475425,0,29323665,0
2021-07-23,441335,0,29765000,0
2021-07-24,386176,0,30151176,0
2021-07-25,287603,0,30438779,0
2021-07-26,430938,0,30869717,0
2021-07-27,440153,0,31309870,0
2021-07-28,391030,0,31700900,0
2021-07-29,372090,0,32072990,0
2021-07-30,341419,0,32414409,0
2021-07-31,286958,0,32701367,0
2021-08-01,190842,0,32892209,0
2021-08-02,333710,0,33225919,0
2021-08-03,323129,0,33549048,0
2021-08-04,310923,0,33859971,0
2021-08-05,292536,0,34152507,0
2021-08-06,259947,0,34412454,0
2021-08-07,198934,0,34611388,0
2021-08-08,153059,0,34764447,0
2021-08-09,234105,0,34998552,0
2021-08-10,205132,0,35203684,0
2021-08-11,193581,0,35397265,0
2021-08-12,167774,0,35565039,0
2021-08-13,148386,0,35713425,0
2021-08-14,65990,0,35779415,0
2021-08-15,26301,0,35805716,0
2021-08-16,114519,0,35920235,0
2021-08-17,129096,0,36049331,0
2021-08-18,128556,0,36177887,0
2021-08-19,124619,0,36302506,0
2021-08-20,123636,0,36426142,0
2021-08-21,83044,0,36509186,0
2021-08-22,68113,0,36577299,0
2021-08-23,176707,0,36754006,0
2021-08-24,156909,0,36910915,0
2021-08-25,177027,0,37087942,0
2021-08-26,172217,0,37260159,0
2021-08-27,185747,0,37445906,0
2021-08-28,140106,0,37586012,0
2021-08-29,98972,0,37684984,0
2021-08-30,209426,0,37894410,0
2021-08-31,194425,0,38088835,0
2021-09-01,192048,0,38280883,0
2021-09-02,189711,0,38470594,0
2021-09-03,191186,0,38661780,0
2021-09-04,131389,0,38793169,0
2021-09-05,87801,0,38880970,0
2021-09-06,193564,0,39074534,0
2021-09-07,195812,0,39270346,0
2021-09-08,187799,0,39458145,0
2021-09-09,201342,0,39659487,0
2021-09-10,197939,0,39857426,0
2021-09-11,141191,0,39998617,0
2021-09-12,89512,0,40088129,0
2021-09-13,191087,346,40279216,346
2021-09-14,177152,422,40456368,768
2021-09-15,162968,454,40619336,1222
2021-09-16,159925,788,40779261,2010
2021-09-17,149953,1005,40929214,3015
2021-09-18,127750,655,41056964,3670
2021-09-19,81024,442,41137988,4112
2021-09-20,179797,8956,41317785,13068
2021-09-21,166333,8728,41484118,21796
2021-09-22,158764,9365,41642882,31161
2021-09-23,137739,9241,41780621,40402
2021-09-24,140214,8860,41920835,49262
2021-09-25,119322,5561,42040157,54823
2021-09-26,71786,4294,42111943,59117
2021-09-27,135336,9978,42247279,69095
2021-09-28,117202,11313,42364481,80408
2021-09-29,112008,11759,42476489,92167
2021-09-30,109929,14851,42586418,107018
2021-10-01,94706,19032,42681124,126050
2021-10-02,78235,13987,42759359,140037
2021-10-03,47562,7631,42806921,147668
2021-10-04,88116,34360,42895037,182028
2021-10-05,80139,33907,42975176,215935
2021-10-06,71753,34076,43046929,250011
2021-10-07,71525,34289,43118454,284300
2021-10-08,80382,33495,43198836,317795
2021-10-09,75840,22110,43274676,339905
2021-10-10,45635,13591,43320311,353496
2021-10-11,87140,41004,43407451,394500
2021-10-12,84225,46793,43491676,441293
2021-10-13,87894,52003,43579570,493296
2021-10-14,91174,58393,43670744,551689
2021-10-15,93220,55480,43763964,607169
2021-10-16,82661,36712,43846625,643881
2021-10-17,51267,23783,43897892,667664
2021-10-18,90062,59335,43987954,726999
2021-10-19,78111,69289,44066065,796288
2021-10-20,74831,78044,44140896,874332
2021-10-21,78075,81603,44218971,955935
2021-10-22,73654,76897,44292625,1032832
2021-10-23,60632,51887,44353257,1084719
2021-10-24,33314,23400,44386571,1108119
2021-10-25,64777,81521,44451348,1189640
2021-10-26,58243,91628,44509591,1281268
2021-10-27,58155,103833,44567746,1385101
2021-10-28,61295,113899,44629041,1499000
2021-10-29,61571,102946,44690612,1601946
2021-10-30,50551,68008,44741163,1669954
2021-10-31,25117,28237,44766280,1698191
2021-11-01,19013,28119,44785293,1726310
2021-11-02,62693,89213,44847986,1815523
2021-11-03,60626,118496,44908612,1934019
2021-11-04,59117,126460,44967729,2060479
2021-11-05,62972,134981,45030701,2195460
2021-11-06,46359,90768,45077060,2286228
2021-11-07,22204,37836,45099264,2324064
2021-11-08,51374,131115,45150638,2455179
2021-11-09,45315,143933,45195953,2599112
2021-11-10,42470,156029,45238423,2755141
2021-11-11,44811,154962,45283234,2910103
2021-11-12,46223,158376,45329457,3068479
2021-11-13,33122,116473,45362579,3184952
2021-11-14,14437,52395,45377016,3237347
2021-11-15,36781,157174,45413797,3394521
2021-11-16,30433,171172,45444230,3565693
2021-11-17,28319,178260,45472549,3743953
2021-11-18,30108,193465,45502657,3937418
2021-11-19,28654,205554,45531311,4142972
2021-11-20,20877,156113,45552188,4299085
2021-11-21,10536,64699,45562724,4363784
2021-11-22,21803,212924,45584527,4576708
2021-11-23,23425,241446,45607952,4818154
2021-11-24,27657,270621,45635609,5088775
2021-11-25,23040,301565,45658649,5390340
2021-11-26,24390,317921,45683039,5708261
2021-11-27,21208,265829,45704247,5974090
2021-11-28,9822,136831,45714069,6110921
2021-11-29,22111,325666,45736180,6436587
2021-11-30,22858,365372,45759038,6801959
2021-12-01,21264,412959,45780302,7214918
2021-12-02,23527,440164,45803829,7655082
2021-12-03,24954,467134,45828783,8122216
2021-12-04,22127,418560,45850910,8540776
2021-12-05,11748,261234,45862658,8802010
2021-12-06,25460,457347,45888118,9259357
2021-12-07,23809,479969,45911927,9739326
2021-12-08,9839,249560,45921766,9988886
2021-12-09,31188,491709,45952954,10480595
2021-12-10,27719,517535,45980673,10998130
2021-12-11,23259,459032,46003932,11457162
2021-12-12,12101,293341,46016033,11750503
2021-12-13,25811,467382,46041844,12217885
2021-12-14,24808,493923,46066652,12711808
2021-12-15,24959,516878,46091611,13228686
2021-12-16,27399,519941,46119010,13748627
2021-12-17,28927,516739,46147937,14265366
2021-12-18,26594,468468,46174531,14733834
2021-12-19,14869,300345,46189400,15034179
2021-12-20,30172,477197,46219572,15511376
2021-12-21,29968,493067,46249540,16004443
2021-12-22,28964,484402,46278504,16488845
2021-12-23,27735,426666,46306239,16915511
2021-12-24,12932,210717,46319171,17126228
2021-12-25,2080,33035,46321251,17159263
2021-12-26,8621,159011,46329872,17318274
2021-12-27,46147,504401,46376019,17822675
2021-12-28,41650,553859,46417669,18376534
2021-12-29,33366,550289,46451035,18926823
2021-12-30,30949,499525,46481984,19426348
2021-12-31,13500,247293,46495484,19673641
2022-01-01,3388,64777,46498872,19738418
2022-01-02,21978,276639,46520850,20015057
2022-01-03,46266,520742,46567116,20535799
2022-01-04,44591,572729,46611707,21108528
2022-01-05,38623,561022,46650330,21669550
2022-01-06,22179,274325,46672509,21943875
2022-01-07,61027,554681,46733536,22498556
2022-01-08,57902,503154,46791438,23001710
2022-01-09,40413,319557,46831851,23321267
2022-01-10,58468,542692,46890319,23863959
2022-01-11,58528,587422,46948847,24451381
2022-01-12,54992,581599,47003839,25032980
2022-01-13,55294,580782,47059133,25613762
2022-01-14,43221,588590,47102354,26202352
2022-01-15,34756,568413,47137110,26770765
2022-01-16,28110,341100,47165220,27111865
2022-01-17,52199,490055,47217419,27601920
2022-01-18,55902,517896,47273321,28119816
2022-01-19,54837,503183,47328158,28622999
2022-01-20,52117,499099,47380275,29122098
2022-01-21,39792,494027,47420067,29616125
2022-01-22,28316,469151,47448383,30085276
2022-01-23,33321,275098,47481704,30360374
2022-01-24,54614,437620,47536318,30797994
2022-01-25,60126,452461,47596444,31250455
2022-01-26,57012,436161,47653456,31686616
2022-01-27,47303,432530,47700759,32119146
2022-01-28,57035,436840,47757794,32555986
2022-01-29,66225,411780,47824019,32967766
2022-01-30,49067,235527,47873086,33203293
2022-01-31,59047,357294,47932133,33560587
2022-02-01,64265,328733,47996398,33889320
2022-02-02,62002,297079,48058400,34186399
2022-02-03,59062,274635,48117462,34461034
2022-02-04,71283,268383,48188745,34729417
2022-02-05,82371,247867,48271116,34977284
2022-02-06,54536,115880,48325652,35093164
2022-02-07,64288,200064,48389940,35293228
2022-02-08,65962,186028,48455902,35479256
2022-02-09,57879,166070,48513781,35645326
2022-02-10,57490,162469,48571271,35807795
2022-02-11,60874,160689,48632145,35968484
2022-02-12,68423,142525,48700568,36111009