data_somministrazione,vaccinazioni,booster,cum_vaccinazioni,cum_booster
2020-12-27,20,0,20,0
2020-12-28,2,0,22,0
2020-12-29,1,0,23,0
2020-12-30,9,0,32,0
2020-12-31,74,0,106,0
2021-01-01,24,0,130,0
2021-01-02,133,0,263,0
2021-01-03,97,0,360,0
2021-01-04,226,0,586,0
2021-01-05,268,0,854,0
2021-01-06,237,0,1091,0
2021-01-07,316,0,1407,0
2021-01-08,365,0,1772,0
2021-01-09,273,0,2045,0
2021-01-10,165,0,2210,0
2021-01-11,297,0,2507,0
2021-01-12,280,0,2787,0
2021-01-13,408,0,3195,0
2021-01-14,493,0,3688,0
2021-01-15,316,0,4004,0
2021-01-16,220,0,4224,0
2021-01-17,3063,0,7287,0
2021-01-18,5215,0,12502,0
2021-01-19,1894,0,14396,0
2021-01-20,4659,0,19055,0
2021-01-21,20008,0,39063,0
2021-01-22,14220,0,53283,0
2021-01-23,33328,0,86611,0
2021-01-24,30779,0,117390,0
2021-01-25,64716,0,182106,0
2021-01-26,76478,0,258584,0
2021-01-27,64822,0,323406,0
2021-01-28,89259,0,412665,0
2021-01-29,94005,0,506670,0
2021-01-30,86549,0,593219,0
2021-01-31,57325,0,650544,0
2021-02-01,81845,0,732389,0
2021-02-02,82137,0,814526,0
2021-02-03,91109,0,905635,0
2021-02-04,95394,0,1001029,0
2021-02-05,90266,0,1091295,0
2021-02-06,63447,0,1154742,0
2021-02-07,32934,0,1187676,0
2021-02-08,40422,0,1228098,0
2021-02-09,32878,0,1260976,0
2021-02-10,28433,0,1289409,0
2021-02-11,20405,0,1309814,0
2021-02-12,16244,0,1326058,0
2021-02-13,7277,0,1333335,0
2021-02-14,2862,0,1336197,0
2021-02-15,6845,0,1343042,0
2021-02-16,7004,0,1350046,0
2021-02-17,10526,0,1360572,0
2021-02-18,9252,0,1369824,0
2021-02-19,8253,0,1378077,0
2021-02-20,5575,0,1383652,0
2021-02-21,3010,0,1386662,0
2021-02-22,6882,0,1393544,0
2021-02-23,7182,0,1400726,0
2021-02-24,9812,0,1410538,0
2021-02-25,14211,0,1424749,0
2021-02-26,17557,0,1442306,0
2021-02-27,13917,0,1456223,0
2021-02-28,9391,0,1465614,0
2021-03-01,26519,0,1492133,0
2021-03-02,33247,0,1525380,0
2021-03-03,44647,0,1570027,0
2021-03-04,50296,0,1620323,0
2021-03-05,55735,0,1676058,0
2021-03-06,41876,0,1717934,0
2021-03-07,22326,0,1740260,0
2021-03-08,50831,0,1791091,0
2021-03-09,53082,0,1844173,0
2021-03-10,58672,0,1902845,0
2021-03-11,63877,0,1966722,0
2021-03-12,65127,0,2031849,0
2021-03-13,51728,0,2083577,0
2021-03-14,35414,0,2118991,0
2021-03-15,73455,0,2192446,0
2021-03-16,74030,0,2266476,0
2021-03-17,83136,0,2349612,0
2021-03-18,81629,0,2431241,0
2021-03-19,81090,0,2512331,0
2021-03-20,64733,0,2577064,0
2021-03-21,47311,0,2624375,0
2021-03-22,69494,0,2693869,0
2021-03-23,75807,0,2769676,0
2021-03-24,90918,0,2860594,0
2021-03-25,89817,0,2950411,0
2021-03-26,83640,0,3034051,0
2021-03-27,71951,0,3106002,0
2021-03-28,44169,0,3150171,0
2021-03-29,70842,0,3221013,0
2021-03-30,81400,0,3302413,0
2021-03-31,96254,0,3398667,0
2021-04-01,95319,0,3493986,0
2021-04-02,84079,0,3578065,0
2021-04-03,64303,0,3642368,0
2021-04-04,21723,0,3664091,0
2021-04-05,40318,0,3704409,0
2021-04-06,81333,0,3785742,0
2021-04-07,95837,0,3881579,0
2021-04-08,95254,0,3976833,0
2021-04-09,88499,0,4065332,0
2021-04-10,74032,0,4139364,0
2021-04-11,44766,0,4184130,0
2021-04-12,66920,0,4251050,0
2021-04-13,72587,0,4323637,0
2021-04-14,85551,0,4409188,0
2021-04-15,105421,0,4514609,0
2021-04-16,106426,0,4621035,0
2021-04-17,90522,0,4711557,0
2021-04-18,58597,0,4770154,0
2021-04-19,93433,0,4863587,0
2021-04-20,103774,0,4967361,0
2021-04-21,125343,0,5092704,0
2021-04-22,143525,0,5236229,0
2021-04-23,138751,0,5374980,0
2021-04-24,124454,0,5499434,0
2021-04-25,61465,0,5560899,0
2021-04-26,97907,0,5658806,0
2021-04-27,128368,0,5787174,0
2021-04-28,156387,0,5943561,0
2021-04-29,195612,0,6139173,0
2021-04-30,214602,0,6353775,0
2021-05-01,174133,0,6527908,0
2021-05-02,135804,0,6663712,0
2021-05-03,142061,0,6805773,0
2021-05-04,158709,0,6964482,0
2021-05-05,170529,0,7135011,0
2021-05-06,197818,0,7332829,0
2021-05-07,213864,0,7546693,0
2021-05-08,213439,0,7760132,0
2021-05-09,143217,0,7903349,0
2021-05-10,165099,0,8068448,0
2021-05-11,175003,0,8243451,0
2021-05-12,179206,0,8422657,0
2021-05-13,203411,0,8626068,0
2021-05-14,222939,0,8849007,0
2021-05-15,210385,0,9059392,0
2021-05-16,159284,0,9218676,0
2021-05-17,219212,0,9437888,0
2021-05-18,213029,0,9650917,0
2021-05-19,207095,0,9858012,0
2021-05-20,270884,0,10128896,0
2021-05-21,270906,0,10399802,0
2021-05-22,245540,0,10645342,0
2021-05-23,197186,0,10842528,0
2021-05-24,228308,0,11070836,0
2021-05-25,245700,0,11316536,0
2021-05-26,277510,0,11594046,0
2021-05-27,311090,0,11905136,0
2021-05-28,299582,0,12204718,0
2021-05-29,231243,0,12435961,0
2021-05-30,170850,0,12606811,0
2021-05-31,216434,0,12823245,0
2021-06-01,207636,0,13030881,0
2021-06-02,115802,0,13146683,0
2021-06-03,180165,0,13326848,0
2021-06-04,184901,0,13511749,0
2021-06-05,185984,0,13697733,0
2021-06-06,139573,0,13837306,0
2021-06-07,161894,0,13999200,0
2021-06-08,171269,0,14170469,0
2021-06-09,171513,0,14341982,0
2021-06-10,174137,0,14516119,0
2021-06-11,170008,0,14686127,0
2021-06-12,128359,0,14814486,0
2021-06-13,91215,0,14905701,0
2021-06-14,214706,0,15120407,0
2021-06-15,228443,0,15348850,0
2021-06-16,253102,0,15601952,0
2021-06-17,301766,0,15903718,0
2021-06-18,306315,0,16210033,0
2021-06-19,275109,0,16485142,0
2021-06-20,220808,0,16705950,0
2021-06-21,288086,0,16994036,0
2021-06-22,296239,0,17290275,0
2021-06-23,302697,0,17592972,0
2021-06-24,332611,0,17925583,0
2021-06-25,348725,0,18274308,0
2021-06-26,300136,0,18574444,0
2021-06-27,228683,0,18803127,0
2021-06-28,307140,0,19110267,0
2021-06-29,329323,0,19439590,0
2021-06-30,342197,0,19781787,0
2021-07-01,363241,0,20145028,0
2021-07-02,368486,0,20513514,0
2021-07-03,371102,0,20884616,0
2021-07-04,283228,0,21167844,0
2021-07-05,384558,0,21552402,0
2021-07-06,385488,0,21937890,0
2021-07-07,412130,0,22350020,0
2021-07-08,479594,0,22829614,0
2021-07-09,498476,0,23328090,0
2021-07-10,475172,0,23803262,0
2021-07-11,357697,0,24160959,0
2021-07-12,485886,0,24646845,0
2021-07-13,492087,0,25138932,0
2021-07-14,480447,0,25619379,0
2021-07-15,523438,0,26142817,0
2021-07-16,509758,0,26652575,0
2021-07-17,464328,0,27116903,0
2021-07-18,364638,0,27481541,0
2021-07-19,463037,0,27944578,0
2021-07-20,458059,0,28402637,0
2021-07-21,462791,0,28865428,0
2021-07-22,475383,0,29340811,0
2021-07-23,441327,0,29782138,0
2021-07-24,386151,0,30168289,0
2021-07-25,287559,0,30455848,0
2021-07-26,430888,0,30886736,0
2021-07-27,440123,0,31326859,0
2021-07-28,391023,0,31717882,0
2021-07-29,372081,0,32089963,0
2021-07-30,341516,0,32431479,0
2021-07-31,287037,0,32718516,0
2021-08-01,190999,0,32909515,0
2021-08-02,333704,0,33243219,0
2021-08-03,323189,0,33566408,0
2021-08-04,310981,0,33877389,0
2021-08-05,292488,0,34169877,0
2021-08-06,260029,0,34429906,0
2021-08-07,199060,0,34628966,0
2021-08-08,153109,0,34782075,0
2021-08-09,234083,0,35016158,0
2021-08-10,205267,0,35221425,0
2021-08-11,193781,0,35415206,0
2021-08-12,168055,0,35583261,0
2021-08-13,148646,0,35731907,0
2021-08-14,66098,0,35798005,0
2021-08-15,26340,0,35824345,0
2021-08-16,114707,0,35939052,0
2021-08-17,129256,0,36068308,0
2021-08-18,128765,0,36197073,0
2021-08-19,124840,0,36321913,0
2021-08-20,123797,0,36445710,0
2021-08-21,83134,0,36528844,0
2021-08-22,68177,0,36597021,0
2021-08-23,176869,0,36773890,0
2021-08-24,156897,0,36930787,0
2021-08-25,177180,0,37107967,0
2021-08-26,172360,0,37280327,0
2021-08-27,185832,0,37466159,0
2021-08-28,140285,0,37606444,0
2021-08-29,98989,0,37705433,0
2021-08-30,209590,0,37915023,0
2021-08-31,194644,0,38109667,0
2021-09-01,192210,0,38301877,0
2021-09-02,189929,0,38491806,0
2021-09-03,191287,0,38683093,0
2021-09-04,131454,0,38814547,0
2021-09-05,87854,0,38902401,0
2021-09-06,193616,0,39096017,0
2021-09-07,196035,0,39292052,0
2021-09-08,187874,0,39479926,0
2021-09-09,201436,0,39681362,0
2021-09-10,198067,0,39879429,0
2021-09-11,141293,0,40020722,0
2021-09-12,89593,0,40110315,0
2021-09-13,191116,629,40301431,629
2021-09-14,177224,632,40478655,1261
2021-09-15,163086,638,40641741,1899
2021-09-16,160056,983,40801797,2882
2021-09-17,150167,1158,40951964,4040
2021-09-18,127982,767,41079946,4807
2021-09-19,81139,506,41161085,5313
2021-09-20,180069,9116,41341154,14429
2021-09-21,166666,8854,41507820,23283
2021-09-22,159108,9456,41666928,32739
2021-09-23,138093,9350,41805021,42089
2021-09-24,140554,9000,41945575,51089
2021-09-25,119562,5664,42065137,56753
2021-09-26,71984,4359,42137121,61112
2021-09-27,135664,10074,42272785,71186
2021-09-28,117511,11418,42390296,82604
2021-09-29,112367,11848,42502663,94452
2021-09-30,110275,14977,42612938,109429
2021-10-01,94992,19136,42707930,128565
2021-10-02,78513,14040,42786443,142605
2021-10-03,47756,7668,42834199,150273
2021-10-04,88389,34475,42922588,184748
2021-10-05,80381,34011,43002969,218759
2021-10-06,72003,34199,43074972,252958
2021-10-07,71879,34366,43146851,287324
2021-10-08,80630,33621,43227481,320945
2021-10-09,76109,22190,43303590,343135
2021-10-10,45785,13630,43349375,356765
2021-10-11,87447,41125,43436822,397890
2021-10-12,84515,46928,43521337,444818
2021-10-13,88209,52155,43609546,496973
2021-10-14,91548,58550,43701094,555523
2021-10-15,93598,55669,43794692,611192
2021-10-16,82971,36818,43877663,648010
2021-10-17,51461,23856,43929124,671866
2021-10-18,90302,59512,44019426,731378
2021-10-19,78351,69400,44097777,800778
2021-10-20,75066,78202,44172843,878980
2021-10-21,78299,81801,44251142,960781
2021-10-22,73778,77068,44324920,1037849
2021-10-23,60833,51972,44385753,1089821
2021-10-24,33368,23477,44419121,1113298
2021-10-25,64903,81657,44484024,1194955
2021-10-26,58377,91828,44542401,1286783
2021-10-27,58320,104024,44600721,1390807
2021-10-28,61452,114149,44662173,1504956
2021-10-29,61638,103174,44723811,1608130
2021-10-30,50677,68136,44774488,1676266
2021-10-31,25163,28305,44799651,1704571
2021-11-01,19049,28157,44818700,1732728
2021-11-02,62741,89431,44881441,1822159
2021-11-03,60718,118696,44942159,1940855
2021-11-04,59241,126694,45001400,2067549
2021-11-05,63093,135216,45064493,2202765
2021-11-06,46485,90937,45110978,2293702
2021-11-07,22251,37903,45133229,2331605
2021-11-08,51530,131293,45184759,2462898
2021-11-09,45401,144234,45230160,2607132
2021-11-10,42592,156371,45272752,2763503
2021-11-11,44929,155165,45317681,2918668
2021-11-12,46313,158677,45363994,3077345
2021-11-13,33264,116674,45397258,3194019
2021-11-14,14491,52458,45411749,3246477
2021-11-15,36912,157440,45448661,3403917
2021-11-16,30564,171406,45479225,3575323
2021-11-17,28468,178460,45507693,3753783
2021-11-18,30292,193761,45537985,3947544
2021-11-19,28815,205878,45566800,4153422
2021-11-20,21003,156456,45587803,4309878
2021-11-21,10613,64869,45598416,4374747
2021-11-22,21955,213162,45620371,4587909
2021-11-23,23600,241793,45643971,4829702
2021-11-24,27797,271042,45671768,5100744
2021-11-25,23264,301928,45695032,5402672
2021-11-26,24595,318299,45719627,5720971
2021-11-27,21401,266167,45741028,5987138
2021-11-28,9904,137068,45750932,6124206
2021-11-29,22360,326074,45773292,6450280
2021-11-30,23113,365862,45796405,6816142
2021-12-01,21548,413528,45817953,7229670
2021-12-02,23786,440434,45841739,7670104
2021-12-03,25268,467523,45867007,8137627
2021-12-04,22389,418792,45889396,8556419
2021-12-05,11942,261365,45901338,8817784
2021-12-06,25838,457625,45927176,9275409
2021-12-07,24155,480300,45951331,9755709
2021-12-08,10024,249718,45961355,10005427
2021-12-09,31614,491958,45992969,10497385
2021-12-10,28093,517923,46021062,11015308
2021-12-11,23584,459270,46044646,11474578
2021-12-12,12317,293525,46056963,11768103
2021-12-13,26169,467653,46083132,12235756
2021-12-14,25200,494232,46108332,12729988
2021-12-15,25362,517188,46133694,13247176
2021-12-16,27919,520297,46161613,13767473
2021-12-17,29388,517212,46191001,14284685
2021-12-18,27094,468773,46218095,14753458
2021-12-19,15166,300540,46233261,15053998
2021-12-20,30665,477503,46263926,15531501
2021-12-21,30403,493423,46294329,16024924
2021-12-22,29476,484751,46323805,16509675
2021-12-23,28282,426952,46352087,16936627
2021-12-24,13125,210838,46365212,17147465
2021-12-25,2104,33053,46367316,17180518
2021-12-26,8773,159076,46376089,17339594
2021-12-27,46836,504689,46422925,17844283
2021-12-28,42497,554248,46465422,18398531
2021-12-29,34387,550673,46499809,18949204
2021-12-30,31877,499859,46531686,19449063
2021-12-31,14140,247405,46545826,19696468
2022-01-01,3498,64815,46549324,19761283
2022-01-02,22809,276724,46572133,20038007
2022-01-03,47916,520033,46620049,20558040
2022-01-04,46447,572100,46666496,21130140
2022-01-05,40809,560415,46707305,21690555
2022-01-06,23525,274489,46730830,21965044
2022-01-07,63775,554218,46794605,22519262
2022-01-08,60943,503408,46855548,23022670
2022-01-09,42928,319699,46898476,23342369
2022-01-10,61146,542320,46959622,23884689
2022-01-11,61813,587032,47021435,24471721
2022-01-12,58527,581301,47079962,25053022
2022-01-13,58686,580429,47138648,25633451
2022-01-14,46906,588605,47185554,26222056
2022-01-15,39513,569976,47225067,26792032
2022-01-16,31290,341887,47256357,27133919
2022-01-17,54832,489683,47311189,27623602
2022-01-18,58451,517045,47369640,28140647
2022-01-19,57251,502815,47426891,28643462
2022-01-20,54400,498854,47481291,29142316
2022-01-21,42153,493895,47523444,29636211
2022-01-22,31263,469612,47554707,30105823
2022-01-23,34971,275385,47589678,30381208
2022-01-24,56220,437241,47645898,30818449
2022-01-25,61584,452127,47707482,31270576
2022-01-26,58568,435846,47766050,31706422
2022-01-27,48878,432397,47814928,32138819
2022-01-28,58734,436554,47873662,32575373
2022-01-29,68164,412508,47941826,32987881
2022-01-30,50399,235984,47992225,33223865
2022-01-31,60678,356941,48052903,33580806
2022-02-01,65594,328460,48118497,33909266
2022-02-02,63237,296987,48181734,34206253
2022-02-03,60080,274527,48241814,34480780
2022-02-04,72397,268467,48314211,34749247
2022-02-05,83811,248547,48398022,34997794
2022-02-06,55305,116207,48453327,35114001
2022-02-07,65168,199945,48518495,35313946
2022-02-08,66947,186122,48585442,35500068
2022-02-09,58773,166346,48644215,35666414
2022-02-10,58594,163244,48702809,35829658
2022-02-11,62268,162474,48765077,35992132
2022-02-12,71999,152150,48837076,36144282
2022-02-13,41477,68854,48878553,36213136
2022-02-14,46705,116187,48925258,36329323
2022-02-15,48552,123481,48973810,36452804
2022-02-16,45684,106124,49019494,36558928
2022-02-17,42870,98117,49062364,36657045
2022-02-18,46629,112580,49108993,36769625
2022-02-19,52544,100337,49161537,36869962
2022-02-20,31411,40366,49192948,36910328
2022-02-21,37899,89656,49230847,36999984
2022-02-22,37225,83780,49268072,37083764
2022-02-23,33400,79409,49301472,37163173
2022-02-24,32562,78163,49334034,37241336
2022-02-25,34767,90713,49368801,37332049
2022-02-26,39159,89136,49407960,37421185
2022-02-27,22546,35857,49430506,37457042
2022-02-28,28482,81695,49458988,37538737
2022-03-01,22723,53942,49481711,37592679
2022-03-02,21956,50684,49503667,37643363
2022-03-03,22626,54946,49526293,37698309
2022-03-04,23239,62799,49549532,37761108
2022-03-05,23800,57951,49573332,37819059
2022-03-06,9472,17201,49582804,37836260
2022-03-07,15919,51391,49598723,37887651
2022-03-08,15480,48795,49614203,37936446
2022-03-09,13813,46519,49628016,37982965
2022-03-10,14052,52123,49642068,38035088
2022-03-11,15589,57268,49657657,38092356
2022-03-12,15507,56618,49673164,38148974
2022-03-13,5544,16852,49678708,38165826
2022-03-14,10526,46701,49689234,38212527
2022-03-15,10549,46895,49699783,38259422
2022-03-16,9482,41974,49709265,38301396
2022-03-17,9721,44874,49718986,38346270
2022-03-18,10159,49057,49729145,38395327
2022-03-19,9151,46535,49738296,38441862
2022-03-20,2608,11704,49740904,38453566
2022-03-21,7580,40225,49748484,38493791
2022-03-22,8447,37763,49756931,38531554
2022-03-23,7216,33700,49764147,38565254
2022-03-24,8258,38818,49772405,38604072
2022-03-25,8140,43669,49780545,38647741
2022-03-26,8127,41721,49788672,38689462
2022-03-27,2431,9682,49791103,38699144
2022-03-28,6112,35240,49797215,38734384
2022-03-29,5779,32530,49802994,38766914
2022-03-30,5566,30205,49808560,38797119
2022-03-31,5900,33184,49814460,38830303
2022-04-01,4349,25190,49818809,38855493
2022-04-02,4496,23275,49823305,38878768
2022-04-03,1049,4500,49824354,38883268
2022-04-04,3658,21544,49828012,38904812
2022-04-05,3756,22932,49831768,38927744
2022-04-06,4103,21852,49835871,38949596
2022-04-07,3968,23320,49839839,38972916
2022-04-08,4694,26713,49844533,38999629
2022-04-09,4383,23887,49848916,39023516
2022-04-10,892,4613,49849808,39028129
2022-04-11,3816,22688,49853624,39050817
2022-04-12,3365,21778,49856989,39072595
2022-04-13,3568,21335,49860557,39093930
2022-04-14,3486,23786,49864043,39117716
2022-04-15,3084,20620,49867127,39138336
2022-04-16,2149,11918,49869276,39150254
2022-04-17,63,348,49869339,39150602
2022-04-18,152,650,49869491,39151252
2022-04-19,3499,21981,49872990,39173233
2022-04-20,3510,20252,49876500,39193485
2022-04-21,2847,19790,49879347,39213275
2022-04-22,2927,20704,49882274,39233979
2022-04-23,2646,16221,49884920,39250200
2022-04-24,509,2334,49885429,39252534
2022-04-25,183,1165,49885612,39253699
2022-04-26,2759,17807,49888371,39271506
2022-04-27,2374,15793,49890745,39287299
2022-04-28,2360,15562,49893105,39302861
2022-04-29,2296,14848,49895401,39317709
2022-04-30,2123,11581,49897524,39329290
2022-05-01,113,531,49897637,39329821
2022-05-02,1451,9391,49899088,39339212
2022-05-03,1576,10320,49900664,39349532
2022-05-04,1745,10269,49902409,39359801
2022-05-05,1653,10286,49904062,39370087
2022-05-06,1702,10960,49905764,39381047
2022-05-07,1431,8568,49907195,39389615
2022-05-08,416,1522,49907611,39391137
2022-05-09,1027,8929,49908638,39400066
2022-05-10,1426,9548,49910064,39409614
2022-05-11,1483,10104,49911547,39419718
2022-05-12,1369,10131,49912916,39429849
2022-05-13,1596,10519,49914512,39440368
2022-05-14,1357,8237,49915869,39448605
2022-05-15,336,1133,49916205,39449738
2022-05-16,813,8406,49917018,39458144
2022-05-17,1243,8697,49918261,39466841
2022-05-18,1372,9233,49919633,39476074
2022-05-19,1500,9278,49921133,39485352
2022-05-20,1422,9532,49922555,39494884
2022-05-21,1300,7900,49923855,39502784
2022-05-22,231,1014,49924086,39503798
2022-05-23,830,8269,49924916,39512067
2022-05-24,1073,8672,49925989,39520739
2022-05-25,1370,9460,49927359,39530199
2022-05-26,1195,9479,49928554,39539678
2022-05-27,1232,9915,49929786,39549593
2022-05-28,1205,7887,49930991,39557480
2022-05-29,288,1265,49931279,39558745
2022-05-30,930,8056,49932209,39566801
2022-05-31,1036,8547,49933245,39575348
2022-06-01,892,7655,49934137,39583003
2022-06-02,35,474,49934172,39583477
2022-06-03,818,7333,49934990,39590810
2022-06-04,870,5163,49935860,39595973
2022-06-05,89,586,49935949,39596559
2022-06-06,678,6994,49936627,39603553
2022-06-07,952,7849,49937579,39611402
2022-06-08,981,7907,49938560,39619309
2022-06-09,1036,8416,49939596,39627725
2022-06-10,958,8564,49940554,39636289
2022-06-11,903,6207,49941457,39642496
2022-06-12,140,768,49941597,39643264
2022-06-13,602,6301,49942199,39649565
2022-06-14,831,7901,49943030,39657466
2022-06-15,957,7854,49943987,39665320
2022-06-16,730,7395,49944717,39672715
2022-06-17,723,7243,49945440,39679958
2022-06-18,777,5593,49946217,39685551
2022-06-19,48,522,49946265,39686073
2022-06-20,587,6699,49946852,39692772
2022-06-21,736,7665,49947588,39700437
2022-06-22,781,7308,49948369,39707745
2022-06-23,652,7468,49949021,39715213
2022-06-24,644,7473,49949665,39722686
2022-06-25,835,6535,49950500,39729221
2022-06-26,128,523,49950628,39729744
2022-06-27,533,7124,49951161,39736868
2022-06-28,746,8207,49951907,39745075
2022-06-29,756,7731,49952663,39752806
2022-06-30,745,8145,49953408,39760951
2022-07-01,577,6443,49953985,39767394
2022-07-02,536,4770,49954521,39772164
2022-07-03,49,456,49954570,39772620
2022-07-04,469,6276,49955039,39778896
2022-07-05,629,8118,49955668,39787014
2022-07-06,633,7611,49956301,39794625
2022-07-07,572,8271,49956873,39802896
2022-07-08,672,8083,49957545,39810979
2022-07-09,550,6104,49958095,39817083
2022-07-10,58,533,49958153,39817616
2022-07-11,487,7638,49958640,39825254
2022-07-12,667,9030,49959307,39834284
2022-07-13,642,10068,49959949,39844352
2022-07-14,636,10224,49960585,39854576
2022-07-15,625,10666,49961210,39865242
2022-07-16,522,7214,49961732,39872456
2022-07-17,48,770,49961780,39873226
2022-07-18,497,9368,49962277,39882594
2022-07-19,574,10683,49962851,39893277
2022-07-20,580,11274,49963431,39904551
2022-07-21,628,12088,49964059,39916639
2022-07-22,584,11257,49964643,39927896
2022-07-23,381,6772,49965024,39934668
2022-07-24,76,857,49965100,39935525
2022-07-25,503,9051,49965603,39944576
2022-07-26,519,9759,49966122,39954335
2022-07-27,553,10204,49966675,39964539
2022-07-28,530,10535,49967205,39975074
2022-07-29,510,9464,49967715,39984538
2022-07-30,382,5881,49968097,39990419
2022-07-31,49,764,49968146,39991183
2022-08-01,386,6863,49968532,39998046
2022-08-02,540,7587,49969072,40005633
2022-08-03,511,7177,49969583,40012810
2022-08-04,456,7488,49970039,40020298
2022-08-05,420,6525,49970459,40026823
2022-08-06,299,3612,49970758,40030435
2022-08-07,44,561,49970802,40030996
2022-08-08,402,4891,49971204,40035887
2022-08-09,381,5308,49971585,40041195
2022-08-10,383,4816,49971968,40046011
2022-08-11,369,4783,49972337,40050794
2022-08-12,292,3720,49972629,40054514
2022-08-13,143,1600,49972772,40056114
2022-08-14,9,129,49972781,40056243
2022-08-15,1,26,49972782,40056269
2022-08-16,283,3043,49973065,40059312
2022-08-17,352,3536,49973417,40062848
2022-08-18,391,4161,49973808,40067009
2022-08-19,341,3320,49974149,40070329
2022-08-20,183,1715,49974332,40072044
2022-08-21,24,149,49974356,40072193
2022-08-22,329,2952,49974685,40075145
2022-08-23,370,3674,49975055,40078819
2022-08-24,383,3359,49975438,40082178
2022-08-25,421,3773,49975859,40085951
2022-08-26,399,3573,49976258,40089524
2022-08-27,237,1769,49976495,40091293
2022-08-28,29,267,49976524,40091560
2022-08-29,354,3161,49976878,40094721
2022-08-30,403,3671,49977281,40098392
2022-08-31,437,3735,49977718,40102127
2022-09-01,353,3116,49978071,40105243
2022-09-02,296,2893,49978367,40108136
2022-09-03,200,1688,49978567,40109824
2022-09-04,23,149,49978590,40109973
2022-09-05,187,2656,49978777,40112629
2022-09-06,303,2982,49979080,40115611
2022-09-07,540,2936,49979620,40118547
2022-09-08,291,2962,49979911,40121509
2022-09-09,305,2884,49980216,40124393
2022-09-10,227,1326,49980443,40125719
2022-09-11,23,124,49980466,40125843
2022-09-12,267,2266,49980733,40128109
2022-09-13,252,2276,49980985,40130385
2022-09-14,266,2565,49981251,40132950
2022-09-15,281,2496,49981532,40135446
2022-09-16,254,2544,49981786,40137990
2022-09-17,239,1339,49982025,40139329
2022-09-18,20,170,49982045,40139499
2022-09-19,206,1970,49982251,40141469
2022-09-20,236,2384,49982487,40143853
2022-09-21,289,2526,49982776,40146379
2022-09-22,264,2653,49983040,40149032
2022-09-23,258,2539,49983298,40151571
2022-09-24,193,1427,49983491,40152998
2022-09-25,29,133,49983520,40153131
2022-09-26,280,2248,49983800,40155379
2022-09-27,287,2682,49984087,40158061
2022-09-28,309,2896,49984396,40160957
2022-09-29,256,3048,49984652,40164005
2022-09-30,290,2984,49984942,40166989
2022-10-01,194,1515,49985136,40168504
2022-10-02,12,187,49985148,40168691
2022-10-03,182,2473,49985330,40171164
2022-10-04,236,2865,49985566,40174029
2022-10-05,227,3219,49985793,40177248
2022-10-06,242,3847,49986035,40181095
2022-10-07,282,4167,49986317,40185262
2022-10-08,202,2236,49986519,40187498
2022-10-09,8,304,49986527,40187802
2022-10-10,207,3339,49986734,40191141
2022-10-11,192,4351,49986926,40195492
2022-10-12,209,4415,49987135,40199907
2022-10-13,200,5297,49987335,40205204
2022-10-14,231,5022,49987566,40210226
2022-10-15,189,2670,49987755,40212896
2022-10-16,6,360,49987761,40213256
2022-10-17,186,3865,49987947,40217121
2022-10-18,256,4956,49988203,40222077
2022-10-19,241,5463,49988444,40227540
2022-10-20,222,5987,49988666,40233527
2022-10-21,249,5465,49988915,40238992
2022-10-22,195,2909,49989110,40241901
2022-10-23,13,356,49989123,40242257
2022-10-24,171,3916,49989294,40246173
2022-10-25,252,4917,49989546,40251090
2022-10-26,340,5470,49989886,40256560
2022-10-27,239,5649,49990125,40262209
2022-10-28,199,5246,49990324,40267455
2022-10-29,127,2837,49990451,40270292
2022-10-30,3,326,49990454,40270618
2022-10-31,116,3034,49990570,40273652
2022-11-01,10,329,49990580,40273981
2022-11-02,142,3694,49990722,40277675
2022-11-03,171,4759,49990893,40282434
2022-11-04,224,4578,49991117,40287012
2022-11-05,143,2589,49991260,40289601
2022-11-06,10,258,49991270,40289859
2022-11-07,161,3211,49991431,40293070
2022-11-08,258,4209,49991689,40297279
2022-11-09,197,4289,49991886,40301568
2022-11-10,181,4535,49992067,40306103
2022-11-11,188,4199,49992255,40310302
2022-11-12,152,2347,49992407,40312649
2022-11-13,7,331,49992414,40312980
2022-11-14,148,2825,49992562,40315805
2022-11-15,198,3705,49992760,40319510
2022-11-16,204,3919,49992964,40323429
2022-11-17,187,4008,49993151,40327437
2022-11-18,244,3913,49993395,40331350
2022-11-19,111,2027,49993506,40333377
2022-11-20,23,307,49993529,40333684
2022-11-21,115,2472,49993644,40336156
2022-11-22,63,1502,49993707,40337658