data_somministrazione,vaccinazioni,booster,cum_vaccinazioni,cum_booster
2020-12-27,20,0,20,0
2020-12-28,2,0,22,0
2020-12-29,1,0,23,0
2020-12-30,6,0,29,0
2020-12-31,67,0,96,0
2021-01-01,22,0,118,0
2021-01-02,106,0,224,0
2021-01-03,75,0,299,0
2021-01-04,198,0,497,0
2021-01-05,234,0,731,0
2021-01-06,193,0,924,0
2021-01-07,288,0,1212,0
2021-01-08,332,0,1544,0
2021-01-09,242,0,1786,0
2021-01-10,144,0,1930,0
2021-01-11,268,0,2198,0
2021-01-12,265,0,2463,0
2021-01-13,385,0,2848,0
2021-01-14,473,0,3321,0
2021-01-15,296,0,3617,0
2021-01-16,203,0,3820,0
2021-01-17,3057,0,6877,0
2021-01-18,5209,0,12086,0
2021-01-19,1892,0,13978,0
2021-01-20,4653,0,18631,0
2021-01-21,19998,0,38629,0
2021-01-22,14200,0,52829,0
2021-01-23,33330,0,86159,0
2021-01-24,30791,0,116950,0
2021-01-25,64731,0,181681,0
2021-01-26,76502,0,258183,0
2021-01-27,64840,0,323023,0
2021-01-28,89294,0,412317,0
2021-01-29,94027,0,506344,0
2021-01-30,86571,0,592915,0
2021-01-31,57339,0,650254,0
2021-02-01,81875,0,732129,0
2021-02-02,82146,0,814275,0
2021-02-03,91195,0,905470,0
2021-02-04,95401,0,1000871,0
2021-02-05,90279,0,1091150,0
2021-02-06,63450,0,1154600,0
2021-02-07,32927,0,1187527,0
2021-02-08,40429,0,1227956,0
2021-02-09,32864,0,1260820,0
2021-02-10,28423,0,1289243,0
2021-02-11,20391,0,1309634,0
2021-02-12,16229,0,1325863,0
2021-02-13,7253,0,1333116,0
2021-02-14,2861,0,1335977,0
2021-02-15,6837,0,1342814,0
2021-02-16,6992,0,1349806,0
2021-02-17,10519,0,1360325,0
2021-02-18,9246,0,1369571,0
2021-02-19,8239,0,1377810,0
2021-02-20,5544,0,1383354,0
2021-02-21,2986,0,1386340,0
2021-02-22,6882,0,1393222,0
2021-02-23,7163,0,1400385,0
2021-02-24,9824,0,1410209,0
2021-02-25,14200,0,1424409,0
2021-02-26,17551,0,1441960,0
2021-02-27,13902,0,1455862,0
2021-02-28,9386,0,1465248,0
2021-03-01,26509,0,1491757,0
2021-03-02,33238,0,1524995,0
2021-03-03,44643,0,1569638,0
2021-03-04,50288,0,1619926,0
2021-03-05,55734,0,1675660,0
2021-03-06,41876,0,1717536,0
2021-03-07,22324,0,1739860,0
2021-03-08,50795,0,1790655,0
2021-03-09,53059,0,1843714,0
2021-03-10,58629,0,1902343,0
2021-03-11,63842,0,1966185,0
2021-03-12,65099,0,2031284,0
2021-03-13,51708,0,2082992,0
2021-03-14,35385,0,2118377,0
2021-03-15,73424,0,2191801,0
2021-03-16,74023,0,2265824,0
2021-03-17,83130,0,2348954,0
2021-03-18,81623,0,2430577,0
2021-03-19,81081,0,2511658,0
2021-03-20,64711,0,2576369,0
2021-03-21,47287,0,2623656,0
2021-03-22,69473,0,2693129,0
2021-03-23,75779,0,2768908,0
2021-03-24,90886,0,2859794,0
2021-03-25,89788,0,2949582,0
2021-03-26,83603,0,3033185,0
2021-03-27,71920,0,3105105,0
2021-03-28,44130,0,3149235,0
2021-03-29,70807,0,3220042,0
2021-03-30,81364,0,3301406,0
2021-03-31,96217,0,3397623,0
2021-04-01,95294,0,3492917,0
2021-04-02,84066,0,3576983,0
2021-04-03,64294,0,3641277,0
2021-04-04,21717,0,3662994,0
2021-04-05,40299,0,3703293,0
2021-04-06,81300,0,3784593,0
2021-04-07,95809,0,3880402,0
2021-04-08,95227,0,3975629,0
2021-04-09,88481,0,4064110,0
2021-04-10,74027,0,4138137,0
2021-04-11,44755,0,4182892,0
2021-04-12,66910,0,4249802,0
2021-04-13,72563,0,4322365,0
2021-04-14,85520,0,4407885,0
2021-04-15,105403,0,4513288,0
2021-04-16,106410,0,4619698,0
2021-04-17,90493,0,4710191,0
2021-04-18,58584,0,4768775,0
2021-04-19,93425,0,4862200,0
2021-04-20,103763,0,4965963,0
2021-04-21,125332,0,5091295,0
2021-04-22,143501,0,5234796,0
2021-04-23,138717,0,5373513,0
2021-04-24,124436,0,5497949,0
2021-04-25,61452,0,5559401,0
2021-04-26,97875,0,5657276,0
2021-04-27,128350,0,5785626,0
2021-04-28,156352,0,5941978,0
2021-04-29,195577,0,6137555,0
2021-04-30,214558,0,6352113,0
2021-05-01,174090,0,6526203,0
2021-05-02,135790,0,6661993,0
2021-05-03,142000,0,6803993,0
2021-05-04,158675,0,6962668,0
2021-05-05,170473,0,7133141,0
2021-05-06,197790,0,7330931,0
2021-05-07,213807,0,7544738,0
2021-05-08,213384,0,7758122,0
2021-05-09,143195,0,7901317,0
2021-05-10,165082,0,8066399,0
2021-05-11,174959,0,8241358,0
2021-05-12,179155,0,8420513,0
2021-05-13,203357,0,8623870,0
2021-05-14,222894,0,8846764,0
2021-05-15,210340,0,9057104,0
2021-05-16,159264,0,9216368,0
2021-05-17,219177,0,9435545,0
2021-05-18,213001,0,9648546,0
2021-05-19,207070,0,9855616,0
2021-05-20,270837,0,10126453,0
2021-05-21,270861,0,10397314,0
2021-05-22,245517,0,10642831,0
2021-05-23,197173,0,10840004,0
2021-05-24,228292,0,11068296,0
2021-05-25,245686,0,11313982,0
2021-05-26,277477,0,11591459,0
2021-05-27,311074,0,11902533,0
2021-05-28,299561,0,12202094,0
2021-05-29,231195,0,12433289,0
2021-05-30,170826,0,12604115,0
2021-05-31,216410,0,12820525,0
2021-06-01,207630,0,13028155,0
2021-06-02,115770,0,13143925,0
2021-06-03,180112,0,13324037,0
2021-06-04,184854,0,13508891,0
2021-06-05,185931,0,13694822,0
2021-06-06,139513,0,13834335,0
2021-06-07,161841,0,13996176,0
2021-06-08,171166,0,14167342,0
2021-06-09,171442,0,14338784,0
2021-06-10,174043,0,14512827,0
2021-06-11,169938,0,14682765,0
2021-06-12,128302,0,14811067,0
2021-06-13,91139,0,14902206,0
2021-06-14,214640,0,15116846,0
2021-06-15,228386,0,15345232,0
2021-06-16,253037,0,15598269,0
2021-06-17,301694,0,15899963,0
2021-06-18,306259,0,16206222,0
2021-06-19,275052,0,16481274,0
2021-06-20,220730,0,16702004,0
2021-06-21,288036,0,16990040,0
2021-06-22,296181,0,17286221,0
2021-06-23,302665,0,17588886,0
2021-06-24,332553,0,17921439,0
2021-06-25,348690,0,18270129,0
2021-06-26,300083,0,18570212,0
2021-06-27,228616,0,18798828,0
2021-06-28,307038,0,19105866,0
2021-06-29,329239,0,19435105,0
2021-06-30,342105,0,19777210,0
2021-07-01,363159,0,20140369,0
2021-07-02,368430,0,20508799,0
2021-07-03,371070,0,20879869,0
2021-07-04,283194,0,21163063,0
2021-07-05,384501,0,21547564,0
2021-07-06,385433,0,21932997,0
2021-07-07,412064,0,22345061,0
2021-07-08,479619,0,22824680,0
2021-07-09,498481,0,23323161,0
2021-07-10,475179,0,23798340,0
2021-07-11,357704,0,24156044,0
2021-07-12,485908,0,24641952,0
2021-07-13,492143,0,25134095,0
2021-07-14,480473,0,25614568,0
2021-07-15,523486,0,26138054,0
2021-07-16,509786,0,26647840,0
2021-07-17,464369,0,27112209,0
2021-07-18,364698,0,27476907,0
2021-07-19,463072,0,27939979,0
2021-07-20,458086,0,28398065,0
2021-07-21,462817,0,28860882,0
2021-07-22,475400,0,29336282,0
2021-07-23,441308,0,29777590,0
2021-07-24,386196,0,30163786,0
2021-07-25,287597,0,30451383,0
2021-07-26,430889,0,30882272,0
2021-07-27,440132,0,31322404,0
2021-07-28,391020,0,31713424,0
2021-07-29,372085,0,32085509,0
2021-07-30,341521,0,32427030,0
2021-07-31,287023,0,32714053,0
2021-08-01,191017,0,32905070,0
2021-08-02,333727,0,33238797,0
2021-08-03,323182,0,33561979,0
2021-08-04,310977,0,33872956,0
2021-08-05,292512,0,34165468,0
2021-08-06,260015,0,34425483,0
2021-08-07,199050,0,34624533,0
2021-08-08,153104,0,34777637,0
2021-08-09,234083,0,35011720,0
2021-08-10,205249,0,35216969,0
2021-08-11,193763,0,35410732,0
2021-08-12,167981,0,35578713,0
2021-08-13,148600,0,35727313,0
2021-08-14,66090,0,35793403,0
2021-08-15,26334,0,35819737,0
2021-08-16,114675,0,35934412,0
2021-08-17,129241,0,36063653,0
2021-08-18,128738,0,36192391,0
2021-08-19,124793,0,36317184,0
2021-08-20,123795,0,36440979,0
2021-08-21,83117,0,36524096,0
2021-08-22,68166,0,36592262,0
2021-08-23,176874,0,36769136,0
2021-08-24,156910,0,36926046,0
2021-08-25,177169,0,37103215,0
2021-08-26,172351,0,37275566,0
2021-08-27,185842,0,37461408,0
2021-08-28,140267,0,37601675,0
2021-08-29,98999,0,37700674,0
2021-08-30,209631,0,37910305,0
2021-08-31,194631,0,38104936,0
2021-09-01,192213,0,38297149,0
2021-09-02,189941,0,38487090,0
2021-09-03,191338,0,38678428,0
2021-09-04,131481,0,38809909,0
2021-09-05,87867,0,38897776,0
2021-09-06,193660,0,39091436,0
2021-09-07,196065,0,39287501,0
2021-09-08,187910,0,39475411,0
2021-09-09,201473,0,39676884,0
2021-09-10,198106,0,39874990,0
2021-09-11,141326,0,40016316,0
2021-09-12,89601,0,40105917,0
2021-09-13,191167,553,40297084,553
2021-09-14,177265,574,40474349,1127
2021-09-15,163128,579,40637477,1706
2021-09-16,160098,922,40797575,2628
2021-09-17,150179,1113,40947754,3741
2021-09-18,127981,735,41075735,4476
2021-09-19,81131,491,41156866,4967
2021-09-20,180080,9073,41336946,14040
2021-09-21,166634,8831,41503580,22871
2021-09-22,159078,9435,41662658,32306
2021-09-23,138086,9320,41800744,41626
2021-09-24,140542,8951,41941286,50577
2021-09-25,119558,5633,42060844,56210
2021-09-26,71957,4338,42132801,60548
2021-09-27,135637,10047,42268438,70595
2021-09-28,117492,11383,42385930,81978
2021-09-29,112335,11825,42498265,93803
2021-09-30,110233,14944,42608498,108747
2021-10-01,94977,19105,42703475,127852
2021-10-02,78485,14012,42781960,141864
2021-10-03,47737,7656,42829697,149520
2021-10-04,88377,34443,42918074,183963
2021-10-05,80366,33970,42998440,217933
2021-10-06,71983,34160,43070423,252093
2021-10-07,71852,34346,43142275,286439
2021-10-08,80627,33589,43222902,320028
2021-10-09,76103,22169,43299005,342197
2021-10-10,45773,13615,43344778,355812
2021-10-11,87417,41101,43432195,396913
2021-10-12,84493,46895,43516688,443808
2021-10-13,88194,52113,43604882,495921
2021-10-14,91532,58506,43696414,554427
2021-10-15,93591,55625,43790005,610052
2021-10-16,82966,36780,43872971,646832
2021-10-17,51462,23827,43924433,670659
2021-10-18,90291,59482,44014724,730141
2021-10-19,78348,69370,44093072,799511
2021-10-20,75077,78162,44168149,877673
2021-10-21,78299,81750,44246448,959423
2021-10-22,73792,77018,44320240,1036441
2021-10-23,60814,51953,44381054,1088394
2021-10-24,33379,23453,44414433,1111847
2021-10-25,64906,81622,44479339,1193469
2021-10-26,58375,91777,44537714,1285246
2021-10-27,58331,103967,44596045,1389213
2021-10-28,61467,114101,44657512,1503314
2021-10-29,61661,103111,44719173,1606425
2021-10-30,50671,68113,44769844,1674538
2021-10-31,25164,28288,44795008,1702826
2021-11-01,19046,28148,44814054,1730974
2021-11-02,62768,89372,44876822,1820346
2021-11-03,60741,118656,44937563,1939002
2021-11-04,59246,126660,44996809,2065662
2021-11-05,63093,135169,45059902,2200831
2021-11-06,46475,90922,45106377,2291753
2021-11-07,22254,37893,45128631,2329646
2021-11-08,51530,131260,45180161,2460906
2021-11-09,45401,144198,45225562,2605104
2021-11-10,42579,156345,45268141,2761449
2021-11-11,44936,155135,45313077,2916584
2021-11-12,46371,158574,45359448,3075158
2021-11-13,33253,116649,45392701,3191807
2021-11-14,14480,52446,45407181,3244253
2021-11-15,36895,157425,45444076,3401678
2021-11-16,30545,171376,45474621,3573054
2021-11-17,28449,178435,45503070,3751489
2021-11-18,30283,193715,45533353,3945204
2021-11-19,28799,205850,45562152,4151054
2021-11-20,20993,156434,45583145,4307488
2021-11-21,10612,64856,45593757,4372344
2021-11-22,21936,213137,45615693,4585481
2021-11-23,23567,241741,45639260,4827222
2021-11-24,27839,270947,45667099,5098169
2021-11-25,23232,301901,45690331,5400070
2021-11-26,24578,318263,45714909,5718333
2021-11-27,21381,266150,45736290,5984483
2021-11-28,9897,137056,45746187,6121539
2021-11-29,22320,326063,45768507,6447602
2021-11-30,23083,365822,45791590,6813424
2021-12-01,21515,413500,45813105,7226924
2021-12-02,23753,440379,45836858,7667303
2021-12-03,25242,467455,45862100,8134758
2021-12-04,22355,418730,45884455,8553488
2021-12-05,11911,261331,45896366,8814819
2021-12-06,25816,457563,45922182,9272382
2021-12-07,24123,480250,45946305,9752632
2021-12-08,10002,249680,45956307,10002312
2021-12-09,31569,491917,45987876,10494229
2021-12-10,28057,517867,46015933,11012096
2021-12-11,23552,459241,46039485,11471337
2021-12-12,12304,293495,46051789,11764832
2021-12-13,26141,467623,46077930,12232455
2021-12-14,25166,494189,46103096,12726644
2021-12-15,25319,517130,46128415,13243774
2021-12-16,27871,520239,46156286,13764013
2021-12-17,29352,517162,46185638,14281175
2021-12-18,27032,468714,46212670,14749889
2021-12-19,15137,300513,46227807,15050402
2021-12-20,30613,477473,46258420,15527875
2021-12-21,30357,493380,46288777,16021255
2021-12-22,29434,484698,46318211,16505953
2021-12-23,28231,426894,46346442,16932847
2021-12-24,13112,210820,46359554,17143667
2021-12-25,2101,33052,46361655,17176719
2021-12-26,8756,159065,46370411,17335784
2021-12-27,46765,504651,46417176,17840435
2021-12-28,42431,554204,46459607,18394639
2021-12-29,34327,550626,46493934,18945265
2021-12-30,31809,499821,46525743,19445086
2021-12-31,14106,247394,46539849,19692480
2022-01-01,3493,64813,46543342,19757293
2022-01-02,22744,276718,46566086,20034011
2022-01-03,47819,520006,46613905,20554017
2022-01-04,46313,572078,46660218,21126095
2022-01-05,40701,560385,46700919,21686480
2022-01-06,23459,274482,46724378,21960962
2022-01-07,63652,554179,46788030,22515141
2022-01-08,60798,503377,46848828,23018518
2022-01-09,42788,319688,46891616,23338206
2022-01-10,61024,542276,46952640,23880482
2022-01-11,61667,586982,47014307,24467464
2022-01-12,58387,581273,47072694,25048737
2022-01-13,58557,580377,47131251,25629114
2022-01-14,46723,588564,47177974,26217678
2022-01-15,39324,569938,47217298,26787616
2022-01-16,31141,341848,47248439,27129464
2022-01-17,54728,489647,47303167,27619111
2022-01-18,58342,517012,47361509,28136123
2022-01-19,57153,502783,47418662,28638906
2022-01-20,54295,498810,47472957,29137716
2022-01-21,42028,493868,47514985,29631584
2022-01-22,31119,469594,47546104,30101178
2022-01-23,34902,275362,47581006,30376540
2022-01-24,56147,437210,47637153,30813750
2022-01-25,61521,452088,47698674,31265838
2022-01-26,58506,435816,47757180,31701654
2022-01-27,48802,432353,47805982,32134007
2022-01-28,58657,436531,47864639,32570538
2022-01-29,68076,412484,47932715,32983022
2022-01-30,50354,235969,47983069,33218991
2022-01-31,60588,356921,48043657,33575912
2022-02-01,65513,328433,48109170,33904345
2022-02-02,63160,296966,48172330,34201311
2022-02-03,60021,274513,48232351,34475824
2022-02-04,72346,268450,48304697,34744274
2022-02-05,83726,248529,48388423,34992803
2022-02-06,55271,116195,48443694,35108998
2022-02-07,65117,199930,48508811,35308928
2022-02-08,66909,186102,48575720,35495030
2022-02-09,58737,166331,48634457,35661361
2022-02-10,58536,163233,48692993,35824594
2022-02-11,62222,162454,48755215,35987048
2022-02-12,71953,152138,48827168,36139186
2022-02-13,41464,68849,48868632,36208035
2022-02-14,46668,116185,48915300,36324220
2022-02-15,48511,123478,48963811,36447698
2022-02-16,45662,106112,49009473,36553810
2022-02-17,42852,98102,49052325,36651912
2022-02-18,46596,112569,49098921,36764481
2022-02-19,52519,100327,49151440,36864808
2022-02-20,31410,40360,49182850,36905168
2022-02-21,37886,89643,49220736,36994811
2022-02-22,37212,83769,49257948,37078580
2022-02-23,33376,79404,49291324,37157984
2022-02-24,32549,78160,49323873,37236144
2022-02-25,34747,90706,49358620,37326850
2022-02-26,39146,89132,49397766,37415982
2022-02-27,22541,35854,49420307,37451836
2022-02-28,28468,81691,49448775,37533527
2022-03-01,22703,53937,49471478,37587464
2022-03-02,21988,50627,49493466,37638091
2022-03-03,22602,54941,49516068,37693032
2022-03-04,23216,62793,49539284,37755825
2022-03-05,23783,57952,49563067,37813777
2022-03-06,9471,17200,49572538,37830977
2022-03-07,15899,51390,49588437,37882367
2022-03-08,15454,48795,49603891,37931162
2022-03-09,13804,46514,49617695,37977676
2022-03-10,14035,52115,49631730,38029791
2022-03-11,15568,57251,49647298,38087042
2022-03-12,15492,56614,49662790,38143656
2022-03-13,5542,16849,49668332,38160505
2022-03-14,10518,46691,49678850,38207196
2022-03-15,10534,46892,49689384,38254088
2022-03-16,9472,41978,49698856,38296066
2022-03-17,9701,44875,49708557,38340941
2022-03-18,10152,49052,49718709,38389993
2022-03-19,9145,46532,49727854,38436525
2022-03-20,2607,11700,49730461,38448225
2022-03-21,7574,40223,49738035,38488448
2022-03-22,8441,37749,49746476,38526197
2022-03-23,7206,33697,49753682,38559894
2022-03-24,8251,38796,49761933,38598690
2022-03-25,8129,43665,49770062,38642355
2022-03-26,8120,41723,49778182,38684078
2022-03-27,2428,9683,49780610,38693761
2022-03-28,6099,35230,49786709,38728991
2022-03-29,5773,32523,49792482,38761514
2022-03-30,5556,30193,49798038,38791707
2022-03-31,5885,33175,49803923,38824882
2022-04-01,4341,25187,49808264,38850069
2022-04-02,4489,23273,49812753,38873342
2022-04-03,1048,4499,49813801,38877841
2022-04-04,3654,21531,49817455,38899372
2022-04-05,3746,22925,49821201,38922297
2022-04-06,4098,21845,49825299,38944142
2022-04-07,3956,23317,49829255,38967459
2022-04-08,4687,26710,49833942,38994169
2022-04-09,4375,23885,49838317,39018054
2022-04-10,893,4614,49839210,39022668
2022-04-11,3806,22685,49843016,39045353
2022-04-12,3356,21777,49846372,39067130
2022-04-13,3560,21334,49849932,39088464
2022-04-14,3483,23776,49853415,39112240
2022-04-15,3077,20618,49856492,39132858
2022-04-16,2149,11921,49858641,39144779
2022-04-17,63,348,49858704,39145127
2022-04-18,149,650,49858853,39145777
2022-04-19,3490,21978,49862343,39167755
2022-04-20,3499,20248,49865842,39188003
2022-04-21,2839,19781,49868681,39207784
2022-04-22,2920,20695,49871601,39228479
2022-04-23,2637,16210,49874238,39244689
2022-04-24,509,2335,49874747,39247024
2022-04-25,183,1165,49874930,39248189
2022-04-26,2760,17791,49877690,39265980
2022-04-27,2365,15784,49880055,39281764
2022-04-28,2353,15533,49882408,39297297
2022-04-29,2291,14835,49884699,39312132
2022-04-30,2121,11577,49886820,39323709
2022-05-01,113,530,49886933,39324239
2022-05-02,1445,9384,49888378,39333623
2022-05-03,1573,10309,49889951,39343932
2022-05-04,1744,10255,49891695,39354187
2022-05-05,1649,10272,49893344,39364459
2022-05-06,1695,10945,49895039,39375404
2022-05-07,1431,8563,49896470,39383967
2022-05-08,404,1514,49896874,39385481
2022-05-09,1024,8917,49897898,39394398
2022-05-10,1421,9536,49899319,39403934
2022-05-11,1480,10087,49900799,39414021
2022-05-12,1369,10119,49902168,39424140
2022-05-13,1587,10509,49903755,39434649
2022-05-14,1357,8228,49905112,39442877
2022-05-15,336,1129,49905448,39444006
2022-05-16,812,8388,49906260,39452394
2022-05-17,1241,8671,49907501,39461065
2022-05-18,1368,9216,49908869,39470281
2022-05-19,1498,9268,49910367,39479549
2022-05-20,1419,9493,49911786,39489042
2022-05-21,1299,7892,49913085,39496934
2022-05-22,231,1012,49913316,39497946
2022-05-23,826,8261,49914142,39506207
2022-05-24,1070,8665,49915212,39514872
2022-05-25,1364,9445,49916576,39524317
2022-05-26,1194,9454,49917770,39533771
2022-05-27,1225,9911,49918995,39543682
2022-05-28,1202,7873,49920197,39551555
2022-05-29,285,1264,49920482,39552819
2022-05-30,930,8026,49921412,39560845
2022-05-31,1033,8531,49922445,39569376
2022-06-01,892,7644,49923337,39577020
2022-06-02,35,474,49923372,39577494
2022-06-03,814,7327,49924186,39584821
2022-06-04,870,5155,49925056,39589976
2022-06-05,89,586,49925145,39590562
2022-06-06,672,6979,49925817,39597541
2022-06-07,930,7842,49926747,39605383
2022-06-08,982,7898,49927729,39613281
2022-06-09,1034,8400,49928763,39621681
2022-06-10,955,8550,49929718,39630231
2022-06-11,900,6207,49930618,39636438
2022-06-12,140,767,49930758,39637205
2022-06-13,603,6295,49931361,39643500
2022-06-14,826,7881,49932187,39651381
2022-06-15,950,7845,49933137,39659226
2022-06-16,728,7386,49933865,39666612
2022-06-17,719,7239,49934584,39673851
2022-06-18,777,5589,49935361,39679440
2022-06-19,47,522,49935408,39679962
2022-06-20,588,6694,49935996,39686656
2022-06-21,732,7644,49936728,39694300
2022-06-22,780,7303,49937508,39701603
2022-06-23,649,7455,49938157,39709058
2022-06-24,644,7472,49938801,39716530
2022-06-25,835,6531,49939636,39723061
2022-06-26,128,523,49939764,39723584
2022-06-27,532,7119,49940296,39730703
2022-06-28,744,8208,49941040,39738911
2022-06-29,755,7718,49941795,39746629
2022-06-30,744,8131,49942539,39754760
2022-07-01,576,6437,49943115,39761197
2022-07-02,536,4765,49943651,39765962
2022-07-03,49,456,49943700,39766418
2022-07-04,470,6269,49944170,39772687
2022-07-05,622,8107,49944792,39780794
2022-07-06,627,7595,49945419,39788389
2022-07-07,567,8252,49945986,39796641
2022-07-08,669,8078,49946655,39804719
2022-07-09,549,6104,49947204,39810823
2022-07-10,58,533,49947262,39811356
2022-07-11,486,7632,49947748,39818988
2022-07-12,661,9001,49948409,39827989
2022-07-13,637,10057,49949046,39838046
2022-07-14,632,10219,49949678,39848265
2022-07-15,621,10662,49950299,39858927
2022-07-16,521,7207,49950820,39866134
2022-07-17,48,769,49950868,39866903
2022-07-18,498,9351,49951366,39876254
2022-07-19,573,10648,49951939,39886902
2022-07-20,576,11254,49952515,39898156
2022-07-21,625,12032,49953140,39910188
2022-07-22,582,11215,49953722,39921403
2022-07-23,378,6740,49954100,39928143
2022-07-24,76,834,49954176,39928977
2022-07-25,500,9031,49954676,39938008
2022-07-26,517,9724,49955193,39947732
2022-07-27,542,10148,49955735,39957880
2022-07-28,526,10468,49956261,39968348
2022-07-29,509,9414,49956770,39977762
2022-07-30,380,5852,49957150,39983614
2022-07-31,49,745,49957199,39984359
2022-08-01,386,6821,49957585,39991180
2022-08-02,537,7510,49958122,39998690
2022-08-03,497,7132,49958619,40005822
2022-08-04,449,7410,49959068,40013232
2022-08-05,415,6471,49959483,40019703
2022-08-06,296,3580,49959779,40023283
2022-08-07,44,550,49959823,40023833
2022-08-08,392,4871,49960215,40028704
2022-08-09,383,5265,49960598,40033969
2022-08-10,372,4775,49960970,40038744
2022-08-11,361,4752,49961331,40043496
2022-08-12,284,3689,49961615,40047185
2022-08-13,141,1595,49961756,40048780
2022-08-14,9,128,49961765,40048908
2022-08-15,1,24,49961766,40048932
2022-08-16,281,3020,49962047,40051952
2022-08-17,350,3511,49962397,40055463
2022-08-18,383,4127,49962780,40059590
2022-08-19,335,3299,49963115,40062889
2022-08-20,182,1711,49963297,40064600
2022-08-21,24,146,49963321,40064746
2022-08-22,326,2924,49963647,40067670
2022-08-23,370,3634,49964017,40071304
2022-08-24,377,3307,49964394,40074611
2022-08-25,412,3676,49964806,40078287
2022-08-26,391,3519,49965197,40081806
2022-08-27,226,1763,49965423,40083569
2022-08-28,29,260,49965452,40083829
2022-08-29,351,3113,49965803,40086942
2022-08-30,393,3585,49966196,40090527
2022-08-31,420,3647,49966616,40094174
2022-09-01,345,3011,49966961,40097185
2022-09-02,276,2734,49967237,40099919
2022-09-03,198,1648,49967435,40101567