data_somministrazione,vaccinazioni,booster,cum_vaccinazioni,cum_booster
2020-12-27,20,0,20,0
2020-12-28,2,0,22,0
2020-12-29,1,0,23,0
2020-12-30,6,0,29,0
2020-12-31,69,0,98,0
2021-01-01,23,0,121,0
2021-01-02,109,0,230,0
2021-01-03,81,0,311,0
2021-01-04,203,0,514,0
2021-01-05,240,0,754,0
2021-01-06,205,0,959,0
2021-01-07,294,0,1253,0
2021-01-08,337,0,1590,0
2021-01-09,251,0,1841,0
2021-01-10,147,0,1988,0
2021-01-11,272,0,2260,0
2021-01-12,267,0,2527,0
2021-01-13,390,0,2917,0
2021-01-14,479,0,3396,0
2021-01-15,298,0,3694,0
2021-01-16,207,0,3901,0
2021-01-17,3058,0,6959,0
2021-01-18,5209,0,12168,0
2021-01-19,1892,0,14060,0
2021-01-20,4654,0,18714,0
2021-01-21,19996,0,38710,0
2021-01-22,14200,0,52910,0
2021-01-23,33330,0,86240,0
2021-01-24,30786,0,117026,0
2021-01-25,64724,0,181750,0
2021-01-26,76497,0,258247,0
2021-01-27,64834,0,323081,0
2021-01-28,89285,0,412366,0
2021-01-29,94019,0,506385,0
2021-01-30,86565,0,592950,0
2021-01-31,57332,0,650282,0
2021-02-01,81866,0,732148,0
2021-02-02,82145,0,814293,0
2021-02-03,91192,0,905485,0
2021-02-04,95399,0,1000884,0
2021-02-05,90274,0,1091158,0
2021-02-06,63448,0,1154606,0
2021-02-07,32929,0,1187535,0
2021-02-08,40431,0,1227966,0
2021-02-09,32865,0,1260831,0
2021-02-10,28421,0,1289252,0
2021-02-11,20393,0,1309645,0
2021-02-12,16230,0,1325875,0
2021-02-13,7257,0,1333132,0
2021-02-14,2861,0,1335993,0
2021-02-15,6838,0,1342831,0
2021-02-16,6994,0,1349825,0
2021-02-17,10520,0,1360345,0
2021-02-18,9249,0,1369594,0
2021-02-19,8242,0,1377836,0
2021-02-20,5549,0,1383385,0
2021-02-21,2990,0,1386375,0
2021-02-22,6882,0,1393257,0
2021-02-23,7165,0,1400422,0
2021-02-24,9825,0,1410247,0
2021-02-25,14204,0,1424451,0
2021-02-26,17554,0,1442005,0
2021-02-27,13906,0,1455911,0
2021-02-28,9384,0,1465295,0
2021-03-01,26509,0,1491804,0
2021-03-02,33237,0,1525041,0
2021-03-03,44644,0,1569685,0
2021-03-04,50289,0,1619974,0
2021-03-05,55735,0,1675709,0
2021-03-06,41876,0,1717585,0
2021-03-07,22324,0,1739909,0
2021-03-08,50798,0,1790707,0
2021-03-09,53063,0,1843770,0
2021-03-10,58630,0,1902400,0
2021-03-11,63843,0,1966243,0
2021-03-12,65101,0,2031344,0
2021-03-13,51710,0,2083054,0
2021-03-14,35389,0,2118443,0
2021-03-15,73430,0,2191873,0
2021-03-16,74023,0,2265896,0
2021-03-17,83132,0,2349028,0
2021-03-18,81625,0,2430653,0
2021-03-19,81079,0,2511732,0
2021-03-20,64714,0,2576446,0
2021-03-21,47290,0,2623736,0
2021-03-22,69471,0,2693207,0
2021-03-23,75784,0,2768991,0
2021-03-24,90896,0,2859887,0
2021-03-25,89791,0,2949678,0
2021-03-26,83611,0,3033289,0
2021-03-27,71927,0,3105216,0
2021-03-28,44135,0,3149351,0
2021-03-29,70814,0,3220165,0
2021-03-30,81370,0,3301535,0
2021-03-31,96221,0,3397756,0
2021-04-01,95297,0,3493053,0
2021-04-02,84063,0,3577116,0
2021-04-03,64296,0,3641412,0
2021-04-04,21717,0,3663129,0
2021-04-05,40299,0,3703428,0
2021-04-06,81307,0,3784735,0
2021-04-07,95817,0,3880552,0
2021-04-08,95226,0,3975778,0
2021-04-09,88483,0,4064261,0
2021-04-10,74028,0,4138289,0
2021-04-11,44757,0,4183046,0
2021-04-12,66909,0,4249955,0
2021-04-13,72566,0,4322521,0
2021-04-14,85525,0,4408046,0
2021-04-15,105403,0,4513449,0
2021-04-16,106412,0,4619861,0
2021-04-17,90496,0,4710357,0
2021-04-18,58581,0,4768938,0
2021-04-19,93424,0,4862362,0
2021-04-20,103761,0,4966123,0
2021-04-21,125336,0,5091459,0
2021-04-22,143501,0,5234960,0
2021-04-23,138722,0,5373682,0
2021-04-24,124437,0,5498119,0
2021-04-25,61452,0,5559571,0
2021-04-26,97879,0,5657450,0
2021-04-27,128353,0,5785803,0
2021-04-28,156355,0,5942158,0
2021-04-29,195582,0,6137740,0
2021-04-30,214553,0,6352293,0
2021-05-01,174097,0,6526390,0
2021-05-02,135798,0,6662188,0
2021-05-03,142008,0,6804196,0
2021-05-04,158680,0,6962876,0
2021-05-05,170474,0,7133350,0
2021-05-06,197791,0,7331141,0
2021-05-07,213821,0,7544962,0
2021-05-08,213391,0,7758353,0
2021-05-09,143197,0,7901550,0
2021-05-10,165083,0,8066633,0
2021-05-11,174966,0,8241599,0
2021-05-12,179164,0,8420763,0
2021-05-13,203371,0,8624134,0
2021-05-14,222894,0,8847028,0
2021-05-15,210352,0,9057380,0
2021-05-16,159268,0,9216648,0
2021-05-17,219183,0,9435831,0
2021-05-18,213004,0,9648835,0
2021-05-19,207066,0,9855901,0
2021-05-20,270840,0,10126741,0
2021-05-21,270868,0,10397609,0
2021-05-22,245514,0,10643123,0
2021-05-23,197172,0,10840295,0
2021-05-24,228299,0,11068594,0
2021-05-25,245688,0,11314282,0
2021-05-26,277479,0,11591761,0
2021-05-27,311076,0,11902837,0
2021-05-28,299563,0,12202400,0
2021-05-29,231209,0,12433609,0
2021-05-30,170832,0,12604441,0
2021-05-31,216413,0,12820854,0
2021-06-01,207624,0,13028478,0
2021-06-02,115779,0,13144257,0
2021-06-03,180120,0,13324377,0
2021-06-04,184861,0,13509238,0
2021-06-05,185940,0,13695178,0
2021-06-06,139527,0,13834705,0
2021-06-07,161856,0,13996561,0
2021-06-08,171182,0,14167743,0
2021-06-09,171448,0,14339191,0
2021-06-10,174061,0,14513252,0
2021-06-11,169953,0,14683205,0
2021-06-12,128315,0,14811520,0
2021-06-13,91152,0,14902672,0
2021-06-14,214659,0,15117331,0
2021-06-15,228396,0,15345727,0
2021-06-16,253047,0,15598774,0
2021-06-17,301712,0,15900486,0
2021-06-18,306276,0,16206762,0
2021-06-19,275068,0,16481830,0
2021-06-20,220736,0,16702566,0
2021-06-21,288055,0,16990621,0
2021-06-22,296191,0,17286812,0
2021-06-23,302666,0,17589478,0
2021-06-24,332562,0,17922040,0
2021-06-25,348689,0,18270729,0
2021-06-26,300085,0,18570814,0
2021-06-27,228620,0,18799434,0
2021-06-28,307053,0,19106487,0
2021-06-29,329250,0,19435737,0
2021-06-30,342116,0,19777853,0
2021-07-01,363174,0,20141027,0
2021-07-02,368436,0,20509463,0
2021-07-03,371069,0,20880532,0
2021-07-04,283196,0,21163728,0
2021-07-05,384510,0,21548238,0
2021-07-06,385433,0,21933671,0
2021-07-07,412072,0,22345743,0
2021-07-08,479611,0,22825354,0
2021-07-09,498476,0,23323830,0
2021-07-10,475174,0,23799004,0
2021-07-11,357691,0,24156695,0
2021-07-12,485890,0,24642585,0
2021-07-13,492135,0,25134720,0
2021-07-14,480470,0,25615190,0
2021-07-15,523469,0,26138659,0
2021-07-16,509770,0,26648429,0
2021-07-17,464353,0,27112782,0
2021-07-18,364682,0,27477464,0
2021-07-19,463066,0,27940530,0
2021-07-20,458080,0,28398610,0
2021-07-21,462805,0,28861415,0
2021-07-22,475394,0,29336809,0
2021-07-23,441297,0,29778106,0
2021-07-24,386176,0,30164282,0
2021-07-25,287579,0,30451861,0
2021-07-26,430875,0,30882736,0
2021-07-27,440116,0,31322852,0
2021-07-28,391006,0,31713858,0
2021-07-29,372074,0,32085932,0
2021-07-30,341511,0,32427443,0
2021-07-31,287025,0,32714468,0
2021-08-01,191016,0,32905484,0
2021-08-02,333724,0,33239208,0
2021-08-03,323188,0,33562396,0
2021-08-04,310970,0,33873366,0
2021-08-05,292500,0,34165866,0
2021-08-06,260009,0,34425875,0
2021-08-07,199051,0,34624926,0
2021-08-08,153107,0,34778033,0
2021-08-09,234076,0,35012109,0
2021-08-10,205247,0,35217356,0
2021-08-11,193761,0,35411117,0
2021-08-12,168000,0,35579117,0
2021-08-13,148608,0,35727725,0
2021-08-14,66089,0,35793814,0
2021-08-15,26336,0,35820150,0
2021-08-16,114684,0,35934834,0
2021-08-17,129242,0,36064076,0
2021-08-18,128744,0,36192820,0
2021-08-19,124800,0,36317620,0
2021-08-20,123796,0,36441416,0
2021-08-21,83123,0,36524539,0
2021-08-22,68168,0,36592707,0
2021-08-23,176870,0,36769577,0
2021-08-24,156902,0,36926479,0
2021-08-25,177170,0,37103649,0
2021-08-26,172347,0,37275996,0
2021-08-27,185840,0,37461836,0
2021-08-28,140271,0,37602107,0
2021-08-29,98996,0,37701103,0
2021-08-30,209628,0,37910731,0
2021-08-31,194638,0,38105369,0
2021-09-01,192215,0,38297584,0
2021-09-02,189941,0,38487525,0
2021-09-03,191333,0,38678858,0
2021-09-04,131475,0,38810333,0
2021-09-05,87864,0,38898197,0
2021-09-06,193645,0,39091842,0
2021-09-07,196051,0,39287893,0
2021-09-08,187900,0,39475793,0
2021-09-09,201462,0,39677255,0
2021-09-10,198100,0,39875355,0
2021-09-11,141319,0,40016674,0
2021-09-12,89601,0,40106275,0
2021-09-13,191157,565,40297432,565
2021-09-14,177250,584,40474682,1149
2021-09-15,163111,594,40637793,1743
2021-09-16,160088,934,40797881,2677
2021-09-17,150173,1119,40948054,3796
2021-09-18,127976,745,41076030,4541
2021-09-19,81132,497,41157162,5038
2021-09-20,180076,9080,41337238,14118
2021-09-21,166646,8832,41503884,22950
2021-09-22,159084,9441,41662968,32391
2021-09-23,138079,9328,41801047,41719
2021-09-24,140537,8963,41941584,50682
2021-09-25,119554,5642,42061138,56324
2021-09-26,71963,4342,42133101,60666
2021-09-27,135647,10049,42268748,70715
2021-09-28,117498,11391,42386246,82106
2021-09-29,112342,11827,42498588,93933
2021-09-30,110233,14956,42608821,108889
2021-10-01,94979,19110,42703800,127999
2021-10-02,78488,14019,42782288,142018
2021-10-03,47740,7659,42830028,149677
2021-10-04,88375,34448,42918403,184125
2021-10-05,80368,33972,42998771,218097
2021-10-06,71986,34164,43070757,252261
2021-10-07,71855,34349,43142612,286610
2021-10-08,80628,33590,43223240,320200
2021-10-09,76103,22171,43299343,342371
2021-10-10,45774,13618,43345117,355989
2021-10-11,87423,41108,43432540,397097
2021-10-12,84492,46904,43517032,444001
2021-10-13,88194,52118,43605226,496119
2021-10-14,91534,58514,43696760,554633
2021-10-15,93599,55632,43790359,610265
2021-10-16,82968,36783,43873327,647048
2021-10-17,51467,23827,43924794,670875
2021-10-18,90302,59483,44015096,730358
2021-10-19,78344,69377,44093440,799735
2021-10-20,75073,78167,44168513,877902
2021-10-21,78297,81754,44246810,959656
2021-10-22,73786,77024,44320596,1036680
2021-10-23,60818,51958,44381414,1088638
2021-10-24,33377,23457,44414791,1112095
2021-10-25,64908,81623,44479699,1193718
2021-10-26,58371,91786,44538070,1285504
2021-10-27,58327,103971,44596397,1389475
2021-10-28,61468,114102,44657865,1503577
2021-10-29,61651,103121,44719516,1606698
2021-10-30,50673,68116,44770189,1674814
2021-10-31,25162,28291,44795351,1703105
2021-11-01,19047,28148,44814398,1731253
2021-11-02,62757,89379,44877155,1820632
2021-11-03,60732,118656,44937887,1939288
2021-11-04,59241,126666,44997128,2065954
2021-11-05,63097,135172,45060225,2201126
2021-11-06,46475,90925,45106700,2292051
2021-11-07,22252,37895,45128952,2329946
2021-11-08,51528,131264,45180480,2461210
2021-11-09,45401,144201,45225881,2605411
2021-11-10,42584,156346,45268465,2761757
2021-11-11,44934,155132,45313399,2916889
2021-11-12,46369,158577,45359768,3075466
2021-11-13,33255,116651,45393023,3192117
2021-11-14,14483,52445,45407506,3244562
2021-11-15,36893,157425,45444399,3401987
2021-11-16,30551,171375,45474950,3573362
2021-11-17,28454,178437,45503404,3751799
2021-11-18,30283,193716,45533687,3945515
2021-11-19,28800,205852,45562487,4151367
2021-11-20,20996,156437,45583483,4307804
2021-11-21,10609,64858,45594092,4372662
2021-11-22,21936,213139,45616028,4585801
2021-11-23,23575,241744,45639603,4827545
2021-11-24,27842,270949,45667445,5098494
2021-11-25,23232,301907,45690677,5400401
2021-11-26,24586,318266,45715263,5718667
2021-11-27,21381,266149,45736644,5984816
2021-11-28,9898,137057,45746542,6121873
2021-11-29,22325,326063,45768867,6447936
2021-11-30,23089,365823,45791956,6813759
2021-12-01,21522,413501,45813478,7227260
2021-12-02,23765,440374,45837243,7667634
2021-12-03,25257,467458,45862500,8135092
2021-12-04,22366,418728,45884866,8553820
2021-12-05,11926,261329,45896792,8815149
2021-12-06,25821,457566,45922613,9272715
2021-12-07,24130,480251,45946743,9752966
2021-12-08,10005,249683,45956748,10002649
2021-12-09,31580,491907,45988328,10494556
2021-12-10,28066,517865,46016394,11012421
2021-12-11,23560,459242,46039954,11471663
2021-12-12,12306,293492,46052260,11765155
2021-12-13,26150,467618,46078410,12232773
2021-12-14,25172,494187,46103582,12726960
2021-12-15,25334,517129,46128916,13244089
2021-12-16,27881,520234,46156797,13764323
2021-12-17,29365,517158,46186162,14281481
2021-12-18,27052,468715,46213214,14750196
2021-12-19,15140,300515,46228354,15050711
2021-12-20,30617,477480,46258971,15528191
2021-12-21,30365,493376,46289336,16021567
2021-12-22,29438,484701,46318774,16506268
2021-12-23,28241,426890,46347015,16933158
2021-12-24,13112,210823,46360127,17143981
2021-12-25,2101,33053,46362228,17177034
2021-12-26,8759,159066,46370987,17336100
2021-12-27,46782,504654,46417769,17840754
2021-12-28,42439,554207,46460208,18394961
2021-12-29,34341,550634,46494549,18945595
2021-12-30,31824,499819,46526373,19445414
2021-12-31,14114,247389,46540487,19692803
2022-01-01,3494,64814,46543981,19757617
2022-01-02,22757,276718,46566738,20034335
2022-01-03,47841,520012,46614579,20554347
2022-01-04,46342,572078,46660921,21126425
2022-01-05,40725,560394,46701646,21686819
2022-01-06,23472,274483,46725118,21961302
2022-01-07,63681,554181,46788799,22515483
2022-01-08,60823,503375,46849622,23018858
2022-01-09,42825,319684,46892447,23338542
2022-01-10,61052,542280,46953499,23880822
2022-01-11,61694,586980,47015193,24467802
2022-01-12,58413,581273,47073606,25049075
2022-01-13,58588,580371,47132194,25629446
2022-01-14,46757,588557,47178951,26218003
2022-01-15,39373,569931,47218324,26787934
2022-01-16,31186,341847,47249510,27129781
2022-01-17,54756,489647,47304266,27619428
2022-01-18,58369,517008,47362635,28136436
2022-01-19,57170,502773,47419805,28639209
2022-01-20,54319,498811,47474124,29138020
2022-01-21,42063,493863,47516187,29631883
2022-01-22,31162,469588,47547349,30101471
2022-01-23,34915,275359,47582264,30376830
2022-01-24,56162,437207,47638426,30814037
2022-01-25,61534,452094,47699960,31266131
2022-01-26,58523,435820,47758483,31701951
2022-01-27,48816,432352,47807299,32134303
2022-01-28,58678,436530,47865977,32570833
2022-01-29,68109,412483,47934086,32983316
2022-01-30,50361,235962,47984447,33219278
2022-01-31,60610,356921,48045057,33576199
2022-02-01,65529,328435,48110586,33904634
2022-02-02,63174,296965,48173760,34201599
2022-02-03,60043,274513,48233803,34476112
2022-02-04,72362,268454,48306165,34744566
2022-02-05,83753,248534,48389918,34993100
2022-02-06,55273,116202,48445191,35109302
2022-02-07,65126,199933,48510317,35309235
2022-02-08,66917,186105,48577234,35495340
2022-02-09,58751,166333,48635985,35661673
2022-02-10,58552,163232,48694537,35824905
2022-02-11,62232,162454,48756769,35987359
2022-02-12,71965,152136,48828734,36139495
2022-02-13,41469,68846,48870203,36208341
2022-02-14,46680,116187,48916883,36324528
2022-02-15,48518,123478,48965401,36448006
2022-02-16,45667,106114,49011068,36554120
2022-02-17,42852,98102,49053920,36652222
2022-02-18,46608,112568,49100528,36764790
2022-02-19,52520,100325,49153048,36865115
2022-02-20,31410,40358,49184458,36905473
2022-02-21,37885,89641,49222343,36995114
2022-02-22,37215,83770,49259558,37078884
2022-02-23,33383,79403,49292941,37158287
2022-02-24,32551,78157,49325492,37236444
2022-02-25,34752,90708,49360244,37327152
2022-02-26,39153,89131,49399397,37416283
2022-02-27,22540,35855,49421937,37452138
2022-02-28,28472,81684,49450409,37533822
2022-03-01,22711,53938,49473120,37587760
2022-03-02,21990,50627,49495110,37638387
2022-03-03,22606,54940,49517716,37693327
2022-03-04,23218,62792,49540934,37756119
2022-03-05,23789,57951,49564723,37814070
2022-03-06,9470,17200,49574193,37831270
2022-03-07,15905,51385,49590098,37882655
2022-03-08,15467,48793,49605565,37931448
2022-03-09,13808,46513,49619373,37977961
2022-03-10,14041,52115,49633414,38030076
2022-03-11,15574,57253,49648988,38087329
2022-03-12,15494,56614,49664482,38143943
2022-03-13,5542,16849,49670024,38160792
2022-03-14,10519,46693,49680543,38207485
2022-03-15,10536,46889,49691079,38254374
2022-03-16,9474,41975,49700553,38296349
2022-03-17,9705,44871,49710258,38341220
2022-03-18,10153,49052,49720411,38390272
2022-03-19,9146,46530,49729557,38436802
2022-03-20,2608,11700,49732165,38448502
2022-03-21,7576,40222,49739741,38488724
2022-03-22,8444,37752,49748185,38526476
2022-03-23,7210,33699,49755395,38560175
2022-03-24,8252,38797,49763647,38598972
2022-03-25,8130,43660,49771777,38642632
2022-03-26,8122,41720,49779899,38684352
2022-03-27,2429,9681,49782328,38694033
2022-03-28,6102,35231,49788430,38729264
2022-03-29,5773,32525,49794203,38761789
2022-03-30,5559,30198,49799762,38791987
2022-03-31,5888,33175,49805650,38825162
2022-04-01,4343,25188,49809993,38850350
2022-04-02,4489,23274,49814482,38873624
2022-04-03,1049,4499,49815531,38878123
2022-04-04,3654,21532,49819185,38899655
2022-04-05,3750,22925,49822935,38922580
2022-04-06,4099,21846,49827034,38944426
2022-04-07,3962,23320,49830996,38967746
2022-04-08,4688,26710,49835684,38994456
2022-04-09,4378,23884,49840062,39018340
2022-04-10,891,4614,49840953,39022954
2022-04-11,3812,22684,49844765,39045638
2022-04-12,3358,21779,49848123,39067417
2022-04-13,3561,21332,49851684,39088749
2022-04-14,3483,23775,49855167,39112524
2022-04-15,3079,20617,49858246,39133141
2022-04-16,2148,11919,49860394,39145060
2022-04-17,63,348,49860457,39145408
2022-04-18,149,650,49860606,39146058
2022-04-19,3491,21977,49864097,39168035
2022-04-20,3502,20248,49867599,39188283
2022-04-21,2840,19780,49870439,39208063
2022-04-22,2923,20696,49873362,39228759
2022-04-23,2638,16212,49876000,39244971
2022-04-24,509,2335,49876509,39247306
2022-04-25,183,1165,49876692,39248471
2022-04-26,2760,17792,49879452,39266263
2022-04-27,2369,15785,49881821,39282048
2022-04-28,2355,15553,49884176,39297601
2022-04-29,2292,14835,49886468,39312436
2022-04-30,2121,11576,49888589,39324012
2022-05-01,113,530,49888702,39324542
2022-05-02,1447,9385,49890149,39333927
2022-05-03,1574,10310,49891723,39344237
2022-05-04,1746,10258,49893469,39354495
2022-05-05,1650,10274,49895119,39364769
2022-05-06,1698,10945,49896817,39375714
2022-05-07,1430,8562,49898247,39384276
2022-05-08,404,1514,49898651,39385790
2022-05-09,1024,8917,49899675,39394707
2022-05-10,1422,9540,49901097,39404247
2022-05-11,1481,10088,49902578,39414335
2022-05-12,1368,10118,49903946,39424453
2022-05-13,1588,10510,49905534,39434963
2022-05-14,1357,8227,49906891,39443190
2022-05-15,336,1129,49907227,39444319
2022-05-16,812,8389,49908039,39452708
2022-05-17,1242,8673,49909281,39461381
2022-05-18,1370,9216,49910651,39470597
2022-05-19,1500,9269,49912151,39479866
2022-05-20,1419,9495,49913570,39489361
2022-05-21,1299,7892,49914869,39497253
2022-05-22,231,1012,49915100,39498265
2022-05-23,827,8261,49915927,39506526
2022-05-24,1070,8666,49916997,39515192
2022-05-25,1366,9445,49918363,39524637
2022-05-26,1193,9455,49919556,39534092
2022-05-27,1226,9911,49920782,39544003
2022-05-28,1202,7873,49921984,39551876
2022-05-29,285,1264,49922269,39553140
2022-05-30,930,8027,49923199,39561167
2022-05-31,1033,8531,49924232,39569698
2022-06-01,891,7644,49925123,39577342
2022-06-02,35,474,49925158,39577816
2022-06-03,814,7328,49925972,39585144
2022-06-04,870,5155,49926842,39590299
2022-06-05,89,586,49926931,39590885
2022-06-06,672,6984,49927603,39597869
2022-06-07,931,7842,49928534,39605711
2022-06-08,982,7900,49929516,39613611
2022-06-09,1034,8400,49930550,39622011
2022-06-10,957,8550,49931507,39630561
2022-06-11,900,6206,49932407,39636767
2022-06-12,140,767,49932547,39637534
2022-06-13,603,6295,49933150,39643829
2022-06-14,826,7881,49933976,39651710
2022-06-15,953,7843,49934929,39659553
2022-06-16,729,7389,49935658,39666942
2022-06-17,720,7239,49936378,39674181
2022-06-18,777,5588,49937155,39679769
2022-06-19,47,522,49937202,39680291
2022-06-20,588,6694,49937790,39686985
2022-06-21,733,7646,49938523,39694631
2022-06-22,780,7305,49939303,39701936
2022-06-23,650,7459,49939953,39709395
2022-06-24,643,7473,49940596,39716868
2022-06-25,835,6532,49941431,39723400
2022-06-26,128,523,49941559,39723923
2022-06-27,532,7120,49942091,39731043
2022-06-28,745,8193,49942836,39739236
2022-06-29,754,7719,49943590,39746955
2022-06-30,744,8132,49944334,39755087
2022-07-01,576,6437,49944910,39761524
2022-07-02,536,4765,49945446,39766289
2022-07-03,49,456,49945495,39766745
2022-07-04,470,6273,49945965,39773018
2022-07-05,627,8112,49946592,39781130
2022-07-06,630,7606,49947222,39788736
2022-07-07,567,8259,49947789,39796995
2022-07-08,670,8078,49948459,39805073
2022-07-09,549,6103,49949008,39811176
2022-07-10,58,533,49949066,39811709
2022-07-11,487,7638,49949553,39819347
2022-07-12,664,9026,49950217,39828373
2022-07-13,639,10058,49950856,39838431
2022-07-14,636,10224,49951492,39848655
2022-07-15,623,10664,49952115,39859319
2022-07-16,522,7208,49952637,39866527
2022-07-17,48,769,49952685,39867296
2022-07-18,497,9349,49953182,39876645
2022-07-19,574,10649,49953756,39887294
2022-07-20,576,11257,49954332,39898551
2022-07-21,625,12035,49954957,39910586
2022-07-22,581,11225,49955538,39921811
2022-07-23,379,6740,49955917,39928551
2022-07-24,76,834,49955993,39929385
2022-07-25,501,9032,49956494,39938417
2022-07-26,519,9724,49957013,39948141
2022-07-27,546,10153,49957559,39958294
2022-07-28,527,10479,49958086,39968773
2022-07-29,510,9421,49958596,39978194
2022-07-30,380,5851,49958976,39984045
2022-07-31,49,745,49959025,39984790
2022-08-01,386,6823,49959411,39991613
2022-08-02,539,7515,49959950,39999128
2022-08-03,510,7141,49960460,40006269
2022-08-04,451,7424,49960911,40013693
2022-08-05,415,6483,49961326,40020176
2022-08-06,297,3580,49961623,40023756
2022-08-07,44,551,49961667,40024307
2022-08-08,397,4873,49962064,40029180
2022-08-09,382,5267,49962446,40034447
2022-08-10,374,4783,49962820,40039230
2022-08-11,364,4756,49963184,40043986
2022-08-12,287,3700,49963471,40047686
2022-08-13,143,1595,49963614,40049281
2022-08-14,9,128,49963623,40049409
2022-08-15,1,26,49963624,40049435
2022-08-16,281,3023,49963905,40052458
2022-08-17,351,3513,49964256,40055971
2022-08-18,385,4142,49964641,40060113
2022-08-19,339,3306,49964980,40063419
2022-08-20,182,1711,49965162,40065130
2022-08-21,24,146,49965186,40065276
2022-08-22,326,2929,49965512,40068205
2022-08-23,371,3645,49965883,40071850
2022-08-24,381,3332,49966264,40075182
2022-08-25,419,3724,49966683,40078906
2022-08-26,393,3543,49967076,40082449
2022-08-27,234,1767,49967310,40084216
2022-08-28,29,260,49967339,40084476
2022-08-29,353,3135,49967692,40087611
2022-08-30,399,3635,49968091,40091246
2022-08-31,431,3699,49968522,40094945
2022-09-01,351,3060,49968873,40098005
2022-09-02,289,2865,49969162,40100870
2022-09-03,198,1686,49969360,40102556
2022-09-04,22,147,49969382,40102703
2022-09-05,185,2619,49969567,40105322
2022-09-06,299,2951,49969866,40108273
2022-09-07,535,2891,49970401,40111164
2022-09-08,283,2927,49970684,40114091
2022-09-09,297,2834,49970981,40116925
2022-09-10,226,1323,49971207,40118248
2022-09-11,21,122,49971228,40118370
2022-09-12,264,2183,49971492,40120553
2022-09-13,242,2227,49971734,40122780
2022-09-14,251,2499,49971985,40125279
2022-09-15,272,2403,49972257,40127682
2022-09-16,243,2458,49972500,40130140
2022-09-17,237,1296,49972737,40131436
2022-09-18,19,170,49972756,40131606
2022-09-19,204,1948,49972960,40133554
2022-09-20,233,2004,49973193,40135558