data_somministrazione,vaccinazioni,booster,cum_vaccinazioni,cum_booster
2020-12-27,16,0,16,0
2020-12-28,2,0,18,0
2020-12-29,1,0,19,0
2020-12-30,3,0,22,0
2020-12-31,34,0,56,0
2021-01-01,12,0,68,0
2021-01-02,53,0,121,0
2021-01-03,46,0,167,0
2021-01-04,122,0,289,0
2021-01-05,159,0,448,0
2021-01-06,134,0,582,0
2021-01-07,196,0,778,0
2021-01-08,245,0,1023,0
2021-01-09,172,0,1195,0
2021-01-10,109,0,1304,0
2021-01-11,199,0,1503,0
2021-01-12,206,0,1709,0
2021-01-13,310,0,2019,0
2021-01-14,410,0,2429,0
2021-01-15,248,0,2677,0
2021-01-16,165,0,2842,0
2021-01-17,3048,0,5890,0
2021-01-18,5184,0,11074,0
2021-01-19,1871,0,12945,0
2021-01-20,4660,0,17605,0
2021-01-21,20017,0,37622,0
2021-01-22,14196,0,51818,0
2021-01-23,33369,0,85187,0
2021-01-24,30794,0,115981,0
2021-01-25,64785,0,180766,0
2021-01-26,76708,0,257474,0
2021-01-27,64883,0,322357,0
2021-01-28,89397,0,411754,0
2021-01-29,94180,0,505934,0
2021-01-30,86801,0,592735,0
2021-01-31,57388,0,650123,0
2021-02-01,81942,0,732065,0
2021-02-02,82219,0,814284,0
2021-02-03,91387,0,905671,0
2021-02-04,95446,0,1001117,0
2021-02-05,90349,0,1091466,0
2021-02-06,63816,0,1155282,0
2021-02-07,32950,0,1188232,0
2021-02-08,40489,0,1228721,0
2021-02-09,32837,0,1261558,0
2021-02-10,28383,0,1289941,0
2021-02-11,20351,0,1310292,0
2021-02-12,16178,0,1326470,0
2021-02-13,7217,0,1333687,0
2021-02-14,2855,0,1336542,0
2021-02-15,6869,0,1343411,0
2021-02-16,6975,0,1350386,0
2021-02-17,10511,0,1360897,0
2021-02-18,9329,0,1370226,0
2021-02-19,8241,0,1378467,0
2021-02-20,5559,0,1384026,0
2021-02-21,2978,0,1387004,0
2021-02-22,6858,0,1393862,0
2021-02-23,7134,0,1400996,0
2021-02-24,9790,0,1410786,0
2021-02-25,14165,0,1424951,0
2021-02-26,17516,0,1442467,0
2021-02-27,13852,0,1456319,0
2021-02-28,9372,0,1465691,0
2021-03-01,26435,0,1492126,0
2021-03-02,33171,0,1525297,0
2021-03-03,44669,0,1569966,0
2021-03-04,50237,0,1620203,0
2021-03-05,55711,0,1675914,0
2021-03-06,41856,0,1717770,0
2021-03-07,22283,0,1740053,0
2021-03-08,50689,0,1790742,0
2021-03-09,53030,0,1843772,0
2021-03-10,58559,0,1902331,0
2021-03-11,63819,0,1966150,0
2021-03-12,65063,0,2031213,0
2021-03-13,51723,0,2082936,0
2021-03-14,35340,0,2118276,0
2021-03-15,73563,0,2191839,0
2021-03-16,74075,0,2265914,0
2021-03-17,83074,0,2348988,0
2021-03-18,81623,0,2430611,0
2021-03-19,81075,0,2511686,0
2021-03-20,64744,0,2576430,0
2021-03-21,47270,0,2623700,0
2021-03-22,69449,0,2693149,0
2021-03-23,75802,0,2768951,0
2021-03-24,90844,0,2859795,0
2021-03-25,89747,0,2949542,0
2021-03-26,83540,0,3033082,0
2021-03-27,71905,0,3104987,0
2021-03-28,44029,0,3149016,0
2021-03-29,70803,0,3219819,0
2021-03-30,81282,0,3301101,0
2021-03-31,96133,0,3397234,0
2021-04-01,95230,0,3492464,0
2021-04-02,84088,0,3576552,0
2021-04-03,64288,0,3640840,0
2021-04-04,21686,0,3662526,0
2021-04-05,40260,0,3702786,0
2021-04-06,81320,0,3784106,0
2021-04-07,95823,0,3879929,0
2021-04-08,95347,0,3975276,0
2021-04-09,88443,0,4063719,0
2021-04-10,74035,0,4137754,0
2021-04-11,44768,0,4182522,0
2021-04-12,67002,0,4249524,0
2021-04-13,72686,0,4322210,0
2021-04-14,85499,0,4407709,0
2021-04-15,105365,0,4513074,0
2021-04-16,106431,0,4619505,0
2021-04-17,90630,0,4710135,0
2021-04-18,58765,0,4768900,0
2021-04-19,93525,0,4862425,0
2021-04-20,103886,0,4966311,0
2021-04-21,125491,0,5091802,0
2021-04-22,143638,0,5235440,0
2021-04-23,138815,0,5374255,0
2021-04-24,124482,0,5498737,0
2021-04-25,61397,0,5560134,0
2021-04-26,97943,0,5658077,0
2021-04-27,128567,0,5786644,0
2021-04-28,156484,0,5943128,0
2021-04-29,195619,0,6138747,0
2021-04-30,214775,0,6353522,0
2021-05-01,174285,0,6527807,0
2021-05-02,136483,0,6664290,0
2021-05-03,142240,0,6806530,0
2021-05-04,158913,0,6965443,0
2021-05-05,171320,0,7136763,0
2021-05-06,198772,0,7335535,0
2021-05-07,214684,0,7550219,0
2021-05-08,213867,0,7764086,0
2021-05-09,143411,0,7907497,0
2021-05-10,165384,0,8072881,0
2021-05-11,175233,0,8248114,0
2021-05-12,179369,0,8427483,0
2021-05-13,203565,0,8631048,0
2021-05-14,223432,0,8854480,0
2021-05-15,211929,0,9066409,0
2021-05-16,160724,0,9227133,0
2021-05-17,219425,0,9446558,0
2021-05-18,213409,0,9659967,0
2021-05-19,207425,0,9867392,0
2021-05-20,271239,0,10138631,0
2021-05-21,271262,0,10409893,0
2021-05-22,246467,0,10656360,0
2021-05-23,198406,0,10854766,0
2021-05-24,228707,0,11083473,0
2021-05-25,247130,0,11330603,0
2021-05-26,278948,0,11609551,0
2021-05-27,312598,0,11922149,0
2021-05-28,300072,0,12222221,0
2021-05-29,231702,0,12453923,0
2021-05-30,172005,0,12625928,0
2021-05-31,217927,0,12843855,0
2021-06-01,208331,0,13052186,0
2021-06-02,116254,0,13168440,0
2021-06-03,180510,0,13348950,0
2021-06-04,186085,0,13535035,0
2021-06-05,186592,0,13721627,0
2021-06-06,140120,0,13861747,0
2021-06-07,162245,0,14023992,0
2021-06-08,171241,0,14195233,0
2021-06-09,171634,0,14366867,0
2021-06-10,174056,0,14540923,0
2021-06-11,169989,0,14710912,0
2021-06-12,128275,0,14839187,0
2021-06-13,91491,0,14930678,0
2021-06-14,215245,0,15145923,0
2021-06-15,228929,0,15374852,0
2021-06-16,254255,0,15629107,0
2021-06-17,302847,0,15931954,0
2021-06-18,307139,0,16239093,0
2021-06-19,276223,0,16515316,0
2021-06-20,221557,0,16736873,0
2021-06-21,289151,0,17026024,0
2021-06-22,297606,0,17323630,0
2021-06-23,304338,0,17627968,0
2021-06-24,333951,0,17961919,0
2021-06-25,350003,0,18311922,0
2021-06-26,301418,0,18613340,0
2021-06-27,229714,0,18843054,0
2021-06-28,308384,0,19151438,0
2021-06-29,330984,0,19482422,0
2021-06-30,344159,0,19826581,0
2021-07-01,364843,0,20191424,0
2021-07-02,370277,0,20561701,0
2021-07-03,373376,0,20935077,0
2021-07-04,284532,0,21219609,0
2021-07-05,386277,0,21605886,0
2021-07-06,387409,0,21993295,0
2021-07-07,414232,0,22407527,0
2021-07-08,482541,0,22890068,0
2021-07-09,500743,0,23390811,0
2021-07-10,477334,0,23868145,0
2021-07-11,359012,0,24227157,0
2021-07-12,487791,0,24714948,0
2021-07-13,494542,0,25209490,0
2021-07-14,482758,0,25692248,0
2021-07-15,525901,0,26218149,0
2021-07-16,511679,0,26729828,0
2021-07-17,466376,0,27196204,0
2021-07-18,366080,0,27562284,0
2021-07-19,465157,0,28027441,0
2021-07-20,459858,0,28487299,0
2021-07-21,464660,0,28951959,0
2021-07-22,476599,0,29428558,0
2021-07-23,442872,0,29871430,0
2021-07-24,386900,0,30258330,0
2021-07-25,288010,0,30546340,0
2021-07-26,432365,0,30978705,0
2021-07-27,441797,0,31420502,0
2021-07-28,392556,0,31813058,0
2021-07-29,373612,0,32186670,0
2021-07-30,342934,0,32529604,0
2021-07-31,288369,0,32817973,0
2021-08-01,191380,0,33009353,0
2021-08-02,335341,0,33344694,0
2021-08-03,324449,0,33669143,0
2021-08-04,312253,0,33981396,0
2021-08-05,293656,0,34275052,0
2021-08-06,260993,0,34536045,0
2021-08-07,199352,0,34735397,0
2021-08-08,153572,0,34888969,0
2021-08-09,235273,0,35124242,0
2021-08-10,205527,0,35329769,0
2021-08-11,194247,0,35524016,0
2021-08-12,168476,0,35692492,0
2021-08-13,148637,0,35841129,0
2021-08-14,65975,0,35907104,0
2021-08-15,26291,0,35933395,0
2021-08-16,114899,0,36048294,0
2021-08-17,129241,0,36177535,0
2021-08-18,128915,0,36306450,0
2021-08-19,125229,0,36431679,0
2021-08-20,124286,0,36555965,0
2021-08-21,83461,0,36639426,0
2021-08-22,68332,0,36707758,0
2021-08-23,177049,0,36884807,0
2021-08-24,157827,0,37042634,0
2021-08-25,177768,0,37220402,0
2021-08-26,173219,0,37393621,0
2021-08-27,186375,0,37579996,0
2021-08-28,140220,0,37720216,0
2021-08-29,99122,0,37819338,0
2021-08-30,210118,0,38029456,0
2021-08-31,195274,0,38224730,0
2021-09-01,192756,0,38417486,0
2021-09-02,190247,0,38607733,0
2021-09-03,191341,0,38799074,0
2021-09-04,131496,0,38930570,0
2021-09-05,87963,0,39018533,0
2021-09-06,193797,0,39212330,0
2021-09-07,195909,0,39408239,0
2021-09-08,187854,0,39596093,0
2021-09-09,201494,0,39797587,0
2021-09-10,198172,0,39995759,0
2021-09-11,141196,0,40136955,0
2021-09-12,89543,0,40226498,0
2021-09-13,191182,347,40417680,347
2021-09-14,177465,426,40595145,773
2021-09-15,163148,457,40758293,1230
2021-09-16,160108,787,40918401,2017
2021-09-17,150177,1005,41068578,3022
2021-09-18,127897,658,41196475,3680
2021-09-19,81075,441,41277550,4121
2021-09-20,179911,8957,41457461,13078
2021-09-21,166365,8727,41623826,21805
2021-09-22,158898,9369,41782724,31174
2021-09-23,137760,9242,41920484,40416
2021-09-24,140237,8856,42060721,49272
2021-09-25,119351,5561,42180072,54833
2021-09-26,71792,4293,42251864,59126
2021-09-27,135434,9979,42387298,69105
2021-09-28,117219,11303,42504517,80408
2021-09-29,112058,11763,42616575,92171
2021-09-30,109983,14848,42726558,107019
2021-10-01,94674,19027,42821232,126046
2021-10-02,78213,13986,42899445,140032
2021-10-03,47549,7627,42946994,147659
2021-10-04,88077,34361,43035071,182020
2021-10-05,80112,33927,43115183,215947
2021-10-06,71766,34077,43186949,250024
2021-10-07,71509,34288,43258458,284312
2021-10-08,80363,33503,43338821,317815
2021-10-09,75817,22107,43414638,339922
2021-10-10,45640,13590,43460278,353512
2021-10-11,87117,40996,43547395,394508
2021-10-12,84213,46791,43631608,441299
2021-10-13,87935,51999,43719543,493298
2021-10-14,91119,58398,43810662,551696
2021-10-15,93240,55483,43903902,607179
2021-10-16,82662,36707,43986564,643886
2021-10-17,51255,23782,44037819,667668
2021-10-18,90066,59336,44127885,727004
2021-10-19,78165,69290,44206050,796294
2021-10-20,74940,78033,44280990,874327
2021-10-21,78109,81593,44359099,955920
2021-10-22,73758,76895,44432857,1032815
2021-10-23,60735,51889,44493592,1084704
2021-10-24,33314,23400,44526906,1108104
2021-10-25,64822,81529,44591728,1189633
2021-10-26,58266,91629,44649994,1281262
2021-10-27,58137,103830,44708131,1385092
2021-10-28,61291,113874,44769422,1498966
2021-10-29,61625,103008,44831047,1601974
2021-10-30,50574,68117,44881621,1670091
2021-10-31,25111,28238,44906732,1698329
2021-11-01,19008,28118,44925740,1726447
2021-11-02,62687,89283,44988427,1815730
2021-11-03,60628,118604,45049055,1934334
2021-11-04,59112,126494,45108167,2060828
2021-11-05,62982,134981,45171149,2195809
2021-11-06,46346,90895,45217495,2286704
2021-11-07,22202,37835,45239697,2324539
2021-11-08,51361,131123,45291058,2455662
2021-11-09,45321,143994,45336379,2599656
2021-11-10,42510,156155,45378889,2755811
2021-11-11,44803,155011,45423692,2910822
2021-11-12,46223,158485,45469915,3069307
2021-11-13,33139,116557,45503054,3185864
2021-11-14,14440,52389,45517494,3238253
2021-11-15,36755,157204,45554249,3395457
2021-11-16,30424,171283,45584673,3566740
2021-11-17,28293,178382,45612966,3745122
2021-11-18,30123,193929,45643089,3939051
2021-11-19,28643,205817,45671732,4144868
2021-11-20,20865,156230,45692597,4301098
2021-11-21,10533,64745,45703130,4365843
2021-11-22,21771,213177,45724901,4579020
2021-11-23,23413,241815,45748314,4820835
2021-11-24,27636,270990,45775950,5091825
2021-11-25,23004,301808,45798954,5393633
2021-11-26,24354,318110,45823308,5711743
2021-11-27,21199,265864,45844507,5977607
2021-11-28,9794,136845,45854301,6114452
2021-11-29,22031,325753,45876332,6440205
2021-11-30,22799,365561,45899131,6805766
2021-12-01,21197,412993,45920328,7218759
2021-12-02,23419,440188,45943747,7658947
2021-12-03,24854,467056,45968601,8126003
2021-12-04,22023,418584,45990624,8544587
2021-12-05,11682,261240,46002306,8805827
2021-12-06,25274,457669,46027580,9263496
2021-12-07,23645,480298,46051225,9743794
2021-12-08,9743,249886,46060968,9993680
2021-12-09,30950,492065,46091918,10485745
2021-12-10,27514,517716,46119432,11003461
2021-12-11,23045,459463,46142477,11462924
2021-12-12,11961,293617,46154438,11756541
2021-12-13,25553,467621,46179991,12224162
2021-12-14,24535,494225,46204526,12718387
2021-12-15,24694,517109,46229220,13235496
2021-12-16,27041,520178,46256261,13755674
2021-12-17,28592,516814,46284853,14272488
2021-12-18,26246,468938,46311099,14741426
2021-12-19,14623,300734,46325722,15042160
2021-12-20,29815,477551,46355537,15519711
2021-12-21,29576,493310,46385113,16013021
2021-12-22,28469,484700,46413582,16497721
2021-12-23,27291,427090,46440873,16924811
2021-12-24,12751,210909,46453624,17135720
2021-12-25,2072,33018,46455696,17168738
2021-12-26,8402,158988,46464098,17327726
2021-12-27,45257,505185,46509355,17832911
2021-12-28,40390,554714,46549745,18387625
2021-12-29,32034,551104,46581779,18938729
2021-12-30,29504,500326,46611283,19439055
2021-12-31,12928,247966,46624211,19687021
2022-01-01,3247,64762,46627458,19751783
2022-01-02,20522,277434,46647980,20029217
2022-01-03,44009,521480,46691989,20550697
2022-01-04,41960,573528,46733949,21124225
2022-01-05,36056,561726,46770005,21685951
2022-01-06,20840,274636,46790845,21960587
2022-01-07,58753,555371,46849598,22515958
2022-01-08,55505,503839,46905103,23019797
2022-01-09,38726,319470,46943829,23339267
2022-01-10,57122,542447,47000951,23881714
2022-01-11,57244,587103,47058195,24468817
2022-01-12,54091,581349,47112286,25050166
2022-01-13,54598,580434,47166884,25630600
2022-01-14,42738,588309,47209622,26218909
2022-01-15,34334,568037,47243956,26786946
2022-01-16,27863,340935,47271819,27127881
2022-01-17,52097,489875,47323916,27617756
2022-01-18,55811,517038,47379727,28134794
2022-01-19,54762,502846,47434489,28637640
2022-01-20,52038,498701,47486527,29136341
2022-01-21,39697,493598,47526224,29629939
2022-01-22,28230,468900,47554454,30098839
2022-01-23,33286,274897,47587740,30373736
2022-01-24,54569,437324,47642309,30811060
2022-01-25,60077,451950,47702386,31263010
2022-01-26,56912,435744,47759298,31698754
2022-01-27,47219,431905,47806517,32130659
2022-01-28,56943,436147,47863460,32566806
2022-01-29,66082,411332,47929542,32978138
2022-01-30,49012,235142,47978554,33213280
2022-01-31,58876,356508,48037430,33569788
2022-02-01,64053,327661,48101483,33897449
2022-02-02,61650,295348,48163133,34192797
2022-02-03,58333,270719,48221466,34463516
2022-02-04,32870,131373,48254336,34594889