data_somministrazione,vaccinazioni,booster,cum_vaccinazioni,cum_booster
2020-12-27,20,0,20,0
2020-12-28,2,0,22,0
2020-12-29,1,0,23,0
2020-12-30,9,0,32,0
2020-12-31,79,0,111,0
2021-01-01,26,0,137,0
2021-01-02,145,0,282,0
2021-01-03,110,0,392,0
2021-01-04,241,0,633,0
2021-01-05,283,0,916,0
2021-01-06,254,0,1170,0
2021-01-07,326,0,1496,0
2021-01-08,382,0,1878,0
2021-01-09,284,0,2162,0
2021-01-10,166,0,2328,0
2021-01-11,311,0,2639,0
2021-01-12,285,0,2924,0
2021-01-13,419,0,3343,0
2021-01-14,505,0,3848,0
2021-01-15,321,0,4169,0
2021-01-16,224,0,4393,0
2021-01-17,3065,0,7458,0
2021-01-18,5220,0,12678,0
2021-01-19,1896,0,14574,0
2021-01-20,4659,0,19233,0
2021-01-21,20004,0,39237,0
2021-01-22,14220,0,53457,0
2021-01-23,33321,0,86778,0
2021-01-24,30773,0,117551,0
2021-01-25,64702,0,182253,0
2021-01-26,76462,0,258715,0
2021-01-27,64808,0,323523,0
2021-01-28,89252,0,412775,0
2021-01-29,93993,0,506768,0
2021-01-30,86544,0,593312,0
2021-01-31,57326,0,650638,0
2021-02-01,81834,0,732472,0
2021-02-02,82133,0,814605,0
2021-02-03,91106,0,905711,0
2021-02-04,95383,0,1001094,0
2021-02-05,90267,0,1091361,0
2021-02-06,63450,0,1154811,0
2021-02-07,32934,0,1187745,0
2021-02-08,40422,0,1228167,0
2021-02-09,32881,0,1261048,0
2021-02-10,28437,0,1289485,0
2021-02-11,20406,0,1309891,0
2021-02-12,16251,0,1326142,0
2021-02-13,7279,0,1333421,0
2021-02-14,2862,0,1336283,0
2021-02-15,6847,0,1343130,0
2021-02-16,7004,0,1350134,0
2021-02-17,10527,0,1360661,0
2021-02-18,9257,0,1369918,0
2021-02-19,8259,0,1378177,0
2021-02-20,5581,0,1383758,0
2021-02-21,3015,0,1386773,0
2021-02-22,6883,0,1393656,0
2021-02-23,7188,0,1400844,0
2021-02-24,9815,0,1410659,0
2021-02-25,14213,0,1424872,0
2021-02-26,17561,0,1442433,0
2021-02-27,13920,0,1456353,0
2021-02-28,9398,0,1465751,0
2021-03-01,26528,0,1492279,0
2021-03-02,33247,0,1525526,0
2021-03-03,44651,0,1570177,0
2021-03-04,50301,0,1620478,0
2021-03-05,55745,0,1676223,0
2021-03-06,41885,0,1718108,0
2021-03-07,22332,0,1740440,0
2021-03-08,50842,0,1791282,0
2021-03-09,53097,0,1844379,0
2021-03-10,58696,0,1903075,0
2021-03-11,63891,0,1966966,0
2021-03-12,65137,0,2032103,0
2021-03-13,51731,0,2083834,0
2021-03-14,35423,0,2119257,0
2021-03-15,73463,0,2192720,0
2021-03-16,74032,0,2266752,0
2021-03-17,83143,0,2349895,0
2021-03-18,81632,0,2431527,0
2021-03-19,81090,0,2512617,0
2021-03-20,64740,0,2577357,0
2021-03-21,47309,0,2624666,0
2021-03-22,69504,0,2694170,0
2021-03-23,75819,0,2769989,0
2021-03-24,90932,0,2860921,0
2021-03-25,89828,0,2950749,0
2021-03-26,83641,0,3034390,0
2021-03-27,71961,0,3106351,0
2021-03-28,44187,0,3150538,0
2021-03-29,70848,0,3221386,0
2021-03-30,81416,0,3302802,0
2021-03-31,96264,0,3399066,0
2021-04-01,95338,0,3494404,0
2021-04-02,84091,0,3578495,0
2021-04-03,64311,0,3642806,0
2021-04-04,21725,0,3664531,0
2021-04-05,40320,0,3704851,0
2021-04-06,81342,0,3786193,0
2021-04-07,95844,0,3882037,0
2021-04-08,95262,0,3977299,0
2021-04-09,88507,0,4065806,0
2021-04-10,74035,0,4139841,0
2021-04-11,44774,0,4184615,0
2021-04-12,66928,0,4251543,0
2021-04-13,72600,0,4324143,0
2021-04-14,85560,0,4409703,0
2021-04-15,105429,0,4515132,0
2021-04-16,106434,0,4621566,0
2021-04-17,90529,0,4712095,0
2021-04-18,58598,0,4770693,0
2021-04-19,93442,0,4864135,0
2021-04-20,103781,0,4967916,0
2021-04-21,125345,0,5093261,0
2021-04-22,143536,0,5236797,0
2021-04-23,138759,0,5375556,0
2021-04-24,124454,0,5500010,0
2021-04-25,61472,0,5561482,0
2021-04-26,97916,0,5659398,0
2021-04-27,128378,0,5787776,0
2021-04-28,156402,0,5944178,0
2021-04-29,195622,0,6139800,0
2021-04-30,214617,0,6354417,0
2021-05-01,174150,0,6528567,0
2021-05-02,135814,0,6664381,0
2021-05-03,142074,0,6806455,0
2021-05-04,158715,0,6965170,0
2021-05-05,170552,0,7135722,0
2021-05-06,197834,0,7333556,0
2021-05-07,213879,0,7547435,0
2021-05-08,213447,0,7760882,0
2021-05-09,143221,0,7904103,0
2021-05-10,165108,0,8069211,0
2021-05-11,175014,0,8244225,0
2021-05-12,179232,0,8423457,0
2021-05-13,203426,0,8626883,0
2021-05-14,222951,0,8849834,0
2021-05-15,210399,0,9060233,0
2021-05-16,159290,0,9219523,0
2021-05-17,219224,0,9438747,0
2021-05-18,213036,0,9651783,0
2021-05-19,207107,0,9858890,0
2021-05-20,270899,0,10129789,0
2021-05-21,270918,0,10400707,0
2021-05-22,245549,0,10646256,0
2021-05-23,197194,0,10843450,0
2021-05-24,228314,0,11071764,0
2021-05-25,245704,0,11317468,0
2021-05-26,277575,0,11595043,0
2021-05-27,311108,0,11906151,0
2021-05-28,299593,0,12205744,0
2021-05-29,231257,0,12437001,0
2021-05-30,170857,0,12607858,0
2021-05-31,216442,0,12824300,0
2021-06-01,207641,0,13031941,0
2021-06-02,115808,0,13147749,0
2021-06-03,180180,0,13327929,0
2021-06-04,184929,0,13512858,0
2021-06-05,186009,0,13698867,0
2021-06-06,139597,0,13838464,0
2021-06-07,161912,0,14000376,0
2021-06-08,171296,0,14171672,0
2021-06-09,171532,0,14343204,0
2021-06-10,174171,0,14517375,0
2021-06-11,170045,0,14687420,0
2021-06-12,128407,0,14815827,0
2021-06-13,91237,0,14907064,0
2021-06-14,214712,0,15121776,0
2021-06-15,228470,0,15350246,0
2021-06-16,253120,0,15603366,0
2021-06-17,301791,0,15905157,0
2021-06-18,306337,0,16211494,0
2021-06-19,275122,0,16486616,0
2021-06-20,220829,0,16707445,0
2021-06-21,288111,0,16995556,0
2021-06-22,296259,0,17291815,0
2021-06-23,302712,0,17594527,0
2021-06-24,332626,0,17927153,0
2021-06-25,348745,0,18275898,0
2021-06-26,300153,0,18576051,0
2021-06-27,228705,0,18804756,0
2021-06-28,307161,0,19111917,0
2021-06-29,329344,0,19441261,0
2021-06-30,342234,0,19783495,0
2021-07-01,363252,0,20146747,0
2021-07-02,368513,0,20515260,0
2021-07-03,371108,0,20886368,0
2021-07-04,283243,0,21169611,0
2021-07-05,384568,0,21554179,0
2021-07-06,385496,0,21939675,0
2021-07-07,412141,0,22351816,0
2021-07-08,479594,0,22831410,0
2021-07-09,498467,0,23329877,0
2021-07-10,475177,0,23805054,0
2021-07-11,357694,0,24162748,0
2021-07-12,485876,0,24648624,0
2021-07-13,492074,0,25140698,0
2021-07-14,480433,0,25621131,0
2021-07-15,523415,0,26144546,0
2021-07-16,509752,0,26654298,0
2021-07-17,464325,0,27118623,0
2021-07-18,364632,0,27483255,0
2021-07-19,463033,0,27946288,0
2021-07-20,458044,0,28404332,0
2021-07-21,462788,0,28867120,0
2021-07-22,475373,0,29342493,0
2021-07-23,441329,0,29783822,0
2021-07-24,386151,0,30169973,0
2021-07-25,287550,0,30457523,0
2021-07-26,430888,0,30888411,0
2021-07-27,440111,0,31328522,0
2021-07-28,391016,0,31719538,0
2021-07-29,372078,0,32091616,0
2021-07-30,341521,0,32433137,0
2021-07-31,287051,0,32720188,0
2021-08-01,190996,0,32911184,0
2021-08-02,333705,0,33244889,0
2021-08-03,323194,0,33568083,0
2021-08-04,310998,0,33879081,0
2021-08-05,292480,0,34171561,0
2021-08-06,260042,0,34431603,0
2021-08-07,199066,0,34630669,0
2021-08-08,153107,0,34783776,0
2021-08-09,234086,0,35017862,0
2021-08-10,205291,0,35223153,0
2021-08-11,193795,0,35416948,0
2021-08-12,168070,0,35585018,0
2021-08-13,148675,0,35733693,0
2021-08-14,66105,0,35799798,0
2021-08-15,26344,0,35826142,0
2021-08-16,114717,0,35940859,0
2021-08-17,129255,0,36070114,0
2021-08-18,128766,0,36198880,0
2021-08-19,124860,0,36323740,0
2021-08-20,123799,0,36447539,0
2021-08-21,83134,0,36530673,0
2021-08-22,68180,0,36598853,0
2021-08-23,176875,0,36775728,0
2021-08-24,156892,0,36932620,0
2021-08-25,177168,0,37109788,0
2021-08-26,172352,0,37282140,0
2021-08-27,185832,0,37467972,0
2021-08-28,140292,0,37608264,0
2021-08-29,98995,0,37707259,0
2021-08-30,209585,0,37916844,0
2021-08-31,194640,0,38111484,0
2021-09-01,192218,0,38303702,0
2021-09-02,189925,0,38493627,0
2021-09-03,191283,0,38684910,0
2021-09-04,131443,0,38816353,0
2021-09-05,87842,0,38904195,0
2021-09-06,193602,0,39097797,0
2021-09-07,196037,0,39293834,0
2021-09-08,187860,0,39481694,0
2021-09-09,201417,0,39683111,0
2021-09-10,198055,0,39881166,0
2021-09-11,141287,0,40022453,0
2021-09-12,89592,0,40112045,0
2021-09-13,191105,651,40303150,651
2021-09-14,177212,652,40480362,1303
2021-09-15,163078,654,40643440,1957
2021-09-16,160043,1005,40803483,2962
2021-09-17,150151,1172,40953634,4134
2021-09-18,127980,782,41081614,4916
2021-09-19,81144,509,41162758,5425
2021-09-20,180063,9133,41342821,14558
2021-09-21,166672,8862,41509493,23420
2021-09-22,159114,9465,41668607,32885
2021-09-23,138108,9357,41806715,42242
2021-09-24,140549,9019,41947264,51261
2021-09-25,119561,5674,42066825,56935
2021-09-26,71992,4367,42138817,61302
2021-09-27,135672,10084,42274489,71386
2021-09-28,117521,11429,42392010,82815
2021-09-29,112380,11850,42504390,94665
2021-09-30,110291,14982,42614681,109647
2021-10-01,95002,19144,42709683,128791
2021-10-02,78523,14045,42788206,142836
2021-10-03,47759,7671,42835965,150507
2021-10-04,88391,34487,42924356,184994
2021-10-05,80380,34022,43004736,219016
2021-10-06,72010,34214,43076746,253230
2021-10-07,71881,34379,43148627,287609
2021-10-08,80645,33623,43229272,321232
2021-10-09,76117,22198,43305389,343430
2021-10-10,45791,13632,43351180,357062
2021-10-11,87447,41134,43438627,398196
2021-10-12,84517,46936,43523144,445132
2021-10-13,88221,52168,43611365,497300
2021-10-14,91556,58561,43702921,555861
2021-10-15,93598,55682,43796519,611543
2021-10-16,82977,36828,43879496,648371
2021-10-17,51462,23861,43930958,672232
2021-10-18,90302,59522,44021260,731754
2021-10-19,78357,69418,44099617,801172
2021-10-20,75062,78212,44174679,879384
2021-10-21,78286,81820,44252965,961204
2021-10-22,73768,77085,44326733,1038289
2021-10-23,60839,51974,44387572,1090263
2021-10-24,33370,23480,44420942,1113743
2021-10-25,64896,81670,44485838,1195413
2021-10-26,58376,91838,44544214,1287251
2021-10-27,58319,104040,44602533,1391291
2021-10-28,61444,114162,44663977,1505453
2021-10-29,61631,103191,44725608,1608644
2021-10-30,50676,68154,44776284,1676798
2021-10-31,25161,28312,44801445,1705110
2021-11-01,19050,28159,44820495,1733269
2021-11-02,62738,89443,44883233,1822712
2021-11-03,60718,118703,44943951,1941415
2021-11-04,59238,126706,45003189,2068121
2021-11-05,63093,135229,45066282,2203350
2021-11-06,46495,90942,45112777,2294292
2021-11-07,22248,37907,45135025,2332199
2021-11-08,51526,131296,45186551,2463495
2021-11-09,45401,144238,45231952,2607733
2021-11-10,42593,156376,45274545,2764109
2021-11-11,44927,155176,45319472,2919285
2021-11-12,46295,158709,45365767,3077994
2021-11-13,33272,116683,45399039,3194677
2021-11-14,14491,52461,45413530,3247138
2021-11-15,36911,157445,45450441,3404583
2021-11-16,30569,171413,45481010,3575996
2021-11-17,28469,178469,45509479,3754465
2021-11-18,30295,193768,45539774,3948233
2021-11-19,28822,205888,45568596,4154121
2021-11-20,21012,156460,45589608,4310581
2021-11-21,10610,64872,45600218,4375453
2021-11-22,21959,213165,45622177,4588618
2021-11-23,23607,241802,45645784,4830420
2021-11-24,27767,271104,45673551,5101524
2021-11-25,23271,301952,45696822,5403476
2021-11-26,24600,318311,45721422,5721787
2021-11-27,21415,266174,45742837,5987961
2021-11-28,9908,137073,45752745,6125034
2021-11-29,22367,326082,45775112,6451116
2021-11-30,23122,365861,45798234,6816977
2021-12-01,21560,413547,45819794,7230524
2021-12-02,23795,440445,45843589,7670969
2021-12-03,25280,467541,45868869,8138510
2021-12-04,22389,418808,45891258,8557318
2021-12-05,11945,261369,45903203,8818687
2021-12-06,25846,457637,45929049,9276324
2021-12-07,24168,480308,45953217,9756632
2021-12-08,10032,249722,45963249,10006354
2021-12-09,31621,491967,45994870,10498321
2021-12-10,28104,517937,46022974,11016258
2021-12-11,23596,459285,46046570,11475543
2021-12-12,12327,293535,46058897,11769078
2021-12-13,26182,467658,46085079,12236736
2021-12-14,25205,494244,46110284,12730980
2021-12-15,25375,517192,46135659,13248172
2021-12-16,27935,520308,46163594,13768480
2021-12-17,29401,517229,46192995,14285709
2021-12-18,27122,468784,46220117,14754493
2021-12-19,15172,300544,46235289,15055037
2021-12-20,30680,477511,46265969,15532548
2021-12-21,30416,493449,46296385,16025997
2021-12-22,29492,484758,46325877,16510755
2021-12-23,28290,426968,46354167,16937723
2021-12-24,13126,210844,46367293,17148567
2021-12-25,2104,33053,46369397,17181620
2021-12-26,8780,159078,46378177,17340698
2021-12-27,46850,504696,46425027,17845394
2021-12-28,42515,554264,46467542,18399658
2021-12-29,34400,550683,46501942,18950341
2021-12-30,31898,499871,46533840,19450212
2021-12-31,14150,247409,46547990,19697621
2022-01-01,3500,64815,46551490,19762436
2022-01-02,22833,276727,46574323,20039163
2022-01-03,47954,520036,46622277,20559199
2022-01-04,46482,572106,46668759,21131305
2022-01-05,40855,560427,46709614,21691732
2022-01-06,23539,274492,46733153,21966224
2022-01-07,63802,554223,46796955,22520447
2022-01-08,60984,503424,46857939,23023871
2022-01-09,42968,319706,46900907,23343577
2022-01-10,61179,542328,46962086,23885905
2022-01-11,61856,587039,47023942,24472944
2022-01-12,58561,581311,47082503,25054255
2022-01-13,58719,580434,47141222,25634689
2022-01-14,46944,588621,47188166,26223310
2022-01-15,39576,569995,47227742,26793305
2022-01-16,31325,341895,47259067,27135200
2022-01-17,54859,489691,47313926,27624891
2022-01-18,58475,517056,47372401,28141947
2022-01-19,57271,502827,47429672,28644774
2022-01-20,54426,498865,47484098,29143639
2022-01-21,42186,493899,47526284,29637538
2022-01-22,31303,469619,47557587,30107157
2022-01-23,34985,275390,47592572,30382547
2022-01-24,56232,437251,47648804,30819798
2022-01-25,61602,452135,47710406,31271933
2022-01-26,58596,435851,47769002,31707784
2022-01-27,48894,432411,47817896,32140195
2022-01-28,58757,436566,47876653,32576761
2022-01-29,68192,412518,47944845,32989279
2022-01-30,50412,235988,47995257,33225267
2022-01-31,60715,356950,48055972,33582217
2022-02-01,65615,328469,48121587,33910686
2022-02-02,63252,297000,48184839,34207686
2022-02-03,60093,274536,48244932,34482222
2022-02-04,72415,268473,48317347,34750695
2022-02-05,83818,248557,48401165,34999252
2022-02-06,55310,116207,48456475,35115459
2022-02-07,65188,199946,48521663,35315405
2022-02-08,66958,186130,48588621,35501535
2022-02-09,58776,166353,48647397,35667888
2022-02-10,58602,163252,48705999,35831140
2022-02-11,62275,162477,48768274,35993617
2022-02-12,72012,152156,48840286,36145773
2022-02-13,41483,68857,48881769,36214630
2022-02-14,46712,116193,48928481,36330823
2022-02-15,48568,123482,48977049,36454305
2022-02-16,45689,106130,49022738,36560435
2022-02-17,42874,98119,49065612,36658554
2022-02-18,46635,112586,49112247,36771140
2022-02-19,52547,100339,49164794,36871479
2022-02-20,31416,40367,49196210,36911846
2022-02-21,37899,89659,49234109,37001505
2022-02-22,37226,83784,49271335,37085289
2022-02-23,33402,79409,49304737,37164698
2022-02-24,32561,78168,49337298,37242866
2022-02-25,34773,90716,49372071,37333582
2022-02-26,39164,89138,49411235,37422720
2022-02-27,22549,35857,49433784,37458577
2022-02-28,28489,81700,49462273,37540277
2022-03-01,22730,53943,49485003,37594220
2022-03-02,21935,50713,49506938,37644933
2022-03-03,22638,54947,49529576,37699880
2022-03-04,23244,62801,49552820,37762681
2022-03-05,23804,57952,49576624,37820633
2022-03-06,9474,17201,49586098,37837834
2022-03-07,15927,51391,49602025,37889225
2022-03-08,15481,48796,49617506,37938021
2022-03-09,13816,46517,49631322,37984538
2022-03-10,14058,52125,49645380,38036663
2022-03-11,15592,57274,49660972,38093937
2022-03-12,15513,56619,49676485,38150556
2022-03-13,5545,16852,49682030,38167408
2022-03-14,10529,46701,49692559,38214109
2022-03-15,10552,46895,49703111,38261004
2022-03-16,9482,41976,49712593,38302980
2022-03-17,9724,44875,49722317,38347855
2022-03-18,10162,49058,49732479,38396913
2022-03-19,9151,46539,49741630,38443452
2022-03-20,2608,11704,49744238,38455156
2022-03-21,7581,40229,49751819,38495385
2022-03-22,8448,37767,49760267,38533152
2022-03-23,7218,33701,49767485,38566853
2022-03-24,8260,38821,49775745,38605674
2022-03-25,8142,43671,49783887,38649345
2022-03-26,8128,41722,49792015,38691067
2022-03-27,2431,9683,49794446,38700750
2022-03-28,6112,35244,49800558,38735994
2022-03-29,5783,32531,49806341,38768525
2022-03-30,5567,30204,49811908,38798729
2022-03-31,5904,33187,49817812,38831916
2022-04-01,4351,25189,49822163,38857105
2022-04-02,4497,23275,49826660,38880380
2022-04-03,1049,4500,49827709,38884880
2022-04-04,3660,21545,49831369,38906425
2022-04-05,3758,22936,49835127,38929361
2022-04-06,4105,21852,49839232,38951213
2022-04-07,3970,23321,49843202,38974534
2022-04-08,4696,26714,49847898,39001248
2022-04-09,4381,23888,49852279,39025136
2022-04-10,893,4613,49853172,39029749
2022-04-11,3819,22689,49856991,39052438
2022-04-12,3365,21779,49860356,39074217
2022-04-13,3571,21337,49863927,39095554
2022-04-14,3488,23787,49867415,39119341
2022-04-15,3084,20621,49870499,39139962
2022-04-16,2151,11918,49872650,39151880
2022-04-17,63,348,49872713,39152228
2022-04-18,152,650,49872865,39152878
2022-04-19,3498,21984,49876363,39174862
2022-04-20,3512,20250,49879875,39195112
2022-04-21,2848,19791,49882723,39214903
2022-04-22,2928,20712,49885651,39235615
2022-04-23,2647,16222,49888298,39251837
2022-04-24,509,2334,49888807,39254171
2022-04-25,183,1165,49888990,39255336
2022-04-26,2759,17810,49891749,39273146
2022-04-27,2374,15795,49894123,39288941
2022-04-28,2362,15564,49896485,39304505
2022-04-29,2297,14850,49898782,39319355
2022-04-30,2123,11584,49900905,39330939
2022-05-01,113,531,49901018,39331470
2022-05-02,1451,9392,49902469,39340862
2022-05-03,1576,10323,49904045,39351185
2022-05-04,1745,10272,49905790,39361457
2022-05-05,1654,10296,49907444,39371753
2022-05-06,1702,10971,49909146,39382724
2022-05-07,1431,8570,49910577,39391294
2022-05-08,416,1526,49910993,39392820
2022-05-09,1029,8930,49912022,39401750
2022-05-10,1426,9549,49913448,39411299
2022-05-11,1484,10104,49914932,39421403
2022-05-12,1372,10137,49916304,39431540
2022-05-13,1596,10518,49917900,39442058
2022-05-14,1360,8240,49919260,39450298
2022-05-15,336,1136,49919596,39451434
2022-05-16,814,8405,49920410,39459839
2022-05-17,1244,8697,49921654,39468536
2022-05-18,1372,9236,49923026,39477772
2022-05-19,1500,9283,49924526,39487055
2022-05-20,1425,9532,49925951,39496587
2022-05-21,1302,7900,49927253,39504487
2022-05-22,231,1013,49927484,39505500
2022-05-23,830,8272,49928314,39513772
2022-05-24,1073,8672,49929387,39522444
2022-05-25,1372,9460,49930759,39531904
2022-05-26,1196,9480,49931955,39541384
2022-05-27,1232,9915,49933187,39551299
2022-05-28,1205,7887,49934392,39559186
2022-05-29,288,1265,49934680,39560451
2022-05-30,931,8057,49935611,39568508
2022-05-31,1038,8548,49936649,39577056
2022-06-01,895,7658,49937544,39584714
2022-06-02,35,474,49937579,39585188
2022-06-03,817,7334,49938396,39592522
2022-06-04,870,5162,49939266,39597684
2022-06-05,89,586,49939355,39598270
2022-06-06,679,7004,49940034,39605274
2022-06-07,952,7850,49940986,39613124
2022-06-08,981,7907,49941967,39621031
2022-06-09,1036,8417,49943003,39629448
2022-06-10,958,8563,49943961,39638011
2022-06-11,904,6206,49944865,39644217
2022-06-12,140,768,49945005,39644985
2022-06-13,602,6301,49945607,39651286
2022-06-14,832,7903,49946439,39659189
2022-06-15,960,7856,49947399,39667045
2022-06-16,733,7397,49948132,39674442
2022-06-17,724,7249,49948856,39681691
2022-06-18,778,5594,49949634,39687285
2022-06-19,49,521,49949683,39687806
2022-06-20,587,6699,49950270,39694505
2022-06-21,741,7663,49951011,39702168
2022-06-22,779,7312,49951790,39709480
2022-06-23,648,7472,49952438,39716952
2022-06-24,644,7474,49953082,39724426
2022-06-25,835,6533,49953917,39730959
2022-06-26,128,523,49954045,39731482
2022-06-27,534,7125,49954579,39738607
2022-06-28,747,8207,49955326,39746814
2022-06-29,756,7732,49956082,39754546
2022-06-30,747,8145,49956829,39762691
2022-07-01,577,6443,49957406,39769134
2022-07-02,536,4769,49957942,39773903
2022-07-03,49,456,49957991,39774359
2022-07-04,469,6277,49958460,39780636
2022-07-05,631,8120,49959091,39788756
2022-07-06,633,7611,49959724,39796367
2022-07-07,575,8272,49960299,39804639
2022-07-08,674,8085,49960973,39812724
2022-07-09,550,6105,49961523,39818829
2022-07-10,58,533,49961581,39819362
2022-07-11,491,7641,49962072,39827003
2022-07-12,667,9031,49962739,39836034
2022-07-13,644,10067,49963383,39846101
2022-07-14,637,10225,49964020,39856326
2022-07-15,627,10669,49964647,39866995
2022-07-16,523,7215,49965170,39874210
2022-07-17,48,770,49965218,39874980
2022-07-18,496,9374,49965714,39884354
2022-07-19,575,10683,49966289,39895037
2022-07-20,581,11276,49966870,39906313
2022-07-21,630,12091,49967500,39918404
2022-07-22,585,11260,49968085,39929664
2022-07-23,381,6775,49968466,39936439
2022-07-24,76,857,49968542,39937296
2022-07-25,503,9052,49969045,39946348
2022-07-26,522,9761,49969567,39956109
2022-07-27,553,10209,49970120,39966318
2022-07-28,532,10534,49970652,39976852
2022-07-29,511,9465,49971163,39986317
2022-07-30,383,5882,49971546,39992199
2022-07-31,49,764,49971595,39992963
2022-08-01,386,6864,49971981,39999827
2022-08-02,545,7590,49972526,40007417
2022-08-03,512,7179,49973038,40014596
2022-08-04,455,7490,49973493,40022086
2022-08-05,421,6527,49973914,40028613
2022-08-06,299,3613,49974213,40032226
2022-08-07,44,561,49974257,40032787
2022-08-08,403,4890,49974660,40037677
2022-08-09,381,5312,49975041,40042989
2022-08-10,385,4816,49975426,40047805
2022-08-11,369,4803,49975795,40052608
2022-08-12,293,3720,49976088,40056328
2022-08-13,143,1600,49976231,40057928
2022-08-14,9,129,49976240,40058057
2022-08-15,1,26,49976241,40058083
2022-08-16,283,3043,49976524,40061126
2022-08-17,352,3536,49976876,40064662
2022-08-18,392,4160,49977268,40068822
2022-08-19,341,3319,49977609,40072141
2022-08-20,183,1715,49977792,40073856
2022-08-21,24,149,49977816,40074005
2022-08-22,329,2952,49978145,40076957
2022-08-23,370,3674,49978515,40080631
2022-08-24,384,3360,49978899,40083991
2022-08-25,422,3774,49979321,40087765
2022-08-26,399,3575,49979720,40091340
2022-08-27,237,1769,49979957,40093109
2022-08-28,29,267,49979986,40093376
2022-08-29,354,3161,49980340,40096537
2022-08-30,404,3671,49980744,40100208
2022-08-31,438,3734,49981182,40103942
2022-09-01,353,3116,49981535,40107058
2022-09-02,296,2893,49981831,40109951
2022-09-03,200,1689,49982031,40111640
2022-09-04,24,149,49982055,40111789
2022-09-05,187,2656,49982242,40114445
2022-09-06,306,2982,49982548,40117427
2022-09-07,540,2937,49983088,40120364
2022-09-08,293,2963,49983381,40123327
2022-09-09,305,2886,49983686,40126213
2022-09-10,227,1327,49983913,40127540
2022-09-11,23,124,49983936,40127664
2022-09-12,267,2267,49984203,40129931
2022-09-13,252,2276,49984455,40132207
2022-09-14,266,2566,49984721,40134773
2022-09-15,282,2500,49985003,40137273
2022-09-16,255,2546,49985258,40139819
2022-09-17,239,1339,49985497,40141158
2022-09-18,20,170,49985517,40141328
2022-09-19,206,1971,49985723,40143299
2022-09-20,236,2391,49985959,40145690
2022-09-21,289,2526,49986248,40148216
2022-09-22,266,2662,49986514,40150878
2022-09-23,259,2545,49986773,40153423
2022-09-24,193,1427,49986966,40154850
2022-09-25,29,133,49986995,40154983
2022-09-26,280,2248,49987275,40157231
2022-09-27,287,2682,49987562,40159913
2022-09-28,310,2905,49987872,40162818
2022-09-29,257,3049,49988129,40165867
2022-09-30,292,2989,49988421,40168856
2022-10-01,195,1515,49988616,40170371
2022-10-02,12,187,49988628,40170558
2022-10-03,185,2474,49988813,40173032
2022-10-04,236,2862,49989049,40175894
2022-10-05,229,3251,49989278,40179145
2022-10-06,243,3874,49989521,40183019
2022-10-07,282,4187,49989803,40187206
2022-10-08,203,2270,49990006,40189476
2022-10-09,8,305,49990014,40189781
2022-10-10,210,3356,49990224,40193137
2022-10-11,193,4378,49990417,40197515
2022-10-12,209,4441,49990626,40201956
2022-10-13,203,5304,49990829,40207260
2022-10-14,232,5023,49991061,40212283
2022-10-15,190,2671,49991251,40214954
2022-10-16,6,360,49991257,40215314
2022-10-17,186,3871,49991443,40219185
2022-10-18,257,4965,49991700,40224150
2022-10-19,244,5477,49991944,40229627
2022-10-20,224,5993,49992168,40235620
2022-10-21,250,5476,49992418,40241096
2022-10-22,195,2911,49992613,40244007
2022-10-23,13,364,49992626,40244371
2022-10-24,171,3929,49992797,40248300
2022-10-25,253,4926,49993050,40253226
2022-10-26,347,5501,49993397,40258727
2022-10-27,241,5671,49993638,40264398
2022-10-28,199,5261,49993837,40269659
2022-10-29,128,2844,49993965,40272503
2022-10-30,3,328,49993968,40272831
2022-10-31,117,3037,49994085,40275868
2022-11-01,11,353,49994096,40276221
2022-11-02,143,3721,49994239,40279942
2022-11-03,173,4785,49994412,40284727
2022-11-04,225,4602,49994637,40289329
2022-11-05,144,2597,49994781,40291926
2022-11-06,10,261,49994791,40292187
2022-11-07,169,3224,49994960,40295411
2022-11-08,260,4242,49995220,40299653
2022-11-09,197,4327,49995417,40303980
2022-11-10,182,4586,49995599,40308566
2022-11-11,193,4218,49995792,40312784
2022-11-12,152,2367,49995944,40315151
2022-11-13,7,335,49995951,40315486
2022-11-14,149,2837,49996100,40318323
2022-11-15,202,3741,49996302,40322064
2022-11-16,215,3979,49996517,40326043
2022-11-17,191,4091,49996708,40330134
2022-11-18,247,4018,49996955,40334152
2022-11-19,112,2098,49997067,40336250
2022-11-20,24,317,49997091,40336567
2022-11-21,118,2613,49997209,40339180
2022-11-22,142,3207,49997351,40342387
2022-11-23,192,3615,49997543,40346002
2022-11-24,156,3816,49997699,40349818
2022-11-25,185,3768,49997884,40353586
2022-11-26,130,2090,49998014,40355676
2022-11-27,22,356,49998036,40356032
2022-11-28,181,2671,49998217,40358703
2022-11-29,183,3212,49998400,40361915
2022-11-30,179,3719,49998579,40365634
2022-12-01,223,3605,49998802,40369239
2022-12-02,156,3503,49998958,40372742
2022-12-03,104,1953,49999062,40374695
2022-12-04,5,290,49999067,40374985
2022-12-05,127,2831,49999194,40377816
2022-12-06,176,3628,49999370,40381444
2022-12-07,135,3103,49999505,40384547
2022-12-08,8,169,49999513,40384716
2022-12-09,156,2999,49999669,40387715
2022-12-10,78,1599,49999747,40389314
2022-12-11,7,192,49999754,40389506
2022-12-12,169,2496,49999923,40392002
2022-12-13,167,2956,50000090,40394958
2022-12-14,216,3123,50000306,40398081
2022-12-15,197,3028,50000503,40401109
2022-12-16,157,2819,50000660,40403928