data_somministrazione,vaccinazioni,booster,cum_vaccinazioni,cum_booster
2020-12-27,22,0,22,0
2020-12-28,2,0,24,0
2020-12-29,1,0,25,0
2020-12-30,8,0,33,0
2020-12-31,85,0,118,0
2021-01-01,27,0,145,0
2021-01-02,156,0,301,0
2021-01-03,118,0,419,0
2021-01-04,255,0,674,0
2021-01-05,298,0,972,0
2021-01-06,270,0,1242,0
2021-01-07,339,0,1581,0
2021-01-08,394,0,1975,0
2021-01-09,300,0,2275,0
2021-01-10,181,0,2456,0
2021-01-11,317,0,2773,0
2021-01-12,295,0,3068,0
2021-01-13,431,0,3499,0
2021-01-14,510,0,4009,0
2021-01-15,330,0,4339,0
2021-01-16,226,0,4565,0
2021-01-17,3066,0,7631,0
2021-01-18,5226,0,12857,0
2021-01-19,1898,0,14755,0
2021-01-20,4661,0,19416,0
2021-01-21,20002,0,39418,0
2021-01-22,14219,0,53637,0
2021-01-23,33312,0,86949,0
2021-01-24,30771,0,117720,0
2021-01-25,64692,0,182412,0
2021-01-26,76450,0,258862,0
2021-01-27,64800,0,323662,0
2021-01-28,89234,0,412896,0
2021-01-29,93982,0,506878,0
2021-01-30,86532,0,593410,0
2021-01-31,57313,0,650723,0
2021-02-01,81826,0,732549,0
2021-02-02,82125,0,814674,0
2021-02-03,91095,0,905769,0
2021-02-04,95378,0,1001147,0
2021-02-05,90265,0,1091412,0
2021-02-06,63451,0,1154863,0
2021-02-07,32934,0,1187797,0
2021-02-08,40418,0,1228215,0
2021-02-09,32883,0,1261098,0
2021-02-10,28445,0,1289543,0
2021-02-11,20412,0,1309955,0
2021-02-12,16255,0,1326210,0
2021-02-13,7287,0,1333497,0
2021-02-14,2862,0,1336359,0
2021-02-15,6852,0,1343211,0
2021-02-16,7011,0,1350222,0
2021-02-17,10527,0,1360749,0
2021-02-18,9261,0,1370010,0
2021-02-19,8260,0,1378270,0
2021-02-20,5594,0,1383864,0
2021-02-21,3021,0,1386885,0
2021-02-22,6887,0,1393772,0
2021-02-23,7191,0,1400963,0
2021-02-24,9820,0,1410783,0
2021-02-25,14220,0,1425003,0
2021-02-26,17565,0,1442568,0
2021-02-27,13932,0,1456500,0
2021-02-28,9400,0,1465900,0
2021-03-01,26537,0,1492437,0
2021-03-02,33246,0,1525683,0
2021-03-03,44656,0,1570339,0
2021-03-04,50304,0,1620643,0
2021-03-05,55750,0,1676393,0
2021-03-06,41888,0,1718281,0
2021-03-07,22333,0,1740614,0
2021-03-08,50841,0,1791455,0
2021-03-09,53098,0,1844553,0
2021-03-10,58705,0,1903258,0
2021-03-11,63902,0,1967160,0
2021-03-12,65155,0,2032315,0
2021-03-13,51736,0,2084051,0
2021-03-14,35434,0,2119485,0
2021-03-15,73469,0,2192954,0
2021-03-16,74031,0,2266985,0
2021-03-17,83153,0,2350138,0
2021-03-18,81633,0,2431771,0
2021-03-19,81091,0,2512862,0
2021-03-20,64751,0,2577613,0
2021-03-21,47317,0,2624930,0
2021-03-22,69509,0,2694439,0
2021-03-23,75831,0,2770270,0
2021-03-24,90947,0,2861217,0
2021-03-25,89838,0,2951055,0
2021-03-26,83653,0,3034708,0
2021-03-27,71968,0,3106676,0
2021-03-28,44197,0,3150873,0
2021-03-29,70855,0,3221728,0
2021-03-30,81424,0,3303152,0
2021-03-31,96274,0,3399426,0
2021-04-01,95347,0,3494773,0
2021-04-02,84091,0,3578864,0
2021-04-03,64314,0,3643178,0
2021-04-04,21727,0,3664905,0
2021-04-05,40329,0,3705234,0
2021-04-06,81364,0,3786598,0
2021-04-07,95850,0,3882448,0
2021-04-08,95270,0,3977718,0
2021-04-09,88510,0,4066228,0
2021-04-10,74045,0,4140273,0
2021-04-11,44772,0,4185045,0
2021-04-12,66928,0,4251973,0
2021-04-13,72607,0,4324580,0
2021-04-14,85562,0,4410142,0
2021-04-15,105430,0,4515572,0
2021-04-16,106446,0,4622018,0
2021-04-17,90538,0,4712556,0
2021-04-18,58599,0,4771155,0
2021-04-19,93449,0,4864604,0
2021-04-20,103785,0,4968389,0
2021-04-21,125346,0,5093735,0
2021-04-22,143539,0,5237274,0
2021-04-23,138770,0,5376044,0
2021-04-24,124458,0,5500502,0
2021-04-25,61473,0,5561975,0
2021-04-26,97923,0,5659898,0
2021-04-27,128390,0,5788288,0
2021-04-28,156413,0,5944701,0
2021-04-29,195630,0,6140331,0
2021-04-30,214628,0,6354959,0
2021-05-01,174153,0,6529112,0
2021-05-02,135822,0,6664934,0
2021-05-03,142096,0,6807030,0
2021-05-04,158726,0,6965756,0
2021-05-05,170562,0,7136318,0
2021-05-06,197841,0,7334159,0
2021-05-07,211997,0,7546156,0
2021-05-08,213456,0,7759612,0
2021-05-09,143233,0,7902845,0
2021-05-10,165110,0,8067955,0
2021-05-11,175024,0,8242979,0
2021-05-12,179249,0,8422228,0
2021-05-13,203450,0,8625678,0
2021-05-14,222963,0,8848641,0
2021-05-15,210405,0,9059046,0
2021-05-16,159304,0,9218350,0
2021-05-17,218864,0,9437214,0
2021-05-18,213034,0,9650248,0
2021-05-19,207106,0,9857354,0
2021-05-20,270925,0,10128279,0
2021-05-21,270920,0,10399199,0
2021-05-22,245551,0,10644750,0
2021-05-23,197200,0,10841950,0
2021-05-24,228327,0,11070277,0
2021-05-25,245699,0,11315976,0
2021-05-26,277579,0,11593555,0
2021-05-27,311114,0,11904669,0
2021-05-28,299400,0,12204069,0
2021-05-29,231269,0,12435338,0
2021-05-30,170862,0,12606200,0
2021-05-31,216453,0,12822653,0
2021-06-01,207648,0,13030301,0
2021-06-02,115818,0,13146119,0
2021-06-03,180204,0,13326323,0
2021-06-04,184951,0,13511274,0
2021-06-05,186034,0,13697308,0
2021-06-06,139618,0,13836926,0
2021-06-07,161940,0,13998866,0
2021-06-08,171328,0,14170194,0
2021-06-09,171552,0,14341746,0
2021-06-10,174204,0,14515950,0
2021-06-11,170086,0,14686036,0
2021-06-12,128429,0,14814465,0
2021-06-13,91272,0,14905737,0
2021-06-14,214730,0,15120467,0
2021-06-15,228487,0,15348954,0
2021-06-16,253137,0,15602091,0
2021-06-17,301813,0,15903904,0
2021-06-18,306369,0,16210273,0
2021-06-19,275166,0,16485439,0
2021-06-20,220844,0,16706283,0
2021-06-21,288136,0,16994419,0
2021-06-22,296285,0,17290704,0
2021-06-23,302730,0,17593434,0
2021-06-24,332641,0,17926075,0
2021-06-25,348752,0,18274827,0
2021-06-26,300163,0,18574990,0
2021-06-27,228730,0,18803720,0
2021-06-28,307188,0,19110908,0
2021-06-29,329379,0,19440287,0
2021-06-30,342253,0,19782540,0
2021-07-01,363277,0,20145817,0
2021-07-02,368528,0,20514345,0
2021-07-03,371114,0,20885459,0
2021-07-04,283261,0,21168720,0
2021-07-05,384579,0,21553299,0
2021-07-06,385506,0,21938805,0
2021-07-07,412154,0,22350959,0
2021-07-08,478970,0,22829929,0
2021-07-09,498451,0,23328380,0
2021-07-10,475167,0,23803547,0
2021-07-11,357680,0,24161227,0
2021-07-12,485867,0,24647094,0
2021-07-13,492044,0,25139138,0
2021-07-14,480430,0,25619568,0
2021-07-15,523392,0,26142960,0
2021-07-16,509726,0,26652686,0
2021-07-17,464308,0,27116994,0
2021-07-18,364616,0,27481610,0
2021-07-19,463020,0,27944630,0
2021-07-20,458026,0,28402656,0
2021-07-21,462781,0,28865437,0
2021-07-22,475372,0,29340809,0
2021-07-23,441320,0,29782129,0
2021-07-24,386139,0,30168268,0
2021-07-25,287529,0,30455797,0
2021-07-26,430882,0,30886679,0
2021-07-27,440105,0,31326784,0
2021-07-28,391004,0,31717788,0
2021-07-29,371878,0,32089666,0
2021-07-30,341539,0,32431205,0
2021-07-31,287052,0,32718257,0
2021-08-01,190994,0,32909251,0
2021-08-02,333698,0,33242949,0
2021-08-03,323182,0,33566131,0
2021-08-04,311005,0,33877136,0
2021-08-05,292478,0,34169614,0
2021-08-06,260047,0,34429661,0
2021-08-07,199079,0,34628740,0
2021-08-08,153110,0,34781850,0
2021-08-09,234082,0,35015932,0
2021-08-10,205297,0,35221229,0
2021-08-11,193805,0,35415034,0
2021-08-12,168086,0,35583120,0
2021-08-13,148691,0,35731811,0
2021-08-14,66112,0,35797923,0
2021-08-15,26346,0,35824269,0
2021-08-16,114726,0,35938995,0
2021-08-17,129268,0,36068263,0
2021-08-18,128769,0,36197032,0
2021-08-19,124871,0,36321903,0
2021-08-20,123807,0,36445710,0
2021-08-21,83140,0,36528850,0
2021-08-22,68184,0,36597034,0
2021-08-23,176857,0,36773891,0
2021-08-24,156887,0,36930778,0
2021-08-25,177166,0,37107944,0
2021-08-26,172344,0,37280288,0
2021-08-27,185828,0,37466116,0
2021-08-28,140291,0,37606407,0
2021-08-29,98999,0,37705406,0
2021-08-30,209580,0,37914986,0
2021-08-31,194632,0,38109618,0
2021-09-01,192215,0,38301833,0
2021-09-02,189932,0,38491765,0
2021-09-03,191269,0,38683034,0
2021-09-04,131427,0,38814461,0
2021-09-05,87839,0,38902300,0
2021-09-06,193586,0,39095886,0
2021-09-07,196027,0,39291913,0
2021-09-08,187846,0,39479759,0
2021-09-09,201410,0,39681169,0
2021-09-10,197838,0,39879007,0
2021-09-11,141282,0,40020289,0
2021-09-12,89583,0,40109872,0
2021-09-13,191081,683,40300953,683
2021-09-14,177200,678,40478153,1361
2021-09-15,163078,668,40641231,2029
2021-09-16,160031,1029,40801262,3058
2021-09-17,150163,1186,40951425,4244
2021-09-18,127989,791,41079414,5035
2021-09-19,81139,517,41160553,5552
2021-09-20,180063,9150,41340616,14702
2021-09-21,166679,8873,41507295,23575
2021-09-22,159134,9472,41666429,33047
2021-09-23,138121,9368,41804550,42415
2021-09-24,140562,9026,41945112,51441
2021-09-25,119568,5687,42064680,57128
2021-09-26,72000,4373,42136680,61501
2021-09-27,135673,10102,42272353,71603
2021-09-28,117526,11442,42389879,83045
2021-09-29,112392,11861,42502271,94906
2021-09-30,110303,14996,42612574,109902
2021-10-01,95015,19147,42707589,129049
2021-10-02,78537,14048,42786126,143097
2021-10-03,47761,7674,42833887,150771
2021-10-04,88391,34501,42922278,185272
2021-10-05,80394,34027,43002672,219299
2021-10-06,72001,34230,43074673,253529
2021-10-07,71886,34386,43146559,287915
2021-10-08,80647,33636,43227206,321551
2021-10-09,76120,22206,43303326,343757
2021-10-10,45796,13633,43349122,357390
2021-10-11,87459,41141,43436581,398531
2021-10-12,84515,46949,43521096,445480
2021-10-13,88228,52182,43609324,497662
2021-10-14,91563,58567,43700887,556229
2021-10-15,93598,55700,43794485,611929
2021-10-16,82974,36841,43877459,648770
2021-10-17,51461,23868,43928920,672638
2021-10-18,90301,59542,44019221,732180
2021-10-19,78356,69430,44097577,801610
2021-10-20,75058,78229,44172635,879839
2021-10-21,78282,81838,44250917,961677
2021-10-22,73767,77098,44324684,1038775
2021-10-23,60838,51979,44385522,1090754
2021-10-24,33364,23488,44418886,1114242
2021-10-25,64904,81677,44483790,1195919
2021-10-26,58369,91856,44542159,1287775
2021-10-27,58316,104048,44600475,1391823
2021-10-28,61442,114181,44661917,1506004
2021-10-29,61618,103211,44723535,1609215
2021-10-30,50669,68165,44774204,1677380
2021-10-31,25157,28315,44799361,1705695
2021-11-01,19049,28162,44818410,1733857
2021-11-02,62735,89457,44881145,1823314
2021-11-03,60713,118721,44941858,1942035
2021-11-04,59235,126722,45001093,2068757
2021-11-05,63091,135240,45064184,2203997
2021-11-06,46493,90949,45110677,2294946
2021-11-07,22247,37909,45132924,2332855
2021-11-08,51524,131310,45184448,2464165
2021-11-09,45407,144240,45229855,2608405
2021-11-10,42595,156388,45272450,2764793
2021-11-11,44926,155192,45317376,2919985
2021-11-12,46305,158725,45363681,3078710
2021-11-13,33269,116686,45396950,3195396
2021-11-14,14490,52463,45411440,3247859
2021-11-15,36907,157459,45448347,3405318
2021-11-16,30567,171430,45478914,3576748
2021-11-17,28468,178472,45507382,3755220
2021-11-18,30297,193781,45537679,3949001
2021-11-19,28827,205900,45566506,4154901
2021-11-20,21014,156463,45587520,4311364
2021-11-21,10611,64873,45598131,4376237
2021-11-22,21962,213171,45620093,4589408
2021-11-23,23609,241824,45643702,4831232
2021-11-24,27732,270639,45671434,5101871
2021-11-25,23245,300964,45694679,5402835
2021-11-26,24604,318313,45719283,5721148
2021-11-27,21419,266184,45740702,5987332
2021-11-28,9913,137073,45750615,6124405
2021-11-29,22370,326081,45772985,6450486
2021-11-30,23123,365865,45796108,6816351
2021-12-01,21568,413548,45817676,7229899
2021-12-02,23801,440446,45841477,7670345
2021-12-03,25289,467549,45866766,8137894
2021-12-04,22396,418820,45889162,8556714
2021-12-05,11945,261372,45901107,8818086
2021-12-06,25855,457640,45926962,9275726
2021-12-07,24177,480316,45951139,9756042
2021-12-08,10034,249729,45961173,10005771
2021-12-09,31634,491974,45992807,10497745
2021-12-10,28113,517941,46020920,11015686
2021-12-11,23598,459291,46044518,11474977
2021-12-12,12326,293541,46056844,11768518
2021-12-13,26191,467666,46083035,12236184
2021-12-14,25216,494251,46108251,12730435
2021-12-15,25387,517190,46133638,13247625
2021-12-16,27945,520317,46161583,13767942
2021-12-17,29403,517233,46190986,14285175
2021-12-18,27121,468791,46218107,14753966
2021-12-19,15176,300551,46233283,15054517
2021-12-20,30687,477513,46263970,15532030
2021-12-21,30426,493455,46294396,16025485
2021-12-22,29500,484763,46323896,16510248
2021-12-23,28294,426975,46352190,16937223
2021-12-24,13130,210847,46365320,17148070
2021-12-25,2104,33053,46367424,17181123
2021-12-26,8789,159080,46376213,17340203
2021-12-27,46849,504713,46423062,17844916
2021-12-28,42514,554277,46465576,18399193
2021-12-29,34407,550698,46499983,18949891
2021-12-30,31905,499880,46531888,19449771
2021-12-31,14157,247410,46546045,19697181
2022-01-01,3503,64816,46549548,19761997
2022-01-02,22845,276729,46572393,20038726
2022-01-03,47967,520051,46620360,20558777
2022-01-04,46413,571622,46666773,21130399
2022-01-05,40874,560433,46707647,21690832
2022-01-06,23551,274490,46731198,21965322
2022-01-07,63823,554232,46795021,22519554
2022-01-08,61024,503431,46856045,23022985
2022-01-09,42992,319710,46899037,23342695
2022-01-10,61195,542336,46960232,23885031
2022-01-11,61890,587043,47022122,24472074
2022-01-12,58579,581322,47080701,25053396
2022-01-13,58622,579976,47139323,25633372
2022-01-14,46972,588632,47186295,26222004
2022-01-15,39631,570004,47225926,26792008
2022-01-16,31342,341903,47257268,27133911
2022-01-17,54875,489702,47312143,27623613
2022-01-18,58490,517058,47370633,28140671
2022-01-19,57291,502829,47427924,28643500
2022-01-20,54305,498447,47482229,29141947
2022-01-21,42202,493909,47524431,29635856
2022-01-22,31302,469091,47555733,30104947
2022-01-23,34996,275397,47590729,30380344
2022-01-24,56241,437259,47646970,30817603
2022-01-25,61516,451764,47708486,31269367
2022-01-26,58614,435851,47767100,31705218
2022-01-27,48911,432425,47816011,32137643
2022-01-28,58776,436576,47874787,32574219
2022-01-29,68205,412523,47942992,32986742
2022-01-30,50414,235994,47993406,33222736
2022-01-31,60733,356955,48054139,33579691
2022-02-01,65634,328473,48119773,33908164
2022-02-02,63256,297006,48183029,34205170
2022-02-03,60108,274545,48243137,34479715
2022-02-04,72421,268480,48315558,34748195
2022-02-05,83829,248564,48399387,34996759
2022-02-06,55309,116209,48454696,35112968
2022-02-07,65194,199951,48519890,35312919
2022-02-08,66966,186136,48586856,35499055
2022-02-09,58782,166357,48645638,35665412
2022-02-10,58600,163261,48704238,35828673
2022-02-11,62285,162484,48766523,35991157
2022-02-12,72020,152156,48838543,36143313
2022-02-13,41483,68861,48880026,36212174
2022-02-14,46713,116198,48926739,36328372
2022-02-15,48575,123482,48975314,36451854
2022-02-16,45703,106136,49021017,36557990
2022-02-17,42877,98130,49063894,36656120
2022-02-18,46641,112590,49110535,36768710
2022-02-19,52549,100344,49163084,36869054
2022-02-20,31416,40369,49194500,36909423
2022-02-21,37906,89662,49232406,36999085
2022-02-22,37228,83788,49269634,37082873
2022-02-23,33406,79409,49303040,37162282
2022-02-24,32563,78169,49335603,37240451
2022-02-25,34775,90717,49370378,37331168
2022-02-26,39169,89140,49409547,37420308
2022-02-27,22548,35861,49432095,37456169
2022-02-28,28493,81702,49460588,37537871
2022-03-01,22735,53945,49483323,37591816
2022-03-02,21940,50715,49505263,37642531
2022-03-03,22641,54947,49527904,37697478
2022-03-04,23248,62803,49551152,37760281
2022-03-05,23805,57954,49574957,37818235
2022-03-06,9472,17204,49584429,37835439
2022-03-07,15927,51392,49600356,37886831
2022-03-08,15482,48799,49615838,37935630
2022-03-09,13815,46518,49629653,37982148
2022-03-10,14056,52058,49643709,38034206
2022-03-11,15596,57276,49659305,38091482
2022-03-12,15513,56621,49674818,38148103
2022-03-13,5546,16853,49680364,38164956
2022-03-14,10529,46704,49690893,38211660
2022-03-15,10555,46896,49701448,38258556
2022-03-16,9487,41980,49710935,38300536
2022-03-17,9727,44879,49720662,38345415
2022-03-18,10164,49060,49730826,38394475
2022-03-19,9153,46541,49739979,38441016
2022-03-20,2608,11704,49742587,38452720
2022-03-21,7589,40233,49750176,38492953
2022-03-22,8449,37769,49758625,38530722
2022-03-23,7221,33701,49765846,38564423
2022-03-24,8262,38821,49774108,38603244
2022-03-25,8144,43676,49782252,38646920
2022-03-26,8128,41724,49790380,38688644
2022-03-27,2431,9683,49792811,38698327
2022-03-28,6113,35245,49798924,38733572
2022-03-29,5784,32533,49804708,38766105
2022-03-30,5568,30206,49810276,38796311
2022-03-31,5906,33188,49816182,38829499
2022-04-01,4351,25191,49820533,38854690
2022-04-02,4497,23275,49825030,38877965
2022-04-03,1049,4500,49826079,38882465
2022-04-04,3664,21545,49829743,38904010
2022-04-05,3759,22938,49833502,38926948
2022-04-06,4106,21853,49837608,38948801
2022-04-07,3971,23321,49841579,38972122
2022-04-08,4696,26716,49846275,38998838
2022-04-09,4382,23888,49850657,39022726
2022-04-10,893,4613,49851550,39027339
2022-04-11,3819,22691,49855369,39050030
2022-04-12,3364,21781,49858733,39071811
2022-04-13,3574,21337,49862307,39093148
2022-04-14,3487,23789,49865794,39116937
2022-04-15,3085,20624,49868879,39137561
2022-04-16,2153,11919,49871032,39149480
2022-04-17,63,348,49871095,39149828
2022-04-18,152,650,49871247,39150478
2022-04-19,3500,21988,49874747,39172466
2022-04-20,3513,20250,49878260,39192716
2022-04-21,2848,19793,49881108,39212509
2022-04-22,2927,20717,49884035,39233226
2022-04-23,2648,16222,49886683,39249448
2022-04-24,509,2335,49887192,39251783
2022-04-25,183,1165,49887375,39252948
2022-04-26,2761,17813,49890136,39270761
2022-04-27,2376,15795,49892512,39286556
2022-04-28,2363,15568,49894875,39302124
2022-04-29,2298,14850,49897173,39316974
2022-04-30,2123,11585,49899296,39328559
2022-05-01,113,531,49899409,39329090
2022-05-02,1451,9394,49900860,39338484
2022-05-03,1577,10327,49902437,39348811
2022-05-04,1748,10277,49904185,39359088
2022-05-05,1654,10301,49905839,39369389
2022-05-06,1703,10972,49907542,39380361
2022-05-07,1432,8575,49908974,39388936
2022-05-08,417,1526,49909391,39390462
2022-05-09,1028,8935,49910419,39399397
2022-05-10,1427,9554,49911846,39408951
2022-05-11,1486,10109,49913332,39419060
2022-05-12,1372,10137,49914704,39429197
2022-05-13,1596,10527,49916300,39439724
2022-05-14,1362,8248,49917662,39447972
2022-05-15,336,1138,49917998,39449110
2022-05-16,814,8409,49918812,39457519
2022-05-17,1244,8708,49920056,39466227
2022-05-18,1373,9256,49921429,39475483
2022-05-19,1502,9290,49922931,39484773
2022-05-20,1428,9535,49924359,39494308
2022-05-21,1302,7903,49925661,39502211
2022-05-22,231,1013,49925892,39503224
2022-05-23,830,8274,49926722,39511498
2022-05-24,1073,8675,49927795,39520173
2022-05-25,1372,9460,49929167,39529633
2022-05-26,1198,9480,49930365,39539113
2022-05-27,1234,9917,49931599,39549030
2022-05-28,1205,7890,49932804,39556920
2022-05-29,288,1265,49933092,39558185
2022-05-30,931,8061,49934023,39566246
2022-05-31,1039,8551,49935062,39574797
2022-06-01,896,7657,49935958,39582454
2022-06-02,35,474,49935993,39582928
2022-06-03,819,7334,49936812,39590262
2022-06-04,870,5162,49937682,39595424
2022-06-05,88,586,49937770,39596010
2022-06-06,679,7004,49938449,39603014
2022-06-07,952,7851,49939401,39610865
2022-06-08,981,7907,49940382,39618772
2022-06-09,1037,8419,49941419,39627191
2022-06-10,958,8563,49942377,39635754
2022-06-11,903,6206,49943280,39641960
2022-06-12,140,768,49943420,39642728
2022-06-13,602,6302,49944022,39649030
2022-06-14,833,7906,49944855,39656936
2022-06-15,960,7856,49945815,39664792
2022-06-16,733,7399,49946548,39672191
2022-06-17,723,7248,49947271,39679439
2022-06-18,779,5596,49948050,39685035
2022-06-19,49,521,49948099,39685556
2022-06-20,587,6699,49948686,39692255
2022-06-21,741,7664,49949427,39699919
2022-06-22,779,7313,49950206,39707232
2022-06-23,649,7473,49950855,39714705
2022-06-24,644,7475,49951499,39722180
2022-06-25,836,6533,49952335,39728713
2022-06-26,128,523,49952463,39729236
2022-06-27,534,7126,49952997,39736362
2022-06-28,748,8208,49953745,39744570
2022-06-29,756,7733,49954501,39752303
2022-06-30,748,8145,49955249,39760448
2022-07-01,577,6443,49955826,39766891
2022-07-02,536,4770,49956362,39771661
2022-07-03,49,456,49956411,39772117
2022-07-04,469,6278,49956880,39778395
2022-07-05,631,8122,49957511,39786517
2022-07-06,634,7611,49958145,39794128
2022-07-07,577,8275,49958722,39802403
2022-07-08,677,8086,49959399,39810489
2022-07-09,550,6105,49959949,39816594
2022-07-10,58,533,49960007,39817127
2022-07-11,493,7642,49960500,39824769
2022-07-12,669,9031,49961169,39833800
2022-07-13,645,10066,49961814,39843866
2022-07-14,638,10225,49962452,39854091
2022-07-15,627,10674,49963079,39864765
2022-07-16,523,7215,49963602,39871980
2022-07-17,48,770,49963650,39872750
2022-07-18,496,9377,49964146,39882127
2022-07-19,576,10684,49964722,39892811
2022-07-20,582,11277,49965304,39904088
2022-07-21,633,12094,49965937,39916182
2022-07-22,584,11262,49966521,39927444
2022-07-23,381,6776,49966902,39934220
2022-07-24,76,857,49966978,39935077
2022-07-25,504,9057,49967482,39944134
2022-07-26,522,9768,49968004,39953902
2022-07-27,554,10212,49968558,39964114
2022-07-28,533,10535,49969091,39974649
2022-07-29,510,9467,49969601,39984116
2022-07-30,383,5884,49969984,39990000
2022-07-31,49,764,49970033,39990764
2022-08-01,386,6865,49970419,39997629
2022-08-02,548,7590,49970967,40005219
2022-08-03,513,7182,49971480,40012401
2022-08-04,455,7493,49971935,40019894
2022-08-05,421,6529,49972356,40026423
2022-08-06,300,3613,49972656,40030036
2022-08-07,44,563,49972700,40030599
2022-08-08,403,4890,49973103,40035489
2022-08-09,381,5315,49973484,40040804
2022-08-10,385,4817,49973869,40045621
2022-08-11,370,4804,49974239,40050425
2022-08-12,295,3719,49974534,40054144
2022-08-13,143,1600,49974677,40055744
2022-08-14,9,129,49974686,40055873
2022-08-15,1,26,49974687,40055899
2022-08-16,284,3043,49974971,40058942
2022-08-17,352,3533,49975323,40062475
2022-08-18,395,4160,49975718,40066635
2022-08-19,341,3321,49976059,40069956
2022-08-20,184,1715,49976243,40071671
2022-08-21,24,149,49976267,40071820
2022-08-22,332,2952,49976599,40074772
2022-08-23,370,3674,49976969,40078446
2022-08-24,384,3360,49977353,40081806
2022-08-25,424,3773,49977777,40085579
2022-08-26,399,3585,49978176,40089164
2022-08-27,237,1770,49978413,40090934
2022-08-28,29,267,49978442,40091201
2022-08-29,354,3161,49978796,40094362
2022-08-30,406,3672,49979202,40098034
2022-08-31,438,3734,49979640,40101768
2022-09-01,353,3117,49979993,40104885
2022-09-02,298,2894,49980291,40107779
2022-09-03,200,1692,49980491,40109471
2022-09-04,24,149,49980515,40109620
2022-09-05,187,2656,49980702,40112276
2022-09-06,307,2985,49981009,40115261
2022-09-07,541,2938,49981550,40118199
2022-09-08,293,2964,49981843,40121163
2022-09-09,308,2886,49982151,40124049
2022-09-10,228,1327,49982379,40125376
2022-09-11,23,124,49982402,40125500
2022-09-12,267,2269,49982669,40127769
2022-09-13,253,2279,49982922,40130048
2022-09-14,266,2566,49983188,40132614
2022-09-15,284,2501,49983472,40135115
2022-09-16,255,2544,49983727,40137659
2022-09-17,239,1339,49983966,40138998
2022-09-18,20,170,49983986,40139168
2022-09-19,206,1972,49984192,40141140
2022-09-20,237,2392,49984429,40143532
2022-09-21,289,2526,49984718,40146058
2022-09-22,267,2663,49984985,40148721
2022-09-23,261,2546,49985246,40151267
2022-09-24,193,1427,49985439,40152694
2022-09-25,29,133,49985468,40152827
2022-09-26,281,2249,49985749,40155076
2022-09-27,287,2680,49986036,40157756
2022-09-28,310,2905,49986346,40160661
2022-09-29,257,3050,49986603,40163711
2022-09-30,292,2987,49986895,40166698
2022-10-01,195,1515,49987090,40168213
2022-10-02,12,187,49987102,40168400
2022-10-03,186,2475,49987288,40170875
2022-10-04,236,2861,49987524,40173736
2022-10-05,233,3254,49987757,40176990
2022-10-06,244,3872,49988001,40180862
2022-10-07,283,4185,49988284,40185047
2022-10-08,206,2268,49988490,40187315
2022-10-09,8,305,49988498,40187620
2022-10-10,214,3348,49988712,40190968
2022-10-11,195,4378,49988907,40195346
2022-10-12,211,4436,49989118,40199782
2022-10-13,207,5299,49989325,40205081
2022-10-14,233,5006,49989558,40210087
2022-10-15,191,2669,49989749,40212756
2022-10-16,6,360,49989755,40213116
2022-10-17,187,3873,49989942,40216989
2022-10-18,257,4959,49990199,40221948
2022-10-19,246,5477,49990445,40227425
2022-10-20,225,5995,49990670,40233420
2022-10-21,257,5475,49990927,40238895
2022-10-22,195,2911,49991122,40241806
2022-10-23,13,364,49991135,40242170
2022-10-24,171,3929,49991306,40246099
2022-10-25,256,4925,49991562,40251024
2022-10-26,350,5505,49991912,40256529
2022-10-27,240,5675,49992152,40262204
2022-10-28,200,5265,49992352,40267469
2022-10-29,128,2844,49992480,40270313
2022-10-30,3,328,49992483,40270641
2022-10-31,118,3039,49992601,40273680
2022-11-01,11,353,49992612,40274033
2022-11-02,146,3721,49992758,40277754
2022-11-03,172,4791,49992930,40282545
2022-11-04,228,4601,49993158,40287146
2022-11-05,145,2601,49993303,40289747
2022-11-06,10,261,49993313,40290008
2022-11-07,169,3227,49993482,40293235
2022-11-08,262,4254,49993744,40297489
2022-11-09,202,4335,49993946,40301824
2022-11-10,184,4600,49994130,40306424
2022-11-11,194,4231,49994324,40310655
2022-11-12,161,2378,49994485,40313033
2022-11-13,7,338,49994492,40313371
2022-11-14,150,2842,49994642,40316213
2022-11-15,204,3748,49994846,40319961
2022-11-16,217,4001,49995063,40323962
2022-11-17,194,4110,49995257,40328072
2022-11-18,248,4041,49995505,40332113
2022-11-19,112,2087,49995617,40334200
2022-11-20,24,317,49995641,40334517
2022-11-21,119,2621,49995760,40337138
2022-11-22,142,3222,49995902,40340360
2022-11-23,191,3633,49996093,40343993
2022-11-24,158,3846,49996251,40347839
2022-11-25,184,3781,49996435,40351620
2022-11-26,134,2095,49996569,40353715
2022-11-27,22,356,49996591,40354071
2022-11-28,182,2691,49996773,40356762
2022-11-29,257,3231,49997030,40359993
2022-11-30,183,3736,49997213,40363729
2022-12-01,151,3632,49997364,40367361
2022-12-02,161,3529,49997525,40370890
2022-12-03,106,1999,49997631,40372889
2022-12-04,5,290,49997636,40373179
2022-12-05,129,2856,49997765,40376035
2022-12-06,177,3656,49997942,40379691
2022-12-07,136,3132,49998078,40382823
2022-12-08,8,168,49998086,40382991
2022-12-09,164,3035,49998250,40386026
2022-12-10,71,1602,49998321,40387628
2022-12-11,7,193,49998328,40387821
2022-12-12,172,2534,49998500,40390355
2022-12-13,251,3050,49998751,40393405
2022-12-14,232,3237,49998983,40396642
2022-12-15,207,3291,49999190,40399933
2022-12-16,161,3216,49999351,40403149
2022-12-17,95,1692,49999446,40404841
2022-12-18,10,270,49999456,40405111
2022-12-19,149,2167,49999605,40407278
2022-12-20,213,2530,49999818,40409808
2022-12-21,160,2250,49999978,40412058
2022-12-22,140,1873,50000118,40413931
2022-12-23,153,1216,50000271,40415147
2022-12-24,32,161,50000303,40415308
2022-12-25,0,6,50000303,40415314
2022-12-26,6,42,50000309,40415356
2022-12-27,133,1553,50000442,40416909
2022-12-28,138,1778,50000580,40418687
2022-12-29,93,1709,50000673,40420396
2022-12-30,116,1612,50000789,40422008
2022-12-31,21,273,50000810,40422281
2023-01-01,0,6,50000810,40422287
2023-01-02,48,1125,50000858,40423412
2023-01-03,99,1900,50000957,40425312
2023-01-04,111,2009,50001068,40427321
2023-01-05,98,1911,50001166,40429232
2023-01-06,0,69,50001166,40429301
2023-01-07,51,686,50001217,40429987
2023-01-08,2,97,50001219,40430084
2023-01-09,130,1425,50001349,40431509
2023-01-10,129,1782,50001478,40433291
2023-01-11,116,1765,50001594,40435056
2023-01-12,114,1995,50001708,40437051
2023-01-13,106,1880,50001814,40438931
2023-01-14,64,945,50001878,40439876
2023-01-15,1,67,50001879,40439943
2023-01-16,37,1147,50001916,40441090
2023-01-17,108,1293,50002024,40442383
2023-01-18,77,1393,50002101,40443776
2023-01-19,108,1556,50002209,40445332
2023-01-20,81,1319,50002290,40446651