data_somministrazione,vaccinazioni,booster,cum_vaccinazioni,cum_booster
2020-12-27,20,0,20,0
2020-12-28,2,0,22,0
2020-12-29,1,0,23,0
2020-12-30,9,0,32,0
2020-12-31,73,0,105,0
2021-01-01,24,0,129,0
2021-01-02,131,0,260,0
2021-01-03,94,0,354,0
2021-01-04,224,0,578,0
2021-01-05,263,0,841,0
2021-01-06,231,0,1072,0
2021-01-07,315,0,1387,0
2021-01-08,361,0,1748,0
2021-01-09,268,0,2016,0
2021-01-10,163,0,2179,0
2021-01-11,293,0,2472,0
2021-01-12,279,0,2751,0
2021-01-13,407,0,3158,0
2021-01-14,491,0,3649,0
2021-01-15,311,0,3960,0
2021-01-16,217,0,4177,0
2021-01-17,3062,0,7239,0
2021-01-18,5215,0,12454,0
2021-01-19,1893,0,14347,0
2021-01-20,4657,0,19004,0
2021-01-21,20009,0,39013,0
2021-01-22,14220,0,53233,0
2021-01-23,33329,0,86562,0
2021-01-24,30781,0,117343,0
2021-01-25,64718,0,182061,0
2021-01-26,76483,0,258544,0
2021-01-27,64825,0,323369,0
2021-01-28,89263,0,412632,0
2021-01-29,94011,0,506643,0
2021-01-30,86549,0,593192,0
2021-01-31,57327,0,650519,0
2021-02-01,81845,0,732364,0
2021-02-02,82138,0,814502,0
2021-02-03,91111,0,905613,0
2021-02-04,95397,0,1001010,0
2021-02-05,90268,0,1091278,0
2021-02-06,63448,0,1154726,0
2021-02-07,32933,0,1187659,0
2021-02-08,40423,0,1228082,0
2021-02-09,32874,0,1260956,0
2021-02-10,28432,0,1289388,0
2021-02-11,20403,0,1309791,0
2021-02-12,16241,0,1326032,0
2021-02-13,7275,0,1333307,0
2021-02-14,2862,0,1336169,0
2021-02-15,6845,0,1343014,0
2021-02-16,7002,0,1350016,0
2021-02-17,10526,0,1360542,0
2021-02-18,9252,0,1369794,0
2021-02-19,8252,0,1378046,0
2021-02-20,5571,0,1383617,0
2021-02-21,3007,0,1386624,0
2021-02-22,6885,0,1393509,0
2021-02-23,7180,0,1400689,0
2021-02-24,9809,0,1410498,0
2021-02-25,14210,0,1424708,0
2021-02-26,17558,0,1442266,0
2021-02-27,13916,0,1456182,0
2021-02-28,9391,0,1465573,0
2021-03-01,26517,0,1492090,0
2021-03-02,33248,0,1525338,0
2021-03-03,44647,0,1569985,0
2021-03-04,50292,0,1620277,0
2021-03-05,55736,0,1676013,0
2021-03-06,41874,0,1717887,0
2021-03-07,22325,0,1740212,0
2021-03-08,50829,0,1791041,0
2021-03-09,53082,0,1844123,0
2021-03-10,58662,0,1902785,0
2021-03-11,63873,0,1966658,0
2021-03-12,65122,0,2031780,0
2021-03-13,51728,0,2083508,0
2021-03-14,35410,0,2118918,0
2021-03-15,73451,0,2192369,0
2021-03-16,74027,0,2266396,0
2021-03-17,83135,0,2349531,0
2021-03-18,81630,0,2431161,0
2021-03-19,81086,0,2512247,0
2021-03-20,64730,0,2576977,0
2021-03-21,47307,0,2624284,0
2021-03-22,69491,0,2693775,0
2021-03-23,75808,0,2769583,0
2021-03-24,90915,0,2860498,0
2021-03-25,89818,0,2950316,0
2021-03-26,83636,0,3033952,0
2021-03-27,71948,0,3105900,0
2021-03-28,44159,0,3150059,0
2021-03-29,70840,0,3220899,0
2021-03-30,81395,0,3302294,0
2021-03-31,96249,0,3398543,0
2021-04-01,95315,0,3493858,0
2021-04-02,84080,0,3577938,0
2021-04-03,64305,0,3642243,0
2021-04-04,21723,0,3663966,0
2021-04-05,40318,0,3704284,0
2021-04-06,81328,0,3785612,0
2021-04-07,95837,0,3881449,0
2021-04-08,95251,0,3976700,0
2021-04-09,88499,0,4065199,0
2021-04-10,74031,0,4139230,0
2021-04-11,44764,0,4183994,0
2021-04-12,66922,0,4250916,0
2021-04-13,72585,0,4323501,0
2021-04-14,85550,0,4409051,0
2021-04-15,105415,0,4514466,0
2021-04-16,106420,0,4620886,0
2021-04-17,90522,0,4711408,0
2021-04-18,58595,0,4770003,0
2021-04-19,93433,0,4863436,0
2021-04-20,103773,0,4967209,0
2021-04-21,125346,0,5092555,0
2021-04-22,143520,0,5236075,0
2021-04-23,138749,0,5374824,0
2021-04-24,124452,0,5499276,0
2021-04-25,61461,0,5560737,0
2021-04-26,97899,0,5658636,0
2021-04-27,128367,0,5787003,0
2021-04-28,156383,0,5943386,0
2021-04-29,195605,0,6138991,0
2021-04-30,214595,0,6353586,0
2021-05-01,174132,0,6527718,0
2021-05-02,135806,0,6663524,0
2021-05-03,142056,0,6805580,0
2021-05-04,158702,0,6964282,0
2021-05-05,170522,0,7134804,0
2021-05-06,197820,0,7332624,0
2021-05-07,213861,0,7546485,0
2021-05-08,213436,0,7759921,0
2021-05-09,143209,0,7903130,0
2021-05-10,165090,0,8068220,0
2021-05-11,174998,0,8243218,0
2021-05-12,179201,0,8422419,0
2021-05-13,203402,0,8625821,0
2021-05-14,222933,0,8848754,0
2021-05-15,210376,0,9059130,0
2021-05-16,159282,0,9218412,0
2021-05-17,219210,0,9437622,0
2021-05-18,213029,0,9650651,0
2021-05-19,207096,0,9857747,0
2021-05-20,270882,0,10128629,0
2021-05-21,270908,0,10399537,0
2021-05-22,245530,0,10645067,0
2021-05-23,197184,0,10842251,0
2021-05-24,228308,0,11070559,0
2021-05-25,245700,0,11316259,0
2021-05-26,277511,0,11593770,0
2021-05-27,311091,0,11904861,0
2021-05-28,299580,0,12204441,0
2021-05-29,231241,0,12435682,0
2021-05-30,170845,0,12606527,0
2021-05-31,216430,0,12822957,0
2021-06-01,207636,0,13030593,0
2021-06-02,115803,0,13146396,0
2021-06-03,180162,0,13326558,0
2021-06-04,184894,0,13511452,0
2021-06-05,185977,0,13697429,0
2021-06-06,139567,0,13836996,0
2021-06-07,161885,0,13998881,0
2021-06-08,171261,0,14170142,0
2021-06-09,171504,0,14341646,0
2021-06-10,174129,0,14515775,0
2021-06-11,170004,0,14685779,0
2021-06-12,128350,0,14814129,0
2021-06-13,91213,0,14905342,0
2021-06-14,214698,0,15120040,0
2021-06-15,228436,0,15348476,0
2021-06-16,253090,0,15601566,0
2021-06-17,301752,0,15903318,0
2021-06-18,306317,0,16209635,0
2021-06-19,275099,0,16484734,0
2021-06-20,220803,0,16705537,0
2021-06-21,288075,0,16993612,0
2021-06-22,296236,0,17289848,0
2021-06-23,302692,0,17592540,0
2021-06-24,332607,0,17925147,0
2021-06-25,348721,0,18273868,0
2021-06-26,300130,0,18573998,0
2021-06-27,228677,0,18802675,0
2021-06-28,307127,0,19109802,0
2021-06-29,329310,0,19439112,0
2021-06-30,342184,0,19781296,0
2021-07-01,363230,0,20144526,0
2021-07-02,368482,0,20513008,0
2021-07-03,371098,0,20884106,0
2021-07-04,283227,0,21167333,0
2021-07-05,384555,0,21551888,0
2021-07-06,385489,0,21937377,0
2021-07-07,412127,0,22349504,0
2021-07-08,479600,0,22829104,0
2021-07-09,498480,0,23327584,0
2021-07-10,475179,0,23802763,0
2021-07-11,357701,0,24160464,0
2021-07-12,485895,0,24646359,0
2021-07-13,492095,0,25138454,0
2021-07-14,480452,0,25618906,0
2021-07-15,523438,0,26142344,0
2021-07-16,509761,0,26652105,0
2021-07-17,464333,0,27116438,0
2021-07-18,364640,0,27481078,0
2021-07-19,463049,0,27944127,0
2021-07-20,458063,0,28402190,0
2021-07-21,462796,0,28864986,0
2021-07-22,475388,0,29340374,0
2021-07-23,441329,0,29781703,0
2021-07-24,386159,0,30167862,0
2021-07-25,287563,0,30455425,0
2021-07-26,430895,0,30886320,0
2021-07-27,440128,0,31326448,0
2021-07-28,391025,0,31717473,0
2021-07-29,372080,0,32089553,0
2021-07-30,341514,0,32431067,0
2021-07-31,287035,0,32718102,0
2021-08-01,191002,0,32909104,0
2021-08-02,333704,0,33242808,0
2021-08-03,323197,0,33566005,0
2021-08-04,310983,0,33876988,0
2021-08-05,292497,0,34169485,0
2021-08-06,260022,0,34429507,0
2021-08-07,199056,0,34628563,0
2021-08-08,153107,0,34781670,0
2021-08-09,234080,0,35015750,0
2021-08-10,205264,0,35221014,0
2021-08-11,193782,0,35414796,0
2021-08-12,168046,0,35582842,0
2021-08-13,148648,0,35731490,0
2021-08-14,66096,0,35797586,0
2021-08-15,26339,0,35823925,0
2021-08-16,114708,0,35938633,0
2021-08-17,129257,0,36067890,0
2021-08-18,128759,0,36196649,0
2021-08-19,124835,0,36321484,0
2021-08-20,123798,0,36445282,0
2021-08-21,83133,0,36528415,0
2021-08-22,68178,0,36596593,0
2021-08-23,176868,0,36773461,0
2021-08-24,156895,0,36930356,0
2021-08-25,177174,0,37107530,0
2021-08-26,172364,0,37279894,0
2021-08-27,185836,0,37465730,0
2021-08-28,140283,0,37606013,0
2021-08-29,98989,0,37705002,0
2021-08-30,209597,0,37914599,0
2021-08-31,194641,0,38109240,0
2021-09-01,192209,0,38301449,0
2021-09-02,189935,0,38491384,0
2021-09-03,191293,0,38682677,0
2021-09-04,131458,0,38814135,0
2021-09-05,87859,0,38901994,0
2021-09-06,193618,0,39095612,0
2021-09-07,196036,0,39291648,0
2021-09-08,187880,0,39479528,0
2021-09-09,201439,0,39680967,0
2021-09-10,198069,0,39879036,0
2021-09-11,141292,0,40020328,0
2021-09-12,89594,0,40109922,0
2021-09-13,191118,619,40301040,619
2021-09-14,177226,626,40478266,1245
2021-09-15,163088,633,40641354,1878
2021-09-16,160066,973,40801420,2851
2021-09-17,150168,1152,40951588,4003
2021-09-18,127981,762,41079569,4765
2021-09-19,81140,504,41160709,5269
2021-09-20,180068,9113,41340777,14382
2021-09-21,166662,8849,41507439,23231
2021-09-22,159099,9454,41666538,32685
2021-09-23,138087,9348,41804625,42033
2021-09-24,140552,8993,41945177,51026
2021-09-25,119564,5659,42064741,56685
2021-09-26,71981,4357,42136722,61042
2021-09-27,135665,10070,42272387,71112
2021-09-28,117510,11415,42389897,82527
2021-09-29,112362,11846,42502259,94373
2021-09-30,110272,14974,42612531,109347
2021-10-01,94995,19130,42707526,128477
2021-10-02,78513,14036,42786039,142513
2021-10-03,47754,7666,42833793,150179
2021-10-04,88387,34472,42922180,184651
2021-10-05,80381,34007,43002561,218658
2021-10-06,72002,34193,43074563,252851
2021-10-07,71875,34366,43146438,287217
2021-10-08,80631,33618,43227069,320835
2021-10-09,76109,22189,43303178,343024
2021-10-10,45782,13628,43348960,356652
2021-10-11,87447,41122,43436407,397774
2021-10-12,84515,46925,43520922,444699
2021-10-13,88209,52145,43609131,496844
2021-10-14,91549,58543,43700680,555387
2021-10-15,93599,55661,43794279,611048
2021-10-16,82972,36814,43877251,647862
2021-10-17,51461,23851,43928712,671713
2021-10-18,90304,59507,44019016,731220
2021-10-19,78351,69397,44097367,800617
2021-10-20,75070,78196,44172437,878813
2021-10-21,78306,81792,44250743,960605
2021-10-22,73779,77064,44324522,1037669
2021-10-23,60832,51970,44385354,1089639
2021-10-24,33371,23474,44418725,1113113
2021-10-25,64903,81655,44483628,1194768
2021-10-26,58373,91827,44542001,1286595
2021-10-27,58323,104020,44600324,1390615
2021-10-28,61454,114144,44661778,1504759
2021-10-29,61641,103167,44723419,1607926
2021-10-30,50678,68133,44774097,1676059
2021-10-31,25163,28305,44799260,1704364
2021-11-01,19048,28157,44818308,1732521
2021-11-02,62741,89427,44881049,1821948
2021-11-03,60723,118690,44941772,1940638
2021-11-04,59242,126690,45001014,2067328
2021-11-05,63093,135214,45064107,2202542
2021-11-06,46483,90936,45110590,2293478
2021-11-07,22252,37902,45132842,2331380
2021-11-08,51528,131293,45184370,2462673
2021-11-09,45401,144231,45229771,2606904
2021-11-10,42589,156369,45272360,2763273
2021-11-11,44931,155160,45317291,2918433
2021-11-12,46314,158668,45363605,3077101
2021-11-13,33265,116669,45396870,3193770
2021-11-14,14492,52457,45411362,3246227
2021-11-15,36908,157440,45448270,3403667
2021-11-16,30563,171398,45478833,3575065
2021-11-17,28469,178455,45507302,3753520
2021-11-18,30292,193753,45537594,3947273
2021-11-19,28813,205878,45566407,4153151
2021-11-20,21004,156456,45587411,4309607
2021-11-21,10612,64867,45598023,4374474
2021-11-22,21951,213161,45619974,4587635
2021-11-23,23590,241778,45643564,4829413
2021-11-24,27796,271037,45671360,5100450
2021-11-25,23254,301929,45694614,5402379
2021-11-26,24591,318297,45719205,5720676
2021-11-27,21395,266170,45740600,5986846
2021-11-28,9905,137066,45750505,6123912
2021-11-29,22357,326076,45772862,6449988
2021-11-30,23113,365857,45795975,6815845
2021-12-01,21542,413518,45817517,7229363
2021-12-02,23778,440431,45841295,7669794
2021-12-03,25268,467514,45866563,8137308
2021-12-04,22384,418792,45888947,8556100
2021-12-05,11941,261362,45900888,8817462
2021-12-06,25834,457621,45926722,9275083
2021-12-07,24154,480295,45950876,9755378
2021-12-08,10023,249715,45960899,10005093
2021-12-09,31612,491953,45992511,10497046
2021-12-10,28089,517918,46020600,11014964
2021-12-11,23582,459267,46044182,11474231
2021-12-12,12315,293523,46056497,11767754
2021-12-13,26170,467646,46082667,12235400
2021-12-14,25196,494229,46107863,12729629
2021-12-15,25359,517185,46133222,13246814
2021-12-16,27915,520292,46161137,13767106
2021-12-17,29384,517204,46190521,14284310
2021-12-18,27087,468771,46217608,14753081
2021-12-19,15163,300539,46232771,15053620
2021-12-20,30659,477499,46263430,15531119
2021-12-21,30405,493419,46293835,16024538
2021-12-22,29477,484743,46323312,16509281
2021-12-23,28278,426937,46351590,16936218
2021-12-24,13123,210837,46364713,17147055
2021-12-25,2103,33053,46366816,17180108
2021-12-26,8770,159075,46375586,17339183
2021-12-27,46830,504682,46422416,17843865
2021-12-28,42493,554240,46464909,18398105
2021-12-29,34382,550668,46499291,18948773
2021-12-30,31873,499852,46531164,19448625
2021-12-31,14136,247405,46545300,19696030
2022-01-01,3498,64815,46548798,19760845
2022-01-02,22806,276721,46571604,20037566
2022-01-03,47909,520028,46619513,20557594
2022-01-04,46432,572101,46665945,21129695
2022-01-05,40801,560411,46706746,21690106
2022-01-06,23522,274488,46730268,21964594
2022-01-07,63765,554215,46794033,22518809
2022-01-08,60932,503407,46854965,23022216
2022-01-09,42921,319697,46897886,23341913
2022-01-10,61138,542318,46959024,23884231
2022-01-11,61800,587026,47020824,24471257
2022-01-12,58516,581297,47079340,25052554
2022-01-13,58676,580421,47138016,25632975
2022-01-14,46887,588599,47184903,26221574
2022-01-15,39493,569971,47224396,26791545
2022-01-16,31286,341886,47255682,27133431
2022-01-17,54825,489681,47310507,27623112
2022-01-18,58443,517045,47368950,28140157
2022-01-19,57246,502813,47426196,28642970
2022-01-20,54390,498848,47480586,29141818
2022-01-21,42142,493890,47522728,29635708
2022-01-22,31249,469608,47553977,30105316
2022-01-23,34964,275385,47588941,30380701
2022-01-24,56207,437238,47645148,30817939
2022-01-25,61582,452124,47706730,31270063
2022-01-26,58565,435842,47765295,31705905
2022-01-27,48870,432392,47814165,32138297
2022-01-28,58733,436552,47872898,32574849
2022-01-29,68160,412504,47941058,32987353
2022-01-30,50396,235982,47991454,33223335
2022-01-31,60666,356939,48052120,33580274
2022-02-01,65586,328457,48117706,33908731
2022-02-02,63230,296984,48180936,34205715
2022-02-03,60077,274525,48241013,34480240
2022-02-04,72394,268467,48313407,34748707
2022-02-05,83807,248541,48397214,34997248
2022-02-06,55299,116207,48452513,35113455
2022-02-07,65166,199940,48517679,35313395
2022-02-08,66940,186119,48584619,35499514
2022-02-09,58768,166339,48643387,35665853
2022-02-10,58592,163241,48701979,35829094
2022-02-11,62264,162467,48764243,35991561
2022-02-12,71994,152148,48836237,36143709
2022-02-13,41475,68853,48877712,36212562
2022-02-14,46702,116188,48924414,36328750
2022-02-15,48546,123479,48972960,36452229
2022-02-16,45683,106122,49018643,36558351
2022-02-17,42870,98113,49061513,36656464
2022-02-18,46629,112578,49108142,36769042
2022-02-19,52542,100337,49160684,36869379
2022-02-20,31411,40366,49192095,36909745
2022-02-21,37893,89655,49229988,36999400
2022-02-22,37225,83778,49267213,37083178
2022-02-23,33397,79408,49300610,37162586
2022-02-24,32558,78162,49333168,37240748
2022-02-25,34765,90710,49367933,37331458
2022-02-26,39159,89135,49407092,37420593
2022-02-27,22546,35857,49429638,37456450
2022-02-28,28482,81693,49458120,37538143
2022-03-01,22723,53942,49480843,37592085
2022-03-02,21956,50683,49502799,37642768
2022-03-03,22623,54947,49525422,37697715
2022-03-04,23236,62800,49548658,37760515
2022-03-05,23801,57950,49572459,37818465
2022-03-06,9471,17201,49581930,37835666
2022-03-07,15919,51390,49597849,37887056
2022-03-08,15479,48796,49613328,37935852
2022-03-09,13813,46519,49627141,37982371
2022-03-10,14052,52120,49641193,38034491
2022-03-11,15586,57267,49656779,38091758
2022-03-12,15506,56620,49672285,38148378
2022-03-13,5544,16851,49677829,38165229
2022-03-14,10526,46700,49688355,38211929
2022-03-15,10548,46894,49698903,38258823
2022-03-16,9482,41973,49708385,38300796
2022-03-17,9718,44873,49718103,38345669
2022-03-18,10158,49056,49728261,38394725
2022-03-19,9150,46535,49737411,38441260
2022-03-20,2609,11702,49740020,38452962
2022-03-21,7580,40222,49747600,38493184
2022-03-22,8447,37759,49756047,38530943
2022-03-23,7215,33700,49763262,38564643
2022-03-24,8258,38806,49771520,38603449
2022-03-25,8141,43667,49779661,38647116
2022-03-26,8127,41721,49787788,38688837
2022-03-27,2430,9682,49790218,38698519
2022-03-28,6109,35239,49796327,38733758
2022-03-29,5777,32530,49802104,38766288
2022-03-30,5566,30205,49807670,38796493
2022-03-31,5898,33181,49813568,38829674
2022-04-01,4348,25190,49817916,38854864
2022-04-02,4495,23274,49822411,38878138
2022-04-03,1049,4500,49823460,38882638
2022-04-04,3657,21544,49827117,38904182
2022-04-05,3756,22932,49830873,38927114
2022-04-06,4103,21853,49834976,38948967
2022-04-07,3967,23320,49838943,38972287
2022-04-08,4692,26713,49843635,38999000
2022-04-09,4382,23886,49848017,39022886
2022-04-10,892,4613,49848909,39027499
2022-04-11,3816,22688,49852725,39050187
2022-04-12,3364,21778,49856089,39071965
2022-04-13,3568,21335,49859657,39093300
2022-04-14,3485,23786,49863142,39117086
2022-04-15,3084,20617,49866226,39137703
2022-04-16,2149,11918,49868375,39149621
2022-04-17,63,348,49868438,39149969
2022-04-18,152,650,49868590,39150619
2022-04-19,3499,21979,49872089,39172598
2022-04-20,3511,20251,49875600,39192849
2022-04-21,2847,19788,49878447,39212637
2022-04-22,2927,20703,49881374,39233340
2022-04-23,2645,16219,49884019,39249559
2022-04-24,509,2334,49884528,39251893
2022-04-25,183,1165,49884711,39253058
2022-04-26,2759,17807,49887470,39270865
2022-04-27,2374,15793,49889844,39286658
2022-04-28,2359,15560,49892203,39302218
2022-04-29,2295,14846,49894498,39317064
2022-04-30,2122,11581,49896620,39328645
2022-05-01,113,531,49896733,39329176
2022-05-02,1450,9391,49898183,39338567
2022-05-03,1576,10318,49899759,39348885
2022-05-04,1745,10268,49901504,39359153
2022-05-05,1653,10284,49903157,39369437
2022-05-06,1701,10958,49904858,39380395
2022-05-07,1431,8568,49906289,39388963
2022-05-08,416,1521,49906705,39390484
2022-05-09,1027,8929,49907732,39399413
2022-05-10,1424,9548,49909156,39408961
2022-05-11,1484,10098,49910640,39419059
2022-05-12,1369,10131,49912009,39429190
2022-05-13,1594,10518,49913603,39439708
2022-05-14,1357,8235,49914960,39447943
2022-05-15,336,1131,49915296,39449074
2022-05-16,813,8405,49916109,39457479
2022-05-17,1243,8697,49917352,39466176
2022-05-18,1372,9232,49918724,39475408
2022-05-19,1500,9277,49920224,39484685
2022-05-20,1421,9516,49921645,39494201
2022-05-21,1301,7900,49922946,39502101
2022-05-22,231,1013,49923177,39503114
2022-05-23,830,8267,49924007,39511381
2022-05-24,1073,8672,49925080,39520053
2022-05-25,1370,9460,49926450,39529513
2022-05-26,1195,9475,49927645,39538988
2022-05-27,1232,9914,49928877,39548902
2022-05-28,1205,7886,49930082,39556788
2022-05-29,288,1264,49930370,39558052
2022-05-30,930,8055,49931300,39566107
2022-05-31,1036,8547,49932336,39574654
2022-06-01,891,7655,49933227,39582309
2022-06-02,35,474,49933262,39582783
2022-06-03,818,7333,49934080,39590116
2022-06-04,870,5161,49934950,39595277
2022-06-05,89,586,49935039,39595863
2022-06-06,678,6992,49935717,39602855
2022-06-07,952,7849,49936669,39610704
2022-06-08,980,7908,49937649,39618612
2022-06-09,1037,8414,49938686,39627026
2022-06-10,958,8564,49939644,39635590
2022-06-11,903,6207,49940547,39641797
2022-06-12,140,768,49940687,39642565
2022-06-13,602,6301,49941289,39648866
2022-06-14,830,7896,49942119,39656762
2022-06-15,955,7853,49943074,39664615
2022-06-16,730,7393,49943804,39672008
2022-06-17,723,7243,49944527,39679251
2022-06-18,777,5593,49945304,39684844
2022-06-19,48,522,49945352,39685366
2022-06-20,587,6699,49945939,39692065
2022-06-21,736,7665,49946675,39699730
2022-06-22,781,7308,49947456,39707038
2022-06-23,652,7467,49948108,39714505
2022-06-24,644,7474,49948752,39721979
2022-06-25,835,6534,49949587,39728513
2022-06-26,128,523,49949715,39729036
2022-06-27,533,7124,49950248,39736160
2022-06-28,746,8207,49950994,39744367
2022-06-29,756,7731,49951750,39752098
2022-06-30,745,8144,49952495,39760242
2022-07-01,577,6443,49953072,39766685
2022-07-02,536,4770,49953608,39771455
2022-07-03,49,456,49953657,39771911
2022-07-04,469,6277,49954126,39778188
2022-07-05,629,8118,49954755,39786306
2022-07-06,633,7610,49955388,39793916
2022-07-07,572,8271,49955960,39802187
2022-07-08,673,8082,49956633,39810269
2022-07-09,550,6104,49957183,39816373
2022-07-10,58,533,49957241,39816906
2022-07-11,487,7638,49957728,39824544
2022-07-12,667,9029,49958395,39833573
2022-07-13,641,10067,49959036,39843640
2022-07-14,635,10224,49959671,39853864
2022-07-15,625,10668,49960296,39864532
2022-07-16,522,7214,49960818,39871746
2022-07-17,48,770,49960866,39872516
2022-07-18,497,9368,49961363,39881884
2022-07-19,574,10682,49961937,39892566
2022-07-20,580,11272,49962517,39903838
2022-07-21,627,12086,49963144,39915924
2022-07-22,583,11257,49963727,39927181
2022-07-23,380,6771,49964107,39933952
2022-07-24,76,857,49964183,39934809
2022-07-25,503,9051,49964686,39943860
2022-07-26,519,9758,49965205,39953618
2022-07-27,552,10199,49965757,39963817
2022-07-28,530,10535,49966287,39974352
2022-07-29,511,9464,49966798,39983816
2022-07-30,382,5881,49967180,39989697
2022-07-31,49,764,49967229,39990461
2022-08-01,386,6864,49967615,39997325
2022-08-02,540,7584,49968155,40004909
2022-08-03,512,7175,49968667,40012084
2022-08-04,455,7489,49969122,40019573
2022-08-05,420,6525,49969542,40026098
2022-08-06,299,3612,49969841,40029710
2022-08-07,44,562,49969885,40030272
2022-08-08,402,4893,49970287,40035165
2022-08-09,381,5307,49970668,40040472
2022-08-10,381,4815,49971049,40045287
2022-08-11,366,4778,49971415,40050065
2022-08-12,292,3721,49971707,40053786
2022-08-13,143,1600,49971850,40055386
2022-08-14,9,129,49971859,40055515
2022-08-15,1,26,49971860,40055541
2022-08-16,283,3043,49972143,40058584
2022-08-17,352,3536,49972495,40062120
2022-08-18,391,4160,49972886,40066280
2022-08-19,341,3320,49973227,40069600
2022-08-20,183,1715,49973410,40071315
2022-08-21,24,149,49973434,40071464
2022-08-22,329,2951,49973763,40074415
2022-08-23,370,3674,49974133,40078089
2022-08-24,383,3359,49974516,40081448
2022-08-25,421,3772,49974937,40085220
2022-08-26,400,3571,49975337,40088791
2022-08-27,237,1769,49975574,40090560
2022-08-28,29,267,49975603,40090827
2022-08-29,354,3161,49975957,40093988
2022-08-30,403,3670,49976360,40097658
2022-08-31,437,3734,49976797,40101392
2022-09-01,353,3117,49977150,40104509
2022-09-02,296,2890,49977446,40107399
2022-09-03,200,1688,49977646,40109087
2022-09-04,23,149,49977669,40109236
2022-09-05,187,2655,49977856,40111891
2022-09-06,303,2986,49978159,40114877
2022-09-07,540,2936,49978699,40117813
2022-09-08,291,2960,49978990,40120773
2022-09-09,305,2884,49979295,40123657
2022-09-10,227,1326,49979522,40124983
2022-09-11,22,124,49979544,40125107
2022-09-12,267,2263,49979811,40127370
2022-09-13,252,2274,49980063,40129644
2022-09-14,265,2564,49980328,40132208
2022-09-15,280,2493,49980608,40134701
2022-09-16,253,2544,49980861,40137245
2022-09-17,239,1339,49981100,40138584
2022-09-18,20,170,49981120,40138754
2022-09-19,206,1969,49981326,40140723
2022-09-20,236,2384,49981562,40143107
2022-09-21,289,2526,49981851,40145633
2022-09-22,263,2651,49982114,40148284
2022-09-23,258,2537,49982372,40150821
2022-09-24,193,1427,49982565,40152248
2022-09-25,29,133,49982594,40152381
2022-09-26,280,2247,49982874,40154628
2022-09-27,287,2671,49983161,40157299
2022-09-28,309,2895,49983470,40160194
2022-09-29,256,3045,49983726,40163239
2022-09-30,290,2973,49984016,40166212
2022-10-01,194,1514,49984210,40167726
2022-10-02,12,187,49984222,40167913
2022-10-03,182,2473,49984404,40170386
2022-10-04,236,2860,49984640,40173246
2022-10-05,226,3217,49984866,40176463
2022-10-06,241,3839,49985107,40180302
2022-10-07,282,4162,49985389,40184464
2022-10-08,201,2235,49985590,40186699
2022-10-09,8,304,49985598,40187003
2022-10-10,206,3337,49985804,40190340
2022-10-11,191,4349,49985995,40194689
2022-10-12,208,4414,49986203,40199103
2022-10-13,200,5296,49986403,40204399
2022-10-14,229,5015,49986632,40209414
2022-10-15,188,2669,49986820,40212083
2022-10-16,6,360,49986826,40212443
2022-10-17,186,3856,49987012,40216299
2022-10-18,256,4949,49987268,40221248
2022-10-19,237,5462,49987505,40226710
2022-10-20,222,5970,49987727,40232680
2022-10-21,250,5452,49987977,40238132
2022-10-22,194,2907,49988171,40241039
2022-10-23,13,356,49988184,40241395
2022-10-24,170,3909,49988354,40245304
2022-10-25,252,4908,49988606,40250212
2022-10-26,337,5463,49988943,40255675
2022-10-27,240,5606,49989183,40261281
2022-10-28,199,5216,49989382,40266497
2022-10-29,127,2832,49989509,40269329
2022-10-30,3,326,49989512,40269655
2022-10-31,115,3016,49989627,40272671
2022-11-01,10,327,49989637,40272998
2022-11-02,145,3670,49989782,40276668
2022-11-03,169,4735,49989951,40281403
2022-11-04,216,4517,49990167,40285920
2022-11-05,142,2569,49990309,40288489
2022-11-06,10,257,49990319,40288746
2022-11-07,157,3137,49990476,40291883
2022-11-08,254,4100,49990730,40295983
2022-11-09,186,4111,49990916,40300094
2022-11-10,171,4356,49991087,40304450
2022-11-11,191,3867,49991278,40308317