data_somministrazione,vaccinazioni,booster,cum_vaccinazioni,cum_booster
2020-12-27,20,0,20,0
2020-12-28,2,0,22,0
2020-12-29,1,0,23,0
2020-12-30,9,0,32,0
2020-12-31,73,0,105,0
2021-01-01,24,0,129,0
2021-01-02,131,0,260,0
2021-01-03,94,0,354,0
2021-01-04,224,0,578,0
2021-01-05,263,0,841,0
2021-01-06,231,0,1072,0
2021-01-07,315,0,1387,0
2021-01-08,361,0,1748,0
2021-01-09,268,0,2016,0
2021-01-10,163,0,2179,0
2021-01-11,293,0,2472,0
2021-01-12,279,0,2751,0
2021-01-13,407,0,3158,0
2021-01-14,491,0,3649,0
2021-01-15,311,0,3960,0
2021-01-16,217,0,4177,0
2021-01-17,3062,0,7239,0
2021-01-18,5215,0,12454,0
2021-01-19,1893,0,14347,0
2021-01-20,4657,0,19004,0
2021-01-21,20009,0,39013,0
2021-01-22,14220,0,53233,0
2021-01-23,33329,0,86562,0
2021-01-24,30781,0,117343,0
2021-01-25,64718,0,182061,0
2021-01-26,76482,0,258543,0
2021-01-27,64823,0,323366,0
2021-01-28,89262,0,412628,0
2021-01-29,94011,0,506639,0
2021-01-30,86549,0,593188,0
2021-01-31,57327,0,650515,0
2021-02-01,81845,0,732360,0
2021-02-02,82138,0,814498,0
2021-02-03,91109,0,905607,0
2021-02-04,95397,0,1001004,0
2021-02-05,90268,0,1091272,0
2021-02-06,63447,0,1154719,0
2021-02-07,32933,0,1187652,0
2021-02-08,40422,0,1228074,0
2021-02-09,32874,0,1260948,0
2021-02-10,28432,0,1289380,0
2021-02-11,20403,0,1309783,0
2021-02-12,16241,0,1326024,0
2021-02-13,7275,0,1333299,0
2021-02-14,2862,0,1336161,0
2021-02-15,6845,0,1343006,0
2021-02-16,7002,0,1350008,0
2021-02-17,10526,0,1360534,0
2021-02-18,9252,0,1369786,0
2021-02-19,8252,0,1378038,0
2021-02-20,5571,0,1383609,0
2021-02-21,3007,0,1386616,0
2021-02-22,6885,0,1393501,0
2021-02-23,7180,0,1400681,0
2021-02-24,9809,0,1410490,0
2021-02-25,14210,0,1424700,0
2021-02-26,17558,0,1442258,0
2021-02-27,13916,0,1456174,0
2021-02-28,9390,0,1465564,0
2021-03-01,26517,0,1492081,0
2021-03-02,33248,0,1525329,0
2021-03-03,44647,0,1569976,0
2021-03-04,50292,0,1620268,0
2021-03-05,55736,0,1676004,0
2021-03-06,41874,0,1717878,0
2021-03-07,22325,0,1740203,0
2021-03-08,50829,0,1791032,0
2021-03-09,53082,0,1844114,0
2021-03-10,58662,0,1902776,0
2021-03-11,63873,0,1966649,0
2021-03-12,65122,0,2031771,0
2021-03-13,51728,0,2083499,0
2021-03-14,35410,0,2118909,0
2021-03-15,73451,0,2192360,0
2021-03-16,74027,0,2266387,0
2021-03-17,83135,0,2349522,0
2021-03-18,81630,0,2431152,0
2021-03-19,81086,0,2512238,0
2021-03-20,64730,0,2576968,0
2021-03-21,47307,0,2624275,0
2021-03-22,69491,0,2693766,0
2021-03-23,75808,0,2769574,0
2021-03-24,90916,0,2860490,0
2021-03-25,89818,0,2950308,0
2021-03-26,83635,0,3033943,0
2021-03-27,71948,0,3105891,0
2021-03-28,44160,0,3150051,0
2021-03-29,70840,0,3220891,0
2021-03-30,81394,0,3302285,0
2021-03-31,96249,0,3398534,0
2021-04-01,95315,0,3493849,0
2021-04-02,84080,0,3577929,0
2021-04-03,64305,0,3642234,0
2021-04-04,21723,0,3663957,0
2021-04-05,40318,0,3704275,0
2021-04-06,81328,0,3785603,0
2021-04-07,95837,0,3881440,0
2021-04-08,95251,0,3976691,0
2021-04-09,88499,0,4065190,0
2021-04-10,74031,0,4139221,0
2021-04-11,44764,0,4183985,0
2021-04-12,66922,0,4250907,0
2021-04-13,72585,0,4323492,0
2021-04-14,85550,0,4409042,0
2021-04-15,105415,0,4514457,0
2021-04-16,106420,0,4620877,0
2021-04-17,90522,0,4711399,0
2021-04-18,58595,0,4769994,0
2021-04-19,93433,0,4863427,0
2021-04-20,103773,0,4967200,0
2021-04-21,125346,0,5092546,0
2021-04-22,143520,0,5236066,0
2021-04-23,138749,0,5374815,0
2021-04-24,124451,0,5499266,0
2021-04-25,61461,0,5560727,0
2021-04-26,97899,0,5658626,0
2021-04-27,128366,0,5786992,0
2021-04-28,156383,0,5943375,0
2021-04-29,195605,0,6138980,0
2021-04-30,214595,0,6353575,0
2021-05-01,174132,0,6527707,0
2021-05-02,135806,0,6663513,0
2021-05-03,142056,0,6805569,0
2021-05-04,158701,0,6964270,0
2021-05-05,170521,0,7134791,0
2021-05-06,197821,0,7332612,0
2021-05-07,213860,0,7546472,0
2021-05-08,213436,0,7759908,0
2021-05-09,143210,0,7903118,0
2021-05-10,165090,0,8068208,0
2021-05-11,174998,0,8243206,0
2021-05-12,179202,0,8422408,0
2021-05-13,203402,0,8625810,0
2021-05-14,222933,0,8848743,0
2021-05-15,210376,0,9059119,0
2021-05-16,159282,0,9218401,0
2021-05-17,219210,0,9437611,0
2021-05-18,213027,0,9650638,0
2021-05-19,207096,0,9857734,0
2021-05-20,270882,0,10128616,0
2021-05-21,270908,0,10399524,0
2021-05-22,245530,0,10645054,0
2021-05-23,197184,0,10842238,0
2021-05-24,228308,0,11070546,0
2021-05-25,245699,0,11316245,0
2021-05-26,277511,0,11593756,0
2021-05-27,311090,0,11904846,0
2021-05-28,299580,0,12204426,0
2021-05-29,231241,0,12435667,0
2021-05-30,170845,0,12606512,0
2021-05-31,216430,0,12822942,0
2021-06-01,207636,0,13030578,0
2021-06-02,115803,0,13146381,0
2021-06-03,180162,0,13326543,0
2021-06-04,184894,0,13511437,0
2021-06-05,185977,0,13697414,0
2021-06-06,139566,0,13836980,0
2021-06-07,161885,0,13998865,0
2021-06-08,171261,0,14170126,0
2021-06-09,171504,0,14341630,0
2021-06-10,174129,0,14515759,0
2021-06-11,170002,0,14685761,0
2021-06-12,128349,0,14814110,0
2021-06-13,91214,0,14905324,0
2021-06-14,214698,0,15120022,0
2021-06-15,228436,0,15348458,0
2021-06-16,253090,0,15601548,0
2021-06-17,301752,0,15903300,0
2021-06-18,306317,0,16209617,0
2021-06-19,275099,0,16484716,0
2021-06-20,220803,0,16705519,0
2021-06-21,288075,0,16993594,0
2021-06-22,296236,0,17289830,0
2021-06-23,302690,0,17592520,0
2021-06-24,332608,0,17925128,0
2021-06-25,348721,0,18273849,0
2021-06-26,300130,0,18573979,0
2021-06-27,228677,0,18802656,0
2021-06-28,307126,0,19109782,0
2021-06-29,329311,0,19439093,0
2021-06-30,342184,0,19781277,0
2021-07-01,363230,0,20144507,0
2021-07-02,368482,0,20512989,0
2021-07-03,371098,0,20884087,0
2021-07-04,283227,0,21167314,0
2021-07-05,384555,0,21551869,0
2021-07-06,385488,0,21937357,0
2021-07-07,412127,0,22349484,0
2021-07-08,479600,0,22829084,0
2021-07-09,498481,0,23327565,0
2021-07-10,475180,0,23802745,0
2021-07-11,357700,0,24160445,0
2021-07-12,485892,0,24646337,0
2021-07-13,492089,0,25138426,0
2021-07-14,480451,0,25618877,0
2021-07-15,523437,0,26142314,0
2021-07-16,509761,0,26652075,0
2021-07-17,464332,0,27116407,0
2021-07-18,364640,0,27481047,0
2021-07-19,463048,0,27944095,0
2021-07-20,458063,0,28402158,0
2021-07-21,462795,0,28864953,0
2021-07-22,475388,0,29340341,0
2021-07-23,441329,0,29781670,0
2021-07-24,386157,0,30167827,0
2021-07-25,287563,0,30455390,0
2021-07-26,430896,0,30886286,0
2021-07-27,440127,0,31326413,0
2021-07-28,391026,0,31717439,0
2021-07-29,372079,0,32089518,0
2021-07-30,341514,0,32431032,0
2021-07-31,287034,0,32718066,0
2021-08-01,191001,0,32909067,0
2021-08-02,333703,0,33242770,0
2021-08-03,323197,0,33565967,0
2021-08-04,310982,0,33876949,0
2021-08-05,292496,0,34169445,0
2021-08-06,260021,0,34429466,0
2021-08-07,199056,0,34628522,0
2021-08-08,153107,0,34781629,0
2021-08-09,234080,0,35015709,0
2021-08-10,205263,0,35220972,0
2021-08-11,193781,0,35414753,0
2021-08-12,168046,0,35582799,0
2021-08-13,148647,0,35731446,0
2021-08-14,66096,0,35797542,0
2021-08-15,26339,0,35823881,0
2021-08-16,114708,0,35938589,0
2021-08-17,129257,0,36067846,0
2021-08-18,128759,0,36196605,0
2021-08-19,124835,0,36321440,0
2021-08-20,123798,0,36445238,0
2021-08-21,83134,0,36528372,0
2021-08-22,68178,0,36596550,0
2021-08-23,176867,0,36773417,0
2021-08-24,156895,0,36930312,0
2021-08-25,177174,0,37107486,0
2021-08-26,172364,0,37279850,0
2021-08-27,185836,0,37465686,0
2021-08-28,140284,0,37605970,0
2021-08-29,98989,0,37704959,0
2021-08-30,209596,0,37914555,0
2021-08-31,194641,0,38109196,0
2021-09-01,192208,0,38301404,0
2021-09-02,189934,0,38491338,0
2021-09-03,191292,0,38682630,0
2021-09-04,131458,0,38814088,0
2021-09-05,87857,0,38901945,0
2021-09-06,193618,0,39095563,0
2021-09-07,196035,0,39291598,0
2021-09-08,187878,0,39479476,0
2021-09-09,201438,0,39680914,0
2021-09-10,198069,0,39878983,0
2021-09-11,141292,0,40020275,0
2021-09-12,89594,0,40109869,0
2021-09-13,191117,620,40300986,620
2021-09-14,177226,626,40478212,1246
2021-09-15,163086,635,40641298,1881
2021-09-16,160065,974,40801363,2855
2021-09-17,150167,1153,40951530,4008
2021-09-18,127981,763,41079511,4771
2021-09-19,81140,504,41160651,5275
2021-09-20,180067,9114,41340718,14389
2021-09-21,166663,8849,41507381,23238
2021-09-22,159099,9454,41666480,32692
2021-09-23,138087,9348,41804567,42040
2021-09-24,140551,8994,41945118,51034
2021-09-25,119564,5659,42064682,56693
2021-09-26,71981,4357,42136663,61050
2021-09-27,135666,10070,42272329,71120
2021-09-28,117511,11415,42389840,82535
2021-09-29,112362,11846,42502202,94381
2021-09-30,110273,14974,42612475,109355
2021-10-01,94995,19130,42707470,128485
2021-10-02,78512,14037,42785982,142522
2021-10-03,47754,7666,42833736,150188
2021-10-04,88387,34472,42922123,184660
2021-10-05,80381,34007,43002504,218667
2021-10-06,72003,34193,43074507,252860
2021-10-07,71875,34366,43146382,287226
2021-10-08,80631,33618,43227013,320844
2021-10-09,76109,22189,43303122,343033
2021-10-10,45782,13628,43348904,356661
2021-10-11,87448,41122,43436352,397783
2021-10-12,84515,46925,43520867,444708
2021-10-13,88209,52145,43609076,496853
2021-10-14,91548,58543,43700624,555396
2021-10-15,93596,55664,43794220,611060
2021-10-16,82972,36814,43877192,647874
2021-10-17,51461,23851,43928653,671725
2021-10-18,90304,59507,44018957,731232
2021-10-19,78351,69397,44097308,800629
2021-10-20,75069,78197,44172377,878826
2021-10-21,78303,81796,44250680,960622
2021-10-22,73779,77065,44324459,1037687
2021-10-23,60833,51970,44385292,1089657
2021-10-24,33371,23474,44418663,1113131
2021-10-25,64903,81655,44483566,1194786
2021-10-26,58373,91827,44541939,1286613
2021-10-27,58323,104020,44600262,1390633
2021-10-28,61452,114146,44661714,1504779
2021-10-29,61640,103168,44723354,1607947
2021-10-30,50678,68133,44774032,1676080
2021-10-31,25163,28305,44799195,1704385
2021-11-01,19048,28157,44818243,1732542
2021-11-02,62741,89427,44880984,1821969
2021-11-03,60723,118690,44941707,1940659
2021-11-04,59242,126690,45000949,2067349
2021-11-05,63093,135215,45064042,2202564
2021-11-06,46483,90936,45110525,2293500
2021-11-07,22252,37902,45132777,2331402
2021-11-08,51528,131293,45184305,2462695
2021-11-09,45401,144231,45229706,2606926
2021-11-10,42590,156369,45272296,2763295
2021-11-11,44930,155160,45317226,2918455
2021-11-12,46314,158668,45363540,3077123
2021-11-13,33265,116669,45396805,3193792
2021-11-14,14492,52457,45411297,3246249
2021-11-15,36907,157441,45448204,3403690
2021-11-16,30562,171398,45478766,3575088
2021-11-17,28469,178455,45507235,3753543
2021-11-18,30292,193753,45537527,3947296
2021-11-19,28813,205878,45566340,4153174
2021-11-20,21003,156457,45587343,4309631
2021-11-21,10612,64867,45597955,4374498
2021-11-22,21951,213161,45619906,4587659
2021-11-23,23590,241778,45643496,4829437
2021-11-24,27796,271036,45671292,5100473
2021-11-25,23256,301927,45694548,5402400
2021-11-26,24591,318297,45719139,5720697
2021-11-27,21395,266169,45740534,5986866
2021-11-28,9905,137066,45750439,6123932
2021-11-29,22357,326076,45772796,6450008
2021-11-30,23111,365858,45795907,6815866
2021-12-01,21542,413519,45817449,7229385
2021-12-02,23778,440431,45841227,7669816
2021-12-03,25268,467515,45866495,8137331
2021-12-04,22385,418791,45888880,8556122
2021-12-05,11941,261362,45900821,8817484
2021-12-06,25834,457620,45926655,9275104
2021-12-07,24154,480295,45950809,9755399
2021-12-08,10023,249715,45960832,10005114
2021-12-09,31611,491954,45992443,10497068
2021-12-10,28089,517919,46020532,11014987
2021-12-11,23582,459267,46044114,11474254
2021-12-12,12315,293523,46056429,11767777
2021-12-13,26170,467646,46082599,12235423
2021-12-14,25196,494230,46107795,12729653
2021-12-15,25359,517185,46133154,13246838
2021-12-16,27915,520293,46161069,13767131
2021-12-17,29384,517204,46190453,14284335
2021-12-18,27087,468771,46217540,14753106
2021-12-19,15162,300540,46232702,15053646
2021-12-20,30659,477499,46263361,15531145
2021-12-21,30405,493419,46293766,16024564
2021-12-22,29476,484745,46323242,16509309
2021-12-23,28278,426937,46351520,16936246
2021-12-24,13123,210837,46364643,17147083
2021-12-25,2103,33053,46366746,17180136
2021-12-26,8770,159075,46375516,17339211
2021-12-27,46829,504683,46422345,17843894
2021-12-28,42493,554241,46464838,18398135
2021-12-29,34382,550669,46499220,18948804
2021-12-30,31870,499855,46531090,19448659
2021-12-31,14136,247405,46545226,19696064
2022-01-01,3498,64815,46548724,19760879
2022-01-02,22806,276722,46571530,20037601
2022-01-03,47908,520029,46619438,20557630
2022-01-04,46432,572101,46665870,21129731
2022-01-05,40801,560411,46706671,21690142
2022-01-06,23520,274489,46730191,21964631
2022-01-07,63765,554215,46793956,22518846
2022-01-08,60932,503407,46854888,23022253
2022-01-09,42921,319697,46897809,23341950
2022-01-10,61138,542318,46958947,23884268
2022-01-11,61800,587027,47020747,24471295
2022-01-12,58515,581298,47079262,25052593
2022-01-13,58675,580422,47137937,25633015
2022-01-14,46886,588601,47184823,26221616
2022-01-15,39493,569971,47224316,26791587
2022-01-16,31286,341886,47255602,27133473
2022-01-17,54825,489681,47310427,27623154
2022-01-18,58443,517045,47368870,28140199
2022-01-19,57246,502813,47426116,28643012
2022-01-20,54388,498850,47480504,29141862
2022-01-21,42142,493890,47522646,29635752
2022-01-22,31249,469611,47553895,30105363
2022-01-23,34964,275385,47588859,30380748
2022-01-24,56207,437238,47645066,30817986
2022-01-25,61582,452124,47706648,31270110
2022-01-26,58565,435842,47765213,31705952
2022-01-27,48870,432392,47814083,32138344
2022-01-28,58733,436552,47872816,32574896
2022-01-29,68160,412504,47940976,32987400
2022-01-30,50396,235982,47991372,33223382
2022-01-31,60666,356939,48052038,33580321
2022-02-01,65585,328458,48117623,33908779
2022-02-02,63230,296984,48180853,34205763
2022-02-03,60077,274525,48240930,34480288
2022-02-04,72393,268468,48313323,34748756
2022-02-05,83806,248541,48397129,34997297
2022-02-06,55299,116207,48452428,35113504
2022-02-07,65165,199941,48517593,35313445
2022-02-08,66940,186119,48584533,35499564
2022-02-09,58768,166339,48643301,35665903
2022-02-10,58592,163241,48701893,35829144
2022-02-11,62264,162467,48764157,35991611
2022-02-12,71993,152149,48836150,36143760
2022-02-13,41475,68853,48877625,36212613
2022-02-14,46702,116188,48924327,36328801
2022-02-15,48546,123479,48972873,36452280
2022-02-16,45683,106122,49018556,36558402
2022-02-17,42870,98113,49061426,36656515
2022-02-18,46629,112578,49108055,36769093
2022-02-19,52542,100337,49160597,36869430
2022-02-20,31411,40366,49192008,36909796
2022-02-21,37893,89655,49229901,36999451
2022-02-22,37225,83778,49267126,37083229
2022-02-23,33398,79408,49300524,37162637
2022-02-24,32558,78161,49333082,37240798
2022-02-25,34765,90710,49367847,37331508
2022-02-26,39159,89135,49407006,37420643
2022-02-27,22546,35857,49429552,37456500
2022-02-28,28482,81693,49458034,37538193
2022-03-01,22723,53942,49480757,37592135
2022-03-02,21956,50683,49502713,37642818
2022-03-03,22623,54947,49525336,37697765
2022-03-04,23236,62800,49548572,37760565
2022-03-05,23800,57951,49572372,37818516
2022-03-06,9471,17201,49581843,37835717
2022-03-07,15919,51390,49597762,37887107
2022-03-08,15479,48796,49613241,37935903
2022-03-09,13813,46519,49627054,37982422
2022-03-10,14052,52120,49641106,38034542
2022-03-11,15586,57267,49656692,38091809
2022-03-12,15506,56620,49672198,38148429
2022-03-13,5544,16851,49677742,38165280
2022-03-14,10526,46700,49688268,38211980
2022-03-15,10548,46894,49698816,38258874
2022-03-16,9482,41973,49708298,38300847
2022-03-17,9718,44874,49718016,38345721
2022-03-18,10158,49056,49728174,38394777
2022-03-19,9150,46535,49737324,38441312
2022-03-20,2609,11702,49739933,38453014
2022-03-21,7580,40222,49747513,38493236
2022-03-22,8447,37759,49755960,38530995
2022-03-23,7215,33700,49763175,38564695
2022-03-24,8258,38806,49771433,38603501
2022-03-25,8141,43667,49779574,38647168
2022-03-26,8127,41721,49787701,38688889
2022-03-27,2430,9682,49790131,38698571
2022-03-28,6109,35239,49796240,38733810
2022-03-29,5777,32530,49802017,38766340
2022-03-30,5566,30205,49807583,38796545
2022-03-31,5898,33181,49813481,38829726
2022-04-01,4348,25190,49817829,38854916
2022-04-02,4495,23274,49822324,38878190
2022-04-03,1049,4500,49823373,38882690
2022-04-04,3657,21544,49827030,38904234
2022-04-05,3756,22932,49830786,38927166
2022-04-06,4103,21853,49834889,38949019
2022-04-07,3967,23320,49838856,38972339
2022-04-08,4692,26713,49843548,38999052
2022-04-09,4382,23886,49847930,39022938
2022-04-10,892,4613,49848822,39027551
2022-04-11,3816,22688,49852638,39050239
2022-04-12,3364,21778,49856002,39072017
2022-04-13,3568,21335,49859570,39093352
2022-04-14,3485,23786,49863055,39117138
2022-04-15,3084,20617,49866139,39137755
2022-04-16,2149,11918,49868288,39149673
2022-04-17,63,348,49868351,39150021
2022-04-18,152,650,49868503,39150671
2022-04-19,3499,21979,49872002,39172650
2022-04-20,3511,20251,49875513,39192901
2022-04-21,2847,19790,49878360,39212691
2022-04-22,2927,20703,49881287,39233394
2022-04-23,2645,16219,49883932,39249613
2022-04-24,509,2334,49884441,39251947
2022-04-25,183,1165,49884624,39253112
2022-04-26,2759,17807,49887383,39270919
2022-04-27,2374,15793,49889757,39286712
2022-04-28,2359,15560,49892116,39302272
2022-04-29,2295,14846,49894411,39317118
2022-04-30,2122,11581,49896533,39328699
2022-05-01,113,531,49896646,39329230
2022-05-02,1450,9391,49898096,39338621
2022-05-03,1576,10318,49899672,39348939
2022-05-04,1745,10268,49901417,39359207
2022-05-05,1653,10284,49903070,39369491
2022-05-06,1701,10958,49904771,39380449
2022-05-07,1431,8568,49906202,39389017
2022-05-08,416,1521,49906618,39390538
2022-05-09,1027,8929,49907645,39399467
2022-05-10,1424,9548,49909069,39409015
2022-05-11,1484,10098,49910553,39419113
2022-05-12,1369,10131,49911922,39429244
2022-05-13,1594,10517,49913516,39439761
2022-05-14,1357,8236,49914873,39447997
2022-05-15,336,1131,49915209,39449128
2022-05-16,813,8405,49916022,39457533
2022-05-17,1243,8697,49917265,39466230
2022-05-18,1372,9232,49918637,39475462
2022-05-19,1500,9277,49920137,39484739
2022-05-20,1421,9516,49921558,39494255
2022-05-21,1301,7900,49922859,39502155
2022-05-22,231,1013,49923090,39503168
2022-05-23,830,8267,49923920,39511435
2022-05-24,1073,8672,49924993,39520107
2022-05-25,1370,9460,49926363,39529567
2022-05-26,1195,9475,49927558,39539042
2022-05-27,1232,9914,49928790,39548956
2022-05-28,1205,7886,49929995,39556842
2022-05-29,288,1264,49930283,39558106
2022-05-30,930,8055,49931213,39566161
2022-05-31,1036,8547,49932249,39574708
2022-06-01,891,7655,49933140,39582363
2022-06-02,35,474,49933175,39582837
2022-06-03,818,7333,49933993,39590170
2022-06-04,870,5161,49934863,39595331
2022-06-05,89,586,49934952,39595917
2022-06-06,678,6992,49935630,39602909
2022-06-07,952,7849,49936582,39610758
2022-06-08,980,7908,49937562,39618666
2022-06-09,1037,8414,49938599,39627080
2022-06-10,958,8564,49939557,39635644
2022-06-11,903,6207,49940460,39641851
2022-06-12,140,768,49940600,39642619
2022-06-13,602,6301,49941202,39648920
2022-06-14,830,7896,49942032,39656816
2022-06-15,955,7853,49942987,39664669
2022-06-16,730,7393,49943717,39672062
2022-06-17,723,7243,49944440,39679305
2022-06-18,777,5593,49945217,39684898
2022-06-19,48,522,49945265,39685420
2022-06-20,587,6699,49945852,39692119
2022-06-21,736,7665,49946588,39699784
2022-06-22,781,7308,49947369,39707092
2022-06-23,652,7468,49948021,39714560
2022-06-24,644,7474,49948665,39722034
2022-06-25,835,6534,49949500,39728568
2022-06-26,128,523,49949628,39729091
2022-06-27,533,7124,49950161,39736215
2022-06-28,746,8207,49950907,39744422
2022-06-29,756,7731,49951663,39752153
2022-06-30,745,8144,49952408,39760297
2022-07-01,577,6443,49952985,39766740
2022-07-02,536,4770,49953521,39771510
2022-07-03,49,456,49953570,39771966
2022-07-04,469,6277,49954039,39778243
2022-07-05,629,8118,49954668,39786361
2022-07-06,633,7610,49955301,39793971
2022-07-07,572,8271,49955873,39802242
2022-07-08,672,8082,49956545,39810324
2022-07-09,550,6104,49957095,39816428
2022-07-10,58,533,49957153,39816961
2022-07-11,487,7638,49957640,39824599
2022-07-12,667,9028,49958307,39833627
2022-07-13,641,10067,49958948,39843694
2022-07-14,635,10224,49959583,39853918
2022-07-15,625,10667,49960208,39864585
2022-07-16,522,7214,49960730,39871799
2022-07-17,48,770,49960778,39872569
2022-07-18,497,9368,49961275,39881937
2022-07-19,574,10682,49961849,39892619
2022-07-20,580,11272,49962429,39903891
2022-07-21,627,12086,49963056,39915977
2022-07-22,583,11257,49963639,39927234
2022-07-23,380,6771,49964019,39934005
2022-07-24,76,857,49964095,39934862
2022-07-25,503,9051,49964598,39943913
2022-07-26,519,9758,49965117,39953671
2022-07-27,552,10199,49965669,39963870
2022-07-28,530,10535,49966199,39974405
2022-07-29,511,9464,49966710,39983869
2022-07-30,382,5881,49967092,39989750
2022-07-31,49,764,49967141,39990514
2022-08-01,386,6864,49967527,39997378
2022-08-02,540,7584,49968067,40004962
2022-08-03,512,7175,49968579,40012137
2022-08-04,455,7489,49969034,40019626
2022-08-05,420,6525,49969454,40026151
2022-08-06,299,3612,49969753,40029763
2022-08-07,44,561,49969797,40030324
2022-08-08,402,4893,49970199,40035217
2022-08-09,381,5307,49970580,40040524
2022-08-10,381,4815,49970961,40045339
2022-08-11,366,4778,49971327,40050117
2022-08-12,292,3721,49971619,40053838
2022-08-13,143,1600,49971762,40055438
2022-08-14,9,129,49971771,40055567
2022-08-15,1,26,49971772,40055593
2022-08-16,283,3043,49972055,40058636
2022-08-17,352,3536,49972407,40062172
2022-08-18,391,4160,49972798,40066332
2022-08-19,341,3320,49973139,40069652
2022-08-20,183,1715,49973322,40071367
2022-08-21,24,149,49973346,40071516
2022-08-22,329,2951,49973675,40074467
2022-08-23,370,3674,49974045,40078141
2022-08-24,383,3359,49974428,40081500
2022-08-25,421,3772,49974849,40085272
2022-08-26,400,3571,49975249,40088843
2022-08-27,237,1769,49975486,40090612
2022-08-28,29,267,49975515,40090879
2022-08-29,354,3161,49975869,40094040
2022-08-30,403,3670,49976272,40097710
2022-08-31,437,3734,49976709,40101444
2022-09-01,353,3117,49977062,40104561
2022-09-02,296,2890,49977358,40107451
2022-09-03,200,1688,49977558,40109139
2022-09-04,23,149,49977581,40109288
2022-09-05,187,2655,49977768,40111943
2022-09-06,303,2986,49978071,40114929
2022-09-07,540,2936,49978611,40117865
2022-09-08,291,2961,49978902,40120826
2022-09-09,305,2884,49979207,40123710
2022-09-10,227,1326,49979434,40125036
2022-09-11,22,124,49979456,40125160
2022-09-12,267,2263,49979723,40127423
2022-09-13,252,2274,49979975,40129697
2022-09-14,265,2564,49980240,40132261
2022-09-15,280,2493,49980520,40134754
2022-09-16,253,2545,49980773,40137299
2022-09-17,239,1339,49981012,40138638
2022-09-18,20,170,49981032,40138808
2022-09-19,206,1969,49981238,40140777
2022-09-20,236,2384,49981474,40143161
2022-09-21,289,2526,49981763,40145687
2022-09-22,263,2651,49982026,40148338
2022-09-23,258,2537,49982284,40150875
2022-09-24,193,1427,49982477,40152302
2022-09-25,29,133,49982506,40152435
2022-09-26,280,2247,49982786,40154682
2022-09-27,287,2671,49983073,40157353
2022-09-28,309,2895,49983382,40160248
2022-09-29,256,3045,49983638,40163293
2022-09-30,290,2973,49983928,40166266
2022-10-01,194,1514,49984122,40167780
2022-10-02,12,187,49984134,40167967
2022-10-03,182,2473,49984316,40170440
2022-10-04,236,2860,49984552,40173300
2022-10-05,226,3217,49984778,40176517
2022-10-06,241,3839,49985019,40180356
2022-10-07,282,4162,49985301,40184518
2022-10-08,201,2235,49985502,40186753
2022-10-09,8,304,49985510,40187057
2022-10-10,206,3337,49985716,40190394
2022-10-11,191,4350,49985907,40194744
2022-10-12,209,4414,49986116,40199158
2022-10-13,200,5284,49986316,40204442
2022-10-14,229,5015,49986545,40209457
2022-10-15,188,2669,49986733,40212126
2022-10-16,6,360,49986739,40212486
2022-10-17,186,3856,49986925,40216342
2022-10-18,256,4953,49987181,40221295
2022-10-19,238,5462,49987419,40226757
2022-10-20,222,5971,49987641,40232728
2022-10-21,250,5454,49987891,40238182
2022-10-22,194,2907,49988085,40241089
2022-10-23,13,356,49988098,40241445
2022-10-24,170,3910,49988268,40245355
2022-10-25,252,4908,49988520,40250263
2022-10-26,337,5464,49988857,40255727
2022-10-27,240,5607,49989097,40261334
2022-10-28,198,5216,49989295,40266550
2022-10-29,127,2832,49989422,40269382
2022-10-30,3,326,49989425,40269708
2022-10-31,115,3016,49989540,40272724
2022-11-01,10,327,49989550,40273051
2022-11-02,144,3672,49989694,40276723
2022-11-03,168,4739,49989862,40281462
2022-11-04,217,4523,49990079,40285985
2022-11-05,142,2571,49990221,40288556
2022-11-06,10,257,49990231,40288813
2022-11-07,159,3181,49990390,40291994
2022-11-08,256,4121,49990646,40296115
2022-11-09,187,4193,49990833,40300308
2022-11-10,176,4399,49991009,40304707
2022-11-11,177,3979,49991186,40308686
2022-11-12,151,2273,49991337,40310959
2022-11-13,8,213,49991345,40311172