data_somministrazione,vaccinazioni,booster,cum_vaccinazioni,cum_booster
2020-12-27,20,0,20,0
2020-12-28,2,0,22,0
2020-12-29,1,0,23,0
2020-12-30,9,0,32,0
2020-12-31,73,0,105,0
2021-01-01,23,0,128,0
2021-01-02,131,0,259,0
2021-01-03,94,0,353,0
2021-01-04,222,0,575,0
2021-01-05,259,0,834,0
2021-01-06,228,0,1062,0
2021-01-07,308,0,1370,0
2021-01-08,357,0,1727,0
2021-01-09,268,0,1995,0
2021-01-10,162,0,2157,0
2021-01-11,290,0,2447,0
2021-01-12,275,0,2722,0
2021-01-13,405,0,3127,0
2021-01-14,489,0,3616,0
2021-01-15,309,0,3925,0
2021-01-16,215,0,4140,0
2021-01-17,3060,0,7200,0
2021-01-18,5215,0,12415,0
2021-01-19,1893,0,14308,0
2021-01-20,4656,0,18964,0
2021-01-21,20005,0,38969,0
2021-01-22,14220,0,53189,0
2021-01-23,33329,0,86518,0
2021-01-24,30781,0,117299,0
2021-01-25,64719,0,182018,0
2021-01-26,76485,0,258503,0
2021-01-27,64823,0,323326,0
2021-01-28,89269,0,412595,0
2021-01-29,94015,0,506610,0
2021-01-30,86549,0,593159,0
2021-01-31,57327,0,650486,0
2021-02-01,81852,0,732338,0
2021-02-02,82139,0,814477,0
2021-02-03,91113,0,905590,0
2021-02-04,95394,0,1000984,0
2021-02-05,90270,0,1091254,0
2021-02-06,63448,0,1154702,0
2021-02-07,32933,0,1187635,0
2021-02-08,40426,0,1228061,0
2021-02-09,32871,0,1260932,0
2021-02-10,28429,0,1289361,0
2021-02-11,20403,0,1309764,0
2021-02-12,16240,0,1326004,0
2021-02-13,7274,0,1333278,0
2021-02-14,2862,0,1336140,0
2021-02-15,6844,0,1342984,0
2021-02-16,7002,0,1349986,0
2021-02-17,10525,0,1360511,0
2021-02-18,9252,0,1369763,0
2021-02-19,8251,0,1378014,0
2021-02-20,5570,0,1383584,0
2021-02-21,3005,0,1386589,0
2021-02-22,6885,0,1393474,0
2021-02-23,7179,0,1400653,0
2021-02-24,9808,0,1410461,0
2021-02-25,14211,0,1424672,0
2021-02-26,17556,0,1442228,0
2021-02-27,13915,0,1456143,0
2021-02-28,9389,0,1465532,0
2021-03-01,26517,0,1492049,0
2021-03-02,33245,0,1525294,0
2021-03-03,44647,0,1569941,0
2021-03-04,50293,0,1620234,0
2021-03-05,55733,0,1675967,0
2021-03-06,41871,0,1717838,0
2021-03-07,22323,0,1740161,0
2021-03-08,50827,0,1790988,0
2021-03-09,53078,0,1844066,0
2021-03-10,58659,0,1902725,0
2021-03-11,63871,0,1966596,0
2021-03-12,65114,0,2031710,0
2021-03-13,51726,0,2083436,0
2021-03-14,35405,0,2118841,0
2021-03-15,73448,0,2192289,0
2021-03-16,74026,0,2266315,0
2021-03-17,83133,0,2349448,0
2021-03-18,81629,0,2431077,0
2021-03-19,81083,0,2512160,0
2021-03-20,64726,0,2576886,0
2021-03-21,47306,0,2624192,0
2021-03-22,69490,0,2693682,0
2021-03-23,75807,0,2769489,0
2021-03-24,90916,0,2860405,0
2021-03-25,89814,0,2950219,0
2021-03-26,83634,0,3033853,0
2021-03-27,71945,0,3105798,0
2021-03-28,44153,0,3149951,0
2021-03-29,70833,0,3220784,0
2021-03-30,81393,0,3302177,0
2021-03-31,96246,0,3398423,0
2021-04-01,95313,0,3493736,0
2021-04-02,84076,0,3577812,0
2021-04-03,64306,0,3642118,0
2021-04-04,21718,0,3663836,0
2021-04-05,40317,0,3704153,0
2021-04-06,81324,0,3785477,0
2021-04-07,95834,0,3881311,0
2021-04-08,95246,0,3976557,0
2021-04-09,88494,0,4065051,0
2021-04-10,74032,0,4139083,0
2021-04-11,44766,0,4183849,0
2021-04-12,66917,0,4250766,0
2021-04-13,72582,0,4323348,0
2021-04-14,85547,0,4408895,0
2021-04-15,105414,0,4514309,0
2021-04-16,106421,0,4620730,0
2021-04-17,90521,0,4711251,0
2021-04-18,58596,0,4769847,0
2021-04-19,93432,0,4863279,0
2021-04-20,103772,0,4967051,0
2021-04-21,125345,0,5092396,0
2021-04-22,143521,0,5235917,0
2021-04-23,138747,0,5374664,0
2021-04-24,124447,0,5499111,0
2021-04-25,61457,0,5560568,0
2021-04-26,97897,0,5658465,0
2021-04-27,128365,0,5786830,0
2021-04-28,156378,0,5943208,0
2021-04-29,195600,0,6138808,0
2021-04-30,214591,0,6353399,0
2021-05-01,174126,0,6527525,0
2021-05-02,135806,0,6663331,0
2021-05-03,142048,0,6805379,0
2021-05-04,158695,0,6964074,0
2021-05-05,170513,0,7134587,0
2021-05-06,197811,0,7332398,0
2021-05-07,213852,0,7546250,0
2021-05-08,213425,0,7759675,0
2021-05-09,143207,0,7902882,0
2021-05-10,165088,0,8067970,0
2021-05-11,174997,0,8242967,0
2021-05-12,179192,0,8422159,0
2021-05-13,203399,0,8625558,0
2021-05-14,222927,0,8848485,0
2021-05-15,210374,0,9058859,0
2021-05-16,159280,0,9218139,0
2021-05-17,219206,0,9437345,0
2021-05-18,213024,0,9650369,0
2021-05-19,207094,0,9857463,0
2021-05-20,270875,0,10128338,0
2021-05-21,270905,0,10399243,0
2021-05-22,245531,0,10644774,0
2021-05-23,197184,0,10841958,0
2021-05-24,228311,0,11070269,0
2021-05-25,245699,0,11315968,0
2021-05-26,277510,0,11593478,0
2021-05-27,311092,0,11904570,0
2021-05-28,299578,0,12204148,0
2021-05-29,231235,0,12435383,0
2021-05-30,170843,0,12606226,0
2021-05-31,216430,0,12822656,0
2021-06-01,207640,0,13030296,0
2021-06-02,115807,0,13146103,0
2021-06-03,180162,0,13326265,0
2021-06-04,184896,0,13511161,0
2021-06-05,185972,0,13697133,0
2021-06-06,139561,0,13836694,0
2021-06-07,161883,0,13998577,0
2021-06-08,171249,0,14169826,0
2021-06-09,171500,0,14341326,0
2021-06-10,174120,0,14515446,0
2021-06-11,169996,0,14685442,0
2021-06-12,128342,0,14813784,0
2021-06-13,91205,0,14904989,0
2021-06-14,214693,0,15119682,0
2021-06-15,228433,0,15348115,0
2021-06-16,253089,0,15601204,0
2021-06-17,301747,0,15902951,0
2021-06-18,306315,0,16209266,0
2021-06-19,275104,0,16484370,0
2021-06-20,220801,0,16705171,0
2021-06-21,288080,0,16993251,0
2021-06-22,296232,0,17289483,0
2021-06-23,302695,0,17592178,0
2021-06-24,332612,0,17924790,0
2021-06-25,348717,0,18273507,0
2021-06-26,300133,0,18573640,0
2021-06-27,228678,0,18802318,0
2021-06-28,307117,0,19109435,0
2021-06-29,329314,0,19438749,0
2021-06-30,342181,0,19780930,0
2021-07-01,363230,0,20144160,0
2021-07-02,368488,0,20512648,0
2021-07-03,371099,0,20883747,0
2021-07-04,283223,0,21166970,0
2021-07-05,384551,0,21551521,0
2021-07-06,385483,0,21937004,0
2021-07-07,412121,0,22349125,0
2021-07-08,479599,0,22828724,0
2021-07-09,498486,0,23327210,0
2021-07-10,475178,0,23802388,0
2021-07-11,357701,0,24160089,0
2021-07-12,485897,0,24645986,0
2021-07-13,492102,0,25138088,0
2021-07-14,480456,0,25618544,0
2021-07-15,523447,0,26141991,0
2021-07-16,509767,0,26651758,0
2021-07-17,464337,0,27116095,0
2021-07-18,364647,0,27480742,0
2021-07-19,463054,0,27943796,0
2021-07-20,458060,0,28401856,0
2021-07-21,462796,0,28864652,0
2021-07-22,475391,0,29340043,0
2021-07-23,441330,0,29781373,0
2021-07-24,386158,0,30167531,0
2021-07-25,287561,0,30455092,0
2021-07-26,430890,0,30885982,0
2021-07-27,440130,0,31326112,0
2021-07-28,391020,0,31717132,0
2021-07-29,372083,0,32089215,0
2021-07-30,341519,0,32430734,0
2021-07-31,287033,0,32717767,0
2021-08-01,190999,0,32908766,0
2021-08-02,333704,0,33242470,0
2021-08-03,323196,0,33565666,0
2021-08-04,310982,0,33876648,0
2021-08-05,292495,0,34169143,0
2021-08-06,260020,0,34429163,0
2021-08-07,199052,0,34628215,0
2021-08-08,153109,0,34781324,0
2021-08-09,234080,0,35015404,0
2021-08-10,205259,0,35220663,0
2021-08-11,193781,0,35414444,0
2021-08-12,168040,0,35582484,0
2021-08-13,148644,0,35731128,0
2021-08-14,66096,0,35797224,0
2021-08-15,26339,0,35823563,0
2021-08-16,114707,0,35938270,0
2021-08-17,129255,0,36067525,0
2021-08-18,128755,0,36196280,0
2021-08-19,124832,0,36321112,0
2021-08-20,123792,0,36444904,0
2021-08-21,83132,0,36528036,0
2021-08-22,68172,0,36596208,0
2021-08-23,176870,0,36773078,0
2021-08-24,156892,0,36929970,0
2021-08-25,177170,0,37107140,0
2021-08-26,172364,0,37279504,0
2021-08-27,185833,0,37465337,0
2021-08-28,140285,0,37605622,0
2021-08-29,98991,0,37704613,0
2021-08-30,209597,0,37914210,0
2021-08-31,194646,0,38108856,0
2021-09-01,192205,0,38301061,0
2021-09-02,189932,0,38490993,0
2021-09-03,191294,0,38682287,0
2021-09-04,131460,0,38813747,0
2021-09-05,87854,0,38901601,0
2021-09-06,193623,0,39095224,0
2021-09-07,196032,0,39291256,0
2021-09-08,187878,0,39479134,0
2021-09-09,201440,0,39680574,0
2021-09-10,198072,0,39878646,0
2021-09-11,141296,0,40019942,0
2021-09-12,89594,0,40109536,0
2021-09-13,191122,612,40300658,612
2021-09-14,177226,623,40477884,1235
2021-09-15,163095,626,40640979,1861
2021-09-16,160068,970,40801047,2831
2021-09-17,150172,1145,40951219,3976
2021-09-18,127981,761,41079200,4737
2021-09-19,81140,502,41160340,5239
2021-09-20,180068,9112,41340408,14351
2021-09-21,166661,8847,41507069,23198
2021-09-22,159099,9452,41666168,32650
2021-09-23,138085,9345,41804253,41995
2021-09-24,140550,8988,41944803,50983
2021-09-25,119564,5657,42064367,56640
2021-09-26,71980,4353,42136347,60993
2021-09-27,135665,10068,42272012,71061
2021-09-28,117509,11413,42389521,82474
2021-09-29,112358,11844,42501879,94318
2021-09-30,110268,14971,42612147,109289
2021-10-01,94993,19124,42707140,128413
2021-10-02,78513,14033,42785653,142446
2021-10-03,47751,7665,42833404,150111
2021-10-04,88386,34468,42921790,184579
2021-10-05,80379,34003,43002169,218582
2021-10-06,71996,34192,43074165,252774
2021-10-07,71872,34363,43146037,287137
2021-10-08,80630,33612,43226667,320749
2021-10-09,76107,22187,43302774,342936
2021-10-10,45782,13625,43348556,356561
2021-10-11,87443,41123,43435999,397684
2021-10-12,84508,46923,43520507,444607
2021-10-13,88210,52140,43608717,496747
2021-10-14,91547,58543,43700264,555290
2021-10-15,93595,55658,43793859,610948
2021-10-16,82971,36811,43876830,647759
2021-10-17,51460,23849,43928290,671608
2021-10-18,90303,59504,44018593,731112
2021-10-19,78348,69396,44096941,800508
2021-10-20,75069,78196,44172010,878704
2021-10-21,78305,81783,44250315,960487
2021-10-22,73781,77060,44324096,1037547
2021-10-23,60831,51967,44384927,1089514
2021-10-24,33371,23473,44418298,1112987
2021-10-25,64906,81647,44483204,1194634
2021-10-26,58374,91821,44541578,1286455
2021-10-27,58329,104015,44599907,1390470
2021-10-28,61453,114141,44661360,1504611
2021-10-29,61638,103163,44722998,1607774
2021-10-30,50677,68133,44773675,1675907
2021-10-31,25162,28304,44798837,1704211
2021-11-01,19048,28157,44817885,1732368
2021-11-02,62743,89422,44880628,1821790
2021-11-03,60727,118682,44941355,1940472
2021-11-04,59245,126686,45000600,2067158
2021-11-05,63094,135211,45063694,2202369
2021-11-06,46483,90935,45110177,2293304
2021-11-07,22253,37900,45132430,2331204
2021-11-08,51529,131291,45183959,2462495
2021-11-09,45402,144226,45229361,2606721
2021-11-10,42589,156364,45271950,2763085
2021-11-11,44931,155156,45316881,2918241
2021-11-12,46318,158659,45363199,3076900
2021-11-13,33266,116666,45396465,3193566
2021-11-14,14492,52456,45410957,3246022
2021-11-15,36909,157440,45447866,3403462
2021-11-16,30560,171399,45478426,3574861
2021-11-17,28468,178452,45506894,3753313
2021-11-18,30289,193746,45537183,3947059
2021-11-19,28813,205875,45565996,4152934
2021-11-20,21004,156456,45587000,4309390
2021-11-21,10611,64866,45597611,4374256
2021-11-22,21948,213159,45619559,4587415
2021-11-23,23590,241767,45643149,4829182
2021-11-24,27795,271034,45670944,5100216
2021-11-25,23248,301930,45694192,5402146
2021-11-26,24588,318289,45718780,5720435
2021-11-27,21394,266168,45740174,5986603
2021-11-28,9903,137065,45750077,6123668
2021-11-29,22353,326074,45772430,6449742
2021-11-30,23109,365854,45795539,6815596
2021-12-01,21534,413513,45817073,7229109
2021-12-02,23774,440431,45840847,7669540
2021-12-03,25268,467504,45866115,8137044
2021-12-04,22383,418787,45888498,8555831
2021-12-05,11939,261359,45900437,8817190
2021-12-06,25834,457619,45926271,9274809
2021-12-07,24153,480291,45950424,9755100
2021-12-08,10021,249715,45960445,10004815
2021-12-09,31610,491951,45992055,10496766
2021-12-10,28085,517916,46020140,11014682
2021-12-11,23580,459267,46043720,11473949
2021-12-12,12314,293520,46056034,11767469
2021-12-13,26169,467644,46082203,12235113
2021-12-14,25192,494226,46107395,12729339
2021-12-15,25359,517182,46132754,13246521
2021-12-16,27911,520285,46160665,13766806
2021-12-17,29381,517201,46190046,14284007
2021-12-18,27082,468763,46217128,14752770
2021-12-19,15161,300539,46232289,15053309
2021-12-20,30655,477498,46262944,15530807
2021-12-21,30405,493416,46293349,16024223
2021-12-22,29471,484736,46322820,16508959
2021-12-23,28271,426931,46351091,16935890
2021-12-24,13121,210836,46364212,17146726
2021-12-25,2103,33053,46366315,17179779
2021-12-26,8769,159074,46375084,17338853
2021-12-27,46822,504681,46421906,17843534
2021-12-28,42489,554234,46464395,18397768
2021-12-29,34383,550663,46498778,18948431
2021-12-30,31868,499850,46530646,19448281
2021-12-31,14134,247405,46544780,19695686
2022-01-01,3499,64815,46548279,19760501
2022-01-02,22804,276721,46571083,20037222
2022-01-03,47901,520028,46618984,20557250
2022-01-04,46426,572099,46665410,21129349
2022-01-05,40798,560408,46706208,21689757
2022-01-06,23515,274491,46729723,21964248
2022-01-07,63754,554208,46793477,22518456
2022-01-08,60925,503406,46854402,23021862
2022-01-09,42913,319695,46897315,23341557
2022-01-10,61135,542315,46958450,23883872
2022-01-11,61786,587016,47020236,24470888
2022-01-12,58506,581299,47078742,25052187
2022-01-13,58669,580417,47137411,25632604
2022-01-14,46875,588599,47184286,26221203
2022-01-15,39482,569968,47223768,26791171
2022-01-16,31274,341884,47255042,27133055
2022-01-17,54822,489676,47309864,27622731
2022-01-18,58436,517041,47368300,28139772
2022-01-19,57241,502811,47425541,28642583
2022-01-20,54381,498840,47479922,29141423
2022-01-21,42138,493886,47522060,29635309
2022-01-22,31242,469609,47553302,30104918
2022-01-23,34955,275385,47588257,30380303
2022-01-24,56201,437236,47644458,30817539
2022-01-25,61578,452119,47706036,31269658
2022-01-26,58564,435838,47764600,31705496
2022-01-27,48868,432387,47813468,32137883
2022-01-28,58730,436551,47872198,32574434
2022-01-29,68157,412502,47940355,32986936
2022-01-30,50397,235977,47990752,33222913
2022-01-31,60661,356939,48051413,33579852
2022-02-01,65578,328457,48116991,33908309
2022-02-02,63223,296981,48180214,34205290
2022-02-03,60072,274522,48240286,34479812
2022-02-04,72392,268466,48312678,34748278
2022-02-05,83799,248540,48396477,34996818
2022-02-06,55300,116207,48451777,35113025
2022-02-07,65164,199941,48516941,35312966
2022-02-08,66935,186118,48583876,35499084
2022-02-09,58768,166335,48642644,35665419
2022-02-10,58589,163239,48701233,35828658
2022-02-11,62259,162466,48763492,35991124
2022-02-12,71991,152147,48835483,36143271
2022-02-13,41474,68853,48876957,36212124
2022-02-14,46699,116187,48923656,36328311
2022-02-15,48544,123479,48972200,36451790
2022-02-16,45680,106122,49017880,36557912
2022-02-17,42868,98113,49060748,36656025
2022-02-18,46626,112579,49107374,36768604
2022-02-19,52541,100335,49159915,36868939
2022-02-20,31410,40366,49191325,36909305
2022-02-21,37889,89655,49229214,36998960
2022-02-22,37224,83777,49266438,37082737
2022-02-23,33397,79409,49299835,37162146
2022-02-24,32556,78160,49332391,37240306
2022-02-25,34764,90710,49367155,37331016
2022-02-26,39158,89135,49406313,37420151
2022-02-27,22545,35856,49428858,37456007
2022-02-28,28481,81690,49457339,37537697
2022-03-01,22721,53942,49480060,37591639
2022-03-02,21955,50683,49502015,37642322
2022-03-03,22621,54947,49524636,37697269
2022-03-04,23235,62799,49547871,37760068
2022-03-05,23800,57950,49571671,37818018
2022-03-06,9471,17201,49581142,37835219
2022-03-07,15918,51389,49597060,37886608
2022-03-08,15477,48796,49612537,37935404
2022-03-09,13812,46519,49626349,37981923
2022-03-10,14050,52119,49640399,38034042
2022-03-11,15585,57265,49655984,38091307
2022-03-12,15506,56619,49671490,38147926
2022-03-13,5544,16850,49677034,38164776
2022-03-14,10525,46699,49687559,38211475
2022-03-15,10548,46894,49698107,38258369
2022-03-16,9482,41973,49707589,38300342
2022-03-17,9717,44874,49717306,38345216
2022-03-18,10158,49057,49727464,38394273
2022-03-19,9150,46533,49736614,38440806
2022-03-20,2609,11702,49739223,38452508
2022-03-21,7579,40223,49746802,38492731
2022-03-22,8448,37758,49755250,38530489
2022-03-23,7214,33700,49762464,38564189
2022-03-24,8258,38804,49770722,38602993
2022-03-25,8139,43667,49778861,38646660
2022-03-26,8126,41721,49786987,38688381
2022-03-27,2430,9682,49789417,38698063
2022-03-28,6109,35238,49795526,38733301
2022-03-29,5777,32528,49801303,38765829
2022-03-30,5566,30201,49806869,38796030
2022-03-31,5897,33179,49812766,38829209
2022-04-01,4348,25189,49817114,38854398
2022-04-02,4495,23273,49821609,38877671
2022-04-03,1049,4500,49822658,38882171
2022-04-04,3657,21544,49826315,38903715
2022-04-05,3756,22931,49830071,38926646
2022-04-06,4103,21853,49834174,38948499
2022-04-07,3965,23320,49838139,38971819
2022-04-08,4692,26712,49842831,38998531
2022-04-09,4383,23885,49847214,39022416
2022-04-10,892,4613,49848106,39027029
2022-04-11,3816,22686,49851922,39049715
2022-04-12,3364,21777,49855286,39071492
2022-04-13,3567,21335,49858853,39092827
2022-04-14,3486,23786,49862339,39116613
2022-04-15,3084,20617,49865423,39137230
2022-04-16,2149,11918,49867572,39149148
2022-04-17,63,348,49867635,39149496
2022-04-18,152,650,49867787,39150146
2022-04-19,3499,21979,49871286,39172125
2022-04-20,3511,20251,49874797,39192376
2022-04-21,2847,19787,49877644,39212163
2022-04-22,2927,20703,49880571,39232866
2022-04-23,2644,16219,49883215,39249085
2022-04-24,509,2334,49883724,39251419
2022-04-25,183,1165,49883907,39252584
2022-04-26,2759,17806,49886666,39270390
2022-04-27,2374,15793,49889040,39286183
2022-04-28,2359,15559,49891399,39301742
2022-04-29,2294,14844,49893693,39316586
2022-04-30,2125,11580,49895818,39328166
2022-05-01,113,531,49895931,39328697
2022-05-02,1450,9391,49897381,39338088
2022-05-03,1576,10318,49898957,39348406
2022-05-04,1745,10268,49900702,39358674
2022-05-05,1653,10285,49902355,39368959
2022-05-06,1702,10956,49904057,39379915
2022-05-07,1431,8567,49905488,39388482
2022-05-08,416,1519,49905904,39390001
2022-05-09,1027,8928,49906931,39398929
2022-05-10,1424,9546,49908355,39408475
2022-05-11,1483,10097,49909838,39418572
2022-05-12,1369,10131,49911207,39428703
2022-05-13,1594,10517,49912801,39439220
2022-05-14,1357,8235,49914158,39447455
2022-05-15,336,1131,49914494,39448586
2022-05-16,813,8405,49915307,39456991
2022-05-17,1243,8696,49916550,39465687
2022-05-18,1372,9234,49917922,39474921
2022-05-19,1500,9278,49919422,39484199
2022-05-20,1421,9514,49920843,39493713
2022-05-21,1301,7899,49922144,39501612
2022-05-22,231,1013,49922375,39502625
2022-05-23,830,8267,49923205,39510892
2022-05-24,1073,8672,49924278,39519564
2022-05-25,1369,9458,49925647,39529022
2022-05-26,1195,9475,49926842,39538497
2022-05-27,1232,9912,49928074,39548409
2022-05-28,1205,7885,49929279,39556294
2022-05-29,286,1266,49929565,39557560
2022-05-30,931,8055,49930496,39565615
2022-05-31,1036,8546,49931532,39574161
2022-06-01,891,7655,49932423,39581816
2022-06-02,35,474,49932458,39582290
2022-06-03,818,7333,49933276,39589623
2022-06-04,870,5161,49934146,39594784
2022-06-05,89,586,49934235,39595370
2022-06-06,678,6992,49934913,39602362
2022-06-07,952,7848,49935865,39610210
2022-06-08,982,7908,49936847,39618118
2022-06-09,1037,8414,49937884,39626532
2022-06-10,958,8564,49938842,39635096
2022-06-11,903,6207,49939745,39641303
2022-06-12,140,768,49939885,39642071
2022-06-13,602,6301,49940487,39648372
2022-06-14,828,7896,49941315,39656268
2022-06-15,955,7852,49942270,39664120
2022-06-16,730,7392,49943000,39671512
2022-06-17,723,7243,49943723,39678755
2022-06-18,777,5593,49944500,39684348
2022-06-19,47,522,49944547,39684870
2022-06-20,587,6699,49945134,39691569
2022-06-21,736,7665,49945870,39699234
2022-06-22,781,7308,49946651,39706542
2022-06-23,651,7467,49947302,39714009
2022-06-24,644,7474,49947946,39721483
2022-06-25,835,6534,49948781,39728017
2022-06-26,128,523,49948909,39728540
2022-06-27,532,7123,49949441,39735663
2022-06-28,745,8206,49950186,39743869
2022-06-29,756,7729,49950942,39751598
2022-06-30,746,8143,49951688,39759741
2022-07-01,577,6443,49952265,39766184
2022-07-02,536,4769,49952801,39770953
2022-07-03,49,456,49952850,39771409
2022-07-04,469,6277,49953319,39777686
2022-07-05,629,8118,49953948,39785804
2022-07-06,633,7610,49954581,39793414
2022-07-07,571,8270,49955152,39801684
2022-07-08,673,8083,49955825,39809767
2022-07-09,550,6104,49956375,39815871
2022-07-10,58,533,49956433,39816404
2022-07-11,487,7638,49956920,39824042
2022-07-12,667,9028,49957587,39833070
2022-07-13,641,10067,49958228,39843137
2022-07-14,635,10224,49958863,39853361
2022-07-15,625,10667,49959488,39864028
2022-07-16,522,7214,49960010,39871242
2022-07-17,48,770,49960058,39872012
2022-07-18,497,9368,49960555,39881380
2022-07-19,574,10682,49961129,39892062
2022-07-20,580,11272,49961709,39903334
2022-07-21,627,12085,49962336,39915419
2022-07-22,583,11258,49962919,39926677
2022-07-23,380,6772,49963299,39933449
2022-07-24,76,857,49963375,39934306
2022-07-25,503,9052,49963878,39943358
2022-07-26,519,9758,49964397,39953116
2022-07-27,551,10200,49964948,39963316
2022-07-28,530,10530,49965478,39973846
2022-07-29,511,9464,49965989,39983310
2022-07-30,382,5881,49966371,39989191
2022-07-31,49,764,49966420,39989955
2022-08-01,386,6864,49966806,39996819
2022-08-02,539,7584,49967345,40004403
2022-08-03,513,7174,49967858,40011577
2022-08-04,455,7488,49968313,40019065
2022-08-05,420,6523,49968733,40025588
2022-08-06,298,3612,49969031,40029200
2022-08-07,44,562,49969075,40029762
2022-08-08,402,4893,49969477,40034655
2022-08-09,382,5307,49969859,40039962
2022-08-10,381,4814,49970240,40044776
2022-08-11,366,4778,49970606,40049554
2022-08-12,292,3721,49970898,40053275
2022-08-13,143,1600,49971041,40054875
2022-08-14,9,129,49971050,40055004
2022-08-15,1,26,49971051,40055030
2022-08-16,283,3043,49971334,40058073
2022-08-17,352,3536,49971686,40061609
2022-08-18,390,4160,49972076,40065769
2022-08-19,341,3318,49972417,40069087
2022-08-20,183,1715,49972600,40070802
2022-08-21,24,149,49972624,40070951
2022-08-22,329,2950,49972953,40073901
2022-08-23,370,3672,49973323,40077573
2022-08-24,383,3359,49973706,40080932
2022-08-25,421,3772,49974127,40084704
2022-08-26,398,3571,49974525,40088275
2022-08-27,237,1769,49974762,40090044
2022-08-28,29,267,49974791,40090311
2022-08-29,354,3161,49975145,40093472
2022-08-30,403,3670,49975548,40097142
2022-08-31,437,3734,49975985,40100876
2022-09-01,352,3117,49976337,40103993
2022-09-02,296,2890,49976633,40106883
2022-09-03,199,1688,49976832,40108571
2022-09-04,23,149,49976855,40108720
2022-09-05,186,2655,49977041,40111375
2022-09-06,303,2988,49977344,40114363
2022-09-07,540,2935,49977884,40117298
2022-09-08,291,2960,49978175,40120258
2022-09-09,304,2884,49978479,40123142
2022-09-10,227,1326,49978706,40124468
2022-09-11,21,124,49978727,40124592
2022-09-12,267,2263,49978994,40126855
2022-09-13,252,2274,49979246,40129129
2022-09-14,264,2564,49979510,40131693
2022-09-15,280,2491,49979790,40134184
2022-09-16,253,2544,49980043,40136728
2022-09-17,239,1339,49980282,40138067
2022-09-18,20,170,49980302,40138237
2022-09-19,205,1969,49980507,40140206
2022-09-20,236,2384,49980743,40142590
2022-09-21,289,2526,49981032,40145116
2022-09-22,263,2647,49981295,40147763
2022-09-23,258,2533,49981553,40150296
2022-09-24,193,1427,49981746,40151723
2022-09-25,28,133,49981774,40151856
2022-09-26,280,2247,49982054,40154103
2022-09-27,286,2671,49982340,40156774
2022-09-28,309,2888,49982649,40159662
2022-09-29,256,3045,49982905,40162707
2022-09-30,290,2972,49983195,40165679
2022-10-01,193,1513,49983388,40167192
2022-10-02,11,187,49983399,40167379
2022-10-03,182,2471,49983581,40169850
2022-10-04,235,2857,49983816,40172707
2022-10-05,226,3217,49984042,40175924
2022-10-06,241,3838,49984283,40179762
2022-10-07,282,4158,49984565,40183920
2022-10-08,201,2235,49984766,40186155
2022-10-09,8,304,49984774,40186459
2022-10-10,206,3336,49984980,40189795
2022-10-11,191,4346,49985171,40194141
2022-10-12,208,4413,49985379,40198554
2022-10-13,200,5290,49985579,40203844
2022-10-14,229,5016,49985808,40208860
2022-10-15,187,2665,49985995,40211525
2022-10-16,6,360,49986001,40211885
2022-10-17,186,3858,49986187,40215743
2022-10-18,255,4946,49986442,40220689
2022-10-19,236,5435,49986678,40226124
2022-10-20,221,5964,49986899,40232088
2022-10-21,250,5418,49987149,40237506
2022-10-22,194,2904,49987343,40240410
2022-10-23,13,356,49987356,40240766
2022-10-24,170,3897,49987526,40244663
2022-10-25,248,4876,49987774,40249539
2022-10-26,308,5392,49988082,40254931
2022-10-27,236,5567,49988318,40260498
2022-10-28,198,5083,49988516,40265581
2022-10-29,126,2553,49988642,40268134
2022-10-30,3,281,49988645,40268415
2022-10-31,113,2995,49988758,40271410
2022-11-01,10,326,49988768,40271736
2022-11-02,139,3537,49988907,40275273
2022-11-03,164,4580,49989071,40279853
2022-11-04,209,4311,49989280,40284164
2022-11-05,141,2325,49989421,40286489