data_somministrazione,vaccinazioni,booster,cum_vaccinazioni,cum_booster
2020-12-27,18,0,18,0
2020-12-28,2,0,20,0
2020-12-29,1,0,21,0
2020-12-30,6,0,27,0
2020-12-31,55,0,82,0
2021-01-01,21,0,103,0
2021-01-02,94,0,197,0
2021-01-03,72,0,269,0
2021-01-04,186,0,455,0
2021-01-05,228,0,683,0
2021-01-06,180,0,863,0
2021-01-07,269,0,1132,0
2021-01-08,317,0,1449,0
2021-01-09,235,0,1684,0
2021-01-10,140,0,1824,0
2021-01-11,258,0,2082,0
2021-01-12,260,0,2342,0
2021-01-13,376,0,2718,0
2021-01-14,464,0,3182,0
2021-01-15,286,0,3468,0
2021-01-16,200,0,3668,0
2021-01-17,3056,0,6724,0
2021-01-18,5206,0,11930,0
2021-01-19,1890,0,13820,0
2021-01-20,4651,0,18471,0
2021-01-21,20006,0,38477,0
2021-01-22,14201,0,52678,0
2021-01-23,33339,0,86017,0
2021-01-24,30792,0,116809,0
2021-01-25,64743,0,181552,0
2021-01-26,76504,0,258056,0
2021-01-27,64851,0,322907,0
2021-01-28,89309,0,412216,0
2021-01-29,94043,0,506259,0
2021-01-30,86581,0,592840,0
2021-01-31,57343,0,650183,0
2021-02-01,81880,0,732063,0
2021-02-02,82149,0,814212,0
2021-02-03,91199,0,905411,0
2021-02-04,95403,0,1000814,0
2021-02-05,90288,0,1091102,0
2021-02-06,63452,0,1154554,0
2021-02-07,32925,0,1187479,0
2021-02-08,40432,0,1227911,0
2021-02-09,32864,0,1260775,0
2021-02-10,28416,0,1289191,0
2021-02-11,20382,0,1309573,0
2021-02-12,16221,0,1325794,0
2021-02-13,7246,0,1333040,0
2021-02-14,2861,0,1335901,0
2021-02-15,6836,0,1342737,0
2021-02-16,6991,0,1349728,0
2021-02-17,10518,0,1360246,0
2021-02-18,9243,0,1369489,0
2021-02-19,8234,0,1377723,0
2021-02-20,5532,0,1383255,0
2021-02-21,2977,0,1386232,0
2021-02-22,6877,0,1393109,0
2021-02-23,7155,0,1400264,0
2021-02-24,9822,0,1410086,0
2021-02-25,14200,0,1424286,0
2021-02-26,17550,0,1441836,0
2021-02-27,13894,0,1455730,0
2021-02-28,9384,0,1465114,0
2021-03-01,26505,0,1491619,0
2021-03-02,33231,0,1524850,0
2021-03-03,44641,0,1569491,0
2021-03-04,50289,0,1619780,0
2021-03-05,55733,0,1675513,0
2021-03-06,41873,0,1717386,0
2021-03-07,22319,0,1739705,0
2021-03-08,50787,0,1790492,0
2021-03-09,53055,0,1843547,0
2021-03-10,58619,0,1902166,0
2021-03-11,63826,0,1965992,0
2021-03-12,65087,0,2031079,0
2021-03-13,51699,0,2082778,0
2021-03-14,35383,0,2118161,0
2021-03-15,73421,0,2191582,0
2021-03-16,74021,0,2265603,0
2021-03-17,83128,0,2348731,0
2021-03-18,81621,0,2430352,0
2021-03-19,81077,0,2511429,0
2021-03-20,64700,0,2576129,0
2021-03-21,47285,0,2623414,0
2021-03-22,69468,0,2692882,0
2021-03-23,75776,0,2768658,0
2021-03-24,90880,0,2859538,0
2021-03-25,89779,0,2949317,0
2021-03-26,83600,0,3032917,0
2021-03-27,71907,0,3104824,0
2021-03-28,44118,0,3148942,0
2021-03-29,70799,0,3219741,0
2021-03-30,81348,0,3301089,0
2021-03-31,96206,0,3397295,0
2021-04-01,95289,0,3492584,0
2021-04-02,84061,0,3576645,0
2021-04-03,64294,0,3640939,0
2021-04-04,21715,0,3662654,0
2021-04-05,40294,0,3702948,0
2021-04-06,81291,0,3784239,0
2021-04-07,95797,0,3880036,0
2021-04-08,95221,0,3975257,0
2021-04-09,88473,0,4063730,0
2021-04-10,74020,0,4137750,0
2021-04-11,44744,0,4182494,0
2021-04-12,66902,0,4249396,0
2021-04-13,72555,0,4321951,0
2021-04-14,85516,0,4407467,0
2021-04-15,105396,0,4512863,0
2021-04-16,106404,0,4619267,0
2021-04-17,90484,0,4709751,0
2021-04-18,58581,0,4768332,0
2021-04-19,93426,0,4861758,0
2021-04-20,103759,0,4965517,0
2021-04-21,125324,0,5090841,0
2021-04-22,143502,0,5234343,0
2021-04-23,138708,0,5373051,0
2021-04-24,124429,0,5497480,0
2021-04-25,61450,0,5558930,0
2021-04-26,97873,0,5656803,0
2021-04-27,128345,0,5785148,0
2021-04-28,156346,0,5941494,0
2021-04-29,195572,0,6137066,0
2021-04-30,214550,0,6351616,0
2021-05-01,174086,0,6525702,0
2021-05-02,135787,0,6661489,0
2021-05-03,141994,0,6803483,0
2021-05-04,158676,0,6962159,0
2021-05-05,170463,0,7132622,0
2021-05-06,197785,0,7330407,0
2021-05-07,213797,0,7544204,0
2021-05-08,213372,0,7757576,0
2021-05-09,143189,0,7900765,0
2021-05-10,165071,0,8065836,0
2021-05-11,174945,0,8240781,0
2021-05-12,179134,0,8419915,0
2021-05-13,203345,0,8623260,0
2021-05-14,222885,0,8846145,0
2021-05-15,210326,0,9056471,0
2021-05-16,159252,0,9215723,0
2021-05-17,219174,0,9434897,0
2021-05-18,212992,0,9647889,0
2021-05-19,207057,0,9854946,0
2021-05-20,270832,0,10125778,0
2021-05-21,270853,0,10396631,0
2021-05-22,245509,0,10642140,0
2021-05-23,197169,0,10839309,0
2021-05-24,228285,0,11067594,0
2021-05-25,245679,0,11313273,0
2021-05-26,277474,0,11590747,0
2021-05-27,311068,0,11901815,0
2021-05-28,299550,0,12201365,0
2021-05-29,231188,0,12432553,0
2021-05-30,170812,0,12603365,0
2021-05-31,216393,0,12819758,0
2021-06-01,207622,0,13027380,0
2021-06-02,115761,0,13143141,0
2021-06-03,180085,0,13323226,0
2021-06-04,184826,0,13508052,0
2021-06-05,185905,0,13693957,0
2021-06-06,139498,0,13833455,0
2021-06-07,161815,0,13995270,0
2021-06-08,171136,0,14166406,0
2021-06-09,171402,0,14337808,0
2021-06-10,174004,0,14511812,0
2021-06-11,169912,0,14681724,0
2021-06-12,128286,0,14810010,0
2021-06-13,91122,0,14901132,0
2021-06-14,214623,0,15115755,0
2021-06-15,228362,0,15344117,0
2021-06-16,253014,0,15597131,0
2021-06-17,301679,0,15898810,0
2021-06-18,306236,0,16205046,0
2021-06-19,275029,0,16480075,0
2021-06-20,220714,0,16700789,0
2021-06-21,288017,0,16988806,0
2021-06-22,296169,0,17284975,0
2021-06-23,302650,0,17587625,0
2021-06-24,332537,0,17920162,0
2021-06-25,348680,0,18268842,0
2021-06-26,300078,0,18568920,0
2021-06-27,228605,0,18797525,0
2021-06-28,307017,0,19104542,0
2021-06-29,329211,0,19433753,0
2021-06-30,342079,0,19775832,0
2021-07-01,363139,0,20138971,0
2021-07-02,368422,0,20507393,0
2021-07-03,371055,0,20878448,0
2021-07-04,283185,0,21161633,0
2021-07-05,384496,0,21546129,0
2021-07-06,385421,0,21931550,0
2021-07-07,412050,0,22343600,0
2021-07-08,479630,0,22823230,0
2021-07-09,498501,0,23321731,0
2021-07-10,475182,0,23796913,0
2021-07-11,357705,0,24154618,0
2021-07-12,485918,0,24640536,0
2021-07-13,492160,0,25132696,0
2021-07-14,480483,0,25613179,0
2021-07-15,523515,0,26136694,0
2021-07-16,509791,0,26646485,0
2021-07-17,464378,0,27110863,0
2021-07-18,364705,0,27475568,0
2021-07-19,463079,0,27938647,0
2021-07-20,458089,0,28396736,0
2021-07-21,462820,0,28859556,0
2021-07-22,475399,0,29334955,0
2021-07-23,441311,0,29776266,0
2021-07-24,386190,0,30162456,0
2021-07-25,287602,0,30450058,0
2021-07-26,430903,0,30880961,0
2021-07-27,440129,0,31321090,0
2021-07-28,391023,0,31712113,0
2021-07-29,372078,0,32084191,0
2021-07-30,341496,0,32425687,0
2021-07-31,286998,0,32712685,0
2021-08-01,191019,0,32903704,0
2021-08-02,333727,0,33237431,0
2021-08-03,323183,0,33560614,0
2021-08-04,310970,0,33871584,0
2021-08-05,292508,0,34164092,0
2021-08-06,259993,0,34424085,0
2021-08-07,199038,0,34623123,0
2021-08-08,153103,0,34776226,0
2021-08-09,234074,0,35010300,0
2021-08-10,205244,0,35215544,0
2021-08-11,193741,0,35409285,0
2021-08-12,167959,0,35577244,0
2021-08-13,148587,0,35725831,0
2021-08-14,66082,0,35791913,0
2021-08-15,26333,0,35818246,0
2021-08-16,114670,0,35932916,0
2021-08-17,129235,0,36062151,0
2021-08-18,128723,0,36190874,0
2021-08-19,124779,0,36315653,0
2021-08-20,123782,0,36439435,0
2021-08-21,83110,0,36522545,0
2021-08-22,68161,0,36590706,0
2021-08-23,176864,0,36767570,0
2021-08-24,156900,0,36924470,0
2021-08-25,177165,0,37101635,0
2021-08-26,172347,0,37273982,0
2021-08-27,185855,0,37459837,0
2021-08-28,140270,0,37600107,0
2021-08-29,99004,0,37699111,0
2021-08-30,209636,0,37908747,0
2021-08-31,194633,0,38103380,0
2021-09-01,192214,0,38295594,0
2021-09-02,189940,0,38485534,0
2021-09-03,191351,0,38676885,0
2021-09-04,131490,0,38808375,0
2021-09-05,87877,0,38896252,0
2021-09-06,193664,0,39089916,0
2021-09-07,196078,0,39285994,0
2021-09-08,187915,0,39473909,0
2021-09-09,201481,0,39675390,0
2021-09-10,198117,0,39873507,0
2021-09-11,141331,0,40014838,0
2021-09-12,89603,0,40104441,0
2021-09-13,191186,525,40295627,525
2021-09-14,177274,559,40472901,1084
2021-09-15,163132,559,40636033,1643
2021-09-16,160100,905,40796133,2548
2021-09-17,150172,1100,40946305,3648
2021-09-18,127974,723,41074279,4371
2021-09-19,81133,484,41155412,4855
2021-09-20,180076,9057,41335488,13912
2021-09-21,166619,8822,41502107,22734
2021-09-22,159072,9419,41661179,32153
2021-09-23,138071,9310,41799250,41463
2021-09-24,140535,8943,41939785,50406
2021-09-25,119540,5625,42059325,56031
2021-09-26,71948,4334,42131273,60365
2021-09-27,135630,10033,42266903,70398
2021-09-28,117480,11374,42384383,81772
2021-09-29,112317,11821,42496700,93593
2021-09-30,110219,14932,42606919,108525
2021-10-01,94968,19098,42701887,127623
2021-10-02,78467,14011,42780354,141634
2021-10-03,47724,7652,42828078,149286
2021-10-04,88370,34438,42916448,183724
2021-10-05,80355,33966,42996803,217690
2021-10-06,71972,34153,43068775,251843
2021-10-07,71845,34339,43140620,286182
2021-10-08,80618,33583,43221238,319765
2021-10-09,76093,22161,43297331,341926
2021-10-10,45770,13612,43343101,355538
2021-10-11,87401,41094,43430502,396632
2021-10-12,84482,46890,43514984,443522
2021-10-13,88185,52098,43603169,495620
2021-10-14,91520,58492,43694689,554112
2021-10-15,93582,55609,43788271,609721
2021-10-16,82954,36772,43871225,646493
2021-10-17,51456,23822,43922681,670315
2021-10-18,90288,59472,44012969,729787
2021-10-19,78338,69365,44091307,799152
2021-10-20,75072,78150,44166379,877302
2021-10-21,78307,81737,44244686,959039
2021-10-22,73795,77008,44318481,1036047
2021-10-23,60814,51943,44379295,1087990
2021-10-24,33381,23442,44412676,1111432
2021-10-25,64903,81617,44477579,1193049
2021-10-26,58369,91768,44535948,1284817
2021-10-27,58329,103953,44594277,1388770
2021-10-28,61465,114094,44655742,1502864
2021-10-29,61661,103100,44717403,1605964
2021-10-30,50671,68109,44768074,1674073
2021-10-31,25169,28281,44793243,1702354
2021-11-01,19048,28145,44812291,1730499
2021-11-02,62773,89360,44875064,1819859
2021-11-03,60732,118654,44935796,1938513
2021-11-04,59245,126651,44995041,2065164
2021-11-05,63095,135165,45058136,2200329
2021-11-06,46472,90919,45104608,2291248
2021-11-07,22253,37891,45126861,2329139
2021-11-08,51523,131256,45178384,2460395
2021-11-09,45403,144184,45223787,2604579
2021-11-10,42573,156341,45266360,2760920
2021-11-11,44932,155129,45311292,2916049
2021-11-12,46369,158564,45357661,3074613
2021-11-13,33253,116641,45390914,3191254
2021-11-14,14478,52445,45405392,3243699
2021-11-15,36894,157415,45442286,3401114
2021-11-16,30542,171368,45472828,3572482
2021-11-17,28442,178430,45501270,3750912
2021-11-18,30277,193703,45531547,3944615
2021-11-19,28792,205841,45560339,4150456
2021-11-20,20988,156433,45581327,4306889
2021-11-21,10604,64854,45591931,4371743
2021-11-22,21920,213136,45613851,4584879
2021-11-23,23560,241738,45637411,4826617
2021-11-24,27830,270937,45665241,5097554
2021-11-25,23222,301891,45688463,5399445
2021-11-26,24565,318258,45713028,5717703
2021-11-27,21366,266146,45734394,5983849
2021-11-28,9892,137052,45744286,6120901
2021-11-29,22308,326058,45766594,6446959
2021-11-30,23069,365819,45789663,6812778
2021-12-01,21506,413491,45811169,7226269
2021-12-02,23746,440374,45834915,7666643
2021-12-03,25216,467446,45860131,8134089
2021-12-04,22338,418720,45882469,8552809
2021-12-05,11903,261330,45894372,8814139
2021-12-06,25796,457553,45920168,9271692
2021-12-07,24096,480240,45944264,9751932
2021-12-08,9987,249676,45954251,10001608
2021-12-09,31544,491908,45985795,10493516
2021-12-10,28037,517852,46013832,11011368
2021-12-11,23536,459235,46037368,11470603
2021-12-12,12288,293492,46049656,11764095
2021-12-13,26123,467613,46075779,12231708
2021-12-14,25145,494180,46100924,12725888
2021-12-15,25297,517128,46126221,13243016
2021-12-16,27857,520229,46154078,13763245
2021-12-17,29320,517151,46183398,14280396
2021-12-18,27012,468708,46210410,14749104
2021-12-19,15124,300509,46225534,15049613
2021-12-20,30594,477462,46256128,15527075
2021-12-21,30334,493365,46286462,16020440
2021-12-22,29415,484690,46315877,16505130
2021-12-23,28198,426889,46344075,16932019
2021-12-24,13101,210815,46357176,17142834
2021-12-25,2101,33052,46359277,17175886
2021-12-26,8748,159062,46368025,17334948
2021-12-27,46732,504643,46414757,17839591
2021-12-28,42401,554190,46457158,18393781
2021-12-29,34274,550626,46491432,18944407
2021-12-30,31769,499812,46523201,19444219
2021-12-31,14088,247393,46537289,19691612
2022-01-01,3492,64812,46540781,19756424
2022-01-02,22720,276716,46563501,20033140
2022-01-03,47744,520007,46611245,20553147
2022-01-04,46244,572064,46657489,21125211
2022-01-05,40632,560374,46698121,21685585
2022-01-06,23416,274477,46721537,21960062
2022-01-07,63564,554175,46785101,22514237
2022-01-08,60716,503370,46845817,23017607
2022-01-09,42730,319681,46888547,23337288
2022-01-10,60954,542265,46949501,23879553
2022-01-11,61581,586978,47011082,24466531
2022-01-12,58305,581269,47069387,25047800
2022-01-13,58462,580366,47127849,25628166
2022-01-14,46645,588554,47174494,26216720
2022-01-15,39186,569928,47213680,26786648
2022-01-16,31082,341847,47244762,27128495
2022-01-17,54679,489641,47299441,27618136
2022-01-18,58273,517001,47357714,28135137
2022-01-19,57095,502775,47414809,28637912
2022-01-20,54233,498806,47469042,29136718
2022-01-21,41950,493858,47510992,29630576
2022-01-22,31051,469585,47542043,30100161
2022-01-23,34850,275363,47576893,30375524
2022-01-24,56102,437203,47632995,30812727
2022-01-25,61467,452083,47694462,31264810
2022-01-26,58462,435808,47752924,31700618
2022-01-27,48771,432350,47801695,32132968
2022-01-28,58586,436519,47860281,32569487
2022-01-29,68017,412473,47928298,32981960
2022-01-30,50313,235960,47978611,33217920
2022-01-31,60526,356915,48039137,33574835
2022-02-01,65461,328424,48104598,33903259
2022-02-02,63112,296952,48167710,34200211
2022-02-03,59984,274508,48227694,34474719
2022-02-04,72298,268438,48299992,34743157
2022-02-05,83684,248520,48383676,34991677
2022-02-06,55237,116193,48438913,35107870
2022-02-07,65086,199927,48503999,35307797
2022-02-08,66879,186101,48570878,35493898
2022-02-09,58716,166326,48629594,35660224
2022-02-10,58504,163230,48688098,35823454
2022-02-11,62191,162449,48750289,35985903
2022-02-12,71929,152133,48822218,36138036
2022-02-13,41452,68848,48863670,36206884
2022-02-14,46646,116180,48910316,36323064
2022-02-15,48484,123477,48958800,36446541
2022-02-16,45645,106107,49004445,36552648
2022-02-17,42838,98097,49047283,36650745
2022-02-18,46584,112565,49093867,36763310
2022-02-19,52506,100324,49146373,36863634
2022-02-20,31405,40359,49177778,36903993
2022-02-21,37877,89639,49215655,36993632
2022-02-22,37190,83765,49252845,37077397
2022-02-23,33369,79401,49286214,37156798
2022-02-24,32541,78159,49318755,37234957
2022-02-25,34737,90701,49353492,37325658
2022-02-26,39135,89130,49392627,37414788
2022-02-27,22538,35855,49415165,37450643
2022-02-28,28458,81689,49443623,37532332
2022-03-01,22685,53934,49466308,37586266
2022-03-02,21982,50626,49488290,37636892
2022-03-03,22593,54940,49510883,37691832
2022-03-04,23204,62788,49534087,37754620
2022-03-05,23773,57949,49557860,37812569
2022-03-06,9468,17199,49567328,37829768
2022-03-07,15894,51389,49583222,37881157
2022-03-08,15441,48796,49598663,37929953
2022-03-09,13794,46512,49612457,37976465
2022-03-10,14021,52115,49626478,38028580
2022-03-11,15557,57246,49642035,38085826
2022-03-12,15484,56613,49657519,38142439
2022-03-13,5540,16848,49663059,38159287
2022-03-14,10514,46690,49673573,38205977
2022-03-15,10525,46892,49684098,38252869
2022-03-16,9468,41975,49693566,38294844
2022-03-17,9695,44875,49703261,38339719
2022-03-18,10149,49049,49713410,38388768
2022-03-19,9139,46531,49722549,38435299
2022-03-20,2605,11699,49725154,38446998
2022-03-21,7569,40221,49732723,38487219
2022-03-22,8434,37745,49741157,38524964
2022-03-23,7201,33695,49748358,38558659
2022-03-24,8243,38797,49756601,38597456
2022-03-25,8118,43662,49764719,38641118
2022-03-26,8120,41718,49772839,38682836
2022-03-27,2426,9683,49775265,38692519
2022-03-28,6094,35229,49781359,38727748
2022-03-29,5771,32524,49787130,38760272
2022-03-30,5550,30193,49792680,38790465
2022-03-31,5877,33168,49798557,38823633
2022-04-01,4339,25179,49802896,38848812
2022-04-02,4486,23271,49807382,38872083
2022-04-03,1046,4499,49808428,38876582
2022-04-04,3649,21532,49812077,38898114
2022-04-05,3745,22922,49815822,38921036
2022-04-06,4095,21837,49819917,38942873
2022-04-07,3951,23317,49823868,38966190
2022-04-08,4681,26708,49828549,38992898
2022-04-09,4373,23883,49832922,39016781
2022-04-10,892,4614,49833814,39021395
2022-04-11,3798,22681,49837612,39044076
2022-04-12,3352,21776,49840964,39065852
2022-04-13,3554,21334,49844518,39087186
2022-04-14,3479,23772,49847997,39110958
2022-04-15,3076,20613,49851073,39131571
2022-04-16,2146,11920,49853219,39143491
2022-04-17,63,348,49853282,39143839
2022-04-18,148,650,49853430,39144489
2022-04-19,3480,21976,49856910,39166465
2022-04-20,3493,20249,49860403,39186714
2022-04-21,2835,19774,49863238,39206488
2022-04-22,2913,20695,49866151,39227183
2022-04-23,2634,16205,49868785,39243388
2022-04-24,509,2335,49869294,39245723
2022-04-25,183,1165,49869477,39246888
2022-04-26,2757,17790,49872234,39264678
2022-04-27,2363,15779,49874597,39280457
2022-04-28,2346,15533,49876943,39295990
2022-04-29,2289,14831,49879232,39310821
2022-04-30,2117,11577,49881349,39322398
2022-05-01,113,530,49881462,39322928
2022-05-02,1443,9381,49882905,39332309
2022-05-03,1569,10307,49884474,39342616
2022-05-04,1744,10255,49886218,39352871
2022-05-05,1647,10273,49887865,39363144
2022-05-06,1692,10944,49889557,39374088
2022-05-07,1432,8561,49890989,39382649
2022-05-08,404,1514,49891393,39384163
2022-05-09,1023,8915,49892416,39393078
2022-05-10,1418,9536,49893834,39402614
2022-05-11,1476,10087,49895310,39412701
2022-05-12,1364,10118,49896674,39422819
2022-05-13,1587,10507,49898261,39433326
2022-05-14,1355,8226,49899616,39441552
2022-05-15,336,1129,49899952,39442681
2022-05-16,809,8388,49900761,39451069
2022-05-17,1239,8665,49902000,39459734
2022-05-18,1368,9212,49903368,39468946
2022-05-19,1497,9266,49904865,39478212
2022-05-20,1419,9490,49906284,39487702
2022-05-21,1299,7891,49907583,39495593
2022-05-22,231,1012,49907814,39496605
2022-05-23,825,8260,49908639,39504865
2022-05-24,1070,8663,49909709,39513528
2022-05-25,1365,9443,49911074,39522971
2022-05-26,1192,9452,49912266,39532423
2022-05-27,1224,9908,49913490,39542331
2022-05-28,1202,7872,49914692,39550203
2022-05-29,285,1264,49914977,39551467
2022-05-30,928,8024,49915905,39559491
2022-05-31,1033,8529,49916938,39568020
2022-06-01,890,7643,49917828,39575663
2022-06-02,35,474,49917863,39576137
2022-06-03,812,7327,49918675,39583464
2022-06-04,869,5155,49919544,39588619
2022-06-05,89,586,49919633,39589205
2022-06-06,671,6964,49920304,39596169
2022-06-07,929,7841,49921233,39604010
2022-06-08,978,7896,49922211,39611906
2022-06-09,1033,8398,49923244,39620304
2022-06-10,950,8537,49924194,39628841
2022-06-11,897,6208,49925091,39635049
2022-06-12,140,767,49925231,39635816
2022-06-13,602,6295,49925833,39642111
2022-06-14,824,7878,49926657,39649989
2022-06-15,949,7842,49927606,39657831
2022-06-16,727,7383,49928333,39665214
2022-06-17,715,7233,49929048,39672447
2022-06-18,776,5587,49929824,39678034
2022-06-19,47,522,49929871,39678556
2022-06-20,587,6694,49930458,39685250
2022-06-21,730,7637,49931188,39692887
2022-06-22,776,7299,49931964,39700186
2022-06-23,648,7456,49932612,39707642
2022-06-24,642,7465,49933254,39715107
2022-06-25,835,6531,49934089,39721638
2022-06-26,128,523,49934217,39722161
2022-06-27,531,7114,49934748,39729275
2022-06-28,743,8206,49935491,39737481
2022-06-29,753,7714,49936244,39745195
2022-06-30,741,8131,49936985,39753326
2022-07-01,578,6436,49937563,39759762
2022-07-02,536,4764,49938099,39764526
2022-07-03,49,456,49938148,39764982
2022-07-04,468,6269,49938616,39771251
2022-07-05,620,8104,49939236,39779355
2022-07-06,623,7590,49939859,39786945
2022-07-07,562,8248,49940421,39795193
2022-07-08,669,8072,49941090,39803265
2022-07-09,548,6103,49941638,39809368
2022-07-10,58,533,49941696,39809901
2022-07-11,476,7624,49942172,39817525
2022-07-12,650,8970,49942822,39826495
2022-07-13,624,10054,49943446,39836549
2022-07-14,617,10187,49944063,39846736
2022-07-15,615,10631,49944678,39857367
2022-07-16,511,7198,49945189,39864565
2022-07-17,48,767,49945237,39865332
2022-07-18,494,9328,49945731,39874660
2022-07-19,558,10624,49946289,39885284
2022-07-20,557,11221,49946846,39896505
2022-07-21,618,11970,49947464,39908475
2022-07-22,562,11174,49948026,39919649
2022-07-23,375,6726,49948401,39926375
2022-07-24,75,834,49948476,39927209
2022-07-25,491,9009,49948967,39936218
2022-07-26,515,9687,49949482,39945905
2022-07-27,524,10078,49950006,39955983
2022-07-28,519,10392,49950525,39966375
2022-07-29,503,9349,49951028,39975724
2022-07-30,380,5821,49951408,39981545
2022-07-31,49,740,49951457,39982285
2022-08-01,383,6798,49951840,39989083
2022-08-02,531,7464,49952371,39996547
2022-08-03,483,7028,49952854,40003575
2022-08-04,434,7308,49953288,40010883
2022-08-05,399,6349,49953687,40017232
2022-08-06,297,3522,49953984,40020754
2022-08-07,43,538,49954027,40021292
2022-08-08,279,3025,49954306,40024317