data_somministrazione,vaccinazioni,booster,cum_vaccinazioni,cum_booster
2020-12-27,15,0,15,0
2020-12-28,2,0,17,0
2020-12-29,1,0,18,0
2020-12-30,2,0,20,0
2020-12-31,34,0,54,0
2021-01-01,12,0,66,0
2021-01-02,54,0,120,0
2021-01-03,45,0,165,0
2021-01-04,120,0,285,0
2021-01-05,156,0,441,0
2021-01-06,133,0,574,0
2021-01-07,193,0,767,0
2021-01-08,240,0,1007,0
2021-01-09,168,0,1175,0
2021-01-10,108,0,1283,0
2021-01-11,195,0,1478,0
2021-01-12,201,0,1679,0
2021-01-13,296,0,1975,0
2021-01-14,388,0,2363,0
2021-01-15,228,0,2591,0
2021-01-16,162,0,2753,0
2021-01-17,3046,0,5799,0
2021-01-18,5178,0,10977,0
2021-01-19,1866,0,12843,0
2021-01-20,4649,0,17492,0
2021-01-21,20002,0,37494,0
2021-01-22,14194,0,51688,0
2021-01-23,33351,0,85039,0
2021-01-24,30789,0,115828,0
2021-01-25,64764,0,180592,0
2021-01-26,76534,0,257126,0
2021-01-27,64871,0,321997,0
2021-01-28,89324,0,411321,0
2021-01-29,94070,0,505391,0
2021-01-30,84349,0,589740,0
2021-01-31,57337,0,647077,0
2021-02-01,81880,0,728957,0
2021-02-02,82151,0,811108,0
2021-02-03,91205,0,902313,0
2021-02-04,94510,0,996823,0
2021-02-05,90255,0,1087078,0
2021-02-06,63722,0,1150800,0
2021-02-07,32912,0,1183712,0
2021-02-08,40399,0,1224111,0
2021-02-09,32825,0,1256936,0
2021-02-10,28366,0,1285302,0
2021-02-11,20339,0,1305641,0
2021-02-12,16170,0,1321811,0
2021-02-13,7213,0,1329024,0
2021-02-14,2852,0,1331876,0
2021-02-15,6811,0,1338687,0
2021-02-16,6966,0,1345653,0
2021-02-17,10484,0,1356137,0
2021-02-18,9206,0,1365343,0
2021-02-19,8134,0,1373477,0
2021-02-20,5464,0,1378941,0
2021-02-21,2935,0,1381876,0
2021-02-22,6824,0,1388700,0
2021-02-23,7080,0,1395780,0
2021-02-24,9778,0,1405558,0
2021-02-25,14157,0,1419715,0
2021-02-26,17460,0,1437175,0
2021-02-27,13838,0,1451013,0
2021-02-28,9329,0,1460342,0
2021-03-01,26422,0,1486764,0
2021-03-02,33138,0,1519902,0
2021-03-03,44576,0,1564478,0
2021-03-04,50173,0,1614651,0
2021-03-05,55666,0,1670317,0
2021-03-06,41819,0,1712136,0
2021-03-07,22277,0,1734413,0
2021-03-08,50591,0,1785004,0
2021-03-09,52913,0,1837917,0
2021-03-10,58067,0,1895984,0
2021-03-11,63680,0,1959664,0
2021-03-12,64995,0,2024659,0
2021-03-13,51629,0,2076288,0
2021-03-14,35328,0,2111616,0
2021-03-15,73277,0,2184893,0
2021-03-16,73958,0,2258851,0
2021-03-17,83017,0,2341868,0
2021-03-18,81558,0,2423426,0
2021-03-19,80310,0,2503736,0
2021-03-20,64602,0,2568338,0
2021-03-21,47233,0,2615571,0
2021-03-22,69359,0,2684930,0
2021-03-23,75450,0,2760380,0
2021-03-24,90732,0,2851112,0
2021-03-25,89645,0,2940757,0
2021-03-26,83445,0,3024202,0
2021-03-27,71769,0,3095971,0
2021-03-28,44007,0,3139978,0
2021-03-29,70666,0,3210644,0
2021-03-30,81213,0,3291857,0
2021-03-31,95531,0,3387388,0
2021-04-01,94490,0,3481878,0
2021-04-02,83473,0,3565351,0
2021-04-03,64205,0,3629556,0
2021-04-04,21678,0,3651234,0
2021-04-05,40239,0,3691473,0
2021-04-06,81189,0,3772662,0
2021-04-07,95615,0,3868277,0
2021-04-08,94560,0,3962837,0
2021-04-09,87753,0,4050590,0
2021-04-10,73561,0,4124151,0
2021-04-11,44676,0,4168827,0
2021-04-12,66805,0,4235632,0
2021-04-13,72476,0,4308108,0
2021-04-14,85379,0,4393487,0
2021-04-15,104722,0,4498209,0
2021-04-16,106258,0,4604467,0
2021-04-17,90113,0,4694580,0
2021-04-18,58638,0,4753218,0
2021-04-19,93211,0,4846429,0
2021-04-20,102845,0,4949274,0
2021-04-21,124326,0,5073600,0
2021-04-22,142899,0,5216499,0
2021-04-23,137820,0,5354319,0
2021-04-24,123820,0,5478139,0
2021-04-25,61366,0,5539505,0
2021-04-26,97752,0,5637257,0
2021-04-27,128202,0,5765459,0
2021-04-28,155987,0,5921446,0
2021-04-29,195337,0,6116783,0
2021-04-30,213607,0,6330390,0
2021-05-01,174108,0,6504498,0
2021-05-02,135824,0,6640322,0
2021-05-03,141711,0,6782033,0
2021-05-04,158327,0,6940360,0
2021-05-05,170148,0,7110508,0
2021-05-06,197230,0,7307738,0
2021-05-07,213167,0,7520905,0
2021-05-08,212973,0,7733878,0
2021-05-09,143003,0,7876881,0
2021-05-10,164677,0,8041558,0
2021-05-11,174272,0,8215830,0
2021-05-12,178849,0,8394679,0
2021-05-13,202393,0,8597072,0
2021-05-14,222594,0,8819666,0
2021-05-15,209837,0,9029503,0
2021-05-16,159105,0,9188608,0
2021-05-17,218563,0,9407171,0
2021-05-18,212361,0,9619532,0
2021-05-19,206391,0,9825923,0
2021-05-20,270245,0,10096168,0
2021-05-21,269846,0,10366014,0
2021-05-22,244669,0,10610683,0
2021-05-23,197022,0,10807705,0
2021-05-24,228122,0,11035827,0
2021-05-25,245465,0,11281292,0
2021-05-26,277099,0,11558391,0
2021-05-27,310499,0,11868890,0
2021-05-28,298631,0,12167521,0
2021-05-29,230489,0,12398010,0
2021-05-30,170649,0,12568659,0
2021-05-31,215954,0,12784613,0
2021-06-01,207055,0,12991668,0
2021-06-02,115581,0,13107249,0
2021-06-03,179648,0,13286897,0
2021-06-04,183993,0,13470890,0
2021-06-05,185164,0,13656054,0
2021-06-06,139318,0,13795372,0
2021-06-07,161039,0,13956411,0
2021-06-08,170356,0,14126767,0
2021-06-09,170779,0,14297546,0
2021-06-10,173552,0,14471098,0
2021-06-11,168674,0,14639772,0
2021-06-12,127251,0,14767023,0
2021-06-13,90873,0,14857896,0
2021-06-14,214079,0,15071975,0
2021-06-15,227795,0,15299770,0
2021-06-16,252787,0,15552557,0
2021-06-17,301144,0,15853701,0
2021-06-18,305407,0,16159108,0
2021-06-19,274744,0,16433852,0
2021-06-20,220552,0,16654404,0
2021-06-21,287715,0,16942119,0
2021-06-22,295682,0,17237801,0
2021-06-23,302294,0,17540095,0
2021-06-24,332082,0,17872177,0
2021-06-25,347974,0,18220151,0
2021-06-26,299905,0,18520056,0
2021-06-27,228731,0,18748787,0
2021-06-28,306793,0,19055580,0
2021-06-29,328293,0,19383873,0
2021-06-30,341915,0,19725788,0
2021-07-01,362194,0,20087982,0
2021-07-02,367866,0,20455848,0
2021-07-03,371210,0,20827058,0
2021-07-04,283170,0,21110228,0
2021-07-05,384155,0,21494383,0
2021-07-06,384868,0,21879251,0
2021-07-07,411859,0,22291110,0
2021-07-08,479136,0,22770246,0
2021-07-09,497508,0,23267754,0
2021-07-10,475178,0,23742932,0
2021-07-11,357725,0,24100657,0
2021-07-12,485896,0,24586553,0
2021-07-13,491472,0,25078025,0
2021-07-14,480314,0,25558339,0
2021-07-15,523187,0,26081526,0
2021-07-16,509308,0,26590834,0
2021-07-17,464373,0,27055207,0
2021-07-18,364752,0,27419959,0
2021-07-19,463033,0,27882992,0
2021-07-20,457795,0,28340787,0
2021-07-21,462656,0,28803443,0
2021-07-22,475060,0,29278503,0
2021-07-23,440522,0,29719025,0
2021-07-24,386066,0,30105091,0
2021-07-25,287491,0,30392582,0
2021-07-26,430443,0,30823025,0
2021-07-27,439569,0,31262594,0
2021-07-28,390708,0,31653302,0
2021-07-29,371775,0,32025077,0
2021-07-30,340785,0,32365862,0
2021-07-31,286854,0,32652716,0
2021-08-01,190728,0,32843444,0
2021-08-02,333672,0,33177116,0
2021-08-03,322522,0,33499638,0
2021-08-04,310654,0,33810292,0
2021-08-05,292010,0,34102302,0
2021-08-06,259171,0,34361473,0
2021-08-07,198784,0,34560257,0
2021-08-08,153014,0,34713271,0
2021-08-09,233677,0,34946948,0
2021-08-10,204567,0,35151515,0
2021-08-11,193325,0,35344840,0
2021-08-12,167629,0,35512469,0
2021-08-13,148097,0,35660566,0
2021-08-14,65921,0,35726487,0
2021-08-15,26272,0,35752759,0
2021-08-16,114482,0,35867241,0
2021-08-17,128886,0,35996127,0
2021-08-18,128463,0,36124590,0
2021-08-19,124338,0,36248928,0
2021-08-20,123329,0,36372257,0
2021-08-21,82958,0,36455215,0
2021-08-22,68041,0,36523256,0
2021-08-23,176108,0,36699364,0
2021-08-24,156252,0,36855616,0
2021-08-25,176823,0,37032439,0
2021-08-26,172073,0,37204512,0
2021-08-27,185669,0,37390181,0
2021-08-28,139979,0,37530160,0
2021-08-29,98866,0,37629026,0
2021-08-30,209291,0,37838317,0
2021-08-31,194303,0,38032620,0
2021-09-01,191899,0,38224519,0
2021-09-02,189484,0,38414003,0
2021-09-03,190797,0,38604800,0
2021-09-04,131302,0,38736102,0
2021-09-05,87806,0,38823908,0
2021-09-06,193298,0,39017206,0
2021-09-07,195555,0,39212761,0
2021-09-08,187536,0,39400297,0
2021-09-09,201098,0,39601395,0
2021-09-10,197685,0,39799080,0
2021-09-11,141099,0,39940179,0
2021-09-12,89426,0,40029605,0
2021-09-13,190945,335,40220550,335
2021-09-14,177104,418,40397654,753
2021-09-15,162908,451,40560562,1204
2021-09-16,159576,784,40720138,1988
2021-09-17,149745,998,40869883,2986
2021-09-18,127747,653,40997630,3639
2021-09-19,80925,440,41078555,4079
2021-09-20,179366,8951,41257921,13030
2021-09-21,166194,8717,41424115,21747
2021-09-22,158493,9354,41582608,31101
2021-09-23,137365,9219,41719973,40320
2021-09-24,139758,8847,41859731,49167
2021-09-25,119224,5554,41978955,54721
2021-09-26,71722,4293,42050677,59014
2021-09-27,135143,9958,42185820,68972
2021-09-28,116881,11282,42302701,80254
2021-09-29,111878,11753,42414579,92007
2021-09-30,109788,14826,42524367,106833
2021-10-01,94432,18967,42618799,125800
2021-10-02,78151,13980,42696950,139780
2021-10-03,47482,7625,42744432,147405
2021-10-04,87929,34341,42832361,181746
2021-10-05,79966,33865,42912327,215611
2021-10-06,71471,34036,42983798,249647
2021-10-07,71365,34244,43055163,283891
2021-10-08,80175,33367,43135338,317258
2021-10-09,75737,22101,43211075,339359
2021-10-10,45586,13589,43256661,352948
2021-10-11,87023,40982,43343684,393930
2021-10-12,84098,46772,43427782,440702
2021-10-13,87766,51961,43515548,492663
2021-10-14,90883,58336,43606431,550999
2021-10-15,92959,55248,43699390,606247
2021-10-16,82582,36691,43781972,642938
2021-10-17,51198,23771,43833170,666709
2021-10-18,89886,59140,43923056,725849
2021-10-19,78019,69103,44001075,794952
2021-10-20,74775,77798,44075850,872750
2021-10-21,77959,81442,44153809,954192
2021-10-22,73515,76514,44227324,1030706
2021-10-23,60654,51837,44287978,1082543
2021-10-24,33270,23395,44321248,1105938
2021-10-25,64674,81465,44385922,1187403
2021-10-26,58103,91422,44444025,1278825
2021-10-27,58015,103581,44502040,1382406
2021-10-28,61195,113532,44563235,1495938
2021-10-29,61406,102516,44624641,1598454
2021-10-30,50526,67959,44675167,1666413
2021-10-31,25094,28230,44700261,1694643
2021-11-01,19003,28108,44719264,1722751
2021-11-02,62515,89038,44781779,1811789
2021-11-03,60451,118158,44842230,1929947
2021-11-04,58938,126214,44901168,2056161
2021-11-05,62775,134621,44963943,2190782
2021-11-06,46304,90769,45010247,2281551
2021-11-07,22187,37816,45032434,2319367
2021-11-08,51129,130696,45083563,2450063
2021-11-09,45175,143524,45128738,2593587
2021-11-10,42417,155606,45171155,2749193
2021-11-11,44685,154339,45215840,2903532
2021-11-12,46043,157854,45261883,3061386
2021-11-13,32984,116282,45294867,3177668
2021-11-14,14417,52373,45309284,3230041
2021-11-15,36621,156653,45345905,3386694
2021-11-16,30307,170752,45376212,3557446
2021-11-17,28195,177866,45404407,3735312
2021-11-18,30050,193317,45434457,3928629
2021-11-19,28517,204942,45462974,4133571
2021-11-20,20830,155982,45483804,4289553
2021-11-21,10507,64687,45494311,4354240
2021-11-22,21656,212106,45515967,4566346
2021-11-23,23287,240858,45539254,4807204
2021-11-24,27497,269988,45566751,5077192
2021-11-25,22809,300833,45589560,5378025
2021-11-26,24140,317200,45613700,5695225
2021-11-27,21042,265582,45634742,5960807
2021-11-28,9732,136790,45644474,6097597
2021-11-29,21758,324888,45666232,6422485
2021-11-30,22526,364478,45688758,6786963
2021-12-01,20898,411942,45709656,7198905
2021-12-02,23023,438854,45732679,7637759
2021-12-03,24423,465556,45757102,8103315
2021-12-04,21639,418134,45778741,8521449
2021-12-05,11386,261082,45790127,8782531
2021-12-06,24671,456013,45814798,9238544
2021-12-07,22985,478417,45837783,9716961
2021-12-08,9365,249411,45847148,9966372
2021-12-09,30132,490202,45877280,10456574
2021-12-10,26640,515943,45903920,10972517
2021-12-11,22314,458713,45926234,11431230
2021-12-12,11495,293145,45937729,11724375
2021-12-13,24667,466091,45962396,12190466
2021-12-14,23622,492849,45986018,12683315
2021-12-15,23780,515299,46009798,13198614
2021-12-16,25952,518532,46035750,13717146
2021-12-17,27606,515133,46063356,14232279
2021-12-18,25171,468007,46088527,14700286
2021-12-19,13787,300098,46102314,15000384
2021-12-20,28689,475619,46131003,15476003
2021-12-21,28418,491560,46159421,15967563
2021-12-22,27254,483265,46186675,16450828
2021-12-23,26039,425625,46212714,16876453
2021-12-24,12307,210289,46225021,17086742
2021-12-25,2033,32992,46227054,17119734
2021-12-26,7814,158923,46234868,17278657
2021-12-27,43496,503269,46278364,17781926
2021-12-28,38345,552600,46316709,18334526
2021-12-29,30163,549013,46346872,18883539
2021-12-30,27909,498208,46374781,19381747
2021-12-31,12270,246665,46387051,19628412
2022-01-01,3107,64708,46390158,19693120
2022-01-02,19562,276428,46409720,19969548
2022-01-03,42849,519415,46452569,20488963
2022-01-04,40932,570953,46493501,21059916
2022-01-05,35385,559588,46528886,21619504
2022-01-06,20450,274072,46549336,21893576
2022-01-07,58398,553674,46607734,22447250
2022-01-08,55255,502357,46662989,22949607
2022-01-09,38531,319156,46701520,23268763
2022-01-10,56726,540364,46758246,23809127
2022-01-11,56985,585067,46815231,24394194
2022-01-12,53723,578804,46868954,24972998
2022-01-13,54237,577980,46923191,25550978
2022-01-14,42489,585899,46965680,26136877
2022-01-15,34113,566111,46999793,26702988
2022-01-16,27736,340105,47027529,27043093
2022-01-17,51747,487558,47079276,27530651
2022-01-18,55445,514254,47134721,28044905
2022-01-19,54381,498976,47189102,28543881
2022-01-20,51506,494228,47240608,29038109
2022-01-21,39286,487309,47279894,29525418
2022-01-22,27434,451394,47307328,29976812
2022-01-23,31764,266593,47339092,30243405
2022-01-24,24967,209411,47364059,30452816