data_somministrazione,vaccinazioni,booster,cum_vaccinazioni,cum_booster
2020-12-27,22,0,22,0
2020-12-28,2,0,24,0
2020-12-29,1,0,25,0
2020-12-30,8,0,33,0
2020-12-31,80,0,113,0
2021-01-01,26,0,139,0
2021-01-02,150,0,289,0
2021-01-03,113,0,402,0
2021-01-04,247,0,649,0
2021-01-05,291,0,940,0
2021-01-06,263,0,1203,0
2021-01-07,332,0,1535,0
2021-01-08,388,0,1923,0
2021-01-09,292,0,2215,0
2021-01-10,173,0,2388,0
2021-01-11,312,0,2700,0
2021-01-12,292,0,2992,0
2021-01-13,427,0,3419,0
2021-01-14,506,0,3925,0
2021-01-15,327,0,4252,0
2021-01-16,225,0,4477,0
2021-01-17,3065,0,7542,0
2021-01-18,5221,0,12763,0
2021-01-19,1896,0,14659,0
2021-01-20,4660,0,19319,0
2021-01-21,20004,0,39323,0
2021-01-22,14220,0,53543,0
2021-01-23,33317,0,86860,0
2021-01-24,30775,0,117635,0
2021-01-25,64698,0,182333,0
2021-01-26,76456,0,258789,0
2021-01-27,64805,0,323594,0
2021-01-28,89244,0,412838,0
2021-01-29,93991,0,506829,0
2021-01-30,86538,0,593367,0
2021-01-31,57320,0,650687,0
2021-02-01,81833,0,732520,0
2021-02-02,82126,0,814646,0
2021-02-03,91101,0,905747,0
2021-02-04,95381,0,1001128,0
2021-02-05,90263,0,1091391,0
2021-02-06,63450,0,1154841,0
2021-02-07,32935,0,1187776,0
2021-02-08,40421,0,1228197,0
2021-02-09,32880,0,1261077,0
2021-02-10,28440,0,1289517,0
2021-02-11,20408,0,1309925,0
2021-02-12,16253,0,1326178,0
2021-02-13,7283,0,1333461,0
2021-02-14,2862,0,1336323,0
2021-02-15,6851,0,1343174,0
2021-02-16,7008,0,1350182,0
2021-02-17,10527,0,1360709,0
2021-02-18,9258,0,1369967,0
2021-02-19,8259,0,1378226,0
2021-02-20,5588,0,1383814,0
2021-02-21,3015,0,1386829,0
2021-02-22,6884,0,1393713,0
2021-02-23,7192,0,1400905,0
2021-02-24,9815,0,1410720,0
2021-02-25,14216,0,1424936,0
2021-02-26,17565,0,1442501,0
2021-02-27,13925,0,1456426,0
2021-02-28,9399,0,1465825,0
2021-03-01,26533,0,1492358,0
2021-03-02,33248,0,1525606,0
2021-03-03,44653,0,1570259,0
2021-03-04,50305,0,1620564,0
2021-03-05,55747,0,1676311,0
2021-03-06,41889,0,1718200,0
2021-03-07,22332,0,1740532,0
2021-03-08,50840,0,1791372,0
2021-03-09,53095,0,1844467,0
2021-03-10,58701,0,1903168,0
2021-03-11,63896,0,1967064,0
2021-03-12,65146,0,2032210,0
2021-03-13,51733,0,2083943,0
2021-03-14,35428,0,2119371,0
2021-03-15,73464,0,2192835,0
2021-03-16,74030,0,2266865,0
2021-03-17,83147,0,2350012,0
2021-03-18,81634,0,2431646,0
2021-03-19,81092,0,2512738,0
2021-03-20,64747,0,2577485,0
2021-03-21,47313,0,2624798,0
2021-03-22,69506,0,2694304,0
2021-03-23,75822,0,2770126,0
2021-03-24,90942,0,2861068,0
2021-03-25,89830,0,2950898,0
2021-03-26,83646,0,3034544,0
2021-03-27,71965,0,3106509,0
2021-03-28,44193,0,3150702,0
2021-03-29,70854,0,3221556,0
2021-03-30,81421,0,3302977,0
2021-03-31,96270,0,3399247,0
2021-04-01,95345,0,3494592,0
2021-04-02,84089,0,3578681,0
2021-04-03,64315,0,3642996,0
2021-04-04,21726,0,3664722,0
2021-04-05,40328,0,3705050,0
2021-04-06,81352,0,3786402,0
2021-04-07,95851,0,3882253,0
2021-04-08,95268,0,3977521,0
2021-04-09,88510,0,4066031,0
2021-04-10,74040,0,4140071,0
2021-04-11,44774,0,4184845,0
2021-04-12,66929,0,4251774,0
2021-04-13,72602,0,4324376,0
2021-04-14,85560,0,4409936,0
2021-04-15,105427,0,4515363,0
2021-04-16,106438,0,4621801,0
2021-04-17,90533,0,4712334,0
2021-04-18,58600,0,4770934,0
2021-04-19,93448,0,4864382,0
2021-04-20,103783,0,4968165,0
2021-04-21,125347,0,5093512,0
2021-04-22,143540,0,5237052,0
2021-04-23,138765,0,5375817,0
2021-04-24,124455,0,5500272,0
2021-04-25,61471,0,5561743,0
2021-04-26,97920,0,5659663,0
2021-04-27,128381,0,5788044,0
2021-04-28,156403,0,5944447,0
2021-04-29,195627,0,6140074,0
2021-04-30,214623,0,6354697,0
2021-05-01,174151,0,6528848,0
2021-05-02,135818,0,6664666,0
2021-05-03,142084,0,6806750,0
2021-05-04,158721,0,6965471,0
2021-05-05,170557,0,7136028,0
2021-05-06,197838,0,7333866,0
2021-05-07,213892,0,7547758,0
2021-05-08,213444,0,7761202,0
2021-05-09,143224,0,7904426,0
2021-05-10,165112,0,8069538,0
2021-05-11,175021,0,8244559,0
2021-05-12,179239,0,8423798,0
2021-05-13,203434,0,8627232,0
2021-05-14,222953,0,8850185,0
2021-05-15,210399,0,9060584,0
2021-05-16,159296,0,9219880,0
2021-05-17,219229,0,9439109,0
2021-05-18,213036,0,9652145,0
2021-05-19,207110,0,9859255,0
2021-05-20,270914,0,10130169,0
2021-05-21,270920,0,10401089,0
2021-05-22,245553,0,10646642,0
2021-05-23,197202,0,10843844,0
2021-05-24,228314,0,11072158,0
2021-05-25,245704,0,11317862,0
2021-05-26,277580,0,11595442,0
2021-05-27,311112,0,11906554,0
2021-05-28,299593,0,12206147,0
2021-05-29,231263,0,12437410,0
2021-05-30,170859,0,12608269,0
2021-05-31,216446,0,12824715,0
2021-06-01,207649,0,13032364,0
2021-06-02,115812,0,13148176,0
2021-06-03,180193,0,13328369,0
2021-06-04,184941,0,13513310,0
2021-06-05,186019,0,13699329,0
2021-06-06,139605,0,13838934,0
2021-06-07,161928,0,14000862,0
2021-06-08,171313,0,14172175,0
2021-06-09,171544,0,14343719,0
2021-06-10,174188,0,14517907,0
2021-06-11,170066,0,14687973,0
2021-06-12,128422,0,14816395,0
2021-06-13,91258,0,14907653,0
2021-06-14,214721,0,15122374,0
2021-06-15,228473,0,15350847,0
2021-06-16,253121,0,15603968,0
2021-06-17,301802,0,15905770,0
2021-06-18,306349,0,16212119,0
2021-06-19,275145,0,16487264,0
2021-06-20,220839,0,16708103,0
2021-06-21,288124,0,16996227,0
2021-06-22,296276,0,17292503,0
2021-06-23,302720,0,17595223,0
2021-06-24,332640,0,17927863,0
2021-06-25,348747,0,18276610,0
2021-06-26,300158,0,18576768,0
2021-06-27,228709,0,18805477,0
2021-06-28,307173,0,19112650,0
2021-06-29,329362,0,19442012,0
2021-06-30,342243,0,19784255,0
2021-07-01,363264,0,20147519,0
2021-07-02,368515,0,20516034,0
2021-07-03,371109,0,20887143,0
2021-07-04,283252,0,21170395,0
2021-07-05,384569,0,21554964,0
2021-07-06,385496,0,21940460,0
2021-07-07,412142,0,22352602,0
2021-07-08,479584,0,22832186,0
2021-07-09,498462,0,23330648,0
2021-07-10,475175,0,23805823,0
2021-07-11,357688,0,24163511,0
2021-07-12,485872,0,24649383,0
2021-07-13,492061,0,25141444,0
2021-07-14,480431,0,25621875,0
2021-07-15,523407,0,26145282,0
2021-07-16,509738,0,26655020,0
2021-07-17,464317,0,27119337,0
2021-07-18,364625,0,27483962,0
2021-07-19,463031,0,27946993,0
2021-07-20,458043,0,28405036,0
2021-07-21,462787,0,28867823,0
2021-07-22,475373,0,29343196,0
2021-07-23,441326,0,29784522,0
2021-07-24,386142,0,30170664,0
2021-07-25,287537,0,30458201,0
2021-07-26,430890,0,30889091,0
2021-07-27,440101,0,31329192,0
2021-07-28,391013,0,31720205,0
2021-07-29,372073,0,32092278,0
2021-07-30,341529,0,32433807,0
2021-07-31,287054,0,32720861,0
2021-08-01,190995,0,32911856,0
2021-08-02,333712,0,33245568,0
2021-08-03,323187,0,33568755,0
2021-08-04,310999,0,33879754,0
2021-08-05,292479,0,34172233,0
2021-08-06,260049,0,34432282,0
2021-08-07,199071,0,34631353,0
2021-08-08,153109,0,34784462,0
2021-08-09,234086,0,35018548,0
2021-08-10,205300,0,35223848,0
2021-08-11,193802,0,35417650,0
2021-08-12,168079,0,35585729,0
2021-08-13,148677,0,35734406,0
2021-08-14,66104,0,35800510,0
2021-08-15,26345,0,35826855,0
2021-08-16,114724,0,35941579,0
2021-08-17,129263,0,36070842,0
2021-08-18,128762,0,36199604,0
2021-08-19,124867,0,36324471,0
2021-08-20,123799,0,36448270,0
2021-08-21,83136,0,36531406,0
2021-08-22,68183,0,36599589,0
2021-08-23,176871,0,36776460,0
2021-08-24,156891,0,36933351,0
2021-08-25,177170,0,37110521,0
2021-08-26,172350,0,37282871,0
2021-08-27,185829,0,37468700,0
2021-08-28,140297,0,37608997,0
2021-08-29,98998,0,37707995,0
2021-08-30,209583,0,37917578,0
2021-08-31,194641,0,38112219,0
2021-09-01,192215,0,38304434,0
2021-09-02,189929,0,38494363,0
2021-09-03,191279,0,38685642,0
2021-09-04,131437,0,38817079,0
2021-09-05,87841,0,38904920,0
2021-09-06,193599,0,39098519,0
2021-09-07,196041,0,39294560,0
2021-09-08,187858,0,39482418,0
2021-09-09,201416,0,39683834,0
2021-09-10,198047,0,39881881,0
2021-09-11,141289,0,40023170,0
2021-09-12,89590,0,40112760,0
2021-09-13,191097,665,40303857,665
2021-09-14,177204,663,40481061,1328
2021-09-15,163081,658,40644142,1986
2021-09-16,160035,1018,40804177,3004
2021-09-17,150153,1177,40954330,4181
2021-09-18,127986,784,41082316,4965
2021-09-19,81142,513,41163458,5478
2021-09-20,180057,9139,41343515,14617
2021-09-21,166676,8867,41510191,23484
2021-09-22,159125,9465,41669316,32949
2021-09-23,138111,9362,41807427,42311
2021-09-24,140549,9023,41947976,51334
2021-09-25,119565,5679,42067541,57013
2021-09-26,71991,4371,42139532,61384
2021-09-27,135674,10092,42275206,71476
2021-09-28,117522,11439,42392728,82915
2021-09-29,112385,11857,42505113,94772
2021-09-30,110297,14987,42615410,109759
2021-10-01,95004,19145,42710414,128904
2021-10-02,78530,14048,42788944,142952
2021-10-03,47763,7670,42836707,150622
2021-10-04,88392,34491,42925099,185113
2021-10-05,80388,34023,43005487,219136
2021-10-06,72008,34221,43077495,253357
2021-10-07,71882,34382,43149377,287739
2021-10-08,80651,33629,43230028,321368
2021-10-09,76117,22202,43306145,343570
2021-10-10,45795,13632,43351940,357202
2021-10-11,87448,41137,43439388,398339
2021-10-12,84514,46940,43523902,445279
2021-10-13,88226,52175,43612128,497454
2021-10-14,91558,58564,43703686,556018
2021-10-15,93601,55688,43797287,611706
2021-10-16,82977,36834,43880264,648540
2021-10-17,51461,23864,43931725,672404
2021-10-18,90302,59529,44022027,731933
2021-10-19,78352,69424,44100379,801357
2021-10-20,75060,78216,44175439,879573
2021-10-21,78283,81825,44253722,961398
2021-10-22,73765,77092,44327487,1038490
2021-10-23,60838,51977,44388325,1090467
2021-10-24,33369,23483,44421694,1113950
2021-10-25,64894,81673,44486588,1195623
2021-10-26,58373,91845,44544961,1287468
2021-10-27,58317,104044,44603278,1391512
2021-10-28,61444,114166,44664722,1505678
2021-10-29,61620,103202,44726342,1608880
2021-10-30,50671,68162,44777013,1677042
2021-10-31,25158,28315,44802171,1705357
2021-11-01,19050,28159,44821221,1733516
2021-11-02,62738,89448,44883959,1822964
2021-11-03,60714,118708,44944673,1941672
2021-11-04,59238,126709,45003911,2068381
2021-11-05,63092,135234,45067003,2203615
2021-11-06,46495,90946,45113498,2294561
2021-11-07,22248,37908,45135746,2332469
2021-11-08,51523,131301,45187269,2463770
2021-11-09,45404,144238,45232673,2608008
2021-11-10,42594,156382,45275267,2764390
2021-11-11,44932,155180,45320199,2919570
2021-11-12,46301,158713,45366500,3078283
2021-11-13,33272,116683,45399772,3194966
2021-11-14,14490,52462,45414262,3247428
2021-11-15,36907,157449,45451169,3404877
2021-11-16,30568,171415,45481737,3576292
2021-11-17,28469,178469,45510206,3754761
2021-11-18,30297,193770,45540503,3948531
2021-11-19,28825,205889,45569328,4154420
2021-11-20,21015,156461,45590343,4310881
2021-11-21,10613,64870,45600956,4375751
2021-11-22,21960,213164,45622916,4588915
2021-11-23,23609,241803,45646525,4830718
2021-11-24,27770,271103,45674295,5101821
2021-11-25,23269,301953,45697564,5403774
2021-11-26,24600,318314,45722164,5722088
2021-11-27,21419,266176,45743583,5988264
2021-11-28,9911,137071,45753494,6125335
2021-11-29,22370,326082,45775864,6451417
2021-11-30,23122,365861,45798986,6817278
2021-12-01,21564,413546,45820550,7230824
2021-12-02,23801,440443,45844351,7671267
2021-12-03,25285,467547,45869636,8138814
2021-12-04,22392,418813,45892028,8557627
2021-12-05,11944,261369,45903972,8818996
2021-12-06,25851,457637,45929823,9276633
2021-12-07,24171,480311,45953994,9756944
2021-12-08,10033,249727,45964027,10006671
2021-12-09,31628,491969,45995655,10498640
2021-12-10,28111,517941,46023766,11016581
2021-12-11,23595,459288,46047361,11475869
2021-12-12,12329,293537,46059690,11769406
2021-12-13,26185,467663,46085875,12237069
2021-12-14,25211,494244,46111086,12731313
2021-12-15,25384,517191,46136470,13248504
2021-12-16,27941,520310,46164411,13768814
2021-12-17,29407,517227,46193818,14286041
2021-12-18,27117,468788,46220935,14754829
2021-12-19,15173,300548,46236108,15055377
2021-12-20,30685,477513,46266793,15532890
2021-12-21,30424,493451,46297217,16026341
2021-12-22,29494,484761,46326711,16511102
2021-12-23,28293,426970,46355004,16938072
2021-12-24,13127,210846,46368131,17148918
2021-12-25,2104,33053,46370235,17181971
2021-12-26,8784,159077,46379019,17341048
2021-12-27,46852,504703,46425871,17845751
2021-12-28,42513,554270,46468384,18400021
2021-12-29,34409,550687,46502793,18950708
2021-12-30,31905,499871,46534698,19450579
2021-12-31,14154,247408,46548852,19697987
2022-01-01,3503,64815,46552355,19762802
2022-01-02,22842,276729,46575197,20039531
2022-01-03,47967,520042,46623164,20559573
2022-01-04,46496,572106,46669660,21131679
2022-01-05,40866,560429,46710526,21692108
2022-01-06,23545,274489,46734071,21966597
2022-01-07,63820,554228,46797891,22520825
2022-01-08,61007,503425,46858898,23024250
2022-01-09,42981,319709,46901879,23343959
2022-01-10,61189,542330,46963068,23886289
2022-01-11,61884,587040,47024952,24473329
2022-01-12,58577,581314,47083529,25054643
2022-01-13,58731,580438,47142260,25635081
2022-01-14,46961,588625,47189221,26223706
2022-01-15,39610,570002,47228831,26793708
2022-01-16,31334,341899,47260165,27135607
2022-01-17,54867,489697,47315032,27625304
2022-01-18,58485,517059,47373517,28142363
2022-01-19,57283,502825,47430800,28645188
2022-01-20,54436,498865,47485236,29144053
2022-01-21,42198,493905,47527434,29637958
2022-01-22,31319,469624,47558753,30107582
2022-01-23,34989,275392,47593742,30382974
2022-01-24,56236,437256,47649978,30820230
2022-01-25,61610,452135,47711588,31272365
2022-01-26,58605,435851,47770193,31708216
2022-01-27,48903,432420,47819096,32140636
2022-01-28,58771,436570,47877867,32577206
2022-01-29,68199,412522,47946066,32989728
2022-01-30,50416,235993,47996482,33225721
2022-01-31,60728,356955,48057210,33582676
2022-02-01,65629,328471,48122839,33911147
2022-02-02,63255,297003,48186094,34208150
2022-02-03,60098,274542,48246192,34482692
2022-02-04,72418,268476,48318610,34751168
2022-02-05,83823,248560,48402433,34999728
2022-02-06,55309,116208,48457742,35115936
2022-02-07,65192,199949,48522934,35315885
2022-02-08,66960,186133,48589894,35502018
2022-02-09,58781,166356,48648675,35668374
2022-02-10,58604,163256,48707279,35831630
2022-02-11,62279,162482,48769558,35994112
2022-02-12,72018,152157,48841576,36146269
2022-02-13,41488,68859,48883064,36215128
2022-02-14,46713,116196,48929777,36331324
2022-02-15,48573,123482,48978350,36454806
2022-02-16,45701,106132,49024051,36560938
2022-02-17,42876,98128,49066927,36659066
2022-02-18,46638,112591,49113565,36771657
2022-02-19,52548,100341,49166113,36871998
2022-02-20,31416,40367,49197529,36912365
2022-02-21,37903,89660,49235432,37002025
2022-02-22,37228,83786,49272660,37085811
2022-02-23,33404,79407,49306064,37165218
2022-02-24,32562,78169,49338626,37243387
2022-02-25,34775,90714,49373401,37334101
2022-02-26,39163,89139,49412564,37423240
2022-02-27,22548,35859,49435112,37459099
2022-02-28,28491,81699,49463603,37540798
2022-03-01,22735,53944,49486338,37594742
2022-03-02,21935,50714,49508273,37645456
2022-03-03,22640,54947,49530913,37700403
2022-03-04,23244,62801,49554157,37763204
2022-03-05,23805,57953,49577962,37821157
2022-03-06,9473,17201,49587435,37838358
2022-03-07,15927,51391,49603362,37889749
2022-03-08,15481,48797,49618843,37938546
2022-03-09,13815,46518,49632658,37985064
2022-03-10,14061,52128,49646719,38037192
2022-03-11,15593,57274,49662312,38094466
2022-03-12,15514,56620,49677826,38151086
2022-03-13,5545,16852,49683371,38167938
2022-03-14,10528,46703,49693899,38214641
2022-03-15,10555,46895,49704454,38261536
2022-03-16,9486,41979,49713940,38303515
2022-03-17,9727,44877,49723667,38348392
2022-03-18,10164,49059,49733831,38397451
2022-03-19,9152,46540,49742983,38443991
2022-03-20,2608,11704,49745591,38455695
2022-03-21,7587,40233,49753178,38495928
2022-03-22,8448,37768,49761626,38533696
2022-03-23,7221,33701,49768847,38567397
2022-03-24,8261,38821,49777108,38606218
2022-03-25,8144,43673,49785252,38649891
2022-03-26,8129,41722,49793381,38691613
2022-03-27,2432,9683,49795813,38701296
2022-03-28,6113,35245,49801926,38736541
2022-03-29,5783,32532,49807709,38769073
2022-03-30,5567,30205,49813276,38799278
2022-03-31,5906,33186,49819182,38832464
2022-04-01,4351,25189,49823533,38857653
2022-04-02,4497,23275,49828030,38880928
2022-04-03,1049,4500,49829079,38885428
2022-04-04,3662,21547,49832741,38906975
2022-04-05,3758,22938,49836499,38929913
2022-04-06,4105,21853,49840604,38951766
2022-04-07,3970,23321,49844574,38975087
2022-04-08,4696,26716,49849270,39001803
2022-04-09,4382,23889,49853652,39025692
2022-04-10,894,4612,49854546,39030304
2022-04-11,3820,22689,49858366,39052993
2022-04-12,3364,21780,49861730,39074773
2022-04-13,3574,21337,49865304,39096110
2022-04-14,3487,23789,49868791,39119899
2022-04-15,3086,20621,49871877,39140520
2022-04-16,2152,11918,49874029,39152438
2022-04-17,63,348,49874092,39152786
2022-04-18,152,650,49874244,39153436
2022-04-19,3500,21986,49877744,39175422
2022-04-20,3513,20250,49881257,39195672
2022-04-21,2848,19793,49884105,39215465
2022-04-22,2928,20714,49887033,39236179
2022-04-23,2648,16222,49889681,39252401
2022-04-24,509,2334,49890190,39254735
2022-04-25,183,1165,49890373,39255900
2022-04-26,2761,17812,49893134,39273712
2022-04-27,2374,15795,49895508,39289507
2022-04-28,2363,15567,49897871,39305074
2022-04-29,2298,14850,49900169,39319924
2022-04-30,2123,11585,49902292,39331509
2022-05-01,113,531,49902405,39332040
2022-05-02,1451,9394,49903856,39341434
2022-05-03,1577,10326,49905433,39351760
2022-05-04,1747,10276,49907180,39362036
2022-05-05,1654,10301,49908834,39372337
2022-05-06,1702,10972,49910536,39383309
2022-05-07,1431,8573,49911967,39391882
2022-05-08,417,1526,49912384,39393408
2022-05-09,1029,8934,49913413,39402342
2022-05-10,1427,9553,49914840,39411895
2022-05-11,1485,10109,49916325,39422004
2022-05-12,1371,10137,49917696,39432141
2022-05-13,1596,10526,49919292,39442667
2022-05-14,1360,8246,49920652,39450913
2022-05-15,336,1137,49920988,39452050
2022-05-16,814,8409,49921802,39460459
2022-05-17,1244,8707,49923046,39469166
2022-05-18,1373,9256,49924419,39478422
2022-05-19,1501,9287,49925920,39487709
2022-05-20,1426,9535,49927346,39497244
2022-05-21,1302,7902,49928648,39505146
2022-05-22,231,1013,49928879,39506159
2022-05-23,830,8273,49929709,39514432
2022-05-24,1073,8673,49930782,39523105
2022-05-25,1372,9460,49932154,39532565
2022-05-26,1198,9480,49933352,39542045
2022-05-27,1232,9917,49934584,39551962
2022-05-28,1205,7890,49935789,39559852
2022-05-29,288,1265,49936077,39561117
2022-05-30,931,8058,49937008,39569175
2022-05-31,1039,8549,49938047,39577724
2022-06-01,895,7657,49938942,39585381
2022-06-02,35,474,49938977,39585855
2022-06-03,817,7334,49939794,39593189
2022-06-04,870,5162,49940664,39598351
2022-06-05,89,586,49940753,39598937
2022-06-06,679,7004,49941432,39605941
2022-06-07,952,7850,49942384,39613791
2022-06-08,981,7906,49943365,39621697
2022-06-09,1037,8418,49944402,39630115
2022-06-10,958,8563,49945360,39638678
2022-06-11,904,6206,49946264,39644884
2022-06-12,140,768,49946404,39645652
2022-06-13,602,6301,49947006,39651953
2022-06-14,832,7904,49947838,39659857
2022-06-15,960,7856,49948798,39667713
2022-06-16,733,7397,49949531,39675110
2022-06-17,723,7248,49950254,39682358
2022-06-18,778,5596,49951032,39687954
2022-06-19,49,521,49951081,39688475
2022-06-20,587,6699,49951668,39695174
2022-06-21,741,7664,49952409,39702838
2022-06-22,779,7312,49953188,39710150
2022-06-23,648,7472,49953836,39717622
2022-06-24,644,7474,49954480,39725096
2022-06-25,835,6533,49955315,39731629
2022-06-26,128,523,49955443,39732152
2022-06-27,534,7126,49955977,39739278
2022-06-28,747,8207,49956724,39747485
2022-06-29,756,7733,49957480,39755218
2022-06-30,747,8145,49958227,39763363
2022-07-01,577,6443,49958804,39769806
2022-07-02,536,4769,49959340,39774575
2022-07-03,49,456,49959389,39775031
2022-07-04,469,6278,49959858,39781309
2022-07-05,631,8122,49960489,39789431
2022-07-06,634,7611,49961123,39797042
2022-07-07,577,8272,49961700,39805314
2022-07-08,677,8086,49962377,39813400
2022-07-09,550,6105,49962927,39819505
2022-07-10,58,533,49962985,39820038
2022-07-11,493,7642,49963478,39827680
2022-07-12,669,9030,49964147,39836710
2022-07-13,645,10067,49964792,39846777
2022-07-14,637,10224,49965429,39857001
2022-07-15,627,10674,49966056,39867675
2022-07-16,523,7215,49966579,39874890
2022-07-17,48,770,49966627,39875660
2022-07-18,496,9374,49967123,39885034
2022-07-19,575,10684,49967698,39895718
2022-07-20,582,11277,49968280,39906995
2022-07-21,630,12093,49968910,39919088
2022-07-22,584,11262,49969494,39930350
2022-07-23,381,6775,49969875,39937125
2022-07-24,76,857,49969951,39937982
2022-07-25,503,9056,49970454,39947038
2022-07-26,522,9764,49970976,39956802
2022-07-27,554,10210,49971530,39967012
2022-07-28,532,10535,49972062,39977547
2022-07-29,511,9466,49972573,39987013
2022-07-30,383,5883,49972956,39992896
2022-07-31,49,764,49973005,39993660
2022-08-01,386,6865,49973391,40000525
2022-08-02,548,7590,49973939,40008115
2022-08-03,513,7179,49974452,40015294
2022-08-04,455,7493,49974907,40022787
2022-08-05,421,6526,49975328,40029313
2022-08-06,300,3613,49975628,40032926
2022-08-07,44,563,49975672,40033489
2022-08-08,403,4890,49976075,40038379
2022-08-09,381,5313,49976456,40043692
2022-08-10,385,4816,49976841,40048508
2022-08-11,369,4804,49977210,40053312
2022-08-12,294,3719,49977504,40057031
2022-08-13,143,1600,49977647,40058631
2022-08-14,9,129,49977656,40058760
2022-08-15,1,26,49977657,40058786
2022-08-16,283,3043,49977940,40061829
2022-08-17,352,3536,49978292,40065365
2022-08-18,393,4160,49978685,40069525
2022-08-19,341,3319,49979026,40072844
2022-08-20,183,1715,49979209,40074559
2022-08-21,24,149,49979233,40074708
2022-08-22,330,2952,49979563,40077660
2022-08-23,370,3674,49979933,40081334
2022-08-24,384,3360,49980317,40084694
2022-08-25,423,3773,49980740,40088467
2022-08-26,400,3574,49981140,40092041
2022-08-27,237,1770,49981377,40093811
2022-08-28,29,267,49981406,40094078
2022-08-29,354,3161,49981760,40097239
2022-08-30,405,3672,49982165,40100911
2022-08-31,438,3734,49982603,40104645
2022-09-01,353,3116,49982956,40107761
2022-09-02,296,2894,49983252,40110655
2022-09-03,200,1689,49983452,40112344
2022-09-04,24,149,49983476,40112493
2022-09-05,187,2656,49983663,40115149
2022-09-06,306,2984,49983969,40118133
2022-09-07,542,2936,49984511,40121069
2022-09-08,293,2963,49984804,40124032
2022-09-09,306,2886,49985110,40126918
2022-09-10,228,1326,49985338,40128244
2022-09-11,23,124,49985361,40128368
2022-09-12,267,2269,49985628,40130637
2022-09-13,252,2277,49985880,40132914
2022-09-14,266,2566,49986146,40135480
2022-09-15,282,2501,49986428,40137981
2022-09-16,256,2546,49986684,40140527
2022-09-17,239,1339,49986923,40141866
2022-09-18,20,170,49986943,40142036
2022-09-19,206,1971,49987149,40144007
2022-09-20,235,2392,49987384,40146399
2022-09-21,289,2526,49987673,40148925
2022-09-22,267,2663,49987940,40151588
2022-09-23,259,2545,49988199,40154133
2022-09-24,193,1427,49988392,40155560
2022-09-25,29,133,49988421,40155693
2022-09-26,280,2248,49988701,40157941
2022-09-27,287,2683,49988988,40160624
2022-09-28,310,2906,49989298,40163530
2022-09-29,257,3049,49989555,40166579
2022-09-30,292,2989,49989847,40169568
2022-10-01,195,1515,49990042,40171083
2022-10-02,12,187,49990054,40171270
2022-10-03,185,2475,49990239,40173745
2022-10-04,235,2862,49990474,40176607
2022-10-05,229,3252,49990703,40179859
2022-10-06,243,3874,49990946,40183733
2022-10-07,283,4189,49991229,40187922
2022-10-08,204,2270,49991433,40190192
2022-10-09,8,305,49991441,40190497
2022-10-10,214,3356,49991655,40193853
2022-10-11,194,4379,49991849,40198232
2022-10-12,207,4441,49992056,40202673
2022-10-13,204,5304,49992260,40207977
2022-10-14,233,5026,49992493,40213003
2022-10-15,191,2671,49992684,40215674
2022-10-16,6,360,49992690,40216034
2022-10-17,186,3874,49992876,40219908
2022-10-18,256,4967,49993132,40224875
2022-10-19,244,5478,49993376,40230353
2022-10-20,224,5998,49993600,40236351
2022-10-21,250,5477,49993850,40241828
2022-10-22,195,2911,49994045,40244739
2022-10-23,13,364,49994058,40245103
2022-10-24,171,3931,49994229,40249034
2022-10-25,254,4927,49994483,40253961
2022-10-26,347,5503,49994830,40259464
2022-10-27,241,5672,49995071,40265136
2022-10-28,200,5263,49995271,40270399
2022-10-29,128,2844,49995399,40273243
2022-10-30,3,328,49995402,40273571
2022-10-31,117,3042,49995519,40276613
2022-11-01,11,353,49995530,40276966
2022-11-02,145,3723,49995675,40280689
2022-11-03,172,4790,49995847,40285479
2022-11-04,225,4602,49996072,40290081
2022-11-05,144,2598,49996216,40292679
2022-11-06,10,261,49996226,40292940
2022-11-07,169,3225,49996395,40296165
2022-11-08,260,4254,49996655,40300419
2022-11-09,197,4331,49996852,40304750
2022-11-10,183,4597,49997035,40309347
2022-11-11,193,4221,49997228,40313568
2022-11-12,158,2378,49997386,40315946
2022-11-13,7,338,49997393,40316284
2022-11-14,150,2838,49997543,40319122
2022-11-15,202,3748,49997745,40322870
2022-11-16,217,3993,49997962,40326863
2022-11-17,191,4107,49998153,40330970
2022-11-18,246,4034,49998399,40335004
2022-11-19,112,2106,49998511,40337110
2022-11-20,24,317,49998535,40337427
2022-11-21,119,2621,49998654,40340048
2022-11-22,143,3217,49998797,40343265
2022-11-23,191,3625,49998988,40346890
2022-11-24,158,3844,49999146,40350734
2022-11-25,184,3785,49999330,40354519
2022-11-26,133,2093,49999463,40356612
2022-11-27,22,356,49999485,40356968
2022-11-28,182,2683,49999667,40359651
2022-11-29,257,3231,49999924,40362882
2022-11-30,182,3736,50000106,40366618
2022-12-01,151,3627,50000257,40370245
2022-12-02,156,3528,50000413,40373773
2022-12-03,106,1969,50000519,40375742
2022-12-04,5,290,50000524,40376032
2022-12-05,129,2855,50000653,40378887
2022-12-06,177,3655,50000830,40382542
2022-12-07,135,3137,50000965,40385679
2022-12-08,8,169,50000973,40385848
2022-12-09,161,3035,50001134,40388883
2022-12-10,78,1605,50001212,40390488
2022-12-11,7,193,50001219,40390681
2022-12-12,171,2535,50001390,40393216
2022-12-13,253,3052,50001643,40396268
2022-12-14,228,3220,50001871,40399488
2022-12-15,204,3271,50002075,40402759
2022-12-16,162,3177,50002237,40405936
2022-12-17,94,1684,50002331,40407620
2022-12-18,10,270,50002341,40407890
2022-12-19,143,2165,50002484,40410055
2022-12-20,211,2511,50002695,40412566
2022-12-21,156,2237,50002851,40414803
2022-12-22,141,1870,50002992,40416673
2022-12-23,151,1212,50003143,40417885
2022-12-24,32,160,50003175,40418045
2022-12-25,0,6,50003175,40418051
2022-12-26,6,41,50003181,40418092
2022-12-27,132,1554,50003313,40419646
2022-12-28,132,1770,50003445,40421416
2022-12-29,93,1696,50003538,40423112
2022-12-30,115,1608,50003653,40424720
2022-12-31,21,274,50003674,40424994
2023-01-01,0,6,50003674,40425000
2023-01-02,47,1112,50003721,40426112
2023-01-03,98,1881,50003819,40427993
2023-01-04,107,1950,50003926,40429943
2023-01-05,97,1838,50004023,40431781