data_somministrazione,vaccinazioni,booster,cum_vaccinazioni,cum_booster
2020-12-27,22,0,22,0
2020-12-28,2,0,24,0
2020-12-29,1,0,25,0
2020-12-30,9,0,34,0
2020-12-31,86,0,120,0
2021-01-01,28,0,148,0
2021-01-02,159,0,307,0
2021-01-03,120,0,427,0
2021-01-04,260,0,687,0
2021-01-05,297,0,984,0
2021-01-06,272,0,1256,0
2021-01-07,342,0,1598,0
2021-01-08,398,0,1996,0
2021-01-09,304,0,2300,0
2021-01-10,184,0,2484,0
2021-01-11,318,0,2802,0
2021-01-12,296,0,3098,0
2021-01-13,431,0,3529,0
2021-01-14,508,0,4037,0
2021-01-15,330,0,4367,0
2021-01-16,228,0,4595,0
2021-01-17,3066,0,7661,0
2021-01-18,5228,0,12889,0
2021-01-19,1898,0,14787,0
2021-01-20,4660,0,19447,0
2021-01-21,20001,0,39448,0
2021-01-22,14245,0,53693,0
2021-01-23,33312,0,87005,0
2021-01-24,30774,0,117779,0
2021-01-25,64696,0,182475,0
2021-01-26,76458,0,258933,0
2021-01-27,64811,0,323744,0
2021-01-28,89236,0,412980,0
2021-01-29,93993,0,506973,0
2021-01-30,86535,0,593508,0
2021-01-31,57312,0,650820,0
2021-02-01,81837,0,732657,0
2021-02-02,82143,0,814800,0
2021-02-03,91105,0,905905,0
2021-02-04,95387,0,1001292,0
2021-02-05,89118,0,1090410,0
2021-02-06,63452,0,1153862,0
2021-02-07,32934,0,1186796,0
2021-02-08,40427,0,1227223,0
2021-02-09,32890,0,1260113,0
2021-02-10,28449,0,1288562,0
2021-02-11,20418,0,1308980,0
2021-02-12,16263,0,1325243,0
2021-02-13,7295,0,1332538,0
2021-02-14,2864,0,1335402,0
2021-02-15,6855,0,1342257,0
2021-02-16,7011,0,1349268,0
2021-02-17,10529,0,1359797,0
2021-02-18,9265,0,1369062,0
2021-02-19,8264,0,1377326,0
2021-02-20,5595,0,1382921,0
2021-02-21,3023,0,1385944,0
2021-02-22,6892,0,1392836,0
2021-02-23,7195,0,1400031,0
2021-02-24,9828,0,1409859,0
2021-02-25,14223,0,1424082,0
2021-02-26,17571,0,1441653,0
2021-02-27,13941,0,1455594,0
2021-02-28,9399,0,1464993,0
2021-03-01,26539,0,1491532,0
2021-03-02,33250,0,1524782,0
2021-03-03,44665,0,1569447,0
2021-03-04,50318,0,1619765,0
2021-03-05,55760,0,1675525,0
2021-03-06,41892,0,1717417,0
2021-03-07,22334,0,1739751,0
2021-03-08,50849,0,1790600,0
2021-03-09,53103,0,1843703,0
2021-03-10,58712,0,1902415,0
2021-03-11,63925,0,1966340,0
2021-03-12,65171,0,2031511,0
2021-03-13,51738,0,2083249,0
2021-03-14,35436,0,2118685,0
2021-03-15,73474,0,2192159,0
2021-03-16,74036,0,2266195,0
2021-03-17,83161,0,2349356,0
2021-03-18,81658,0,2431014,0
2021-03-19,81112,0,2512126,0
2021-03-20,64755,0,2576881,0
2021-03-21,47319,0,2624200,0
2021-03-22,69528,0,2693728,0
2021-03-23,75843,0,2769571,0
2021-03-24,90963,0,2860534,0
2021-03-25,89788,0,2950322,0
2021-03-26,83665,0,3033987,0
2021-03-27,71974,0,3105961,0
2021-03-28,44201,0,3150162,0
2021-03-29,70866,0,3221028,0
2021-03-30,81434,0,3302462,0
2021-03-31,96293,0,3398755,0
2021-04-01,95369,0,3494124,0
2021-04-02,83821,0,3577945,0
2021-04-03,64318,0,3642263,0
2021-04-04,21727,0,3663990,0
2021-04-05,40330,0,3704320,0
2021-04-06,81369,0,3785689,0
2021-04-07,95861,0,3881550,0
2021-04-08,95289,0,3976839,0
2021-04-09,88524,0,4065363,0
2021-04-10,74052,0,4139415,0
2021-04-11,44773,0,4184188,0
2021-04-12,66933,0,4251121,0
2021-04-13,72612,0,4323733,0
2021-04-14,85574,0,4409307,0
2021-04-15,105438,0,4514745,0
2021-04-16,106447,0,4621192,0
2021-04-17,90542,0,4711734,0
2021-04-18,58603,0,4770337,0
2021-04-19,93451,0,4863788,0
2021-04-20,103789,0,4967577,0
2021-04-21,125348,0,5092925,0
2021-04-22,143539,0,5236464,0
2021-04-23,138773,0,5375237,0
2021-04-24,124464,0,5499701,0
2021-04-25,61475,0,5561176,0
2021-04-26,97929,0,5659105,0
2021-04-27,128400,0,5787505,0
2021-04-28,156415,0,5943920,0
2021-04-29,195639,0,6139559,0
2021-04-30,214632,0,6354191,0
2021-05-01,174158,0,6528349,0
2021-05-02,135826,0,6664175,0
2021-05-03,142107,0,6806282,0
2021-05-04,158736,0,6965018,0
2021-05-05,170571,0,7135589,0
2021-05-06,196141,0,7331730,0
2021-05-07,212017,0,7543747,0
2021-05-08,213467,0,7757214,0
2021-05-09,143246,0,7900460,0
2021-05-10,165120,0,8065580,0
2021-05-11,175042,0,8240622,0
2021-05-12,179275,0,8419897,0
2021-05-13,203469,0,8623366,0
2021-05-14,222983,0,8846349,0
2021-05-15,210415,0,9056764,0
2021-05-16,159311,0,9216075,0
2021-05-17,218874,0,9434949,0
2021-05-18,213042,0,9647991,0
2021-05-19,207132,0,9855123,0
2021-05-20,270953,0,10126076,0
2021-05-21,270958,0,10397034,0
2021-05-22,245582,0,10642616,0
2021-05-23,197212,0,10839828,0
2021-05-24,228370,0,11068198,0
2021-05-25,245731,0,11313929,0
2021-05-26,277597,0,11591526,0
2021-05-27,311141,0,11902667,0
2021-05-28,299433,0,12202100,0
2021-05-29,231284,0,12433384,0
2021-05-30,170866,0,12604250,0
2021-05-31,216479,0,12820729,0
2021-06-01,207684,0,13028413,0
2021-06-02,115836,0,13144249,0
2021-06-03,180239,0,13324488,0
2021-06-04,184989,0,13509477,0
2021-06-05,186079,0,13695556,0
2021-06-06,139652,0,13835208,0
2021-06-07,161980,0,13997188,0
2021-06-08,171384,0,14168572,0
2021-06-09,171588,0,14340160,0
2021-06-10,174260,0,14514420,0
2021-06-11,170149,0,14684569,0
2021-06-12,128493,0,14813062,0
2021-06-13,91323,0,14904385,0
2021-06-14,214767,0,15119152,0
2021-06-15,228531,0,15347683,0
2021-06-16,253187,0,15600870,0
2021-06-17,301869,0,15902739,0
2021-06-18,306431,0,16209170,0
2021-06-19,275199,0,16484369,0
2021-06-20,220874,0,16705243,0
2021-06-21,288172,0,16993415,0
2021-06-22,296318,0,17289733,0
2021-06-23,302751,0,17592484,0
2021-06-24,332660,0,17925144,0
2021-06-25,348806,0,18273950,0
2021-06-26,300179,0,18574129,0
2021-06-27,228746,0,18802875,0
2021-06-28,307231,0,19110106,0
2021-06-29,329419,0,19439525,0
2021-06-30,342296,0,19781821,0
2021-07-01,363322,0,20145143,0
2021-07-02,368582,0,20513725,0
2021-07-03,371142,0,20884867,0
2021-07-04,283265,0,21168132,0
2021-07-05,384599,0,21552731,0
2021-07-06,385531,0,21938262,0
2021-07-07,412173,0,22350435,0
2021-07-08,478981,0,22829416,0
2021-07-09,498476,0,23327892,0
2021-07-10,475176,0,23803068,0
2021-07-11,357677,0,24160745,0
2021-07-12,485885,0,24646630,0
2021-07-13,492059,0,25138689,0
2021-07-14,480454,0,25619143,0
2021-07-15,523424,0,26142567,0
2021-07-16,509762,0,26652329,0
2021-07-17,464316,0,27116645,0
2021-07-18,364615,0,27481260,0
2021-07-19,463087,0,27944347,0
2021-07-20,458063,0,28402410,0
2021-07-21,462837,0,28865247,0
2021-07-22,475402,0,29340649,0
2021-07-23,441359,0,29782008,0
2021-07-24,386133,0,30168141,0
2021-07-25,287535,0,30455676,0
2021-07-26,430912,0,30886588,0
2021-07-27,440153,0,31326741,0
2021-07-28,391040,0,31717781,0
2021-07-29,371923,0,32089704,0
2021-07-30,341593,0,32431297,0
2021-07-31,287055,0,32718352,0
2021-08-01,190992,0,32909344,0
2021-08-02,333752,0,33243096,0
2021-08-03,323237,0,33566333,0
2021-08-04,311053,0,33877386,0
2021-08-05,292536,0,34169922,0
2021-08-06,260115,0,34430037,0
2021-08-07,199094,0,34629131,0
2021-08-08,153120,0,34782251,0
2021-08-09,234135,0,35016386,0
2021-08-10,205357,0,35221743,0
2021-08-11,193850,0,35415593,0
2021-08-12,168162,0,35583755,0
2021-08-13,148773,0,35732528,0
2021-08-14,66117,0,35798645,0
2021-08-15,26346,0,35824991,0
2021-08-16,114790,0,35939781,0
2021-08-17,129327,0,36069108,0
2021-08-18,128815,0,36197923,0
2021-08-19,124926,0,36322849,0
2021-08-20,123878,0,36446727,0
2021-08-21,83153,0,36529880,0
2021-08-22,68184,0,36598064,0
2021-08-23,176920,0,36774984,0
2021-08-24,156954,0,36931938,0
2021-08-25,177233,0,37109171,0
2021-08-26,172407,0,37281578,0
2021-08-27,185729,0,37467307,0
2021-08-28,140306,0,37607613,0
2021-08-29,99003,0,37706616,0
2021-08-30,209636,0,37916252,0
2021-08-31,194700,0,38110952,0
2021-09-01,192287,0,38303239,0
2021-09-02,189970,0,38493209,0
2021-09-03,191311,0,38684520,0
2021-09-04,131429,0,38815949,0
2021-09-05,87836,0,38903785,0
2021-09-06,193630,0,39097415,0
2021-09-07,196086,0,39293501,0
2021-09-08,187864,0,39481365,0
2021-09-09,201431,0,39682796,0
2021-09-10,197869,0,39880665,0
2021-09-11,141284,0,40021949,0
2021-09-12,89582,0,40111531,0
2021-09-13,191118,688,40302649,688
2021-09-14,177217,679,40479866,1367
2021-09-15,163099,670,40642965,2037
2021-09-16,160057,1034,40803022,3071
2021-09-17,150190,1190,40953212,4261
2021-09-18,128012,793,41081224,5054
2021-09-19,81143,518,41162367,5572
2021-09-20,180091,9158,41342458,14730
2021-09-21,166708,8877,41509166,23607
2021-09-22,159149,9474,41668315,33081
2021-09-23,138146,9368,41806461,42449
2021-09-24,140586,9030,41947047,51479
2021-09-25,119585,5688,42066632,57167
2021-09-26,72005,4373,42138637,61540
2021-09-27,135709,10113,42274346,71653
2021-09-28,117544,11454,42391890,83107
2021-09-29,112408,11875,42504298,94982
2021-09-30,110319,15006,42614617,109988
2021-10-01,95024,19151,42709641,129139
2021-10-02,78551,14052,42788192,143191
2021-10-03,47763,7675,42835955,150866
2021-10-04,88423,34506,42924378,185372
2021-10-05,80412,34037,43004790,219409
2021-10-06,72011,34235,43076801,253644
2021-10-07,71892,34390,43148693,288034
2021-10-08,80663,33645,43229356,321679
2021-10-09,76126,22207,43305482,343886
2021-10-10,45797,13634,43351279,357520
2021-10-11,87487,41154,43438766,398674
2021-10-12,84541,46957,43523307,445631
2021-10-13,88255,52191,43611562,497822
2021-10-14,91589,58572,43703151,556394
2021-10-15,93613,55711,43796764,612105
2021-10-16,82994,36842,43879758,648947
2021-10-17,51462,23870,43931220,672817
2021-10-18,90326,59552,44021546,732369
2021-10-19,78380,69443,44099926,801812
2021-10-20,75076,78247,44175002,880059
2021-10-21,78308,81865,44253310,961924
2021-10-22,73785,77116,44327095,1039040
2021-10-23,60843,51983,44387938,1091023
2021-10-24,33365,23489,44421303,1114512
2021-10-25,64928,81686,44486231,1196198
2021-10-26,58397,91880,44544628,1288078
2021-10-27,58322,104059,44602950,1392137
2021-10-28,61468,114200,44664418,1506337
2021-10-29,61626,103223,44726044,1609560
2021-10-30,50672,68166,44776716,1677726
2021-10-31,25158,28315,44801874,1706041
2021-11-01,19049,28162,44820923,1734203
2021-11-02,62767,89463,44883690,1823666
2021-11-03,60721,118735,44944411,1942401
2021-11-04,59246,126732,45003657,2069133
2021-11-05,63112,135250,45066769,2204383
2021-11-06,46491,90953,45113260,2295336
2021-11-07,22248,37909,45135508,2333245
2021-11-08,51530,131321,45187038,2464566
2021-11-09,45416,144250,45232454,2608816
2021-11-10,42600,156405,45275054,2765221
2021-11-11,44937,155216,45319991,2920437
2021-11-12,46313,158739,45366304,3079176
2021-11-13,33270,116696,45399574,3195872
2021-11-14,14490,52464,45414064,3248336
2021-11-15,36911,157474,45450975,3405810
2021-11-16,30578,171447,45481553,3577257
2021-11-17,28476,178499,45510029,3755756
2021-11-18,30313,193805,45540342,3949561
2021-11-19,28837,205920,45569179,4155481
2021-11-20,21015,156472,45590194,4311953
2021-11-21,10615,64877,45600809,4376830
2021-11-22,21963,213184,45622772,4590014
2021-11-23,23617,241857,45646389,4831871
2021-11-24,27742,270648,45674131,5102519
2021-11-25,23250,300992,45697381,5403511
2021-11-26,24610,318334,45721991,5721845
2021-11-27,21422,266199,45743413,5988044
2021-11-28,9910,137085,45753323,6125129
2021-11-29,22372,326112,45775695,6451241
2021-11-30,23129,365909,45798824,6817150
2021-12-01,21571,413584,45820395,7230734
2021-12-02,23809,440499,45844204,7671233
2021-12-03,25295,467600,45869499,8138833
2021-12-04,22401,419024,45891900,8557857
2021-12-05,11953,261525,45903853,8819382
2021-12-06,25859,457770,45929712,9277152
2021-12-07,24149,479658,45953861,9756810
2021-12-08,10036,249853,45963897,10006663
2021-12-09,31640,492016,45995537,10498679
2021-12-10,28121,517963,46023658,11016642
2021-12-11,23601,459304,46047259,11475946
2021-12-12,12326,293546,46059585,11769492
2021-12-13,26197,467694,46085782,12237186
2021-12-14,25226,494290,46111008,12731476
2021-12-15,25392,517213,46136400,13248689
2021-12-16,27953,520373,46164353,13769062
2021-12-17,29414,517273,46193767,14286335
2021-12-18,27124,468811,46220891,14755146
2021-12-19,15174,300265,46236065,15055411
2021-12-20,30690,477548,46266755,15532959
2021-12-21,30436,493503,46297191,16026462
2021-12-22,29509,484790,46326700,16511252
2021-12-23,28259,426706,46354959,16937958
2021-12-24,13135,210870,46368094,17148828
2021-12-25,2104,33053,46370198,17181881
2021-12-26,8791,159079,46378989,17340960
2021-12-27,46875,504783,46425864,17845743
2021-12-28,42530,554325,46468394,18400068
2021-12-29,34432,550739,46502826,18950807
2021-12-30,31914,499932,46534740,19450739
2021-12-31,14158,247420,46548898,19698159
2022-01-01,3503,64816,46552401,19762975
2022-01-02,22847,276747,46575248,20039722
2022-01-03,47975,520085,46623223,20559807
2022-01-04,46423,571666,46669646,21131473
2022-01-05,40887,560461,46710533,21691934
2022-01-06,23555,274495,46734088,21966429
2022-01-07,63827,554258,46797915,22520687
2022-01-08,61025,502749,46858940,23023436
2022-01-09,42994,319721,46901934,23343157
2022-01-10,61207,542374,46963141,23885531
2022-01-11,61769,586568,47024910,24472099
2022-01-12,58585,581388,47083495,25053487
2022-01-13,58648,580026,47142143,25633513
2022-01-14,46980,588666,47189123,26222179
2022-01-15,39647,570218,47228770,26792397
2022-01-16,31348,341889,47260118,27134286
2022-01-17,54763,489499,47314881,27623785
2022-01-18,58514,517119,47373395,28140904
2022-01-19,57301,502884,47430696,28643788
2022-01-20,54322,498499,47485018,29142287
2022-01-21,42157,493419,47527175,29635706
2022-01-22,31308,469137,47558483,30104843
2022-01-23,34999,275431,47593482,30380274
2022-01-24,56248,437314,47649730,30817588
2022-01-25,61527,451805,47711257,31269393
2022-01-26,58626,435882,47769883,31705275
2022-01-27,48949,432487,47818832,32137762
2022-01-28,58780,436631,47877612,32574393
2022-01-29,68231,412671,47945843,32987064
2022-01-30,50426,236101,47996269,33223165
2022-01-31,60738,356999,48057007,33580164
2022-02-01,65659,328515,48122666,33908679
2022-02-02,63264,297042,48185930,34205721
2022-02-03,60132,274582,48246062,34480303
2022-02-04,72105,268280,48318167,34748583
2022-02-05,83831,248596,48401998,34997179
2022-02-06,55313,116233,48457311,35113412
2022-02-07,65209,199968,48522520,35313380
2022-02-08,66980,186176,48589500,35499556
2022-02-09,58798,166386,48648298,35665942
2022-02-10,58622,163290,48706920,35829232
2022-02-11,62296,162512,48769216,35991744
2022-02-12,72038,152172,48841254,36143916
2022-02-13,41486,68865,48882740,36212781
2022-02-14,46720,116217,48929460,36328998
2022-02-15,48584,123500,48978044,36452498
2022-02-16,45723,106159,49023767,36558657
2022-02-17,42885,98150,49066652,36656807
2022-02-18,46645,112612,49113297,36769419
2022-02-19,52555,100357,49165852,36869776
2022-02-20,31416,40381,49197268,36910157
2022-02-21,37911,89685,49235179,36999842
2022-02-22,37238,83814,49272417,37083656
2022-02-23,33414,79429,49305831,37163085
2022-02-24,32568,78193,49338399,37241278
2022-02-25,34782,90752,49373181,37332030
2022-02-26,39170,89153,49412351,37421183
2022-02-27,22548,35861,49434899,37457044
2022-02-28,28495,81716,49463394,37538760
2022-03-01,22738,53977,49486132,37592737
2022-03-02,21943,50734,49508075,37643471
2022-03-03,22649,54958,49530724,37698429
2022-03-04,23251,62820,49553975,37761249
2022-03-05,23807,57958,49577782,37819207
2022-03-06,9473,17204,49587255,37836411
2022-03-07,15936,51413,49603191,37887824
2022-03-08,15491,48817,49618682,37936641
2022-03-09,13816,46523,49632498,37983164
2022-03-10,14060,52072,49646558,38035236
2022-03-11,15449,57196,49662007,38092432
2022-03-12,15514,56624,49677521,38149056
2022-03-13,5546,16853,49683067,38165909
2022-03-14,10532,46714,49693599,38212623
2022-03-15,10558,46918,49704157,38259541
2022-03-16,9490,41988,49713647,38301529
2022-03-17,9731,44893,49723378,38346422
2022-03-18,10170,49078,49733548,38395500
2022-03-19,9155,46552,49742703,38442052
2022-03-20,2608,11704,49745311,38453756
2022-03-21,7589,40248,49752900,38494004
2022-03-22,8450,37787,49761350,38531791
2022-03-23,7227,33708,49768577,38565499
2022-03-24,8265,38839,49776842,38604338
2022-03-25,8145,43698,49784987,38648036
2022-03-26,8128,41724,49793115,38689760
2022-03-27,2431,9685,49795546,38699445
2022-03-28,6113,35256,49801659,38734701
2022-03-29,5785,32544,49807444,38767245
2022-03-30,5569,30217,49813013,38797462
2022-03-31,5907,33207,49818920,38830669
2022-04-01,4354,25202,49823274,38855871
2022-04-02,4498,23276,49827772,38879147
2022-04-03,1049,4500,49828821,38883647
2022-04-04,3664,21556,49832485,38905203
2022-04-05,3759,22948,49836244,38928151
2022-04-06,4106,21855,49840350,38950006
2022-04-07,3973,23328,49844323,38973334
2022-04-08,4698,26729,49849021,39000063
2022-04-09,4383,23888,49853404,39023951
2022-04-10,893,4613,49854297,39028564
2022-04-11,3819,22696,49858116,39051260
2022-04-12,3364,21791,49861480,39073051
2022-04-13,3577,21347,49865057,39094398
2022-04-14,3487,23798,49868544,39118196
2022-04-15,3086,20631,49871630,39138827
2022-04-16,2153,11922,49873783,39150749
2022-04-17,63,348,49873846,39151097
2022-04-18,152,650,49873998,39151747
2022-04-19,3500,22001,49877498,39173748
2022-04-20,3514,20255,49881012,39194003
2022-04-21,2848,19802,49883860,39213805
2022-04-22,2929,20720,49886789,39234525
2022-04-23,2648,16222,49889437,39250747
2022-04-24,509,2335,49889946,39253082
2022-04-25,183,1165,49890129,39254247
2022-04-26,2762,17814,49892891,39272061
2022-04-27,2376,15798,49895267,39287859
2022-04-28,2366,15570,49897633,39303429
2022-04-29,2300,14858,49899933,39318287
2022-04-30,2123,11585,49902056,39329872
2022-05-01,113,531,49902169,39330403
2022-05-02,1451,9394,49903620,39339797
2022-05-03,1578,10332,49905198,39350129
2022-05-04,1748,10283,49906946,39360412
2022-05-05,1655,10305,49908601,39370717
2022-05-06,1702,10979,49910303,39381696
2022-05-07,1432,8575,49911735,39390271
2022-05-08,417,1527,49912152,39391798
2022-05-09,1028,8937,49913180,39400735
2022-05-10,1427,9558,49914607,39410293
2022-05-11,1486,10109,49916093,39420402
2022-05-12,1373,10140,49917466,39430542
2022-05-13,1599,10530,49919065,39441072
2022-05-14,1362,8249,49920427,39449321
2022-05-15,336,1138,49920763,39450459
2022-05-16,814,8411,49921577,39458870
2022-05-17,1244,8708,49922821,39467578
2022-05-18,1373,9256,49924194,39476834
2022-05-19,1503,9289,49925697,39486123
2022-05-20,1429,9538,49927126,39495661
2022-05-21,1302,7903,49928428,39503564
2022-05-22,231,1013,49928659,39504577
2022-05-23,830,8275,49929489,39512852
2022-05-24,1073,8675,49930562,39521527
2022-05-25,1372,9460,49931934,39530987
2022-05-26,1201,9483,49933135,39540470
2022-05-27,1235,9919,49934370,39550389
2022-05-28,1205,7890,49935575,39558279
2022-05-29,288,1265,49935863,39559544
2022-05-30,931,8063,49936794,39567607
2022-05-31,1039,8551,49937833,39576158
2022-06-01,897,7657,49938730,39583815
2022-06-02,35,474,49938765,39584289
2022-06-03,819,7334,49939584,39591623
2022-06-04,870,5162,49940454,39596785
2022-06-05,88,586,49940542,39597371
2022-06-06,679,7007,49941221,39604378
2022-06-07,951,7852,49942172,39612230
2022-06-08,981,7910,49943153,39620140
2022-06-09,1037,8421,49944190,39628561
2022-06-10,958,8564,49945148,39637125
2022-06-11,903,6206,49946051,39643331
2022-06-12,140,768,49946191,39644099
2022-06-13,603,6307,49946794,39650406
2022-06-14,833,7908,49947627,39658314
2022-06-15,960,7856,49948587,39666170
2022-06-16,734,7404,49949321,39673574
2022-06-17,724,7250,49950045,39680824
2022-06-18,779,5596,49950824,39686420
2022-06-19,49,521,49950873,39686941
2022-06-20,587,6700,49951460,39693641
2022-06-21,741,7664,49952201,39701305
2022-06-22,779,7314,49952980,39708619
2022-06-23,650,7475,49953630,39716094
2022-06-24,644,7475,49954274,39723569
2022-06-25,836,6533,49955110,39730102
2022-06-26,128,523,49955238,39730625
2022-06-27,534,7128,49955772,39737753
2022-06-28,748,8208,49956520,39745961
2022-06-29,757,7737,49957277,39753698
2022-06-30,748,8146,49958025,39761844
2022-07-01,577,6446,49958602,39768290
2022-07-02,536,4770,49959138,39773060
2022-07-03,49,456,49959187,39773516
2022-07-04,470,6279,49959657,39779795
2022-07-05,631,8122,49960288,39787917
2022-07-06,634,7611,49960922,39795528
2022-07-07,577,8277,49961499,39803805
2022-07-08,677,8087,49962176,39811892
2022-07-09,549,6105,49962725,39817997
2022-07-10,58,533,49962783,39818530
2022-07-11,493,7645,49963276,39826175
2022-07-12,669,9031,49963945,39835206
2022-07-13,645,10068,49964590,39845274
2022-07-14,639,10226,49965229,39855500
2022-07-15,627,10674,49965856,39866174
2022-07-16,523,7215,49966379,39873389
2022-07-17,48,770,49966427,39874159
2022-07-18,496,9378,49966923,39883537
2022-07-19,576,10688,49967499,39894225
2022-07-20,582,11277,49968081,39905502
2022-07-21,633,12096,49968714,39917598
2022-07-22,584,11267,49969298,39928865
2022-07-23,381,6778,49969679,39935643
2022-07-24,76,857,49969755,39936500
2022-07-25,504,9059,49970259,39945559
2022-07-26,522,9769,49970781,39955328
2022-07-27,555,10216,49971336,39965544
2022-07-28,534,10538,49971870,39976082
2022-07-29,510,9468,49972380,39985550
2022-07-30,383,5884,49972763,39991434
2022-07-31,49,764,49972812,39992198
2022-08-01,386,6866,49973198,39999064
2022-08-02,548,7594,49973746,40006658
2022-08-03,515,7187,49974261,40013845
2022-08-04,455,7495,49974716,40021340
2022-08-05,421,6530,49975137,40027870
2022-08-06,300,3613,49975437,40031483
2022-08-07,44,563,49975481,40032046
2022-08-08,403,4890,49975884,40036936
2022-08-09,381,5316,49976265,40042252
2022-08-10,385,4817,49976650,40047069
2022-08-11,370,4806,49977020,40051875
2022-08-12,295,3721,49977315,40055596
2022-08-13,143,1600,49977458,40057196
2022-08-14,9,129,49977467,40057325
2022-08-15,1,26,49977468,40057351
2022-08-16,284,3043,49977752,40060394
2022-08-17,352,3533,49978104,40063927
2022-08-18,395,4163,49978499,40068090
2022-08-19,341,3322,49978840,40071412
2022-08-20,184,1716,49979024,40073128
2022-08-21,24,149,49979048,40073277
2022-08-22,333,2952,49979381,40076229
2022-08-23,370,3674,49979751,40079903
2022-08-24,384,3363,49980135,40083266
2022-08-25,424,3774,49980559,40087040
2022-08-26,400,3586,49980959,40090626
2022-08-27,237,1770,49981196,40092396
2022-08-28,29,267,49981225,40092663
2022-08-29,354,3161,49981579,40095824
2022-08-30,406,3676,49981985,40099500
2022-08-31,438,3734,49982423,40103234
2022-09-01,353,3119,49982776,40106353
2022-09-02,298,2894,49983074,40109247
2022-09-03,200,1692,49983274,40110939
2022-09-04,24,149,49983298,40111088
2022-09-05,187,2656,49983485,40113744
2022-09-06,307,2981,49983792,40116725
2022-09-07,541,2938,49984333,40119663
2022-09-08,293,2965,49984626,40122628
2022-09-09,308,2886,49984934,40125514
2022-09-10,228,1327,49985162,40126841
2022-09-11,23,124,49985185,40126965
2022-09-12,267,2269,49985452,40129234
2022-09-13,255,2280,49985707,40131514
2022-09-14,266,2566,49985973,40134080
2022-09-15,284,2501,49986257,40136581
2022-09-16,255,2544,49986512,40139125
2022-09-17,239,1339,49986751,40140464
2022-09-18,20,170,49986771,40140634
2022-09-19,206,1973,49986977,40142607
2022-09-20,237,2392,49987214,40144999
2022-09-21,289,2527,49987503,40147526
2022-09-22,267,2663,49987770,40150189
2022-09-23,261,2547,49988031,40152736
2022-09-24,193,1427,49988224,40154163
2022-09-25,29,133,49988253,40154296
2022-09-26,281,2249,49988534,40156545
2022-09-27,287,2680,49988821,40159225
2022-09-28,311,2905,49989132,40162130
2022-09-29,257,3051,49989389,40165181
2022-09-30,292,2987,49989681,40168168
2022-10-01,196,1515,49989877,40169683
2022-10-02,12,187,49989889,40169870
2022-10-03,186,2477,49990075,40172347
2022-10-04,236,2865,49990311,40175212
2022-10-05,233,3255,49990544,40178467
2022-10-06,244,3875,49990788,40182342
2022-10-07,285,4186,49991073,40186528
2022-10-08,206,2267,49991279,40188795
2022-10-09,8,305,49991287,40189100
2022-10-10,214,3348,49991501,40192448
2022-10-11,195,4380,49991696,40196828
2022-10-12,211,4436,49991907,40201264
2022-10-13,207,5299,49992114,40206563
2022-10-14,234,5010,49992348,40211573
2022-10-15,191,2669,49992539,40214242
2022-10-16,6,360,49992545,40214602
2022-10-17,187,3873,49992732,40218475
2022-10-18,257,4960,49992989,40223435
2022-10-19,247,5479,49993236,40228914
2022-10-20,227,5997,49993463,40234911
2022-10-21,257,5478,49993720,40240389
2022-10-22,196,2911,49993916,40243300
2022-10-23,13,364,49993929,40243664
2022-10-24,171,3930,49994100,40247594
2022-10-25,256,4927,49994356,40252521
2022-10-26,350,5505,49994706,40258026
2022-10-27,239,5678,49994945,40263704
2022-10-28,202,5265,49995147,40268969
2022-10-29,128,2844,49995275,40271813
2022-10-30,4,328,49995279,40272141
2022-10-31,118,3038,49995397,40275179
2022-11-01,11,353,49995408,40275532
2022-11-02,146,3721,49995554,40279253
2022-11-03,172,4793,49995726,40284046
2022-11-04,228,4602,49995954,40288648
2022-11-05,145,2601,49996099,40291249
2022-11-06,10,261,49996109,40291510
2022-11-07,169,3227,49996278,40294737
2022-11-08,262,4257,49996540,40298994
2022-11-09,202,4336,49996742,40303330
2022-11-10,184,4603,49996926,40307933
2022-11-11,194,4235,49997120,40312168
2022-11-12,161,2378,49997281,40314546
2022-11-13,7,338,49997288,40314884
2022-11-14,150,2843,49997438,40317727
2022-11-15,204,3749,49997642,40321476
2022-11-16,217,4002,49997859,40325478
2022-11-17,195,4112,49998054,40329590
2022-11-18,252,4050,49998306,40333640
2022-11-19,112,2087,49998418,40335727
2022-11-20,24,317,49998442,40336044
2022-11-21,119,2623,49998561,40338667
2022-11-22,140,3224,49998701,40341891
2022-11-23,191,3635,49998892,40345526
2022-11-24,158,3847,49999050,40349373
2022-11-25,184,3781,49999234,40353154
2022-11-26,134,2096,49999368,40355250
2022-11-27,22,356,49999390,40355606
2022-11-28,182,2691,49999572,40358297
2022-11-29,258,3235,49999830,40361532
2022-11-30,182,3738,50000012,40365270
2022-12-01,151,3635,50000163,40368905
2022-12-02,161,3532,50000324,40372437
2022-12-03,106,1999,50000430,40374436
2022-12-04,5,290,50000435,40374726
2022-12-05,129,2861,50000564,40377587
2022-12-06,177,3658,50000741,40381245
2022-12-07,136,3134,50000877,40384379
2022-12-08,8,169,50000885,40384548
2022-12-09,165,3036,50001050,40387584
2022-12-10,71,1602,50001121,40389186
2022-12-11,7,193,50001128,40389379
2022-12-12,172,2534,50001300,40391913
2022-12-13,253,3052,50001553,40394965
2022-12-14,232,3240,50001785,40398205
2022-12-15,207,3299,50001992,40401504
2022-12-16,163,3223,50002155,40404727
2022-12-17,95,1691,50002250,40406418
2022-12-18,10,270,50002260,40406688
2022-12-19,149,2170,50002409,40408858
2022-12-20,212,2532,50002621,40411390
2022-12-21,160,2252,50002781,40413642
2022-12-22,140,1876,50002921,40415518
2022-12-23,154,1222,50003075,40416740
2022-12-24,32,162,50003107,40416902
2022-12-25,0,6,50003107,40416908
2022-12-26,6,42,50003113,40416950
2022-12-27,133,1555,50003246,40418505
2022-12-28,138,1780,50003384,40420285
2022-12-29,92,1710,50003476,40421995
2022-12-30,116,1614,50003592,40423609
2022-12-31,21,273,50003613,40423882
2023-01-01,0,6,50003613,40423888
2023-01-02,48,1129,50003661,40425017
2023-01-03,99,1898,50003760,40426915
2023-01-04,111,2009,50003871,40428924
2023-01-05,99,1913,50003970,40430837
2023-01-06,0,70,50003970,40430907
2023-01-07,53,687,50004023,40431594
2023-01-08,2,97,50004025,40431691
2023-01-09,129,1430,50004154,40433121
2023-01-10,128,1789,50004282,40434910
2023-01-11,118,1771,50004400,40436681
2023-01-12,115,2008,50004515,40438689
2023-01-13,108,1889,50004623,40440578
2023-01-14,66,977,50004689,40441555
2023-01-15,1,67,50004690,40441622
2023-01-16,37,1153,50004727,40442775
2023-01-17,109,1302,50004836,40444077
2023-01-18,81,1416,50004917,40445493
2023-01-19,111,1601,50005028,40447094
2023-01-20,158,1401,50005186,40448495
2023-01-21,46,635,50005232,40449130
2023-01-22,2,57,50005234,40449187
2023-01-23,75,775,50005309,40449962
2023-01-24,114,1179,50005423,40451141
2023-01-25,104,1032,50005527,40452173