data_somministrazione,vaccinazioni,booster,cum_vaccinazioni,cum_booster
2020-12-27,22,0,22,0
2020-12-28,2,0,24,0
2020-12-29,1,0,25,0
2020-12-30,8,0,33,0
2020-12-31,80,0,113,0
2021-01-01,26,0,139,0
2021-01-02,151,0,290,0
2021-01-03,112,0,402,0
2021-01-04,246,0,648,0
2021-01-05,291,0,939,0
2021-01-06,262,0,1201,0
2021-01-07,331,0,1532,0
2021-01-08,385,0,1917,0
2021-01-09,290,0,2207,0
2021-01-10,172,0,2379,0
2021-01-11,312,0,2691,0
2021-01-12,292,0,2983,0
2021-01-13,425,0,3408,0
2021-01-14,507,0,3915,0
2021-01-15,327,0,4242,0
2021-01-16,225,0,4467,0
2021-01-17,3065,0,7532,0
2021-01-18,5220,0,12752,0
2021-01-19,1896,0,14648,0
2021-01-20,4660,0,19308,0
2021-01-21,20004,0,39312,0
2021-01-22,14220,0,53532,0
2021-01-23,33316,0,86848,0
2021-01-24,30775,0,117623,0
2021-01-25,64698,0,182321,0
2021-01-26,76456,0,258777,0
2021-01-27,64804,0,323581,0
2021-01-28,89244,0,412825,0
2021-01-29,93991,0,506816,0
2021-01-30,86538,0,593354,0
2021-01-31,57320,0,650674,0
2021-02-01,81833,0,732507,0
2021-02-02,82126,0,814633,0
2021-02-03,91101,0,905734,0
2021-02-04,95381,0,1001115,0
2021-02-05,90263,0,1091378,0
2021-02-06,63450,0,1154828,0
2021-02-07,32935,0,1187763,0
2021-02-08,40421,0,1228184,0
2021-02-09,32880,0,1261064,0
2021-02-10,28440,0,1289504,0
2021-02-11,20408,0,1309912,0
2021-02-12,16252,0,1326164,0
2021-02-13,7280,0,1333444,0
2021-02-14,2862,0,1336306,0
2021-02-15,6851,0,1343157,0
2021-02-16,7008,0,1350165,0
2021-02-17,10526,0,1360691,0
2021-02-18,9258,0,1369949,0
2021-02-19,8259,0,1378208,0
2021-02-20,5585,0,1383793,0
2021-02-21,3015,0,1386808,0
2021-02-22,6884,0,1393692,0
2021-02-23,7191,0,1400883,0
2021-02-24,9815,0,1410698,0
2021-02-25,14215,0,1424913,0
2021-02-26,17563,0,1442476,0
2021-02-27,13925,0,1456401,0
2021-02-28,9398,0,1465799,0
2021-03-01,26533,0,1492332,0
2021-03-02,33247,0,1525579,0
2021-03-03,44652,0,1570231,0
2021-03-04,50304,0,1620535,0
2021-03-05,55745,0,1676280,0
2021-03-06,41886,0,1718166,0
2021-03-07,22332,0,1740498,0
2021-03-08,50840,0,1791338,0
2021-03-09,53095,0,1844433,0
2021-03-10,58702,0,1903135,0
2021-03-11,63895,0,1967030,0
2021-03-12,65146,0,2032176,0
2021-03-13,51732,0,2083908,0
2021-03-14,35427,0,2119335,0
2021-03-15,73462,0,2192797,0
2021-03-16,74029,0,2266826,0
2021-03-17,83146,0,2349972,0
2021-03-18,81633,0,2431605,0
2021-03-19,81091,0,2512696,0
2021-03-20,64746,0,2577442,0
2021-03-21,47312,0,2624754,0
2021-03-22,69506,0,2694260,0
2021-03-23,75821,0,2770081,0
2021-03-24,90940,0,2861021,0
2021-03-25,89830,0,2950851,0
2021-03-26,83645,0,3034496,0
2021-03-27,71964,0,3106460,0
2021-03-28,44192,0,3150652,0
2021-03-29,70852,0,3221504,0
2021-03-30,81420,0,3302924,0
2021-03-31,96267,0,3399191,0
2021-04-01,95343,0,3494534,0
2021-04-02,84089,0,3578623,0
2021-04-03,64314,0,3642937,0
2021-04-04,21726,0,3664663,0
2021-04-05,40326,0,3704989,0
2021-04-06,81351,0,3786340,0
2021-04-07,95850,0,3882190,0
2021-04-08,95268,0,3977458,0
2021-04-09,88510,0,4065968,0
2021-04-10,74039,0,4140007,0
2021-04-11,44773,0,4184780,0
2021-04-12,66928,0,4251708,0
2021-04-13,72601,0,4324309,0
2021-04-14,85560,0,4409869,0
2021-04-15,105428,0,4515297,0
2021-04-16,106436,0,4621733,0
2021-04-17,90533,0,4712266,0
2021-04-18,58599,0,4770865,0
2021-04-19,93447,0,4864312,0
2021-04-20,103783,0,4968095,0
2021-04-21,125346,0,5093441,0
2021-04-22,143539,0,5236980,0
2021-04-23,138764,0,5375744,0
2021-04-24,124456,0,5500200,0
2021-04-25,61471,0,5561671,0
2021-04-26,97920,0,5659591,0
2021-04-27,128380,0,5787971,0
2021-04-28,156403,0,5944374,0
2021-04-29,195627,0,6140001,0
2021-04-30,214622,0,6354623,0
2021-05-01,174151,0,6528774,0
2021-05-02,135818,0,6664592,0
2021-05-03,142082,0,6806674,0
2021-05-04,158720,0,6965394,0
2021-05-05,170556,0,7135950,0
2021-05-06,197833,0,7333783,0
2021-05-07,213890,0,7547673,0
2021-05-08,213444,0,7761117,0
2021-05-09,143224,0,7904341,0
2021-05-10,165110,0,8069451,0
2021-05-11,175019,0,8244470,0
2021-05-12,179238,0,8423708,0
2021-05-13,203428,0,8627136,0
2021-05-14,222952,0,8850088,0
2021-05-15,210398,0,9060486,0
2021-05-16,159294,0,9219780,0
2021-05-17,219227,0,9439007,0
2021-05-18,213036,0,9652043,0
2021-05-19,207107,0,9859150,0
2021-05-20,270913,0,10130063,0
2021-05-21,270917,0,10400980,0
2021-05-22,245553,0,10646533,0
2021-05-23,197199,0,10843732,0
2021-05-24,228314,0,11072046,0
2021-05-25,245704,0,11317750,0
2021-05-26,277577,0,11595327,0
2021-05-27,311111,0,11906438,0
2021-05-28,299589,0,12206027,0
2021-05-29,231262,0,12437289,0
2021-05-30,170857,0,12608146,0
2021-05-31,216445,0,12824591,0
2021-06-01,207647,0,13032238,0
2021-06-02,115812,0,13148050,0
2021-06-03,180188,0,13328238,0
2021-06-04,184937,0,13513175,0
2021-06-05,186016,0,13699191,0
2021-06-06,139605,0,13838796,0
2021-06-07,161924,0,14000720,0
2021-06-08,171313,0,14172033,0
2021-06-09,171541,0,14343574,0
2021-06-10,174183,0,14517757,0
2021-06-11,170065,0,14687822,0
2021-06-12,128418,0,14816240,0
2021-06-13,91253,0,14907493,0
2021-06-14,214719,0,15122212,0
2021-06-15,228473,0,15350685,0
2021-06-16,253121,0,15603806,0
2021-06-17,301800,0,15905606,0
2021-06-18,306346,0,16211952,0
2021-06-19,275143,0,16487095,0
2021-06-20,220838,0,16707933,0
2021-06-21,288122,0,16996055,0
2021-06-22,296276,0,17292331,0
2021-06-23,302717,0,17595048,0
2021-06-24,332635,0,17927683,0
2021-06-25,348747,0,18276430,0
2021-06-26,300157,0,18576587,0
2021-06-27,228706,0,18805293,0
2021-06-28,307171,0,19112464,0
2021-06-29,329360,0,19441824,0
2021-06-30,342240,0,19784064,0
2021-07-01,363262,0,20147326,0
2021-07-02,368514,0,20515840,0
2021-07-03,371108,0,20886948,0
2021-07-04,283252,0,21170200,0
2021-07-05,384570,0,21554770,0
2021-07-06,385495,0,21940265,0
2021-07-07,412141,0,22352406,0
2021-07-08,479583,0,22831989,0
2021-07-09,498462,0,23330451,0
2021-07-10,475173,0,23805624,0
2021-07-11,357688,0,24163312,0
2021-07-12,485871,0,24649183,0
2021-07-13,492060,0,25141243,0
2021-07-14,480428,0,25621671,0
2021-07-15,523407,0,26145078,0
2021-07-16,509738,0,26654816,0
2021-07-17,464315,0,27119131,0
2021-07-18,364625,0,27483756,0
2021-07-19,463030,0,27946786,0
2021-07-20,458043,0,28404829,0
2021-07-21,462787,0,28867616,0
2021-07-22,475372,0,29342988,0
2021-07-23,441325,0,29784313,0
2021-07-24,386140,0,30170453,0
2021-07-25,287536,0,30457989,0
2021-07-26,430886,0,30888875,0
2021-07-27,440101,0,31328976,0
2021-07-28,391012,0,31719988,0
2021-07-29,372072,0,32092060,0
2021-07-30,341525,0,32433585,0
2021-07-31,287050,0,32720635,0
2021-08-01,190996,0,32911631,0
2021-08-02,333712,0,33245343,0
2021-08-03,323182,0,33568525,0
2021-08-04,310997,0,33879522,0
2021-08-05,292478,0,34172000,0
2021-08-06,260047,0,34432047,0
2021-08-07,199069,0,34631116,0
2021-08-08,153108,0,34784224,0
2021-08-09,234082,0,35018306,0
2021-08-10,205296,0,35223602,0
2021-08-11,193801,0,35417403,0
2021-08-12,168079,0,35585482,0
2021-08-13,148676,0,35734158,0
2021-08-14,66104,0,35800262,0
2021-08-15,26345,0,35826607,0
2021-08-16,114723,0,35941330,0
2021-08-17,129261,0,36070591,0
2021-08-18,128761,0,36199352,0
2021-08-19,124866,0,36324218,0
2021-08-20,123797,0,36448015,0
2021-08-21,83135,0,36531150,0
2021-08-22,68183,0,36599333,0
2021-08-23,176869,0,36776202,0
2021-08-24,156889,0,36933091,0
2021-08-25,177169,0,37110260,0
2021-08-26,172348,0,37282608,0
2021-08-27,185828,0,37468436,0
2021-08-28,140295,0,37608731,0
2021-08-29,98997,0,37707728,0
2021-08-30,209582,0,37917310,0
2021-08-31,194640,0,38111950,0
2021-09-01,192216,0,38304166,0
2021-09-02,189924,0,38494090,0
2021-09-03,191278,0,38685368,0
2021-09-04,131437,0,38816805,0
2021-09-05,87839,0,38904644,0
2021-09-06,193598,0,39098242,0
2021-09-07,196038,0,39294280,0
2021-09-08,187856,0,39482136,0
2021-09-09,201415,0,39683551,0
2021-09-10,198047,0,39881598,0
2021-09-11,141289,0,40022887,0
2021-09-12,89588,0,40112475,0
2021-09-13,191097,665,40303572,665
2021-09-14,177205,662,40480777,1327
2021-09-15,163079,658,40643856,1985
2021-09-16,160034,1017,40803890,3002
2021-09-17,150153,1177,40954043,4179
2021-09-18,127985,784,41082028,4963
2021-09-19,81141,513,41163169,5476
2021-09-20,180057,9139,41343226,14615
2021-09-21,166675,8867,41509901,23482
2021-09-22,159124,9465,41669025,32947
2021-09-23,138108,9360,41807133,42307
2021-09-24,140550,9022,41947683,51329
2021-09-25,119565,5678,42067248,57007
2021-09-26,71992,4369,42139240,61376
2021-09-27,135673,10091,42274913,71467
2021-09-28,117520,11438,42392433,82905
2021-09-29,112384,11856,42504817,94761
2021-09-30,110296,14986,42615113,109747
2021-10-01,95004,19145,42710117,128892
2021-10-02,78527,14048,42788644,142940
2021-10-03,47760,7672,42836404,150612
2021-10-04,88391,34491,42924795,185103
2021-10-05,80385,34023,43005180,219126
2021-10-06,72006,34220,43077186,253346
2021-10-07,71881,34382,43149067,287728
2021-10-08,80651,33629,43229718,321357
2021-10-09,76116,22202,43305834,343559
2021-10-10,45795,13632,43351629,357191
2021-10-11,87447,41137,43439076,398328
2021-10-12,84515,46940,43523591,445268
2021-10-13,88227,52174,43611818,497442
2021-10-14,91559,58563,43703377,556005
2021-10-15,93599,55688,43796976,611693
2021-10-16,82977,36834,43879953,648527
2021-10-17,51461,23864,43931414,672391
2021-10-18,90300,59528,44021714,731919
2021-10-19,78353,69423,44100067,801342
2021-10-20,75060,78216,44175127,879558
2021-10-21,78280,81826,44253407,961384
2021-10-22,73765,77092,44327172,1038476
2021-10-23,60838,51977,44388010,1090453
2021-10-24,33369,23483,44421379,1113936
2021-10-25,64894,81673,44486273,1195609
2021-10-26,58372,91844,44544645,1287453
2021-10-27,58317,104045,44602962,1391498
2021-10-28,61442,114165,44664404,1505663
2021-10-29,61621,103201,44726025,1608864
2021-10-30,50672,68160,44776697,1677024
2021-10-31,25158,28315,44801855,1705339
2021-11-01,19050,28159,44820905,1733498
2021-11-02,62737,89446,44883642,1822944
2021-11-03,60714,118707,44944356,1941651
2021-11-04,59238,126709,45003594,2068360
2021-11-05,63091,135234,45066685,2203594
2021-11-06,46496,90944,45113181,2294538
2021-11-07,22248,37908,45135429,2332446
2021-11-08,51523,131301,45186952,2463747
2021-11-09,45403,144238,45232355,2607985
2021-11-10,42593,156382,45274948,2764367
2021-11-11,44930,155178,45319878,2919545
2021-11-12,46300,158712,45366178,3078257
2021-11-13,33273,116683,45399451,3194940
2021-11-14,14490,52462,45413941,3247402
2021-11-15,36907,157448,45450848,3404850
2021-11-16,30569,171415,45481417,3576265
2021-11-17,28469,178470,45509886,3754735
2021-11-18,30297,193770,45540183,3948505
2021-11-19,28824,205889,45569007,4154394
2021-11-20,21015,156460,45590022,4310854
2021-11-21,10613,64870,45600635,4375724
2021-11-22,21960,213163,45622595,4588887
2021-11-23,23608,241804,45646203,4830691
2021-11-24,27769,271103,45673972,5101794
2021-11-25,23269,301953,45697241,5403747
2021-11-26,24599,318314,45721840,5722061
2021-11-27,21419,266175,45743259,5988236
2021-11-28,9911,137072,45753170,6125308
2021-11-29,22368,326082,45775538,6451390
2021-11-30,23121,365862,45798659,6817252
2021-12-01,21562,413547,45820221,7230799
2021-12-02,23799,440445,45844020,7671244
2021-12-03,25283,467546,45869303,8138790
2021-12-04,22391,418813,45891694,8557603
2021-12-05,11943,261370,45903637,8818973
2021-12-06,25849,457637,45929486,9276610
2021-12-07,24169,480309,45953655,9756919
2021-12-08,10032,249724,45963687,10006643
2021-12-09,31627,491969,45995314,10498612
2021-12-10,28110,517939,46023424,11016551
2021-12-11,23595,459288,46047019,11475839
2021-12-12,12328,293536,46059347,11769375
2021-12-13,26186,467663,46085533,12237038
2021-12-14,25207,494246,46110740,12731284
2021-12-15,25382,517191,46136122,13248475
2021-12-16,27938,520309,46164060,13768784
2021-12-17,29405,517229,46193465,14286013
2021-12-18,27117,468788,46220582,14754801
2021-12-19,15173,300547,46235755,15055348
2021-12-20,30684,477513,46266439,15532861
2021-12-21,30423,493452,46296862,16026313
2021-12-22,29495,484759,46326357,16511072
2021-12-23,28290,426971,46354647,16938043
2021-12-24,13121,210847,46367768,17148890
2021-12-25,2104,33053,46369872,17181943
2021-12-26,8783,159077,46378655,17341020
2021-12-27,46851,504703,46425506,17845723
2021-12-28,42511,554268,46468017,18399991
2021-12-29,34409,550685,46502426,18950676
2021-12-30,31905,499871,46534331,19450547
2021-12-31,14152,247410,46548483,19697957
2022-01-01,3502,64814,46551985,19762771
2022-01-02,22841,276728,46574826,20039499
2022-01-03,47965,520037,46622791,20559536
2022-01-04,46493,572107,46669284,21131643
2022-01-05,40863,560430,46710147,21692073
2022-01-06,23545,274490,46733692,21966563
2022-01-07,63814,554226,46797506,22520789
2022-01-08,61004,503426,46858510,23024215
2022-01-09,42980,319709,46901490,23343924
2022-01-10,61186,542331,46962676,23886255
2022-01-11,61880,587040,47024556,24473295
2022-01-12,58576,581316,47083132,25054611
2022-01-13,58732,580436,47141864,25635047
2022-01-14,46957,588626,47188821,26223673
2022-01-15,39607,570001,47228428,26793674
2022-01-16,31333,341899,47259761,27135573
2022-01-17,54863,489699,47314624,27625272
2022-01-18,58481,517059,47373105,28142331
2022-01-19,57282,502826,47430387,28645157
2022-01-20,54433,498866,47484820,29144023
2022-01-21,42196,493903,47527016,29637926
2022-01-22,31314,469624,47558330,30107550
2022-01-23,34985,275392,47593315,30382942
2022-01-24,56234,437255,47649549,30820197
2022-01-25,61607,452135,47711156,31272332
2022-01-26,58605,435851,47769761,31708183
2022-01-27,48902,432419,47818663,32140602
2022-01-28,58769,436568,47877432,32577170
2022-01-29,68200,412520,47945632,32989690
2022-01-30,50414,235992,47996046,33225682
2022-01-31,60729,356953,48056775,33582635
2022-02-01,65625,328473,48122400,33911108
2022-02-02,63255,297002,48185655,34208110
2022-02-03,60097,274541,48245752,34482651
2022-02-04,72416,268476,48318168,34751127
2022-02-05,83819,248560,48401987,34999687
2022-02-06,55309,116208,48457296,35115895
2022-02-07,65192,199948,48522488,35315843
2022-02-08,66960,186132,48589448,35501975
2022-02-09,58775,166356,48648223,35668331
2022-02-10,58604,163256,48706827,35831587
2022-02-11,62277,162480,48769104,35994067
2022-02-12,72016,152157,48841120,36146224
2022-02-13,41486,68859,48882606,36215083
2022-02-14,46706,116195,48929312,36331278
2022-02-15,48571,123482,48977883,36454760
2022-02-16,45697,106132,49023580,36560892
2022-02-17,42874,98127,49066454,36659019
2022-02-18,46636,112590,49113090,36771609
2022-02-19,52546,100341,49165636,36871950
2022-02-20,31414,40367,49197050,36912317
2022-02-21,37901,89658,49234951,37001975
2022-02-22,37226,83786,49272177,37085761
2022-02-23,33402,79409,49305579,37165170
2022-02-24,32562,78168,49338141,37243338
2022-02-25,34773,90714,49372914,37334052
2022-02-26,39163,89139,49412077,37423191
2022-02-27,22547,35859,49434624,37459050
2022-02-28,28490,81699,49463114,37540749
2022-03-01,22733,53943,49485847,37594692
2022-03-02,21935,50714,49507782,37645406
2022-03-03,22640,54947,49530422,37700353
2022-03-04,23245,62801,49553667,37763154
2022-03-05,23804,57953,49577471,37821107
2022-03-06,9473,17201,49586944,37838308
2022-03-07,15927,51391,49602871,37889699
2022-03-08,15480,48797,49618351,37938496
2022-03-09,13815,46518,49632166,37985014
2022-03-10,14061,52127,49646227,38037141
2022-03-11,15593,57273,49661820,38094414
2022-03-12,15514,56620,49677334,38151034
2022-03-13,5544,16852,49682878,38167886
2022-03-14,10527,46701,49693405,38214587
2022-03-15,10555,46895,49703960,38261482
2022-03-16,9484,41978,49713444,38303460
2022-03-17,9726,44875,49723170,38348335
2022-03-18,10163,49059,49733333,38397394
2022-03-19,9152,46540,49742485,38443934
2022-03-20,2608,11704,49745093,38455638
2022-03-21,7587,40231,49752680,38495869
2022-03-22,8448,37768,49761128,38533637
2022-03-23,7219,33701,49768347,38567338
2022-03-24,8260,38821,49776607,38606159
2022-03-25,8143,43673,49784750,38649832
2022-03-26,8129,41722,49792879,38691554
2022-03-27,2432,9683,49795311,38701237
2022-03-28,6112,35244,49801423,38736481
2022-03-29,5783,32532,49807206,38769013
2022-03-30,5567,30205,49812773,38799218
2022-03-31,5905,33187,49818678,38832405
2022-04-01,4351,25189,49823029,38857594
2022-04-02,4497,23275,49827526,38880869
2022-04-03,1049,4500,49828575,38885369
2022-04-04,3661,21547,49832236,38906916
2022-04-05,3758,22938,49835994,38929854
2022-04-06,4105,21853,49840099,38951707
2022-04-07,3970,23321,49844069,38975028
2022-04-08,4696,26716,49848765,39001744
2022-04-09,4381,23889,49853146,39025633
2022-04-10,893,4613,49854039,39030246
2022-04-11,3820,22689,49857859,39052935
2022-04-12,3364,21780,49861223,39074715
2022-04-13,3574,21337,49864797,39096052
2022-04-14,3487,23789,49868284,39119841
2022-04-15,3086,20621,49871370,39140462
2022-04-16,2151,11918,49873521,39152380
2022-04-17,63,348,49873584,39152728
2022-04-18,152,650,49873736,39153378
2022-04-19,3499,21985,49877235,39175363
2022-04-20,3513,20250,49880748,39195613
2022-04-21,2847,19793,49883595,39215406
2022-04-22,2928,20715,49886523,39236121
2022-04-23,2648,16222,49889171,39252343
2022-04-24,509,2334,49889680,39254677
2022-04-25,183,1165,49889863,39255842
2022-04-26,2760,17810,49892623,39273652
2022-04-27,2374,15795,49894997,39289447
2022-04-28,2362,15566,49897359,39305013
2022-04-29,2298,14850,49899657,39319863
2022-04-30,2123,11584,49901780,39331447
2022-05-01,113,531,49901893,39331978
2022-05-02,1451,9393,49903344,39341371
2022-05-03,1577,10326,49904921,39351697
2022-05-04,1747,10276,49906668,39361973
2022-05-05,1653,10297,49908321,39372270
2022-05-06,1702,10972,49910023,39383242
2022-05-07,1431,8573,49911454,39391815
2022-05-08,417,1526,49911871,39393341
2022-05-09,1029,8931,49912900,39402272
2022-05-10,1424,9550,49914324,39411822
2022-05-11,1484,10109,49915808,39421931
2022-05-12,1371,10137,49917179,39432068
2022-05-13,1596,10520,49918775,39442588
2022-05-14,1360,8243,49920135,39450831
2022-05-15,336,1136,49920471,39451967
2022-05-16,814,8408,49921285,39460375
2022-05-17,1244,8707,49922529,39469082
2022-05-18,1373,9256,49923902,39478338
2022-05-19,1500,9287,49925402,39487625
2022-05-20,1426,9535,49926828,39497160
2022-05-21,1302,7901,49928130,39505061
2022-05-22,231,1013,49928361,39506074
2022-05-23,830,8273,49929191,39514347
2022-05-24,1073,8673,49930264,39523020
2022-05-25,1372,9460,49931636,39532480
2022-05-26,1198,9480,49932834,39541960
2022-05-27,1232,9916,49934066,39551876
2022-05-28,1205,7890,49935271,39559766
2022-05-29,288,1265,49935559,39561031
2022-05-30,931,8058,49936490,39569089
2022-05-31,1039,8548,49937529,39577637
2022-06-01,895,7657,49938424,39585294
2022-06-02,35,474,49938459,39585768
2022-06-03,817,7334,49939276,39593102
2022-06-04,870,5162,49940146,39598264
2022-06-05,89,586,49940235,39598850
2022-06-06,679,7004,49940914,39605854
2022-06-07,952,7850,49941866,39613704
2022-06-08,981,7906,49942847,39621610
2022-06-09,1037,8418,49943884,39630028
2022-06-10,958,8563,49944842,39638591
2022-06-11,904,6206,49945746,39644797
2022-06-12,140,768,49945886,39645565
2022-06-13,602,6301,49946488,39651866
2022-06-14,831,7904,49947319,39659770
2022-06-15,960,7856,49948279,39667626
2022-06-16,733,7397,49949012,39675023
2022-06-17,723,7248,49949735,39682271
2022-06-18,778,5596,49950513,39687867
2022-06-19,49,521,49950562,39688388
2022-06-20,587,6699,49951149,39695087
2022-06-21,741,7664,49951890,39702751
2022-06-22,779,7312,49952669,39710063
2022-06-23,648,7472,49953317,39717535
2022-06-24,644,7474,49953961,39725009
2022-06-25,835,6533,49954796,39731542
2022-06-26,128,523,49954924,39732065
2022-06-27,534,7126,49955458,39739191
2022-06-28,747,8207,49956205,39747398
2022-06-29,756,7732,49956961,39755130
2022-06-30,747,8145,49957708,39763275
2022-07-01,577,6443,49958285,39769718
2022-07-02,536,4769,49958821,39774487
2022-07-03,49,456,49958870,39774943
2022-07-04,469,6277,49959339,39781220
2022-07-05,631,8122,49959970,39789342
2022-07-06,634,7611,49960604,39796953
2022-07-07,576,8273,49961180,39805226
2022-07-08,673,8086,49961853,39813312
2022-07-09,550,6105,49962403,39819417
2022-07-10,58,533,49962461,39819950
2022-07-11,491,7641,49962952,39827591
2022-07-12,669,9030,49963621,39836621
2022-07-13,645,10067,49964266,39846688
2022-07-14,637,10225,49964903,39856913
2022-07-15,626,10674,49965529,39867587
2022-07-16,523,7215,49966052,39874802
2022-07-17,48,770,49966100,39875572
2022-07-18,496,9374,49966596,39884946
2022-07-19,575,10683,49967171,39895629
2022-07-20,582,11277,49967753,39906906
2022-07-21,630,12093,49968383,39918999
2022-07-22,584,11262,49968967,39930261
2022-07-23,381,6775,49969348,39937036
2022-07-24,76,857,49969424,39937893
2022-07-25,503,9054,49969927,39946947
2022-07-26,522,9764,49970449,39956711
2022-07-27,554,10210,49971003,39966921
2022-07-28,532,10535,49971535,39977456
2022-07-29,511,9466,49972046,39986922
2022-07-30,383,5882,49972429,39992804
2022-07-31,49,764,49972478,39993568
2022-08-01,386,6865,49972864,40000433
2022-08-02,548,7590,49973412,40008023
2022-08-03,513,7179,49973925,40015202
2022-08-04,455,7492,49974380,40022694
2022-08-05,421,6526,49974801,40029220
2022-08-06,299,3613,49975100,40032833
2022-08-07,44,563,49975144,40033396
2022-08-08,403,4890,49975547,40038286
2022-08-09,381,5312,49975928,40043598
2022-08-10,385,4816,49976313,40048414
2022-08-11,369,4804,49976682,40053218
2022-08-12,294,3720,49976976,40056938
2022-08-13,143,1600,49977119,40058538
2022-08-14,9,129,49977128,40058667
2022-08-15,1,26,49977129,40058693
2022-08-16,283,3043,49977412,40061736
2022-08-17,352,3536,49977764,40065272
2022-08-18,393,4160,49978157,40069432
2022-08-19,341,3319,49978498,40072751
2022-08-20,183,1715,49978681,40074466
2022-08-21,24,149,49978705,40074615
2022-08-22,330,2952,49979035,40077567
2022-08-23,370,3674,49979405,40081241
2022-08-24,384,3360,49979789,40084601
2022-08-25,422,3773,49980211,40088374
2022-08-26,400,3574,49980611,40091948
2022-08-27,237,1769,49980848,40093717
2022-08-28,29,267,49980877,40093984
2022-08-29,354,3161,49981231,40097145
2022-08-30,405,3671,49981636,40100816
2022-08-31,438,3734,49982074,40104550
2022-09-01,353,3116,49982427,40107666
2022-09-02,296,2893,49982723,40110559
2022-09-03,200,1689,49982923,40112248
2022-09-04,24,149,49982947,40112397
2022-09-05,187,2656,49983134,40115053
2022-09-06,306,2983,49983440,40118036
2022-09-07,541,2937,49983981,40120973
2022-09-08,293,2963,49984274,40123936
2022-09-09,305,2886,49984579,40126822
2022-09-10,228,1326,49984807,40128148
2022-09-11,23,124,49984830,40128272
2022-09-12,267,2268,49985097,40130540
2022-09-13,252,2277,49985349,40132817
2022-09-14,266,2566,49985615,40135383
2022-09-15,282,2501,49985897,40137884
2022-09-16,256,2546,49986153,40140430
2022-09-17,239,1339,49986392,40141769
2022-09-18,20,170,49986412,40141939
2022-09-19,206,1971,49986618,40143910
2022-09-20,234,2392,49986852,40146302
2022-09-21,289,2526,49987141,40148828
2022-09-22,267,2663,49987408,40151491
2022-09-23,259,2545,49987667,40154036
2022-09-24,193,1427,49987860,40155463
2022-09-25,29,133,49987889,40155596
2022-09-26,280,2248,49988169,40157844
2022-09-27,287,2683,49988456,40160527
2022-09-28,310,2905,49988766,40163432
2022-09-29,257,3049,49989023,40166481
2022-09-30,292,2989,49989315,40169470
2022-10-01,195,1515,49989510,40170985
2022-10-02,12,187,49989522,40171172
2022-10-03,185,2474,49989707,40173646
2022-10-04,236,2862,49989943,40176508
2022-10-05,229,3252,49990172,40179760
2022-10-06,243,3874,49990415,40183634
2022-10-07,283,4189,49990698,40187823
2022-10-08,204,2270,49990902,40190093
2022-10-09,8,305,49990910,40190398
2022-10-10,211,3356,49991121,40193754
2022-10-11,194,4379,49991315,40198133
2022-10-12,207,4441,49991522,40202574
2022-10-13,204,5304,49991726,40207878
2022-10-14,233,5026,49991959,40212904
2022-10-15,191,2671,49992150,40215575
2022-10-16,6,360,49992156,40215935
2022-10-17,186,3873,49992342,40219808
2022-10-18,256,4967,49992598,40224775
2022-10-19,244,5478,49992842,40230253
2022-10-20,224,5997,49993066,40236250
2022-10-21,250,5477,49993316,40241727
2022-10-22,195,2911,49993511,40244638
2022-10-23,13,364,49993524,40245002
2022-10-24,171,3930,49993695,40248932
2022-10-25,254,4926,49993949,40253858
2022-10-26,347,5503,49994296,40259361
2022-10-27,241,5672,49994537,40265033
2022-10-28,200,5263,49994737,40270296
2022-10-29,128,2844,49994865,40273140
2022-10-30,3,328,49994868,40273468
2022-10-31,117,3042,49994985,40276510
2022-11-01,11,353,49994996,40276863
2022-11-02,145,3721,49995141,40280584
2022-11-03,172,4789,49995313,40285373
2022-11-04,225,4603,49995538,40289976
2022-11-05,144,2598,49995682,40292574
2022-11-06,10,261,49995692,40292835
2022-11-07,169,3225,49995861,40296060
2022-11-08,260,4251,49996121,40300311
2022-11-09,197,4331,49996318,40304642
2022-11-10,183,4597,49996501,40309239
2022-11-11,193,4221,49996694,40313460
2022-11-12,152,2377,49996846,40315837
2022-11-13,7,338,49996853,40316175
2022-11-14,149,2838,49997002,40319013
2022-11-15,202,3748,49997204,40322761
2022-11-16,217,3992,49997421,40326753
2022-11-17,191,4106,49997612,40330859
2022-11-18,247,4032,49997859,40334891
2022-11-19,112,2104,49997971,40336995
2022-11-20,24,317,49997995,40337312
2022-11-21,119,2620,49998114,40339932
2022-11-22,143,3215,49998257,40343147
2022-11-23,191,3624,49998448,40346771
2022-11-24,157,3837,49998605,40350608
2022-11-25,184,3785,49998789,40354393
2022-11-26,133,2093,49998922,40356486
2022-11-27,22,356,49998944,40356842
2022-11-28,182,2682,49999126,40359524
2022-11-29,257,3230,49999383,40362754
2022-11-30,182,3733,49999565,40366487
2022-12-01,150,3621,49999715,40370108
2022-12-02,156,3527,49999871,40373635
2022-12-03,105,1968,49999976,40375603
2022-12-04,5,290,49999981,40375893
2022-12-05,128,2851,50000109,40378744
2022-12-06,176,3652,50000285,40382396
2022-12-07,136,3129,50000421,40385525
2022-12-08,8,169,50000429,40385694
2022-12-09,161,3023,50000590,40388717
2022-12-10,78,1604,50000668,40390321
2022-12-11,7,193,50000675,40390514
2022-12-12,170,2534,50000845,40393048
2022-12-13,253,3041,50001098,40396089
2022-12-14,227,3207,50001325,40399296
2022-12-15,204,3247,50001529,40402543
2022-12-16,162,3160,50001691,40405703
2022-12-17,94,1677,50001785,40407380
2022-12-18,10,270,50001795,40407650
2022-12-19,143,2155,50001938,40409805
2022-12-20,211,2492,50002149,40412297
2022-12-21,153,2211,50002302,40414508
2022-12-22,141,1857,50002443,40416365
2022-12-23,150,1205,50002593,40417570
2022-12-24,32,160,50002625,40417730
2022-12-25,0,6,50002625,40417736
2022-12-26,6,41,50002631,40417777
2022-12-27,131,1552,50002762,40419329
2022-12-28,129,1742,50002891,40421071
2022-12-29,90,1665,50002981,40422736
2022-12-30,115,1579,50003096,40424315
2022-12-31,21,271,50003117,40424586
2023-01-01,0,5,50003117,40424591