data_somministrazione,vaccinazioni,booster,cum_vaccinazioni,cum_booster
2020-12-27,20,0,20,0
2020-12-28,2,0,22,0
2020-12-29,1,0,23,0
2020-12-30,9,0,32,0
2020-12-31,74,0,106,0
2021-01-01,24,0,130,0
2021-01-02,132,0,262,0
2021-01-03,97,0,359,0
2021-01-04,226,0,585,0
2021-01-05,265,0,850,0
2021-01-06,235,0,1085,0
2021-01-07,315,0,1400,0
2021-01-08,365,0,1765,0
2021-01-09,271,0,2036,0
2021-01-10,165,0,2201,0
2021-01-11,296,0,2497,0
2021-01-12,280,0,2777,0
2021-01-13,407,0,3184,0
2021-01-14,492,0,3676,0
2021-01-15,315,0,3991,0
2021-01-16,220,0,4211,0
2021-01-17,3063,0,7274,0
2021-01-18,5215,0,12489,0
2021-01-19,1893,0,14382,0
2021-01-20,4659,0,19041,0
2021-01-21,20009,0,39050,0
2021-01-22,14220,0,53270,0
2021-01-23,33328,0,86598,0
2021-01-24,30779,0,117377,0
2021-01-25,64716,0,182093,0
2021-01-26,76480,0,258573,0
2021-01-27,64822,0,323395,0
2021-01-28,89261,0,412656,0
2021-01-29,94006,0,506662,0
2021-01-30,86548,0,593210,0
2021-01-31,57325,0,650535,0
2021-02-01,81845,0,732380,0
2021-02-02,82137,0,814517,0
2021-02-03,91109,0,905626,0
2021-02-04,95395,0,1001021,0
2021-02-05,90268,0,1091289,0
2021-02-06,63447,0,1154736,0
2021-02-07,32933,0,1187669,0
2021-02-08,40423,0,1228092,0
2021-02-09,32877,0,1260969,0
2021-02-10,28434,0,1289403,0
2021-02-11,20404,0,1309807,0
2021-02-12,16243,0,1326050,0
2021-02-13,7277,0,1333327,0
2021-02-14,2862,0,1336189,0
2021-02-15,6845,0,1343034,0
2021-02-16,7005,0,1350039,0
2021-02-17,10526,0,1360565,0
2021-02-18,9252,0,1369817,0
2021-02-19,8253,0,1378070,0
2021-02-20,5574,0,1383644,0
2021-02-21,3009,0,1386653,0
2021-02-22,6885,0,1393538,0
2021-02-23,7182,0,1400720,0
2021-02-24,9811,0,1410531,0
2021-02-25,14210,0,1424741,0
2021-02-26,17557,0,1442298,0
2021-02-27,13915,0,1456213,0
2021-02-28,9390,0,1465603,0
2021-03-01,26519,0,1492122,0
2021-03-02,33248,0,1525370,0
2021-03-03,44647,0,1570017,0
2021-03-04,50295,0,1620312,0
2021-03-05,55736,0,1676048,0
2021-03-06,41875,0,1717923,0
2021-03-07,22326,0,1740249,0
2021-03-08,50831,0,1791080,0
2021-03-09,53082,0,1844162,0
2021-03-10,58669,0,1902831,0
2021-03-11,63878,0,1966709,0
2021-03-12,65124,0,2031833,0
2021-03-13,51728,0,2083561,0
2021-03-14,35412,0,2118973,0
2021-03-15,73453,0,2192426,0
2021-03-16,74029,0,2266455,0
2021-03-17,83135,0,2349590,0
2021-03-18,81629,0,2431219,0
2021-03-19,81089,0,2512308,0
2021-03-20,64732,0,2577040,0
2021-03-21,47310,0,2624350,0
2021-03-22,69494,0,2693844,0
2021-03-23,75809,0,2769653,0
2021-03-24,90917,0,2860570,0
2021-03-25,89818,0,2950388,0
2021-03-26,83639,0,3034027,0
2021-03-27,71952,0,3105979,0
2021-03-28,44165,0,3150144,0
2021-03-29,70841,0,3220985,0
2021-03-30,81398,0,3302383,0
2021-03-31,96251,0,3398634,0
2021-04-01,95317,0,3493951,0
2021-04-02,84079,0,3578030,0
2021-04-03,64304,0,3642334,0
2021-04-04,21723,0,3664057,0
2021-04-05,40317,0,3704374,0
2021-04-06,81329,0,3785703,0
2021-04-07,95836,0,3881539,0
2021-04-08,95253,0,3976792,0
2021-04-09,88499,0,4065291,0
2021-04-10,74033,0,4139324,0
2021-04-11,44766,0,4184090,0
2021-04-12,66921,0,4251011,0
2021-04-13,72587,0,4323598,0
2021-04-14,85551,0,4409149,0
2021-04-15,105420,0,4514569,0
2021-04-16,106423,0,4620992,0
2021-04-17,90522,0,4711514,0
2021-04-18,58597,0,4770111,0
2021-04-19,93433,0,4863544,0
2021-04-20,103774,0,4967318,0
2021-04-21,125344,0,5092662,0
2021-04-22,143522,0,5236184,0
2021-04-23,138748,0,5374932,0
2021-04-24,124453,0,5499385,0
2021-04-25,61465,0,5560850,0
2021-04-26,97902,0,5658752,0
2021-04-27,128366,0,5787118,0
2021-04-28,156387,0,5943505,0
2021-04-29,195609,0,6139114,0
2021-04-30,214601,0,6353715,0
2021-05-01,174133,0,6527848,0
2021-05-02,135803,0,6663651,0
2021-05-03,142058,0,6805709,0
2021-05-04,158705,0,6964414,0
2021-05-05,170527,0,7134941,0
2021-05-06,197821,0,7332762,0
2021-05-07,213866,0,7546628,0
2021-05-08,213439,0,7760067,0
2021-05-09,143218,0,7903285,0
2021-05-10,165093,0,8068378,0
2021-05-11,175001,0,8243379,0
2021-05-12,179207,0,8422586,0
2021-05-13,203408,0,8625994,0
2021-05-14,222940,0,8848934,0
2021-05-15,210379,0,9059313,0
2021-05-16,159283,0,9218596,0
2021-05-17,219211,0,9437807,0
2021-05-18,213029,0,9650836,0
2021-05-19,207095,0,9857931,0
2021-05-20,270883,0,10128814,0
2021-05-21,270909,0,10399723,0
2021-05-22,245534,0,10645257,0
2021-05-23,197185,0,10842442,0
2021-05-24,228307,0,11070749,0
2021-05-25,245701,0,11316450,0
2021-05-26,277508,0,11593958,0
2021-05-27,311091,0,11905049,0
2021-05-28,299581,0,12204630,0
2021-05-29,231243,0,12435873,0
2021-05-30,170850,0,12606723,0
2021-05-31,216432,0,12823155,0
2021-06-01,207635,0,13030790,0
2021-06-02,115803,0,13146593,0
2021-06-03,180163,0,13326756,0
2021-06-04,184901,0,13511657,0
2021-06-05,185983,0,13697640,0
2021-06-06,139571,0,13837211,0
2021-06-07,161890,0,13999101,0
2021-06-08,171268,0,14170369,0
2021-06-09,171510,0,14341879,0
2021-06-10,174136,0,14516015,0
2021-06-11,170008,0,14686023,0
2021-06-12,128353,0,14814376,0
2021-06-13,91215,0,14905591,0
2021-06-14,214704,0,15120295,0
2021-06-15,228442,0,15348737,0
2021-06-16,253101,0,15601838,0
2021-06-17,301761,0,15903599,0
2021-06-18,306317,0,16209916,0
2021-06-19,275109,0,16485025,0
2021-06-20,220805,0,16705830,0
2021-06-21,288086,0,16993916,0
2021-06-22,296240,0,17290156,0
2021-06-23,302697,0,17592853,0
2021-06-24,332611,0,17925464,0
2021-06-25,348725,0,18274189,0
2021-06-26,300135,0,18574324,0
2021-06-27,228679,0,18803003,0
2021-06-28,307137,0,19110140,0
2021-06-29,329322,0,19439462,0
2021-06-30,342192,0,19781654,0
2021-07-01,363239,0,20144893,0
2021-07-02,368484,0,20513377,0
2021-07-03,371101,0,20884478,0
2021-07-04,283227,0,21167705,0
2021-07-05,384557,0,21552262,0
2021-07-06,385486,0,21937748,0
2021-07-07,412130,0,22349878,0
2021-07-08,479595,0,22829473,0
2021-07-09,498479,0,23327952,0
2021-07-10,475176,0,23803128,0
2021-07-11,357699,0,24160827,0
2021-07-12,485892,0,24646719,0
2021-07-13,492088,0,25138807,0
2021-07-14,480450,0,25619257,0
2021-07-15,523436,0,26142693,0
2021-07-16,509760,0,26652453,0
2021-07-17,464330,0,27116783,0
2021-07-18,364639,0,27481422,0
2021-07-19,463048,0,27944470,0
2021-07-20,458061,0,28402531,0
2021-07-21,462792,0,28865323,0
2021-07-22,475383,0,29340706,0
2021-07-23,441326,0,29782032,0
2021-07-24,386147,0,30168179,0
2021-07-25,287558,0,30455737,0
2021-07-26,430893,0,30886630,0
2021-07-27,440124,0,31326754,0
2021-07-28,391025,0,31717779,0
2021-07-29,372083,0,32089862,0
2021-07-30,341515,0,32431377,0
2021-07-31,287039,0,32718416,0
2021-08-01,191000,0,32909416,0
2021-08-02,333704,0,33243120,0
2021-08-03,323192,0,33566312,0
2021-08-04,310984,0,33877296,0
2021-08-05,292493,0,34169789,0
2021-08-06,260026,0,34429815,0
2021-08-07,199056,0,34628871,0
2021-08-08,153108,0,34781979,0
2021-08-09,234085,0,35016064,0
2021-08-10,205266,0,35221330,0
2021-08-11,193781,0,35415111,0
2021-08-12,168053,0,35583164,0
2021-08-13,148647,0,35731811,0
2021-08-14,66098,0,35797909,0
2021-08-15,26340,0,35824249,0
2021-08-16,114707,0,35938956,0
2021-08-17,129257,0,36068213,0
2021-08-18,128764,0,36196977,0
2021-08-19,124836,0,36321813,0
2021-08-20,123800,0,36445613,0
2021-08-21,83134,0,36528747,0
2021-08-22,68175,0,36596922,0
2021-08-23,176869,0,36773791,0
2021-08-24,156898,0,36930689,0
2021-08-25,177175,0,37107864,0
2021-08-26,172364,0,37280228,0
2021-08-27,185835,0,37466063,0
2021-08-28,140285,0,37606348,0
2021-08-29,98989,0,37705337,0
2021-08-30,209593,0,37914930,0
2021-08-31,194642,0,38109572,0
2021-09-01,192211,0,38301783,0
2021-09-02,189930,0,38491713,0
2021-09-03,191290,0,38683003,0
2021-09-04,131455,0,38814458,0
2021-09-05,87856,0,38902314,0
2021-09-06,193616,0,39095930,0
2021-09-07,196034,0,39291964,0
2021-09-08,187875,0,39479839,0
2021-09-09,201436,0,39681275,0
2021-09-10,198067,0,39879342,0
2021-09-11,141291,0,40020633,0
2021-09-12,89594,0,40110227,0
2021-09-13,191118,622,40301345,622
2021-09-14,177226,629,40478571,1251
2021-09-15,163086,637,40641657,1888
2021-09-16,160064,975,40801721,2863
2021-09-17,150167,1156,40951888,4019
2021-09-18,127981,766,41079869,4785
2021-09-19,81140,505,41161009,5290
2021-09-20,180068,9115,41341077,14405
2021-09-21,166664,8851,41507741,23256
2021-09-22,159105,9454,41666846,32710
2021-09-23,138090,9349,41804936,42059
2021-09-24,140552,8998,41945488,51057
2021-09-25,119563,5662,42065051,56719
2021-09-26,71984,4358,42137035,61077
2021-09-27,135665,10072,42272700,71149
2021-09-28,117513,11415,42390213,82564
2021-09-29,112364,11847,42502577,94411
2021-09-30,110271,14976,42612848,109387
2021-10-01,94996,19131,42707844,128518
2021-10-02,78510,14040,42786354,142558
2021-10-03,47757,7667,42834111,150225
2021-10-04,88389,34474,42922500,184699
2021-10-05,80383,34008,43002883,218707
2021-10-06,72004,34195,43074887,252902
2021-10-07,71879,34366,43146766,287268
2021-10-08,80631,33619,43227397,320887
2021-10-09,76110,22189,43303507,343076
2021-10-10,45782,13629,43349289,356705
2021-10-11,87447,41123,43436736,397828
2021-10-12,84514,46926,43521250,444754
2021-10-13,88211,52150,43609461,496904
2021-10-14,91547,58547,43701008,555451
2021-10-15,93598,55668,43794606,611119
2021-10-16,82972,36815,43877578,647934
2021-10-17,51462,23852,43929040,671786
2021-10-18,90302,59510,44019342,731296
2021-10-19,78351,69399,44097693,800695
2021-10-20,75068,78198,44172761,878893
2021-10-21,78302,81798,44251063,960691
2021-10-22,73779,77067,44324842,1037758
2021-10-23,60832,51972,44385674,1089730
2021-10-24,33369,23476,44419043,1113206
2021-10-25,64904,81656,44483947,1194862
2021-10-26,58375,91829,44542322,1286691
2021-10-27,58321,104023,44600643,1390714
2021-10-28,61450,114149,44662093,1504863
2021-10-29,61641,103170,44723734,1608033
2021-10-30,50677,68135,44774411,1676168
2021-10-31,25163,28305,44799574,1704473
2021-11-01,19049,28157,44818623,1732630
2021-11-02,62739,89430,44881362,1822060
2021-11-03,60723,118692,44942085,1940752
2021-11-04,59241,126694,45001326,2067446
2021-11-05,63095,135216,45064421,2202662
2021-11-06,46483,90936,45110904,2293598
2021-11-07,22252,37902,45133156,2331500
2021-11-08,51530,131293,45184686,2462793
2021-11-09,45402,144233,45230088,2607026
2021-11-10,42593,156370,45272681,2763396
2021-11-11,44930,155164,45317611,2918560
2021-11-12,46314,158674,45363925,3077234
2021-11-13,33264,116673,45397189,3193907
2021-11-14,14492,52457,45411681,3246364
2021-11-15,36912,157441,45448593,3403805
2021-11-16,30565,171404,45479158,3575209
2021-11-17,28469,178457,45507627,3753666
2021-11-18,30293,193760,45537920,3947426
2021-11-19,28814,205879,45566734,4153305
2021-11-20,21003,156455,45587737,4309760
2021-11-21,10612,64868,45598349,4374628
2021-11-22,21954,213162,45620303,4587790
2021-11-23,23595,241782,45643898,4829572
2021-11-24,27799,271037,45671697,5100609
2021-11-25,23262,301926,45694959,5402535
2021-11-26,24593,318301,45719552,5720836
2021-11-27,21400,266168,45740952,5987004
2021-11-28,9905,137067,45750857,6124071
2021-11-29,22358,326076,45773215,6450147
2021-11-30,23110,365863,45796325,6816010
2021-12-01,21545,413526,45817870,7229536
2021-12-02,23783,440432,45841653,7669968
2021-12-03,25270,467516,45866923,8137484
2021-12-04,22387,418791,45889310,8556275
2021-12-05,11943,261362,45901253,8817637
2021-12-06,25839,457622,45927092,9275259
2021-12-07,24155,480299,45951247,9755558
2021-12-08,10023,249715,45961270,10005273
2021-12-09,31613,491955,45992883,10497228
2021-12-10,28093,517921,46020976,11015149
2021-12-11,23585,459268,46044561,11474417
2021-12-12,12315,293524,46056876,11767941
2021-12-13,26169,467648,46083045,12235589
2021-12-14,25198,494231,46108243,12729820
2021-12-15,25363,517187,46133606,13247007
2021-12-16,27917,520296,46161523,13767303
2021-12-17,29386,517210,46190909,14284513
2021-12-18,27091,468772,46218000,14753285
2021-12-19,15165,300539,46233165,15053824
2021-12-20,30663,477502,46263828,15531326
2021-12-21,30405,493419,46294233,16024745
2021-12-22,29476,484748,46323709,16509493
2021-12-23,28283,426944,46351992,16936437
2021-12-24,13125,210837,46365117,17147274
2021-12-25,2103,33053,46367220,17180327
2021-12-26,8772,159076,46375992,17339403
2021-12-27,46837,504685,46422829,17844088
2021-12-28,42495,554244,46465324,18398332
2021-12-29,34384,550670,46499708,18949002
2021-12-30,31875,499858,46531583,19448860
2021-12-31,14138,247405,46545721,19696265
2022-01-01,3498,64815,46549219,19761080
2022-01-02,22807,276723,46572026,20037803
2022-01-03,47913,520030,46619939,20557833
2022-01-04,46441,572099,46666380,21129932
2022-01-05,40805,560412,46707185,21690344
2022-01-06,23524,274489,46730709,21964833
2022-01-07,63772,554217,46794481,22519050
2022-01-08,60939,503407,46855420,23022457
2022-01-09,42925,319698,46898345,23342155
2022-01-10,61148,542315,46959493,23884470
2022-01-11,61808,587029,47021301,24471499
2022-01-12,58522,581301,47079823,25052800
2022-01-13,58682,580424,47138505,25633224
2022-01-14,46898,588604,47185403,26221828
2022-01-15,39502,569973,47224905,26791801
2022-01-16,31285,341888,47256190,27133689
2022-01-17,54830,489681,47311020,27623370
2022-01-18,58449,517044,47369469,28140414
2022-01-19,57248,502815,47426717,28643229
2022-01-20,54393,498852,47481110,29142081
2022-01-21,42144,493892,47523254,29635973
2022-01-22,31257,469611,47554511,30105584
2022-01-23,34971,275383,47589482,30380967
2022-01-24,56209,437240,47645691,30818207
2022-01-25,61584,452127,47707275,31270334
2022-01-26,58567,435841,47765842,31706175
2022-01-27,48873,432394,47814715,32138569
2022-01-28,58734,436554,47873449,32575123
2022-01-29,68162,412507,47941611,32987630
2022-01-30,50397,235982,47992008,33223612
2022-01-31,60670,356940,48052678,33580552
2022-02-01,65591,328458,48118269,33909010
2022-02-02,63234,296986,48181503,34205996
2022-02-03,60079,274526,48241582,34480522
2022-02-04,72395,268468,48313977,34748990
2022-02-05,83810,248546,48397787,34997536
2022-02-06,55303,116206,48453090,35113742
2022-02-07,65168,199942,48518258,35313684
2022-02-08,66945,186120,48585203,35499804
2022-02-09,58769,166342,48643972,35666146
2022-02-10,58593,163242,48702565,35829388
2022-02-11,62269,162470,48764834,35991858
2022-02-12,71997,152149,48836831,36144007
2022-02-13,41476,68854,48878307,36212861
2022-02-14,46703,116188,48925010,36329049
2022-02-15,48548,123480,48973558,36452529
2022-02-16,45683,106122,49019241,36558651
2022-02-17,42870,98116,49062111,36656767
2022-02-18,46629,112579,49108740,36769346
2022-02-19,52543,100337,49161283,36869683
2022-02-20,31411,40366,49192694,36910049
2022-02-21,37896,89655,49230590,36999704
2022-02-22,37225,83778,49267815,37083482
2022-02-23,33401,79408,49301216,37162890
2022-02-24,32560,78162,49333776,37241052
2022-02-25,34764,90713,49368540,37331765
2022-02-26,39159,89136,49407699,37420901
2022-02-27,22547,35857,49430246,37456758
2022-02-28,28482,81693,49458728,37538451
2022-03-01,22723,53942,49481451,37592393
2022-03-02,21956,50683,49503407,37643076
2022-03-03,22625,54947,49526032,37698023
2022-03-04,23238,62799,49549270,37760822
2022-03-05,23800,57951,49573070,37818773
2022-03-06,9471,17201,49582541,37835974
2022-03-07,15918,51391,49598459,37887365
2022-03-08,15480,48796,49613939,37936161
2022-03-09,13814,46519,49627753,37982680
2022-03-10,14053,52121,49641806,38034801
2022-03-11,15588,57267,49657394,38092068
2022-03-12,15507,56620,49672901,38148688
2022-03-13,5544,16851,49678445,38165539
2022-03-14,10526,46700,49688971,38212239
2022-03-15,10549,46895,49699520,38259134
2022-03-16,9481,41974,49709001,38301108
2022-03-17,9720,44874,49718721,38345982
2022-03-18,10158,49056,49728879,38395038
2022-03-19,9151,46534,49738030,38441572
2022-03-20,2609,11702,49740639,38453274
2022-03-21,7580,40224,49748219,38493498
2022-03-22,8447,37761,49756666,38531259
2022-03-23,7215,33700,49763881,38564959
2022-03-24,8258,38818,49772139,38603777
2022-03-25,8141,43668,49780280,38647445
2022-03-26,8127,41721,49788407,38689166
2022-03-27,2431,9682,49790838,38698848
2022-03-28,6112,35239,49796950,38734087
2022-03-29,5778,32530,49802728,38766617
2022-03-30,5566,30205,49808294,38796822
2022-03-31,5898,33182,49814192,38830004
2022-04-01,4349,25190,49818541,38855194
2022-04-02,4496,23276,49823037,38878470
2022-04-03,1050,4499,49824087,38882969
2022-04-04,3657,21544,49827744,38904513
2022-04-05,3756,22932,49831500,38927445
2022-04-06,4103,21852,49835603,38949297
2022-04-07,3968,23320,49839571,38972617
2022-04-08,4692,26713,49844263,38999330
2022-04-09,4383,23887,49848646,39023217
2022-04-10,892,4613,49849538,39027830
2022-04-11,3816,22688,49853354,39050518
2022-04-12,3365,21778,49856719,39072296
2022-04-13,3568,21335,49860287,39093631
2022-04-14,3485,23786,49863772,39117417
2022-04-15,3084,20619,49866856,39138036
2022-04-16,2149,11918,49869005,39149954
2022-04-17,63,348,49869068,39150302
2022-04-18,152,650,49869220,39150952
2022-04-19,3499,21980,49872719,39172932
2022-04-20,3510,20252,49876229,39193184
2022-04-21,2847,19790,49879076,39212974
2022-04-22,2927,20703,49882003,39233677
2022-04-23,2646,16219,49884649,39249896
2022-04-24,509,2334,49885158,39252230
2022-04-25,183,1165,49885341,39253395
2022-04-26,2759,17806,49888100,39271201
2022-04-27,2374,15793,49890474,39286994
2022-04-28,2360,15560,49892834,39302554
2022-04-29,2295,14847,49895129,39317401
2022-04-30,2123,11581,49897252,39328982
2022-05-01,113,531,49897365,39329513
2022-05-02,1451,9391,49898816,39338904
2022-05-03,1576,10319,49900392,39349223
2022-05-04,1745,10268,49902137,39359491
2022-05-05,1653,10285,49903790,39369776
2022-05-06,1702,10958,49905492,39380734
2022-05-07,1431,8568,49906923,39389302
2022-05-08,416,1521,49907339,39390823
2022-05-09,1027,8929,49908366,39399752
2022-05-10,1424,9548,49909790,39409300
2022-05-11,1484,10103,49911274,39419403
2022-05-12,1369,10131,49912643,39429534
2022-05-13,1596,10518,49914239,39440052
2022-05-14,1357,8236,49915596,39448288
2022-05-15,336,1133,49915932,39449421
2022-05-16,813,8405,49916745,39457826
2022-05-17,1243,8697,49917988,39466523
2022-05-18,1372,9232,49919360,39475755
2022-05-19,1500,9278,49920860,39485033
2022-05-20,1421,9529,49922281,39494562
2022-05-21,1300,7900,49923581,39502462
2022-05-22,231,1014,49923812,39503476
2022-05-23,830,8267,49924642,39511743
2022-05-24,1073,8672,49925715,39520415
2022-05-25,1370,9460,49927085,39529875
2022-05-26,1195,9478,49928280,39539353
2022-05-27,1232,9915,49929512,39549268
2022-05-28,1205,7887,49930717,39557155
2022-05-29,288,1264,49931005,39558419
2022-05-30,930,8056,49931935,39566475
2022-05-31,1036,8547,49932971,39575022
2022-06-01,891,7655,49933862,39582677
2022-06-02,35,474,49933897,39583151
2022-06-03,818,7333,49934715,39590484
2022-06-04,870,5161,49935585,39595645
2022-06-05,89,586,49935674,39596231
2022-06-06,678,6993,49936352,39603224
2022-06-07,952,7849,49937304,39611073
2022-06-08,980,7908,49938284,39618981
2022-06-09,1037,8414,49939321,39627395
2022-06-10,958,8564,49940279,39635959
2022-06-11,903,6207,49941182,39642166
2022-06-12,140,768,49941322,39642934
2022-06-13,602,6301,49941924,39649235
2022-06-14,830,7899,49942754,39657134
2022-06-15,957,7854,49943711,39664988
2022-06-16,730,7394,49944441,39672382
2022-06-17,723,7243,49945164,39679625
2022-06-18,777,5593,49945941,39685218
2022-06-19,48,522,49945989,39685740
2022-06-20,588,6698,49946577,39692438
2022-06-21,736,7666,49947313,39700104
2022-06-22,781,7308,49948094,39707412
2022-06-23,652,7468,49948746,39714880
2022-06-24,644,7473,49949390,39722353
2022-06-25,835,6535,49950225,39728888
2022-06-26,128,523,49950353,39729411
2022-06-27,533,7124,49950886,39736535
2022-06-28,746,8207,49951632,39744742
2022-06-29,756,7731,49952388,39752473
2022-06-30,745,8144,49953133,39760617
2022-07-01,577,6443,49953710,39767060
2022-07-02,536,4770,49954246,39771830
2022-07-03,49,456,49954295,39772286
2022-07-04,469,6276,49954764,39778562
2022-07-05,629,8118,49955393,39786680
2022-07-06,633,7611,49956026,39794291
2022-07-07,572,8271,49956598,39802562
2022-07-08,672,8083,49957270,39810645
2022-07-09,550,6104,49957820,39816749
2022-07-10,58,533,49957878,39817282
2022-07-11,487,7638,49958365,39824920
2022-07-12,667,9029,49959032,39833949
2022-07-13,641,10068,49959673,39844017
2022-07-14,636,10223,49960309,39854240
2022-07-15,625,10665,49960934,39864905
2022-07-16,522,7214,49961456,39872119
2022-07-17,48,770,49961504,39872889
2022-07-18,497,9368,49962001,39882257
2022-07-19,574,10682,49962575,39892939
2022-07-20,580,11274,49963155,39904213
2022-07-21,627,12088,49963782,39916301
2022-07-22,583,11257,49964365,39927558
2022-07-23,381,6772,49964746,39934330
2022-07-24,76,857,49964822,39935187
2022-07-25,503,9051,49965325,39944238
2022-07-26,519,9759,49965844,39953997
2022-07-27,552,10202,49966396,39964199
2022-07-28,530,10535,49966926,39974734
2022-07-29,510,9464,49967436,39984198
2022-07-30,382,5881,49967818,39990079
2022-07-31,49,764,49967867,39990843
2022-08-01,386,6864,49968253,39997707
2022-08-02,541,7584,49968794,40005291
2022-08-03,511,7176,49969305,40012467
2022-08-04,456,7488,49969761,40019955
2022-08-05,420,6526,49970181,40026481
2022-08-06,299,3612,49970480,40030093
2022-08-07,44,561,49970524,40030654
2022-08-08,402,4892,49970926,40035546
2022-08-09,382,5307,49971308,40040853
2022-08-10,382,4816,49971690,40045669
2022-08-11,366,4778,49972056,40050447
2022-08-12,292,3721,49972348,40054168
2022-08-13,143,1600,49972491,40055768
2022-08-14,9,129,49972500,40055897
2022-08-15,1,26,49972501,40055923
2022-08-16,283,3043,49972784,40058966
2022-08-17,352,3536,49973136,40062502
2022-08-18,391,4160,49973527,40066662
2022-08-19,341,3320,49973868,40069982
2022-08-20,183,1715,49974051,40071697
2022-08-21,24,149,49974075,40071846
2022-08-22,330,2951,49974405,40074797
2022-08-23,370,3674,49974775,40078471
2022-08-24,383,3359,49975158,40081830
2022-08-25,421,3773,49975579,40085603
2022-08-26,399,3572,49975978,40089175
2022-08-27,237,1769,49976215,40090944
2022-08-28,29,267,49976244,40091211
2022-08-29,354,3161,49976598,40094372
2022-08-30,403,3671,49977001,40098043
2022-08-31,437,3734,49977438,40101777
2022-09-01,353,3116,49977791,40104893
2022-09-02,296,2890,49978087,40107783
2022-09-03,200,1688,49978287,40109471
2022-09-04,23,149,49978310,40109620
2022-09-05,187,2656,49978497,40112276
2022-09-06,303,2982,49978800,40115258
2022-09-07,540,2936,49979340,40118194
2022-09-08,291,2962,49979631,40121156
2022-09-09,305,2884,49979936,40124040
2022-09-10,227,1326,49980163,40125366
2022-09-11,23,124,49980186,40125490
2022-09-12,267,2263,49980453,40127753
2022-09-13,252,2274,49980705,40130027
2022-09-14,265,2565,49980970,40132592
2022-09-15,281,2495,49981251,40135087
2022-09-16,254,2544,49981505,40137631
2022-09-17,239,1339,49981744,40138970
2022-09-18,20,170,49981764,40139140
2022-09-19,206,1969,49981970,40141109
2022-09-20,236,2384,49982206,40143493
2022-09-21,289,2526,49982495,40146019
2022-09-22,263,2651,49982758,40148670
2022-09-23,258,2538,49983016,40151208
2022-09-24,193,1427,49983209,40152635
2022-09-25,29,133,49983238,40152768
2022-09-26,280,2248,49983518,40155016
2022-09-27,287,2682,49983805,40157698
2022-09-28,309,2896,49984114,40160594
2022-09-29,256,3045,49984370,40163639
2022-09-30,290,2983,49984660,40166622
2022-10-01,194,1515,49984854,40168137
2022-10-02,12,187,49984866,40168324
2022-10-03,182,2474,49985048,40170798
2022-10-04,236,2865,49985284,40173663
2022-10-05,227,3218,49985511,40176881
2022-10-06,242,3846,49985753,40180727
2022-10-07,282,4165,49986035,40184892
2022-10-08,202,2235,49986237,40187127
2022-10-09,8,304,49986245,40187431
2022-10-10,207,3337,49986452,40190768
2022-10-11,191,4350,49986643,40195118
2022-10-12,209,4415,49986852,40199533
2022-10-13,200,5296,49987052,40204829
2022-10-14,229,5021,49987281,40209850
2022-10-15,188,2670,49987469,40212520
2022-10-16,6,360,49987475,40212880
2022-10-17,186,3863,49987661,40216743
2022-10-18,256,4955,49987917,40221698
2022-10-19,241,5462,49988158,40227160
2022-10-20,222,5989,49988380,40233149
2022-10-21,249,5462,49988629,40238611
2022-10-22,193,2907,49988822,40241518
2022-10-23,13,356,49988835,40241874
2022-10-24,171,3914,49989006,40245788
2022-10-25,252,4912,49989258,40250700
2022-10-26,340,5471,49989598,40256171
2022-10-27,240,5626,49989838,40261797
2022-10-28,200,5232,49990038,40267029
2022-10-29,127,2834,49990165,40269863
2022-10-30,3,326,49990168,40270189
2022-10-31,116,3025,49990284,40273214
2022-11-01,10,327,49990294,40273541
2022-11-02,142,3673,49990436,40277214
2022-11-03,170,4745,49990606,40281959
2022-11-04,219,4561,49990825,40286520
2022-11-05,143,2576,49990968,40289096
2022-11-06,10,258,49990978,40289354
2022-11-07,160,3200,49991138,40292554
2022-11-08,259,4189,49991397,40296743
2022-11-09,196,4258,49991593,40301001
2022-11-10,180,4478,49991773,40305479
2022-11-11,188,4153,49991961,40309632
2022-11-12,152,2326,49992113,40311958
2022-11-13,7,329,49992120,40312287
2022-11-14,148,2757,49992268,40315044
2022-11-15,187,3579,49992455,40318623
2022-11-16,219,3563,49992674,40322186