data_somministrazione,vaccinazioni,booster,cum_vaccinazioni,cum_booster
2020-12-27,22,0,22,0
2020-12-28,2,0,24,0
2020-12-29,1,0,25,0
2020-12-30,9,0,34,0
2020-12-31,87,0,121,0
2021-01-01,28,0,149,0
2021-01-02,162,0,311,0
2021-01-03,122,0,433,0
2021-01-04,263,0,696,0
2021-01-05,301,0,997,0
2021-01-06,279,0,1276,0
2021-01-07,343,0,1619,0
2021-01-08,401,0,2020,0
2021-01-09,306,0,2326,0
2021-01-10,188,0,2514,0
2021-01-11,319,0,2833,0
2021-01-12,298,0,3131,0
2021-01-13,435,0,3566,0
2021-01-14,514,0,4080,0
2021-01-15,328,0,4408,0
2021-01-16,229,0,4637,0
2021-01-17,3066,0,7703,0
2021-01-18,5228,0,12931,0
2021-01-19,1898,0,14829,0
2021-01-20,4661,0,19490,0
2021-01-21,20001,0,39491,0
2021-01-22,14253,0,53744,0
2021-01-23,33310,0,87054,0
2021-01-24,30773,0,117827,0
2021-01-25,64699,0,182526,0
2021-01-26,76460,0,258986,0
2021-01-27,64811,0,323797,0
2021-01-28,89235,0,413032,0
2021-01-29,93998,0,507030,0
2021-01-30,86530,0,593560,0
2021-01-31,57311,0,650871,0
2021-02-01,81841,0,732712,0
2021-02-02,82145,0,814857,0
2021-02-03,91102,0,905959,0
2021-02-04,95382,0,1001341,0
2021-02-05,89117,0,1090458,0
2021-02-06,63451,0,1153909,0
2021-02-07,32935,0,1186844,0
2021-02-08,40430,0,1227274,0
2021-02-09,32895,0,1260169,0
2021-02-10,28453,0,1288622,0
2021-02-11,20423,0,1309045,0
2021-02-12,16266,0,1325311,0
2021-02-13,7298,0,1332609,0
2021-02-14,2864,0,1335473,0
2021-02-15,6856,0,1342329,0
2021-02-16,7013,0,1349342,0
2021-02-17,10530,0,1359872,0
2021-02-18,9266,0,1369138,0
2021-02-19,8266,0,1377404,0
2021-02-20,5598,0,1383002,0
2021-02-21,3025,0,1386027,0
2021-02-22,6891,0,1392918,0
2021-02-23,7196,0,1400114,0
2021-02-24,9829,0,1409943,0
2021-02-25,14224,0,1424167,0
2021-02-26,17574,0,1441741,0
2021-02-27,13948,0,1455689,0
2021-02-28,9398,0,1465087,0
2021-03-01,26544,0,1491631,0
2021-03-02,33254,0,1524885,0
2021-03-03,44663,0,1569548,0
2021-03-04,50321,0,1619869,0
2021-03-05,55763,0,1675632,0
2021-03-06,41892,0,1717524,0
2021-03-07,22335,0,1739859,0
2021-03-08,50852,0,1790711,0
2021-03-09,53106,0,1843817,0
2021-03-10,58725,0,1902542,0
2021-03-11,63945,0,1966487,0
2021-03-12,65180,0,2031667,0
2021-03-13,51739,0,2083406,0
2021-03-14,35443,0,2118849,0
2021-03-15,73484,0,2192333,0
2021-03-16,74041,0,2266374,0
2021-03-17,83174,0,2349548,0
2021-03-18,81666,0,2431214,0
2021-03-19,81128,0,2512342,0
2021-03-20,64759,0,2577101,0
2021-03-21,47319,0,2624420,0
2021-03-22,69535,0,2693955,0
2021-03-23,75850,0,2769805,0
2021-03-24,90973,0,2860778,0
2021-03-25,89792,0,2950570,0
2021-03-26,83676,0,3034246,0
2021-03-27,71989,0,3106235,0
2021-03-28,44201,0,3150436,0
2021-03-29,70878,0,3221314,0
2021-03-30,81444,0,3302758,0
2021-03-31,96297,0,3399055,0
2021-04-01,95385,0,3494440,0
2021-04-02,83828,0,3578268,0
2021-04-03,64317,0,3642585,0
2021-04-04,21727,0,3664312,0
2021-04-05,40330,0,3704642,0
2021-04-06,81375,0,3786017,0
2021-04-07,95861,0,3881878,0
2021-04-08,95296,0,3977174,0
2021-04-09,88523,0,4065697,0
2021-04-10,74054,0,4139751,0
2021-04-11,44771,0,4184522,0
2021-04-12,66937,0,4251459,0
2021-04-13,72618,0,4324077,0
2021-04-14,85577,0,4409654,0
2021-04-15,105442,0,4515096,0
2021-04-16,106446,0,4621542,0
2021-04-17,90544,0,4712086,0
2021-04-18,58603,0,4770689,0
2021-04-19,93449,0,4864138,0
2021-04-20,103785,0,4967923,0
2021-04-21,125345,0,5093268,0
2021-04-22,143536,0,5236804,0
2021-04-23,138779,0,5375583,0
2021-04-24,124463,0,5500046,0
2021-04-25,61476,0,5561522,0
2021-04-26,97930,0,5659452,0
2021-04-27,128402,0,5787854,0
2021-04-28,156416,0,5944270,0
2021-04-29,195642,0,6139912,0
2021-04-30,214637,0,6354549,0
2021-05-01,174163,0,6528712,0
2021-05-02,135828,0,6664540,0
2021-05-03,142111,0,6806651,0
2021-05-04,158740,0,6965391,0
2021-05-05,170574,0,7135965,0
2021-05-06,196148,0,7332113,0
2021-05-07,212026,0,7544139,0
2021-05-08,213473,0,7757612,0
2021-05-09,143249,0,7900861,0
2021-05-10,164101,0,8064962,0
2021-05-11,175051,0,8240013,0
2021-05-12,179283,0,8419296,0
2021-05-13,203480,0,8622776,0
2021-05-14,222998,0,8845774,0
2021-05-15,210423,0,9056197,0
2021-05-16,159318,0,9215515,0
2021-05-17,218882,0,9434397,0
2021-05-18,213046,0,9647443,0
2021-05-19,207146,0,9854589,0
2021-05-20,270961,0,10125550,0
2021-05-21,270972,0,10396522,0
2021-05-22,245595,0,10642117,0
2021-05-23,197214,0,10839331,0
2021-05-24,228379,0,11067710,0
2021-05-25,245740,0,11313450,0
2021-05-26,277605,0,11591055,0
2021-05-27,311150,0,11902205,0
2021-05-28,299445,0,12201650,0
2021-05-29,231297,0,12432947,0
2021-05-30,170869,0,12603816,0
2021-05-31,216497,0,12820313,0
2021-06-01,207701,0,13028014,0
2021-06-02,115841,0,13143855,0
2021-06-03,180255,0,13324110,0
2021-06-04,185010,0,13509120,0
2021-06-05,186104,0,13695224,0
2021-06-06,139670,0,13834894,0
2021-06-07,162011,0,13996905,0
2021-06-08,171410,0,14168315,0
2021-06-09,171616,0,14339931,0
2021-06-10,174284,0,14514215,0
2021-06-11,170177,0,14684392,0
2021-06-12,128517,0,14812909,0
2021-06-13,91350,0,14904259,0
2021-06-14,214785,0,15119044,0
2021-06-15,228559,0,15347603,0
2021-06-16,253205,0,15600808,0
2021-06-17,301883,0,15902691,0
2021-06-18,306456,0,16209147,0
2021-06-19,275208,0,16484355,0
2021-06-20,220883,0,16705238,0
2021-06-21,288182,0,16993420,0
2021-06-22,296330,0,17289750,0
2021-06-23,302761,0,17592511,0
2021-06-24,332665,0,17925176,0
2021-06-25,348820,0,18273996,0
2021-06-26,300181,0,18574177,0
2021-06-27,228752,0,18802929,0
2021-06-28,307252,0,19110181,0
2021-06-29,329430,0,19439611,0
2021-06-30,342316,0,19781927,0
2021-07-01,363339,0,20145266,0
2021-07-02,368603,0,20513869,0
2021-07-03,371144,0,20885013,0
2021-07-04,283265,0,21168278,0
2021-07-05,384615,0,21552893,0
2021-07-06,385551,0,21938444,0
2021-07-07,412181,0,22350625,0
2021-07-08,478991,0,22829616,0
2021-07-09,498470,0,23328086,0
2021-07-10,475181,0,23803267,0
2021-07-11,357673,0,24160940,0
2021-07-12,485882,0,24646822,0
2021-07-13,492061,0,25138883,0
2021-07-14,480450,0,25619333,0
2021-07-15,523435,0,26142768,0
2021-07-16,509770,0,26652538,0
2021-07-17,464317,0,27116855,0
2021-07-18,364609,0,27481464,0
2021-07-19,463098,0,27944562,0
2021-07-20,458070,0,28402632,0
2021-07-21,462854,0,28865486,0
2021-07-22,475413,0,29340899,0
2021-07-23,441372,0,29782271,0
2021-07-24,386128,0,30168399,0
2021-07-25,287535,0,30455934,0
2021-07-26,430928,0,30886862,0
2021-07-27,440172,0,31327034,0
2021-07-28,391058,0,31718092,0
2021-07-29,371949,0,32090041,0
2021-07-30,341622,0,32431663,0
2021-07-31,287067,0,32718730,0
2021-08-01,190989,0,32909719,0
2021-08-02,333780,0,33243499,0
2021-08-03,323259,0,33566758,0
2021-08-04,311081,0,33877839,0
2021-08-05,292553,0,34170392,0
2021-08-06,260150,0,34430542,0
2021-08-07,199099,0,34629641,0
2021-08-08,153122,0,34782763,0
2021-08-09,234149,0,35016912,0
2021-08-10,205390,0,35222302,0
2021-08-11,193876,0,35416178,0
2021-08-12,168203,0,35584381,0
2021-08-13,148802,0,35733183,0
2021-08-14,66121,0,35799304,0
2021-08-15,26346,0,35825650,0
2021-08-16,114820,0,35940470,0
2021-08-17,129340,0,36069810,0
2021-08-18,128850,0,36198660,0
2021-08-19,124949,0,36323609,0
2021-08-20,123913,0,36447522,0
2021-08-21,83156,0,36530678,0
2021-08-22,68185,0,36598863,0
2021-08-23,176957,0,36775820,0
2021-08-24,156986,0,36932806,0
2021-08-25,177267,0,37110073,0
2021-08-26,172431,0,37282504,0
2021-08-27,185750,0,37468254,0
2021-08-28,140315,0,37608569,0
2021-08-29,99003,0,37707572,0
2021-08-30,209650,0,37917222,0
2021-08-31,194726,0,38111948,0
2021-09-01,192316,0,38304264,0
2021-09-02,189992,0,38494256,0
2021-09-03,191326,0,38685582,0
2021-09-04,131426,0,38817008,0
2021-09-05,87835,0,38904843,0
2021-09-06,193645,0,39098488,0
2021-09-07,196102,0,39294590,0
2021-09-08,187868,0,39482458,0
2021-09-09,201437,0,39683895,0
2021-09-10,197883,0,39881778,0
2021-09-11,141284,0,40023062,0
2021-09-12,89581,0,40112643,0
2021-09-13,191126,694,40303769,694
2021-09-14,177231,684,40481000,1378
2021-09-15,163103,679,40644103,2057
2021-09-16,160070,1046,40804173,3103
2021-09-17,150205,1195,40954378,4298
2021-09-18,128024,796,41082402,5094
2021-09-19,81145,520,41163547,5614
2021-09-20,180103,9162,41343650,14776
2021-09-21,166726,8884,41510376,23660
2021-09-22,159160,9480,41669536,33140
2021-09-23,138158,9370,41807694,42510
2021-09-24,140597,9034,41948291,51544
2021-09-25,119587,5689,42067878,57233
2021-09-26,72011,4374,42139889,61607
2021-09-27,135719,10124,42275608,71731
2021-09-28,117555,11461,42393163,83192
2021-09-29,112411,11883,42505574,95075
2021-09-30,110341,15012,42615915,110087
2021-10-01,95037,19153,42710952,129240
2021-10-02,78557,14054,42789509,143294
2021-10-03,47763,7676,42837272,150970
2021-10-04,88430,34512,42925702,185482
2021-10-05,80425,34047,43006127,219529
2021-10-06,72016,34238,43078143,253767
2021-10-07,71906,34393,43150049,288160
2021-10-08,80673,33648,43230722,321808
2021-10-09,76127,22209,43306849,344017
2021-10-10,45796,13636,43352645,357653
2021-10-11,87505,41157,43440150,398810
2021-10-12,84551,46964,43524701,445774
2021-10-13,88258,52199,43612959,497973
2021-10-14,91604,58578,43704563,556551
2021-10-15,93622,55716,43798185,612267
2021-10-16,82997,36845,43881182,649112
2021-10-17,51458,23874,43932640,672986
2021-10-18,90338,59559,44022978,732545
2021-10-19,78389,69450,44101367,801995
2021-10-20,75080,78262,44176447,880257
2021-10-21,78317,81885,44254764,962142
2021-10-22,73787,77131,44328551,1039273
2021-10-23,60846,51984,44389397,1091257
2021-10-24,33365,23490,44422762,1114747
2021-10-25,64935,81694,44487697,1196441
2021-10-26,58406,91893,44546103,1288334
2021-10-27,58324,104066,44604427,1392400
2021-10-28,61476,114216,44665903,1506616
2021-10-29,61628,103234,44727531,1609850
2021-10-30,50672,68169,44778203,1678019
2021-10-31,25157,28316,44803360,1706335
2021-11-01,19049,28162,44822409,1734497
2021-11-02,62781,89474,44885190,1823971
2021-11-03,60725,118744,44945915,1942715
2021-11-04,59249,126737,45005164,2069452
2021-11-05,63114,135257,45068278,2204709
2021-11-06,46491,90953,45114769,2295662
2021-11-07,22248,37909,45137017,2333571
2021-11-08,51532,131328,45188549,2464899
2021-11-09,45419,144256,45233968,2609155
2021-11-10,42601,156416,45276569,2765571
2021-11-11,44940,155238,45321509,2920809
2021-11-12,46269,158789,45367778,3079598
2021-11-13,33269,116697,45401047,3196295
2021-11-14,14492,52464,45415539,3248759
2021-11-15,36914,157485,45452453,3406244
2021-11-16,30579,171455,45483032,3577699
2021-11-17,28480,178502,45511512,3756201
2021-11-18,30315,193822,45541827,3950023
2021-11-19,28844,205927,45570671,4155950
2021-11-20,21015,156475,45591686,4312425
2021-11-21,10615,64878,45602301,4377303
2021-11-22,21964,213186,45624265,4590489
2021-11-23,23618,241869,45647883,4832358
2021-11-24,27645,270753,45675528,5103111
2021-11-25,23252,301002,45698780,5404113
2021-11-26,24572,317381,45723352,5721494
2021-11-27,21421,266217,45744773,5987711
2021-11-28,9910,137087,45754683,6124798
2021-11-29,22375,326125,45777058,6450923
2021-11-30,23134,365929,45800192,6816852
2021-12-01,21514,412890,45821706,7229742
2021-12-02,23814,440514,45845520,7670256
2021-12-03,25295,467623,45870815,8137879
2021-12-04,22410,419118,45893225,8556997
2021-12-05,11953,261577,45905178,8818574
2021-12-06,25862,457825,45931040,9276399
2021-12-07,24153,479733,45955193,9756132
2021-12-08,10037,249900,45965230,10006032
2021-12-09,31645,492032,45996875,10498064
2021-12-10,28127,517969,46025002,11016033
2021-12-11,23597,459310,46048599,11475343
2021-12-12,12328,293549,46060927,11768892
2021-12-13,26196,467698,46087123,12236590
2021-12-14,25229,494304,46112352,12730894
2021-12-15,25394,517225,46137746,13248119
2021-12-16,27958,520402,46165704,13768521
2021-12-17,29419,517292,46195123,14285813
2021-12-18,27126,468816,46222249,14754629
2021-12-19,15176,300268,46237425,15054897
2021-12-20,30696,477570,46268121,15532467
2021-12-21,30439,493528,46298560,16025995
2021-12-22,29508,484803,46328068,16510798
2021-12-23,28261,426723,46356329,16937521
2021-12-24,13135,210874,46369464,17148395
2021-12-25,2104,33053,46371568,17181448
2021-12-26,8789,159081,46380357,17340529
2021-12-27,46888,504813,46427245,17845342
2021-12-28,42535,554339,46469780,18399681
2021-12-29,34439,550761,46504219,18950442
2021-12-30,31915,499955,46536134,19450397
2021-12-31,14161,247423,46550295,19697820
2022-01-01,3503,64817,46553798,19762637
2022-01-02,22847,276756,46576645,20039393
2022-01-03,47973,520097,46624618,20559490
2022-01-04,46419,571689,46671037,21131179
2022-01-05,40883,560472,46711920,21691651
2022-01-06,23554,274499,46735474,21966150
2022-01-07,63825,554271,46799299,22520421
2022-01-08,61057,502751,46860356,23023172
2022-01-09,42994,319730,46903350,23342902
2022-01-10,61220,542389,46964570,23885291
2022-01-11,61777,586599,47026347,24471890
2022-01-12,58577,581405,47084924,25053295
2022-01-13,58646,580055,47143570,25633350
2022-01-14,46978,588686,47190548,26222036
2022-01-15,39658,570310,47230206,26792346
2022-01-16,31356,341959,47261562,27134305
2022-01-17,54762,489530,47316324,27623835
2022-01-18,58546,517147,47374870,28140982
2022-01-19,57299,502916,47432169,28643898
2022-01-20,54334,498518,47486503,29142416
2022-01-21,42155,493452,47528658,29635868
2022-01-22,31310,469163,47559968,30105031
2022-01-23,35006,275443,47594974,30380474
2022-01-24,56250,437342,47651224,30817816
2022-01-25,61533,451823,47712757,31269639
2022-01-26,58640,435895,47771397,31705534
2022-01-27,48973,432520,47820370,32138054
2022-01-28,58782,436652,47879152,32574706
2022-01-29,68276,412731,47947428,32987437
2022-01-30,50434,236156,47997862,33223593
2022-01-31,60739,357017,48058601,33580610
2022-02-01,65669,328532,48124270,33909142
2022-02-02,63276,297068,48187546,34206210
2022-02-03,60155,274602,48247701,34480812
2022-02-04,72108,268293,48319809,34749105
2022-02-05,83831,248614,48403640,34997719
2022-02-06,55312,116248,48458952,35113967
2022-02-07,65207,199982,48524159,35313949
2022-02-08,66983,186196,48591142,35500145
2022-02-09,58580,166309,48649722,35666454
2022-02-10,58644,163304,48708366,35829758
2022-02-11,62305,162534,48770671,35992292
2022-02-12,72053,152182,48842724,36144474
2022-02-13,41486,68869,48884210,36213343
2022-02-14,46723,116223,48930933,36329566
2022-02-15,48585,123512,48979518,36453078
2022-02-16,45743,106166,49025261,36559244
2022-02-17,42889,98161,49068150,36657405
2022-02-18,46643,112625,49114793,36770030
2022-02-19,52563,100366,49167356,36870396
2022-02-20,31417,40386,49198773,36910782
2022-02-21,37911,89695,49236684,37000477
2022-02-22,37241,83833,49273925,37084310
2022-02-23,33421,79441,49307346,37163751
2022-02-24,32570,78205,49339916,37241956
2022-02-25,34786,90765,49374702,37332721
2022-02-26,39172,89160,49413874,37421881
2022-02-27,22548,35861,49436422,37457742
2022-02-28,28496,81722,49464918,37539464
2022-03-01,22741,53992,49487659,37593456
2022-03-02,21952,50736,49509611,37644192
2022-03-03,22651,54971,49532262,37699163
2022-03-04,23257,62826,49555519,37761989
2022-03-05,23807,57964,49579326,37819953
2022-03-06,9473,17204,49588799,37837157
2022-03-07,15941,51424,49604740,37888581
2022-03-08,15492,48821,49620232,37937402
2022-03-09,13820,46527,49634052,37983929
2022-03-10,14063,52079,49648115,38036008
2022-03-11,15451,57203,49663566,38093211
2022-03-12,15514,56628,49679080,38149839
2022-03-13,5546,16853,49684626,38166692
2022-03-14,10534,46720,49695160,38213412
2022-03-15,10559,46929,49705719,38260341
2022-03-16,9491,41992,49715210,38302333
2022-03-17,9731,44902,49724941,38347235
2022-03-18,10169,49091,49735110,38396326
2022-03-19,9155,46556,49744265,38442882
2022-03-20,2608,11705,49746873,38454587
2022-03-21,7590,40254,49754463,38494841
2022-03-22,8452,37795,49762915,38532636
2022-03-23,7227,33716,49770142,38566352
2022-03-24,8267,38845,49778409,38605197
2022-03-25,8146,43702,49786555,38648899
2022-03-26,8127,41723,49794682,38690622
2022-03-27,2431,9685,49797113,38700307
2022-03-28,6115,35256,49803228,38735563
2022-03-29,5787,32551,49809015,38768114
2022-03-30,5571,30221,49814586,38798335
2022-03-31,5911,33215,49820497,38831550
2022-04-01,4354,25202,49824851,38856752
2022-04-02,4498,23277,49829349,38880029
2022-04-03,1049,4500,49830398,38884529
2022-04-04,3666,21560,49834064,38906089
2022-04-05,3759,22956,49837823,38929045
2022-04-06,4106,21858,49841929,38950903
2022-04-07,3974,23330,49845903,38974233
2022-04-08,4698,26734,49850601,39000967
2022-04-09,4383,23888,49854984,39024855
2022-04-10,893,4613,49855877,39029468
2022-04-11,3820,22698,49859697,39052166
2022-04-12,3364,21798,49863061,39073964
2022-04-13,3578,21350,49866639,39095314
2022-04-14,3487,23801,49870126,39119115
2022-04-15,3086,20639,49873212,39139754
2022-04-16,2153,11922,49875365,39151676
2022-04-17,63,348,49875428,39152024
2022-04-18,152,650,49875580,39152674
2022-04-19,3500,22005,49879080,39174679
2022-04-20,3514,20262,49882594,39194941
2022-04-21,2850,19805,49885444,39214746
2022-04-22,2929,20724,49888373,39235470
2022-04-23,2648,16223,49891021,39251693
2022-04-24,509,2335,49891530,39254028
2022-04-25,183,1165,49891713,39255193
2022-04-26,2762,17816,49894475,39273009
2022-04-27,2376,15799,49896851,39288808
2022-04-28,2367,15569,49899218,39304377
2022-04-29,2300,14862,49901518,39319239
2022-04-30,2124,11585,49903642,39330824
2022-05-01,113,531,49903755,39331355
2022-05-02,1451,9394,49905206,39340749
2022-05-03,1578,10332,49906784,39351081
2022-05-04,1751,10283,49908535,39361364
2022-05-05,1656,10310,49910191,39371674
2022-05-06,1702,10985,49911893,39382659
2022-05-07,1432,8575,49913325,39391234
2022-05-08,417,1527,49913742,39392761
2022-05-09,1029,8939,49914771,39401700
2022-05-10,1428,9558,49916199,39411258
2022-05-11,1488,10109,49917687,39421367
2022-05-12,1373,10141,49919060,39431508
2022-05-13,1600,10531,49920660,39442039
2022-05-14,1362,8249,49922022,39450288
2022-05-15,336,1138,49922358,39451426
2022-05-16,814,8411,49923172,39459837
2022-05-17,1244,8708,49924416,39468545
2022-05-18,1374,9256,49925790,39477801
2022-05-19,1503,9290,49927293,39487091
2022-05-20,1431,9538,49928724,39496629
2022-05-21,1302,7903,49930026,39504532
2022-05-22,231,1013,49930257,39505545
2022-05-23,831,8275,49931088,39513820
2022-05-24,1073,8676,49932161,39522496
2022-05-25,1376,9460,49933537,39531956
2022-05-26,1203,9484,49934740,39541440
2022-05-27,1235,9919,49935975,39551359
2022-05-28,1205,7890,49937180,39559249
2022-05-29,288,1265,49937468,39560514
2022-05-30,931,8066,49938399,39568580
2022-05-31,1040,8553,49939439,39577133
2022-06-01,897,7657,49940336,39584790
2022-06-02,35,474,49940371,39585264
2022-06-03,819,7334,49941190,39592598
2022-06-04,870,5162,49942060,39597760
2022-06-05,88,586,49942148,39598346
2022-06-06,680,7008,49942828,39605354
2022-06-07,952,7852,49943780,39613206
2022-06-08,981,7911,49944761,39621117
2022-06-09,1037,8421,49945798,39629538
2022-06-10,958,8565,49946756,39638103
2022-06-11,903,6206,49947659,39644309
2022-06-12,140,768,49947799,39645077
2022-06-13,603,6308,49948402,39651385
2022-06-14,833,7908,49949235,39659293
2022-06-15,961,7858,49950196,39667151
2022-06-16,734,7405,49950930,39674556
2022-06-17,724,7252,49951654,39681808
2022-06-18,778,5597,49952432,39687405
2022-06-19,49,521,49952481,39687926
2022-06-20,587,6700,49953068,39694626
2022-06-21,741,7664,49953809,39702290
2022-06-22,779,7315,49954588,39709605
2022-06-23,650,7476,49955238,39717081
2022-06-24,644,7476,49955882,39724557
2022-06-25,835,6533,49956717,39731090
2022-06-26,129,523,49956846,39731613
2022-06-27,534,7129,49957380,39738742
2022-06-28,749,8207,49958129,39746949
2022-06-29,757,7739,49958886,39754688
2022-06-30,748,8146,49959634,39762834
2022-07-01,577,6446,49960211,39769280
2022-07-02,536,4770,49960747,39774050
2022-07-03,49,456,49960796,39774506
2022-07-04,470,6281,49961266,39780787
2022-07-05,630,8126,49961896,39788913
2022-07-06,634,7612,49962530,39796525
2022-07-07,576,8279,49963106,39804804
2022-07-08,677,8087,49963783,39812891
2022-07-09,548,6105,49964331,39818996
2022-07-10,58,533,49964389,39819529
2022-07-11,493,7645,49964882,39827174
2022-07-12,669,9031,49965551,39836205
2022-07-13,645,10068,49966196,39846273
2022-07-14,639,10229,49966835,39856502
2022-07-15,628,10676,49967463,39867178
2022-07-16,522,7215,49967985,39874393
2022-07-17,48,770,49968033,39875163
2022-07-18,496,9378,49968529,39884541
2022-07-19,576,10687,49969105,39895228
2022-07-20,582,11277,49969687,39906505
2022-07-21,633,12097,49970320,39918602
2022-07-22,584,11270,49970904,39929872
2022-07-23,381,6778,49971285,39936650
2022-07-24,76,858,49971361,39937508
2022-07-25,505,9059,49971866,39946567
2022-07-26,522,9768,49972388,39956335
2022-07-27,555,10216,49972943,39966551
2022-07-28,534,10539,49973477,39977090
2022-07-29,510,9469,49973987,39986559
2022-07-30,383,5884,49974370,39992443
2022-07-31,49,764,49974419,39993207
2022-08-01,386,6868,49974805,40000075
2022-08-02,548,7594,49975353,40007669
2022-08-03,515,7190,49975868,40014859
2022-08-04,455,7495,49976323,40022354
2022-08-05,421,6533,49976744,40028887
2022-08-06,300,3613,49977044,40032500
2022-08-07,44,563,49977088,40033063
2022-08-08,404,4891,49977492,40037954
2022-08-09,381,5317,49977873,40043271
2022-08-10,385,4818,49978258,40048089
2022-08-11,370,4806,49978628,40052895
2022-08-12,295,3721,49978923,40056616
2022-08-13,143,1600,49979066,40058216
2022-08-14,9,129,49979075,40058345
2022-08-15,1,26,49979076,40058371
2022-08-16,284,3043,49979360,40061414
2022-08-17,352,3533,49979712,40064947
2022-08-18,395,4165,49980107,40069112
2022-08-19,341,3323,49980448,40072435
2022-08-20,184,1717,49980632,40074152
2022-08-21,24,149,49980656,40074301
2022-08-22,333,2952,49980989,40077253
2022-08-23,370,3674,49981359,40080927
2022-08-24,384,3363,49981743,40084290
2022-08-25,425,3776,49982168,40088066
2022-08-26,400,3586,49982568,40091652
2022-08-27,237,1770,49982805,40093422
2022-08-28,29,267,49982834,40093689
2022-08-29,354,3161,49983188,40096850
2022-08-30,406,3676,49983594,40100526
2022-08-31,439,3734,49984033,40104260
2022-09-01,353,3119,49984386,40107379
2022-09-02,298,2894,49984684,40110273
2022-09-03,200,1692,49984884,40111965
2022-09-04,24,149,49984908,40112114
2022-09-05,187,2657,49985095,40114771
2022-09-06,307,2983,49985402,40117754
2022-09-07,541,2939,49985943,40120693
2022-09-08,293,2965,49986236,40123658
2022-09-09,308,2886,49986544,40126544
2022-09-10,228,1327,49986772,40127871
2022-09-11,23,124,49986795,40127995
2022-09-12,267,2271,49987062,40130266
2022-09-13,255,2280,49987317,40132546
2022-09-14,266,2567,49987583,40135113
2022-09-15,285,2501,49987868,40137614
2022-09-16,255,2545,49988123,40140159
2022-09-17,239,1339,49988362,40141498
2022-09-18,20,170,49988382,40141668
2022-09-19,206,1973,49988588,40143641
2022-09-20,237,2392,49988825,40146033
2022-09-21,289,2528,49989114,40148561
2022-09-22,267,2665,49989381,40151226
2022-09-23,261,2547,49989642,40153773
2022-09-24,193,1427,49989835,40155200
2022-09-25,29,133,49989864,40155333
2022-09-26,281,2250,49990145,40157583
2022-09-27,287,2680,49990432,40160263
2022-09-28,311,2905,49990743,40163168
2022-09-29,257,3051,49991000,40166219
2022-09-30,292,2987,49991292,40169206
2022-10-01,196,1515,49991488,40170721
2022-10-02,12,187,49991500,40170908
2022-10-03,186,2478,49991686,40173386
2022-10-04,236,2865,49991922,40176251
2022-10-05,233,3255,49992155,40179506
2022-10-06,244,3875,49992399,40183381
2022-10-07,285,4186,49992684,40187567
2022-10-08,206,2267,49992890,40189834
2022-10-09,8,305,49992898,40190139
2022-10-10,214,3348,49993112,40193487
2022-10-11,194,4381,49993306,40197868
2022-10-12,212,4437,49993518,40202305
2022-10-13,207,5299,49993725,40207604
2022-10-14,234,5010,49993959,40212614
2022-10-15,191,2669,49994150,40215283
2022-10-16,6,360,49994156,40215643
2022-10-17,186,3874,49994342,40219517
2022-10-18,257,4960,49994599,40224477
2022-10-19,247,5479,49994846,40229956
2022-10-20,227,5999,49995073,40235955
2022-10-21,257,5478,49995330,40241433
2022-10-22,196,2911,49995526,40244344
2022-10-23,13,364,49995539,40244708
2022-10-24,171,3931,49995710,40248639
2022-10-25,257,4927,49995967,40253566
2022-10-26,350,5505,49996317,40259071
2022-10-27,239,5679,49996556,40264750
2022-10-28,202,5265,49996758,40270015
2022-10-29,128,2844,49996886,40272859
2022-10-30,4,328,49996890,40273187
2022-10-31,118,3038,49997008,40276225
2022-11-01,11,353,49997019,40276578
2022-11-02,147,3721,49997166,40280299
2022-11-03,172,4794,49997338,40285093
2022-11-04,228,4604,49997566,40289697
2022-11-05,145,2601,49997711,40292298
2022-11-06,10,261,49997721,40292559
2022-11-07,169,3228,49997890,40295787
2022-11-08,262,4258,49998152,40300045
2022-11-09,202,4337,49998354,40304382
2022-11-10,184,4608,49998538,40308990
2022-11-11,194,4236,49998732,40313226
2022-11-12,161,2378,49998893,40315604
2022-11-13,7,338,49998900,40315942
2022-11-14,150,2844,49999050,40318786
2022-11-15,204,3754,49999254,40322540
2022-11-16,217,4004,49999471,40326544
2022-11-17,195,4116,49999666,40330660
2022-11-18,252,4050,49999918,40334710
2022-11-19,112,2088,50000030,40336798
2022-11-20,24,317,50000054,40337115
2022-11-21,119,2625,50000173,40339740
2022-11-22,140,3224,50000313,40342964
2022-11-23,191,3635,50000504,40346599
2022-11-24,158,3852,50000662,40350451
2022-11-25,185,3781,50000847,40354232
2022-11-26,135,2096,50000982,40356328
2022-11-27,22,356,50001004,40356684
2022-11-28,182,2692,50001186,40359376
2022-11-29,258,3234,50001444,40362610
2022-11-30,183,3739,50001627,40366349
2022-12-01,151,3637,50001778,40369986
2022-12-02,161,3532,50001939,40373518
2022-12-03,106,1999,50002045,40375517
2022-12-04,5,290,50002050,40375807
2022-12-05,129,2861,50002179,40378668
2022-12-06,177,3661,50002356,40382329
2022-12-07,136,3135,50002492,40385464
2022-12-08,8,169,50002500,40385633
2022-12-09,165,3035,50002665,40388668
2022-12-10,71,1602,50002736,40390270
2022-12-11,7,193,50002743,40390463
2022-12-12,172,2534,50002915,40392997
2022-12-13,253,3054,50003168,40396051
2022-12-14,231,3241,50003399,40399292
2022-12-15,208,3304,50003607,40402596
2022-12-16,164,3225,50003771,40405821
2022-12-17,95,1691,50003866,40407512
2022-12-18,10,270,50003876,40407782
2022-12-19,149,2171,50004025,40409953
2022-12-20,214,2533,50004239,40412486
2022-12-21,161,2255,50004400,40414741
2022-12-22,141,1880,50004541,40416621
2022-12-23,154,1224,50004695,40417845
2022-12-24,32,162,50004727,40418007
2022-12-25,0,6,50004727,40418013
2022-12-26,6,42,50004733,40418055
2022-12-27,132,1558,50004865,40419613
2022-12-28,138,1783,50005003,40421396
2022-12-29,92,1711,50005095,40423107
2022-12-30,117,1616,50005212,40424723
2022-12-31,21,273,50005233,40424996
2023-01-01,0,6,50005233,40425002
2023-01-02,48,1129,50005281,40426131
2023-01-03,99,1902,50005380,40428033
2023-01-04,111,2016,50005491,40430049
2023-01-05,99,1914,50005590,40431963
2023-01-06,0,70,50005590,40432033
2023-01-07,53,687,50005643,40432720
2023-01-08,2,97,50005645,40432817
2023-01-09,126,1430,50005771,40434247
2023-01-10,128,1792,50005899,40436039
2023-01-11,119,1773,50006018,40437812
2023-01-12,115,2013,50006133,40439825
2023-01-13,108,1890,50006241,40441715
2023-01-14,67,981,50006308,40442696
2023-01-15,1,67,50006309,40442763
2023-01-16,38,1157,50006347,40443920
2023-01-17,110,1308,50006457,40445228
2023-01-18,81,1429,50006538,40446657
2023-01-19,112,1611,50006650,40448268
2023-01-20,160,1410,50006810,40449678
2023-01-21,47,653,50006857,40450331
2023-01-22,2,57,50006859,40450388
2023-01-23,77,783,50006936,40451171
2023-01-24,115,1199,50007051,40452370
2023-01-25,99,1114,50007150,40453484
2023-01-26,113,1135,50007263,40454619
2023-01-27,60,1036,50007323,40455655
2023-01-28,128,491,50007451,40456146
2023-01-29,6,52,50007457,40456198
2023-01-30,61,595,50007518,40456793
2023-01-31,86,793,50007604,40457586
2023-02-01,45,291,50007649,40457877