data_somministrazione,vaccinazioni,booster,cum_vaccinazioni,cum_booster
2020-12-27,20,0,20,0
2020-12-28,2,0,22,0
2020-12-29,1,0,23,0
2020-12-30,8,0,31,0
2020-12-31,71,0,102,0
2021-01-01,23,0,125,0
2021-01-02,116,0,241,0
2021-01-03,82,0,323,0
2021-01-04,207,0,530,0
2021-01-05,243,0,773,0
2021-01-06,208,0,981,0
2021-01-07,297,0,1278,0
2021-01-08,341,0,1619,0
2021-01-09,252,0,1871,0
2021-01-10,149,0,2020,0
2021-01-11,277,0,2297,0
2021-01-12,266,0,2563,0
2021-01-13,393,0,2956,0
2021-01-14,480,0,3436,0
2021-01-15,298,0,3734,0
2021-01-16,212,0,3946,0
2021-01-17,3059,0,7005,0
2021-01-18,5210,0,12215,0
2021-01-19,1892,0,14107,0
2021-01-20,4655,0,18762,0
2021-01-21,20000,0,38762,0
2021-01-22,14205,0,52967,0
2021-01-23,33326,0,86293,0
2021-01-24,30787,0,117080,0
2021-01-25,64724,0,181804,0
2021-01-26,76495,0,258299,0
2021-01-27,64832,0,323131,0
2021-01-28,89282,0,412413,0
2021-01-29,94018,0,506431,0
2021-01-30,86562,0,592993,0
2021-01-31,57330,0,650323,0
2021-02-01,81860,0,732183,0
2021-02-02,82147,0,814330,0
2021-02-03,91192,0,905522,0
2021-02-04,95399,0,1000921,0
2021-02-05,90274,0,1091195,0
2021-02-06,63446,0,1154641,0
2021-02-07,32927,0,1187568,0
2021-02-08,40428,0,1227996,0
2021-02-09,32866,0,1260862,0
2021-02-10,28421,0,1289283,0
2021-02-11,20393,0,1309676,0
2021-02-12,16231,0,1325907,0
2021-02-13,7263,0,1333170,0
2021-02-14,2861,0,1336031,0
2021-02-15,6839,0,1342870,0
2021-02-16,6998,0,1349868,0
2021-02-17,10520,0,1360388,0
2021-02-18,9251,0,1369639,0
2021-02-19,8243,0,1377882,0
2021-02-20,5551,0,1383433,0
2021-02-21,2995,0,1386428,0
2021-02-22,6882,0,1393310,0
2021-02-23,7165,0,1400475,0
2021-02-24,9828,0,1410303,0
2021-02-25,14205,0,1424508,0
2021-02-26,17555,0,1442063,0
2021-02-27,13909,0,1455972,0
2021-02-28,9387,0,1465359,0
2021-03-01,26512,0,1491871,0
2021-03-02,33238,0,1525109,0
2021-03-03,44643,0,1569752,0
2021-03-04,50290,0,1620042,0
2021-03-05,55736,0,1675778,0
2021-03-06,41873,0,1717651,0
2021-03-07,22324,0,1739975,0
2021-03-08,50804,0,1790779,0
2021-03-09,53062,0,1843841,0
2021-03-10,58635,0,1902476,0
2021-03-11,63847,0,1966323,0
2021-03-12,65105,0,2031428,0
2021-03-13,51714,0,2083142,0
2021-03-14,35391,0,2118533,0
2021-03-15,73432,0,2191965,0
2021-03-16,74024,0,2265989,0
2021-03-17,83130,0,2349119,0
2021-03-18,81622,0,2430741,0
2021-03-19,81079,0,2511820,0
2021-03-20,64715,0,2576535,0
2021-03-21,47292,0,2623827,0
2021-03-22,69470,0,2693297,0
2021-03-23,75785,0,2769082,0
2021-03-24,90897,0,2859979,0
2021-03-25,89793,0,2949772,0
2021-03-26,83615,0,3033387,0
2021-03-27,71928,0,3105315,0
2021-03-28,44140,0,3149455,0
2021-03-29,70814,0,3220269,0
2021-03-30,81375,0,3301644,0
2021-03-31,96223,0,3397867,0
2021-04-01,95298,0,3493165,0
2021-04-02,84067,0,3577232,0
2021-04-03,64298,0,3641530,0
2021-04-04,21717,0,3663247,0
2021-04-05,40303,0,3703550,0
2021-04-06,81306,0,3784856,0
2021-04-07,95819,0,3880675,0
2021-04-08,95232,0,3975907,0
2021-04-09,88484,0,4064391,0
2021-04-10,74030,0,4138421,0
2021-04-11,44761,0,4183182,0
2021-04-12,66911,0,4250093,0
2021-04-13,72567,0,4322660,0
2021-04-14,85525,0,4408185,0
2021-04-15,105404,0,4513589,0
2021-04-16,106415,0,4620004,0
2021-04-17,90503,0,4710507,0
2021-04-18,58582,0,4769089,0
2021-04-19,93426,0,4862515,0
2021-04-20,103757,0,4966272,0
2021-04-21,125335,0,5091607,0
2021-04-22,143501,0,5235108,0
2021-04-23,138722,0,5373830,0
2021-04-24,124438,0,5498268,0
2021-04-25,61454,0,5559722,0
2021-04-26,97880,0,5657602,0
2021-04-27,128354,0,5785956,0
2021-04-28,156357,0,5942313,0
2021-04-29,195587,0,6137900,0
2021-04-30,214558,0,6352458,0
2021-05-01,174101,0,6526559,0
2021-05-02,135794,0,6662353,0
2021-05-03,142010,0,6804363,0
2021-05-04,158679,0,6963042,0
2021-05-05,170484,0,7133526,0
2021-05-06,197791,0,7331317,0
2021-05-07,213824,0,7545141,0
2021-05-08,213392,0,7758533,0
2021-05-09,143196,0,7901729,0
2021-05-10,165082,0,8066811,0
2021-05-11,174971,0,8241782,0
2021-05-12,179167,0,8420949,0
2021-05-13,203370,0,8624319,0
2021-05-14,222896,0,8847215,0
2021-05-15,210353,0,9057568,0
2021-05-16,159268,0,9216836,0
2021-05-17,219183,0,9436019,0
2021-05-18,213002,0,9649021,0
2021-05-19,207070,0,9856091,0
2021-05-20,270842,0,10126933,0
2021-05-21,270869,0,10397802,0
2021-05-22,245517,0,10643319,0
2021-05-23,197171,0,10840490,0
2021-05-24,228299,0,11068789,0
2021-05-25,245691,0,11314480,0
2021-05-26,277480,0,11591960,0
2021-05-27,311079,0,11903039,0
2021-05-28,299567,0,12202606,0
2021-05-29,231215,0,12433821,0
2021-05-30,170832,0,12604653,0
2021-05-31,216414,0,12821067,0
2021-06-01,207624,0,13028691,0
2021-06-02,115780,0,13144471,0
2021-06-03,180129,0,13324600,0
2021-06-04,184865,0,13509465,0
2021-06-05,185950,0,13695415,0
2021-06-06,139533,0,13834948,0
2021-06-07,161858,0,13996806,0
2021-06-08,171195,0,14168001,0
2021-06-09,171456,0,14339457,0
2021-06-10,174075,0,14513532,0
2021-06-11,169959,0,14683491,0
2021-06-12,128316,0,14811807,0
2021-06-13,91161,0,14902968,0
2021-06-14,214664,0,15117632,0
2021-06-15,228399,0,15346031,0
2021-06-16,253056,0,15599087,0
2021-06-17,301717,0,15900804,0
2021-06-18,306283,0,16207087,0
2021-06-19,275069,0,16482156,0
2021-06-20,220750,0,16702906,0
2021-06-21,288060,0,16990966,0
2021-06-22,296200,0,17287166,0
2021-06-23,302669,0,17589835,0
2021-06-24,332574,0,17922409,0
2021-06-25,348699,0,18271108,0
2021-06-26,300089,0,18571197,0
2021-06-27,228633,0,18799830,0
2021-06-28,307061,0,19106891,0
2021-06-29,329255,0,19436146,0
2021-06-30,342121,0,19778267,0
2021-07-01,363178,0,20141445,0
2021-07-02,368439,0,20509884,0
2021-07-03,371073,0,20880957,0
2021-07-04,283202,0,21164159,0
2021-07-05,384517,0,21548676,0
2021-07-06,385439,0,21934115,0
2021-07-07,412075,0,22346190,0
2021-07-08,479606,0,22825796,0
2021-07-09,498479,0,23324275,0
2021-07-10,475168,0,23799443,0
2021-07-11,357690,0,24157133,0
2021-07-12,485884,0,24643017,0
2021-07-13,492129,0,25135146,0
2021-07-14,480466,0,25615612,0
2021-07-15,523459,0,26139071,0
2021-07-16,509768,0,26648839,0
2021-07-17,464355,0,27113194,0
2021-07-18,364676,0,27477870,0
2021-07-19,463061,0,27940931,0
2021-07-20,458075,0,28399006,0
2021-07-21,462803,0,28861809,0
2021-07-22,475398,0,29337207,0
2021-07-23,441294,0,29778501,0
2021-07-24,386171,0,30164672,0
2021-07-25,287573,0,30452245,0
2021-07-26,430872,0,30883117,0
2021-07-27,440118,0,31323235,0
2021-07-28,391006,0,31714241,0
2021-07-29,372078,0,32086319,0
2021-07-30,341503,0,32427822,0
2021-07-31,287023,0,32714845,0
2021-08-01,191009,0,32905854,0
2021-08-02,333714,0,33239568,0
2021-08-03,323187,0,33562755,0
2021-08-04,310965,0,33873720,0
2021-08-05,292503,0,34166223,0
2021-08-06,260005,0,34426228,0
2021-08-07,199045,0,34625273,0
2021-08-08,153107,0,34778380,0
2021-08-09,234073,0,35012453,0
2021-08-10,205247,0,35217700,0
2021-08-11,193762,0,35411462,0
2021-08-12,168011,0,35579473,0
2021-08-13,148615,0,35728088,0
2021-08-14,66090,0,35794178,0
2021-08-15,26337,0,35820515,0
2021-08-16,114688,0,35935203,0
2021-08-17,129246,0,36064449,0
2021-08-18,128748,0,36193197,0
2021-08-19,124802,0,36317999,0
2021-08-20,123798,0,36441797,0
2021-08-21,83124,0,36524921,0
2021-08-22,68170,0,36593091,0
2021-08-23,176864,0,36769955,0
2021-08-24,156900,0,36926855,0
2021-08-25,177169,0,37104024,0
2021-08-26,172352,0,37276376,0
2021-08-27,185842,0,37462218,0
2021-08-28,140272,0,37602490,0
2021-08-29,98995,0,37701485,0
2021-08-30,209623,0,37911108,0
2021-08-31,194637,0,38105745,0
2021-09-01,192214,0,38297959,0
2021-09-02,189936,0,38487895,0
2021-09-03,191326,0,38679221,0
2021-09-04,131476,0,38810697,0
2021-09-05,87861,0,38898558,0
2021-09-06,193642,0,39092200,0
2021-09-07,196048,0,39288248,0
2021-09-08,187898,0,39476146,0
2021-09-09,201458,0,39677604,0
2021-09-10,198093,0,39875697,0
2021-09-11,141317,0,40017014,0
2021-09-12,89600,0,40106614,0
2021-09-13,191148,575,40297762,575
2021-09-14,177239,595,40475001,1170
2021-09-15,163107,601,40638108,1771
2021-09-16,160086,940,40798194,2711
2021-09-17,150174,1125,40948368,3836
2021-09-18,127978,746,41076346,4582
2021-09-19,81136,497,41157482,5079
2021-09-20,180079,9085,41337561,14164
2021-09-21,166647,8835,41504208,22999
2021-09-22,159084,9447,41663292,32446
2021-09-23,138078,9334,41801370,41780
2021-09-24,140540,8967,41941910,50747
2021-09-25,119554,5645,42061464,56392
2021-09-26,71963,4345,42133427,60737
2021-09-27,135652,10052,42269079,70789
2021-09-28,117500,11395,42386579,82184
2021-09-29,112352,11828,42498931,94012
2021-09-30,110239,14957,42609170,108969
2021-10-01,94982,19112,42704152,128081
2021-10-02,78491,14021,42782643,142102
2021-10-03,47744,7659,42830387,149761
2021-10-04,88376,34451,42918763,184212
2021-10-05,80371,33973,42999134,218185
2021-10-06,71988,34167,43071122,252352
2021-10-07,71855,34351,43142977,286703
2021-10-08,80631,33591,43223608,320294
2021-10-09,76101,22176,43299709,342470
2021-10-10,45776,13618,43345485,356088
2021-10-11,87428,41108,43432913,397196
2021-10-12,84497,46906,43517410,444102
2021-10-13,88192,52126,43605602,496228
2021-10-14,91536,58518,43697138,554746
2021-10-15,93598,55635,43790736,610381
2021-10-16,82970,36785,43873706,647166
2021-10-17,51468,23828,43925174,670994
2021-10-18,90302,59488,44015476,730482
2021-10-19,78344,69381,44093820,799863
2021-10-20,75073,78173,44168893,878036
2021-10-21,78297,81765,44247190,959801
2021-10-22,73785,77034,44320975,1036835
2021-10-23,60816,51961,44381791,1088796
2021-10-24,33374,23461,44415165,1112257
2021-10-25,64907,81629,44480072,1193886
2021-10-26,58370,91791,44538442,1285677
2021-10-27,58329,103976,44596771,1389653
2021-10-28,61465,114108,44658236,1503761
2021-10-29,61644,103131,44719880,1606892
2021-10-30,50673,68119,44770553,1675011
2021-10-31,25162,28293,44795715,1703304
2021-11-01,19045,28150,44814760,1731454
2021-11-02,62755,89385,44877515,1820839
2021-11-03,60729,118663,44938244,1939502
2021-11-04,59242,126668,44997486,2066170
2021-11-05,63095,135180,45060581,2201350
2021-11-06,46476,90923,45107057,2292273
2021-11-07,22252,37896,45129309,2330169
2021-11-08,51527,131271,45180836,2461440
2021-11-09,45400,144207,45226236,2605647
2021-11-10,42583,156351,45268819,2761998
2021-11-11,44933,155138,45313752,2917136
2021-11-12,46372,158578,45360124,3075714
2021-11-13,33258,116653,45393382,3192367
2021-11-14,14487,52446,45407869,3244813
2021-11-15,36895,157430,45444764,3402243
2021-11-16,30553,171375,45475317,3573618
2021-11-17,28457,178441,45503774,3752059
2021-11-18,30284,193722,45534058,3945781
2021-11-19,28806,205852,45562864,4151633
2021-11-20,20993,156440,45583857,4308073
2021-11-21,10610,64859,45594467,4372932
2021-11-22,21939,213141,45616406,4586073
2021-11-23,23577,241746,45639983,4827819
2021-11-24,27844,270947,45667827,5098766
2021-11-25,23235,301911,45691062,5400677
2021-11-26,24586,318269,45715648,5718946
2021-11-27,21381,266150,45737029,5985096
2021-11-28,9899,137059,45746928,6122155
2021-11-29,22330,326064,45769258,6448219
2021-11-30,23092,365823,45792350,6814042
2021-12-01,21523,413504,45813873,7227546
2021-12-02,23762,440378,45837635,7667924
2021-12-03,25261,467460,45862896,8135384
2021-12-04,22372,418730,45885268,8554114
2021-12-05,11927,261331,45897195,8815445
2021-12-06,25817,457578,45923012,9273023
2021-12-07,24132,480256,45947144,9753279
2021-12-08,10004,249684,45957148,10002963
2021-12-09,31581,491912,45988729,10494875
2021-12-10,28069,517869,46016798,11012744
2021-12-11,23561,459243,46040359,11471987
2021-12-12,12306,293495,46052665,11765482
2021-12-13,26153,467622,46078818,12233104
2021-12-14,25172,494193,46103990,12727297
2021-12-15,25336,517138,46129326,13244435
2021-12-16,27879,520241,46157205,13764676
2021-12-17,29365,517162,46186570,14281838
2021-12-18,27059,468715,46213629,14750553
2021-12-19,15144,300516,46228773,15051069
2021-12-20,30622,477482,46259395,15528551
2021-12-21,30374,493377,46289769,16021928
2021-12-22,29443,484704,46319212,16506632
2021-12-23,28246,426894,46347458,16933526
2021-12-24,13111,210824,46360569,17144350
2021-12-25,2101,33053,46362670,17177403
2021-12-26,8762,159069,46371432,17336472
2021-12-27,46786,504657,46418218,17841129
2021-12-28,42444,554210,46460662,18395339
2021-12-29,34341,550639,46495003,18945978
2021-12-30,31828,499820,46526831,19445798
2021-12-31,14119,247388,46540950,19693186
2022-01-01,3496,64814,46544446,19758000
2022-01-02,22763,276720,46567209,20034720
2022-01-03,47848,520009,46615057,20554729
2022-01-04,46357,572080,46661414,21126809
2022-01-05,40735,560394,46702149,21687203
2022-01-06,23477,274495,46725626,21961698
2022-01-07,63687,554192,46789313,22515890
2022-01-08,60840,503382,46850153,23019272
2022-01-09,42831,319684,46892984,23338956
2022-01-10,61063,542285,46954047,23881241
2022-01-11,61702,586985,47015749,24468226
2022-01-12,58424,581273,47074173,25049499
2022-01-13,58591,580378,47132764,25629877
2022-01-14,46776,588562,47179540,26218439
2022-01-15,39383,569934,47218923,26788373
2022-01-16,31196,341851,47250119,27130224
2022-01-17,54757,489652,47304876,27619876
2022-01-18,58377,517007,47363253,28136883
2022-01-19,57177,502779,47420430,28639662
2022-01-20,54328,498813,47474758,29138475
2022-01-21,42069,493866,47516827,29632341
2022-01-22,31169,469593,47547996,30101934
2022-01-23,34919,275360,47582915,30377294
2022-01-24,56172,437210,47639087,30814504
2022-01-25,61534,452097,47700621,31266601
2022-01-26,58528,435823,47759149,31702424
2022-01-27,48820,432356,47807969,32134780
2022-01-28,58683,436531,47866652,32571311
2022-01-29,68111,412486,47934763,32983797
2022-01-30,50365,235965,47985128,33219762
2022-01-31,60613,356927,48045741,33576689
2022-02-01,65534,328436,48111275,33905125
2022-02-02,63182,296968,48174457,34202093
2022-02-03,60047,274513,48234504,34476606
2022-02-04,72364,268452,48306868,34745058
2022-02-05,83758,248528,48390626,34993586
2022-02-06,55277,116200,48445903,35109786
2022-02-07,65132,199936,48511035,35309722
2022-02-08,66918,186107,48577953,35495829
2022-02-09,58753,166333,48636706,35662162
2022-02-10,58556,163234,48695262,35825396
2022-02-11,62236,162456,48757498,35987852
2022-02-12,71967,152138,48829465,36139990
2022-02-13,41468,68847,48870933,36208837
2022-02-14,46682,116187,48917615,36325024
2022-02-15,48519,123479,48966134,36448503
2022-02-16,45668,106115,49011802,36554618
2022-02-17,42856,98104,49054658,36652722
2022-02-18,46611,112568,49101269,36765290
2022-02-19,52522,100329,49153791,36865619
2022-02-20,31412,40359,49185203,36905978
2022-02-21,37883,89644,49223086,36995622
2022-02-22,37216,83770,49260302,37079392
2022-02-23,33386,79403,49293688,37158795
2022-02-24,32550,78158,49326238,37236953
2022-02-25,34754,90708,49360992,37327661
2022-02-26,39152,89131,49400144,37416792
2022-02-27,22540,35856,49422684,37452648
2022-02-28,28472,81686,49451156,37534334
2022-03-01,22712,53939,49473868,37588273
2022-03-02,21992,50627,49495860,37638900
2022-03-03,22606,54939,49518466,37693839
2022-03-04,23219,62791,49541685,37756630
2022-03-05,23790,57952,49565475,37814582
2022-03-06,9470,17200,49574945,37831782
2022-03-07,15907,51386,49590852,37883168
2022-03-08,15469,48793,49606321,37931961
2022-03-09,13809,46513,49620130,37978474
2022-03-10,14041,52115,49634171,38030589
2022-03-11,15578,57256,49649749,38087845
2022-03-12,15495,56614,49665244,38144459
2022-03-13,5543,16849,49670787,38161308
2022-03-14,10519,46694,49681306,38208002
2022-03-15,10536,46889,49691842,38254891
2022-03-16,9476,41975,49701318,38296866
2022-03-17,9707,44871,49711025,38341737
2022-03-18,10154,49052,49721179,38390789
2022-03-19,9146,46530,49730325,38437319
2022-03-20,2608,11700,49732933,38449019
2022-03-21,7577,40223,49740510,38489242
2022-03-22,8446,37753,49748956,38526995
2022-03-23,7208,33699,49756164,38560694
2022-03-24,8254,38797,49764418,38599491
2022-03-25,8131,43661,49772549,38643152
2022-03-26,8125,41721,49780674,38684873
2022-03-27,2429,9681,49783103,38694554
2022-03-28,6103,35233,49789206,38729787
2022-03-29,5773,32525,49794979,38762312
2022-03-30,5560,30198,49800539,38792510
2022-03-31,5887,33176,49806426,38825686
2022-04-01,4344,25188,49810770,38850874
2022-04-02,4490,23275,49815260,38874149
2022-04-03,1049,4499,49816309,38878648
2022-04-04,3654,21533,49819963,38900181
2022-04-05,3751,22925,49823714,38923106
2022-04-06,4099,21848,49827813,38944954
2022-04-07,3964,23320,49831777,38968274
2022-04-08,4688,26709,49836465,38994983
2022-04-09,4381,23883,49840846,39018866
2022-04-10,891,4614,49841737,39023480
2022-04-11,3812,22685,49845549,39046165
2022-04-12,3358,21778,49848907,39067943
2022-04-13,3561,21333,49852468,39089276
2022-04-14,3484,23781,49855952,39113057
2022-04-15,3080,20617,49859032,39133674
2022-04-16,2149,11919,49861181,39145593
2022-04-17,63,348,49861244,39145941
2022-04-18,149,650,49861393,39146591
2022-04-19,3492,21978,49864885,39168569
2022-04-20,3503,20248,49868388,39188817
2022-04-21,2842,19780,49871230,39208597
2022-04-22,2925,20696,49874155,39229293
2022-04-23,2638,16212,49876793,39245505
2022-04-24,509,2335,49877302,39247840
2022-04-25,183,1165,49877485,39249005
2022-04-26,2760,17795,49880245,39266800
2022-04-27,2371,15785,49882616,39282585
2022-04-28,2358,15553,49884974,39298138
2022-04-29,2292,14835,49887266,39312973
2022-04-30,2121,11577,49889387,39324550
2022-05-01,113,530,49889500,39325080
2022-05-02,1448,9386,49890948,39334466
2022-05-03,1574,10310,49892522,39344776
2022-05-04,1747,10258,49894269,39355034
2022-05-05,1651,10274,49895920,39365308
2022-05-06,1700,10946,49897620,39376254
2022-05-07,1431,8562,49899051,39384816
2022-05-08,404,1514,49899455,39386330
2022-05-09,1026,8918,49900481,39395248
2022-05-10,1422,9539,49901903,39404787
2022-05-11,1482,10091,49903385,39414878
2022-05-12,1368,10119,49904753,39424997
2022-05-13,1588,10511,49906341,39435508
2022-05-14,1356,8228,49907697,39443736
2022-05-15,336,1129,49908033,39444865
2022-05-16,811,8392,49908844,39453257
2022-05-17,1242,8673,49910086,39461930
2022-05-18,1372,9221,49911458,39471151
2022-05-19,1500,9269,49912958,39480420
2022-05-20,1420,9495,49914378,39489915
2022-05-21,1299,7892,49915677,39497807
2022-05-22,231,1012,49915908,39498819
2022-05-23,828,8261,49916736,39507080
2022-05-24,1070,8666,49917806,39515746
2022-05-25,1367,9446,49919173,39525192
2022-05-26,1193,9455,49920366,39534647
2022-05-27,1226,9910,49921592,39544557
2022-05-28,1202,7873,49922794,39552430
2022-05-29,285,1264,49923079,39553694
2022-05-30,930,8028,49924009,39561722
2022-05-31,1033,8532,49925042,39570254
2022-06-01,891,7644,49925933,39577898
2022-06-02,35,474,49925968,39578372
2022-06-03,816,7327,49926784,39585699
2022-06-04,870,5155,49927654,39590854
2022-06-05,89,586,49927743,39591440
2022-06-06,675,6984,49928418,39598424
2022-06-07,931,7842,49929349,39606266
2022-06-08,982,7900,49930331,39614166
2022-06-09,1036,8400,49931367,39622566
2022-06-10,957,8552,49932324,39631118
2022-06-11,900,6206,49933224,39637324
2022-06-12,140,767,49933364,39638091
2022-06-13,603,6295,49933967,39644386
2022-06-14,826,7882,49934793,39652268
2022-06-15,954,7843,49935747,39660111
2022-06-16,729,7389,49936476,39667500
2022-06-17,720,7240,49937196,39674740
2022-06-18,777,5588,49937973,39680328
2022-06-19,47,522,49938020,39680850
2022-06-20,588,6694,49938608,39687544
2022-06-21,733,7652,49939341,39695196
2022-06-22,780,7305,49940121,39702501
2022-06-23,651,7459,49940772,39709960
2022-06-24,642,7473,49941414,39717433
2022-06-25,835,6532,49942249,39723965
2022-06-26,128,523,49942377,39724488
2022-06-27,532,7120,49942909,39731608
2022-06-28,745,8193,49943654,39739801
2022-06-29,755,7719,49944409,39747520
2022-06-30,744,8132,49945153,39755652
2022-07-01,576,6438,49945729,39762090
2022-07-02,536,4766,49946265,39766856
2022-07-03,49,456,49946314,39767312
2022-07-04,470,6274,49946784,39773586
2022-07-05,628,8112,49947412,39781698
2022-07-06,630,7606,49948042,39789304
2022-07-07,568,8261,49948610,39797565
2022-07-08,670,8078,49949280,39805643
2022-07-09,549,6103,49949829,39811746
2022-07-10,58,533,49949887,39812279
2022-07-11,487,7638,49950374,39819917
2022-07-12,664,9026,49951038,39828943
2022-07-13,639,10060,49951677,39839003
2022-07-14,636,10219,49952313,39849222
2022-07-15,623,10664,49952936,39859886
2022-07-16,522,7209,49953458,39867095
2022-07-17,48,769,49953506,39867864
2022-07-18,497,9350,49954003,39877214
2022-07-19,574,10652,49954577,39887866
2022-07-20,576,11258,49955153,39899124
2022-07-21,625,12039,49955778,39911163
2022-07-22,581,11227,49956359,39922390
2022-07-23,379,6743,49956738,39929133
2022-07-24,76,834,49956814,39929967
2022-07-25,501,9033,49957315,39939000
2022-07-26,519,9725,49957834,39948725
2022-07-27,549,10155,49958383,39958880
2022-07-28,527,10482,49958910,39969362
2022-07-29,510,9423,49959420,39978785
2022-07-30,380,5853,49959800,39984638
2022-07-31,49,745,49959849,39985383
2022-08-01,386,6823,49960235,39992206
2022-08-02,539,7518,49960774,39999724
2022-08-03,511,7143,49961285,40006867
2022-08-04,452,7427,49961737,40014294
2022-08-05,417,6485,49962154,40020779
2022-08-06,298,3581,49962452,40024360
2022-08-07,44,551,49962496,40024911
2022-08-08,401,4874,49962897,40029785
2022-08-09,383,5267,49963280,40035052
2022-08-10,375,4788,49963655,40039840
2022-08-11,364,4756,49964019,40044596
2022-08-12,288,3700,49964307,40048296
2022-08-13,143,1596,49964450,40049892
2022-08-14,9,128,49964459,40050020
2022-08-15,1,26,49964460,40050046
2022-08-16,282,3026,49964742,40053072
2022-08-17,351,3513,49965093,40056585
2022-08-18,388,4142,49965481,40060727
2022-08-19,339,3306,49965820,40064033
2022-08-20,182,1711,49966002,40065744
2022-08-21,24,146,49966026,40065890
2022-08-22,329,2935,49966355,40068825
2022-08-23,371,3647,49966726,40072472
2022-08-24,381,3332,49967107,40075804
2022-08-25,419,3730,49967526,40079534
2022-08-26,394,3545,49967920,40083079
2022-08-27,234,1767,49968154,40084846
2022-08-28,29,260,49968183,40085106
2022-08-29,353,3136,49968536,40088242
2022-08-30,400,3636,49968936,40091878
2022-08-31,432,3700,49969368,40095578
2022-09-01,352,3065,49969720,40098643
2022-09-02,291,2867,49970011,40101510
2022-09-03,199,1683,49970210,40103193
2022-09-04,22,147,49970232,40103340
2022-09-05,186,2623,49970418,40105963
2022-09-06,301,2959,49970719,40108922
2022-09-07,538,2907,49971257,40111829
2022-09-08,286,2935,49971543,40114764
2022-09-09,297,2846,49971840,40117610
2022-09-10,227,1324,49972067,40118934
2022-09-11,21,123,49972088,40119057
2022-09-12,264,2206,49972352,40121263
2022-09-13,245,2242,49972597,40123505
2022-09-14,258,2528,49972855,40126033
2022-09-15,275,2443,49973130,40128476
2022-09-16,249,2477,49973379,40130953
2022-09-17,237,1317,49973616,40132270
2022-09-18,19,170,49973635,40132440
2022-09-19,206,1962,49973841,40134402
2022-09-20,232,2361,49974073,40136763
2022-09-21,287,2492,49974360,40139255
2022-09-22,254,2552,49974614,40141807
2022-09-23,241,2240,49974855,40144047
2022-09-24,195,1400,49975050,40145447
2022-09-25,28,133,49975078,40145580
2022-09-26,267,2204,49975345,40147784
2022-09-27,279,2546,49975624,40150330
2022-09-28,304,2481,49975928,40152811