data_somministrazione,vaccinazioni,booster,cum_vaccinazioni,cum_booster
2020-12-27,20,0,20,0
2020-12-28,2,0,22,0
2020-12-29,1,0,23,0
2020-12-30,9,0,32,0
2020-12-31,73,0,105,0
2021-01-01,23,0,128,0
2021-01-02,127,0,255,0
2021-01-03,93,0,348,0
2021-01-04,219,0,567,0
2021-01-05,256,0,823,0
2021-01-06,225,0,1048,0
2021-01-07,306,0,1354,0
2021-01-08,353,0,1707,0
2021-01-09,265,0,1972,0
2021-01-10,159,0,2131,0
2021-01-11,289,0,2420,0
2021-01-12,275,0,2695,0
2021-01-13,404,0,3099,0
2021-01-14,488,0,3587,0
2021-01-15,305,0,3892,0
2021-01-16,214,0,4106,0
2021-01-17,3060,0,7166,0
2021-01-18,5215,0,12381,0
2021-01-19,1893,0,14274,0
2021-01-20,4657,0,18931,0
2021-01-21,20005,0,38936,0
2021-01-22,14220,0,53156,0
2021-01-23,33328,0,86484,0
2021-01-24,30783,0,117267,0
2021-01-25,64722,0,181989,0
2021-01-26,76489,0,258478,0
2021-01-27,64825,0,323303,0
2021-01-28,89270,0,412573,0
2021-01-29,94019,0,506592,0
2021-01-30,86554,0,593146,0
2021-01-31,57329,0,650475,0
2021-02-01,81853,0,732328,0
2021-02-02,82140,0,814468,0
2021-02-03,91115,0,905583,0
2021-02-04,95394,0,1000977,0
2021-02-05,90272,0,1091249,0
2021-02-06,63449,0,1154698,0
2021-02-07,32932,0,1187630,0
2021-02-08,40423,0,1228053,0
2021-02-09,32870,0,1260923,0
2021-02-10,28428,0,1289351,0
2021-02-11,20403,0,1309754,0
2021-02-12,16239,0,1325993,0
2021-02-13,7273,0,1333266,0
2021-02-14,2862,0,1336128,0
2021-02-15,6842,0,1342970,0
2021-02-16,7002,0,1349972,0
2021-02-17,10525,0,1360497,0
2021-02-18,9252,0,1369749,0
2021-02-19,8250,0,1377999,0
2021-02-20,5567,0,1383566,0
2021-02-21,3003,0,1386569,0
2021-02-22,6884,0,1393453,0
2021-02-23,7178,0,1400631,0
2021-02-24,9808,0,1410439,0
2021-02-25,14211,0,1424650,0
2021-02-26,17554,0,1442204,0
2021-02-27,13914,0,1456118,0
2021-02-28,9389,0,1465507,0
2021-03-01,26519,0,1492026,0
2021-03-02,33244,0,1525270,0
2021-03-03,44649,0,1569919,0
2021-03-04,50292,0,1620211,0
2021-03-05,55734,0,1675945,0
2021-03-06,41871,0,1717816,0
2021-03-07,22322,0,1740138,0
2021-03-08,50823,0,1790961,0
2021-03-09,53076,0,1844037,0
2021-03-10,58656,0,1902693,0
2021-03-11,63869,0,1966562,0
2021-03-12,65112,0,2031674,0
2021-03-13,51724,0,2083398,0
2021-03-14,35402,0,2118800,0
2021-03-15,73446,0,2192246,0
2021-03-16,74026,0,2266272,0
2021-03-17,83129,0,2349401,0
2021-03-18,81629,0,2431030,0
2021-03-19,81084,0,2512114,0
2021-03-20,64725,0,2576839,0
2021-03-21,47302,0,2624141,0
2021-03-22,69485,0,2693626,0
2021-03-23,75804,0,2769430,0
2021-03-24,90917,0,2860347,0
2021-03-25,89810,0,2950157,0
2021-03-26,83629,0,3033786,0
2021-03-27,71946,0,3105732,0
2021-03-28,44148,0,3149880,0
2021-03-29,70830,0,3220710,0
2021-03-30,81391,0,3302101,0
2021-03-31,96242,0,3398343,0
2021-04-01,95311,0,3493654,0
2021-04-02,84075,0,3577729,0
2021-04-03,64305,0,3642034,0
2021-04-04,21718,0,3663752,0
2021-04-05,40315,0,3704067,0
2021-04-06,81323,0,3785390,0
2021-04-07,95834,0,3881224,0
2021-04-08,95243,0,3976467,0
2021-04-09,88493,0,4064960,0
2021-04-10,74032,0,4138992,0
2021-04-11,44766,0,4183758,0
2021-04-12,66918,0,4250676,0
2021-04-13,72580,0,4323256,0
2021-04-14,85544,0,4408800,0
2021-04-15,105415,0,4514215,0
2021-04-16,106420,0,4620635,0
2021-04-17,90517,0,4711152,0
2021-04-18,58595,0,4769747,0
2021-04-19,93432,0,4863179,0
2021-04-20,103771,0,4966950,0
2021-04-21,125342,0,5092292,0
2021-04-22,143521,0,5235813,0
2021-04-23,138745,0,5374558,0
2021-04-24,124445,0,5499003,0
2021-04-25,61458,0,5560461,0
2021-04-26,97893,0,5658354,0
2021-04-27,128360,0,5786714,0
2021-04-28,156375,0,5943089,0
2021-04-29,195596,0,6138685,0
2021-04-30,214586,0,6353271,0
2021-05-01,174122,0,6527393,0
2021-05-02,135803,0,6663196,0
2021-05-03,142048,0,6805244,0
2021-05-04,158695,0,6963939,0
2021-05-05,170508,0,7134447,0
2021-05-06,197810,0,7332257,0
2021-05-07,213851,0,7546108,0
2021-05-08,213418,0,7759526,0
2021-05-09,143204,0,7902730,0
2021-05-10,165084,0,8067814,0
2021-05-11,174990,0,8242804,0
2021-05-12,179190,0,8421994,0
2021-05-13,203395,0,8625389,0
2021-05-14,222923,0,8848312,0
2021-05-15,210375,0,9058687,0
2021-05-16,159280,0,9217967,0
2021-05-17,219205,0,9437172,0
2021-05-18,213023,0,9650195,0
2021-05-19,207089,0,9857284,0
2021-05-20,270870,0,10128154,0
2021-05-21,270896,0,10399050,0
2021-05-22,245528,0,10644578,0
2021-05-23,197183,0,10841761,0
2021-05-24,228310,0,11070071,0
2021-05-25,245697,0,11315768,0
2021-05-26,277509,0,11593277,0
2021-05-27,311088,0,11904365,0
2021-05-28,299575,0,12203940,0
2021-05-29,231230,0,12435170,0
2021-05-30,170843,0,12606013,0
2021-05-31,216428,0,12822441,0
2021-06-01,207638,0,13030079,0
2021-06-02,115805,0,13145884,0
2021-06-03,180155,0,13326039,0
2021-06-04,184890,0,13510929,0
2021-06-05,185970,0,13696899,0
2021-06-06,139556,0,13836455,0
2021-06-07,161883,0,13998338,0
2021-06-08,171239,0,14169577,0
2021-06-09,171494,0,14341071,0
2021-06-10,174118,0,14515189,0
2021-06-11,169996,0,14685185,0
2021-06-12,128340,0,14813525,0
2021-06-13,91198,0,14904723,0
2021-06-14,214691,0,15119414,0
2021-06-15,228429,0,15347843,0
2021-06-16,253085,0,15600928,0
2021-06-17,301740,0,15902668,0
2021-06-18,306303,0,16208971,0
2021-06-19,275098,0,16484069,0
2021-06-20,220798,0,16704867,0
2021-06-21,288075,0,16992942,0
2021-06-22,296230,0,17289172,0
2021-06-23,302694,0,17591866,0
2021-06-24,332615,0,17924481,0
2021-06-25,348715,0,18273196,0
2021-06-26,300128,0,18573324,0
2021-06-27,228676,0,18802000,0
2021-06-28,307104,0,19109104,0
2021-06-29,329303,0,19438407,0
2021-06-30,342173,0,19780580,0
2021-07-01,363227,0,20143807,0
2021-07-02,368483,0,20512290,0
2021-07-03,371098,0,20883388,0
2021-07-04,283218,0,21166606,0
2021-07-05,384548,0,21551154,0
2021-07-06,385480,0,21936634,0
2021-07-07,412118,0,22348752,0
2021-07-08,479601,0,22828353,0
2021-07-09,498483,0,23326836,0
2021-07-10,475179,0,23802015,0
2021-07-11,357701,0,24159716,0
2021-07-12,485897,0,24645613,0
2021-07-13,492111,0,25137724,0
2021-07-14,480457,0,25618181,0
2021-07-15,523451,0,26141632,0
2021-07-16,509763,0,26651395,0
2021-07-17,464337,0,27115732,0
2021-07-18,364651,0,27480383,0
2021-07-19,463051,0,27943434,0
2021-07-20,458060,0,28401494,0
2021-07-21,462798,0,28864292,0
2021-07-22,475389,0,29339681,0
2021-07-23,441328,0,29781009,0
2021-07-24,386162,0,30167171,0
2021-07-25,287555,0,30454726,0
2021-07-26,430884,0,30885610,0
2021-07-27,440131,0,31325741,0
2021-07-28,391013,0,31716754,0
2021-07-29,372081,0,32088835,0
2021-07-30,341514,0,32430349,0
2021-07-31,287036,0,32717385,0
2021-08-01,191003,0,32908388,0
2021-08-02,333705,0,33242093,0
2021-08-03,323198,0,33565291,0
2021-08-04,310978,0,33876269,0
2021-08-05,292496,0,34168765,0
2021-08-06,260016,0,34428781,0
2021-08-07,199055,0,34627836,0
2021-08-08,153108,0,34780944,0
2021-08-09,234078,0,35015022,0
2021-08-10,205260,0,35220282,0
2021-08-11,193780,0,35414062,0
2021-08-12,168038,0,35582100,0
2021-08-13,148638,0,35730738,0
2021-08-14,66095,0,35796833,0
2021-08-15,26338,0,35823171,0
2021-08-16,114704,0,35937875,0
2021-08-17,129252,0,36067127,0
2021-08-18,128752,0,36195879,0
2021-08-19,124826,0,36320705,0
2021-08-20,123788,0,36444493,0
2021-08-21,83127,0,36527620,0
2021-08-22,68172,0,36595792,0
2021-08-23,176872,0,36772664,0
2021-08-24,156898,0,36929562,0
2021-08-25,177171,0,37106733,0
2021-08-26,172367,0,37279100,0
2021-08-27,185836,0,37464936,0
2021-08-28,140282,0,37605218,0
2021-08-29,98993,0,37704211,0
2021-08-30,209600,0,37913811,0
2021-08-31,194643,0,38108454,0
2021-09-01,192208,0,38300662,0
2021-09-02,189928,0,38490590,0
2021-09-03,191295,0,38681885,0
2021-09-04,131466,0,38813351,0
2021-09-05,87853,0,38901204,0
2021-09-06,193625,0,39094829,0
2021-09-07,196034,0,39290863,0
2021-09-08,187883,0,39478746,0
2021-09-09,201446,0,39680192,0
2021-09-10,198076,0,39878268,0
2021-09-11,141294,0,40019562,0
2021-09-12,89597,0,40109159,0
2021-09-13,191123,609,40300282,609
2021-09-14,177226,621,40477508,1230
2021-09-15,163096,622,40640604,1852
2021-09-16,160072,965,40800676,2817
2021-09-17,150174,1142,40950850,3959
2021-09-18,127983,757,41078833,4716
2021-09-19,81138,502,41159971,5218
2021-09-20,180072,9107,41340043,14325
2021-09-21,166656,8847,41506699,23172
2021-09-22,159098,9448,41665797,32620
2021-09-23,138084,9343,41803881,41963
2021-09-24,140550,8984,41944431,50947
2021-09-25,119560,5656,42063991,56603
2021-09-26,71977,4351,42135968,60954
2021-09-27,135663,10066,42271631,71020
2021-09-28,117511,11409,42389142,82429
2021-09-29,112355,11841,42501497,94270
2021-09-30,110265,14966,42611762,109236
2021-10-01,94992,19122,42706754,128358
2021-10-02,78512,14031,42785266,142389
2021-10-03,47750,7665,42833016,150054
2021-10-04,88383,34467,42921399,184521
2021-10-05,80376,33997,43001775,218518
2021-10-06,71997,34187,43073772,252705
2021-10-07,71868,34362,43145640,287067
2021-10-08,80631,33607,43226271,320674
2021-10-09,76108,22184,43302379,342858
2021-10-10,45781,13624,43348160,356482
2021-10-11,87441,41121,43435601,397603
2021-10-12,84506,46921,43520107,444524
2021-10-13,88205,52138,43608312,496662
2021-10-14,91548,58540,43699860,555202
2021-10-15,93592,55655,43793452,610857
2021-10-16,82971,36806,43876423,647663
2021-10-17,51462,23845,43927885,671508
2021-10-18,90303,59502,44018188,731010
2021-10-19,78348,69396,44096536,800406
2021-10-20,75070,78193,44171606,878599
2021-10-21,78302,81779,44249908,960378
2021-10-22,73782,77058,44323690,1037436
2021-10-23,60831,51966,44384521,1089402
2021-10-24,33373,23471,44417894,1112873
2021-10-25,64910,81644,44482804,1194517
2021-10-26,58376,91817,44541180,1286334
2021-10-27,58331,104012,44599511,1390346
2021-10-28,61455,114135,44660966,1504481
2021-10-29,61638,103159,44722604,1607640
2021-10-30,50674,68132,44773278,1675772
2021-10-31,25161,28303,44798439,1704075
2021-11-01,19048,28156,44817487,1732231
2021-11-02,62742,89420,44880229,1821651
2021-11-03,60728,118677,44940957,1940328
2021-11-04,59246,126681,45000203,2067009
2021-11-05,63095,135206,45063298,2202215
2021-11-06,46482,90934,45109780,2293149
2021-11-07,22253,37900,45132033,2331049
2021-11-08,51530,131282,45183563,2462331
2021-11-09,45399,144222,45228962,2606553
2021-11-10,42591,156360,45271553,2762913
2021-11-11,44932,155156,45316485,2918069
2021-11-12,46318,158654,45362803,3076723
2021-11-13,33263,116664,45396066,3193387
2021-11-14,14492,52456,45410558,3245843
2021-11-15,36909,157439,45447467,3403282
2021-11-16,30562,171394,45478029,3574676
2021-11-17,28468,178448,45506497,3753124
2021-11-18,30289,193741,45536786,3946865
2021-11-19,28812,205871,45565598,4152736
2021-11-20,21003,156453,45586601,4309189
2021-11-21,10612,64863,45597213,4374052
2021-11-22,21946,213162,45619159,4587214
2021-11-23,23591,241760,45642750,4828974
2021-11-24,27796,271024,45670546,5099998
2021-11-25,23247,301930,45693793,5401928
2021-11-26,24590,318285,45718383,5720213
2021-11-27,21390,266163,45739773,5986376
2021-11-28,9903,137063,45749676,6123439
2021-11-29,22348,326074,45772024,6449513
2021-11-30,23105,365846,45795129,6815359
2021-12-01,21530,413511,45816659,7228870
2021-12-02,23776,440423,45840435,7669293
2021-12-03,25269,467498,45865704,8136791
2021-12-04,22382,418783,45888086,8555574
2021-12-05,11937,261356,45900023,8816930
2021-12-06,25831,457617,45925854,9274547
2021-12-07,24153,480283,45950007,9754830
2021-12-08,10019,249710,45960026,10004540
2021-12-09,31606,491947,45991632,10496487
2021-12-10,28082,517910,46019714,11014397
2021-12-11,23581,459262,46043295,11473659
2021-12-12,12312,293517,46055607,11767176
2021-12-13,26167,467641,46081774,12234817
2021-12-14,25188,494219,46106962,12729036
2021-12-15,25354,517173,46132316,13246209
2021-12-16,27901,520284,46160217,13766493
2021-12-17,29377,517197,46189594,14283690
2021-12-18,27080,468756,46216674,14752446
2021-12-19,15161,300537,46231835,15052983
2021-12-20,30648,477497,46262483,15530480
2021-12-21,30403,493407,46292886,16023887
2021-12-22,29469,484729,46322355,16508616
2021-12-23,28266,426927,46350621,16935543
2021-12-24,13118,210835,46363739,17146378
2021-12-25,2103,33053,46365842,17179431
2021-12-26,8770,159074,46374612,17338505
2021-12-27,46820,504674,46421432,17843179
2021-12-28,42484,554230,46463916,18397409
2021-12-29,34372,550661,46498288,18948070
2021-12-30,31863,499844,46530151,19447914
2021-12-31,14131,247398,46544282,19695312
2022-01-01,3499,64815,46547781,19760127
2022-01-02,22797,276724,46570578,20036851
2022-01-03,47894,520023,46618472,20556874
2022-01-04,46417,572095,46664889,21128969
2022-01-05,40790,560402,46705679,21689371
2022-01-06,23511,274489,46729190,21963860
2022-01-07,63743,554201,46792933,22518061
2022-01-08,60905,503404,46853838,23021465
2022-01-09,42899,319688,46896737,23341153
2022-01-10,61126,542297,46957863,23883450
2022-01-11,61775,586999,47019638,24470449
2022-01-12,58494,581281,47078132,25051730
2022-01-13,58649,580395,47136781,25632125
2022-01-14,46858,588579,47183639,26220704
2022-01-15,39469,569948,47223108,26790652
2022-01-16,31266,341868,47254374,27132520
2022-01-17,54810,489667,47309184,27622187
2022-01-18,58429,517024,47367613,28139211
2022-01-19,57234,502796,47424847,28642007
2022-01-20,54366,498827,47479213,29140834
2022-01-21,42123,493878,47521336,29634712
2022-01-22,31234,469598,47552570,30104310
2022-01-23,34952,275375,47587522,30379685
2022-01-24,56197,437230,47643719,30816915
2022-01-25,61570,452115,47705289,31269030
2022-01-26,58565,435835,47763854,31704865
2022-01-27,48854,432381,47812708,32137246
2022-01-28,58717,436544,47871425,32573790
2022-01-29,68154,412499,47939579,32986289
2022-01-30,50395,235968,47989974,33222257
2022-01-31,60653,356938,48050627,33579195
2022-02-01,65573,328448,48116200,33907643
2022-02-02,63215,296979,48179415,34204622
2022-02-03,60066,274520,48239481,34479142
2022-02-04,72390,268459,48311871,34747601
2022-02-05,83789,248537,48395660,34996138
2022-02-06,55299,116204,48450959,35112342
2022-02-07,65160,199939,48516119,35312281
2022-02-08,66932,186115,48583051,35498396
2022-02-09,58764,166336,48641815,35664732
2022-02-10,58585,163239,48700400,35827971
2022-02-11,62257,162465,48762657,35990436
2022-02-12,71985,152144,48834642,36142580
2022-02-13,41475,68852,48876117,36211432
2022-02-14,46695,116187,48922812,36327619
2022-02-15,48541,123479,48971353,36451098
2022-02-16,45677,106122,49017030,36557220
2022-02-17,42863,98112,49059893,36655332
2022-02-18,46624,112574,49106517,36767906
2022-02-19,52540,100333,49159057,36868239
2022-02-20,31409,40366,49190466,36908605
2022-02-21,37887,89651,49228353,36998256
2022-02-22,37223,83775,49265576,37082031
2022-02-23,33396,79409,49298972,37161440
2022-02-24,32555,78161,49331527,37239601
2022-02-25,34761,90710,49366288,37330311
2022-02-26,39158,89134,49405446,37419445
2022-02-27,22545,35857,49427991,37455302
2022-02-28,28481,81690,49456472,37536992
2022-03-01,22722,53940,49479194,37590932
2022-03-02,21949,50680,49501143,37641612
2022-03-03,22620,54947,49523763,37696559
2022-03-04,23234,62798,49546997,37759357
2022-03-05,23797,57951,49570794,37817308
2022-03-06,9471,17201,49580265,37834509
2022-03-07,15916,51388,49596181,37885897
2022-03-08,15477,48796,49611658,37934693
2022-03-09,13812,46518,49625470,37981211
2022-03-10,14049,52119,49639519,38033330
2022-03-11,15583,57264,49655102,38090594
2022-03-12,15504,56618,49670606,38147212
2022-03-13,5544,16850,49676150,38164062
2022-03-14,10525,46698,49686675,38210760
2022-03-15,10546,46893,49697221,38257653
2022-03-16,9480,41973,49706701,38299626
2022-03-17,9717,44872,49716418,38344498
2022-03-18,10158,49056,49726576,38393554
2022-03-19,9149,46534,49735725,38440088
2022-03-20,2609,11702,49738334,38451790
2022-03-21,7579,40224,49745913,38492014
2022-03-22,8448,37758,49754361,38529772
2022-03-23,7213,33700,49761574,38563472
2022-03-24,8258,38803,49769832,38602275
2022-03-25,8138,43665,49777970,38645940
2022-03-26,8124,41721,49786094,38687661
2022-03-27,2430,9681,49788524,38697342
2022-03-28,6108,35238,49794632,38732580
2022-03-29,5777,32527,49800409,38765107
2022-03-30,5566,30202,49805975,38795309
2022-03-31,5895,33181,49811870,38828490
2022-04-01,4348,25188,49816218,38853678
2022-04-02,4493,23273,49820711,38876951
2022-04-03,1049,4500,49821760,38881451
2022-04-04,3656,21538,49825416,38902989
2022-04-05,3756,22931,49829172,38925920
2022-04-06,4102,21853,49833274,38947773
2022-04-07,3965,23320,49837239,38971093
2022-04-08,4692,26712,49841931,38997805
2022-04-09,4382,23885,49846313,39021690
2022-04-10,891,4614,49847204,39026304
2022-04-11,3815,22685,49851019,39048989
2022-04-12,3363,21777,49854382,39070766
2022-04-13,3566,21334,49857948,39092100
2022-04-14,3486,23786,49861434,39115886
2022-04-15,3084,20617,49864518,39136503
2022-04-16,2149,11918,49866667,39148421
2022-04-17,63,348,49866730,39148769
2022-04-18,151,650,49866881,39149419
2022-04-19,3500,21979,49870381,39171398
2022-04-20,3510,20250,49873891,39191648
2022-04-21,2847,19785,49876738,39211433
2022-04-22,2927,20702,49879665,39232135
2022-04-23,2644,16218,49882309,39248353
2022-04-24,509,2334,49882818,39250687
2022-04-25,183,1165,49883001,39251852
2022-04-26,2759,17803,49885760,39269655
2022-04-27,2374,15792,49888134,39285447
2022-04-28,2358,15558,49890492,39301005
2022-04-29,2293,14843,49892785,39315848
2022-04-30,2123,11580,49894908,39327428
2022-05-01,113,531,49895021,39327959
2022-05-02,1450,9391,49896471,39337350
2022-05-03,1576,10318,49898047,39347668
2022-05-04,1746,10264,49899793,39357932
2022-05-05,1653,10284,49901446,39368216
2022-05-06,1702,10955,49903148,39379171
2022-05-07,1431,8566,49904579,39387737
2022-05-08,416,1519,49904995,39389256
2022-05-09,1027,8928,49906022,39398184
2022-05-10,1422,9545,49907444,39407729
2022-05-11,1483,10098,49908927,39417827
2022-05-12,1370,10131,49910297,39427958
2022-05-13,1594,10517,49911891,39438475
2022-05-14,1357,8234,49913248,39446709
2022-05-15,336,1131,49913584,39447840
2022-05-16,813,8405,49914397,39456245
2022-05-17,1243,8696,49915640,39464941
2022-05-18,1373,9230,49917013,39474171
2022-05-19,1500,9277,49918513,39483448
2022-05-20,1421,9514,49919934,39492962
2022-05-21,1300,7899,49921234,39500861
2022-05-22,231,1013,49921465,39501874
2022-05-23,830,8267,49922295,39510141
2022-05-24,1073,8672,49923368,39518813
2022-05-25,1369,9459,49924737,39528272
2022-05-26,1195,9471,49925932,39537743
2022-05-27,1232,9912,49927164,39547655
2022-05-28,1205,7885,49928369,39555540
2022-05-29,286,1266,49928655,39556806
2022-05-30,931,8054,49929586,39564860
2022-05-31,1036,8544,49930622,39573404
2022-06-01,891,7655,49931513,39581059
2022-06-02,35,474,49931548,39581533
2022-06-03,818,7331,49932366,39588864
2022-06-04,870,5162,49933236,39594026
2022-06-05,89,586,49933325,39594612
2022-06-06,678,6991,49934003,39601603
2022-06-07,951,7847,49934954,39609450
2022-06-08,982,7908,49935936,39617358
2022-06-09,1037,8412,49936973,39625770
2022-06-10,958,8564,49937931,39634334
2022-06-11,903,6206,49938834,39640540
2022-06-12,140,768,49938974,39641308
2022-06-13,602,6301,49939576,39647609
2022-06-14,827,7896,49940403,39655505
2022-06-15,955,7851,49941358,39663356
2022-06-16,730,7393,49942088,39670749
2022-06-17,723,7243,49942811,39677992
2022-06-18,777,5593,49943588,39683585
2022-06-19,47,522,49943635,39684107
2022-06-20,587,6698,49944222,39690805
2022-06-21,736,7665,49944958,39698470
2022-06-22,780,7308,49945738,39705778
2022-06-23,651,7465,49946389,39713243
2022-06-24,644,7474,49947033,39720717
2022-06-25,835,6534,49947868,39727251
2022-06-26,128,523,49947996,39727774
2022-06-27,532,7123,49948528,39734897
2022-06-28,745,8206,49949273,39743103
2022-06-29,756,7728,49950029,39750831
2022-06-30,746,8143,49950775,39758974
2022-07-01,577,6443,49951352,39765417
2022-07-02,536,4769,49951888,39770186
2022-07-03,49,456,49951937,39770642
2022-07-04,469,6277,49952406,39776919
2022-07-05,628,8117,49953034,39785036
2022-07-06,633,7610,49953667,39792646
2022-07-07,571,8269,49954238,39800915
2022-07-08,673,8081,49954911,39808996
2022-07-09,550,6104,49955461,39815100
2022-07-10,58,533,49955519,39815633
2022-07-11,487,7640,49956006,39823273
2022-07-12,667,9027,49956673,39832300
2022-07-13,641,10067,49957314,39842367
2022-07-14,636,10225,49957950,39852592
2022-07-15,625,10666,49958575,39863258
2022-07-16,522,7214,49959097,39870472
2022-07-17,48,770,49959145,39871242
2022-07-18,497,9369,49959642,39880611
2022-07-19,573,10682,49960215,39891293
2022-07-20,580,11271,49960795,39902564
2022-07-21,627,12086,49961422,39914650
2022-07-22,583,11256,49962005,39925906
2022-07-23,379,6771,49962384,39932677
2022-07-24,76,857,49962460,39933534
2022-07-25,503,9052,49962963,39942586
2022-07-26,519,9758,49963482,39952344
2022-07-27,550,10200,49964032,39962544
2022-07-28,530,10528,49964562,39973072
2022-07-29,510,9465,49965072,39982537
2022-07-30,382,5881,49965454,39988418
2022-07-31,49,764,49965503,39989182
2022-08-01,386,6864,49965889,39996046
2022-08-02,539,7583,49966428,40003629
2022-08-03,513,7174,49966941,40010803
2022-08-04,455,7489,49967396,40018292
2022-08-05,420,6520,49967816,40024812
2022-08-06,298,3611,49968114,40028423
2022-08-07,44,562,49968158,40028985
2022-08-08,402,4893,49968560,40033878
2022-08-09,382,5307,49968942,40039185
2022-08-10,381,4814,49969323,40043999
2022-08-11,366,4777,49969689,40048776
2022-08-12,292,3721,49969981,40052497
2022-08-13,143,1600,49970124,40054097
2022-08-14,9,129,49970133,40054226
2022-08-15,1,26,49970134,40054252
2022-08-16,283,3043,49970417,40057295
2022-08-17,352,3536,49970769,40060831
2022-08-18,389,4159,49971158,40064990
2022-08-19,341,3318,49971499,40068308
2022-08-20,183,1714,49971682,40070022
2022-08-21,24,149,49971706,40070171
2022-08-22,329,2950,49972035,40073121
2022-08-23,370,3672,49972405,40076793
2022-08-24,383,3358,49972788,40080151
2022-08-25,421,3772,49973209,40083923
2022-08-26,396,3571,49973605,40087494
2022-08-27,237,1769,49973842,40089263
2022-08-28,29,267,49973871,40089530
2022-08-29,355,3161,49974226,40092691
2022-08-30,403,3669,49974629,40096360
2022-08-31,437,3734,49975066,40100094
2022-09-01,352,3118,49975418,40103212
2022-09-02,296,2890,49975714,40106102
2022-09-03,199,1688,49975913,40107790
2022-09-04,23,149,49975936,40107939
2022-09-05,186,2653,49976122,40110592
2022-09-06,303,2988,49976425,40113580
2022-09-07,540,2935,49976965,40116515
2022-09-08,289,2956,49977254,40119471
2022-09-09,304,2885,49977558,40122356
2022-09-10,227,1326,49977785,40123682
2022-09-11,21,124,49977806,40123806
2022-09-12,267,2262,49978073,40126068
2022-09-13,251,2274,49978324,40128342
2022-09-14,263,2564,49978587,40130906
2022-09-15,280,2491,49978867,40133397
2022-09-16,253,2541,49979120,40135938
2022-09-17,239,1339,49979359,40137277
2022-09-18,20,170,49979379,40137447
2022-09-19,205,1969,49979584,40139416
2022-09-20,236,2383,49979820,40141799
2022-09-21,289,2525,49980109,40144324
2022-09-22,261,2647,49980370,40146971
2022-09-23,256,2530,49980626,40149501
2022-09-24,193,1427,49980819,40150928
2022-09-25,28,133,49980847,40151061
2022-09-26,280,2247,49981127,40153308
2022-09-27,286,2668,49981413,40155976
2022-09-28,309,2885,49981722,40158861
2022-09-29,252,3040,49981974,40161901
2022-09-30,290,2970,49982264,40164871
2022-10-01,193,1509,49982457,40166380
2022-10-02,11,187,49982468,40166567
2022-10-03,181,2469,49982649,40169036
2022-10-04,235,2853,49982884,40171889
2022-10-05,223,3214,49983107,40175103
2022-10-06,241,3832,49983348,40178935
2022-10-07,281,4156,49983629,40183091
2022-10-08,199,2234,49983828,40185325
2022-10-09,8,304,49983836,40185629
2022-10-10,206,3336,49984042,40188965
2022-10-11,191,4341,49984233,40193306
2022-10-12,207,4408,49984440,40197714
2022-10-13,200,5284,49984640,40202998
2022-10-14,228,4988,49984868,40207986
2022-10-15,185,2609,49985053,40210595
2022-10-16,6,358,49985059,40210953
2022-10-17,185,3844,49985244,40214797
2022-10-18,255,4942,49985499,40219739
2022-10-19,235,5417,49985734,40225156
2022-10-20,220,5908,49985954,40231064
2022-10-21,250,5371,49986204,40236435
2022-10-22,194,2861,49986398,40239296
2022-10-23,13,355,49986411,40239651
2022-10-24,167,3855,49986578,40243506
2022-10-25,246,4818,49986824,40248324
2022-10-26,275,5249,49987099,40253573
2022-10-27,224,5336,49987323,40258909
2022-10-28,211,4739,49987534,40263648