data_somministrazione,vaccinazioni,booster,cum_vaccinazioni,cum_booster
2020-12-27,20,0,20,0
2020-12-28,2,0,22,0
2020-12-29,1,0,23,0
2020-12-30,9,0,32,0
2020-12-31,73,0,105,0
2021-01-01,23,0,128,0
2021-01-02,131,0,259,0
2021-01-03,94,0,353,0
2021-01-04,222,0,575,0
2021-01-05,259,0,834,0
2021-01-06,228,0,1062,0
2021-01-07,308,0,1370,0
2021-01-08,357,0,1727,0
2021-01-09,268,0,1995,0
2021-01-10,162,0,2157,0
2021-01-11,290,0,2447,0
2021-01-12,275,0,2722,0
2021-01-13,404,0,3126,0
2021-01-14,489,0,3615,0
2021-01-15,308,0,3923,0
2021-01-16,215,0,4138,0
2021-01-17,3060,0,7198,0
2021-01-18,5215,0,12413,0
2021-01-19,1893,0,14306,0
2021-01-20,4656,0,18962,0
2021-01-21,20005,0,38967,0
2021-01-22,14220,0,53187,0
2021-01-23,33329,0,86516,0
2021-01-24,30781,0,117297,0
2021-01-25,64719,0,182016,0
2021-01-26,76485,0,258501,0
2021-01-27,64825,0,323326,0
2021-01-28,89269,0,412595,0
2021-01-29,94016,0,506611,0
2021-01-30,86549,0,593160,0
2021-01-31,57328,0,650488,0
2021-02-01,81852,0,732340,0
2021-02-02,82140,0,814480,0
2021-02-03,91113,0,905593,0
2021-02-04,95395,0,1000988,0
2021-02-05,90271,0,1091259,0
2021-02-06,63448,0,1154707,0
2021-02-07,32933,0,1187640,0
2021-02-08,40426,0,1228066,0
2021-02-09,32871,0,1260937,0
2021-02-10,28429,0,1289366,0
2021-02-11,20403,0,1309769,0
2021-02-12,16240,0,1326009,0
2021-02-13,7274,0,1333283,0
2021-02-14,2862,0,1336145,0
2021-02-15,6844,0,1342989,0
2021-02-16,7002,0,1349991,0
2021-02-17,10525,0,1360516,0
2021-02-18,9252,0,1369768,0
2021-02-19,8251,0,1378019,0
2021-02-20,5570,0,1383589,0
2021-02-21,3005,0,1386594,0
2021-02-22,6885,0,1393479,0
2021-02-23,7179,0,1400658,0
2021-02-24,9808,0,1410466,0
2021-02-25,14211,0,1424677,0
2021-02-26,17556,0,1442233,0
2021-02-27,13915,0,1456148,0
2021-02-28,9389,0,1465537,0
2021-03-01,26517,0,1492054,0
2021-03-02,33245,0,1525299,0
2021-03-03,44647,0,1569946,0
2021-03-04,50292,0,1620238,0
2021-03-05,55733,0,1675971,0
2021-03-06,41871,0,1717842,0
2021-03-07,22323,0,1740165,0
2021-03-08,50827,0,1790992,0
2021-03-09,53077,0,1844069,0
2021-03-10,58658,0,1902727,0
2021-03-11,63872,0,1966599,0
2021-03-12,65114,0,2031713,0
2021-03-13,51726,0,2083439,0
2021-03-14,35405,0,2118844,0
2021-03-15,73448,0,2192292,0
2021-03-16,74026,0,2266318,0
2021-03-17,83133,0,2349451,0
2021-03-18,81629,0,2431080,0
2021-03-19,81083,0,2512163,0
2021-03-20,64727,0,2576890,0
2021-03-21,47306,0,2624196,0
2021-03-22,69490,0,2693686,0
2021-03-23,75807,0,2769493,0
2021-03-24,90916,0,2860409,0
2021-03-25,89814,0,2950223,0
2021-03-26,83634,0,3033857,0
2021-03-27,71945,0,3105802,0
2021-03-28,44152,0,3149954,0
2021-03-29,70833,0,3220787,0
2021-03-30,81393,0,3302180,0
2021-03-31,96246,0,3398426,0
2021-04-01,95312,0,3493738,0
2021-04-02,84075,0,3577813,0
2021-04-03,64307,0,3642120,0
2021-04-04,21718,0,3663838,0
2021-04-05,40317,0,3704155,0
2021-04-06,81324,0,3785479,0
2021-04-07,95834,0,3881313,0
2021-04-08,95245,0,3976558,0
2021-04-09,88494,0,4065052,0
2021-04-10,74032,0,4139084,0
2021-04-11,44766,0,4183850,0
2021-04-12,66917,0,4250767,0
2021-04-13,72582,0,4323349,0
2021-04-14,85547,0,4408896,0
2021-04-15,105414,0,4514310,0
2021-04-16,106421,0,4620731,0
2021-04-17,90521,0,4711252,0
2021-04-18,58595,0,4769847,0
2021-04-19,93432,0,4863279,0
2021-04-20,103772,0,4967051,0
2021-04-21,125345,0,5092396,0
2021-04-22,143521,0,5235917,0
2021-04-23,138746,0,5374663,0
2021-04-24,124447,0,5499110,0
2021-04-25,61457,0,5560567,0
2021-04-26,97895,0,5658462,0
2021-04-27,128363,0,5786825,0
2021-04-28,156378,0,5943203,0
2021-04-29,195600,0,6138803,0
2021-04-30,214591,0,6353394,0
2021-05-01,174125,0,6527519,0
2021-05-02,135806,0,6663325,0
2021-05-03,142048,0,6805373,0
2021-05-04,158696,0,6964069,0
2021-05-05,170513,0,7134582,0
2021-05-06,197811,0,7332393,0
2021-05-07,213851,0,7546244,0
2021-05-08,213424,0,7759668,0
2021-05-09,143207,0,7902875,0
2021-05-10,165088,0,8067963,0
2021-05-11,174997,0,8242960,0
2021-05-12,179191,0,8422151,0
2021-05-13,203398,0,8625549,0
2021-05-14,222927,0,8848476,0
2021-05-15,210374,0,9058850,0
2021-05-16,159280,0,9218130,0
2021-05-17,219206,0,9437336,0
2021-05-18,213024,0,9650360,0
2021-05-19,207094,0,9857454,0
2021-05-20,270874,0,10128328,0
2021-05-21,270904,0,10399232,0
2021-05-22,245531,0,10644763,0
2021-05-23,197184,0,10841947,0
2021-05-24,228310,0,11070257,0
2021-05-25,245699,0,11315956,0
2021-05-26,277510,0,11593466,0
2021-05-27,311092,0,11904558,0
2021-05-28,299579,0,12204137,0
2021-05-29,231236,0,12435373,0
2021-05-30,170843,0,12606216,0
2021-05-31,216430,0,12822646,0
2021-06-01,207640,0,13030286,0
2021-06-02,115806,0,13146092,0
2021-06-03,180161,0,13326253,0
2021-06-04,184893,0,13511146,0
2021-06-05,185972,0,13697118,0
2021-06-06,139559,0,13836677,0
2021-06-07,161883,0,13998560,0
2021-06-08,171248,0,14169808,0
2021-06-09,171499,0,14341307,0
2021-06-10,174121,0,14515428,0
2021-06-11,169996,0,14685424,0
2021-06-12,128343,0,14813767,0
2021-06-13,91205,0,14904972,0
2021-06-14,214693,0,15119665,0
2021-06-15,228433,0,15348098,0
2021-06-16,253089,0,15601187,0
2021-06-17,301747,0,15902934,0
2021-06-18,306312,0,16209246,0
2021-06-19,275104,0,16484350,0
2021-06-20,220801,0,16705151,0
2021-06-21,288080,0,16993231,0
2021-06-22,296233,0,17289464,0
2021-06-23,302695,0,17592159,0
2021-06-24,332614,0,17924773,0
2021-06-25,348717,0,18273490,0
2021-06-26,300134,0,18573624,0
2021-06-27,228678,0,18802302,0
2021-06-28,307115,0,19109417,0
2021-06-29,329314,0,19438731,0
2021-06-30,342180,0,19780911,0
2021-07-01,363230,0,20144141,0
2021-07-02,368488,0,20512629,0
2021-07-03,371099,0,20883728,0
2021-07-04,283223,0,21166951,0
2021-07-05,384551,0,21551502,0
2021-07-06,385483,0,21936985,0
2021-07-07,412122,0,22349107,0
2021-07-08,479601,0,22828708,0
2021-07-09,498486,0,23327194,0
2021-07-10,475179,0,23802373,0
2021-07-11,357703,0,24160076,0
2021-07-12,485897,0,24645973,0
2021-07-13,492105,0,25138078,0
2021-07-14,480457,0,25618535,0
2021-07-15,523448,0,26141983,0
2021-07-16,509767,0,26651750,0
2021-07-17,464337,0,27116087,0
2021-07-18,364648,0,27480735,0
2021-07-19,463053,0,27943788,0
2021-07-20,458060,0,28401848,0
2021-07-21,462797,0,28864645,0
2021-07-22,475391,0,29340036,0
2021-07-23,441330,0,29781366,0
2021-07-24,386158,0,30167524,0
2021-07-25,287562,0,30455086,0
2021-07-26,430890,0,30885976,0
2021-07-27,440131,0,31326107,0
2021-07-28,391020,0,31717127,0
2021-07-29,372083,0,32089210,0
2021-07-30,341521,0,32430731,0
2021-07-31,287035,0,32717766,0
2021-08-01,190999,0,32908765,0
2021-08-02,333705,0,33242470,0
2021-08-03,323199,0,33565669,0
2021-08-04,310982,0,33876651,0
2021-08-05,292495,0,34169146,0
2021-08-06,260021,0,34429167,0
2021-08-07,199053,0,34628220,0
2021-08-08,153109,0,34781329,0
2021-08-09,234079,0,35015408,0
2021-08-10,205259,0,35220667,0
2021-08-11,193781,0,35414448,0
2021-08-12,168040,0,35582488,0
2021-08-13,148643,0,35731131,0
2021-08-14,66096,0,35797227,0
2021-08-15,26339,0,35823566,0
2021-08-16,114706,0,35938272,0
2021-08-17,129254,0,36067526,0
2021-08-18,128756,0,36196282,0
2021-08-19,124832,0,36321114,0
2021-08-20,123793,0,36444907,0
2021-08-21,83132,0,36528039,0
2021-08-22,68173,0,36596212,0
2021-08-23,176872,0,36773084,0
2021-08-24,156895,0,36929979,0
2021-08-25,177169,0,37107148,0
2021-08-26,172365,0,37279513,0
2021-08-27,185833,0,37465346,0
2021-08-28,140285,0,37605631,0
2021-08-29,98990,0,37704621,0
2021-08-30,209596,0,37914217,0
2021-08-31,194646,0,38108863,0
2021-09-01,192207,0,38301070,0
2021-09-02,189931,0,38491001,0
2021-09-03,191294,0,38682295,0
2021-09-04,131462,0,38813757,0
2021-09-05,87853,0,38901610,0
2021-09-06,193625,0,39095235,0
2021-09-07,196033,0,39291268,0
2021-09-08,187879,0,39479147,0
2021-09-09,201443,0,39680590,0
2021-09-10,198073,0,39878663,0
2021-09-11,141297,0,40019960,0
2021-09-12,89594,0,40109554,0
2021-09-13,191124,612,40300678,612
2021-09-14,177227,622,40477905,1234
2021-09-15,163095,626,40641000,1860
2021-09-16,160068,970,40801068,2830
2021-09-17,150172,1145,40951240,3975
2021-09-18,127981,761,41079221,4736
2021-09-19,81140,502,41160361,5238
2021-09-20,180072,9108,41340433,14346
2021-09-21,166661,8847,41507094,23193
2021-09-22,159101,9450,41666195,32643
2021-09-23,138085,9345,41804280,41988
2021-09-24,140552,8986,41944832,50974
2021-09-25,119564,5657,42064396,56631
2021-09-26,71981,4352,42136377,60983
2021-09-27,135665,10068,42272042,71051
2021-09-28,117508,11413,42389550,82464
2021-09-29,112359,11842,42501909,94306
2021-09-30,110269,14970,42612178,109276
2021-10-01,94994,19123,42707172,128399
2021-10-02,78513,14033,42785685,142432
2021-10-03,47751,7665,42833436,150097
2021-10-04,88386,34468,42921822,184565
2021-10-05,80379,34003,43002201,218568
2021-10-06,71996,34192,43074197,252760
2021-10-07,71872,34363,43146069,287123
2021-10-08,80630,33612,43226699,320735
2021-10-09,76104,22187,43302803,342922
2021-10-10,45782,13625,43348585,356547
2021-10-11,87443,41123,43436028,397670
2021-10-12,84507,46923,43520535,444593
2021-10-13,88210,52140,43608745,496733
2021-10-14,91547,58543,43700292,555276
2021-10-15,93594,55658,43793886,610934
2021-10-16,82972,36810,43876858,647744
2021-10-17,51460,23849,43928318,671593
2021-10-18,90303,59504,44018621,731097
2021-10-19,78349,69395,44096970,800492
2021-10-20,75069,78195,44172039,878687
2021-10-21,78303,81784,44250342,960471
2021-10-22,73781,77060,44324123,1037531
2021-10-23,60831,51967,44384954,1089498
2021-10-24,33371,23473,44418325,1112971
2021-10-25,64907,81646,44483232,1194617
2021-10-26,58374,91821,44541606,1286438
2021-10-27,58329,104015,44599935,1390453
2021-10-28,61453,114141,44661388,1504594
2021-10-29,61638,103163,44723026,1607757
2021-10-30,50677,68133,44773703,1675890
2021-10-31,25162,28304,44798865,1704194
2021-11-01,19048,28157,44817913,1732351
2021-11-02,62743,89422,44880656,1821773
2021-11-03,60727,118682,44941383,1940455
2021-11-04,59245,126686,45000628,2067141
2021-11-05,63095,135210,45063723,2202351
2021-11-06,46483,90935,45110206,2293286
2021-11-07,22253,37900,45132459,2331186
2021-11-08,51529,131291,45183988,2462477
2021-11-09,45401,144225,45229389,2606702
2021-11-10,42590,156364,45271979,2763066
2021-11-11,44931,155156,45316910,2918222
2021-11-12,46318,158659,45363228,3076881
2021-11-13,33266,116666,45396494,3193547
2021-11-14,14492,52456,45410986,3246003
2021-11-15,36909,157440,45447895,3403443
2021-11-16,30560,171399,45478455,3574842
2021-11-17,28468,178452,45506923,3753294
2021-11-18,30289,193746,45537212,3947040
2021-11-19,28812,205875,45566024,4152915
2021-11-20,21004,156455,45587028,4309370
2021-11-21,10611,64866,45597639,4374236
2021-11-22,21948,213159,45619587,4587395
2021-11-23,23591,241767,45643178,4829162
2021-11-24,27795,271034,45670973,5100196
2021-11-25,23249,301930,45694222,5402126
2021-11-26,24588,318289,45718810,5720415
2021-11-27,21396,266165,45740206,5986580
2021-11-28,9903,137065,45750109,6123645
2021-11-29,22354,326074,45772463,6449719
2021-11-30,23111,365852,45795574,6815571
2021-12-01,21534,413513,45817108,7229084
2021-12-02,23775,440430,45840883,7669514
2021-12-03,25268,467504,45866151,8137018
2021-12-04,22383,418787,45888534,8555805
2021-12-05,11939,261358,45900473,8817163
2021-12-06,25835,457621,45926308,9274784
2021-12-07,24153,480290,45950461,9755074
2021-12-08,10021,249715,45960482,10004789
2021-12-09,31610,491951,45992092,10496740
2021-12-10,28084,517916,46020176,11014656
2021-12-11,23581,459266,46043757,11473922
2021-12-12,12313,293521,46056070,11767443
2021-12-13,26169,467644,46082239,12235087
2021-12-14,25193,494225,46107432,12729312
2021-12-15,25358,517182,46132790,13246494
2021-12-16,27909,520286,46160699,13766780
2021-12-17,29379,517201,46190078,14283981
2021-12-18,27081,468762,46217159,14752743
2021-12-19,15161,300539,46232320,15053282
2021-12-20,30654,477498,46262974,15530780
2021-12-21,30404,493416,46293378,16024196
2021-12-22,29472,484735,46322850,16508931
2021-12-23,28269,426930,46351119,16935861
2021-12-24,13121,210836,46364240,17146697
2021-12-25,2103,33053,46366343,17179750
2021-12-26,8769,159074,46375112,17338824
2021-12-27,46822,504681,46421934,17843505
2021-12-28,42489,554234,46464423,18397739
2021-12-29,34382,550663,46498805,18948402
2021-12-30,31867,499849,46530672,19448251
2021-12-31,14134,247404,46544806,19695655
2022-01-01,3499,64815,46548305,19760470
2022-01-02,22804,276721,46571109,20037191
2022-01-03,47901,520029,46619010,20557220
2022-01-04,46424,572099,46665434,21129319
2022-01-05,40796,560408,46706230,21689727
2022-01-06,23514,274491,46729744,21964218
2022-01-07,63752,554207,46793496,22518425
2022-01-08,60923,503406,46854419,23021831
2022-01-09,42913,319696,46897332,23341527
2022-01-10,61137,542323,46958469,23883850
2022-01-11,61783,587017,47020252,24470867
2022-01-12,58505,581299,47078757,25052166
2022-01-13,58668,580416,47137425,25632582
2022-01-14,46872,588599,47184297,26221181
2022-01-15,39479,569968,47223776,26791149
2022-01-16,31272,341884,47255048,27133033
2022-01-17,54820,489676,47309868,27622709
2022-01-18,58434,517041,47368302,28139750
2022-01-19,57241,502810,47425543,28642560
2022-01-20,54379,498840,47479922,29141400
2022-01-21,42139,493885,47522061,29635285
2022-01-22,31241,469609,47553302,30104894
2022-01-23,34954,275385,47588256,30380279
2022-01-24,56199,437236,47644455,30817515
2022-01-25,61575,452119,47706030,31269634
2022-01-26,58564,435837,47764594,31705471
2022-01-27,48864,432388,47813458,32137859
2022-01-28,58730,436550,47872188,32574409
2022-01-29,68157,412502,47940345,32986911
2022-01-30,50398,235977,47990743,33222888
2022-01-31,60661,356939,48051404,33579827
2022-02-01,65578,328456,48116982,33908283
2022-02-02,63223,296982,48180205,34205265
2022-02-03,60073,274521,48240278,34479786
2022-02-04,72392,268464,48312670,34748250
2022-02-05,83797,248540,48396467,34996790
2022-02-06,55300,116207,48451767,35112997
2022-02-07,65163,199941,48516930,35312938
2022-02-08,66935,186118,48583865,35499056
2022-02-09,58768,166335,48642633,35665391
2022-02-10,58589,163239,48701222,35828630
2022-02-11,62259,162466,48763481,35991096
2022-02-12,71990,152147,48835471,36143243
2022-02-13,41474,68853,48876945,36212096
2022-02-14,46699,116187,48923644,36328283
2022-02-15,48544,123479,48972188,36451762
2022-02-16,45680,106122,49017868,36557884
2022-02-17,42868,98114,49060736,36655998
2022-02-18,46626,112579,49107362,36768577
2022-02-19,52542,100334,49159904,36868911
2022-02-20,31410,40366,49191314,36909277
2022-02-21,37889,89653,49229203,36998930
2022-02-22,37224,83777,49266427,37082707
2022-02-23,33397,79409,49299824,37162116
2022-02-24,32556,78160,49332380,37240276
2022-02-25,34763,90709,49367143,37330985
2022-02-26,39158,89135,49406301,37420120
2022-02-27,22545,35857,49428846,37455977
2022-02-28,28481,81690,49457327,37537667
2022-03-01,22721,53942,49480048,37591609
2022-03-02,21954,50683,49502002,37642292
2022-03-03,22621,54947,49524623,37697239
2022-03-04,23234,62799,49547857,37760038
2022-03-05,23799,57951,49571656,37817989
2022-03-06,9471,17201,49581127,37835190
2022-03-07,15918,51389,49597045,37886579
2022-03-08,15477,48796,49612522,37935375
2022-03-09,13812,46519,49626334,37981894
2022-03-10,14050,52119,49640384,38034013
2022-03-11,15584,57265,49655968,38091278
2022-03-12,15506,56618,49671474,38147896
2022-03-13,5544,16850,49677018,38164746
2022-03-14,10525,46699,49687543,38211445
2022-03-15,10548,46894,49698091,38258339
2022-03-16,9482,41973,49707573,38300312
2022-03-17,9717,44874,49717290,38345186
2022-03-18,10158,49057,49727448,38394243
2022-03-19,9150,46533,49736598,38440776
2022-03-20,2609,11702,49739207,38452478
2022-03-21,7579,40223,49746786,38492701
2022-03-22,8448,37758,49755234,38530459
2022-03-23,7214,33700,49762448,38564159
2022-03-24,8258,38804,49770706,38602963
2022-03-25,8139,43667,49778845,38646630
2022-03-26,8126,41721,49786971,38688351
2022-03-27,2430,9682,49789401,38698033
2022-03-28,6109,35238,49795510,38733271
2022-03-29,5777,32528,49801287,38765799
2022-03-30,5566,30201,49806853,38796000
2022-03-31,5897,33179,49812750,38829179
2022-04-01,4348,25189,49817098,38854368
2022-04-02,4495,23273,49821593,38877641
2022-04-03,1049,4500,49822642,38882141
2022-04-04,3657,21544,49826299,38903685
2022-04-05,3756,22931,49830055,38926616
2022-04-06,4103,21853,49834158,38948469
2022-04-07,3965,23320,49838123,38971789
2022-04-08,4692,26712,49842815,38998501
2022-04-09,4383,23885,49847198,39022386
2022-04-10,892,4613,49848090,39026999
2022-04-11,3816,22685,49851906,39049684
2022-04-12,3364,21777,49855270,39071461
2022-04-13,3567,21335,49858837,39092796
2022-04-14,3486,23786,49862323,39116582
2022-04-15,3084,20617,49865407,39137199
2022-04-16,2149,11918,49867556,39149117
2022-04-17,63,348,49867619,39149465
2022-04-18,152,650,49867771,39150115
2022-04-19,3499,21979,49871270,39172094
2022-04-20,3511,20251,49874781,39192345
2022-04-21,2847,19787,49877628,39212132
2022-04-22,2927,20703,49880555,39232835
2022-04-23,2644,16219,49883199,39249054
2022-04-24,509,2334,49883708,39251388
2022-04-25,183,1165,49883891,39252553
2022-04-26,2759,17806,49886650,39270359
2022-04-27,2374,15793,49889024,39286152
2022-04-28,2359,15559,49891383,39301711
2022-04-29,2294,14844,49893677,39316555
2022-04-30,2123,11580,49895800,39328135
2022-05-01,113,531,49895913,39328666
2022-05-02,1450,9391,49897363,39338057
2022-05-03,1576,10318,49898939,39348375
2022-05-04,1745,10268,49900684,39358643
2022-05-05,1653,10285,49902337,39368928
2022-05-06,1702,10956,49904039,39379884
2022-05-07,1431,8567,49905470,39388451
2022-05-08,416,1519,49905886,39389970
2022-05-09,1027,8928,49906913,39398898
2022-05-10,1424,9546,49908337,39408444
2022-05-11,1483,10097,49909820,39418541
2022-05-12,1369,10130,49911189,39428671
2022-05-13,1594,10517,49912783,39439188
2022-05-14,1357,8235,49914140,39447423
2022-05-15,336,1131,49914476,39448554
2022-05-16,813,8405,49915289,39456959
2022-05-17,1243,8696,49916532,39465655
2022-05-18,1372,9234,49917904,39474889
2022-05-19,1500,9277,49919404,39484166
2022-05-20,1421,9514,49920825,39493680
2022-05-21,1301,7899,49922126,39501579
2022-05-22,231,1013,49922357,39502592
2022-05-23,830,8267,49923187,39510859
2022-05-24,1073,8672,49924260,39519531
2022-05-25,1369,9458,49925629,39528989
2022-05-26,1195,9475,49926824,39538464
2022-05-27,1232,9912,49928056,39548376
2022-05-28,1205,7885,49929261,39556261
2022-05-29,286,1266,49929547,39557527
2022-05-30,931,8055,49930478,39565582
2022-05-31,1036,8546,49931514,39574128
2022-06-01,891,7655,49932405,39581783
2022-06-02,35,474,49932440,39582257
2022-06-03,818,7334,49933258,39589591
2022-06-04,870,5162,49934128,39594753
2022-06-05,89,586,49934217,39595339
2022-06-06,678,6992,49934895,39602331
2022-06-07,952,7848,49935847,39610179
2022-06-08,982,7908,49936829,39618087
2022-06-09,1037,8414,49937866,39626501
2022-06-10,958,8564,49938824,39635065
2022-06-11,903,6207,49939727,39641272
2022-06-12,140,768,49939867,39642040
2022-06-13,602,6301,49940469,39648341
2022-06-14,828,7896,49941297,39656237
2022-06-15,955,7852,49942252,39664089
2022-06-16,730,7392,49942982,39671481
2022-06-17,723,7243,49943705,39678724
2022-06-18,777,5593,49944482,39684317
2022-06-19,47,522,49944529,39684839
2022-06-20,587,6699,49945116,39691538
2022-06-21,736,7665,49945852,39699203
2022-06-22,781,7308,49946633,39706511
2022-06-23,651,7467,49947284,39713978
2022-06-24,644,7474,49947928,39721452
2022-06-25,835,6534,49948763,39727986
2022-06-26,128,523,49948891,39728509
2022-06-27,532,7123,49949423,39735632
2022-06-28,745,8206,49950168,39743838
2022-06-29,756,7729,49950924,39751567
2022-06-30,746,8143,49951670,39759710
2022-07-01,577,6443,49952247,39766153
2022-07-02,536,4769,49952783,39770922
2022-07-03,49,456,49952832,39771378
2022-07-04,469,6277,49953301,39777655
2022-07-05,629,8118,49953930,39785773
2022-07-06,633,7610,49954563,39793383
2022-07-07,571,8270,49955134,39801653
2022-07-08,673,8083,49955807,39809736
2022-07-09,550,6104,49956357,39815840
2022-07-10,58,533,49956415,39816373
2022-07-11,487,7638,49956902,39824011
2022-07-12,667,9027,49957569,39833038
2022-07-13,641,10067,49958210,39843105
2022-07-14,635,10224,49958845,39853329
2022-07-15,625,10667,49959470,39863996
2022-07-16,522,7214,49959992,39871210
2022-07-17,48,770,49960040,39871980
2022-07-18,497,9368,49960537,39881348
2022-07-19,574,10682,49961111,39892030
2022-07-20,580,11272,49961691,39903302
2022-07-21,627,12085,49962318,39915387
2022-07-22,583,11258,49962901,39926645
2022-07-23,380,6772,49963281,39933417
2022-07-24,76,857,49963357,39934274
2022-07-25,503,9052,49963860,39943326
2022-07-26,519,9758,49964379,39953084
2022-07-27,551,10200,49964930,39963284
2022-07-28,530,10530,49965460,39973814
2022-07-29,510,9464,49965970,39983278
2022-07-30,381,5881,49966351,39989159
2022-07-31,49,764,49966400,39989923
2022-08-01,386,6864,49966786,39996787
2022-08-02,539,7584,49967325,40004371
2022-08-03,513,7174,49967838,40011545
2022-08-04,455,7488,49968293,40019033
2022-08-05,420,6519,49968713,40025552
2022-08-06,298,3612,49969011,40029164
2022-08-07,44,562,49969055,40029726
2022-08-08,402,4893,49969457,40034619
2022-08-09,382,5307,49969839,40039926
2022-08-10,381,4814,49970220,40044740
2022-08-11,366,4778,49970586,40049518
2022-08-12,292,3721,49970878,40053239
2022-08-13,143,1600,49971021,40054839
2022-08-14,9,129,49971030,40054968
2022-08-15,1,26,49971031,40054994
2022-08-16,283,3043,49971314,40058037
2022-08-17,352,3536,49971666,40061573
2022-08-18,390,4160,49972056,40065733
2022-08-19,340,3318,49972396,40069051
2022-08-20,183,1715,49972579,40070766
2022-08-21,24,149,49972603,40070915
2022-08-22,329,2950,49972932,40073865
2022-08-23,370,3672,49973302,40077537
2022-08-24,383,3359,49973685,40080896
2022-08-25,421,3772,49974106,40084668
2022-08-26,396,3571,49974502,40088239
2022-08-27,237,1769,49974739,40090008
2022-08-28,29,267,49974768,40090275
2022-08-29,354,3161,49975122,40093436
2022-08-30,403,3670,49975525,40097106
2022-08-31,437,3734,49975962,40100840
2022-09-01,352,3117,49976314,40103957
2022-09-02,296,2890,49976610,40106847
2022-09-03,199,1688,49976809,40108535
2022-09-04,23,149,49976832,40108684
2022-09-05,186,2655,49977018,40111339
2022-09-06,303,2988,49977321,40114327
2022-09-07,540,2935,49977861,40117262
2022-09-08,291,2960,49978152,40120222
2022-09-09,304,2884,49978456,40123106
2022-09-10,227,1326,49978683,40124432
2022-09-11,21,124,49978704,40124556
2022-09-12,267,2263,49978971,40126819
2022-09-13,252,2274,49979223,40129093
2022-09-14,264,2564,49979487,40131657
2022-09-15,280,2491,49979767,40134148
2022-09-16,253,2544,49980020,40136692
2022-09-17,239,1339,49980259,40138031
2022-09-18,20,170,49980279,40138201
2022-09-19,205,1969,49980484,40140170
2022-09-20,236,2384,49980720,40142554
2022-09-21,289,2526,49981009,40145080
2022-09-22,263,2647,49981272,40147727
2022-09-23,257,2533,49981529,40150260
2022-09-24,193,1427,49981722,40151687
2022-09-25,28,133,49981750,40151820
2022-09-26,280,2247,49982030,40154067
2022-09-27,286,2671,49982316,40156738
2022-09-28,308,2888,49982624,40159626
2022-09-29,256,3045,49982880,40162671
2022-09-30,290,2972,49983170,40165643
2022-10-01,193,1513,49983363,40167156
2022-10-02,11,187,49983374,40167343
2022-10-03,182,2471,49983556,40169814
2022-10-04,235,2859,49983791,40172673
2022-10-05,225,3215,49984016,40175888
2022-10-06,241,3836,49984257,40179724
2022-10-07,282,4158,49984539,40183882
2022-10-08,200,2235,49984739,40186117
2022-10-09,8,304,49984747,40186421
2022-10-10,206,3336,49984953,40189757
2022-10-11,191,4345,49985144,40194102
2022-10-12,208,4415,49985352,40198517
2022-10-13,200,5289,49985552,40203806
2022-10-14,229,5016,49985781,40208822
2022-10-15,187,2665,49985968,40211487
2022-10-16,6,360,49985974,40211847
2022-10-17,186,3858,49986160,40215705
2022-10-18,255,4946,49986415,40220651
2022-10-19,236,5435,49986651,40226086
2022-10-20,221,5962,49986872,40232048
2022-10-21,250,5418,49987122,40237466
2022-10-22,194,2903,49987316,40240369
2022-10-23,13,356,49987329,40240725
2022-10-24,170,3895,49987499,40244620
2022-10-25,248,4876,49987747,40249496
2022-10-26,308,5387,49988055,40254883
2022-10-27,236,5564,49988291,40260447
2022-10-28,198,5079,49988489,40265526
2022-10-29,126,2549,49988615,40268075
2022-10-30,3,281,49988618,40268356
2022-10-31,114,2994,49988732,40271350
2022-11-01,10,326,49988742,40271676
2022-11-02,140,3533,49988882,40275209
2022-11-03,163,4541,49989045,40279750
2022-11-04,218,4183,49989263,40283933