data_somministrazione,vaccinazioni,booster,cum_vaccinazioni,cum_booster
2020-12-27,16,0,16,0
2020-12-28,2,0,18,0
2020-12-29,1,0,19,0
2020-12-30,3,0,22,0
2020-12-31,34,0,56,0
2021-01-01,12,0,68,0
2021-01-02,53,0,121,0
2021-01-03,46,0,167,0
2021-01-04,122,0,289,0
2021-01-05,158,0,447,0
2021-01-06,134,0,581,0
2021-01-07,196,0,777,0
2021-01-08,245,0,1022,0
2021-01-09,172,0,1194,0
2021-01-10,109,0,1303,0
2021-01-11,199,0,1502,0
2021-01-12,205,0,1707,0
2021-01-13,310,0,2017,0
2021-01-14,410,0,2427,0
2021-01-15,248,0,2675,0
2021-01-16,165,0,2840,0
2021-01-17,3048,0,5888,0
2021-01-18,5184,0,11072,0
2021-01-19,1871,0,12943,0
2021-01-20,4651,0,17594,0
2021-01-21,20006,0,37600,0
2021-01-22,14194,0,51794,0
2021-01-23,33358,0,85152,0
2021-01-24,30793,0,115945,0
2021-01-25,64772,0,180717,0
2021-01-26,76545,0,257262,0
2021-01-27,64878,0,322140,0
2021-01-28,89338,0,411478,0
2021-01-29,94072,0,505550,0
2021-01-30,86614,0,592164,0
2021-01-31,57353,0,649517,0
2021-02-01,81901,0,731418,0
2021-02-02,82170,0,813588,0
2021-02-03,91215,0,904803,0
2021-02-04,95378,0,1000181,0
2021-02-05,90280,0,1090461,0
2021-02-06,63730,0,1154191,0
2021-02-07,32917,0,1187108,0
2021-02-08,40411,0,1227519,0
2021-02-09,32834,0,1260353,0
2021-02-10,28379,0,1288732,0
2021-02-11,20348,0,1309080,0
2021-02-12,16178,0,1325258,0
2021-02-13,7216,0,1332474,0
2021-02-14,2855,0,1335329,0
2021-02-15,6821,0,1342150,0
2021-02-16,6971,0,1349121,0
2021-02-17,10491,0,1359612,0
2021-02-18,9212,0,1368824,0
2021-02-19,8159,0,1376983,0
2021-02-20,5470,0,1382453,0
2021-02-21,2941,0,1385394,0
2021-02-22,6833,0,1392227,0
2021-02-23,7100,0,1399327,0
2021-02-24,9785,0,1409112,0
2021-02-25,14163,0,1423275,0
2021-02-26,17481,0,1440756,0
2021-02-27,13848,0,1454604,0
2021-02-28,9343,0,1463947,0
2021-03-01,26431,0,1490378,0
2021-03-02,33162,0,1523540,0
2021-03-03,44589,0,1568129,0
2021-03-04,50191,0,1618320,0
2021-03-05,55679,0,1673999,0
2021-03-06,41833,0,1715832,0
2021-03-07,22282,0,1738114,0
2021-03-08,50617,0,1788731,0
2021-03-09,52957,0,1841688,0
2021-03-10,58514,0,1900202,0
2021-03-11,63729,0,1963931,0
2021-03-12,65013,0,2028944,0
2021-03-13,51651,0,2080595,0
2021-03-14,35336,0,2115931,0
2021-03-15,73350,0,2189281,0
2021-03-16,73985,0,2263266,0
2021-03-17,82996,0,2346262,0
2021-03-18,81580,0,2427842,0
2021-03-19,81004,0,2508846,0
2021-03-20,64632,0,2573478,0
2021-03-21,47240,0,2620718,0
2021-03-22,69388,0,2690106,0
2021-03-23,75680,0,2765786,0
2021-03-24,90768,0,2856554,0
2021-03-25,89688,0,2946242,0
2021-03-26,83481,0,3029723,0
2021-03-27,71810,0,3101533,0
2021-03-28,44029,0,3145562,0
2021-03-29,70687,0,3216249,0
2021-03-30,81245,0,3297494,0
2021-03-31,96074,0,3393568,0
2021-04-01,95189,0,3488757,0
2021-04-02,83983,0,3572740,0
2021-04-03,64239,0,3636979,0
2021-04-04,21685,0,3658664,0
2021-04-05,40254,0,3698918,0
2021-04-06,81225,0,3780143,0
2021-04-07,95724,0,3875867,0
2021-04-08,95159,0,3971026,0
2021-04-09,88373,0,4059399,0
2021-04-10,73927,0,4133326,0
2021-04-11,44699,0,4178025,0
2021-04-12,66838,0,4244863,0
2021-04-13,72501,0,4317364,0
2021-04-14,85418,0,4402782,0
2021-04-15,105299,0,4508081,0
2021-04-16,106296,0,4614377,0
2021-04-17,90537,0,4704914,0
2021-04-18,58660,0,4763574,0
2021-04-19,93355,0,4856929,0
2021-04-20,103681,0,4960610,0
2021-04-21,125261,0,5085871,0
2021-04-22,143408,0,5229279,0
2021-04-23,138576,0,5367855,0
2021-04-24,124329,0,5492184,0
2021-04-25,61377,0,5553561,0
2021-04-26,97785,0,5651346,0
2021-04-27,128261,0,5779607,0
2021-04-28,156224,0,5935831,0
2021-04-29,195388,0,6131219,0
2021-04-30,214380,0,6345599,0
2021-05-01,174140,0,6519739,0
2021-05-02,135881,0,6655620,0
2021-05-03,141871,0,6797491,0
2021-05-04,158559,0,6956050,0
2021-05-05,170309,0,7126359,0
2021-05-06,197651,0,7324010,0
2021-05-07,213597,0,7537607,0
2021-05-08,213235,0,7750842,0
2021-05-09,143053,0,7893895,0
2021-05-10,164933,0,8058828,0
2021-05-11,174761,0,8233589,0
2021-05-12,178925,0,8412514,0
2021-05-13,203093,0,8615607,0
2021-05-14,222678,0,8838285,0
2021-05-15,210132,0,9048417,0
2021-05-16,159153,0,9207570,0
2021-05-17,219026,0,9426596,0
2021-05-18,212811,0,9639407,0
2021-05-19,206864,0,9846271,0
2021-05-20,270584,0,10116855,0
2021-05-21,270614,0,10387469,0
2021-05-22,245363,0,10632832,0
2021-05-23,197091,0,10829923,0
2021-05-24,228178,0,11058101,0
2021-05-25,245548,0,11303649,0
2021-05-26,277305,0,11580954,0
2021-05-27,310878,0,11891832,0
2021-05-28,299365,0,12191197,0
2021-05-29,231017,0,12422214,0
2021-05-30,170718,0,12592932,0
2021-05-31,216245,0,12809177,0
2021-06-01,207482,0,13016659,0
2021-06-02,115626,0,13132285,0
2021-06-03,179822,0,13312107,0
2021-06-04,184540,0,13496647,0
2021-06-05,185747,0,13682394,0
2021-06-06,139400,0,13821794,0
2021-06-07,161557,0,13983351,0
2021-06-08,170792,0,14154143,0
2021-06-09,171099,0,14325242,0
2021-06-10,173661,0,14498903,0
2021-06-11,169591,0,14668494,0
2021-06-12,127993,0,14796487,0
2021-06-13,90964,0,14887451,0
2021-06-14,214437,0,15101888,0
2021-06-15,228205,0,15330093,0
2021-06-16,252911,0,15583004,0
2021-06-17,301546,0,15884550,0
2021-06-18,306087,0,16190637,0
2021-06-19,274983,0,16465620,0
2021-06-20,220613,0,16686233,0
2021-06-21,287958,0,16974191,0
2021-06-22,296071,0,17270262,0
2021-06-23,302650,0,17572912,0
2021-06-24,332491,0,17905403,0
2021-06-25,348627,0,18254030,0
2021-06-26,300225,0,18554255,0
2021-06-27,228805,0,18783060,0
2021-06-28,306902,0,19089962,0
2021-06-29,329108,0,19419070,0
2021-06-30,342047,0,19761117,0
2021-07-01,363040,0,20124157,0
2021-07-02,368432,0,20492589,0
2021-07-03,371304,0,20863893,0
2021-07-04,283248,0,21147141,0
2021-07-05,384472,0,21531613,0
2021-07-06,385365,0,21916978,0
2021-07-07,412067,0,22329045,0
2021-07-08,479837,0,22808882,0
2021-07-09,498580,0,23307462,0
2021-07-10,475277,0,23782739,0
2021-07-11,357817,0,24140556,0
2021-07-12,486015,0,24626571,0
2021-07-13,492318,0,25118889,0
2021-07-14,480613,0,25599502,0
2021-07-15,523731,0,26123233,0
2021-07-16,509936,0,26633169,0
2021-07-17,464539,0,27097708,0
2021-07-18,364848,0,27462556,0
2021-07-19,463442,0,27925998,0
2021-07-20,458282,0,28384280,0
2021-07-21,462891,0,28847171,0
2021-07-22,475411,0,29322582,0
2021-07-23,441339,0,29763921,0
2021-07-24,386145,0,30150066,0
2021-07-25,287545,0,30437611,0
2021-07-26,430912,0,30868523,0
2021-07-27,440183,0,31308706,0
2021-07-28,390989,0,31699695,0
2021-07-29,372055,0,32071750,0
2021-07-30,341494,0,32413244,0
2021-07-31,286995,0,32700239,0
2021-08-01,190827,0,32891066,0
2021-08-02,333743,0,33224809,0
2021-08-03,323134,0,33547943,0
2021-08-04,310852,0,33858795,0
2021-08-05,292444,0,34151239,0
2021-08-06,259927,0,34411166,0
2021-08-07,198861,0,34610027,0
2021-08-08,153065,0,34763092,0
2021-08-09,234158,0,34997250,0
2021-08-10,205089,0,35202339,0
2021-08-11,193566,0,35395905,0
2021-08-12,167772,0,35563677,0
2021-08-13,148364,0,35712041,0
2021-08-14,65970,0,35778011,0
2021-08-15,26290,0,35804301,0
2021-08-16,114572,0,35918873,0
2021-08-17,129084,0,36047957,0
2021-08-18,128659,0,36176616,0
2021-08-19,124654,0,36301270,0
2021-08-20,123660,0,36424930,0
2021-08-21,83013,0,36507943,0
2021-08-22,68075,0,36576018,0
2021-08-23,176659,0,36752677,0
2021-08-24,156912,0,36909589,0
2021-08-25,176993,0,37086582,0
2021-08-26,172281,0,37258863,0
2021-08-27,185767,0,37444630,0
2021-08-28,140060,0,37584690,0
2021-08-29,98923,0,37683613,0
2021-08-30,209543,0,37893156,0
2021-08-31,194619,0,38087775,0
2021-09-01,192142,0,38279917,0
2021-09-02,189831,0,38469748,0
2021-09-03,191196,0,38660944,0
2021-09-04,131376,0,38792320,0
2021-09-05,87861,0,38880181,0
2021-09-06,193565,0,39073746,0
2021-09-07,195776,0,39269522,0
2021-09-08,187752,0,39457274,0
2021-09-09,201326,0,39658600,0
2021-09-10,197955,0,39856555,0
2021-09-11,141158,0,39997713,0
2021-09-12,89480,0,40087193,0
2021-09-13,191048,343,40278241,343
2021-09-14,177294,434,40455535,777
2021-09-15,163000,454,40618535,1231
2021-09-16,159988,786,40778523,2017
2021-09-17,150042,1004,40928565,3021
2021-09-18,127824,657,41056389,3678
2021-09-19,80976,441,41137365,4119
2021-09-20,179806,8954,41317171,13073
2021-09-21,166295,8725,41483466,21798
2021-09-22,158725,9363,41642191,31161
2021-09-23,137668,9238,41779859,40399
2021-09-24,140166,8854,41920025,49253
2021-09-25,119297,5558,42039322,54811
2021-09-26,71764,4293,42111086,59104
2021-09-27,135369,9975,42246455,69079
2021-09-28,117148,11303,42363603,80382
2021-09-29,111973,11759,42475576,92141
2021-09-30,109910,14849,42585486,106990
2021-10-01,94645,19026,42680131,126016
2021-10-02,78199,13986,42758330,140002
2021-10-03,47528,7627,42805858,147629
2021-10-04,88069,34358,42893927,181987
2021-10-05,80100,33916,42974027,215903
2021-10-06,71752,34066,43045779,249969
2021-10-07,71498,34279,43117277,284248
2021-10-08,80355,33490,43197632,317738
2021-10-09,75810,22107,43273442,339845
2021-10-10,45633,13590,43319075,353435
2021-10-11,87109,40993,43406184,394428
2021-10-12,84201,46789,43490385,441217
2021-10-13,87927,51985,43578312,493202
2021-10-14,91116,58384,43669428,551586
2021-10-15,93230,55475,43762658,607061
2021-10-16,82662,36705,43845320,643766
2021-10-17,51251,23779,43896571,667545
2021-10-18,90063,59333,43986634,726878
2021-10-19,78156,69285,44064790,796163
2021-10-20,74934,78027,44139724,874190
2021-10-21,78103,81577,44217827,955767
2021-10-22,73753,76889,44291580,1032656
2021-10-23,60736,51889,44352316,1084545
2021-10-24,33310,23400,44385626,1107945
2021-10-25,64748,81510,44450374,1189455
2021-10-26,58261,91616,44508635,1281071
2021-10-27,58130,103818,44566765,1384889
2021-10-28,61289,113833,44628054,1498722
2021-10-29,61621,102922,44689675,1601644
2021-10-30,50567,68003,44740242,1669647
2021-10-31,25110,28237,44765352,1697884
2021-11-01,19008,28117,44784360,1726001
2021-11-02,62653,89202,44847013,1815203
2021-11-03,60621,118490,44907634,1933693
2021-11-04,59101,126452,44966735,2060145
2021-11-05,62975,134958,45029710,2195103
2021-11-06,46343,90801,45076053,2285904
2021-11-07,22202,37830,45098255,2323734
2021-11-08,51355,131104,45149610,2454838
2021-11-09,45294,143897,45194904,2598735
2021-11-10,42508,156009,45237412,2754744
2021-11-11,44800,154920,45282212,2909664
2021-11-12,46225,158359,45328437,3068023
2021-11-13,33139,116504,45361576,3184527
2021-11-14,14438,52388,45376014,3236915
2021-11-15,36755,157157,45412769,3394072
2021-11-16,30420,171142,45443189,3565214
2021-11-17,28290,178243,45471479,3743457
2021-11-18,30119,193433,45501598,3936890
2021-11-19,28635,205526,45530233,4142416
2021-11-20,20866,156141,45551099,4298557
2021-11-21,10533,64711,45561632,4363268
2021-11-22,21766,212874,45583398,4576142
2021-11-23,23394,241419,45606792,4817561
2021-11-24,27624,270528,45634416,5088089
2021-11-25,22999,301454,45657415,5389543
2021-11-26,24343,317861,45681758,5707404
2021-11-27,21197,265792,45702955,5973196
2021-11-28,9794,136835,45712749,6110031
2021-11-29,22029,325589,45734778,6435620
2021-11-30,22795,365268,45757573,6800888
2021-12-01,21193,412867,45778766,7213755
2021-12-02,23414,440026,45802180,7653781
2021-12-03,24848,466942,45827028,8120723
2021-12-04,22023,418453,45849051,8539176
2021-12-05,11683,261187,45860734,8800363
2021-12-06,25274,457228,45886008,9257591
2021-12-07,23638,479824,45909646,9737415
2021-12-08,9739,249513,45919385,9986928
2021-12-09,30946,491627,45950331,10478555
2021-12-10,27512,517346,45977843,10995901
2021-12-11,23046,458954,46000889,11454855
2021-12-12,11958,293270,46012847,11748125
2021-12-13,25550,467230,46038397,12215355
2021-12-14,24527,493786,46062924,12709141
2021-12-15,24691,516701,46087615,13225842
2021-12-16,27035,519728,46114650,13745570
2021-12-17,28583,516444,46143233,14262014
2021-12-18,26239,468374,46169472,14730388
2021-12-19,14620,300291,46184092,15030679
2021-12-20,29814,477066,46213906,15507745
2021-12-21,29560,492806,46243466,16000551
2021-12-22,28467,484222,46271933,16484773
2021-12-23,27287,426490,46299220,16911263
2021-12-24,12745,210626,46311965,17121889
2021-12-25,2072,33017,46314037,17154906
2021-12-26,8402,158986,46322439,17313892
2021-12-27,45257,504299,46367696,17818191
2021-12-28,40381,553735,46408077,18371926
2021-12-29,32030,550120,46440107,18922046
2021-12-30,29495,499306,46469602,19421352
2021-12-31,12922,247203,46482524,19668555
2022-01-01,3247,64760,46485771,19733315
2022-01-02,20521,276583,46506292,20009898
2022-01-03,44007,520599,46550299,20530497
2022-01-04,41951,572609,46592250,21103106
2022-01-05,36046,560850,46628296,21663956
2022-01-06,20837,274259,46649133,21938215
2022-01-07,58736,554473,46707869,22492688
2022-01-08,55500,502941,46763369,22995629
2022-01-09,38721,319457,46802090,23315086
2022-01-10,57121,542447,46859211,23857533
2022-01-11,57242,587082,46916453,24444615
2022-01-12,54087,581332,46970540,25025947
2022-01-13,54588,580422,47025128,25606369
2022-01-14,42729,588301,47067857,26194670
2022-01-15,34332,568013,47102189,26762683
2022-01-16,27859,340951,47130048,27103634
2022-01-17,52091,489880,47182139,27593514
2022-01-18,55801,516986,47237940,28110500
2022-01-19,54761,502857,47292701,28613357
2022-01-20,52031,498680,47344732,29112037
2022-01-21,39680,493502,47384412,29605539
2022-01-22,28225,468924,47412637,30074463
2022-01-23,33282,274897,47445919,30349360
2022-01-24,54564,437328,47500483,30786688
2022-01-25,60070,451895,47560553,31238583
2022-01-26,56890,435690,47617443,31674273
2022-01-27,47198,431763,47664641,32106036
2022-01-28,56932,436055,47721573,32542091
2022-01-29,66062,411199,47787635,32953290
2022-01-30,49007,235160,47836642,33188450
2022-01-31,58836,356325,47895478,33544775
2022-02-01,64008,327367,47959486,33872142
2022-02-02,61484,294477,48020970,34166619
2022-02-03,60147,261745,48081117,34428364