data_somministrazione,vaccinazioni,booster,cum_vaccinazioni,cum_booster
2020-12-27,20,0,20,0
2020-12-28,2,0,22,0
2020-12-29,1,0,23,0
2020-12-30,9,0,32,0
2020-12-31,74,0,106,0
2021-01-01,24,0,130,0
2021-01-02,133,0,263,0
2021-01-03,97,0,360,0
2021-01-04,226,0,586,0
2021-01-05,268,0,854,0
2021-01-06,237,0,1091,0
2021-01-07,316,0,1407,0
2021-01-08,365,0,1772,0
2021-01-09,273,0,2045,0
2021-01-10,165,0,2210,0
2021-01-11,297,0,2507,0
2021-01-12,280,0,2787,0
2021-01-13,408,0,3195,0
2021-01-14,493,0,3688,0
2021-01-15,316,0,4004,0
2021-01-16,220,0,4224,0
2021-01-17,3063,0,7287,0
2021-01-18,5215,0,12502,0
2021-01-19,1894,0,14396,0
2021-01-20,4659,0,19055,0
2021-01-21,20008,0,39063,0
2021-01-22,14220,0,53283,0
2021-01-23,33328,0,86611,0
2021-01-24,30779,0,117390,0
2021-01-25,64716,0,182106,0
2021-01-26,76478,0,258584,0
2021-01-27,64822,0,323406,0
2021-01-28,89259,0,412665,0
2021-01-29,94005,0,506670,0
2021-01-30,86549,0,593219,0
2021-01-31,57325,0,650544,0
2021-02-01,81845,0,732389,0
2021-02-02,82137,0,814526,0
2021-02-03,91109,0,905635,0
2021-02-04,95394,0,1001029,0
2021-02-05,90266,0,1091295,0
2021-02-06,63447,0,1154742,0
2021-02-07,32934,0,1187676,0
2021-02-08,40422,0,1228098,0
2021-02-09,32878,0,1260976,0
2021-02-10,28433,0,1289409,0
2021-02-11,20405,0,1309814,0
2021-02-12,16243,0,1326057,0
2021-02-13,7277,0,1333334,0
2021-02-14,2862,0,1336196,0
2021-02-15,6845,0,1343041,0
2021-02-16,7004,0,1350045,0
2021-02-17,10526,0,1360571,0
2021-02-18,9252,0,1369823,0
2021-02-19,8253,0,1378076,0
2021-02-20,5575,0,1383651,0
2021-02-21,3010,0,1386661,0
2021-02-22,6882,0,1393543,0
2021-02-23,7182,0,1400725,0
2021-02-24,9812,0,1410537,0
2021-02-25,14211,0,1424748,0
2021-02-26,17557,0,1442305,0
2021-02-27,13917,0,1456222,0
2021-02-28,9391,0,1465613,0
2021-03-01,26519,0,1492132,0
2021-03-02,33247,0,1525379,0
2021-03-03,44647,0,1570026,0
2021-03-04,50295,0,1620321,0
2021-03-05,55735,0,1676056,0
2021-03-06,41876,0,1717932,0
2021-03-07,22326,0,1740258,0
2021-03-08,50831,0,1791089,0
2021-03-09,53082,0,1844171,0
2021-03-10,58672,0,1902843,0
2021-03-11,63877,0,1966720,0
2021-03-12,65127,0,2031847,0
2021-03-13,51728,0,2083575,0
2021-03-14,35414,0,2118989,0
2021-03-15,73454,0,2192443,0
2021-03-16,74029,0,2266472,0
2021-03-17,83136,0,2349608,0
2021-03-18,81629,0,2431237,0
2021-03-19,81090,0,2512327,0
2021-03-20,64732,0,2577059,0
2021-03-21,47311,0,2624370,0
2021-03-22,69495,0,2693865,0
2021-03-23,75807,0,2769672,0
2021-03-24,90918,0,2860590,0
2021-03-25,89817,0,2950407,0
2021-03-26,83640,0,3034047,0
2021-03-27,71952,0,3105999,0
2021-03-28,44169,0,3150168,0
2021-03-29,70842,0,3221010,0
2021-03-30,81399,0,3302409,0
2021-03-31,96253,0,3398662,0
2021-04-01,95319,0,3493981,0
2021-04-02,84079,0,3578060,0
2021-04-03,64303,0,3642363,0
2021-04-04,21723,0,3664086,0
2021-04-05,40318,0,3704404,0
2021-04-06,81330,0,3785734,0
2021-04-07,95837,0,3881571,0
2021-04-08,95254,0,3976825,0
2021-04-09,88499,0,4065324,0
2021-04-10,74032,0,4139356,0
2021-04-11,44765,0,4184121,0
2021-04-12,66920,0,4251041,0
2021-04-13,72587,0,4323628,0
2021-04-14,85551,0,4409179,0
2021-04-15,105421,0,4514600,0
2021-04-16,106426,0,4621026,0
2021-04-17,90522,0,4711548,0
2021-04-18,58596,0,4770144,0
2021-04-19,93433,0,4863577,0
2021-04-20,103774,0,4967351,0
2021-04-21,125343,0,5092694,0
2021-04-22,143524,0,5236218,0
2021-04-23,138750,0,5374968,0
2021-04-24,124453,0,5499421,0
2021-04-25,61465,0,5560886,0
2021-04-26,97907,0,5658793,0
2021-04-27,128368,0,5787161,0
2021-04-28,156387,0,5943548,0
2021-04-29,195611,0,6139159,0
2021-04-30,214602,0,6353761,0
2021-05-01,174133,0,6527894,0
2021-05-02,135803,0,6663697,0
2021-05-03,142060,0,6805757,0
2021-05-04,158709,0,6964466,0
2021-05-05,170529,0,7134995,0
2021-05-06,197819,0,7332814,0
2021-05-07,213864,0,7546678,0
2021-05-08,213438,0,7760116,0
2021-05-09,143217,0,7903333,0
2021-05-10,165096,0,8068429,0
2021-05-11,175003,0,8243432,0
2021-05-12,179206,0,8422638,0
2021-05-13,203411,0,8626049,0
2021-05-14,222939,0,8848988,0
2021-05-15,210385,0,9059373,0
2021-05-16,159284,0,9218657,0
2021-05-17,219212,0,9437869,0
2021-05-18,213028,0,9650897,0
2021-05-19,207095,0,9857992,0
2021-05-20,270884,0,10128876,0
2021-05-21,270906,0,10399782,0
2021-05-22,245535,0,10645317,0
2021-05-23,197185,0,10842502,0
2021-05-24,228308,0,11070810,0
2021-05-25,245700,0,11316510,0
2021-05-26,277510,0,11594020,0
2021-05-27,311090,0,11905110,0
2021-05-28,299581,0,12204691,0
2021-05-29,231243,0,12435934,0
2021-05-30,170850,0,12606784,0
2021-05-31,216434,0,12823218,0
2021-06-01,207636,0,13030854,0
2021-06-02,115802,0,13146656,0
2021-06-03,180165,0,13326821,0
2021-06-04,184902,0,13511723,0
2021-06-05,185984,0,13697707,0
2021-06-06,139573,0,13837280,0
2021-06-07,161894,0,13999174,0
2021-06-08,171269,0,14170443,0
2021-06-09,171513,0,14341956,0
2021-06-10,174137,0,14516093,0
2021-06-11,170008,0,14686101,0
2021-06-12,128359,0,14814460,0
2021-06-13,91215,0,14905675,0
2021-06-14,214706,0,15120381,0
2021-06-15,228443,0,15348824,0
2021-06-16,253102,0,15601926,0
2021-06-17,301766,0,15903692,0
2021-06-18,306315,0,16210007,0
2021-06-19,275109,0,16485116,0
2021-06-20,220808,0,16705924,0
2021-06-21,288086,0,16994010,0
2021-06-22,296239,0,17290249,0
2021-06-23,302697,0,17592946,0
2021-06-24,332609,0,17925555,0
2021-06-25,348725,0,18274280,0
2021-06-26,300136,0,18574416,0
2021-06-27,228683,0,18803099,0
2021-06-28,307139,0,19110238,0
2021-06-29,329323,0,19439561,0
2021-06-30,342196,0,19781757,0
2021-07-01,363240,0,20144997,0
2021-07-02,368486,0,20513483,0
2021-07-03,371102,0,20884585,0
2021-07-04,283227,0,21167812,0
2021-07-05,384557,0,21552369,0
2021-07-06,385487,0,21937856,0
2021-07-07,412130,0,22349986,0
2021-07-08,479594,0,22829580,0
2021-07-09,498475,0,23328055,0
2021-07-10,475173,0,23803228,0
2021-07-11,357697,0,24160925,0
2021-07-12,485887,0,24646812,0
2021-07-13,492087,0,25138899,0
2021-07-14,480447,0,25619346,0
2021-07-15,523435,0,26142781,0
2021-07-16,509758,0,26652539,0
2021-07-17,464327,0,27116866,0
2021-07-18,364638,0,27481504,0
2021-07-19,463038,0,27944542,0
2021-07-20,458059,0,28402601,0
2021-07-21,462791,0,28865392,0
2021-07-22,475382,0,29340774,0
2021-07-23,441325,0,29782099,0
2021-07-24,386150,0,30168249,0
2021-07-25,287559,0,30455808,0
2021-07-26,430889,0,30886697,0
2021-07-27,440123,0,31326820,0
2021-07-28,391023,0,31717843,0
2021-07-29,372081,0,32089924,0
2021-07-30,341516,0,32431440,0
2021-07-31,287038,0,32718478,0
2021-08-01,190999,0,32909477,0
2021-08-02,333704,0,33243181,0
2021-08-03,323189,0,33566370,0
2021-08-04,310980,0,33877350,0
2021-08-05,292488,0,34169838,0
2021-08-06,260028,0,34429866,0
2021-08-07,199059,0,34628925,0
2021-08-08,153109,0,34782034,0
2021-08-09,234083,0,35016117,0
2021-08-10,205267,0,35221384,0
2021-08-11,193781,0,35415165,0
2021-08-12,168055,0,35583220,0
2021-08-13,148646,0,35731866,0
2021-08-14,66098,0,35797964,0
2021-08-15,26340,0,35824304,0
2021-08-16,114707,0,35939011,0
2021-08-17,129256,0,36068267,0
2021-08-18,128765,0,36197032,0
2021-08-19,124839,0,36321871,0
2021-08-20,123797,0,36445668,0
2021-08-21,83134,0,36528802,0
2021-08-22,68177,0,36596979,0
2021-08-23,176870,0,36773849,0
2021-08-24,156897,0,36930746,0
2021-08-25,177180,0,37107926,0
2021-08-26,172359,0,37280285,0
2021-08-27,185831,0,37466116,0
2021-08-28,140285,0,37606401,0
2021-08-29,98989,0,37705390,0
2021-08-30,209590,0,37914980,0
2021-08-31,194644,0,38109624,0
2021-09-01,192210,0,38301834,0
2021-09-02,189928,0,38491762,0
2021-09-03,191286,0,38683048,0
2021-09-04,131454,0,38814502,0
2021-09-05,87853,0,38902355,0
2021-09-06,193615,0,39095970,0
2021-09-07,196035,0,39292005,0
2021-09-08,187874,0,39479879,0
2021-09-09,201435,0,39681314,0
2021-09-10,198067,0,39879381,0
2021-09-11,141293,0,40020674,0
2021-09-12,89592,0,40110266,0
2021-09-13,191116,628,40301382,628
2021-09-14,177224,632,40478606,1260
2021-09-15,163085,638,40641691,1898
2021-09-16,160056,983,40801747,2881
2021-09-17,150167,1158,40951914,4039
2021-09-18,127982,766,41079896,4805
2021-09-19,81139,506,41161035,5311
2021-09-20,180069,9116,41341104,14427
2021-09-21,166666,8854,41507770,23281
2021-09-22,159108,9456,41666878,32737
2021-09-23,138092,9350,41804970,42087
2021-09-24,140554,8999,41945524,51086
2021-09-25,119561,5664,42065085,56750
2021-09-26,71984,4359,42137069,61109
2021-09-27,135663,10074,42272732,71183
2021-09-28,117511,11418,42390243,82601
2021-09-29,112366,11848,42502609,94449
2021-09-30,110273,14977,42612882,109426
2021-10-01,94992,19136,42707874,128562
2021-10-02,78512,14040,42786386,142602
2021-10-03,47756,7668,42834142,150270
2021-10-04,88389,34475,42922531,184745
2021-10-05,80381,34010,43002912,218755
2021-10-06,72003,34198,43074915,252953
2021-10-07,71879,34366,43146794,287319
2021-10-08,80630,33621,43227424,320940
2021-10-09,76109,22190,43303533,343130
2021-10-10,45783,13629,43349316,356759
2021-10-11,87447,41125,43436763,397884
2021-10-12,84514,46928,43521277,444812
2021-10-13,88210,52154,43609487,496966
2021-10-14,91548,58547,43701035,555513
2021-10-15,93597,55670,43794632,611183
2021-10-16,82971,36817,43877603,648000
2021-10-17,51461,23856,43929064,671856
2021-10-18,90303,59511,44019367,731367
2021-10-19,78350,69400,44097717,800767
2021-10-20,75066,78201,44172783,878968
2021-10-21,78300,81800,44251083,960768
2021-10-22,73778,77068,44324861,1037836
2021-10-23,60833,51972,44385694,1089808
2021-10-24,33368,23477,44419062,1113285
2021-10-25,64903,81657,44483965,1194942
2021-10-26,58376,91829,44542341,1286771
2021-10-27,58320,104024,44600661,1390795
2021-10-28,61452,114149,44662113,1504944
2021-10-29,61638,103173,44723751,1608117
2021-10-30,50677,68136,44774428,1676253
2021-10-31,25163,28305,44799591,1704558
2021-11-01,19049,28157,44818640,1732715
2021-11-02,62739,89431,44881379,1822146
2021-11-03,60719,118696,44942098,1940842
2021-11-04,59241,126694,45001339,2067536
2021-11-05,63093,135216,45064432,2202752
2021-11-06,46485,90937,45110917,2293689
2021-11-07,22251,37904,45133168,2331593
2021-11-08,51530,131293,45184698,2462886
2021-11-09,45401,144234,45230099,2607120
2021-11-10,42592,156371,45272691,2763491
2021-11-11,44930,155163,45317621,2918654
2021-11-12,46313,158676,45363934,3077330
2021-11-13,33263,116674,45397197,3194004
2021-11-14,14491,52458,45411688,3246462
2021-11-15,36912,157440,45448600,3403902
2021-11-16,30564,171406,45479164,3575308
2021-11-17,28468,178460,45507632,3753768
2021-11-18,30292,193761,45537924,3947529
2021-11-19,28814,205879,45566738,4153408
2021-11-20,21003,156457,45587741,4309865
2021-11-21,10613,64868,45598354,4374733
2021-11-22,21954,213162,45620308,4587895
2021-11-23,23596,241787,45643904,4829682
2021-11-24,27797,271038,45671701,5100720
2021-11-25,23262,301927,45694963,5402647
2021-11-26,24595,318299,45719558,5720946
2021-11-27,21399,266168,45740957,5987114
2021-11-28,9905,137067,45750862,6124181
2021-11-29,22360,326074,45773222,6450255
2021-11-30,23112,365863,45796334,6816118
2021-12-01,21547,413528,45817881,7229646
2021-12-02,23786,440433,45841667,7670079
2021-12-03,25267,467520,45866934,8137599
2021-12-04,22388,418792,45889322,8556391
2021-12-05,11942,261365,45901264,8817756
2021-12-06,25839,457623,45927103,9275379
2021-12-07,24155,480300,45951258,9755679
2021-12-08,10024,249719,45961282,10005398
2021-12-09,31613,491956,45992895,10497354
2021-12-10,28093,517922,46020988,11015276
2021-12-11,23584,459270,46044572,11474546
2021-12-12,12317,293524,46056889,11768070
2021-12-13,26169,467652,46083058,12235722
2021-12-14,25200,494232,46108258,12729954
2021-12-15,25362,517188,46133620,13247142
2021-12-16,27919,520298,46161539,13767440
2021-12-17,29388,517212,46190927,14284652
2021-12-18,27093,468773,46218020,14753425
2021-12-19,15166,300539,46233186,15053964
2021-12-20,30663,477506,46263849,15531470
2021-12-21,30403,493422,46294252,16024892
2021-12-22,29474,484751,46323726,16509643
2021-12-23,28284,426948,46352010,16936591
2021-12-24,13125,210838,46365135,17147429
2021-12-25,2104,33053,46367239,17180482
2021-12-26,8773,159076,46376012,17339558
2021-12-27,46838,504685,46422850,17844243
2021-12-28,42497,554247,46465347,18398490
2021-12-29,34387,550673,46499734,18949163
2021-12-30,31877,499859,46531611,19449022
2021-12-31,14140,247405,46545751,19696427
2022-01-01,3498,64815,46549249,19761242
2022-01-02,22809,276724,46572058,20037966
2022-01-03,47917,520032,46619975,20557998
2022-01-04,46448,572100,46666423,21130098
2022-01-05,40809,560414,46707232,21690512
2022-01-06,23525,274489,46730757,21965001
2022-01-07,63773,554217,46794530,22519218
2022-01-08,60943,503408,46855473,23022626
2022-01-09,42928,319699,46898401,23342325
2022-01-10,61146,542320,46959547,23884645
2022-01-11,61813,587032,47021360,24471677
2022-01-12,58526,581301,47079886,25052978
2022-01-13,58687,580427,47138573,25633405
2022-01-14,46906,588604,47185479,26222009
2022-01-15,39512,569974,47224991,26791983
2022-01-16,31290,341888,47256281,27133871
2022-01-17,54831,489681,47311112,27623552
2022-01-18,58451,517043,47369563,28140595
2022-01-19,57252,502814,47426815,28643409
2022-01-20,54400,498854,47481215,29142263
2022-01-21,42151,493896,47523366,29636159
2022-01-22,31263,469612,47554629,30105771
2022-01-23,34971,275384,47589600,30381155
2022-01-24,56218,437241,47645818,30818396
2022-01-25,61584,452127,47707402,31270523
2022-01-26,58567,435845,47765969,31706368
2022-01-27,48878,432396,47814847,32138764
2022-01-28,58734,436554,47873581,32575318
2022-01-29,68165,412508,47941746,32987826
2022-01-30,50399,235984,47992145,33223810
2022-01-31,60677,356941,48052822,33580751
2022-02-01,65594,328459,48118416,33909210
2022-02-02,63237,296988,48181653,34206198
2022-02-03,60081,274526,48241734,34480724
2022-02-04,72397,268469,48314131,34749193
2022-02-05,83813,248547,48397944,34997740
2022-02-06,55305,116206,48453249,35113946
2022-02-07,65168,199945,48518417,35313891
2022-02-08,66947,186121,48585364,35500012
2022-02-09,58773,166345,48644137,35666357
2022-02-10,58594,163244,48702731,35829601
2022-02-11,62271,162470,48765002,35992071
2022-02-12,71999,152150,48837001,36144221
2022-02-13,41477,68854,48878478,36213075
2022-02-14,46705,116187,48925183,36329262
2022-02-15,48552,123480,48973735,36452742
2022-02-16,45684,106123,49019419,36558865
2022-02-17,42871,98117,49062290,36656982
2022-02-18,46629,112579,49108919,36769561
2022-02-19,52544,100337,49161463,36869898
2022-02-20,31411,40366,49192874,36910264
2022-02-21,37898,89656,49230772,36999920
2022-02-22,37225,83780,49267997,37083700
2022-02-23,33400,79409,49301397,37163109
2022-02-24,32561,78162,49333958,37241271
2022-02-25,34767,90713,49368725,37331984
2022-02-26,39159,89136,49407884,37421120
2022-02-27,22546,35857,49430430,37456977
2022-02-28,28482,81695,49458912,37538672
2022-03-01,22723,53942,49481635,37592614
2022-03-02,21956,50683,49503591,37643297
2022-03-03,22626,54947,49526217,37698244
2022-03-04,23239,62799,49549456,37761043
2022-03-05,23800,57951,49573256,37818994
2022-03-06,9472,17201,49582728,37836195
2022-03-07,15919,51391,49598647,37887586
2022-03-08,15480,48796,49614127,37936382
2022-03-09,13813,46519,49627940,37982901
2022-03-10,14052,52123,49641992,38035024
2022-03-11,15589,57268,49657581,38092292
2022-03-12,15507,56619,49673088,38148911
2022-03-13,5544,16851,49678632,38165762
2022-03-14,10527,46700,49689159,38212462
2022-03-15,10549,46895,49699708,38259357
2022-03-16,9482,41974,49709190,38301331
2022-03-17,9721,44874,49718911,38346205
2022-03-18,10159,49056,49729070,38395261
2022-03-19,9151,46534,49738221,38441795
2022-03-20,2608,11704,49740829,38453499
2022-03-21,7580,40224,49748409,38493723
2022-03-22,8447,37763,49756856,38531486
2022-03-23,7216,33700,49764072,38565186
2022-03-24,8258,38818,49772330,38604004
2022-03-25,8140,43669,49780470,38647673
2022-03-26,8127,41721,49788597,38689394
2022-03-27,2431,9682,49791028,38699076
2022-03-28,6112,35239,49797140,38734315
2022-03-29,5779,32530,49802919,38766845
2022-03-30,5566,30205,49808485,38797050
2022-03-31,5900,33183,49814385,38830233
2022-04-01,4349,25190,49818734,38855423
2022-04-02,4496,23275,49823230,38878698
2022-04-03,1049,4500,49824279,38883198
2022-04-04,3658,21544,49827937,38904742
2022-04-05,3756,22932,49831693,38927674
2022-04-06,4103,21852,49835796,38949526
2022-04-07,3968,23320,49839764,38972846
2022-04-08,4694,26713,49844458,38999559
2022-04-09,4383,23887,49848841,39023446
2022-04-10,892,4613,49849733,39028059
2022-04-11,3816,22688,49853549,39050747
2022-04-12,3365,21778,49856914,39072525
2022-04-13,3568,21335,49860482,39093860
2022-04-14,3486,23786,49863968,39117646
2022-04-15,3084,20620,49867052,39138266
2022-04-16,2149,11918,49869201,39150184
2022-04-17,63,348,49869264,39150532
2022-04-18,152,650,49869416,39151182
2022-04-19,3499,21980,49872915,39173162
2022-04-20,3510,20252,49876425,39193414
2022-04-21,2847,19790,49879272,39213204
2022-04-22,2927,20703,49882199,39233907
2022-04-23,2646,16220,49884845,39250127
2022-04-24,509,2334,49885354,39252461
2022-04-25,183,1165,49885537,39253626
2022-04-26,2759,17807,49888296,39271433
2022-04-27,2374,15793,49890670,39287226
2022-04-28,2360,15561,49893030,39302787
2022-04-29,2296,14847,49895326,39317634
2022-04-30,2123,11581,49897449,39329215
2022-05-01,113,531,49897562,39329746
2022-05-02,1451,9391,49899013,39339137
2022-05-03,1576,10320,49900589,39349457
2022-05-04,1745,10268,49902334,39359725
2022-05-05,1653,10286,49903987,39370011
2022-05-06,1702,10959,49905689,39380970
2022-05-07,1431,8568,49907120,39389538
2022-05-08,416,1521,49907536,39391059
2022-05-09,1027,8929,49908563,39399988
2022-05-10,1424,9548,49909987,39409536
2022-05-11,1483,10104,49911470,39419640
2022-05-12,1369,10131,49912839,39429771
2022-05-13,1596,10519,49914435,39440290
2022-05-14,1357,8236,49915792,39448526
2022-05-15,336,1133,49916128,39449659
2022-05-16,813,8406,49916941,39458065
2022-05-17,1243,8697,49918184,39466762
2022-05-18,1372,9233,49919556,39475995
2022-05-19,1500,9278,49921056,39485273
2022-05-20,1422,9532,49922478,39494805
2022-05-21,1300,7900,49923778,39502705
2022-05-22,231,1014,49924009,39503719
2022-05-23,830,8268,49924839,39511987
2022-05-24,1073,8672,49925912,39520659
2022-05-25,1370,9460,49927282,39530119
2022-05-26,1195,9479,49928477,39539598
2022-05-27,1232,9915,49929709,39549513
2022-05-28,1205,7887,49930914,39557400
2022-05-29,288,1265,49931202,39558665
2022-05-30,930,8056,49932132,39566721
2022-05-31,1036,8547,49933168,39575268
2022-06-01,892,7655,49934060,39582923
2022-06-02,35,474,49934095,39583397
2022-06-03,818,7333,49934913,39590730
2022-06-04,870,5163,49935783,39595893
2022-06-05,89,586,49935872,39596479
2022-06-06,678,6994,49936550,39603473
2022-06-07,952,7849,49937502,39611322
2022-06-08,981,7907,49938483,39619229
2022-06-09,1036,8416,49939519,39627645
2022-06-10,958,8564,49940477,39636209
2022-06-11,903,6207,49941380,39642416
2022-06-12,140,768,49941520,39643184
2022-06-13,602,6301,49942122,39649485
2022-06-14,831,7899,49942953,39657384
2022-06-15,957,7854,49943910,39665238
2022-06-16,730,7395,49944640,39672633
2022-06-17,723,7243,49945363,39679876
2022-06-18,777,5593,49946140,39685469
2022-06-19,48,522,49946188,39685991
2022-06-20,587,6699,49946775,39692690
2022-06-21,736,7665,49947511,39700355
2022-06-22,781,7308,49948292,39707663
2022-06-23,652,7468,49948944,39715131
2022-06-24,644,7473,49949588,39722604
2022-06-25,835,6535,49950423,39729139
2022-06-26,128,523,49950551,39729662
2022-06-27,533,7124,49951084,39736786
2022-06-28,746,8207,49951830,39744993
2022-06-29,756,7731,49952586,39752724
2022-06-30,745,8144,49953331,39760868
2022-07-01,577,6443,49953908,39767311
2022-07-02,536,4770,49954444,39772081
2022-07-03,49,456,49954493,39772537
2022-07-04,469,6276,49954962,39778813
2022-07-05,629,8118,49955591,39786931
2022-07-06,633,7611,49956224,39794542
2022-07-07,572,8271,49956796,39802813
2022-07-08,672,8083,49957468,39810896
2022-07-09,550,6104,49958018,39817000
2022-07-10,58,533,49958076,39817533
2022-07-11,487,7638,49958563,39825171
2022-07-12,667,9029,49959230,39834200
2022-07-13,642,10068,49959872,39844268
2022-07-14,636,10224,49960508,39854492
2022-07-15,625,10665,49961133,39865157
2022-07-16,522,7214,49961655,39872371
2022-07-17,48,770,49961703,39873141
2022-07-18,497,9368,49962200,39882509
2022-07-19,574,10682,49962774,39893191
2022-07-20,580,11274,49963354,39904465
2022-07-21,628,12088,49963982,39916553
2022-07-22,584,11257,49964566,39927810
2022-07-23,381,6772,49964947,39934582
2022-07-24,76,857,49965023,39935439
2022-07-25,503,9051,49965526,39944490
2022-07-26,519,9759,49966045,39954249
2022-07-27,553,10203,49966598,39964452
2022-07-28,530,10535,49967128,39974987
2022-07-29,510,9464,49967638,39984451
2022-07-30,382,5881,49968020,39990332
2022-07-31,49,764,49968069,39991096
2022-08-01,386,6863,49968455,39997959
2022-08-02,540,7585,49968995,40005544
2022-08-03,511,7176,49969506,40012720
2022-08-04,456,7488,49969962,40020208
2022-08-05,420,6525,49970382,40026733
2022-08-06,299,3612,49970681,40030345
2022-08-07,44,561,49970725,40030906
2022-08-08,402,4892,49971127,40035798
2022-08-09,382,5308,49971509,40041106
2022-08-10,382,4816,49971891,40045922
2022-08-11,366,4778,49972257,40050700
2022-08-12,292,3720,49972549,40054420
2022-08-13,143,1600,49972692,40056020
2022-08-14,9,129,49972701,40056149
2022-08-15,1,26,49972702,40056175
2022-08-16,283,3043,49972985,40059218
2022-08-17,352,3536,49973337,40062754
2022-08-18,391,4161,49973728,40066915
2022-08-19,341,3320,49974069,40070235
2022-08-20,183,1715,49974252,40071950
2022-08-21,24,149,49974276,40072099
2022-08-22,329,2952,49974605,40075051
2022-08-23,370,3674,49974975,40078725
2022-08-24,383,3359,49975358,40082084
2022-08-25,421,3773,49975779,40085857
2022-08-26,399,3573,49976178,40089430
2022-08-27,237,1769,49976415,40091199
2022-08-28,29,267,49976444,40091466
2022-08-29,354,3161,49976798,40094627
2022-08-30,403,3671,49977201,40098298
2022-08-31,437,3735,49977638,40102033
2022-09-01,353,3116,49977991,40105149
2022-09-02,296,2893,49978287,40108042
2022-09-03,200,1688,49978487,40109730
2022-09-04,23,149,49978510,40109879
2022-09-05,187,2656,49978697,40112535
2022-09-06,303,2982,49979000,40115517
2022-09-07,540,2936,49979540,40118453
2022-09-08,291,2962,49979831,40121415
2022-09-09,305,2884,49980136,40124299
2022-09-10,227,1326,49980363,40125625
2022-09-11,23,124,49980386,40125749
2022-09-12,267,2265,49980653,40128014
2022-09-13,252,2276,49980905,40130290
2022-09-14,266,2565,49981171,40132855
2022-09-15,281,2496,49981452,40135351
2022-09-16,254,2544,49981706,40137895
2022-09-17,239,1339,49981945,40139234
2022-09-18,20,170,49981965,40139404
2022-09-19,206,1969,49982171,40141373
2022-09-20,236,2384,49982407,40143757
2022-09-21,289,2526,49982696,40146283
2022-09-22,264,2652,49982960,40148935
2022-09-23,258,2538,49983218,40151473
2022-09-24,193,1427,49983411,40152900
2022-09-25,29,133,49983440,40153033
2022-09-26,280,2248,49983720,40155281
2022-09-27,287,2682,49984007,40157963
2022-09-28,309,2896,49984316,40160859
2022-09-29,256,3047,49984572,40163906
2022-09-30,290,2983,49984862,40166889
2022-10-01,194,1515,49985056,40168404
2022-10-02,12,187,49985068,40168591
2022-10-03,182,2473,49985250,40171064
2022-10-04,236,2865,49985486,40173929
2022-10-05,227,3219,49985713,40177148
2022-10-06,242,3848,49985955,40180996
2022-10-07,282,4165,49986237,40185161
2022-10-08,202,2235,49986439,40187396
2022-10-09,8,304,49986447,40187700
2022-10-10,207,3338,49986654,40191038
2022-10-11,192,4351,49986846,40195389
2022-10-12,209,4415,49987055,40199804
2022-10-13,200,5297,49987255,40205101
2022-10-14,231,5022,49987486,40210123
2022-10-15,189,2670,49987675,40212793
2022-10-16,6,360,49987681,40213153
2022-10-17,186,3865,49987867,40217018
2022-10-18,256,4956,49988123,40221974
2022-10-19,241,5463,49988364,40227437
2022-10-20,222,5989,49988586,40233426
2022-10-21,249,5464,49988835,40238890
2022-10-22,195,2909,49989030,40241799
2022-10-23,13,356,49989043,40242155
2022-10-24,171,3916,49989214,40246071
2022-10-25,252,4915,49989466,40250986
2022-10-26,341,5470,49989807,40256456
2022-10-27,239,5630,49990046,40262086
2022-10-28,199,5244,49990245,40267330
2022-10-29,127,2837,49990372,40270167
2022-10-30,3,326,49990375,40270493
2022-10-31,117,3026,49990492,40273519
2022-11-01,10,327,49990502,40273846
2022-11-02,142,3692,49990644,40277538
2022-11-03,170,4752,49990814,40282290
2022-11-04,221,4569,49991035,40286859
2022-11-05,143,2587,49991178,40289446
2022-11-06,10,258,49991188,40289704
2022-11-07,160,3208,49991348,40292912
2022-11-08,259,4205,49991607,40297117
2022-11-09,197,4282,49991804,40301399
2022-11-10,181,4507,49991985,40305906
2022-11-11,189,4188,49992174,40310094
2022-11-12,152,2341,49992326,40312435
2022-11-13,7,332,49992333,40312767
2022-11-14,147,2819,49992480,40315586
2022-11-15,185,3675,49992665,40319261
2022-11-16,202,3863,49992867,40323124
2022-11-17,182,3957,49993049,40327081
2022-11-18,244,3850,49993293,40330931
2022-11-19,111,1994,49993404,40332925
2022-11-20,26,295,49993430,40333220