data_somministrazione,vaccinazioni,booster,cum_vaccinazioni,cum_booster
2020-12-27,20,0,20,0
2020-12-28,2,0,22,0
2020-12-29,1,0,23,0
2020-12-30,9,0,32,0
2020-12-31,73,0,105,0
2021-01-01,23,0,128,0
2021-01-02,130,0,258,0
2021-01-03,93,0,351,0
2021-01-04,223,0,574,0
2021-01-05,259,0,833,0
2021-01-06,227,0,1060,0
2021-01-07,308,0,1368,0
2021-01-08,355,0,1723,0
2021-01-09,267,0,1990,0
2021-01-10,161,0,2151,0
2021-01-11,290,0,2441,0
2021-01-12,275,0,2716,0
2021-01-13,404,0,3120,0
2021-01-14,489,0,3609,0
2021-01-15,306,0,3915,0
2021-01-16,215,0,4130,0
2021-01-17,3060,0,7190,0
2021-01-18,5215,0,12405,0
2021-01-19,1893,0,14298,0
2021-01-20,4656,0,18954,0
2021-01-21,20005,0,38959,0
2021-01-22,14220,0,53179,0
2021-01-23,33329,0,86508,0
2021-01-24,30782,0,117290,0
2021-01-25,64720,0,182010,0
2021-01-26,76485,0,258495,0
2021-01-27,64824,0,323319,0
2021-01-28,89270,0,412589,0
2021-01-29,94017,0,506606,0
2021-01-30,86551,0,593157,0
2021-01-31,57328,0,650485,0
2021-02-01,81852,0,732337,0
2021-02-02,82140,0,814477,0
2021-02-03,91113,0,905590,0
2021-02-04,95396,0,1000986,0
2021-02-05,90271,0,1091257,0
2021-02-06,63448,0,1154705,0
2021-02-07,32933,0,1187638,0
2021-02-08,40426,0,1228064,0
2021-02-09,32871,0,1260935,0
2021-02-10,28429,0,1289364,0
2021-02-11,20404,0,1309768,0
2021-02-12,16240,0,1326008,0
2021-02-13,7274,0,1333282,0
2021-02-14,2862,0,1336144,0
2021-02-15,6844,0,1342988,0
2021-02-16,7002,0,1349990,0
2021-02-17,10525,0,1360515,0
2021-02-18,9252,0,1369767,0
2021-02-19,8251,0,1378018,0
2021-02-20,5569,0,1383587,0
2021-02-21,3005,0,1386592,0
2021-02-22,6884,0,1393476,0
2021-02-23,7179,0,1400655,0
2021-02-24,9808,0,1410463,0
2021-02-25,14210,0,1424673,0
2021-02-26,17556,0,1442229,0
2021-02-27,13914,0,1456143,0
2021-02-28,9389,0,1465532,0
2021-03-01,26519,0,1492051,0
2021-03-02,33245,0,1525296,0
2021-03-03,44647,0,1569943,0
2021-03-04,50292,0,1620235,0
2021-03-05,55734,0,1675969,0
2021-03-06,41871,0,1717840,0
2021-03-07,22322,0,1740162,0
2021-03-08,50825,0,1790987,0
2021-03-09,53077,0,1844064,0
2021-03-10,58658,0,1902722,0
2021-03-11,63872,0,1966594,0
2021-03-12,65114,0,2031708,0
2021-03-13,51724,0,2083432,0
2021-03-14,35405,0,2118837,0
2021-03-15,73447,0,2192284,0
2021-03-16,74026,0,2266310,0
2021-03-17,83133,0,2349443,0
2021-03-18,81629,0,2431072,0
2021-03-19,81083,0,2512155,0
2021-03-20,64726,0,2576881,0
2021-03-21,47304,0,2624185,0
2021-03-22,69488,0,2693673,0
2021-03-23,75807,0,2769480,0
2021-03-24,90917,0,2860397,0
2021-03-25,89814,0,2950211,0
2021-03-26,83633,0,3033844,0
2021-03-27,71945,0,3105789,0
2021-03-28,44152,0,3149941,0
2021-03-29,70833,0,3220774,0
2021-03-30,81393,0,3302167,0
2021-03-31,96246,0,3398413,0
2021-04-01,95311,0,3493724,0
2021-04-02,84075,0,3577799,0
2021-04-03,64307,0,3642106,0
2021-04-04,21718,0,3663824,0
2021-04-05,40317,0,3704141,0
2021-04-06,81324,0,3785465,0
2021-04-07,95834,0,3881299,0
2021-04-08,95244,0,3976543,0
2021-04-09,88494,0,4065037,0
2021-04-10,74031,0,4139068,0
2021-04-11,44765,0,4183833,0
2021-04-12,66917,0,4250750,0
2021-04-13,72581,0,4323331,0
2021-04-14,85545,0,4408876,0
2021-04-15,105415,0,4514291,0
2021-04-16,106422,0,4620713,0
2021-04-17,90521,0,4711234,0
2021-04-18,58595,0,4769829,0
2021-04-19,93432,0,4863261,0
2021-04-20,103773,0,4967034,0
2021-04-21,125345,0,5092379,0
2021-04-22,143521,0,5235900,0
2021-04-23,138746,0,5374646,0
2021-04-24,124447,0,5499093,0
2021-04-25,61457,0,5560550,0
2021-04-26,97895,0,5658445,0
2021-04-27,128363,0,5786808,0
2021-04-28,156377,0,5943185,0
2021-04-29,195600,0,6138785,0
2021-04-30,214591,0,6353376,0
2021-05-01,174125,0,6527501,0
2021-05-02,135806,0,6663307,0
2021-05-03,142048,0,6805355,0
2021-05-04,158696,0,6964051,0
2021-05-05,170513,0,7134564,0
2021-05-06,197811,0,7332375,0
2021-05-07,213851,0,7546226,0
2021-05-08,213422,0,7759648,0
2021-05-09,143206,0,7902854,0
2021-05-10,165088,0,8067942,0
2021-05-11,174997,0,8242939,0
2021-05-12,179191,0,8422130,0
2021-05-13,203397,0,8625527,0
2021-05-14,222926,0,8848453,0
2021-05-15,210374,0,9058827,0
2021-05-16,159280,0,9218107,0
2021-05-17,219206,0,9437313,0
2021-05-18,213023,0,9650336,0
2021-05-19,207092,0,9857428,0
2021-05-20,270873,0,10128301,0
2021-05-21,270899,0,10399200,0
2021-05-22,245531,0,10644731,0
2021-05-23,197184,0,10841915,0
2021-05-24,228311,0,11070226,0
2021-05-25,245699,0,11315925,0
2021-05-26,277510,0,11593435,0
2021-05-27,311092,0,11904527,0
2021-05-28,299579,0,12204106,0
2021-05-29,231237,0,12435343,0
2021-05-30,170844,0,12606187,0
2021-05-31,216430,0,12822617,0
2021-06-01,207639,0,13030256,0
2021-06-02,115805,0,13146061,0
2021-06-03,180159,0,13326220,0
2021-06-04,184894,0,13511114,0
2021-06-05,185972,0,13697086,0
2021-06-06,139558,0,13836644,0
2021-06-07,161883,0,13998527,0
2021-06-08,171246,0,14169773,0
2021-06-09,171499,0,14341272,0
2021-06-10,174121,0,14515393,0
2021-06-11,169996,0,14685389,0
2021-06-12,128342,0,14813731,0
2021-06-13,91204,0,14904935,0
2021-06-14,214692,0,15119627,0
2021-06-15,228433,0,15348060,0
2021-06-16,253088,0,15601148,0
2021-06-17,301747,0,15902895,0
2021-06-18,306310,0,16209205,0
2021-06-19,275104,0,16484309,0
2021-06-20,220799,0,16705108,0
2021-06-21,288079,0,16993187,0
2021-06-22,296233,0,17289420,0
2021-06-23,302695,0,17592115,0
2021-06-24,332616,0,17924731,0
2021-06-25,348718,0,18273449,0
2021-06-26,300130,0,18573579,0
2021-06-27,228679,0,18802258,0
2021-06-28,307113,0,19109371,0
2021-06-29,329313,0,19438684,0
2021-06-30,342181,0,19780865,0
2021-07-01,363232,0,20144097,0
2021-07-02,368489,0,20512586,0
2021-07-03,371098,0,20883684,0
2021-07-04,283222,0,21166906,0
2021-07-05,384550,0,21551456,0
2021-07-06,385484,0,21936940,0
2021-07-07,412123,0,22349063,0
2021-07-08,479602,0,22828665,0
2021-07-09,498484,0,23327149,0
2021-07-10,475179,0,23802328,0
2021-07-11,357704,0,24160032,0
2021-07-12,485897,0,24645929,0
2021-07-13,492106,0,25138035,0
2021-07-14,480456,0,25618491,0
2021-07-15,523450,0,26141941,0
2021-07-16,509766,0,26651707,0
2021-07-17,464336,0,27116043,0
2021-07-18,364650,0,27480693,0
2021-07-19,463054,0,27943747,0
2021-07-20,458062,0,28401809,0
2021-07-21,462798,0,28864607,0
2021-07-22,475391,0,29339998,0
2021-07-23,441330,0,29781328,0
2021-07-24,386158,0,30167486,0
2021-07-25,287558,0,30455044,0
2021-07-26,430891,0,30885935,0
2021-07-27,440133,0,31326068,0
2021-07-28,391017,0,31717085,0
2021-07-29,372083,0,32089168,0
2021-07-30,341519,0,32430687,0
2021-07-31,287035,0,32717722,0
2021-08-01,190999,0,32908721,0
2021-08-02,333702,0,33242423,0
2021-08-03,323197,0,33565620,0
2021-08-04,310983,0,33876603,0
2021-08-05,292498,0,34169101,0
2021-08-06,260020,0,34429121,0
2021-08-07,199053,0,34628174,0
2021-08-08,153109,0,34781283,0
2021-08-09,234079,0,35015362,0
2021-08-10,205258,0,35220620,0
2021-08-11,193780,0,35414400,0
2021-08-12,168039,0,35582439,0
2021-08-13,148643,0,35731082,0
2021-08-14,66096,0,35797178,0
2021-08-15,26339,0,35823517,0
2021-08-16,114706,0,35938223,0
2021-08-17,129253,0,36067476,0
2021-08-18,128757,0,36196233,0
2021-08-19,124830,0,36321063,0
2021-08-20,123791,0,36444854,0
2021-08-21,83132,0,36527986,0
2021-08-22,68172,0,36596158,0
2021-08-23,176871,0,36773029,0
2021-08-24,156895,0,36929924,0
2021-08-25,177170,0,37107094,0
2021-08-26,172366,0,37279460,0
2021-08-27,185832,0,37465292,0
2021-08-28,140284,0,37605576,0
2021-08-29,98990,0,37704566,0
2021-08-30,209599,0,37914165,0
2021-08-31,194644,0,38108809,0
2021-09-01,192206,0,38301015,0
2021-09-02,189931,0,38490946,0
2021-09-03,191293,0,38682239,0
2021-09-04,131463,0,38813702,0
2021-09-05,87853,0,38901555,0
2021-09-06,193626,0,39095181,0
2021-09-07,196034,0,39291215,0
2021-09-08,187879,0,39479094,0
2021-09-09,201443,0,39680537,0
2021-09-10,198073,0,39878610,0
2021-09-11,141297,0,40019907,0
2021-09-12,89595,0,40109502,0
2021-09-13,191125,611,40300627,611
2021-09-14,177228,621,40477855,1232
2021-09-15,163098,623,40640953,1855
2021-09-16,160069,968,40801022,2823
2021-09-17,150173,1145,40951195,3968
2021-09-18,127982,760,41079177,4728
2021-09-19,81140,502,41160317,5230
2021-09-20,180071,9108,41340388,14338
2021-09-21,166657,8847,41507045,23185
2021-09-22,159101,9450,41666146,32635
2021-09-23,138085,9345,41804231,41980
2021-09-24,140551,8986,41944782,50966
2021-09-25,119563,5657,42064345,56623
2021-09-26,71981,4352,42136326,60975
2021-09-27,135664,10069,42271990,71044
2021-09-28,117510,11411,42389500,82455
2021-09-29,112358,11842,42501858,94297
2021-09-30,110270,14967,42612128,109264
2021-10-01,94994,19123,42707122,128387
2021-10-02,78513,14032,42785635,142419
2021-10-03,47751,7665,42833386,150084
2021-10-04,88385,34468,42921771,184552
2021-10-05,80380,34002,43002151,218554
2021-10-06,71996,34191,43074147,252745
2021-10-07,71869,34363,43146016,287108
2021-10-08,80631,33610,43226647,320718
2021-10-09,76105,22187,43302752,342905
2021-10-10,45782,13625,43348534,356530
2021-10-11,87442,41123,43435976,397653
2021-10-12,84507,46923,43520483,444576
2021-10-13,88210,52139,43608693,496715
2021-10-14,91546,58543,43700239,555258
2021-10-15,93596,55656,43793835,610914
2021-10-16,82972,36810,43876807,647724
2021-10-17,51460,23848,43928267,671572
2021-10-18,90302,59504,44018569,731076
2021-10-19,78349,69395,44096918,800471
2021-10-20,75071,78194,44171989,878665
2021-10-21,78303,81782,44250292,960447
2021-10-22,73782,77059,44324074,1037506
2021-10-23,60831,51967,44384905,1089473
2021-10-24,33371,23473,44418276,1112946
2021-10-25,64907,81646,44483183,1194592
2021-10-26,58375,91821,44541558,1286413
2021-10-27,58329,104015,44599887,1390428
2021-10-28,61454,114140,44661341,1504568
2021-10-29,61639,103162,44722980,1607730
2021-10-30,50676,68133,44773656,1675863
2021-10-31,25162,28303,44798818,1704166
2021-11-01,19048,28157,44817866,1732323
2021-11-02,62743,89422,44880609,1821745
2021-11-03,60729,118679,44941338,1940424
2021-11-04,59246,126685,45000584,2067109
2021-11-05,63097,135210,45063681,2202319
2021-11-06,46483,90935,45110164,2293254
2021-11-07,22253,37900,45132417,2331154
2021-11-08,51529,131291,45183946,2462445
2021-11-09,45401,144223,45229347,2606668
2021-11-10,42592,156363,45271939,2763031
2021-11-11,44931,155155,45316870,2918186
2021-11-12,46320,158658,45363190,3076844
2021-11-13,33266,116666,45396456,3193510
2021-11-14,14492,52456,45410948,3245966
2021-11-15,36910,157439,45447858,3403405
2021-11-16,30561,171398,45478419,3574803
2021-11-17,28468,178453,45506887,3753256
2021-11-18,30289,193746,45537176,3947002
2021-11-19,28812,205874,45565988,4152876
2021-11-20,21003,156455,45586991,4309331
2021-11-21,10611,64866,45597602,4374197
2021-11-22,21948,213160,45619550,4587357
2021-11-23,23591,241765,45643141,4829122
2021-11-24,27797,271031,45670938,5100153
2021-11-25,23248,301929,45694186,5402082
2021-11-26,24592,318287,45718778,5720369
2021-11-27,21394,266166,45740172,5986535
2021-11-28,9903,137064,45750075,6123599
2021-11-29,22353,326074,45772428,6449673
2021-11-30,23108,365854,45795536,6815527
2021-12-01,21533,413513,45817069,7229040
2021-12-02,23775,440430,45840844,7669470
2021-12-03,25270,467503,45866114,8136973
2021-12-04,22384,418788,45888498,8555761
2021-12-05,11939,261358,45900437,8817119
2021-12-06,25834,457620,45926271,9274739
2021-12-07,24153,480289,45950424,9755028
2021-12-08,10020,249713,45960444,10004741
2021-12-09,31609,491952,45992053,10496693
2021-12-10,28084,517917,46020137,11014610
2021-12-11,23581,459266,46043718,11473876
2021-12-12,12313,293520,46056031,11767396
2021-12-13,26169,467643,46082200,12235039
2021-12-14,25192,494223,46107392,12729262
2021-12-15,25357,517181,46132749,13246443
2021-12-16,27907,520286,46160656,13766729
2021-12-17,29379,517199,46190035,14283928
2021-12-18,27081,468762,46217116,14752690
2021-12-19,15161,300539,46232277,15053229
2021-12-20,30653,477498,46262930,15530727
2021-12-21,30404,493416,46293334,16024143
2021-12-22,29471,484736,46322805,16508879
2021-12-23,28268,426929,46351073,16935808
2021-12-24,13120,210836,46364193,17146644
2021-12-25,2103,33053,46366296,17179697
2021-12-26,8769,159074,46375065,17338771
2021-12-27,46822,504680,46421887,17843451
2021-12-28,42488,554233,46464375,18397684
2021-12-29,34379,550663,46498754,18948347
2021-12-30,31867,499849,46530621,19448196
2021-12-31,14133,247403,46544754,19695599
2022-01-01,3499,64815,46548253,19760414
2022-01-02,22802,276722,46571055,20037136
2022-01-03,47901,520029,46618956,20557165
2022-01-04,46424,572098,46665380,21129263
2022-01-05,40795,560406,46706175,21689669
2022-01-06,23513,274490,46729688,21964159
2022-01-07,63752,554205,46793440,22518364
2022-01-08,60921,503405,46854361,23021769
2022-01-09,42910,319694,46897271,23341463
2022-01-10,61134,542315,46958405,23883778
2022-01-11,61783,587015,47020188,24470793
2022-01-12,58504,581299,47078692,25052092
2022-01-13,58664,580414,47137356,25632506
2022-01-14,46869,588599,47184225,26221105
2022-01-15,39479,569964,47223704,26791069
2022-01-16,31272,341884,47254976,27132953
2022-01-17,54818,489676,47309794,27622629
2022-01-18,58433,517040,47368227,28139669
2022-01-19,57241,502810,47425468,28642479
2022-01-20,54379,498838,47479847,29141317
2022-01-21,42137,493884,47521984,29635201
2022-01-22,31242,469607,47553226,30104808
2022-01-23,34953,275385,47588179,30380193
2022-01-24,56197,437236,47644376,30817429
2022-01-25,61575,452119,47705951,31269548
2022-01-26,58564,435838,47764515,31705386
2022-01-27,48865,432383,47813380,32137769
2022-01-28,58726,436550,47872106,32574319
2022-01-29,68158,412500,47940264,32986819
2022-01-30,50397,235977,47990661,33222796
2022-01-31,60662,356937,48051323,33579733
2022-02-01,65575,328452,48116898,33908185
2022-02-02,63222,296983,48180120,34205168
2022-02-03,60072,274521,48240192,34479689
2022-02-04,72392,268463,48312584,34748152
2022-02-05,83796,248538,48396380,34996690
2022-02-06,55300,116207,48451680,35112897
2022-02-07,65164,199940,48516844,35312837
2022-02-08,66935,186119,48583779,35498956
2022-02-09,58768,166335,48642547,35665291
2022-02-10,58588,163239,48701135,35828530
2022-02-11,62259,162466,48763394,35990996
2022-02-12,71990,152147,48835384,36143143
2022-02-13,41474,68853,48876858,36211996
2022-02-14,46699,116187,48923557,36328183
2022-02-15,48544,123479,48972101,36451662
2022-02-16,45679,106122,49017780,36557784
2022-02-17,42868,98114,49060648,36655898
2022-02-18,46626,112579,49107274,36768477
2022-02-19,52541,100334,49159815,36868811
2022-02-20,31410,40366,49191225,36909177
2022-02-21,37888,89653,49229113,36998830
2022-02-22,37224,83777,49266337,37082607
2022-02-23,33398,79408,49299735,37162015
2022-02-24,32556,78161,49332291,37240176
2022-02-25,34763,90709,49367054,37330885
2022-02-26,39159,89133,49406213,37420018
2022-02-27,22545,35857,49428758,37455875
2022-02-28,28481,81690,49457239,37537565
2022-03-01,22722,53940,49479961,37591505
2022-03-02,21954,50683,49501915,37642188
2022-03-03,22620,54947,49524535,37697135
2022-03-04,23234,62798,49547769,37759933
2022-03-05,23799,57951,49571568,37817884
2022-03-06,9471,17201,49581039,37835085
2022-03-07,15918,51389,49596957,37886474
2022-03-08,15477,48796,49612434,37935270
2022-03-09,13812,46519,49626246,37981789
2022-03-10,14050,52119,49640296,38033908
2022-03-11,15584,57264,49655880,38091172
2022-03-12,15505,56618,49671385,38147790
2022-03-13,5544,16850,49676929,38164640
2022-03-14,10525,46699,49687454,38211339
2022-03-15,10548,46893,49698002,38258232
2022-03-16,9482,41973,49707484,38300205
2022-03-17,9717,44873,49717201,38345078
2022-03-18,10158,49057,49727359,38394135
2022-03-19,9150,46533,49736509,38440668
2022-03-20,2609,11702,49739118,38452370
2022-03-21,7580,40222,49746698,38492592
2022-03-22,8448,37758,49755146,38530350
2022-03-23,7214,33700,49762360,38564050
2022-03-24,8258,38804,49770618,38602854
2022-03-25,8139,43667,49778757,38646521
2022-03-26,8126,41721,49786883,38688242
2022-03-27,2430,9682,49789313,38697924
2022-03-28,6108,35238,49795421,38733162
2022-03-29,5777,32528,49801198,38765690
2022-03-30,5566,30201,49806764,38795891
2022-03-31,5897,33180,49812661,38829071
2022-04-01,4348,25189,49817009,38854260
2022-04-02,4494,23273,49821503,38877533
2022-04-03,1049,4500,49822552,38882033
2022-04-04,3657,21542,49826209,38903575
2022-04-05,3756,22931,49829965,38926506
2022-04-06,4103,21853,49834068,38948359
2022-04-07,3965,23320,49838033,38971679
2022-04-08,4692,26712,49842725,38998391
2022-04-09,4382,23885,49847107,39022276
2022-04-10,892,4613,49847999,39026889
2022-04-11,3815,22686,49851814,39049575
2022-04-12,3364,21777,49855178,39071352
2022-04-13,3567,21335,49858745,39092687
2022-04-14,3486,23786,49862231,39116473
2022-04-15,3084,20617,49865315,39137090
2022-04-16,2149,11918,49867464,39149008
2022-04-17,63,348,49867527,39149356
2022-04-18,152,650,49867679,39150006
2022-04-19,3499,21979,49871178,39171985
2022-04-20,3511,20251,49874689,39192236
2022-04-21,2847,19786,49877536,39212022
2022-04-22,2927,20703,49880463,39232725
2022-04-23,2644,16219,49883107,39248944
2022-04-24,509,2334,49883616,39251278
2022-04-25,183,1165,49883799,39252443
2022-04-26,2759,17806,49886558,39270249
2022-04-27,2374,15793,49888932,39286042
2022-04-28,2358,15558,49891290,39301600
2022-04-29,2293,14845,49893583,39316445
2022-04-30,2123,11580,49895706,39328025
2022-05-01,113,531,49895819,39328556
2022-05-02,1450,9391,49897269,39337947
2022-05-03,1576,10318,49898845,39348265
2022-05-04,1745,10268,49900590,39358533
2022-05-05,1653,10285,49902243,39368818
2022-05-06,1702,10956,49903945,39379774
2022-05-07,1431,8567,49905376,39388341
2022-05-08,416,1519,49905792,39389860
2022-05-09,1027,8928,49906819,39398788
2022-05-10,1424,9546,49908243,39408334
2022-05-11,1483,10097,49909726,39418431
2022-05-12,1370,10131,49911096,39428562
2022-05-13,1594,10517,49912690,39439079
2022-05-14,1357,8235,49914047,39447314
2022-05-15,336,1131,49914383,39448445
2022-05-16,813,8405,49915196,39456850
2022-05-17,1243,8696,49916439,39465546
2022-05-18,1372,9232,49917811,39474778
2022-05-19,1500,9277,49919311,39484055
2022-05-20,1421,9514,49920732,39493569
2022-05-21,1301,7899,49922033,39501468
2022-05-22,231,1013,49922264,39502481
2022-05-23,830,8267,49923094,39510748
2022-05-24,1073,8672,49924167,39519420
2022-05-25,1369,9459,49925536,39528879
2022-05-26,1195,9475,49926731,39538354
2022-05-27,1232,9912,49927963,39548266
2022-05-28,1205,7885,49929168,39556151
2022-05-29,286,1266,49929454,39557417
2022-05-30,931,8055,49930385,39565472
2022-05-31,1036,8546,49931421,39574018
2022-06-01,891,7655,49932312,39581673
2022-06-02,35,474,49932347,39582147
2022-06-03,818,7333,49933165,39589480
2022-06-04,870,5162,49934035,39594642
2022-06-05,89,586,49934124,39595228
2022-06-06,678,6991,49934802,39602219
2022-06-07,952,7848,49935754,39610067
2022-06-08,982,7908,49936736,39617975
2022-06-09,1037,8414,49937773,39626389
2022-06-10,958,8564,49938731,39634953
2022-06-11,903,6207,49939634,39641160
2022-06-12,140,768,49939774,39641928
2022-06-13,602,6301,49940376,39648229
2022-06-14,828,7896,49941204,39656125
2022-06-15,955,7852,49942159,39663977
2022-06-16,730,7392,49942889,39671369
2022-06-17,723,7243,49943612,39678612
2022-06-18,777,5593,49944389,39684205
2022-06-19,47,522,49944436,39684727
2022-06-20,587,6700,49945023,39691427
2022-06-21,736,7665,49945759,39699092
2022-06-22,781,7308,49946540,39706400
2022-06-23,651,7466,49947191,39713866
2022-06-24,644,7474,49947835,39721340
2022-06-25,835,6534,49948670,39727874
2022-06-26,128,523,49948798,39728397
2022-06-27,532,7124,49949330,39735521
2022-06-28,745,8206,49950075,39743727
2022-06-29,756,7728,49950831,39751455
2022-06-30,746,8143,49951577,39759598
2022-07-01,577,6443,49952154,39766041
2022-07-02,536,4769,49952690,39770810
2022-07-03,49,456,49952739,39771266
2022-07-04,469,6277,49953208,39777543
2022-07-05,629,8118,49953837,39785661
2022-07-06,633,7610,49954470,39793271
2022-07-07,571,8269,49955041,39801540
2022-07-08,673,8083,49955714,39809623
2022-07-09,550,6104,49956264,39815727
2022-07-10,58,533,49956322,39816260
2022-07-11,487,7638,49956809,39823898
2022-07-12,667,9027,49957476,39832925
2022-07-13,641,10067,49958117,39842992
2022-07-14,635,10225,49958752,39853217
2022-07-15,625,10667,49959377,39863884
2022-07-16,522,7214,49959899,39871098
2022-07-17,48,770,49959947,39871868
2022-07-18,497,9369,49960444,39881237
2022-07-19,574,10682,49961018,39891919
2022-07-20,580,11272,49961598,39903191
2022-07-21,627,12085,49962225,39915276
2022-07-22,583,11258,49962808,39926534
2022-07-23,380,6772,49963188,39933306
2022-07-24,76,857,49963264,39934163
2022-07-25,503,9052,49963767,39943215
2022-07-26,519,9757,49964286,39952972
2022-07-27,551,10201,49964837,39963173
2022-07-28,530,10529,49965367,39973702
2022-07-29,510,9465,49965877,39983167
2022-07-30,382,5881,49966259,39989048
2022-07-31,49,764,49966308,39989812
2022-08-01,386,6864,49966694,39996676
2022-08-02,539,7583,49967233,40004259
2022-08-03,513,7174,49967746,40011433
2022-08-04,455,7489,49968201,40018922
2022-08-05,420,6519,49968621,40025441
2022-08-06,298,3611,49968919,40029052
2022-08-07,44,562,49968963,40029614
2022-08-08,402,4893,49969365,40034507
2022-08-09,382,5308,49969747,40039815
2022-08-10,381,4814,49970128,40044629
2022-08-11,366,4777,49970494,40049406
2022-08-12,292,3721,49970786,40053127
2022-08-13,143,1600,49970929,40054727
2022-08-14,9,129,49970938,40054856
2022-08-15,1,26,49970939,40054882
2022-08-16,283,3043,49971222,40057925
2022-08-17,352,3536,49971574,40061461
2022-08-18,390,4160,49971964,40065621
2022-08-19,341,3318,49972305,40068939
2022-08-20,183,1715,49972488,40070654
2022-08-21,24,149,49972512,40070803
2022-08-22,329,2950,49972841,40073753
2022-08-23,370,3674,49973211,40077427
2022-08-24,383,3359,49973594,40080786
2022-08-25,421,3772,49974015,40084558
2022-08-26,396,3571,49974411,40088129
2022-08-27,237,1769,49974648,40089898
2022-08-28,29,267,49974677,40090165
2022-08-29,354,3161,49975031,40093326
2022-08-30,403,3669,49975434,40096995
2022-08-31,437,3734,49975871,40100729
2022-09-01,352,3117,49976223,40103846
2022-09-02,296,2890,49976519,40106736
2022-09-03,199,1688,49976718,40108424
2022-09-04,23,149,49976741,40108573
2022-09-05,186,2655,49976927,40111228
2022-09-06,303,2988,49977230,40114216
2022-09-07,540,2935,49977770,40117151
2022-09-08,291,2960,49978061,40120111
2022-09-09,304,2884,49978365,40122995
2022-09-10,227,1326,49978592,40124321
2022-09-11,21,124,49978613,40124445
2022-09-12,267,2263,49978880,40126708
2022-09-13,252,2274,49979132,40128982
2022-09-14,263,2564,49979395,40131546
2022-09-15,280,2491,49979675,40134037
2022-09-16,253,2544,49979928,40136581
2022-09-17,239,1339,49980167,40137920
2022-09-18,20,170,49980187,40138090
2022-09-19,205,1969,49980392,40140059
2022-09-20,236,2384,49980628,40142443
2022-09-21,289,2525,49980917,40144968
2022-09-22,263,2647,49981180,40147615
2022-09-23,257,2533,49981437,40150148
2022-09-24,193,1427,49981630,40151575
2022-09-25,28,133,49981658,40151708
2022-09-26,280,2247,49981938,40153955
2022-09-27,286,2671,49982224,40156626
2022-09-28,308,2888,49982532,40159514
2022-09-29,256,3043,49982788,40162557
2022-09-30,290,2971,49983078,40165528
2022-10-01,193,1513,49983271,40167041
2022-10-02,11,187,49983282,40167228
2022-10-03,181,2469,49983463,40169697
2022-10-04,235,2854,49983698,40172551
2022-10-05,224,3215,49983922,40175766
2022-10-06,241,3836,49984163,40179602
2022-10-07,282,4158,49984445,40183760
2022-10-08,200,2234,49984645,40185994
2022-10-09,8,304,49984653,40186298
2022-10-10,206,3336,49984859,40189634
2022-10-11,191,4343,49985050,40193977
2022-10-12,208,4410,49985258,40198387
2022-10-13,200,5287,49985458,40203674
2022-10-14,229,5012,49985687,40208686
2022-10-15,187,2665,49985874,40211351
2022-10-16,6,358,49985880,40211709
2022-10-17,186,3857,49986066,40215566
2022-10-18,255,4941,49986321,40220507
2022-10-19,235,5432,49986556,40225939
2022-10-20,221,5959,49986777,40231898
2022-10-21,251,5413,49987028,40237311
2022-10-22,194,2902,49987222,40240213
2022-10-23,13,356,49987235,40240569
2022-10-24,170,3891,49987405,40244460
2022-10-25,247,4865,49987652,40249325
2022-10-26,308,5373,49987960,40254698
2022-10-27,236,5544,49988196,40260242
2022-10-28,198,5053,49988394,40265295
2022-10-29,126,2541,49988520,40267836
2022-10-30,3,281,49988523,40268117
2022-10-31,114,2985,49988637,40271102
2022-11-01,10,326,49988647,40271428
2022-11-02,141,3489,49988788,40274917
2022-11-03,168,4336,49988956,40279253