data_somministrazione,vaccinazioni,booster,cum_vaccinazioni,cum_booster
2020-12-27,22,0,22,0
2020-12-28,2,0,24,0
2020-12-29,1,0,25,0
2020-12-30,8,0,33,0
2020-12-31,84,0,117,0
2021-01-01,27,0,144,0
2021-01-02,155,0,299,0
2021-01-03,118,0,417,0
2021-01-04,251,0,668,0
2021-01-05,296,0,964,0
2021-01-06,268,0,1232,0
2021-01-07,338,0,1570,0
2021-01-08,392,0,1962,0
2021-01-09,299,0,2261,0
2021-01-10,179,0,2440,0
2021-01-11,316,0,2756,0
2021-01-12,295,0,3051,0
2021-01-13,429,0,3480,0
2021-01-14,510,0,3990,0
2021-01-15,330,0,4320,0
2021-01-16,226,0,4546,0
2021-01-17,3065,0,7611,0
2021-01-18,5223,0,12834,0
2021-01-19,1897,0,14731,0
2021-01-20,4660,0,19391,0
2021-01-21,20002,0,39393,0
2021-01-22,14219,0,53612,0
2021-01-23,33313,0,86925,0
2021-01-24,30771,0,117696,0
2021-01-25,64692,0,182388,0
2021-01-26,76450,0,258838,0
2021-01-27,64801,0,323639,0
2021-01-28,89234,0,412873,0
2021-01-29,93984,0,506857,0
2021-01-30,86533,0,593390,0
2021-01-31,57315,0,650705,0
2021-02-01,81827,0,732532,0
2021-02-02,82126,0,814658,0
2021-02-03,91096,0,905754,0
2021-02-04,95378,0,1001132,0
2021-02-05,90265,0,1091397,0
2021-02-06,63452,0,1154849,0
2021-02-07,32935,0,1187784,0
2021-02-08,40418,0,1228202,0
2021-02-09,32882,0,1261084,0
2021-02-10,28443,0,1289527,0
2021-02-11,20412,0,1309939,0
2021-02-12,16255,0,1326194,0
2021-02-13,7287,0,1333481,0
2021-02-14,2862,0,1336343,0
2021-02-15,6852,0,1343195,0
2021-02-16,7010,0,1350205,0
2021-02-17,10528,0,1360733,0
2021-02-18,9261,0,1369994,0
2021-02-19,8259,0,1378253,0
2021-02-20,5593,0,1383846,0
2021-02-21,3020,0,1386866,0
2021-02-22,6887,0,1393753,0
2021-02-23,7191,0,1400944,0
2021-02-24,9817,0,1410761,0
2021-02-25,14219,0,1424980,0
2021-02-26,17563,0,1442543,0
2021-02-27,13930,0,1456473,0
2021-02-28,9400,0,1465873,0
2021-03-01,26535,0,1492408,0
2021-03-02,33247,0,1525655,0
2021-03-03,44656,0,1570311,0
2021-03-04,50303,0,1620614,0
2021-03-05,55748,0,1676362,0
2021-03-06,41887,0,1718249,0
2021-03-07,22334,0,1740583,0
2021-03-08,50839,0,1791422,0
2021-03-09,53098,0,1844520,0
2021-03-10,58703,0,1903223,0
2021-03-11,63901,0,1967124,0
2021-03-12,65153,0,2032277,0
2021-03-13,51734,0,2084011,0
2021-03-14,35431,0,2119442,0
2021-03-15,73466,0,2192908,0
2021-03-16,74031,0,2266939,0
2021-03-17,83154,0,2350093,0
2021-03-18,81631,0,2431724,0
2021-03-19,81092,0,2512816,0
2021-03-20,64750,0,2577566,0
2021-03-21,47316,0,2624882,0
2021-03-22,69508,0,2694390,0
2021-03-23,75828,0,2770218,0
2021-03-24,90946,0,2861164,0
2021-03-25,89834,0,2950998,0
2021-03-26,83652,0,3034650,0
2021-03-27,71964,0,3106614,0
2021-03-28,44196,0,3150810,0
2021-03-29,70854,0,3221664,0
2021-03-30,81424,0,3303088,0
2021-03-31,96273,0,3399361,0
2021-04-01,95345,0,3494706,0
2021-04-02,84091,0,3578797,0
2021-04-03,64315,0,3643112,0
2021-04-04,21727,0,3664839,0
2021-04-05,40329,0,3705168,0
2021-04-06,81362,0,3786530,0
2021-04-07,95852,0,3882382,0
2021-04-08,95271,0,3977653,0
2021-04-09,88510,0,4066163,0
2021-04-10,74044,0,4140207,0
2021-04-11,44770,0,4184977,0
2021-04-12,66928,0,4251905,0
2021-04-13,72606,0,4324511,0
2021-04-14,85562,0,4410073,0
2021-04-15,105429,0,4515502,0
2021-04-16,106444,0,4621946,0
2021-04-17,90539,0,4712485,0
2021-04-18,58600,0,4771085,0
2021-04-19,93449,0,4864534,0
2021-04-20,103785,0,4968319,0
2021-04-21,125345,0,5093664,0
2021-04-22,143539,0,5237203,0
2021-04-23,138769,0,5375972,0
2021-04-24,124457,0,5500429,0
2021-04-25,61473,0,5561902,0
2021-04-26,97921,0,5659823,0
2021-04-27,128387,0,5788210,0
2021-04-28,156410,0,5944620,0
2021-04-29,195630,0,6140250,0
2021-04-30,214626,0,6354876,0
2021-05-01,174153,0,6529029,0
2021-05-02,135823,0,6664852,0
2021-05-03,142093,0,6806945,0
2021-05-04,158727,0,6965672,0
2021-05-05,170560,0,7136232,0
2021-05-06,197841,0,7334073,0
2021-05-07,211995,0,7546068,0
2021-05-08,213456,0,7759524,0
2021-05-09,143231,0,7902755,0
2021-05-10,165110,0,8067865,0
2021-05-11,175019,0,8242884,0
2021-05-12,179246,0,8422130,0
2021-05-13,203447,0,8625577,0
2021-05-14,222962,0,8848539,0
2021-05-15,210401,0,9058940,0
2021-05-16,159303,0,9218243,0
2021-05-17,218866,0,9437109,0
2021-05-18,213033,0,9650142,0
2021-05-19,207106,0,9857248,0
2021-05-20,270924,0,10128172,0
2021-05-21,270920,0,10399092,0
2021-05-22,245551,0,10644643,0
2021-05-23,197199,0,10841842,0
2021-05-24,228327,0,11070169,0
2021-05-25,245701,0,11315870,0
2021-05-26,277577,0,11593447,0
2021-05-27,311113,0,11904560,0
2021-05-28,299399,0,12203959,0
2021-05-29,231268,0,12435227,0
2021-05-30,170862,0,12606089,0
2021-05-31,216451,0,12822540,0
2021-06-01,207648,0,13030188,0
2021-06-02,115817,0,13146005,0
2021-06-03,180200,0,13326205,0
2021-06-04,184950,0,13511155,0
2021-06-05,186032,0,13697187,0
2021-06-06,139614,0,13836801,0
2021-06-07,161933,0,13998734,0
2021-06-08,171326,0,14170060,0
2021-06-09,171549,0,14341609,0
2021-06-10,174196,0,14515805,0
2021-06-11,170080,0,14685885,0
2021-06-12,128428,0,14814313,0
2021-06-13,91270,0,14905583,0
2021-06-14,214726,0,15120309,0
2021-06-15,228484,0,15348793,0
2021-06-16,253131,0,15601924,0
2021-06-17,301810,0,15903734,0
2021-06-18,306369,0,16210103,0
2021-06-19,275162,0,16485265,0
2021-06-20,220841,0,16706106,0
2021-06-21,288134,0,16994240,0
2021-06-22,296285,0,17290525,0
2021-06-23,302730,0,17593255,0
2021-06-24,332637,0,17925892,0
2021-06-25,348750,0,18274642,0
2021-06-26,300164,0,18574806,0
2021-06-27,228724,0,18803530,0
2021-06-28,307180,0,19110710,0
2021-06-29,329374,0,19440084,0
2021-06-30,342248,0,19782332,0
2021-07-01,363273,0,20145605,0
2021-07-02,368525,0,20514130,0
2021-07-03,371113,0,20885243,0
2021-07-04,283260,0,21168503,0
2021-07-05,384575,0,21553078,0
2021-07-06,385502,0,21938580,0
2021-07-07,412150,0,22350730,0
2021-07-08,478968,0,22829698,0
2021-07-09,498452,0,23328150,0
2021-07-10,475169,0,23803319,0
2021-07-11,357683,0,24161002,0
2021-07-12,485868,0,24646870,0
2021-07-13,492048,0,25138918,0
2021-07-14,480427,0,25619345,0
2021-07-15,523396,0,26142741,0
2021-07-16,509729,0,26652470,0
2021-07-17,464308,0,27116778,0
2021-07-18,364616,0,27481394,0
2021-07-19,463025,0,27944419,0
2021-07-20,458026,0,28402445,0
2021-07-21,462782,0,28865227,0
2021-07-22,475367,0,29340594,0
2021-07-23,441317,0,29781911,0
2021-07-24,386140,0,30168051,0
2021-07-25,287527,0,30455578,0
2021-07-26,430881,0,30886459,0
2021-07-27,440102,0,31326561,0
2021-07-28,391006,0,31717567,0
2021-07-29,371878,0,32089445,0
2021-07-30,341534,0,32430979,0
2021-07-31,287050,0,32718029,0
2021-08-01,190993,0,32909022,0
2021-08-02,333704,0,33242726,0
2021-08-03,323183,0,33565909,0
2021-08-04,311004,0,33876913,0
2021-08-05,292474,0,34169387,0
2021-08-06,260047,0,34429434,0
2021-08-07,199078,0,34628512,0
2021-08-08,153109,0,34781621,0
2021-08-09,234084,0,35015705,0
2021-08-10,205296,0,35221001,0
2021-08-11,193803,0,35414804,0
2021-08-12,168084,0,35582888,0
2021-08-13,148689,0,35731577,0
2021-08-14,66112,0,35797689,0
2021-08-15,26346,0,35824035,0
2021-08-16,114727,0,35938762,0
2021-08-17,129265,0,36068027,0
2021-08-18,128770,0,36196797,0
2021-08-19,124869,0,36321666,0
2021-08-20,123803,0,36445469,0
2021-08-21,83139,0,36528608,0
2021-08-22,68183,0,36596791,0
2021-08-23,176858,0,36773649,0
2021-08-24,156888,0,36930537,0
2021-08-25,177167,0,37107704,0
2021-08-26,172344,0,37280048,0
2021-08-27,185827,0,37465875,0
2021-08-28,140291,0,37606166,0
2021-08-29,98999,0,37705165,0
2021-08-30,209577,0,37914742,0
2021-08-31,194634,0,38109376,0
2021-09-01,192216,0,38301592,0
2021-09-02,189931,0,38491523,0
2021-09-03,191267,0,38682790,0
2021-09-04,131425,0,38814215,0
2021-09-05,87839,0,38902054,0
2021-09-06,193587,0,39095641,0
2021-09-07,196030,0,39291671,0
2021-09-08,187847,0,39479518,0
2021-09-09,201411,0,39680929,0
2021-09-10,198033,0,39878962,0
2021-09-11,141283,0,40020245,0
2021-09-12,89587,0,40109832,0
2021-09-13,191081,682,40300913,682
2021-09-14,177201,674,40478114,1356
2021-09-15,163079,667,40641193,2023
2021-09-16,160034,1028,40801227,3051
2021-09-17,150161,1186,40951388,4237
2021-09-18,127985,790,41079373,5027
2021-09-19,81139,517,41160512,5544
2021-09-20,180061,9150,41340573,14694
2021-09-21,166679,8872,41507252,23566
2021-09-22,159132,9472,41666384,33038
2021-09-23,138120,9367,41804504,42405
2021-09-24,140557,9026,41945061,51431
2021-09-25,119566,5687,42064627,57118
2021-09-26,72002,4371,42136629,61489
2021-09-27,135672,10101,42272301,71590
2021-09-28,117525,11442,42389826,83032
2021-09-29,112389,11861,42502215,94893
2021-09-30,110303,14994,42612518,109887
2021-10-01,95012,19147,42707530,129034
2021-10-02,78532,14049,42786062,143083
2021-10-03,47761,7673,42833823,150756
2021-10-04,88392,34500,42922215,185256
2021-10-05,80393,34026,43002608,219282
2021-10-06,72001,34229,43074609,253511
2021-10-07,71884,34386,43146493,287897
2021-10-08,80647,33636,43227140,321533
2021-10-09,76118,22206,43303258,343739
2021-10-10,45796,13633,43349054,357372
2021-10-11,87457,41141,43436511,398513
2021-10-12,84516,46948,43521027,445461
2021-10-13,88229,52179,43609256,497640
2021-10-14,91560,58567,43700816,556207
2021-10-15,93600,55697,43794416,611904
2021-10-16,82975,36839,43877391,648743
2021-10-17,51461,23868,43928852,672611
2021-10-18,90301,59540,44019153,732151
2021-10-19,78355,69430,44097508,801581
2021-10-20,75059,78228,44172567,879809
2021-10-21,78282,81837,44250849,961646
2021-10-22,73766,77097,44324615,1038743
2021-10-23,60839,51978,44385454,1090721
2021-10-24,33365,23487,44418819,1114208
2021-10-25,64903,81678,44483722,1195886
2021-10-26,58369,91854,44542091,1287740
2021-10-27,58316,104048,44600407,1391788
2021-10-28,61443,114178,44661850,1505966
2021-10-29,61619,103209,44723469,1609175
2021-10-30,50670,68165,44774139,1677340
2021-10-31,25157,28315,44799296,1705655
2021-11-01,19050,28161,44818346,1733816
2021-11-02,62738,89453,44881084,1823269
2021-11-03,60713,118721,44941797,1941990
2021-11-04,59237,126719,45001034,2068709
2021-11-05,63092,135239,45064126,2203948
2021-11-06,46494,90948,45110620,2294896
2021-11-07,22247,37909,45132867,2332805
2021-11-08,51522,131312,45184389,2464117
2021-11-09,45407,144240,45229796,2608357
2021-11-10,42594,156388,45272390,2764745
2021-11-11,44926,155192,45317316,2919937
2021-11-12,46304,158725,45363620,3078662
2021-11-13,33269,116686,45396889,3195348
2021-11-14,14490,52463,45411379,3247811
2021-11-15,36908,157459,45448287,3405270
2021-11-16,30567,171429,45478854,3576699
2021-11-17,28468,178472,45507322,3755171
2021-11-18,30297,193781,45537619,3948952
2021-11-19,28826,205900,45566445,4154852
2021-11-20,21013,156463,45587458,4311315
2021-11-21,10610,64873,45598068,4376188
2021-11-22,21963,213172,45620031,4589360
2021-11-23,23610,241806,45643641,4831166
2021-11-24,27774,271108,45671415,5102274
2021-11-25,23243,300963,45694658,5403237
2021-11-26,24602,318314,45719260,5721551
2021-11-27,21419,266181,45740679,5987732
2021-11-28,9912,137073,45750591,6124805
2021-11-29,22370,326082,45772961,6450887
2021-11-30,23123,365865,45796084,6816752
2021-12-01,21568,413548,45817652,7230300
2021-12-02,23800,440446,45841452,7670746
2021-12-03,25287,467551,45866739,8138297
2021-12-04,22396,418818,45889135,8557115
2021-12-05,11945,261372,45901080,8818487
2021-12-06,25855,457639,45926935,9276126
2021-12-07,24175,480314,45951110,9756440
2021-12-08,10034,249728,45961144,10006168
2021-12-09,31634,491973,45992778,10498141
2021-12-10,28113,517941,46020891,11016082
2021-12-11,23596,459290,46044487,11475372
2021-12-12,12327,293540,46056814,11768912
2021-12-13,26189,467667,46083003,12236579
2021-12-14,25215,494249,46108218,12730828
2021-12-15,25387,517189,46133605,13248017
2021-12-16,27943,520317,46161548,13768334
2021-12-17,29403,517233,46190951,14285567
2021-12-18,27119,468789,46218070,14754356
2021-12-19,15178,300549,46233248,15054905
2021-12-20,30687,477513,46263935,15532418
2021-12-21,30426,493455,46294361,16025873
2021-12-22,29498,484763,46323859,16510636
2021-12-23,28292,426976,46352151,16937612
2021-12-24,13130,210847,46365281,17148459
2021-12-25,2104,33053,46367385,17181512
2021-12-26,8787,159080,46376172,17340592
2021-12-27,46850,504712,46423022,17845304
2021-12-28,42514,554275,46465536,18399579
2021-12-29,34405,550697,46499941,18950276
2021-12-30,31904,499880,46531845,19450156
2021-12-31,14154,247410,46545999,19697566
2022-01-01,3503,64816,46549502,19762382
2022-01-02,22846,276728,46572348,20039110
2022-01-03,47963,520050,46620311,20559160
2022-01-04,46412,571620,46666723,21130780
2022-01-05,40872,560432,46707595,21691212
2022-01-06,23550,274490,46731145,21965702
2022-01-07,63822,554233,46794967,22519935
2022-01-08,61023,503430,46855990,23023365
2022-01-09,42992,319710,46898982,23343075
2022-01-10,61196,542335,46960178,23885410
2022-01-11,61886,587044,47022064,24472454
2022-01-12,58578,581321,47080642,25053775
2022-01-13,58620,579972,47139262,25633747
2022-01-14,46971,588631,47186233,26222378
2022-01-15,39627,570003,47225860,26792381
2022-01-16,31340,341903,47257200,27134284
2022-01-17,54873,489701,47312073,27623985
2022-01-18,58486,517061,47370559,28141046
2022-01-19,57287,502829,47427846,28643875
2022-01-20,54305,498446,47482151,29142321
2022-01-21,42200,493909,47524351,29636230
2022-01-22,31303,469090,47555654,30105320
2022-01-23,34995,275395,47590649,30380715
2022-01-24,56239,437259,47646888,30817974
2022-01-25,61516,451764,47708404,31269738
2022-01-26,58611,435852,47767015,31705590
2022-01-27,48909,432424,47815924,32138014
2022-01-28,58772,436576,47874696,32574590
2022-01-29,68204,412523,47942900,32987113
2022-01-30,50413,235995,47993313,33223108
2022-01-31,60729,356958,48054042,33580066
2022-02-01,65634,328473,48119676,33908539
2022-02-02,63255,297004,48182931,34205543
2022-02-03,60105,274543,48243036,34480086
2022-02-04,72422,268479,48315458,34748565
2022-02-05,83829,248564,48399287,34997129
2022-02-06,55309,116208,48454596,35113337
2022-02-07,65194,199950,48519790,35313287
2022-02-08,66963,186135,48586753,35499422
2022-02-09,58782,166357,48645535,35665779
2022-02-10,58601,163261,48704136,35829040
2022-02-11,62284,162484,48766420,35991524
2022-02-12,72019,152157,48838439,36143681
2022-02-13,41483,68861,48879922,36212542
2022-02-14,46713,116198,48926635,36328740
2022-02-15,48574,123483,48975209,36452223
2022-02-16,45704,106134,49020913,36558357
2022-02-17,42877,98129,49063790,36656486
2022-02-18,46640,112591,49110430,36769077
2022-02-19,52547,100344,49162977,36869421
2022-02-20,31416,40369,49194393,36909790
2022-02-21,37906,89661,49232299,36999451
2022-02-22,37228,83787,49269527,37083238
2022-02-23,33406,79409,49302933,37162647
2022-02-24,32563,78169,49335496,37240816
2022-02-25,34775,90717,49370271,37331533
2022-02-26,39169,89139,49409440,37420672
2022-02-27,22548,35861,49431988,37456533
2022-02-28,28493,81702,49460481,37538235
2022-03-01,22735,53945,49483216,37592180
2022-03-02,21939,50714,49505155,37642894
2022-03-03,22641,54947,49527796,37697841
2022-03-04,23246,62804,49551042,37760645
2022-03-05,23805,57954,49574847,37818599
2022-03-06,9473,17203,49584320,37835802
2022-03-07,15927,51392,49600247,37887194
2022-03-08,15482,48799,49615729,37935993
2022-03-09,13815,46518,49629544,37982511
2022-03-10,14055,52057,49643599,38034568
2022-03-11,15594,57277,49659193,38091845
2022-03-12,15513,56622,49674706,38148467
2022-03-13,5546,16852,49680252,38165319
2022-03-14,10528,46703,49690780,38212022
2022-03-15,10555,46895,49701335,38258917
2022-03-16,9487,41980,49710822,38300897
2022-03-17,9727,44879,49720549,38345776
2022-03-18,10164,49059,49730713,38394835
2022-03-19,9153,46541,49739866,38441376
2022-03-20,2608,11704,49742474,38453080
2022-03-21,7588,40233,49750062,38493313
2022-03-22,8448,37769,49758510,38531082
2022-03-23,7221,33701,49765731,38564783
2022-03-24,8262,38821,49773993,38603604
2022-03-25,8144,43675,49782137,38647279
2022-03-26,8128,41724,49790265,38689003
2022-03-27,2431,9683,49792696,38698686
2022-03-28,6113,35245,49798809,38733931
2022-03-29,5784,32533,49804593,38766464
2022-03-30,5568,30206,49810161,38796670
2022-03-31,5906,33188,49816067,38829858
2022-04-01,4351,25191,49820418,38855049
2022-04-02,4497,23275,49824915,38878324
2022-04-03,1049,4500,49825964,38882824
2022-04-04,3663,21546,49829627,38904370
2022-04-05,3759,22938,49833386,38927308
2022-04-06,4106,21852,49837492,38949160
2022-04-07,3971,23321,49841463,38972481
2022-04-08,4696,26716,49846159,38999197
2022-04-09,4382,23888,49850541,39023085
2022-04-10,893,4613,49851434,39027698
2022-04-11,3819,22691,49855253,39050389
2022-04-12,3364,21781,49858617,39072170
2022-04-13,3574,21337,49862191,39093507
2022-04-14,3487,23789,49865678,39117296
2022-04-15,3085,20624,49868763,39137920
2022-04-16,2153,11918,49870916,39149838
2022-04-17,63,348,49870979,39150186
2022-04-18,152,650,49871131,39150836
2022-04-19,3500,21988,49874631,39172824
2022-04-20,3513,20250,49878144,39193074
2022-04-21,2848,19793,49880992,39212867
2022-04-22,2927,20717,49883919,39233584
2022-04-23,2648,16222,49886567,39249806
2022-04-24,509,2335,49887076,39252141
2022-04-25,183,1165,49887259,39253306
2022-04-26,2761,17813,49890020,39271119
2022-04-27,2376,15795,49892396,39286914
2022-04-28,2363,15569,49894759,39302483
2022-04-29,2299,14850,49897058,39317333
2022-04-30,2123,11585,49899181,39328918
2022-05-01,113,531,49899294,39329449
2022-05-02,1451,9394,49900745,39338843
2022-05-03,1577,10326,49902322,39349169
2022-05-04,1747,10276,49904069,39359445
2022-05-05,1654,10301,49905723,39369746
2022-05-06,1703,10972,49907426,39380718
2022-05-07,1431,8575,49908857,39389293
2022-05-08,417,1526,49909274,39390819
2022-05-09,1028,8935,49910302,39399754
2022-05-10,1427,9554,49911729,39409308
2022-05-11,1486,10109,49913215,39419417
2022-05-12,1372,10137,49914587,39429554
2022-05-13,1596,10527,49916183,39440081
2022-05-14,1362,8248,49917545,39448329
2022-05-15,336,1138,49917881,39449467
2022-05-16,814,8409,49918695,39457876
2022-05-17,1244,8708,49919939,39466584
2022-05-18,1373,9256,49921312,39475840
2022-05-19,1502,9290,49922814,39485130
2022-05-20,1426,9535,49924240,39494665
2022-05-21,1302,7902,49925542,39502567
2022-05-22,231,1013,49925773,39503580
2022-05-23,830,8274,49926603,39511854
2022-05-24,1073,8674,49927676,39520528
2022-05-25,1372,9460,49929048,39529988
2022-05-26,1198,9480,49930246,39539468
2022-05-27,1234,9917,49931480,39549385
2022-05-28,1205,7890,49932685,39557275
2022-05-29,288,1265,49932973,39558540
2022-05-30,931,8061,49933904,39566601
2022-05-31,1039,8550,49934943,39575151
2022-06-01,896,7657,49935839,39582808
2022-06-02,35,474,49935874,39583282
2022-06-03,819,7334,49936693,39590616
2022-06-04,870,5162,49937563,39595778
2022-06-05,88,586,49937651,39596364
2022-06-06,679,7004,49938330,39603368
2022-06-07,952,7851,49939282,39611219
2022-06-08,981,7907,49940263,39619126
2022-06-09,1037,8418,49941300,39627544
2022-06-10,958,8563,49942258,39636107
2022-06-11,903,6206,49943161,39642313
2022-06-12,140,768,49943301,39643081
2022-06-13,602,6302,49943903,39649383
2022-06-14,833,7906,49944736,39657289
2022-06-15,960,7856,49945696,39665145
2022-06-16,733,7399,49946429,39672544
2022-06-17,723,7248,49947152,39679792
2022-06-18,779,5596,49947931,39685388
2022-06-19,49,521,49947980,39685909
2022-06-20,587,6699,49948567,39692608
2022-06-21,741,7664,49949308,39700272
2022-06-22,779,7313,49950087,39707585
2022-06-23,649,7473,49950736,39715058
2022-06-24,644,7475,49951380,39722533
2022-06-25,836,6533,49952216,39729066
2022-06-26,128,523,49952344,39729589
2022-06-27,534,7126,49952878,39736715
2022-06-28,748,8208,49953626,39744923
2022-06-29,756,7733,49954382,39752656
2022-06-30,748,8145,49955130,39760801
2022-07-01,577,6443,49955707,39767244
2022-07-02,536,4770,49956243,39772014
2022-07-03,49,456,49956292,39772470
2022-07-04,469,6278,49956761,39778748
2022-07-05,631,8122,49957392,39786870
2022-07-06,634,7611,49958026,39794481
2022-07-07,577,8274,49958603,39802755
2022-07-08,677,8086,49959280,39810841
2022-07-09,550,6105,49959830,39816946
2022-07-10,58,533,49959888,39817479
2022-07-11,493,7642,49960381,39825121
2022-07-12,669,9031,49961050,39834152
2022-07-13,645,10066,49961695,39844218
2022-07-14,637,10225,49962332,39854443
2022-07-15,627,10674,49962959,39865117
2022-07-16,523,7215,49963482,39872332
2022-07-17,48,770,49963530,39873102
2022-07-18,496,9377,49964026,39882479
2022-07-19,576,10684,49964602,39893163
2022-07-20,582,11277,49965184,39904440
2022-07-21,633,12094,49965817,39916534
2022-07-22,584,11261,49966401,39927795
2022-07-23,381,6775,49966782,39934570
2022-07-24,76,857,49966858,39935427
2022-07-25,504,9057,49967362,39944484
2022-07-26,522,9768,49967884,39954252
2022-07-27,554,10212,49968438,39964464
2022-07-28,533,10534,49968971,39974998
2022-07-29,510,9467,49969481,39984465
2022-07-30,383,5884,49969864,39990349
2022-07-31,49,764,49969913,39991113
2022-08-01,386,6865,49970299,39997978
2022-08-02,548,7590,49970847,40005568
2022-08-03,513,7182,49971360,40012750
2022-08-04,455,7493,49971815,40020243
2022-08-05,421,6529,49972236,40026772
2022-08-06,300,3613,49972536,40030385
2022-08-07,44,563,49972580,40030948
2022-08-08,403,4890,49972983,40035838
2022-08-09,381,5313,49973364,40041151
2022-08-10,385,4817,49973749,40045968
2022-08-11,370,4804,49974119,40050772
2022-08-12,295,3719,49974414,40054491
2022-08-13,143,1600,49974557,40056091
2022-08-14,9,129,49974566,40056220
2022-08-15,1,26,49974567,40056246
2022-08-16,284,3043,49974851,40059289
2022-08-17,352,3533,49975203,40062822
2022-08-18,394,4160,49975597,40066982
2022-08-19,341,3321,49975938,40070303
2022-08-20,184,1715,49976122,40072018
2022-08-21,24,149,49976146,40072167
2022-08-22,331,2952,49976477,40075119
2022-08-23,370,3674,49976847,40078793
2022-08-24,384,3360,49977231,40082153
2022-08-25,424,3773,49977655,40085926
2022-08-26,399,3585,49978054,40089511
2022-08-27,237,1770,49978291,40091281
2022-08-28,29,267,49978320,40091548
2022-08-29,354,3161,49978674,40094709
2022-08-30,406,3672,49979080,40098381
2022-08-31,438,3734,49979518,40102115
2022-09-01,353,3117,49979871,40105232
2022-09-02,297,2894,49980168,40108126
2022-09-03,200,1692,49980368,40109818
2022-09-04,24,149,49980392,40109967
2022-09-05,187,2656,49980579,40112623
2022-09-06,307,2985,49980886,40115608
2022-09-07,541,2938,49981427,40118546
2022-09-08,293,2964,49981720,40121510
2022-09-09,308,2886,49982028,40124396
2022-09-10,228,1327,49982256,40125723
2022-09-11,23,124,49982279,40125847
2022-09-12,267,2269,49982546,40128116
2022-09-13,253,2279,49982799,40130395
2022-09-14,266,2566,49983065,40132961
2022-09-15,284,2501,49983349,40135462
2022-09-16,255,2542,49983604,40138004
2022-09-17,239,1339,49983843,40139343
2022-09-18,20,170,49983863,40139513
2022-09-19,206,1971,49984069,40141484
2022-09-20,237,2392,49984306,40143876
2022-09-21,289,2526,49984595,40146402
2022-09-22,267,2663,49984862,40149065
2022-09-23,261,2546,49985123,40151611
2022-09-24,193,1427,49985316,40153038
2022-09-25,29,133,49985345,40153171
2022-09-26,281,2249,49985626,40155420
2022-09-27,287,2680,49985913,40158100
2022-09-28,310,2905,49986223,40161005
2022-09-29,257,3050,49986480,40164055
2022-09-30,292,2987,49986772,40167042
2022-10-01,195,1515,49986967,40168557
2022-10-02,12,187,49986979,40168744
2022-10-03,186,2475,49987165,40171219
2022-10-04,236,2861,49987401,40174080
2022-10-05,233,3254,49987634,40177334
2022-10-06,244,3872,49987878,40181206
2022-10-07,283,4185,49988161,40185391
2022-10-08,206,2268,49988367,40187659
2022-10-09,8,305,49988375,40187964
2022-10-10,214,3348,49988589,40191312
2022-10-11,195,4378,49988784,40195690
2022-10-12,211,4436,49988995,40200126
2022-10-13,207,5299,49989202,40205425
2022-10-14,233,5006,49989435,40210431
2022-10-15,191,2669,49989626,40213100
2022-10-16,6,360,49989632,40213460
2022-10-17,187,3873,49989819,40217333
2022-10-18,257,4959,49990076,40222292
2022-10-19,246,5477,49990322,40227769
2022-10-20,225,5995,49990547,40233764
2022-10-21,257,5475,49990804,40239239
2022-10-22,195,2911,49990999,40242150
2022-10-23,13,364,49991012,40242514
2022-10-24,171,3929,49991183,40246443
2022-10-25,256,4925,49991439,40251368
2022-10-26,350,5504,49991789,40256872
2022-10-27,240,5675,49992029,40262547
2022-10-28,199,5265,49992228,40267812
2022-10-29,128,2844,49992356,40270656
2022-10-30,3,328,49992359,40270984
2022-10-31,118,3039,49992477,40274023
2022-11-01,11,353,49992488,40274376
2022-11-02,146,3721,49992634,40278097
2022-11-03,172,4788,49992806,40282885
2022-11-04,228,4601,49993034,40287486
2022-11-05,145,2600,49993179,40290086
2022-11-06,10,261,49993189,40290347
2022-11-07,169,3227,49993358,40293574
2022-11-08,261,4254,49993619,40297828
2022-11-09,202,4335,49993821,40302163
2022-11-10,184,4599,49994005,40306762
2022-11-11,194,4231,49994199,40310993
2022-11-12,161,2378,49994360,40313371
2022-11-13,7,338,49994367,40313709
2022-11-14,150,2836,49994517,40316545
2022-11-15,204,3748,49994721,40320293
2022-11-16,217,4000,49994938,40324293
2022-11-17,194,4110,49995132,40328403
2022-11-18,248,4041,49995380,40332444
2022-11-19,112,2087,49995492,40334531
2022-11-20,24,317,49995516,40334848
2022-11-21,119,2621,49995635,40337469
2022-11-22,142,3222,49995777,40340691
2022-11-23,191,3633,49995968,40344324
2022-11-24,158,3846,49996126,40348170
2022-11-25,184,3781,49996310,40351951
2022-11-26,134,2094,49996444,40354045
2022-11-27,22,356,49996466,40354401
2022-11-28,182,2691,49996648,40357092
2022-11-29,257,3231,49996905,40360323
2022-11-30,183,3736,49997088,40364059
2022-12-01,151,3630,49997239,40367689
2022-12-02,162,3529,49997401,40371218
2022-12-03,106,1997,49997507,40373215
2022-12-04,5,290,49997512,40373505
2022-12-05,129,2856,49997641,40376361
2022-12-06,177,3656,49997818,40380017
2022-12-07,136,3132,49997954,40383149
2022-12-08,8,168,49997962,40383317
2022-12-09,164,3035,49998126,40386352
2022-12-10,71,1602,49998197,40387954
2022-12-11,7,193,49998204,40388147
2022-12-12,172,2534,49998376,40390681
2022-12-13,251,3050,49998627,40393731
2022-12-14,233,3238,49998860,40396969
2022-12-15,207,3290,49999067,40400259
2022-12-16,161,3213,49999228,40403472
2022-12-17,95,1692,49999323,40405164
2022-12-18,10,270,49999333,40405434
2022-12-19,149,2165,49999482,40407599
2022-12-20,213,2530,49999695,40410129
2022-12-21,159,2250,49999854,40412379
2022-12-22,140,1872,49999994,40414251
2022-12-23,153,1219,50000147,40415470
2022-12-24,32,161,50000179,40415631
2022-12-25,0,6,50000179,40415637
2022-12-26,6,42,50000185,40415679
2022-12-27,133,1552,50000318,40417231
2022-12-28,138,1778,50000456,40419009
2022-12-29,93,1707,50000549,40420716
2022-12-30,116,1612,50000665,40422328
2022-12-31,21,273,50000686,40422601
2023-01-01,0,6,50000686,40422607
2023-01-02,48,1125,50000734,40423732
2023-01-03,98,1899,50000832,40425631
2023-01-04,111,2009,50000943,40427640
2023-01-05,99,1905,50001042,40429545
2023-01-06,0,69,50001042,40429614
2023-01-07,51,686,50001093,40430300
2023-01-08,2,97,50001095,40430397
2023-01-09,129,1424,50001224,40431821
2023-01-10,128,1777,50001352,40433598
2023-01-11,116,1759,50001468,40435357
2023-01-12,114,1984,50001582,40437341
2023-01-13,106,1868,50001688,40439209
2023-01-14,64,935,50001752,40440144
2023-01-15,1,64,50001753,40440208
2023-01-16,35,1132,50001788,40441340
2023-01-17,108,1281,50001896,40442621
2023-01-18,76,1357,50001972,40443978
2023-01-19,55,765,50002027,40444743