data_somministrazione,vaccinazioni,booster,cum_vaccinazioni,cum_booster
2020-12-27,20,0,20,0
2020-12-28,2,0,22,0
2020-12-29,1,0,23,0
2020-12-30,10,0,33,0
2020-12-31,77,0,110,0
2021-01-01,25,0,135,0
2021-01-02,143,0,278,0
2021-01-03,105,0,383,0
2021-01-04,236,0,619,0
2021-01-05,280,0,899,0
2021-01-06,249,0,1148,0
2021-01-07,323,0,1471,0
2021-01-08,378,0,1849,0
2021-01-09,281,0,2130,0
2021-01-10,165,0,2295,0
2021-01-11,308,0,2603,0
2021-01-12,283,0,2886,0
2021-01-13,417,0,3303,0
2021-01-14,504,0,3807,0
2021-01-15,319,0,4126,0
2021-01-16,224,0,4350,0
2021-01-17,3063,0,7413,0
2021-01-18,5220,0,12633,0
2021-01-19,1894,0,14527,0
2021-01-20,4659,0,19186,0
2021-01-21,20005,0,39191,0
2021-01-22,14220,0,53411,0
2021-01-23,33324,0,86735,0
2021-01-24,30775,0,117510,0
2021-01-25,64705,0,182215,0
2021-01-26,76465,0,258680,0
2021-01-27,64810,0,323490,0
2021-01-28,89255,0,412745,0
2021-01-29,93996,0,506741,0
2021-01-30,86544,0,593285,0
2021-01-31,57325,0,650610,0
2021-02-01,81835,0,732445,0
2021-02-02,82135,0,814580,0
2021-02-03,91107,0,905687,0
2021-02-04,95383,0,1001070,0
2021-02-05,90267,0,1091337,0
2021-02-06,63449,0,1154786,0
2021-02-07,32934,0,1187720,0
2021-02-08,40421,0,1228141,0
2021-02-09,32879,0,1261020,0
2021-02-10,28435,0,1289455,0
2021-02-11,20405,0,1309860,0
2021-02-12,16251,0,1326111,0
2021-02-13,7279,0,1333390,0
2021-02-14,2862,0,1336252,0
2021-02-15,6847,0,1343099,0
2021-02-16,7004,0,1350103,0
2021-02-17,10526,0,1360629,0
2021-02-18,9256,0,1369885,0
2021-02-19,8258,0,1378143,0
2021-02-20,5577,0,1383720,0
2021-02-21,3014,0,1386734,0
2021-02-22,6883,0,1393617,0
2021-02-23,7187,0,1400804,0
2021-02-24,9812,0,1410616,0
2021-02-25,14213,0,1424829,0
2021-02-26,17559,0,1442388,0
2021-02-27,13920,0,1456308,0
2021-02-28,9396,0,1465704,0
2021-03-01,26527,0,1492231,0
2021-03-02,33248,0,1525479,0
2021-03-03,44649,0,1570128,0
2021-03-04,50302,0,1620430,0
2021-03-05,55743,0,1676173,0
2021-03-06,41880,0,1718053,0
2021-03-07,22331,0,1740384,0
2021-03-08,50836,0,1791220,0
2021-03-09,53091,0,1844311,0
2021-03-10,58687,0,1902998,0
2021-03-11,63884,0,1966882,0
2021-03-12,65137,0,2032019,0
2021-03-13,51729,0,2083748,0
2021-03-14,35423,0,2119171,0
2021-03-15,73459,0,2192630,0
2021-03-16,74030,0,2266660,0
2021-03-17,83141,0,2349801,0
2021-03-18,81629,0,2431430,0
2021-03-19,81089,0,2512519,0
2021-03-20,64737,0,2577256,0
2021-03-21,47309,0,2624565,0
2021-03-22,69501,0,2694066,0
2021-03-23,75815,0,2769881,0
2021-03-24,90923,0,2860804,0
2021-03-25,89822,0,2950626,0
2021-03-26,83640,0,3034266,0
2021-03-27,71957,0,3106223,0
2021-03-28,44183,0,3150406,0
2021-03-29,70848,0,3221254,0
2021-03-30,81407,0,3302661,0
2021-03-31,96258,0,3398919,0
2021-04-01,95329,0,3494248,0
2021-04-02,84085,0,3578333,0
2021-04-03,64304,0,3642637,0
2021-04-04,21724,0,3664361,0
2021-04-05,40318,0,3704679,0
2021-04-06,81336,0,3786015,0
2021-04-07,95840,0,3881855,0
2021-04-08,95259,0,3977114,0
2021-04-09,88501,0,4065615,0
2021-04-10,74035,0,4139650,0
2021-04-11,44769,0,4184419,0
2021-04-12,66922,0,4251341,0
2021-04-13,72594,0,4323935,0
2021-04-14,85550,0,4409485,0
2021-04-15,105425,0,4514910,0
2021-04-16,106431,0,4621341,0
2021-04-17,90528,0,4711869,0
2021-04-18,58596,0,4770465,0
2021-04-19,93436,0,4863901,0
2021-04-20,103776,0,4967677,0
2021-04-21,125342,0,5093019,0
2021-04-22,143524,0,5236543,0
2021-04-23,138749,0,5375292,0
2021-04-24,124454,0,5499746,0
2021-04-25,61471,0,5561217,0
2021-04-26,97909,0,5659126,0
2021-04-27,128374,0,5787500,0
2021-04-28,156392,0,5943892,0
2021-04-29,195621,0,6139513,0
2021-04-30,214612,0,6354125,0
2021-05-01,174141,0,6528266,0
2021-05-02,135809,0,6664075,0
2021-05-03,142067,0,6806142,0
2021-05-04,158712,0,6964854,0
2021-05-05,170545,0,7135399,0
2021-05-06,197822,0,7333221,0
2021-05-07,213873,0,7547094,0
2021-05-08,213440,0,7760534,0
2021-05-09,143217,0,7903751,0
2021-05-10,165101,0,8068852,0
2021-05-11,175009,0,8243861,0
2021-05-12,179223,0,8423084,0
2021-05-13,203422,0,8626506,0
2021-05-14,222943,0,8849449,0
2021-05-15,210392,0,9059841,0
2021-05-16,159285,0,9219126,0
2021-05-17,219221,0,9438347,0
2021-05-18,213032,0,9651379,0
2021-05-19,207103,0,9858482,0
2021-05-20,270888,0,10129370,0
2021-05-21,270915,0,10400285,0
2021-05-22,245545,0,10645830,0
2021-05-23,197188,0,10843018,0
2021-05-24,228310,0,11071328,0
2021-05-25,245702,0,11317030,0
2021-05-26,277515,0,11594545,0
2021-05-27,311105,0,11905650,0
2021-05-28,299589,0,12205239,0
2021-05-29,231250,0,12436489,0
2021-05-30,170853,0,12607342,0
2021-05-31,216438,0,12823780,0
2021-06-01,207638,0,13031418,0
2021-06-02,115805,0,13147223,0
2021-06-03,180176,0,13327399,0
2021-06-04,184919,0,13512318,0
2021-06-05,185999,0,13698317,0
2021-06-06,139587,0,13837904,0
2021-06-07,161903,0,13999807,0
2021-06-08,171284,0,14171091,0
2021-06-09,171524,0,14342615,0
2021-06-10,174158,0,14516773,0
2021-06-11,170028,0,14686801,0
2021-06-12,128394,0,14815195,0
2021-06-13,91231,0,14906426,0
2021-06-14,214707,0,15121133,0
2021-06-15,228463,0,15349596,0
2021-06-16,253115,0,15602711,0
2021-06-17,301777,0,15904488,0
2021-06-18,306327,0,16210815,0
2021-06-19,275120,0,16485935,0
2021-06-20,220822,0,16706757,0
2021-06-21,288100,0,16994857,0
2021-06-22,296248,0,17291105,0
2021-06-23,302703,0,17593808,0
2021-06-24,332621,0,17926429,0
2021-06-25,348732,0,18275161,0
2021-06-26,300150,0,18575311,0
2021-06-27,228693,0,18804004,0
2021-06-28,307152,0,19111156,0
2021-06-29,329334,0,19440490,0
2021-06-30,342222,0,19782712,0
2021-07-01,363243,0,20145955,0
2021-07-02,368507,0,20514462,0
2021-07-03,371104,0,20885566,0
2021-07-04,283239,0,21168805,0
2021-07-05,384566,0,21553371,0
2021-07-06,385495,0,21938866,0
2021-07-07,412138,0,22351004,0
2021-07-08,479589,0,22830593,0
2021-07-09,498464,0,23329057,0
2021-07-10,475168,0,23804225,0
2021-07-11,357699,0,24161924,0
2021-07-12,485877,0,24647801,0
2021-07-13,492078,0,25139879,0
2021-07-14,480433,0,25620312,0
2021-07-15,523425,0,26143737,0
2021-07-16,509750,0,26653487,0
2021-07-17,464320,0,27117807,0
2021-07-18,364637,0,27482444,0
2021-07-19,463033,0,27945477,0
2021-07-20,458044,0,28403521,0
2021-07-21,462791,0,28866312,0
2021-07-22,475377,0,29341689,0
2021-07-23,441317,0,29783006,0
2021-07-24,386145,0,30169151,0
2021-07-25,287553,0,30456704,0
2021-07-26,430888,0,30887592,0
2021-07-27,440109,0,31327701,0
2021-07-28,391016,0,31718717,0
2021-07-29,372073,0,32090790,0
2021-07-30,341518,0,32432308,0
2021-07-31,287046,0,32719354,0
2021-08-01,190999,0,32910353,0
2021-08-02,333704,0,33244057,0
2021-08-03,323187,0,33567244,0
2021-08-04,310983,0,33878227,0
2021-08-05,292484,0,34170711,0
2021-08-06,260037,0,34430748,0
2021-08-07,199062,0,34629810,0
2021-08-08,153108,0,34782918,0
2021-08-09,234085,0,35017003,0
2021-08-10,205279,0,35222282,0
2021-08-11,193790,0,35416072,0
2021-08-12,168061,0,35584133,0
2021-08-13,148666,0,35732799,0
2021-08-14,66103,0,35798902,0
2021-08-15,26343,0,35825245,0
2021-08-16,114714,0,35939959,0
2021-08-17,129253,0,36069212,0
2021-08-18,128768,0,36197980,0
2021-08-19,124850,0,36322830,0
2021-08-20,123798,0,36446628,0
2021-08-21,83132,0,36529760,0
2021-08-22,68180,0,36597940,0
2021-08-23,176874,0,36774814,0
2021-08-24,156892,0,36931706,0
2021-08-25,177172,0,37108878,0
2021-08-26,172354,0,37281232,0
2021-08-27,185832,0,37467064,0
2021-08-28,140291,0,37607355,0
2021-08-29,98993,0,37706348,0
2021-08-30,209583,0,37915931,0
2021-08-31,194641,0,38110572,0
2021-09-01,192217,0,38302789,0
2021-09-02,189933,0,38492722,0
2021-09-03,191286,0,38684008,0
2021-09-04,131446,0,38815454,0
2021-09-05,87845,0,38903299,0
2021-09-06,193605,0,39096904,0
2021-09-07,196037,0,39292941,0
2021-09-08,187864,0,39480805,0
2021-09-09,201421,0,39682226,0
2021-09-10,198054,0,39880280,0
2021-09-11,141293,0,40021573,0
2021-09-12,89591,0,40111164,0
2021-09-13,191108,643,40302272,643
2021-09-14,177217,646,40479489,1289
2021-09-15,163078,649,40642567,1938
2021-09-16,160045,998,40802612,2936
2021-09-17,150155,1169,40952767,4105
2021-09-18,127979,776,41080746,4881
2021-09-19,81144,508,41161890,5389
2021-09-20,180065,9126,41341955,14515
2021-09-21,166672,8862,41508627,23377
2021-09-22,159112,9462,41667739,32839
2021-09-23,138103,9357,41805842,42196
2021-09-24,140550,9013,41946392,51209
2021-09-25,119562,5673,42065954,56882
2021-09-26,71991,4365,42137945,61247
2021-09-27,135664,10083,42273609,71330
2021-09-28,117518,11423,42391127,82753
2021-09-29,112376,11850,42503503,94603
2021-09-30,110286,14980,42613789,109583
2021-10-01,94992,19144,42708781,128727
2021-10-02,78519,14043,42787300,142770
2021-10-03,47760,7669,42835060,150439
2021-10-04,88391,34482,42923451,184921
2021-10-05,80378,34018,43003829,218939
2021-10-06,72008,34208,43075837,253147
2021-10-07,71880,34370,43147717,287517
2021-10-08,80639,33621,43228356,321138
2021-10-09,76115,22194,43304471,343332
2021-10-10,45789,13631,43350260,356963
2021-10-11,87448,41131,43437708,398094
2021-10-12,84517,46933,43522225,445027
2021-10-13,88216,52164,43610441,497191
2021-10-14,91554,58555,43701995,555746
2021-10-15,93601,55675,43795596,611421
2021-10-16,82971,36823,43878567,648244
2021-10-17,51462,23861,43930029,672105
2021-10-18,90302,59519,44020331,731624
2021-10-19,78356,69406,44098687,801030
2021-10-20,75061,78211,44173748,879241
2021-10-21,78287,81812,44252035,961053
2021-10-22,73767,77081,44325802,1038134
2021-10-23,60835,51973,44386637,1090107
2021-10-24,33369,23479,44420006,1113586
2021-10-25,64895,81666,44484901,1195252
2021-10-26,58376,91832,44543277,1287084
2021-10-27,58315,104030,44601592,1391114
2021-10-28,61446,114155,44663038,1505269
2021-10-29,61635,103182,44724673,1608451
2021-10-30,50676,68145,44775349,1676596
2021-10-31,25160,28310,44800509,1704906
2021-11-01,19049,28158,44819558,1733064
2021-11-02,62741,89435,44882299,1822499
2021-11-03,60714,118701,44943013,1941200
2021-11-04,59238,126700,45002251,2067900
2021-11-05,63092,135223,45065343,2203123
2021-11-06,46490,90939,45111833,2294062
2021-11-07,22248,37906,45134081,2331968
2021-11-08,51528,131292,45185609,2463260
2021-11-09,45401,144237,45231010,2607497
2021-11-10,42594,156373,45273604,2763870
2021-11-11,44928,155172,45318532,2919042
2021-11-12,46296,158700,45364828,3077742
2021-11-13,33266,116679,45398094,3194421
2021-11-14,14492,52459,45412586,3246880
2021-11-15,36908,157443,45449494,3404323
2021-11-16,30567,171403,45480061,3575726
2021-11-17,28469,178459,45508530,3754185
2021-11-18,30292,193762,45538822,3947947
2021-11-19,28820,205883,45567642,4153830
2021-11-20,21011,156457,45588653,4310287
2021-11-21,10610,64872,45599263,4375159
2021-11-22,21959,213160,45621222,4588319
2021-11-23,23603,241801,45644825,4830120
2021-11-24,27769,271093,45672594,5101213
2021-11-25,23266,301936,45695860,5403149
2021-11-26,24598,318308,45720458,5721457
2021-11-27,21411,266171,45741869,5987628
2021-11-28,9909,137070,45751778,6124698
2021-11-29,22366,326073,45774144,6450771
2021-11-30,23118,365862,45797262,6816633
2021-12-01,21555,413531,45818817,7230164
2021-12-02,23793,440440,45842610,7670604
2021-12-03,25274,467531,45867884,8138135
2021-12-04,22392,418799,45890276,8556934
2021-12-05,11943,261365,45902219,8818299
2021-12-06,25845,457630,45928064,9275929
2021-12-07,24163,480301,45952227,9756230
2021-12-08,10030,249721,45962257,10005951
2021-12-09,31619,491963,45993876,10497914
2021-12-10,28101,517928,46021977,11015842
2021-12-11,23589,459277,46045566,11475119
2021-12-12,12322,293528,46057888,11768647
2021-12-13,26176,467655,46084064,12236302
2021-12-14,25204,494236,46109268,12730538
2021-12-15,25369,517189,46134637,13247727
2021-12-16,27927,520301,46162564,13768028
2021-12-17,29395,517216,46191959,14285244
2021-12-18,27116,468777,46219075,14754021
2021-12-19,15171,300542,46234246,15054563
2021-12-20,30670,477508,46264916,15532071
2021-12-21,30413,493437,46295329,16025508
2021-12-22,29487,484751,46324816,16510259
2021-12-23,28286,426959,46353102,16937218
2021-12-24,13125,210842,46366227,17148060
2021-12-25,2104,33053,46368331,17181113
2021-12-26,8776,159077,46377107,17340190
2021-12-27,46847,504692,46423954,17844882
2021-12-28,42507,554255,46466461,18399137
2021-12-29,34391,550677,46500852,18949814
2021-12-30,31892,499865,46532744,19449679
2021-12-31,14148,247407,46546892,19697086
2022-01-01,3499,64815,46550391,19761901
2022-01-02,22829,276727,46573220,20038628
2022-01-03,47940,520035,46621160,20558663
2022-01-04,46472,572102,46667632,21130765
2022-01-05,40843,560423,46708475,21691188
2022-01-06,23536,274491,46732011,21965679
2022-01-07,63798,554221,46795809,22519900
2022-01-08,60967,503411,46856776,23023311
2022-01-09,42957,319700,46899733,23343011
2022-01-10,61173,542324,46960906,23885335
2022-01-11,61842,587037,47022748,24472372
2022-01-12,58548,581307,47081296,25053679
2022-01-13,58710,580431,47140006,25634110
2022-01-14,46933,588612,47186939,26222722
2022-01-15,39562,569984,47226501,26792706
2022-01-16,31312,341892,47257813,27134598
2022-01-17,54851,489688,47312664,27624286
2022-01-18,58467,517054,47371131,28141340
2022-01-19,57265,502823,47428396,28644163
2022-01-20,54417,498861,47482813,29143024
2022-01-21,42180,493897,47524993,29636921
2022-01-22,31297,469619,47556290,30106540
2022-01-23,34983,275391,47591273,30381931
2022-01-24,56231,437245,47647504,30819176
2022-01-25,61598,452131,47709102,31271307
2022-01-26,58589,435848,47767691,31707155
2022-01-27,48888,432401,47816579,32139556
2022-01-28,58750,436560,47875329,32576116
2022-01-29,68188,412516,47943517,32988632
2022-01-30,50409,235985,47993926,33224617
2022-01-31,60703,356946,48054629,33581563
2022-02-01,65615,328465,48120244,33910028
2022-02-02,63248,296994,48183492,34207022
2022-02-03,60090,274534,48243582,34481556
2022-02-04,72410,268471,48315992,34750027
2022-02-05,83818,248550,48399810,34998577
2022-02-06,55308,116208,48455118,35114785
2022-02-07,65180,199945,48520298,35314730
2022-02-08,66955,186127,48587253,35500857
2022-02-09,58774,166353,48646027,35667210
2022-02-10,58598,163249,48704625,35830459
2022-02-11,62275,162476,48766900,35992935
2022-02-12,72008,152155,48838908,36145090
2022-02-13,41483,68855,48880391,36213945
2022-02-14,46714,116190,48927105,36330135
2022-02-15,48565,123481,48975670,36453616
2022-02-16,45687,106129,49021357,36559745
2022-02-17,42873,98120,49064230,36657865
2022-02-18,46635,112582,49110865,36770447
2022-02-19,52546,100339,49163411,36870786
2022-02-20,31417,40366,49194828,36911152
2022-02-21,37899,89658,49232727,37000810
2022-02-22,37224,83784,49269951,37084594
2022-02-23,33401,79410,49303352,37164004
2022-02-24,32561,78166,49335913,37242170
2022-02-25,34771,90715,49370684,37332885
2022-02-26,39162,89135,49409846,37422020
2022-02-27,22548,35857,49432394,37457877
2022-02-28,28487,81696,49460881,37539573
2022-03-01,22727,53942,49483608,37593515
2022-03-02,21934,50711,49505542,37644226
2022-03-03,22635,54947,49528177,37699173
2022-03-04,23242,62800,49551419,37761973
2022-03-05,23803,57952,49575222,37819925
2022-03-06,9474,17201,49584696,37837126
2022-03-07,15924,51391,49600620,37888517
2022-03-08,15481,48795,49616101,37937312
2022-03-09,13816,46517,49629917,37983829
2022-03-10,14057,52125,49643974,38035954
2022-03-11,15590,57271,49659564,38093225
2022-03-12,15510,56619,49675074,38149844
2022-03-13,5545,16852,49680619,38166696
2022-03-14,10528,46701,49691147,38213397
2022-03-15,10552,46894,49701699,38260291
2022-03-16,9482,41973,49711181,38302264
2022-03-17,9723,44876,49720904,38347140
2022-03-18,10161,49058,49731065,38396198
2022-03-19,9152,46537,49740217,38442735
2022-03-20,2608,11704,49742825,38454439
2022-03-21,7581,40227,49750406,38494666
2022-03-22,8448,37766,49758854,38532432
2022-03-23,7218,33700,49766072,38566132
2022-03-24,8259,38820,49774331,38604952
2022-03-25,8142,43671,49782473,38648623
2022-03-26,8127,41722,49790600,38690345
2022-03-27,2431,9683,49793031,38700028
2022-03-28,6112,35241,49799143,38735269
2022-03-29,5780,32531,49804923,38767800
2022-03-30,5567,30204,49810490,38798004
2022-03-31,5903,33186,49816393,38831190
2022-04-01,4349,25189,49820742,38856379
2022-04-02,4497,23275,49825239,38879654
2022-04-03,1049,4500,49826288,38884154
2022-04-04,3660,21544,49829948,38905698
2022-04-05,3757,22937,49833705,38928635
2022-04-06,4105,21852,49837810,38950487
2022-04-07,3970,23320,49841780,38973807
2022-04-08,4696,26714,49846476,39000521
2022-04-09,4382,23888,49850858,39024409
2022-04-10,893,4613,49851751,39029022
2022-04-11,3819,22689,49855570,39051711
2022-04-12,3365,21779,49858935,39073490
2022-04-13,3570,21336,49862505,39094826
2022-04-14,3487,23787,49865992,39118613
2022-04-15,3083,20621,49869075,39139234
2022-04-16,2151,11918,49871226,39151152
2022-04-17,63,348,49871289,39151500
2022-04-18,152,650,49871441,39152150
2022-04-19,3499,21984,49874940,39174134
2022-04-20,3512,20251,49878452,39194385
2022-04-21,2848,19791,49881300,39214176
2022-04-22,2928,20712,49884228,39234888
2022-04-23,2647,16221,49886875,39251109
2022-04-24,509,2334,49887384,39253443
2022-04-25,183,1165,49887567,39254608
2022-04-26,2759,17810,49890326,39272418
2022-04-27,2374,15795,49892700,39288213
2022-04-28,2361,15562,49895061,39303775
2022-04-29,2297,14849,49897358,39318624
2022-04-30,2123,11583,49899481,39330207
2022-05-01,113,531,49899594,39330738
2022-05-02,1451,9391,49901045,39340129
2022-05-03,1577,10321,49902622,39350450
2022-05-04,1745,10271,49904367,39360721
2022-05-05,1654,10296,49906021,39371017
2022-05-06,1702,10969,49907723,39381986
2022-05-07,1431,8570,49909154,39390556
2022-05-08,416,1524,49909570,39392080
2022-05-09,1028,8929,49910598,39401009
2022-05-10,1426,9548,49912024,39410557
2022-05-11,1484,10104,49913508,39420661
2022-05-12,1372,10130,49914880,39430791
2022-05-13,1596,10518,49916476,39441309
2022-05-14,1360,8239,49917836,39449548
2022-05-15,336,1135,49918172,39450683
2022-05-16,814,8404,49918986,39459087
2022-05-17,1244,8697,49920230,39467784
2022-05-18,1372,9235,49921602,39477019
2022-05-19,1500,9282,49923102,39486301
2022-05-20,1422,9532,49924524,39495833
2022-05-21,1301,7900,49925825,39503733
2022-05-22,231,1014,49926056,39504747
2022-05-23,830,8271,49926886,39513018
2022-05-24,1073,8672,49927959,39521690
2022-05-25,1372,9459,49929331,39531149
2022-05-26,1196,9479,49930527,39540628
2022-05-27,1232,9915,49931759,39550543
2022-05-28,1205,7887,49932964,39558430
2022-05-29,288,1265,49933252,39559695
2022-05-30,930,8057,49934182,39567752
2022-05-31,1038,8548,49935220,39576300
2022-06-01,893,7656,49936113,39583956
2022-06-02,35,474,49936148,39584430
2022-06-03,817,7334,49936965,39591764
2022-06-04,870,5162,49937835,39596926
2022-06-05,89,586,49937924,39597512
2022-06-06,678,7003,49938602,39604515
2022-06-07,952,7849,49939554,39612364
2022-06-08,981,7907,49940535,39620271
2022-06-09,1036,8417,49941571,39628688
2022-06-10,958,8563,49942529,39637251
2022-06-11,903,6207,49943432,39643458
2022-06-12,140,768,49943572,39644226
2022-06-13,602,6301,49944174,39650527
2022-06-14,832,7902,49945006,39658429
2022-06-15,960,7855,49945966,39666284
2022-06-16,733,7396,49946699,39673680
2022-06-17,724,7249,49947423,39680929
2022-06-18,777,5594,49948200,39686523
2022-06-19,49,521,49948249,39687044
2022-06-20,587,6699,49948836,39693743
2022-06-21,741,7663,49949577,39701406
2022-06-22,780,7312,49950357,39708718
2022-06-23,648,7472,49951005,39716190
2022-06-24,644,7474,49951649,39723664
2022-06-25,835,6533,49952484,39730197
2022-06-26,128,523,49952612,39730720
2022-06-27,534,7125,49953146,39737845
2022-06-28,747,8207,49953893,39746052
2022-06-29,756,7731,49954649,39753783
2022-06-30,747,8144,49955396,39761927
2022-07-01,577,6443,49955973,39768370
2022-07-02,536,4769,49956509,39773139
2022-07-03,49,456,49956558,39773595
2022-07-04,469,6277,49957027,39779872
2022-07-05,631,8118,49957658,39787990
2022-07-06,633,7611,49958291,39795601
2022-07-07,575,8271,49958866,39803872
2022-07-08,674,8083,49959540,39811955
2022-07-09,550,6105,49960090,39818060
2022-07-10,58,533,49960148,39818593
2022-07-11,491,7639,49960639,39826232
2022-07-12,667,9030,49961306,39835262
2022-07-13,644,10067,49961950,39845329
2022-07-14,637,10225,49962587,39855554
2022-07-15,626,10667,49963213,39866221
2022-07-16,522,7215,49963735,39873436
2022-07-17,48,770,49963783,39874206
2022-07-18,496,9372,49964279,39883578
2022-07-19,575,10684,49964854,39894262
2022-07-20,580,11274,49965434,39905536
2022-07-21,629,12088,49966063,39917624
2022-07-22,584,11258,49966647,39928882
2022-07-23,381,6773,49967028,39935655
2022-07-24,76,857,49967104,39936512
2022-07-25,503,9051,49967607,39945563
2022-07-26,520,9761,49968127,39955324
2022-07-27,552,10208,49968679,39965532
2022-07-28,533,10533,49969212,39976065
2022-07-29,511,9465,49969723,39985530
2022-07-30,383,5881,49970106,39991411
2022-07-31,49,764,49970155,39992175
2022-08-01,386,6864,49970541,39999039
2022-08-02,545,7589,49971086,40006628
2022-08-03,512,7179,49971598,40013807
2022-08-04,455,7489,49972053,40021296
2022-08-05,421,6527,49972474,40027823
2022-08-06,299,3613,49972773,40031436
2022-08-07,44,561,49972817,40031997
2022-08-08,403,4890,49973220,40036887
2022-08-09,381,5311,49973601,40042198
2022-08-10,384,4817,49973985,40047015
2022-08-11,369,4803,49974354,40051818
2022-08-12,293,3720,49974647,40055538
2022-08-13,143,1600,49974790,40057138
2022-08-14,9,129,49974799,40057267
2022-08-15,1,26,49974800,40057293
2022-08-16,282,3043,49975082,40060336
2022-08-17,352,3536,49975434,40063872
2022-08-18,392,4160,49975826,40068032
2022-08-19,341,3319,49976167,40071351
2022-08-20,183,1715,49976350,40073066
2022-08-21,24,149,49976374,40073215
2022-08-22,329,2952,49976703,40076167
2022-08-23,370,3674,49977073,40079841
2022-08-24,384,3360,49977457,40083201
2022-08-25,422,3774,49977879,40086975
2022-08-26,400,3574,49978279,40090549
2022-08-27,237,1769,49978516,40092318
2022-08-28,29,267,49978545,40092585
2022-08-29,354,3161,49978899,40095746
2022-08-30,403,3671,49979302,40099417
2022-08-31,438,3734,49979740,40103151
2022-09-01,353,3116,49980093,40106267
2022-09-02,296,2893,49980389,40109160
2022-09-03,200,1689,49980589,40110849
2022-09-04,24,149,49980613,40110998
2022-09-05,187,2656,49980800,40113654
2022-09-06,305,2981,49981105,40116635
2022-09-07,540,2937,49981645,40119572
2022-09-08,292,2962,49981937,40122534
2022-09-09,305,2886,49982242,40125420
2022-09-10,227,1326,49982469,40126746
2022-09-11,23,124,49982492,40126870
2022-09-12,267,2267,49982759,40129137
2022-09-13,252,2276,49983011,40131413
2022-09-14,266,2566,49983277,40133979
2022-09-15,282,2499,49983559,40136478
2022-09-16,254,2546,49983813,40139024
2022-09-17,239,1339,49984052,40140363
2022-09-18,20,170,49984072,40140533
2022-09-19,206,1970,49984278,40142503
2022-09-20,236,2391,49984514,40144894
2022-09-21,289,2526,49984803,40147420
2022-09-22,266,2662,49985069,40150082
2022-09-23,259,2543,49985328,40152625
2022-09-24,193,1427,49985521,40154052
2022-09-25,29,133,49985550,40154185
2022-09-26,280,2248,49985830,40156433
2022-09-27,287,2683,49986117,40159116
2022-09-28,310,2903,49986427,40162019
2022-09-29,257,3049,49986684,40165068
2022-09-30,292,2989,49986976,40168057
2022-10-01,195,1515,49987171,40169572
2022-10-02,12,187,49987183,40169759
2022-10-03,183,2473,49987366,40172232
2022-10-04,236,2864,49987602,40175096
2022-10-05,229,3249,49987831,40178345
2022-10-06,243,3874,49988074,40182219
2022-10-07,282,4187,49988356,40186406
2022-10-08,202,2270,49988558,40188676
2022-10-09,8,305,49988566,40188981
2022-10-10,210,3356,49988776,40192337
2022-10-11,192,4379,49988968,40196716
2022-10-12,209,4439,49989177,40201155
2022-10-13,201,5304,49989378,40206459
2022-10-14,232,5021,49989610,40211480
2022-10-15,190,2671,49989800,40214151
2022-10-16,6,360,49989806,40214511
2022-10-17,185,3871,49989991,40218382
2022-10-18,257,4964,49990248,40223346
2022-10-19,244,5478,49990492,40228824
2022-10-20,224,5993,49990716,40234817
2022-10-21,250,5475,49990966,40240292
2022-10-22,195,2910,49991161,40243202
2022-10-23,13,364,49991174,40243566
2022-10-24,171,3926,49991345,40247492
2022-10-25,253,4925,49991598,40252417
2022-10-26,345,5499,49991943,40257916
2022-10-27,240,5669,49992183,40263585
2022-10-28,198,5260,49992381,40268845
2022-10-29,128,2844,49992509,40271689
2022-10-30,3,328,49992512,40272017
2022-10-31,117,3035,49992629,40275052
2022-11-01,11,353,49992640,40275405
2022-11-02,143,3715,49992783,40279120
2022-11-03,174,4782,49992957,40283902
2022-11-04,224,4595,49993181,40288497
2022-11-05,144,2594,49993325,40291091
2022-11-06,10,259,49993335,40291350
2022-11-07,170,3222,49993505,40294572
2022-11-08,259,4239,49993764,40298811
2022-11-09,197,4324,49993961,40303135
2022-11-10,182,4577,49994143,40307712
2022-11-11,192,4215,49994335,40311927
2022-11-12,154,2363,49994489,40314290
2022-11-13,7,335,49994496,40314625
2022-11-14,150,2835,49994646,40317460
2022-11-15,201,3737,49994847,40321197
2022-11-16,216,3972,49995063,40325169
2022-11-17,193,4078,49995256,40329247
2022-11-18,247,4003,49995503,40333250
2022-11-19,112,2091,49995615,40335341
2022-11-20,24,314,49995639,40335655
2022-11-21,118,2608,49995757,40338263
2022-11-22,141,3199,49995898,40341462
2022-11-23,192,3608,49996090,40345070
2022-11-24,155,3796,49996245,40348866
2022-11-25,184,3735,49996429,40352601
2022-11-26,130,2087,49996559,40354688
2022-11-27,22,356,49996581,40355044
2022-11-28,177,2664,49996758,40357708
2022-11-29,183,3197,49996941,40360905
2022-11-30,174,3680,49997115,40364585
2022-12-01,222,3555,49997337,40368140
2022-12-02,154,3475,49997491,40371615
2022-12-03,101,1935,49997592,40373550
2022-12-04,5,290,49997597,40373840
2022-12-05,123,2735,49997720,40376575
2022-12-06,163,3491,49997883,40380066
2022-12-07,126,2822,49998009,40382888
2022-12-08,7,120,49998016,40383008