data_somministrazione,vaccinazioni,booster,cum_vaccinazioni,cum_booster
2020-12-27,20,0,20,0
2020-12-28,2,0,22,0
2020-12-29,1,0,23,0
2020-12-30,8,0,31,0
2020-12-31,71,0,102,0
2021-01-01,23,0,125,0
2021-01-02,125,0,250,0
2021-01-03,87,0,337,0
2021-01-04,212,0,549,0
2021-01-05,253,0,802,0
2021-01-06,218,0,1020,0
2021-01-07,303,0,1323,0
2021-01-08,349,0,1672,0
2021-01-09,260,0,1932,0
2021-01-10,157,0,2089,0
2021-01-11,280,0,2369,0
2021-01-12,270,0,2639,0
2021-01-13,399,0,3038,0
2021-01-14,484,0,3522,0
2021-01-15,302,0,3824,0
2021-01-16,213,0,4037,0
2021-01-17,3060,0,7097,0
2021-01-18,5211,0,12308,0
2021-01-19,1893,0,14201,0
2021-01-20,4655,0,18856,0
2021-01-21,19999,0,38855,0
2021-01-22,14206,0,53061,0
2021-01-23,33319,0,86380,0
2021-01-24,30782,0,117162,0
2021-01-25,64723,0,181885,0
2021-01-26,76491,0,258376,0
2021-01-27,64825,0,323201,0
2021-01-28,89275,0,412476,0
2021-01-29,94013,0,506489,0
2021-01-30,86558,0,593047,0
2021-01-31,57329,0,650376,0
2021-02-01,81856,0,732232,0
2021-02-02,82141,0,814373,0
2021-02-03,91192,0,905565,0
2021-02-04,95395,0,1000960,0
2021-02-05,90272,0,1091232,0
2021-02-06,63444,0,1154676,0
2021-02-07,32929,0,1187605,0
2021-02-08,40426,0,1228031,0
2021-02-09,32866,0,1260897,0
2021-02-10,28422,0,1289319,0
2021-02-11,20398,0,1309717,0
2021-02-12,16237,0,1325954,0
2021-02-13,7267,0,1333221,0
2021-02-14,2861,0,1336082,0
2021-02-15,6840,0,1342922,0
2021-02-16,6998,0,1349920,0
2021-02-17,10522,0,1360442,0
2021-02-18,9252,0,1369694,0
2021-02-19,8246,0,1377940,0
2021-02-20,5560,0,1383500,0
2021-02-21,2999,0,1386499,0
2021-02-22,6884,0,1393383,0
2021-02-23,7168,0,1400551,0
2021-02-24,9831,0,1410382,0
2021-02-25,14211,0,1424593,0
2021-02-26,17555,0,1442148,0
2021-02-27,13910,0,1456058,0
2021-02-28,9388,0,1465446,0
2021-03-01,26515,0,1491961,0
2021-03-02,33238,0,1525199,0
2021-03-03,44644,0,1569843,0
2021-03-04,50291,0,1620134,0
2021-03-05,55731,0,1675865,0
2021-03-06,41870,0,1717735,0
2021-03-07,22323,0,1740058,0
2021-03-08,50823,0,1790881,0
2021-03-09,53072,0,1843953,0
2021-03-10,58649,0,1902602,0
2021-03-11,63861,0,1966463,0
2021-03-12,65109,0,2031572,0
2021-03-13,51717,0,2083289,0
2021-03-14,35396,0,2118685,0
2021-03-15,73440,0,2192125,0
2021-03-16,74028,0,2266153,0
2021-03-17,83132,0,2349285,0
2021-03-18,81622,0,2430907,0
2021-03-19,81082,0,2511989,0
2021-03-20,64721,0,2576710,0
2021-03-21,47296,0,2624006,0
2021-03-22,69476,0,2693482,0
2021-03-23,75799,0,2769281,0
2021-03-24,90912,0,2860193,0
2021-03-25,89799,0,2949992,0
2021-03-26,83620,0,3033612,0
2021-03-27,71937,0,3105549,0
2021-03-28,44145,0,3149694,0
2021-03-29,70824,0,3220518,0
2021-03-30,81384,0,3301902,0
2021-03-31,96237,0,3398139,0
2021-04-01,95308,0,3493447,0
2021-04-02,84072,0,3577519,0
2021-04-03,64305,0,3641824,0
2021-04-04,21718,0,3663542,0
2021-04-05,40310,0,3703852,0
2021-04-06,81311,0,3785163,0
2021-04-07,95830,0,3880993,0
2021-04-08,95234,0,3976227,0
2021-04-09,88488,0,4064715,0
2021-04-10,74030,0,4138745,0
2021-04-11,44762,0,4183507,0
2021-04-12,66918,0,4250425,0
2021-04-13,72573,0,4322998,0
2021-04-14,85538,0,4408536,0
2021-04-15,105417,0,4513953,0
2021-04-16,106416,0,4620369,0
2021-04-17,90514,0,4710883,0
2021-04-18,58589,0,4769472,0
2021-04-19,93430,0,4862902,0
2021-04-20,103768,0,4966670,0
2021-04-21,125339,0,5092009,0
2021-04-22,143517,0,5235526,0
2021-04-23,138737,0,5374263,0
2021-04-24,124444,0,5498707,0
2021-04-25,61456,0,5560163,0
2021-04-26,97894,0,5658057,0
2021-04-27,128361,0,5786418,0
2021-04-28,156368,0,5942786,0
2021-04-29,195595,0,6138381,0
2021-04-30,214576,0,6352957,0
2021-05-01,174115,0,6527072,0
2021-05-02,135803,0,6662875,0
2021-05-03,142035,0,6804910,0
2021-05-04,158695,0,6963605,0
2021-05-05,170499,0,7134104,0
2021-05-06,197807,0,7331911,0
2021-05-07,213845,0,7545756,0
2021-05-08,213409,0,7759165,0
2021-05-09,143199,0,7902364,0
2021-05-10,165087,0,8067451,0
2021-05-11,174988,0,8242439,0
2021-05-12,179182,0,8421621,0
2021-05-13,203382,0,8625003,0
2021-05-14,222910,0,8847913,0
2021-05-15,210358,0,9058271,0
2021-05-16,159272,0,9217543,0
2021-05-17,219192,0,9436735,0
2021-05-18,213017,0,9649752,0
2021-05-19,207085,0,9856837,0
2021-05-20,270859,0,10127696,0
2021-05-21,270887,0,10398583,0
2021-05-22,245524,0,10644107,0
2021-05-23,197178,0,10841285,0
2021-05-24,228304,0,11069589,0
2021-05-25,245694,0,11315283,0
2021-05-26,277491,0,11592774,0
2021-05-27,311083,0,11903857,0
2021-05-28,299572,0,12203429,0
2021-05-29,231219,0,12434648,0
2021-05-30,170840,0,12605488,0
2021-05-31,216420,0,12821908,0
2021-06-01,207630,0,13029538,0
2021-06-02,115789,0,13145327,0
2021-06-03,180137,0,13325464,0
2021-06-04,184876,0,13510340,0
2021-06-05,185955,0,13696295,0
2021-06-06,139545,0,13835840,0
2021-06-07,161868,0,13997708,0
2021-06-08,171211,0,14168919,0
2021-06-09,171472,0,14340391,0
2021-06-10,174092,0,14514483,0
2021-06-11,169972,0,14684455,0
2021-06-12,128322,0,14812777,0
2021-06-13,91183,0,14903960,0
2021-06-14,214674,0,15118634,0
2021-06-15,228417,0,15347051,0
2021-06-16,253073,0,15600124,0
2021-06-17,301732,0,15901856,0
2021-06-18,306295,0,16208151,0
2021-06-19,275084,0,16483235,0
2021-06-20,220777,0,16704012,0
2021-06-21,288074,0,16992086,0
2021-06-22,296218,0,17288304,0
2021-06-23,302687,0,17590991,0
2021-06-24,332593,0,17923584,0
2021-06-25,348710,0,18272294,0
2021-06-26,300120,0,18572414,0
2021-06-27,228661,0,18801075,0
2021-06-28,307090,0,19108165,0
2021-06-29,329282,0,19437447,0
2021-06-30,342162,0,19779609,0
2021-07-01,363205,0,20142814,0
2021-07-02,368467,0,20511281,0
2021-07-03,371089,0,20882370,0
2021-07-04,283210,0,21165580,0
2021-07-05,384545,0,21550125,0
2021-07-06,385465,0,21935590,0
2021-07-07,412120,0,22347710,0
2021-07-08,479613,0,22827323,0
2021-07-09,498478,0,23325801,0
2021-07-10,475186,0,23800987,0
2021-07-11,357699,0,24158686,0
2021-07-12,485900,0,24644586,0
2021-07-13,492125,0,25136711,0
2021-07-14,480468,0,25617179,0
2021-07-15,523463,0,26140642,0
2021-07-16,509763,0,26650405,0
2021-07-17,464350,0,27114755,0
2021-07-18,364655,0,27479410,0
2021-07-19,463061,0,27942471,0
2021-07-20,458065,0,28400536,0
2021-07-21,462793,0,28863329,0
2021-07-22,475394,0,29338723,0
2021-07-23,441317,0,29780040,0
2021-07-24,386169,0,30166209,0
2021-07-25,287562,0,30453771,0
2021-07-26,430877,0,30884648,0
2021-07-27,440126,0,31324774,0
2021-07-28,391013,0,31715787,0
2021-07-29,372077,0,32087864,0
2021-07-30,341508,0,32429372,0
2021-07-31,287025,0,32716397,0
2021-08-01,191000,0,32907397,0
2021-08-02,333712,0,33241109,0
2021-08-03,323188,0,33564297,0
2021-08-04,310975,0,33875272,0
2021-08-05,292503,0,34167775,0
2021-08-06,260006,0,34427781,0
2021-08-07,199046,0,34626827,0
2021-08-08,153111,0,34779938,0
2021-08-09,234067,0,35014005,0
2021-08-10,205247,0,35219252,0
2021-08-11,193766,0,35413018,0
2021-08-12,168025,0,35581043,0
2021-08-13,148628,0,35729671,0
2021-08-14,66093,0,35795764,0
2021-08-15,26338,0,35822102,0
2021-08-16,114699,0,35936801,0
2021-08-17,129241,0,36066042,0
2021-08-18,128749,0,36194791,0
2021-08-19,124811,0,36319602,0
2021-08-20,123795,0,36443397,0
2021-08-21,83128,0,36526525,0
2021-08-22,68172,0,36594697,0
2021-08-23,176870,0,36771567,0
2021-08-24,156896,0,36928463,0
2021-08-25,177171,0,37105634,0
2021-08-26,172358,0,37277992,0
2021-08-27,185836,0,37463828,0
2021-08-28,140274,0,37604102,0
2021-08-29,98993,0,37703095,0
2021-08-30,209604,0,37912699,0
2021-08-31,194639,0,38107338,0
2021-09-01,192207,0,38299545,0
2021-09-02,189934,0,38489479,0
2021-09-03,191306,0,38680785,0
2021-09-04,131468,0,38812253,0
2021-09-05,87857,0,38900110,0
2021-09-06,193633,0,39093743,0
2021-09-07,196040,0,39289783,0
2021-09-08,187884,0,39477667,0
2021-09-09,201449,0,39679116,0
2021-09-10,198080,0,39877196,0
2021-09-11,141305,0,40018501,0
2021-09-12,89600,0,40108101,0
2021-09-13,191137,590,40299238,590
2021-09-14,177235,607,40476473,1197
2021-09-15,163099,612,40639572,1809
2021-09-16,160080,954,40799652,2763
2021-09-17,150169,1134,40949821,3897
2021-09-18,127983,750,41077804,4647
2021-09-19,81135,499,41158939,5146
2021-09-20,180078,9095,41339017,14241
2021-09-21,166650,8842,41505667,23083
2021-09-22,159086,9447,41664753,32530
2021-09-23,138078,9338,41802831,41868
2021-09-24,140539,8976,41943370,50844
2021-09-25,119556,5651,42062926,56495
2021-09-26,71968,4350,42134894,60845
2021-09-27,135653,10058,42270547,70903
2021-09-28,117508,11401,42388055,82304
2021-09-29,112354,11834,42500409,94138
2021-09-30,110250,14961,42610659,109099
2021-10-01,94986,19119,42705645,128218
2021-10-02,78502,14030,42784147,142248
2021-10-03,47745,7663,42831892,149911
2021-10-04,88375,34465,42920267,184376
2021-10-05,80370,33992,43000637,218368
2021-10-06,71997,34183,43072634,252551
2021-10-07,71859,34360,43144493,286911
2021-10-08,80632,33599,43225125,320510
2021-10-09,76100,22183,43301225,342693
2021-10-10,45777,13620,43347002,356313
2021-10-11,87435,41115,43434437,397428
2021-10-12,84496,46917,43518933,444345
2021-10-13,88195,52130,43607128,496475
2021-10-14,91549,58526,43698677,555001
2021-10-15,93600,55643,43792277,610644
2021-10-16,82965,36799,43875242,647443
2021-10-17,51461,23840,43926703,671283
2021-10-18,90303,59495,44017006,730778
2021-10-19,78346,69386,44095352,800164
2021-10-20,75067,78186,44170419,878350
2021-10-21,78294,81775,44248713,960125
2021-10-22,73784,77045,44322497,1037170
2021-10-23,60826,51963,44383323,1089133
2021-10-24,33374,23466,44416697,1112599
2021-10-25,64905,81640,44481602,1194239
2021-10-26,58370,91813,44539972,1286052
2021-10-27,58332,103997,44598304,1390049
2021-10-28,61460,114126,44659764,1504175
2021-10-29,61642,103148,44721406,1607323
2021-10-30,50676,68124,44772082,1675447
2021-10-31,25162,28300,44797244,1703747
2021-11-01,19047,28152,44816291,1731899
2021-11-02,62747,89399,44879038,1821298
2021-11-03,60728,118673,44939766,1939971
2021-11-04,59247,126679,44999013,2066650
2021-11-05,63094,135195,45062107,2201845
2021-11-06,46483,90933,45108590,2292778
2021-11-07,22253,37897,45130843,2330675
2021-11-08,51531,131277,45182374,2461952
2021-11-09,45397,144217,45227771,2606169
2021-11-10,42584,156359,45270355,2762528
2021-11-11,44935,155142,45315290,2917670
2021-11-12,46377,158587,45361667,3076257
2021-11-13,33262,116658,45394929,3192915
2021-11-14,14489,52454,45409418,3245369
2021-11-15,36900,157437,45446318,3402806
2021-11-16,30559,171386,45476877,3574192
2021-11-17,28465,178446,45505342,3752638
2021-11-18,30281,193736,45535623,3946374
2021-11-19,28811,205861,45564434,4152235
2021-11-20,20998,156453,45585432,4308688
2021-11-21,10611,64860,45596043,4373548
2021-11-22,21943,213156,45617986,4586704
2021-11-23,23579,241761,45641565,4828465
2021-11-24,27846,270969,45669411,5099434
2021-11-25,23240,301918,45692651,5401352
2021-11-26,24585,318275,45717236,5719627
2021-11-27,21386,266156,45738622,5985783
2021-11-28,9903,137059,45748525,6122842
2021-11-29,22339,326076,45770864,6448918
2021-11-30,23101,365825,45793965,6814743
2021-12-01,21528,413520,45815493,7228263
2021-12-02,23772,440416,45839265,7668679
2021-12-03,25266,467483,45864531,8136162
2021-12-04,22376,418759,45886907,8554921
2021-12-05,11933,261349,45898840,8816270
2021-12-06,25821,457595,45924661,9273865
2021-12-07,24143,480270,45948804,9754135
2021-12-08,10008,249698,45958812,10003833
2021-12-09,31593,491942,45990405,10495775
2021-12-10,28078,517895,46018483,11013670
2021-12-11,23572,459259,46042055,11472929
2021-12-12,12309,293514,46054364,11766443
2021-12-13,26162,467639,46080526,12234082
2021-12-14,25176,494217,46105702,12728299
2021-12-15,25343,517159,46131045,13245458
2021-12-16,27892,520267,46158937,13765725
2021-12-17,29368,517188,46188305,14282913
2021-12-18,27072,468739,46215377,14751652
2021-12-19,15154,300532,46230531,15052184
2021-12-20,30642,477492,46261173,15529676
2021-12-21,30390,493393,46291563,16023069
2021-12-22,29458,484718,46321021,16507787
2021-12-23,28262,426916,46349283,16934703
2021-12-24,13115,210835,46362398,17145538
2021-12-25,2101,33053,46364499,17178591
2021-12-26,8765,159071,46373264,17337662
2021-12-27,46809,504668,46420073,17842330
2021-12-28,42462,554225,46462535,18396555
2021-12-29,34361,550653,46496896,18947208
2021-12-30,31855,499837,46528751,19447045
2021-12-31,14128,247396,46542879,19694441
2022-01-01,3496,64815,46546375,19759256
2022-01-02,22783,276723,46569158,20035979
2022-01-03,47871,520020,46617029,20555999
2022-01-04,46395,572089,46663424,21128088
2022-01-05,40772,560398,46704196,21688486
2022-01-06,23497,274487,46727693,21962973
2022-01-07,63721,554193,46791414,22517166
2022-01-08,60883,503393,46852297,23020559
2022-01-09,42879,319684,46895176,23340243
2022-01-10,61104,542291,46956280,23882534
2022-01-11,61740,586994,47018020,24469528
2022-01-12,58461,581278,47076481,25050806
2022-01-13,58621,580386,47135102,25631192
2022-01-14,46827,588569,47181929,26219761
2022-01-15,39431,569940,47221360,26789701
2022-01-16,31241,341859,47252601,27131560
2022-01-17,54792,489661,47307393,27621221
2022-01-18,58401,517016,47365794,28138237
2022-01-19,57203,502788,47422997,28641025
2022-01-20,54349,498826,47477346,29139851
2022-01-21,42099,493870,47519445,29633721
2022-01-22,31208,469593,47550653,30103314
2022-01-23,34940,275368,47585593,30378682
2022-01-24,56187,437223,47641780,30815905
2022-01-25,61558,452111,47703338,31268016
2022-01-26,58549,435829,47761887,31703845
2022-01-27,48845,432368,47810732,32136213
2022-01-28,58703,436536,47869435,32572749
2022-01-29,68135,412486,47937570,32985235
2022-01-30,50376,235964,47987946,33221199
2022-01-31,60625,356931,48048571,33578130
2022-02-01,65557,328443,48114128,33906573
2022-02-02,63201,296974,48177329,34203547
2022-02-03,60057,274515,48237386,34478062
2022-02-04,72380,268453,48309766,34746515
2022-02-05,83776,248529,48393542,34995044
2022-02-06,55288,116201,48448830,35111245
2022-02-07,65145,199937,48513975,35311182
2022-02-08,66928,186111,48580903,35497293
2022-02-09,58759,166334,48639662,35663627
2022-02-10,58572,163237,48698234,35826864
2022-02-11,62246,162463,48760480,35989327
2022-02-12,71977,152139,48832457,36141466
2022-02-13,41471,68850,48873928,36210316
2022-02-14,46688,116186,48920616,36326502
2022-02-15,48531,123476,48969147,36449978
2022-02-16,45677,106117,49014824,36556095
2022-02-17,42860,98105,49057684,36654200
2022-02-18,46621,112570,49104305,36766770
2022-02-19,52533,100329,49156838,36867099
2022-02-20,31411,40360,49188249,36907459
2022-02-21,37885,89647,49226134,36997106
2022-02-22,37217,83773,49263351,37080879
2022-02-23,33391,79405,49296742,37160284
2022-02-24,32548,78161,49329290,37238445
2022-02-25,34755,90708,49364045,37329153
2022-02-26,39155,89130,49403200,37418283
2022-02-27,22543,35856,49425743,37454139
2022-02-28,28478,81689,49454221,37535828
2022-03-01,22718,53939,49476939,37589767
2022-03-02,21996,50627,49498935,37640394
2022-03-03,22615,54940,49521550,37695334
2022-03-04,23228,62794,49544778,37758128
2022-03-05,23795,57951,49568573,37816079
2022-03-06,9470,17200,49578043,37833279
2022-03-07,15911,51387,49593954,37884666
2022-03-08,15472,48794,49609426,37933460
2022-03-09,13812,46517,49623238,37979977
2022-03-10,14048,52114,49637286,38032091
2022-03-11,15580,57260,49652866,38089351
2022-03-12,15501,56615,49668367,38145966
2022-03-13,5542,16850,49673909,38162816
2022-03-14,10520,46693,49684429,38209509
2022-03-15,10537,46890,49694966,38256399
2022-03-16,9476,41972,49704442,38298371
2022-03-17,9712,44871,49714154,38343242
2022-03-18,10157,49054,49724311,38392296
2022-03-19,9147,46531,49733458,38438827
2022-03-20,2608,11700,49736066,38450527
2022-03-21,7578,40223,49743644,38490750
2022-03-22,8447,37756,49752091,38528506
2022-03-23,7212,33699,49759303,38562205
2022-03-24,8256,38799,49767559,38601004
2022-03-25,8133,43660,49775692,38644664
2022-03-26,8125,41720,49783817,38686384
2022-03-27,2429,9681,49786246,38696065
2022-03-28,6106,35236,49792352,38731301
2022-03-29,5774,32527,49798126,38763828
2022-03-30,5564,30200,49803690,38794028
2022-03-31,5890,33181,49809580,38827209
2022-04-01,4347,25186,49813927,38852395
2022-04-02,4493,23274,49818420,38875669
2022-04-03,1049,4499,49819469,38880168
2022-04-04,3655,21535,49823124,38901703
2022-04-05,3755,22927,49826879,38924630
2022-04-06,4101,21848,49830980,38946478
2022-04-07,3964,23320,49834944,38969798
2022-04-08,4691,26709,49839635,38996507
2022-04-09,4381,23884,49844016,39020391
2022-04-10,891,4614,49844907,39025005
2022-04-11,3814,22685,49848721,39047690
2022-04-12,3359,21777,49852080,39069467
2022-04-13,3562,21333,49855642,39090800
2022-04-14,3485,23784,49859127,39114584
2022-04-15,3084,20617,49862211,39135201
2022-04-16,2149,11918,49864360,39147119
2022-04-17,63,348,49864423,39147467
2022-04-18,151,650,49864574,39148117
2022-04-19,3496,21977,49868070,39170094
2022-04-20,3507,20249,49871577,39190343
2022-04-21,2843,19783,49874420,39210126
2022-04-22,2926,20695,49877346,39230821
2022-04-23,2642,16217,49879988,39247038
2022-04-24,509,2334,49880497,39249372
2022-04-25,183,1165,49880680,39250537
2022-04-26,2756,17801,49883436,39268338
2022-04-27,2371,15788,49885807,39284126
2022-04-28,2356,15555,49888163,39299681
2022-04-29,2292,14836,49890455,39314517
2022-04-30,2122,11577,49892577,39326094
2022-05-01,113,530,49892690,39326624
2022-05-02,1450,9388,49894140,39336012
2022-05-03,1575,10312,49895715,39346324
2022-05-04,1746,10259,49897461,39356583
2022-05-05,1652,10278,49899113,39366861
2022-05-06,1700,10950,49900813,39377811
2022-05-07,1431,8563,49902244,39386374
2022-05-08,405,1514,49902649,39387888
2022-05-09,1027,8918,49903676,39396806
2022-05-10,1422,9541,49905098,39406347
2022-05-11,1483,10090,49906581,39416437
2022-05-12,1369,10121,49907950,39426558
2022-05-13,1590,10510,49909540,39437068
2022-05-14,1356,8228,49910896,39445296
2022-05-15,336,1129,49911232,39446425
2022-05-16,811,8392,49912043,39454817
2022-05-17,1243,8674,49913286,39463491
2022-05-18,1372,9224,49914658,39472715
2022-05-19,1500,9270,49916158,39481985
2022-05-20,1422,9498,49917580,39491483
2022-05-21,1299,7892,49918879,39499375
2022-05-22,231,1012,49919110,39500387
2022-05-23,829,8262,49919939,39508649
2022-05-24,1073,8664,49921012,39517313
2022-05-25,1369,9444,49922381,39526757
2022-05-26,1195,9455,49923576,39536212
2022-05-27,1227,9912,49924803,39546124
2022-05-28,1203,7874,49926006,39553998
2022-05-29,286,1264,49926292,39555262
2022-05-30,929,8031,49927221,39563293
2022-05-31,1034,8532,49928255,39571825
2022-06-01,890,7644,49929145,39579469
2022-06-02,35,474,49929180,39579943
2022-06-03,817,7328,49929997,39587271
2022-06-04,870,5156,49930867,39592427
2022-06-05,89,586,49930956,39593013
2022-06-06,675,6986,49931631,39599999
2022-06-07,951,7842,49932582,39607841
2022-06-08,983,7901,49933565,39615742
2022-06-09,1036,8400,49934601,39624142
2022-06-10,957,8552,49935558,39632694
2022-06-11,901,6206,49936459,39638900
2022-06-12,140,767,49936599,39639667
2022-06-13,602,6295,49937201,39645962
2022-06-14,827,7882,49938028,39653844
2022-06-15,954,7844,49938982,39661688
2022-06-16,729,7389,49939711,39669077
2022-06-17,720,7242,49940431,39676319
2022-06-18,777,5588,49941208,39681907
2022-06-19,47,522,49941255,39682429
2022-06-20,587,6695,49941842,39689124
2022-06-21,734,7654,49942576,39696778
2022-06-22,780,7307,49943356,39704085
2022-06-23,651,7459,49944007,39711544
2022-06-24,643,7472,49944650,39719016
2022-06-25,835,6532,49945485,39725548
2022-06-26,128,523,49945613,39726071
2022-06-27,531,7122,49946144,39733193
2022-06-28,745,8193,49946889,39741386
2022-06-29,756,7722,49947645,39749108
2022-06-30,745,8132,49948390,39757240
2022-07-01,576,6437,49948966,39763677
2022-07-02,536,4766,49949502,39768443
2022-07-03,49,456,49949551,39768899
2022-07-04,471,6274,49950022,39775173
2022-07-05,628,8112,49950650,39783285
2022-07-06,630,7607,49951280,39790892
2022-07-07,570,8264,49951850,39799156
2022-07-08,671,8079,49952521,39807235
2022-07-09,550,6103,49953071,39813338
2022-07-10,58,533,49953129,39813871
2022-07-11,487,7639,49953616,39821510
2022-07-12,665,9026,49954281,39830536
2022-07-13,640,10063,49954921,39840599
2022-07-14,636,10219,49955557,39850818
2022-07-15,624,10663,49956181,39861481
2022-07-16,522,7209,49956703,39868690
2022-07-17,48,769,49956751,39869459
2022-07-18,497,9350,49957248,39878809
2022-07-19,573,10657,49957821,39889466
2022-07-20,578,11258,49958399,39900724
2022-07-21,627,12040,49959026,39912764
2022-07-22,582,11228,49959608,39923992
2022-07-23,379,6744,49959987,39930736
2022-07-24,76,834,49960063,39931570
2022-07-25,501,9034,49960564,39940604
2022-07-26,519,9728,49961083,39950332
2022-07-27,550,10158,49961633,39960490
2022-07-28,527,10481,49962160,39970971
2022-07-29,510,9426,49962670,39980397
2022-07-30,381,5852,49963051,39986249
2022-07-31,49,745,49963100,39986994
2022-08-01,386,6824,49963486,39993818
2022-08-02,540,7526,49964026,40001344
2022-08-03,511,7142,49964537,40008486
2022-08-04,454,7439,49964991,40015925
2022-08-05,419,6489,49965410,40022414
2022-08-06,298,3582,49965708,40025996
2022-08-07,44,551,49965752,40026547
2022-08-08,401,4874,49966153,40031421
2022-08-09,383,5269,49966536,40036690
2022-08-10,378,4789,49966914,40041479
2022-08-11,364,4756,49967278,40046235
2022-08-12,292,3698,49967570,40049933
2022-08-13,143,1597,49967713,40051530
2022-08-14,9,128,49967722,40051658
2022-08-15,1,26,49967723,40051684
2022-08-16,283,3028,49968006,40054712
2022-08-17,351,3512,49968357,40058224
2022-08-18,389,4142,49968746,40062366
2022-08-19,341,3309,49969087,40065675
2022-08-20,183,1710,49969270,40067385
2022-08-21,24,146,49969294,40067531
2022-08-22,329,2940,49969623,40070471
2022-08-23,371,3656,49969994,40074127
2022-08-24,382,3344,49970376,40077471
2022-08-25,419,3753,49970795,40081224
2022-08-26,395,3562,49971190,40084786
2022-08-27,235,1769,49971425,40086555
2022-08-28,29,260,49971454,40086815
2022-08-29,353,3148,49971807,40089963
2022-08-30,402,3646,49972209,40093609
2022-08-31,436,3716,49972645,40097325
2022-09-01,352,3097,49972997,40100422
2022-09-02,294,2883,49973291,40103305
2022-09-03,199,1684,49973490,40104989
2022-09-04,22,147,49973512,40105136
2022-09-05,186,2646,49973698,40107782
2022-09-06,301,2984,49973999,40110766
2022-09-07,540,2912,49974539,40113678
2022-09-08,288,2946,49974827,40116624
2022-09-09,301,2852,49975128,40119476
2022-09-10,227,1325,49975355,40120801
2022-09-11,21,123,49975376,40120924
2022-09-12,267,2203,49975643,40123127
2022-09-13,248,2267,49975891,40125394
2022-09-14,261,2551,49976152,40127945
2022-09-15,279,2480,49976431,40130425
2022-09-16,252,2530,49976683,40132955
2022-09-17,239,1339,49976922,40134294
2022-09-18,20,170,49976942,40134464
2022-09-19,205,1965,49977147,40136429
2022-09-20,235,2371,49977382,40138800
2022-09-21,289,2508,49977671,40141308
2022-09-22,258,2625,49977929,40143933
2022-09-23,248,2317,49978177,40146250
2022-09-24,194,1426,49978371,40147676
2022-09-25,28,134,49978399,40147810
2022-09-26,280,2238,49978679,40150048
2022-09-27,280,2627,49978959,40152675
2022-09-28,307,2869,49979266,40155544
2022-09-29,250,3025,49979516,40158569
2022-09-30,289,2942,49979805,40161511
2022-10-01,193,1492,49979998,40163003
2022-10-02,11,187,49980009,40163190
2022-10-03,179,2451,49980188,40165641
2022-10-04,232,2808,49980420,40168449
2022-10-05,222,3175,49980642,40171624
2022-10-06,240,3763,49980882,40175387
2022-10-07,282,4081,49981164,40179468
2022-10-08,196,2206,49981360,40181674
2022-10-09,8,287,49981368,40181961
2022-10-10,205,3272,49981573,40185233
2022-10-11,189,4211,49981762,40189444
2022-10-12,199,4154,49981961,40193598
2022-10-13,166,4926,49982127,40198524
2022-10-14,210,4623,49982337,40203147
2022-10-15,161,1917,49982498,40205064