data_somministrazione,vaccinazioni,booster,cum_vaccinazioni,cum_booster
2020-12-27,21,0,21,0
2020-12-28,2,0,23,0
2020-12-29,1,0,24,0
2020-12-30,9,0,33,0
2020-12-31,80,0,113,0
2021-01-01,26,0,139,0
2021-01-02,148,0,287,0
2021-01-03,112,0,399,0
2021-01-04,245,0,644,0
2021-01-05,287,0,931,0
2021-01-06,260,0,1191,0
2021-01-07,330,0,1521,0
2021-01-08,383,0,1904,0
2021-01-09,287,0,2191,0
2021-01-10,170,0,2361,0
2021-01-11,311,0,2672,0
2021-01-12,289,0,2961,0
2021-01-13,421,0,3382,0
2021-01-14,506,0,3888,0
2021-01-15,324,0,4212,0
2021-01-16,225,0,4437,0
2021-01-17,3065,0,7502,0
2021-01-18,5220,0,12722,0
2021-01-19,1895,0,14617,0
2021-01-20,4659,0,19276,0
2021-01-21,20004,0,39280,0
2021-01-22,14220,0,53500,0
2021-01-23,33319,0,86819,0
2021-01-24,30775,0,117594,0
2021-01-25,64698,0,182292,0
2021-01-26,76459,0,258751,0
2021-01-27,64804,0,323555,0
2021-01-28,89245,0,412800,0
2021-01-29,93992,0,506792,0
2021-01-30,86541,0,593333,0
2021-01-31,57322,0,650655,0
2021-02-01,81834,0,732489,0
2021-02-02,82130,0,814619,0
2021-02-03,91104,0,905723,0
2021-02-04,95381,0,1001104,0
2021-02-05,90266,0,1091370,0
2021-02-06,63451,0,1154821,0
2021-02-07,32935,0,1187756,0
2021-02-08,40421,0,1228177,0
2021-02-09,32880,0,1261057,0
2021-02-10,28439,0,1289496,0
2021-02-11,20407,0,1309903,0
2021-02-12,16252,0,1326155,0
2021-02-13,7280,0,1333435,0
2021-02-14,2862,0,1336297,0
2021-02-15,6850,0,1343147,0
2021-02-16,7007,0,1350154,0
2021-02-17,10527,0,1360681,0
2021-02-18,9258,0,1369939,0
2021-02-19,8259,0,1378198,0
2021-02-20,5581,0,1383779,0
2021-02-21,3015,0,1386794,0
2021-02-22,6883,0,1393677,0
2021-02-23,7190,0,1400867,0
2021-02-24,9815,0,1410682,0
2021-02-25,14213,0,1424895,0
2021-02-26,17561,0,1442456,0
2021-02-27,13925,0,1456381,0
2021-02-28,9397,0,1465778,0
2021-03-01,26531,0,1492309,0
2021-03-02,33248,0,1525557,0
2021-03-03,44652,0,1570209,0
2021-03-04,50302,0,1620511,0
2021-03-05,55745,0,1676256,0
2021-03-06,41885,0,1718141,0
2021-03-07,22332,0,1740473,0
2021-03-08,50841,0,1791314,0
2021-03-09,53095,0,1844409,0
2021-03-10,58697,0,1903106,0
2021-03-11,63894,0,1967000,0
2021-03-12,65142,0,2032142,0
2021-03-13,51733,0,2083875,0
2021-03-14,35427,0,2119302,0
2021-03-15,73464,0,2192766,0
2021-03-16,74029,0,2266795,0
2021-03-17,83143,0,2349938,0
2021-03-18,81632,0,2431570,0
2021-03-19,81090,0,2512660,0
2021-03-20,64741,0,2577401,0
2021-03-21,47310,0,2624711,0
2021-03-22,69506,0,2694217,0
2021-03-23,75820,0,2770037,0
2021-03-24,90938,0,2860975,0
2021-03-25,89830,0,2950805,0
2021-03-26,83644,0,3034449,0
2021-03-27,71962,0,3106411,0
2021-03-28,44190,0,3150601,0
2021-03-29,70849,0,3221450,0
2021-03-30,81420,0,3302870,0
2021-03-31,96268,0,3399138,0
2021-04-01,95339,0,3494477,0
2021-04-02,84090,0,3578567,0
2021-04-03,64314,0,3642881,0
2021-04-04,21726,0,3664607,0
2021-04-05,40323,0,3704930,0
2021-04-06,81348,0,3786278,0
2021-04-07,95848,0,3882126,0
2021-04-08,95264,0,3977390,0
2021-04-09,88510,0,4065900,0
2021-04-10,74039,0,4139939,0
2021-04-11,44774,0,4184713,0
2021-04-12,66928,0,4251641,0
2021-04-13,72600,0,4324241,0
2021-04-14,85561,0,4409802,0
2021-04-15,105428,0,4515230,0
2021-04-16,106435,0,4621665,0
2021-04-17,90532,0,4712197,0
2021-04-18,58597,0,4770794,0
2021-04-19,93448,0,4864242,0
2021-04-20,103782,0,4968024,0
2021-04-21,125344,0,5093368,0
2021-04-22,143539,0,5236907,0
2021-04-23,138764,0,5375671,0
2021-04-24,124453,0,5500124,0
2021-04-25,61470,0,5561594,0
2021-04-26,97918,0,5659512,0
2021-04-27,128381,0,5787893,0
2021-04-28,156405,0,5944298,0
2021-04-29,195625,0,6139923,0
2021-04-30,214622,0,6354545,0
2021-05-01,174149,0,6528694,0
2021-05-02,135817,0,6664511,0
2021-05-03,142077,0,6806588,0
2021-05-04,158719,0,6965307,0
2021-05-05,170556,0,7135863,0
2021-05-06,197834,0,7333697,0
2021-05-07,213883,0,7547580,0
2021-05-08,213445,0,7761025,0
2021-05-09,143221,0,7904246,0
2021-05-10,165108,0,8069354,0
2021-05-11,175017,0,8244371,0
2021-05-12,179237,0,8423608,0
2021-05-13,203426,0,8627034,0
2021-05-14,222950,0,8849984,0
2021-05-15,210398,0,9060382,0
2021-05-16,159292,0,9219674,0
2021-05-17,219226,0,9438900,0
2021-05-18,213036,0,9651936,0
2021-05-19,207106,0,9859042,0
2021-05-20,270902,0,10129944,0
2021-05-21,270916,0,10400860,0
2021-05-22,245555,0,10646415,0
2021-05-23,197199,0,10843614,0
2021-05-24,228313,0,11071927,0
2021-05-25,245703,0,11317630,0
2021-05-26,277577,0,11595207,0
2021-05-27,311109,0,11906316,0
2021-05-28,299592,0,12205908,0
2021-05-29,231261,0,12437169,0
2021-05-30,170858,0,12608027,0
2021-05-31,216442,0,12824469,0
2021-06-01,207647,0,13032116,0
2021-06-02,115807,0,13147923,0
2021-06-03,180184,0,13328107,0
2021-06-04,184934,0,13513041,0
2021-06-05,186011,0,13699052,0
2021-06-06,139604,0,13838656,0
2021-06-07,161918,0,14000574,0
2021-06-08,171301,0,14171875,0
2021-06-09,171535,0,14343410,0
2021-06-10,174177,0,14517587,0
2021-06-11,170055,0,14687642,0
2021-06-12,128414,0,14816056,0
2021-06-13,91247,0,14907303,0
2021-06-14,214715,0,15122018,0
2021-06-15,228473,0,15350491,0
2021-06-16,253120,0,15603611,0
2021-06-17,301798,0,15905409,0
2021-06-18,306343,0,16211752,0
2021-06-19,275138,0,16486890,0
2021-06-20,220836,0,16707726,0
2021-06-21,288117,0,16995843,0
2021-06-22,296270,0,17292113,0
2021-06-23,302715,0,17594828,0
2021-06-24,332632,0,17927460,0
2021-06-25,348747,0,18276207,0
2021-06-26,300156,0,18576363,0
2021-06-27,228704,0,18805067,0
2021-06-28,307167,0,19112234,0
2021-06-29,329356,0,19441590,0
2021-06-30,342236,0,19783826,0
2021-07-01,363257,0,20147083,0
2021-07-02,368514,0,20515597,0
2021-07-03,371107,0,20886704,0
2021-07-04,283247,0,21169951,0
2021-07-05,384570,0,21554521,0
2021-07-06,385495,0,21940016,0
2021-07-07,412144,0,22352160,0
2021-07-08,479589,0,22831749,0
2021-07-09,498464,0,23330213,0
2021-07-10,475176,0,23805389,0
2021-07-11,357688,0,24163077,0
2021-07-12,485874,0,24648951,0
2021-07-13,492072,0,25141023,0
2021-07-14,480430,0,25621453,0
2021-07-15,523412,0,26144865,0
2021-07-16,509743,0,26654608,0
2021-07-17,464322,0,27118930,0
2021-07-18,364626,0,27483556,0
2021-07-19,463034,0,27946590,0
2021-07-20,458042,0,28404632,0
2021-07-21,462786,0,28867418,0
2021-07-22,475373,0,29342791,0
2021-07-23,441325,0,29784116,0
2021-07-24,386145,0,30170261,0
2021-07-25,287542,0,30457803,0
2021-07-26,430890,0,30888693,0
2021-07-27,440104,0,31328797,0
2021-07-28,391013,0,31719810,0
2021-07-29,372073,0,32091883,0
2021-07-30,341525,0,32433408,0
2021-07-31,287049,0,32720457,0
2021-08-01,190993,0,32911450,0
2021-08-02,333714,0,33245164,0
2021-08-03,323189,0,33568353,0
2021-08-04,310994,0,33879347,0
2021-08-05,292479,0,34171826,0
2021-08-06,260044,0,34431870,0
2021-08-07,199067,0,34630937,0
2021-08-08,153108,0,34784045,0
2021-08-09,234083,0,35018128,0
2021-08-10,205296,0,35223424,0
2021-08-11,193798,0,35417222,0
2021-08-12,168076,0,35585298,0
2021-08-13,148676,0,35733974,0
2021-08-14,66104,0,35800078,0
2021-08-15,26344,0,35826422,0
2021-08-16,114717,0,35941139,0
2021-08-17,129256,0,36070395,0
2021-08-18,128764,0,36199159,0
2021-08-19,124864,0,36324023,0
2021-08-20,123798,0,36447821,0
2021-08-21,83134,0,36530955,0
2021-08-22,68183,0,36599138,0
2021-08-23,176870,0,36776008,0
2021-08-24,156891,0,36932899,0
2021-08-25,177169,0,37110068,0
2021-08-26,172350,0,37282418,0
2021-08-27,185829,0,37468247,0
2021-08-28,140293,0,37608540,0
2021-08-29,98996,0,37707536,0
2021-08-30,209583,0,37917119,0
2021-08-31,194642,0,38111761,0
2021-09-01,192217,0,38303978,0
2021-09-02,189924,0,38493902,0
2021-09-03,191279,0,38685181,0
2021-09-04,131440,0,38816621,0
2021-09-05,87840,0,38904461,0
2021-09-06,193601,0,39098062,0
2021-09-07,196037,0,39294099,0
2021-09-08,187858,0,39481957,0
2021-09-09,201418,0,39683375,0
2021-09-10,198052,0,39881427,0
2021-09-11,141291,0,40022718,0
2021-09-12,89591,0,40112309,0
2021-09-13,191100,661,40303409,661
2021-09-14,177208,658,40480617,1319
2021-09-15,163078,655,40643695,1974
2021-09-16,160036,1014,40803731,2988
2021-09-17,150152,1174,40953883,4162
2021-09-18,127984,782,41081867,4944
2021-09-19,81142,512,41163009,5456
2021-09-20,180058,9137,41343067,14593
2021-09-21,166676,8865,41509743,23458
2021-09-22,159119,9466,41668862,32924
2021-09-23,138107,9359,41806969,42283
2021-09-24,140551,9020,41947520,51303
2021-09-25,119563,5676,42067083,56979
2021-09-26,71993,4368,42139076,61347
2021-09-27,135671,10088,42274747,71435
2021-09-28,117522,11434,42392269,82869
2021-09-29,112382,11855,42504651,94724
2021-09-30,110294,14985,42614945,109709
2021-10-01,95004,19144,42709949,128853
2021-10-02,78526,14047,42788475,142900
2021-10-03,47761,7671,42836236,150571
2021-10-04,88390,34490,42924626,185061
2021-10-05,80384,34023,43005010,219084
2021-10-06,72010,34217,43077020,253301
2021-10-07,71882,34380,43148902,287681
2021-10-08,80649,33626,43229551,321307
2021-10-09,76114,22202,43305665,343509
2021-10-10,45792,13632,43351457,357141
2021-10-11,87446,41136,43438903,398277
2021-10-12,84516,46939,43523419,445216
2021-10-13,88225,52173,43611644,497389
2021-10-14,91561,58562,43703205,555951
2021-10-15,93599,55686,43796804,611637
2021-10-16,82978,36829,43879782,648466
2021-10-17,51461,23864,43931243,672330
2021-10-18,90301,59526,44021544,731856
2021-10-19,78355,69420,44099899,801276
2021-10-20,75062,78214,44174961,879490
2021-10-21,78281,81825,44253242,961315
2021-10-22,73767,77090,44327009,1038405
2021-10-23,60839,51976,44387848,1090381
2021-10-24,33371,23481,44421219,1113862
2021-10-25,64892,81673,44486111,1195535
2021-10-26,58371,91844,44544482,1287379
2021-10-27,58318,104042,44602800,1391421
2021-10-28,61443,114166,44664243,1505587
2021-10-29,61625,103198,44725868,1608785
2021-10-30,50672,68159,44776540,1676944
2021-10-31,25160,28313,44801700,1705257
2021-11-01,19050,28159,44820750,1733416
2021-11-02,62737,89446,44883487,1822862
2021-11-03,60716,118706,44944203,1941568
2021-11-04,59237,126708,45003440,2068276
2021-11-05,63090,135232,45066530,2203508
2021-11-06,46495,90944,45113025,2294452
2021-11-07,22248,37908,45135273,2332360
2021-11-08,51525,131299,45186798,2463659
2021-11-09,45403,144237,45232201,2607896
2021-11-10,42593,156380,45274794,2764276
2021-11-11,44928,155176,45319722,2919452
2021-11-12,46298,158712,45366020,3078164
2021-11-13,33273,116683,45399293,3194847
2021-11-14,14490,52462,45413783,3247309
2021-11-15,36908,157446,45450691,3404755
2021-11-16,30569,171414,45481260,3576169
2021-11-17,28469,178470,45509729,3754639
2021-11-18,30296,193771,45540025,3948410
2021-11-19,28823,205890,45568848,4154300
2021-11-20,21014,156460,45589862,4310760
2021-11-21,10613,64870,45600475,4375630
2021-11-22,21960,213163,45622435,4588793
2021-11-23,23606,241803,45646041,4830596
2021-11-24,27768,271104,45673809,5101700
2021-11-25,23272,301951,45697081,5403651
2021-11-26,24601,318312,45721682,5721963
2021-11-27,21418,266173,45743100,5988136
2021-11-28,9910,137072,45753010,6125208
2021-11-29,22368,326082,45775378,6451290
2021-11-30,23122,365862,45798500,6817152
2021-12-01,21561,413546,45820061,7230698
2021-12-02,23800,440445,45843861,7671143
2021-12-03,25283,467546,45869144,8138689
2021-12-04,22389,418811,45891533,8557500
2021-12-05,11943,261370,45903476,8818870
2021-12-06,25848,457637,45929324,9276507
2021-12-07,24168,480309,45953492,9756816
2021-12-08,10032,249723,45963524,10006539
2021-12-09,31624,491968,45995148,10498507
2021-12-10,28108,517938,46023256,11016445
2021-12-11,23597,459286,46046853,11475731
2021-12-12,12327,293536,46059180,11769267
2021-12-13,26185,467661,46085365,12236928
2021-12-14,25207,494244,46110572,12731172
2021-12-15,25380,517191,46135952,13248363
2021-12-16,27934,520311,46163886,13768674
2021-12-17,29401,517229,46193287,14285903
2021-12-18,27118,468787,46220405,14754690
2021-12-19,15174,300546,46235579,15055236
2021-12-20,30682,477513,46266261,15532749
2021-12-21,30420,493450,46296681,16026199
2021-12-22,29493,484759,46326174,16510958
2021-12-23,28290,426971,46354464,16937929
2021-12-24,13123,210846,46367587,17148775
2021-12-25,2104,33053,46369691,17181828
2021-12-26,8781,159078,46378472,17340906
2021-12-27,46852,504702,46425324,17845608
2021-12-28,42512,554268,46467836,18399876
2021-12-29,34407,550685,46502243,18950561
2021-12-30,31903,499870,46534146,19450431
2021-12-31,14150,247410,46548296,19697841
2022-01-01,3502,64814,46551798,19762655
2022-01-02,22837,276728,46574635,20039383
2022-01-03,47958,520038,46622593,20559421
2022-01-04,46489,572107,46669082,21131528
2022-01-05,40864,560430,46709946,21691958
2022-01-06,23544,274491,46733490,21966449
2022-01-07,63813,554226,46797303,22520675
2022-01-08,60998,503426,46858301,23024101
2022-01-09,42976,319707,46901277,23343808
2022-01-10,61184,542330,46962461,23886138
2022-01-11,61875,587040,47024336,24473178
2022-01-12,58571,581316,47082907,25054494
2022-01-13,58729,580435,47141636,25634929
2022-01-14,46955,588625,47188591,26223554
2022-01-15,39592,570001,47228183,26793555
2022-01-16,31332,341898,47259515,27135453
2022-01-17,54865,489693,47314380,27625146
2022-01-18,58478,517057,47372858,28142203
2022-01-19,57278,502827,47430136,28645030
2022-01-20,54430,498866,47484566,29143896
2022-01-21,42194,493900,47526760,29637796
2022-01-22,31314,469623,47558074,30107419
2022-01-23,34983,275391,47593057,30382810
2022-01-24,56232,437255,47649289,30820065
2022-01-25,61606,452135,47710895,31272200
2022-01-26,58601,435852,47769496,31708052
2022-01-27,48900,432414,47818396,32140466
2022-01-28,58767,436566,47877163,32577032
2022-01-29,68199,412520,47945362,32989552
2022-01-30,50413,235990,47995775,33225542
2022-01-31,60724,356951,48056499,33582493
2022-02-01,65616,328474,48122115,33910967
2022-02-02,63254,297000,48185369,34207967
2022-02-03,60097,274540,48245466,34482507
2022-02-04,72417,268474,48317883,34750981
2022-02-05,83817,248560,48401700,34999541
2022-02-06,55309,116207,48457009,35115748
2022-02-07,65193,199947,48522202,35315695
2022-02-08,66958,186132,48589160,35501827
2022-02-09,58777,166356,48647937,35668183
2022-02-10,58604,163256,48706541,35831439
2022-02-11,62277,162480,48768818,35993919
2022-02-12,72015,152157,48840833,36146076
2022-02-13,41486,68859,48882319,36214935
2022-02-14,46711,116194,48929030,36331129
2022-02-15,48573,123482,48977603,36454611
2022-02-16,45693,106132,49023296,36560743
2022-02-17,42875,98127,49066171,36658870
2022-02-18,46639,112590,49112810,36771460
2022-02-19,52548,100340,49165358,36871800
2022-02-20,31416,40367,49196774,36912167
2022-02-21,37902,89658,49234676,37001825
2022-02-22,37227,83785,49271903,37085610
2022-02-23,33403,79409,49305306,37165019
2022-02-24,32561,78168,49337867,37243187
2022-02-25,34775,90714,49372642,37333901
2022-02-26,39164,89138,49411806,37423039
2022-02-27,22548,35858,49434354,37458897
2022-02-28,28489,81700,49462843,37540597
2022-03-01,22731,53943,49485574,37594540
2022-03-02,21936,50713,49507510,37645253
2022-03-03,22641,54947,49530151,37700200
2022-03-04,23244,62801,49553395,37763001
2022-03-05,23804,57953,49577199,37820954
2022-03-06,9474,17201,49586673,37838155
2022-03-07,15927,51391,49602600,37889546
2022-03-08,15481,48797,49618081,37938343
2022-03-09,13816,46517,49631897,37984860
2022-03-10,14061,52127,49645958,38036987
2022-03-11,15593,57273,49661551,38094260
2022-03-12,15513,56620,49677064,38150880
2022-03-13,5545,16852,49682609,38167732
2022-03-14,10529,46701,49693138,38214433
2022-03-15,10553,46895,49703691,38261328
2022-03-16,9483,41977,49713174,38303305
2022-03-17,9725,44876,49722899,38348181
2022-03-18,10163,49059,49733062,38397240
2022-03-19,9151,46539,49742213,38443779
2022-03-20,2608,11704,49744821,38455483
2022-03-21,7583,40231,49752404,38495714
2022-03-22,8448,37768,49760852,38533482
2022-03-23,7220,33701,49768072,38567183
2022-03-24,8260,38821,49776332,38606004
2022-03-25,8143,43673,49784475,38649677
2022-03-26,8128,41722,49792603,38691399
2022-03-27,2432,9683,49795035,38701082
2022-03-28,6112,35244,49801147,38736326
2022-03-29,5783,32532,49806930,38768858
2022-03-30,5567,30204,49812497,38799062
2022-03-31,5905,33187,49818402,38832249
2022-04-01,4351,25188,49822753,38857437
2022-04-02,4497,23275,49827250,38880712
2022-04-03,1049,4500,49828299,38885212
2022-04-04,3661,21545,49831960,38906757
2022-04-05,3758,22938,49835718,38929695
2022-04-06,4105,21852,49839823,38951547
2022-04-07,3970,23321,49843793,38974868
2022-04-08,4696,26714,49848489,39001582
2022-04-09,4381,23889,49852870,39025471
2022-04-10,893,4613,49853763,39030084
2022-04-11,3819,22689,49857582,39052773
2022-04-12,3365,21779,49860947,39074552
2022-04-13,3574,21337,49864521,39095889
2022-04-14,3487,23789,49868008,39119678
2022-04-15,3086,20621,49871094,39140299
2022-04-16,2151,11918,49873245,39152217
2022-04-17,63,348,49873308,39152565
2022-04-18,152,650,49873460,39153215
2022-04-19,3499,21984,49876959,39175199
2022-04-20,3513,20250,49880472,39195449
2022-04-21,2848,19792,49883320,39215241
2022-04-22,2928,20714,49886248,39235955
2022-04-23,2648,16222,49888896,39252177
2022-04-24,509,2334,49889405,39254511
2022-04-25,183,1165,49889588,39255676
2022-04-26,2760,17810,49892348,39273486
2022-04-27,2374,15795,49894722,39289281
2022-04-28,2362,15565,49897084,39304846
2022-04-29,2298,14850,49899382,39319696
2022-04-30,2123,11584,49901505,39331280
2022-05-01,113,531,49901618,39331811
2022-05-02,1451,9393,49903069,39341204
2022-05-03,1577,10323,49904646,39351527
2022-05-04,1747,10273,49906393,39361800
2022-05-05,1654,10297,49908047,39372097
2022-05-06,1702,10972,49909749,39383069
2022-05-07,1431,8573,49911180,39391642
2022-05-08,417,1526,49911597,39393168
2022-05-09,1029,8930,49912626,39402098
2022-05-10,1426,9549,49914052,39411647
2022-05-11,1484,10108,49915536,39421755
2022-05-12,1371,10137,49916907,39431892
2022-05-13,1597,10520,49918504,39442412
2022-05-14,1360,8240,49919864,39450652
2022-05-15,336,1136,49920200,39451788
2022-05-16,814,8405,49921014,39460193
2022-05-17,1244,8698,49922258,39468891
2022-05-18,1373,9237,49923631,39478128
2022-05-19,1501,9283,49925132,39487411
2022-05-20,1426,9532,49926558,39496943
2022-05-21,1302,7900,49927860,39504843
2022-05-22,231,1013,49928091,39505856
2022-05-23,830,8273,49928921,39514129
2022-05-24,1073,8673,49929994,39522802
2022-05-25,1372,9460,49931366,39532262
2022-05-26,1198,9480,49932564,39541742
2022-05-27,1232,9915,49933796,39551657
2022-05-28,1205,7887,49935001,39559544
2022-05-29,288,1265,49935289,39560809
2022-05-30,931,8058,49936220,39568867
2022-05-31,1039,8548,49937259,39577415
2022-06-01,895,7658,49938154,39585073
2022-06-02,35,474,49938189,39585547
2022-06-03,817,7334,49939006,39592881
2022-06-04,870,5162,49939876,39598043
2022-06-05,89,586,49939965,39598629
2022-06-06,679,7004,49940644,39605633
2022-06-07,952,7850,49941596,39613483
2022-06-08,981,7906,49942577,39621389
2022-06-09,1037,8418,49943614,39629807
2022-06-10,958,8563,49944572,39638370
2022-06-11,904,6206,49945476,39644576
2022-06-12,140,768,49945616,39645344
2022-06-13,602,6301,49946218,39651645
2022-06-14,832,7904,49947050,39659549
2022-06-15,960,7856,49948010,39667405
2022-06-16,733,7397,49948743,39674802
2022-06-17,724,7249,49949467,39682051
2022-06-18,778,5594,49950245,39687645
2022-06-19,49,521,49950294,39688166
2022-06-20,587,6699,49950881,39694865
2022-06-21,741,7664,49951622,39702529
2022-06-22,779,7312,49952401,39709841
2022-06-23,648,7472,49953049,39717313
2022-06-24,644,7474,49953693,39724787
2022-06-25,835,6533,49954528,39731320
2022-06-26,128,523,49954656,39731843
2022-06-27,534,7125,49955190,39738968
2022-06-28,747,8207,49955937,39747175
2022-06-29,756,7732,49956693,39754907
2022-06-30,747,8145,49957440,39763052
2022-07-01,577,6443,49958017,39769495
2022-07-02,536,4769,49958553,39774264
2022-07-03,49,456,49958602,39774720
2022-07-04,469,6277,49959071,39780997
2022-07-05,631,8122,49959702,39789119
2022-07-06,634,7611,49960336,39796730
2022-07-07,576,8272,49960912,39805002
2022-07-08,674,8085,49961586,39813087
2022-07-09,550,6105,49962136,39819192
2022-07-10,58,533,49962194,39819725
2022-07-11,491,7641,49962685,39827366
2022-07-12,668,9031,49963353,39836397
2022-07-13,644,10067,49963997,39846464
2022-07-14,637,10225,49964634,39856689
2022-07-15,627,10672,49965261,39867361
2022-07-16,523,7215,49965784,39874576
2022-07-17,48,770,49965832,39875346
2022-07-18,496,9374,49966328,39884720
2022-07-19,575,10682,49966903,39895402
2022-07-20,582,11276,49967485,39906678
2022-07-21,630,12091,49968115,39918769
2022-07-22,585,11260,49968700,39930029
2022-07-23,381,6775,49969081,39936804
2022-07-24,76,857,49969157,39937661
2022-07-25,503,9052,49969660,39946713
2022-07-26,522,9762,49970182,39956475
2022-07-27,553,10210,49970735,39966685
2022-07-28,532,10535,49971267,39977220
2022-07-29,511,9466,49971778,39986686
2022-07-30,383,5882,49972161,39992568
2022-07-31,49,764,49972210,39993332
2022-08-01,386,6865,49972596,40000197
2022-08-02,546,7590,49973142,40007787
2022-08-03,513,7179,49973655,40014966
2022-08-04,455,7491,49974110,40022457
2022-08-05,421,6526,49974531,40028983
2022-08-06,299,3613,49974830,40032596
2022-08-07,44,563,49974874,40033159
2022-08-08,403,4890,49975277,40038049
2022-08-09,381,5312,49975658,40043361
2022-08-10,385,4816,49976043,40048177
2022-08-11,369,4803,49976412,40052980
2022-08-12,294,3720,49976706,40056700
2022-08-13,143,1600,49976849,40058300
2022-08-14,9,129,49976858,40058429
2022-08-15,1,26,49976859,40058455
2022-08-16,283,3043,49977142,40061498
2022-08-17,352,3536,49977494,40065034
2022-08-18,392,4160,49977886,40069194
2022-08-19,342,3319,49978228,40072513
2022-08-20,183,1715,49978411,40074228
2022-08-21,24,149,49978435,40074377
2022-08-22,329,2952,49978764,40077329
2022-08-23,370,3674,49979134,40081003
2022-08-24,384,3360,49979518,40084363
2022-08-25,422,3774,49979940,40088137
2022-08-26,399,3575,49980339,40091712
2022-08-27,237,1769,49980576,40093481
2022-08-28,29,267,49980605,40093748
2022-08-29,354,3161,49980959,40096909
2022-08-30,405,3671,49981364,40100580
2022-08-31,438,3734,49981802,40104314
2022-09-01,353,3116,49982155,40107430
2022-09-02,296,2893,49982451,40110323
2022-09-03,200,1689,49982651,40112012
2022-09-04,24,149,49982675,40112161
2022-09-05,187,2656,49982862,40114817
2022-09-06,306,2983,49983168,40117800
2022-09-07,541,2937,49983709,40120737
2022-09-08,293,2963,49984002,40123700
2022-09-09,305,2886,49984307,40126586
2022-09-10,228,1326,49984535,40127912
2022-09-11,23,124,49984558,40128036
2022-09-12,267,2267,49984825,40130303
2022-09-13,252,2276,49985077,40132579
2022-09-14,266,2566,49985343,40135145
2022-09-15,282,2501,49985625,40137646
2022-09-16,255,2546,49985880,40140192
2022-09-17,239,1339,49986119,40141531
2022-09-18,20,170,49986139,40141701
2022-09-19,206,1971,49986345,40143672
2022-09-20,237,2392,49986582,40146064
2022-09-21,289,2526,49986871,40148590
2022-09-22,267,2663,49987138,40151253
2022-09-23,259,2545,49987397,40153798
2022-09-24,193,1427,49987590,40155225
2022-09-25,29,133,49987619,40155358
2022-09-26,280,2248,49987899,40157606
2022-09-27,287,2683,49988186,40160289
2022-09-28,310,2904,49988496,40163193
2022-09-29,257,3048,49988753,40166241
2022-09-30,292,2989,49989045,40169230
2022-10-01,195,1515,49989240,40170745
2022-10-02,12,187,49989252,40170932
2022-10-03,185,2474,49989437,40173406
2022-10-04,236,2862,49989673,40176268
2022-10-05,229,3252,49989902,40179520
2022-10-06,243,3874,49990145,40183394
2022-10-07,283,4189,49990428,40187583
2022-10-08,203,2270,49990631,40189853
2022-10-09,8,305,49990639,40190158
2022-10-10,211,3356,49990850,40193514
2022-10-11,194,4378,49991044,40197892
2022-10-12,209,4441,49991253,40202333
2022-10-13,203,5304,49991456,40207637
2022-10-14,232,5025,49991688,40212662
2022-10-15,191,2671,49991879,40215333
2022-10-16,6,360,49991885,40215693
2022-10-17,186,3871,49992071,40219564
2022-10-18,257,4966,49992328,40224530
2022-10-19,244,5477,49992572,40230007
2022-10-20,224,5995,49992796,40236002
2022-10-21,250,5477,49993046,40241479
2022-10-22,195,2911,49993241,40244390
2022-10-23,13,364,49993254,40244754
2022-10-24,171,3930,49993425,40248684
2022-10-25,253,4926,49993678,40253610
2022-10-26,347,5502,49994025,40259112
2022-10-27,241,5671,49994266,40264783
2022-10-28,199,5262,49994465,40270045
2022-10-29,128,2844,49994593,40272889
2022-10-30,3,328,49994596,40273217
2022-10-31,117,3041,49994713,40276258
2022-11-01,11,353,49994724,40276611
2022-11-02,145,3721,49994869,40280332
2022-11-03,174,4788,49995043,40285120
2022-11-04,225,4603,49995268,40289723
2022-11-05,144,2597,49995412,40292320
2022-11-06,10,261,49995422,40292581
2022-11-07,169,3225,49995591,40295806
2022-11-08,260,4248,49995851,40300054
2022-11-09,197,4331,49996048,40304385
2022-11-10,183,4586,49996231,40308971
2022-11-11,193,4220,49996424,40313191
2022-11-12,152,2370,49996576,40315561
2022-11-13,7,335,49996583,40315896
2022-11-14,148,2838,49996731,40318734
2022-11-15,202,3747,49996933,40322481
2022-11-16,217,3985,49997150,40326466
2022-11-17,191,4100,49997341,40330566
2022-11-18,247,4031,49997588,40334597
2022-11-19,112,2104,49997700,40336701
2022-11-20,24,317,49997724,40337018
2022-11-21,119,2620,49997843,40339638
2022-11-22,143,3214,49997986,40342852
2022-11-23,191,3618,49998177,40346470
2022-11-24,156,3833,49998333,40350303
2022-11-25,184,3783,49998517,40354086
2022-11-26,132,2093,49998649,40356179
2022-11-27,22,356,49998671,40356535
2022-11-28,181,2673,49998852,40359208
2022-11-29,257,3225,49999109,40362433
2022-11-30,181,3724,49999290,40366157
2022-12-01,150,3616,49999440,40369773
2022-12-02,156,3517,49999596,40373290
2022-12-03,105,1961,49999701,40375251
2022-12-04,5,290,49999706,40375541
2022-12-05,128,2851,49999834,40378392
2022-12-06,176,3646,50000010,40382038
2022-12-07,135,3120,50000145,40385158
2022-12-08,8,169,50000153,40385327
2022-12-09,159,3010,50000312,40388337
2022-12-10,78,1601,50000390,40389938
2022-12-11,7,193,50000397,40390131
2022-12-12,170,2521,50000567,40392652
2022-12-13,254,3021,50000821,40395673
2022-12-14,224,3193,50001045,40398866
2022-12-15,203,3223,50001248,40402089
2022-12-16,162,3138,50001410,40405227
2022-12-17,94,1668,50001504,40406895
2022-12-18,10,270,50001514,40407165
2022-12-19,141,2137,50001655,40409302
2022-12-20,211,2465,50001866,40411767
2022-12-21,151,2141,50002017,40413908
2022-12-22,136,1807,50002153,40415715
2022-12-23,139,1183,50002292,40416898
2022-12-24,33,158,50002325,40417056
2022-12-25,0,6,50002325,40417062
2022-12-26,6,40,50002331,40417102