data_somministrazione,vaccinazioni,booster,cum_vaccinazioni,cum_booster
2020-12-27,20,0,20,0
2020-12-28,2,0,22,0
2020-12-29,1,0,23,0
2020-12-30,9,0,32,0
2020-12-31,78,0,110,0
2021-01-01,25,0,135,0
2021-01-02,144,0,279,0
2021-01-03,108,0,387,0
2021-01-04,240,0,627,0
2021-01-05,283,0,910,0
2021-01-06,252,0,1162,0
2021-01-07,325,0,1487,0
2021-01-08,380,0,1867,0
2021-01-09,282,0,2149,0
2021-01-10,166,0,2315,0
2021-01-11,310,0,2625,0
2021-01-12,285,0,2910,0
2021-01-13,418,0,3328,0
2021-01-14,504,0,3832,0
2021-01-15,319,0,4151,0
2021-01-16,224,0,4375,0
2021-01-17,3065,0,7440,0
2021-01-18,5220,0,12660,0
2021-01-19,1896,0,14556,0
2021-01-20,4659,0,19215,0
2021-01-21,20005,0,39220,0
2021-01-22,14220,0,53440,0
2021-01-23,33324,0,86764,0
2021-01-24,30774,0,117538,0
2021-01-25,64703,0,182241,0
2021-01-26,76462,0,258703,0
2021-01-27,64809,0,323512,0
2021-01-28,89256,0,412768,0
2021-01-29,93995,0,506763,0
2021-01-30,86546,0,593309,0
2021-01-31,57326,0,650635,0
2021-02-01,81836,0,732471,0
2021-02-02,82134,0,814605,0
2021-02-03,91106,0,905711,0
2021-02-04,95384,0,1001095,0
2021-02-05,90268,0,1091363,0
2021-02-06,63449,0,1154812,0
2021-02-07,32934,0,1187746,0
2021-02-08,40422,0,1228168,0
2021-02-09,32880,0,1261048,0
2021-02-10,28435,0,1289483,0
2021-02-11,20407,0,1309890,0
2021-02-12,16251,0,1326141,0
2021-02-13,7279,0,1333420,0
2021-02-14,2862,0,1336282,0
2021-02-15,6847,0,1343129,0
2021-02-16,7004,0,1350133,0
2021-02-17,10527,0,1360660,0
2021-02-18,9257,0,1369917,0
2021-02-19,8258,0,1378175,0
2021-02-20,5580,0,1383755,0
2021-02-21,3014,0,1386769,0
2021-02-22,6883,0,1393652,0
2021-02-23,7187,0,1400839,0
2021-02-24,9814,0,1410653,0
2021-02-25,14213,0,1424866,0
2021-02-26,17561,0,1442427,0
2021-02-27,13921,0,1456348,0
2021-02-28,9396,0,1465744,0
2021-03-01,26527,0,1492271,0
2021-03-02,33248,0,1525519,0
2021-03-03,44652,0,1570171,0
2021-03-04,50302,0,1620473,0
2021-03-05,55745,0,1676218,0
2021-03-06,41882,0,1718100,0
2021-03-07,22332,0,1740432,0
2021-03-08,50839,0,1791271,0
2021-03-09,53095,0,1844366,0
2021-03-10,58695,0,1903061,0
2021-03-11,63888,0,1966949,0
2021-03-12,65137,0,2032086,0
2021-03-13,51730,0,2083816,0
2021-03-14,35423,0,2119239,0
2021-03-15,73460,0,2192699,0
2021-03-16,74032,0,2266731,0
2021-03-17,83142,0,2349873,0
2021-03-18,81632,0,2431505,0
2021-03-19,81090,0,2512595,0
2021-03-20,64739,0,2577334,0
2021-03-21,47310,0,2624644,0
2021-03-22,69505,0,2694149,0
2021-03-23,75820,0,2769969,0
2021-03-24,90932,0,2860901,0
2021-03-25,89827,0,2950728,0
2021-03-26,83641,0,3034369,0
2021-03-27,71961,0,3106330,0
2021-03-28,44186,0,3150516,0
2021-03-29,70850,0,3221366,0
2021-03-30,81414,0,3302780,0
2021-03-31,96265,0,3399045,0
2021-04-01,95338,0,3494383,0
2021-04-02,84090,0,3578473,0
2021-04-03,64311,0,3642784,0
2021-04-04,21725,0,3664509,0
2021-04-05,40320,0,3704829,0
2021-04-06,81341,0,3786170,0
2021-04-07,95844,0,3882014,0
2021-04-08,95261,0,3977275,0
2021-04-09,88504,0,4065779,0
2021-04-10,74035,0,4139814,0
2021-04-11,44771,0,4184585,0
2021-04-12,66928,0,4251513,0
2021-04-13,72598,0,4324111,0
2021-04-14,85558,0,4409669,0
2021-04-15,105429,0,4515098,0
2021-04-16,106434,0,4621532,0
2021-04-17,90529,0,4712061,0
2021-04-18,58598,0,4770659,0
2021-04-19,93441,0,4864100,0
2021-04-20,103780,0,4967880,0
2021-04-21,125344,0,5093224,0
2021-04-22,143533,0,5236757,0
2021-04-23,138757,0,5375514,0
2021-04-24,124454,0,5499968,0
2021-04-25,61473,0,5561441,0
2021-04-26,97915,0,5659356,0
2021-04-27,128377,0,5787733,0
2021-04-28,156401,0,5944134,0
2021-04-29,195623,0,6139757,0
2021-04-30,214615,0,6354372,0
2021-05-01,174147,0,6528519,0
2021-05-02,135814,0,6664333,0
2021-05-03,142073,0,6806406,0
2021-05-04,158715,0,6965121,0
2021-05-05,170549,0,7135670,0
2021-05-06,197832,0,7333502,0
2021-05-07,213879,0,7547381,0
2021-05-08,213446,0,7760827,0
2021-05-09,143219,0,7904046,0
2021-05-10,165106,0,8069152,0
2021-05-11,175015,0,8244167,0
2021-05-12,179228,0,8423395,0
2021-05-13,203427,0,8626822,0
2021-05-14,222948,0,8849770,0
2021-05-15,210397,0,9060167,0
2021-05-16,159288,0,9219455,0
2021-05-17,219225,0,9438680,0
2021-05-18,213037,0,9651717,0
2021-05-19,207106,0,9858823,0
2021-05-20,270896,0,10129719,0
2021-05-21,270919,0,10400638,0
2021-05-22,245550,0,10646188,0
2021-05-23,197194,0,10843382,0
2021-05-24,228313,0,11071695,0
2021-05-25,245704,0,11317399,0
2021-05-26,277575,0,11594974,0
2021-05-27,311108,0,11906082,0
2021-05-28,299591,0,12205673,0
2021-05-29,231253,0,12436926,0
2021-05-30,170854,0,12607780,0
2021-05-31,216443,0,12824223,0
2021-06-01,207638,0,13031861,0
2021-06-02,115808,0,13147669,0
2021-06-03,180181,0,13327850,0
2021-06-04,184927,0,13512777,0
2021-06-05,186006,0,13698783,0
2021-06-06,139595,0,13838378,0
2021-06-07,161908,0,14000286,0
2021-06-08,171293,0,14171579,0
2021-06-09,171529,0,14343108,0
2021-06-10,174165,0,14517273,0
2021-06-11,170040,0,14687313,0
2021-06-12,128403,0,14815716,0
2021-06-13,91235,0,14906951,0
2021-06-14,214712,0,15121663,0
2021-06-15,228467,0,15350130,0
2021-06-16,253121,0,15603251,0
2021-06-17,301790,0,15905041,0
2021-06-18,306334,0,16211375,0
2021-06-19,275121,0,16486496,0
2021-06-20,220830,0,16707326,0
2021-06-21,288103,0,16995429,0
2021-06-22,296254,0,17291683,0
2021-06-23,302711,0,17594394,0
2021-06-24,332625,0,17927019,0
2021-06-25,348747,0,18275766,0
2021-06-26,300154,0,18575920,0
2021-06-27,228701,0,18804621,0
2021-06-28,307160,0,19111781,0
2021-06-29,329338,0,19441119,0
2021-06-30,342233,0,19783352,0
2021-07-01,363252,0,20146604,0
2021-07-02,368517,0,20515121,0
2021-07-03,371107,0,20886228,0
2021-07-04,283240,0,21169468,0
2021-07-05,384568,0,21554036,0
2021-07-06,385500,0,21939536,0
2021-07-07,412141,0,22351677,0
2021-07-08,479595,0,22831272,0
2021-07-09,498472,0,23329744,0
2021-07-10,475176,0,23804920,0
2021-07-11,357699,0,24162619,0
2021-07-12,485878,0,24648497,0
2021-07-13,492076,0,25140573,0
2021-07-14,480434,0,25621007,0
2021-07-15,523426,0,26144433,0
2021-07-16,509751,0,26654184,0
2021-07-17,464326,0,27118510,0
2021-07-18,364637,0,27483147,0
2021-07-19,463034,0,27946181,0
2021-07-20,458047,0,28404228,0
2021-07-21,462790,0,28867018,0
2021-07-22,475376,0,29342394,0
2021-07-23,441329,0,29783723,0
2021-07-24,386151,0,30169874,0
2021-07-25,287552,0,30457426,0
2021-07-26,430892,0,30888318,0
2021-07-27,440115,0,31328433,0
2021-07-28,391017,0,31719450,0
2021-07-29,372073,0,32091523,0
2021-07-30,341523,0,32433046,0
2021-07-31,287053,0,32720099,0
2021-08-01,190996,0,32911095,0
2021-08-02,333705,0,33244800,0
2021-08-03,323190,0,33567990,0
2021-08-04,310995,0,33878985,0
2021-08-05,292482,0,34171467,0
2021-08-06,260044,0,34431511,0
2021-08-07,199067,0,34630578,0
2021-08-08,153109,0,34783687,0
2021-08-09,234089,0,35017776,0
2021-08-10,205285,0,35223061,0
2021-08-11,193793,0,35416854,0
2021-08-12,168069,0,35584923,0
2021-08-13,148670,0,35733593,0
2021-08-14,66103,0,35799696,0
2021-08-15,26344,0,35826040,0
2021-08-16,114716,0,35940756,0
2021-08-17,129253,0,36070009,0
2021-08-18,128767,0,36198776,0
2021-08-19,124858,0,36323634,0
2021-08-20,123798,0,36447432,0
2021-08-21,83135,0,36530567,0
2021-08-22,68179,0,36598746,0
2021-08-23,176873,0,36775619,0
2021-08-24,156893,0,36932512,0
2021-08-25,177172,0,37109684,0
2021-08-26,172354,0,37282038,0
2021-08-27,185835,0,37467873,0
2021-08-28,140292,0,37608165,0
2021-08-29,98994,0,37707159,0
2021-08-30,209587,0,37916746,0
2021-08-31,194640,0,38111386,0
2021-09-01,192218,0,38303604,0
2021-09-02,189931,0,38493535,0
2021-09-03,191285,0,38684820,0
2021-09-04,131448,0,38816268,0
2021-09-05,87845,0,38904113,0
2021-09-06,193603,0,39097716,0
2021-09-07,196038,0,39293754,0
2021-09-08,187862,0,39481616,0
2021-09-09,201420,0,39683036,0
2021-09-10,198054,0,39881090,0
2021-09-11,141291,0,40022381,0
2021-09-12,89593,0,40111974,0
2021-09-13,191109,647,40303083,647
2021-09-14,177213,651,40480296,1298
2021-09-15,163076,651,40643372,1949
2021-09-16,160045,1003,40803417,2952
2021-09-17,150153,1171,40953570,4123
2021-09-18,127979,781,41081549,4904
2021-09-19,81144,508,41162693,5412
2021-09-20,180064,9131,41342757,14543
2021-09-21,166672,8862,41509429,23405
2021-09-22,159115,9464,41668544,32869
2021-09-23,138106,9357,41806650,42226
2021-09-24,140552,9015,41947202,51241
2021-09-25,119562,5673,42066764,56914
2021-09-26,71991,4367,42138755,61281
2021-09-27,135668,10084,42274423,71365
2021-09-28,117518,11428,42391941,82793
2021-09-29,112378,11850,42504319,94643
2021-09-30,110291,14982,42614610,109625
2021-10-01,94999,19144,42709609,128769
2021-10-02,78522,14045,42788131,142814
2021-10-03,47758,7671,42835889,150485
2021-10-04,88391,34487,42924280,184972
2021-10-05,80380,34022,43004660,218994
2021-10-06,72009,34213,43076669,253207
2021-10-07,71882,34374,43148551,287581
2021-10-08,80644,33622,43229195,321203
2021-10-09,76117,22197,43305312,343400
2021-10-10,45791,13631,43351103,357031
2021-10-11,87448,41133,43438551,398164
2021-10-12,84517,46936,43523068,445100
2021-10-13,88221,52167,43611289,497267
2021-10-14,91554,58560,43702843,555827
2021-10-15,93598,55680,43796441,611507
2021-10-16,82975,36828,43879416,648335
2021-10-17,51462,23861,43930878,672196
2021-10-18,90303,59521,44021181,731717
2021-10-19,78357,69416,44099538,801133
2021-10-20,75062,78212,44174600,879345
2021-10-21,78288,81818,44252888,961163
2021-10-22,73769,77083,44326657,1038246
2021-10-23,60839,51974,44387496,1090220
2021-10-24,33369,23480,44420865,1113700
2021-10-25,64895,81670,44485760,1195370
2021-10-26,58376,91838,44544136,1287208
2021-10-27,58318,104041,44602454,1391249
2021-10-28,61446,114159,44663900,1505408
2021-10-29,61632,103187,44725532,1608595
2021-10-30,50677,68153,44776209,1676748
2021-10-31,25161,28312,44801370,1705060
2021-11-01,19050,28159,44820420,1733219
2021-11-02,62737,89442,44883157,1822661
2021-11-03,60716,118703,44943873,1941364
2021-11-04,59236,126706,45003109,2068070
2021-11-05,63092,135230,45066201,2203300
2021-11-06,46492,90942,45112693,2294242
2021-11-07,22247,37907,45134940,2332149
2021-11-08,51527,131295,45186467,2463444
2021-11-09,45401,144238,45231868,2607682
2021-11-10,42594,156375,45274462,2764057
2021-11-11,44928,155175,45319390,2919232
2021-11-12,46295,158709,45365685,3077941
2021-11-13,33272,116683,45398957,3194624
2021-11-14,14491,52461,45413448,3247085
2021-11-15,36910,157445,45450358,3404530
2021-11-16,30567,171412,45480925,3575942
2021-11-17,28470,178467,45509395,3754409
2021-11-18,30293,193768,45539688,3948177
2021-11-19,28821,205888,45568509,4154065
2021-11-20,21012,156460,45589521,4310525
2021-11-21,10610,64872,45600131,4375397
2021-11-22,21959,213164,45622090,4588561
2021-11-23,23606,241803,45645696,4830364
2021-11-24,27766,271104,45673462,5101468
2021-11-25,23266,301951,45696728,5403419
2021-11-26,24599,318311,45721327,5721730
2021-11-27,21414,266174,45742741,5987904
2021-11-28,9908,137073,45752649,6124977
2021-11-29,22366,326081,45775015,6451058
2021-11-30,23121,365861,45798136,6816919
2021-12-01,21556,413543,45819692,7230462
2021-12-02,23796,440446,45843488,7670908
2021-12-03,25279,467540,45868767,8138448
2021-12-04,22390,418804,45891157,8557252
2021-12-05,11944,261369,45903101,8818621
2021-12-06,25846,457636,45928947,9276257
2021-12-07,24166,480308,45953113,9756565
2021-12-08,10032,249722,45963145,10006287
2021-12-09,31621,491967,45994766,10498254
2021-12-10,28103,517937,46022869,11016191
2021-12-11,23594,459284,46046463,11475475
2021-12-12,12326,293536,46058789,11769011
2021-12-13,26181,467657,46084970,12236668
2021-12-14,25208,494240,46110178,12730908
2021-12-15,25372,517192,46135550,13248100
2021-12-16,27930,520307,46163480,13768407
2021-12-17,29399,517227,46192879,14285634
2021-12-18,27119,468785,46219998,14754419
2021-12-19,15172,300543,46235170,15054962
2021-12-20,30676,477511,46265846,15532473
2021-12-21,30413,493446,46296259,16025919
2021-12-22,29493,484757,46325752,16510676
2021-12-23,28290,426967,46354042,16937643
2021-12-24,13125,210845,46367167,17148488
2021-12-25,2104,33053,46369271,17181541
2021-12-26,8780,159078,46378051,17340619
2021-12-27,46849,504696,46424900,17845315
2021-12-28,42512,554263,46467412,18399578
2021-12-29,34396,550683,46501808,18950261
2021-12-30,31896,499869,46533704,19450130
2021-12-31,14149,247410,46547853,19697540
2022-01-01,3500,64815,46551353,19762355
2022-01-02,22833,276727,46574186,20039082
2022-01-03,47946,520036,46622132,20559118
2022-01-04,46483,572103,46668615,21131221
2022-01-05,40849,560428,46709464,21691649
2022-01-06,23536,274491,46733000,21966140
2022-01-07,63803,554223,46796803,22520363
2022-01-08,60982,503424,46857785,23023787
2022-01-09,42966,319704,46900751,23343491
2022-01-10,61179,542326,46961930,23885817
2022-01-11,61847,587039,47023777,24472856
2022-01-12,58557,581309,47082334,25054165
2022-01-13,58717,580432,47141051,25634597
2022-01-14,46940,588620,47187991,26223217
2022-01-15,39570,569994,47227561,26793211
2022-01-16,31318,341893,47258879,27135104
2022-01-17,54857,489691,47313736,27624795
2022-01-18,58473,517056,47372209,28141851
2022-01-19,57269,502827,47429478,28644678
2022-01-20,54423,498862,47483901,29143540
2022-01-21,42185,493899,47526086,29637439
2022-01-22,31301,469621,47557387,30107060
2022-01-23,34985,275390,47592372,30382450
2022-01-24,56232,437250,47648604,30819700
2022-01-25,61602,452134,47710206,31271834
2022-01-26,58592,435852,47768798,31707686
2022-01-27,48895,432407,47817693,32140093
2022-01-28,58756,436564,47876449,32576657
2022-01-29,68194,412516,47944643,32989173
2022-01-30,50411,235988,47995054,33225161
2022-01-31,60710,356950,48055764,33582111
2022-02-01,65615,328468,48121379,33910579
2022-02-02,63251,296999,48184630,34207578
2022-02-03,60089,274536,48244719,34482114
2022-02-04,72413,268471,48317132,34750585
2022-02-05,83817,248556,48400949,34999141
2022-02-06,55310,116207,48456259,35115348
2022-02-07,65185,199946,48521444,35315294
2022-02-08,66958,186128,48588402,35501422
2022-02-09,58774,166353,48647176,35667775
2022-02-10,58600,163252,48705776,35831027
2022-02-11,62276,162476,48768052,35993503
2022-02-12,72011,152155,48840063,36145658
2022-02-13,41484,68856,48881547,36214514
2022-02-14,46712,116192,48928259,36330706
2022-02-15,48568,123482,48976827,36454188
2022-02-16,45689,106129,49022516,36560317
2022-02-17,42873,98119,49065389,36658436
2022-02-18,46634,112586,49112023,36771022
2022-02-19,52547,100339,49164570,36871361
2022-02-20,31416,40367,49195986,36911728
2022-02-21,37899,89659,49233885,37001387
2022-02-22,37226,83785,49271111,37085172
2022-02-23,33401,79409,49304512,37164581
2022-02-24,32561,78168,49337073,37242749
2022-02-25,34773,90716,49371846,37333465
2022-02-26,39163,89138,49411009,37422603
2022-02-27,22548,35857,49433557,37458460
2022-02-28,28490,81699,49462047,37540159
2022-03-01,22729,53943,49484776,37594102
2022-03-02,21934,50713,49506710,37644815
2022-03-03,22638,54947,49529348,37699762
2022-03-04,23244,62801,49552592,37762563
2022-03-05,23804,57952,49576396,37820515
2022-03-06,9474,17201,49585870,37837716
2022-03-07,15925,51390,49601795,37889106
2022-03-08,15481,48796,49617276,37937902
2022-03-09,13816,46517,49631092,37984419
2022-03-10,14058,52125,49645150,38036544
2022-03-11,15590,57275,49660740,38093819
2022-03-12,15512,56619,49676252,38150438
2022-03-13,5545,16852,49681797,38167290
2022-03-14,10529,46701,49692326,38213991
2022-03-15,10552,46895,49702878,38260886
2022-03-16,9483,41975,49712361,38302861
2022-03-17,9724,44876,49722085,38347737
2022-03-18,10162,49058,49732247,38396795
2022-03-19,9151,46539,49741398,38443334
2022-03-20,2608,11704,49744006,38455038
2022-03-21,7581,40229,49751587,38495267
2022-03-22,8448,37767,49760035,38533034
2022-03-23,7218,33701,49767253,38566735
2022-03-24,8259,38821,49775512,38605556
2022-03-25,8142,43672,49783654,38649228
2022-03-26,8129,41721,49791783,38690949
2022-03-27,2431,9683,49794214,38700632
2022-03-28,6113,35241,49800327,38735873
2022-03-29,5781,32531,49806108,38768404
2022-03-30,5567,30204,49811675,38798608
2022-03-31,5903,33187,49817578,38831795
2022-04-01,4350,25189,49821928,38856984
2022-04-02,4497,23275,49826425,38880259
2022-04-03,1049,4500,49827474,38884759
2022-04-04,3660,21545,49831134,38906304
2022-04-05,3758,22936,49834892,38929240
2022-04-06,4105,21852,49838997,38951092
2022-04-07,3970,23321,49842967,38974413
2022-04-08,4696,26714,49847663,39001127
2022-04-09,4381,23888,49852044,39025015
2022-04-10,893,4613,49852937,39029628
2022-04-11,3819,22689,49856756,39052317
2022-04-12,3365,21779,49860121,39074096
2022-04-13,3571,21337,49863692,39095433
2022-04-14,3488,23787,49867180,39119220
2022-04-15,3083,20621,49870263,39139841
2022-04-16,2151,11918,49872414,39151759
2022-04-17,63,348,49872477,39152107
2022-04-18,152,650,49872629,39152757
2022-04-19,3499,21984,49876128,39174741
2022-04-20,3512,20251,49879640,39194992
2022-04-21,2848,19791,49882488,39214783
2022-04-22,2928,20712,49885416,39235495
2022-04-23,2647,16222,49888063,39251717
2022-04-24,509,2334,49888572,39254051
2022-04-25,183,1165,49888755,39255216
2022-04-26,2759,17810,49891514,39273026
2022-04-27,2374,15795,49893888,39288821
2022-04-28,2361,15565,49896249,39304386
2022-04-29,2297,14850,49898546,39319236
2022-04-30,2123,11584,49900669,39330820
2022-05-01,113,531,49900782,39331351
2022-05-02,1451,9392,49902233,39340743
2022-05-03,1576,10323,49903809,39351066
2022-05-04,1745,10272,49905554,39361338
2022-05-05,1654,10296,49907208,39371634
2022-05-06,1702,10970,49908910,39382604
2022-05-07,1431,8570,49910341,39391174
2022-05-08,416,1526,49910757,39392700
2022-05-09,1029,8930,49911786,39401630
2022-05-10,1426,9549,49913212,39411179
2022-05-11,1484,10104,49914696,39421283
2022-05-12,1372,10137,49916068,39431420
2022-05-13,1596,10517,49917664,39441937
2022-05-14,1360,8240,49919024,39450177
2022-05-15,336,1136,49919360,39451313
2022-05-16,814,8405,49920174,39459718
2022-05-17,1244,8697,49921418,39468415
2022-05-18,1372,9236,49922790,39477651
2022-05-19,1500,9283,49924290,39486934
2022-05-20,1423,9532,49925713,39496466
2022-05-21,1301,7900,49927014,39504366
2022-05-22,231,1014,49927245,39505380
2022-05-23,830,8271,49928075,39513651
2022-05-24,1073,8672,49929148,39522323
2022-05-25,1372,9460,49930520,39531783
2022-05-26,1196,9480,49931716,39541263
2022-05-27,1232,9915,49932948,39551178
2022-05-28,1205,7887,49934153,39559065
2022-05-29,288,1265,49934441,39560330
2022-05-30,930,8057,49935371,39568387
2022-05-31,1038,8548,49936409,39576935
2022-06-01,895,7658,49937304,39584593
2022-06-02,35,474,49937339,39585067
2022-06-03,817,7334,49938156,39592401
2022-06-04,870,5162,49939026,39597563
2022-06-05,89,586,49939115,39598149
2022-06-06,679,7004,49939794,39605153
2022-06-07,952,7849,49940746,39613002
2022-06-08,981,7907,49941727,39620909
2022-06-09,1036,8417,49942763,39629326
2022-06-10,958,8563,49943721,39637889
2022-06-11,903,6207,49944624,39644096
2022-06-12,140,768,49944764,39644864
2022-06-13,602,6301,49945366,39651165
2022-06-14,832,7903,49946198,39659068
2022-06-15,960,7856,49947158,39666924
2022-06-16,733,7397,49947891,39674321
2022-06-17,724,7249,49948615,39681570
2022-06-18,777,5594,49949392,39687164
2022-06-19,49,521,49949441,39687685
2022-06-20,587,6699,49950028,39694384
2022-06-21,741,7663,49950769,39702047
2022-06-22,779,7312,49951548,39709359
2022-06-23,648,7472,49952196,39716831
2022-06-24,644,7474,49952840,39724305
2022-06-25,835,6533,49953675,39730838
2022-06-26,128,523,49953803,39731361
2022-06-27,534,7125,49954337,39738486
2022-06-28,747,8207,49955084,39746693
2022-06-29,756,7732,49955840,39754425
2022-06-30,747,8145,49956587,39762570
2022-07-01,577,6443,49957164,39769013
2022-07-02,536,4769,49957700,39773782
2022-07-03,49,456,49957749,39774238
2022-07-04,469,6277,49958218,39780515
2022-07-05,631,8120,49958849,39788635
2022-07-06,633,7611,49959482,39796246
2022-07-07,575,8271,49960057,39804517
2022-07-08,674,8085,49960731,39812602
2022-07-09,549,6105,49961280,39818707
2022-07-10,58,533,49961338,39819240
2022-07-11,491,7640,49961829,39826880
2022-07-12,667,9030,49962496,39835910
2022-07-13,644,10066,49963140,39845976
2022-07-14,637,10226,49963777,39856202
2022-07-15,626,10668,49964403,39866870
2022-07-16,522,7215,49964925,39874085
2022-07-17,48,770,49964973,39874855
2022-07-18,496,9372,49965469,39884227
2022-07-19,575,10683,49966044,39894910
2022-07-20,581,11275,49966625,39906185
2022-07-21,630,12090,49967255,39918275
2022-07-22,584,11259,49967839,39929534
2022-07-23,381,6775,49968220,39936309
2022-07-24,76,857,49968296,39937166
2022-07-25,503,9052,49968799,39946218
2022-07-26,522,9761,49969321,39955979
2022-07-27,552,10209,49969873,39966188
2022-07-28,532,10534,49970405,39976722
2022-07-29,511,9465,49970916,39986187
2022-07-30,383,5881,49971299,39992068
2022-07-31,49,764,49971348,39992832
2022-08-01,386,6864,49971734,39999696
2022-08-02,545,7590,49972279,40007286
2022-08-03,512,7179,49972791,40014465
2022-08-04,455,7490,49973246,40021955
2022-08-05,421,6527,49973667,40028482
2022-08-06,299,3613,49973966,40032095
2022-08-07,44,561,49974010,40032656
2022-08-08,403,4890,49974413,40037546
2022-08-09,381,5312,49974794,40042858
2022-08-10,385,4816,49975179,40047674
2022-08-11,369,4803,49975548,40052477
2022-08-12,293,3720,49975841,40056197
2022-08-13,143,1600,49975984,40057797
2022-08-14,9,129,49975993,40057926
2022-08-15,1,26,49975994,40057952
2022-08-16,282,3043,49976276,40060995
2022-08-17,352,3536,49976628,40064531
2022-08-18,392,4160,49977020,40068691
2022-08-19,341,3319,49977361,40072010
2022-08-20,183,1715,49977544,40073725
2022-08-21,24,149,49977568,40073874
2022-08-22,329,2952,49977897,40076826
2022-08-23,370,3674,49978267,40080500
2022-08-24,384,3360,49978651,40083860
2022-08-25,422,3774,49979073,40087634
2022-08-26,399,3575,49979472,40091209
2022-08-27,237,1769,49979709,40092978
2022-08-28,29,267,49979738,40093245
2022-08-29,354,3161,49980092,40096406
2022-08-30,403,3671,49980495,40100077
2022-08-31,438,3734,49980933,40103811
2022-09-01,353,3116,49981286,40106927
2022-09-02,296,2893,49981582,40109820
2022-09-03,200,1689,49981782,40111509
2022-09-04,24,149,49981806,40111658
2022-09-05,187,2656,49981993,40114314
2022-09-06,305,2981,49982298,40117295
2022-09-07,540,2937,49982838,40120232
2022-09-08,292,2962,49983130,40123194
2022-09-09,305,2886,49983435,40126080
2022-09-10,227,1327,49983662,40127407
2022-09-11,23,124,49983685,40127531
2022-09-12,267,2267,49983952,40129798
2022-09-13,252,2276,49984204,40132074
2022-09-14,266,2566,49984470,40134640
2022-09-15,282,2500,49984752,40137140
2022-09-16,254,2546,49985006,40139686
2022-09-17,239,1339,49985245,40141025
2022-09-18,20,170,49985265,40141195
2022-09-19,206,1971,49985471,40143166
2022-09-20,236,2391,49985707,40145557
2022-09-21,289,2526,49985996,40148083
2022-09-22,266,2662,49986262,40150745
2022-09-23,259,2545,49986521,40153290
2022-09-24,193,1427,49986714,40154717
2022-09-25,29,133,49986743,40154850
2022-09-26,280,2248,49987023,40157098
2022-09-27,287,2682,49987310,40159780
2022-09-28,310,2905,49987620,40162685
2022-09-29,257,3049,49987877,40165734
2022-09-30,292,2989,49988169,40168723
2022-10-01,195,1515,49988364,40170238
2022-10-02,12,187,49988376,40170425
2022-10-03,185,2474,49988561,40172899
2022-10-04,236,2862,49988797,40175761
2022-10-05,229,3249,49989026,40179010
2022-10-06,243,3874,49989269,40182884
2022-10-07,282,4187,49989551,40187071
2022-10-08,202,2270,49989753,40189341
2022-10-09,8,305,49989761,40189646
2022-10-10,210,3356,49989971,40193002
2022-10-11,193,4378,49990164,40197380
2022-10-12,209,4441,49990373,40201821
2022-10-13,203,5304,49990576,40207125
2022-10-14,232,5023,49990808,40212148
2022-10-15,190,2671,49990998,40214819
2022-10-16,6,360,49991004,40215179
2022-10-17,185,3871,49991189,40219050
2022-10-18,257,4965,49991446,40224015
2022-10-19,244,5478,49991690,40229493
2022-10-20,224,5993,49991914,40235486
2022-10-21,250,5476,49992164,40240962
2022-10-22,195,2911,49992359,40243873
2022-10-23,13,364,49992372,40244237
2022-10-24,171,3929,49992543,40248166
2022-10-25,253,4926,49992796,40253092
2022-10-26,347,5498,49993143,40258590
2022-10-27,241,5671,49993384,40264261
2022-10-28,199,5261,49993583,40269522
2022-10-29,128,2844,49993711,40272366
2022-10-30,3,328,49993714,40272694
2022-10-31,117,3037,49993831,40275731
2022-11-01,11,353,49993842,40276084
2022-11-02,143,3719,49993985,40279803
2022-11-03,173,4785,49994158,40284588
2022-11-04,225,4600,49994383,40289188
2022-11-05,144,2597,49994527,40291785
2022-11-06,10,259,49994537,40292044
2022-11-07,169,3224,49994706,40295268
2022-11-08,260,4241,49994966,40299509
2022-11-09,197,4327,49995163,40303836
2022-11-10,182,4584,49995345,40308420
2022-11-11,192,4218,49995537,40312638
2022-11-12,152,2367,49995689,40315005
2022-11-13,7,335,49995696,40315340
2022-11-14,149,2836,49995845,40318176
2022-11-15,202,3739,49996047,40321915
2022-11-16,215,3977,49996262,40325892
2022-11-17,192,4088,49996454,40329980
2022-11-18,247,4015,49996701,40333995
2022-11-19,112,2096,49996813,40336091
2022-11-20,24,317,49996837,40336408
2022-11-21,118,2612,49996955,40339020
2022-11-22,142,3206,49997097,40342226
2022-11-23,192,3613,49997289,40345839
2022-11-24,155,3810,49997444,40349649
2022-11-25,184,3763,49997628,40353412
2022-11-26,130,2088,49997758,40355500
2022-11-27,22,356,49997780,40355856
2022-11-28,180,2669,49997960,40358525
2022-11-29,183,3211,49998143,40361736
2022-11-30,178,3713,49998321,40365449
2022-12-01,223,3596,49998544,40369045
2022-12-02,156,3499,49998700,40372544
2022-12-03,104,1950,49998804,40374494
2022-12-04,5,290,49998809,40374784
2022-12-05,127,2828,49998936,40377612
2022-12-06,176,3619,49999112,40381231
2022-12-07,134,3077,49999246,40384308
2022-12-08,8,169,49999254,40384477
2022-12-09,153,2987,49999407,40387464
2022-12-10,78,1590,49999485,40389054
2022-12-11,7,192,49999492,40389246
2022-12-12,168,2484,49999660,40391730
2022-12-13,168,2913,49999828,40394643
2022-12-14,211,3027,50000039,40397670
2022-12-15,84,1314,50000123,40398984