data_somministrazione,vaccinazioni,booster,cum_vaccinazioni,cum_booster
2020-12-27,22,0,22,0
2020-12-28,2,0,24,0
2020-12-29,1,0,25,0
2020-12-30,8,0,33,0
2020-12-31,80,0,113,0
2021-01-01,26,0,139,0
2021-01-02,151,0,290,0
2021-01-03,112,0,402,0
2021-01-04,245,0,647,0
2021-01-05,290,0,937,0
2021-01-06,262,0,1199,0
2021-01-07,331,0,1530,0
2021-01-08,384,0,1914,0
2021-01-09,290,0,2204,0
2021-01-10,171,0,2375,0
2021-01-11,312,0,2687,0
2021-01-12,292,0,2979,0
2021-01-13,424,0,3403,0
2021-01-14,507,0,3910,0
2021-01-15,327,0,4237,0
2021-01-16,225,0,4462,0
2021-01-17,3065,0,7527,0
2021-01-18,5220,0,12747,0
2021-01-19,1896,0,14643,0
2021-01-20,4660,0,19303,0
2021-01-21,20004,0,39307,0
2021-01-22,14220,0,53527,0
2021-01-23,33316,0,86843,0
2021-01-24,30775,0,117618,0
2021-01-25,64699,0,182317,0
2021-01-26,76457,0,258774,0
2021-01-27,64803,0,323577,0
2021-01-28,89244,0,412821,0
2021-01-29,93992,0,506813,0
2021-01-30,86538,0,593351,0
2021-01-31,57321,0,650672,0
2021-02-01,81833,0,732505,0
2021-02-02,82126,0,814631,0
2021-02-03,91101,0,905732,0
2021-02-04,95380,0,1001112,0
2021-02-05,90263,0,1091375,0
2021-02-06,63450,0,1154825,0
2021-02-07,32935,0,1187760,0
2021-02-08,40421,0,1228181,0
2021-02-09,32880,0,1261061,0
2021-02-10,28439,0,1289500,0
2021-02-11,20408,0,1309908,0
2021-02-12,16252,0,1326160,0
2021-02-13,7280,0,1333440,0
2021-02-14,2862,0,1336302,0
2021-02-15,6851,0,1343153,0
2021-02-16,7007,0,1350160,0
2021-02-17,10527,0,1360687,0
2021-02-18,9258,0,1369945,0
2021-02-19,8259,0,1378204,0
2021-02-20,5585,0,1383789,0
2021-02-21,3015,0,1386804,0
2021-02-22,6882,0,1393686,0
2021-02-23,7191,0,1400877,0
2021-02-24,9815,0,1410692,0
2021-02-25,14215,0,1424907,0
2021-02-26,17563,0,1442470,0
2021-02-27,13925,0,1456395,0
2021-02-28,9398,0,1465793,0
2021-03-01,26532,0,1492325,0
2021-03-02,33247,0,1525572,0
2021-03-03,44653,0,1570225,0
2021-03-04,50303,0,1620528,0
2021-03-05,55745,0,1676273,0
2021-03-06,41886,0,1718159,0
2021-03-07,22332,0,1740491,0
2021-03-08,50840,0,1791331,0
2021-03-09,53095,0,1844426,0
2021-03-10,58701,0,1903127,0
2021-03-11,63895,0,1967022,0
2021-03-12,65145,0,2032167,0
2021-03-13,51732,0,2083899,0
2021-03-14,35427,0,2119326,0
2021-03-15,73463,0,2192789,0
2021-03-16,74029,0,2266818,0
2021-03-17,83144,0,2349962,0
2021-03-18,81633,0,2431595,0
2021-03-19,81091,0,2512686,0
2021-03-20,64744,0,2577430,0
2021-03-21,47310,0,2624740,0
2021-03-22,69506,0,2694246,0
2021-03-23,75821,0,2770067,0
2021-03-24,90940,0,2861007,0
2021-03-25,89829,0,2950836,0
2021-03-26,83645,0,3034481,0
2021-03-27,71963,0,3106444,0
2021-03-28,44192,0,3150636,0
2021-03-29,70852,0,3221488,0
2021-03-30,81420,0,3302908,0
2021-03-31,96268,0,3399176,0
2021-04-01,95341,0,3494517,0
2021-04-02,84088,0,3578605,0
2021-04-03,64314,0,3642919,0
2021-04-04,21726,0,3664645,0
2021-04-05,40325,0,3704970,0
2021-04-06,81351,0,3786321,0
2021-04-07,95850,0,3882171,0
2021-04-08,95267,0,3977438,0
2021-04-09,88509,0,4065947,0
2021-04-10,74038,0,4139985,0
2021-04-11,44773,0,4184758,0
2021-04-12,66928,0,4251686,0
2021-04-13,72600,0,4324286,0
2021-04-14,85560,0,4409846,0
2021-04-15,105429,0,4515275,0
2021-04-16,106436,0,4621711,0
2021-04-17,90532,0,4712243,0
2021-04-18,58599,0,4770842,0
2021-04-19,93446,0,4864288,0
2021-04-20,103783,0,4968071,0
2021-04-21,125346,0,5093417,0
2021-04-22,143539,0,5236956,0
2021-04-23,138765,0,5375721,0
2021-04-24,124454,0,5500175,0
2021-04-25,61471,0,5561646,0
2021-04-26,97919,0,5659565,0
2021-04-27,128379,0,5787944,0
2021-04-28,156402,0,5944346,0
2021-04-29,195626,0,6139972,0
2021-04-30,214622,0,6354594,0
2021-05-01,174150,0,6528744,0
2021-05-02,135817,0,6664561,0
2021-05-03,142082,0,6806643,0
2021-05-04,158720,0,6965363,0
2021-05-05,170556,0,7135919,0
2021-05-06,197833,0,7333752,0
2021-05-07,213889,0,7547641,0
2021-05-08,213445,0,7761086,0
2021-05-09,143222,0,7904308,0
2021-05-10,165110,0,8069418,0
2021-05-11,175018,0,8244436,0
2021-05-12,179237,0,8423673,0
2021-05-13,203427,0,8627100,0
2021-05-14,222950,0,8850050,0
2021-05-15,210399,0,9060449,0
2021-05-16,159292,0,9219741,0
2021-05-17,219226,0,9438967,0
2021-05-18,213036,0,9652003,0
2021-05-19,207108,0,9859111,0
2021-05-20,270911,0,10130022,0
2021-05-21,270916,0,10400938,0
2021-05-22,245554,0,10646492,0
2021-05-23,197199,0,10843691,0
2021-05-24,228314,0,11072005,0
2021-05-25,245704,0,11317709,0
2021-05-26,277577,0,11595286,0
2021-05-27,311111,0,11906397,0
2021-05-28,299589,0,12205986,0
2021-05-29,231262,0,12437248,0
2021-05-30,170858,0,12608106,0
2021-05-31,216444,0,12824550,0
2021-06-01,207649,0,13032199,0
2021-06-02,115810,0,13148009,0
2021-06-03,180186,0,13328195,0
2021-06-04,184935,0,13513130,0
2021-06-05,186015,0,13699145,0
2021-06-06,139604,0,13838749,0
2021-06-07,161921,0,14000670,0
2021-06-08,171310,0,14171980,0
2021-06-09,171541,0,14343521,0
2021-06-10,174180,0,14517701,0
2021-06-11,170062,0,14687763,0
2021-06-12,128418,0,14816181,0
2021-06-13,91251,0,14907432,0
2021-06-14,214717,0,15122149,0
2021-06-15,228472,0,15350621,0
2021-06-16,253121,0,15603742,0
2021-06-17,301799,0,15905541,0
2021-06-18,306345,0,16211886,0
2021-06-19,275143,0,16487029,0
2021-06-20,220837,0,16707866,0
2021-06-21,288120,0,16995986,0
2021-06-22,296274,0,17292260,0
2021-06-23,302715,0,17594975,0
2021-06-24,332633,0,17927608,0
2021-06-25,348749,0,18276357,0
2021-06-26,300158,0,18576515,0
2021-06-27,228707,0,18805222,0
2021-06-28,307170,0,19112392,0
2021-06-29,329358,0,19441750,0
2021-06-30,342238,0,19783988,0
2021-07-01,363260,0,20147248,0
2021-07-02,368514,0,20515762,0
2021-07-03,371107,0,20886869,0
2021-07-04,283249,0,21170118,0
2021-07-05,384571,0,21554689,0
2021-07-06,385495,0,21940184,0
2021-07-07,412142,0,22352326,0
2021-07-08,479587,0,22831913,0
2021-07-09,498464,0,23330377,0
2021-07-10,475174,0,23805551,0
2021-07-11,357689,0,24163240,0
2021-07-12,485869,0,24649109,0
2021-07-13,492062,0,25141171,0
2021-07-14,480428,0,25621599,0
2021-07-15,523409,0,26145008,0
2021-07-16,509740,0,26654748,0
2021-07-17,464317,0,27119065,0
2021-07-18,364625,0,27483690,0
2021-07-19,463032,0,27946722,0
2021-07-20,458044,0,28404766,0
2021-07-21,462787,0,28867553,0
2021-07-22,475372,0,29342925,0
2021-07-23,441325,0,29784250,0
2021-07-24,386142,0,30170392,0
2021-07-25,287537,0,30457929,0
2021-07-26,430887,0,30888816,0
2021-07-27,440102,0,31328918,0
2021-07-28,391013,0,31719931,0
2021-07-29,372073,0,32092004,0
2021-07-30,341523,0,32433527,0
2021-07-31,287050,0,32720577,0
2021-08-01,190994,0,32911571,0
2021-08-02,333713,0,33245284,0
2021-08-03,323183,0,33568467,0
2021-08-04,310997,0,33879464,0
2021-08-05,292479,0,34171943,0
2021-08-06,260048,0,34431991,0
2021-08-07,199069,0,34631060,0
2021-08-08,153111,0,34784171,0
2021-08-09,234081,0,35018252,0
2021-08-10,205296,0,35223548,0
2021-08-11,193798,0,35417346,0
2021-08-12,168079,0,35585425,0
2021-08-13,148676,0,35734101,0
2021-08-14,66104,0,35800205,0
2021-08-15,26345,0,35826550,0
2021-08-16,114724,0,35941274,0
2021-08-17,129258,0,36070532,0
2021-08-18,128761,0,36199293,0
2021-08-19,124865,0,36324158,0
2021-08-20,123797,0,36447955,0
2021-08-21,83135,0,36531090,0
2021-08-22,68182,0,36599272,0
2021-08-23,176870,0,36776142,0
2021-08-24,156891,0,36933033,0
2021-08-25,177169,0,37110202,0
2021-08-26,172347,0,37282549,0
2021-08-27,185828,0,37468377,0
2021-08-28,140294,0,37608671,0
2021-08-29,98995,0,37707666,0
2021-08-30,209582,0,37917248,0
2021-08-31,194640,0,38111888,0
2021-09-01,192217,0,38304105,0
2021-09-02,189924,0,38494029,0
2021-09-03,191275,0,38685304,0
2021-09-04,131439,0,38816743,0
2021-09-05,87841,0,38904584,0
2021-09-06,193598,0,39098182,0
2021-09-07,196037,0,39294219,0
2021-09-08,187856,0,39482075,0
2021-09-09,201415,0,39683490,0
2021-09-10,198047,0,39881537,0
2021-09-11,141289,0,40022826,0
2021-09-12,89590,0,40112416,0
2021-09-13,191097,664,40303513,664
2021-09-14,177205,662,40480718,1326
2021-09-15,163080,656,40643798,1982
2021-09-16,160032,1017,40803830,2999
2021-09-17,150153,1176,40953983,4175
2021-09-18,127984,783,41081967,4958
2021-09-19,81142,512,41163109,5470
2021-09-20,180057,9138,41343166,14608
2021-09-21,166676,8866,41509842,23474
2021-09-22,159122,9465,41668964,32939
2021-09-23,138107,9360,41807071,42299
2021-09-24,140550,9022,41947621,51321
2021-09-25,119565,5677,42067186,56998
2021-09-26,71992,4369,42139178,61367
2021-09-27,135671,10090,42274849,71457
2021-09-28,117519,11437,42392368,82894
2021-09-29,112382,11856,42504750,94750
2021-09-30,110296,14986,42615046,109736
2021-10-01,95004,19144,42710050,128880
2021-10-02,78526,14048,42788576,142928
2021-10-03,47761,7671,42836337,150599
2021-10-04,88390,34491,42924727,185090
2021-10-05,80385,34023,43005112,219113
2021-10-06,72008,34219,43077120,253332
2021-10-07,71883,34380,43149003,287712
2021-10-08,80650,33629,43229653,321341
2021-10-09,76115,22202,43305768,343543
2021-10-10,45793,13632,43351561,357175
2021-10-11,87447,41137,43439008,398312
2021-10-12,84515,46939,43523523,445251
2021-10-13,88227,52173,43611750,497424
2021-10-14,91559,58563,43703309,555987
2021-10-15,93599,55687,43796908,611674
2021-10-16,82977,36832,43879885,648506
2021-10-17,51461,23864,43931346,672370
2021-10-18,90302,59526,44021648,731896
2021-10-19,78354,69422,44100002,801318
2021-10-20,75060,78216,44175062,879534
2021-10-21,78280,81826,44253342,961360
2021-10-22,73766,77091,44327108,1038451
2021-10-23,60838,51977,44387946,1090428
2021-10-24,33370,23482,44421316,1113910
2021-10-25,64894,81673,44486210,1195583
2021-10-26,58372,91844,44544582,1287427
2021-10-27,58318,104044,44602900,1391471
2021-10-28,61442,114166,44664342,1505637
2021-10-29,61623,103199,44725965,1608836
2021-10-30,50672,68160,44776637,1676996
2021-10-31,25159,28314,44801796,1705310
2021-11-01,19050,28159,44820846,1733469
2021-11-02,62737,89446,44883583,1822915
2021-11-03,60714,118707,44944297,1941622
2021-11-04,59239,126708,45003536,2068330
2021-11-05,63091,135233,45066627,2203563
2021-11-06,46495,90944,45113122,2294507
2021-11-07,22248,37908,45135370,2332415
2021-11-08,51523,131301,45186893,2463716
2021-11-09,45402,144238,45232295,2607954
2021-11-10,42592,156382,45274887,2764336
2021-11-11,44929,155178,45319816,2919514
2021-11-12,46300,158712,45366116,3078226
2021-11-13,33273,116683,45399389,3194909
2021-11-14,14490,52462,45413879,3247371
2021-11-15,36907,157448,45450786,3404819
2021-11-16,30569,171414,45481355,3576233
2021-11-17,28469,178470,45509824,3754703
2021-11-18,30297,193770,45540121,3948473
2021-11-19,28824,205889,45568945,4154362
2021-11-20,21015,156460,45589960,4310822
2021-11-21,10613,64870,45600573,4375692
2021-11-22,21960,213163,45622533,4588855
2021-11-23,23608,241804,45646141,4830659
2021-11-24,27769,271103,45673910,5101762
2021-11-25,23269,301953,45697179,5403715
2021-11-26,24600,318312,45721779,5722027
2021-11-27,21419,266175,45743198,5988202
2021-11-28,9911,137072,45753109,6125274
2021-11-29,22368,326081,45775477,6451355
2021-11-30,23121,365862,45798598,6817217
2021-12-01,21562,413547,45820160,7230764
2021-12-02,23800,440444,45843960,7671208
2021-12-03,25283,467546,45869243,8138754
2021-12-04,22389,418811,45891632,8557565
2021-12-05,11943,261370,45903575,8818935
2021-12-06,25849,457637,45929424,9276572
2021-12-07,24169,480308,45953593,9756880
2021-12-08,10032,249723,45963625,10006603
2021-12-09,31627,491968,45995252,10498571
2021-12-10,28109,517939,46023361,11016510
2021-12-11,23595,459288,46046956,11475798
2021-12-12,12327,293536,46059283,11769334
2021-12-13,26186,467663,46085469,12236997
2021-12-14,25207,494246,46110676,12731243
2021-12-15,25381,517191,46136057,13248434
2021-12-16,27938,520309,46163995,13768743
2021-12-17,29403,517229,46193398,14285972
2021-12-18,27117,468788,46220515,14754760
2021-12-19,15174,300546,46235689,15055306
2021-12-20,30683,477513,46266372,15532819
2021-12-21,30422,493451,46296794,16026270
2021-12-22,29494,484759,46326288,16511029
2021-12-23,28290,426971,46354578,16938000
2021-12-24,13124,210847,46367702,17148847
2021-12-25,2104,33053,46369806,17181900
2021-12-26,8782,159077,46378588,17340977
2021-12-27,46851,504703,46425439,17845680
2021-12-28,42513,554268,46467952,18399948
2021-12-29,34409,550685,46502361,18950633
2021-12-30,31904,499871,46534265,19450504
2021-12-31,14151,247410,46548416,19697914
2022-01-01,3502,64814,46551918,19762728
2022-01-02,22839,276728,46574757,20039456
2022-01-03,47964,520037,46622721,20559493
2022-01-04,46492,572107,46669213,21131600
2022-01-05,40864,560430,46710077,21692030
2022-01-06,23544,274490,46733621,21966520
2022-01-07,63814,554226,46797435,22520746
2022-01-08,61003,503426,46858438,23024172
2022-01-09,42980,319709,46901418,23343881
2022-01-10,61185,542331,46962603,23886212
2022-01-11,61877,587040,47024480,24473252
2022-01-12,58574,581316,47083054,25054568
2022-01-13,58731,580436,47141785,25635004
2022-01-14,46956,588626,47188741,26223630
2022-01-15,39599,570001,47228340,26793631
2022-01-16,31334,341898,47259674,27135529
2022-01-17,54862,489699,47314536,27625228
2022-01-18,58479,517058,47373015,28142286
2022-01-19,57281,502826,47430296,28645112
2022-01-20,54432,498866,47484728,29143978
2022-01-21,42195,493902,47526923,29637880
2022-01-22,31314,469624,47558237,30107504
2022-01-23,34984,275392,47593221,30382896
2022-01-24,56231,437255,47649452,30820151
2022-01-25,61606,452135,47711058,31272286
2022-01-26,58602,435851,47769660,31708137
2022-01-27,48901,432419,47818561,32140556
2022-01-28,58768,436567,47877329,32577123
2022-01-29,68199,412521,47945528,32989644
2022-01-30,50413,235992,47995941,33225636
2022-01-31,60728,356953,48056669,33582589
2022-02-01,65622,328473,48122291,33911062
2022-02-02,63253,297002,48185544,34208064
2022-02-03,60097,274541,48245641,34482605
2022-02-04,72418,268474,48318059,34751079
2022-02-05,83818,248560,48401877,34999639
2022-02-06,55309,116207,48457186,35115846
2022-02-07,65192,199947,48522378,35315793
2022-02-08,66960,186132,48589338,35501925
2022-02-09,58776,166357,48648114,35668282
2022-02-10,58604,163256,48706718,35831538
2022-02-11,62277,162481,48768995,35994019
2022-02-12,72016,152157,48841011,36146176
2022-02-13,41487,68859,48882498,36215035
2022-02-14,46712,116195,48929210,36331230
2022-02-15,48573,123482,48977783,36454712
2022-02-16,45698,106132,49023481,36560844
2022-02-17,42877,98127,49066358,36658971
2022-02-18,46639,112590,49112997,36771561
2022-02-19,52547,100341,49165544,36871902
2022-02-20,31416,40367,49196960,36912269
2022-02-21,37903,89658,49234863,37001927
2022-02-22,37227,83786,49272090,37085713
2022-02-23,33403,79409,49305493,37165122
2022-02-24,32562,78168,49338055,37243290
2022-02-25,34775,90714,49372830,37334004
2022-02-26,39163,89139,49411993,37423143
2022-02-27,22548,35859,49434541,37459002
2022-02-28,28490,81699,49463031,37540701
2022-03-01,22733,53943,49485764,37594644
2022-03-02,21935,50714,49507699,37645358
2022-03-03,22641,54947,49530340,37700305
2022-03-04,23244,62801,49553584,37763106
2022-03-05,23804,57953,49577388,37821059
2022-03-06,9473,17201,49586861,37838260
2022-03-07,15927,51391,49602788,37889651
2022-03-08,15481,48797,49618269,37938448
2022-03-09,13816,46517,49632085,37984965
2022-03-10,14061,52127,49646146,38037092
2022-03-11,15593,57273,49661739,38094365
2022-03-12,15513,56620,49677252,38150985
2022-03-13,5545,16852,49682797,38167837
2022-03-14,10529,46701,49693326,38214538
2022-03-15,10555,46895,49703881,38261433
2022-03-16,9484,41978,49713365,38303411
2022-03-17,9725,44875,49723090,38348286
2022-03-18,10164,49059,49733254,38397345
2022-03-19,9151,46540,49742405,38443885
2022-03-20,2608,11704,49745013,38455589
2022-03-21,7587,40231,49752600,38495820
2022-03-22,8448,37768,49761048,38533588
2022-03-23,7220,33701,49768268,38567289
2022-03-24,8260,38821,49776528,38606110
2022-03-25,8143,43673,49784671,38649783
2022-03-26,8129,41722,49792800,38691505
2022-03-27,2432,9683,49795232,38701188
2022-03-28,6112,35244,49801344,38736432
2022-03-29,5783,32532,49807127,38768964
2022-03-30,5567,30205,49812694,38799169
2022-03-31,5905,33187,49818599,38832356
2022-04-01,4351,25189,49822950,38857545
2022-04-02,4497,23275,49827447,38880820
2022-04-03,1049,4500,49828496,38885320
2022-04-04,3661,21546,49832157,38906866
2022-04-05,3758,22938,49835915,38929804
2022-04-06,4105,21853,49840020,38951657
2022-04-07,3970,23321,49843990,38974978
2022-04-08,4697,26716,49848687,39001694
2022-04-09,4381,23889,49853068,39025583
2022-04-10,893,4613,49853961,39030196
2022-04-11,3819,22689,49857780,39052885
2022-04-12,3364,21780,49861144,39074665
2022-04-13,3574,21337,49864718,39096002
2022-04-14,3487,23789,49868205,39119791
2022-04-15,3086,20621,49871291,39140412
2022-04-16,2151,11918,49873442,39152330
2022-04-17,63,348,49873505,39152678
2022-04-18,152,650,49873657,39153328
2022-04-19,3499,21985,49877156,39175313
2022-04-20,3513,20250,49880669,39195563
2022-04-21,2848,19793,49883517,39215356
2022-04-22,2928,20715,49886445,39236071
2022-04-23,2648,16222,49889093,39252293
2022-04-24,509,2334,49889602,39254627
2022-04-25,183,1165,49889785,39255792
2022-04-26,2760,17810,49892545,39273602
2022-04-27,2374,15795,49894919,39289397
2022-04-28,2362,15566,49897281,39304963
2022-04-29,2298,14850,49899579,39319813
2022-04-30,2123,11584,49901702,39331397
2022-05-01,113,531,49901815,39331928
2022-05-02,1451,9393,49903266,39341321
2022-05-03,1577,10326,49904843,39351647
2022-05-04,1747,10276,49906590,39361923
2022-05-05,1654,10297,49908244,39372220
2022-05-06,1702,10972,49909946,39383192
2022-05-07,1431,8573,49911377,39391765
2022-05-08,417,1526,49911794,39393291
2022-05-09,1029,8931,49912823,39402222
2022-05-10,1426,9550,49914249,39411772
2022-05-11,1484,10109,49915733,39421881
2022-05-12,1371,10137,49917104,39432018
2022-05-13,1597,10520,49918701,39442538
2022-05-14,1360,8240,49920061,39450778
2022-05-15,336,1136,49920397,39451914
2022-05-16,814,8408,49921211,39460322
2022-05-17,1244,8707,49922455,39469029
2022-05-18,1373,9256,49923828,39478285
2022-05-19,1501,9287,49925329,39487572
2022-05-20,1426,9532,49926755,39497104
2022-05-21,1302,7901,49928057,39505005
2022-05-22,231,1013,49928288,39506018
2022-05-23,830,8273,49929118,39514291
2022-05-24,1073,8673,49930191,39522964
2022-05-25,1372,9460,49931563,39532424
2022-05-26,1198,9480,49932761,39541904
2022-05-27,1232,9916,49933993,39551820
2022-05-28,1205,7889,49935198,39559709
2022-05-29,288,1265,49935486,39560974
2022-05-30,931,8058,49936417,39569032
2022-05-31,1039,8548,49937456,39577580
2022-06-01,895,7657,49938351,39585237
2022-06-02,35,474,49938386,39585711
2022-06-03,817,7334,49939203,39593045
2022-06-04,870,5162,49940073,39598207
2022-06-05,89,586,49940162,39598793
2022-06-06,679,7004,49940841,39605797
2022-06-07,952,7850,49941793,39613647
2022-06-08,981,7906,49942774,39621553
2022-06-09,1037,8418,49943811,39629971
2022-06-10,958,8563,49944769,39638534
2022-06-11,904,6206,49945673,39644740
2022-06-12,140,768,49945813,39645508
2022-06-13,602,6301,49946415,39651809
2022-06-14,832,7904,49947247,39659713
2022-06-15,960,7856,49948207,39667569
2022-06-16,733,7397,49948940,39674966
2022-06-17,724,7248,49949664,39682214
2022-06-18,778,5594,49950442,39687808
2022-06-19,49,521,49950491,39688329
2022-06-20,587,6699,49951078,39695028
2022-06-21,741,7664,49951819,39702692
2022-06-22,779,7312,49952598,39710004
2022-06-23,648,7472,49953246,39717476
2022-06-24,644,7474,49953890,39724950
2022-06-25,835,6533,49954725,39731483
2022-06-26,128,523,49954853,39732006
2022-06-27,534,7126,49955387,39739132
2022-06-28,747,8207,49956134,39747339
2022-06-29,756,7732,49956890,39755071
2022-06-30,747,8145,49957637,39763216
2022-07-01,577,6443,49958214,39769659
2022-07-02,536,4769,49958750,39774428
2022-07-03,49,456,49958799,39774884
2022-07-04,469,6277,49959268,39781161
2022-07-05,631,8122,49959899,39789283
2022-07-06,634,7611,49960533,39796894
2022-07-07,576,8273,49961109,39805167
2022-07-08,673,8086,49961782,39813253
2022-07-09,550,6105,49962332,39819358
2022-07-10,58,533,49962390,39819891
2022-07-11,491,7641,49962881,39827532
2022-07-12,668,9031,49963549,39836563
2022-07-13,644,10067,49964193,39846630
2022-07-14,637,10225,49964830,39856855
2022-07-15,627,10674,49965457,39867529
2022-07-16,523,7215,49965980,39874744
2022-07-17,48,770,49966028,39875514
2022-07-18,496,9374,49966524,39884888
2022-07-19,575,10683,49967099,39895571
2022-07-20,582,11277,49967681,39906848
2022-07-21,630,12093,49968311,39918941
2022-07-22,585,11260,49968896,39930201
2022-07-23,381,6775,49969277,39936976
2022-07-24,76,857,49969353,39937833
2022-07-25,503,9054,49969856,39946887
2022-07-26,522,9763,49970378,39956650
2022-07-27,554,10210,49970932,39966860
2022-07-28,532,10535,49971464,39977395
2022-07-29,511,9466,49971975,39986861
2022-07-30,383,5882,49972358,39992743
2022-07-31,49,764,49972407,39993507
2022-08-01,386,6865,49972793,40000372
2022-08-02,548,7590,49973341,40007962
2022-08-03,513,7179,49973854,40015141
2022-08-04,455,7491,49974309,40022632
2022-08-05,421,6526,49974730,40029158
2022-08-06,299,3613,49975029,40032771
2022-08-07,44,563,49975073,40033334
2022-08-08,403,4890,49975476,40038224
2022-08-09,381,5312,49975857,40043536
2022-08-10,385,4816,49976242,40048352
2022-08-11,369,4804,49976611,40053156
2022-08-12,294,3720,49976905,40056876
2022-08-13,143,1600,49977048,40058476
2022-08-14,9,129,49977057,40058605
2022-08-15,1,26,49977058,40058631
2022-08-16,283,3043,49977341,40061674
2022-08-17,352,3536,49977693,40065210
2022-08-18,393,4160,49978086,40069370
2022-08-19,342,3319,49978428,40072689
2022-08-20,183,1715,49978611,40074404
2022-08-21,24,149,49978635,40074553
2022-08-22,330,2952,49978965,40077505
2022-08-23,370,3674,49979335,40081179
2022-08-24,384,3360,49979719,40084539
2022-08-25,422,3773,49980141,40088312
2022-08-26,399,3575,49980540,40091887
2022-08-27,237,1769,49980777,40093656
2022-08-28,29,267,49980806,40093923
2022-08-29,354,3161,49981160,40097084
2022-08-30,405,3671,49981565,40100755
2022-08-31,438,3734,49982003,40104489
2022-09-01,353,3116,49982356,40107605
2022-09-02,296,2893,49982652,40110498
2022-09-03,200,1689,49982852,40112187
2022-09-04,24,149,49982876,40112336
2022-09-05,187,2656,49983063,40114992
2022-09-06,306,2983,49983369,40117975
2022-09-07,541,2937,49983910,40120912
2022-09-08,293,2963,49984203,40123875
2022-09-09,305,2886,49984508,40126761
2022-09-10,228,1326,49984736,40128087
2022-09-11,23,124,49984759,40128211
2022-09-12,267,2268,49985026,40130479
2022-09-13,252,2277,49985278,40132756
2022-09-14,266,2566,49985544,40135322
2022-09-15,282,2501,49985826,40137823
2022-09-16,256,2546,49986082,40140369
2022-09-17,239,1339,49986321,40141708
2022-09-18,20,170,49986341,40141878
2022-09-19,206,1971,49986547,40143849
2022-09-20,235,2392,49986782,40146241
2022-09-21,289,2526,49987071,40148767
2022-09-22,267,2663,49987338,40151430
2022-09-23,259,2545,49987597,40153975
2022-09-24,193,1427,49987790,40155402
2022-09-25,29,133,49987819,40155535
2022-09-26,280,2248,49988099,40157783
2022-09-27,287,2683,49988386,40160466
2022-09-28,310,2904,49988696,40163370
2022-09-29,257,3049,49988953,40166419
2022-09-30,292,2989,49989245,40169408
2022-10-01,195,1515,49989440,40170923
2022-10-02,12,187,49989452,40171110
2022-10-03,185,2474,49989637,40173584
2022-10-04,236,2862,49989873,40176446
2022-10-05,229,3252,49990102,40179698
2022-10-06,243,3874,49990345,40183572
2022-10-07,283,4189,49990628,40187761
2022-10-08,204,2270,49990832,40190031
2022-10-09,8,305,49990840,40190336
2022-10-10,211,3356,49991051,40193692
2022-10-11,194,4379,49991245,40198071
2022-10-12,209,4441,49991454,40202512
2022-10-13,204,5304,49991658,40207816
2022-10-14,233,5026,49991891,40212842
2022-10-15,191,2671,49992082,40215513
2022-10-16,6,360,49992088,40215873
2022-10-17,186,3873,49992274,40219746
2022-10-18,257,4967,49992531,40224713
2022-10-19,244,5478,49992775,40230191
2022-10-20,224,5997,49992999,40236188
2022-10-21,250,5477,49993249,40241665
2022-10-22,195,2911,49993444,40244576
2022-10-23,13,364,49993457,40244940
2022-10-24,171,3930,49993628,40248870
2022-10-25,254,4926,49993882,40253796
2022-10-26,347,5503,49994229,40259299
2022-10-27,241,5671,49994470,40264970
2022-10-28,200,5262,49994670,40270232
2022-10-29,128,2844,49994798,40273076
2022-10-30,3,328,49994801,40273404
2022-10-31,117,3042,49994918,40276446
2022-11-01,11,353,49994929,40276799
2022-11-02,145,3721,49995074,40280520
2022-11-03,174,4788,49995248,40285308
2022-11-04,225,4603,49995473,40289911
2022-11-05,144,2598,49995617,40292509
2022-11-06,10,261,49995627,40292770
2022-11-07,169,3225,49995796,40295995
2022-11-08,260,4251,49996056,40300246
2022-11-09,197,4331,49996253,40304577
2022-11-10,183,4597,49996436,40309174
2022-11-11,193,4221,49996629,40313395
2022-11-12,152,2377,49996781,40315772
2022-11-13,7,338,49996788,40316110
2022-11-14,149,2838,49996937,40318948
2022-11-15,202,3748,49997139,40322696
2022-11-16,217,3991,49997356,40326687
2022-11-17,191,4104,49997547,40330791
2022-11-18,247,4032,49997794,40334823
2022-11-19,112,2104,49997906,40336927
2022-11-20,24,317,49997930,40337244
2022-11-21,119,2620,49998049,40339864
2022-11-22,143,3215,49998192,40343079
2022-11-23,191,3624,49998383,40346703
2022-11-24,156,3836,49998539,40350539
2022-11-25,184,3785,49998723,40354324
2022-11-26,132,2093,49998855,40356417
2022-11-27,22,356,49998877,40356773
2022-11-28,182,2682,49999059,40359455
2022-11-29,257,3229,49999316,40362684
2022-11-30,182,3731,49999498,40366415
2022-12-01,150,3621,49999648,40370036
2022-12-02,156,3526,49999804,40373562
2022-12-03,105,1968,49999909,40375530
2022-12-04,5,290,49999914,40375820
2022-12-05,128,2851,50000042,40378671
2022-12-06,176,3650,50000218,40382321
2022-12-07,135,3129,50000353,40385450
2022-12-08,8,169,50000361,40385619
2022-12-09,161,3023,50000522,40388642
2022-12-10,78,1604,50000600,40390246
2022-12-11,7,193,50000607,40390439
2022-12-12,170,2534,50000777,40392973
2022-12-13,254,3035,50001031,40396008
2022-12-14,227,3206,50001258,40399214
2022-12-15,204,3243,50001462,40402457
2022-12-16,162,3156,50001624,40405613
2022-12-17,94,1677,50001718,40407290
2022-12-18,10,270,50001728,40407560
2022-12-19,144,2154,50001872,40409714
2022-12-20,210,2489,50002082,40412203
2022-12-21,153,2208,50002235,40414411
2022-12-22,141,1856,50002376,40416267
2022-12-23,150,1201,50002526,40417468
2022-12-24,32,160,50002558,40417628
2022-12-25,0,6,50002558,40417634
2022-12-26,6,41,50002564,40417675
2022-12-27,131,1547,50002695,40419222
2022-12-28,129,1739,50002824,40420961
2022-12-29,88,1632,50002912,40422593
2022-12-30,54,812,50002966,40423405