data_somministrazione,vaccinazioni,booster,cum_vaccinazioni,cum_booster
2020-12-27,21,0,21,0
2020-12-28,2,0,23,0
2020-12-29,1,0,24,0
2020-12-30,9,0,33,0
2020-12-31,80,0,113,0
2021-01-01,26,0,139,0
2021-01-02,148,0,287,0
2021-01-03,112,0,399,0
2021-01-04,245,0,644,0
2021-01-05,287,0,931,0
2021-01-06,260,0,1191,0
2021-01-07,330,0,1521,0
2021-01-08,383,0,1904,0
2021-01-09,287,0,2191,0
2021-01-10,170,0,2361,0
2021-01-11,311,0,2672,0
2021-01-12,289,0,2961,0
2021-01-13,421,0,3382,0
2021-01-14,506,0,3888,0
2021-01-15,324,0,4212,0
2021-01-16,225,0,4437,0
2021-01-17,3065,0,7502,0
2021-01-18,5220,0,12722,0
2021-01-19,1895,0,14617,0
2021-01-20,4659,0,19276,0
2021-01-21,20004,0,39280,0
2021-01-22,14220,0,53500,0
2021-01-23,33319,0,86819,0
2021-01-24,30775,0,117594,0
2021-01-25,64698,0,182292,0
2021-01-26,76459,0,258751,0
2021-01-27,64804,0,323555,0
2021-01-28,89245,0,412800,0
2021-01-29,93992,0,506792,0
2021-01-30,86542,0,593334,0
2021-01-31,57322,0,650656,0
2021-02-01,81834,0,732490,0
2021-02-02,82129,0,814619,0
2021-02-03,91104,0,905723,0
2021-02-04,95381,0,1001104,0
2021-02-05,90266,0,1091370,0
2021-02-06,63451,0,1154821,0
2021-02-07,32935,0,1187756,0
2021-02-08,40421,0,1228177,0
2021-02-09,32880,0,1261057,0
2021-02-10,28439,0,1289496,0
2021-02-11,20407,0,1309903,0
2021-02-12,16252,0,1326155,0
2021-02-13,7280,0,1333435,0
2021-02-14,2862,0,1336297,0
2021-02-15,6850,0,1343147,0
2021-02-16,7007,0,1350154,0
2021-02-17,10527,0,1360681,0
2021-02-18,9258,0,1369939,0
2021-02-19,8259,0,1378198,0
2021-02-20,5581,0,1383779,0
2021-02-21,3015,0,1386794,0
2021-02-22,6883,0,1393677,0
2021-02-23,7190,0,1400867,0
2021-02-24,9815,0,1410682,0
2021-02-25,14213,0,1424895,0
2021-02-26,17561,0,1442456,0
2021-02-27,13925,0,1456381,0
2021-02-28,9397,0,1465778,0
2021-03-01,26531,0,1492309,0
2021-03-02,33248,0,1525557,0
2021-03-03,44652,0,1570209,0
2021-03-04,50303,0,1620512,0
2021-03-05,55745,0,1676257,0
2021-03-06,41885,0,1718142,0
2021-03-07,22332,0,1740474,0
2021-03-08,50841,0,1791315,0
2021-03-09,53095,0,1844410,0
2021-03-10,58697,0,1903107,0
2021-03-11,63894,0,1967001,0
2021-03-12,65142,0,2032143,0
2021-03-13,51733,0,2083876,0
2021-03-14,35427,0,2119303,0
2021-03-15,73464,0,2192767,0
2021-03-16,74029,0,2266796,0
2021-03-17,83143,0,2349939,0
2021-03-18,81632,0,2431571,0
2021-03-19,81090,0,2512661,0
2021-03-20,64741,0,2577402,0
2021-03-21,47310,0,2624712,0
2021-03-22,69506,0,2694218,0
2021-03-23,75820,0,2770038,0
2021-03-24,90938,0,2860976,0
2021-03-25,89830,0,2950806,0
2021-03-26,83644,0,3034450,0
2021-03-27,71962,0,3106412,0
2021-03-28,44190,0,3150602,0
2021-03-29,70849,0,3221451,0
2021-03-30,81420,0,3302871,0
2021-03-31,96268,0,3399139,0
2021-04-01,95339,0,3494478,0
2021-04-02,84090,0,3578568,0
2021-04-03,64314,0,3642882,0
2021-04-04,21726,0,3664608,0
2021-04-05,40323,0,3704931,0
2021-04-06,81348,0,3786279,0
2021-04-07,95848,0,3882127,0
2021-04-08,95264,0,3977391,0
2021-04-09,88510,0,4065901,0
2021-04-10,74039,0,4139940,0
2021-04-11,44774,0,4184714,0
2021-04-12,66928,0,4251642,0
2021-04-13,72600,0,4324242,0
2021-04-14,85561,0,4409803,0
2021-04-15,105428,0,4515231,0
2021-04-16,106435,0,4621666,0
2021-04-17,90532,0,4712198,0
2021-04-18,58597,0,4770795,0
2021-04-19,93448,0,4864243,0
2021-04-20,103782,0,4968025,0
2021-04-21,125344,0,5093369,0
2021-04-22,143539,0,5236908,0
2021-04-23,138764,0,5375672,0
2021-04-24,124453,0,5500125,0
2021-04-25,61470,0,5561595,0
2021-04-26,97918,0,5659513,0
2021-04-27,128381,0,5787894,0
2021-04-28,156405,0,5944299,0
2021-04-29,195625,0,6139924,0
2021-04-30,214622,0,6354546,0
2021-05-01,174149,0,6528695,0
2021-05-02,135817,0,6664512,0
2021-05-03,142077,0,6806589,0
2021-05-04,158719,0,6965308,0
2021-05-05,170556,0,7135864,0
2021-05-06,197834,0,7333698,0
2021-05-07,213883,0,7547581,0
2021-05-08,213445,0,7761026,0
2021-05-09,143221,0,7904247,0
2021-05-10,165108,0,8069355,0
2021-05-11,175017,0,8244372,0
2021-05-12,179237,0,8423609,0
2021-05-13,203427,0,8627036,0
2021-05-14,222950,0,8849986,0
2021-05-15,210398,0,9060384,0
2021-05-16,159292,0,9219676,0
2021-05-17,219226,0,9438902,0
2021-05-18,213036,0,9651938,0
2021-05-19,207106,0,9859044,0
2021-05-20,270902,0,10129946,0
2021-05-21,270916,0,10400862,0
2021-05-22,245555,0,10646417,0
2021-05-23,197199,0,10843616,0
2021-05-24,228314,0,11071930,0
2021-05-25,245703,0,11317633,0
2021-05-26,277577,0,11595210,0
2021-05-27,311109,0,11906319,0
2021-05-28,299592,0,12205911,0
2021-05-29,231261,0,12437172,0
2021-05-30,170858,0,12608030,0
2021-05-31,216442,0,12824472,0
2021-06-01,207646,0,13032118,0
2021-06-02,115807,0,13147925,0
2021-06-03,180184,0,13328109,0
2021-06-04,184934,0,13513043,0
2021-06-05,186012,0,13699055,0
2021-06-06,139604,0,13838659,0
2021-06-07,161918,0,14000577,0
2021-06-08,171301,0,14171878,0
2021-06-09,171535,0,14343413,0
2021-06-10,174177,0,14517590,0
2021-06-11,170056,0,14687646,0
2021-06-12,128414,0,14816060,0
2021-06-13,91247,0,14907307,0
2021-06-14,214715,0,15122022,0
2021-06-15,228473,0,15350495,0
2021-06-16,253120,0,15603615,0
2021-06-17,301798,0,15905413,0
2021-06-18,306343,0,16211756,0
2021-06-19,275138,0,16486894,0
2021-06-20,220836,0,16707730,0
2021-06-21,288116,0,16995846,0
2021-06-22,296270,0,17292116,0
2021-06-23,302715,0,17594831,0
2021-06-24,332632,0,17927463,0
2021-06-25,348747,0,18276210,0
2021-06-26,300156,0,18576366,0
2021-06-27,228704,0,18805070,0
2021-06-28,307167,0,19112237,0
2021-06-29,329356,0,19441593,0
2021-06-30,342236,0,19783829,0
2021-07-01,363257,0,20147086,0
2021-07-02,368514,0,20515600,0
2021-07-03,371107,0,20886707,0
2021-07-04,283247,0,21169954,0
2021-07-05,384570,0,21554524,0
2021-07-06,385494,0,21940018,0
2021-07-07,412144,0,22352162,0
2021-07-08,479589,0,22831751,0
2021-07-09,498464,0,23330215,0
2021-07-10,475176,0,23805391,0
2021-07-11,357688,0,24163079,0
2021-07-12,485874,0,24648953,0
2021-07-13,492072,0,25141025,0
2021-07-14,480430,0,25621455,0
2021-07-15,523412,0,26144867,0
2021-07-16,509743,0,26654610,0
2021-07-17,464322,0,27118932,0
2021-07-18,364626,0,27483558,0
2021-07-19,463034,0,27946592,0
2021-07-20,458043,0,28404635,0
2021-07-21,462786,0,28867421,0
2021-07-22,475373,0,29342794,0
2021-07-23,441325,0,29784119,0
2021-07-24,386145,0,30170264,0
2021-07-25,287542,0,30457806,0
2021-07-26,430890,0,30888696,0
2021-07-27,440104,0,31328800,0
2021-07-28,391013,0,31719813,0
2021-07-29,372073,0,32091886,0
2021-07-30,341525,0,32433411,0
2021-07-31,287049,0,32720460,0
2021-08-01,190993,0,32911453,0
2021-08-02,333714,0,33245167,0
2021-08-03,323189,0,33568356,0
2021-08-04,310994,0,33879350,0
2021-08-05,292479,0,34171829,0
2021-08-06,260044,0,34431873,0
2021-08-07,199067,0,34630940,0
2021-08-08,153108,0,34784048,0
2021-08-09,234083,0,35018131,0
2021-08-10,205296,0,35223427,0
2021-08-11,193798,0,35417225,0
2021-08-12,168076,0,35585301,0
2021-08-13,148676,0,35733977,0
2021-08-14,66104,0,35800081,0
2021-08-15,26344,0,35826425,0
2021-08-16,114717,0,35941142,0
2021-08-17,129256,0,36070398,0
2021-08-18,128764,0,36199162,0
2021-08-19,124864,0,36324026,0
2021-08-20,123798,0,36447824,0
2021-08-21,83134,0,36530958,0
2021-08-22,68183,0,36599141,0
2021-08-23,176870,0,36776011,0
2021-08-24,156891,0,36932902,0
2021-08-25,177169,0,37110071,0
2021-08-26,172350,0,37282421,0
2021-08-27,185829,0,37468250,0
2021-08-28,140293,0,37608543,0
2021-08-29,98996,0,37707539,0
2021-08-30,209583,0,37917122,0
2021-08-31,194642,0,38111764,0
2021-09-01,192217,0,38303981,0
2021-09-02,189924,0,38493905,0
2021-09-03,191279,0,38685184,0
2021-09-04,131440,0,38816624,0
2021-09-05,87840,0,38904464,0
2021-09-06,193601,0,39098065,0
2021-09-07,196037,0,39294102,0
2021-09-08,187858,0,39481960,0
2021-09-09,201418,0,39683378,0
2021-09-10,198053,0,39881431,0
2021-09-11,141291,0,40022722,0
2021-09-12,89592,0,40112314,0
2021-09-13,191100,661,40303414,661
2021-09-14,177208,658,40480622,1319
2021-09-15,163078,655,40643700,1974
2021-09-16,160036,1014,40803736,2988
2021-09-17,150152,1174,40953888,4162
2021-09-18,127984,782,41081872,4944
2021-09-19,81142,512,41163014,5456
2021-09-20,180058,9137,41343072,14593
2021-09-21,166676,8865,41509748,23458
2021-09-22,159119,9466,41668867,32924
2021-09-23,138107,9359,41806974,42283
2021-09-24,140551,9020,41947525,51303
2021-09-25,119563,5676,42067088,56979
2021-09-26,71993,4368,42139081,61347
2021-09-27,135671,10088,42274752,71435
2021-09-28,117522,11434,42392274,82869
2021-09-29,112382,11855,42504656,94724
2021-09-30,110294,14985,42614950,109709
2021-10-01,95004,19144,42709954,128853
2021-10-02,78526,14047,42788480,142900
2021-10-03,47761,7671,42836241,150571
2021-10-04,88390,34490,42924631,185061
2021-10-05,80385,34023,43005016,219084
2021-10-06,72010,34217,43077026,253301
2021-10-07,71882,34380,43148908,287681
2021-10-08,80648,33627,43229556,321308
2021-10-09,76114,22202,43305670,343510
2021-10-10,45792,13632,43351462,357142
2021-10-11,87446,41136,43438908,398278
2021-10-12,84516,46939,43523424,445217
2021-10-13,88224,52173,43611648,497390
2021-10-14,91561,58562,43703209,555952
2021-10-15,93600,55686,43796809,611638
2021-10-16,82978,36829,43879787,648467
2021-10-17,51461,23864,43931248,672331
2021-10-18,90301,59526,44021549,731857
2021-10-19,78355,69420,44099904,801277
2021-10-20,75062,78214,44174966,879491
2021-10-21,78281,81825,44253247,961316
2021-10-22,73767,77090,44327014,1038406
2021-10-23,60839,51976,44387853,1090382
2021-10-24,33371,23481,44421224,1113863
2021-10-25,64892,81673,44486116,1195536
2021-10-26,58371,91844,44544487,1287380
2021-10-27,58318,104042,44602805,1391422
2021-10-28,61443,114166,44664248,1505588
2021-10-29,61625,103198,44725873,1608786
2021-10-30,50673,68159,44776546,1676945
2021-10-31,25160,28313,44801706,1705258
2021-11-01,19050,28159,44820756,1733417
2021-11-02,62737,89446,44883493,1822863
2021-11-03,60716,118706,44944209,1941569
2021-11-04,59237,126708,45003446,2068277
2021-11-05,63092,135232,45066538,2203509
2021-11-06,46495,90944,45113033,2294453
2021-11-07,22248,37908,45135281,2332361
2021-11-08,51525,131299,45186806,2463660
2021-11-09,45403,144237,45232209,2607897
2021-11-10,42592,156380,45274801,2764277
2021-11-11,44928,155176,45319729,2919453
2021-11-12,46298,158712,45366027,3078165
2021-11-13,33273,116683,45399300,3194848
2021-11-14,14490,52462,45413790,3247310
2021-11-15,36908,157446,45450698,3404756
2021-11-16,30569,171414,45481267,3576170
2021-11-17,28469,178470,45509736,3754640
2021-11-18,30296,193770,45540032,3948410
2021-11-19,28823,205890,45568855,4154300
2021-11-20,21014,156460,45589869,4310760
2021-11-21,10613,64870,45600482,4375630
2021-11-22,21961,213163,45622443,4588793
2021-11-23,23606,241803,45646049,4830596
2021-11-24,27768,271103,45673817,5101699
2021-11-25,23272,301951,45697089,5403650
2021-11-26,24600,318313,45721689,5721963
2021-11-27,21419,266173,45743108,5988136
2021-11-28,9910,137072,45753018,6125208
2021-11-29,22369,326081,45775387,6451289
2021-11-30,23123,365862,45798510,6817151
2021-12-01,21561,413547,45820071,7230698
2021-12-02,23801,440443,45843872,7671141
2021-12-03,25283,467546,45869155,8138687
2021-12-04,22389,418811,45891544,8557498
2021-12-05,11943,261370,45903487,8818868
2021-12-06,25848,457637,45929335,9276505
2021-12-07,24168,480309,45953503,9756814
2021-12-08,10032,249723,45963535,10006537
2021-12-09,31625,491968,45995160,10498505
2021-12-10,28108,517938,46023268,11016443
2021-12-11,23597,459286,46046865,11475729
2021-12-12,12327,293536,46059192,11769265
2021-12-13,26185,467663,46085377,12236928
2021-12-14,25207,494245,46110584,12731173
2021-12-15,25380,517191,46135964,13248364
2021-12-16,27934,520311,46163898,13768675
2021-12-17,29401,517229,46193299,14285904
2021-12-18,27119,468787,46220418,14754691
2021-12-19,15174,300546,46235592,15055237
2021-12-20,30682,477512,46266274,15532749
2021-12-21,30422,493449,46296696,16026198
2021-12-22,29493,484759,46326189,16510957
2021-12-23,28290,426971,46354479,16937928
2021-12-24,13123,210847,46367602,17148775
2021-12-25,2104,33053,46369706,17181828
2021-12-26,8782,159077,46378488,17340905
2021-12-27,46852,504702,46425340,17845607
2021-12-28,42512,554268,46467852,18399875
2021-12-29,34407,550685,46502259,18950560
2021-12-30,31903,499870,46534162,19450430
2021-12-31,14150,247410,46548312,19697840
2022-01-01,3502,64814,46551814,19762654
2022-01-02,22837,276728,46574651,20039382
2022-01-03,47959,520037,46622610,20559419
2022-01-04,46489,572107,46669099,21131526
2022-01-05,40864,560430,46709963,21691956
2022-01-06,23544,274491,46733507,21966447
2022-01-07,63813,554226,46797320,22520673
2022-01-08,60998,503426,46858318,23024099
2022-01-09,42976,319707,46901294,23343806
2022-01-10,61184,542330,46962478,23886136
2022-01-11,61875,587040,47024353,24473176
2022-01-12,58571,581316,47082924,25054492
2022-01-13,58729,580435,47141653,25634927
2022-01-14,46955,588625,47188608,26223552
2022-01-15,39592,570001,47228200,26793553
2022-01-16,31332,341898,47259532,27135451
2022-01-17,54865,489693,47314397,27625144
2022-01-18,58478,517057,47372875,28142201
2022-01-19,57278,502827,47430153,28645028
2022-01-20,54430,498866,47484583,29143894
2022-01-21,42194,493901,47526777,29637795
2022-01-22,31314,469623,47558091,30107418
2022-01-23,34983,275391,47593074,30382809
2022-01-24,56233,437255,47649307,30820064
2022-01-25,61606,452135,47710913,31272199
2022-01-26,58601,435852,47769514,31708051
2022-01-27,48902,432414,47818416,32140465
2022-01-28,58767,436566,47877183,32577031
2022-01-29,68199,412520,47945382,32989551
2022-01-30,50414,235990,47995796,33225541
2022-01-31,60724,356953,48056520,33582494
2022-02-01,65618,328474,48122138,33910968
2022-02-02,63254,297000,48185392,34207968
2022-02-03,60097,274540,48245489,34482508
2022-02-04,72417,268474,48317906,34750982
2022-02-05,83817,248560,48401723,34999542
2022-02-06,55309,116207,48457032,35115749
2022-02-07,65193,199947,48522225,35315696
2022-02-08,66958,186132,48589183,35501828
2022-02-09,58777,166356,48647960,35668184
2022-02-10,58605,163256,48706565,35831440
2022-02-11,62277,162480,48768842,35993920
2022-02-12,72015,152157,48840857,36146077
2022-02-13,41487,68859,48882344,36214936
2022-02-14,46711,116194,48929055,36331130
2022-02-15,48573,123482,48977628,36454612
2022-02-16,45693,106132,49023321,36560744
2022-02-17,42875,98127,49066196,36658871
2022-02-18,46639,112590,49112835,36771461
2022-02-19,52548,100340,49165383,36871801
2022-02-20,31416,40367,49196799,36912168
2022-02-21,37902,89658,49234701,37001826
2022-02-22,37227,83785,49271928,37085611
2022-02-23,33404,79408,49305332,37165019
2022-02-24,32561,78168,49337893,37243187
2022-02-25,34775,90714,49372668,37333901
2022-02-26,39165,89138,49411833,37423039
2022-02-27,22548,35858,49434381,37458897
2022-02-28,28489,81700,49462870,37540597
2022-03-01,22731,53943,49485601,37594540
2022-03-02,21936,50713,49507537,37645253
2022-03-03,22641,54947,49530178,37700200
2022-03-04,23244,62801,49553422,37763001
2022-03-05,23804,57953,49577226,37820954
2022-03-06,9473,17201,49586699,37838155
2022-03-07,15927,51391,49602626,37889546
2022-03-08,15481,48797,49618107,37938343
2022-03-09,13816,46517,49631923,37984860
2022-03-10,14061,52127,49645984,38036987
2022-03-11,15593,57273,49661577,38094260
2022-03-12,15513,56620,49677090,38150880
2022-03-13,5545,16852,49682635,38167732
2022-03-14,10529,46701,49693164,38214433
2022-03-15,10552,46895,49703716,38261328
2022-03-16,9484,41977,49713200,38303305
2022-03-17,9725,44876,49722925,38348181
2022-03-18,10163,49059,49733088,38397240
2022-03-19,9151,46539,49742239,38443779
2022-03-20,2608,11704,49744847,38455483
2022-03-21,7584,40231,49752431,38495714
2022-03-22,8448,37768,49760879,38533482
2022-03-23,7220,33701,49768099,38567183
2022-03-24,8260,38821,49776359,38606004
2022-03-25,8143,43673,49784502,38649677
2022-03-26,8129,41722,49792631,38691399
2022-03-27,2432,9683,49795063,38701082
2022-03-28,6112,35244,49801175,38736326
2022-03-29,5783,32532,49806958,38768858
2022-03-30,5567,30204,49812525,38799062
2022-03-31,5905,33187,49818430,38832249
2022-04-01,4351,25188,49822781,38857437
2022-04-02,4497,23275,49827278,38880712
2022-04-03,1049,4500,49828327,38885212
2022-04-04,3661,21545,49831988,38906757
2022-04-05,3758,22938,49835746,38929695
2022-04-06,4105,21852,49839851,38951547
2022-04-07,3970,23321,49843821,38974868
2022-04-08,4696,26714,49848517,39001582
2022-04-09,4381,23889,49852898,39025471
2022-04-10,893,4613,49853791,39030084
2022-04-11,3819,22689,49857610,39052773
2022-04-12,3365,21779,49860975,39074552
2022-04-13,3574,21337,49864549,39095889
2022-04-14,3487,23789,49868036,39119678
2022-04-15,3086,20621,49871122,39140299
2022-04-16,2151,11918,49873273,39152217
2022-04-17,63,348,49873336,39152565
2022-04-18,152,650,49873488,39153215
2022-04-19,3499,21985,49876987,39175200
2022-04-20,3513,20250,49880500,39195450
2022-04-21,2848,19792,49883348,39215242
2022-04-22,2928,20714,49886276,39235956
2022-04-23,2648,16222,49888924,39252178
2022-04-24,509,2334,49889433,39254512
2022-04-25,183,1165,49889616,39255677
2022-04-26,2760,17810,49892376,39273487
2022-04-27,2374,15795,49894750,39289282
2022-04-28,2362,15565,49897112,39304847
2022-04-29,2298,14850,49899410,39319697
2022-04-30,2123,11584,49901533,39331281
2022-05-01,113,531,49901646,39331812
2022-05-02,1451,9393,49903097,39341205
2022-05-03,1577,10323,49904674,39351528
2022-05-04,1747,10273,49906421,39361801
2022-05-05,1654,10297,49908075,39372098
2022-05-06,1702,10972,49909777,39383070
2022-05-07,1431,8573,49911208,39391643
2022-05-08,417,1526,49911625,39393169
2022-05-09,1029,8930,49912654,39402099
2022-05-10,1426,9549,49914080,39411648
2022-05-11,1484,10108,49915564,39421756
2022-05-12,1371,10137,49916935,39431893
2022-05-13,1597,10520,49918532,39442413
2022-05-14,1360,8240,49919892,39450653
2022-05-15,336,1136,49920228,39451789
2022-05-16,814,8406,49921042,39460195
2022-05-17,1244,8707,49922286,39468902
2022-05-18,1373,9253,49923659,39478155
2022-05-19,1501,9283,49925160,39487438
2022-05-20,1426,9532,49926586,39496970
2022-05-21,1302,7900,49927888,39504870
2022-05-22,231,1013,49928119,39505883
2022-05-23,830,8273,49928949,39514156
2022-05-24,1073,8673,49930022,39522829
2022-05-25,1372,9460,49931394,39532289
2022-05-26,1198,9480,49932592,39541769
2022-05-27,1232,9915,49933824,39551684
2022-05-28,1205,7887,49935029,39559571
2022-05-29,288,1265,49935317,39560836
2022-05-30,931,8058,49936248,39568894
2022-05-31,1039,8548,49937287,39577442
2022-06-01,895,7658,49938182,39585100
2022-06-02,35,474,49938217,39585574
2022-06-03,817,7334,49939034,39592908
2022-06-04,870,5162,49939904,39598070
2022-06-05,89,586,49939993,39598656
2022-06-06,679,7004,49940672,39605660
2022-06-07,952,7850,49941624,39613510
2022-06-08,981,7906,49942605,39621416
2022-06-09,1037,8418,49943642,39629834
2022-06-10,958,8563,49944600,39638397
2022-06-11,904,6206,49945504,39644603
2022-06-12,140,768,49945644,39645371
2022-06-13,602,6301,49946246,39651672
2022-06-14,832,7904,49947078,39659576
2022-06-15,960,7856,49948038,39667432
2022-06-16,733,7397,49948771,39674829
2022-06-17,724,7249,49949495,39682078
2022-06-18,778,5594,49950273,39687672
2022-06-19,49,521,49950322,39688193
2022-06-20,587,6699,49950909,39694892
2022-06-21,741,7664,49951650,39702556
2022-06-22,779,7312,49952429,39709868
2022-06-23,648,7472,49953077,39717340
2022-06-24,644,7474,49953721,39724814
2022-06-25,835,6533,49954556,39731347
2022-06-26,128,523,49954684,39731870
2022-06-27,534,7125,49955218,39738995
2022-06-28,747,8207,49955965,39747202
2022-06-29,756,7732,49956721,39754934
2022-06-30,747,8145,49957468,39763079
2022-07-01,577,6443,49958045,39769522
2022-07-02,536,4769,49958581,39774291
2022-07-03,49,456,49958630,39774747
2022-07-04,469,6277,49959099,39781024
2022-07-05,631,8122,49959730,39789146
2022-07-06,634,7611,49960364,39796757
2022-07-07,576,8272,49960940,39805029
2022-07-08,674,8085,49961614,39813114
2022-07-09,550,6105,49962164,39819219
2022-07-10,58,533,49962222,39819752
2022-07-11,491,7641,49962713,39827393
2022-07-12,668,9031,49963381,39836424
2022-07-13,644,10067,49964025,39846491
2022-07-14,637,10225,49964662,39856716
2022-07-15,627,10673,49965289,39867389
2022-07-16,523,7215,49965812,39874604
2022-07-17,48,770,49965860,39875374
2022-07-18,496,9374,49966356,39884748
2022-07-19,575,10683,49966931,39895431
2022-07-20,582,11276,49967513,39906707
2022-07-21,630,12091,49968143,39918798
2022-07-22,585,11260,49968728,39930058
2022-07-23,381,6775,49969109,39936833
2022-07-24,76,857,49969185,39937690
2022-07-25,503,9052,49969688,39946742
2022-07-26,522,9762,49970210,39956504
2022-07-27,553,10210,49970763,39966714
2022-07-28,532,10535,49971295,39977249
2022-07-29,511,9466,49971806,39986715
2022-07-30,383,5882,49972189,39992597
2022-07-31,49,764,49972238,39993361
2022-08-01,386,6865,49972624,40000226
2022-08-02,546,7590,49973170,40007816
2022-08-03,513,7179,49973683,40014995
2022-08-04,455,7491,49974138,40022486
2022-08-05,421,6526,49974559,40029012
2022-08-06,299,3613,49974858,40032625
2022-08-07,44,563,49974902,40033188
2022-08-08,403,4890,49975305,40038078
2022-08-09,381,5312,49975686,40043390
2022-08-10,385,4816,49976071,40048206
2022-08-11,369,4803,49976440,40053009
2022-08-12,294,3720,49976734,40056729
2022-08-13,143,1600,49976877,40058329
2022-08-14,9,129,49976886,40058458
2022-08-15,1,26,49976887,40058484
2022-08-16,283,3043,49977170,40061527
2022-08-17,352,3536,49977522,40065063
2022-08-18,392,4160,49977914,40069223
2022-08-19,342,3319,49978256,40072542
2022-08-20,183,1715,49978439,40074257
2022-08-21,24,149,49978463,40074406
2022-08-22,329,2952,49978792,40077358
2022-08-23,370,3674,49979162,40081032
2022-08-24,384,3360,49979546,40084392
2022-08-25,422,3774,49979968,40088166
2022-08-26,399,3575,49980367,40091741
2022-08-27,237,1769,49980604,40093510
2022-08-28,29,267,49980633,40093777
2022-08-29,354,3161,49980987,40096938
2022-08-30,405,3671,49981392,40100609
2022-08-31,438,3734,49981830,40104343
2022-09-01,353,3116,49982183,40107459
2022-09-02,296,2893,49982479,40110352
2022-09-03,200,1689,49982679,40112041
2022-09-04,24,149,49982703,40112190
2022-09-05,187,2656,49982890,40114846
2022-09-06,306,2983,49983196,40117829
2022-09-07,541,2937,49983737,40120766
2022-09-08,293,2963,49984030,40123729
2022-09-09,305,2886,49984335,40126615
2022-09-10,228,1326,49984563,40127941
2022-09-11,23,124,49984586,40128065
2022-09-12,267,2267,49984853,40130332
2022-09-13,252,2276,49985105,40132608
2022-09-14,266,2566,49985371,40135174
2022-09-15,282,2501,49985653,40137675
2022-09-16,255,2546,49985908,40140221
2022-09-17,239,1339,49986147,40141560
2022-09-18,20,170,49986167,40141730
2022-09-19,206,1971,49986373,40143701
2022-09-20,237,2392,49986610,40146093
2022-09-21,289,2526,49986899,40148619
2022-09-22,267,2663,49987166,40151282
2022-09-23,259,2545,49987425,40153827
2022-09-24,193,1427,49987618,40155254
2022-09-25,29,133,49987647,40155387
2022-09-26,280,2248,49987927,40157635
2022-09-27,287,2683,49988214,40160318
2022-09-28,310,2904,49988524,40163222
2022-09-29,257,3048,49988781,40166270
2022-09-30,292,2989,49989073,40169259
2022-10-01,195,1515,49989268,40170774
2022-10-02,12,187,49989280,40170961
2022-10-03,185,2474,49989465,40173435
2022-10-04,236,2862,49989701,40176297
2022-10-05,229,3252,49989930,40179549
2022-10-06,243,3874,49990173,40183423
2022-10-07,283,4189,49990456,40187612
2022-10-08,203,2270,49990659,40189882
2022-10-09,8,305,49990667,40190187
2022-10-10,211,3356,49990878,40193543
2022-10-11,194,4378,49991072,40197921
2022-10-12,209,4441,49991281,40202362
2022-10-13,203,5304,49991484,40207666
2022-10-14,232,5025,49991716,40212691
2022-10-15,191,2671,49991907,40215362
2022-10-16,6,360,49991913,40215722
2022-10-17,186,3871,49992099,40219593
2022-10-18,257,4966,49992356,40224559
2022-10-19,244,5477,49992600,40230036
2022-10-20,224,5995,49992824,40236031
2022-10-21,250,5477,49993074,40241508
2022-10-22,195,2911,49993269,40244419
2022-10-23,13,364,49993282,40244783
2022-10-24,171,3930,49993453,40248713
2022-10-25,253,4926,49993706,40253639
2022-10-26,347,5502,49994053,40259141
2022-10-27,241,5671,49994294,40264812
2022-10-28,200,5262,49994494,40270074
2022-10-29,128,2844,49994622,40272918
2022-10-30,3,328,49994625,40273246
2022-10-31,117,3041,49994742,40276287
2022-11-01,11,353,49994753,40276640
2022-11-02,145,3721,49994898,40280361
2022-11-03,174,4788,49995072,40285149
2022-11-04,225,4603,49995297,40289752
2022-11-05,144,2597,49995441,40292349
2022-11-06,10,261,49995451,40292610
2022-11-07,169,3225,49995620,40295835
2022-11-08,260,4250,49995880,40300085
2022-11-09,197,4331,49996077,40304416
2022-11-10,183,4586,49996260,40309002
2022-11-11,193,4220,49996453,40313222
2022-11-12,152,2370,49996605,40315592
2022-11-13,7,335,49996612,40315927
2022-11-14,148,2838,49996760,40318765
2022-11-15,202,3747,49996962,40322512
2022-11-16,217,3985,49997179,40326497
2022-11-17,191,4100,49997370,40330597
2022-11-18,247,4031,49997617,40334628
2022-11-19,112,2104,49997729,40336732
2022-11-20,24,317,49997753,40337049
2022-11-21,119,2620,49997872,40339669
2022-11-22,143,3214,49998015,40342883
2022-11-23,191,3622,49998206,40346505
2022-11-24,156,3832,49998362,40350337
2022-11-25,184,3784,49998546,40354121
2022-11-26,132,2094,49998678,40356215
2022-11-27,22,356,49998700,40356571
2022-11-28,181,2676,49998881,40359247
2022-11-29,257,3226,49999138,40362473
2022-11-30,181,3726,49999319,40366199
2022-12-01,150,3616,49999469,40369815
2022-12-02,156,3518,49999625,40373333
2022-12-03,105,1964,49999730,40375297
2022-12-04,5,290,49999735,40375587
2022-12-05,128,2851,49999863,40378438
2022-12-06,176,3646,50000039,40382084
2022-12-07,136,3122,50000175,40385206
2022-12-08,8,169,50000183,40385375
2022-12-09,159,3012,50000342,40388387
2022-12-10,78,1601,50000420,40389988
2022-12-11,7,193,50000427,40390181
2022-12-12,170,2521,50000597,40392702
2022-12-13,254,3024,50000851,40395726
2022-12-14,225,3196,50001076,40398922
2022-12-15,203,3228,50001279,40402150
2022-12-16,162,3139,50001441,40405289
2022-12-17,94,1669,50001535,40406958
2022-12-18,10,270,50001545,40407228
2022-12-19,144,2144,50001689,40409372
2022-12-20,211,2470,50001900,40411842
2022-12-21,152,2146,50002052,40413988
2022-12-22,139,1828,50002191,40415816
2022-12-23,142,1191,50002333,40417007
2022-12-24,32,160,50002365,40417167
2022-12-25,0,6,50002365,40417173
2022-12-26,6,41,50002371,40417214
2022-12-27,78,878,50002449,40418092