data_somministrazione,vaccinazioni,booster,cum_vaccinazioni,cum_booster
2020-12-27,20,0,20,0
2020-12-28,2,0,22,0
2020-12-29,1,0,23,0
2020-12-30,8,0,31,0
2020-12-31,71,0,102,0
2021-01-01,23,0,125,0
2021-01-02,121,0,246,0
2021-01-03,86,0,332,0
2021-01-04,211,0,543,0
2021-01-05,248,0,791,0
2021-01-06,214,0,1005,0
2021-01-07,302,0,1307,0
2021-01-08,346,0,1653,0
2021-01-09,258,0,1911,0
2021-01-10,155,0,2066,0
2021-01-11,279,0,2345,0
2021-01-12,269,0,2614,0
2021-01-13,396,0,3010,0
2021-01-14,482,0,3492,0
2021-01-15,300,0,3792,0
2021-01-16,212,0,4004,0
2021-01-17,3059,0,7063,0
2021-01-18,5210,0,12273,0
2021-01-19,1893,0,14166,0
2021-01-20,4655,0,18821,0
2021-01-21,19998,0,38819,0
2021-01-22,14206,0,53025,0
2021-01-23,33324,0,86349,0
2021-01-24,30784,0,117133,0
2021-01-25,64726,0,181859,0
2021-01-26,76496,0,258355,0
2021-01-27,64830,0,323185,0
2021-01-28,89281,0,412466,0
2021-01-29,94016,0,506482,0
2021-01-30,86562,0,593044,0
2021-01-31,57333,0,650377,0
2021-02-01,81859,0,732236,0
2021-02-02,82144,0,814380,0
2021-02-03,91193,0,905573,0
2021-02-04,95397,0,1000970,0
2021-02-05,90275,0,1091245,0
2021-02-06,63445,0,1154690,0
2021-02-07,32928,0,1187618,0
2021-02-08,40428,0,1228046,0
2021-02-09,32866,0,1260912,0
2021-02-10,28422,0,1289334,0
2021-02-11,20397,0,1309731,0
2021-02-12,16234,0,1325965,0
2021-02-13,7266,0,1333231,0
2021-02-14,2861,0,1336092,0
2021-02-15,6840,0,1342932,0
2021-02-16,6997,0,1349929,0
2021-02-17,10521,0,1360450,0
2021-02-18,9252,0,1369702,0
2021-02-19,8245,0,1377947,0
2021-02-20,5555,0,1383502,0
2021-02-21,2996,0,1386498,0
2021-02-22,6885,0,1393383,0
2021-02-23,7168,0,1400551,0
2021-02-24,9831,0,1410382,0
2021-02-25,14210,0,1424592,0
2021-02-26,17555,0,1442147,0
2021-02-27,13909,0,1456056,0
2021-02-28,9387,0,1465443,0
2021-03-01,26515,0,1491958,0
2021-03-02,33238,0,1525196,0
2021-03-03,44643,0,1569839,0
2021-03-04,50289,0,1620128,0
2021-03-05,55735,0,1675863,0
2021-03-06,41870,0,1717733,0
2021-03-07,22324,0,1740057,0
2021-03-08,50822,0,1790879,0
2021-03-09,53069,0,1843948,0
2021-03-10,58648,0,1902596,0
2021-03-11,63858,0,1966454,0
2021-03-12,65109,0,2031563,0
2021-03-13,51717,0,2083280,0
2021-03-14,35395,0,2118675,0
2021-03-15,73440,0,2192115,0
2021-03-16,74029,0,2266144,0
2021-03-17,83134,0,2349278,0
2021-03-18,81620,0,2430898,0
2021-03-19,81080,0,2511978,0
2021-03-20,64719,0,2576697,0
2021-03-21,47296,0,2623993,0
2021-03-22,69474,0,2693467,0
2021-03-23,75793,0,2769260,0
2021-03-24,90908,0,2860168,0
2021-03-25,89798,0,2949966,0
2021-03-26,83617,0,3033583,0
2021-03-27,71935,0,3105518,0
2021-03-28,44140,0,3149658,0
2021-03-29,70824,0,3220482,0
2021-03-30,81380,0,3301862,0
2021-03-31,96234,0,3398096,0
2021-04-01,95305,0,3493401,0
2021-04-02,84070,0,3577471,0
2021-04-03,64303,0,3641774,0
2021-04-04,21718,0,3663492,0
2021-04-05,40310,0,3703802,0
2021-04-06,81309,0,3785111,0
2021-04-07,95830,0,3880941,0
2021-04-08,95234,0,3976175,0
2021-04-09,88485,0,4064660,0
2021-04-10,74031,0,4138691,0
2021-04-11,44762,0,4183453,0
2021-04-12,66917,0,4250370,0
2021-04-13,72572,0,4322942,0
2021-04-14,85539,0,4408481,0
2021-04-15,105418,0,4513899,0
2021-04-16,106418,0,4620317,0
2021-04-17,90512,0,4710829,0
2021-04-18,58588,0,4769417,0
2021-04-19,93431,0,4862848,0
2021-04-20,103769,0,4966617,0
2021-04-21,125339,0,5091956,0
2021-04-22,143517,0,5235473,0
2021-04-23,138736,0,5374209,0
2021-04-24,124443,0,5498652,0
2021-04-25,61454,0,5560106,0
2021-04-26,97891,0,5657997,0
2021-04-27,128361,0,5786358,0
2021-04-28,156366,0,5942724,0
2021-04-29,195594,0,6138318,0
2021-04-30,214575,0,6352893,0
2021-05-01,174113,0,6527006,0
2021-05-02,135803,0,6662809,0
2021-05-03,142029,0,6804838,0
2021-05-04,158694,0,6963532,0
2021-05-05,170495,0,7134027,0
2021-05-06,197804,0,7331831,0
2021-05-07,213841,0,7545672,0
2021-05-08,213409,0,7759081,0
2021-05-09,143199,0,7902280,0
2021-05-10,165087,0,8067367,0
2021-05-11,174985,0,8242352,0
2021-05-12,179176,0,8421528,0
2021-05-13,203376,0,8624904,0
2021-05-14,222909,0,8847813,0
2021-05-15,210355,0,9058168,0
2021-05-16,159271,0,9217439,0
2021-05-17,219191,0,9436630,0
2021-05-18,213016,0,9649646,0
2021-05-19,207083,0,9856729,0
2021-05-20,270859,0,10127588,0
2021-05-21,270880,0,10398468,0
2021-05-22,245524,0,10643992,0
2021-05-23,197181,0,10841173,0
2021-05-24,228303,0,11069476,0
2021-05-25,245695,0,11315171,0
2021-05-26,277486,0,11592657,0
2021-05-27,311082,0,11903739,0
2021-05-28,299572,0,12203311,0
2021-05-29,231216,0,12434527,0
2021-05-30,170838,0,12605365,0
2021-05-31,216421,0,12821786,0
2021-06-01,207631,0,13029417,0
2021-06-02,115787,0,13145204,0
2021-06-03,180141,0,13325345,0
2021-06-04,184872,0,13510217,0
2021-06-05,185953,0,13696170,0
2021-06-06,139539,0,13835709,0
2021-06-07,161865,0,13997574,0
2021-06-08,171205,0,14168779,0
2021-06-09,171465,0,14340244,0
2021-06-10,174086,0,14514330,0
2021-06-11,169966,0,14684296,0
2021-06-12,128320,0,14812616,0
2021-06-13,91176,0,14903792,0
2021-06-14,214670,0,15118462,0
2021-06-15,228408,0,15346870,0
2021-06-16,253071,0,15599941,0
2021-06-17,301728,0,15901669,0
2021-06-18,306294,0,16207963,0
2021-06-19,275079,0,16483042,0
2021-06-20,220778,0,16703820,0
2021-06-21,288073,0,16991893,0
2021-06-22,296215,0,17288108,0
2021-06-23,302689,0,17590797,0
2021-06-24,332592,0,17923389,0
2021-06-25,348711,0,18272100,0
2021-06-26,300107,0,18572207,0
2021-06-27,228659,0,18800866,0
2021-06-28,307087,0,19107953,0
2021-06-29,329278,0,19437231,0
2021-06-30,342153,0,19779384,0
2021-07-01,363202,0,20142586,0
2021-07-02,368467,0,20511053,0
2021-07-03,371086,0,20882139,0
2021-07-04,283211,0,21165350,0
2021-07-05,384544,0,21549894,0
2021-07-06,385464,0,21935358,0
2021-07-07,412117,0,22347475,0
2021-07-08,479616,0,22827091,0
2021-07-09,498495,0,23325586,0
2021-07-10,475189,0,23800775,0
2021-07-11,357702,0,24158477,0
2021-07-12,485900,0,24644377,0
2021-07-13,492134,0,25136511,0
2021-07-14,480475,0,25616986,0
2021-07-15,523466,0,26140452,0
2021-07-16,509778,0,26650230,0
2021-07-17,464358,0,27114588,0
2021-07-18,364674,0,27479262,0
2021-07-19,463070,0,27942332,0
2021-07-20,458076,0,28400408,0
2021-07-21,462802,0,28863210,0
2021-07-22,475406,0,29338616,0
2021-07-23,441319,0,29779935,0
2021-07-24,386170,0,30166105,0
2021-07-25,287573,0,30453678,0
2021-07-26,430876,0,30884554,0
2021-07-27,440127,0,31324681,0
2021-07-28,391010,0,31715691,0
2021-07-29,372081,0,32087772,0
2021-07-30,341505,0,32429277,0
2021-07-31,287028,0,32716305,0
2021-08-01,191010,0,32907315,0
2021-08-02,333721,0,33241036,0
2021-08-03,323192,0,33564228,0
2021-08-04,310976,0,33875204,0
2021-08-05,292516,0,34167720,0
2021-08-06,260005,0,34427725,0
2021-08-07,199046,0,34626771,0
2021-08-08,153111,0,34779882,0
2021-08-09,234076,0,35013958,0
2021-08-10,205251,0,35219209,0
2021-08-11,193767,0,35412976,0
2021-08-12,168020,0,35580996,0
2021-08-13,148620,0,35729616,0
2021-08-14,66093,0,35795709,0
2021-08-15,26336,0,35822045,0
2021-08-16,114694,0,35936739,0
2021-08-17,129246,0,36065985,0
2021-08-18,128747,0,36194732,0
2021-08-19,124810,0,36319542,0
2021-08-20,123798,0,36443340,0
2021-08-21,83125,0,36526465,0
2021-08-22,68172,0,36594637,0
2021-08-23,176873,0,36771510,0
2021-08-24,156901,0,36928411,0
2021-08-25,177172,0,37105583,0
2021-08-26,172357,0,37277940,0
2021-08-27,185840,0,37463780,0
2021-08-28,140278,0,37604058,0
2021-08-29,98991,0,37703049,0
2021-08-30,209617,0,37912666,0
2021-08-31,194637,0,38107303,0
2021-09-01,192210,0,38299513,0
2021-09-02,189936,0,38489449,0
2021-09-03,191321,0,38680770,0
2021-09-04,131473,0,38812243,0
2021-09-05,87860,0,38900103,0
2021-09-06,193638,0,39093741,0
2021-09-07,196045,0,39289786,0
2021-09-08,187892,0,39477678,0
2021-09-09,201456,0,39679134,0
2021-09-10,198087,0,39877221,0
2021-09-11,141313,0,40018534,0
2021-09-12,89602,0,40108136,0
2021-09-13,191143,584,40299279,584
2021-09-14,177241,602,40476520,1186
2021-09-15,163101,610,40639621,1796
2021-09-16,160086,945,40799707,2741
2021-09-17,150175,1129,40949882,3870
2021-09-18,127981,747,41077863,4617
2021-09-19,81135,498,41158998,5115
2021-09-20,180078,9093,41339076,14208
2021-09-21,166645,8842,41505721,23050
2021-09-22,159085,9447,41664806,32497
2021-09-23,138079,9337,41802885,41834
2021-09-24,140539,8975,41943424,50809
2021-09-25,119555,5648,42062979,56457
2021-09-26,71969,4345,42134948,60802
2021-09-27,135657,10056,42270605,70858
2021-09-28,117505,11398,42388110,82256
2021-09-29,112355,11831,42500465,94087
2021-09-30,110245,14960,42610710,109047
2021-10-01,94983,19119,42705693,128166
2021-10-02,78497,14028,42784190,142194
2021-10-03,47744,7663,42831934,149857
2021-10-04,88377,34463,42920311,184320
2021-10-05,80371,33986,43000682,218306
2021-10-06,71996,34180,43072678,252486
2021-10-07,71857,34361,43144535,286847
2021-10-08,80633,33597,43225168,320444
2021-10-09,76103,22180,43301271,342624
2021-10-10,45776,13620,43347047,356244
2021-10-11,87433,41112,43434480,397356
2021-10-12,84495,46914,43518975,444270
2021-10-13,88196,52128,43607171,496398
2021-10-14,91543,58524,43698714,554922
2021-10-15,93602,55641,43792316,610563
2021-10-16,82968,36793,43875284,647356
2021-10-17,51464,23836,43926748,671192
2021-10-18,90304,59495,44017052,730687
2021-10-19,78347,69386,44095399,800073
2021-10-20,75071,78183,44170470,878256
2021-10-21,78296,81774,44248766,960030
2021-10-22,73785,77045,44322551,1037075
2021-10-23,60823,51964,44383374,1089039
2021-10-24,33373,23466,44416747,1112505
2021-10-25,64906,81637,44481653,1194142
2021-10-26,58373,91810,44540026,1285952
2021-10-27,58328,103994,44598354,1389946
2021-10-28,61464,114121,44659818,1504067
2021-10-29,61643,103144,44721461,1607211
2021-10-30,50674,68125,44772135,1675336
2021-10-31,25163,28297,44797298,1703633
2021-11-01,19046,28152,44816344,1731785
2021-11-02,62752,89395,44879096,1821180
2021-11-03,60730,118674,44939826,1939854
2021-11-04,59242,126677,44999068,2066531
2021-11-05,63095,135193,45062163,2201724
2021-11-06,46481,90935,45108644,2292659
2021-11-07,22253,37897,45130897,2330556
2021-11-08,51529,131276,45182426,2461832
2021-11-09,45400,144214,45227826,2606046
2021-11-10,42588,156357,45270414,2762403
2021-11-11,44934,155141,45315348,2917544
2021-11-12,46375,158586,45361723,3076130
2021-11-13,33259,116660,45394982,3192790
2021-11-14,14488,52451,45409470,3245241
2021-11-15,36895,157436,45446365,3402677
2021-11-16,30556,171385,45476921,3574062
2021-11-17,28459,178450,45505380,3752512
2021-11-18,30286,193731,45535666,3946243
2021-11-19,28809,205863,45564475,4152106
2021-11-20,20996,156453,45585471,4308559
2021-11-21,10612,64860,45596083,4373419
2021-11-22,21939,213153,45618022,4586572
2021-11-23,23578,241758,45641600,4828330
2021-11-24,27844,270961,45669444,5099291
2021-11-25,23236,301916,45692680,5401207
2021-11-26,24585,318281,45717265,5719488
2021-11-27,21385,266158,45738650,5985646
2021-11-28,9903,137058,45748553,6122704
2021-11-29,22336,326075,45770889,6448779
2021-11-30,23098,365829,45793987,6814608
2021-12-01,21529,413519,45815516,7228127
2021-12-02,23766,440414,45839282,7668541
2021-12-03,25262,467481,45864544,8136022
2021-12-04,22373,418755,45886917,8554777
2021-12-05,11932,261349,45898849,8816126
2021-12-06,25818,457592,45924667,9273718
2021-12-07,24137,480271,45948804,9753989
2021-12-08,10007,249696,45958811,10003685
2021-12-09,31586,491943,45990397,10495628
2021-12-10,28075,517895,46018472,11013523
2021-12-11,23569,459260,46042041,11472783
2021-12-12,12310,293514,46054351,11766297
2021-12-13,26160,467637,46080511,12233934
2021-12-14,25174,494214,46105685,12728148
2021-12-15,25341,517160,46131026,13245308
2021-12-16,27888,520271,46158914,13765579
2021-12-17,29367,517188,46188281,14282767
2021-12-18,27068,468736,46215349,14751503
2021-12-19,15148,300536,46230497,15052039
2021-12-20,30637,477496,46261134,15529535
2021-12-21,30377,493398,46291511,16022933
2021-12-22,29453,484720,46320964,16507653
2021-12-23,28255,426916,46349219,16934569
2021-12-24,13112,210835,46362331,17145404
2021-12-25,2102,33053,46364433,17178457
2021-12-26,8763,159071,46373196,17337528
2021-12-27,46797,504670,46419993,17842198
2021-12-28,42456,554227,46462449,18396425
2021-12-29,34351,550648,46496800,18947073
2021-12-30,31850,499837,46528650,19446910
2021-12-31,14122,247397,46542772,19694307
2022-01-01,3496,64814,46546268,19759121
2022-01-02,22774,276726,46569042,20035847
2022-01-03,47862,520021,46616904,20555868
2022-01-04,46379,572091,46663283,21127959
2022-01-05,40760,560398,46704043,21688357
2022-01-06,23490,274489,46727533,21962846
2022-01-07,63709,554192,46791242,22517038
2022-01-08,60866,503389,46852108,23020427
2022-01-09,42864,319688,46894972,23340115
2022-01-10,61086,542294,46956058,23882409
2022-01-11,61726,586992,47017784,24469401
2022-01-12,58445,581275,47076229,25050676
2022-01-13,58612,580392,47134841,25631068
2022-01-14,46799,588571,47181640,26219639
2022-01-15,39415,569940,47221055,26789579
2022-01-16,31226,341861,47252281,27131440
2022-01-17,54779,489658,47307060,27621098
2022-01-18,58396,517015,47365456,28138113
2022-01-19,57192,502782,47422648,28640895
2022-01-20,54337,498827,47476985,29139722
2022-01-21,42084,493872,47519069,29633594
2022-01-22,31191,469595,47550260,30103189
2022-01-23,34932,275365,47585192,30378554
2022-01-24,56179,437217,47641371,30815771
2022-01-25,61547,452106,47702918,31267877
2022-01-26,58542,435827,47761460,31703704
2022-01-27,48838,432363,47810298,32136067
2022-01-28,58692,436534,47868990,32572601
2022-01-29,68118,412488,47937108,32985089
2022-01-30,50374,235967,47987482,33221056
2022-01-31,60620,356930,48048102,33577986
2022-02-01,65546,328441,48113648,33906427
2022-02-02,63196,296974,48176844,34203401
2022-02-03,60053,274513,48236897,34477914
2022-02-04,72380,268451,48309277,34746365
2022-02-05,83773,248531,48393050,34994896
2022-02-06,55284,116201,48448334,35111097
2022-02-07,65136,199939,48513470,35311036
2022-02-08,66924,186110,48580394,35497146
2022-02-09,58756,166336,48639150,35663482
2022-02-10,58567,163234,48697717,35826716
2022-02-11,62245,162460,48759962,35989176
2022-02-12,71977,152141,48831939,36141317
2022-02-13,41471,68849,48873410,36210166
2022-02-14,46684,116187,48920094,36326353
2022-02-15,48526,123479,48968620,36449832
2022-02-16,45674,106117,49014294,36555949
2022-02-17,42858,98107,49057152,36654056
2022-02-18,46616,112570,49103768,36766626
2022-02-19,52531,100329,49156299,36866955
2022-02-20,31410,40361,49187709,36907316
2022-02-21,37884,89645,49225593,36996961
2022-02-22,37217,83772,49262810,37080733
2022-02-23,33389,79405,49296199,37160138
2022-02-24,32549,78161,49328748,37238299
2022-02-25,34754,90709,49363502,37329008
2022-02-26,39152,89132,49402654,37418140
2022-02-27,22541,35856,49425195,37453996
2022-02-28,28473,81689,49453668,37535685
2022-03-01,22716,53940,49476384,37589625
2022-03-02,21993,50629,49498377,37640254
2022-03-03,22610,54940,49520987,37695194
2022-03-04,23225,62793,49544212,37757987
2022-03-05,23793,57952,49568005,37815939
2022-03-06,9470,17200,49577475,37833139
2022-03-07,15910,51387,49593385,37884526
2022-03-08,15470,48794,49608855,37933320
2022-03-09,13810,46518,49622665,37979838
2022-03-10,14044,52116,49636709,38031954
2022-03-11,15579,57259,49652288,38089213
2022-03-12,15499,56614,49667787,38145827
2022-03-13,5544,16849,49673331,38162676
2022-03-14,10520,46694,49683851,38209370
2022-03-15,10536,46891,49694387,38256261
2022-03-16,9476,41975,49703863,38298236
2022-03-17,9712,44871,49713575,38343107
2022-03-18,10156,49053,49723731,38392160
2022-03-19,9148,46531,49732879,38438691
2022-03-20,2608,11700,49735487,38450391
2022-03-21,7578,40223,49743065,38490614
2022-03-22,8447,37756,49751512,38528370
2022-03-23,7211,33698,49758723,38562068
2022-03-24,8255,38798,49766978,38600866
2022-03-25,8131,43660,49775109,38644526
2022-03-26,8123,41722,49783232,38686248
2022-03-27,2429,9681,49785661,38695929
2022-03-28,6105,35236,49791766,38731165
2022-03-29,5773,32527,49797539,38763692
2022-03-30,5561,30200,49803100,38793892
2022-03-31,5887,33178,49808987,38827070
2022-04-01,4347,25187,49813334,38852257
2022-04-02,4490,23274,49817824,38875531
2022-04-03,1049,4499,49818873,38880030
2022-04-04,3654,21534,49822527,38901564
2022-04-05,3753,22927,49826280,38924491
2022-04-06,4098,21848,49830378,38946339
2022-04-07,3964,23319,49834342,38969658
2022-04-08,4690,26709,49839032,38996367
2022-04-09,4381,23884,49843413,39020251
2022-04-10,891,4614,49844304,39024865
2022-04-11,3813,22686,49848117,39047551
2022-04-12,3359,21778,49851476,39069329
2022-04-13,3561,21333,49855037,39090662
2022-04-14,3485,23783,49858522,39114445
2022-04-15,3083,20616,49861605,39135061
2022-04-16,2149,11919,49863754,39146980
2022-04-17,63,348,49863817,39147328
2022-04-18,151,650,49863968,39147978
2022-04-19,3495,21978,49867463,39169956
2022-04-20,3505,20248,49870968,39190204
2022-04-21,2841,19782,49873809,39209986
2022-04-22,2926,20696,49876735,39230682
2022-04-23,2641,16217,49879376,39246899
2022-04-24,509,2335,49879885,39249234
2022-04-25,183,1165,49880068,39250399
2022-04-26,2757,17798,49882825,39268197
2022-04-27,2371,15786,49885196,39283983
2022-04-28,2356,15554,49887552,39299537
2022-04-29,2292,14835,49889844,39314372
2022-04-30,2121,11577,49891965,39325949
2022-05-01,113,530,49892078,39326479
2022-05-02,1450,9388,49893528,39335867
2022-05-03,1574,10312,49895102,39346179
2022-05-04,1746,10258,49896848,39356437
2022-05-05,1651,10277,49898499,39366714
2022-05-06,1702,10945,49900201,39377659
2022-05-07,1431,8563,49901632,39386222
2022-05-08,405,1514,49902037,39387736
2022-05-09,1026,8918,49903063,39396654
2022-05-10,1422,9541,49904485,39406195
2022-05-11,1483,10089,49905968,39416284
2022-05-12,1367,10122,49907335,39426406
2022-05-13,1590,10510,49908925,39436916
2022-05-14,1356,8228,49910281,39445144
2022-05-15,336,1129,49910617,39446273
2022-05-16,811,8392,49911428,39454665
2022-05-17,1243,8674,49912671,39463339
2022-05-18,1372,9221,49914043,39472560
2022-05-19,1500,9270,49915543,39481830
2022-05-20,1422,9498,49916965,39491328
2022-05-21,1299,7892,49918264,39499220
2022-05-22,231,1012,49918495,39500232
2022-05-23,827,8261,49919322,39508493
2022-05-24,1072,8665,49920394,39517158
2022-05-25,1368,9444,49921762,39526602
2022-05-26,1194,9454,49922956,39536056
2022-05-27,1226,9911,49924182,39545967
2022-05-28,1203,7874,49925385,39553841
2022-05-29,286,1264,49925671,39555105
2022-05-30,929,8029,49926600,39563134
2022-05-31,1033,8532,49927633,39571666
2022-06-01,891,7644,49928524,39579310
2022-06-02,35,474,49928559,39579784
2022-06-03,816,7328,49929375,39587112
2022-06-04,870,5156,49930245,39592268
2022-06-05,89,586,49930334,39592854
2022-06-06,675,6984,49931009,39599838
2022-06-07,932,7842,49931941,39607680
2022-06-08,982,7900,49932923,39615580
2022-06-09,1036,8400,49933959,39623980
2022-06-10,957,8552,49934916,39632532
2022-06-11,900,6206,49935816,39638738
2022-06-12,140,767,49935956,39639505
2022-06-13,602,6296,49936558,39645801
2022-06-14,828,7881,49937386,39653682
2022-06-15,954,7844,49938340,39661526
2022-06-16,729,7389,49939069,39668915
2022-06-17,720,7242,49939789,39676157
2022-06-18,777,5588,49940566,39681745
2022-06-19,47,522,49940613,39682267
2022-06-20,588,6694,49941201,39688961
2022-06-21,733,7652,49941934,39696613
2022-06-22,780,7306,49942714,39703919
2022-06-23,651,7459,49943365,39711378
2022-06-24,642,7473,49944007,39718851
2022-06-25,835,6532,49944842,39725383
2022-06-26,128,523,49944970,39725906
2022-06-27,531,7120,49945501,39733026
2022-06-28,745,8192,49946246,39741218
2022-06-29,756,7720,49947002,39748938
2022-06-30,745,8132,49947747,39757070
2022-07-01,576,6438,49948323,39763508
2022-07-02,536,4766,49948859,39768274
2022-07-03,49,456,49948908,39768730
2022-07-04,471,6274,49949379,39775004
2022-07-05,628,8112,49950007,39783116
2022-07-06,630,7606,49950637,39790722
2022-07-07,569,8264,49951206,39798986
2022-07-08,670,8079,49951876,39807065
2022-07-09,550,6103,49952426,39813168
2022-07-10,58,533,49952484,39813701
2022-07-11,487,7639,49952971,39821340
2022-07-12,665,9026,49953636,39830366
2022-07-13,640,10060,49954276,39840426
2022-07-14,636,10219,49954912,39850645
2022-07-15,623,10663,49955535,39861308
2022-07-16,522,7209,49956057,39868517
2022-07-17,48,769,49956105,39869286
2022-07-18,497,9350,49956602,39878636
2022-07-19,575,10657,49957177,39889293
2022-07-20,576,11258,49957753,39900551
2022-07-21,625,12040,49958378,39912591
2022-07-22,582,11227,49958960,39923818
2022-07-23,379,6743,49959339,39930561
2022-07-24,76,834,49959415,39931395
2022-07-25,501,9033,49959916,39940428
2022-07-26,519,9728,49960435,39950156
2022-07-27,549,10155,49960984,39960311
2022-07-28,528,10482,49961512,39970793
2022-07-29,510,9424,49962022,39980217
2022-07-30,380,5852,49962402,39986069
2022-07-31,49,745,49962451,39986814
2022-08-01,386,6823,49962837,39993637
2022-08-02,539,7518,49963376,40001155
2022-08-03,511,7143,49963887,40008298
2022-08-04,452,7426,49964339,40015724
2022-08-05,419,6487,49964758,40022211
2022-08-06,298,3582,49965056,40025793
2022-08-07,44,551,49965100,40026344
2022-08-08,401,4874,49965501,40031218
2022-08-09,383,5268,49965884,40036486
2022-08-10,376,4788,49966260,40041274
2022-08-11,364,4756,49966624,40046030
2022-08-12,289,3700,49966913,40049730
2022-08-13,143,1597,49967056,40051327
2022-08-14,9,128,49967065,40051455
2022-08-15,1,26,49967066,40051481
2022-08-16,283,3027,49967349,40054508
2022-08-17,351,3513,49967700,40058021
2022-08-18,389,4142,49968089,40062163
2022-08-19,341,3305,49968430,40065468
2022-08-20,183,1710,49968613,40067178
2022-08-21,24,146,49968637,40067324
2022-08-22,329,2936,49968966,40070260
2022-08-23,371,3655,49969337,40073915
2022-08-24,381,3333,49969718,40077248
2022-08-25,419,3735,49970137,40080983
2022-08-26,394,3545,49970531,40084528
2022-08-27,235,1767,49970766,40086295
2022-08-28,29,260,49970795,40086555
2022-08-29,353,3138,49971148,40089693
2022-08-30,401,3636,49971549,40093329
2022-08-31,435,3703,49971984,40097032
2022-09-01,351,3075,49972335,40100107
2022-09-02,292,2866,49972627,40102973
2022-09-03,199,1684,49972826,40104657
2022-09-04,22,147,49972848,40104804
2022-09-05,186,2626,49973034,40107430
2022-09-06,301,2962,49973335,40110392
2022-09-07,538,2908,49973873,40113300
2022-09-08,288,2944,49974161,40116244
2022-09-09,300,2850,49974461,40119094
2022-09-10,226,1324,49974687,40120418
2022-09-11,21,123,49974708,40120541
2022-09-12,267,2201,49974975,40122742
2022-09-13,248,2262,49975223,40125004
2022-09-14,260,2546,49975483,40127550
2022-09-15,278,2474,49975761,40130024
2022-09-16,252,2528,49976013,40132552
2022-09-17,239,1339,49976252,40133891
2022-09-18,20,170,49976272,40134061
2022-09-19,206,1964,49976478,40136025
2022-09-20,233,2370,49976711,40138395
2022-09-21,288,2508,49976999,40140903
2022-09-22,258,2616,49977257,40143519
2022-09-23,249,2309,49977506,40145828
2022-09-24,195,1423,49977701,40147251
2022-09-25,28,134,49977729,40147385
2022-09-26,280,2236,49978009,40149621
2022-09-27,281,2603,49978290,40152224
2022-09-28,306,2861,49978596,40155085
2022-09-29,248,2924,49978844,40158009
2022-09-30,275,2755,49979119,40160764
2022-10-01,192,1451,49979311,40162215
2022-10-02,11,187,49979322,40162402
2022-10-03,175,2419,49979497,40164821
2022-10-04,230,2765,49979727,40167586
2022-10-05,216,3134,49979943,40170720
2022-10-06,201,3687,49980144,40174407
2022-10-07,226,3919,49980370,40178326
2022-10-08,188,1590,49980558,40179916