data_somministrazione,vaccinazioni,booster,cum_vaccinazioni,cum_booster
2020-12-27,15,0,15,0
2020-12-28,2,0,17,0
2020-12-29,1,0,18,0
2020-12-30,2,0,20,0
2020-12-31,34,0,54,0
2021-01-01,12,0,66,0
2021-01-02,54,0,120,0
2021-01-03,45,0,165,0
2021-01-04,120,0,285,0
2021-01-05,157,0,442,0
2021-01-06,133,0,575,0
2021-01-07,193,0,768,0
2021-01-08,236,0,1004,0
2021-01-09,168,0,1172,0
2021-01-10,108,0,1280,0
2021-01-11,195,0,1475,0
2021-01-12,201,0,1676,0
2021-01-13,298,0,1974,0
2021-01-14,389,0,2363,0
2021-01-15,228,0,2591,0
2021-01-16,162,0,2753,0
2021-01-17,3046,0,5799,0
2021-01-18,5178,0,10977,0
2021-01-19,1866,0,12843,0
2021-01-20,4649,0,17492,0
2021-01-21,20002,0,37494,0
2021-01-22,14194,0,51688,0
2021-01-23,33352,0,85040,0
2021-01-24,30789,0,115829,0
2021-01-25,64764,0,180593,0
2021-01-26,76534,0,257127,0
2021-01-27,64871,0,321998,0
2021-01-28,89325,0,411323,0
2021-01-29,94063,0,505386,0
2021-01-30,84349,0,589735,0
2021-01-31,57337,0,647072,0
2021-02-01,81880,0,728952,0
2021-02-02,82151,0,811103,0
2021-02-03,91206,0,902309,0
2021-02-04,94510,0,996819,0
2021-02-05,90256,0,1087075,0
2021-02-06,63722,0,1150797,0
2021-02-07,32912,0,1183709,0
2021-02-08,40399,0,1224108,0
2021-02-09,32825,0,1256933,0
2021-02-10,28366,0,1285299,0
2021-02-11,20339,0,1305638,0
2021-02-12,16170,0,1321808,0
2021-02-13,7214,0,1329022,0
2021-02-14,2852,0,1331874,0
2021-02-15,6811,0,1338685,0
2021-02-16,6966,0,1345651,0
2021-02-17,10484,0,1356135,0
2021-02-18,9206,0,1365341,0
2021-02-19,8135,0,1373476,0
2021-02-20,5464,0,1378940,0
2021-02-21,2935,0,1381875,0
2021-02-22,6824,0,1388699,0
2021-02-23,7080,0,1395779,0
2021-02-24,9778,0,1405557,0
2021-02-25,14159,0,1419716,0
2021-02-26,17461,0,1437177,0
2021-02-27,13839,0,1451016,0
2021-02-28,9331,0,1460347,0
2021-03-01,26423,0,1486770,0
2021-03-02,33139,0,1519909,0
2021-03-03,44576,0,1564485,0
2021-03-04,50173,0,1614658,0
2021-03-05,55667,0,1670325,0
2021-03-06,41820,0,1712145,0
2021-03-07,22278,0,1734423,0
2021-03-08,50592,0,1785015,0
2021-03-09,52914,0,1837929,0
2021-03-10,58067,0,1895996,0
2021-03-11,63681,0,1959677,0
2021-03-12,64996,0,2024673,0
2021-03-13,51630,0,2076303,0
2021-03-14,35328,0,2111631,0
2021-03-15,73277,0,2184908,0
2021-03-16,73958,0,2258866,0
2021-03-17,83017,0,2341883,0
2021-03-18,81558,0,2423441,0
2021-03-19,80312,0,2503753,0
2021-03-20,64602,0,2568355,0
2021-03-21,47235,0,2615590,0
2021-03-22,69360,0,2684950,0
2021-03-23,75451,0,2760401,0
2021-03-24,90735,0,2851136,0
2021-03-25,89646,0,2940782,0
2021-03-26,83446,0,3024228,0
2021-03-27,71770,0,3095998,0
2021-03-28,44009,0,3140007,0
2021-03-29,70666,0,3210673,0
2021-03-30,80661,0,3291334,0
2021-03-31,95533,0,3386867,0
2021-04-01,94489,0,3481356,0
2021-04-02,83473,0,3564829,0
2021-04-03,64205,0,3629034,0
2021-04-04,21678,0,3650712,0
2021-04-05,40240,0,3690952,0
2021-04-06,81190,0,3772142,0
2021-04-07,95615,0,3867757,0
2021-04-08,94561,0,3962318,0
2021-04-09,87755,0,4050073,0
2021-04-10,73562,0,4123635,0
2021-04-11,44675,0,4168310,0
2021-04-12,66808,0,4235118,0
2021-04-13,72477,0,4307595,0
2021-04-14,85381,0,4392976,0
2021-04-15,104726,0,4497702,0
2021-04-16,106258,0,4603960,0
2021-04-17,90114,0,4694074,0
2021-04-18,58639,0,4752713,0
2021-04-19,93212,0,4845925,0
2021-04-20,102846,0,4948771,0
2021-04-21,124329,0,5073100,0
2021-04-22,142900,0,5216000,0
2021-04-23,137820,0,5353820,0
2021-04-24,123820,0,5477640,0
2021-04-25,61367,0,5539007,0
2021-04-26,97752,0,5636759,0
2021-04-27,128203,0,5764962,0
2021-04-28,155988,0,5920950,0
2021-04-29,195029,0,6115979,0
2021-04-30,213603,0,6329582,0
2021-05-01,174110,0,6503692,0
2021-05-02,135825,0,6639517,0
2021-05-03,141713,0,6781230,0
2021-05-04,158329,0,6939559,0
2021-05-05,170151,0,7109710,0
2021-05-06,197233,0,7306943,0
2021-05-07,213173,0,7520116,0
2021-05-08,212973,0,7733089,0
2021-05-09,143004,0,7876093,0
2021-05-10,164678,0,8040771,0
2021-05-11,174274,0,8215045,0
2021-05-12,178852,0,8393897,0
2021-05-13,202395,0,8596292,0
2021-05-14,222597,0,8818889,0
2021-05-15,209840,0,9028729,0
2021-05-16,159105,0,9187834,0
2021-05-17,218564,0,9406398,0
2021-05-18,212364,0,9618762,0
2021-05-19,206389,0,9825151,0
2021-05-20,270246,0,10095397,0
2021-05-21,269847,0,10365244,0
2021-05-22,244672,0,10609916,0
2021-05-23,197024,0,10806940,0
2021-05-24,227757,0,11034697,0
2021-05-25,245013,0,11279710,0
2021-05-26,277103,0,11556813,0
2021-05-27,310501,0,11867314,0
2021-05-28,298634,0,12165948,0
2021-05-29,230492,0,12396440,0
2021-05-30,170651,0,12567091,0
2021-05-31,215958,0,12783049,0
2021-06-01,207060,0,12990109,0
2021-06-02,115585,0,13105694,0
2021-06-03,179654,0,13285348,0
2021-06-04,183995,0,13469343,0
2021-06-05,185171,0,13654514,0
2021-06-06,139323,0,13793837,0
2021-06-07,161044,0,13954881,0
2021-06-08,170364,0,14125245,0
2021-06-09,170782,0,14296027,0
2021-06-10,173555,0,14469582,0
2021-06-11,168678,0,14638260,0
2021-06-12,127251,0,14765511,0
2021-06-13,90875,0,14856386,0
2021-06-14,214084,0,15070470,0
2021-06-15,227797,0,15298267,0
2021-06-16,252791,0,15551058,0
2021-06-17,301147,0,15852205,0
2021-06-18,305409,0,16157614,0
2021-06-19,274744,0,16432358,0
2021-06-20,220555,0,16652913,0
2021-06-21,287716,0,16940629,0
2021-06-22,295685,0,17236314,0
2021-06-23,302298,0,17538612,0
2021-06-24,332084,0,17870696,0
2021-06-25,347979,0,18218675,0
2021-06-26,299912,0,18518587,0
2021-06-27,228735,0,18747322,0
2021-06-28,306799,0,19054121,0
2021-06-29,328304,0,19382425,0
2021-06-30,341918,0,19724343,0
2021-07-01,362196,0,20086539,0
2021-07-02,367870,0,20454409,0
2021-07-03,371213,0,20825622,0
2021-07-04,283175,0,21108797,0
2021-07-05,384158,0,21492955,0
2021-07-06,384876,0,21877831,0
2021-07-07,411864,0,22289695,0
2021-07-08,479139,0,22768834,0
2021-07-09,497509,0,23266343,0
2021-07-10,475180,0,23741523,0
2021-07-11,357727,0,24099250,0
2021-07-12,485902,0,24585152,0
2021-07-13,491473,0,25076625,0
2021-07-14,480318,0,25556943,0
2021-07-15,523190,0,26080133,0
2021-07-16,509310,0,26589443,0
2021-07-17,464376,0,27053819,0
2021-07-18,364758,0,27418577,0
2021-07-19,463037,0,27881614,0
2021-07-20,457798,0,28339412,0
2021-07-21,462654,0,28802066,0
2021-07-22,475065,0,29277131,0
2021-07-23,440530,0,29717661,0
2021-07-24,386066,0,30103727,0
2021-07-25,287493,0,30391220,0
2021-07-26,430448,0,30821668,0
2021-07-27,439573,0,31261241,0
2021-07-28,390710,0,31651951,0
2021-07-29,371787,0,32023738,0
2021-07-30,340789,0,32364527,0
2021-07-31,286858,0,32651385,0
2021-08-01,190728,0,32842113,0
2021-08-02,333662,0,33175775,0
2021-08-03,322527,0,33498302,0
2021-08-04,310665,0,33808967,0
2021-08-05,292020,0,34100987,0
2021-08-06,259177,0,34360164,0
2021-08-07,198787,0,34558951,0
2021-08-08,153016,0,34711967,0
2021-08-09,233682,0,34945649,0
2021-08-10,204570,0,35150219,0
2021-08-11,193329,0,35343548,0
2021-08-12,167638,0,35511186,0
2021-08-13,148100,0,35659286,0
2021-08-14,65921,0,35725207,0
2021-08-15,26273,0,35751480,0
2021-08-16,114481,0,35865961,0
2021-08-17,128890,0,35994851,0
2021-08-18,128469,0,36123320,0
2021-08-19,124331,0,36247651,0
2021-08-20,123331,0,36370982,0
2021-08-21,82966,0,36453948,0
2021-08-22,68042,0,36521990,0
2021-08-23,176111,0,36698101,0
2021-08-24,156253,0,36854354,0
2021-08-25,176829,0,37031183,0
2021-08-26,172075,0,37203258,0
2021-08-27,185671,0,37388929,0
2021-08-28,139982,0,37528911,0
2021-08-29,98868,0,37627779,0
2021-08-30,209298,0,37837077,0
2021-08-31,194310,0,38031387,0
2021-09-01,191903,0,38223290,0
2021-09-02,189486,0,38412776,0
2021-09-03,190801,0,38603577,0
2021-09-04,131303,0,38734880,0
2021-09-05,87806,0,38822686,0
2021-09-06,193299,0,39015985,0
2021-09-07,195559,0,39211544,0
2021-09-08,187542,0,39399086,0
2021-09-09,201100,0,39600186,0
2021-09-10,197688,0,39797874,0
2021-09-11,141101,0,39938975,0
2021-09-12,89429,0,40028404,0
2021-09-13,190947,335,40219351,335
2021-09-14,177114,418,40396465,753
2021-09-15,162913,451,40559378,1204
2021-09-16,159575,784,40718953,1988
2021-09-17,149748,998,40868701,2986
2021-09-18,127750,654,40996451,3640
2021-09-19,80928,440,41077379,4080
2021-09-20,179370,8951,41256749,13031
2021-09-21,166197,8718,41422946,21749
2021-09-22,158498,9354,41581444,31103
2021-09-23,137369,9219,41718813,40322
2021-09-24,139762,8847,41858575,49169
2021-09-25,119226,5554,41977801,54723
2021-09-26,71724,4293,42049525,59016
2021-09-27,135147,9959,42184672,68975
2021-09-28,116883,11282,42301555,80257
2021-09-29,111880,11753,42413435,92010
2021-09-30,109608,14823,42523043,106833
2021-10-01,94435,18968,42617478,125801
2021-10-02,78152,13980,42695630,139781
2021-10-03,47484,7625,42743114,147406
2021-10-04,87932,34342,42831046,181748
2021-10-05,79968,33871,42911014,215619
2021-10-06,71475,34037,42982489,249656
2021-10-07,71367,34245,43053856,283901
2021-10-08,80179,33367,43134035,317268
2021-10-09,75742,22101,43209777,339369
2021-10-10,45588,13589,43255365,352958
2021-10-11,86951,40940,43342316,393898
2021-10-12,84027,46707,43426343,440605
2021-10-13,87770,51962,43514113,492567
2021-10-14,90886,58340,43604999,550907
2021-10-15,92963,55248,43697962,606155
2021-10-16,82588,36691,43780550,642846
2021-10-17,51198,23771,43831748,666617
2021-10-18,89889,59141,43921637,725758
2021-10-19,78022,69105,43999659,794863
2021-10-20,74777,77798,44074436,872661
2021-10-21,77963,81446,44152399,954107
2021-10-22,73520,76514,44225919,1030621
2021-10-23,60656,51840,44286575,1082461
2021-10-24,33273,23395,44319848,1105856
2021-10-25,64675,81465,44384523,1187321
2021-10-26,58106,91423,44442629,1278744
2021-10-27,58019,103582,44500648,1382326
2021-10-28,61195,113537,44561843,1495863
2021-10-29,61410,102521,44623253,1598384
2021-10-30,50526,67961,44673779,1666345
2021-10-31,25094,28230,44698873,1694575
2021-11-01,19003,28109,44717876,1722684
2021-11-02,62517,89039,44780393,1811723
2021-11-03,60454,118161,44840847,1929884
2021-11-04,58941,126216,44899788,2056100
2021-11-05,62779,134623,44962567,2190723
2021-11-06,46307,90770,45008874,2281493
2021-11-07,22188,37816,45031062,2319309
2021-11-08,51130,130695,45082192,2450004
2021-11-09,45180,143525,45127372,2593529
2021-11-10,42420,155607,45169792,2749136
2021-11-11,44686,154341,45214478,2903477
2021-11-12,46043,157857,45260521,3061334
2021-11-13,32987,116286,45293508,3177620
2021-11-14,14417,52373,45307925,3229993
2021-11-15,36622,156655,45344547,3386648
2021-11-16,30313,170756,45374860,3557404
2021-11-17,28200,177867,45403060,3735271
2021-11-18,30054,193320,45433114,3928591
2021-11-19,28525,204946,45461639,4133537
2021-11-20,20834,155988,45482473,4289525
2021-11-21,10508,64688,45492981,4354213
2021-11-22,21663,212109,45514644,4566322
2021-11-23,23293,240861,45537937,4807183
2021-11-24,27501,269991,45565438,5077174
2021-11-25,22822,300845,45588260,5378019
2021-11-26,24154,317208,45612414,5695227
2021-11-27,21048,265591,45633462,5960818
2021-11-28,9735,136792,45643197,6097610
2021-11-29,21782,324892,45664979,6422502
2021-11-30,22559,364483,45687538,6786985
2021-12-01,20929,411959,45708467,7198944
2021-12-02,23060,438868,45731527,7637812
2021-12-03,24471,465571,45755998,8103383
2021-12-04,21680,418143,45777678,8521526
2021-12-05,11415,261088,45789093,8782614
2021-12-06,24755,456039,45813848,9238653
2021-12-07,23057,478427,45836905,9717080
2021-12-08,9401,249418,45846306,9966498
2021-12-09,30216,490213,45876522,10456711
2021-12-10,26722,515956,45903244,10972667
2021-12-11,22389,458724,45925633,11431391
2021-12-12,11554,293147,45937187,11724538
2021-12-13,24762,466111,45961949,12190649
2021-12-14,23729,492869,45985678,12683518
2021-12-15,23888,515324,46009566,13198842
2021-12-16,26080,518549,46035646,13717391
2021-12-17,27700,515164,46063346,14232555
2021-12-18,25305,468036,46088651,14700591
2021-12-19,13878,300103,46102529,15000694
2021-12-20,28821,475646,46131350,15476340
2021-12-21,28517,491601,46159867,15967941
2021-12-22,27383,483299,46187250,16451240
2021-12-23,26150,425652,46213400,16876892
2021-12-24,12342,210299,46225742,17087191
2021-12-25,2037,32994,46227779,17120185
2021-12-26,7852,158926,46235631,17279111
2021-12-27,43558,503299,46279189,17782410
2021-12-28,38378,552634,46317567,18335044
2021-12-29,30174,549036,46347741,18884080
2021-12-30,27911,498231,46375652,19382311
2021-12-31,12272,246677,46387924,19628988
2022-01-01,3104,64715,46391028,19693703
2022-01-02,19562,276445,46410590,19970148
2022-01-03,42846,519454,46453436,20489602
2022-01-04,40936,571017,46494372,21060619
2022-01-05,35388,559618,46529760,21620237
2022-01-06,20445,274088,46550205,21894325
2022-01-07,58343,552738,46608548,22447063
2022-01-08,55063,502285,46663611,22949348
2022-01-09,38529,319171,46702140,23268519
2022-01-10,56727,540439,46758867,23808958
2022-01-11,56988,585116,46815855,24394074
2022-01-12,53730,578960,46869585,24973034
2022-01-13,54253,578138,46923838,25551172
2022-01-14,42493,585999,46966331,26137171
2022-01-15,34118,566239,47000449,26703410
2022-01-16,27738,340213,47028187,27043623
2022-01-17,51759,487644,47079946,27531267
2022-01-18,55453,514440,47135399,28045707
2022-01-19,54430,499351,47189829,28545058
2022-01-20,51563,494611,47241392,29039669
2022-01-21,39347,488306,47280739,29527975
2022-01-22,28427,464495,47309166,29992470
2022-01-23,33189,272475,47342355,30264945
2022-01-24,57391,421752,47399746,30686697