data_somministrazione,vaccinazioni,booster,cum_vaccinazioni,cum_booster
2020-12-27,19,0,19,0
2020-12-28,2,0,21,0
2020-12-29,1,0,22,0
2020-12-30,6,0,28,0
2020-12-31,59,0,87,0
2021-01-01,22,0,109,0
2021-01-02,98,0,207,0
2021-01-03,73,0,280,0
2021-01-04,188,0,468,0
2021-01-05,229,0,697,0
2021-01-06,184,0,881,0
2021-01-07,276,0,1157,0
2021-01-08,320,0,1477,0
2021-01-09,235,0,1712,0
2021-01-10,141,0,1853,0
2021-01-11,262,0,2115,0
2021-01-12,260,0,2375,0
2021-01-13,381,0,2756,0
2021-01-14,467,0,3223,0
2021-01-15,289,0,3512,0
2021-01-16,201,0,3713,0
2021-01-17,3057,0,6770,0
2021-01-18,5206,0,11976,0
2021-01-19,1889,0,13865,0
2021-01-20,4652,0,18517,0
2021-01-21,20003,0,38520,0
2021-01-22,14201,0,52721,0
2021-01-23,33335,0,86056,0
2021-01-24,30792,0,116848,0
2021-01-25,64741,0,181589,0
2021-01-26,76504,0,258093,0
2021-01-27,64850,0,322943,0
2021-01-28,89304,0,412247,0
2021-01-29,94039,0,506286,0
2021-01-30,86579,0,592865,0
2021-01-31,57342,0,650207,0
2021-02-01,81879,0,732086,0
2021-02-02,82149,0,814235,0
2021-02-03,91198,0,905433,0
2021-02-04,95402,0,1000835,0
2021-02-05,90284,0,1091119,0
2021-02-06,63452,0,1154571,0
2021-02-07,32926,0,1187497,0
2021-02-08,40432,0,1227929,0
2021-02-09,32865,0,1260794,0
2021-02-10,28419,0,1289213,0
2021-02-11,20384,0,1309597,0
2021-02-12,16225,0,1325822,0
2021-02-13,7250,0,1333072,0
2021-02-14,2861,0,1335933,0
2021-02-15,6836,0,1342769,0
2021-02-16,6993,0,1349762,0
2021-02-17,10518,0,1360280,0
2021-02-18,9244,0,1369524,0
2021-02-19,8234,0,1377758,0
2021-02-20,5536,0,1383294,0
2021-02-21,2985,0,1386279,0
2021-02-22,6880,0,1393159,0
2021-02-23,7156,0,1400315,0
2021-02-24,9823,0,1410138,0
2021-02-25,14199,0,1424337,0
2021-02-26,17550,0,1441887,0
2021-02-27,13896,0,1455783,0
2021-02-28,9386,0,1465169,0
2021-03-01,26506,0,1491675,0
2021-03-02,33235,0,1524910,0
2021-03-03,44641,0,1569551,0
2021-03-04,50289,0,1619840,0
2021-03-05,55733,0,1675573,0
2021-03-06,41870,0,1717443,0
2021-03-07,22319,0,1739762,0
2021-03-08,50791,0,1790553,0
2021-03-09,53054,0,1843607,0
2021-03-10,58621,0,1902228,0
2021-03-11,63831,0,1966059,0
2021-03-12,65094,0,2031153,0
2021-03-13,51706,0,2082859,0
2021-03-14,35383,0,2118242,0
2021-03-15,73425,0,2191667,0
2021-03-16,74022,0,2265689,0
2021-03-17,83128,0,2348817,0
2021-03-18,81621,0,2430438,0
2021-03-19,81077,0,2511515,0
2021-03-20,64705,0,2576220,0
2021-03-21,47285,0,2623505,0
2021-03-22,69470,0,2692975,0
2021-03-23,75776,0,2768751,0
2021-03-24,90883,0,2859634,0
2021-03-25,89783,0,2949417,0
2021-03-26,83601,0,3033018,0
2021-03-27,71915,0,3104933,0
2021-03-28,44120,0,3149053,0
2021-03-29,70803,0,3219856,0
2021-03-30,81353,0,3301209,0
2021-03-31,96217,0,3397426,0
2021-04-01,95289,0,3492715,0
2021-04-02,84060,0,3576775,0
2021-04-03,64295,0,3641070,0
2021-04-04,21715,0,3662785,0
2021-04-05,40295,0,3703080,0
2021-04-06,81295,0,3784375,0
2021-04-07,95800,0,3880175,0
2021-04-08,95224,0,3975399,0
2021-04-09,88476,0,4063875,0
2021-04-10,74027,0,4137902,0
2021-04-11,44747,0,4182649,0
2021-04-12,66904,0,4249553,0
2021-04-13,72559,0,4322112,0
2021-04-14,85514,0,4407626,0
2021-04-15,105395,0,4513021,0
2021-04-16,106407,0,4619428,0
2021-04-17,90487,0,4709915,0
2021-04-18,58581,0,4768496,0
2021-04-19,93424,0,4861920,0
2021-04-20,103759,0,4965679,0
2021-04-21,125324,0,5091003,0
2021-04-22,143501,0,5234504,0
2021-04-23,138714,0,5373218,0
2021-04-24,124431,0,5497649,0
2021-04-25,61453,0,5559102,0
2021-04-26,97873,0,5656975,0
2021-04-27,128348,0,5785323,0
2021-04-28,156346,0,5941669,0
2021-04-29,195576,0,6137245,0
2021-04-30,214551,0,6351796,0
2021-05-01,174086,0,6525882,0
2021-05-02,135792,0,6661674,0
2021-05-03,141999,0,6803673,0
2021-05-04,158671,0,6962344,0
2021-05-05,170465,0,7132809,0
2021-05-06,197786,0,7330595,0
2021-05-07,213798,0,7544393,0
2021-05-08,213377,0,7757770,0
2021-05-09,143186,0,7900956,0
2021-05-10,165078,0,8066034,0
2021-05-11,174951,0,8240985,0
2021-05-12,179140,0,8420125,0
2021-05-13,203352,0,8623477,0
2021-05-14,222887,0,8846364,0
2021-05-15,210326,0,9056690,0
2021-05-16,159258,0,9215948,0
2021-05-17,219176,0,9435124,0
2021-05-18,212994,0,9648118,0
2021-05-19,207066,0,9855184,0
2021-05-20,270835,0,10126019,0
2021-05-21,270858,0,10396877,0
2021-05-22,245513,0,10642390,0
2021-05-23,197171,0,10839561,0
2021-05-24,228287,0,11067848,0
2021-05-25,245683,0,11313531,0
2021-05-26,277477,0,11591008,0
2021-05-27,311076,0,11902084,0
2021-05-28,299552,0,12201636,0
2021-05-29,231188,0,12432824,0
2021-05-30,170819,0,12603643,0
2021-05-31,216401,0,12820044,0
2021-06-01,207627,0,13027671,0
2021-06-02,115764,0,13143435,0
2021-06-03,180095,0,13323530,0
2021-06-04,184839,0,13508369,0
2021-06-05,185914,0,13694283,0
2021-06-06,139501,0,13833784,0
2021-06-07,161827,0,13995611,0
2021-06-08,171147,0,14166758,0
2021-06-09,171416,0,14338174,0
2021-06-10,174028,0,14512202,0
2021-06-11,169920,0,14682122,0
2021-06-12,128294,0,14810416,0
2021-06-13,91129,0,14901545,0
2021-06-14,214627,0,15116172,0
2021-06-15,228374,0,15344546,0
2021-06-16,253025,0,15597571,0
2021-06-17,301687,0,15899258,0
2021-06-18,306246,0,16205504,0
2021-06-19,275040,0,16480544,0
2021-06-20,220729,0,16701273,0
2021-06-21,288027,0,16989300,0
2021-06-22,296177,0,17285477,0
2021-06-23,302655,0,17588132,0
2021-06-24,332546,0,17920678,0
2021-06-25,348686,0,18269364,0
2021-06-26,300082,0,18569446,0
2021-06-27,228607,0,18798053,0
2021-06-28,307026,0,19105079,0
2021-06-29,329221,0,19434300,0
2021-06-30,342088,0,19776388,0
2021-07-01,363143,0,20139531,0
2021-07-02,368429,0,20507960,0
2021-07-03,371061,0,20879021,0
2021-07-04,283187,0,21162208,0
2021-07-05,384494,0,21546702,0
2021-07-06,385424,0,21932126,0
2021-07-07,412058,0,22344184,0
2021-07-08,479627,0,22823811,0
2021-07-09,498491,0,23322302,0
2021-07-10,475180,0,23797482,0
2021-07-11,357708,0,24155190,0
2021-07-12,485917,0,24641107,0
2021-07-13,492152,0,25133259,0
2021-07-14,480482,0,25613741,0
2021-07-15,523498,0,26137239,0
2021-07-16,509793,0,26647032,0
2021-07-17,464372,0,27111404,0
2021-07-18,364702,0,27476106,0
2021-07-19,463083,0,27939189,0
2021-07-20,458088,0,28397277,0
2021-07-21,462822,0,28860099,0
2021-07-22,475391,0,29335490,0
2021-07-23,441311,0,29776801,0
2021-07-24,386191,0,30162992,0
2021-07-25,287599,0,30450591,0
2021-07-26,430896,0,30881487,0
2021-07-27,440127,0,31321614,0
2021-07-28,391018,0,31712632,0
2021-07-29,372078,0,32084710,0
2021-07-30,341502,0,32426212,0
2021-07-31,287013,0,32713225,0
2021-08-01,191022,0,32904247,0
2021-08-02,333736,0,33237983,0
2021-08-03,323188,0,33561171,0
2021-08-04,310969,0,33872140,0
2021-08-05,292513,0,34164653,0
2021-08-06,260001,0,34424654,0
2021-08-07,199048,0,34623702,0
2021-08-08,153104,0,34776806,0
2021-08-09,234072,0,35010878,0
2021-08-10,205245,0,35216123,0
2021-08-11,193756,0,35409879,0
2021-08-12,167969,0,35577848,0
2021-08-13,148595,0,35726443,0
2021-08-14,66086,0,35792529,0
2021-08-15,26333,0,35818862,0
2021-08-16,114672,0,35933534,0
2021-08-17,129236,0,36062770,0
2021-08-18,128729,0,36191499,0
2021-08-19,124782,0,36316281,0
2021-08-20,123786,0,36440067,0
2021-08-21,83112,0,36523179,0
2021-08-22,68163,0,36591342,0
2021-08-23,176862,0,36768204,0
2021-08-24,156903,0,36925107,0
2021-08-25,177167,0,37102274,0
2021-08-26,172355,0,37274629,0
2021-08-27,185849,0,37460478,0
2021-08-28,140274,0,37600752,0
2021-08-29,99005,0,37699757,0
2021-08-30,209637,0,37909394,0
2021-08-31,194628,0,38104022,0
2021-09-01,192217,0,38296239,0
2021-09-02,189942,0,38486181,0
2021-09-03,191339,0,38677520,0
2021-09-04,131487,0,38809007,0
2021-09-05,87870,0,38896877,0
2021-09-06,193660,0,39090537,0
2021-09-07,196070,0,39286607,0
2021-09-08,187911,0,39474518,0
2021-09-09,201480,0,39675998,0
2021-09-10,198114,0,39874112,0
2021-09-11,141326,0,40015438,0
2021-09-12,89604,0,40105042,0
2021-09-13,191170,543,40296212,543
2021-09-14,177269,567,40473481,1110
2021-09-15,163132,564,40636613,1674
2021-09-16,160103,910,40796716,2584
2021-09-17,150171,1106,40946887,3690
2021-09-18,127976,729,41074863,4419
2021-09-19,81131,488,41155994,4907
2021-09-20,180073,9064,41336067,13971
2021-09-21,166625,8825,41502692,22796
2021-09-22,159075,9425,41661767,32221
2021-09-23,138077,9316,41799844,41537
2021-09-24,140542,8946,41940386,50483
2021-09-25,119544,5629,42059930,56112
2021-09-26,71951,4337,42131881,60449
2021-09-27,135630,10037,42267511,70486
2021-09-28,117484,11376,42384995,81862
2021-09-29,112327,11821,42497322,93683
2021-09-30,110224,14936,42607546,108619
2021-10-01,94972,19101,42702518,127720
2021-10-02,78471,14010,42780989,141730
2021-10-03,47726,7655,42828715,149385
2021-10-04,88376,34438,42917091,183823
2021-10-05,80360,33967,42997451,217790
2021-10-06,71976,34156,43069427,251946
2021-10-07,71847,34339,43141274,286285
2021-10-08,80622,33585,43221896,319870
2021-10-09,76098,22163,43297994,342033
2021-10-10,45772,13614,43343766,355647
2021-10-11,87407,41096,43431173,396743
2021-10-12,84488,46892,43515661,443635
2021-10-13,88185,52104,43603846,495739
2021-10-14,91521,58499,43695367,554238
2021-10-15,93578,55618,43788945,609856
2021-10-16,82957,36776,43871902,646632
2021-10-17,51460,23823,43923362,670455
2021-10-18,90287,59475,44013649,729930
2021-10-19,78340,69367,44091989,799297
2021-10-20,75075,78157,44167064,877454
2021-10-21,78300,81746,44245364,959200
2021-10-22,73794,77013,44319158,1036213
2021-10-23,60811,51948,44379969,1088161
2021-10-24,33379,23447,44413348,1111608
2021-10-25,64900,81622,44478248,1193230
2021-10-26,58374,91771,44536622,1285001
2021-10-27,58329,103958,44594951,1388959
2021-10-28,61468,114094,44656419,1503053
2021-10-29,61659,103106,44718078,1606159
2021-10-30,50670,68110,44768748,1674269
2021-10-31,25169,28283,44793917,1702552
2021-11-01,19047,28146,44812964,1730698
2021-11-02,62771,89365,44875735,1820063
2021-11-03,60733,118656,44936468,1938719
2021-11-04,59244,126654,44995712,2065373
2021-11-05,63093,135167,45058805,2200540
2021-11-06,46472,90921,45105277,2291461
2021-11-07,22253,37892,45127530,2329353
2021-11-08,51526,131259,45179056,2460612
2021-11-09,45403,144191,45224459,2604803
2021-11-10,42578,156344,45267037,2761147
2021-11-11,44934,155135,45311971,2916282
2021-11-12,46371,158569,45358342,3074851
2021-11-13,33250,116643,45391592,3191494
2021-11-14,14479,52446,45406071,3243940
2021-11-15,36894,157419,45442965,3401359
2021-11-16,30544,171370,45473509,3572729
2021-11-17,28448,178432,45501957,3751161
2021-11-18,30277,193709,45532234,3944870
2021-11-19,28796,205847,45561030,4150717
2021-11-20,20990,156434,45582020,4307151
2021-11-21,10609,64855,45592629,4372006
2021-11-22,21926,213137,45614555,4585143
2021-11-23,23563,241739,45638118,4826882
2021-11-24,27828,270941,45665946,5097823
2021-11-25,23229,301893,45689175,5399716
2021-11-26,24573,318260,45713748,5717976
2021-11-27,21374,266147,45735122,5984123
2021-11-28,9894,137053,45745016,6121176
2021-11-29,22310,326060,45767326,6447236
2021-11-30,23075,365819,45790401,6813055
2021-12-01,21510,413498,45811911,7226553
2021-12-02,23747,440376,45835658,7666929
2021-12-03,25224,467449,45860882,8134378
2021-12-04,22346,418725,45883228,8553103
2021-12-05,11902,261330,45895130,8814433
2021-12-06,25802,457560,45920932,9271993
2021-12-07,24102,480244,45945034,9752237
2021-12-08,9992,249678,45955026,10001915
2021-12-09,31556,491910,45986582,10493825
2021-12-10,28039,517864,46014621,11011689
2021-12-11,23543,459236,46038164,11470925
2021-12-12,12292,293495,46050456,11764420
2021-12-13,26125,467617,46076581,12232037
2021-12-14,25148,494187,46101729,12726224
2021-12-15,25303,517126,46127032,13243350
2021-12-16,27861,520237,46154893,13763587
2021-12-17,29331,517158,46184224,14280745
2021-12-18,27024,468710,46211248,14749455
2021-12-19,15125,300514,46226373,15049969
2021-12-20,30603,477466,46256976,15527435
2021-12-21,30345,493376,46287321,16020811
2021-12-22,29424,484694,46316745,16505505
2021-12-23,28215,426890,46344960,16932395
2021-12-24,13103,210818,46358063,17143213
2021-12-25,2101,33052,46360164,17176265
2021-12-26,8749,159065,46368913,17335330
2021-12-27,46747,504647,46415660,17839977
2021-12-28,42415,554196,46458075,18394173
2021-12-29,34295,550625,46492370,18944798
2021-12-30,31789,499817,46524159,19444615
2021-12-31,14093,247394,46538252,19692009
2022-01-01,3493,64812,46541745,19756821
2022-01-02,22730,276715,46564475,20033536
2022-01-03,47775,520007,46612250,20553543
2022-01-04,46276,572069,46658526,21125612
2022-01-05,40663,560378,46699189,21685990
2022-01-06,23436,274478,46722625,21960468
2022-01-07,63604,554174,46786229,22514642
2022-01-08,60755,503376,46846984,23018018
2022-01-09,42755,319683,46889739,23337701
2022-01-10,60986,542271,46950725,23879972
2022-01-11,61613,586980,47012338,24466952
2022-01-12,58349,581269,47070687,25048221
2022-01-13,58502,580370,47129189,25628591
2022-01-14,46679,588559,47175868,26217150
2022-01-15,39236,569934,47215104,26787084
2022-01-16,31105,341848,47246209,27128932
2022-01-17,54702,489643,47300911,27618575
2022-01-18,58302,517006,47359213,28135581
2022-01-19,57121,502779,47416334,28638360
2022-01-20,54256,498811,47470590,29137171
2022-01-21,41973,493865,47512563,29631036
2022-01-22,31077,469590,47543640,30100626
2022-01-23,34867,275365,47578507,30375991
2022-01-24,56122,437207,47634629,30813198
2022-01-25,61488,452085,47696117,31265283
2022-01-26,58477,435815,47754594,31701098
2022-01-27,48774,432352,47803368,32133450
2022-01-28,58613,436525,47861981,32569975
2022-01-29,68040,412477,47930021,32982452
2022-01-30,50329,235966,47980350,33218418
2022-01-31,60556,356920,48040906,33575338
2022-02-01,65478,328430,48106384,33903768
2022-02-02,63124,296960,48169508,34200728
2022-02-03,59998,274511,48229506,34475239
2022-02-04,72316,268443,48301822,34743682
2022-02-05,83702,248522,48385524,34992204
2022-02-06,55251,116193,48440775,35108397
2022-02-07,65098,199928,48505873,35308325
2022-02-08,66890,186102,48572763,35494427
2022-02-09,58723,166329,48631486,35660756
2022-02-10,58521,163231,48690007,35823987
2022-02-11,62209,162452,48752216,35986439
2022-02-12,71935,152135,48824151,36138574
2022-02-13,41456,68849,48865607,36207423
2022-02-14,46650,116182,48912257,36323605
2022-02-15,48495,123477,48960752,36447082
2022-02-16,45651,106109,49006403,36553191
2022-02-17,42845,98100,49049248,36651291
2022-02-18,46589,112566,49095837,36763857
2022-02-19,52511,100326,49148348,36864183
2022-02-20,31407,40359,49179755,36904542
2022-02-21,37881,89641,49217636,36994183
2022-02-22,37204,83769,49254840,37077952
2022-02-23,33368,79404,49288208,37157356
2022-02-24,32544,78160,49320752,37235516
2022-02-25,34740,90703,49355492,37326219
2022-02-26,39142,89131,49394634,37415350
2022-02-27,22539,35855,49417173,37451205
2022-02-28,28464,81690,49445637,37532895
2022-03-01,22694,53934,49468331,37586829
2022-03-02,21985,50627,49490316,37637456
2022-03-03,22596,54940,49512912,37692396
2022-03-04,23205,62790,49536117,37755186
2022-03-05,23779,57950,49559896,37813136
2022-03-06,9469,17199,49569365,37830335
2022-03-07,15895,51389,49585260,37881724
2022-03-08,15446,48796,49600706,37930520
2022-03-09,13798,46513,49614504,37977033
2022-03-10,14027,52115,49628531,38029148
2022-03-11,15562,57251,49644093,38086399
2022-03-12,15488,56614,49659581,38143013
2022-03-13,5541,16848,49665122,38159861
2022-03-14,10515,46691,49675637,38206552
2022-03-15,10533,46892,49686170,38253444
2022-03-16,9470,41976,49695640,38295420
2022-03-17,9697,44875,49705337,38340295
2022-03-18,10149,49053,49715486,38389348
2022-03-19,9142,46531,49724628,38435879
2022-03-20,2606,11699,49727234,38447578
2022-03-21,7569,40221,49734803,38487799
2022-03-22,8439,37747,49743242,38525546
2022-03-23,7203,33695,49750445,38559241
2022-03-24,8245,38797,49758690,38598038
2022-03-25,8122,43664,49766812,38641702
2022-03-26,8118,41719,49774930,38683421
2022-03-27,2428,9682,49777358,38693103
2022-03-28,6097,35230,49783455,38728333
2022-03-29,5773,32523,49789228,38760856
2022-03-30,5554,30192,49794782,38791048
2022-03-31,5884,33171,49800666,38824219
2022-04-01,4340,25184,49805006,38849403
2022-04-02,4486,23272,49809492,38872675
2022-04-03,1048,4499,49810540,38877174
2022-04-04,3650,21532,49814190,38898706
2022-04-05,3746,22923,49817936,38921629
2022-04-06,4096,21844,49822032,38943473
2022-04-07,3954,23318,49825986,38966791
2022-04-08,4682,26709,49830668,38993500
2022-04-09,4374,23882,49835042,39017382
2022-04-10,892,4614,49835934,39021996
2022-04-11,3801,22683,49839735,39044679
2022-04-12,3356,21776,49843091,39066455
2022-04-13,3557,21334,49846648,39087789
2022-04-14,3483,23775,49850131,39111564
2022-04-15,3076,20614,49853207,39132178
2022-04-16,2147,11922,49855354,39144100
2022-04-17,63,348,49855417,39144448
2022-04-18,148,650,49855565,39145098
2022-04-19,3484,21978,49859049,39167076
2022-04-20,3495,20249,49862544,39187325
2022-04-21,2838,19781,49865382,39207106
2022-04-22,2914,20695,49868296,39227801
2022-04-23,2636,16205,49870932,39244006
2022-04-24,509,2335,49871441,39246341
2022-04-25,183,1165,49871624,39247506
2022-04-26,2759,17793,49874383,39265299
2022-04-27,2364,15782,49876747,39281081
2022-04-28,2348,15534,49879095,39296615
2022-04-29,2290,14835,49881385,39311450
2022-04-30,2120,11576,49883505,39323026
2022-05-01,113,530,49883618,39323556
2022-05-02,1443,9382,49885061,39332938
2022-05-03,1571,10308,49886632,39343246
2022-05-04,1744,10256,49888376,39353502
2022-05-05,1647,10273,49890023,39363775
2022-05-06,1693,10944,49891716,39374719
2022-05-07,1431,8563,49893147,39383282
2022-05-08,404,1514,49893551,39384796
2022-05-09,1023,8915,49894574,39393711
2022-05-10,1418,9536,49895992,39403247
2022-05-11,1477,10087,49897469,39413334
2022-05-12,1366,10119,49898835,39423453
2022-05-13,1587,10509,49900422,39433962
2022-05-14,1355,8226,49901777,39442188
2022-05-15,336,1129,49902113,39443317
2022-05-16,809,8388,49902922,39451705
2022-05-17,1241,8667,49904163,39460372
2022-05-18,1368,9214,49905531,39469586
2022-05-19,1498,9267,49907029,39478853
2022-05-20,1419,9492,49908448,39488345
2022-05-21,1299,7892,49909747,39496237
2022-05-22,230,1012,49909977,39497249
2022-05-23,825,8260,49910802,39505509
2022-05-24,1070,8665,49911872,39514174
2022-05-25,1365,9444,49913237,39523618
2022-05-26,1192,9452,49914429,39533070
2022-05-27,1223,9909,49915652,39542979
2022-05-28,1202,7873,49916854,39550852
2022-05-29,285,1264,49917139,39552116
2022-05-30,929,8026,49918068,39560142
2022-05-31,1033,8529,49919101,39568671
2022-06-01,891,7644,49919992,39576315
2022-06-02,35,474,49920027,39576789
2022-06-03,813,7327,49920840,39584116
2022-06-04,869,5155,49921709,39589271
2022-06-05,89,586,49921798,39589857
2022-06-06,670,6964,49922468,39596821
2022-06-07,930,7841,49923398,39604662
2022-06-08,981,7897,49924379,39612559
2022-06-09,1034,8399,49925413,39620958
2022-06-10,954,8537,49926367,39629495
2022-06-11,899,6207,49927266,39635702
2022-06-12,140,767,49927406,39636469
2022-06-13,602,6295,49928008,39642764
2022-06-14,824,7880,49928832,39650644
2022-06-15,950,7845,49929782,39658489
2022-06-16,728,7383,49930510,39665872
2022-06-17,718,7238,49931228,39673110
2022-06-18,776,5588,49932004,39678698
2022-06-19,47,522,49932051,39679220
2022-06-20,587,6694,49932638,39685914
2022-06-21,731,7637,49933369,39693551
2022-06-22,780,7302,49934149,39700853
2022-06-23,648,7455,49934797,39708308
2022-06-24,643,7472,49935440,39715780
2022-06-25,835,6531,49936275,39722311
2022-06-26,128,523,49936403,39722834
2022-06-27,532,7117,49936935,39729951
2022-06-28,743,8208,49937678,39738159
2022-06-29,755,7718,49938433,39745877
2022-06-30,742,8131,49939175,39754008
2022-07-01,577,6436,49939752,39760444
2022-07-02,536,4765,49940288,39765209
2022-07-03,49,456,49940337,39765665
2022-07-04,470,6269,49940807,39771934
2022-07-05,622,8107,49941429,39780041
2022-07-06,625,7594,49942054,39787635
2022-07-07,562,8250,49942616,39795885
2022-07-08,670,8075,49943286,39803960
2022-07-09,548,6103,49943834,39810063
2022-07-10,58,533,49943892,39810596
2022-07-11,477,7627,49944369,39818223
2022-07-12,653,8981,49945022,39827204
2022-07-13,629,10065,49945651,39837269
2022-07-14,618,10219,49946269,39847488
2022-07-15,616,10648,49946885,39858136
2022-07-16,512,7207,49947397,39865343
2022-07-17,48,769,49947445,39866112
2022-07-18,495,9340,49947940,39875452
2022-07-19,560,10644,49948500,39886096
2022-07-20,563,11248,49949063,39897344
2022-07-21,620,12016,49949683,39909360
2022-07-22,571,11207,49950254,39920567
2022-07-23,377,6732,49950631,39927299
2022-07-24,75,834,49950706,39928133
2022-07-25,493,9019,49951199,39937152
2022-07-26,517,9713,49951716,39946865
2022-07-27,540,10134,49952256,39956999
2022-07-28,525,10448,49952781,39967447
2022-07-29,505,9392,49953286,39976839
2022-07-30,380,5848,49953666,39982687
2022-07-31,49,746,49953715,39983433
2022-08-01,383,6805,49954098,39990238
2022-08-02,534,7492,49954632,39997730
2022-08-03,495,7096,49955127,40004826
2022-08-04,448,7390,49955575,40012216
2022-08-05,410,6449,49955985,40018665
2022-08-06,297,3576,49956282,40022241
2022-08-07,44,547,49956326,40022788
2022-08-08,393,4846,49956719,40027634
2022-08-09,376,5233,49957095,40032867
2022-08-10,368,4749,49957463,40037616
2022-08-11,359,4724,49957822,40042340
2022-08-12,286,3669,49958108,40046009
2022-08-13,139,1593,49958247,40047602
2022-08-14,9,127,49958256,40047729
2022-08-15,1,24,49958257,40047753
2022-08-16,279,2991,49958536,40050744
2022-08-17,336,3437,49958872,40054181
2022-08-18,370,3921,49959242,40058102
2022-08-19,255,2017,49959497,40060119