data_somministrazione,vaccinazioni,booster,cum_vaccinazioni,cum_booster
2020-12-27,20,0,20,0
2020-12-28,2,0,22,0
2020-12-29,1,0,23,0
2020-12-30,9,0,32,0
2020-12-31,73,0,105,0
2021-01-01,24,0,129,0
2021-01-02,131,0,260,0
2021-01-03,94,0,354,0
2021-01-04,223,0,577,0
2021-01-05,259,0,836,0
2021-01-06,228,0,1064,0
2021-01-07,311,0,1375,0
2021-01-08,359,0,1734,0
2021-01-09,268,0,2002,0
2021-01-10,162,0,2164,0
2021-01-11,290,0,2454,0
2021-01-12,275,0,2729,0
2021-01-13,405,0,3134,0
2021-01-14,489,0,3623,0
2021-01-15,309,0,3932,0
2021-01-16,216,0,4148,0
2021-01-17,3060,0,7208,0
2021-01-18,5215,0,12423,0
2021-01-19,1893,0,14316,0
2021-01-20,4656,0,18972,0
2021-01-21,20007,0,38979,0
2021-01-22,14220,0,53199,0
2021-01-23,33329,0,86528,0
2021-01-24,30781,0,117309,0
2021-01-25,64719,0,182028,0
2021-01-26,76485,0,258513,0
2021-01-27,64824,0,323337,0
2021-01-28,89266,0,412603,0
2021-01-29,94013,0,506616,0
2021-01-30,86549,0,593165,0
2021-01-31,57327,0,650492,0
2021-02-01,81851,0,732343,0
2021-02-02,82139,0,814482,0
2021-02-03,91112,0,905594,0
2021-02-04,95394,0,1000988,0
2021-02-05,90269,0,1091257,0
2021-02-06,63448,0,1154705,0
2021-02-07,32933,0,1187638,0
2021-02-08,40425,0,1228063,0
2021-02-09,32872,0,1260935,0
2021-02-10,28431,0,1289366,0
2021-02-11,20402,0,1309768,0
2021-02-12,16241,0,1326009,0
2021-02-13,7274,0,1333283,0
2021-02-14,2862,0,1336145,0
2021-02-15,6844,0,1342989,0
2021-02-16,7002,0,1349991,0
2021-02-17,10525,0,1360516,0
2021-02-18,9252,0,1369768,0
2021-02-19,8251,0,1378019,0
2021-02-20,5571,0,1383590,0
2021-02-21,3007,0,1386597,0
2021-02-22,6885,0,1393482,0
2021-02-23,7180,0,1400662,0
2021-02-24,9808,0,1410470,0
2021-02-25,14210,0,1424680,0
2021-02-26,17558,0,1442238,0
2021-02-27,13915,0,1456153,0
2021-02-28,9390,0,1465543,0
2021-03-01,26517,0,1492060,0
2021-03-02,33245,0,1525305,0
2021-03-03,44646,0,1569951,0
2021-03-04,50293,0,1620244,0
2021-03-05,55732,0,1675976,0
2021-03-06,41873,0,1717849,0
2021-03-07,22323,0,1740172,0
2021-03-08,50828,0,1791000,0
2021-03-09,53079,0,1844079,0
2021-03-10,58659,0,1902738,0
2021-03-11,63872,0,1966610,0
2021-03-12,65115,0,2031725,0
2021-03-13,51727,0,2083452,0
2021-03-14,35406,0,2118858,0
2021-03-15,73449,0,2192307,0
2021-03-16,74026,0,2266333,0
2021-03-17,83134,0,2349467,0
2021-03-18,81629,0,2431096,0
2021-03-19,81084,0,2512180,0
2021-03-20,64728,0,2576908,0
2021-03-21,47307,0,2624215,0
2021-03-22,69490,0,2693705,0
2021-03-23,75807,0,2769512,0
2021-03-24,90916,0,2860428,0
2021-03-25,89816,0,2950244,0
2021-03-26,83635,0,3033879,0
2021-03-27,71946,0,3105825,0
2021-03-28,44155,0,3149980,0
2021-03-29,70835,0,3220815,0
2021-03-30,81393,0,3302208,0
2021-03-31,96247,0,3398455,0
2021-04-01,95314,0,3493769,0
2021-04-02,84079,0,3577848,0
2021-04-03,64306,0,3642154,0
2021-04-04,21718,0,3663872,0
2021-04-05,40317,0,3704189,0
2021-04-06,81325,0,3785514,0
2021-04-07,95362,0,3880876,0
2021-04-08,95247,0,3976123,0
2021-04-09,88494,0,4064617,0
2021-04-10,74031,0,4138648,0
2021-04-11,44765,0,4183413,0
2021-04-12,66919,0,4250332,0
2021-04-13,72582,0,4322914,0
2021-04-14,85547,0,4408461,0
2021-04-15,105414,0,4513875,0
2021-04-16,106422,0,4620297,0
2021-04-17,90521,0,4710818,0
2021-04-18,58595,0,4769413,0
2021-04-19,93433,0,4862846,0
2021-04-20,103774,0,4966620,0
2021-04-21,125344,0,5091964,0
2021-04-22,143521,0,5235485,0
2021-04-23,138747,0,5374232,0
2021-04-24,124448,0,5498680,0
2021-04-25,61457,0,5560137,0
2021-04-26,97897,0,5658034,0
2021-04-27,128365,0,5786399,0
2021-04-28,156379,0,5942778,0
2021-04-29,195601,0,6138379,0
2021-04-30,214593,0,6352972,0
2021-05-01,174127,0,6527099,0
2021-05-02,135808,0,6662907,0
2021-05-03,142051,0,6804958,0
2021-05-04,158694,0,6963652,0
2021-05-05,170517,0,7134169,0
2021-05-06,197815,0,7331984,0
2021-05-07,213852,0,7545836,0
2021-05-08,213428,0,7759264,0
2021-05-09,143207,0,7902471,0
2021-05-10,165089,0,8067560,0
2021-05-11,175000,0,8242560,0
2021-05-12,179198,0,8421758,0
2021-05-13,203400,0,8625158,0
2021-05-14,222931,0,8848089,0
2021-05-15,210375,0,9058464,0
2021-05-16,159281,0,9217745,0
2021-05-17,219209,0,9436954,0
2021-05-18,213025,0,9649979,0
2021-05-19,207098,0,9857077,0
2021-05-20,270876,0,10127953,0
2021-05-21,270905,0,10398858,0
2021-05-22,245531,0,10644389,0
2021-05-23,197184,0,10841573,0
2021-05-24,228311,0,11069884,0
2021-05-25,245699,0,11315583,0
2021-05-26,277511,0,11593094,0
2021-05-27,311092,0,11904186,0
2021-05-28,299579,0,12203765,0
2021-05-29,231235,0,12435000,0
2021-05-30,170844,0,12605844,0
2021-05-31,216430,0,12822274,0
2021-06-01,207640,0,13029914,0
2021-06-02,115806,0,13145720,0
2021-06-03,180162,0,13325882,0
2021-06-04,184895,0,13510777,0
2021-06-05,185975,0,13696752,0
2021-06-06,139563,0,13836315,0
2021-06-07,161883,0,13998198,0
2021-06-08,171250,0,14169448,0
2021-06-09,171501,0,14340949,0
2021-06-10,174123,0,14515072,0
2021-06-11,169999,0,14685071,0
2021-06-12,128346,0,14813417,0
2021-06-13,91206,0,14904623,0
2021-06-14,214696,0,15119319,0
2021-06-15,228434,0,15347753,0
2021-06-16,253089,0,15600842,0
2021-06-17,301749,0,15902591,0
2021-06-18,306318,0,16208909,0
2021-06-19,275105,0,16484014,0
2021-06-20,220800,0,16704814,0
2021-06-21,288080,0,16992894,0
2021-06-22,296236,0,17289130,0
2021-06-23,302694,0,17591824,0
2021-06-24,332612,0,17924436,0
2021-06-25,348719,0,18273155,0
2021-06-26,300133,0,18573288,0
2021-06-27,228680,0,18801968,0
2021-06-28,307123,0,19109091,0
2021-06-29,329313,0,19438404,0
2021-06-30,342182,0,19780586,0
2021-07-01,363232,0,20143818,0
2021-07-02,368488,0,20512306,0
2021-07-03,371100,0,20883406,0
2021-07-04,283225,0,21166631,0
2021-07-05,384553,0,21551184,0
2021-07-06,385483,0,21936667,0
2021-07-07,412122,0,22348789,0
2021-07-08,479598,0,22828387,0
2021-07-09,498481,0,23326868,0
2021-07-10,475178,0,23802046,0
2021-07-11,357699,0,24159745,0
2021-07-12,485897,0,24645642,0
2021-07-13,492100,0,25137742,0
2021-07-14,480453,0,25618195,0
2021-07-15,523446,0,26141641,0
2021-07-16,509766,0,26651407,0
2021-07-17,464337,0,27115744,0
2021-07-18,364646,0,27480390,0
2021-07-19,463052,0,27943442,0
2021-07-20,458064,0,28401506,0
2021-07-21,462796,0,28864302,0
2021-07-22,475390,0,29339692,0
2021-07-23,441328,0,29781020,0
2021-07-24,386158,0,30167178,0
2021-07-25,287564,0,30454742,0
2021-07-26,430893,0,30885635,0
2021-07-27,440131,0,31325766,0
2021-07-28,391024,0,31716790,0
2021-07-29,372082,0,32088872,0
2021-07-30,341517,0,32430389,0
2021-07-31,287038,0,32717427,0
2021-08-01,191000,0,32908427,0
2021-08-02,333703,0,33242130,0
2021-08-03,323197,0,33565327,0
2021-08-04,310982,0,33876309,0
2021-08-05,292496,0,34168805,0
2021-08-06,260019,0,34428824,0
2021-08-07,199055,0,34627879,0
2021-08-08,153107,0,34780986,0
2021-08-09,234079,0,35015065,0
2021-08-10,205262,0,35220327,0
2021-08-11,193781,0,35414108,0
2021-08-12,168041,0,35582149,0
2021-08-13,148647,0,35730796,0
2021-08-14,66096,0,35796892,0
2021-08-15,26339,0,35823231,0
2021-08-16,114707,0,35937938,0
2021-08-17,129256,0,36067194,0
2021-08-18,128756,0,36195950,0
2021-08-19,124831,0,36320781,0
2021-08-20,123793,0,36444574,0
2021-08-21,83131,0,36527705,0
2021-08-22,68175,0,36595880,0
2021-08-23,176869,0,36772749,0
2021-08-24,156895,0,36929644,0
2021-08-25,177172,0,37106816,0
2021-08-26,172367,0,37279183,0
2021-08-27,185836,0,37465019,0
2021-08-28,140283,0,37605302,0
2021-08-29,98992,0,37704294,0
2021-08-30,209599,0,37913893,0
2021-08-31,194641,0,38108534,0
2021-09-01,192206,0,38300740,0
2021-09-02,189935,0,38490675,0
2021-09-03,191294,0,38681969,0
2021-09-04,131458,0,38813427,0
2021-09-05,87856,0,38901283,0
2021-09-06,193621,0,39094904,0
2021-09-07,196033,0,39290937,0
2021-09-08,187878,0,39478815,0
2021-09-09,201440,0,39680255,0
2021-09-10,198073,0,39878328,0
2021-09-11,141298,0,40019626,0
2021-09-12,89596,0,40109222,0
2021-09-13,191119,616,40300341,616
2021-09-14,177223,626,40477564,1242
2021-09-15,163092,629,40640656,1871
2021-09-16,160066,972,40800722,2843
2021-09-17,150173,1146,40950895,3989
2021-09-18,127982,761,41078877,4750
2021-09-19,81139,503,41160016,5253
2021-09-20,180068,9112,41340084,14365
2021-09-21,166660,8849,41506744,23214
2021-09-22,159101,9452,41665845,32666
2021-09-23,138085,9346,41803930,42012
2021-09-24,140549,8992,41944479,51004
2021-09-25,119563,5659,42064042,56663
2021-09-26,71981,4355,42136023,61018
2021-09-27,135665,10069,42271688,71087
2021-09-28,117509,11414,42389197,82501
2021-09-29,112358,11845,42501555,94346
2021-09-30,110267,14974,42611822,109320
2021-10-01,94992,19127,42706814,128447
2021-10-02,78511,14036,42785325,142483
2021-10-03,47753,7666,42833078,150149
2021-10-04,88386,34471,42921464,184620
2021-10-05,80380,34006,43001844,218626
2021-10-06,71999,34192,43073843,252818
2021-10-07,71874,34365,43145717,287183
2021-10-08,80630,33616,43226347,320799
2021-10-09,76109,22189,43302456,342988
2021-10-10,45783,13625,43348239,356613
2021-10-11,87446,41122,43435685,397735
2021-10-12,84510,46923,43520195,444658
2021-10-13,88210,52143,43608405,496801
2021-10-14,91547,58543,43699952,555344
2021-10-15,93597,55661,43793549,611005
2021-10-16,82972,36812,43876521,647817
2021-10-17,51460,23850,43927981,671667
2021-10-18,90303,59504,44018284,731171
2021-10-19,78350,69397,44096634,800568
2021-10-20,75068,78197,44171702,878765
2021-10-21,78303,81788,44250005,960553
2021-10-22,73782,77060,44323787,1037613
2021-10-23,60831,51969,44384618,1089582
2021-10-24,33371,23474,44417989,1113056
2021-10-25,64905,81652,44482894,1194708
2021-10-26,58373,91823,44541267,1286531
2021-10-27,58326,104016,44599593,1390547
2021-10-28,61453,114144,44661046,1504691
2021-10-29,61637,103165,44722683,1607856
2021-10-30,50677,68133,44773360,1675989
2021-10-31,25162,28305,44798522,1704294
2021-11-01,19048,28157,44817570,1732451
2021-11-02,62743,89422,44880313,1821873
2021-11-03,60727,118687,44941040,1940560
2021-11-04,59244,126689,45000284,2067249
2021-11-05,63094,135212,45063378,2202461
2021-11-06,46483,90936,45109861,2293397
2021-11-07,22253,37901,45132114,2331298
2021-11-08,51527,131293,45183641,2462591
2021-11-09,45402,144228,45229043,2606819
2021-11-10,42590,156370,45271633,2763189
2021-11-11,44931,155160,45316564,2918349
2021-11-12,46315,158664,45362879,3077013
2021-11-13,33267,116667,45396146,3193680
2021-11-14,14492,52457,45410638,3246137
2021-11-15,36908,157440,45447546,3403577
2021-11-16,30562,171398,45478108,3574975
2021-11-17,28469,178453,45506577,3753428
2021-11-18,30289,193750,45536866,3947178
2021-11-19,28812,205877,45565678,4153055
2021-11-20,21004,156455,45586682,4309510
2021-11-21,10612,64866,45597294,4374376
2021-11-22,21949,213161,45619243,4587537
2021-11-23,23591,241776,45642834,4829313
2021-11-24,27794,271035,45670628,5100348
2021-11-25,23249,301932,45693877,5402280
2021-11-26,24589,318292,45718466,5720572
2021-11-27,21394,266171,45739860,5986743
2021-11-28,9904,137066,45749764,6123809
2021-11-29,22355,326074,45772119,6449883
2021-11-30,23110,365857,45795229,6815740
2021-12-01,21535,413516,45816764,7229256
2021-12-02,23778,440430,45840542,7669686
2021-12-03,25267,467507,45865809,8137193
2021-12-04,22384,418790,45888193,8555983
2021-12-05,11941,261358,45900134,8817341
2021-12-06,25834,457619,45925968,9274960
2021-12-07,24153,480295,45950121,9755255
2021-12-08,10023,249715,45960144,10004970
2021-12-09,31610,491952,45991754,10496922
2021-12-10,28089,517918,46019843,11014840
2021-12-11,23581,459270,46043424,11474110
2021-12-12,12314,293521,46055738,11767631
2021-12-13,26169,467643,46081907,12235274
2021-12-14,25194,494228,46107101,12729502
2021-12-15,25360,517182,46132461,13246684
2021-12-16,27913,520288,46160374,13766972
2021-12-17,29384,517203,46189758,14284175
2021-12-18,27084,468768,46216842,14752943
2021-12-19,15162,300539,46232004,15053482
2021-12-20,30657,477499,46262661,15530981
2021-12-21,30406,493418,46293067,16024399
2021-12-22,29473,484736,46322540,16509135
2021-12-23,28272,426934,46350812,16936069
2021-12-24,13123,210835,46363935,17146904
2021-12-25,2103,33053,46366038,17179957
2021-12-26,8770,159075,46374808,17339032
2021-12-27,46825,504683,46421633,17843715
2021-12-28,42492,554236,46464125,18397951
2021-12-29,34382,550665,46498507,18948616
2021-12-30,31870,499852,46530377,19448468
2021-12-31,14135,247405,46544512,19695873
2022-01-01,3499,64815,46548011,19760688
2022-01-02,22805,276720,46570816,20037408
2022-01-03,47904,520028,46618720,20557436
2022-01-04,46429,572100,46665149,21129536
2022-01-05,40801,560409,46705950,21689945
2022-01-06,23517,274490,46729467,21964435
2022-01-07,63756,554209,46793223,22518644
2022-01-08,60927,503406,46854150,23022050
2022-01-09,42916,319697,46897066,23341747
2022-01-10,61136,542315,46958202,23884062
2022-01-11,61793,587021,47019995,24471083
2022-01-12,58509,581298,47078504,25052381
2022-01-13,58670,580420,47137174,25632801
2022-01-14,46883,588599,47184057,26221400
2022-01-15,39487,569972,47223544,26791372
2022-01-16,31283,341885,47254827,27133257
2022-01-17,54824,489681,47309651,27622938
2022-01-18,58440,517043,47368091,28139981
2022-01-19,57241,502814,47425332,28642795
2022-01-20,54386,498845,47479718,29141640
2022-01-21,42140,493887,47521858,29635527
2022-01-22,31245,469608,47553103,30105135
2022-01-23,34957,275384,47588060,30380519
2022-01-24,56204,437238,47644264,30817757
2022-01-25,61580,452120,47705844,31269877
2022-01-26,58565,435840,47764409,31705717
2022-01-27,48869,432390,47813278,32138107
2022-01-28,58732,436551,47872010,32574658
2022-01-29,68156,412504,47940166,32987162
2022-01-30,50397,235979,47990563,33223141
2022-01-31,60663,356939,48051226,33580080
2022-02-01,65579,328458,48116805,33908538
2022-02-02,63224,296982,48180029,34205520
2022-02-03,60074,274525,48240103,34480045
2022-02-04,72393,268465,48312496,34748510
2022-02-05,83802,248540,48396298,34997050
2022-02-06,55299,116208,48451597,35113258
2022-02-07,65165,199940,48516762,35313198
2022-02-08,66935,186119,48583697,35499317
2022-02-09,58769,166336,48642466,35665653
2022-02-10,58591,163240,48701057,35828893
2022-02-11,62262,162467,48763319,35991360
2022-02-12,71992,152147,48835311,36143507
2022-02-13,41475,68853,48876786,36212360
2022-02-14,46702,116187,48923488,36328547
2022-02-15,48544,123479,48972032,36452026
2022-02-16,45681,106122,49017713,36558148
2022-02-17,42870,98113,49060583,36656261
2022-02-18,46627,112578,49107210,36768839
2022-02-19,52541,100337,49159751,36869176
2022-02-20,31410,40366,49191161,36909542
2022-02-21,37892,89654,49229053,36999196
2022-02-22,37224,83777,49266277,37082973
2022-02-23,33398,79408,49299675,37162381
2022-02-24,32556,78161,49332231,37240542
2022-02-25,34765,90710,49366996,37331252
2022-02-26,39158,89135,49406154,37420387
2022-02-27,22545,35857,49428699,37456244
2022-02-28,28481,81693,49457180,37537937
2022-03-01,22722,53942,49479902,37591879
2022-03-02,21956,50683,49501858,37642562
2022-03-03,22621,54946,49524479,37697508
2022-03-04,23236,62800,49547715,37760308
2022-03-05,23800,57951,49571515,37818259
2022-03-06,9471,17201,49580986,37835460
2022-03-07,15919,51390,49596905,37886850
2022-03-08,15477,48796,49612382,37935646
2022-03-09,13812,46519,49626194,37982165
2022-03-10,14051,52119,49640245,38034284
2022-03-11,15586,57266,49655831,38091550
2022-03-12,15506,56620,49671337,38148170
2022-03-13,5544,16851,49676881,38165021
2022-03-14,10526,46699,49687407,38211720
2022-03-15,10548,46894,49697955,38258614
2022-03-16,9482,41973,49707437,38300587
2022-03-17,9717,44873,49717154,38345460
2022-03-18,10158,49056,49727312,38394516
2022-03-19,9150,46533,49736462,38441049
2022-03-20,2609,11702,49739071,38452751
2022-03-21,7579,40222,49746650,38492973
2022-03-22,8448,37758,49755098,38530731
2022-03-23,7214,33700,49762312,38564431
2022-03-24,8258,38806,49770570,38603237
2022-03-25,8139,43667,49778709,38646904
2022-03-26,8126,41721,49786835,38688625
2022-03-27,2430,9682,49789265,38698307
2022-03-28,6109,35238,49795374,38733545
2022-03-29,5777,32529,49801151,38766074
2022-03-30,5565,30205,49806716,38796279
2022-03-31,5897,33179,49812613,38829458
2022-04-01,4348,25189,49816961,38854647
2022-04-02,4495,23274,49821456,38877921
2022-04-03,1049,4500,49822505,38882421
2022-04-04,3657,21544,49826162,38903965
2022-04-05,3756,22931,49829918,38926896
2022-04-06,4103,21853,49834021,38948749
2022-04-07,3965,23320,49837986,38972069
2022-04-08,4692,26712,49842678,38998781
2022-04-09,4382,23886,49847060,39022667
2022-04-10,892,4613,49847952,39027280
2022-04-11,3816,22686,49851768,39049966
2022-04-12,3364,21777,49855132,39071743
2022-04-13,3567,21335,49858699,39093078
2022-04-14,3485,23786,49862184,39116864
2022-04-15,3084,20617,49865268,39137481
2022-04-16,2149,11918,49867417,39149399
2022-04-17,63,348,49867480,39149747
2022-04-18,152,650,49867632,39150397
2022-04-19,3499,21979,49871131,39172376
2022-04-20,3511,20251,49874642,39192627
2022-04-21,2847,19787,49877489,39212414
2022-04-22,2927,20703,49880416,39233117
2022-04-23,2645,16219,49883061,39249336
2022-04-24,509,2334,49883570,39251670
2022-04-25,183,1165,49883753,39252835
2022-04-26,2759,17807,49886512,39270642
2022-04-27,2374,15793,49888886,39286435
2022-04-28,2359,15558,49891245,39301993
2022-04-29,2294,14846,49893539,39316839
2022-04-30,2122,11581,49895661,39328420
2022-05-01,113,531,49895774,39328951
2022-05-02,1450,9391,49897224,39338342
2022-05-03,1576,10318,49898800,39348660
2022-05-04,1745,10268,49900545,39358928
2022-05-05,1653,10285,49902198,39369213
2022-05-06,1701,10957,49903899,39380170
2022-05-07,1431,8568,49905330,39388738
2022-05-08,416,1520,49905746,39390258
2022-05-09,1027,8928,49906773,39399186
2022-05-10,1424,9546,49908197,39408732
2022-05-11,1483,10098,49909680,39418830
2022-05-12,1369,10131,49911049,39428961
2022-05-13,1594,10518,49912643,39439479
2022-05-14,1357,8235,49914000,39447714
2022-05-15,336,1131,49914336,39448845
2022-05-16,813,8405,49915149,39457250
2022-05-17,1243,8696,49916392,39465946
2022-05-18,1372,9234,49917764,39475180
2022-05-19,1500,9277,49919264,39484457
2022-05-20,1421,9515,49920685,39493972
2022-05-21,1301,7899,49921986,39501871
2022-05-22,231,1013,49922217,39502884
2022-05-23,830,8267,49923047,39511151
2022-05-24,1073,8672,49924120,39519823
2022-05-25,1370,9460,49925490,39529283
2022-05-26,1195,9475,49926685,39538758
2022-05-27,1232,9914,49927917,39548672
2022-05-28,1205,7886,49929122,39556558
2022-05-29,288,1264,49929410,39557822
2022-05-30,931,8055,49930341,39565877
2022-05-31,1036,8547,49931377,39574424
2022-06-01,891,7655,49932268,39582079
2022-06-02,35,474,49932303,39582553
2022-06-03,818,7333,49933121,39589886
2022-06-04,870,5161,49933991,39595047
2022-06-05,89,586,49934080,39595633
2022-06-06,678,6992,49934758,39602625
2022-06-07,952,7849,49935710,39610474
2022-06-08,981,7908,49936691,39618382
2022-06-09,1037,8414,49937728,39626796
2022-06-10,958,8564,49938686,39635360
2022-06-11,903,6207,49939589,39641567
2022-06-12,140,768,49939729,39642335
2022-06-13,602,6301,49940331,39648636
2022-06-14,830,7896,49941161,39656532
2022-06-15,955,7852,49942116,39664384
2022-06-16,730,7392,49942846,39671776
2022-06-17,723,7243,49943569,39679019
2022-06-18,777,5593,49944346,39684612
2022-06-19,47,522,49944393,39685134
2022-06-20,587,6699,49944980,39691833
2022-06-21,736,7665,49945716,39699498
2022-06-22,781,7308,49946497,39706806
2022-06-23,651,7467,49947148,39714273
2022-06-24,644,7474,49947792,39721747
2022-06-25,835,6534,49948627,39728281
2022-06-26,128,523,49948755,39728804
2022-06-27,533,7123,49949288,39735927
2022-06-28,745,8207,49950033,39744134
2022-06-29,756,7730,49950789,39751864
2022-06-30,745,8144,49951534,39760008
2022-07-01,577,6443,49952111,39766451
2022-07-02,536,4769,49952647,39771220
2022-07-03,49,456,49952696,39771676
2022-07-04,469,6277,49953165,39777953
2022-07-05,629,8118,49953794,39786071
2022-07-06,633,7610,49954427,39793681
2022-07-07,572,8270,49954999,39801951
2022-07-08,673,8082,49955672,39810033
2022-07-09,550,6104,49956222,39816137
2022-07-10,58,533,49956280,39816670
2022-07-11,487,7638,49956767,39824308
2022-07-12,667,9028,49957434,39833336
2022-07-13,641,10067,49958075,39843403
2022-07-14,635,10224,49958710,39853627
2022-07-15,625,10668,49959335,39864295
2022-07-16,522,7214,49959857,39871509
2022-07-17,48,770,49959905,39872279
2022-07-18,497,9369,49960402,39881648
2022-07-19,574,10682,49960976,39892330
2022-07-20,580,11272,49961556,39903602
2022-07-21,627,12085,49962183,39915687
2022-07-22,583,11257,49962766,39926944
2022-07-23,380,6772,49963146,39933716
2022-07-24,76,857,49963222,39934573
2022-07-25,503,9052,49963725,39943625
2022-07-26,519,9759,49964244,39953384
2022-07-27,552,10199,49964796,39963583
2022-07-28,530,10530,49965326,39974113
2022-07-29,511,9464,49965837,39983577
2022-07-30,382,5881,49966219,39989458
2022-07-31,49,764,49966268,39990222
2022-08-01,386,6864,49966654,39997086
2022-08-02,540,7584,49967194,40004670
2022-08-03,512,7175,49967706,40011845
2022-08-04,455,7488,49968161,40019333
2022-08-05,420,6524,49968581,40025857
2022-08-06,299,3612,49968880,40029469
2022-08-07,44,562,49968924,40030031
2022-08-08,402,4893,49969326,40034924
2022-08-09,382,5307,49969708,40040231
2022-08-10,381,4815,49970089,40045046
2022-08-11,366,4778,49970455,40049824
2022-08-12,292,3721,49970747,40053545
2022-08-13,143,1600,49970890,40055145
2022-08-14,9,129,49970899,40055274
2022-08-15,1,26,49970900,40055300
2022-08-16,283,3043,49971183,40058343
2022-08-17,352,3536,49971535,40061879
2022-08-18,390,4160,49971925,40066039
2022-08-19,341,3318,49972266,40069357
2022-08-20,183,1715,49972449,40071072
2022-08-21,24,149,49972473,40071221
2022-08-22,329,2951,49972802,40074172
2022-08-23,370,3674,49973172,40077846
2022-08-24,383,3359,49973555,40081205
2022-08-25,421,3772,49973976,40084977
2022-08-26,398,3571,49974374,40088548
2022-08-27,237,1769,49974611,40090317
2022-08-28,29,267,49974640,40090584
2022-08-29,354,3161,49974994,40093745
2022-08-30,402,3670,49975396,40097415
2022-08-31,437,3734,49975833,40101149
2022-09-01,352,3117,49976185,40104266
2022-09-02,296,2890,49976481,40107156
2022-09-03,200,1688,49976681,40108844
2022-09-04,23,149,49976704,40108993
2022-09-05,186,2655,49976890,40111648
2022-09-06,303,2988,49977193,40114636
2022-09-07,540,2936,49977733,40117572
2022-09-08,291,2960,49978024,40120532
2022-09-09,305,2884,49978329,40123416
2022-09-10,227,1326,49978556,40124742
2022-09-11,21,124,49978577,40124866
2022-09-12,267,2263,49978844,40127129
2022-09-13,252,2274,49979096,40129403
2022-09-14,265,2564,49979361,40131967
2022-09-15,280,2493,49979641,40134460
2022-09-16,253,2544,49979894,40137004
2022-09-17,239,1339,49980133,40138343
2022-09-18,20,170,49980153,40138513
2022-09-19,205,1969,49980358,40140482
2022-09-20,236,2384,49980594,40142866
2022-09-21,289,2526,49980883,40145392
2022-09-22,263,2649,49981146,40148041
2022-09-23,258,2536,49981404,40150577
2022-09-24,193,1427,49981597,40152004
2022-09-25,29,133,49981626,40152137
2022-09-26,280,2247,49981906,40154384
2022-09-27,286,2671,49982192,40157055
2022-09-28,309,2889,49982501,40159944
2022-09-29,256,3045,49982757,40162989
2022-09-30,290,2973,49983047,40165962
2022-10-01,194,1513,49983241,40167475
2022-10-02,12,187,49983253,40167662
2022-10-03,182,2473,49983435,40170135
2022-10-04,236,2857,49983671,40172992
2022-10-05,226,3217,49983897,40176209
2022-10-06,241,3839,49984138,40180048
2022-10-07,282,4159,49984420,40184207
2022-10-08,201,2235,49984621,40186442
2022-10-09,8,304,49984629,40186746
2022-10-10,206,3336,49984835,40190082
2022-10-11,191,4349,49985026,40194431
2022-10-12,208,4412,49985234,40198843
2022-10-13,200,5293,49985434,40204136
2022-10-14,229,5016,49985663,40209152
2022-10-15,188,2667,49985851,40211819
2022-10-16,6,360,49985857,40212179
2022-10-17,186,3860,49986043,40216039
2022-10-18,256,4948,49986299,40220987
2022-10-19,237,5454,49986536,40226441
2022-10-20,221,5974,49986757,40232415
2022-10-21,250,5443,49987007,40237858
2022-10-22,194,2907,49987201,40240765
2022-10-23,13,356,49987214,40241121
2022-10-24,170,3906,49987384,40245027
2022-10-25,250,4898,49987634,40249925
2022-10-26,309,5435,49987943,40255360
2022-10-27,239,5603,49988182,40260963
2022-10-28,199,5157,49988381,40266120
2022-10-29,127,2830,49988508,40268950
2022-10-30,3,326,49988511,40269276
2022-10-31,115,3016,49988626,40272292
2022-11-01,10,327,49988636,40272619
2022-11-02,142,3603,49988778,40276222
2022-11-03,167,4701,49988945,40280923
2022-11-04,215,4456,49989160,40285379
2022-11-05,142,2560,49989302,40287939
2022-11-06,10,254,49989312,40288193
2022-11-07,157,3079,49989469,40291272
2022-11-08,222,3906,49989691,40295178
2022-11-09,108,1908,49989799,40297086