data_somministrazione,vaccinazioni,booster,cum_vaccinazioni,cum_booster
2020-12-27,19,0,19,0
2020-12-28,2,0,21,0
2020-12-29,1,0,22,0
2020-12-30,6,0,28,0
2020-12-31,66,0,94,0
2021-01-01,22,0,116,0
2021-01-02,104,0,220,0
2021-01-03,75,0,295,0
2021-01-04,199,0,494,0
2021-01-05,233,0,727,0
2021-01-06,191,0,918,0
2021-01-07,283,0,1201,0
2021-01-08,330,0,1531,0
2021-01-09,240,0,1771,0
2021-01-10,144,0,1915,0
2021-01-11,265,0,2180,0
2021-01-12,265,0,2445,0
2021-01-13,384,0,2829,0
2021-01-14,471,0,3300,0
2021-01-15,292,0,3592,0
2021-01-16,203,0,3795,0
2021-01-17,3057,0,6852,0
2021-01-18,5209,0,12061,0
2021-01-19,1890,0,13951,0
2021-01-20,4653,0,18604,0
2021-01-21,19999,0,38603,0
2021-01-22,14200,0,52803,0
2021-01-23,33332,0,86135,0
2021-01-24,30791,0,116926,0
2021-01-25,64732,0,181658,0
2021-01-26,76501,0,258159,0
2021-01-27,64844,0,323003,0
2021-01-28,89301,0,412304,0
2021-01-29,94030,0,506334,0
2021-01-30,86575,0,592909,0
2021-01-31,57339,0,650248,0
2021-02-01,81876,0,732124,0
2021-02-02,82144,0,814268,0
2021-02-03,91196,0,905464,0
2021-02-04,95404,0,1000868,0
2021-02-05,90281,0,1091149,0
2021-02-06,63450,0,1154599,0
2021-02-07,32927,0,1187526,0
2021-02-08,40430,0,1227956,0
2021-02-09,32864,0,1260820,0
2021-02-10,28421,0,1289241,0
2021-02-11,20390,0,1309631,0
2021-02-12,16227,0,1325858,0
2021-02-13,7251,0,1333109,0
2021-02-14,2861,0,1335970,0
2021-02-15,6837,0,1342807,0
2021-02-16,6993,0,1349800,0
2021-02-17,10519,0,1360319,0
2021-02-18,9246,0,1369565,0
2021-02-19,8239,0,1377804,0
2021-02-20,5541,0,1383345,0
2021-02-21,2986,0,1386331,0
2021-02-22,6881,0,1393212,0
2021-02-23,7161,0,1400373,0
2021-02-24,9824,0,1410197,0
2021-02-25,14201,0,1424398,0
2021-02-26,17551,0,1441949,0
2021-02-27,13901,0,1455850,0
2021-02-28,9387,0,1465237,0
2021-03-01,26508,0,1491745,0
2021-03-02,33239,0,1524984,0
2021-03-03,44645,0,1569629,0
2021-03-04,50289,0,1619918,0
2021-03-05,55734,0,1675652,0
2021-03-06,41878,0,1717530,0
2021-03-07,22323,0,1739853,0
2021-03-08,50795,0,1790648,0
2021-03-09,53058,0,1843706,0
2021-03-10,58626,0,1902332,0
2021-03-11,63839,0,1966171,0
2021-03-12,65098,0,2031269,0
2021-03-13,51707,0,2082976,0
2021-03-14,35384,0,2118360,0
2021-03-15,73424,0,2191784,0
2021-03-16,74022,0,2265806,0
2021-03-17,83130,0,2348936,0
2021-03-18,81622,0,2430558,0
2021-03-19,81080,0,2511638,0
2021-03-20,64708,0,2576346,0
2021-03-21,47287,0,2623633,0
2021-03-22,69472,0,2693105,0
2021-03-23,75777,0,2768882,0
2021-03-24,90887,0,2859769,0
2021-03-25,89785,0,2949554,0
2021-03-26,83601,0,3033155,0
2021-03-27,71917,0,3105072,0
2021-03-28,44128,0,3149200,0
2021-03-29,70807,0,3220007,0
2021-03-30,81359,0,3301366,0
2021-03-31,96220,0,3397586,0
2021-04-01,95292,0,3492878,0
2021-04-02,84065,0,3576943,0
2021-04-03,64296,0,3641239,0
2021-04-04,21717,0,3662956,0
2021-04-05,40297,0,3703253,0
2021-04-06,81299,0,3784552,0
2021-04-07,95805,0,3880357,0
2021-04-08,95229,0,3975586,0
2021-04-09,88480,0,4064066,0
2021-04-10,74025,0,4138091,0
2021-04-11,44752,0,4182843,0
2021-04-12,66909,0,4249752,0
2021-04-13,72562,0,4322314,0
2021-04-14,85518,0,4407832,0
2021-04-15,105400,0,4513232,0
2021-04-16,106409,0,4619641,0
2021-04-17,90490,0,4710131,0
2021-04-18,58584,0,4768715,0
2021-04-19,93424,0,4862139,0
2021-04-20,103763,0,4965902,0
2021-04-21,125329,0,5091231,0
2021-04-22,143502,0,5234733,0
2021-04-23,138718,0,5373451,0
2021-04-24,124435,0,5497886,0
2021-04-25,61452,0,5559338,0
2021-04-26,97874,0,5657212,0
2021-04-27,128349,0,5785561,0
2021-04-28,156349,0,5941910,0
2021-04-29,195578,0,6137488,0
2021-04-30,214559,0,6352047,0
2021-05-01,174090,0,6526137,0
2021-05-02,135790,0,6661927,0
2021-05-03,142002,0,6803929,0
2021-05-04,158675,0,6962604,0
2021-05-05,170473,0,7133077,0
2021-05-06,197789,0,7330866,0
2021-05-07,213803,0,7544669,0
2021-05-08,213383,0,7758052,0
2021-05-09,143191,0,7901243,0
2021-05-10,165081,0,8066324,0
2021-05-11,174957,0,8241281,0
2021-05-12,179149,0,8420430,0
2021-05-13,203357,0,8623787,0
2021-05-14,222893,0,8846680,0
2021-05-15,210336,0,9057016,0
2021-05-16,159263,0,9216279,0
2021-05-17,219179,0,9435458,0
2021-05-18,212999,0,9648457,0
2021-05-19,207067,0,9855524,0
2021-05-20,270834,0,10126358,0
2021-05-21,270863,0,10397221,0
2021-05-22,245517,0,10642738,0
2021-05-23,197175,0,10839913,0
2021-05-24,228289,0,11068202,0
2021-05-25,245685,0,11313887,0
2021-05-26,277475,0,11591362,0
2021-05-27,311079,0,11902441,0
2021-05-28,299559,0,12202000,0
2021-05-29,231192,0,12433192,0
2021-05-30,170824,0,12604016,0
2021-05-31,216408,0,12820424,0
2021-06-01,207629,0,13028053,0
2021-06-02,115768,0,13143821,0
2021-06-03,180106,0,13323927,0
2021-06-04,184850,0,13508777,0
2021-06-05,185928,0,13694705,0
2021-06-06,139510,0,13834215,0
2021-06-07,161838,0,13996053,0
2021-06-08,171163,0,14167216,0
2021-06-09,171429,0,14338645,0
2021-06-10,174040,0,14512685,0
2021-06-11,169934,0,14682619,0
2021-06-12,128304,0,14810923,0
2021-06-13,91137,0,14902060,0
2021-06-14,214639,0,15116699,0
2021-06-15,228384,0,15345083,0
2021-06-16,253034,0,15598117,0
2021-06-17,301695,0,15899812,0
2021-06-18,306256,0,16206068,0
2021-06-19,275052,0,16481120,0
2021-06-20,220730,0,16701850,0
2021-06-21,288034,0,16989884,0
2021-06-22,296176,0,17286060,0
2021-06-23,302661,0,17588721,0
2021-06-24,332551,0,17921272,0
2021-06-25,348689,0,18269961,0
2021-06-26,300082,0,18570043,0
2021-06-27,228613,0,18798656,0
2021-06-28,307036,0,19105692,0
2021-06-29,329241,0,19434933,0
2021-06-30,342107,0,19777040,0
2021-07-01,363156,0,20140196,0
2021-07-02,368429,0,20508625,0
2021-07-03,371067,0,20879692,0
2021-07-04,283191,0,21162883,0
2021-07-05,384497,0,21547380,0
2021-07-06,385428,0,21932808,0
2021-07-07,412066,0,22344874,0
2021-07-08,479625,0,22824499,0
2021-07-09,498483,0,23322982,0
2021-07-10,475180,0,23798162,0
2021-07-11,357706,0,24155868,0
2021-07-12,485908,0,24641776,0
2021-07-13,492143,0,25133919,0
2021-07-14,480480,0,25614399,0
2021-07-15,523490,0,26137889,0
2021-07-16,509788,0,26647677,0
2021-07-17,464369,0,27112046,0
2021-07-18,364702,0,27476748,0
2021-07-19,463072,0,27939820,0
2021-07-20,458089,0,28397909,0
2021-07-21,462821,0,28860730,0
2021-07-22,475400,0,29336130,0
2021-07-23,441311,0,29777441,0
2021-07-24,386193,0,30163634,0
2021-07-25,287599,0,30451233,0
2021-07-26,430894,0,30882127,0
2021-07-27,440131,0,31322258,0
2021-07-28,391016,0,31713274,0
2021-07-29,372085,0,32085359,0
2021-07-30,341517,0,32426876,0
2021-07-31,287017,0,32713893,0
2021-08-01,191023,0,32904916,0
2021-08-02,333728,0,33238644,0
2021-08-03,323185,0,33561829,0
2021-08-04,310977,0,33872806,0
2021-08-05,292511,0,34165317,0
2021-08-06,260009,0,34425326,0
2021-08-07,199050,0,34624376,0
2021-08-08,153109,0,34777485,0
2021-08-09,234082,0,35011567,0
2021-08-10,205250,0,35216817,0
2021-08-11,193760,0,35410577,0
2021-08-12,167977,0,35578554,0
2021-08-13,148600,0,35727154,0
2021-08-14,66087,0,35793241,0
2021-08-15,26334,0,35819575,0
2021-08-16,114675,0,35934250,0
2021-08-17,129238,0,36063488,0
2021-08-18,128736,0,36192224,0
2021-08-19,124787,0,36317011,0
2021-08-20,123793,0,36440804,0
2021-08-21,83116,0,36523920,0
2021-08-22,68163,0,36592083,0
2021-08-23,176870,0,36768953,0
2021-08-24,156909,0,36925862,0
2021-08-25,177170,0,37103032,0
2021-08-26,172352,0,37275384,0
2021-08-27,185841,0,37461225,0
2021-08-28,140270,0,37601495,0
2021-08-29,99002,0,37700497,0
2021-08-30,209635,0,37910132,0
2021-08-31,194631,0,38104763,0
2021-09-01,192214,0,38296977,0
2021-09-02,189942,0,38486919,0
2021-09-03,191341,0,38678260,0
2021-09-04,131482,0,38809742,0
2021-09-05,87868,0,38897610,0
2021-09-06,193661,0,39091271,0
2021-09-07,196064,0,39287335,0
2021-09-08,187909,0,39475244,0
2021-09-09,201474,0,39676718,0
2021-09-10,198110,0,39874828,0
2021-09-11,141329,0,40016157,0
2021-09-12,89602,0,40105759,0
2021-09-13,191166,550,40296925,550
2021-09-14,177265,573,40474190,1123
2021-09-15,163128,575,40637318,1698
2021-09-16,160103,918,40797421,2616
2021-09-17,150176,1111,40947597,3727
2021-09-18,127982,731,41075579,4458
2021-09-19,81130,491,41156709,4949
2021-09-20,180080,9070,41336789,14019
2021-09-21,166634,8828,41503423,22847
2021-09-22,159082,9429,41662505,32276
2021-09-23,138083,9319,41800588,41595
2021-09-24,140543,8948,41941131,50543
2021-09-25,119554,5633,42060685,56176
2021-09-26,71955,4338,42132640,60514
2021-09-27,135637,10043,42268277,70557
2021-09-28,117491,11381,42385768,81938
2021-09-29,112333,11823,42498101,93761
2021-09-30,110229,14944,42608330,108705
2021-10-01,94974,19104,42703304,127809
2021-10-02,78485,14011,42781789,141820
2021-10-03,47736,7656,42829525,149476
2021-10-04,88376,34442,42917901,183918
2021-10-05,80367,33968,42998268,217886
2021-10-06,71982,34156,43070250,252042
2021-10-07,71853,34344,43142103,286386
2021-10-08,80627,33588,43222730,319974
2021-10-09,76104,22168,43298834,342142
2021-10-10,45774,13614,43344608,355756
2021-10-11,87416,41101,43432024,396857
2021-10-12,84492,46894,43516516,443751
2021-10-13,88188,52111,43604704,495862
2021-10-14,91530,58503,43696234,554365
2021-10-15,93589,55623,43789823,609988
2021-10-16,82964,36779,43872787,646767
2021-10-17,51463,23825,43924250,670592
2021-10-18,90292,59481,44014542,730073
2021-10-19,78347,69369,44092889,799442
2021-10-20,75076,78161,44167965,877603
2021-10-21,78300,81749,44246265,959352
2021-10-22,73793,77017,44320058,1036369
2021-10-23,60816,51951,44380874,1088320
2021-10-24,33378,23452,44414252,1111772
2021-10-25,64905,81622,44479157,1193394
2021-10-26,58375,91774,44537532,1285168
2021-10-27,58334,103964,44595866,1389132
2021-10-28,61469,114097,44657335,1503229
2021-10-29,61662,103109,44718997,1606338
2021-10-30,50671,68113,44769668,1674451
2021-10-31,25164,28288,44794832,1702739
2021-11-01,19046,28148,44813878,1730887
2021-11-02,62767,89370,44876645,1820257
2021-11-03,60739,118656,44937384,1938913
2021-11-04,59245,126659,44996629,2065572
2021-11-05,63096,135168,45059725,2200740
2021-11-06,46474,90922,45106199,2291662
2021-11-07,22254,37893,45128453,2329555
2021-11-08,51531,131259,45179984,2460814
2021-11-09,45404,144194,45225388,2605008
2021-11-10,42580,156345,45267968,2761353
2021-11-11,44936,155136,45312904,2916489
2021-11-12,46374,158571,45359278,3075060
2021-11-13,33252,116647,45392530,3191707
2021-11-14,14480,52446,45407010,3244153
2021-11-15,36895,157423,45443905,3401576
2021-11-16,30545,171376,45474450,3572952
2021-11-17,28449,178435,45502899,3751387
2021-11-18,30281,193712,45533180,3945099
2021-11-19,28801,205849,45561981,4150948
2021-11-20,20993,156434,45582974,4307382
2021-11-21,10611,64855,45593585,4372237
2021-11-22,21936,213139,45615521,4585376
2021-11-23,23563,241741,45639084,4827117
2021-11-24,27837,270944,45666921,5098061
2021-11-25,23233,301897,45690154,5399958
2021-11-26,24579,318263,45714733,5718221
2021-11-27,21378,266151,45736111,5984372
2021-11-28,9896,137054,45746007,6121426
2021-11-29,22319,326061,45768326,6447487
2021-11-30,23080,365821,45791406,6813308
2021-12-01,21514,413500,45812920,7226808
2021-12-02,23754,440378,45836674,7667186
2021-12-03,25238,467453,45861912,8134639
2021-12-04,22355,418727,45884267,8553366
2021-12-05,11910,261329,45896177,8814695
2021-12-06,25809,457562,45921986,9272257
2021-12-07,24118,480249,45946104,9752506
2021-12-08,10001,249678,45956105,10002184
2021-12-09,31569,491915,45987674,10494099
2021-12-10,28060,517863,46015734,11011962
2021-12-11,23549,459241,46039283,11471203
2021-12-12,12301,293495,46051584,11764698
2021-12-13,26138,467619,46077722,12232317
2021-12-14,25160,494188,46102882,12726505
2021-12-15,25312,517129,46128194,13243634
2021-12-16,27868,520239,46156062,13763873
2021-12-17,29353,517160,46185415,14281033
2021-12-18,27029,468712,46212444,14749745
2021-12-19,15133,300513,46227577,15050258
2021-12-20,30614,477472,46258191,15527730
2021-12-21,30356,493378,46288547,16021108
2021-12-22,29434,484698,46317981,16505806
2021-12-23,28227,426896,46346208,16932702
2021-12-24,13110,210820,46359318,17143522
2021-12-25,2101,33052,46361419,17176574
2021-12-26,8755,159064,46370174,17335638
2021-12-27,46761,504652,46416935,17840290
2021-12-28,42426,554205,46459361,18394495
2021-12-29,34323,550626,46493684,18945121
2021-12-30,31804,499818,46525488,19444939
2021-12-31,14105,247394,46539593,19692333
2022-01-01,3493,64813,46543086,19757146
2022-01-02,22742,276717,46565828,20033863
2022-01-03,47811,520006,46613639,20553869
2022-01-04,46308,572074,46659947,21125943
2022-01-05,40692,560382,46700639,21686325
2022-01-06,23456,274477,46724095,21960802
2022-01-07,63637,554178,46787732,22514980
2022-01-08,60786,503377,46848518,23018357
2022-01-09,42779,319686,46891297,23338043
2022-01-10,61016,542277,46952313,23880320
2022-01-11,61653,586981,47013966,24467301
2022-01-12,58378,581273,47072344,25048574
2022-01-13,58547,580374,47130891,25628948
2022-01-14,46715,588561,47177606,26217509
2022-01-15,39301,569936,47216907,26787445
2022-01-16,31134,341849,47248041,27129294
2022-01-17,54726,489644,47302767,27618938
2022-01-18,58330,517011,47361097,28135949
2022-01-19,57143,502783,47418240,28638732
2022-01-20,54288,498809,47472528,29137541
2022-01-21,42020,493867,47514548,29631408
2022-01-22,31106,469592,47545654,30101000
2022-01-23,34895,275366,47580549,30376366
2022-01-24,56137,437210,47636686,30813576
2022-01-25,61516,452086,47698202,31265662
2022-01-26,58498,435817,47756700,31701479
2022-01-27,48796,432353,47805496,32133832
2022-01-28,58647,436528,47864143,32570360
2022-01-29,68066,412480,47932209,32982840
2022-01-30,50348,235966,47982557,33218806
2022-01-31,60584,356921,48043141,33575727
2022-02-01,65506,328431,48108647,33904158
2022-02-02,63148,296966,48171795,34201124
2022-02-03,60016,274513,48231811,34475637
2022-02-04,72340,268448,48304151,34744085
2022-02-05,83723,248526,48387874,34992611
2022-02-06,55267,116194,48443141,35108805
2022-02-07,65116,199930,48508257,35308735
2022-02-08,66905,186102,48575162,35494837
2022-02-09,58732,166331,48633894,35661168
2022-02-10,58533,163231,48692427,35824399
2022-02-11,62220,162452,48754647,35986851
2022-02-12,71949,152136,48826596,36138987
2022-02-13,41462,68849,48868058,36207836
2022-02-14,46661,116184,48914719,36324020
2022-02-15,48510,123476,48963229,36447496
2022-02-16,45662,106111,49008891,36553607
2022-02-17,42853,98100,49051744,36651707
2022-02-18,46597,112569,49098341,36764276
2022-02-19,52518,100327,49150859,36864603
2022-02-20,31410,40360,49182269,36904963
2022-02-21,37886,89643,49220155,36994606
2022-02-22,37210,83769,49257365,37078375
2022-02-23,33375,79404,49290740,37157779
2022-02-24,32546,78160,49323286,37235939
2022-02-25,34747,90705,49358033,37326644
2022-02-26,39145,89132,49397178,37415776
2022-02-27,22540,35855,49419718,37451631
2022-02-28,28466,81691,49448184,37533322
2022-03-01,22701,53936,49470885,37587258
2022-03-02,21988,50627,49492873,37637885
2022-03-03,22601,54941,49515474,37692826
2022-03-04,23213,62792,49538687,37755618
2022-03-05,23784,57950,49562471,37813568
2022-03-06,9471,17200,49571942,37830768
2022-03-07,15898,51390,49587840,37882158
2022-03-08,15454,48795,49603294,37930953
2022-03-09,13802,46514,49617096,37977467
2022-03-10,14031,52115,49631127,38029582
2022-03-11,15567,57251,49646694,38086833
2022-03-12,15492,56614,49662186,38143447
2022-03-13,5542,16849,49667728,38160296
2022-03-14,10518,46691,49678246,38206987
2022-03-15,10536,46892,49688782,38253879
2022-03-16,9472,41978,49698254,38295857
2022-03-17,9699,44874,49707953,38340731
2022-03-18,10150,49051,49718103,38389782
2022-03-19,9145,46532,49727248,38436314
2022-03-20,2607,11699,49729855,38448013
2022-03-21,7573,40223,49737428,38488236
2022-03-22,8441,37748,49745869,38525984
2022-03-23,7205,33695,49753074,38559679
2022-03-24,8247,38795,49761321,38598474
2022-03-25,8129,43665,49769450,38642139
2022-03-26,8120,41723,49777570,38683862
2022-03-27,2428,9683,49779998,38693545
2022-03-28,6099,35230,49786097,38728775
2022-03-29,5773,32523,49791870,38761298
2022-03-30,5556,30193,49797426,38791491
2022-03-31,5884,33175,49803310,38824666
2022-04-01,4341,25187,49807651,38849853
2022-04-02,4489,23272,49812140,38873125
2022-04-03,1048,4499,49813188,38877624
2022-04-04,3655,21530,49816843,38899154
2022-04-05,3747,22925,49820590,38922079
2022-04-06,4098,21845,49824688,38943924
2022-04-07,3956,23317,49828644,38967241
2022-04-08,4687,26709,49833331,38993950
2022-04-09,4375,23885,49837706,39017835
2022-04-10,893,4614,49838599,39022449
2022-04-11,3802,22683,49842401,39045132
2022-04-12,3356,21777,49845757,39066909
2022-04-13,3560,21334,49849317,39088243
2022-04-14,3484,23776,49852801,39112019
2022-04-15,3078,20616,49855879,39132635
2022-04-16,2150,11921,49858029,39144556
2022-04-17,63,348,49858092,39144904
2022-04-18,149,650,49858241,39145554
2022-04-19,3489,21978,49861730,39167532
2022-04-20,3500,20249,49865230,39187781
2022-04-21,2839,19781,49868069,39207562
2022-04-22,2918,20696,49870987,39228258
2022-04-23,2637,16209,49873624,39244467
2022-04-24,509,2335,49874133,39246802
2022-04-25,183,1165,49874316,39247967
2022-04-26,2759,17791,49877075,39265758
2022-04-27,2365,15783,49879440,39281541
2022-04-28,2352,15534,49881792,39297075
2022-04-29,2291,14836,49884083,39311911
2022-04-30,2121,11577,49886204,39323488
2022-05-01,113,530,49886317,39324018
2022-05-02,1443,9382,49887760,39333400
2022-05-03,1572,10309,49889332,39343709
2022-05-04,1743,10255,49891075,39353964
2022-05-05,1647,10272,49892722,39364236
2022-05-06,1694,10944,49894416,39375180
2022-05-07,1431,8563,49895847,39383743
2022-05-08,404,1514,49896251,39385257
2022-05-09,1024,8917,49897275,39394174
2022-05-10,1418,9536,49898693,39403710
2022-05-11,1479,10087,49900172,39413797
2022-05-12,1369,10119,49901541,39423916
2022-05-13,1587,10509,49903128,39434425
2022-05-14,1357,8226,49904485,39442651
2022-05-15,336,1129,49904821,39443780
2022-05-16,812,8388,49905633,39452168
2022-05-17,1241,8671,49906874,39460839
2022-05-18,1368,9216,49908242,39470055
2022-05-19,1498,9267,49909740,39479322
2022-05-20,1419,9493,49911159,39488815
2022-05-21,1299,7892,49912458,39496707
2022-05-22,231,1012,49912689,39497719
2022-05-23,826,8261,49913515,39505980
2022-05-24,1070,8665,49914585,39514645
2022-05-25,1364,9444,49915949,39524089
2022-05-26,1194,9453,49917143,39533542
2022-05-27,1225,9910,49918368,39543452
2022-05-28,1202,7873,49919570,39551325
2022-05-29,285,1264,49919855,39552589
2022-05-30,930,8026,49920785,39560615
2022-05-31,1033,8531,49921818,39569146
2022-06-01,892,7644,49922710,39576790
2022-06-02,35,474,49922745,39577264
2022-06-03,813,7327,49923558,39584591
2022-06-04,870,5155,49924428,39589746
2022-06-05,89,586,49924517,39590332
2022-06-06,672,6964,49925189,39597296
2022-06-07,930,7841,49926119,39605137
2022-06-08,982,7897,49927101,39613034
2022-06-09,1034,8400,49928135,39621434
2022-06-10,955,8548,49929090,39629982
2022-06-11,900,6207,49929990,39636189
2022-06-12,140,767,49930130,39636956
2022-06-13,603,6295,49930733,39643251
2022-06-14,826,7881,49931559,39651132
2022-06-15,950,7845,49932509,39658977
2022-06-16,728,7383,49933237,39666360
2022-06-17,719,7239,49933956,39673599
2022-06-18,777,5589,49934733,39679188
2022-06-19,47,522,49934780,39679710
2022-06-20,588,6694,49935368,39686404
2022-06-21,732,7643,49936100,39694047
2022-06-22,780,7303,49936880,39701350
2022-06-23,649,7455,49937529,39708805
2022-06-24,643,7472,49938172,39716277
2022-06-25,835,6531,49939007,39722808
2022-06-26,128,523,49939135,39723331
2022-06-27,532,7119,49939667,39730450
2022-06-28,744,8208,49940411,39738658
2022-06-29,755,7718,49941166,39746376
2022-06-30,744,8131,49941910,39754507
2022-07-01,577,6436,49942487,39760943
2022-07-02,536,4765,49943023,39765708
2022-07-03,49,456,49943072,39766164
2022-07-04,470,6269,49943542,39772433
2022-07-05,622,8107,49944164,39780540
2022-07-06,626,7594,49944790,39788134
2022-07-07,566,8252,49945356,39796386
2022-07-08,671,8076,49946027,39804462
2022-07-09,549,6103,49946576,39810565
2022-07-10,58,533,49946634,39811098
2022-07-11,485,7629,49947119,39818727
2022-07-12,662,8999,49947781,39827726
2022-07-13,636,10057,49948417,39837783
2022-07-14,631,10219,49949048,39848002
2022-07-15,620,10659,49949668,39858661
2022-07-16,521,7207,49950189,39865868
2022-07-17,48,769,49950237,39866637
2022-07-18,498,9345,49950735,39875982
2022-07-19,574,10644,49951309,39886626
2022-07-20,576,11251,49951885,39897877
2022-07-21,625,12029,49952510,39909906
2022-07-22,580,11215,49953090,39921121
2022-07-23,377,6735,49953467,39927856
2022-07-24,76,834,49953543,39928690
2022-07-25,498,9026,49954041,39937716
2022-07-26,517,9719,49954558,39947435
2022-07-27,543,10146,49955101,39957581
2022-07-28,524,10462,49955625,39968043
2022-07-29,510,9406,49956135,39977449
2022-07-30,381,5849,49956516,39983298
2022-07-31,49,745,49956565,39984043
2022-08-01,385,6819,49956950,39990862
2022-08-02,536,7505,49957486,39998367
2022-08-03,497,7121,49957983,40005488
2022-08-04,448,7404,49958431,40012892
2022-08-05,414,6468,49958845,40019360
2022-08-06,297,3579,49959142,40022939
2022-08-07,44,549,49959186,40023488
2022-08-08,391,4858,49959577,40028346
2022-08-09,383,5263,49959960,40033609
2022-08-10,371,4763,49960331,40038372
2022-08-11,360,4744,49960691,40043116
2022-08-12,285,3685,49960976,40046801
2022-08-13,141,1595,49961117,40048396
2022-08-14,9,128,49961126,40048524
2022-08-15,1,24,49961127,40048548
2022-08-16,281,3018,49961408,40051566
2022-08-17,349,3493,49961757,40055059
2022-08-18,380,4119,49962137,40059178
2022-08-19,333,3297,49962470,40062475
2022-08-20,181,1709,49962651,40064184
2022-08-21,24,145,49962675,40064329
2022-08-22,326,2926,49963001,40067255
2022-08-23,369,3628,49963370,40070883
2022-08-24,377,3274,49963747,40074157
2022-08-25,407,3614,49964154,40077771
2022-08-26,356,3458,49964510,40081229
2022-08-27,224,1735,49964734,40082964
2022-08-28,29,259,49964763,40083223
2022-08-29,353,2953,49965116,40086176