data_somministrazione,vaccinazioni,booster,cum_vaccinazioni,cum_booster
2020-12-27,20,0,20,0
2020-12-28,2,0,22,0
2020-12-29,1,0,23,0
2020-12-30,9,0,32,0
2020-12-31,73,0,105,0
2021-01-01,23,0,128,0
2021-01-02,131,0,259,0
2021-01-03,94,0,353,0
2021-01-04,222,0,575,0
2021-01-05,259,0,834,0
2021-01-06,228,0,1062,0
2021-01-07,308,0,1370,0
2021-01-08,357,0,1727,0
2021-01-09,268,0,1995,0
2021-01-10,162,0,2157,0
2021-01-11,290,0,2447,0
2021-01-12,275,0,2722,0
2021-01-13,405,0,3127,0
2021-01-14,489,0,3616,0
2021-01-15,309,0,3925,0
2021-01-16,215,0,4140,0
2021-01-17,3060,0,7200,0
2021-01-18,5215,0,12415,0
2021-01-19,1893,0,14308,0
2021-01-20,4656,0,18964,0
2021-01-21,20005,0,38969,0
2021-01-22,14220,0,53189,0
2021-01-23,33329,0,86518,0
2021-01-24,30781,0,117299,0
2021-01-25,64720,0,182019,0
2021-01-26,76485,0,258504,0
2021-01-27,64824,0,323328,0
2021-01-28,89269,0,412597,0
2021-01-29,94015,0,506612,0
2021-01-30,86549,0,593161,0
2021-01-31,57327,0,650488,0
2021-02-01,81852,0,732340,0
2021-02-02,82139,0,814479,0
2021-02-03,91112,0,905591,0
2021-02-04,95394,0,1000985,0
2021-02-05,90269,0,1091254,0
2021-02-06,63448,0,1154702,0
2021-02-07,32933,0,1187635,0
2021-02-08,40426,0,1228061,0
2021-02-09,32871,0,1260932,0
2021-02-10,28429,0,1289361,0
2021-02-11,20403,0,1309764,0
2021-02-12,16240,0,1326004,0
2021-02-13,7274,0,1333278,0
2021-02-14,2862,0,1336140,0
2021-02-15,6844,0,1342984,0
2021-02-16,7002,0,1349986,0
2021-02-17,10525,0,1360511,0
2021-02-18,9252,0,1369763,0
2021-02-19,8251,0,1378014,0
2021-02-20,5570,0,1383584,0
2021-02-21,3005,0,1386589,0
2021-02-22,6884,0,1393473,0
2021-02-23,7179,0,1400652,0
2021-02-24,9808,0,1410460,0
2021-02-25,14211,0,1424671,0
2021-02-26,17556,0,1442227,0
2021-02-27,13915,0,1456142,0
2021-02-28,9389,0,1465531,0
2021-03-01,26517,0,1492048,0
2021-03-02,33245,0,1525293,0
2021-03-03,44647,0,1569940,0
2021-03-04,50294,0,1620234,0
2021-03-05,55733,0,1675967,0
2021-03-06,41871,0,1717838,0
2021-03-07,22323,0,1740161,0
2021-03-08,50827,0,1790988,0
2021-03-09,53078,0,1844066,0
2021-03-10,58659,0,1902725,0
2021-03-11,63871,0,1966596,0
2021-03-12,65114,0,2031710,0
2021-03-13,51726,0,2083436,0
2021-03-14,35405,0,2118841,0
2021-03-15,73448,0,2192289,0
2021-03-16,74026,0,2266315,0
2021-03-17,83133,0,2349448,0
2021-03-18,81629,0,2431077,0
2021-03-19,81083,0,2512160,0
2021-03-20,64726,0,2576886,0
2021-03-21,47307,0,2624193,0
2021-03-22,69490,0,2693683,0
2021-03-23,75807,0,2769490,0
2021-03-24,90916,0,2860406,0
2021-03-25,89814,0,2950220,0
2021-03-26,83634,0,3033854,0
2021-03-27,71945,0,3105799,0
2021-03-28,44153,0,3149952,0
2021-03-29,70833,0,3220785,0
2021-03-30,81394,0,3302179,0
2021-03-31,96246,0,3398425,0
2021-04-01,95313,0,3493738,0
2021-04-02,84077,0,3577815,0
2021-04-03,64306,0,3642121,0
2021-04-04,21718,0,3663839,0
2021-04-05,40317,0,3704156,0
2021-04-06,81325,0,3785481,0
2021-04-07,95836,0,3881317,0
2021-04-08,95246,0,3976563,0
2021-04-09,88494,0,4065057,0
2021-04-10,74032,0,4139089,0
2021-04-11,44766,0,4183855,0
2021-04-12,66918,0,4250773,0
2021-04-13,72582,0,4323355,0
2021-04-14,85547,0,4408902,0
2021-04-15,105415,0,4514317,0
2021-04-16,106421,0,4620738,0
2021-04-17,90521,0,4711259,0
2021-04-18,58596,0,4769855,0
2021-04-19,93433,0,4863288,0
2021-04-20,103772,0,4967060,0
2021-04-21,125345,0,5092405,0
2021-04-22,143521,0,5235926,0
2021-04-23,138747,0,5374673,0
2021-04-24,124448,0,5499121,0
2021-04-25,61457,0,5560578,0
2021-04-26,97897,0,5658475,0
2021-04-27,128365,0,5786840,0
2021-04-28,156379,0,5943219,0
2021-04-29,195600,0,6138819,0
2021-04-30,214592,0,6353411,0
2021-05-01,174126,0,6527537,0
2021-05-02,135806,0,6663343,0
2021-05-03,142048,0,6805391,0
2021-05-04,158695,0,6964086,0
2021-05-05,170514,0,7134600,0
2021-05-06,197813,0,7332413,0
2021-05-07,213852,0,7546265,0
2021-05-08,213426,0,7759691,0
2021-05-09,143207,0,7902898,0
2021-05-10,165088,0,8067986,0
2021-05-11,174997,0,8242983,0
2021-05-12,179194,0,8422177,0
2021-05-13,203400,0,8625577,0
2021-05-14,222927,0,8848504,0
2021-05-15,210374,0,9058878,0
2021-05-16,159280,0,9218158,0
2021-05-17,219206,0,9437364,0
2021-05-18,213024,0,9650388,0
2021-05-19,207095,0,9857483,0
2021-05-20,270875,0,10128358,0
2021-05-21,270905,0,10399263,0
2021-05-22,245531,0,10644794,0
2021-05-23,197184,0,10841978,0
2021-05-24,228311,0,11070289,0
2021-05-25,245699,0,11315988,0
2021-05-26,277510,0,11593498,0
2021-05-27,311093,0,11904591,0
2021-05-28,299579,0,12204170,0
2021-05-29,231235,0,12435405,0
2021-05-30,170843,0,12606248,0
2021-05-31,216430,0,12822678,0
2021-06-01,207639,0,13030317,0
2021-06-02,115806,0,13146123,0
2021-06-03,180162,0,13326285,0
2021-06-04,184896,0,13511181,0
2021-06-05,185972,0,13697153,0
2021-06-06,139562,0,13836715,0
2021-06-07,161883,0,13998598,0
2021-06-08,171249,0,14169847,0
2021-06-09,171501,0,14341348,0
2021-06-10,174120,0,14515468,0
2021-06-11,169997,0,14685465,0
2021-06-12,128342,0,14813807,0
2021-06-13,91205,0,14905012,0
2021-06-14,214694,0,15119706,0
2021-06-15,228433,0,15348139,0
2021-06-16,253089,0,15601228,0
2021-06-17,301747,0,15902975,0
2021-06-18,306315,0,16209290,0
2021-06-19,275104,0,16484394,0
2021-06-20,220799,0,16705193,0
2021-06-21,288080,0,16993273,0
2021-06-22,296233,0,17289506,0
2021-06-23,302694,0,17592200,0
2021-06-24,332613,0,17924813,0
2021-06-25,348718,0,18273531,0
2021-06-26,300132,0,18573663,0
2021-06-27,228678,0,18802341,0
2021-06-28,307117,0,19109458,0
2021-06-29,329313,0,19438771,0
2021-06-30,342181,0,19780952,0
2021-07-01,363231,0,20144183,0
2021-07-02,368488,0,20512671,0
2021-07-03,371099,0,20883770,0
2021-07-04,283223,0,21166993,0
2021-07-05,384552,0,21551545,0
2021-07-06,385483,0,21937028,0
2021-07-07,412121,0,22349149,0
2021-07-08,479599,0,22828748,0
2021-07-09,498483,0,23327231,0
2021-07-10,475178,0,23802409,0
2021-07-11,357699,0,24160108,0
2021-07-12,485898,0,24646006,0
2021-07-13,492102,0,25138108,0
2021-07-14,480455,0,25618563,0
2021-07-15,523447,0,26142010,0
2021-07-16,509766,0,26651776,0
2021-07-17,464337,0,27116113,0
2021-07-18,364647,0,27480760,0
2021-07-19,463054,0,27943814,0
2021-07-20,458060,0,28401874,0
2021-07-21,462796,0,28864670,0
2021-07-22,475391,0,29340061,0
2021-07-23,441329,0,29781390,0
2021-07-24,386158,0,30167548,0
2021-07-25,287562,0,30455110,0
2021-07-26,430890,0,30886000,0
2021-07-27,440129,0,31326129,0
2021-07-28,391020,0,31717149,0
2021-07-29,372083,0,32089232,0
2021-07-30,341519,0,32430751,0
2021-07-31,287035,0,32717786,0
2021-08-01,190999,0,32908785,0
2021-08-02,333703,0,33242488,0
2021-08-03,323195,0,33565683,0
2021-08-04,310982,0,33876665,0
2021-08-05,292494,0,34169159,0
2021-08-06,260020,0,34429179,0
2021-08-07,199052,0,34628231,0
2021-08-08,153110,0,34781341,0
2021-08-09,234080,0,35015421,0
2021-08-10,205260,0,35220681,0
2021-08-11,193781,0,35414462,0
2021-08-12,168040,0,35582502,0
2021-08-13,148645,0,35731147,0
2021-08-14,66096,0,35797243,0
2021-08-15,26339,0,35823582,0
2021-08-16,114707,0,35938289,0
2021-08-17,129255,0,36067544,0
2021-08-18,128756,0,36196300,0
2021-08-19,124832,0,36321132,0
2021-08-20,123792,0,36444924,0
2021-08-21,83132,0,36528056,0
2021-08-22,68173,0,36596229,0
2021-08-23,176871,0,36773100,0
2021-08-24,156892,0,36929992,0
2021-08-25,177170,0,37107162,0
2021-08-26,172365,0,37279527,0
2021-08-27,185833,0,37465360,0
2021-08-28,140285,0,37605645,0
2021-08-29,98991,0,37704636,0
2021-08-30,209598,0,37914234,0
2021-08-31,194646,0,38108880,0
2021-09-01,192205,0,38301085,0
2021-09-02,189933,0,38491018,0
2021-09-03,191295,0,38682313,0
2021-09-04,131459,0,38813772,0
2021-09-05,87854,0,38901626,0
2021-09-06,193623,0,39095249,0
2021-09-07,196031,0,39291280,0
2021-09-08,187878,0,39479158,0
2021-09-09,201440,0,39680598,0
2021-09-10,198072,0,39878670,0
2021-09-11,141296,0,40019966,0
2021-09-12,89594,0,40109560,0
2021-09-13,191124,612,40300684,612
2021-09-14,177225,624,40477909,1236
2021-09-15,163094,627,40641003,1863
2021-09-16,160068,970,40801071,2833
2021-09-17,150174,1145,40951245,3978
2021-09-18,127982,761,41079227,4739
2021-09-19,81140,502,41160367,5241
2021-09-20,180068,9112,41340435,14353
2021-09-21,166661,8848,41507096,23201
2021-09-22,159099,9452,41666195,32653
2021-09-23,138086,9345,41804281,41998
2021-09-24,140551,8989,41944832,50987
2021-09-25,119564,5657,42064396,56644
2021-09-26,71980,4354,42136376,60998
2021-09-27,135665,10068,42272041,71066
2021-09-28,117509,11413,42389550,82479
2021-09-29,112358,11844,42501908,94323
2021-09-30,110268,14971,42612176,109294
2021-10-01,94994,19124,42707170,128418
2021-10-02,78513,14033,42785683,142451
2021-10-03,47751,7665,42833434,150116
2021-10-04,88386,34468,42921820,184584
2021-10-05,80379,34005,43002199,218589
2021-10-06,71996,34192,43074195,252781
2021-10-07,71872,34365,43146067,287146
2021-10-08,80631,33613,43226698,320759
2021-10-09,76108,22188,43302806,342947
2021-10-10,45782,13625,43348588,356572
2021-10-11,87444,41123,43436032,397695
2021-10-12,84508,46923,43520540,444618
2021-10-13,88210,52141,43608750,496759
2021-10-14,91547,58543,43700297,555302
2021-10-15,93596,55659,43793893,610961
2021-10-16,82971,36811,43876864,647772
2021-10-17,51460,23849,43928324,671621
2021-10-18,90303,59504,44018627,731125
2021-10-19,78349,69395,44096976,800520
2021-10-20,75069,78196,44172045,878716
2021-10-21,78304,81785,44250349,960501
2021-10-22,73781,77060,44324130,1037561
2021-10-23,60831,51967,44384961,1089528
2021-10-24,33371,23473,44418332,1113001
2021-10-25,64908,81647,44483240,1194648
2021-10-26,58375,91821,44541615,1286469
2021-10-27,58330,104015,44599945,1390484
2021-10-28,61453,114141,44661398,1504625
2021-10-29,61638,103163,44723036,1607788
2021-10-30,50677,68133,44773713,1675921
2021-10-31,25162,28304,44798875,1704225
2021-11-01,19048,28157,44817923,1732382
2021-11-02,62743,89422,44880666,1821804
2021-11-03,60727,118684,44941393,1940488
2021-11-04,59245,126687,45000638,2067175
2021-11-05,63094,135211,45063732,2202386
2021-11-06,46483,90935,45110215,2293321
2021-11-07,22253,37900,45132468,2331221
2021-11-08,51529,131291,45183997,2462512
2021-11-09,45402,144226,45229399,2606738
2021-11-10,42589,156365,45271988,2763103
2021-11-11,44931,155157,45316919,2918260
2021-11-12,46320,158659,45363239,3076919
2021-11-13,33266,116666,45396505,3193585
2021-11-14,14492,52456,45410997,3246041
2021-11-15,36910,157440,45447907,3403481
2021-11-16,30561,171399,45478468,3574880
2021-11-17,28468,178452,45506936,3753332
2021-11-18,30289,193747,45537225,3947079
2021-11-19,28813,205876,45566038,4152955
2021-11-20,21004,156455,45587042,4309410
2021-11-21,10611,64866,45597653,4374276
2021-11-22,21949,213159,45619602,4587435
2021-11-23,23590,241776,45643192,4829211
2021-11-24,27795,271034,45670987,5100245
2021-11-25,23247,301931,45694234,5402176
2021-11-26,24589,318291,45718823,5720467
2021-11-27,21394,266167,45740217,5986634
2021-11-28,9904,137065,45750121,6123699
2021-11-29,22355,326073,45772476,6449772
2021-11-30,23110,365854,45795586,6815626
2021-12-01,21534,413514,45817120,7229140
2021-12-02,23775,440431,45840895,7669571
2021-12-03,25268,467504,45866163,8137075
2021-12-04,22383,418787,45888546,8555862
2021-12-05,11939,261358,45900485,8817220
2021-12-06,25835,457619,45926320,9274839
2021-12-07,24153,480292,45950473,9755131
2021-12-08,10021,249715,45960494,10004846
2021-12-09,31609,491951,45992103,10496797
2021-12-10,28086,517916,46020189,11014713
2021-12-11,23580,459270,46043769,11473983
2021-12-12,12313,293521,46056082,11767504
2021-12-13,26169,467644,46082251,12235148
2021-12-14,25192,494228,46107443,12729376
2021-12-15,25359,517182,46132802,13246558
2021-12-16,27911,520287,46160713,13766845
2021-12-17,29382,517201,46190095,14284046
2021-12-18,27083,468764,46217178,14752810
2021-12-19,15162,300539,46232340,15053349
2021-12-20,30657,477499,46262997,15530848
2021-12-21,30405,493416,46293402,16024264
2021-12-22,29471,484736,46322873,16509000
2021-12-23,28271,426931,46351144,16935931
2021-12-24,13121,210836,46364265,17146767
2021-12-25,2103,33053,46366368,17179820
2021-12-26,8769,159074,46375137,17338894
2021-12-27,46824,504682,46421961,17843576
2021-12-28,42488,554236,46464449,18397812
2021-12-29,34382,550664,46498831,18948476
2021-12-30,31868,499851,46530699,19448327
2021-12-31,14135,247405,46544834,19695732
2022-01-01,3499,64815,46548333,19760547
2022-01-02,22804,276721,46571137,20037268
2022-01-03,47901,520028,46619038,20557296
2022-01-04,46426,572099,46665464,21129395
2022-01-05,40801,560408,46706265,21689803
2022-01-06,23516,274491,46729781,21964294
2022-01-07,63755,554208,46793536,22518502
2022-01-08,60927,503405,46854463,23021907
2022-01-09,42913,319695,46897376,23341602
2022-01-10,61137,542314,46958513,23883916
2022-01-11,61798,587018,47020311,24470934
2022-01-12,58511,581299,47078822,25052233
2022-01-13,58670,580417,47137492,25632650
2022-01-14,46876,588600,47184368,26221250
2022-01-15,39484,569969,47223852,26791219
2022-01-16,31278,341884,47255130,27133103
2022-01-17,54822,489676,47309952,27622779
2022-01-18,58438,517041,47368390,28139820
2022-01-19,57241,502811,47425631,28642631
2022-01-20,54383,498840,47480014,29141471
2022-01-21,42139,493887,47522153,29635358
2022-01-22,31243,469609,47553396,30104967
2022-01-23,34955,275385,47588351,30380352
2022-01-24,56203,437237,47644554,30817589
2022-01-25,61580,452119,47706134,31269708
2022-01-26,58564,435838,47764698,31705546
2022-01-27,48868,432388,47813566,32137934
2022-01-28,58732,436551,47872298,32574485
2022-01-29,68156,412502,47940454,32986987
2022-01-30,50398,235977,47990852,33222964
2022-01-31,60664,356939,48051516,33579903
2022-02-01,65579,328457,48117095,33908360
2022-02-02,63223,296982,48180318,34205342
2022-02-03,60073,274522,48240391,34479864
2022-02-04,72392,268466,48312783,34748330
2022-02-05,83801,248540,48396584,34996870
2022-02-06,55300,116207,48451884,35113077
2022-02-07,65165,199941,48517049,35313018
2022-02-08,66935,186118,48583984,35499136
2022-02-09,58769,166335,48642753,35665471
2022-02-10,58589,163239,48701342,35828710
2022-02-11,62260,162467,48763602,35991177
2022-02-12,71992,152147,48835594,36143324
2022-02-13,41474,68853,48877068,36212177
2022-02-14,46701,116187,48923769,36328364
2022-02-15,48544,123479,48972313,36451843
2022-02-16,45681,106123,49017994,36557966
2022-02-17,42868,98114,49060862,36656080
2022-02-18,46627,112579,49107489,36768659
2022-02-19,52542,100335,49160031,36868994
2022-02-20,31410,40366,49191441,36909360
2022-02-21,37889,89655,49229330,36999015
2022-02-22,37224,83777,49266554,37082792
2022-02-23,33397,79409,49299951,37162201
2022-02-24,32556,78160,49332507,37240361
2022-02-25,34764,90710,49367271,37331071
2022-02-26,39158,89135,49406429,37420206
2022-02-27,22545,35857,49428974,37456063
2022-02-28,28482,81691,49457456,37537754
2022-03-01,22722,53942,49480178,37591696
2022-03-02,21955,50683,49502133,37642379
2022-03-03,22621,54947,49524754,37697326
2022-03-04,23235,62800,49547989,37760126
2022-03-05,23800,57951,49571789,37818077
2022-03-06,9471,17201,49581260,37835278
2022-03-07,15918,51389,49597178,37886667
2022-03-08,15477,48796,49612655,37935463
2022-03-09,13812,46519,49626467,37981982
2022-03-10,14051,52119,49640518,38034101
2022-03-11,15586,57265,49656104,38091366
2022-03-12,15506,56619,49671610,38147985
2022-03-13,5544,16851,49677154,38164836
2022-03-14,10525,46699,49687679,38211535
2022-03-15,10548,46894,49698227,38258429
2022-03-16,9482,41973,49707709,38300402
2022-03-17,9717,44874,49717426,38345276
2022-03-18,10158,49057,49727584,38394333
2022-03-19,9150,46533,49736734,38440866
2022-03-20,2609,11702,49739343,38452568
2022-03-21,7579,40223,49746922,38492791
2022-03-22,8448,37758,49755370,38530549
2022-03-23,7214,33700,49762584,38564249
2022-03-24,8258,38805,49770842,38603054
2022-03-25,8139,43667,49778981,38646721
2022-03-26,8126,41721,49787107,38688442
2022-03-27,2430,9682,49789537,38698124
2022-03-28,6109,35238,49795646,38733362
2022-03-29,5777,32528,49801423,38765890
2022-03-30,5566,30201,49806989,38796091
2022-03-31,5897,33179,49812886,38829270
2022-04-01,4348,25189,49817234,38854459
2022-04-02,4495,23273,49821729,38877732
2022-04-03,1049,4500,49822778,38882232
2022-04-04,3657,21544,49826435,38903776
2022-04-05,3756,22931,49830191,38926707
2022-04-06,4103,21853,49834294,38948560
2022-04-07,3965,23320,49838259,38971880
2022-04-08,4692,26712,49842951,38998592
2022-04-09,4383,23885,49847334,39022477
2022-04-10,892,4613,49848226,39027090
2022-04-11,3816,22686,49852042,39049776
2022-04-12,3364,21777,49855406,39071553
2022-04-13,3567,21335,49858973,39092888
2022-04-14,3486,23786,49862459,39116674
2022-04-15,3084,20617,49865543,39137291
2022-04-16,2149,11918,49867692,39149209
2022-04-17,63,348,49867755,39149557
2022-04-18,152,650,49867907,39150207
2022-04-19,3499,21979,49871406,39172186
2022-04-20,3511,20251,49874917,39192437
2022-04-21,2847,19787,49877764,39212224
2022-04-22,2927,20703,49880691,39232927
2022-04-23,2644,16219,49883335,39249146
2022-04-24,509,2334,49883844,39251480
2022-04-25,183,1165,49884027,39252645
2022-04-26,2759,17807,49886786,39270452
2022-04-27,2374,15793,49889160,39286245
2022-04-28,2359,15559,49891519,39301804
2022-04-29,2294,14844,49893813,39316648
2022-04-30,2123,11580,49895936,39328228
2022-05-01,113,531,49896049,39328759
2022-05-02,1450,9391,49897499,39338150
2022-05-03,1576,10318,49899075,39348468
2022-05-04,1745,10268,49900820,39358736
2022-05-05,1653,10285,49902473,39369021
2022-05-06,1702,10956,49904175,39379977
2022-05-07,1431,8567,49905606,39388544
2022-05-08,416,1519,49906022,39390063
2022-05-09,1027,8928,49907049,39398991
2022-05-10,1424,9546,49908473,39408537
2022-05-11,1483,10097,49909956,39418634
2022-05-12,1369,10131,49911325,39428765
2022-05-13,1594,10517,49912919,39439282
2022-05-14,1357,8235,49914276,39447517
2022-05-15,336,1131,49914612,39448648
2022-05-16,813,8405,49915425,39457053
2022-05-17,1243,8696,49916668,39465749
2022-05-18,1372,9234,49918040,39474983
2022-05-19,1500,9277,49919540,39484260
2022-05-20,1421,9515,49920961,39493775
2022-05-21,1301,7899,49922262,39501674
2022-05-22,231,1013,49922493,39502687
2022-05-23,830,8267,49923323,39510954
2022-05-24,1073,8672,49924396,39519626
2022-05-25,1369,9458,49925765,39529084
2022-05-26,1195,9475,49926960,39538559
2022-05-27,1232,9912,49928192,39548471
2022-05-28,1205,7885,49929397,39556356
2022-05-29,288,1264,49929685,39557620
2022-05-30,931,8055,49930616,39565675
2022-05-31,1036,8547,49931652,39574222
2022-06-01,891,7655,49932543,39581877
2022-06-02,35,474,49932578,39582351
2022-06-03,818,7333,49933396,39589684
2022-06-04,870,5161,49934266,39594845
2022-06-05,89,586,49934355,39595431
2022-06-06,678,6992,49935033,39602423
2022-06-07,952,7848,49935985,39610271
2022-06-08,981,7908,49936966,39618179
2022-06-09,1037,8414,49938003,39626593
2022-06-10,958,8564,49938961,39635157
2022-06-11,903,6207,49939864,39641364
2022-06-12,140,768,49940004,39642132
2022-06-13,602,6301,49940606,39648433
2022-06-14,828,7896,49941434,39656329
2022-06-15,955,7852,49942389,39664181
2022-06-16,730,7392,49943119,39671573
2022-06-17,723,7243,49943842,39678816
2022-06-18,777,5593,49944619,39684409
2022-06-19,47,522,49944666,39684931
2022-06-20,587,6699,49945253,39691630
2022-06-21,736,7665,49945989,39699295
2022-06-22,781,7308,49946770,39706603
2022-06-23,651,7467,49947421,39714070
2022-06-24,644,7474,49948065,39721544
2022-06-25,835,6534,49948900,39728078
2022-06-26,128,523,49949028,39728601
2022-06-27,532,7123,49949560,39735724
2022-06-28,745,8206,49950305,39743930
2022-06-29,756,7729,49951061,39751659
2022-06-30,746,8143,49951807,39759802
2022-07-01,577,6443,49952384,39766245
2022-07-02,536,4769,49952920,39771014
2022-07-03,49,456,49952969,39771470
2022-07-04,469,6277,49953438,39777747
2022-07-05,629,8118,49954067,39785865
2022-07-06,633,7610,49954700,39793475
2022-07-07,571,8270,49955271,39801745
2022-07-08,673,8083,49955944,39809828
2022-07-09,550,6104,49956494,39815932
2022-07-10,58,533,49956552,39816465
2022-07-11,487,7638,49957039,39824103
2022-07-12,667,9028,49957706,39833131
2022-07-13,641,10067,49958347,39843198
2022-07-14,635,10224,49958982,39853422
2022-07-15,625,10668,49959607,39864090
2022-07-16,522,7214,49960129,39871304
2022-07-17,48,770,49960177,39872074
2022-07-18,497,9368,49960674,39881442
2022-07-19,574,10682,49961248,39892124
2022-07-20,580,11272,49961828,39903396
2022-07-21,627,12085,49962455,39915481
2022-07-22,583,11258,49963038,39926739
2022-07-23,380,6772,49963418,39933511
2022-07-24,76,857,49963494,39934368
2022-07-25,503,9052,49963997,39943420
2022-07-26,519,9759,49964516,39953179
2022-07-27,551,10200,49965067,39963379
2022-07-28,530,10530,49965597,39973909
2022-07-29,511,9464,49966108,39983373
2022-07-30,382,5881,49966490,39989254
2022-07-31,49,764,49966539,39990018
2022-08-01,386,6864,49966925,39996882
2022-08-02,539,7584,49967464,40004466
2022-08-03,512,7174,49967976,40011640
2022-08-04,455,7488,49968431,40019128
2022-08-05,420,6523,49968851,40025651
2022-08-06,299,3612,49969150,40029263
2022-08-07,44,562,49969194,40029825
2022-08-08,402,4893,49969596,40034718
2022-08-09,382,5307,49969978,40040025
2022-08-10,381,4814,49970359,40044839
2022-08-11,366,4778,49970725,40049617
2022-08-12,292,3721,49971017,40053338
2022-08-13,143,1600,49971160,40054938
2022-08-14,9,129,49971169,40055067
2022-08-15,1,26,49971170,40055093
2022-08-16,283,3043,49971453,40058136
2022-08-17,352,3536,49971805,40061672
2022-08-18,390,4160,49972195,40065832
2022-08-19,341,3318,49972536,40069150
2022-08-20,183,1715,49972719,40070865
2022-08-21,24,149,49972743,40071014
2022-08-22,329,2951,49973072,40073965
2022-08-23,370,3672,49973442,40077637
2022-08-24,383,3359,49973825,40080996
2022-08-25,421,3772,49974246,40084768
2022-08-26,398,3571,49974644,40088339
2022-08-27,237,1769,49974881,40090108
2022-08-28,29,267,49974910,40090375
2022-08-29,354,3161,49975264,40093536
2022-08-30,403,3670,49975667,40097206
2022-08-31,437,3734,49976104,40100940
2022-09-01,352,3117,49976456,40104057
2022-09-02,296,2890,49976752,40106947
2022-09-03,199,1688,49976951,40108635
2022-09-04,23,149,49976974,40108784
2022-09-05,186,2655,49977160,40111439
2022-09-06,303,2989,49977463,40114428
2022-09-07,540,2935,49978003,40117363
2022-09-08,291,2960,49978294,40120323
2022-09-09,305,2884,49978599,40123207
2022-09-10,227,1326,49978826,40124533
2022-09-11,21,124,49978847,40124657
2022-09-12,267,2263,49979114,40126920
2022-09-13,252,2274,49979366,40129194
2022-09-14,264,2564,49979630,40131758
2022-09-15,280,2491,49979910,40134249
2022-09-16,253,2544,49980163,40136793
2022-09-17,239,1339,49980402,40138132
2022-09-18,20,170,49980422,40138302
2022-09-19,205,1969,49980627,40140271
2022-09-20,236,2384,49980863,40142655
2022-09-21,289,2526,49981152,40145181
2022-09-22,263,2647,49981415,40147828
2022-09-23,258,2533,49981673,40150361
2022-09-24,193,1427,49981866,40151788
2022-09-25,29,133,49981895,40151921
2022-09-26,280,2247,49982175,40154168
2022-09-27,286,2671,49982461,40156839
2022-09-28,309,2888,49982770,40159727
2022-09-29,256,3045,49983026,40162772
2022-09-30,290,2972,49983316,40165744
2022-10-01,193,1513,49983509,40167257
2022-10-02,11,187,49983520,40167444
2022-10-03,182,2471,49983702,40169915
2022-10-04,235,2857,49983937,40172772
2022-10-05,226,3217,49984163,40175989
2022-10-06,241,3839,49984404,40179828
2022-10-07,282,4158,49984686,40183986
2022-10-08,201,2235,49984887,40186221
2022-10-09,8,304,49984895,40186525
2022-10-10,206,3336,49985101,40189861
2022-10-11,191,4347,49985292,40194208
2022-10-12,208,4413,49985500,40198621
2022-10-13,200,5289,49985700,40203910
2022-10-14,229,5016,49985929,40208926
2022-10-15,187,2665,49986116,40211591
2022-10-16,6,360,49986122,40211951
2022-10-17,186,3858,49986308,40215809
2022-10-18,255,4946,49986563,40220755
2022-10-19,238,5448,49986801,40226203
2022-10-20,221,5970,49987022,40232173
2022-10-21,250,5438,49987272,40237611
2022-10-22,194,2903,49987466,40240514
2022-10-23,13,356,49987479,40240870
2022-10-24,170,3899,49987649,40244769
2022-10-25,248,4879,49987897,40249648
2022-10-26,309,5411,49988206,40255059
2022-10-27,237,5588,49988443,40260647
2022-10-28,198,5117,49988641,40265764
2022-10-29,126,2557,49988767,40268321
2022-10-30,3,281,49988770,40268602
2022-10-31,115,3008,49988885,40271610
2022-11-01,10,326,49988895,40271936
2022-11-02,139,3570,49989034,40275506
2022-11-03,166,4642,49989200,40280148
2022-11-04,212,4386,49989412,40284534
2022-11-05,142,2481,49989554,40287015
2022-11-06,10,253,49989564,40287268
2022-11-07,78,1600,49989642,40288868