data_somministrazione,vaccinazioni,booster,cum_vaccinazioni,cum_booster
2020-12-27,20,0,20,0
2020-12-28,2,0,22,0
2020-12-29,1,0,23,0
2020-12-30,9,0,32,0
2020-12-31,73,0,105,0
2021-01-01,23,0,128,0
2021-01-02,127,0,255,0
2021-01-03,93,0,348,0
2021-01-04,219,0,567,0
2021-01-05,256,0,823,0
2021-01-06,225,0,1048,0
2021-01-07,306,0,1354,0
2021-01-08,353,0,1707,0
2021-01-09,265,0,1972,0
2021-01-10,160,0,2132,0
2021-01-11,289,0,2421,0
2021-01-12,275,0,2696,0
2021-01-13,404,0,3100,0
2021-01-14,488,0,3588,0
2021-01-15,305,0,3893,0
2021-01-16,214,0,4107,0
2021-01-17,3060,0,7167,0
2021-01-18,5215,0,12382,0
2021-01-19,1893,0,14275,0
2021-01-20,4657,0,18932,0
2021-01-21,20005,0,38937,0
2021-01-22,14220,0,53157,0
2021-01-23,33328,0,86485,0
2021-01-24,30783,0,117268,0
2021-01-25,64722,0,181990,0
2021-01-26,76489,0,258479,0
2021-01-27,64825,0,323304,0
2021-01-28,89270,0,412574,0
2021-01-29,94018,0,506592,0
2021-01-30,86554,0,593146,0
2021-01-31,57329,0,650475,0
2021-02-01,81853,0,732328,0
2021-02-02,82140,0,814468,0
2021-02-03,91115,0,905583,0
2021-02-04,95394,0,1000977,0
2021-02-05,90272,0,1091249,0
2021-02-06,63449,0,1154698,0
2021-02-07,32932,0,1187630,0
2021-02-08,40423,0,1228053,0
2021-02-09,32870,0,1260923,0
2021-02-10,28428,0,1289351,0
2021-02-11,20403,0,1309754,0
2021-02-12,16239,0,1325993,0
2021-02-13,7273,0,1333266,0
2021-02-14,2862,0,1336128,0
2021-02-15,6842,0,1342970,0
2021-02-16,7002,0,1349972,0
2021-02-17,10525,0,1360497,0
2021-02-18,9252,0,1369749,0
2021-02-19,8251,0,1378000,0
2021-02-20,5567,0,1383567,0
2021-02-21,3003,0,1386570,0
2021-02-22,6884,0,1393454,0
2021-02-23,7179,0,1400633,0
2021-02-24,9808,0,1410441,0
2021-02-25,14211,0,1424652,0
2021-02-26,17555,0,1442207,0
2021-02-27,13914,0,1456121,0
2021-02-28,9389,0,1465510,0
2021-03-01,26519,0,1492029,0
2021-03-02,33244,0,1525273,0
2021-03-03,44649,0,1569922,0
2021-03-04,50292,0,1620214,0
2021-03-05,55734,0,1675948,0
2021-03-06,41872,0,1717820,0
2021-03-07,22322,0,1740142,0
2021-03-08,50824,0,1790966,0
2021-03-09,53076,0,1844042,0
2021-03-10,58656,0,1902698,0
2021-03-11,63870,0,1966568,0
2021-03-12,65112,0,2031680,0
2021-03-13,51724,0,2083404,0
2021-03-14,35402,0,2118806,0
2021-03-15,73446,0,2192252,0
2021-03-16,74026,0,2266278,0
2021-03-17,83129,0,2349407,0
2021-03-18,81629,0,2431036,0
2021-03-19,81084,0,2512120,0
2021-03-20,64725,0,2576845,0
2021-03-21,47302,0,2624147,0
2021-03-22,69486,0,2693633,0
2021-03-23,75805,0,2769438,0
2021-03-24,90917,0,2860355,0
2021-03-25,89810,0,2950165,0
2021-03-26,83629,0,3033794,0
2021-03-27,71946,0,3105740,0
2021-03-28,44148,0,3149888,0
2021-03-29,70831,0,3220719,0
2021-03-30,81392,0,3302111,0
2021-03-31,96242,0,3398353,0
2021-04-01,95311,0,3493664,0
2021-04-02,84075,0,3577739,0
2021-04-03,64306,0,3642045,0
2021-04-04,21718,0,3663763,0
2021-04-05,40315,0,3704078,0
2021-04-06,81323,0,3785401,0
2021-04-07,95834,0,3881235,0
2021-04-08,95244,0,3976479,0
2021-04-09,88493,0,4064972,0
2021-04-10,74032,0,4139004,0
2021-04-11,44766,0,4183770,0
2021-04-12,66918,0,4250688,0
2021-04-13,72580,0,4323268,0
2021-04-14,85544,0,4408812,0
2021-04-15,105415,0,4514227,0
2021-04-16,106421,0,4620648,0
2021-04-17,90517,0,4711165,0
2021-04-18,58596,0,4769761,0
2021-04-19,93432,0,4863193,0
2021-04-20,103772,0,4966965,0
2021-04-21,125342,0,5092307,0
2021-04-22,143521,0,5235828,0
2021-04-23,138745,0,5374573,0
2021-04-24,124445,0,5499018,0
2021-04-25,61458,0,5560476,0
2021-04-26,97893,0,5658369,0
2021-04-27,128360,0,5786729,0
2021-04-28,156375,0,5943104,0
2021-04-29,195595,0,6138699,0
2021-04-30,214586,0,6353285,0
2021-05-01,174123,0,6527408,0
2021-05-02,135803,0,6663211,0
2021-05-03,142048,0,6805259,0
2021-05-04,158695,0,6963954,0
2021-05-05,170508,0,7134462,0
2021-05-06,197811,0,7332273,0
2021-05-07,213852,0,7546125,0
2021-05-08,213418,0,7759543,0
2021-05-09,143204,0,7902747,0
2021-05-10,165084,0,8067831,0
2021-05-11,174990,0,8242821,0
2021-05-12,179190,0,8422011,0
2021-05-13,203395,0,8625406,0
2021-05-14,222923,0,8848329,0
2021-05-15,210375,0,9058704,0
2021-05-16,159280,0,9217984,0
2021-05-17,219205,0,9437189,0
2021-05-18,213024,0,9650213,0
2021-05-19,207089,0,9857302,0
2021-05-20,270870,0,10128172,0
2021-05-21,270896,0,10399068,0
2021-05-22,245529,0,10644597,0
2021-05-23,197184,0,10841781,0
2021-05-24,228310,0,11070091,0
2021-05-25,245697,0,11315788,0
2021-05-26,277511,0,11593299,0
2021-05-27,311088,0,11904387,0
2021-05-28,299575,0,12203962,0
2021-05-29,231230,0,12435192,0
2021-05-30,170843,0,12606035,0
2021-05-31,216428,0,12822463,0
2021-06-01,207638,0,13030101,0
2021-06-02,115805,0,13145906,0
2021-06-03,180155,0,13326061,0
2021-06-04,184890,0,13510951,0
2021-06-05,185970,0,13696921,0
2021-06-06,139556,0,13836477,0
2021-06-07,161883,0,13998360,0
2021-06-08,171240,0,14169600,0
2021-06-09,171496,0,14341096,0
2021-06-10,174118,0,14515214,0
2021-06-11,169996,0,14685210,0
2021-06-12,128340,0,14813550,0
2021-06-13,91198,0,14904748,0
2021-06-14,214691,0,15119439,0
2021-06-15,228429,0,15347868,0
2021-06-16,253085,0,15600953,0
2021-06-17,301740,0,15902693,0
2021-06-18,306303,0,16208996,0
2021-06-19,275099,0,16484095,0
2021-06-20,220798,0,16704893,0
2021-06-21,288076,0,16992969,0
2021-06-22,296230,0,17289199,0
2021-06-23,302695,0,17591894,0
2021-06-24,332616,0,17924510,0
2021-06-25,348715,0,18273225,0
2021-06-26,300128,0,18573353,0
2021-06-27,228677,0,18802030,0
2021-06-28,307104,0,19109134,0
2021-06-29,329305,0,19438439,0
2021-06-30,342174,0,19780613,0
2021-07-01,363227,0,20143840,0
2021-07-02,368483,0,20512323,0
2021-07-03,371098,0,20883421,0
2021-07-04,283218,0,21166639,0
2021-07-05,384549,0,21551188,0
2021-07-06,385480,0,21936668,0
2021-07-07,412118,0,22348786,0
2021-07-08,479601,0,22828387,0
2021-07-09,498483,0,23326870,0
2021-07-10,475179,0,23802049,0
2021-07-11,357701,0,24159750,0
2021-07-12,485897,0,24645647,0
2021-07-13,492111,0,25137758,0
2021-07-14,480457,0,25618215,0
2021-07-15,523451,0,26141666,0
2021-07-16,509765,0,26651431,0
2021-07-17,464337,0,27115768,0
2021-07-18,364651,0,27480419,0
2021-07-19,463052,0,27943471,0
2021-07-20,458061,0,28401532,0
2021-07-21,462798,0,28864330,0
2021-07-22,475389,0,29339719,0
2021-07-23,441328,0,29781047,0
2021-07-24,386164,0,30167211,0
2021-07-25,287556,0,30454767,0
2021-07-26,430885,0,30885652,0
2021-07-27,440131,0,31325783,0
2021-07-28,391013,0,31716796,0
2021-07-29,372082,0,32088878,0
2021-07-30,341514,0,32430392,0
2021-07-31,287036,0,32717428,0
2021-08-01,191003,0,32908431,0
2021-08-02,333706,0,33242137,0
2021-08-03,323198,0,33565335,0
2021-08-04,310979,0,33876314,0
2021-08-05,292497,0,34168811,0
2021-08-06,260016,0,34428827,0
2021-08-07,199055,0,34627882,0
2021-08-08,153108,0,34780990,0
2021-08-09,234078,0,35015068,0
2021-08-10,205260,0,35220328,0
2021-08-11,193780,0,35414108,0
2021-08-12,168038,0,35582146,0
2021-08-13,148638,0,35730784,0
2021-08-14,66095,0,35796879,0
2021-08-15,26338,0,35823217,0
2021-08-16,114704,0,35937921,0
2021-08-17,129252,0,36067173,0
2021-08-18,128752,0,36195925,0
2021-08-19,124826,0,36320751,0
2021-08-20,123788,0,36444539,0
2021-08-21,83129,0,36527668,0
2021-08-22,68172,0,36595840,0
2021-08-23,176872,0,36772712,0
2021-08-24,156898,0,36929610,0
2021-08-25,177173,0,37106783,0
2021-08-26,172367,0,37279150,0
2021-08-27,185837,0,37464987,0
2021-08-28,140282,0,37605269,0
2021-08-29,98993,0,37704262,0
2021-08-30,209600,0,37913862,0
2021-08-31,194643,0,38108505,0
2021-09-01,192208,0,38300713,0
2021-09-02,189928,0,38490641,0
2021-09-03,191295,0,38681936,0
2021-09-04,131466,0,38813402,0
2021-09-05,87853,0,38901255,0
2021-09-06,193625,0,39094880,0
2021-09-07,196034,0,39290914,0
2021-09-08,187883,0,39478797,0
2021-09-09,201446,0,39680243,0
2021-09-10,198076,0,39878319,0
2021-09-11,141295,0,40019614,0
2021-09-12,89597,0,40109211,0
2021-09-13,191124,609,40300335,609
2021-09-14,177227,621,40477562,1230
2021-09-15,163096,622,40640658,1852
2021-09-16,160073,965,40800731,2817
2021-09-17,150174,1142,40950905,3959
2021-09-18,127983,757,41078888,4716
2021-09-19,81139,502,41160027,5218
2021-09-20,180072,9107,41340099,14325
2021-09-21,166657,8847,41506756,23172
2021-09-22,159098,9448,41665854,32620
2021-09-23,138084,9343,41803938,41963
2021-09-24,140550,8984,41944488,50947
2021-09-25,119560,5656,42064048,56603
2021-09-26,71978,4351,42136026,60954
2021-09-27,135664,10066,42271690,71020
2021-09-28,117511,11409,42389201,82429
2021-09-29,112355,11841,42501556,94270
2021-09-30,110265,14966,42611821,109236
2021-10-01,94991,19122,42706812,128358
2021-10-02,78512,14031,42785324,142389
2021-10-03,47750,7665,42833074,150054
2021-10-04,88383,34467,42921457,184521
2021-10-05,80376,33997,43001833,218518
2021-10-06,71998,34189,43073831,252707
2021-10-07,71868,34362,43145699,287069
2021-10-08,80631,33607,43226330,320676
2021-10-09,76108,22184,43302438,342860
2021-10-10,45781,13624,43348219,356484
2021-10-11,87441,41121,43435660,397605
2021-10-12,84507,46921,43520167,444526
2021-10-13,88205,52138,43608372,496664
2021-10-14,91548,58540,43699920,555204
2021-10-15,93594,55655,43793514,610859
2021-10-16,82972,36806,43876486,647665
2021-10-17,51462,23845,43927948,671510
2021-10-18,90303,59502,44018251,731012
2021-10-19,78348,69396,44096599,800408
2021-10-20,75070,78193,44171669,878601
2021-10-21,78302,81779,44249971,960380
2021-10-22,73782,77058,44323753,1037438
2021-10-23,60831,51966,44384584,1089404
2021-10-24,33373,23471,44417957,1112875
2021-10-25,64910,81644,44482867,1194519
2021-10-26,58376,91817,44541243,1286336
2021-10-27,58331,104012,44599574,1390348
2021-10-28,61455,114135,44661029,1504483
2021-10-29,61638,103159,44722667,1607642
2021-10-30,50674,68132,44773341,1675774
2021-10-31,25162,28303,44798503,1704077
2021-11-01,19048,28156,44817551,1732233
2021-11-02,62742,89420,44880293,1821653
2021-11-03,60728,118677,44941021,1940330
2021-11-04,59246,126681,45000267,2067011
2021-11-05,63096,135206,45063363,2202217
2021-11-06,46481,90934,45109844,2293151
2021-11-07,22253,37900,45132097,2331051
2021-11-08,51530,131282,45183627,2462333
2021-11-09,45399,144222,45229026,2606555
2021-11-10,42591,156360,45271617,2762915
2021-11-11,44932,155154,45316549,2918069
2021-11-12,46317,158655,45362866,3076724
2021-11-13,33263,116664,45396129,3193388
2021-11-14,14492,52456,45410621,3245844
2021-11-15,36910,157439,45447531,3403283
2021-11-16,30563,171393,45478094,3574676
2021-11-17,28468,178448,45506562,3753124
2021-11-18,30289,193741,45536851,3946865
2021-11-19,28812,205871,45565663,4152736
2021-11-20,21003,156453,45586666,4309189
2021-11-21,10612,64863,45597278,4374052
2021-11-22,21946,213161,45619224,4587213
2021-11-23,23590,241761,45642814,4828974
2021-11-24,27796,271024,45670610,5099998
2021-11-25,23247,301929,45693857,5401927
2021-11-26,24590,318285,45718447,5720212
2021-11-27,21391,266163,45739838,5986375
2021-11-28,9903,137063,45749741,6123438
2021-11-29,22349,326072,45772090,6449510
2021-11-30,23105,365846,45795195,6815356
2021-12-01,21531,413511,45816726,7228867
2021-12-02,23775,440423,45840501,7669290
2021-12-03,25270,467498,45865771,8136788
2021-12-04,22382,418783,45888153,8555571
2021-12-05,11937,261356,45900090,8816927
2021-12-06,25833,457618,45925923,9274545
2021-12-07,24152,480283,45950075,9754828
2021-12-08,10019,249710,45960094,10004538
2021-12-09,31607,491949,45991701,10496487
2021-12-10,28083,517911,46019784,11014398
2021-12-11,23582,459261,46043366,11473659
2021-12-12,12312,293517,46055678,11767176
2021-12-13,26167,467641,46081845,12234817
2021-12-14,25188,494219,46107033,12729036
2021-12-15,25354,517173,46132387,13246209
2021-12-16,27902,520284,46160289,13766493
2021-12-17,29377,517197,46189666,14283690
2021-12-18,27080,468756,46216746,14752446
2021-12-19,15161,300537,46231907,15052983
2021-12-20,30650,477497,46262557,15530480
2021-12-21,30403,493407,46292960,16023887
2021-12-22,29471,484729,46322431,16508616
2021-12-23,28267,426928,46350698,16935544
2021-12-24,13119,210835,46363817,17146379
2021-12-25,2103,33053,46365920,17179432
2021-12-26,8770,159074,46374690,17338506
2021-12-27,46821,504674,46421511,17843180
2021-12-28,42484,554230,46463995,18397410
2021-12-29,34374,550661,46498369,18948071
2021-12-30,31863,499847,46530232,19447918
2021-12-31,14131,247399,46544363,19695317
2022-01-01,3499,64815,46547862,19760132
2022-01-02,22798,276724,46570660,20036856
2022-01-03,47894,520023,46618554,20556879
2022-01-04,46417,572095,46664971,21128974
2022-01-05,40792,560402,46705763,21689376
2022-01-06,23512,274488,46729275,21963864
2022-01-07,63744,554201,46793019,22518065
2022-01-08,60909,503405,46853928,23021470
2022-01-09,42902,319688,46896830,23341158
2022-01-10,61130,542299,46957960,23883457
2022-01-11,61778,586999,47019738,24470456
2022-01-12,58496,581282,47078234,25051738
2022-01-13,58653,580395,47136887,25632133
2022-01-14,46863,588579,47183750,26220712
2022-01-15,39472,569948,47223222,26790660
2022-01-16,31266,341868,47254488,27132528
2022-01-17,54813,489668,47309301,27622196
2022-01-18,58431,517024,47367732,28139220
2022-01-19,57236,502797,47424968,28642017
2022-01-20,54368,498828,47479336,29140845
2022-01-21,42128,493878,47521464,29634723
2022-01-22,31235,469597,47552699,30104320
2022-01-23,34952,275375,47587651,30379695
2022-01-24,56197,437230,47643848,30816925
2022-01-25,61571,452115,47705419,31269040
2022-01-26,58565,435835,47763984,31704875
2022-01-27,48855,432381,47812839,32137256
2022-01-28,58721,436544,47871560,32573800
2022-01-29,68156,412500,47939716,32986300
2022-01-30,50398,235970,47990114,33222270
2022-01-31,60654,356938,48050768,33579208
2022-02-01,65574,328448,48116342,33907656
2022-02-02,63217,296979,48179559,34204635
2022-02-03,60069,274520,48239628,34479155
2022-02-04,72392,268459,48312020,34747614
2022-02-05,83793,248536,48395813,34996150
2022-02-06,55300,116204,48451113,35112354
2022-02-07,65160,199940,48516273,35312294
2022-02-08,66932,186115,48583205,35498409
2022-02-09,58765,166336,48641970,35664745
2022-02-10,58587,163239,48700557,35827984
2022-02-11,62259,162465,48762816,35990449
2022-02-12,71986,152144,48834802,36142593
2022-02-13,41475,68852,48876277,36211445
2022-02-14,46696,116187,48922973,36327632
2022-02-15,48542,123479,48971515,36451111
2022-02-16,45679,106122,49017194,36557233
2022-02-17,42865,98113,49060059,36655346
2022-02-18,46624,112574,49106683,36767920
2022-02-19,52541,100333,49159224,36868253
2022-02-20,31409,40366,49190633,36908619
2022-02-21,37888,89651,49228521,36998270
2022-02-22,37223,83775,49265744,37082045
2022-02-23,33397,79409,49299141,37161454
2022-02-24,32555,78161,49331696,37239615
2022-02-25,34762,90709,49366458,37330324
2022-02-26,39158,89134,49405616,37419458
2022-02-27,22545,35857,49428161,37455315
2022-02-28,28481,81690,49456642,37537005
2022-03-01,22722,53940,49479364,37590945
2022-03-02,21950,50680,49501314,37641625
2022-03-03,22620,54947,49523934,37696572
2022-03-04,23234,62798,49547168,37759370
2022-03-05,23797,57951,49570965,37817321
2022-03-06,9471,17201,49580436,37834522
2022-03-07,15916,51389,49596352,37885911
2022-03-08,15477,48796,49611829,37934707
2022-03-09,13812,46518,49625641,37981225
2022-03-10,14050,52119,49639691,38033344
2022-03-11,15583,57264,49655274,38090608
2022-03-12,15504,56618,49670778,38147226
2022-03-13,5544,16850,49676322,38164076
2022-03-14,10525,46698,49686847,38210774
2022-03-15,10547,46893,49697394,38257667
2022-03-16,9480,41973,49706874,38299640
2022-03-17,9717,44873,49716591,38344513
2022-03-18,10158,49056,49726749,38393569
2022-03-19,9149,46534,49735898,38440103
2022-03-20,2609,11702,49738507,38451805
2022-03-21,7579,40224,49746086,38492029
2022-03-22,8448,37758,49754534,38529787
2022-03-23,7213,33700,49761747,38563487
2022-03-24,8258,38803,49770005,38602290
2022-03-25,8139,43666,49778144,38645956
2022-03-26,8124,41721,49786268,38687677
2022-03-27,2430,9682,49788698,38697359
2022-03-28,6108,35238,49794806,38732597
2022-03-29,5777,32527,49800583,38765124
2022-03-30,5566,30202,49806149,38795326
2022-03-31,5895,33181,49812044,38828507
2022-04-01,4348,25189,49816392,38853696
2022-04-02,4494,23273,49820886,38876969
2022-04-03,1049,4500,49821935,38881469
2022-04-04,3656,21540,49825591,38903009
2022-04-05,3756,22931,49829347,38925940
2022-04-06,4102,21853,49833449,38947793
2022-04-07,3965,23320,49837414,38971113
2022-04-08,4692,26712,49842106,38997825
2022-04-09,4382,23885,49846488,39021710
2022-04-10,891,4614,49847379,39026324
2022-04-11,3815,22685,49851194,39049009
2022-04-12,3363,21777,49854557,39070786
2022-04-13,3566,21334,49858123,39092120
2022-04-14,3486,23786,49861609,39115906
2022-04-15,3084,20617,49864693,39136523
2022-04-16,2149,11918,49866842,39148441
2022-04-17,63,348,49866905,39148789
2022-04-18,151,650,49867056,39149439
2022-04-19,3500,21979,49870556,39171418
2022-04-20,3511,20250,49874067,39191668
2022-04-21,2847,19786,49876914,39211454
2022-04-22,2927,20702,49879841,39232156
2022-04-23,2644,16218,49882485,39248374
2022-04-24,509,2334,49882994,39250708
2022-04-25,183,1165,49883177,39251873
2022-04-26,2759,17804,49885936,39269677
2022-04-27,2374,15792,49888310,39285469
2022-04-28,2358,15558,49890668,39301027
2022-04-29,2293,14843,49892961,39315870
2022-04-30,2123,11580,49895084,39327450
2022-05-01,113,531,49895197,39327981
2022-05-02,1450,9391,49896647,39337372
2022-05-03,1576,10318,49898223,39347690
2022-05-04,1746,10264,49899969,39357954
2022-05-05,1653,10284,49901622,39368238
2022-05-06,1702,10955,49903324,39379193
2022-05-07,1431,8566,49904755,39387759
2022-05-08,416,1519,49905171,39389278
2022-05-09,1027,8928,49906198,39398206
2022-05-10,1423,9545,49907621,39407751
2022-05-11,1483,10098,49909104,39417849
2022-05-12,1370,10131,49910474,39427980
2022-05-13,1594,10517,49912068,39438497
2022-05-14,1357,8234,49913425,39446731
2022-05-15,336,1131,49913761,39447862
2022-05-16,813,8405,49914574,39456267
2022-05-17,1243,8696,49915817,39464963
2022-05-18,1373,9231,49917190,39474194
2022-05-19,1500,9277,49918690,39483471
2022-05-20,1421,9514,49920111,39492985
2022-05-21,1300,7899,49921411,39500884
2022-05-22,231,1013,49921642,39501897
2022-05-23,830,8267,49922472,39510164
2022-05-24,1073,8672,49923545,39518836
2022-05-25,1369,9459,49924914,39528295
2022-05-26,1195,9472,49926109,39537767
2022-05-27,1232,9912,49927341,39547679
2022-05-28,1205,7885,49928546,39555564
2022-05-29,286,1266,49928832,39556830
2022-05-30,931,8054,49929763,39564884
2022-05-31,1036,8544,49930799,39573428
2022-06-01,891,7655,49931690,39581083
2022-06-02,35,474,49931725,39581557
2022-06-03,818,7331,49932543,39588888
2022-06-04,870,5162,49933413,39594050
2022-06-05,89,586,49933502,39594636
2022-06-06,678,6991,49934180,39601627
2022-06-07,951,7847,49935131,39609474
2022-06-08,982,7908,49936113,39617382
2022-06-09,1037,8412,49937150,39625794
2022-06-10,958,8564,49938108,39634358
2022-06-11,903,6206,49939011,39640564
2022-06-12,140,768,49939151,39641332
2022-06-13,602,6301,49939753,39647633
2022-06-14,827,7896,49940580,39655529
2022-06-15,955,7852,49941535,39663381
2022-06-16,730,7393,49942265,39670774
2022-06-17,723,7243,49942988,39678017
2022-06-18,777,5593,49943765,39683610
2022-06-19,47,522,49943812,39684132
2022-06-20,587,6698,49944399,39690830
2022-06-21,736,7665,49945135,39698495
2022-06-22,780,7308,49945915,39705803
2022-06-23,651,7465,49946566,39713268
2022-06-24,644,7474,49947210,39720742
2022-06-25,835,6534,49948045,39727276
2022-06-26,128,523,49948173,39727799
2022-06-27,532,7123,49948705,39734922
2022-06-28,745,8206,49949450,39743128
2022-06-29,756,7728,49950206,39750856
2022-06-30,746,8143,49950952,39758999
2022-07-01,577,6443,49951529,39765442
2022-07-02,536,4769,49952065,39770211
2022-07-03,49,456,49952114,39770667
2022-07-04,469,6277,49952583,39776944
2022-07-05,628,8117,49953211,39785061
2022-07-06,633,7610,49953844,39792671
2022-07-07,571,8269,49954415,39800940
2022-07-08,673,8083,49955088,39809023
2022-07-09,550,6104,49955638,39815127
2022-07-10,58,533,49955696,39815660
2022-07-11,487,7640,49956183,39823300
2022-07-12,667,9027,49956850,39832327
2022-07-13,641,10067,49957491,39842394
2022-07-14,636,10225,49958127,39852619
2022-07-15,625,10666,49958752,39863285
2022-07-16,522,7214,49959274,39870499
2022-07-17,48,770,49959322,39871269
2022-07-18,497,9369,49959819,39880638
2022-07-19,573,10682,49960392,39891320
2022-07-20,580,11272,49960972,39902592
2022-07-21,627,12085,49961599,39914677
2022-07-22,583,11258,49962182,39925935
2022-07-23,379,6771,49962561,39932706
2022-07-24,76,857,49962637,39933563
2022-07-25,503,9052,49963140,39942615
2022-07-26,519,9758,49963659,39952373
2022-07-27,550,10200,49964209,39962573
2022-07-28,530,10528,49964739,39973101
2022-07-29,510,9465,49965249,39982566
2022-07-30,382,5881,49965631,39988447
2022-07-31,49,764,49965680,39989211
2022-08-01,386,6864,49966066,39996075
2022-08-02,539,7583,49966605,40003658
2022-08-03,513,7174,49967118,40010832
2022-08-04,455,7489,49967573,40018321
2022-08-05,420,6520,49967993,40024841
2022-08-06,298,3611,49968291,40028452
2022-08-07,44,562,49968335,40029014
2022-08-08,402,4893,49968737,40033907
2022-08-09,382,5307,49969119,40039214
2022-08-10,381,4814,49969500,40044028
2022-08-11,366,4777,49969866,40048805
2022-08-12,292,3721,49970158,40052526
2022-08-13,143,1600,49970301,40054126
2022-08-14,9,129,49970310,40054255
2022-08-15,1,26,49970311,40054281
2022-08-16,283,3043,49970594,40057324
2022-08-17,352,3536,49970946,40060860
2022-08-18,390,4159,49971336,40065019
2022-08-19,341,3319,49971677,40068338
2022-08-20,183,1714,49971860,40070052
2022-08-21,24,149,49971884,40070201
2022-08-22,329,2950,49972213,40073151
2022-08-23,370,3674,49972583,40076825
2022-08-24,383,3358,49972966,40080183
2022-08-25,421,3772,49973387,40083955
2022-08-26,396,3571,49973783,40087526
2022-08-27,237,1769,49974020,40089295
2022-08-28,29,267,49974049,40089562
2022-08-29,355,3161,49974404,40092723
2022-08-30,403,3669,49974807,40096392
2022-08-31,437,3734,49975244,40100126
2022-09-01,352,3117,49975596,40103243
2022-09-02,296,2890,49975892,40106133
2022-09-03,199,1688,49976091,40107821
2022-09-04,23,149,49976114,40107970
2022-09-05,186,2653,49976300,40110623
2022-09-06,303,2988,49976603,40113611
2022-09-07,540,2935,49977143,40116546
2022-09-08,290,2956,49977433,40119502
2022-09-09,304,2885,49977737,40122387
2022-09-10,227,1326,49977964,40123713
2022-09-11,21,124,49977985,40123837
2022-09-12,267,2262,49978252,40126099
2022-09-13,251,2274,49978503,40128373
2022-09-14,263,2564,49978766,40130937
2022-09-15,280,2491,49979046,40133428
2022-09-16,253,2542,49979299,40135970
2022-09-17,239,1339,49979538,40137309
2022-09-18,20,170,49979558,40137479
2022-09-19,205,1969,49979763,40139448
2022-09-20,236,2383,49979999,40141831
2022-09-21,289,2525,49980288,40144356
2022-09-22,262,2647,49980550,40147003
2022-09-23,257,2530,49980807,40149533
2022-09-24,193,1427,49981000,40150960
2022-09-25,28,133,49981028,40151093
2022-09-26,280,2247,49981308,40153340
2022-09-27,286,2669,49981594,40156009
2022-09-28,308,2886,49981902,40158895
2022-09-29,252,3040,49982154,40161935
2022-09-30,290,2969,49982444,40164904
2022-10-01,193,1509,49982637,40166413
2022-10-02,11,187,49982648,40166600
2022-10-03,181,2469,49982829,40169069
2022-10-04,235,2853,49983064,40171922
2022-10-05,223,3214,49983287,40175136
2022-10-06,241,3832,49983528,40178968
2022-10-07,281,4156,49983809,40183124
2022-10-08,200,2234,49984009,40185358
2022-10-09,8,304,49984017,40185662
2022-10-10,206,3336,49984223,40188998
2022-10-11,191,4342,49984414,40193340
2022-10-12,207,4408,49984621,40197748
2022-10-13,200,5284,49984821,40203032
2022-10-14,229,4991,49985050,40208023
2022-10-15,185,2609,49985235,40210632
2022-10-16,6,358,49985241,40210990
2022-10-17,185,3845,49985426,40214835
2022-10-18,255,4942,49985681,40219777
2022-10-19,235,5420,49985916,40225197
2022-10-20,220,5914,49986136,40231111
2022-10-21,251,5371,49986387,40236482
2022-10-22,194,2861,49986581,40239343
2022-10-23,13,355,49986594,40239698
2022-10-24,167,3862,49986761,40243560
2022-10-25,246,4829,49987007,40248389
2022-10-26,276,5289,49987283,40253678
2022-10-27,224,5382,49987507,40259060
2022-10-28,199,4881,49987706,40263941
2022-10-29,122,2498,49987828,40266439
2022-10-30,3,278,49987831,40266717