data_somministrazione,vaccinazioni,booster,cum_vaccinazioni,cum_booster
2020-12-27,16,0,16,0
2020-12-28,2,0,18,0
2020-12-29,1,0,19,0
2020-12-30,3,0,22,0
2020-12-31,34,0,56,0
2021-01-01,12,0,68,0
2021-01-02,54,0,122,0
2021-01-03,46,0,168,0
2021-01-04,124,0,292,0
2021-01-05,165,0,457,0
2021-01-06,135,0,592,0
2021-01-07,203,0,795,0
2021-01-08,247,0,1042,0
2021-01-09,174,0,1216,0
2021-01-10,110,0,1326,0
2021-01-11,200,0,1526,0
2021-01-12,208,0,1734,0
2021-01-13,314,0,2048,0
2021-01-14,414,0,2462,0
2021-01-15,253,0,2715,0
2021-01-16,168,0,2883,0
2021-01-17,3050,0,5933,0
2021-01-18,5186,0,11119,0
2021-01-19,1876,0,12995,0
2021-01-20,4650,0,17645,0
2021-01-21,20006,0,37651,0
2021-01-22,14196,0,51847,0
2021-01-23,33356,0,85203,0
2021-01-24,30793,0,115996,0
2021-01-25,64774,0,180770,0
2021-01-26,76549,0,257319,0
2021-01-27,64875,0,322194,0
2021-01-28,89340,0,411534,0
2021-01-29,94072,0,505606,0
2021-01-30,86615,0,592221,0
2021-01-31,57349,0,649570,0
2021-02-01,81905,0,731475,0
2021-02-02,82169,0,813644,0
2021-02-03,91216,0,904860,0
2021-02-04,95378,0,1000238,0
2021-02-05,90295,0,1090533,0
2021-02-06,63731,0,1154264,0
2021-02-07,32919,0,1187183,0
2021-02-08,40411,0,1227594,0
2021-02-09,32845,0,1260439,0
2021-02-10,28387,0,1288826,0
2021-02-11,20356,0,1309182,0
2021-02-12,16181,0,1325363,0
2021-02-13,7217,0,1332580,0
2021-02-14,2856,0,1335436,0
2021-02-15,6823,0,1342259,0
2021-02-16,6974,0,1349233,0
2021-02-17,10493,0,1359726,0
2021-02-18,9216,0,1368942,0
2021-02-19,8170,0,1377112,0
2021-02-20,5475,0,1382587,0
2021-02-21,2948,0,1385535,0
2021-02-22,6837,0,1392372,0
2021-02-23,7107,0,1399479,0
2021-02-24,9792,0,1409271,0
2021-02-25,14171,0,1423442,0
2021-02-26,17491,0,1440933,0
2021-02-27,13856,0,1454789,0
2021-02-28,9345,0,1464134,0
2021-03-01,26441,0,1490575,0
2021-03-02,33172,0,1523747,0
2021-03-03,44595,0,1568342,0
2021-03-04,50206,0,1618548,0
2021-03-05,55631,0,1674179,0
2021-03-06,41841,0,1716020,0
2021-03-07,22290,0,1738310,0
2021-03-08,50526,0,1788836,0
2021-03-09,52911,0,1841747,0
2021-03-10,58527,0,1900274,0
2021-03-11,63744,0,1964018,0
2021-03-12,65014,0,2029032,0
2021-03-13,51649,0,2080681,0
2021-03-14,35345,0,2116026,0
2021-03-15,73364,0,2189390,0
2021-03-16,73986,0,2263376,0
2021-03-17,83001,0,2346377,0
2021-03-18,81584,0,2427961,0
2021-03-19,81019,0,2508980,0
2021-03-20,64641,0,2573621,0
2021-03-21,47247,0,2620868,0
2021-03-22,69403,0,2690271,0
2021-03-23,75693,0,2765964,0
2021-03-24,90777,0,2856741,0
2021-03-25,89702,0,2946443,0
2021-03-26,83490,0,3029933,0
2021-03-27,71816,0,3101749,0
2021-03-28,44035,0,3145784,0
2021-03-29,70688,0,3216472,0
2021-03-30,81243,0,3297715,0
2021-03-31,96086,0,3393801,0
2021-04-01,95196,0,3488997,0
2021-04-02,83977,0,3572974,0
2021-04-03,64246,0,3637220,0
2021-04-04,21689,0,3658909,0
2021-04-05,40257,0,3699166,0
2021-04-06,81219,0,3780385,0
2021-04-07,95718,0,3876103,0
2021-04-08,95147,0,3971250,0
2021-04-09,88384,0,4059634,0
2021-04-10,73942,0,4133576,0
2021-04-11,44699,0,4178275,0
2021-04-12,66836,0,4245111,0
2021-04-13,72494,0,4317605,0
2021-04-14,85418,0,4403023,0
2021-04-15,105294,0,4508317,0
2021-04-16,106304,0,4614621,0
2021-04-17,90394,0,4705015,0
2021-04-18,58529,0,4763544,0
2021-04-19,93381,0,4856925,0
2021-04-20,103682,0,4960607,0
2021-04-21,125266,0,5085873,0
2021-04-22,143416,0,5229289,0
2021-04-23,138607,0,5367896,0
2021-04-24,124344,0,5492240,0
2021-04-25,61385,0,5553625,0
2021-04-26,97791,0,5651416,0
2021-04-27,128262,0,5779678,0
2021-04-28,156238,0,5935916,0
2021-04-29,195412,0,6131328,0
2021-04-30,214410,0,6345738,0
2021-05-01,173989,0,6519727,0
2021-05-02,135729,0,6655456,0
2021-05-03,141890,0,6797346,0
2021-05-04,158584,0,6955930,0
2021-05-05,170345,0,7126275,0
2021-05-06,197678,0,7323953,0
2021-05-07,213663,0,7537616,0
2021-05-08,213280,0,7750896,0
2021-05-09,143073,0,7893969,0
2021-05-10,164983,0,8058952,0
2021-05-11,174802,0,8233754,0
2021-05-12,178965,0,8412719,0
2021-05-13,203161,0,8615880,0
2021-05-14,222735,0,8838615,0
2021-05-15,210153,0,9048768,0
2021-05-16,159151,0,9207919,0
2021-05-17,219067,0,9426986,0
2021-05-18,212865,0,9639851,0
2021-05-19,206916,0,9846767,0
2021-05-20,270657,0,10117424,0
2021-05-21,270681,0,10388105,0
2021-05-22,245390,0,10633495,0
2021-05-23,197106,0,10830601,0
2021-05-24,228208,0,11058809,0
2021-05-25,245599,0,11304408,0
2021-05-26,277363,0,11581771,0
2021-05-27,310946,0,11892717,0
2021-05-28,299421,0,12192138,0
2021-05-29,231060,0,12423198,0
2021-05-30,170746,0,12593944,0
2021-05-31,216295,0,12810239,0
2021-06-01,207532,0,13017771,0
2021-06-02,115663,0,13133434,0
2021-06-03,179890,0,13313324,0
2021-06-04,184608,0,13497932,0
2021-06-05,185728,0,13683660,0
2021-06-06,139299,0,13822959,0
2021-06-07,161610,0,13984569,0
2021-06-08,170849,0,14155418,0
2021-06-09,171177,0,14326595,0
2021-06-10,173726,0,14500321,0
2021-06-11,169639,0,14669960,0
2021-06-12,128054,0,14798014,0
2021-06-13,91006,0,14889020,0
2021-06-14,214470,0,15103490,0
2021-06-15,228225,0,15331715,0
2021-06-16,252952,0,15584667,0
2021-06-17,301579,0,15886246,0
2021-06-18,306118,0,16192364,0
2021-06-19,275016,0,16467380,0
2021-06-20,220642,0,16688022,0
2021-06-21,287980,0,16976002,0
2021-06-22,296099,0,17272101,0
2021-06-23,302672,0,17574773,0
2021-06-24,332522,0,17907295,0
2021-06-25,348655,0,18255950,0
2021-06-26,300056,0,18556006,0
2021-06-27,228658,0,18784664,0
2021-06-28,306943,0,19091607,0
2021-06-29,329201,0,19420808,0
2021-06-30,342037,0,19762845,0
2021-07-01,363061,0,20125906,0
2021-07-02,368467,0,20494373,0
2021-07-03,371129,0,20865502,0
2021-07-04,283177,0,21148679,0
2021-07-05,384509,0,21533188,0
2021-07-06,385419,0,21918607,0
2021-07-07,412092,0,22330699,0
2021-07-08,479877,0,22810576,0
2021-07-09,498628,0,23309204,0
2021-07-10,475322,0,23784526,0
2021-07-11,357848,0,24142374,0
2021-07-12,486063,0,24628437,0
2021-07-13,492363,0,25120800,0
2021-07-14,480648,0,25601448,0
2021-07-15,523649,0,26125097,0
2021-07-16,509898,0,26634995,0
2021-07-17,464622,0,27099617,0
2021-07-18,364859,0,27464476,0
2021-07-19,463289,0,27927765,0
2021-07-20,458199,0,28385964,0
2021-07-21,462890,0,28848854,0
2021-07-22,475433,0,29324287,0
2021-07-23,441345,0,29765632,0
2021-07-24,386180,0,30151812,0
2021-07-25,287612,0,30439424,0
2021-07-26,430945,0,30870369,0
2021-07-27,440157,0,31310526,0
2021-07-28,391035,0,31701561,0
2021-07-29,372096,0,32073657,0
2021-07-30,341423,0,32415080,0
2021-07-31,286966,0,32702046,0
2021-08-01,190845,0,32892891,0
2021-08-02,333713,0,33226604,0
2021-08-03,323139,0,33549743,0
2021-08-04,310933,0,33860676,0
2021-08-05,292542,0,34153218,0
2021-08-06,259958,0,34413176,0
2021-08-07,198937,0,34612113,0
2021-08-08,153065,0,34765178,0
2021-08-09,234112,0,34999290,0
2021-08-10,205141,0,35204431,0
2021-08-11,193588,0,35398019,0
2021-08-12,167777,0,35565796,0
2021-08-13,148388,0,35714184,0
2021-08-14,65994,0,35780178,0
2021-08-15,26303,0,35806481,0
2021-08-16,114524,0,35921005,0
2021-08-17,129108,0,36050113,0
2021-08-18,128561,0,36178674,0
2021-08-19,124627,0,36303301,0
2021-08-20,123643,0,36426944,0
2021-08-21,83047,0,36509991,0
2021-08-22,68114,0,36578105,0
2021-08-23,176718,0,36754823,0
2021-08-24,156920,0,36911743,0
2021-08-25,177034,0,37088777,0
2021-08-26,172232,0,37261009,0
2021-08-27,185765,0,37446774,0
2021-08-28,140109,0,37586883,0
2021-08-29,98982,0,37685865,0
2021-08-30,209467,0,37895332,0
2021-08-31,194430,0,38089762,0
2021-09-01,192053,0,38281815,0
2021-09-02,189728,0,38471543,0
2021-09-03,191189,0,38662732,0
2021-09-04,131399,0,38794131,0
2021-09-05,87807,0,38881938,0
2021-09-06,193570,0,39075508,0
2021-09-07,195820,0,39271328,0
2021-09-08,187809,0,39459137,0
2021-09-09,201346,0,39660483,0
2021-09-10,197953,0,39858436,0
2021-09-11,141198,0,39999634,0
2021-09-12,89515,0,40089149,0
2021-09-13,191090,347,40280239,347
2021-09-14,177159,422,40457398,769
2021-09-15,162972,455,40620370,1224
2021-09-16,159935,788,40780305,2012
2021-09-17,149961,1006,40930266,3018
2021-09-18,127757,655,41058023,3673
2021-09-19,81033,442,41139056,4115
2021-09-20,179802,8956,41318858,13071
2021-09-21,166340,8728,41485198,21799
2021-09-22,158775,9366,41643973,31165
2021-09-23,137750,9241,41781723,40406
2021-09-24,140228,8862,41921951,49268
2021-09-25,119326,5561,42041277,54829
2021-09-26,71789,4293,42113066,59122
2021-09-27,135347,9977,42248413,69099
2021-09-28,117210,11314,42365623,80413
2021-09-29,112015,11759,42477638,92172
2021-09-30,109940,14853,42587578,107025
2021-10-01,94713,19033,42682291,126058
2021-10-02,78240,13988,42760531,140046
2021-10-03,47566,7632,42808097,147678
2021-10-04,88125,34360,42896222,182038
2021-10-05,80147,33907,42976369,215945
2021-10-06,71762,34076,43048131,250021
2021-10-07,71532,34289,43119663,284310
2021-10-08,80390,33495,43200053,317805
2021-10-09,75846,22111,43275899,339916
2021-10-10,45643,13591,43321542,353507
2021-10-11,87146,41005,43408688,394512
2021-10-12,84236,46795,43492924,441307
2021-10-13,87904,52004,43580828,493311
2021-10-14,91185,58392,43672013,551703
2021-10-15,93234,55482,43765247,607185
2021-10-16,82665,36714,43847912,643899
2021-10-17,51272,23784,43899184,667683
2021-10-18,90072,59337,43989256,727020
2021-10-19,78122,69290,44067378,796310
2021-10-20,74834,78044,44142212,874354
2021-10-21,78079,81604,44220291,955958
2021-10-22,73659,76899,44293950,1032857
2021-10-23,60638,51889,44354588,1084746
2021-10-24,33316,23400,44387904,1108146
2021-10-25,64782,81520,44452686,1189666
2021-10-26,58249,91628,44510935,1281294
2021-10-27,58162,103834,44569097,1385128
2021-10-28,61304,113905,44630401,1499033
2021-10-29,61577,102951,44691978,1601984
2021-10-30,50552,68008,44742530,1669992
2021-10-31,25122,28237,44767652,1698229
2021-11-01,19014,28119,44786666,1726348
2021-11-02,62698,89214,44849364,1815562
2021-11-03,60627,118499,44909991,1934061
2021-11-04,59121,126460,44969112,2060521
2021-11-05,62976,134981,45032088,2195502
2021-11-06,46360,90769,45078448,2286271
2021-11-07,22204,37836,45100652,2324107
2021-11-08,51378,131116,45152030,2455223
2021-11-09,45320,143932,45197350,2599155
2021-11-10,42474,156029,45239824,2755184
2021-11-11,44817,154983,45284641,2910167
2021-11-12,46227,158378,45330868,3068545
2021-11-13,33127,116474,45363995,3185019
2021-11-14,14440,52395,45378435,3237414
2021-11-15,36785,157188,45415220,3394602
2021-11-16,30438,171183,45445658,3565785
2021-11-17,28323,178263,45473981,3744048
2021-11-18,30109,193474,45504090,3937522
2021-11-19,28656,205567,45532746,4143089
2021-11-20,20877,156116,45553623,4299205
2021-11-21,10543,64702,45564166,4363907
2021-11-22,21810,212930,45585976,4576837
2021-11-23,23431,241452,45609407,4818289
2021-11-24,27664,270630,45637071,5088919
2021-11-25,23046,301570,45660117,5390489
2021-11-26,24396,317936,45684513,5708425
2021-11-27,21211,265838,45705724,5974263
2021-11-28,9825,136834,45715549,6111097
2021-11-29,22116,325680,45737665,6436777
2021-11-30,22869,365389,45760534,6802166
2021-12-01,21274,412978,45781808,7215144
2021-12-02,23533,440184,45805341,7655328
2021-12-03,24970,467185,45830311,8122513
2021-12-04,22137,418574,45852448,8541087
2021-12-05,11757,261237,45864205,8802324
2021-12-06,25474,457364,45889679,9259688
2021-12-07,23827,479991,45913506,9739679
2021-12-08,9850,249565,45923356,9989244
2021-12-09,31215,491722,45954571,10480966
2021-12-10,27737,517579,45982308,10998545
2021-12-11,23275,459045,46005583,11457590
2021-12-12,12115,293352,46017698,11750942
2021-12-13,25833,467395,46043531,12218337
2021-12-14,24835,493938,46068366,12712275
2021-12-15,24984,516904,46093350,13229179
2021-12-16,27428,519968,46120778,13749147
2021-12-17,28951,516812,46149729,14265959
2021-12-18,26620,468476,46176349,14734435
2021-12-19,14885,300351,46191234,15034786
2021-12-20,30213,477223,46221447,15512009
2021-12-21,30007,493090,46251454,16005099
2021-12-22,28993,484423,46280447,16489522
2021-12-23,27788,426682,46308235,16916204
2021-12-24,12946,210727,46321181,17126931
2021-12-25,2081,33039,46323262,17159970
2021-12-26,8632,159011,46331894,17318981
2021-12-27,46232,504430,46378126,17823411
2021-12-28,41752,553888,46419878,18377299
2021-12-29,33504,550316,46453382,18927615
2021-12-30,31077,499544,46484459,19427159
2021-12-31,13553,247303,46498012,19674462
2022-01-01,3403,64778,46501415,19739240
2022-01-02,22112,276641,46523527,20015881
2022-01-03,46534,520752,46570061,20536633
2022-01-04,44912,572750,46614973,21109383
2022-01-05,38974,561042,46653947,21670425
2022-01-06,22389,274338,46676336,21944763
2022-01-07,61450,554792,46737786,22499555
2022-01-08,58349,503159,46796135,23002714
2022-01-09,40729,319569,46836864,23322283
2022-01-10,58846,542721,46895710,23865004
2022-01-11,58996,587459,46954706,24452463
2022-01-12,55441,581631,47010147,25034094
2022-01-13,55698,580822,47065845,25614916
2022-01-14,43611,588625,47109456,26203541
2022-01-15,35268,568463,47144724,26772004
2022-01-16,28438,341123,47173162,27113127
2022-01-17,52356,490076,47225518,27603203
2022-01-18,55976,517936,47281494,28121139
2022-01-19,54861,503221,47336355,28624360
2022-01-20,52137,499145,47388492,29123505
2022-01-21,39806,494136,47428298,29617641
2022-01-22,28334,469193,47456632,30086834
2022-01-23,33337,275115,47489969,30361949
2022-01-24,54636,437667,47544605,30799616
2022-01-25,60137,452537,47604742,31252153
2022-01-26,57018,436193,47661760,31688346
2022-01-27,47316,432614,47709076,32120960
2022-01-28,57068,436905,47766144,32557865
2022-01-29,66236,411757,47832380,32969622
2022-01-30,49077,235553,47881457,33205175
2022-01-31,59064,357373,47940521,33562548
2022-02-01,64262,328802,48004783,33891350
2022-02-02,62015,297150,48066798,34188500
2022-02-03,59085,274722,48125883,34463222
2022-02-04,71310,268464,48197193,34731686
2022-02-05,82384,247907,48279577,34979593
2022-02-06,54547,115931,48334124,35095524
2022-02-07,64338,200182,48398462,35295706
2022-02-08,65982,186222,48464444,35481928
2022-02-09,57924,166308,48522368,35648236
2022-02-10,57652,162889,48580020,35811125
2022-02-11,61352,161948,48641372,35973073
2022-02-12,70950,151242,48712322,36124315
2022-02-13,40938,68324,48753260,36192639
2022-02-14,46590,113363,48799850,36306002