data_somministrazione,vaccinazioni,booster,cum_vaccinazioni,cum_booster
2020-12-27,20,0,20,0
2020-12-28,2,0,22,0
2020-12-29,1,0,23,0
2020-12-30,6,0,29,0
2020-12-31,69,0,98,0
2021-01-01,23,0,121,0
2021-01-02,109,0,230,0
2021-01-03,81,0,311,0
2021-01-04,203,0,514,0
2021-01-05,240,0,754,0
2021-01-06,205,0,959,0
2021-01-07,294,0,1253,0
2021-01-08,336,0,1589,0
2021-01-09,251,0,1840,0
2021-01-10,147,0,1987,0
2021-01-11,272,0,2259,0
2021-01-12,267,0,2526,0
2021-01-13,390,0,2916,0
2021-01-14,479,0,3395,0
2021-01-15,298,0,3693,0
2021-01-16,207,0,3900,0
2021-01-17,3058,0,6958,0
2021-01-18,5209,0,12167,0
2021-01-19,1892,0,14059,0
2021-01-20,4655,0,18714,0
2021-01-21,19998,0,38712,0
2021-01-22,14201,0,52913,0
2021-01-23,33330,0,86243,0
2021-01-24,30786,0,117029,0
2021-01-25,64724,0,181753,0
2021-01-26,76497,0,258250,0
2021-01-27,64834,0,323084,0
2021-01-28,89286,0,412370,0
2021-01-29,94019,0,506389,0
2021-01-30,86565,0,592954,0
2021-01-31,57332,0,650286,0
2021-02-01,81866,0,732152,0
2021-02-02,82144,0,814296,0
2021-02-03,91193,0,905489,0
2021-02-04,95399,0,1000888,0
2021-02-05,90274,0,1091162,0
2021-02-06,63448,0,1154610,0
2021-02-07,32929,0,1187539,0
2021-02-08,40431,0,1227970,0
2021-02-09,32867,0,1260837,0
2021-02-10,28421,0,1289258,0
2021-02-11,20393,0,1309651,0
2021-02-12,16230,0,1325881,0
2021-02-13,7257,0,1333138,0
2021-02-14,2861,0,1335999,0
2021-02-15,6839,0,1342838,0
2021-02-16,6994,0,1349832,0
2021-02-17,10520,0,1360352,0
2021-02-18,9249,0,1369601,0
2021-02-19,8242,0,1377843,0
2021-02-20,5549,0,1383392,0
2021-02-21,2990,0,1386382,0
2021-02-22,6882,0,1393264,0
2021-02-23,7165,0,1400429,0
2021-02-24,9825,0,1410254,0
2021-02-25,14204,0,1424458,0
2021-02-26,17555,0,1442013,0
2021-02-27,13906,0,1455919,0
2021-02-28,9384,0,1465303,0
2021-03-01,26509,0,1491812,0
2021-03-02,33237,0,1525049,0
2021-03-03,44644,0,1569693,0
2021-03-04,50290,0,1619983,0
2021-03-05,55735,0,1675718,0
2021-03-06,41876,0,1717594,0
2021-03-07,22324,0,1739918,0
2021-03-08,50798,0,1790716,0
2021-03-09,53064,0,1843780,0
2021-03-10,58631,0,1902411,0
2021-03-11,63845,0,1966256,0
2021-03-12,65103,0,2031359,0
2021-03-13,51711,0,2083070,0
2021-03-14,35389,0,2118459,0
2021-03-15,73430,0,2191889,0
2021-03-16,74023,0,2265912,0
2021-03-17,83132,0,2349044,0
2021-03-18,81626,0,2430670,0
2021-03-19,81079,0,2511749,0
2021-03-20,64714,0,2576463,0
2021-03-21,47290,0,2623753,0
2021-03-22,69471,0,2693224,0
2021-03-23,75785,0,2769009,0
2021-03-24,90896,0,2859905,0
2021-03-25,89791,0,2949696,0
2021-03-26,83611,0,3033307,0
2021-03-27,71927,0,3105234,0
2021-03-28,44135,0,3149369,0
2021-03-29,70814,0,3220183,0
2021-03-30,81371,0,3301554,0
2021-03-31,96222,0,3397776,0
2021-04-01,95297,0,3493073,0
2021-04-02,84064,0,3577137,0
2021-04-03,64297,0,3641434,0
2021-04-04,21717,0,3663151,0
2021-04-05,40299,0,3703450,0
2021-04-06,81307,0,3784757,0
2021-04-07,95817,0,3880574,0
2021-04-08,95226,0,3975800,0
2021-04-09,88483,0,4064283,0
2021-04-10,74028,0,4138311,0
2021-04-11,44757,0,4183068,0
2021-04-12,66909,0,4249977,0
2021-04-13,72567,0,4322544,0
2021-04-14,85525,0,4408069,0
2021-04-15,105403,0,4513472,0
2021-04-16,106412,0,4619884,0
2021-04-17,90496,0,4710380,0
2021-04-18,58581,0,4768961,0
2021-04-19,93425,0,4862386,0
2021-04-20,103761,0,4966147,0
2021-04-21,125336,0,5091483,0
2021-04-22,143501,0,5234984,0
2021-04-23,138722,0,5373706,0
2021-04-24,124438,0,5498144,0
2021-04-25,61452,0,5559596,0
2021-04-26,97879,0,5657475,0
2021-04-27,128352,0,5785827,0
2021-04-28,156356,0,5942183,0
2021-04-29,195582,0,6137765,0
2021-04-30,214553,0,6352318,0
2021-05-01,174098,0,6526416,0
2021-05-02,135798,0,6662214,0
2021-05-03,142009,0,6804223,0
2021-05-04,158681,0,6962904,0
2021-05-05,170476,0,7133380,0
2021-05-06,197791,0,7331171,0
2021-05-07,213821,0,7544992,0
2021-05-08,213391,0,7758383,0
2021-05-09,143197,0,7901580,0
2021-05-10,165084,0,8066664,0
2021-05-11,174966,0,8241630,0
2021-05-12,179164,0,8420794,0
2021-05-13,203371,0,8624165,0
2021-05-14,222894,0,8847059,0
2021-05-15,210352,0,9057411,0
2021-05-16,159268,0,9216679,0
2021-05-17,219184,0,9435863,0
2021-05-18,213005,0,9648868,0
2021-05-19,207067,0,9855935,0
2021-05-20,270841,0,10126776,0
2021-05-21,270868,0,10397644,0
2021-05-22,245515,0,10643159,0
2021-05-23,197172,0,10840331,0
2021-05-24,228299,0,11068630,0
2021-05-25,245689,0,11314319,0
2021-05-26,277481,0,11591800,0
2021-05-27,311078,0,11902878,0
2021-05-28,299564,0,12202442,0
2021-05-29,231209,0,12433651,0
2021-05-30,170832,0,12604483,0
2021-05-31,216413,0,12820896,0
2021-06-01,207624,0,13028520,0
2021-06-02,115781,0,13144301,0
2021-06-03,180120,0,13324421,0
2021-06-04,184861,0,13509282,0
2021-06-05,185944,0,13695226,0
2021-06-06,139527,0,13834753,0
2021-06-07,161857,0,13996610,0
2021-06-08,171183,0,14167793,0
2021-06-09,171450,0,14339243,0
2021-06-10,174061,0,14513304,0
2021-06-11,169954,0,14683258,0
2021-06-12,128315,0,14811573,0
2021-06-13,91152,0,14902725,0
2021-06-14,214659,0,15117384,0
2021-06-15,228396,0,15345780,0
2021-06-16,253048,0,15598828,0
2021-06-17,301712,0,15900540,0
2021-06-18,306276,0,16206816,0
2021-06-19,275068,0,16481884,0
2021-06-20,220738,0,16702622,0
2021-06-21,288055,0,16990677,0
2021-06-22,296191,0,17286868,0
2021-06-23,302666,0,17589534,0
2021-06-24,332562,0,17922096,0
2021-06-25,348689,0,18270785,0
2021-06-26,300086,0,18570871,0
2021-06-27,228622,0,18799493,0
2021-06-28,307053,0,19106546,0
2021-06-29,329251,0,19435797,0
2021-06-30,342116,0,19777913,0
2021-07-01,363176,0,20141089,0
2021-07-02,368438,0,20509527,0
2021-07-03,371069,0,20880596,0
2021-07-04,283196,0,21163792,0
2021-07-05,384512,0,21548304,0
2021-07-06,385433,0,21933737,0
2021-07-07,412072,0,22345809,0
2021-07-08,479611,0,22825420,0
2021-07-09,498476,0,23323896,0
2021-07-10,475174,0,23799070,0
2021-07-11,357692,0,24156762,0
2021-07-12,485891,0,24642653,0
2021-07-13,492135,0,25134788,0
2021-07-14,480471,0,25615259,0
2021-07-15,523469,0,26138728,0
2021-07-16,509770,0,26648498,0
2021-07-17,464354,0,27112852,0
2021-07-18,364683,0,27477535,0
2021-07-19,463066,0,27940601,0
2021-07-20,458081,0,28398682,0
2021-07-21,462805,0,28861487,0
2021-07-22,475396,0,29336883,0
2021-07-23,441297,0,29778180,0
2021-07-24,386179,0,30164359,0
2021-07-25,287581,0,30451940,0
2021-07-26,430875,0,30882815,0
2021-07-27,440117,0,31322932,0
2021-07-28,391006,0,31713938,0
2021-07-29,372076,0,32086014,0
2021-07-30,341510,0,32427524,0
2021-07-31,287025,0,32714549,0
2021-08-01,191017,0,32905566,0
2021-08-02,333724,0,33239290,0
2021-08-03,323190,0,33562480,0
2021-08-04,310970,0,33873450,0
2021-08-05,292501,0,34165951,0
2021-08-06,260010,0,34425961,0
2021-08-07,199051,0,34625012,0
2021-08-08,153107,0,34778119,0
2021-08-09,234077,0,35012196,0
2021-08-10,205247,0,35217443,0
2021-08-11,193762,0,35411205,0
2021-08-12,168000,0,35579205,0
2021-08-13,148608,0,35727813,0
2021-08-14,66089,0,35793902,0
2021-08-15,26336,0,35820238,0
2021-08-16,114685,0,35934923,0
2021-08-17,129243,0,36064166,0
2021-08-18,128743,0,36192909,0
2021-08-19,124801,0,36317710,0
2021-08-20,123795,0,36441505,0
2021-08-21,83123,0,36524628,0
2021-08-22,68169,0,36592797,0
2021-08-23,176872,0,36769669,0
2021-08-24,156902,0,36926571,0
2021-08-25,177170,0,37103741,0
2021-08-26,172348,0,37276089,0
2021-08-27,185841,0,37461930,0
2021-08-28,140271,0,37602201,0
2021-08-29,98996,0,37701197,0
2021-08-30,209628,0,37910825,0
2021-08-31,194639,0,38105464,0
2021-09-01,192215,0,38297679,0
2021-09-02,189940,0,38487619,0
2021-09-03,191334,0,38678953,0
2021-09-04,131476,0,38810429,0
2021-09-05,87864,0,38898293,0
2021-09-06,193644,0,39091937,0
2021-09-07,196051,0,39287988,0
2021-09-08,187900,0,39475888,0
2021-09-09,201462,0,39677350,0
2021-09-10,198100,0,39875450,0
2021-09-11,141321,0,40016771,0
2021-09-12,89601,0,40106372,0
2021-09-13,191156,565,40297528,565
2021-09-14,177250,584,40474778,1149
2021-09-15,163111,594,40637889,1743
2021-09-16,160088,934,40797977,2677
2021-09-17,150176,1119,40948153,3796
2021-09-18,127975,745,41076128,4541
2021-09-19,81132,497,41157260,5038
2021-09-20,180078,9080,41337338,14118
2021-09-21,166646,8832,41503984,22950
2021-09-22,159083,9442,41663067,32392
2021-09-23,138081,9328,41801148,41720
2021-09-24,140537,8963,41941685,50683
2021-09-25,119554,5642,42061239,56325
2021-09-26,71963,4342,42133202,60667
2021-09-27,135649,10049,42268851,70716
2021-09-28,117499,11391,42386350,82107
2021-09-29,112343,11827,42498693,93934
2021-09-30,110234,14956,42608927,108890
2021-10-01,94980,19110,42703907,128000
2021-10-02,78489,14019,42782396,142019
2021-10-03,47739,7659,42830135,149678
2021-10-04,88375,34448,42918510,184126
2021-10-05,80368,33972,42998878,218098
2021-10-06,71986,34165,43070864,252263
2021-10-07,71856,34349,43142720,286612
2021-10-08,80630,33590,43223350,320202
2021-10-09,76104,22171,43299454,342373
2021-10-10,45775,13618,43345229,355991
2021-10-11,87425,41108,43432654,397099
2021-10-12,84492,46904,43517146,444003
2021-10-13,88196,52118,43605342,496121
2021-10-14,91535,58514,43696877,554635
2021-10-15,93601,55632,43790478,610267
2021-10-16,82969,36784,43873447,647051
2021-10-17,51467,23827,43924914,670878
2021-10-18,90303,59483,44015217,730361
2021-10-19,78347,69376,44093564,799737
2021-10-20,75077,78168,44168641,877905
2021-10-21,78297,81757,44246938,959662
2021-10-22,73787,77025,44320725,1036687
2021-10-23,60818,51958,44381543,1088645
2021-10-24,33377,23457,44414920,1112102
2021-10-25,64908,81623,44479828,1193725
2021-10-26,58371,91785,44538199,1285510
2021-10-27,58331,103971,44596530,1389481
2021-10-28,61468,114104,44657998,1503585
2021-10-29,61651,103122,44719649,1606707
2021-10-30,50673,68116,44770322,1674823
2021-10-31,25162,28291,44795484,1703114
2021-11-01,19047,28148,44814531,1731262
2021-11-02,62757,89379,44877288,1820641
2021-11-03,60733,118657,44938021,1939298
2021-11-04,59241,126666,44997262,2065964
2021-11-05,63097,135171,45060359,2201135
2021-11-06,46475,90925,45106834,2292060
2021-11-07,22252,37895,45129086,2329955
2021-11-08,51529,131267,45180615,2461222
2021-11-09,45401,144202,45226016,2605424
2021-11-10,42585,156346,45268601,2761770
2021-11-11,44934,155132,45313535,2916902
2021-11-12,46370,158577,45359905,3075479
2021-11-13,33258,116651,45393163,3192130
2021-11-14,14484,52445,45407647,3244575
2021-11-15,36894,157426,45444541,3402001
2021-11-16,30553,171375,45475094,3573376
2021-11-17,28455,178439,45503549,3751815
2021-11-18,30285,193716,45533834,3945531
2021-11-19,28802,205851,45562636,4151382
2021-11-20,20995,156437,45583631,4307819
2021-11-21,10609,64858,45594240,4372677
2021-11-22,21936,213139,45616176,4585816
2021-11-23,23576,241744,45639752,4827560
2021-11-24,27842,270948,45667594,5098508
2021-11-25,23232,301910,45690826,5400418
2021-11-26,24588,318267,45715414,5718685
2021-11-27,21381,266149,45736795,5984834
2021-11-28,9898,137057,45746693,6121891
2021-11-29,22329,326065,45769022,6447956
2021-11-30,23091,365824,45792113,6813780
2021-12-01,21523,413500,45813636,7227280
2021-12-02,23765,440375,45837401,7667655
2021-12-03,25259,467460,45862660,8135115
2021-12-04,22366,418730,45885026,8553845
2021-12-05,11926,261329,45896952,8815174
2021-12-06,25821,457569,45922773,9272743
2021-12-07,24131,480253,45946904,9752996
2021-12-08,10005,249682,45956909,10002678
2021-12-09,31580,491909,45988489,10494587
2021-12-10,28067,517867,46016556,11012454
2021-12-11,23560,459242,46040116,11471696
2021-12-12,12306,293492,46052422,11765188
2021-12-13,26151,467620,46078573,12232808
2021-12-14,25173,494189,46103746,12726997
2021-12-15,25335,517131,46129081,13244128
2021-12-16,27881,520238,46156962,13764366
2021-12-17,29366,517161,46186328,14281527
2021-12-18,27054,468715,46213382,14750242
2021-12-19,15142,300515,46228524,15050757
2021-12-20,30618,477481,46259142,15528238
2021-12-21,30371,493376,46289513,16021614
2021-12-22,29440,484703,46318953,16506317
2021-12-23,28242,426891,46347195,16933208
2021-12-24,13112,210823,46360307,17144031
2021-12-25,2101,33053,46362408,17177084
2021-12-26,8759,159066,46371167,17336150
2021-12-27,46784,504654,46417951,17840804
2021-12-28,42441,554208,46460392,18395012
2021-12-29,34343,550634,46494735,18945646
2021-12-30,31827,499820,46526562,19445466
2021-12-31,14115,247389,46540677,19692855
2022-01-01,3495,64814,46544172,19757669
2022-01-02,22761,276718,46566933,20034387
2022-01-03,47844,520006,46614777,20554393
2022-01-04,46347,572078,46661124,21126471
2022-01-05,40731,560394,46701855,21686865
2022-01-06,23475,274483,46725330,21961348
2022-01-07,63686,554179,46789016,22515527
2022-01-08,60825,503375,46849841,23018902
2022-01-09,42828,319684,46892669,23338586
2022-01-10,61061,542282,46953730,23880868
2022-01-11,61700,586984,47015430,24467852
2022-01-12,58419,581273,47073849,25049125
2022-01-13,58591,580374,47132440,25629499
2022-01-14,46765,588559,47179205,26218058
2022-01-15,39378,569932,47218583,26787990
2022-01-16,31193,341848,47249776,27129838
2022-01-17,54755,489649,47304531,27619487
2022-01-18,58370,517007,47362901,28136494
2022-01-19,57178,502774,47420079,28639268
2022-01-20,54325,498812,47474404,29138080
2022-01-21,42064,493866,47516468,29631946
2022-01-22,31165,469591,47547633,30101537
2022-01-23,34917,275359,47582550,30376896
2022-01-24,56169,437208,47638719,30814104
2022-01-25,61535,452095,47700254,31266199
2022-01-26,58526,435821,47758780,31702020
2022-01-27,48818,432353,47807598,32134373
2022-01-28,58682,436530,47866280,32570903
2022-01-29,68110,412483,47934390,32983386
2022-01-30,50366,235963,47984756,33219349
2022-01-31,60611,356925,48045367,33576274
2022-02-01,65531,328436,48110898,33904710
2022-02-02,63180,296966,48174078,34201676
2022-02-03,60045,274512,48234123,34476188
2022-02-04,72365,268451,48306488,34744639
2022-02-05,83756,248528,48390244,34993167
2022-02-06,55275,116200,48445519,35109367
2022-02-07,65128,199936,48510647,35309303
2022-02-08,66920,186105,48577567,35495408
2022-02-09,58752,166332,48636319,35661740
2022-02-10,58553,163232,48694872,35824972
2022-02-11,62234,162453,48757106,35987425
2022-02-12,71967,152136,48829073,36139561
2022-02-13,41468,68847,48870541,36208408
2022-02-14,46680,116186,48917221,36324594
2022-02-15,48520,123478,48965741,36448072
2022-02-16,45667,106113,49011408,36554185
2022-02-17,42854,98102,49054262,36652287
2022-02-18,46610,112569,49100872,36764856
2022-02-19,52521,100327,49153393,36865183
2022-02-20,31411,40359,49184804,36905542
2022-02-21,37884,89642,49222688,36995184
2022-02-22,37216,83770,49259904,37078954
2022-02-23,33385,79403,49293289,37158357
2022-02-24,32551,78158,49325840,37236515
2022-02-25,34754,90708,49360594,37327223
2022-02-26,39152,89131,49399746,37416354
2022-02-27,22540,35856,49422286,37452210
2022-02-28,28472,81684,49450758,37533894
2022-03-01,22711,53939,49473469,37587833
2022-03-02,21990,50627,49495459,37638460
2022-03-03,22606,54940,49518065,37693400
2022-03-04,23219,62791,49541284,37756191
2022-03-05,23790,57951,49565074,37814142
2022-03-06,9471,17200,49574545,37831342
2022-03-07,15907,51386,49590452,37882728
2022-03-08,15469,48794,49605921,37931522
2022-03-09,13809,46513,49619730,37978035
2022-03-10,14041,52115,49633771,38030150
2022-03-11,15576,57254,49649347,38087404
2022-03-12,15495,56614,49664842,38144018
2022-03-13,5543,16849,49670385,38160867
2022-03-14,10519,46693,49680904,38207560
2022-03-15,10536,46889,49691440,38254449
2022-03-16,9475,41975,49700915,38296424
2022-03-17,9706,44871,49710621,38341295
2022-03-18,10154,49052,49720775,38390347
2022-03-19,9146,46530,49729921,38436877
2022-03-20,2608,11700,49732529,38448577
2022-03-21,7577,40223,49740106,38488800
2022-03-22,8446,37753,49748552,38526553
2022-03-23,7209,33699,49755761,38560252
2022-03-24,8252,38797,49764013,38599049
2022-03-25,8131,43660,49772144,38642709
2022-03-26,8124,41721,49780268,38684430
2022-03-27,2429,9681,49782697,38694111
2022-03-28,6103,35232,49788800,38729343
2022-03-29,5773,32525,49794573,38761868
2022-03-30,5559,30198,49800132,38792066
2022-03-31,5888,33175,49806020,38825241
2022-04-01,4344,25188,49810364,38850429
2022-04-02,4490,23274,49814854,38873703
2022-04-03,1049,4499,49815903,38878202
2022-04-04,3654,21533,49819557,38899735
2022-04-05,3751,22925,49823308,38922660
2022-04-06,4099,21847,49827407,38944507
2022-04-07,3962,23320,49831369,38967827
2022-04-08,4688,26709,49836057,38994536
2022-04-09,4380,23884,49840437,39018420
2022-04-10,891,4614,49841328,39023034
2022-04-11,3812,22685,49845140,39045719
2022-04-12,3358,21779,49848498,39067498
2022-04-13,3561,21333,49852059,39088831
2022-04-14,3484,23775,49855543,39112606
2022-04-15,3079,20617,49858622,39133223
2022-04-16,2148,11919,49860770,39145142
2022-04-17,63,348,49860833,39145490
2022-04-18,149,650,49860982,39146140
2022-04-19,3491,21977,49864473,39168117
2022-04-20,3502,20248,49867975,39188365
2022-04-21,2840,19780,49870815,39208145
2022-04-22,2924,20696,49873739,39228841
2022-04-23,2638,16212,49876377,39245053
2022-04-24,509,2335,49876886,39247388
2022-04-25,183,1165,49877069,39248553
2022-04-26,2760,17793,49879829,39266346
2022-04-27,2371,15785,49882200,39282131
2022-04-28,2355,15553,49884555,39297684
2022-04-29,2292,14835,49886847,39312519
2022-04-30,2121,11576,49888968,39324095
2022-05-01,113,530,49889081,39324625
2022-05-02,1447,9385,49890528,39334010
2022-05-03,1574,10310,49892102,39344320
2022-05-04,1746,10258,49893848,39354578
2022-05-05,1651,10274,49895499,39364852
2022-05-06,1698,10946,49897197,39375798
2022-05-07,1431,8562,49898628,39384360
2022-05-08,404,1514,49899032,39385874
2022-05-09,1024,8917,49900056,39394791
2022-05-10,1422,9540,49901478,39404331
2022-05-11,1481,10088,49902959,39414419
2022-05-12,1368,10117,49904327,39424536
2022-05-13,1588,10511,49905915,39435047
2022-05-14,1356,8228,49907271,39443275
2022-05-15,336,1129,49907607,39444404
2022-05-16,812,8391,49908419,39452795
2022-05-17,1242,8673,49909661,39461468
2022-05-18,1369,9217,49911030,39470685
2022-05-19,1500,9269,49912530,39479954
2022-05-20,1419,9495,49913949,39489449
2022-05-21,1299,7892,49915248,39497341
2022-05-22,231,1012,49915479,39498353
2022-05-23,827,8261,49916306,39506614
2022-05-24,1070,8666,49917376,39515280
2022-05-25,1366,9446,49918742,39524726
2022-05-26,1193,9454,49919935,39534180
2022-05-27,1226,9911,49921161,39544091
2022-05-28,1202,7873,49922363,39551964
2022-05-29,285,1264,49922648,39553228
2022-05-30,930,8028,49923578,39561256
2022-05-31,1033,8532,49924611,39569788
2022-06-01,891,7644,49925502,39577432
2022-06-02,35,474,49925537,39577906
2022-06-03,814,7328,49926351,39585234
2022-06-04,870,5155,49927221,39590389
2022-06-05,89,586,49927310,39590975
2022-06-06,674,6984,49927984,39597959
2022-06-07,931,7842,49928915,39605801
2022-06-08,982,7900,49929897,39613701
2022-06-09,1036,8400,49930933,39622101
2022-06-10,957,8550,49931890,39630651
2022-06-11,900,6206,49932790,39636857
2022-06-12,140,767,49932930,39637624
2022-06-13,603,6295,49933533,39643919
2022-06-14,826,7881,49934359,39651800
2022-06-15,953,7843,49935312,39659643
2022-06-16,729,7389,49936041,39667032
2022-06-17,720,7240,49936761,39674272
2022-06-18,777,5588,49937538,39679860
2022-06-19,47,522,49937585,39680382
2022-06-20,588,6694,49938173,39687076
2022-06-21,733,7647,49938906,39694723
2022-06-22,780,7305,49939686,39702028
2022-06-23,650,7459,49940336,39709487
2022-06-24,643,7473,49940979,39716960
2022-06-25,835,6532,49941814,39723492
2022-06-26,128,523,49941942,39724015
2022-06-27,532,7120,49942474,39731135
2022-06-28,745,8193,49943219,39739328
2022-06-29,754,7719,49943973,39747047
2022-06-30,744,8132,49944717,39755179
2022-07-01,576,6437,49945293,39761616
2022-07-02,536,4766,49945829,39766382
2022-07-03,49,456,49945878,39766838
2022-07-04,470,6274,49946348,39773112
2022-07-05,628,8112,49946976,39781224
2022-07-06,630,7606,49947606,39788830
2022-07-07,568,8259,49948174,39797089
2022-07-08,670,8078,49948844,39805167
2022-07-09,549,6103,49949393,39811270
2022-07-10,58,533,49949451,39811803
2022-07-11,487,7637,49949938,39819440
2022-07-12,664,9026,49950602,39828466
2022-07-13,639,10058,49951241,39838524
2022-07-14,636,10219,49951877,39848743
2022-07-15,623,10664,49952500,39859407
2022-07-16,522,7208,49953022,39866615
2022-07-17,48,769,49953070,39867384
2022-07-18,497,9350,49953567,39876734
2022-07-19,574,10649,49954141,39887383
2022-07-20,576,11258,49954717,39898641
2022-07-21,625,12039,49955342,39910680
2022-07-22,581,11225,49955923,39921905
2022-07-23,379,6740,49956302,39928645
2022-07-24,76,834,49956378,39929479
2022-07-25,501,9032,49956879,39938511
2022-07-26,519,9723,49957398,39948234
2022-07-27,549,10154,49957947,39958388
2022-07-28,527,10481,49958474,39968869
2022-07-29,510,9422,49958984,39978291
2022-07-30,380,5851,49959364,39984142
2022-07-31,49,745,49959413,39984887
2022-08-01,386,6823,49959799,39991710
2022-08-02,539,7518,49960338,39999228
2022-08-03,510,7143,49960848,40006371
2022-08-04,452,7426,49961300,40013797
2022-08-05,416,6484,49961716,40020281
2022-08-06,298,3581,49962014,40023862
2022-08-07,44,551,49962058,40024413
2022-08-08,402,4873,49962460,40029286
2022-08-09,383,5267,49962843,40034553
2022-08-10,375,4785,49963218,40039338
2022-08-11,364,4756,49963582,40044094
2022-08-12,287,3701,49963869,40047795
2022-08-13,143,1596,49964012,40049391
2022-08-14,9,128,49964021,40049519
2022-08-15,1,26,49964022,40049545
2022-08-16,282,3025,49964304,40052570
2022-08-17,351,3513,49964655,40056083
2022-08-18,388,4142,49965043,40060225
2022-08-19,339,3306,49965382,40063531
2022-08-20,182,1711,49965564,40065242
2022-08-21,24,146,49965588,40065388
2022-08-22,327,2929,49965915,40068317
2022-08-23,371,3647,49966286,40071964
2022-08-24,381,3332,49966667,40075296
2022-08-25,419,3726,49967086,40079022
2022-08-26,394,3545,49967480,40082567
2022-08-27,234,1767,49967714,40084334
2022-08-28,29,260,49967743,40084594
2022-08-29,353,3135,49968096,40087729
2022-08-30,400,3636,49968496,40091365
2022-08-31,432,3699,49968928,40095064
2022-09-01,351,3062,49969279,40098126
2022-09-02,290,2865,49969569,40100991
2022-09-03,198,1683,49969767,40102674
2022-09-04,22,147,49969789,40102821
2022-09-05,185,2619,49969974,40105440
2022-09-06,300,2958,49970274,40108398
2022-09-07,537,2898,49970811,40111296
2022-09-08,283,2933,49971094,40114229
2022-09-09,297,2840,49971391,40117069
2022-09-10,226,1323,49971617,40118392
2022-09-11,21,122,49971638,40118514
2022-09-12,264,2183,49971902,40120697
2022-09-13,242,2215,49972144,40122912
2022-09-14,256,2500,49972400,40125412
2022-09-15,273,2395,49972673,40127807
2022-09-16,246,2403,49972919,40130210
2022-09-17,237,1302,49973156,40131512
2022-09-18,19,170,49973175,40131682
2022-09-19,203,1859,49973378,40133541
2022-09-20,229,2241,49973607,40135782
2022-09-21,258,2100,49973865,40137882
2022-09-22,231,2162,49974096,40140044
2022-09-23,211,1215,49974307,40141259
2022-09-24,183,1164,49974490,40142423
2022-09-25,17,117,49974507,40142540