data_somministrazione,vaccinazioni,booster,cum_vaccinazioni,cum_booster
2020-12-27,18,0,18,0
2020-12-28,2,0,20,0
2020-12-29,1,0,21,0
2020-12-30,6,0,27,0
2020-12-31,52,0,79,0
2021-01-01,20,0,99,0
2021-01-02,88,0,187,0
2021-01-03,67,0,254,0
2021-01-04,182,0,436,0
2021-01-05,223,0,659,0
2021-01-06,176,0,835,0
2021-01-07,264,0,1099,0
2021-01-08,311,0,1410,0
2021-01-09,232,0,1642,0
2021-01-10,138,0,1780,0
2021-01-11,254,0,2034,0
2021-01-12,258,0,2292,0
2021-01-13,370,0,2662,0
2021-01-14,460,0,3122,0
2021-01-15,282,0,3404,0
2021-01-16,196,0,3600,0
2021-01-17,3054,0,6654,0
2021-01-18,5205,0,11859,0
2021-01-19,1890,0,13749,0
2021-01-20,4650,0,18399,0
2021-01-21,20009,0,38408,0
2021-01-22,14201,0,52609,0
2021-01-23,33341,0,85950,0
2021-01-24,30794,0,116744,0
2021-01-25,64745,0,181489,0
2021-01-26,76508,0,257997,0
2021-01-27,64856,0,322853,0
2021-01-28,89315,0,412168,0
2021-01-29,94047,0,506215,0
2021-01-30,86586,0,592801,0
2021-01-31,57345,0,650146,0
2021-02-01,81881,0,732027,0
2021-02-02,82149,0,814176,0
2021-02-03,91201,0,905377,0
2021-02-04,95405,0,1000782,0
2021-02-05,90292,0,1091074,0
2021-02-06,63451,0,1154525,0
2021-02-07,32925,0,1187450,0
2021-02-08,40433,0,1227883,0
2021-02-09,32862,0,1260745,0
2021-02-10,28413,0,1289158,0
2021-02-11,20379,0,1309537,0
2021-02-12,16220,0,1325757,0
2021-02-13,7241,0,1332998,0
2021-02-14,2861,0,1335859,0
2021-02-15,6835,0,1342694,0
2021-02-16,6991,0,1349685,0
2021-02-17,10517,0,1360202,0
2021-02-18,9241,0,1369443,0
2021-02-19,8231,0,1377674,0
2021-02-20,5531,0,1383205,0
2021-02-21,2976,0,1386181,0
2021-02-22,6875,0,1393056,0
2021-02-23,7153,0,1400209,0
2021-02-24,9822,0,1410031,0
2021-02-25,14197,0,1424228,0
2021-02-26,17544,0,1441772,0
2021-02-27,13894,0,1455666,0
2021-02-28,9382,0,1465048,0
2021-03-01,26505,0,1491553,0
2021-03-02,33230,0,1524783,0
2021-03-03,44642,0,1569425,0
2021-03-04,50289,0,1619714,0
2021-03-05,55734,0,1675448,0
2021-03-06,41868,0,1717316,0
2021-03-07,22318,0,1739634,0
2021-03-08,50786,0,1790420,0
2021-03-09,53054,0,1843474,0
2021-03-10,58614,0,1902088,0
2021-03-11,63820,0,1965908,0
2021-03-12,65085,0,2030993,0
2021-03-13,51695,0,2082688,0
2021-03-14,35382,0,2118070,0
2021-03-15,73419,0,2191489,0
2021-03-16,74021,0,2265510,0
2021-03-17,83126,0,2348636,0
2021-03-18,81616,0,2430252,0
2021-03-19,81078,0,2511330,0
2021-03-20,64700,0,2576030,0
2021-03-21,47284,0,2623314,0
2021-03-22,69464,0,2692778,0
2021-03-23,75773,0,2768551,0
2021-03-24,90874,0,2859425,0
2021-03-25,89774,0,2949199,0
2021-03-26,83588,0,3032787,0
2021-03-27,71902,0,3104689,0
2021-03-28,44112,0,3148801,0
2021-03-29,70795,0,3219596,0
2021-03-30,81344,0,3300940,0
2021-03-31,96196,0,3397136,0
2021-04-01,95284,0,3492420,0
2021-04-02,84060,0,3576480,0
2021-04-03,64291,0,3640771,0
2021-04-04,21713,0,3662484,0
2021-04-05,40293,0,3702777,0
2021-04-06,81288,0,3784065,0
2021-04-07,95790,0,3879855,0
2021-04-08,95215,0,3975070,0
2021-04-09,88465,0,4063535,0
2021-04-10,74012,0,4137547,0
2021-04-11,44740,0,4182287,0
2021-04-12,66898,0,4249185,0
2021-04-13,72551,0,4321736,0
2021-04-14,85512,0,4407248,0
2021-04-15,105391,0,4512639,0
2021-04-16,106397,0,4619036,0
2021-04-17,90473,0,4709509,0
2021-04-18,58580,0,4768089,0
2021-04-19,93425,0,4861514,0
2021-04-20,103753,0,4965267,0
2021-04-21,125319,0,5090586,0
2021-04-22,143499,0,5234085,0
2021-04-23,138702,0,5372787,0
2021-04-24,124425,0,5497212,0
2021-04-25,61445,0,5558657,0
2021-04-26,97867,0,5656524,0
2021-04-27,128343,0,5784867,0
2021-04-28,156341,0,5941208,0
2021-04-29,195564,0,6136772,0
2021-04-30,214544,0,6351316,0
2021-05-01,174081,0,6525397,0
2021-05-02,135783,0,6661180,0
2021-05-03,141989,0,6803169,0
2021-05-04,158673,0,6961842,0
2021-05-05,170455,0,7132297,0
2021-05-06,197778,0,7330075,0
2021-05-07,213782,0,7543857,0
2021-05-08,213364,0,7757221,0
2021-05-09,143186,0,7900407,0
2021-05-10,165060,0,8065467,0
2021-05-11,174933,0,8240400,0
2021-05-12,179126,0,8419526,0
2021-05-13,203337,0,8622863,0
2021-05-14,222874,0,8845737,0
2021-05-15,210314,0,9056051,0
2021-05-16,159248,0,9215299,0
2021-05-17,219166,0,9434465,0
2021-05-18,212987,0,9647452,0
2021-05-19,207045,0,9854497,0
2021-05-20,270827,0,10125324,0
2021-05-21,270840,0,10396164,0
2021-05-22,245501,0,10641665,0
2021-05-23,197164,0,10838829,0
2021-05-24,228275,0,11067104,0
2021-05-25,245666,0,11312770,0
2021-05-26,277465,0,11590235,0
2021-05-27,311056,0,11901291,0
2021-05-28,299537,0,12200828,0
2021-05-29,231180,0,12432008,0
2021-05-30,170806,0,12602814,0
2021-05-31,216382,0,12819196,0
2021-06-01,207616,0,13026812,0
2021-06-02,115748,0,13142560,0
2021-06-03,180070,0,13322630,0
2021-06-04,184817,0,13507447,0
2021-06-05,185891,0,13693338,0
2021-06-06,139486,0,13832824,0
2021-06-07,161790,0,13994614,0
2021-06-08,171118,0,14165732,0
2021-06-09,171383,0,14337115,0
2021-06-10,173983,0,14511098,0
2021-06-11,169895,0,14680993,0
2021-06-12,128269,0,14809262,0
2021-06-13,91111,0,14900373,0
2021-06-14,214609,0,15114982,0
2021-06-15,228345,0,15343327,0
2021-06-16,253002,0,15596329,0
2021-06-17,301668,0,15897997,0
2021-06-18,306222,0,16204219,0
2021-06-19,275025,0,16479244,0
2021-06-20,220694,0,16699938,0
2021-06-21,288009,0,16987947,0
2021-06-22,296157,0,17284104,0
2021-06-23,302644,0,17586748,0
2021-06-24,332525,0,17919273,0
2021-06-25,348674,0,18267947,0
2021-06-26,300073,0,18568020,0
2021-06-27,228595,0,18796615,0
2021-06-28,307009,0,19103624,0
2021-06-29,329201,0,19432825,0
2021-06-30,342068,0,19774893,0
2021-07-01,363126,0,20138019,0
2021-07-02,368414,0,20506433,0
2021-07-03,371052,0,20877485,0
2021-07-04,283182,0,21160667,0
2021-07-05,384492,0,21545159,0
2021-07-06,385412,0,21930571,0
2021-07-07,412043,0,22342614,0
2021-07-08,479629,0,22822243,0
2021-07-09,498504,0,23320747,0
2021-07-10,475179,0,23795926,0
2021-07-11,357701,0,24153627,0
2021-07-12,485920,0,24639547,0
2021-07-13,492157,0,25131704,0
2021-07-14,480487,0,25612191,0
2021-07-15,523520,0,26135711,0
2021-07-16,509791,0,26645502,0
2021-07-17,464382,0,27109884,0
2021-07-18,364705,0,27474589,0
2021-07-19,463085,0,27937674,0
2021-07-20,458103,0,28395777,0
2021-07-21,462820,0,28858597,0
2021-07-22,475394,0,29333991,0
2021-07-23,441311,0,29775302,0
2021-07-24,386189,0,30161491,0
2021-07-25,287613,0,30449104,0
2021-07-26,430911,0,30880015,0
2021-07-27,440130,0,31320145,0
2021-07-28,391026,0,31711171,0
2021-07-29,372082,0,32083253,0
2021-07-30,341479,0,32424732,0
2021-07-31,286992,0,32711724,0
2021-08-01,191015,0,32902739,0
2021-08-02,333719,0,33236458,0
2021-08-03,323179,0,33559637,0
2021-08-04,310965,0,33870602,0
2021-08-05,292513,0,34163115,0
2021-08-06,259990,0,34423105,0
2021-08-07,199028,0,34622133,0
2021-08-08,153102,0,34775235,0
2021-08-09,234064,0,35009299,0
2021-08-10,205240,0,35214539,0
2021-08-11,193733,0,35408272,0
2021-08-12,167945,0,35576217,0
2021-08-13,148576,0,35724793,0
2021-08-14,66082,0,35790875,0
2021-08-15,26329,0,35817204,0
2021-08-16,114662,0,35931866,0
2021-08-17,129227,0,36061093,0
2021-08-18,128719,0,36189812,0
2021-08-19,124767,0,36314579,0
2021-08-20,123771,0,36438350,0
2021-08-21,83099,0,36521449,0
2021-08-22,68159,0,36589608,0
2021-08-23,176862,0,36766470,0
2021-08-24,156895,0,36923365,0
2021-08-25,177165,0,37100530,0
2021-08-26,172341,0,37272871,0
2021-08-27,185857,0,37458728,0
2021-08-28,140263,0,37598991,0
2021-08-29,99012,0,37698003,0
2021-08-30,209626,0,37907629,0
2021-08-31,194620,0,38102249,0
2021-09-01,192210,0,38294459,0
2021-09-02,189937,0,38484396,0
2021-09-03,191353,0,38675749,0
2021-09-04,131492,0,38807241,0
2021-09-05,87873,0,38895114,0
2021-09-06,193661,0,39088775,0
2021-09-07,196074,0,39284849,0
2021-09-08,187916,0,39472765,0
2021-09-09,201487,0,39674252,0
2021-09-10,198120,0,39872372,0
2021-09-11,141336,0,40013708,0
2021-09-12,89606,0,40103314,0
2021-09-13,191190,516,40294504,516
2021-09-14,177275,552,40471779,1068
2021-09-15,163129,553,40634908,1621
2021-09-16,160099,896,40795007,2517
2021-09-17,150167,1092,40945174,3609
2021-09-18,127974,714,41073148,4323
2021-09-19,81133,478,41154281,4801
2021-09-20,180076,9048,41334357,13849
2021-09-21,166611,8814,41500968,22663
2021-09-22,159063,9415,41660031,32078
2021-09-23,138065,9308,41798096,41386
2021-09-24,140530,8940,41938626,50326
2021-09-25,119532,5622,42058158,55948
2021-09-26,71944,4332,42130102,60280
2021-09-27,135614,10032,42265716,70312
2021-09-28,117467,11369,42383183,81681
2021-09-29,112304,11820,42495487,93501
2021-09-30,110214,14927,42605701,108428
2021-10-01,94952,19096,42700653,127524
2021-10-02,78456,14010,42779109,141534
2021-10-03,47712,7651,42826821,149185
2021-10-04,88369,34436,42915190,183621
2021-10-05,80351,33962,42995541,217583
2021-10-06,71967,34144,43067508,251727
2021-10-07,71834,34334,43139342,286061
2021-10-08,80610,33579,43219952,319640
2021-10-09,76090,22158,43296042,341798
2021-10-10,45768,13609,43341810,355407
2021-10-11,87393,41093,43429203,396500
2021-10-12,84476,46884,43513679,443384
2021-10-13,88180,52095,43601859,495479
2021-10-14,91505,58488,43693364,553967
2021-10-15,93575,55603,43786939,609570
2021-10-16,82950,36768,43869889,646338
2021-10-17,51456,23818,43921345,670156
2021-10-18,90278,59467,44011623,729623
2021-10-19,78333,69360,44089956,798983
2021-10-20,75072,78140,44165028,877123
2021-10-21,78303,81732,44243331,958855
2021-10-22,73795,77005,44317126,1035860
2021-10-23,60809,51945,44377935,1087805
2021-10-24,33387,23436,44411322,1111241
2021-10-25,64899,81614,44476221,1192855
2021-10-26,58368,91765,44534589,1284620
2021-10-27,58326,103946,44592915,1388566
2021-10-28,61459,114089,44654374,1502655
2021-10-29,61667,103089,44716041,1605744
2021-10-30,50672,68104,44766713,1673848
2021-10-31,25168,28280,44791881,1702128
2021-11-01,19046,28145,44810927,1730273
2021-11-02,62778,89349,44873705,1819622
2021-11-03,60731,118649,44934436,1938271
2021-11-04,59245,126642,44993681,2064913
2021-11-05,63101,135154,45056782,2200067
2021-11-06,46470,90918,45103252,2290985
2021-11-07,22253,37889,45125505,2328874
2021-11-08,51526,131247,45177031,2460121
2021-11-09,45401,144177,45222432,2604298
2021-11-10,42573,156340,45265005,2760638
2021-11-11,44932,155123,45309937,2915761
2021-11-12,46368,158551,45356305,3074312
2021-11-13,33252,116639,45389557,3190951
2021-11-14,14475,52445,45404032,3243396
2021-11-15,36892,157410,45440924,3400806
2021-11-16,30539,171363,45471463,3572169
2021-11-17,28437,178425,45499900,3750594
2021-11-18,30273,193699,45530173,3944293
2021-11-19,28788,205833,45558961,4150126
2021-11-20,20981,156432,45579942,4306558
2021-11-21,10603,64851,45590545,4371409
2021-11-22,21924,213134,45612469,4584543
2021-11-23,23552,241732,45636021,4826275
2021-11-24,27818,270933,45663839,5097208
2021-11-25,23211,301892,45687050,5399100
2021-11-26,24555,318253,45711605,5717353
2021-11-27,21361,266143,45732966,5983496
2021-11-28,9886,137052,45742852,6120548
2021-11-29,22301,326052,45765153,6446600
2021-11-30,23062,365811,45788215,6812411
2021-12-01,21498,413489,45809713,7225900
2021-12-02,23736,440378,45833449,7666278
2021-12-03,25197,467437,45858646,8133715
2021-12-04,22330,418718,45880976,8552433
2021-12-05,11899,261327,45892875,8813760
2021-12-06,25785,457554,45918660,9271314
2021-12-07,24093,480236,45942753,9751550
2021-12-08,9978,249674,45952731,10001224
2021-12-09,31531,491904,45984262,10493128
2021-12-10,28017,517851,46012279,11010979
2021-12-11,23522,459232,46035801,11470211
2021-12-12,12282,293487,46048083,11763698
2021-12-13,26114,467609,46074197,12231307
2021-12-14,25132,494179,46099329,12725486
2021-12-15,25288,517118,46124617,13242604
2021-12-16,27832,520220,46152449,13762824
2021-12-17,29298,517147,46181747,14279971
2021-12-18,26982,468701,46208729,14748672
2021-12-19,15112,300509,46223841,15049181
2021-12-20,30564,477457,46254405,15526638
2021-12-21,30308,493362,46284713,16020000
2021-12-22,29388,484684,46314101,16504684
2021-12-23,28178,426886,46342279,16931570
2021-12-24,13094,210812,46355373,17142382
2021-12-25,2101,33052,46357474,17175434
2021-12-26,8740,159060,46366214,17334494
2021-12-27,46700,504638,46412914,17839132
2021-12-28,42371,554181,46455285,18393313
2021-12-29,34230,550631,46489515,18943944
2021-12-30,31739,499803,46521254,19443747
2021-12-31,14076,247390,46535330,19691137
2022-01-01,3483,64811,46538813,19755948
2022-01-02,22691,276715,46561504,20032663
2022-01-03,47685,520001,46609189,20552664
2022-01-04,46185,572059,46655374,21124723
2022-01-05,40585,560372,46695959,21685095
2022-01-06,23379,274476,46719338,21959571
2022-01-07,63489,554168,46782827,22513739
2022-01-08,60640,503363,46843467,23017102
2022-01-09,42662,319681,46886129,23336783
2022-01-10,60892,542260,46947021,23879043
2022-01-11,61486,586967,47008507,24466010
2022-01-12,58232,581266,47066739,25047276
2022-01-13,58374,580361,47125113,25627637
2022-01-14,46563,588551,47171676,26216188
2022-01-15,39096,569923,47210772,26786111
2022-01-16,31017,341846,47241789,27127957
2022-01-17,54606,489640,47296395,27617597
2022-01-18,58219,517000,47354614,28134597
2022-01-19,57037,502767,47411651,28637364
2022-01-20,54186,498798,47465837,29136162
2022-01-21,41902,493852,47507739,29630014
2022-01-22,30990,469583,47538729,30099597
2022-01-23,34802,275360,47573531,30374957
2022-01-24,56068,437200,47629599,30812157
2022-01-25,61425,452079,47691024,31264236
2022-01-26,58427,435804,47749451,31700040
2022-01-27,48739,432345,47798190,32132385
2022-01-28,58543,436517,47856733,32568902
2022-01-29,67974,412470,47924707,32981372
2022-01-30,50285,235960,47974992,33217332
2022-01-31,60471,356914,48035463,33574246
2022-02-01,65419,328419,48100882,33902665
2022-02-02,63071,296949,48163953,34199614
2022-02-03,59954,274506,48223907,34474120
2022-02-04,72266,268434,48296173,34742554
2022-02-05,83661,248519,48379834,34991073
2022-02-06,55216,116191,48435050,35107264
2022-02-07,65064,199924,48500114,35307188
2022-02-08,66858,186099,48566972,35493287
2022-02-09,58685,166325,48625657,35659612
2022-02-10,58479,163227,48684136,35822839
2022-02-11,62157,162445,48746293,35985284
2022-02-12,71908,152132,48818201,36137416
2022-02-13,41438,68848,48859639,36206264
2022-02-14,46624,116178,48906263,36322442
2022-02-15,48462,123477,48954725,36445919
2022-02-16,45624,106105,49000349,36552024
2022-02-17,42824,98095,49043173,36650119
2022-02-18,46563,112564,49089736,36762683
2022-02-19,52490,100324,49142226,36863007
2022-02-20,31399,40358,49173625,36903365
2022-02-21,37869,89637,49211494,36993002
2022-02-22,37177,83764,49248671,37076766
2022-02-23,33358,79400,49282029,37156166
2022-02-24,32533,78157,49314562,37234323
2022-02-25,34727,90700,49349289,37325023
2022-02-26,39128,89130,49388417,37414153
2022-02-27,22535,35855,49410952,37450008
2022-02-28,28447,81688,49439399,37531696
2022-03-01,22672,53932,49462071,37585628
2022-03-02,21975,50625,49484046,37636253
2022-03-03,22577,54936,49506623,37691189
2022-03-04,23199,62788,49529822,37753977
2022-03-05,23762,57949,49553584,37811926
2022-03-06,9467,17199,49563051,37829125
2022-03-07,15883,51386,49578934,37880511
2022-03-08,15433,48795,49594367,37929306
2022-03-09,13784,46510,49608151,37975816
2022-03-10,14012,52113,49622163,38027929
2022-03-11,15544,57244,49637707,38085173
2022-03-12,15476,56612,49653183,38141785
2022-03-13,5539,16848,49658722,38158633
2022-03-14,10510,46690,49669232,38205323
2022-03-15,10516,46891,49679748,38252214
2022-03-16,9459,41975,49689207,38294189
2022-03-17,9689,44872,49698896,38339061
2022-03-18,10143,49044,49709039,38388105
2022-03-19,9135,46530,49718174,38434635
2022-03-20,2603,11699,49720777,38446334
2022-03-21,7563,40216,49728340,38486550
2022-03-22,8427,37743,49736767,38524293
2022-03-23,7196,33695,49743963,38557988
2022-03-24,8239,38789,49752202,38596777
2022-03-25,8109,43659,49760311,38640436
2022-03-26,8114,41717,49768425,38682153
2022-03-27,2424,9683,49770849,38691836
2022-03-28,6093,35227,49776942,38727063
2022-03-29,5769,32522,49782711,38759585
2022-03-30,5549,30193,49788260,38789778
2022-03-31,5874,33166,49794134,38822944
2022-04-01,4338,25177,49798472,38848121
2022-04-02,4485,23269,49802957,38871390
2022-04-03,1045,4499,49804002,38875889
2022-04-04,3647,21532,49807649,38897421
2022-04-05,3743,22922,49811392,38920343
2022-04-06,4091,21835,49815483,38942178
2022-04-07,3947,23317,49819430,38965495
2022-04-08,4679,26707,49824109,38992202
2022-04-09,4372,23879,49828481,39016081
2022-04-10,891,4614,49829372,39020695
2022-04-11,3797,22681,49833169,39043376
2022-04-12,3350,21774,49836519,39065150
2022-04-13,3553,21334,49840072,39086484
2022-04-14,3475,23771,49843547,39110255
2022-04-15,3075,20613,49846622,39130868
2022-04-16,2145,11920,49848767,39142788
2022-04-17,63,348,49848830,39143136
2022-04-18,148,650,49848978,39143786
2022-04-19,3479,21976,49852457,39165762
2022-04-20,3490,20249,49855947,39186011
2022-04-21,2832,19774,49858779,39205785
2022-04-22,2910,20694,49861689,39226479
2022-04-23,2633,16204,49864322,39242683
2022-04-24,509,2335,49864831,39245018
2022-04-25,183,1165,49865014,39246183
2022-04-26,2754,17790,49867768,39263973
2022-04-27,2362,15777,49870130,39279750
2022-04-28,2344,15533,49872474,39295283
2022-04-29,2287,14831,49874761,39310114
2022-04-30,2115,11576,49876876,39321690
2022-05-01,113,530,49876989,39322220
2022-05-02,1441,9380,49878430,39331600
2022-05-03,1569,10306,49879999,39341906
2022-05-04,1744,10254,49881743,39352160
2022-05-05,1645,10273,49883388,39362433
2022-05-06,1692,10942,49885080,39373375
2022-05-07,1429,8562,49886509,39381937
2022-05-08,404,1514,49886913,39383451
2022-05-09,1024,8914,49887937,39392365
2022-05-10,1418,9536,49889355,39401901
2022-05-11,1476,10087,49890831,39411988
2022-05-12,1361,10117,49892192,39422105
2022-05-13,1586,10505,49893778,39432610
2022-05-14,1356,8226,49895134,39440836
2022-05-15,336,1129,49895470,39441965
2022-05-16,808,8386,49896278,39450351
2022-05-17,1241,8665,49897519,39459016
2022-05-18,1368,9206,49898887,39468222
2022-05-19,1495,9265,49900382,39477487
2022-05-20,1419,9488,49901801,39486975
2022-05-21,1299,7892,49903100,39494867
2022-05-22,232,1012,49903332,39495879
2022-05-23,824,8259,49904156,39504138
2022-05-24,1069,8662,49905225,39512800
2022-05-25,1363,9443,49906588,39522243
2022-05-26,1192,9452,49907780,39531695
2022-05-27,1223,9907,49909003,39541602
2022-05-28,1200,7871,49910203,39549473
2022-05-29,285,1263,49910488,39550736
2022-05-30,926,8023,49911414,39558759
2022-05-31,1033,8528,49912447,39567287
2022-06-01,890,7641,49913337,39574928
2022-06-02,34,474,49913371,39575402
2022-06-03,811,7326,49914182,39582728
2022-06-04,869,5155,49915051,39587883
2022-06-05,89,586,49915140,39588469
2022-06-06,663,6961,49915803,39595430
2022-06-07,928,7841,49916731,39603271
2022-06-08,977,7896,49917708,39611167
2022-06-09,1031,8398,49918739,39619565
2022-06-10,949,8534,49919688,39628099
2022-06-11,897,6208,49920585,39634307
2022-06-12,140,767,49920725,39635074
2022-06-13,600,6292,49921325,39641366
2022-06-14,823,7869,49922148,39649235
2022-06-15,948,7842,49923096,39657077
2022-06-16,726,7381,49923822,39664458
2022-06-17,715,7229,49924537,39671687
2022-06-18,774,5587,49925311,39677274
2022-06-19,45,522,49925356,39677796
2022-06-20,587,6690,49925943,39684486
2022-06-21,728,7635,49926671,39692121
2022-06-22,773,7298,49927444,39699419
2022-06-23,646,7452,49928090,39706871
2022-06-24,636,7452,49928726,39714323
2022-06-25,835,6531,49929561,39720854
2022-06-26,128,523,49929689,39721377
2022-06-27,528,7110,49930217,39728487
2022-06-28,739,8188,49930956,39736675
2022-06-29,755,7707,49931711,39744382
2022-06-30,738,8122,49932449,39752504
2022-07-01,574,6436,49933023,39758940
2022-07-02,533,4763,49933556,39763703
2022-07-03,49,455,49933605,39764158
2022-07-04,468,6255,49934073,39770413
2022-07-05,616,8104,49934689,39778517
2022-07-06,621,7568,49935310,39786085
2022-07-07,557,8241,49935867,39794326
2022-07-08,667,8061,49936534,39802387
2022-07-09,548,6101,49937082,39808488
2022-07-10,59,533,49937141,39809021
2022-07-11,473,7622,49937614,39816643
2022-07-12,647,8958,49938261,39825601
2022-07-13,622,10040,49938883,39835641
2022-07-14,618,10161,49939501,39845802
2022-07-15,615,10573,49940116,39856375
2022-07-16,511,7188,49940627,39863563
2022-07-17,48,767,49940675,39864330
2022-07-18,492,9318,49941167,39873648
2022-07-19,557,10584,49941724,39884232
2022-07-20,556,11166,49942280,39895398
2022-07-21,612,11923,49942892,39907321
2022-07-22,553,11079,49943445,39918400
2022-07-23,371,6663,49943816,39925063
2022-07-24,75,830,49943891,39925893
2022-07-25,477,8897,49944368,39934790
2022-07-26,492,9397,49944860,39944187
2022-07-27,311,4808,49945171,39948995