data_somministrazione,vaccinazioni,booster,cum_vaccinazioni,cum_booster
2020-12-27,16,0,16,0
2020-12-28,2,0,18,0
2020-12-29,1,0,19,0
2020-12-30,3,0,22,0
2020-12-31,34,0,56,0
2021-01-01,12,0,68,0
2021-01-02,53,0,121,0
2021-01-03,46,0,167,0
2021-01-04,124,0,291,0
2021-01-05,162,0,453,0
2021-01-06,135,0,588,0
2021-01-07,200,0,788,0
2021-01-08,247,0,1035,0
2021-01-09,173,0,1208,0
2021-01-10,110,0,1318,0
2021-01-11,199,0,1517,0
2021-01-12,207,0,1724,0
2021-01-13,313,0,2037,0
2021-01-14,414,0,2451,0
2021-01-15,251,0,2702,0
2021-01-16,167,0,2869,0
2021-01-17,3050,0,5919,0
2021-01-18,5186,0,11105,0
2021-01-19,1875,0,12980,0
2021-01-20,4650,0,17630,0
2021-01-21,20008,0,37638,0
2021-01-22,14195,0,51833,0
2021-01-23,33355,0,85188,0
2021-01-24,30793,0,115981,0
2021-01-25,64773,0,180754,0
2021-01-26,76548,0,257302,0
2021-01-27,64875,0,322177,0
2021-01-28,89340,0,411517,0
2021-01-29,94072,0,505589,0
2021-01-30,86615,0,592204,0
2021-01-31,57348,0,649552,0
2021-02-01,81902,0,731454,0
2021-02-02,82168,0,813622,0
2021-02-03,91216,0,904838,0
2021-02-04,95375,0,1000213,0
2021-02-05,90284,0,1090497,0
2021-02-06,63729,0,1154226,0
2021-02-07,32919,0,1187145,0
2021-02-08,40410,0,1227555,0
2021-02-09,32839,0,1260394,0
2021-02-10,28384,0,1288778,0
2021-02-11,20353,0,1309131,0
2021-02-12,16179,0,1325310,0
2021-02-13,7217,0,1332527,0
2021-02-14,2856,0,1335383,0
2021-02-15,6823,0,1342206,0
2021-02-16,6973,0,1349179,0
2021-02-17,10491,0,1359670,0
2021-02-18,9215,0,1368885,0
2021-02-19,8162,0,1377047,0
2021-02-20,5473,0,1382520,0
2021-02-21,2947,0,1385467,0
2021-02-22,6836,0,1392303,0
2021-02-23,7104,0,1399407,0
2021-02-24,9787,0,1409194,0
2021-02-25,14170,0,1423364,0
2021-02-26,17485,0,1440849,0
2021-02-27,13855,0,1454704,0
2021-02-28,9344,0,1464048,0
2021-03-01,26435,0,1490483,0
2021-03-02,33166,0,1523649,0
2021-03-03,44592,0,1568241,0
2021-03-04,50199,0,1618440,0
2021-03-05,55685,0,1674125,0
2021-03-06,41840,0,1715965,0
2021-03-07,22287,0,1738252,0
2021-03-08,50523,0,1788775,0
2021-03-09,52905,0,1841680,0
2021-03-10,58524,0,1900204,0
2021-03-11,63738,0,1963942,0
2021-03-12,65011,0,2028953,0
2021-03-13,51648,0,2080601,0
2021-03-14,35343,0,2115944,0
2021-03-15,73361,0,2189305,0
2021-03-16,73986,0,2263291,0
2021-03-17,82998,0,2346289,0
2021-03-18,81583,0,2427872,0
2021-03-19,81014,0,2508886,0
2021-03-20,64639,0,2573525,0
2021-03-21,47245,0,2620770,0
2021-03-22,69399,0,2690169,0
2021-03-23,75691,0,2765860,0
2021-03-24,90774,0,2856634,0
2021-03-25,89697,0,2946331,0
2021-03-26,83482,0,3029813,0
2021-03-27,71814,0,3101627,0
2021-03-28,44033,0,3145660,0
2021-03-29,70687,0,3216347,0
2021-03-30,81240,0,3297587,0
2021-03-31,96083,0,3393670,0
2021-04-01,95189,0,3488859,0
2021-04-02,83972,0,3572831,0
2021-04-03,64240,0,3637071,0
2021-04-04,21688,0,3658759,0
2021-04-05,40253,0,3699012,0
2021-04-06,81217,0,3780229,0
2021-04-07,95716,0,3875945,0
2021-04-08,95145,0,3971090,0
2021-04-09,88370,0,4059460,0
2021-04-10,73936,0,4133396,0
2021-04-11,44700,0,4178096,0
2021-04-12,66834,0,4244930,0
2021-04-13,72492,0,4317422,0
2021-04-14,85415,0,4402837,0
2021-04-15,105290,0,4508127,0
2021-04-16,106299,0,4614426,0
2021-04-17,90392,0,4704818,0
2021-04-18,58528,0,4763346,0
2021-04-19,93379,0,4856725,0
2021-04-20,103679,0,4960404,0
2021-04-21,125259,0,5085663,0
2021-04-22,143415,0,5229078,0
2021-04-23,138587,0,5367665,0
2021-04-24,124341,0,5492006,0
2021-04-25,61382,0,5553388,0
2021-04-26,97789,0,5651177,0
2021-04-27,128258,0,5779435,0
2021-04-28,156235,0,5935670,0
2021-04-29,195404,0,6131074,0
2021-04-30,214400,0,6345474,0
2021-05-01,173986,0,6519460,0
2021-05-02,135727,0,6655187,0
2021-05-03,141887,0,6797074,0
2021-05-04,158577,0,6955651,0
2021-05-05,170341,0,7125992,0
2021-05-06,197676,0,7323668,0
2021-05-07,213638,0,7537306,0
2021-05-08,213275,0,7750581,0
2021-05-09,143067,0,7893648,0
2021-05-10,164977,0,8058625,0
2021-05-11,174792,0,8233417,0
2021-05-12,178954,0,8412371,0
2021-05-13,203148,0,8615519,0
2021-05-14,222722,0,8838241,0
2021-05-15,210141,0,9048382,0
2021-05-16,159144,0,9207526,0
2021-05-17,219064,0,9426590,0
2021-05-18,212854,0,9639444,0
2021-05-19,206907,0,9846351,0
2021-05-20,270645,0,10116996,0
2021-05-21,270665,0,10387661,0
2021-05-22,245388,0,10633049,0
2021-05-23,197099,0,10830148,0
2021-05-24,228202,0,11058350,0
2021-05-25,245590,0,11303940,0
2021-05-26,277347,0,11581287,0
2021-05-27,310940,0,11892227,0
2021-05-28,299411,0,12191638,0
2021-05-29,231045,0,12422683,0
2021-05-30,170740,0,12593423,0
2021-05-31,216287,0,12809710,0
2021-06-01,207522,0,13017232,0
2021-06-02,115652,0,13132884,0
2021-06-03,179872,0,13312756,0
2021-06-04,184593,0,13497349,0
2021-06-05,185655,0,13683004,0
2021-06-06,139289,0,13822293,0
2021-06-07,161595,0,13983888,0
2021-06-08,170835,0,14154723,0
2021-06-09,171160,0,14325883,0
2021-06-10,173705,0,14499588,0
2021-06-11,169627,0,14669215,0
2021-06-12,128044,0,14797259,0
2021-06-13,90996,0,14888255,0
2021-06-14,214464,0,15102719,0
2021-06-15,228216,0,15330935,0
2021-06-16,252944,0,15583879,0
2021-06-17,301565,0,15885444,0
2021-06-18,306108,0,16191552,0
2021-06-19,275004,0,16466556,0
2021-06-20,220638,0,16687194,0
2021-06-21,287970,0,16975164,0
2021-06-22,296088,0,17271252,0
2021-06-23,302663,0,17573915,0
2021-06-24,332507,0,17906422,0
2021-06-25,348649,0,18255071,0
2021-06-26,300046,0,18555117,0
2021-06-27,228652,0,18783769,0
2021-06-28,306934,0,19090703,0
2021-06-29,329183,0,19419886,0
2021-06-30,342063,0,19761949,0
2021-07-01,363054,0,20125003,0
2021-07-02,368459,0,20493462,0
2021-07-03,371122,0,20864584,0
2021-07-04,283172,0,21147756,0
2021-07-05,384497,0,21532253,0
2021-07-06,385412,0,21917665,0
2021-07-07,412087,0,22329752,0
2021-07-08,479869,0,22809621,0
2021-07-09,498617,0,23308238,0
2021-07-10,475314,0,23783552,0
2021-07-11,357843,0,24141395,0
2021-07-12,486052,0,24627447,0
2021-07-13,492360,0,25119807,0
2021-07-14,480635,0,25600442,0
2021-07-15,523639,0,26124081,0
2021-07-16,509886,0,26633967,0
2021-07-17,464561,0,27098528,0
2021-07-18,364852,0,27463380,0
2021-07-19,463284,0,27926664,0
2021-07-20,458194,0,28384858,0
2021-07-21,462885,0,28847743,0
2021-07-22,475417,0,29323160,0
2021-07-23,441331,0,29764491,0
2021-07-24,386172,0,30150663,0
2021-07-25,287598,0,30438261,0
2021-07-26,430922,0,30869183,0
2021-07-27,440153,0,31309336,0
2021-07-28,391032,0,31700368,0
2021-07-29,372085,0,32072453,0
2021-07-30,341409,0,32413862,0
2021-07-31,286950,0,32700812,0
2021-08-01,190838,0,32891650,0
2021-08-02,333717,0,33225367,0
2021-08-03,323127,0,33548494,0
2021-08-04,310919,0,33859413,0
2021-08-05,292525,0,34151938,0
2021-08-06,259942,0,34411880,0
2021-08-07,198921,0,34610801,0
2021-08-08,153057,0,34763858,0
2021-08-09,234098,0,34997956,0
2021-08-10,205124,0,35203080,0
2021-08-11,193574,0,35396654,0
2021-08-12,167764,0,35564418,0
2021-08-13,148375,0,35712793,0
2021-08-14,65984,0,35778777,0
2021-08-15,26298,0,35805075,0
2021-08-16,114507,0,35919582,0
2021-08-17,129092,0,36048674,0
2021-08-18,128556,0,36177230,0
2021-08-19,124610,0,36301840,0
2021-08-20,123630,0,36425470,0
2021-08-21,83040,0,36508510,0
2021-08-22,68112,0,36576622,0
2021-08-23,176701,0,36753323,0
2021-08-24,156905,0,36910228,0
2021-08-25,177019,0,37087247,0
2021-08-26,172207,0,37259454,0
2021-08-27,185718,0,37445172,0
2021-08-28,140101,0,37585273,0
2021-08-29,98968,0,37684241,0
2021-08-30,209409,0,37893650,0
2021-08-31,194417,0,38088067,0
2021-09-01,192031,0,38280098,0
2021-09-02,189701,0,38469799,0
2021-09-03,191183,0,38660982,0
2021-09-04,131384,0,38792366,0
2021-09-05,87794,0,38880160,0
2021-09-06,193550,0,39073710,0
2021-09-07,195812,0,39269522,0
2021-09-08,187781,0,39457303,0
2021-09-09,201329,0,39658632,0
2021-09-10,197930,0,39856562,0
2021-09-11,141180,0,39997742,0
2021-09-12,89505,0,40087247,0
2021-09-13,191079,345,40278326,345
2021-09-14,177147,422,40455473,767
2021-09-15,162962,454,40618435,1221
2021-09-16,159922,788,40778357,2009
2021-09-17,149949,1005,40928306,3014
2021-09-18,127743,655,41056049,3669
2021-09-19,81021,442,41137070,4111
2021-09-20,179790,8956,41316860,13067
2021-09-21,166318,8728,41483178,21795
2021-09-22,158760,9365,41641938,31160
2021-09-23,137727,9242,41779665,40402
2021-09-24,140202,8861,41919867,49263
2021-09-25,119314,5562,42039181,54825
2021-09-26,71780,4294,42110961,59119
2021-09-27,135324,9978,42246285,69097
2021-09-28,117189,11313,42363474,80410
2021-09-29,112002,11759,42475476,92169
2021-09-30,109920,14851,42585396,107020
2021-10-01,94694,19031,42680090,126051
2021-10-02,78232,13987,42758322,140038
2021-10-03,47558,7631,42805880,147669
2021-10-04,88105,34358,42893985,182027
2021-10-05,80131,33907,42974116,215934
2021-10-06,71748,34076,43045864,250010
2021-10-07,71521,34289,43117385,284299
2021-10-08,80366,33493,43197751,317792
2021-10-09,75830,22109,43273581,339901
2021-10-10,45631,13591,43319212,353492
2021-10-11,87130,41003,43406342,394495
2021-10-12,84215,46794,43490557,441289
2021-10-13,87883,52001,43578440,493290
2021-10-14,91166,58392,43669606,551682
2021-10-15,93204,55481,43762810,607163
2021-10-16,82652,36711,43845462,643874
2021-10-17,51266,23782,43896728,667656
2021-10-18,90046,59333,43986774,726989
2021-10-19,78107,69289,44064881,796278
2021-10-20,74827,78035,44139708,874313
2021-10-21,78069,81598,44217777,955911
2021-10-22,73647,76897,44291424,1032808
2021-10-23,60629,51884,44352053,1084692
2021-10-24,33311,23400,44385364,1108092
2021-10-25,64776,81519,44450140,1189611
2021-10-26,58243,91628,44508383,1281239
2021-10-27,58153,103832,44566536,1385071
2021-10-28,61289,113852,44627825,1498923
2021-10-29,61568,102948,44689393,1601871
2021-10-30,50548,68007,44739941,1669878
2021-10-31,25117,28237,44765058,1698115
2021-11-01,19012,28119,44784070,1726234
2021-11-02,62691,89213,44846761,1815447
2021-11-03,60630,118498,44907391,1933945
2021-11-04,59114,126460,44966505,2060405
2021-11-05,62966,134981,45029471,2195386
2021-11-06,46354,90798,45075825,2286184
2021-11-07,22204,37836,45098029,2324020
2021-11-08,51368,131117,45149397,2455137
2021-11-09,45311,143933,45194708,2599070
2021-11-10,42470,156038,45237178,2755108
2021-11-11,44805,154960,45281983,2910068
2021-11-12,46220,158374,45328203,3068442
2021-11-13,33120,116510,45361323,3184952
2021-11-14,14437,52395,45375760,3237347
2021-11-15,36777,157172,45412537,3394519
2021-11-16,30431,171171,45442968,3565690
2021-11-17,28317,178261,45471285,3743951
2021-11-18,30106,193461,45501391,3937412
2021-11-19,28652,205553,45530043,4142965
2021-11-20,20876,156184,45550919,4299149
2021-11-21,10537,64705,45561456,4363854
2021-11-22,21799,212924,45583255,4576778
2021-11-23,23423,241445,45606678,4818223
2021-11-24,27653,270631,45634331,5088854
2021-11-25,23031,301551,45657362,5390405
2021-11-26,24387,317915,45681749,5708320
2021-11-27,21202,265822,45702951,5974142
2021-11-28,9819,136829,45712770,6110971
2021-11-29,22093,325660,45734863,6436631
2021-11-30,22847,365380,45757710,6802011
2021-12-01,21250,412937,45778960,7214948
2021-12-02,23505,440148,45802465,7655096
2021-12-03,24944,467096,45827409,8122192
2021-12-04,22113,418549,45849522,8540741
2021-12-05,11735,261222,45861257,8801963
2021-12-06,25438,457340,45886695,9259303
2021-12-07,23788,479963,45910483,9739266
2021-12-08,9830,249551,45920313,9988817
2021-12-09,31154,491684,45951467,10480501
2021-12-10,27688,517506,45979155,10998007
2021-12-11,23231,459025,46002386,11457032
2021-12-12,12082,293331,46014468,11750363
2021-12-13,25766,467376,46040234,12217739
2021-12-14,24763,493911,46064997,12711650
2021-12-15,24919,516839,46089916,13228489
2021-12-16,27353,519928,46117269,13748417
2021-12-17,28888,516702,46146157,14265119
2021-12-18,26548,468456,46172705,14733575
2021-12-19,14838,300338,46187543,15033913
2021-12-20,30121,477193,46217664,15511106
2021-12-21,29906,493054,46247570,16004160
2021-12-22,28896,484385,46276466,16488545
2021-12-23,27677,426646,46304143,16915191
2021-12-24,12890,210711,46317033,17125902
2021-12-25,2079,33034,46319112,17158936
2021-12-26,8586,159009,46327698,17317945
2021-12-27,46016,504393,46373714,17822338
2021-12-28,41482,553850,46415196,18376188
2021-12-29,33181,550275,46448377,18926463
2021-12-30,30737,499499,46479114,19425962
2021-12-31,13419,247287,46492533,19673249
2022-01-01,3363,64777,46495896,19738026
2022-01-02,21805,276634,46517701,20014660
2022-01-03,45937,520731,46563638,20535391
2022-01-04,44176,572743,46607814,21108134
2022-01-05,38188,561007,46646002,21669141
2022-01-06,21924,274320,46667926,21943461
2022-01-07,60507,554664,46728433,22498125
2022-01-08,57320,503139,46785753,23001264
2022-01-09,40008,319555,46825761,23320819
2022-01-10,58042,542677,46883803,23863496
2022-01-11,58075,587405,46941878,24450901
2022-01-12,54601,581603,46996479,25032504
2022-01-13,54942,580777,47051421,25613281
2022-01-14,42928,588561,47094349,26201842
2022-01-15,34483,568385,47128832,26770227
2022-01-16,27994,341085,47156826,27111312
2022-01-17,52167,490031,47208993,27601343
2022-01-18,55878,517876,47264871,28119219
2022-01-19,54832,503164,47319703,28622383
2022-01-20,52118,499086,47371821,29121469
2022-01-21,39792,493998,47411613,29615467
2022-01-22,28301,469127,47439914,30084594
2022-01-23,33319,275079,47473233,30359673
2022-01-24,54622,437604,47527855,30797277
2022-01-25,60120,452419,47587975,31249696
2022-01-26,57009,436127,47644984,31685823
2022-01-27,47331,432461,47692315,32118284
2022-01-28,57021,436764,47749336,32555048
2022-01-29,66225,411732,47815561,32966780
2022-01-30,49067,235508,47864628,33202288
2022-01-31,59041,357229,47923669,33559517
2022-02-01,64249,328687,47987918,33888204
2022-02-02,61995,297017,48049913,34185221
2022-02-03,59048,274558,48108961,34459779
2022-02-04,71263,268311,48180224,34728090
2022-02-05,82354,247809,48262578,34975899
2022-02-06,54533,115863,48317111,35091762
2022-02-07,64206,199996,48381317,35291758
2022-02-08,65912,185857,48447229,35477615
2022-02-09,57794,165725,48505023,35643340
2022-02-10,57191,161476,48562214,35804816
2022-02-11,27756,80498,48589970,35885314