data_somministrazione,vaccinazioni,booster,cum_vaccinazioni,cum_booster
2020-12-27,20,0,20,0
2020-12-28,2,0,22,0
2020-12-29,1,0,23,0
2020-12-30,10,0,33,0
2020-12-31,74,0,107,0
2021-01-01,24,0,131,0
2021-01-02,138,0,269,0
2021-01-03,100,0,369,0
2021-01-04,231,0,600,0
2021-01-05,276,0,876,0
2021-01-06,243,0,1119,0
2021-01-07,318,0,1437,0
2021-01-08,370,0,1807,0
2021-01-09,280,0,2087,0
2021-01-10,165,0,2252,0
2021-01-11,301,0,2553,0
2021-01-12,281,0,2834,0
2021-01-13,411,0,3245,0
2021-01-14,498,0,3743,0
2021-01-15,316,0,4059,0
2021-01-16,222,0,4281,0
2021-01-17,3063,0,7344,0
2021-01-18,5217,0,12561,0
2021-01-19,1894,0,14455,0
2021-01-20,4659,0,19114,0
2021-01-21,20008,0,39122,0
2021-01-22,14220,0,53342,0
2021-01-23,33326,0,86668,0
2021-01-24,30777,0,117445,0
2021-01-25,64711,0,182156,0
2021-01-26,76469,0,258625,0
2021-01-27,64815,0,323440,0
2021-01-28,89257,0,412697,0
2021-01-29,94004,0,506701,0
2021-01-30,86545,0,593246,0
2021-01-31,57325,0,650571,0
2021-02-01,81840,0,732411,0
2021-02-02,82135,0,814546,0
2021-02-03,91107,0,905653,0
2021-02-04,95390,0,1001043,0
2021-02-05,90266,0,1091309,0
2021-02-06,63446,0,1154755,0
2021-02-07,32934,0,1187689,0
2021-02-08,40424,0,1228113,0
2021-02-09,32878,0,1260991,0
2021-02-10,28434,0,1289425,0
2021-02-11,20405,0,1309830,0
2021-02-12,16247,0,1326077,0
2021-02-13,7279,0,1333356,0
2021-02-14,2862,0,1336218,0
2021-02-15,6846,0,1343064,0
2021-02-16,7004,0,1350068,0
2021-02-17,10526,0,1360594,0
2021-02-18,9253,0,1369847,0
2021-02-19,8254,0,1378101,0
2021-02-20,5577,0,1383678,0
2021-02-21,3011,0,1386689,0
2021-02-22,6882,0,1393571,0
2021-02-23,7186,0,1400757,0
2021-02-24,9812,0,1410569,0
2021-02-25,14213,0,1424782,0
2021-02-26,17556,0,1442338,0
2021-02-27,13917,0,1456255,0
2021-02-28,9393,0,1465648,0
2021-03-01,26522,0,1492170,0
2021-03-02,33246,0,1525416,0
2021-03-03,44645,0,1570061,0
2021-03-04,50298,0,1620359,0
2021-03-05,55737,0,1676096,0
2021-03-06,41875,0,1717971,0
2021-03-07,22328,0,1740299,0
2021-03-08,50831,0,1791130,0
2021-03-09,53087,0,1844217,0
2021-03-10,58680,0,1902897,0
2021-03-11,63878,0,1966775,0
2021-03-12,65130,0,2031905,0
2021-03-13,51728,0,2083633,0
2021-03-14,35417,0,2119050,0
2021-03-15,73458,0,2192508,0
2021-03-16,74027,0,2266535,0
2021-03-17,83137,0,2349672,0
2021-03-18,81626,0,2431298,0
2021-03-19,81091,0,2512389,0
2021-03-20,64735,0,2577124,0
2021-03-21,47309,0,2624433,0
2021-03-22,69496,0,2693929,0
2021-03-23,75808,0,2769737,0
2021-03-24,90918,0,2860655,0
2021-03-25,89819,0,2950474,0
2021-03-26,83641,0,3034115,0
2021-03-27,71954,0,3106069,0
2021-03-28,44175,0,3150244,0
2021-03-29,70844,0,3221088,0
2021-03-30,81400,0,3302488,0
2021-03-31,96258,0,3398746,0
2021-04-01,95322,0,3494068,0
2021-04-02,84084,0,3578152,0
2021-04-03,64302,0,3642454,0
2021-04-04,21723,0,3664177,0
2021-04-05,40318,0,3704495,0
2021-04-06,81334,0,3785829,0
2021-04-07,95839,0,3881668,0
2021-04-08,95255,0,3976923,0
2021-04-09,88499,0,4065422,0
2021-04-10,74033,0,4139455,0
2021-04-11,44768,0,4184223,0
2021-04-12,66918,0,4251141,0
2021-04-13,72586,0,4323727,0
2021-04-14,85551,0,4409278,0
2021-04-15,105424,0,4514702,0
2021-04-16,106426,0,4621128,0
2021-04-17,90526,0,4711654,0
2021-04-18,58597,0,4770251,0
2021-04-19,93434,0,4863685,0
2021-04-20,103775,0,4967460,0
2021-04-21,125342,0,5092802,0
2021-04-22,143525,0,5236327,0
2021-04-23,138748,0,5375075,0
2021-04-24,124454,0,5499529,0
2021-04-25,61468,0,5560997,0
2021-04-26,97907,0,5658904,0
2021-04-27,128369,0,5787273,0
2021-04-28,156385,0,5943658,0
2021-04-29,195615,0,6139273,0
2021-04-30,214606,0,6353879,0
2021-05-01,174136,0,6528015,0
2021-05-02,135803,0,6663818,0
2021-05-03,142065,0,6805883,0
2021-05-04,158710,0,6964593,0
2021-05-05,170534,0,7135127,0
2021-05-06,197818,0,7332945,0
2021-05-07,213869,0,7546814,0
2021-05-08,213438,0,7760252,0
2021-05-09,143219,0,7903471,0
2021-05-10,165101,0,8068572,0
2021-05-11,175003,0,8243575,0
2021-05-12,179208,0,8422783,0
2021-05-13,203414,0,8626197,0
2021-05-14,222940,0,8849137,0
2021-05-15,210387,0,9059524,0
2021-05-16,159285,0,9218809,0
2021-05-17,219217,0,9438026,0
2021-05-18,213030,0,9651056,0
2021-05-19,207097,0,9858153,0
2021-05-20,270884,0,10129037,0
2021-05-21,270906,0,10399943,0
2021-05-22,245541,0,10645484,0
2021-05-23,197188,0,10842672,0
2021-05-24,228308,0,11070980,0
2021-05-25,245700,0,11316680,0
2021-05-26,277512,0,11594192,0
2021-05-27,311094,0,11905286,0
2021-05-28,299583,0,12204869,0
2021-05-29,231243,0,12436112,0
2021-05-30,170850,0,12606962,0
2021-05-31,216434,0,12823396,0
2021-06-01,207639,0,13031035,0
2021-06-02,115801,0,13146836,0
2021-06-03,180168,0,13327004,0
2021-06-04,184914,0,13511918,0
2021-06-05,185990,0,13697908,0
2021-06-06,139580,0,13837488,0
2021-06-07,161899,0,13999387,0
2021-06-08,171275,0,14170662,0
2021-06-09,171517,0,14342179,0
2021-06-10,174145,0,14516324,0
2021-06-11,170013,0,14686337,0
2021-06-12,128373,0,14814710,0
2021-06-13,91220,0,14905930,0
2021-06-14,214708,0,15120638,0
2021-06-15,228450,0,15349088,0
2021-06-16,253109,0,15602197,0
2021-06-17,301770,0,15903967,0
2021-06-18,306325,0,16210292,0
2021-06-19,275117,0,16485409,0
2021-06-20,220810,0,16706219,0
2021-06-21,288093,0,16994312,0
2021-06-22,296247,0,17290559,0
2021-06-23,302703,0,17593262,0
2021-06-24,332616,0,17925878,0
2021-06-25,348726,0,18274604,0
2021-06-26,300141,0,18574745,0
2021-06-27,228686,0,18803431,0
2021-06-28,307142,0,19110573,0
2021-06-29,329326,0,19439899,0
2021-06-30,342209,0,19782108,0
2021-07-01,363243,0,20145351,0
2021-07-02,368495,0,20513846,0
2021-07-03,371099,0,20884945,0
2021-07-04,283236,0,21168181,0
2021-07-05,384562,0,21552743,0
2021-07-06,385486,0,21938229,0
2021-07-07,412138,0,22350367,0
2021-07-08,479593,0,22829960,0
2021-07-09,498468,0,23328428,0
2021-07-10,475171,0,23803599,0
2021-07-11,357697,0,24161296,0
2021-07-12,485879,0,24647175,0
2021-07-13,492083,0,25139258,0
2021-07-14,480442,0,25619700,0
2021-07-15,523435,0,26143135,0
2021-07-16,509757,0,26652892,0
2021-07-17,464327,0,27117219,0
2021-07-18,364639,0,27481858,0
2021-07-19,463033,0,27944891,0
2021-07-20,458055,0,28402946,0
2021-07-21,462786,0,28865732,0
2021-07-22,475384,0,29341116,0
2021-07-23,441321,0,29782437,0
2021-07-24,386146,0,30168583,0
2021-07-25,287557,0,30456140,0
2021-07-26,430889,0,30887029,0
2021-07-27,440114,0,31327143,0
2021-07-28,391019,0,31718162,0
2021-07-29,372077,0,32090239,0
2021-07-30,341516,0,32431755,0
2021-07-31,287039,0,32718794,0
2021-08-01,191001,0,32909795,0
2021-08-02,333708,0,33243503,0
2021-08-03,323183,0,33566686,0
2021-08-04,310978,0,33877664,0
2021-08-05,292485,0,34170149,0
2021-08-06,260033,0,34430182,0
2021-08-07,199060,0,34629242,0
2021-08-08,153107,0,34782349,0
2021-08-09,234083,0,35016432,0
2021-08-10,205269,0,35221701,0
2021-08-11,193784,0,35415485,0
2021-08-12,168056,0,35583541,0
2021-08-13,148655,0,35732196,0
2021-08-14,66101,0,35798297,0
2021-08-15,26340,0,35824637,0
2021-08-16,114709,0,35939346,0
2021-08-17,129252,0,36068598,0
2021-08-18,128764,0,36197362,0
2021-08-19,124839,0,36322201,0
2021-08-20,123798,0,36445999,0
2021-08-21,83136,0,36529135,0
2021-08-22,68178,0,36597313,0
2021-08-23,176871,0,36774184,0
2021-08-24,156898,0,36931082,0
2021-08-25,177174,0,37108256,0
2021-08-26,172353,0,37280609,0
2021-08-27,185829,0,37466438,0
2021-08-28,140285,0,37606723,0
2021-08-29,98991,0,37705714,0
2021-08-30,209585,0,37915299,0
2021-08-31,194643,0,38109942,0
2021-09-01,192214,0,38302156,0
2021-09-02,189934,0,38492090,0
2021-09-03,191287,0,38683377,0
2021-09-04,131452,0,38814829,0
2021-09-05,87850,0,38902679,0
2021-09-06,193608,0,39096287,0
2021-09-07,196038,0,39292325,0
2021-09-08,187869,0,39480194,0
2021-09-09,201434,0,39681628,0
2021-09-10,198063,0,39879691,0
2021-09-11,141290,0,40020981,0
2021-09-12,89590,0,40110571,0
2021-09-13,191113,632,40301684,632
2021-09-14,177220,638,40478904,1270
2021-09-15,163083,641,40641987,1911
2021-09-16,160051,988,40802038,2899
2021-09-17,150163,1161,40952201,4060
2021-09-18,127982,771,41080183,4831
2021-09-19,81142,506,41161325,5337
2021-09-20,180067,9118,41341392,14455
2021-09-21,166669,8856,41508061,23311
2021-09-22,159111,9460,41667172,32771
2021-09-23,138091,9355,41805263,42126
2021-09-24,140556,9002,41945819,51128
2021-09-25,119560,5668,42065379,56796
2021-09-26,71990,4361,42137369,61157
2021-09-27,135667,10074,42273036,71231
2021-09-28,117517,11418,42390553,82649
2021-09-29,112369,11850,42502922,94499
2021-09-30,110278,14979,42613200,109478
2021-10-01,94994,19139,42708194,128617
2021-10-02,78518,14041,42786712,142658
2021-10-03,47758,7668,42834470,150326
2021-10-04,88389,34478,42922859,184804
2021-10-05,80382,34012,43003241,218816
2021-10-06,72004,34202,43075245,253018
2021-10-07,71878,34369,43147123,287387
2021-10-08,80632,33621,43227755,321008
2021-10-09,76111,22190,43303866,343198
2021-10-10,45788,13630,43349654,356828
2021-10-11,87447,41128,43437101,397956
2021-10-12,84517,46929,43521618,444885
2021-10-13,88210,52161,43609828,497046
2021-10-14,91548,58553,43701376,555599
2021-10-15,93598,55671,43794974,611270
2021-10-16,82969,36821,43877943,648091
2021-10-17,51463,23856,43929406,671947
2021-10-18,90300,59515,44019706,731462
2021-10-19,78350,69402,44098056,800864
2021-10-20,75065,78203,44173121,879067
2021-10-21,78294,81805,44251415,960872
2021-10-22,73772,77075,44325187,1037947
2021-10-23,60834,51973,44386021,1089920
2021-10-24,33367,23479,44419388,1113399
2021-10-25,64900,81660,44484288,1195059
2021-10-26,58375,91830,44542663,1286889
2021-10-27,58316,104028,44600979,1390917
2021-10-28,61452,114149,44662431,1505066
2021-10-29,61638,103175,44724069,1608241
2021-10-30,50678,68138,44774747,1676379
2021-10-31,25160,28308,44799907,1704687
2021-11-01,19048,28158,44818955,1732845
2021-11-02,62740,89431,44881695,1822276
2021-11-03,60718,118695,44942413,1940971
2021-11-04,59239,126695,45001652,2067666
2021-11-05,63093,135217,45064745,2202883
2021-11-06,46487,90937,45111232,2293820
2021-11-07,22250,37904,45133482,2331724
2021-11-08,51529,131292,45185011,2463016
2021-11-09,45402,144235,45230413,2607251
2021-11-10,42593,156370,45273006,2763621
2021-11-11,44928,155167,45317934,2918788
2021-11-12,46312,158677,45364246,3077465
2021-11-13,33264,116676,45397510,3194141
2021-11-14,14491,52458,45412001,3246599
2021-11-15,36909,157443,45448910,3404042
2021-11-16,30566,171403,45479476,3575445
2021-11-17,28469,178460,45507945,3753905
2021-11-18,30293,193761,45538238,3947666
2021-11-19,28814,205882,45567052,4153548
2021-11-20,21003,156459,45588055,4310007
2021-11-21,10611,64871,45598666,4374878
2021-11-22,21956,213160,45620622,4588038
2021-11-23,23603,241794,45644225,4829832
2021-11-24,27806,271039,45672031,5100871
2021-11-25,23264,301932,45695295,5402803
2021-11-26,24597,318302,45719892,5721105
2021-11-27,21401,266168,45741293,5987273
2021-11-28,9908,137067,45751201,6124340
2021-11-29,22362,326074,45773563,6450414
2021-11-30,23114,365862,45796677,6816276
2021-12-01,21549,413529,45818226,7229805
2021-12-02,23792,440437,45842018,7670242
2021-12-03,25268,467529,45867286,8137771
2021-12-04,22392,418793,45889678,8556564
2021-12-05,11944,261364,45901622,8817928
2021-12-06,25839,457628,45927461,9275556
2021-12-07,24154,480302,45951615,9755858
2021-12-08,10027,249718,45961642,10005576
2021-12-09,31617,491959,45993259,10497535
2021-12-10,28093,517926,46021352,11015461
2021-12-11,23583,459275,46044935,11474736
2021-12-12,12318,293524,46057253,11768260
2021-12-13,26172,467653,46083425,12235913
2021-12-14,25201,494233,46108626,12730146
2021-12-15,25366,517191,46133992,13247337
2021-12-16,27919,520300,46161911,13767637
2021-12-17,29392,517215,46191303,14284852
2021-12-18,27101,468775,46218404,14753627
2021-12-19,15168,300540,46233572,15054167
2021-12-20,30668,477502,46264240,15531669
2021-12-21,30405,493430,46294645,16025099
2021-12-22,29476,484751,46324121,16509850
2021-12-23,28285,426953,46352406,16936803
2021-12-24,13124,210840,46365530,17147643
2021-12-25,2104,33053,46367634,17180696
2021-12-26,8774,159076,46376408,17339772
2021-12-27,46840,504690,46423248,17844462
2021-12-28,42506,554252,46465754,18398714
2021-12-29,34392,550674,46500146,18949388
2021-12-30,31884,499862,46532030,19449250
2021-12-31,14142,247406,46546172,19696656
2022-01-01,3498,64815,46549670,19761471
2022-01-02,22816,276726,46572486,20038197
2022-01-03,47923,520035,46620409,20558232
2022-01-04,46455,572100,46666864,21130332
2022-01-05,40822,560415,46707686,21690747
2022-01-06,23528,274491,46731214,21965238
2022-01-07,63782,554219,46794996,22519457
2022-01-08,60950,503410,46855946,23022867
2022-01-09,42941,319699,46898887,23342566
2022-01-10,61152,542323,46960039,23884889
2022-01-11,61825,587035,47021864,24471924
2022-01-12,58527,581303,47080391,25053227
2022-01-13,58691,580429,47139082,25633656
2022-01-14,46914,588606,47185996,26222262
2022-01-15,39532,569980,47225528,26792242
2022-01-16,31294,341888,47256822,27134130
2022-01-17,54839,489685,47311661,27623815
2022-01-18,58458,517046,47370119,28140861
2022-01-19,57254,502820,47427373,28643681
2022-01-20,54404,498857,47481777,29142538
2022-01-21,42161,493898,47523938,29636436
2022-01-22,31270,469615,47555208,30106051
2022-01-23,34973,275387,47590181,30381438
2022-01-24,56223,437242,47646404,30818680
2022-01-25,61586,452129,47707990,31270809
2022-01-26,58573,435845,47766563,31706654
2022-01-27,48881,432398,47815444,32139052
2022-01-28,58738,436556,47874182,32575608
2022-01-29,68176,412510,47942358,32988118
2022-01-30,50402,235985,47992760,33224103
2022-01-31,60687,356943,48053447,33581046
2022-02-01,65596,328462,48119043,33909508
2022-02-02,63238,296990,48182281,34206498
2022-02-03,60085,274529,48242366,34481027
2022-02-04,72397,268468,48314763,34749495
2022-02-05,83814,248548,48398577,34998043
2022-02-06,55304,116207,48453881,35114250
2022-02-07,65173,199946,48519054,35314196
2022-02-08,66951,186124,48586005,35500320
2022-02-09,58773,166348,48644778,35666668
2022-02-10,58595,163244,48703373,35829912
2022-02-11,62272,162473,48765645,35992385
2022-02-12,72000,152152,48837645,36144537
2022-02-13,41478,68854,48879123,36213391
2022-02-14,46706,116190,48925829,36329581
2022-02-15,48555,123481,48974384,36453062
2022-02-16,45684,106127,49020068,36559189
2022-02-17,42869,98118,49062937,36657307
2022-02-18,46631,112582,49109568,36769889
2022-02-19,52542,100339,49162110,36870228
2022-02-20,31411,40368,49193521,36910596
2022-02-21,37900,89658,49231421,37000254
2022-02-22,37225,83780,49268646,37084034
2022-02-23,33399,79409,49302045,37163443
2022-02-24,32562,78164,49334607,37241607
2022-02-25,34768,90713,49369375,37332320
2022-02-26,39160,89136,49408535,37421456
2022-02-27,22546,35857,49431081,37457313
2022-02-28,28483,81695,49459564,37539008
2022-03-01,22724,53942,49482288,37592950
2022-03-02,21957,50685,49504245,37643635
2022-03-03,22628,54947,49526873,37698582
2022-03-04,23239,62799,49550112,37761381
2022-03-05,23802,57952,49573914,37819333
2022-03-06,9472,17201,49583386,37836534
2022-03-07,15921,51391,49599307,37887925
2022-03-08,15480,48795,49614787,37936720
2022-03-09,13814,46519,49628601,37983239
2022-03-10,14053,52123,49642654,38035362
2022-03-11,15588,57270,49658242,38092632
2022-03-12,15509,56619,49673751,38149251
2022-03-13,5545,16852,49679296,38166103
2022-03-14,10526,46701,49689822,38212804
2022-03-15,10550,46895,49700372,38259699
2022-03-16,9482,41974,49709854,38301673
2022-03-17,9722,44874,49719576,38346547
2022-03-18,10160,49058,49729736,38395605
2022-03-19,9151,46535,49738887,38442140
2022-03-20,2608,11704,49741495,38453844
2022-03-21,7580,40225,49749075,38494069
2022-03-22,8447,37764,49757522,38531833
2022-03-23,7216,33700,49764738,38565533
2022-03-24,8258,38819,49772996,38604352
2022-03-25,8140,43670,49781136,38648022
2022-03-26,8126,41721,49789262,38689743
2022-03-27,2431,9682,49791693,38699425
2022-03-28,6112,35241,49797805,38734666
2022-03-29,5779,32531,49803584,38767197
2022-03-30,5566,30205,49809150,38797402
2022-03-31,5901,33185,49815051,38830587
2022-04-01,4349,25190,49819400,38855777
2022-04-02,4496,23275,49823896,38879052
2022-04-03,1049,4500,49824945,38883552
2022-04-04,3658,21544,49828603,38905096
2022-04-05,3756,22934,49832359,38928030
2022-04-06,4103,21853,49836462,38949883
2022-04-07,3970,23320,49840432,38973203
2022-04-08,4696,26713,49845128,38999916
2022-04-09,4383,23887,49849511,39023803
2022-04-10,892,4613,49850403,39028416
2022-04-11,3817,22689,49854220,39051105
2022-04-12,3365,21778,49857585,39072883
2022-04-13,3568,21335,49861153,39094218
2022-04-14,3486,23786,49864639,39118004
2022-04-15,3084,20620,49867723,39138624
2022-04-16,2149,11918,49869872,39150542
2022-04-17,63,348,49869935,39150890
2022-04-18,152,650,49870087,39151540
2022-04-19,3499,21982,49873586,39173522
2022-04-20,3510,20252,49877096,39193774
2022-04-21,2847,19790,49879943,39213564
2022-04-22,2928,20704,49882871,39234268
2022-04-23,2646,16220,49885517,39250488
2022-04-24,509,2334,49886026,39252822
2022-04-25,183,1165,49886209,39253987
2022-04-26,2759,17809,49888968,39271796
2022-04-27,2374,15793,49891342,39287589
2022-04-28,2360,15562,49893702,39303151
2022-04-29,2296,14848,49895998,39317999
2022-04-30,2123,11582,49898121,39329581
2022-05-01,113,531,49898234,39330112
2022-05-02,1451,9391,49899685,39339503
2022-05-03,1576,10321,49901261,39349824
2022-05-04,1745,10270,49903006,39360094
2022-05-05,1654,10296,49904660,39370390
2022-05-06,1702,10965,49906362,39381355
2022-05-07,1431,8570,49907793,39389925
2022-05-08,416,1522,49908209,39391447
2022-05-09,1027,8929,49909236,39400376
2022-05-10,1426,9548,49910662,39409924
2022-05-11,1483,10105,49912145,39420029
2022-05-12,1370,10131,49913515,39430160
2022-05-13,1596,10518,49915111,39440678
2022-05-14,1357,8237,49916468,39448915
2022-05-15,336,1134,49916804,39450049
2022-05-16,813,8405,49917617,39458454
2022-05-17,1243,8697,49918860,39467151
2022-05-18,1372,9233,49920232,39476384
2022-05-19,1500,9278,49921732,39485662
2022-05-20,1422,9532,49923154,39495194
2022-05-21,1300,7900,49924454,39503094
2022-05-22,231,1014,49924685,39504108
2022-05-23,830,8270,49925515,39512378
2022-05-24,1073,8672,49926588,39521050
2022-05-25,1370,9460,49927958,39530510
2022-05-26,1195,9479,49929153,39539989
2022-05-27,1232,9915,49930385,39549904
2022-05-28,1205,7887,49931590,39557791
2022-05-29,288,1265,49931878,39559056
2022-05-30,930,8056,49932808,39567112
2022-05-31,1036,8547,49933844,39575659
2022-06-01,893,7655,49934737,39583314
2022-06-02,35,474,49934772,39583788
2022-06-03,818,7333,49935590,39591121
2022-06-04,870,5163,49936460,39596284
2022-06-05,89,586,49936549,39596870
2022-06-06,678,7003,49937227,39603873
2022-06-07,952,7849,49938179,39611722
2022-06-08,981,7908,49939160,39619630
2022-06-09,1036,8416,49940196,39628046
2022-06-10,958,8564,49941154,39636610
2022-06-11,903,6207,49942057,39642817
2022-06-12,140,768,49942197,39643585
2022-06-13,602,6301,49942799,39649886
2022-06-14,831,7902,49943630,39657788
2022-06-15,960,7854,49944590,39665642
2022-06-16,730,7395,49945320,39673037
2022-06-17,724,7247,49946044,39680284
2022-06-18,777,5593,49946821,39685877
2022-06-19,48,522,49946869,39686399
2022-06-20,587,6699,49947456,39693098
2022-06-21,737,7665,49948193,39700763
2022-06-22,781,7308,49948974,39708071
2022-06-23,652,7468,49949626,39715539
2022-06-24,644,7473,49950270,39723012
2022-06-25,835,6535,49951105,39729547
2022-06-26,128,523,49951233,39730070
2022-06-27,533,7124,49951766,39737194
2022-06-28,746,8207,49952512,39745401
2022-06-29,756,7731,49953268,39753132
2022-06-30,746,8145,49954014,39761277
2022-07-01,577,6443,49954591,39767720
2022-07-02,536,4770,49955127,39772490
2022-07-03,49,456,49955176,39772946
2022-07-04,469,6277,49955645,39779223
2022-07-05,630,8118,49956275,39787341
2022-07-06,633,7611,49956908,39794952
2022-07-07,573,8270,49957481,39803222
2022-07-08,673,8083,49958154,39811305
2022-07-09,550,6104,49958704,39817409
2022-07-10,58,533,49958762,39817942
2022-07-11,488,7638,49959250,39825580
2022-07-12,667,9030,49959917,39834610
2022-07-13,643,10068,49960560,39844678
2022-07-14,636,10225,49961196,39854903
2022-07-15,625,10666,49961821,39865569
2022-07-16,522,7214,49962343,39872783
2022-07-17,48,770,49962391,39873553
2022-07-18,496,9369,49962887,39882922
2022-07-19,575,10683,49963462,39893605
2022-07-20,580,11274,49964042,39904879
2022-07-21,628,12088,49964670,39916967
2022-07-22,584,11256,49965254,39928223
2022-07-23,381,6773,49965635,39934996
2022-07-24,76,857,49965711,39935853
2022-07-25,503,9051,49966214,39944904
2022-07-26,518,9759,49966732,39954663
2022-07-27,553,10207,49967285,39964870
2022-07-28,532,10535,49967817,39975405
2022-07-29,509,9464,49968326,39984869
2022-07-30,382,5881,49968708,39990750
2022-07-31,49,764,49968757,39991514
2022-08-01,386,6863,49969143,39998377
2022-08-02,542,7588,49969685,40005965
2022-08-03,511,7176,49970196,40013141
2022-08-04,456,7488,49970652,40020629
2022-08-05,420,6528,49971072,40027157
2022-08-06,299,3613,49971371,40030770
2022-08-07,44,561,49971415,40031331
2022-08-08,402,4891,49971817,40036222
2022-08-09,380,5310,49972197,40041532
2022-08-10,384,4816,49972581,40046348
2022-08-11,369,4783,49972950,40051131
2022-08-12,293,3720,49973243,40054851
2022-08-13,143,1600,49973386,40056451
2022-08-14,9,129,49973395,40056580
2022-08-15,1,26,49973396,40056606
2022-08-16,283,3043,49973679,40059649
2022-08-17,352,3536,49974031,40063185
2022-08-18,391,4161,49974422,40067346
2022-08-19,341,3320,49974763,40070666
2022-08-20,183,1715,49974946,40072381
2022-08-21,24,149,49974970,40072530
2022-08-22,329,2952,49975299,40075482
2022-08-23,370,3674,49975669,40079156
2022-08-24,384,3359,49976053,40082515
2022-08-25,421,3773,49976474,40086288
2022-08-26,399,3573,49976873,40089861
2022-08-27,237,1769,49977110,40091630
2022-08-28,29,267,49977139,40091897
2022-08-29,354,3161,49977493,40095058
2022-08-30,403,3671,49977896,40098729
2022-08-31,437,3735,49978333,40102464
2022-09-01,353,3116,49978686,40105580
2022-09-02,296,2893,49978982,40108473
2022-09-03,200,1688,49979182,40110161
2022-09-04,23,149,49979205,40110310
2022-09-05,187,2656,49979392,40112966
2022-09-06,303,2983,49979695,40115949
2022-09-07,540,2937,49980235,40118886
2022-09-08,292,2962,49980527,40121848
2022-09-09,305,2884,49980832,40124732
2022-09-10,227,1326,49981059,40126058
2022-09-11,23,124,49981082,40126182
2022-09-12,267,2267,49981349,40128449
2022-09-13,252,2276,49981601,40130725
2022-09-14,266,2565,49981867,40133290
2022-09-15,281,2497,49982148,40135787
2022-09-16,254,2544,49982402,40138331
2022-09-17,239,1339,49982641,40139670
2022-09-18,20,170,49982661,40139840
2022-09-19,206,1970,49982867,40141810
2022-09-20,236,2385,49983103,40144195
2022-09-21,289,2526,49983392,40146721
2022-09-22,264,2662,49983656,40149383
2022-09-23,258,2542,49983914,40151925
2022-09-24,193,1427,49984107,40153352
2022-09-25,29,133,49984136,40153485
2022-09-26,280,2248,49984416,40155733
2022-09-27,287,2683,49984703,40158416
2022-09-28,309,2896,49985012,40161312
2022-09-29,256,3048,49985268,40164360
2022-09-30,290,2987,49985558,40167347
2022-10-01,195,1515,49985753,40168862
2022-10-02,12,187,49985765,40169049
2022-10-03,182,2474,49985947,40171523
2022-10-04,236,2865,49986183,40174388
2022-10-05,229,3249,49986412,40177637
2022-10-06,243,3874,49986655,40181511
2022-10-07,282,4186,49986937,40185697
2022-10-08,202,2270,49987139,40187967
2022-10-09,8,304,49987147,40188271
2022-10-10,210,3354,49987357,40191625
2022-10-11,192,4374,49987549,40195999
2022-10-12,209,4435,49987758,40200434
2022-10-13,201,5301,49987959,40205735
2022-10-14,231,5022,49988190,40210757
2022-10-15,189,2671,49988379,40213428
2022-10-16,6,360,49988385,40213788
2022-10-17,185,3868,49988570,40217656
2022-10-18,256,4958,49988826,40222614
2022-10-19,241,5466,49989067,40228080
2022-10-20,224,5988,49989291,40234068
2022-10-21,249,5471,49989540,40239539
2022-10-22,195,2909,49989735,40242448
2022-10-23,13,356,49989748,40242804
2022-10-24,171,3918,49989919,40246722
2022-10-25,251,4919,49990170,40251641
2022-10-26,342,5478,49990512,40257119
2022-10-27,239,5661,49990751,40262780
2022-10-28,198,5254,49990949,40268034
2022-10-29,128,2844,49991077,40270878
2022-10-30,3,326,49991080,40271204
2022-10-31,117,3034,49991197,40274238
2022-11-01,10,330,49991207,40274568
2022-11-02,143,3702,49991350,40278270
2022-11-03,172,4767,49991522,40283037
2022-11-04,224,4582,49991746,40287619
2022-11-05,143,2590,49991889,40290209
2022-11-06,10,258,49991899,40290467
2022-11-07,161,3216,49992060,40293683
2022-11-08,259,4210,49992319,40297893
2022-11-09,197,4301,49992516,40302194
2022-11-10,181,4565,49992697,40306759
2022-11-11,189,4203,49992886,40310962
2022-11-12,153,2349,49993039,40313311
2022-11-13,7,331,49993046,40313642
2022-11-14,149,2825,49993195,40316467
2022-11-15,200,3712,49993395,40320179
2022-11-16,210,3936,49993605,40324115
2022-11-17,190,4046,49993795,40328161
2022-11-18,244,3961,49994039,40332122
2022-11-19,111,2055,49994150,40334177
2022-11-20,24,308,49994174,40334485
2022-11-21,119,2583,49994293,40337068
2022-11-22,140,3133,49994433,40340201
2022-11-23,185,3507,49994618,40343708
2022-11-24,124,3307,49994742,40347015
2022-11-25,166,3451,49994908,40350466
2022-11-26,134,1593,49995042,40352059