data_somministrazione,vaccinazioni,booster,cum_vaccinazioni,cum_booster
2020-12-27,19,0,19,0
2020-12-28,2,0,21,0
2020-12-29,1,0,22,0
2020-12-30,6,0,28,0
2020-12-31,59,0,87,0
2021-01-01,22,0,109,0
2021-01-02,98,0,207,0
2021-01-03,73,0,280,0
2021-01-04,190,0,470,0
2021-01-05,230,0,700,0
2021-01-06,184,0,884,0
2021-01-07,277,0,1161,0
2021-01-08,320,0,1481,0
2021-01-09,235,0,1716,0
2021-01-10,142,0,1858,0
2021-01-11,264,0,2122,0
2021-01-12,260,0,2382,0
2021-01-13,381,0,2763,0
2021-01-14,467,0,3230,0
2021-01-15,290,0,3520,0
2021-01-16,202,0,3722,0
2021-01-17,3057,0,6779,0
2021-01-18,5206,0,11985,0
2021-01-19,1889,0,13874,0
2021-01-20,4652,0,18526,0
2021-01-21,20003,0,38529,0
2021-01-22,14201,0,52730,0
2021-01-23,33335,0,86065,0
2021-01-24,30792,0,116857,0
2021-01-25,64740,0,181597,0
2021-01-26,76503,0,258100,0
2021-01-27,64850,0,322950,0
2021-01-28,89302,0,412252,0
2021-01-29,94039,0,506291,0
2021-01-30,86579,0,592870,0
2021-01-31,57342,0,650212,0
2021-02-01,81877,0,732089,0
2021-02-02,82148,0,814237,0
2021-02-03,91198,0,905435,0
2021-02-04,95403,0,1000838,0
2021-02-05,90284,0,1091122,0
2021-02-06,63451,0,1154573,0
2021-02-07,32926,0,1187499,0
2021-02-08,40431,0,1227930,0
2021-02-09,32865,0,1260795,0
2021-02-10,28419,0,1289214,0
2021-02-11,20384,0,1309598,0
2021-02-12,16225,0,1325823,0
2021-02-13,7250,0,1333073,0
2021-02-14,2861,0,1335934,0
2021-02-15,6836,0,1342770,0
2021-02-16,6993,0,1349763,0
2021-02-17,10518,0,1360281,0
2021-02-18,9245,0,1369526,0
2021-02-19,8234,0,1377760,0
2021-02-20,5536,0,1383296,0
2021-02-21,2985,0,1386281,0
2021-02-22,6880,0,1393161,0
2021-02-23,7156,0,1400317,0
2021-02-24,9823,0,1410140,0
2021-02-25,14198,0,1424338,0
2021-02-26,17550,0,1441888,0
2021-02-27,13896,0,1455784,0
2021-02-28,9386,0,1465170,0
2021-03-01,26506,0,1491676,0
2021-03-02,33235,0,1524911,0
2021-03-03,44641,0,1569552,0
2021-03-04,50289,0,1619841,0
2021-03-05,55733,0,1675574,0
2021-03-06,41870,0,1717444,0
2021-03-07,22320,0,1739764,0
2021-03-08,50793,0,1790557,0
2021-03-09,53054,0,1843611,0
2021-03-10,58621,0,1902232,0
2021-03-11,63832,0,1966064,0
2021-03-12,65093,0,2031157,0
2021-03-13,51706,0,2082863,0
2021-03-14,35383,0,2118246,0
2021-03-15,73425,0,2191671,0
2021-03-16,74022,0,2265693,0
2021-03-17,83128,0,2348821,0
2021-03-18,81621,0,2430442,0
2021-03-19,81077,0,2511519,0
2021-03-20,64705,0,2576224,0
2021-03-21,47285,0,2623509,0
2021-03-22,69470,0,2692979,0
2021-03-23,75777,0,2768756,0
2021-03-24,90884,0,2859640,0
2021-03-25,89783,0,2949423,0
2021-03-26,83601,0,3033024,0
2021-03-27,71916,0,3104940,0
2021-03-28,44119,0,3149059,0
2021-03-29,70803,0,3219862,0
2021-03-30,81353,0,3301215,0
2021-03-31,96217,0,3397432,0
2021-04-01,95289,0,3492721,0
2021-04-02,84060,0,3576781,0
2021-04-03,64295,0,3641076,0
2021-04-04,21715,0,3662791,0
2021-04-05,40295,0,3703086,0
2021-04-06,81295,0,3784381,0
2021-04-07,95801,0,3880182,0
2021-04-08,95224,0,3975406,0
2021-04-09,88476,0,4063882,0
2021-04-10,74026,0,4137908,0
2021-04-11,44747,0,4182655,0
2021-04-12,66904,0,4249559,0
2021-04-13,72559,0,4322118,0
2021-04-14,85514,0,4407632,0
2021-04-15,105396,0,4513028,0
2021-04-16,106407,0,4619435,0
2021-04-17,90488,0,4709923,0
2021-04-18,58581,0,4768504,0
2021-04-19,93424,0,4861928,0
2021-04-20,103759,0,4965687,0
2021-04-21,125324,0,5091011,0
2021-04-22,143501,0,5234512,0
2021-04-23,138714,0,5373226,0
2021-04-24,124430,0,5497656,0
2021-04-25,61453,0,5559109,0
2021-04-26,97873,0,5656982,0
2021-04-27,128348,0,5785330,0
2021-04-28,156346,0,5941676,0
2021-04-29,195575,0,6137251,0
2021-04-30,214551,0,6351802,0
2021-05-01,174086,0,6525888,0
2021-05-02,135792,0,6661680,0
2021-05-03,141999,0,6803679,0
2021-05-04,158673,0,6962352,0
2021-05-05,170465,0,7132817,0
2021-05-06,197786,0,7330603,0
2021-05-07,213798,0,7544401,0
2021-05-08,213377,0,7757778,0
2021-05-09,143186,0,7900964,0
2021-05-10,165077,0,8066041,0
2021-05-11,174951,0,8240992,0
2021-05-12,179140,0,8420132,0
2021-05-13,203353,0,8623485,0
2021-05-14,222888,0,8846373,0
2021-05-15,210325,0,9056698,0
2021-05-16,159258,0,9215956,0
2021-05-17,219176,0,9435132,0
2021-05-18,212994,0,9648126,0
2021-05-19,207066,0,9855192,0
2021-05-20,270835,0,10126027,0
2021-05-21,270858,0,10396885,0
2021-05-22,245513,0,10642398,0
2021-05-23,197171,0,10839569,0
2021-05-24,228287,0,11067856,0
2021-05-25,245683,0,11313539,0
2021-05-26,277477,0,11591016,0
2021-05-27,311076,0,11902092,0
2021-05-28,299553,0,12201645,0
2021-05-29,231188,0,12432833,0
2021-05-30,170819,0,12603652,0
2021-05-31,216400,0,12820052,0
2021-06-01,207627,0,13027679,0
2021-06-02,115765,0,13143444,0
2021-06-03,180095,0,13323539,0
2021-06-04,184840,0,13508379,0
2021-06-05,185914,0,13694293,0
2021-06-06,139501,0,13833794,0
2021-06-07,161827,0,13995621,0
2021-06-08,171146,0,14166767,0
2021-06-09,171417,0,14338184,0
2021-06-10,174029,0,14512213,0
2021-06-11,169921,0,14682134,0
2021-06-12,128294,0,14810428,0
2021-06-13,91131,0,14901559,0
2021-06-14,214630,0,15116189,0
2021-06-15,228374,0,15344563,0
2021-06-16,253025,0,15597588,0
2021-06-17,301687,0,15899275,0
2021-06-18,306247,0,16205522,0
2021-06-19,275041,0,16480563,0
2021-06-20,220731,0,16701294,0
2021-06-21,288028,0,16989322,0
2021-06-22,296177,0,17285499,0
2021-06-23,302657,0,17588156,0
2021-06-24,332546,0,17920702,0
2021-06-25,348685,0,18269387,0
2021-06-26,300082,0,18569469,0
2021-06-27,228607,0,18798076,0
2021-06-28,307026,0,19105102,0
2021-06-29,329223,0,19434325,0
2021-06-30,342090,0,19776415,0
2021-07-01,363146,0,20139561,0
2021-07-02,368429,0,20507990,0
2021-07-03,371061,0,20879051,0
2021-07-04,283187,0,21162238,0
2021-07-05,384495,0,21546733,0
2021-07-06,385424,0,21932157,0
2021-07-07,412061,0,22344218,0
2021-07-08,479626,0,22823844,0
2021-07-09,498492,0,23322336,0
2021-07-10,475180,0,23797516,0
2021-07-11,357708,0,24155224,0
2021-07-12,485917,0,24641141,0
2021-07-13,492152,0,25133293,0
2021-07-14,480482,0,25613775,0
2021-07-15,523497,0,26137272,0
2021-07-16,509794,0,26647066,0
2021-07-17,464372,0,27111438,0
2021-07-18,364700,0,27476138,0
2021-07-19,463080,0,27939218,0
2021-07-20,458088,0,28397306,0
2021-07-21,462822,0,28860128,0
2021-07-22,475392,0,29335520,0
2021-07-23,441311,0,29776831,0
2021-07-24,386191,0,30163022,0
2021-07-25,287599,0,30450621,0
2021-07-26,430895,0,30881516,0
2021-07-27,440127,0,31321643,0
2021-07-28,391015,0,31712658,0
2021-07-29,372078,0,32084736,0
2021-07-30,341502,0,32426238,0
2021-07-31,287015,0,32713253,0
2021-08-01,191023,0,32904276,0
2021-08-02,333735,0,33238011,0
2021-08-03,323186,0,33561197,0
2021-08-04,310966,0,33872163,0
2021-08-05,292510,0,34164673,0
2021-08-06,260001,0,34424674,0
2021-08-07,199048,0,34623722,0
2021-08-08,153105,0,34776827,0
2021-08-09,234071,0,35010898,0
2021-08-10,205244,0,35216142,0
2021-08-11,193756,0,35409898,0
2021-08-12,167969,0,35577867,0
2021-08-13,148595,0,35726462,0
2021-08-14,66086,0,35792548,0
2021-08-15,26333,0,35818881,0
2021-08-16,114672,0,35933553,0
2021-08-17,129235,0,36062788,0
2021-08-18,128729,0,36191517,0
2021-08-19,124782,0,36316299,0
2021-08-20,123786,0,36440085,0
2021-08-21,83112,0,36523197,0
2021-08-22,68163,0,36591360,0
2021-08-23,176862,0,36768222,0
2021-08-24,156904,0,36925126,0
2021-08-25,177167,0,37102293,0
2021-08-26,172354,0,37274647,0
2021-08-27,185847,0,37460494,0
2021-08-28,140271,0,37600765,0
2021-08-29,99005,0,37699770,0
2021-08-30,209637,0,37909407,0
2021-08-31,194627,0,38104034,0
2021-09-01,192217,0,38296251,0
2021-09-02,189942,0,38486193,0
2021-09-03,191339,0,38677532,0
2021-09-04,131486,0,38809018,0
2021-09-05,87871,0,38896889,0
2021-09-06,193661,0,39090550,0
2021-09-07,196071,0,39286621,0
2021-09-08,187911,0,39474532,0
2021-09-09,201480,0,39676012,0
2021-09-10,198113,0,39874125,0
2021-09-11,141326,0,40015451,0
2021-09-12,89603,0,40105054,0
2021-09-13,191170,543,40296224,543
2021-09-14,177269,567,40473493,1110
2021-09-15,163132,564,40636625,1674
2021-09-16,160102,911,40796727,2585
2021-09-17,150171,1106,40946898,3691
2021-09-18,127977,729,41074875,4420
2021-09-19,81131,488,41156006,4908
2021-09-20,180072,9064,41336078,13972
2021-09-21,166626,8825,41502704,22797
2021-09-22,159075,9425,41661779,32222
2021-09-23,138078,9316,41799857,41538
2021-09-24,140542,8946,41940399,50484
2021-09-25,119544,5629,42059943,56113
2021-09-26,71950,4338,42131893,60451
2021-09-27,135630,10037,42267523,70488
2021-09-28,117485,11376,42385008,81864
2021-09-29,112329,11821,42497337,93685
2021-09-30,110222,14938,42607559,108623
2021-10-01,94971,19101,42702530,127724
2021-10-02,78471,14010,42781001,141734
2021-10-03,47726,7655,42828727,149389
2021-10-04,88376,34438,42917103,183827
2021-10-05,80359,33967,42997462,217794
2021-10-06,71977,34156,43069439,251950
2021-10-07,71848,34339,43141287,286289
2021-10-08,80623,33585,43221910,319874
2021-10-09,76098,22163,43298008,342037
2021-10-10,45773,13614,43343781,355651
2021-10-11,87408,41096,43431189,396747
2021-10-12,84487,46891,43515676,443638
2021-10-13,88185,52104,43603861,495742
2021-10-14,91519,58500,43695380,554242
2021-10-15,93579,55617,43788959,609859
2021-10-16,82957,36776,43871916,646635
2021-10-17,51460,23823,43923376,670458
2021-10-18,90287,59474,44013663,729932
2021-10-19,78340,69367,44092003,799299
2021-10-20,75074,78158,44167077,877457
2021-10-21,78299,81746,44245376,959203
2021-10-22,73791,77014,44319167,1036217
2021-10-23,60809,51949,44379976,1088166
2021-10-24,33379,23447,44413355,1111613
2021-10-25,64901,81622,44478256,1193235
2021-10-26,58371,91772,44536627,1285007
2021-10-27,58328,103958,44594955,1388965
2021-10-28,61467,114095,44656422,1503060
2021-10-29,61659,103105,44718081,1606165
2021-10-30,50670,68110,44768751,1674275
2021-10-31,25167,28284,44793918,1702559
2021-11-01,19047,28146,44812965,1730705
2021-11-02,62769,89367,44875734,1820072
2021-11-03,60734,118656,44936468,1938728
2021-11-04,59244,126654,44995712,2065382
2021-11-05,63094,135166,45058806,2200548
2021-11-06,46469,90921,45105275,2291469
2021-11-07,22253,37892,45127528,2329361
2021-11-08,51526,131259,45179054,2460620
2021-11-09,45403,144192,45224457,2604812
2021-11-10,42578,156343,45267035,2761155
2021-11-11,44934,155135,45311969,2916290
2021-11-12,46372,158569,45358341,3074859
2021-11-13,33250,116643,45391591,3191502
2021-11-14,14479,52446,45406070,3243948
2021-11-15,36894,157419,45442964,3401367
2021-11-16,30544,171370,45473508,3572737
2021-11-17,28448,178432,45501956,3751169
2021-11-18,30276,193709,45532232,3944878
2021-11-19,28796,205847,45561028,4150725
2021-11-20,20989,156434,45582017,4307159
2021-11-21,10609,64855,45592626,4372014
2021-11-22,21925,213137,45614551,4585151
2021-11-23,23563,241739,45638114,4826890
2021-11-24,27828,270941,45665942,5097831
2021-11-25,23229,301894,45689171,5399725
2021-11-26,24573,318260,45713744,5717985
2021-11-27,21373,266147,45735117,5984132
2021-11-28,9894,137053,45745011,6121185
2021-11-29,22310,326060,45767321,6447245
2021-11-30,23075,365819,45790396,6813064
2021-12-01,21507,413498,45811903,7226562
2021-12-02,23747,440376,45835650,7666938
2021-12-03,25224,467449,45860874,8134387
2021-12-04,22345,418725,45883219,8553112
2021-12-05,11902,261330,45895121,8814442
2021-12-06,25801,457560,45920922,9272002
2021-12-07,24102,480243,45945024,9752245
2021-12-08,9992,249678,45955016,10001923
2021-12-09,31555,491910,45986571,10493833
2021-12-10,28040,517863,46014611,11011696
2021-12-11,23542,459237,46038153,11470933
2021-12-12,12292,293495,46050445,11764428
2021-12-13,26125,467617,46076570,12232045
2021-12-14,25148,494187,46101718,12726232
2021-12-15,25303,517126,46127021,13243358
2021-12-16,27861,520237,46154882,13763595
2021-12-17,29331,517158,46184213,14280753
2021-12-18,27024,468710,46211237,14749463
2021-12-19,15125,300514,46226362,15049977
2021-12-20,30603,477466,46256965,15527443
2021-12-21,30345,493376,46287310,16020819
2021-12-22,29424,484694,46316734,16505513
2021-12-23,28215,426890,46344949,16932403
2021-12-24,13103,210818,46358052,17143221
2021-12-25,2101,33052,46360153,17176273
2021-12-26,8749,159065,46368902,17335338
2021-12-27,46746,504648,46415648,17839986
2021-12-28,42415,554196,46458063,18394182
2021-12-29,34295,550625,46492358,18944807
2021-12-30,31788,499818,46524146,19444625
2021-12-31,14093,247394,46538239,19692019
2022-01-01,3493,64812,46541732,19756831
2022-01-02,22729,276716,46564461,20033547
2022-01-03,47774,520008,46612235,20553555
2022-01-04,46277,572069,46658512,21125624
2022-01-05,40663,560377,46699175,21686001
2022-01-06,23435,274480,46722610,21960481
2022-01-07,63605,554174,46786215,22514655
2022-01-08,60755,503376,46846970,23018031
2022-01-09,42755,319683,46889725,23337714
2022-01-10,60986,542271,46950711,23879985
2022-01-11,61613,586980,47012324,24466965
2022-01-12,58351,581269,47070675,25048234
2022-01-13,58501,580370,47129176,25628604
2022-01-14,46680,588559,47175856,26217163
2022-01-15,39236,569934,47215092,26787097
2022-01-16,31105,341848,47246197,27128945
2022-01-17,54702,489643,47300899,27618588
2022-01-18,58302,517008,47359201,28135596
2022-01-19,57119,502780,47416320,28638376
2022-01-20,54256,498811,47470576,29137187
2022-01-21,41973,493865,47512549,29631052
2022-01-22,31077,469590,47543626,30100642
2022-01-23,34867,275365,47578493,30376007
2022-01-24,56122,437207,47634615,30813214
2022-01-25,61488,452086,47696103,31265300
2022-01-26,58479,435814,47754582,31701114
2022-01-27,48774,432353,47803356,32133467
2022-01-28,58613,436526,47861969,32569993
2022-01-29,68040,412477,47930009,32982470
2022-01-30,50329,235966,47980338,33218436
2022-01-31,60556,356920,48040894,33575356
2022-02-01,65478,328430,48106372,33903786
2022-02-02,63123,296960,48169495,34200746
2022-02-03,59998,274512,48229493,34475258
2022-02-04,72315,268442,48301808,34743700
2022-02-05,83702,248523,48385510,34992223
2022-02-06,55250,116194,48440760,35108417
2022-02-07,65098,199928,48505858,35308345
2022-02-08,66890,186102,48572748,35494447
2022-02-09,58723,166329,48631471,35660776
2022-02-10,58521,163231,48689992,35824007
2022-02-11,62209,162452,48752201,35986459
2022-02-12,71935,152135,48824136,36138594
2022-02-13,41456,68849,48865592,36207443
2022-02-14,46650,116182,48912242,36323625
2022-02-15,48495,123477,48960737,36447102
2022-02-16,45651,106110,49006388,36553212
2022-02-17,42845,98100,49049233,36651312
2022-02-18,46588,112565,49095821,36763877
2022-02-19,52511,100326,49148332,36864203
2022-02-20,31407,40359,49179739,36904562
2022-02-21,37881,89641,49217620,36994203
2022-02-22,37204,83769,49254824,37077972
2022-02-23,33368,79404,49288192,37157376
2022-02-24,32544,78160,49320736,37235536
2022-02-25,34740,90703,49355476,37326239
2022-02-26,39142,89131,49394618,37415370
2022-02-27,22539,35855,49417157,37451225
2022-02-28,28464,81690,49445621,37532915
2022-03-01,22694,53934,49468315,37586849
2022-03-02,21985,50627,49490300,37637476
2022-03-03,22596,54940,49512896,37692416
2022-03-04,23205,62789,49536101,37755205
2022-03-05,23779,57950,49559880,37813155
2022-03-06,9469,17199,49569349,37830354
2022-03-07,15895,51389,49585244,37881743
2022-03-08,15447,48796,49600691,37930539
2022-03-09,13797,46514,49614488,37977053
2022-03-10,14027,52115,49628515,38029168
2022-03-11,15562,57250,49644077,38086418
2022-03-12,15488,56614,49659565,38143032
2022-03-13,5541,16848,49665106,38159880
2022-03-14,10516,46691,49675622,38206571
2022-03-15,10533,46892,49686155,38253463
2022-03-16,9470,41977,49695625,38295440
2022-03-17,9697,44874,49705322,38340314
2022-03-18,10149,49053,49715471,38389367
2022-03-19,9142,46531,49724613,38435898
2022-03-20,2606,11699,49727219,38447597
2022-03-21,7569,40221,49734788,38487818
2022-03-22,8439,37747,49743227,38525565
2022-03-23,7203,33695,49750430,38559260
2022-03-24,8245,38797,49758675,38598057
2022-03-25,8122,43664,49766797,38641721
2022-03-26,8118,41719,49774915,38683440
2022-03-27,2428,9682,49777343,38693122
2022-03-28,6097,35230,49783440,38728352
2022-03-29,5773,32523,49789213,38760875
2022-03-30,5554,30192,49794767,38791067
2022-03-31,5884,33171,49800651,38824238
2022-04-01,4340,25183,49804991,38849421
2022-04-02,4486,23272,49809477,38872693
2022-04-03,1048,4499,49810525,38877192
2022-04-04,3650,21532,49814175,38898724
2022-04-05,3746,22923,49817921,38921647
2022-04-06,4096,21844,49822017,38943491
2022-04-07,3954,23318,49825971,38966809
2022-04-08,4682,26709,49830653,38993518
2022-04-09,4374,23882,49835027,39017400
2022-04-10,892,4614,49835919,39022014
2022-04-11,3801,22683,49839720,39044697
2022-04-12,3356,21776,49843076,39066473
2022-04-13,3557,21334,49846633,39087807
2022-04-14,3483,23775,49850116,39111582
2022-04-15,3076,20614,49853192,39132196
2022-04-16,2148,11922,49855340,39144118
2022-04-17,63,348,49855403,39144466
2022-04-18,148,650,49855551,39145116
2022-04-19,3484,21978,49859035,39167094
2022-04-20,3495,20249,49862530,39187343
2022-04-21,2838,19780,49865368,39207123
2022-04-22,2914,20695,49868282,39227818
2022-04-23,2636,16205,49870918,39244023
2022-04-24,509,2335,49871427,39246358
2022-04-25,183,1165,49871610,39247523
2022-04-26,2759,17793,49874369,39265316
2022-04-27,2364,15782,49876733,39281098
2022-04-28,2348,15534,49879081,39296632
2022-04-29,2290,14835,49881371,39311467
2022-04-30,2120,11576,49883491,39323043
2022-05-01,113,530,49883604,39323573
2022-05-02,1443,9382,49885047,39332955
2022-05-03,1571,10308,49886618,39343263
2022-05-04,1744,10256,49888362,39353519
2022-05-05,1647,10273,49890009,39363792
2022-05-06,1693,10944,49891702,39374736
2022-05-07,1431,8563,49893133,39383299
2022-05-08,404,1514,49893537,39384813
2022-05-09,1023,8917,49894560,39393730
2022-05-10,1418,9536,49895978,39403266
2022-05-11,1477,10087,49897455,39413353
2022-05-12,1366,10119,49898821,39423472
2022-05-13,1587,10509,49900408,39433981
2022-05-14,1355,8226,49901763,39442207
2022-05-15,336,1129,49902099,39443336
2022-05-16,809,8388,49902908,39451724
2022-05-17,1241,8667,49904149,39460391
2022-05-18,1368,9214,49905517,39469605
2022-05-19,1498,9267,49907015,39478872
2022-05-20,1419,9492,49908434,39488364
2022-05-21,1299,7892,49909733,39496256
2022-05-22,230,1012,49909963,39497268
2022-05-23,825,8260,49910788,39505528
2022-05-24,1070,8665,49911858,39514193
2022-05-25,1365,9444,49913223,39523637
2022-05-26,1192,9452,49914415,39533089
2022-05-27,1223,9909,49915638,39542998
2022-05-28,1202,7873,49916840,39550871
2022-05-29,285,1264,49917125,39552135
2022-05-30,929,8026,49918054,39560161
2022-05-31,1033,8529,49919087,39568690
2022-06-01,891,7644,49919978,39576334
2022-06-02,35,474,49920013,39576808
2022-06-03,813,7327,49920826,39584135
2022-06-04,869,5155,49921695,39589290
2022-06-05,89,586,49921784,39589876
2022-06-06,670,6964,49922454,39596840
2022-06-07,930,7841,49923384,39604681
2022-06-08,981,7897,49924365,39612578
2022-06-09,1034,8399,49925399,39620977
2022-06-10,954,8537,49926353,39629514
2022-06-11,899,6207,49927252,39635721
2022-06-12,140,767,49927392,39636488
2022-06-13,602,6295,49927994,39642783
2022-06-14,824,7880,49928818,39650663
2022-06-15,950,7845,49929768,39658508
2022-06-16,728,7383,49930496,39665891
2022-06-17,718,7238,49931214,39673129
2022-06-18,776,5588,49931990,39678717
2022-06-19,47,522,49932037,39679239
2022-06-20,587,6694,49932624,39685933
2022-06-21,731,7638,49933355,39693571
2022-06-22,780,7303,49934135,39700874
2022-06-23,648,7455,49934783,39708329
2022-06-24,643,7472,49935426,39715801
2022-06-25,835,6531,49936261,39722332
2022-06-26,128,523,49936389,39722855
2022-06-27,532,7117,49936921,39729972
2022-06-28,743,8208,49937664,39738180
2022-06-29,755,7718,49938419,39745898
2022-06-30,742,8131,49939161,39754029
2022-07-01,577,6436,49939738,39760465
2022-07-02,536,4765,49940274,39765230
2022-07-03,49,456,49940323,39765686
2022-07-04,470,6269,49940793,39771955
2022-07-05,622,8107,49941415,39780062
2022-07-06,625,7594,49942040,39787656
2022-07-07,562,8250,49942602,39795906
2022-07-08,670,8075,49943272,39803981
2022-07-09,548,6103,49943820,39810084
2022-07-10,58,533,49943878,39810617
2022-07-11,477,7626,49944355,39818243
2022-07-12,653,8981,49945008,39827224
2022-07-13,629,10065,49945637,39837289
2022-07-14,618,10218,49946255,39847507
2022-07-15,616,10650,49946871,39858157
2022-07-16,512,7207,49947383,39865364
2022-07-17,48,769,49947431,39866133
2022-07-18,495,9340,49947926,39875473
2022-07-19,560,10644,49948486,39886117
2022-07-20,564,11248,49949050,39897365
2022-07-21,620,12016,49949670,39909381
2022-07-22,572,11207,49950242,39920588
2022-07-23,377,6732,49950619,39927320
2022-07-24,75,834,49950694,39928154
2022-07-25,493,9020,49951187,39937174
2022-07-26,517,9713,49951704,39946887
2022-07-27,540,10135,49952244,39957022
2022-07-28,525,10454,49952769,39967476
2022-07-29,506,9391,49953275,39976867
2022-07-30,380,5848,49953655,39982715
2022-07-31,49,746,49953704,39983461
2022-08-01,383,6808,49954087,39990269
2022-08-02,534,7492,49954621,39997761
2022-08-03,495,7096,49955116,40004857
2022-08-04,448,7391,49955564,40012248
2022-08-05,410,6448,49955974,40018696
2022-08-06,297,3576,49956271,40022272
2022-08-07,44,547,49956315,40022819
2022-08-08,392,4846,49956707,40027665
2022-08-09,376,5233,49957083,40032898
2022-08-10,368,4749,49957451,40037647
2022-08-11,359,4724,49957810,40042371
2022-08-12,286,3671,49958096,40046042
2022-08-13,139,1595,49958235,40047637
2022-08-14,9,127,49958244,40047764
2022-08-15,1,24,49958245,40047788
2022-08-16,279,2994,49958524,40050782
2022-08-17,339,3456,49958863,40054238
2022-08-18,373,3985,49959236,40058223
2022-08-19,314,3093,49959550,40061316
2022-08-20,173,1383,49959723,40062699