data_somministrazione,vaccinazioni,booster,cum_vaccinazioni,cum_booster
2020-12-27,16,0,16,0
2020-12-28,2,0,18,0
2020-12-29,1,0,19,0
2020-12-30,2,0,21,0
2020-12-31,34,0,55,0
2021-01-01,12,0,67,0
2021-01-02,53,0,120,0
2021-01-03,46,0,166,0
2021-01-04,121,0,287,0
2021-01-05,157,0,444,0
2021-01-06,134,0,578,0
2021-01-07,196,0,774,0
2021-01-08,245,0,1019,0
2021-01-09,172,0,1191,0
2021-01-10,109,0,1300,0
2021-01-11,197,0,1497,0
2021-01-12,205,0,1702,0
2021-01-13,309,0,2011,0
2021-01-14,407,0,2418,0
2021-01-15,247,0,2665,0
2021-01-16,164,0,2829,0
2021-01-17,3048,0,5877,0
2021-01-18,5182,0,11059,0
2021-01-19,1871,0,12930,0
2021-01-20,4652,0,17582,0
2021-01-21,20005,0,37587,0
2021-01-22,14194,0,51781,0
2021-01-23,33358,0,85139,0
2021-01-24,30793,0,115932,0
2021-01-25,64771,0,180703,0
2021-01-26,76541,0,257244,0
2021-01-27,64877,0,322121,0
2021-01-28,89338,0,411459,0
2021-01-29,94073,0,505532,0
2021-01-30,86605,0,592137,0
2021-01-31,57349,0,649486,0
2021-02-01,81899,0,731385,0
2021-02-02,82172,0,813557,0
2021-02-03,91216,0,904773,0
2021-02-04,95392,0,1000165,0
2021-02-05,90291,0,1090456,0
2021-02-06,63731,0,1154187,0
2021-02-07,32919,0,1187106,0
2021-02-08,40414,0,1227520,0
2021-02-09,32832,0,1260352,0
2021-02-10,28377,0,1288729,0
2021-02-11,20347,0,1309076,0
2021-02-12,16176,0,1325252,0
2021-02-13,7216,0,1332468,0
2021-02-14,2855,0,1335323,0
2021-02-15,6821,0,1342144,0
2021-02-16,6970,0,1349114,0
2021-02-17,10492,0,1359606,0
2021-02-18,9213,0,1368819,0
2021-02-19,8159,0,1376978,0
2021-02-20,5469,0,1382447,0
2021-02-21,2942,0,1385389,0
2021-02-22,6834,0,1392223,0
2021-02-23,7099,0,1399322,0
2021-02-24,9784,0,1409106,0
2021-02-25,14164,0,1423270,0
2021-02-26,17479,0,1440749,0
2021-02-27,13845,0,1454594,0
2021-02-28,9339,0,1463933,0
2021-03-01,26431,0,1490364,0
2021-03-02,33156,0,1523520,0
2021-03-03,44591,0,1568111,0
2021-03-04,50186,0,1618297,0
2021-03-05,55678,0,1673975,0
2021-03-06,41831,0,1715806,0
2021-03-07,22282,0,1738088,0
2021-03-08,50615,0,1788703,0
2021-03-09,52955,0,1841658,0
2021-03-10,58504,0,1900162,0
2021-03-11,63712,0,1963874,0
2021-03-12,65009,0,2028883,0
2021-03-13,51648,0,2080531,0
2021-03-14,35335,0,2115866,0
2021-03-15,73259,0,2189125,0
2021-03-16,73989,0,2263114,0
2021-03-17,82997,0,2346111,0
2021-03-18,81581,0,2427692,0
2021-03-19,81001,0,2508693,0
2021-03-20,64633,0,2573326,0
2021-03-21,47240,0,2620566,0
2021-03-22,69390,0,2689956,0
2021-03-23,75680,0,2765636,0
2021-03-24,90768,0,2856404,0
2021-03-25,89683,0,2946087,0
2021-03-26,83481,0,3029568,0
2021-03-27,71808,0,3101376,0
2021-03-28,44028,0,3145404,0
2021-03-29,70687,0,3216091,0
2021-03-30,81244,0,3297335,0
2021-03-31,96071,0,3393406,0
2021-04-01,95190,0,3488596,0
2021-04-02,83979,0,3572575,0
2021-04-03,64241,0,3636816,0
2021-04-04,21685,0,3658501,0
2021-04-05,40253,0,3698754,0
2021-04-06,81217,0,3779971,0
2021-04-07,95557,0,3875528,0
2021-04-08,95155,0,3970683,0
2021-04-09,88375,0,4059058,0
2021-04-10,73925,0,4132983,0
2021-04-11,44697,0,4177680,0
2021-04-12,66835,0,4244515,0
2021-04-13,72503,0,4317018,0
2021-04-14,85412,0,4402430,0
2021-04-15,105298,0,4507728,0
2021-04-16,106294,0,4614022,0
2021-04-17,90537,0,4704559,0
2021-04-18,58655,0,4763214,0
2021-04-19,93358,0,4856572,0
2021-04-20,103688,0,4960260,0
2021-04-21,125258,0,5085518,0
2021-04-22,143407,0,5228925,0
2021-04-23,138577,0,5367502,0
2021-04-24,124328,0,5491830,0
2021-04-25,61375,0,5553205,0
2021-04-26,97786,0,5650991,0
2021-04-27,128255,0,5779246,0
2021-04-28,156222,0,5935468,0
2021-04-29,195387,0,6130855,0
2021-04-30,214374,0,6345229,0
2021-05-01,174134,0,6519363,0
2021-05-02,135877,0,6655240,0
2021-05-03,141871,0,6797111,0
2021-05-04,158555,0,6955666,0
2021-05-05,170302,0,7125968,0
2021-05-06,197648,0,7323616,0
2021-05-07,213588,0,7537204,0
2021-05-08,213233,0,7750437,0
2021-05-09,143047,0,7893484,0
2021-05-10,164928,0,8058412,0
2021-05-11,174761,0,8233173,0
2021-05-12,178916,0,8412089,0
2021-05-13,203090,0,8615179,0
2021-05-14,222663,0,8837842,0
2021-05-15,210125,0,9047967,0
2021-05-16,159145,0,9207112,0
2021-05-17,219024,0,9426136,0
2021-05-18,212806,0,9638942,0
2021-05-19,206856,0,9845798,0
2021-05-20,270575,0,10116373,0
2021-05-21,270604,0,10386977,0
2021-05-22,245362,0,10632339,0
2021-05-23,197086,0,10829425,0
2021-05-24,228172,0,11057597,0
2021-05-25,245542,0,11303139,0
2021-05-26,277297,0,11580436,0
2021-05-27,310874,0,11891310,0
2021-05-28,299367,0,12190677,0
2021-05-29,231004,0,12421681,0
2021-05-30,170709,0,12592390,0
2021-05-31,216239,0,12808629,0
2021-06-01,207470,0,13016099,0
2021-06-02,115621,0,13131720,0
2021-06-03,179812,0,13311532,0
2021-06-04,184529,0,13496061,0
2021-06-05,185726,0,13681787,0
2021-06-06,139389,0,13821176,0
2021-06-07,161541,0,13982717,0
2021-06-08,170781,0,14153498,0
2021-06-09,171079,0,14324577,0
2021-06-10,173648,0,14498225,0
2021-06-11,169581,0,14667806,0
2021-06-12,127978,0,14795784,0
2021-06-13,90958,0,14886742,0
2021-06-14,214432,0,15101174,0
2021-06-15,228195,0,15329369,0
2021-06-16,252908,0,15582277,0
2021-06-17,301533,0,15883810,0
2021-06-18,306071,0,16189881,0
2021-06-19,274986,0,16464867,0
2021-06-20,220616,0,16685483,0
2021-06-21,287949,0,16973432,0
2021-06-22,296066,0,17269498,0
2021-06-23,302643,0,17572141,0
2021-06-24,332491,0,17904632,0
2021-06-25,348623,0,18253255,0
2021-06-26,300213,0,18553468,0
2021-06-27,228803,0,18782271,0
2021-06-28,306893,0,19089164,0
2021-06-29,329085,0,19418249,0
2021-06-30,342038,0,19760287,0
2021-07-01,363032,0,20123319,0
2021-07-02,368423,0,20491742,0
2021-07-03,371293,0,20863035,0
2021-07-04,283244,0,21146279,0
2021-07-05,384463,0,21530742,0
2021-07-06,385355,0,21916097,0
2021-07-07,412052,0,22328149,0
2021-07-08,479837,0,22807986,0
2021-07-09,498570,0,23306556,0
2021-07-10,475267,0,23781823,0
2021-07-11,357814,0,24139637,0
2021-07-12,486009,0,24625646,0
2021-07-13,492314,0,25117960,0
2021-07-14,480607,0,25598567,0
2021-07-15,523717,0,26122284,0
2021-07-16,509932,0,26632216,0
2021-07-17,464532,0,27096748,0
2021-07-18,364837,0,27461585,0
2021-07-19,463438,0,27925023,0
2021-07-20,458277,0,28383300,0
2021-07-21,462877,0,28846177,0
2021-07-22,475386,0,29321563,0
2021-07-23,441326,0,29762889,0
2021-07-24,386138,0,30149027,0
2021-07-25,287538,0,30436565,0
2021-07-26,430892,0,30867457,0
2021-07-27,440162,0,31307619,0
2021-07-28,390979,0,31698598,0
2021-07-29,372041,0,32070639,0
2021-07-30,341485,0,32412124,0
2021-07-31,286982,0,32699106,0
2021-08-01,190812,0,32889918,0
2021-08-02,333764,0,33223682,0
2021-08-03,323120,0,33546802,0
2021-08-04,310831,0,33857633,0
2021-08-05,292421,0,34150054,0
2021-08-06,259909,0,34409963,0
2021-08-07,198842,0,34608805,0
2021-08-08,153057,0,34761862,0
2021-08-09,234152,0,34996014,0
2021-08-10,205076,0,35201090,0
2021-08-11,193552,0,35394642,0
2021-08-12,167761,0,35562403,0
2021-08-13,148348,0,35710751,0
2021-08-14,65955,0,35776706,0
2021-08-15,26288,0,35802994,0
2021-08-16,114564,0,35917558,0
2021-08-17,129070,0,36046628,0
2021-08-18,128651,0,36175279,0
2021-08-19,124650,0,36299929,0
2021-08-20,123639,0,36423568,0
2021-08-21,83006,0,36506574,0
2021-08-22,68074,0,36574648,0
2021-08-23,176638,0,36751286,0
2021-08-24,156908,0,36908194,0
2021-08-25,176985,0,37085179,0
2021-08-26,172270,0,37257449,0
2021-08-27,185754,0,37443203,0
2021-08-28,140048,0,37583251,0
2021-08-29,98914,0,37682165,0
2021-08-30,209535,0,37891700,0
2021-08-31,194620,0,38086320,0
2021-09-01,192127,0,38278447,0
2021-09-02,189821,0,38468268,0
2021-09-03,191176,0,38659444,0
2021-09-04,131364,0,38790808,0
2021-09-05,87858,0,38878666,0
2021-09-06,193560,0,39072226,0
2021-09-07,195756,0,39267982,0
2021-09-08,187741,0,39455723,0
2021-09-09,201314,0,39657037,0
2021-09-10,197937,0,39854974,0
2021-09-11,141145,0,39996119,0
2021-09-12,89475,0,40085594,0
2021-09-13,191036,337,40276630,337
2021-09-14,177272,421,40453902,758
2021-09-15,162987,453,40616889,1211
2021-09-16,159972,785,40776861,1996
2021-09-17,150029,1002,40926890,2998
2021-09-18,127816,655,41054706,3653
2021-09-19,80967,438,41135673,4091
2021-09-20,179788,8953,41315461,13044
2021-09-21,166273,8723,41481734,21767
2021-09-22,158708,9357,41640442,31124
2021-09-23,137649,9238,41778091,40362
2021-09-24,140153,8851,41918244,49213
2021-09-25,119286,5557,42037530,54770
2021-09-26,71761,4293,42109291,59063
2021-09-27,135354,9968,42244645,69031
2021-09-28,117128,11302,42361773,80333
2021-09-29,111952,11756,42473725,92089
2021-09-30,109881,14840,42583606,106929
2021-10-01,94634,19024,42678240,125953
2021-10-02,78192,13985,42756432,139938
2021-10-03,47518,7626,42803950,147564
2021-10-04,88059,34357,42892009,181921
2021-10-05,80081,33914,42972090,215835
2021-10-06,71730,34058,43043820,249893
2021-10-07,71488,34279,43115308,284172
2021-10-08,80346,33489,43195654,317661
2021-10-09,75795,22106,43271449,339767
2021-10-10,45630,13589,43317079,353356
2021-10-11,87094,40991,43404173,394347
2021-10-12,84187,46788,43488360,441135
2021-10-13,87906,51980,43576266,493115
2021-10-14,91092,58383,43667358,551498
2021-10-15,93202,55466,43760560,606964
2021-10-16,82653,36700,43843213,643664
2021-10-17,51243,23777,43894456,667441
2021-10-18,90053,59327,43984509,726768
2021-10-19,78136,69283,44062645,796051
2021-10-20,74914,78023,44137559,874074
2021-10-21,78091,81561,44215650,955635
2021-10-22,73748,76855,44289398,1032490
2021-10-23,60731,51886,44350129,1084376
2021-10-24,33307,23399,44383436,1107775
2021-10-25,64742,81503,44448178,1189278
2021-10-26,58252,91615,44506430,1280893
2021-10-27,58120,103813,44564550,1384706
2021-10-28,61285,113826,44625835,1498532
2021-10-29,61613,102914,44687448,1601446
2021-10-30,50558,67994,44738006,1669440
2021-10-31,25108,28236,44763114,1697676
2021-11-01,19008,28115,44782122,1725791
2021-11-02,62647,89193,44844769,1814984
2021-11-03,60611,118484,44905380,1933468
2021-11-04,59092,126442,44964472,2059910
2021-11-05,62961,134951,45027433,2194861
2021-11-06,46338,90798,45073771,2285659
2021-11-07,22201,37827,45095972,2323486
2021-11-08,51350,131094,45147322,2454580
2021-11-09,45279,143885,45192601,2598465
2021-11-10,42505,155992,45235106,2754457
2021-11-11,44785,154892,45279891,2909349
2021-11-12,46211,158315,45326102,3067664
2021-11-13,33138,116447,45359240,3184111
2021-11-14,14439,52384,45373679,3236495
2021-11-15,36742,157129,45410421,3393624
2021-11-16,30409,171114,45440830,3564738
2021-11-17,28281,178230,45469111,3742968
2021-11-18,30104,193407,45499215,3936375
2021-11-19,28631,205508,45527846,4141883
2021-11-20,20860,156121,45548706,4298004
2021-11-21,10531,64710,45559237,4362714
2021-11-22,21762,212835,45580999,4575549
2021-11-23,23384,241382,45604383,4816931
2021-11-24,27607,270490,45631990,5087421
2021-11-25,22963,301421,45654953,5388842
2021-11-26,24324,317802,45679277,5706644
2021-11-27,21175,265771,45700452,5972415
2021-11-28,9790,136826,45710242,6109241
2021-11-29,21996,325539,45732238,6434780
2021-11-30,22761,365193,45754999,6799973
2021-12-01,21162,412791,45776161,7212764
2021-12-02,23358,439935,45799519,7652699
2021-12-03,24775,466855,45824294,8119554
2021-12-04,21979,418417,45846273,8537971
2021-12-05,11631,261173,45857904,8799144
2021-12-06,25195,457152,45883099,9256296
2021-12-07,23558,479735,45906657,9736031
2021-12-08,9690,249490,45916347,9985521
2021-12-09,30849,491520,45947196,10477041
2021-12-10,27393,517243,45974589,10994284
2021-12-11,22953,458912,45997542,11453196
2021-12-12,11886,293243,46009428,11746439
2021-12-13,25422,467143,46034850,12213582
2021-12-14,24380,493709,46059230,12707291
2021-12-15,24544,516616,46083774,13223907
2021-12-16,26862,519612,46110636,13743519
2021-12-17,28449,516350,46139085,14259869
2021-12-18,26088,468315,46165173,14728184
2021-12-19,14500,300261,46179673,15028445
2021-12-20,29647,477010,46209320,15505455
2021-12-21,29370,492719,46238690,15998174
2021-12-22,28271,484141,46266961,16482315
2021-12-23,27075,426409,46294036,16908724
2021-12-24,12666,210602,46306702,17119326
2021-12-25,2066,33009,46308768,17152335
2021-12-26,8271,158975,46317039,17311310
2021-12-27,44867,504248,46361906,17815558
2021-12-28,39862,553677,46401768,18369235
2021-12-29,31470,550050,46433238,18919285
2021-12-30,28943,499221,46462181,19418506
2021-12-31,12677,247173,46474858,19665679
2022-01-01,3179,64756,46478037,19730435
2022-01-02,20073,276552,46498110,20006987
2022-01-03,43421,520524,46541531,20527511
2022-01-04,41383,572521,46582914,21100032
2022-01-05,35665,560781,46618579,21660813
2022-01-06,20693,274221,46639272,21935034
2022-01-07,58598,554356,46697870,22489390
2022-01-08,55427,502871,46753297,22992261
2022-01-09,38661,319413,46791958,23311674
2022-01-10,57070,542338,46849028,23854012
2022-01-11,57182,586907,46906210,24440919
2022-01-12,54018,581185,46960228,25022104
2022-01-13,54538,580240,47014766,25602344
2022-01-14,42661,588114,47057427,26190458
2022-01-15,34255,567815,47091682,26758273
2022-01-16,27791,340855,47119473,27099128
2022-01-17,52055,489709,47171528,27588837
2022-01-18,55753,516743,47227281,28105580
2022-01-19,54742,502591,47282023,28608171
2022-01-20,52021,498378,47334044,29106549
2022-01-21,39650,493226,47373694,29599775
2022-01-22,28197,468750,47401891,30068525
2022-01-23,33231,274795,47435122,30343320
2022-01-24,54524,436807,47489646,30780127
2022-01-25,59998,451402,47549644,31231529
2022-01-26,56759,434346,47606403,31665875
2022-01-27,47143,430840,47653546,32096715
2022-01-28,56720,434850,47710266,32531565
2022-01-29,66001,410257,47776267,32941822
2022-01-30,48965,234375,47825232,33176197
2022-01-31,58407,353601,47883639,33529798
2022-02-01,64941,312303,47948580,33842101