data_somministrazione,vaccinazioni,booster,cum_vaccinazioni,cum_booster
2020-12-27,20,0,20,0
2020-12-28,2,0,22,0
2020-12-29,1,0,23,0
2020-12-30,8,0,31,0
2020-12-31,71,0,102,0
2021-01-01,23,0,125,0
2021-01-02,121,0,246,0
2021-01-03,86,0,332,0
2021-01-04,211,0,543,0
2021-01-05,248,0,791,0
2021-01-06,214,0,1005,0
2021-01-07,302,0,1307,0
2021-01-08,346,0,1653,0
2021-01-09,258,0,1911,0
2021-01-10,155,0,2066,0
2021-01-11,279,0,2345,0
2021-01-12,269,0,2614,0
2021-01-13,396,0,3010,0
2021-01-14,482,0,3492,0
2021-01-15,300,0,3792,0
2021-01-16,212,0,4004,0
2021-01-17,3059,0,7063,0
2021-01-18,5210,0,12273,0
2021-01-19,1893,0,14166,0
2021-01-20,4655,0,18821,0
2021-01-21,19998,0,38819,0
2021-01-22,14206,0,53025,0
2021-01-23,33324,0,86349,0
2021-01-24,30784,0,117133,0
2021-01-25,64726,0,181859,0
2021-01-26,76496,0,258355,0
2021-01-27,64830,0,323185,0
2021-01-28,89281,0,412466,0
2021-01-29,94016,0,506482,0
2021-01-30,86562,0,593044,0
2021-01-31,57333,0,650377,0
2021-02-01,81859,0,732236,0
2021-02-02,82144,0,814380,0
2021-02-03,91193,0,905573,0
2021-02-04,95397,0,1000970,0
2021-02-05,90275,0,1091245,0
2021-02-06,63445,0,1154690,0
2021-02-07,32928,0,1187618,0
2021-02-08,40428,0,1228046,0
2021-02-09,32866,0,1260912,0
2021-02-10,28422,0,1289334,0
2021-02-11,20397,0,1309731,0
2021-02-12,16234,0,1325965,0
2021-02-13,7266,0,1333231,0
2021-02-14,2861,0,1336092,0
2021-02-15,6840,0,1342932,0
2021-02-16,6997,0,1349929,0
2021-02-17,10521,0,1360450,0
2021-02-18,9252,0,1369702,0
2021-02-19,8246,0,1377948,0
2021-02-20,5555,0,1383503,0
2021-02-21,2996,0,1386499,0
2021-02-22,6885,0,1393384,0
2021-02-23,7168,0,1400552,0
2021-02-24,9831,0,1410383,0
2021-02-25,14210,0,1424593,0
2021-02-26,17555,0,1442148,0
2021-02-27,13909,0,1456057,0
2021-02-28,9387,0,1465444,0
2021-03-01,26515,0,1491959,0
2021-03-02,33238,0,1525197,0
2021-03-03,44644,0,1569841,0
2021-03-04,50289,0,1620130,0
2021-03-05,55735,0,1675865,0
2021-03-06,41870,0,1717735,0
2021-03-07,22324,0,1740059,0
2021-03-08,50822,0,1790881,0
2021-03-09,53069,0,1843950,0
2021-03-10,58648,0,1902598,0
2021-03-11,63858,0,1966456,0
2021-03-12,65109,0,2031565,0
2021-03-13,51717,0,2083282,0
2021-03-14,35395,0,2118677,0
2021-03-15,73440,0,2192117,0
2021-03-16,74029,0,2266146,0
2021-03-17,83134,0,2349280,0
2021-03-18,81620,0,2430900,0
2021-03-19,81080,0,2511980,0
2021-03-20,64719,0,2576699,0
2021-03-21,47296,0,2623995,0
2021-03-22,69475,0,2693470,0
2021-03-23,75793,0,2769263,0
2021-03-24,90908,0,2860171,0
2021-03-25,89798,0,2949969,0
2021-03-26,83617,0,3033586,0
2021-03-27,71935,0,3105521,0
2021-03-28,44140,0,3149661,0
2021-03-29,70824,0,3220485,0
2021-03-30,81380,0,3301865,0
2021-03-31,96234,0,3398099,0
2021-04-01,95305,0,3493404,0
2021-04-02,84070,0,3577474,0
2021-04-03,64303,0,3641777,0
2021-04-04,21718,0,3663495,0
2021-04-05,40310,0,3703805,0
2021-04-06,81309,0,3785114,0
2021-04-07,95830,0,3880944,0
2021-04-08,95234,0,3976178,0
2021-04-09,88485,0,4064663,0
2021-04-10,74031,0,4138694,0
2021-04-11,44762,0,4183456,0
2021-04-12,66917,0,4250373,0
2021-04-13,72572,0,4322945,0
2021-04-14,85539,0,4408484,0
2021-04-15,105418,0,4513902,0
2021-04-16,106419,0,4620321,0
2021-04-17,90512,0,4710833,0
2021-04-18,58588,0,4769421,0
2021-04-19,93431,0,4862852,0
2021-04-20,103769,0,4966621,0
2021-04-21,125339,0,5091960,0
2021-04-22,143517,0,5235477,0
2021-04-23,138737,0,5374214,0
2021-04-24,124443,0,5498657,0
2021-04-25,61454,0,5560111,0
2021-04-26,97892,0,5658003,0
2021-04-27,128361,0,5786364,0
2021-04-28,156366,0,5942730,0
2021-04-29,195594,0,6138324,0
2021-04-30,214575,0,6352899,0
2021-05-01,174113,0,6527012,0
2021-05-02,135803,0,6662815,0
2021-05-03,142029,0,6804844,0
2021-05-04,158694,0,6963538,0
2021-05-05,170497,0,7134035,0
2021-05-06,197804,0,7331839,0
2021-05-07,213841,0,7545680,0
2021-05-08,213409,0,7759089,0
2021-05-09,143199,0,7902288,0
2021-05-10,165087,0,8067375,0
2021-05-11,174985,0,8242360,0
2021-05-12,179176,0,8421536,0
2021-05-13,203377,0,8624913,0
2021-05-14,222909,0,8847822,0
2021-05-15,210355,0,9058177,0
2021-05-16,159271,0,9217448,0
2021-05-17,219191,0,9436639,0
2021-05-18,213016,0,9649655,0
2021-05-19,207083,0,9856738,0
2021-05-20,270859,0,10127597,0
2021-05-21,270881,0,10398478,0
2021-05-22,245524,0,10644002,0
2021-05-23,197181,0,10841183,0
2021-05-24,228303,0,11069486,0
2021-05-25,245695,0,11315181,0
2021-05-26,277486,0,11592667,0
2021-05-27,311083,0,11903750,0
2021-05-28,299572,0,12203322,0
2021-05-29,231217,0,12434539,0
2021-05-30,170838,0,12605377,0
2021-05-31,216421,0,12821798,0
2021-06-01,207631,0,13029429,0
2021-06-02,115787,0,13145216,0
2021-06-03,180141,0,13325357,0
2021-06-04,184872,0,13510229,0
2021-06-05,185953,0,13696182,0
2021-06-06,139539,0,13835721,0
2021-06-07,161865,0,13997586,0
2021-06-08,171206,0,14168792,0
2021-06-09,171465,0,14340257,0
2021-06-10,174088,0,14514345,0
2021-06-11,169966,0,14684311,0
2021-06-12,128320,0,14812631,0
2021-06-13,91176,0,14903807,0
2021-06-14,214670,0,15118477,0
2021-06-15,228408,0,15346885,0
2021-06-16,253071,0,15599956,0
2021-06-17,301728,0,15901684,0
2021-06-18,306294,0,16207978,0
2021-06-19,275079,0,16483057,0
2021-06-20,220778,0,16703835,0
2021-06-21,288073,0,16991908,0
2021-06-22,296215,0,17288123,0
2021-06-23,302690,0,17590813,0
2021-06-24,332592,0,17923405,0
2021-06-25,348711,0,18272116,0
2021-06-26,300107,0,18572223,0
2021-06-27,228659,0,18800882,0
2021-06-28,307087,0,19107969,0
2021-06-29,329278,0,19437247,0
2021-06-30,342154,0,19779401,0
2021-07-01,363202,0,20142603,0
2021-07-02,368467,0,20511070,0
2021-07-03,371086,0,20882156,0
2021-07-04,283211,0,21165367,0
2021-07-05,384544,0,21549911,0
2021-07-06,385464,0,21935375,0
2021-07-07,412119,0,22347494,0
2021-07-08,479616,0,22827110,0
2021-07-09,498495,0,23325605,0
2021-07-10,475189,0,23800794,0
2021-07-11,357702,0,24158496,0
2021-07-12,485900,0,24644396,0
2021-07-13,492134,0,25136530,0
2021-07-14,480475,0,25617005,0
2021-07-15,523466,0,26140471,0
2021-07-16,509778,0,26650249,0
2021-07-17,464358,0,27114607,0
2021-07-18,364674,0,27479281,0
2021-07-19,463071,0,27942352,0
2021-07-20,458076,0,28400428,0
2021-07-21,462802,0,28863230,0
2021-07-22,475406,0,29338636,0
2021-07-23,441319,0,29779955,0
2021-07-24,386170,0,30166125,0
2021-07-25,287573,0,30453698,0
2021-07-26,430876,0,30884574,0
2021-07-27,440128,0,31324702,0
2021-07-28,391011,0,31715713,0
2021-07-29,372081,0,32087794,0
2021-07-30,341505,0,32429299,0
2021-07-31,287028,0,32716327,0
2021-08-01,191010,0,32907337,0
2021-08-02,333721,0,33241058,0
2021-08-03,323192,0,33564250,0
2021-08-04,310976,0,33875226,0
2021-08-05,292516,0,34167742,0
2021-08-06,260005,0,34427747,0
2021-08-07,199046,0,34626793,0
2021-08-08,153112,0,34779905,0
2021-08-09,234076,0,35013981,0
2021-08-10,205252,0,35219233,0
2021-08-11,193767,0,35413000,0
2021-08-12,168020,0,35581020,0
2021-08-13,148621,0,35729641,0
2021-08-14,66093,0,35795734,0
2021-08-15,26336,0,35822070,0
2021-08-16,114694,0,35936764,0
2021-08-17,129246,0,36066010,0
2021-08-18,128747,0,36194757,0
2021-08-19,124811,0,36319568,0
2021-08-20,123798,0,36443366,0
2021-08-21,83125,0,36526491,0
2021-08-22,68172,0,36594663,0
2021-08-23,176874,0,36771537,0
2021-08-24,156901,0,36928438,0
2021-08-25,177172,0,37105610,0
2021-08-26,172358,0,37277968,0
2021-08-27,185840,0,37463808,0
2021-08-28,140279,0,37604087,0
2021-08-29,98991,0,37703078,0
2021-08-30,209617,0,37912695,0
2021-08-31,194638,0,38107333,0
2021-09-01,192210,0,38299543,0
2021-09-02,189936,0,38489479,0
2021-09-03,191321,0,38680800,0
2021-09-04,131473,0,38812273,0
2021-09-05,87860,0,38900133,0
2021-09-06,193638,0,39093771,0
2021-09-07,196046,0,39289817,0
2021-09-08,187892,0,39477709,0
2021-09-09,201456,0,39679165,0
2021-09-10,198087,0,39877252,0
2021-09-11,141313,0,40018565,0
2021-09-12,89602,0,40108167,0
2021-09-13,191143,584,40299310,584
2021-09-14,177241,602,40476551,1186
2021-09-15,163101,610,40639652,1796
2021-09-16,160086,945,40799738,2741
2021-09-17,150175,1129,40949913,3870
2021-09-18,127981,747,41077894,4617
2021-09-19,81135,498,41159029,5115
2021-09-20,180078,9093,41339107,14208
2021-09-21,166646,8842,41505753,23050
2021-09-22,159085,9447,41664838,32497
2021-09-23,138079,9337,41802917,41834
2021-09-24,140539,8975,41943456,50809
2021-09-25,119555,5648,42063011,56457
2021-09-26,71969,4345,42134980,60802
2021-09-27,135657,10056,42270637,70858
2021-09-28,117506,11398,42388143,82256
2021-09-29,112355,11831,42500498,94087
2021-09-30,110246,14960,42610744,109047
2021-10-01,94983,19119,42705727,128166
2021-10-02,78499,14028,42784226,142194
2021-10-03,47744,7663,42831970,149857
2021-10-04,88377,34463,42920347,184320
2021-10-05,80371,33986,43000718,218306
2021-10-06,71997,34180,43072715,252486
2021-10-07,71857,34361,43144572,286847
2021-10-08,80633,33597,43225205,320444
2021-10-09,76103,22180,43301308,342624
2021-10-10,45776,13620,43347084,356244
2021-10-11,87434,41112,43434518,397356
2021-10-12,84495,46914,43519013,444270
2021-10-13,88197,52128,43607210,496398
2021-10-14,91543,58524,43698753,554922
2021-10-15,93602,55641,43792355,610563
2021-10-16,82969,36793,43875324,647356
2021-10-17,51464,23836,43926788,671192
2021-10-18,90305,59495,44017093,730687
2021-10-19,78347,69386,44095440,800073
2021-10-20,75071,78183,44170511,878256
2021-10-21,78297,81774,44248808,960030
2021-10-22,73785,77045,44322593,1037075
2021-10-23,60823,51964,44383416,1089039
2021-10-24,33373,23466,44416789,1112505
2021-10-25,64906,81637,44481695,1194142
2021-10-26,58373,91810,44540068,1285952
2021-10-27,58328,103994,44598396,1389946
2021-10-28,61464,114121,44659860,1504067
2021-10-29,61643,103144,44721503,1607211
2021-10-30,50674,68125,44772177,1675336
2021-10-31,25163,28297,44797340,1703633
2021-11-01,19046,28152,44816386,1731785
2021-11-02,62752,89395,44879138,1821180
2021-11-03,60731,118674,44939869,1939854
2021-11-04,59243,126677,44999112,2066531
2021-11-05,63095,135193,45062207,2201724
2021-11-06,46481,90935,45108688,2292659
2021-11-07,22253,37897,45130941,2330556
2021-11-08,51529,131276,45182470,2461832
2021-11-09,45400,144214,45227870,2606046
2021-11-10,42588,156357,45270458,2762403
2021-11-11,44934,155141,45315392,2917544
2021-11-12,46375,158586,45361767,3076130
2021-11-13,33259,116660,45395026,3192790
2021-11-14,14488,52451,45409514,3245241
2021-11-15,36895,157436,45446409,3402677
2021-11-16,30556,171385,45476965,3574062
2021-11-17,28459,178450,45505424,3752512
2021-11-18,30286,193731,45535710,3946243
2021-11-19,28809,205863,45564519,4152106
2021-11-20,20996,156453,45585515,4308559
2021-11-21,10612,64860,45596127,4373419
2021-11-22,21939,213153,45618066,4586572
2021-11-23,23579,241758,45641645,4828330
2021-11-24,27844,270961,45669489,5099291
2021-11-25,23237,301916,45692726,5401207
2021-11-26,24585,318281,45717311,5719488
2021-11-27,21385,266158,45738696,5985646
2021-11-28,9903,137058,45748599,6122704
2021-11-29,22337,326075,45770936,6448779
2021-11-30,23098,365829,45794034,6814608
2021-12-01,21529,413519,45815563,7228127
2021-12-02,23765,440414,45839328,7668541
2021-12-03,25263,467481,45864591,8136022
2021-12-04,22373,418755,45886964,8554777
2021-12-05,11932,261349,45898896,8816126
2021-12-06,25819,457592,45924715,9273718
2021-12-07,24138,480271,45948853,9753989
2021-12-08,10006,249696,45958859,10003685
2021-12-09,31586,491943,45990445,10495628
2021-12-10,28077,517895,46018522,11013523
2021-12-11,23569,459260,46042091,11472783
2021-12-12,12310,293514,46054401,11766297
2021-12-13,26161,467637,46080562,12233934
2021-12-14,25174,494214,46105736,12728148
2021-12-15,25343,517160,46131079,13245308
2021-12-16,27889,520271,46158968,13765579
2021-12-17,29367,517188,46188335,14282767
2021-12-18,27069,468736,46215404,14751503
2021-12-19,15148,300536,46230552,15052039
2021-12-20,30637,477496,46261189,15529535
2021-12-21,30379,493398,46291568,16022933
2021-12-22,29454,484720,46321022,16507653
2021-12-23,28256,426916,46349278,16934569
2021-12-24,13114,210835,46362392,17145404
2021-12-25,2102,33053,46364494,17178457
2021-12-26,8763,159071,46373257,17337528
2021-12-27,46801,504670,46420058,17842198
2021-12-28,42457,554227,46462515,18396425
2021-12-29,34352,550648,46496867,18947073
2021-12-30,31851,499837,46528718,19446910
2021-12-31,14125,247397,46542843,19694307
2022-01-01,3496,64814,46546339,19759121
2022-01-02,22776,276726,46569115,20035847
2022-01-03,47864,520021,46616979,20555868
2022-01-04,46382,572091,46663361,21127959
2022-01-05,40762,560398,46704123,21688357
2022-01-06,23490,274489,46727613,21962846
2022-01-07,63712,554192,46791325,22517038
2022-01-08,60868,503390,46852193,23020428
2022-01-09,42866,319688,46895059,23340116
2022-01-10,61089,542293,46956148,23882409
2022-01-11,61734,586992,47017882,24469401
2022-01-12,58451,581275,47076333,25050676
2022-01-13,58615,580392,47134948,25631068
2022-01-14,46806,588571,47181754,26219639
2022-01-15,39423,569940,47221177,26789579
2022-01-16,31230,341862,47252407,27131441
2022-01-17,54784,489658,47307191,27621099
2022-01-18,58396,517015,47365587,28138114
2022-01-19,57194,502782,47422781,28640896
2022-01-20,54340,498827,47477121,29139723
2022-01-21,42090,493872,47519211,29633595
2022-01-22,31193,469595,47550404,30103190
2022-01-23,34932,275365,47585336,30378555
2022-01-24,56180,437217,47641516,30815772
2022-01-25,61549,452106,47703065,31267878
2022-01-26,58544,435827,47761609,31703705
2022-01-27,48839,432363,47810448,32136068
2022-01-28,58693,436534,47869141,32572602
2022-01-29,68119,412488,47937260,32985090
2022-01-30,50374,235967,47987634,33221057
2022-01-31,60621,356930,48048255,33577987
2022-02-01,65549,328441,48113804,33906428
2022-02-02,63196,296974,48177000,34203402
2022-02-03,60054,274513,48237054,34477915
2022-02-04,72381,268451,48309435,34746366
2022-02-05,83776,248531,48393211,34994897
2022-02-06,55285,116201,48448496,35111098
2022-02-07,65137,199939,48513633,35311037
2022-02-08,66925,186110,48580558,35497147
2022-02-09,58758,166336,48639316,35663483
2022-02-10,58568,163234,48697884,35826717
2022-02-11,62244,162461,48760128,35989178
2022-02-12,71979,152141,48832107,36141319
2022-02-13,41471,68849,48873578,36210168
2022-02-14,46685,116187,48920263,36326355
2022-02-15,48527,123479,48968790,36449834
2022-02-16,45675,106117,49014465,36555951
2022-02-17,42860,98107,49057325,36654058
2022-02-18,46616,112570,49103941,36766628
2022-02-19,52532,100329,49156473,36866957
2022-02-20,31410,40361,49187883,36907318
2022-02-21,37885,89645,49225768,36996963
2022-02-22,37218,83772,49262986,37080735
2022-02-23,33389,79405,49296375,37160140
2022-02-24,32549,78161,49328924,37238301
2022-02-25,34754,90709,49363678,37329010
2022-02-26,39152,89132,49402830,37418142
2022-02-27,22541,35856,49425371,37453998
2022-02-28,28474,81689,49453845,37535687
2022-03-01,22716,53940,49476561,37589627
2022-03-02,21993,50629,49498554,37640256
2022-03-03,22610,54940,49521164,37695196
2022-03-04,23225,62793,49544389,37757989
2022-03-05,23793,57952,49568182,37815941
2022-03-06,9470,17200,49577652,37833141
2022-03-07,15911,51387,49593563,37884528
2022-03-08,15471,48794,49609034,37933322
2022-03-09,13810,46518,49622844,37979840
2022-03-10,14044,52116,49636888,38031956
2022-03-11,15580,57259,49652468,38089215
2022-03-12,15499,56614,49667967,38145829
2022-03-13,5544,16849,49673511,38162678
2022-03-14,10520,46694,49684031,38209372
2022-03-15,10536,46891,49694567,38256263
2022-03-16,9476,41975,49704043,38298238
2022-03-17,9712,44871,49713755,38343109
2022-03-18,10156,49053,49723911,38392162
2022-03-19,9148,46531,49733059,38438693
2022-03-20,2608,11700,49735667,38450393
2022-03-21,7578,40223,49743245,38490616
2022-03-22,8447,37756,49751692,38528372
2022-03-23,7211,33698,49758903,38562070
2022-03-24,8255,38798,49767158,38600868
2022-03-25,8132,43660,49775290,38644528
2022-03-26,8123,41722,49783413,38686250
2022-03-27,2429,9681,49785842,38695931
2022-03-28,6105,35236,49791947,38731167
2022-03-29,5773,32527,49797720,38763694
2022-03-30,5561,30200,49803281,38793894
2022-03-31,5887,33178,49809168,38827072
2022-04-01,4347,25187,49813515,38852259
2022-04-02,4491,23274,49818006,38875533
2022-04-03,1049,4499,49819055,38880032
2022-04-04,3654,21534,49822709,38901566
2022-04-05,3753,22927,49826462,38924493
2022-04-06,4098,21848,49830560,38946341
2022-04-07,3964,23319,49834524,38969660
2022-04-08,4690,26709,49839214,38996369
2022-04-09,4381,23884,49843595,39020253
2022-04-10,891,4614,49844486,39024867
2022-04-11,3814,22686,49848300,39047553
2022-04-12,3359,21778,49851659,39069331
2022-04-13,3561,21333,49855220,39090664
2022-04-14,3485,23783,49858705,39114447
2022-04-15,3083,20616,49861788,39135063
2022-04-16,2149,11919,49863937,39146982
2022-04-17,63,348,49864000,39147330
2022-04-18,151,650,49864151,39147980
2022-04-19,3495,21978,49867646,39169958
2022-04-20,3505,20248,49871151,39190206
2022-04-21,2841,19782,49873992,39209988
2022-04-22,2926,20696,49876918,39230684
2022-04-23,2641,16217,49879559,39246901
2022-04-24,509,2335,49880068,39249236
2022-04-25,183,1165,49880251,39250401
2022-04-26,2757,17798,49883008,39268199
2022-04-27,2371,15786,49885379,39283985
2022-04-28,2356,15554,49887735,39299539
2022-04-29,2292,14835,49890027,39314374
2022-04-30,2121,11577,49892148,39325951
2022-05-01,113,530,49892261,39326481
2022-05-02,1450,9388,49893711,39335869
2022-05-03,1574,10312,49895285,39346181
2022-05-04,1746,10258,49897031,39356439
2022-05-05,1651,10277,49898682,39366716
2022-05-06,1702,10945,49900384,39377661
2022-05-07,1431,8563,49901815,39386224
2022-05-08,405,1514,49902220,39387738
2022-05-09,1026,8918,49903246,39396656
2022-05-10,1422,9541,49904668,39406197
2022-05-11,1483,10089,49906151,39416286
2022-05-12,1367,10122,49907518,39426408
2022-05-13,1590,10510,49909108,39436918
2022-05-14,1356,8228,49910464,39445146
2022-05-15,336,1129,49910800,39446275
2022-05-16,811,8392,49911611,39454667
2022-05-17,1243,8674,49912854,39463341
2022-05-18,1372,9221,49914226,39472562
2022-05-19,1500,9270,49915726,39481832
2022-05-20,1423,9498,49917149,39491330
2022-05-21,1299,7892,49918448,39499222
2022-05-22,231,1012,49918679,39500234
2022-05-23,827,8261,49919506,39508495
2022-05-24,1072,8665,49920578,39517160
2022-05-25,1368,9444,49921946,39526604
2022-05-26,1194,9454,49923140,39536058
2022-05-27,1226,9911,49924366,39545969
2022-05-28,1203,7874,49925569,39553843
2022-05-29,286,1264,49925855,39555107
2022-05-30,929,8029,49926784,39563136
2022-05-31,1033,8532,49927817,39571668
2022-06-01,891,7644,49928708,39579312
2022-06-02,35,474,49928743,39579786
2022-06-03,816,7328,49929559,39587114
2022-06-04,870,5156,49930429,39592270
2022-06-05,89,586,49930518,39592856
2022-06-06,675,6984,49931193,39599840
2022-06-07,932,7842,49932125,39607682
2022-06-08,982,7900,49933107,39615582
2022-06-09,1036,8400,49934143,39623982
2022-06-10,957,8552,49935100,39632534
2022-06-11,900,6206,49936000,39638740
2022-06-12,140,767,49936140,39639507
2022-06-13,602,6296,49936742,39645803
2022-06-14,828,7881,49937570,39653684
2022-06-15,954,7844,49938524,39661528
2022-06-16,729,7389,49939253,39668917
2022-06-17,720,7242,49939973,39676159
2022-06-18,777,5588,49940750,39681747
2022-06-19,47,522,49940797,39682269
2022-06-20,588,6694,49941385,39688963
2022-06-21,733,7652,49942118,39696615
2022-06-22,780,7306,49942898,39703921
2022-06-23,651,7459,49943549,39711380
2022-06-24,642,7473,49944191,39718853
2022-06-25,835,6532,49945026,39725385
2022-06-26,128,523,49945154,39725908
2022-06-27,531,7120,49945685,39733028
2022-06-28,745,8192,49946430,39741220
2022-06-29,756,7720,49947186,39748940
2022-06-30,745,8132,49947931,39757072
2022-07-01,576,6438,49948507,39763510
2022-07-02,536,4766,49949043,39768276
2022-07-03,49,456,49949092,39768732
2022-07-04,471,6274,49949563,39775006
2022-07-05,628,8112,49950191,39783118
2022-07-06,630,7606,49950821,39790724
2022-07-07,569,8264,49951390,39798988
2022-07-08,670,8079,49952060,39807067
2022-07-09,550,6103,49952610,39813170
2022-07-10,58,533,49952668,39813703
2022-07-11,487,7639,49953155,39821342
2022-07-12,665,9026,49953820,39830368
2022-07-13,640,10060,49954460,39840428
2022-07-14,636,10219,49955096,39850647
2022-07-15,623,10663,49955719,39861310
2022-07-16,522,7209,49956241,39868519
2022-07-17,48,769,49956289,39869288
2022-07-18,497,9350,49956786,39878638
2022-07-19,575,10657,49957361,39889295
2022-07-20,577,11258,49957938,39900553
2022-07-21,625,12040,49958563,39912593
2022-07-22,582,11227,49959145,39923820
2022-07-23,379,6743,49959524,39930563
2022-07-24,76,834,49959600,39931397
2022-07-25,501,9033,49960101,39940430
2022-07-26,519,9728,49960620,39950158
2022-07-27,549,10155,49961169,39960313
2022-07-28,528,10482,49961697,39970795
2022-07-29,510,9424,49962207,39980219
2022-07-30,380,5852,49962587,39986071
2022-07-31,49,745,49962636,39986816
2022-08-01,386,6823,49963022,39993639
2022-08-02,539,7518,49963561,40001157
2022-08-03,511,7143,49964072,40008300
2022-08-04,452,7426,49964524,40015726
2022-08-05,419,6487,49964943,40022213
2022-08-06,298,3582,49965241,40025795
2022-08-07,44,551,49965285,40026346
2022-08-08,401,4874,49965686,40031220
2022-08-09,383,5268,49966069,40036488
2022-08-10,376,4788,49966445,40041276
2022-08-11,364,4756,49966809,40046032
2022-08-12,289,3700,49967098,40049732
2022-08-13,143,1597,49967241,40051329
2022-08-14,9,128,49967250,40051457
2022-08-15,1,26,49967251,40051483
2022-08-16,283,3027,49967534,40054510
2022-08-17,351,3513,49967885,40058023
2022-08-18,389,4142,49968274,40062165
2022-08-19,341,3305,49968615,40065470
2022-08-20,183,1710,49968798,40067180
2022-08-21,24,146,49968822,40067326
2022-08-22,329,2936,49969151,40070262
2022-08-23,371,3655,49969522,40073917
2022-08-24,381,3333,49969903,40077250
2022-08-25,419,3735,49970322,40080985
2022-08-26,394,3545,49970716,40084530
2022-08-27,235,1767,49970951,40086297
2022-08-28,29,260,49970980,40086557
2022-08-29,353,3138,49971333,40089695
2022-08-30,401,3636,49971734,40093331
2022-08-31,435,3703,49972169,40097034
2022-09-01,351,3075,49972520,40100109
2022-09-02,293,2866,49972813,40102975
2022-09-03,199,1684,49973012,40104659
2022-09-04,22,147,49973034,40104806
2022-09-05,186,2626,49973220,40107432
2022-09-06,301,2962,49973521,40110394
2022-09-07,538,2908,49974059,40113302
2022-09-08,288,2944,49974347,40116246
2022-09-09,300,2850,49974647,40119096
2022-09-10,226,1324,49974873,40120420
2022-09-11,21,123,49974894,40120543
2022-09-12,267,2201,49975161,40122744
2022-09-13,248,2262,49975409,40125006
2022-09-14,260,2546,49975669,40127552
2022-09-15,278,2474,49975947,40130026
2022-09-16,252,2528,49976199,40132554
2022-09-17,239,1339,49976438,40133893
2022-09-18,20,170,49976458,40134063
2022-09-19,206,1964,49976664,40136027
2022-09-20,233,2370,49976897,40138397
2022-09-21,288,2508,49977185,40140905
2022-09-22,258,2616,49977443,40143521
2022-09-23,249,2309,49977692,40145830
2022-09-24,195,1423,49977887,40147253
2022-09-25,28,134,49977915,40147387
2022-09-26,280,2236,49978195,40149623
2022-09-27,281,2603,49978476,40152226
2022-09-28,306,2861,49978782,40155087
2022-09-29,248,2924,49979030,40158011
2022-09-30,275,2755,49979305,40160766
2022-10-01,192,1451,49979497,40162217
2022-10-02,11,187,49979508,40162404
2022-10-03,175,2419,49979683,40164823
2022-10-04,230,2768,49979913,40167591
2022-10-05,216,3138,49980129,40170729
2022-10-06,201,3696,49980330,40174425
2022-10-07,226,3936,49980556,40178361
2022-10-08,185,1970,49980741,40180331
2022-10-09,10,236,49980751,40180567