data_somministrazione,vaccinazioni,booster,cum_vaccinazioni,cum_booster
2020-12-27,20,0,20,0
2020-12-28,2,0,22,0
2020-12-29,1,0,23,0
2020-12-30,8,0,31,0
2020-12-31,71,0,102,0
2021-01-01,23,0,125,0
2021-01-02,119,0,244,0
2021-01-03,83,0,327,0
2021-01-04,210,0,537,0
2021-01-05,245,0,782,0
2021-01-06,212,0,994,0
2021-01-07,299,0,1293,0
2021-01-08,342,0,1635,0
2021-01-09,256,0,1891,0
2021-01-10,152,0,2043,0
2021-01-11,278,0,2321,0
2021-01-12,269,0,2590,0
2021-01-13,395,0,2985,0
2021-01-14,481,0,3466,0
2021-01-15,299,0,3765,0
2021-01-16,212,0,3977,0
2021-01-17,3059,0,7036,0
2021-01-18,5210,0,12246,0
2021-01-19,1893,0,14139,0
2021-01-20,4655,0,18794,0
2021-01-21,19999,0,38793,0
2021-01-22,14206,0,52999,0
2021-01-23,33324,0,86323,0
2021-01-24,30785,0,117108,0
2021-01-25,64726,0,181834,0
2021-01-26,76496,0,258330,0
2021-01-27,64831,0,323161,0
2021-01-28,89282,0,412443,0
2021-01-29,94016,0,506459,0
2021-01-30,86562,0,593021,0
2021-01-31,57333,0,650354,0
2021-02-01,81858,0,732212,0
2021-02-02,82144,0,814356,0
2021-02-03,91193,0,905549,0
2021-02-04,95397,0,1000946,0
2021-02-05,90276,0,1091222,0
2021-02-06,63445,0,1154667,0
2021-02-07,32928,0,1187595,0
2021-02-08,40428,0,1228023,0
2021-02-09,32867,0,1260890,0
2021-02-10,28422,0,1289312,0
2021-02-11,20393,0,1309705,0
2021-02-12,16231,0,1325936,0
2021-02-13,7264,0,1333200,0
2021-02-14,2861,0,1336061,0
2021-02-15,6840,0,1342901,0
2021-02-16,6997,0,1349898,0
2021-02-17,10520,0,1360418,0
2021-02-18,9251,0,1369669,0
2021-02-19,8245,0,1377914,0
2021-02-20,5555,0,1383469,0
2021-02-21,2996,0,1386465,0
2021-02-22,6883,0,1393348,0
2021-02-23,7166,0,1400514,0
2021-02-24,9828,0,1410342,0
2021-02-25,14209,0,1424551,0
2021-02-26,17555,0,1442106,0
2021-02-27,13908,0,1456014,0
2021-02-28,9387,0,1465401,0
2021-03-01,26515,0,1491916,0
2021-03-02,33238,0,1525154,0
2021-03-03,44643,0,1569797,0
2021-03-04,50290,0,1620087,0
2021-03-05,55736,0,1675823,0
2021-03-06,41871,0,1717694,0
2021-03-07,22324,0,1740018,0
2021-03-08,50821,0,1790839,0
2021-03-09,53066,0,1843905,0
2021-03-10,58646,0,1902551,0
2021-03-11,63858,0,1966409,0
2021-03-12,65107,0,2031516,0
2021-03-13,51715,0,2083231,0
2021-03-14,35393,0,2118624,0
2021-03-15,73439,0,2192063,0
2021-03-16,74028,0,2266091,0
2021-03-17,83134,0,2349225,0
2021-03-18,81620,0,2430845,0
2021-03-19,81080,0,2511925,0
2021-03-20,64717,0,2576642,0
2021-03-21,47295,0,2623937,0
2021-03-22,69474,0,2693411,0
2021-03-23,75792,0,2769203,0
2021-03-24,90907,0,2860110,0
2021-03-25,89798,0,2949908,0
2021-03-26,83617,0,3033525,0
2021-03-27,71931,0,3105456,0
2021-03-28,44140,0,3149596,0
2021-03-29,70826,0,3220422,0
2021-03-30,81379,0,3301801,0
2021-03-31,96231,0,3398032,0
2021-04-01,95305,0,3493337,0
2021-04-02,84070,0,3577407,0
2021-04-03,64303,0,3641710,0
2021-04-04,21718,0,3663428,0
2021-04-05,40310,0,3703738,0
2021-04-06,81309,0,3785047,0
2021-04-07,95829,0,3880876,0
2021-04-08,95234,0,3976110,0
2021-04-09,88485,0,4064595,0
2021-04-10,74031,0,4138626,0
2021-04-11,44760,0,4183386,0
2021-04-12,66917,0,4250303,0
2021-04-13,72571,0,4322874,0
2021-04-14,85538,0,4408412,0
2021-04-15,105418,0,4513830,0
2021-04-16,106418,0,4620248,0
2021-04-17,90511,0,4710759,0
2021-04-18,58587,0,4769346,0
2021-04-19,93430,0,4862776,0
2021-04-20,103768,0,4966544,0
2021-04-21,125338,0,5091882,0
2021-04-22,143517,0,5235399,0
2021-04-23,138735,0,5374134,0
2021-04-24,124444,0,5498578,0
2021-04-25,61454,0,5560032,0
2021-04-26,97890,0,5657922,0
2021-04-27,128362,0,5786284,0
2021-04-28,156368,0,5942652,0
2021-04-29,195591,0,6138243,0
2021-04-30,214573,0,6352816,0
2021-05-01,174110,0,6526926,0
2021-05-02,135803,0,6662729,0
2021-05-03,142027,0,6804756,0
2021-05-04,158695,0,6963451,0
2021-05-05,170495,0,7133946,0
2021-05-06,197805,0,7331751,0
2021-05-07,213839,0,7545590,0
2021-05-08,213408,0,7758998,0
2021-05-09,143198,0,7902196,0
2021-05-10,165087,0,8067283,0
2021-05-11,174984,0,8242267,0
2021-05-12,179175,0,8421442,0
2021-05-13,203376,0,8624818,0
2021-05-14,222907,0,8847725,0
2021-05-15,210355,0,9058080,0
2021-05-16,159270,0,9217350,0
2021-05-17,219191,0,9436541,0
2021-05-18,213016,0,9649557,0
2021-05-19,207082,0,9856639,0
2021-05-20,270857,0,10127496,0
2021-05-21,270878,0,10398374,0
2021-05-22,245523,0,10643897,0
2021-05-23,197180,0,10841077,0
2021-05-24,228301,0,11069378,0
2021-05-25,245695,0,11315073,0
2021-05-26,277485,0,11592558,0
2021-05-27,311080,0,11903638,0
2021-05-28,299571,0,12203209,0
2021-05-29,231217,0,12434426,0
2021-05-30,170836,0,12605262,0
2021-05-31,216421,0,12821683,0
2021-06-01,207632,0,13029315,0
2021-06-02,115787,0,13145102,0
2021-06-03,180137,0,13325239,0
2021-06-04,184868,0,13510107,0
2021-06-05,185951,0,13696058,0
2021-06-06,139538,0,13835596,0
2021-06-07,161863,0,13997459,0
2021-06-08,171202,0,14168661,0
2021-06-09,171464,0,14340125,0
2021-06-10,174083,0,14514208,0
2021-06-11,169962,0,14684170,0
2021-06-12,128319,0,14812489,0
2021-06-13,91171,0,14903660,0
2021-06-14,214669,0,15118329,0
2021-06-15,228408,0,15346737,0
2021-06-16,253068,0,15599805,0
2021-06-17,301723,0,15901528,0
2021-06-18,306290,0,16207818,0
2021-06-19,275076,0,16482894,0
2021-06-20,220773,0,16703667,0
2021-06-21,288069,0,16991736,0
2021-06-22,296210,0,17287946,0
2021-06-23,302685,0,17590631,0
2021-06-24,332589,0,17923220,0
2021-06-25,348711,0,18271931,0
2021-06-26,300103,0,18572034,0
2021-06-27,228655,0,18800689,0
2021-06-28,307082,0,19107771,0
2021-06-29,329276,0,19437047,0
2021-06-30,342149,0,19779196,0
2021-07-01,363199,0,20142395,0
2021-07-02,368466,0,20510861,0
2021-07-03,371085,0,20881946,0
2021-07-04,283208,0,21165154,0
2021-07-05,384542,0,21549696,0
2021-07-06,385465,0,21935161,0
2021-07-07,412118,0,22347279,0
2021-07-08,479619,0,22826898,0
2021-07-09,498493,0,23325391,0
2021-07-10,475190,0,23800581,0
2021-07-11,357702,0,24158283,0
2021-07-12,485899,0,24644182,0
2021-07-13,492133,0,25136315,0
2021-07-14,480477,0,25616792,0
2021-07-15,523465,0,26140257,0
2021-07-16,509779,0,26650036,0
2021-07-17,464359,0,27114395,0
2021-07-18,364671,0,27479066,0
2021-07-19,463066,0,27942132,0
2021-07-20,458078,0,28400210,0
2021-07-21,462805,0,28863015,0
2021-07-22,475404,0,29338419,0
2021-07-23,441318,0,29779737,0
2021-07-24,386172,0,30165909,0
2021-07-25,287573,0,30453482,0
2021-07-26,430874,0,30884356,0
2021-07-27,440127,0,31324483,0
2021-07-28,391009,0,31715492,0
2021-07-29,372081,0,32087573,0
2021-07-30,341508,0,32429081,0
2021-07-31,287028,0,32716109,0
2021-08-01,191010,0,32907119,0
2021-08-02,333718,0,33240837,0
2021-08-03,323190,0,33564027,0
2021-08-04,310974,0,33875001,0
2021-08-05,292515,0,34167516,0
2021-08-06,260003,0,34427519,0
2021-08-07,199045,0,34626564,0
2021-08-08,153110,0,34779674,0
2021-08-09,234075,0,35013749,0
2021-08-10,205248,0,35218997,0
2021-08-11,193766,0,35412763,0
2021-08-12,168019,0,35580782,0
2021-08-13,148620,0,35729402,0
2021-08-14,66093,0,35795495,0
2021-08-15,26337,0,35821832,0
2021-08-16,114697,0,35936529,0
2021-08-17,129249,0,36065778,0
2021-08-18,128746,0,36194524,0
2021-08-19,124809,0,36319333,0
2021-08-20,123798,0,36443131,0
2021-08-21,83123,0,36526254,0
2021-08-22,68170,0,36594424,0
2021-08-23,176870,0,36771294,0
2021-08-24,156901,0,36928195,0
2021-08-25,177171,0,37105366,0
2021-08-26,172355,0,37277721,0
2021-08-27,185841,0,37463562,0
2021-08-28,140276,0,37603838,0
2021-08-29,98992,0,37702830,0
2021-08-30,209617,0,37912447,0
2021-08-31,194639,0,38107086,0
2021-09-01,192210,0,38299296,0
2021-09-02,189937,0,38489233,0
2021-09-03,191323,0,38680556,0
2021-09-04,131469,0,38812025,0
2021-09-05,87860,0,38899885,0
2021-09-06,193639,0,39093524,0
2021-09-07,196046,0,39289570,0
2021-09-08,187890,0,39477460,0
2021-09-09,201458,0,39678918,0
2021-09-10,198089,0,39877007,0
2021-09-11,141313,0,40018320,0
2021-09-12,89601,0,40107921,0
2021-09-13,191141,584,40299062,584
2021-09-14,177243,600,40476305,1184
2021-09-15,163102,608,40639407,1792
2021-09-16,160085,945,40799492,2737
2021-09-17,150174,1128,40949666,3865
2021-09-18,127980,748,41077646,4613
2021-09-19,81135,498,41158781,5111
2021-09-20,180078,9093,41338859,14204
2021-09-21,166645,8842,41505504,23046
2021-09-22,159085,9447,41664589,32493
2021-09-23,138077,9336,41802666,41829
2021-09-24,140538,8974,41943204,50803
2021-09-25,119555,5646,42062759,56449
2021-09-26,71968,4345,42134727,60794
2021-09-27,135659,10054,42270386,70848
2021-09-28,117503,11399,42387889,82247
2021-09-29,112352,11831,42500241,94078
2021-09-30,110241,14960,42610482,109038
2021-10-01,94983,19118,42705465,128156
2021-10-02,78496,14028,42783961,142184
2021-10-03,47744,7662,42831705,149846
2021-10-04,88375,34463,42920080,184309
2021-10-05,80371,33984,43000451,218293
2021-10-06,71995,34180,43072446,252473
2021-10-07,71854,34360,43144300,286833
2021-10-08,80631,33597,43224931,320430
2021-10-09,76101,22181,43301032,342611
2021-10-10,45775,13620,43346807,356231
2021-10-11,87434,41110,43434241,397341
2021-10-12,84495,46913,43518736,444254
2021-10-13,88195,52129,43606931,496383
2021-10-14,91539,58526,43698470,554909
2021-10-15,93601,55641,43792071,610550
2021-10-16,82968,36791,43875039,647341
2021-10-17,51464,23835,43926503,671176
2021-10-18,90303,59494,44016806,730670
2021-10-19,78345,69385,44095151,800055
2021-10-20,75072,78181,44170223,878236
2021-10-21,78298,81772,44248521,960008
2021-10-22,73785,77042,44322306,1037050
2021-10-23,60823,51963,44383129,1089013
2021-10-24,33373,23465,44416502,1112478
2021-10-25,64907,81637,44481409,1194115
2021-10-26,58372,91810,44539781,1285925
2021-10-27,58327,103994,44598108,1389919
2021-10-28,61466,114119,44659574,1504038
2021-10-29,61643,103143,44721217,1607181
2021-10-30,50672,68125,44771889,1675306
2021-10-31,25163,28296,44797052,1703602
2021-11-01,19046,28152,44816098,1731754
2021-11-02,62752,89395,44878850,1821149
2021-11-03,60729,118673,44939579,1939822
2021-11-04,59242,126677,44998821,2066499
2021-11-05,63095,135192,45061916,2201691
2021-11-06,46480,90934,45108396,2292625
2021-11-07,22254,37897,45130650,2330522
2021-11-08,51528,131277,45182178,2461799
2021-11-09,45402,144213,45227580,2606012
2021-11-10,42586,156357,45270166,2762369
2021-11-11,44935,155140,45315101,2917509
2021-11-12,46374,158586,45361475,3076095
2021-11-13,33258,116660,45394733,3192755
2021-11-14,14489,52450,45409222,3245205
2021-11-15,36895,157437,45446117,3402642
2021-11-16,30553,171384,45476670,3574026
2021-11-17,28458,178450,45505128,3752476
2021-11-18,30285,193734,45535413,3946210
2021-11-19,28808,205865,45564221,4152075
2021-11-20,20995,156454,45585216,4308529
2021-11-21,10611,64859,45595827,4373388
2021-11-22,21939,213152,45617766,4586540
2021-11-23,23577,241759,45641343,4828299
2021-11-24,27846,270958,45669189,5099257
2021-11-25,23238,301918,45692427,5401175
2021-11-26,24587,318279,45717014,5719454
2021-11-27,21382,266159,45738396,5985613
2021-11-28,9901,137060,45748297,6122673
2021-11-29,22338,326069,45770635,6448742
2021-11-30,23096,365830,45793731,6814572
2021-12-01,21534,413526,45815265,7228098
2021-12-02,23765,440413,45839030,7668511
2021-12-03,25262,467480,45864292,8135991
2021-12-04,22374,418752,45886666,8554743
2021-12-05,11932,261348,45898598,8816091
2021-12-06,25815,457591,45924413,9273682
2021-12-07,24135,480267,45948548,9753949
2021-12-08,10006,249695,45958554,10003644
2021-12-09,31586,491942,45990140,10495586
2021-12-10,28072,517893,46018212,11013479
2021-12-11,23566,459260,46041778,11472739
2021-12-12,12310,293514,46054088,11766253
2021-12-13,26159,467637,46080247,12233890
2021-12-14,25176,494211,46105423,12728101
2021-12-15,25339,517158,46130762,13245259
2021-12-16,27886,520271,46158648,13765530
2021-12-17,29368,517186,46188016,14282716
2021-12-18,27065,468734,46215081,14751450
2021-12-19,15146,300536,46230227,15051986
2021-12-20,30636,477495,46260863,15529481
2021-12-21,30375,493397,46291238,16022878
2021-12-22,29452,484718,46320690,16507596
2021-12-23,28253,426913,46348943,16934509
2021-12-24,13111,210833,46362054,17145342
2021-12-25,2102,33053,46364156,17178395
2021-12-26,8764,159070,46372920,17337465
2021-12-27,46793,504670,46419713,17842135
2021-12-28,42452,554225,46462165,18396360
2021-12-29,34352,550648,46496517,18947008
2021-12-30,31845,499836,46528362,19446844
2021-12-31,14121,247396,46542483,19694240
2022-01-01,3496,64814,46545979,19759054
2022-01-02,22772,276725,46568751,20035779
2022-01-03,47858,520019,46616609,20555798
2022-01-04,46377,572088,46662986,21127886
2022-01-05,40757,560399,46703743,21688285
2022-01-06,23487,274485,46727230,21962770
2022-01-07,63697,554191,46790927,22516961
2022-01-08,60862,503389,46851789,23020350
2022-01-09,42859,319686,46894648,23340036
2022-01-10,61080,542296,46955728,23882332
2022-01-11,61715,586993,47017443,24469325
2022-01-12,58439,581278,47075882,25050603
2022-01-13,58604,580392,47134486,25630995
2022-01-14,46792,588570,47181278,26219565
2022-01-15,39408,569939,47220686,26789504
2022-01-16,31223,341859,47251909,27131363
2022-01-17,54775,489660,47306684,27621023
2022-01-18,58394,517014,47365078,28138037
2022-01-19,57192,502783,47422270,28640820
2022-01-20,54339,498823,47476609,29139643
2022-01-21,42079,493871,47518688,29633514
2022-01-22,31189,469595,47549877,30103109
2022-01-23,34929,275364,47584806,30378473
2022-01-24,56183,437212,47640989,30815685
2022-01-25,61543,452105,47702532,31267790
2022-01-26,58542,435827,47761074,31703617
2022-01-27,48840,432359,47809914,32135976
2022-01-28,58691,436533,47868605,32572509
2022-01-29,68118,412488,47936723,32984997
2022-01-30,50373,235967,47987096,33220964
2022-01-31,60620,356930,48047716,33577894
2022-02-01,65546,328441,48113262,33906335
2022-02-02,63195,296974,48176457,34203309
2022-02-03,60052,274513,48236509,34477822
2022-02-04,72377,268451,48308886,34746273
2022-02-05,83769,248532,48392655,34994805
2022-02-06,55283,116200,48447938,35111005
2022-02-07,65137,199938,48513075,35310943
2022-02-08,66924,186110,48579999,35497053
2022-02-09,58755,166335,48638754,35663388
2022-02-10,58565,163234,48697319,35826622
2022-02-11,62243,162460,48759562,35989082
2022-02-12,71976,152141,48831538,36141223
2022-02-13,41470,68849,48873008,36210072
2022-02-14,46684,116187,48919692,36326259
2022-02-15,48526,123479,48968218,36449738
2022-02-16,45672,106117,49013890,36555855
2022-02-17,42857,98107,49056747,36653962
2022-02-18,46616,112570,49103363,36766532
2022-02-19,52527,100329,49155890,36866861
2022-02-20,31410,40361,49187300,36907222
2022-02-21,37884,89645,49225184,36996867
2022-02-22,37218,83771,49262402,37080638
2022-02-23,33388,79405,49295790,37160043
2022-02-24,32548,78160,49328338,37238203
2022-02-25,34754,90709,49363092,37328912
2022-02-26,39153,89131,49402245,37418043
2022-02-27,22541,35856,49424786,37453899
2022-02-28,28472,81689,49453258,37535588
2022-03-01,22716,53940,49475974,37589528
2022-03-02,21992,50629,49497966,37640157
2022-03-03,22609,54940,49520575,37695097
2022-03-04,23224,62793,49543799,37757890
2022-03-05,23792,57952,49567591,37815842
2022-03-06,9470,17200,49577061,37833042
2022-03-07,15910,51386,49592971,37884428
2022-03-08,15470,48793,49608441,37933221
2022-03-09,13810,46515,49622251,37979736
2022-03-10,14043,52116,49636294,38031852
2022-03-11,15579,57259,49651873,38089111
2022-03-12,15499,56614,49667372,38145725
2022-03-13,5544,16849,49672916,38162574
2022-03-14,10521,46695,49683437,38209269
2022-03-15,10537,46890,49693974,38256159
2022-03-16,9475,41976,49703449,38298135
2022-03-17,9711,44871,49713160,38343006
2022-03-18,10155,49053,49723315,38392059
2022-03-19,9146,46531,49732461,38438590
2022-03-20,2608,11700,49735069,38450290
2022-03-21,7578,40223,49742647,38490513
2022-03-22,8446,37756,49751093,38528269
2022-03-23,7210,33699,49758303,38561968
2022-03-24,8254,38798,49766557,38600766
2022-03-25,8131,43661,49774688,38644427
2022-03-26,8124,41721,49782812,38686148
2022-03-27,2429,9681,49785241,38695829
2022-03-28,6104,35236,49791345,38731065
2022-03-29,5773,32527,49797118,38763592
2022-03-30,5561,30200,49802679,38793792
2022-03-31,5887,33178,49808566,38826970
2022-04-01,4346,25187,49812912,38852157
2022-04-02,4490,23274,49817402,38875431
2022-04-03,1049,4499,49818451,38879930
2022-04-04,3654,21534,49822105,38901464
2022-04-05,3753,22926,49825858,38924390
2022-04-06,4098,21848,49829956,38946238
2022-04-07,3964,23320,49833920,38969558
2022-04-08,4689,26709,49838609,38996267
2022-04-09,4380,23884,49842989,39020151
2022-04-10,891,4614,49843880,39024765
2022-04-11,3813,22685,49847693,39047450
2022-04-12,3359,21778,49851052,39069228
2022-04-13,3561,21333,49854613,39090561
2022-04-14,3485,23782,49858098,39114343
2022-04-15,3082,20616,49861180,39134959
2022-04-16,2149,11919,49863329,39146878
2022-04-17,63,348,49863392,39147226
2022-04-18,151,650,49863543,39147876
2022-04-19,3494,21978,49867037,39169854
2022-04-20,3505,20248,49870542,39190102
2022-04-21,2841,19782,49873383,39209884
2022-04-22,2925,20696,49876308,39230580
2022-04-23,2640,16213,49878948,39246793
2022-04-24,509,2335,49879457,39249128
2022-04-25,183,1165,49879640,39250293
2022-04-26,2757,17798,49882397,39268091
2022-04-27,2371,15786,49884768,39283877
2022-04-28,2356,15553,49887124,39299430
2022-04-29,2292,14835,49889416,39314265
2022-04-30,2121,11577,49891537,39325842
2022-05-01,113,530,49891650,39326372
2022-05-02,1450,9387,49893100,39335759
2022-05-03,1574,10312,49894674,39346071
2022-05-04,1746,10258,49896420,39356329
2022-05-05,1651,10277,49898071,39366606
2022-05-06,1701,10946,49899772,39377552
2022-05-07,1431,8562,49901203,39386114
2022-05-08,404,1514,49901607,39387628
2022-05-09,1026,8918,49902633,39396546
2022-05-10,1422,9540,49904055,39406086
2022-05-11,1483,10089,49905538,39416175
2022-05-12,1367,10120,49906905,39426295
2022-05-13,1590,10510,49908495,39436805
2022-05-14,1356,8228,49909851,39445033
2022-05-15,336,1129,49910187,39446162
2022-05-16,811,8392,49910998,39454554
2022-05-17,1243,8674,49912241,39463228
2022-05-18,1372,9221,49913613,39472449
2022-05-19,1500,9270,49915113,39481719
2022-05-20,1421,9498,49916534,39491217
2022-05-21,1299,7892,49917833,39499109
2022-05-22,231,1012,49918064,39500121
2022-05-23,827,8261,49918891,39508382
2022-05-24,1072,8666,49919963,39517048
2022-05-25,1368,9447,49921331,39526495
2022-05-26,1194,9454,49922525,39535949
2022-05-27,1226,9910,49923751,39545859
2022-05-28,1203,7873,49924954,39553732
2022-05-29,286,1264,49925240,39554996
2022-05-30,929,8029,49926169,39563025
2022-05-31,1033,8532,49927202,39571557
2022-06-01,891,7644,49928093,39579201
2022-06-02,35,474,49928128,39579675
2022-06-03,816,7328,49928944,39587003
2022-06-04,870,5155,49929814,39592158
2022-06-05,89,586,49929903,39592744
2022-06-06,675,6984,49930578,39599728
2022-06-07,932,7842,49931510,39607570
2022-06-08,982,7900,49932492,39615470
2022-06-09,1036,8400,49933528,39623870
2022-06-10,957,8552,49934485,39632422
2022-06-11,900,6206,49935385,39638628
2022-06-12,140,767,49935525,39639395
2022-06-13,602,6295,49936127,39645690
2022-06-14,826,7882,49936953,39653572
2022-06-15,954,7844,49937907,39661416
2022-06-16,729,7389,49938636,39668805
2022-06-17,720,7242,49939356,39676047
2022-06-18,777,5588,49940133,39681635
2022-06-19,47,522,49940180,39682157
2022-06-20,588,6694,49940768,39688851
2022-06-21,733,7652,49941501,39696503
2022-06-22,780,7306,49942281,39703809
2022-06-23,651,7459,49942932,39711268
2022-06-24,642,7473,49943574,39718741
2022-06-25,835,6532,49944409,39725273
2022-06-26,128,523,49944537,39725796
2022-06-27,532,7120,49945069,39732916
2022-06-28,746,8192,49945815,39741108
2022-06-29,756,7720,49946571,39748828
2022-06-30,745,8132,49947316,39756960
2022-07-01,576,6438,49947892,39763398
2022-07-02,536,4766,49948428,39768164
2022-07-03,49,456,49948477,39768620
2022-07-04,470,6274,49948947,39774894
2022-07-05,628,8112,49949575,39783006
2022-07-06,630,7606,49950205,39790612
2022-07-07,568,8263,49950773,39798875
2022-07-08,670,8079,49951443,39806954
2022-07-09,550,6103,49951993,39813057
2022-07-10,58,533,49952051,39813590
2022-07-11,487,7639,49952538,39821229
2022-07-12,665,9026,49953203,39830255
2022-07-13,639,10060,49953842,39840315
2022-07-14,636,10219,49954478,39850534
2022-07-15,623,10663,49955101,39861197
2022-07-16,522,7209,49955623,39868406
2022-07-17,48,769,49955671,39869175
2022-07-18,497,9350,49956168,39878525
2022-07-19,574,10653,49956742,39889178
2022-07-20,576,11258,49957318,39900436
2022-07-21,625,12040,49957943,39912476
2022-07-22,582,11227,49958525,39923703
2022-07-23,379,6743,49958904,39930446
2022-07-24,76,834,49958980,39931280
2022-07-25,501,9033,49959481,39940313
2022-07-26,519,9728,49960000,39950041
2022-07-27,549,10155,49960549,39960196
2022-07-28,527,10482,49961076,39970678
2022-07-29,510,9424,49961586,39980102
2022-07-30,380,5852,49961966,39985954
2022-07-31,49,745,49962015,39986699
2022-08-01,386,6823,49962401,39993522
2022-08-02,539,7518,49962940,40001040
2022-08-03,511,7143,49963451,40008183
2022-08-04,452,7427,49963903,40015610
2022-08-05,419,6488,49964322,40022098
2022-08-06,298,3582,49964620,40025680
2022-08-07,44,551,49964664,40026231
2022-08-08,401,4874,49965065,40031105
2022-08-09,383,5268,49965448,40036373
2022-08-10,376,4788,49965824,40041161
2022-08-11,364,4756,49966188,40045917
2022-08-12,288,3700,49966476,40049617
2022-08-13,143,1597,49966619,40051214
2022-08-14,9,128,49966628,40051342
2022-08-15,1,26,49966629,40051368
2022-08-16,283,3027,49966912,40054395
2022-08-17,351,3513,49967263,40057908
2022-08-18,388,4142,49967651,40062050
2022-08-19,341,3305,49967992,40065355
2022-08-20,183,1710,49968175,40067065
2022-08-21,24,146,49968199,40067211
2022-08-22,329,2936,49968528,40070147
2022-08-23,371,3655,49968899,40073802
2022-08-24,381,3332,49969280,40077134
2022-08-25,419,3734,49969699,40080868
2022-08-26,394,3545,49970093,40084413
2022-08-27,235,1767,49970328,40086180
2022-08-28,29,260,49970357,40086440
2022-08-29,353,3138,49970710,40089578
2022-08-30,401,3636,49971111,40093214
2022-08-31,435,3703,49971546,40096917
2022-09-01,352,3073,49971898,40099990
2022-09-02,292,2866,49972190,40102856
2022-09-03,199,1683,49972389,40104539
2022-09-04,22,147,49972411,40104686
2022-09-05,186,2625,49972597,40107311
2022-09-06,301,2962,49972898,40110273
2022-09-07,538,2907,49973436,40113180
2022-09-08,288,2944,49973724,40116124
2022-09-09,299,2850,49974023,40118974
2022-09-10,226,1324,49974249,40120298
2022-09-11,21,123,49974270,40120421
2022-09-12,267,2196,49974537,40122617
2022-09-13,249,2260,49974786,40124877
2022-09-14,261,2544,49975047,40127421
2022-09-15,280,2467,49975327,40129888
2022-09-16,252,2527,49975579,40132415
2022-09-17,239,1339,49975818,40133754
2022-09-18,20,170,49975838,40133924
2022-09-19,206,1964,49976044,40135888
2022-09-20,232,2365,49976276,40138253
2022-09-21,287,2505,49976563,40140758
2022-09-22,258,2616,49976821,40143374
2022-09-23,248,2295,49977069,40145669
2022-09-24,195,1423,49977264,40147092
2022-09-25,28,134,49977292,40147226
2022-09-26,278,2236,49977570,40149462
2022-09-27,280,2577,49977850,40152039
2022-09-28,302,2842,49978152,40154881
2022-09-29,244,2808,49978396,40157689
2022-09-30,272,2687,49978668,40160376
2022-10-01,193,1407,49978861,40161783
2022-10-02,11,187,49978872,40161970
2022-10-03,174,2364,49979046,40164334
2022-10-04,230,2734,49979276,40167068
2022-10-05,230,2955,49979506,40170023