data_somministrazione,vaccinazioni,booster,cum_vaccinazioni,cum_booster
2020-12-27,20,0,20,0
2020-12-28,2,0,22,0
2020-12-29,1,0,23,0
2020-12-30,6,0,29,0
2020-12-31,69,0,98,0
2021-01-01,23,0,121,0
2021-01-02,109,0,230,0
2021-01-03,81,0,311,0
2021-01-04,203,0,514,0
2021-01-05,240,0,754,0
2021-01-06,205,0,959,0
2021-01-07,294,0,1253,0
2021-01-08,337,0,1590,0
2021-01-09,251,0,1841,0
2021-01-10,147,0,1988,0
2021-01-11,272,0,2260,0
2021-01-12,267,0,2527,0
2021-01-13,390,0,2917,0
2021-01-14,479,0,3396,0
2021-01-15,298,0,3694,0
2021-01-16,207,0,3901,0
2021-01-17,3058,0,6959,0
2021-01-18,5209,0,12168,0
2021-01-19,1892,0,14060,0
2021-01-20,4655,0,18715,0
2021-01-21,19996,0,38711,0
2021-01-22,14200,0,52911,0
2021-01-23,33330,0,86241,0
2021-01-24,30786,0,117027,0
2021-01-25,64724,0,181751,0
2021-01-26,76497,0,258248,0
2021-01-27,64834,0,323082,0
2021-01-28,89285,0,412367,0
2021-01-29,94019,0,506386,0
2021-01-30,86565,0,592951,0
2021-01-31,57332,0,650283,0
2021-02-01,81866,0,732149,0
2021-02-02,82145,0,814294,0
2021-02-03,91192,0,905486,0
2021-02-04,95399,0,1000885,0
2021-02-05,90274,0,1091159,0
2021-02-06,63448,0,1154607,0
2021-02-07,32929,0,1187536,0
2021-02-08,40431,0,1227967,0
2021-02-09,32867,0,1260834,0
2021-02-10,28421,0,1289255,0
2021-02-11,20393,0,1309648,0
2021-02-12,16230,0,1325878,0
2021-02-13,7257,0,1333135,0
2021-02-14,2861,0,1335996,0
2021-02-15,6839,0,1342835,0
2021-02-16,6994,0,1349829,0
2021-02-17,10520,0,1360349,0
2021-02-18,9249,0,1369598,0
2021-02-19,8242,0,1377840,0
2021-02-20,5549,0,1383389,0
2021-02-21,2990,0,1386379,0
2021-02-22,6882,0,1393261,0
2021-02-23,7165,0,1400426,0
2021-02-24,9825,0,1410251,0
2021-02-25,14204,0,1424455,0
2021-02-26,17554,0,1442009,0
2021-02-27,13906,0,1455915,0
2021-02-28,9384,0,1465299,0
2021-03-01,26509,0,1491808,0
2021-03-02,33237,0,1525045,0
2021-03-03,44644,0,1569689,0
2021-03-04,50289,0,1619978,0
2021-03-05,55735,0,1675713,0
2021-03-06,41876,0,1717589,0
2021-03-07,22324,0,1739913,0
2021-03-08,50799,0,1790712,0
2021-03-09,53063,0,1843775,0
2021-03-10,58630,0,1902405,0
2021-03-11,63842,0,1966247,0
2021-03-12,65102,0,2031349,0
2021-03-13,51710,0,2083059,0
2021-03-14,35389,0,2118448,0
2021-03-15,73430,0,2191878,0
2021-03-16,74023,0,2265901,0
2021-03-17,83132,0,2349033,0
2021-03-18,81626,0,2430659,0
2021-03-19,81079,0,2511738,0
2021-03-20,64714,0,2576452,0
2021-03-21,47290,0,2623742,0
2021-03-22,69471,0,2693213,0
2021-03-23,75784,0,2768997,0
2021-03-24,90896,0,2859893,0
2021-03-25,89791,0,2949684,0
2021-03-26,83611,0,3033295,0
2021-03-27,71927,0,3105222,0
2021-03-28,44135,0,3149357,0
2021-03-29,70814,0,3220171,0
2021-03-30,81371,0,3301542,0
2021-03-31,96221,0,3397763,0
2021-04-01,95297,0,3493060,0
2021-04-02,84063,0,3577123,0
2021-04-03,64297,0,3641420,0
2021-04-04,21717,0,3663137,0
2021-04-05,40299,0,3703436,0
2021-04-06,81307,0,3784743,0
2021-04-07,95817,0,3880560,0
2021-04-08,95226,0,3975786,0
2021-04-09,88483,0,4064269,0
2021-04-10,74028,0,4138297,0
2021-04-11,44757,0,4183054,0
2021-04-12,66909,0,4249963,0
2021-04-13,72566,0,4322529,0
2021-04-14,85525,0,4408054,0
2021-04-15,105403,0,4513457,0
2021-04-16,106412,0,4619869,0
2021-04-17,90496,0,4710365,0
2021-04-18,58581,0,4768946,0
2021-04-19,93425,0,4862371,0
2021-04-20,103760,0,4966131,0
2021-04-21,125336,0,5091467,0
2021-04-22,143501,0,5234968,0
2021-04-23,138722,0,5373690,0
2021-04-24,124438,0,5498128,0
2021-04-25,61452,0,5559580,0
2021-04-26,97879,0,5657459,0
2021-04-27,128352,0,5785811,0
2021-04-28,156356,0,5942167,0
2021-04-29,195582,0,6137749,0
2021-04-30,214553,0,6352302,0
2021-05-01,174097,0,6526399,0
2021-05-02,135798,0,6662197,0
2021-05-03,142008,0,6804205,0
2021-05-04,158680,0,6962885,0
2021-05-05,170474,0,7133359,0
2021-05-06,197791,0,7331150,0
2021-05-07,213821,0,7544971,0
2021-05-08,213391,0,7758362,0
2021-05-09,143197,0,7901559,0
2021-05-10,165084,0,8066643,0
2021-05-11,174966,0,8241609,0
2021-05-12,179163,0,8420772,0
2021-05-13,203371,0,8624143,0
2021-05-14,222894,0,8847037,0
2021-05-15,210352,0,9057389,0
2021-05-16,159268,0,9216657,0
2021-05-17,219184,0,9435841,0
2021-05-18,213005,0,9648846,0
2021-05-19,207066,0,9855912,0
2021-05-20,270841,0,10126753,0
2021-05-21,270868,0,10397621,0
2021-05-22,245515,0,10643136,0
2021-05-23,197172,0,10840308,0
2021-05-24,228299,0,11068607,0
2021-05-25,245688,0,11314295,0
2021-05-26,277481,0,11591776,0
2021-05-27,311077,0,11902853,0
2021-05-28,299563,0,12202416,0
2021-05-29,231209,0,12433625,0
2021-05-30,170832,0,12604457,0
2021-05-31,216413,0,12820870,0
2021-06-01,207624,0,13028494,0
2021-06-02,115779,0,13144273,0
2021-06-03,180120,0,13324393,0
2021-06-04,184861,0,13509254,0
2021-06-05,185943,0,13695197,0
2021-06-06,139527,0,13834724,0
2021-06-07,161856,0,13996580,0
2021-06-08,171183,0,14167763,0
2021-06-09,171449,0,14339212,0
2021-06-10,174061,0,14513273,0
2021-06-11,169954,0,14683227,0
2021-06-12,128315,0,14811542,0
2021-06-13,91152,0,14902694,0
2021-06-14,214659,0,15117353,0
2021-06-15,228396,0,15345749,0
2021-06-16,253048,0,15598797,0
2021-06-17,301712,0,15900509,0
2021-06-18,306276,0,16206785,0
2021-06-19,275068,0,16481853,0
2021-06-20,220737,0,16702590,0
2021-06-21,288055,0,16990645,0
2021-06-22,296191,0,17286836,0
2021-06-23,302666,0,17589502,0
2021-06-24,332562,0,17922064,0
2021-06-25,348689,0,18270753,0
2021-06-26,300086,0,18570839,0
2021-06-27,228621,0,18799460,0
2021-06-28,307053,0,19106513,0
2021-06-29,329251,0,19435764,0
2021-06-30,342116,0,19777880,0
2021-07-01,363174,0,20141054,0
2021-07-02,368438,0,20509492,0
2021-07-03,371069,0,20880561,0
2021-07-04,283196,0,21163757,0
2021-07-05,384510,0,21548267,0
2021-07-06,385433,0,21933700,0
2021-07-07,412072,0,22345772,0
2021-07-08,479611,0,22825383,0
2021-07-09,498476,0,23323859,0
2021-07-10,475174,0,23799033,0
2021-07-11,357691,0,24156724,0
2021-07-12,485890,0,24642614,0
2021-07-13,492134,0,25134748,0
2021-07-14,480472,0,25615220,0
2021-07-15,523469,0,26138689,0
2021-07-16,509770,0,26648459,0
2021-07-17,464353,0,27112812,0
2021-07-18,364682,0,27477494,0
2021-07-19,463065,0,27940559,0
2021-07-20,458080,0,28398639,0
2021-07-21,462805,0,28861444,0
2021-07-22,475396,0,29336840,0
2021-07-23,441297,0,29778137,0
2021-07-24,386178,0,30164315,0
2021-07-25,287579,0,30451894,0
2021-07-26,430875,0,30882769,0
2021-07-27,440117,0,31322886,0
2021-07-28,391006,0,31713892,0
2021-07-29,372075,0,32085967,0
2021-07-30,341510,0,32427477,0
2021-07-31,287025,0,32714502,0
2021-08-01,191017,0,32905519,0
2021-08-02,333724,0,33239243,0
2021-08-03,323189,0,33562432,0
2021-08-04,310970,0,33873402,0
2021-08-05,292500,0,34165902,0
2021-08-06,260010,0,34425912,0
2021-08-07,199051,0,34624963,0
2021-08-08,153107,0,34778070,0
2021-08-09,234076,0,35012146,0
2021-08-10,205247,0,35217393,0
2021-08-11,193761,0,35411154,0
2021-08-12,168000,0,35579154,0
2021-08-13,148608,0,35727762,0
2021-08-14,66089,0,35793851,0
2021-08-15,26336,0,35820187,0
2021-08-16,114684,0,35934871,0
2021-08-17,129242,0,36064113,0
2021-08-18,128744,0,36192857,0
2021-08-19,124800,0,36317657,0
2021-08-20,123796,0,36441453,0
2021-08-21,83123,0,36524576,0
2021-08-22,68168,0,36592744,0
2021-08-23,176871,0,36769615,0
2021-08-24,156902,0,36926517,0
2021-08-25,177169,0,37103686,0
2021-08-26,172347,0,37276033,0
2021-08-27,185840,0,37461873,0
2021-08-28,140271,0,37602144,0
2021-08-29,98996,0,37701140,0
2021-08-30,209628,0,37910768,0
2021-08-31,194639,0,38105407,0
2021-09-01,192215,0,38297622,0
2021-09-02,189941,0,38487563,0
2021-09-03,191333,0,38678896,0
2021-09-04,131475,0,38810371,0
2021-09-05,87864,0,38898235,0
2021-09-06,193645,0,39091880,0
2021-09-07,196051,0,39287931,0
2021-09-08,187900,0,39475831,0
2021-09-09,201462,0,39677293,0
2021-09-10,198100,0,39875393,0
2021-09-11,141319,0,40016712,0
2021-09-12,89601,0,40106313,0
2021-09-13,191157,565,40297470,565
2021-09-14,177250,584,40474720,1149
2021-09-15,163111,594,40637831,1743
2021-09-16,160087,934,40797918,2677
2021-09-17,150175,1119,40948093,3796
2021-09-18,127975,745,41076068,4541
2021-09-19,81131,497,41157199,5038
2021-09-20,180076,9080,41337275,14118
2021-09-21,166645,8832,41503920,22950
2021-09-22,159084,9441,41663004,32391
2021-09-23,138079,9328,41801083,41719
2021-09-24,140537,8963,41941620,50682
2021-09-25,119554,5642,42061174,56324
2021-09-26,71963,4342,42133137,60666
2021-09-27,135647,10049,42268784,70715
2021-09-28,117499,11391,42386283,82106
2021-09-29,112342,11827,42498625,93933
2021-09-30,110233,14956,42608858,108889
2021-10-01,94979,19110,42703837,127999
2021-10-02,78488,14019,42782325,142018
2021-10-03,47739,7659,42830064,149677
2021-10-04,88375,34448,42918439,184125
2021-10-05,80367,33972,42998806,218097
2021-10-06,71986,34164,43070792,252261
2021-10-07,71855,34349,43142647,286610
2021-10-08,80629,33590,43223276,320200
2021-10-09,76104,22171,43299380,342371
2021-10-10,45775,13618,43345155,355989
2021-10-11,87424,41108,43432579,397097
2021-10-12,84491,46904,43517070,444001
2021-10-13,88196,52118,43605266,496119
2021-10-14,91534,58514,43696800,554633
2021-10-15,93599,55632,43790399,610265
2021-10-16,82968,36784,43873367,647049
2021-10-17,51467,23827,43924834,670876
2021-10-18,90303,59483,44015137,730359
2021-10-19,78345,69377,44093482,799736
2021-10-20,75076,78168,44168558,877904
2021-10-21,78297,81755,44246855,959659
2021-10-22,73786,77024,44320641,1036683
2021-10-23,60818,51958,44381459,1088641
2021-10-24,33377,23457,44414836,1112098
2021-10-25,64908,81624,44479744,1193722
2021-10-26,58371,91786,44538115,1285508
2021-10-27,58328,103971,44596443,1389479
2021-10-28,61468,114103,44657911,1503582
2021-10-29,61651,103122,44719562,1606704
2021-10-30,50673,68116,44770235,1674820
2021-10-31,25162,28291,44795397,1703111
2021-11-01,19047,28148,44814444,1731259
2021-11-02,62757,89379,44877201,1820638
2021-11-03,60733,118656,44937934,1939294
2021-11-04,59241,126666,44997175,2065960
2021-11-05,63097,135172,45060272,2201132
2021-11-06,46474,90925,45106746,2292057
2021-11-07,22252,37895,45128998,2329952
2021-11-08,51529,131266,45180527,2461218
2021-11-09,45401,144200,45225928,2605418
2021-11-10,42585,156346,45268513,2761764
2021-11-11,44934,155132,45313447,2916896
2021-11-12,46370,158577,45359817,3075473
2021-11-13,33257,116651,45393074,3192124
2021-11-14,14484,52445,45407558,3244569
2021-11-15,36893,157425,45444451,3401994
2021-11-16,30551,171374,45475002,3573368
2021-11-17,28454,178437,45503456,3751805
2021-11-18,30283,193715,45533739,3945520
2021-11-19,28800,205851,45562539,4151371
2021-11-20,20995,156437,45583534,4307808
2021-11-21,10609,64858,45594143,4372666
2021-11-22,21936,213140,45616079,4585806
2021-11-23,23575,241744,45639654,4827550
2021-11-24,27842,270947,45667496,5098497
2021-11-25,23232,301907,45690728,5400404
2021-11-26,24587,318267,45715315,5718671
2021-11-27,21381,266149,45736696,5984820
2021-11-28,9898,137057,45746594,6121877
2021-11-29,22328,326064,45768922,6447941
2021-11-30,23089,365824,45792011,6813765
2021-12-01,21523,413500,45813534,7227265
2021-12-02,23765,440375,45837299,7667640
2021-12-03,25257,467460,45862556,8135100
2021-12-04,22366,418729,45884922,8553829
2021-12-05,11926,261329,45896848,8815158
2021-12-06,25821,457567,45922669,9272725
2021-12-07,24130,480251,45946799,9752976
2021-12-08,10005,249682,45956804,10002658
2021-12-09,31580,491909,45988384,10494567
2021-12-10,28066,517866,46016450,11012433
2021-12-11,23560,459242,46040010,11471675
2021-12-12,12306,293492,46052316,11765167
2021-12-13,26150,467618,46078466,12232785
2021-12-14,25172,494188,46103638,12726973
2021-12-15,25333,517131,46128971,13244104
2021-12-16,27881,520237,46156852,13764341
2021-12-17,29366,517159,46186218,14281500
2021-12-18,27052,468715,46213270,14750215
2021-12-19,15140,300514,46228410,15050729
2021-12-20,30617,477480,46259027,15528209
2021-12-21,30367,493377,46289394,16021586
2021-12-22,29439,484702,46318833,16506288
2021-12-23,28240,426891,46347073,16933179
2021-12-24,13112,210823,46360185,17144002
2021-12-25,2101,33053,46362286,17177055
2021-12-26,8759,159066,46371045,17336121
2021-12-27,46784,504654,46417829,17840775
2021-12-28,42441,554208,46460270,18394983
2021-12-29,34341,550634,46494611,18945617
2021-12-30,31825,499820,46526436,19445437
2021-12-31,14115,247389,46540551,19692826
2022-01-01,3506,64814,46544057,19757640
2022-01-02,22760,276718,46566817,20034358
2022-01-03,47854,520005,46614671,20554363
2022-01-04,46348,572078,46661019,21126441
2022-01-05,40729,560394,46701748,21686835
2022-01-06,23472,274483,46725220,21961318
2022-01-07,63684,554179,46788904,22515497
2022-01-08,60822,503375,46849726,23018872
2022-01-09,42826,319684,46892552,23338556
2022-01-10,61052,542281,46953604,23880837
2022-01-11,61695,586983,47015299,24467820
2022-01-12,58414,581273,47073713,25049093
2022-01-13,58590,580373,47132303,25629466
2022-01-14,46759,588558,47179062,26218024
2022-01-15,39375,569931,47218437,26787955
2022-01-16,31186,341848,47249623,27129803
2022-01-17,54755,489648,47304378,27619451
2022-01-18,58370,517007,47362748,28136458
2022-01-19,57171,502773,47419919,28639231
2022-01-20,54321,498812,47474240,29138043
2022-01-21,42063,493864,47516303,29631907
2022-01-22,31162,469589,47547465,30101496
2022-01-23,34915,275359,47582380,30376855
2022-01-24,56163,437207,47638543,30814062
2022-01-25,61535,452094,47700078,31266156
2022-01-26,58523,435821,47758601,31701977
2022-01-27,48818,432352,47807419,32134329
2022-01-28,58679,436530,47866098,32570859
2022-01-29,68109,412483,47934207,32983342
2022-01-30,50362,235962,47984569,33219304
2022-01-31,60611,356922,48045180,33576226
2022-02-01,65530,328434,48110710,33904660
2022-02-02,63176,296966,48173886,34201626
2022-02-03,60044,274513,48233930,34476139
2022-02-04,72363,268450,48306293,34744589
2022-02-05,83754,248528,48390047,34993117
2022-02-06,55274,116200,48445321,35109317
2022-02-07,65126,199933,48510447,35309250
2022-02-08,66917,186105,48577364,35495355
2022-02-09,58751,166332,48636115,35661687
2022-02-10,58552,163232,48694667,35824919
2022-02-11,62233,162454,48756900,35987373
2022-02-12,71966,152136,48828866,36139509
2022-02-13,41468,68847,48870334,36208356
2022-02-14,46679,116187,48917013,36324543
2022-02-15,48518,123478,48965531,36448021
2022-02-16,45669,106114,49011200,36554135
2022-02-17,42852,98102,49054052,36652237
2022-02-18,46610,112569,49100662,36764806
2022-02-19,52520,100325,49153182,36865131
2022-02-20,31411,40358,49184593,36905489
2022-02-21,37885,89640,49222478,36995129
2022-02-22,37216,83770,49259694,37078899
2022-02-23,33383,79403,49293077,37158302
2022-02-24,32551,78157,49325628,37236459
2022-02-25,34753,90708,49360381,37327167
2022-02-26,39153,89131,49399534,37416298
2022-02-27,22540,35855,49422074,37452153
2022-02-28,28472,81684,49450546,37533837
2022-03-01,22711,53937,49473257,37587774
2022-03-02,21990,50627,49495247,37638401
2022-03-03,22606,54940,49517853,37693341
2022-03-04,23218,62792,49541071,37756133
2022-03-05,23789,57951,49564860,37814084
2022-03-06,9470,17200,49574330,37831284
2022-03-07,15905,51385,49590235,37882669
2022-03-08,15467,48793,49605702,37931462
2022-03-09,13809,46513,49619511,37977975
2022-03-10,14041,52115,49633552,38030090
2022-03-11,15575,57253,49649127,38087343
2022-03-12,15494,56614,49664621,38143957
2022-03-13,5542,16849,49670163,38160806
2022-03-14,10519,46693,49680682,38207499
2022-03-15,10536,46889,49691218,38254388
2022-03-16,9474,41975,49700692,38296363
2022-03-17,9705,44871,49710397,38341234
2022-03-18,10153,49052,49720550,38390286
2022-03-19,9146,46530,49729696,38436816
2022-03-20,2608,11700,49732304,38448516
2022-03-21,7577,40222,49739881,38488738
2022-03-22,8446,37753,49748327,38526491
2022-03-23,7209,33699,49755536,38560190
2022-03-24,8252,38797,49763788,38598987
2022-03-25,8131,43660,49771919,38642647
2022-03-26,8123,41720,49780042,38684367
2022-03-27,2429,9681,49782471,38694048
2022-03-28,6103,35231,49788574,38729279
2022-03-29,5773,32524,49794347,38761803
2022-03-30,5559,30198,49799906,38792001
2022-03-31,5888,33175,49805794,38825176
2022-04-01,4343,25188,49810137,38850364
2022-04-02,4489,23274,49814626,38873638
2022-04-03,1049,4499,49815675,38878137
2022-04-04,3654,21532,49819329,38899669
2022-04-05,3750,22925,49823079,38922594
2022-04-06,4099,21846,49827178,38944440
2022-04-07,3962,23319,49831140,38967759
2022-04-08,4688,26710,49835828,38994469
2022-04-09,4378,23884,49840206,39018353
2022-04-10,891,4614,49841097,39022967
2022-04-11,3812,22684,49844909,39045651
2022-04-12,3358,21779,49848267,39067430
2022-04-13,3561,21332,49851828,39088762
2022-04-14,3484,23775,49855312,39112537
2022-04-15,3079,20617,49858391,39133154
2022-04-16,2148,11919,49860539,39145073
2022-04-17,63,348,49860602,39145421
2022-04-18,149,650,49860751,39146071
2022-04-19,3491,21977,49864242,39168048
2022-04-20,3502,20248,49867744,39188296
2022-04-21,2840,19779,49870584,39208075
2022-04-22,2922,20696,49873506,39228771
2022-04-23,2638,16212,49876144,39244983
2022-04-24,509,2335,49876653,39247318
2022-04-25,183,1165,49876836,39248483
2022-04-26,2760,17793,49879596,39266276
2022-04-27,2371,15785,49881967,39282061
2022-04-28,2355,15553,49884322,39297614
2022-04-29,2292,14835,49886614,39312449
2022-04-30,2121,11576,49888735,39324025
2022-05-01,113,530,49888848,39324555
2022-05-02,1447,9385,49890295,39333940
2022-05-03,1574,10310,49891869,39344250
2022-05-04,1746,10258,49893615,39354508
2022-05-05,1651,10274,49895266,39364782
2022-05-06,1699,10946,49896965,39375728
2022-05-07,1431,8562,49898396,39384290
2022-05-08,404,1514,49898800,39385804
2022-05-09,1024,8917,49899824,39394721
2022-05-10,1422,9540,49901246,39404261
2022-05-11,1481,10088,49902727,39414349
2022-05-12,1368,10118,49904095,39424467
2022-05-13,1588,10510,49905683,39434977
2022-05-14,1357,8227,49907040,39443204
2022-05-15,336,1129,49907376,39444333
2022-05-16,812,8390,49908188,39452723
2022-05-17,1242,8673,49909430,39461396
2022-05-18,1370,9217,49910800,39470613
2022-05-19,1500,9269,49912300,39479882
2022-05-20,1419,9495,49913719,39489377
2022-05-21,1299,7892,49915018,39497269
2022-05-22,231,1012,49915249,39498281
2022-05-23,827,8261,49916076,39506542
2022-05-24,1070,8665,49917146,39515207
2022-05-25,1366,9446,49918512,39524653
2022-05-26,1193,9455,49919705,39534108
2022-05-27,1226,9911,49920931,39544019
2022-05-28,1202,7873,49922133,39551892
2022-05-29,285,1264,49922418,39553156
2022-05-30,930,8028,49923348,39561184
2022-05-31,1033,8532,49924381,39569716
2022-06-01,891,7644,49925272,39577360
2022-06-02,35,474,49925307,39577834
2022-06-03,814,7328,49926121,39585162
2022-06-04,870,5155,49926991,39590317
2022-06-05,89,586,49927080,39590903
2022-06-06,674,6984,49927754,39597887
2022-06-07,931,7842,49928685,39605729
2022-06-08,982,7900,49929667,39613629
2022-06-09,1036,8400,49930703,39622029
2022-06-10,957,8550,49931660,39630579
2022-06-11,900,6206,49932560,39636785
2022-06-12,140,767,49932700,39637552
2022-06-13,603,6295,49933303,39643847
2022-06-14,826,7881,49934129,39651728
2022-06-15,953,7843,49935082,39659571
2022-06-16,729,7389,49935811,39666960
2022-06-17,720,7240,49936531,39674200
2022-06-18,777,5588,49937308,39679788
2022-06-19,47,522,49937355,39680310
2022-06-20,588,6694,49937943,39687004
2022-06-21,733,7646,49938676,39694650
2022-06-22,780,7305,49939456,39701955
2022-06-23,650,7459,49940106,39709414
2022-06-24,643,7473,49940749,39716887
2022-06-25,835,6532,49941584,39723419
2022-06-26,128,523,49941712,39723942
2022-06-27,532,7120,49942244,39731062
2022-06-28,745,8193,49942989,39739255
2022-06-29,754,7719,49943743,39746974
2022-06-30,744,8132,49944487,39755106
2022-07-01,576,6437,49945063,39761543
2022-07-02,536,4765,49945599,39766308
2022-07-03,49,456,49945648,39766764
2022-07-04,470,6274,49946118,39773038
2022-07-05,628,8112,49946746,39781150
2022-07-06,630,7606,49947376,39788756
2022-07-07,568,8259,49947944,39797015
2022-07-08,670,8078,49948614,39805093
2022-07-09,549,6103,49949163,39811196
2022-07-10,58,533,49949221,39811729
2022-07-11,487,7638,49949708,39819367
2022-07-12,664,9026,49950372,39828393
2022-07-13,639,10058,49951011,39838451
2022-07-14,636,10223,49951647,39848674
2022-07-15,623,10664,49952270,39859338
2022-07-16,522,7208,49952792,39866546
2022-07-17,48,769,49952840,39867315
2022-07-18,497,9350,49953337,39876665
2022-07-19,574,10649,49953911,39887314
2022-07-20,576,11257,49954487,39898571
2022-07-21,625,12035,49955112,39910606
2022-07-22,581,11226,49955693,39921832
2022-07-23,379,6740,49956072,39928572
2022-07-24,76,834,49956148,39929406
2022-07-25,501,9032,49956649,39938438
2022-07-26,519,9724,49957168,39948162
2022-07-27,549,10153,49957717,39958315
2022-07-28,527,10480,49958244,39968795
2022-07-29,510,9421,49958754,39978216
2022-07-30,380,5851,49959134,39984067
2022-07-31,49,745,49959183,39984812
2022-08-01,386,6823,49959569,39991635
2022-08-02,539,7515,49960108,39999150
2022-08-03,510,7141,49960618,40006291
2022-08-04,452,7425,49961070,40013716
2022-08-05,415,6484,49961485,40020200
2022-08-06,297,3581,49961782,40023781
2022-08-07,44,551,49961826,40024332
2022-08-08,401,4873,49962227,40029205
2022-08-09,383,5267,49962610,40034472
2022-08-10,375,4784,49962985,40039256
2022-08-11,364,4756,49963349,40044012
2022-08-12,287,3700,49963636,40047712
2022-08-13,143,1595,49963779,40049307
2022-08-14,9,128,49963788,40049435
2022-08-15,1,26,49963789,40049461
2022-08-16,281,3025,49964070,40052486
2022-08-17,351,3513,49964421,40055999
2022-08-18,388,4142,49964809,40060141
2022-08-19,339,3306,49965148,40063447
2022-08-20,182,1711,49965330,40065158
2022-08-21,24,146,49965354,40065304
2022-08-22,326,2929,49965680,40068233
2022-08-23,371,3645,49966051,40071878
2022-08-24,381,3332,49966432,40075210
2022-08-25,419,3725,49966851,40078935
2022-08-26,393,3544,49967244,40082479
2022-08-27,234,1767,49967478,40084246
2022-08-28,29,260,49967507,40084506
2022-08-29,353,3135,49967860,40087641
2022-08-30,399,3636,49968259,40091277
2022-08-31,431,3699,49968690,40094976
2022-09-01,351,3061,49969041,40098037
2022-09-02,290,2865,49969331,40100902
2022-09-03,198,1683,49969529,40102585
2022-09-04,22,147,49969551,40102732
2022-09-05,185,2619,49969736,40105351
2022-09-06,302,2956,49970038,40108307
2022-09-07,536,2894,49970574,40111201
2022-09-08,283,2929,49970857,40114130
2022-09-09,297,2838,49971154,40116968
2022-09-10,226,1323,49971380,40118291
2022-09-11,21,122,49971401,40118413
2022-09-12,264,2188,49971665,40120601
2022-09-13,242,2229,49971907,40122830
2022-09-14,253,2516,49972160,40125346
2022-09-15,272,2413,49972432,40127759
2022-09-16,246,2464,49972678,40130223
2022-09-17,237,1299,49972915,40131522
2022-09-18,19,170,49972934,40131692
2022-09-19,206,1955,49973140,40133647
2022-09-20,230,2331,49973370,40135978
2022-09-21,258,2131,49973628,40138109
2022-09-22,134,1234,49973762,40139343