data_somministrazione,vaccinazioni,booster,cum_vaccinazioni,cum_booster
2020-12-27,20,0,20,0
2020-12-28,2,0,22,0
2020-12-29,1,0,23,0
2020-12-30,8,0,31,0
2020-12-31,72,0,103,0
2021-01-01,23,0,126,0
2021-01-02,127,0,253,0
2021-01-03,90,0,343,0
2021-01-04,217,0,560,0
2021-01-05,255,0,815,0
2021-01-06,225,0,1040,0
2021-01-07,306,0,1346,0
2021-01-08,350,0,1696,0
2021-01-09,264,0,1960,0
2021-01-10,158,0,2118,0
2021-01-11,286,0,2404,0
2021-01-12,275,0,2679,0
2021-01-13,402,0,3081,0
2021-01-14,488,0,3569,0
2021-01-15,305,0,3874,0
2021-01-16,213,0,4087,0
2021-01-17,3060,0,7147,0
2021-01-18,5215,0,12362,0
2021-01-19,1893,0,14255,0
2021-01-20,4656,0,18911,0
2021-01-21,20005,0,38916,0
2021-01-22,14220,0,53136,0
2021-01-23,33327,0,86463,0
2021-01-24,30784,0,117247,0
2021-01-25,64722,0,181969,0
2021-01-26,76491,0,258460,0
2021-01-27,64825,0,323285,0
2021-01-28,89270,0,412555,0
2021-01-29,94019,0,506574,0
2021-01-30,86556,0,593130,0
2021-01-31,57330,0,650460,0
2021-02-01,81853,0,732313,0
2021-02-02,82141,0,814454,0
2021-02-03,91113,0,905567,0
2021-02-04,95394,0,1000961,0
2021-02-05,90271,0,1091232,0
2021-02-06,63449,0,1154681,0
2021-02-07,32932,0,1187613,0
2021-02-08,40424,0,1228037,0
2021-02-09,32869,0,1260906,0
2021-02-10,28427,0,1289333,0
2021-02-11,20402,0,1309735,0
2021-02-12,16237,0,1325972,0
2021-02-13,7272,0,1333244,0
2021-02-14,2862,0,1336106,0
2021-02-15,6842,0,1342948,0
2021-02-16,7001,0,1349949,0
2021-02-17,10525,0,1360474,0
2021-02-18,9252,0,1369726,0
2021-02-19,8249,0,1377975,0
2021-02-20,5564,0,1383539,0
2021-02-21,3002,0,1386541,0
2021-02-22,6884,0,1393425,0
2021-02-23,7176,0,1400601,0
2021-02-24,9808,0,1410409,0
2021-02-25,14211,0,1424620,0
2021-02-26,17554,0,1442174,0
2021-02-27,13914,0,1456088,0
2021-02-28,9388,0,1465476,0
2021-03-01,26519,0,1491995,0
2021-03-02,33244,0,1525239,0
2021-03-03,44648,0,1569887,0
2021-03-04,50293,0,1620180,0
2021-03-05,55734,0,1675914,0
2021-03-06,41871,0,1717785,0
2021-03-07,22322,0,1740107,0
2021-03-08,50823,0,1790930,0
2021-03-09,53075,0,1844005,0
2021-03-10,58653,0,1902658,0
2021-03-11,63869,0,1966527,0
2021-03-12,65112,0,2031639,0
2021-03-13,51722,0,2083361,0
2021-03-14,35402,0,2118763,0
2021-03-15,73446,0,2192209,0
2021-03-16,74026,0,2266235,0
2021-03-17,83130,0,2349365,0
2021-03-18,81626,0,2430991,0
2021-03-19,81083,0,2512074,0
2021-03-20,64725,0,2576799,0
2021-03-21,47302,0,2624101,0
2021-03-22,69484,0,2693585,0
2021-03-23,75801,0,2769386,0
2021-03-24,90916,0,2860302,0
2021-03-25,89806,0,2950108,0
2021-03-26,83625,0,3033733,0
2021-03-27,71944,0,3105677,0
2021-03-28,44147,0,3149824,0
2021-03-29,70827,0,3220651,0
2021-03-30,81389,0,3302040,0
2021-03-31,96238,0,3398278,0
2021-04-01,95310,0,3493588,0
2021-04-02,84073,0,3577661,0
2021-04-03,64306,0,3641967,0
2021-04-04,21718,0,3663685,0
2021-04-05,40313,0,3703998,0
2021-04-06,81319,0,3785317,0
2021-04-07,95834,0,3881151,0
2021-04-08,95242,0,3976393,0
2021-04-09,88492,0,4064885,0
2021-04-10,74032,0,4138917,0
2021-04-11,44765,0,4183682,0
2021-04-12,66918,0,4250600,0
2021-04-13,72578,0,4323178,0
2021-04-14,85545,0,4408723,0
2021-04-15,105416,0,4514139,0
2021-04-16,106419,0,4620558,0
2021-04-17,90516,0,4711074,0
2021-04-18,58592,0,4769666,0
2021-04-19,93430,0,4863096,0
2021-04-20,103769,0,4966865,0
2021-04-21,125341,0,5092206,0
2021-04-22,143518,0,5235724,0
2021-04-23,138745,0,5374469,0
2021-04-24,124445,0,5498914,0
2021-04-25,61458,0,5560372,0
2021-04-26,97894,0,5658266,0
2021-04-27,128361,0,5786627,0
2021-04-28,156372,0,5942999,0
2021-04-29,195597,0,6138596,0
2021-04-30,214586,0,6353182,0
2021-05-01,174121,0,6527303,0
2021-05-02,135802,0,6663105,0
2021-05-03,142044,0,6805149,0
2021-05-04,158696,0,6963845,0
2021-05-05,170503,0,7134348,0
2021-05-06,197810,0,7332158,0
2021-05-07,213849,0,7546007,0
2021-05-08,213416,0,7759423,0
2021-05-09,143205,0,7902628,0
2021-05-10,165082,0,8067710,0
2021-05-11,174987,0,8242697,0
2021-05-12,179187,0,8421884,0
2021-05-13,203394,0,8625278,0
2021-05-14,222922,0,8848200,0
2021-05-15,210373,0,9058573,0
2021-05-16,159279,0,9217852,0
2021-05-17,219199,0,9437051,0
2021-05-18,213023,0,9650074,0
2021-05-19,207089,0,9857163,0
2021-05-20,270868,0,10128031,0
2021-05-21,270893,0,10398924,0
2021-05-22,245525,0,10644449,0
2021-05-23,197183,0,10841632,0
2021-05-24,228310,0,11069942,0
2021-05-25,245697,0,11315639,0
2021-05-26,277503,0,11593142,0
2021-05-27,311087,0,11904229,0
2021-05-28,299573,0,12203802,0
2021-05-29,231226,0,12435028,0
2021-05-30,170841,0,12605869,0
2021-05-31,216427,0,12822296,0
2021-06-01,207635,0,13029931,0
2021-06-02,115803,0,13145734,0
2021-06-03,180150,0,13325884,0
2021-06-04,184889,0,13510773,0
2021-06-05,185966,0,13696739,0
2021-06-06,139553,0,13836292,0
2021-06-07,161880,0,13998172,0
2021-06-08,171233,0,14169405,0
2021-06-09,171491,0,14340896,0
2021-06-10,174113,0,14515009,0
2021-06-11,169994,0,14685003,0
2021-06-12,128333,0,14813336,0
2021-06-13,91193,0,14904529,0
2021-06-14,214688,0,15119217,0
2021-06-15,228425,0,15347642,0
2021-06-16,253083,0,15600725,0
2021-06-17,301740,0,15902465,0
2021-06-18,306301,0,16208766,0
2021-06-19,275090,0,16483856,0
2021-06-20,220793,0,16704649,0
2021-06-21,288073,0,16992722,0
2021-06-22,296228,0,17288950,0
2021-06-23,302693,0,17591643,0
2021-06-24,332611,0,17924254,0
2021-06-25,348712,0,18272966,0
2021-06-26,300127,0,18573093,0
2021-06-27,228672,0,18801765,0
2021-06-28,307101,0,19108866,0
2021-06-29,329299,0,19438165,0
2021-06-30,342170,0,19780335,0
2021-07-01,363221,0,20143556,0
2021-07-02,368482,0,20512038,0
2021-07-03,371096,0,20883134,0
2021-07-04,283215,0,21166349,0
2021-07-05,384546,0,21550895,0
2021-07-06,385476,0,21936371,0
2021-07-07,412111,0,22348482,0
2021-07-08,479601,0,22828083,0
2021-07-09,498483,0,23326566,0
2021-07-10,475180,0,23801746,0
2021-07-11,357700,0,24159446,0
2021-07-12,485899,0,24645345,0
2021-07-13,492115,0,25137460,0
2021-07-14,480460,0,25617920,0
2021-07-15,523454,0,26141374,0
2021-07-16,509761,0,26651135,0
2021-07-17,464342,0,27115477,0
2021-07-18,364651,0,27480128,0
2021-07-19,463053,0,27943181,0
2021-07-20,458061,0,28401242,0
2021-07-21,462796,0,28864038,0
2021-07-22,475391,0,29339429,0
2021-07-23,441327,0,29780756,0
2021-07-24,386160,0,30166916,0
2021-07-25,287558,0,30454474,0
2021-07-26,430888,0,30885362,0
2021-07-27,440131,0,31325493,0
2021-07-28,391012,0,31716505,0
2021-07-29,372076,0,32088581,0
2021-07-30,341515,0,32430096,0
2021-07-31,287034,0,32717130,0
2021-08-01,191005,0,32908135,0
2021-08-02,333705,0,33241840,0
2021-08-03,323194,0,33565034,0
2021-08-04,310975,0,33876009,0
2021-08-05,292500,0,34168509,0
2021-08-06,260015,0,34428524,0
2021-08-07,199052,0,34627576,0
2021-08-08,153111,0,34780687,0
2021-08-09,234077,0,35014764,0
2021-08-10,205256,0,35220020,0
2021-08-11,193779,0,35413799,0
2021-08-12,168038,0,35581837,0
2021-08-13,148639,0,35730476,0
2021-08-14,66094,0,35796570,0
2021-08-15,26338,0,35822908,0
2021-08-16,114704,0,35937612,0
2021-08-17,129251,0,36066863,0
2021-08-18,128752,0,36195615,0
2021-08-19,124823,0,36320438,0
2021-08-20,123790,0,36444228,0
2021-08-21,83127,0,36527355,0
2021-08-22,68169,0,36595524,0
2021-08-23,176872,0,36772396,0
2021-08-24,156897,0,36929293,0
2021-08-25,177169,0,37106462,0
2021-08-26,172366,0,37278828,0
2021-08-27,185837,0,37464665,0
2021-08-28,140281,0,37604946,0
2021-08-29,98993,0,37703939,0
2021-08-30,209600,0,37913539,0
2021-08-31,194644,0,38108183,0
2021-09-01,192208,0,38300391,0
2021-09-02,189930,0,38490321,0
2021-09-03,191293,0,38681614,0
2021-09-04,131464,0,38813078,0
2021-09-05,87857,0,38900935,0
2021-09-06,193627,0,39094562,0
2021-09-07,196036,0,39290598,0
2021-09-08,187881,0,39478479,0
2021-09-09,201447,0,39679926,0
2021-09-10,198077,0,39878003,0
2021-09-11,141297,0,40019300,0
2021-09-12,89600,0,40108900,0
2021-09-13,191124,607,40300024,607
2021-09-14,177230,617,40477254,1224
2021-09-15,163099,619,40640353,1843
2021-09-16,160073,965,40800426,2808
2021-09-17,150171,1142,40950597,3950
2021-09-18,127984,756,41078581,4706
2021-09-19,81137,501,41159718,5207
2021-09-20,180074,9105,41339792,14312
2021-09-21,166654,8846,41506446,23158
2021-09-22,159095,9448,41665541,32606
2021-09-23,138082,9342,41803623,41948
2021-09-24,140546,8982,41944169,50930
2021-09-25,119554,5655,42063723,56585
2021-09-26,71971,4351,42135694,60936
2021-09-27,135660,10064,42271354,71000
2021-09-28,117508,11409,42388862,82409
2021-09-29,112354,11839,42501216,94248
2021-09-30,110263,14964,42611479,109212
2021-10-01,94992,19122,42706471,128334
2021-10-02,78509,14031,42784980,142365
2021-10-03,47749,7665,42832729,150030
2021-10-04,88382,34466,42921111,184496
2021-10-05,80370,33997,43001481,218493
2021-10-06,71995,34187,43073476,252680
2021-10-07,71866,34361,43145342,287041
2021-10-08,80631,33606,43225973,320647
2021-10-09,76109,22183,43302082,342830
2021-10-10,45779,13623,43347861,356453
2021-10-11,87440,41120,43435301,397573
2021-10-12,84506,46921,43519807,444494
2021-10-13,88203,52138,43608010,496632
2021-10-14,91550,58535,43699560,555167
2021-10-15,93593,55652,43793153,610819
2021-10-16,82971,36803,43876124,647622
2021-10-17,51463,23843,43927587,671465
2021-10-18,90304,59500,44017891,730965
2021-10-19,78349,69393,44096240,800358
2021-10-20,75070,78192,44171310,878550
2021-10-21,78299,81776,44249609,960326
2021-10-22,73782,77058,44323391,1037384
2021-10-23,60830,51965,44384221,1089349
2021-10-24,33373,23469,44417594,1112818
2021-10-25,64911,81640,44482505,1194458
2021-10-26,58375,91817,44540880,1286275
2021-10-27,58331,104009,44599211,1390284
2021-10-28,61456,114135,44660667,1504419
2021-10-29,61639,103159,44722306,1607578
2021-10-30,50674,68132,44772980,1675710
2021-10-31,25161,28303,44798141,1704013
2021-11-01,19048,28156,44817189,1732169
2021-11-02,62743,89417,44879932,1821586
2021-11-03,60728,118677,44940660,1940263
2021-11-04,59245,126681,44999905,2066944
2021-11-05,63095,135205,45063000,2202149
2021-11-06,46483,90932,45109483,2293081
2021-11-07,22252,37900,45131735,2330981
2021-11-08,51530,131281,45183265,2462262
2021-11-09,45399,144222,45228664,2606484
2021-11-10,42589,156360,45271253,2762844
2021-11-11,44934,155150,45316187,2917994
2021-11-12,46316,158652,45362503,3076646
2021-11-13,33263,116662,45395766,3193308
2021-11-14,14492,52456,45410258,3245764
2021-11-15,36907,157439,45447165,3403203
2021-11-16,30561,171394,45477726,3574597
2021-11-17,28467,178446,45506193,3753043
2021-11-18,30288,193740,45536481,3946783
2021-11-19,28813,205869,45565294,4152652
2021-11-20,21002,156454,45586296,4309106
2021-11-21,10612,64863,45596908,4373969
2021-11-22,21946,213158,45618854,4587127
2021-11-23,23589,241760,45642443,4828887
2021-11-24,27797,271020,45670240,5099907
2021-11-25,23243,301928,45693483,5401835
2021-11-26,24589,318282,45718072,5720117
2021-11-27,21390,266161,45739462,5986278
2021-11-28,9904,137060,45749366,6123338
2021-11-29,22347,326074,45771713,6449412
2021-11-30,23105,365846,45794818,6815258
2021-12-01,21530,413509,45816348,7228767
2021-12-02,23792,440424,45840140,7669191
2021-12-03,25271,467491,45865411,8136682
2021-12-04,22379,418781,45887790,8555463
2021-12-05,11936,261355,45899726,8816818
2021-12-06,25829,457616,45925555,9274434
2021-12-07,24151,480279,45949706,9754713
2021-12-08,10018,249709,45959724,10004422
2021-12-09,31604,491948,45991328,10496370
2021-12-10,28083,517906,46019411,11014276
2021-12-11,23579,459260,46042990,11473536
2021-12-12,12311,293516,46055301,11767052
2021-12-13,26165,467641,46081466,12234693
2021-12-14,25186,494220,46106652,12728913
2021-12-15,25352,517166,46132004,13246079
2021-12-16,27899,520276,46159903,13766355
2021-12-17,29375,517196,46189278,14283551
2021-12-18,27079,468750,46216357,14752301
2021-12-19,15158,300536,46231515,15052837
2021-12-20,30644,477498,46262159,15530335
2021-12-21,30404,493402,46292563,16023737
2021-12-22,29462,484728,46322025,16508465
2021-12-23,28265,426924,46350290,16935389
2021-12-24,13117,210836,46363407,17146225
2021-12-25,2103,33053,46365510,17179278
2021-12-26,8769,159074,46374279,17338352
2021-12-27,46818,504673,46421097,17843025
2021-12-28,42478,554228,46463575,18397253
2021-12-29,34371,550659,46497946,18947912
2021-12-30,31861,499843,46529807,19447755
2021-12-31,14130,247399,46543937,19695154
2022-01-01,3499,64815,46547436,19759969
2022-01-02,22795,276723,46570231,20036692
2022-01-03,47889,520022,46618120,20556714
2022-01-04,46410,572094,46664530,21128808
2022-01-05,40787,560401,46705317,21689209
2022-01-06,23503,274490,46728820,21963699
2022-01-07,63735,554201,46792555,22517900
2022-01-08,60903,503402,46853458,23021302
2022-01-09,42892,319687,46896350,23340989
2022-01-10,61124,542295,46957474,23883284
2022-01-11,61770,586997,47019244,24470281
2022-01-12,58487,581281,47077731,25051562
2022-01-13,58641,580395,47136372,25631957
2022-01-14,46846,588580,47183218,26220537
2022-01-15,39460,569948,47222678,26790485
2022-01-16,31258,341866,47253936,27132351
2022-01-17,54803,489665,47308739,27622016
2022-01-18,58425,517022,47367164,28139038
2022-01-19,57225,502792,47424389,28641830
2022-01-20,54362,498828,47478751,29140658
2022-01-21,42116,493880,47520867,29634538
2022-01-22,31228,469598,47552095,30104136
2022-01-23,34951,275375,47587046,30379511
2022-01-24,56194,437231,47643240,30816742
2022-01-25,61565,452115,47704805,31268857
2022-01-26,58563,435835,47763368,31704692
2022-01-27,48847,432380,47812215,32137072
2022-01-28,58713,436541,47870928,32573613
2022-01-29,68147,412500,47939075,32986113
2022-01-30,50392,235968,47989467,33222081
2022-01-31,60645,356938,48050112,33579019
2022-02-01,65569,328446,48115681,33907465
2022-02-02,63215,296978,48178896,34204443
2022-02-03,60062,274519,48238958,34478962
2022-02-04,72386,268458,48311344,34747420
2022-02-05,83787,248533,48395131,34995953
2022-02-06,55297,116204,48450428,35112157
2022-02-07,65159,199940,48515587,35312097
2022-02-08,66932,186115,48582519,35498212
2022-02-09,58765,166334,48641284,35664546
2022-02-10,58584,163240,48699868,35827786
2022-02-11,62254,162465,48762122,35990251
2022-02-12,71984,152143,48834106,36142394
2022-02-13,41475,68852,48875581,36211246
2022-02-14,46694,116186,48922275,36327432
2022-02-15,48541,123478,48970816,36450910
2022-02-16,45677,106122,49016493,36557032
2022-02-17,42862,98110,49059355,36655142
2022-02-18,46624,112572,49105979,36767714
2022-02-19,52537,100334,49158516,36868048
2022-02-20,31409,40364,49189925,36908412
2022-02-21,37887,89651,49227812,36998063
2022-02-22,37219,83775,49265031,37081838
2022-02-23,33395,79408,49298426,37161246
2022-02-24,32553,78161,49330979,37239407
2022-02-25,34759,90709,49365738,37330116
2022-02-26,39157,89134,49404895,37419250
2022-02-27,22545,35856,49427440,37455106
2022-02-28,28481,81690,49455921,37536796
2022-03-01,22722,53939,49478643,37590735
2022-03-02,21949,50680,49500592,37641415
2022-03-03,22619,54947,49523211,37696362
2022-03-04,23231,62798,49546442,37759160
2022-03-05,23797,57951,49570239,37817111
2022-03-06,9471,17201,49579710,37834312
2022-03-07,15916,51387,49595626,37885699
2022-03-08,15475,48796,49611101,37934495
2022-03-09,13811,46517,49624912,37981012
2022-03-10,14047,52119,49638959,38033131
2022-03-11,15582,57263,49654541,38090394
2022-03-12,15501,56618,49670042,38147012
2022-03-13,5544,16850,49675586,38163862
2022-03-14,10525,46698,49686111,38210560
2022-03-15,10546,46892,49696657,38257452
2022-03-16,9480,41973,49706137,38299425
2022-03-17,9716,44871,49715853,38344296
2022-03-18,10158,49056,49726011,38393352
2022-03-19,9149,46533,49735160,38439885
2022-03-20,2609,11702,49737769,38451587
2022-03-21,7579,40224,49745348,38491811
2022-03-22,8448,37758,49753796,38529569
2022-03-23,7213,33700,49761009,38563269
2022-03-24,8257,38803,49769266,38602072
2022-03-25,8135,43667,49777401,38645739
2022-03-26,8124,41721,49785525,38687460
2022-03-27,2430,9681,49787955,38697141
2022-03-28,6108,35237,49794063,38732378
2022-03-29,5776,32527,49799839,38764905
2022-03-30,5566,30202,49805405,38795107
2022-03-31,5893,33181,49811298,38828288
2022-04-01,4347,25188,49815645,38853476
2022-04-02,4493,23274,49820138,38876750
2022-04-03,1049,4500,49821187,38881250
2022-04-04,3656,21537,49824843,38902787
2022-04-05,3756,22931,49828599,38925718
2022-04-06,4101,21853,49832700,38947571
2022-04-07,3965,23320,49836665,38970891
2022-04-08,4692,26712,49841357,38997603
2022-04-09,4382,23885,49845739,39021488
2022-04-10,891,4614,49846630,39026102
2022-04-11,3815,22685,49850445,39048787
2022-04-12,3362,21776,49853807,39070563
2022-04-13,3565,21333,49857372,39091896
2022-04-14,3486,23786,49860858,39115682
2022-04-15,3084,20617,49863942,39136299
2022-04-16,2149,11918,49866091,39148217
2022-04-17,63,348,49866154,39148565
2022-04-18,151,650,49866305,39149215
2022-04-19,3499,21979,49869804,39171194
2022-04-20,3509,20250,49873313,39191444
2022-04-21,2847,19785,49876160,39211229
2022-04-22,2927,20702,49879087,39231931
2022-04-23,2643,16218,49881730,39248149
2022-04-24,509,2334,49882239,39250483
2022-04-25,183,1165,49882422,39251648
2022-04-26,2759,17802,49885181,39269450
2022-04-27,2374,15791,49887555,39285241
2022-04-28,2357,15558,49889912,39300799
2022-04-29,2293,14840,49892205,39315639
2022-04-30,2123,11580,49894328,39327219
2022-05-01,113,531,49894441,39327750
2022-05-02,1450,9391,49895891,39337141
2022-05-03,1575,10318,49897466,39347459
2022-05-04,1746,10264,49899212,39357723
2022-05-05,1653,10284,49900865,39368007
2022-05-06,1700,10955,49902565,39378962
2022-05-07,1431,8565,49903996,39387527
2022-05-08,416,1519,49904412,39389046
2022-05-09,1027,8926,49905439,39397972
2022-05-10,1422,9544,49906861,39407516
2022-05-11,1483,10096,49908344,39417612
2022-05-12,1370,10131,49909714,39427743
2022-05-13,1594,10516,49911308,39438259
2022-05-14,1357,8234,49912665,39446493
2022-05-15,336,1131,49913001,39447624
2022-05-16,813,8405,49913814,39456029
2022-05-17,1243,8696,49915057,39464725
2022-05-18,1374,9229,49916431,39473954
2022-05-19,1500,9276,49917931,39483230
2022-05-20,1421,9514,49919352,39492744
2022-05-21,1300,7899,49920652,39500643
2022-05-22,231,1013,49920883,39501656
2022-05-23,830,8267,49921713,39509923
2022-05-24,1073,8672,49922786,39518595
2022-05-25,1369,9459,49924155,39528054
2022-05-26,1195,9470,49925350,39537524
2022-05-27,1232,9912,49926582,39547436
2022-05-28,1205,7884,49927787,39555320
2022-05-29,286,1266,49928073,39556586
2022-05-30,930,8053,49929003,39564639
2022-05-31,1035,8544,49930038,39573183
2022-06-01,890,7655,49930928,39580838
2022-06-02,35,474,49930963,39581312
2022-06-03,818,7331,49931781,39588643
2022-06-04,870,5162,49932651,39593805
2022-06-05,89,586,49932740,39594391
2022-06-06,678,6990,49933418,39601381
2022-06-07,951,7847,49934369,39609228
2022-06-08,982,7908,49935351,39617136
2022-06-09,1037,8412,49936388,39625548
2022-06-10,958,8564,49937346,39634112
2022-06-11,903,6206,49938249,39640318
2022-06-12,140,768,49938389,39641086
2022-06-13,602,6301,49938991,39647387
2022-06-14,827,7896,49939818,39655283
2022-06-15,954,7850,49940772,39663133
2022-06-16,730,7393,49941502,39670526
2022-06-17,722,7243,49942224,39677769
2022-06-18,777,5593,49943001,39683362
2022-06-19,47,522,49943048,39683884
2022-06-20,587,6698,49943635,39690582
2022-06-21,736,7659,49944371,39698241
2022-06-22,780,7308,49945151,39705549
2022-06-23,651,7465,49945802,39713014
2022-06-24,643,7474,49946445,39720488
2022-06-25,835,6534,49947280,39727022
2022-06-26,128,523,49947408,39727545
2022-06-27,532,7123,49947940,39734668
2022-06-28,745,8206,49948685,39742874
2022-06-29,756,7727,49949441,39750601
2022-06-30,746,8143,49950187,39758744
2022-07-01,576,6443,49950763,39765187
2022-07-02,536,4769,49951299,39769956
2022-07-03,49,456,49951348,39770412
2022-07-04,469,6277,49951817,39776689
2022-07-05,628,8117,49952445,39784806
2022-07-06,633,7610,49953078,39792416
2022-07-07,571,8269,49953649,39800685
2022-07-08,671,8080,49954320,39808765
2022-07-09,550,6104,49954870,39814869
2022-07-10,58,533,49954928,39815402
2022-07-11,487,7641,49955415,39823043
2022-07-12,667,9027,49956082,39832070
2022-07-13,641,10067,49956723,39842137
2022-07-14,636,10224,49957359,39852361
2022-07-15,625,10666,49957984,39863027
2022-07-16,522,7214,49958506,39870241
2022-07-17,48,770,49958554,39871011
2022-07-18,497,9368,49959051,39880379
2022-07-19,573,10682,49959624,39891061
2022-07-20,579,11272,49960203,39902333
2022-07-21,627,12086,49960830,39914419
2022-07-22,583,11256,49961413,39925675
2022-07-23,379,6771,49961792,39932446
2022-07-24,76,857,49961868,39933303
2022-07-25,503,9052,49962371,39942355
2022-07-26,521,9758,49962892,39952113
2022-07-27,550,10199,49963442,39962312
2022-07-28,530,10528,49963972,39972840
2022-07-29,510,9465,49964482,39982305
2022-07-30,382,5882,49964864,39988187
2022-07-31,49,764,49964913,39988951
2022-08-01,386,6864,49965299,39995815
2022-08-02,540,7583,49965839,40003398
2022-08-03,513,7174,49966352,40010572
2022-08-04,454,7489,49966806,40018061
2022-08-05,420,6521,49967226,40024582
2022-08-06,298,3611,49967524,40028193
2022-08-07,44,562,49967568,40028755
2022-08-08,401,4893,49967969,40033648
2022-08-09,382,5306,49968351,40038954
2022-08-10,381,4815,49968732,40043769
2022-08-11,366,4777,49969098,40048546
2022-08-12,292,3721,49969390,40052267
2022-08-13,143,1600,49969533,40053867
2022-08-14,9,129,49969542,40053996
2022-08-15,1,26,49969543,40054022
2022-08-16,283,3043,49969826,40057065
2022-08-17,352,3536,49970178,40060601
2022-08-18,390,4159,49970568,40064760
2022-08-19,341,3317,49970909,40068077
2022-08-20,183,1714,49971092,40069791
2022-08-21,24,149,49971116,40069940
2022-08-22,329,2950,49971445,40072890
2022-08-23,370,3672,49971815,40076562
2022-08-24,383,3359,49972198,40079921
2022-08-25,421,3773,49972619,40083694
2022-08-26,397,3570,49973016,40087264
2022-08-27,236,1769,49973252,40089033
2022-08-28,29,267,49973281,40089300
2022-08-29,354,3161,49973635,40092461
2022-08-30,403,3669,49974038,40096130
2022-08-31,436,3734,49974474,40099864
2022-09-01,352,3118,49974826,40102982
2022-09-02,296,2890,49975122,40105872
2022-09-03,199,1688,49975321,40107560
2022-09-04,23,149,49975344,40107709
2022-09-05,186,2653,49975530,40110362
2022-09-06,302,2988,49975832,40113350
2022-09-07,540,2935,49976372,40116285
2022-09-08,289,2956,49976661,40119241
2022-09-09,303,2885,49976964,40122126
2022-09-10,227,1326,49977191,40123452
2022-09-11,21,124,49977212,40123576
2022-09-12,267,2262,49977479,40125838
2022-09-13,250,2274,49977729,40128112
2022-09-14,263,2563,49977992,40130675
2022-09-15,279,2491,49978271,40133166
2022-09-16,253,2540,49978524,40135706
2022-09-17,239,1339,49978763,40137045
2022-09-18,20,170,49978783,40137215
2022-09-19,205,1969,49978988,40139184
2022-09-20,236,2383,49979224,40141567
2022-09-21,289,2524,49979513,40144091
2022-09-22,260,2644,49979773,40146735
2022-09-23,256,2528,49980029,40149263
2022-09-24,193,1427,49980222,40150690
2022-09-25,28,133,49980250,40150823
2022-09-26,281,2246,49980531,40153069
2022-09-27,286,2669,49980817,40155738
2022-09-28,309,2885,49981126,40158623
2022-09-29,252,3040,49981378,40161663
2022-09-30,289,2970,49981667,40164633
2022-10-01,193,1509,49981860,40166142
2022-10-02,11,187,49981871,40166329
2022-10-03,181,2468,49982052,40168797
2022-10-04,234,2854,49982286,40171651
2022-10-05,223,3212,49982509,40174863
2022-10-06,241,3826,49982750,40178689
2022-10-07,281,4155,49983031,40182844
2022-10-08,199,2233,49983230,40185077
2022-10-09,8,304,49983238,40185381
2022-10-10,206,3336,49983444,40188717
2022-10-11,191,4332,49983635,40193049
2022-10-12,206,4406,49983841,40197455
2022-10-13,196,5272,49984037,40202727
2022-10-14,228,4987,49984265,40207714
2022-10-15,185,2607,49984450,40210321
2022-10-16,6,357,49984456,40210678
2022-10-17,185,3838,49984641,40214516
2022-10-18,254,4935,49984895,40219451
2022-10-19,234,5386,49985129,40224837
2022-10-20,217,5877,49985346,40230714
2022-10-21,228,5220,49985574,40235934
2022-10-22,194,2848,49985768,40238782
2022-10-23,13,355,49985781,40239137
2022-10-24,167,3763,49985948,40242900
2022-10-25,239,4634,49986187,40247534
2022-10-26,150,2513,49986337,40250047