data_somministrazione,vaccinazioni,booster,cum_vaccinazioni,cum_booster
2020-12-27,20,0,20,0
2020-12-28,2,0,22,0
2020-12-29,1,0,23,0
2020-12-30,6,0,29,0
2020-12-31,66,0,95,0
2021-01-01,22,0,117,0
2021-01-02,105,0,222,0
2021-01-03,75,0,297,0
2021-01-04,198,0,495,0
2021-01-05,234,0,729,0
2021-01-06,192,0,921,0
2021-01-07,286,0,1207,0
2021-01-08,331,0,1538,0
2021-01-09,242,0,1780,0
2021-01-10,144,0,1924,0
2021-01-11,267,0,2191,0
2021-01-12,265,0,2456,0
2021-01-13,384,0,2840,0
2021-01-14,472,0,3312,0
2021-01-15,293,0,3605,0
2021-01-16,203,0,3808,0
2021-01-17,3058,0,6866,0
2021-01-18,5209,0,12075,0
2021-01-19,1891,0,13966,0
2021-01-20,4653,0,18619,0
2021-01-21,19999,0,38618,0
2021-01-22,14200,0,52818,0
2021-01-23,33331,0,86149,0
2021-01-24,30791,0,116940,0
2021-01-25,64731,0,181671,0
2021-01-26,76502,0,258173,0
2021-01-27,64840,0,323013,0
2021-01-28,89296,0,412309,0
2021-01-29,94029,0,506338,0
2021-01-30,86572,0,592910,0
2021-01-31,57339,0,650249,0
2021-02-01,81875,0,732124,0
2021-02-02,82146,0,814270,0
2021-02-03,91195,0,905465,0
2021-02-04,95402,0,1000867,0
2021-02-05,90280,0,1091147,0
2021-02-06,63450,0,1154597,0
2021-02-07,32926,0,1187523,0
2021-02-08,40429,0,1227952,0
2021-02-09,32865,0,1260817,0
2021-02-10,28422,0,1289239,0
2021-02-11,20391,0,1309630,0
2021-02-12,16227,0,1325857,0
2021-02-13,7253,0,1333110,0
2021-02-14,2861,0,1335971,0
2021-02-15,6837,0,1342808,0
2021-02-16,6992,0,1349800,0
2021-02-17,10519,0,1360319,0
2021-02-18,9246,0,1369565,0
2021-02-19,8239,0,1377804,0
2021-02-20,5542,0,1383346,0
2021-02-21,2986,0,1386332,0
2021-02-22,6882,0,1393214,0
2021-02-23,7163,0,1400377,0
2021-02-24,9825,0,1410202,0
2021-02-25,14201,0,1424403,0
2021-02-26,17551,0,1441954,0
2021-02-27,13902,0,1455856,0
2021-02-28,9387,0,1465243,0
2021-03-01,26509,0,1491752,0
2021-03-02,33239,0,1524991,0
2021-03-03,44643,0,1569634,0
2021-03-04,50289,0,1619923,0
2021-03-05,55735,0,1675658,0
2021-03-06,41876,0,1717534,0
2021-03-07,22324,0,1739858,0
2021-03-08,50795,0,1790653,0
2021-03-09,53059,0,1843712,0
2021-03-10,58628,0,1902340,0
2021-03-11,63841,0,1966181,0
2021-03-12,65099,0,2031280,0
2021-03-13,51707,0,2082987,0
2021-03-14,35385,0,2118372,0
2021-03-15,73424,0,2191796,0
2021-03-16,74023,0,2265819,0
2021-03-17,83130,0,2348949,0
2021-03-18,81622,0,2430571,0
2021-03-19,81080,0,2511651,0
2021-03-20,64710,0,2576361,0
2021-03-21,47287,0,2623648,0
2021-03-22,69472,0,2693120,0
2021-03-23,75778,0,2768898,0
2021-03-24,90887,0,2859785,0
2021-03-25,89786,0,2949571,0
2021-03-26,83601,0,3033172,0
2021-03-27,71918,0,3105090,0
2021-03-28,44129,0,3149219,0
2021-03-29,70807,0,3220026,0
2021-03-30,81363,0,3301389,0
2021-03-31,96217,0,3397606,0
2021-04-01,95294,0,3492900,0
2021-04-02,84066,0,3576966,0
2021-04-03,64294,0,3641260,0
2021-04-04,21717,0,3662977,0
2021-04-05,40297,0,3703274,0
2021-04-06,81300,0,3784574,0
2021-04-07,95808,0,3880382,0
2021-04-08,95229,0,3975611,0
2021-04-09,88480,0,4064091,0
2021-04-10,74028,0,4138119,0
2021-04-11,44753,0,4182872,0
2021-04-12,66909,0,4249781,0
2021-04-13,72562,0,4322343,0
2021-04-14,85519,0,4407862,0
2021-04-15,105401,0,4513263,0
2021-04-16,106410,0,4619673,0
2021-04-17,90492,0,4710165,0
2021-04-18,58584,0,4768749,0
2021-04-19,93424,0,4862173,0
2021-04-20,103762,0,4965935,0
2021-04-21,125329,0,5091264,0
2021-04-22,143502,0,5234766,0
2021-04-23,138718,0,5373484,0
2021-04-24,124436,0,5497920,0
2021-04-25,61452,0,5559372,0
2021-04-26,97875,0,5657247,0
2021-04-27,128348,0,5785595,0
2021-04-28,156352,0,5941947,0
2021-04-29,195578,0,6137525,0
2021-04-30,214558,0,6352083,0
2021-05-01,174090,0,6526173,0
2021-05-02,135790,0,6661963,0
2021-05-03,142001,0,6803964,0
2021-05-04,158674,0,6962638,0
2021-05-05,170473,0,7133111,0
2021-05-06,197791,0,7330902,0
2021-05-07,213803,0,7544705,0
2021-05-08,213382,0,7758087,0
2021-05-09,143193,0,7901280,0
2021-05-10,165082,0,8066362,0
2021-05-11,174958,0,8241320,0
2021-05-12,179151,0,8420471,0
2021-05-13,203358,0,8623829,0
2021-05-14,222894,0,8846723,0
2021-05-15,210337,0,9057060,0
2021-05-16,159263,0,9216323,0
2021-05-17,219178,0,9435501,0
2021-05-18,213002,0,9648503,0
2021-05-19,207068,0,9855571,0
2021-05-20,270834,0,10126405,0
2021-05-21,270862,0,10397267,0
2021-05-22,245517,0,10642784,0
2021-05-23,197173,0,10839957,0
2021-05-24,228290,0,11068247,0
2021-05-25,245686,0,11313933,0
2021-05-26,277477,0,11591410,0
2021-05-27,311075,0,11902485,0
2021-05-28,299561,0,12202046,0
2021-05-29,231192,0,12433238,0
2021-05-30,170825,0,12604063,0
2021-05-31,216410,0,12820473,0
2021-06-01,207630,0,13028103,0
2021-06-02,115768,0,13143871,0
2021-06-03,180109,0,13323980,0
2021-06-04,184853,0,13508833,0
2021-06-05,185928,0,13694761,0
2021-06-06,139511,0,13834272,0
2021-06-07,161840,0,13996112,0
2021-06-08,171165,0,14167277,0
2021-06-09,171437,0,14338714,0
2021-06-10,174042,0,14512756,0
2021-06-11,169934,0,14682690,0
2021-06-12,128305,0,14810995,0
2021-06-13,91138,0,14902133,0
2021-06-14,214640,0,15116773,0
2021-06-15,228384,0,15345157,0
2021-06-16,253036,0,15598193,0
2021-06-17,301695,0,15899888,0
2021-06-18,306260,0,16206148,0
2021-06-19,275054,0,16481202,0
2021-06-20,220731,0,16701933,0
2021-06-21,288035,0,16989968,0
2021-06-22,296179,0,17286147,0
2021-06-23,302662,0,17588809,0
2021-06-24,332552,0,17921361,0
2021-06-25,348691,0,18270052,0
2021-06-26,300080,0,18570132,0
2021-06-27,228615,0,18798747,0
2021-06-28,307036,0,19105783,0
2021-06-29,329240,0,19435023,0
2021-06-30,342108,0,19777131,0
2021-07-01,363157,0,20140288,0
2021-07-02,368430,0,20508718,0
2021-07-03,371066,0,20879784,0
2021-07-04,283195,0,21162979,0
2021-07-05,384500,0,21547479,0
2021-07-06,385431,0,21932910,0
2021-07-07,412066,0,22344976,0
2021-07-08,479621,0,22824597,0
2021-07-09,498481,0,23323078,0
2021-07-10,475180,0,23798258,0
2021-07-11,357705,0,24155963,0
2021-07-12,485908,0,24641871,0
2021-07-13,492144,0,25134015,0
2021-07-14,480477,0,25614492,0
2021-07-15,523487,0,26137979,0
2021-07-16,509787,0,26647766,0
2021-07-17,464369,0,27112135,0
2021-07-18,364698,0,27476833,0
2021-07-19,463070,0,27939903,0
2021-07-20,458086,0,28397989,0
2021-07-21,462817,0,28860806,0
2021-07-22,475400,0,29336206,0
2021-07-23,441310,0,29777516,0
2021-07-24,386197,0,30163713,0
2021-07-25,287597,0,30451310,0
2021-07-26,430891,0,30882201,0
2021-07-27,440131,0,31322332,0
2021-07-28,391018,0,31713350,0
2021-07-29,372085,0,32085435,0
2021-07-30,341518,0,32426953,0
2021-07-31,287022,0,32713975,0
2021-08-01,191021,0,32904996,0
2021-08-02,333729,0,33238725,0
2021-08-03,323184,0,33561909,0
2021-08-04,310977,0,33872886,0
2021-08-05,292510,0,34165396,0
2021-08-06,260012,0,34425408,0
2021-08-07,199050,0,34624458,0
2021-08-08,153107,0,34777565,0
2021-08-09,234082,0,35011647,0
2021-08-10,205248,0,35216895,0
2021-08-11,193764,0,35410659,0
2021-08-12,167980,0,35578639,0
2021-08-13,148600,0,35727239,0
2021-08-14,66089,0,35793328,0
2021-08-15,26334,0,35819662,0
2021-08-16,114674,0,35934336,0
2021-08-17,129239,0,36063575,0
2021-08-18,128736,0,36192311,0
2021-08-19,124790,0,36317101,0
2021-08-20,123794,0,36440895,0
2021-08-21,83118,0,36524013,0
2021-08-22,68166,0,36592179,0
2021-08-23,176872,0,36769051,0
2021-08-24,156909,0,36925960,0
2021-08-25,177169,0,37103129,0
2021-08-26,172351,0,37275480,0
2021-08-27,185841,0,37461321,0
2021-08-28,140268,0,37601589,0
2021-08-29,98999,0,37700588,0
2021-08-30,209632,0,37910220,0
2021-08-31,194631,0,38104851,0
2021-09-01,192215,0,38297066,0
2021-09-02,189940,0,38487006,0
2021-09-03,191339,0,38678345,0
2021-09-04,131480,0,38809825,0
2021-09-05,87867,0,38897692,0
2021-09-06,193660,0,39091352,0
2021-09-07,196064,0,39287416,0
2021-09-08,187907,0,39475323,0
2021-09-09,201474,0,39676797,0
2021-09-10,198109,0,39874906,0
2021-09-11,141327,0,40016233,0
2021-09-12,89601,0,40105834,0
2021-09-13,191165,552,40296999,552
2021-09-14,177266,573,40474265,1125
2021-09-15,163127,578,40637392,1703
2021-09-16,160100,921,40797492,2624
2021-09-17,150176,1113,40947668,3737
2021-09-18,127981,733,41075649,4470
2021-09-19,81130,491,41156779,4961
2021-09-20,180076,9073,41336855,14034
2021-09-21,166634,8830,41503489,22864
2021-09-22,159080,9432,41662569,32296
2021-09-23,138085,9320,41800654,41616
2021-09-24,140543,8949,41941197,50565
2021-09-25,119555,5633,42060752,56198
2021-09-26,71956,4338,42132708,60536
2021-09-27,135635,10045,42268343,70581
2021-09-28,117494,11381,42385837,81962
2021-09-29,112335,11825,42498172,93787
2021-09-30,110232,14944,42608404,108731
2021-10-01,94975,19105,42703379,127836
2021-10-02,78485,14011,42781864,141847
2021-10-03,47736,7656,42829600,149503
2021-10-04,88376,34442,42917976,183945
2021-10-05,80367,33969,42998343,217914
2021-10-06,71982,34159,43070325,252073
2021-10-07,71852,34346,43142177,286419
2021-10-08,80627,33589,43222804,320008
2021-10-09,76103,22169,43298907,342177
2021-10-10,45774,13614,43344681,355791
2021-10-11,87417,41101,43432098,396892
2021-10-12,84493,46895,43516591,443787
2021-10-13,88190,52113,43604781,495900
2021-10-14,91528,58506,43696309,554406
2021-10-15,93589,55623,43789898,610029
2021-10-16,82966,36780,43872864,646809
2021-10-17,51463,23826,43924327,670635
2021-10-18,90290,59482,44014617,730117
2021-10-19,78348,69370,44092965,799487
2021-10-20,75077,78161,44168042,877648
2021-10-21,78300,81750,44246342,959398
2021-10-22,73792,77018,44320134,1036416
2021-10-23,60815,51952,44380949,1088368
2021-10-24,33378,23453,44414327,1111821
2021-10-25,64905,81622,44479232,1193443
2021-10-26,58374,91776,44537606,1285219
2021-10-27,58331,103967,44595937,1389186
2021-10-28,61467,114099,44657404,1503285
2021-10-29,61661,103111,44719065,1606396
2021-10-30,50671,68113,44769736,1674509
2021-10-31,25164,28288,44794900,1702797
2021-11-01,19046,28148,44813946,1730945
2021-11-02,62768,89370,44876714,1820315
2021-11-03,60740,118656,44937454,1938971
2021-11-04,59244,126660,44996698,2065631
2021-11-05,63094,135169,45059792,2200800
2021-11-06,46474,90922,45106266,2291722
2021-11-07,22254,37893,45128520,2329615
2021-11-08,51529,131260,45180049,2460875
2021-11-09,45402,144197,45225451,2605072
2021-11-10,42580,156344,45268031,2761416
2021-11-11,44936,155136,45312967,2916552
2021-11-12,46374,158573,45359341,3075125
2021-11-13,33253,116649,45392594,3191774
2021-11-14,14480,52446,45407074,3244220
2021-11-15,36895,157424,45443969,3401644
2021-11-16,30545,171375,45474514,3573019
2021-11-17,28449,178434,45502963,3751453
2021-11-18,30281,193714,45533244,3945167
2021-11-19,28800,205849,45562044,4151016
2021-11-20,20993,156434,45583037,4307450
2021-11-21,10612,64855,45593649,4372305
2021-11-22,21936,213138,45615585,4585443
2021-11-23,23565,241740,45639150,4827183
2021-11-24,27838,270946,45666988,5098129
2021-11-25,23234,301899,45690222,5400028
2021-11-26,24578,318266,45714800,5718294
2021-11-27,21380,266151,45736180,5984445
2021-11-28,9896,137056,45746076,6121501
2021-11-29,22319,326061,45768395,6447562
2021-11-30,23081,365820,45791476,6813382
2021-12-01,21515,413499,45812991,7226881
2021-12-02,23754,440377,45836745,7667258
2021-12-03,25239,467453,45861984,8134711
2021-12-04,22355,418728,45884339,8553439
2021-12-05,11910,261330,45896249,8814769
2021-12-06,25811,457563,45922060,9272332
2021-12-07,24120,480249,45946180,9752581
2021-12-08,10001,249679,45956181,10002260
2021-12-09,31567,491917,45987748,10494177
2021-12-10,28059,517865,46015807,11012042
2021-12-11,23551,459240,46039358,11471282
2021-12-12,12300,293497,46051658,11764779
2021-12-13,26139,467622,46077797,12232401
2021-12-14,25163,494189,46102960,12726590
2021-12-15,25316,517130,46128276,13243720
2021-12-16,27869,520239,46156145,13763959
2021-12-17,29352,517162,46185497,14281121
2021-12-18,27031,468713,46212528,14749834
2021-12-19,15135,300513,46227663,15050347
2021-12-20,30613,477473,46258276,15527820
2021-12-21,30356,493380,46288632,16021200
2021-12-22,29435,484698,46318067,16505898
2021-12-23,28229,426894,46346296,16932792
2021-12-24,13111,210819,46359407,17143611
2021-12-25,2101,33052,46361508,17176663
2021-12-26,8755,159065,46370263,17335728
2021-12-27,46762,504651,46417025,17840379
2021-12-28,42430,554205,46459455,18394584
2021-12-29,34323,550626,46493778,18945210
2021-12-30,31802,499819,46525580,19445029
2021-12-31,14106,247393,46539686,19692422
2022-01-01,3493,64813,46543179,19757235
2022-01-02,22745,276717,46565924,20033952
2022-01-03,47813,520006,46613737,20553958
2022-01-04,46310,572075,46660047,21126033
2022-01-05,40693,560385,46700740,21686418
2022-01-06,23453,274482,46724193,21960900
2022-01-07,63643,554179,46787836,22515079
2022-01-08,60789,503377,46848625,23018456
2022-01-09,42783,319688,46891408,23338144
2022-01-10,61020,542276,46952428,23880420
2022-01-11,61660,586982,47014088,24467402
2022-01-12,58379,581274,47072467,25048676
2022-01-13,58549,580376,47131016,25629052
2022-01-14,46718,588563,47177734,26217615
2022-01-15,39306,569936,47217040,26787551
2022-01-16,31140,341848,47248180,27129399
2022-01-17,54726,489647,47302906,27619046
2022-01-18,58335,517010,47361241,28136056
2022-01-19,57145,502783,47418386,28638839
2022-01-20,54291,498809,47472677,29137648
2022-01-21,42026,493865,47514703,29631513
2022-01-22,31111,469594,47545814,30101107
2022-01-23,34898,275365,47580712,30376472
2022-01-24,56139,437210,47636851,30813682
2022-01-25,61521,452085,47698372,31265767
2022-01-26,58499,435817,47756871,31701584
2022-01-27,48798,432354,47805669,32133938
2022-01-28,58650,436529,47864319,32570467
2022-01-29,68068,412483,47932387,32982950
2022-01-30,50350,235966,47982737,33218916
2022-01-31,60584,356922,48043321,33575838
2022-02-01,65508,328431,48108829,33904269
2022-02-02,63150,296966,48171979,34201235
2022-02-03,60018,274513,48231997,34475748
2022-02-04,72341,268450,48304338,34744198
2022-02-05,83723,248527,48388061,34992725
2022-02-06,55268,116194,48443329,35108919
2022-02-07,65116,199930,48508445,35308849
2022-02-08,66905,186102,48575350,35494951
2022-02-09,58733,166331,48634083,35661282
2022-02-10,58534,163232,48692617,35824514
2022-02-11,62222,162451,48754839,35986965
2022-02-12,71952,152136,48826791,36139101
2022-02-13,41463,68849,48868254,36207950
2022-02-14,46665,116185,48914919,36324135
2022-02-15,48511,123477,48963430,36447612
2022-02-16,45661,106112,49009091,36553724
2022-02-17,42852,98102,49051943,36651826
2022-02-18,46596,112569,49098539,36764395
2022-02-19,52517,100328,49151056,36864723
2022-02-20,31409,40360,49182465,36905083
2022-02-21,37886,89643,49220351,36994726
2022-02-22,37210,83769,49257561,37078495
2022-02-23,33376,79404,49290937,37157899
2022-02-24,32549,78160,49323486,37236059
2022-02-25,34748,90705,49358234,37326764
2022-02-26,39145,89132,49397379,37415896
2022-02-27,22540,35855,49419919,37451751
2022-02-28,28468,81690,49448387,37533441
2022-03-01,22703,53935,49471090,37587376
2022-03-02,21988,50627,49493078,37638003
2022-03-03,22601,54941,49515679,37692944
2022-03-04,23215,62792,49538894,37755736
2022-03-05,23783,57951,49562677,37813687
2022-03-06,9471,17200,49572148,37830887
2022-03-07,15899,51390,49588047,37882277
2022-03-08,15454,48795,49603501,37931072
2022-03-09,13802,46514,49617303,37977586
2022-03-10,14033,52115,49631336,38029701
2022-03-11,15567,57251,49646903,38086952
2022-03-12,15492,56614,49662395,38143566
2022-03-13,5542,16849,49667937,38160415
2022-03-14,10518,46691,49678455,38207106
2022-03-15,10534,46892,49688989,38253998
2022-03-16,9472,41978,49698461,38295976
2022-03-17,9699,44875,49708160,38340851
2022-03-18,10151,49052,49718311,38389903
2022-03-19,9145,46532,49727456,38436435
2022-03-20,2607,11700,49730063,38448135
2022-03-21,7574,40223,49737637,38488358
2022-03-22,8441,37749,49746078,38526107
2022-03-23,7205,33697,49753283,38559804
2022-03-24,8250,38795,49761533,38598599
2022-03-25,8129,43665,49769662,38642264
2022-03-26,8120,41723,49777782,38683987
2022-03-27,2428,9683,49780210,38693670
2022-03-28,6099,35230,49786309,38728900
2022-03-29,5773,32523,49792082,38761423
2022-03-30,5556,30193,49797638,38791616
2022-03-31,5884,33175,49803522,38824791
2022-04-01,4341,25187,49807863,38849978
2022-04-02,4489,23273,49812352,38873251
2022-04-03,1048,4499,49813400,38877750
2022-04-04,3655,21530,49817055,38899280
2022-04-05,3746,22925,49820801,38922205
2022-04-06,4098,21845,49824899,38944050
2022-04-07,3956,23317,49828855,38967367
2022-04-08,4687,26710,49833542,38994077
2022-04-09,4375,23885,49837917,39017962
2022-04-10,893,4614,49838810,39022576
2022-04-11,3803,22684,49842613,39045260
2022-04-12,3356,21777,49845969,39067037
2022-04-13,3560,21334,49849529,39088371
2022-04-14,3484,23776,49853013,39112147
2022-04-15,3078,20617,49856091,39132764
2022-04-16,2149,11921,49858240,39144685
2022-04-17,63,348,49858303,39145033
2022-04-18,149,650,49858452,39145683
2022-04-19,3490,21978,49861942,39167661
2022-04-20,3500,20248,49865442,39187909
2022-04-21,2839,19781,49868281,39207690
2022-04-22,2918,20696,49871199,39228386
2022-04-23,2637,16209,49873836,39244595
2022-04-24,509,2335,49874345,39246930
2022-04-25,183,1165,49874528,39248095
2022-04-26,2760,17791,49877288,39265886
2022-04-27,2365,15784,49879653,39281670
2022-04-28,2353,15533,49882006,39297203
2022-04-29,2291,14835,49884297,39312038
2022-04-30,2121,11577,49886418,39323615
2022-05-01,113,530,49886531,39324145
2022-05-02,1443,9382,49887974,39333527
2022-05-03,1572,10309,49889546,39343836
2022-05-04,1744,10255,49891290,39354091
2022-05-05,1647,10272,49892937,39364363
2022-05-06,1694,10945,49894631,39375308
2022-05-07,1431,8563,49896062,39383871
2022-05-08,404,1514,49896466,39385385
2022-05-09,1024,8917,49897490,39394302
2022-05-10,1421,9536,49898911,39403838
2022-05-11,1479,10087,49900390,39413925
2022-05-12,1369,10119,49901759,39424044
2022-05-13,1587,10509,49903346,39434553
2022-05-14,1357,8228,49904703,39442781
2022-05-15,336,1129,49905039,39443910
2022-05-16,812,8388,49905851,39452298
2022-05-17,1241,8671,49907092,39460969
2022-05-18,1368,9216,49908460,39470185
2022-05-19,1498,9268,49909958,39479453
2022-05-20,1419,9493,49911377,39488946
2022-05-21,1299,7892,49912676,39496838
2022-05-22,231,1012,49912907,39497850
2022-05-23,826,8261,49913733,39506111
2022-05-24,1070,8665,49914803,39514776
2022-05-25,1364,9444,49916167,39524220
2022-05-26,1194,9453,49917361,39533673
2022-05-27,1225,9910,49918586,39543583
2022-05-28,1202,7873,49919788,39551456
2022-05-29,285,1264,49920073,39552720
2022-05-30,930,8026,49921003,39560746
2022-05-31,1033,8531,49922036,39569277
2022-06-01,892,7644,49922928,39576921
2022-06-02,35,474,49922963,39577395
2022-06-03,813,7327,49923776,39584722
2022-06-04,870,5155,49924646,39589877
2022-06-05,89,586,49924735,39590463
2022-06-06,672,6964,49925407,39597427
2022-06-07,930,7841,49926337,39605268
2022-06-08,982,7898,49927319,39613166
2022-06-09,1034,8400,49928353,39621566
2022-06-10,955,8550,49929308,39630116
2022-06-11,900,6207,49930208,39636323
2022-06-12,140,767,49930348,39637090
2022-06-13,603,6295,49930951,39643385
2022-06-14,826,7881,49931777,39651266
2022-06-15,950,7845,49932727,39659111
2022-06-16,728,7384,49933455,39666495
2022-06-17,719,7239,49934174,39673734
2022-06-18,777,5589,49934951,39679323
2022-06-19,47,522,49934998,39679845
2022-06-20,588,6694,49935586,39686539
2022-06-21,732,7643,49936318,39694182
2022-06-22,780,7303,49937098,39701485
2022-06-23,649,7455,49937747,39708940
2022-06-24,643,7472,49938390,39716412
2022-06-25,835,6531,49939225,39722943
2022-06-26,128,523,49939353,39723466
2022-06-27,532,7119,49939885,39730585
2022-06-28,744,8208,49940629,39738793
2022-06-29,755,7718,49941384,39746511
2022-06-30,744,8131,49942128,39754642
2022-07-01,576,6436,49942704,39761078
2022-07-02,536,4765,49943240,39765843
2022-07-03,49,456,49943289,39766299
2022-07-04,470,6269,49943759,39772568
2022-07-05,622,8107,49944381,39780675
2022-07-06,626,7594,49945007,39788269
2022-07-07,567,8252,49945574,39796521
2022-07-08,670,8077,49946244,39804598
2022-07-09,549,6104,49946793,39810702
2022-07-10,58,533,49946851,39811235
2022-07-11,485,7632,49947336,39818867
2022-07-12,662,8999,49947998,39827866
2022-07-13,637,10057,49948635,39837923
2022-07-14,632,10219,49949267,39848142
2022-07-15,620,10662,49949887,39858804
2022-07-16,521,7207,49950408,39866011
2022-07-17,48,769,49950456,39866780
2022-07-18,498,9347,49950954,39876127
2022-07-19,574,10646,49951528,39886773
2022-07-20,576,11254,49952104,39898027
2022-07-21,625,12032,49952729,39910059
2022-07-22,580,11215,49953309,39921274
2022-07-23,377,6735,49953686,39928009
2022-07-24,76,834,49953762,39928843
2022-07-25,499,9030,49954261,39937873
2022-07-26,517,9721,49954778,39947594
2022-07-27,542,10148,49955320,39957742
2022-07-28,525,10464,49955845,39968206
2022-07-29,509,9411,49956354,39977617
2022-07-30,381,5852,49956735,39983469
2022-07-31,49,745,49956784,39984214
2022-08-01,385,6819,49957169,39991033
2022-08-02,537,7508,49957706,39998541
2022-08-03,497,7128,49958203,40005669
2022-08-04,448,7407,49958651,40013076
2022-08-05,416,6471,49959067,40019547
2022-08-06,297,3579,49959364,40023126
2022-08-07,44,550,49959408,40023676
2022-08-08,392,4871,49959800,40028547
2022-08-09,383,5262,49960183,40033809
2022-08-10,371,4764,49960554,40038573
2022-08-11,362,4751,49960916,40043324
2022-08-12,284,3688,49961200,40047012
2022-08-13,141,1595,49961341,40048607
2022-08-14,9,128,49961350,40048735
2022-08-15,1,24,49961351,40048759
2022-08-16,281,3018,49961632,40051777
2022-08-17,349,3494,49961981,40055271
2022-08-18,380,4120,49962361,40059391
2022-08-19,334,3298,49962695,40062689
2022-08-20,181,1710,49962876,40064399
2022-08-21,24,146,49962900,40064545
2022-08-22,326,2923,49963226,40067468
2022-08-23,370,3634,49963596,40071102
2022-08-24,378,3289,49963974,40074391
2022-08-25,412,3670,49964386,40078061
2022-08-26,376,3492,49964762,40081553
2022-08-27,225,1742,49964987,40083295
2022-08-28,29,259,49965016,40083554
2022-08-29,349,3072,49965365,40086626
2022-08-30,395,3560,49965760,40090186
2022-08-31,399,3331,49966159,40093517