data_somministrazione,vaccinazioni,booster,cum_vaccinazioni,cum_booster
2020-12-27,22,0,22,0
2020-12-28,2,0,24,0
2020-12-29,1,0,25,0
2020-12-30,9,0,34,0
2020-12-31,86,0,120,0
2021-01-01,28,0,148,0
2021-01-02,157,0,305,0
2021-01-03,118,0,423,0
2021-01-04,260,0,683,0
2021-01-05,297,0,980,0
2021-01-06,272,0,1252,0
2021-01-07,341,0,1593,0
2021-01-08,398,0,1991,0
2021-01-09,302,0,2293,0
2021-01-10,183,0,2476,0
2021-01-11,318,0,2794,0
2021-01-12,295,0,3089,0
2021-01-13,431,0,3520,0
2021-01-14,512,0,4032,0
2021-01-15,330,0,4362,0
2021-01-16,226,0,4588,0
2021-01-17,3066,0,7654,0
2021-01-18,5227,0,12881,0
2021-01-19,1898,0,14779,0
2021-01-20,4660,0,19439,0
2021-01-21,20001,0,39440,0
2021-01-22,14244,0,53684,0
2021-01-23,33312,0,86996,0
2021-01-24,30774,0,117770,0
2021-01-25,64696,0,182466,0
2021-01-26,76459,0,258925,0
2021-01-27,64812,0,323737,0
2021-01-28,89235,0,412972,0
2021-01-29,93992,0,506964,0
2021-01-30,86534,0,593498,0
2021-01-31,57313,0,650811,0
2021-02-01,81837,0,732648,0
2021-02-02,82141,0,814789,0
2021-02-03,91105,0,905894,0
2021-02-04,95387,0,1001281,0
2021-02-05,90274,0,1091555,0
2021-02-06,63452,0,1155007,0
2021-02-07,32934,0,1187941,0
2021-02-08,40426,0,1228367,0
2021-02-09,32889,0,1261256,0
2021-02-10,28447,0,1289703,0
2021-02-11,20417,0,1310120,0
2021-02-12,16262,0,1326382,0
2021-02-13,7292,0,1333674,0
2021-02-14,2864,0,1336538,0
2021-02-15,6854,0,1343392,0
2021-02-16,7011,0,1350403,0
2021-02-17,10529,0,1360932,0
2021-02-18,9263,0,1370195,0
2021-02-19,8263,0,1378458,0
2021-02-20,5595,0,1384053,0
2021-02-21,3023,0,1387076,0
2021-02-22,6891,0,1393967,0
2021-02-23,7194,0,1401161,0
2021-02-24,9826,0,1410987,0
2021-02-25,14223,0,1425210,0
2021-02-26,17571,0,1442781,0
2021-02-27,13940,0,1456721,0
2021-02-28,9399,0,1466120,0
2021-03-01,26539,0,1492659,0
2021-03-02,33249,0,1525908,0
2021-03-03,44664,0,1570572,0
2021-03-04,50316,0,1620888,0
2021-03-05,55760,0,1676648,0
2021-03-06,41891,0,1718539,0
2021-03-07,22332,0,1740871,0
2021-03-08,50848,0,1791719,0
2021-03-09,53103,0,1844822,0
2021-03-10,58712,0,1903534,0
2021-03-11,63924,0,1967458,0
2021-03-12,65170,0,2032628,0
2021-03-13,51738,0,2084366,0
2021-03-14,35434,0,2119800,0
2021-03-15,73474,0,2193274,0
2021-03-16,74036,0,2267310,0
2021-03-17,83161,0,2350471,0
2021-03-18,81658,0,2432129,0
2021-03-19,81112,0,2513241,0
2021-03-20,64754,0,2577995,0
2021-03-21,47318,0,2625313,0
2021-03-22,69528,0,2694841,0
2021-03-23,75843,0,2770684,0
2021-03-24,90962,0,2861646,0
2021-03-25,89789,0,2951435,0
2021-03-26,83662,0,3035097,0
2021-03-27,71971,0,3107068,0
2021-03-28,44200,0,3151268,0
2021-03-29,70864,0,3222132,0
2021-03-30,81432,0,3303564,0
2021-03-31,96290,0,3399854,0
2021-04-01,95368,0,3495222,0
2021-04-02,83820,0,3579042,0
2021-04-03,64317,0,3643359,0
2021-04-04,21727,0,3665086,0
2021-04-05,40330,0,3705416,0
2021-04-06,81367,0,3786783,0
2021-04-07,95860,0,3882643,0
2021-04-08,95288,0,3977931,0
2021-04-09,88524,0,4066455,0
2021-04-10,74051,0,4140506,0
2021-04-11,44772,0,4185278,0
2021-04-12,66932,0,4252210,0
2021-04-13,72610,0,4324820,0
2021-04-14,85573,0,4410393,0
2021-04-15,105438,0,4515831,0
2021-04-16,106446,0,4622277,0
2021-04-17,90541,0,4712818,0
2021-04-18,58603,0,4771421,0
2021-04-19,93453,0,4864874,0
2021-04-20,103788,0,4968662,0
2021-04-21,125348,0,5094010,0
2021-04-22,143539,0,5237549,0
2021-04-23,138771,0,5376320,0
2021-04-24,124463,0,5500783,0
2021-04-25,61474,0,5562257,0
2021-04-26,97929,0,5660186,0
2021-04-27,128398,0,5788584,0
2021-04-28,156415,0,5944999,0
2021-04-29,195638,0,6140637,0
2021-04-30,214630,0,6355267,0
2021-05-01,174158,0,6529425,0
2021-05-02,135824,0,6665249,0
2021-05-03,142105,0,6807354,0
2021-05-04,158733,0,6966087,0
2021-05-05,170571,0,7136658,0
2021-05-06,196139,0,7332797,0
2021-05-07,212014,0,7544811,0
2021-05-08,213465,0,7758276,0
2021-05-09,143245,0,7901521,0
2021-05-10,165119,0,8066640,0
2021-05-11,175042,0,8241682,0
2021-05-12,179271,0,8420953,0
2021-05-13,203468,0,8624421,0
2021-05-14,222981,0,8847402,0
2021-05-15,210413,0,9057815,0
2021-05-16,159311,0,9217126,0
2021-05-17,218874,0,9436000,0
2021-05-18,213043,0,9649043,0
2021-05-19,207130,0,9856173,0
2021-05-20,270952,0,10127125,0
2021-05-21,270955,0,10398080,0
2021-05-22,245580,0,10643660,0
2021-05-23,197213,0,10840873,0
2021-05-24,228370,0,11069243,0
2021-05-25,245730,0,11314973,0
2021-05-26,277598,0,11592571,0
2021-05-27,311141,0,11903712,0
2021-05-28,299430,0,12203142,0
2021-05-29,231279,0,12434421,0
2021-05-30,170866,0,12605287,0
2021-05-31,216478,0,12821765,0
2021-06-01,207680,0,13029445,0
2021-06-02,115836,0,13145281,0
2021-06-03,180235,0,13325516,0
2021-06-04,184985,0,13510501,0
2021-06-05,186075,0,13696576,0
2021-06-06,139646,0,13836222,0
2021-06-07,161975,0,13998197,0
2021-06-08,171380,0,14169577,0
2021-06-09,171583,0,14341160,0
2021-06-10,174254,0,14515414,0
2021-06-11,170140,0,14685554,0
2021-06-12,128482,0,14814036,0
2021-06-13,91319,0,14905355,0
2021-06-14,214762,0,15120117,0
2021-06-15,228528,0,15348645,0
2021-06-16,253182,0,15601827,0
2021-06-17,301862,0,15903689,0
2021-06-18,306427,0,16210116,0
2021-06-19,275194,0,16485310,0
2021-06-20,220873,0,16706183,0
2021-06-21,288165,0,16994348,0
2021-06-22,296313,0,17290661,0
2021-06-23,302749,0,17593410,0
2021-06-24,332659,0,17926069,0
2021-06-25,348802,0,18274871,0
2021-06-26,300174,0,18575045,0
2021-06-27,228746,0,18803791,0
2021-06-28,307228,0,19111019,0
2021-06-29,329418,0,19440437,0
2021-06-30,342296,0,19782733,0
2021-07-01,363315,0,20146048,0
2021-07-02,368580,0,20514628,0
2021-07-03,371141,0,20885769,0
2021-07-04,283265,0,21169034,0
2021-07-05,384595,0,21553629,0
2021-07-06,385531,0,21939160,0
2021-07-07,412171,0,22351331,0
2021-07-08,478981,0,22830312,0
2021-07-09,498473,0,23328785,0
2021-07-10,475176,0,23803961,0
2021-07-11,357678,0,24161639,0
2021-07-12,485888,0,24647527,0
2021-07-13,492057,0,25139584,0
2021-07-14,480452,0,25620036,0
2021-07-15,523423,0,26143459,0
2021-07-16,509759,0,26653218,0
2021-07-17,464314,0,27117532,0
2021-07-18,364617,0,27482149,0
2021-07-19,463081,0,27945230,0
2021-07-20,458061,0,28403291,0
2021-07-21,462837,0,28866128,0
2021-07-22,475398,0,29341526,0
2021-07-23,441356,0,29782882,0
2021-07-24,386132,0,30169014,0
2021-07-25,287533,0,30456547,0
2021-07-26,430909,0,30887456,0
2021-07-27,440148,0,31327604,0
2021-07-28,391040,0,31718644,0
2021-07-29,371924,0,32090568,0
2021-07-30,341587,0,32432155,0
2021-07-31,287053,0,32719208,0
2021-08-01,190991,0,32910199,0
2021-08-02,333747,0,33243946,0
2021-08-03,323232,0,33567178,0
2021-08-04,311050,0,33878228,0
2021-08-05,292531,0,34170759,0
2021-08-06,260106,0,34430865,0
2021-08-07,199092,0,34629957,0
2021-08-08,153118,0,34783075,0
2021-08-09,234129,0,35017204,0
2021-08-10,205351,0,35222555,0
2021-08-11,193845,0,35416400,0
2021-08-12,168150,0,35584550,0
2021-08-13,148768,0,35733318,0
2021-08-14,66115,0,35799433,0
2021-08-15,26346,0,35825779,0
2021-08-16,114782,0,35940561,0
2021-08-17,129324,0,36069885,0
2021-08-18,128810,0,36198695,0
2021-08-19,124924,0,36323619,0
2021-08-20,123870,0,36447489,0
2021-08-21,83153,0,36530642,0
2021-08-22,68185,0,36598827,0
2021-08-23,176918,0,36775745,0
2021-08-24,156943,0,36932688,0
2021-08-25,177230,0,37109918,0
2021-08-26,172403,0,37282321,0
2021-08-27,185729,0,37468050,0
2021-08-28,140306,0,37608356,0
2021-08-29,99003,0,37707359,0
2021-08-30,209635,0,37916994,0
2021-08-31,194697,0,38111691,0
2021-09-01,192280,0,38303971,0
2021-09-02,189967,0,38493938,0
2021-09-03,191307,0,38685245,0
2021-09-04,131429,0,38816674,0
2021-09-05,87837,0,38904511,0
2021-09-06,193625,0,39098136,0
2021-09-07,196082,0,39294218,0
2021-09-08,187864,0,39482082,0
2021-09-09,201432,0,39683514,0
2021-09-10,197863,0,39881377,0
2021-09-11,141284,0,40022661,0
2021-09-12,89581,0,40112242,0
2021-09-13,191116,687,40303358,687
2021-09-14,177217,679,40480575,1366
2021-09-15,163099,669,40643674,2035
2021-09-16,160053,1032,40803727,3067
2021-09-17,150193,1188,40953920,4255
2021-09-18,128011,793,41081931,5048
2021-09-19,81141,518,41163072,5566
2021-09-20,180088,9158,41343160,14724
2021-09-21,166705,8876,41509865,23600
2021-09-22,159153,9472,41669018,33072
2021-09-23,138142,9368,41807160,42440
2021-09-24,140585,9027,41947745,51467
2021-09-25,119584,5687,42067329,57154
2021-09-26,72005,4373,42139334,61527
2021-09-27,135705,10112,42275039,71639
2021-09-28,117544,11452,42392583,83091
2021-09-29,112405,11875,42504988,94966
2021-09-30,110317,15005,42615305,109971
2021-10-01,95022,19151,42710327,129122
2021-10-02,78549,14051,42788876,143173
2021-10-03,47763,7675,42836639,150848
2021-10-04,88415,34505,42925054,185353
2021-10-05,80411,34037,43005465,219390
2021-10-06,72011,34235,43077476,253625
2021-10-07,71892,34390,43149368,288015
2021-10-08,80659,33645,43230027,321660
2021-10-09,76124,22207,43306151,343867
2021-10-10,45796,13634,43351947,357501
2021-10-11,87484,41154,43439431,398655
2021-10-12,84537,46957,43523968,445612
2021-10-13,88253,52191,43612221,497803
2021-10-14,91587,58572,43703808,556375
2021-10-15,93611,55710,43797419,612085
2021-10-16,82992,36842,43880411,648927
2021-10-17,51462,23870,43931873,672797
2021-10-18,90324,59552,44022197,732349
2021-10-19,78379,69443,44100576,801792
2021-10-20,75077,78245,44175653,880037
2021-10-21,78305,81864,44253958,961901
2021-10-22,73786,77114,44327744,1039015
2021-10-23,60844,51982,44388588,1090997
2021-10-24,33365,23488,44421953,1114485
2021-10-25,64928,81686,44486881,1196171
2021-10-26,58394,91878,44545275,1288049
2021-10-27,58322,104059,44603597,1392108
2021-10-28,61467,114200,44665064,1506308
2021-10-29,61626,103222,44726690,1609530
2021-10-30,50671,68166,44777361,1677696
2021-10-31,25158,28315,44802519,1706011
2021-11-01,19049,28162,44821568,1734173
2021-11-02,62766,89462,44884334,1823635
2021-11-03,60721,118735,44945055,1942370
2021-11-04,59247,126730,45004302,2069100
2021-11-05,63110,135248,45067412,2204348
2021-11-06,46491,90953,45113903,2295301
2021-11-07,22247,37909,45136150,2333210
2021-11-08,51527,131321,45187677,2464531
2021-11-09,45415,144249,45233092,2608780
2021-11-10,42600,156403,45275692,2765183
2021-11-11,44936,155216,45320628,2920399
2021-11-12,46310,158740,45366938,3079139
2021-11-13,33270,116696,45400208,3195835
2021-11-14,14489,52464,45414697,3248299
2021-11-15,36911,157474,45451608,3405773
2021-11-16,30578,171446,45482186,3577219
2021-11-17,28476,178497,45510662,3755716
2021-11-18,30311,193804,45540973,3949520
2021-11-19,28837,205919,45569810,4155439
2021-11-20,21015,156472,45590825,4311911
2021-11-21,10614,64877,45601439,4376788
2021-11-22,21963,213182,45623402,4589970
2021-11-23,23618,241845,45647020,4831815
2021-11-24,27738,270649,45674758,5102464
2021-11-25,23248,300992,45698006,5403456
2021-11-26,24609,318333,45722615,5721789
2021-11-27,21421,266198,45744036,5987987
2021-11-28,9910,137083,45753946,6125070
2021-11-29,22371,326110,45776317,6451180
2021-11-30,23129,365906,45799446,6817086
2021-12-01,21572,413583,45821018,7230669
2021-12-02,23808,440498,45844826,7671167
2021-12-03,25295,467597,45870121,8138764
2021-12-04,22402,419016,45892523,8557780
2021-12-05,11952,261520,45904475,8819300
2021-12-06,25859,457758,45930334,9277058
2021-12-07,24181,480442,45954515,9757500
2021-12-08,10036,249848,45964551,10007348
2021-12-09,31638,492012,45996189,10499360
2021-12-10,28120,517962,46024309,11017322
2021-12-11,23599,459304,46047908,11476626
2021-12-12,12326,293546,46060234,11770172
2021-12-13,26197,467694,46086431,12237866
2021-12-14,25225,494289,46111656,12732155
2021-12-15,25392,517209,46137048,13249364
2021-12-16,27952,520366,46165000,13769730
2021-12-17,29413,517272,46194413,14287002
2021-12-18,27124,468810,46221537,14755812
2021-12-19,15173,300264,46236710,15056076
2021-12-20,30690,477544,46267400,15533620
2021-12-21,30436,493499,46297836,16027119
2021-12-22,29508,484789,46327344,16511908
2021-12-23,28259,426703,46355603,16938611
2021-12-24,13135,210869,46368738,17149480
2021-12-25,2104,33053,46370842,17182533
2021-12-26,8790,159080,46379632,17341613
2021-12-27,46872,504779,46426504,17846392
2021-12-28,42526,554321,46469030,18400713
2021-12-29,34428,550737,46503458,18951450
2021-12-30,31912,499926,46535370,19451376
2021-12-31,14158,247420,46549528,19698796
2022-01-01,3503,64816,46553031,19763612
2022-01-02,22848,276742,46575879,20040354
2022-01-03,47973,520084,46623852,20560438
2022-01-04,46419,571663,46670271,21132101
2022-01-05,40887,560462,46711158,21692563
2022-01-06,23553,274496,46734711,21967059
2022-01-07,63827,554256,46798538,22521315
2022-01-08,61020,502746,46859558,23024061
2022-01-09,42993,319721,46902551,23343782
2022-01-10,61207,542370,46963758,23886152
2022-01-11,61762,586564,47025520,24472716
2022-01-12,58582,581385,47084102,25054101
2022-01-13,58646,580026,47142748,25634127
2022-01-14,46978,588663,47189726,26222790
2022-01-15,39647,570206,47229373,26792996
2022-01-16,31354,342104,47260727,27135100
2022-01-17,54881,489751,47315608,27624851
2022-01-18,58507,517117,47374115,28141968
2022-01-19,57297,502877,47431412,28644845
2022-01-20,54318,498495,47485730,29143340
2022-01-21,42208,493960,47527938,29637300
2022-01-22,31315,469135,47559253,30106435
2022-01-23,35008,275426,47594261,30381861
2022-01-24,56247,437310,47650508,30819171
2022-01-25,61525,451804,47712033,31270975
2022-01-26,58623,435879,47770656,31706854
2022-01-27,48939,432485,47819595,32139339
2022-01-28,58780,436626,47878375,32575965
2022-01-29,68227,412663,47946602,32988628
2022-01-30,50426,236093,47997028,33224721
2022-01-31,60737,356993,48057765,33581714
2022-02-01,65653,328514,48123418,33910228
2022-02-02,63263,297038,48186681,34207266
2022-02-03,60122,274579,48246803,34481845
2022-02-04,72432,268505,48319235,34750350
2022-02-05,83830,248596,48403065,34998946
2022-02-06,55314,116231,48458379,35115177
2022-02-07,65208,199968,48523587,35315145
2022-02-08,66979,186169,48590566,35501314
2022-02-09,58797,166384,48649363,35667698
2022-02-10,58619,163287,48707982,35830985
2022-02-11,62294,162510,48770276,35993495
2022-02-12,72035,152172,48842311,36145667
2022-02-13,41486,68865,48883797,36214532
2022-02-14,46719,116214,48930516,36330746
2022-02-15,48582,123499,48979098,36454245
2022-02-16,45719,106157,49024817,36560402
2022-02-17,42885,98148,49067702,36658550
2022-02-18,46645,112610,49114347,36771160
2022-02-19,52555,100356,49166902,36871516
2022-02-20,31416,40379,49198318,36911895
2022-02-21,37910,89686,49236228,37001581
2022-02-22,37236,83812,49273464,37085393
2022-02-23,33414,79429,49306878,37164822
2022-02-24,32567,78190,49339445,37243012
2022-02-25,34782,90748,49374227,37333760
2022-02-26,39170,89153,49413397,37422913
2022-02-27,22548,35861,49435945,37458774
2022-02-28,28495,81716,49464440,37540490
2022-03-01,22737,53975,49487177,37594465
2022-03-02,21943,50731,49509120,37645196
2022-03-03,22647,54957,49531767,37700153
2022-03-04,23251,62815,49555018,37762968
2022-03-05,23807,57957,49578825,37820925
2022-03-06,9472,17204,49588297,37838129
2022-03-07,15933,51411,49604230,37889540
2022-03-08,15489,48815,49619719,37938355
2022-03-09,13816,46523,49633535,37984878
2022-03-10,14060,52070,49647595,38036948
2022-03-11,15449,57196,49663044,38094144
2022-03-12,15514,56623,49678558,38150767
2022-03-13,5546,16853,49684104,38167620
2022-03-14,10532,46712,49694636,38214332
2022-03-15,10558,46918,49705194,38261250
2022-03-16,9491,41987,49714685,38303237
2022-03-17,9731,44891,49724416,38348128
2022-03-18,10168,49079,49734584,38397207
2022-03-19,9155,46552,49743739,38443759
2022-03-20,2608,11704,49746347,38455463
2022-03-21,7589,40245,49753936,38495708
2022-03-22,8450,37787,49762386,38533495
2022-03-23,7227,33707,49769613,38567202
2022-03-24,8264,38838,49777877,38606040
2022-03-25,8145,43695,49786022,38649735
2022-03-26,8128,41724,49794150,38691459
2022-03-27,2431,9685,49796581,38701144
2022-03-28,6113,35256,49802694,38736400
2022-03-29,5785,32543,49808479,38768943
2022-03-30,5569,30217,49814048,38799160
2022-03-31,5907,33205,49819955,38832365
2022-04-01,4354,25202,49824309,38857567
2022-04-02,4498,23276,49828807,38880843
2022-04-03,1049,4500,49829856,38885343
2022-04-04,3664,21555,49833520,38906898
2022-04-05,3759,22948,49837279,38929846
2022-04-06,4106,21855,49841385,38951701
2022-04-07,3973,23327,49845358,38975028
2022-04-08,4698,26728,49850056,39001756
2022-04-09,4383,23888,49854439,39025644
2022-04-10,893,4613,49855332,39030257
2022-04-11,3819,22695,49859151,39052952
2022-04-12,3364,21791,49862515,39074743
2022-04-13,3576,21347,49866091,39096090
2022-04-14,3487,23797,49869578,39119887
2022-04-15,3086,20631,49872664,39140518
2022-04-16,2153,11922,49874817,39152440
2022-04-17,63,348,49874880,39152788
2022-04-18,152,650,49875032,39153438
2022-04-19,3500,21998,49878532,39175436
2022-04-20,3513,20255,49882045,39195691
2022-04-21,2848,19800,49884893,39215491
2022-04-22,2929,20720,49887822,39236211
2022-04-23,2648,16222,49890470,39252433
2022-04-24,509,2335,49890979,39254768
2022-04-25,183,1165,49891162,39255933
2022-04-26,2762,17814,49893924,39273747
2022-04-27,2376,15798,49896300,39289545
2022-04-28,2365,15570,49898665,39305115
2022-04-29,2300,14858,49900965,39319973
2022-04-30,2123,11585,49903088,39331558
2022-05-01,113,531,49903201,39332089
2022-05-02,1451,9394,49904652,39341483
2022-05-03,1578,10332,49906230,39351815
2022-05-04,1748,10283,49907978,39362098
2022-05-05,1654,10305,49909632,39372403
2022-05-06,1702,10979,49911334,39383382
2022-05-07,1432,8575,49912766,39391957
2022-05-08,417,1527,49913183,39393484
2022-05-09,1028,8936,49914211,39402420
2022-05-10,1427,9558,49915638,39411978
2022-05-11,1486,10109,49917124,39422087
2022-05-12,1373,10139,49918497,39432226
2022-05-13,1599,10530,49920096,39442756
2022-05-14,1362,8248,49921458,39451004
2022-05-15,336,1138,49921794,39452142
2022-05-16,814,8411,49922608,39460553
2022-05-17,1244,8708,49923852,39469261
2022-05-18,1373,9256,49925225,39478517
2022-05-19,1502,9290,49926727,39487807
2022-05-20,1429,9538,49928156,39497345
2022-05-21,1302,7903,49929458,39505248
2022-05-22,231,1013,49929689,39506261
2022-05-23,830,8275,49930519,39514536
2022-05-24,1073,8675,49931592,39523211
2022-05-25,1372,9460,49932964,39532671
2022-05-26,1201,9483,49934165,39542154
2022-05-27,1235,9918,49935400,39552072
2022-05-28,1205,7890,49936605,39559962
2022-05-29,288,1265,49936893,39561227
2022-05-30,931,8063,49937824,39569290
2022-05-31,1039,8551,49938863,39577841
2022-06-01,897,7657,49939760,39585498
2022-06-02,35,474,49939795,39585972
2022-06-03,819,7334,49940614,39593306
2022-06-04,870,5162,49941484,39598468
2022-06-05,88,586,49941572,39599054
2022-06-06,679,7006,49942251,39606060
2022-06-07,952,7852,49943203,39613912
2022-06-08,981,7910,49944184,39621822
2022-06-09,1037,8421,49945221,39630243
2022-06-10,958,8564,49946179,39638807
2022-06-11,903,6206,49947082,39645013
2022-06-12,140,768,49947222,39645781
2022-06-13,603,6307,49947825,39652088
2022-06-14,833,7908,49948658,39659996
2022-06-15,960,7856,49949618,39667852
2022-06-16,734,7404,49950352,39675256
2022-06-17,724,7250,49951076,39682506
2022-06-18,779,5596,49951855,39688102
2022-06-19,49,521,49951904,39688623
2022-06-20,587,6700,49952491,39695323
2022-06-21,741,7664,49953232,39702987
2022-06-22,779,7314,49954011,39710301
2022-06-23,650,7475,49954661,39717776
2022-06-24,644,7475,49955305,39725251
2022-06-25,836,6533,49956141,39731784
2022-06-26,128,523,49956269,39732307
2022-06-27,534,7128,49956803,39739435
2022-06-28,748,8208,49957551,39747643
2022-06-29,757,7736,49958308,39755379
2022-06-30,748,8146,49959056,39763525
2022-07-01,577,6446,49959633,39769971
2022-07-02,536,4770,49960169,39774741
2022-07-03,49,456,49960218,39775197
2022-07-04,470,6279,49960688,39781476
2022-07-05,631,8122,49961319,39789598
2022-07-06,634,7611,49961953,39797209
2022-07-07,577,8277,49962530,39805486
2022-07-08,677,8086,49963207,39813572
2022-07-09,550,6105,49963757,39819677
2022-07-10,58,533,49963815,39820210
2022-07-11,493,7645,49964308,39827855
2022-07-12,669,9031,49964977,39836886
2022-07-13,645,10068,49965622,39846954
2022-07-14,638,10226,49966260,39857180
2022-07-15,627,10674,49966887,39867854
2022-07-16,523,7215,49967410,39875069
2022-07-17,48,770,49967458,39875839
2022-07-18,496,9378,49967954,39885217
2022-07-19,576,10686,49968530,39895903
2022-07-20,582,11277,49969112,39907180
2022-07-21,633,12096,49969745,39919276
2022-07-22,584,11267,49970329,39930543
2022-07-23,381,6778,49970710,39937321
2022-07-24,76,857,49970786,39938178
2022-07-25,504,9059,49971290,39947237
2022-07-26,522,9768,49971812,39957005
2022-07-27,555,10216,49972367,39967221
2022-07-28,534,10538,49972901,39977759
2022-07-29,510,9468,49973411,39987227
2022-07-30,383,5884,49973794,39993111
2022-07-31,49,764,49973843,39993875
2022-08-01,386,6866,49974229,40000741
2022-08-02,548,7594,49974777,40008335
2022-08-03,515,7185,49975292,40015520
2022-08-04,455,7495,49975747,40023015
2022-08-05,421,6530,49976168,40029545
2022-08-06,300,3613,49976468,40033158
2022-08-07,44,563,49976512,40033721
2022-08-08,403,4890,49976915,40038611
2022-08-09,381,5316,49977296,40043927
2022-08-10,385,4817,49977681,40048744
2022-08-11,370,4805,49978051,40053549
2022-08-12,295,3721,49978346,40057270
2022-08-13,143,1600,49978489,40058870
2022-08-14,9,129,49978498,40058999
2022-08-15,1,26,49978499,40059025
2022-08-16,284,3043,49978783,40062068
2022-08-17,352,3533,49979135,40065601
2022-08-18,395,4163,49979530,40069764
2022-08-19,341,3322,49979871,40073086
2022-08-20,184,1715,49980055,40074801
2022-08-21,24,149,49980079,40074950
2022-08-22,333,2952,49980412,40077902
2022-08-23,370,3674,49980782,40081576
2022-08-24,384,3363,49981166,40084939
2022-08-25,424,3774,49981590,40088713
2022-08-26,400,3586,49981990,40092299
2022-08-27,237,1770,49982227,40094069
2022-08-28,29,267,49982256,40094336
2022-08-29,354,3161,49982610,40097497
2022-08-30,406,3675,49983016,40101172
2022-08-31,438,3734,49983454,40104906
2022-09-01,353,3119,49983807,40108025
2022-09-02,298,2894,49984105,40110919
2022-09-03,200,1692,49984305,40112611
2022-09-04,24,149,49984329,40112760
2022-09-05,187,2656,49984516,40115416
2022-09-06,307,2981,49984823,40118397
2022-09-07,541,2938,49985364,40121335
2022-09-08,293,2964,49985657,40124299
2022-09-09,308,2886,49985965,40127185
2022-09-10,228,1327,49986193,40128512
2022-09-11,23,124,49986216,40128636
2022-09-12,267,2269,49986483,40130905
2022-09-13,253,2280,49986736,40133185
2022-09-14,266,2566,49987002,40135751
2022-09-15,284,2501,49987286,40138252
2022-09-16,255,2544,49987541,40140796
2022-09-17,239,1339,49987780,40142135
2022-09-18,20,170,49987800,40142305
2022-09-19,206,1973,49988006,40144278
2022-09-20,237,2392,49988243,40146670
2022-09-21,289,2527,49988532,40149197
2022-09-22,267,2663,49988799,40151860
2022-09-23,261,2547,49989060,40154407
2022-09-24,193,1427,49989253,40155834
2022-09-25,29,133,49989282,40155967
2022-09-26,281,2249,49989563,40158216
2022-09-27,287,2680,49989850,40160896
2022-09-28,310,2905,49990160,40163801
2022-09-29,257,3050,49990417,40166851
2022-09-30,292,2987,49990709,40169838
2022-10-01,196,1515,49990905,40171353
2022-10-02,12,187,49990917,40171540
2022-10-03,186,2477,49991103,40174017
2022-10-04,236,2865,49991339,40176882
2022-10-05,233,3255,49991572,40180137
2022-10-06,244,3875,49991816,40184012
2022-10-07,284,4186,49992100,40188198
2022-10-08,206,2267,49992306,40190465
2022-10-09,8,305,49992314,40190770
2022-10-10,214,3348,49992528,40194118
2022-10-11,195,4380,49992723,40198498
2022-10-12,211,4436,49992934,40202934
2022-10-13,207,5299,49993141,40208233
2022-10-14,233,5010,49993374,40213243
2022-10-15,191,2669,49993565,40215912
2022-10-16,6,360,49993571,40216272
2022-10-17,187,3873,49993758,40220145
2022-10-18,257,4960,49994015,40225105
2022-10-19,247,5478,49994262,40230583
2022-10-20,227,5997,49994489,40236580
2022-10-21,257,5478,49994746,40242058
2022-10-22,196,2911,49994942,40244969
2022-10-23,13,364,49994955,40245333
2022-10-24,171,3930,49995126,40249263
2022-10-25,256,4927,49995382,40254190
2022-10-26,350,5505,49995732,40259695
2022-10-27,240,5678,49995972,40265373
2022-10-28,202,5265,49996174,40270638
2022-10-29,128,2844,49996302,40273482
2022-10-30,3,328,49996305,40273810
2022-10-31,118,3039,49996423,40276849
2022-11-01,11,353,49996434,40277202
2022-11-02,146,3721,49996580,40280923
2022-11-03,172,4793,49996752,40285716
2022-11-04,228,4601,49996980,40290317
2022-11-05,145,2601,49997125,40292918
2022-11-06,10,261,49997135,40293179
2022-11-07,169,3227,49997304,40296406
2022-11-08,262,4257,49997566,40300663
2022-11-09,202,4336,49997768,40304999
2022-11-10,184,4603,49997952,40309602
2022-11-11,194,4234,49998146,40313836
2022-11-12,161,2378,49998307,40316214
2022-11-13,7,338,49998314,40316552
2022-11-14,150,2842,49998464,40319394
2022-11-15,204,3749,49998668,40323143
2022-11-16,217,4001,49998885,40327144
2022-11-17,195,4112,49999080,40331256
2022-11-18,252,4050,49999332,40335306
2022-11-19,112,2087,49999444,40337393
2022-11-20,24,317,49999468,40337710
2022-11-21,119,2623,49999587,40340333
2022-11-22,140,3224,49999727,40343557
2022-11-23,191,3635,49999918,40347192
2022-11-24,158,3846,50000076,40351038
2022-11-25,184,3781,50000260,40354819
2022-11-26,134,2096,50000394,40356915
2022-11-27,22,356,50000416,40357271
2022-11-28,182,2691,50000598,40359962
2022-11-29,257,3234,50000855,40363196
2022-11-30,182,3738,50001037,40366934
2022-12-01,151,3635,50001188,40370569
2022-12-02,161,3532,50001349,40374101
2022-12-03,106,1999,50001455,40376100
2022-12-04,5,290,50001460,40376390
2022-12-05,129,2861,50001589,40379251
2022-12-06,177,3658,50001766,40382909
2022-12-07,136,3134,50001902,40386043
2022-12-08,8,169,50001910,40386212
2022-12-09,165,3036,50002075,40389248
2022-12-10,71,1602,50002146,40390850
2022-12-11,7,193,50002153,40391043
2022-12-12,172,2534,50002325,40393577
2022-12-13,251,3052,50002576,40396629
2022-12-14,232,3238,50002808,40399867
2022-12-15,207,3296,50003015,40403163
2022-12-16,163,3218,50003178,40406381
2022-12-17,95,1691,50003273,40408072
2022-12-18,10,270,50003283,40408342
2022-12-19,149,2170,50003432,40410512
2022-12-20,212,2532,50003644,40413044
2022-12-21,160,2252,50003804,40415296
2022-12-22,140,1876,50003944,40417172
2022-12-23,153,1222,50004097,40418394
2022-12-24,32,162,50004129,40418556
2022-12-25,0,6,50004129,40418562
2022-12-26,6,42,50004135,40418604
2022-12-27,133,1555,50004268,40420159
2022-12-28,138,1780,50004406,40421939
2022-12-29,92,1709,50004498,40423648
2022-12-30,116,1614,50004614,40425262
2022-12-31,21,273,50004635,40425535
2023-01-01,0,6,50004635,40425541
2023-01-02,48,1128,50004683,40426669
2023-01-03,99,1900,50004782,40428569
2023-01-04,111,2009,50004893,40430578
2023-01-05,99,1913,50004992,40432491
2023-01-06,0,70,50004992,40432561
2023-01-07,53,687,50005045,40433248
2023-01-08,2,97,50005047,40433345
2023-01-09,129,1430,50005176,40434775
2023-01-10,128,1785,50005304,40436560
2023-01-11,118,1770,50005422,40438330
2023-01-12,115,2006,50005537,40440336
2023-01-13,107,1889,50005644,40442225
2023-01-14,65,952,50005709,40443177
2023-01-15,1,67,50005710,40443244
2023-01-16,37,1153,50005747,40444397
2023-01-17,109,1300,50005856,40445697
2023-01-18,80,1406,50005936,40447103
2023-01-19,109,1580,50006045,40448683
2023-01-20,148,1389,50006193,40450072
2023-01-21,46,633,50006239,40450705
2023-01-22,2,57,50006241,40450762
2023-01-23,74,764,50006315,40451526
2023-01-24,69,598,50006384,40452124