data_somministrazione,vaccinazioni,booster,cum_vaccinazioni,cum_booster
2020-12-27,18,0,18,0
2020-12-28,2,0,20,0
2020-12-29,1,0,21,0
2020-12-30,6,0,27,0
2020-12-31,55,0,82,0
2021-01-01,21,0,103,0
2021-01-02,94,0,197,0
2021-01-03,71,0,268,0
2021-01-04,186,0,454,0
2021-01-05,227,0,681,0
2021-01-06,179,0,860,0
2021-01-07,269,0,1129,0
2021-01-08,316,0,1445,0
2021-01-09,235,0,1680,0
2021-01-10,139,0,1819,0
2021-01-11,258,0,2077,0
2021-01-12,259,0,2336,0
2021-01-13,375,0,2711,0
2021-01-14,463,0,3174,0
2021-01-15,286,0,3460,0
2021-01-16,200,0,3660,0
2021-01-17,3055,0,6715,0
2021-01-18,5206,0,11921,0
2021-01-19,1890,0,13811,0
2021-01-20,4651,0,18462,0
2021-01-21,20007,0,38469,0
2021-01-22,14201,0,52670,0
2021-01-23,33339,0,86009,0
2021-01-24,30794,0,116803,0
2021-01-25,64744,0,181547,0
2021-01-26,76504,0,258051,0
2021-01-27,64851,0,322902,0
2021-01-28,89311,0,412213,0
2021-01-29,94044,0,506257,0
2021-01-30,86583,0,592840,0
2021-01-31,57344,0,650184,0
2021-02-01,81880,0,732064,0
2021-02-02,82150,0,814214,0
2021-02-03,91199,0,905413,0
2021-02-04,95405,0,1000818,0
2021-02-05,90290,0,1091108,0
2021-02-06,63451,0,1154559,0
2021-02-07,32925,0,1187484,0
2021-02-08,40432,0,1227916,0
2021-02-09,32864,0,1260780,0
2021-02-10,28416,0,1289196,0
2021-02-11,20382,0,1309578,0
2021-02-12,16221,0,1325799,0
2021-02-13,7245,0,1333044,0
2021-02-14,2861,0,1335905,0
2021-02-15,6836,0,1342741,0
2021-02-16,6991,0,1349732,0
2021-02-17,10518,0,1360250,0
2021-02-18,9243,0,1369493,0
2021-02-19,8234,0,1377727,0
2021-02-20,5533,0,1383260,0
2021-02-21,2977,0,1386237,0
2021-02-22,6877,0,1393114,0
2021-02-23,7154,0,1400268,0
2021-02-24,9822,0,1410090,0
2021-02-25,14199,0,1424289,0
2021-02-26,17548,0,1441837,0
2021-02-27,13894,0,1455731,0
2021-02-28,9384,0,1465115,0
2021-03-01,26505,0,1491620,0
2021-03-02,33231,0,1524851,0
2021-03-03,44642,0,1569493,0
2021-03-04,50288,0,1619781,0
2021-03-05,55734,0,1675515,0
2021-03-06,41873,0,1717388,0
2021-03-07,22320,0,1739708,0
2021-03-08,50787,0,1790495,0
2021-03-09,53056,0,1843551,0
2021-03-10,58619,0,1902170,0
2021-03-11,63825,0,1965995,0
2021-03-12,65089,0,2031084,0
2021-03-13,51698,0,2082782,0
2021-03-14,35383,0,2118165,0
2021-03-15,73421,0,2191586,0
2021-03-16,74022,0,2265608,0
2021-03-17,83128,0,2348736,0
2021-03-18,81619,0,2430355,0
2021-03-19,81077,0,2511432,0
2021-03-20,64700,0,2576132,0
2021-03-21,47285,0,2623417,0
2021-03-22,69467,0,2692884,0
2021-03-23,75776,0,2768660,0
2021-03-24,90879,0,2859539,0
2021-03-25,89778,0,2949317,0
2021-03-26,83600,0,3032917,0
2021-03-27,71907,0,3104824,0
2021-03-28,44118,0,3148942,0
2021-03-29,70797,0,3219739,0
2021-03-30,81348,0,3301087,0
2021-03-31,96204,0,3397291,0
2021-04-01,95287,0,3492578,0
2021-04-02,84062,0,3576640,0
2021-04-03,64294,0,3640934,0
2021-04-04,21715,0,3662649,0
2021-04-05,40294,0,3702943,0
2021-04-06,81290,0,3784233,0
2021-04-07,95794,0,3880027,0
2021-04-08,95219,0,3975246,0
2021-04-09,88470,0,4063716,0
2021-04-10,74019,0,4137735,0
2021-04-11,44744,0,4182479,0
2021-04-12,66901,0,4249380,0
2021-04-13,72553,0,4321933,0
2021-04-14,85515,0,4407448,0
2021-04-15,105396,0,4512844,0
2021-04-16,106403,0,4619247,0
2021-04-17,90481,0,4709728,0
2021-04-18,58580,0,4768308,0
2021-04-19,93426,0,4861734,0
2021-04-20,103759,0,4965493,0
2021-04-21,125323,0,5090816,0
2021-04-22,143501,0,5234317,0
2021-04-23,138706,0,5373023,0
2021-04-24,124428,0,5497451,0
2021-04-25,61450,0,5558901,0
2021-04-26,97873,0,5656774,0
2021-04-27,128347,0,5785121,0
2021-04-28,156346,0,5941467,0
2021-04-29,195570,0,6137037,0
2021-04-30,214550,0,6351587,0
2021-05-01,174084,0,6525671,0
2021-05-02,135786,0,6661457,0
2021-05-03,141994,0,6803451,0
2021-05-04,158677,0,6962128,0
2021-05-05,170462,0,7132590,0
2021-05-06,197785,0,7330375,0
2021-05-07,213797,0,7544172,0
2021-05-08,213371,0,7757543,0
2021-05-09,143188,0,7900731,0
2021-05-10,165067,0,8065798,0
2021-05-11,174944,0,8240742,0
2021-05-12,179128,0,8419870,0
2021-05-13,203342,0,8623212,0
2021-05-14,222884,0,8846096,0
2021-05-15,210326,0,9056422,0
2021-05-16,159252,0,9215674,0
2021-05-17,219174,0,9434848,0
2021-05-18,212991,0,9647839,0
2021-05-19,207053,0,9854892,0
2021-05-20,270831,0,10125723,0
2021-05-21,270849,0,10396572,0
2021-05-22,245509,0,10642081,0
2021-05-23,197169,0,10839250,0
2021-05-24,228284,0,11067534,0
2021-05-25,245676,0,11313210,0
2021-05-26,277473,0,11590683,0
2021-05-27,311067,0,11901750,0
2021-05-28,299549,0,12201299,0
2021-05-29,231187,0,12432486,0
2021-05-30,170810,0,12603296,0
2021-05-31,216391,0,12819687,0
2021-06-01,207620,0,13027307,0
2021-06-02,115757,0,13143064,0
2021-06-03,180081,0,13323145,0
2021-06-04,184825,0,13507970,0
2021-06-05,185903,0,13693873,0
2021-06-06,139493,0,13833366,0
2021-06-07,161806,0,13995172,0
2021-06-08,171134,0,14166306,0
2021-06-09,171397,0,14337703,0
2021-06-10,174002,0,14511705,0
2021-06-11,169910,0,14681615,0
2021-06-12,128287,0,14809902,0
2021-06-13,91118,0,14901020,0
2021-06-14,214621,0,15115641,0
2021-06-15,228357,0,15343998,0
2021-06-16,253014,0,15597012,0
2021-06-17,301679,0,15898691,0
2021-06-18,306234,0,16204925,0
2021-06-19,275028,0,16479953,0
2021-06-20,220705,0,16700658,0
2021-06-21,288015,0,16988673,0
2021-06-22,296170,0,17284843,0
2021-06-23,302649,0,17587492,0
2021-06-24,332537,0,17920029,0
2021-06-25,348680,0,18268709,0
2021-06-26,300076,0,18568785,0
2021-06-27,228602,0,18797387,0
2021-06-28,307016,0,19104403,0
2021-06-29,329209,0,19433612,0
2021-06-30,342075,0,19775687,0
2021-07-01,363136,0,20138823,0
2021-07-02,368419,0,20507242,0
2021-07-03,371054,0,20878296,0
2021-07-04,283184,0,21161480,0
2021-07-05,384495,0,21545975,0
2021-07-06,385421,0,21931396,0
2021-07-07,412049,0,22343445,0
2021-07-08,479631,0,22823076,0
2021-07-09,498504,0,23321580,0
2021-07-10,475181,0,23796761,0
2021-07-11,357704,0,24154465,0
2021-07-12,485920,0,24640385,0
2021-07-13,492158,0,25132543,0
2021-07-14,480483,0,25613026,0
2021-07-15,523517,0,26136543,0
2021-07-16,509791,0,26646334,0
2021-07-17,464374,0,27110708,0
2021-07-18,364705,0,27475413,0
2021-07-19,463082,0,27938495,0
2021-07-20,458097,0,28396592,0
2021-07-21,462819,0,28859411,0
2021-07-22,475401,0,29334812,0
2021-07-23,441314,0,29776126,0
2021-07-24,386191,0,30162317,0
2021-07-25,287605,0,30449922,0
2021-07-26,430904,0,30880826,0
2021-07-27,440130,0,31320956,0
2021-07-28,391024,0,31711980,0
2021-07-29,372082,0,32084062,0
2021-07-30,341495,0,32425557,0
2021-07-31,286998,0,32712555,0
2021-08-01,191019,0,32903574,0
2021-08-02,333725,0,33237299,0
2021-08-03,323182,0,33560481,0
2021-08-04,310969,0,33871450,0
2021-08-05,292512,0,34163962,0
2021-08-06,259992,0,34423954,0
2021-08-07,199037,0,34622991,0
2021-08-08,153104,0,34776095,0
2021-08-09,234072,0,35010167,0
2021-08-10,205246,0,35215413,0
2021-08-11,193739,0,35409152,0
2021-08-12,167954,0,35577106,0
2021-08-13,148587,0,35725693,0
2021-08-14,66082,0,35791775,0
2021-08-15,26333,0,35818108,0
2021-08-16,114667,0,35932775,0
2021-08-17,129235,0,36062010,0
2021-08-18,128723,0,36190733,0
2021-08-19,124777,0,36315510,0
2021-08-20,123783,0,36439293,0
2021-08-21,83108,0,36522401,0
2021-08-22,68162,0,36590563,0
2021-08-23,176867,0,36767430,0
2021-08-24,156897,0,36924327,0
2021-08-25,177164,0,37101491,0
2021-08-26,172347,0,37273838,0
2021-08-27,185858,0,37459696,0
2021-08-28,140271,0,37599967,0
2021-08-29,99007,0,37698974,0
2021-08-30,209636,0,37908610,0
2021-08-31,194630,0,38103240,0
2021-09-01,192215,0,38295455,0
2021-09-02,189940,0,38485395,0
2021-09-03,191350,0,38676745,0
2021-09-04,131491,0,38808236,0
2021-09-05,87876,0,38896112,0
2021-09-06,193665,0,39089777,0
2021-09-07,196080,0,39285857,0
2021-09-08,187916,0,39473773,0
2021-09-09,201481,0,39675254,0
2021-09-10,198115,0,39873369,0
2021-09-11,141331,0,40014700,0
2021-09-12,89603,0,40104303,0
2021-09-13,191190,521,40295493,521
2021-09-14,177273,556,40472766,1077
2021-09-15,163132,558,40635898,1635
2021-09-16,160102,902,40796000,2537
2021-09-17,150173,1097,40946173,3634
2021-09-18,127976,721,41074149,4355
2021-09-19,81132,483,41155281,4838
2021-09-20,180076,9056,41335357,13894
2021-09-21,166618,8820,41501975,22714
2021-09-22,159072,9419,41661047,32133
2021-09-23,138069,9310,41799116,41443
2021-09-24,140532,8943,41939648,50386
2021-09-25,119540,5625,42059188,56011
2021-09-26,71948,4333,42131136,60344
2021-09-27,135628,10033,42266764,70377
2021-09-28,117479,11371,42384243,81748
2021-09-29,112315,11821,42496558,93569
2021-09-30,110218,14931,42606776,108500
2021-10-01,94965,19098,42701741,127598
2021-10-02,78464,14011,42780205,141609
2021-10-03,47720,7652,42827925,149261
2021-10-04,88370,34438,42916295,183699
2021-10-05,80358,33963,42996653,217662
2021-10-06,71973,34150,43068626,251812
2021-10-07,71842,34338,43140468,286150
2021-10-08,80613,33583,43221081,319733
2021-10-09,76094,22161,43297175,341894
2021-10-10,45771,13611,43342946,355505
2021-10-11,87400,41094,43430346,396599
2021-10-12,84482,46888,43514828,443487
2021-10-13,88184,52097,43603012,495584
2021-10-14,91519,58490,43694531,554074
2021-10-15,93578,55609,43788109,609683
2021-10-16,82953,36771,43871062,646454
2021-10-17,51456,23820,43922518,670274
2021-10-18,90289,59469,44012807,729743
2021-10-19,78336,69365,44091143,799108
2021-10-20,75073,78147,44166216,877255
2021-10-21,78307,81737,44244523,958992
2021-10-22,73796,77007,44318319,1035999
2021-10-23,60812,51946,44379131,1087945
2021-10-24,33383,23440,44412514,1111385
2021-10-25,64904,81615,44477418,1193000
2021-10-26,58369,91768,44535787,1284768
2021-10-27,58328,103955,44594115,1388723
2021-10-28,61466,114093,44655581,1502816
2021-10-29,61665,103097,44717246,1605913
2021-10-30,50671,68109,44767917,1674022
2021-10-31,25168,28281,44793085,1702303
2021-11-01,19048,28145,44812133,1730448
2021-11-02,62774,89357,44874907,1819805
2021-11-03,60731,118654,44935638,1938459
2021-11-04,59244,126650,44994882,2065109
2021-11-05,63097,135164,45057979,2200273
2021-11-06,46470,90920,45104449,2291193
2021-11-07,22253,37891,45126702,2329084
2021-11-08,51524,131254,45178226,2460338
2021-11-09,45404,144183,45223630,2604521
2021-11-10,42574,156341,45266204,2760862
2021-11-11,44934,155127,45311138,2915989
2021-11-12,46369,158560,45357507,3074549
2021-11-13,33254,116639,45390761,3191188
2021-11-14,14478,52445,45405239,3243633
2021-11-15,36895,157413,45442134,3401046
2021-11-16,30541,171369,45472675,3572415
2021-11-17,28442,178429,45501117,3750844
2021-11-18,30276,193704,45531393,3944548
2021-11-19,28790,205843,45560183,4150391
2021-11-20,20988,156433,45581171,4306824
2021-11-21,10603,64855,45591774,4371679
2021-11-22,21920,213136,45613694,4584815
2021-11-23,23557,241738,45637251,4826553
2021-11-24,27827,270937,45665078,5097490
2021-11-25,23220,301892,45688298,5399382
2021-11-26,24561,318255,45712859,5717637
2021-11-27,21366,266145,45734225,5983782
2021-11-28,9891,137052,45744116,6120834
2021-11-29,22309,326057,45766425,6446891
2021-11-30,23069,365816,45789494,6812707
2021-12-01,21504,413490,45810998,7226197
2021-12-02,23742,440372,45834740,7666569
2021-12-03,25213,467444,45859953,8134013
2021-12-04,22337,418720,45882290,8552733
2021-12-05,11904,261330,45894194,8814063
2021-12-06,25793,457553,45919987,9271616
2021-12-07,24095,480240,45944082,9751856
2021-12-08,9984,249676,45954066,10001532
2021-12-09,31542,491909,45985608,10493441
2021-12-10,28033,517850,46013641,11011291
2021-12-11,23536,459234,46037177,11470525
2021-12-12,12286,293490,46049463,11764015
2021-12-13,26121,467611,46075584,12231626
2021-12-14,25145,494180,46100729,12725806
2021-12-15,25294,517126,46126023,13242932
2021-12-16,27847,520228,46153870,13763160
2021-12-17,29318,517150,46183188,14280310
2021-12-18,27003,468708,46210191,14749018
2021-12-19,15121,300508,46225312,15049526
2021-12-20,30589,477460,46255901,15526986
2021-12-21,30327,493365,46286228,16020351
2021-12-22,29411,484688,46315639,16505039
2021-12-23,28191,426888,46343830,16931927
2021-12-24,13100,210815,46356930,17142742
2021-12-25,2101,33052,46359031,17175794
2021-12-26,8747,159062,46367778,17334856
2021-12-27,46722,504641,46414500,17839497
2021-12-28,42395,554189,46456895,18393686
2021-12-29,34261,550626,46491156,18944312
2021-12-30,31766,499810,46522922,19444122
2021-12-31,14086,247392,46537008,19691514
2022-01-01,3491,64811,46540499,19756325
2022-01-02,22712,276716,46563211,20033041
2022-01-03,47729,520008,46610940,20553049
2022-01-04,46225,572063,46657165,21125112
2022-01-05,40620,560372,46697785,21685484
2022-01-06,23410,274477,46721195,21959961
2022-01-07,63548,554175,46784743,22514136
2022-01-08,60700,503368,46845443,23017504
2022-01-09,42709,319681,46888152,23337185
2022-01-10,60933,542264,46949085,23879449
2022-01-11,61558,586977,47010643,24466426
2022-01-12,58292,581267,47068935,25047693
2022-01-13,58440,580366,47127375,25628059
2022-01-14,46618,588553,47173993,26216612
2022-01-15,39166,569929,47213159,26786541
2022-01-16,31070,341846,47244229,27128387
2022-01-17,54660,489640,47298889,27618027
2022-01-18,58257,517001,47357146,28135028
2022-01-19,57083,502775,47414229,28637803
2022-01-20,54220,498806,47468449,29136609
2022-01-21,41940,493857,47510389,29630466
2022-01-22,31035,469585,47541424,30100051
2022-01-23,34840,275362,47576264,30375413
2022-01-24,56094,437204,47632358,30812617
2022-01-25,61457,452079,47693815,31264696
2022-01-26,58451,435808,47752266,31700504
2022-01-27,48761,432349,47801027,32132853
2022-01-28,58579,436519,47859606,32569372
2022-01-29,68008,412472,47927614,32981844
2022-01-30,50309,235960,47977923,33217804
2022-01-31,60504,356915,48038427,33574719
2022-02-01,65450,328422,48103877,33903141
2022-02-02,63106,296952,48166983,34200093
2022-02-03,59982,274506,48226965,34474599
2022-02-04,72294,268436,48299259,34743035
2022-02-05,83681,248520,48382940,34991555
2022-02-06,55231,116193,48438171,35107748
2022-02-07,65084,199926,48503255,35307674
2022-02-08,66873,186101,48570128,35493775
2022-02-09,58704,166327,48628832,35660102
2022-02-10,58499,163229,48687331,35823331
2022-02-11,62182,162448,48749513,35985779
2022-02-12,71921,152134,48821434,36137913
2022-02-13,41450,68848,48862884,36206761
2022-02-14,46640,116180,48909524,36322941
2022-02-15,48479,123477,48958003,36446418
2022-02-16,45641,106105,49003644,36552523
2022-02-17,42835,98097,49046479,36650620
2022-02-18,46579,112565,49093058,36763185
2022-02-19,52503,100325,49145561,36863510
2022-02-20,31404,40359,49176965,36903869
2022-02-21,37876,89638,49214841,36993507
2022-02-22,37187,83765,49252028,37077272
2022-02-23,33368,79401,49285396,37156673
2022-02-24,32537,78159,49317933,37234832
2022-02-25,34736,90701,49352669,37325533
2022-02-26,39133,89131,49391802,37414664
2022-02-27,22536,35855,49414338,37450519
2022-02-28,28456,81689,49442794,37532208
2022-03-01,22682,53932,49465476,37586140
2022-03-02,21980,50626,49487456,37636766
2022-03-03,22591,54940,49510047,37691706
2022-03-04,23203,62788,49533250,37754494
2022-03-05,23771,57949,49557021,37812443
2022-03-06,9468,17199,49566489,37829642
2022-03-07,15891,51387,49582380,37881029
2022-03-08,15438,48796,49597818,37929825
2022-03-09,13793,46511,49611611,37976336
2022-03-10,14018,52115,49625629,38028451
2022-03-11,15554,57245,49641183,38085696
2022-03-12,15481,56613,49656664,38142309
2022-03-13,5540,16848,49662204,38159157
2022-03-14,10513,46690,49672717,38205847
2022-03-15,10525,46893,49683242,38252740
2022-03-16,9465,41975,49692707,38294715
2022-03-17,9694,44875,49702401,38339590
2022-03-18,10147,49048,49712548,38388638
2022-03-19,9140,46529,49721688,38435167
2022-03-20,2604,11699,49724292,38446866
2022-03-21,7566,40219,49731858,38487085
2022-03-22,8433,37745,49740291,38524830
2022-03-23,7201,33695,49747492,38558525
2022-03-24,8242,38796,49755734,38597321
2022-03-25,8116,43662,49763850,38640983
2022-03-26,8119,41718,49771969,38682701
2022-03-27,2426,9683,49774395,38692384
2022-03-28,6093,35228,49780488,38727612
2022-03-29,5771,32523,49786259,38760135
2022-03-30,5550,30193,49791809,38790328
2022-03-31,5877,33168,49797686,38823496
2022-04-01,4339,25178,49802025,38848674
2022-04-02,4486,23270,49806511,38871944
2022-04-03,1046,4499,49807557,38876443
2022-04-04,3648,21532,49811205,38897975
2022-04-05,3745,22922,49814950,38920897
2022-04-06,4094,21837,49819044,38942734
2022-04-07,3951,23317,49822995,38966051
2022-04-08,4681,26708,49827676,38992759
2022-04-09,4373,23883,49832049,39016642
2022-04-10,892,4614,49832941,39021256
2022-04-11,3798,22681,49836739,39043937
2022-04-12,3351,21775,49840090,39065712
2022-04-13,3554,21334,49843644,39087046
2022-04-14,3478,23772,49847122,39110818
2022-04-15,3075,20613,49850197,39131431
2022-04-16,2146,11920,49852343,39143351
2022-04-17,63,348,49852406,39143699
2022-04-18,148,650,49852554,39144349
2022-04-19,3480,21976,49856034,39166325
2022-04-20,3492,20249,49859526,39186574
2022-04-21,2834,19774,49862360,39206348
2022-04-22,2913,20695,49865273,39227043
2022-04-23,2634,16205,49867907,39243248
2022-04-24,509,2335,49868416,39245583
2022-04-25,183,1165,49868599,39246748
2022-04-26,2757,17789,49871356,39264537
2022-04-27,2363,15778,49873719,39280315
2022-04-28,2346,15533,49876065,39295848
2022-04-29,2289,14831,49878354,39310679
2022-04-30,2116,11577,49880470,39322256
2022-05-01,113,530,49880583,39322786
2022-05-02,1443,9380,49882026,39332166
2022-05-03,1569,10307,49883595,39342473
2022-05-04,1744,10254,49885339,39352727
2022-05-05,1647,10273,49886986,39363000
2022-05-06,1693,10943,49888679,39373943
2022-05-07,1431,8561,49890110,39382504
2022-05-08,404,1514,49890514,39384018
2022-05-09,1023,8915,49891537,39392933
2022-05-10,1418,9536,49892955,39402469
2022-05-11,1476,10087,49894431,39412556
2022-05-12,1362,10119,49895793,39422675
2022-05-13,1587,10505,49897380,39433180
2022-05-14,1355,8226,49898735,39441406
2022-05-15,336,1129,49899071,39442535
2022-05-16,809,8388,49899880,39450923
2022-05-17,1239,8665,49901119,39459588
2022-05-18,1368,9211,49902487,39468799
2022-05-19,1496,9266,49903983,39478065
2022-05-20,1419,9490,49905402,39487555
2022-05-21,1299,7891,49906701,39495446
2022-05-22,231,1012,49906932,39496458
2022-05-23,825,8259,49907757,39504717
2022-05-24,1070,8663,49908827,39513380
2022-05-25,1363,9443,49910190,39522823
2022-05-26,1192,9452,49911382,39532275
2022-05-27,1223,9908,49912605,39542183
2022-05-28,1201,7872,49913806,39550055
2022-05-29,285,1263,49914091,39551318
2022-05-30,924,8023,49915015,39559341
2022-05-31,1032,8529,49916047,39567870
2022-06-01,890,7643,49916937,39575513
2022-06-02,35,474,49916972,39575987
2022-06-03,811,7327,49917783,39583314
2022-06-04,869,5155,49918652,39588469
2022-06-05,89,586,49918741,39589055
2022-06-06,670,6964,49919411,39596019
2022-06-07,928,7841,49920339,39603860
2022-06-08,977,7896,49921316,39611756
2022-06-09,1031,8398,49922347,39620154
2022-06-10,949,8536,49923296,39628690
2022-06-11,898,6207,49924194,39634897
2022-06-12,140,767,49924334,39635664
2022-06-13,602,6293,49924936,39641957
2022-06-14,824,7878,49925760,39649835
2022-06-15,949,7842,49926709,39657677
2022-06-16,727,7382,49927436,39665059
2022-06-17,715,7232,49928151,39672291
2022-06-18,776,5587,49928927,39677878
2022-06-19,47,522,49928974,39678400
2022-06-20,587,6694,49929561,39685094
2022-06-21,730,7636,49930291,39692730
2022-06-22,775,7299,49931066,39700029
2022-06-23,649,7456,49931715,39707485
2022-06-24,640,7465,49932355,39714950
2022-06-25,835,6531,49933190,39721481
2022-06-26,128,523,49933318,39722004
2022-06-27,531,7112,49933849,39729116
2022-06-28,743,8206,49934592,39737322
2022-06-29,754,7711,49935346,39745033
2022-06-30,741,8130,49936087,39753163
2022-07-01,578,6435,49936665,39759598
2022-07-02,536,4763,49937201,39764361
2022-07-03,49,456,49937250,39764817
2022-07-04,467,6269,49937717,39771086
2022-07-05,619,8104,49938336,39779190
2022-07-06,623,7589,49938959,39786779
2022-07-07,561,8247,49939520,39795026
2022-07-08,667,8069,49940187,39803095
2022-07-09,548,6103,49940735,39809198
2022-07-10,58,533,49940793,39809731
2022-07-11,475,7624,49941268,39817355
2022-07-12,650,8970,49941918,39826325
2022-07-13,624,10053,49942542,39836378
2022-07-14,618,10184,49943160,39846562
2022-07-15,615,10623,49943775,39857185
2022-07-16,511,7194,49944286,39864379
2022-07-17,48,767,49944334,39865146
2022-07-18,493,9326,49944827,39874472
2022-07-19,558,10613,49945385,39885085
2022-07-20,557,11210,49945942,39896295
2022-07-21,617,11964,49946559,39908259
2022-07-22,562,11173,49947121,39919432
2022-07-23,374,6726,49947495,39926158
2022-07-24,75,834,49947570,39926992
2022-07-25,490,9010,49948060,39936002
2022-07-26,515,9680,49948575,39945682
2022-07-27,523,10065,49949098,39955747
2022-07-28,519,10366,49949617,39966113
2022-07-29,500,9319,49950117,39975432
2022-07-30,377,5812,49950494,39981244
2022-07-31,49,738,49950543,39981982
2022-08-01,380,6783,49950923,39988765
2022-08-02,527,7428,49951450,39996193
2022-08-03,464,6791,49951914,40002984
2022-08-04,470,6354,49952384,40009338