data_somministrazione,vaccinazioni,booster,cum_vaccinazioni,cum_booster
2020-12-27,18,0,18,0
2020-12-28,2,0,20,0
2020-12-29,1,0,21,0
2020-12-30,6,0,27,0
2020-12-31,53,0,80,0
2021-01-01,20,0,100,0
2021-01-02,88,0,188,0
2021-01-03,69,0,257,0
2021-01-04,184,0,441,0
2021-01-05,226,0,667,0
2021-01-06,177,0,844,0
2021-01-07,266,0,1110,0
2021-01-08,313,0,1423,0
2021-01-09,234,0,1657,0
2021-01-10,138,0,1795,0
2021-01-11,257,0,2052,0
2021-01-12,259,0,2311,0
2021-01-13,371,0,2682,0
2021-01-14,460,0,3142,0
2021-01-15,283,0,3425,0
2021-01-16,198,0,3623,0
2021-01-17,3055,0,6678,0
2021-01-18,5206,0,11884,0
2021-01-19,1890,0,13774,0
2021-01-20,4651,0,18425,0
2021-01-21,20008,0,38433,0
2021-01-22,14201,0,52634,0
2021-01-23,33341,0,85975,0
2021-01-24,30794,0,116769,0
2021-01-25,64744,0,181513,0
2021-01-26,76508,0,258021,0
2021-01-27,64853,0,322874,0
2021-01-28,89312,0,412186,0
2021-01-29,94045,0,506231,0
2021-01-30,86584,0,592815,0
2021-01-31,57345,0,650160,0
2021-02-01,81880,0,732040,0
2021-02-02,82149,0,814189,0
2021-02-03,91201,0,905390,0
2021-02-04,95406,0,1000796,0
2021-02-05,90291,0,1091087,0
2021-02-06,63451,0,1154538,0
2021-02-07,32925,0,1187463,0
2021-02-08,40432,0,1227895,0
2021-02-09,32864,0,1260759,0
2021-02-10,28413,0,1289172,0
2021-02-11,20380,0,1309552,0
2021-02-12,16219,0,1325771,0
2021-02-13,7243,0,1333014,0
2021-02-14,2861,0,1335875,0
2021-02-15,6835,0,1342710,0
2021-02-16,6990,0,1349700,0
2021-02-17,10517,0,1360217,0
2021-02-18,9241,0,1369458,0
2021-02-19,8231,0,1377689,0
2021-02-20,5532,0,1383221,0
2021-02-21,2976,0,1386197,0
2021-02-22,6876,0,1393073,0
2021-02-23,7154,0,1400227,0
2021-02-24,9822,0,1410049,0
2021-02-25,14199,0,1424248,0
2021-02-26,17545,0,1441793,0
2021-02-27,13894,0,1455687,0
2021-02-28,9384,0,1465071,0
2021-03-01,26505,0,1491576,0
2021-03-02,33231,0,1524807,0
2021-03-03,44642,0,1569449,0
2021-03-04,50287,0,1619736,0
2021-03-05,55734,0,1675470,0
2021-03-06,41870,0,1717340,0
2021-03-07,22319,0,1739659,0
2021-03-08,50786,0,1790445,0
2021-03-09,53056,0,1843501,0
2021-03-10,58619,0,1902120,0
2021-03-11,63822,0,1965942,0
2021-03-12,65086,0,2031028,0
2021-03-13,51697,0,2082725,0
2021-03-14,35382,0,2118107,0
2021-03-15,73421,0,2191528,0
2021-03-16,74021,0,2265549,0
2021-03-17,83128,0,2348677,0
2021-03-18,81617,0,2430294,0
2021-03-19,81079,0,2511373,0
2021-03-20,64700,0,2576073,0
2021-03-21,47284,0,2623357,0
2021-03-22,69467,0,2692824,0
2021-03-23,75774,0,2768598,0
2021-03-24,90875,0,2859473,0
2021-03-25,89776,0,2949249,0
2021-03-26,83590,0,3032839,0
2021-03-27,71902,0,3104741,0
2021-03-28,44113,0,3148854,0
2021-03-29,70795,0,3219649,0
2021-03-30,81346,0,3300995,0
2021-03-31,96201,0,3397196,0
2021-04-01,95287,0,3492483,0
2021-04-02,84062,0,3576545,0
2021-04-03,64294,0,3640839,0
2021-04-04,21715,0,3662554,0
2021-04-05,40294,0,3702848,0
2021-04-06,81290,0,3784138,0
2021-04-07,95791,0,3879929,0
2021-04-08,95219,0,3975148,0
2021-04-09,88467,0,4063615,0
2021-04-10,74018,0,4137633,0
2021-04-11,44743,0,4182376,0
2021-04-12,66900,0,4249276,0
2021-04-13,72551,0,4321827,0
2021-04-14,85513,0,4407340,0
2021-04-15,105395,0,4512735,0
2021-04-16,106402,0,4619137,0
2021-04-17,90476,0,4709613,0
2021-04-18,58580,0,4768193,0
2021-04-19,93426,0,4861619,0
2021-04-20,103756,0,4965375,0
2021-04-21,125320,0,5090695,0
2021-04-22,143499,0,5234194,0
2021-04-23,138705,0,5372899,0
2021-04-24,124427,0,5497326,0
2021-04-25,61448,0,5558774,0
2021-04-26,97869,0,5656643,0
2021-04-27,128345,0,5784988,0
2021-04-28,156346,0,5941334,0
2021-04-29,195566,0,6136900,0
2021-04-30,214549,0,6351449,0
2021-05-01,174084,0,6525533,0
2021-05-02,135787,0,6661320,0
2021-05-03,141990,0,6803310,0
2021-05-04,158675,0,6961985,0
2021-05-05,170458,0,7132443,0
2021-05-06,197782,0,7330225,0
2021-05-07,213796,0,7544021,0
2021-05-08,213367,0,7757388,0
2021-05-09,143189,0,7900577,0
2021-05-10,165066,0,8065643,0
2021-05-11,174941,0,8240584,0
2021-05-12,179126,0,8419710,0
2021-05-13,203342,0,8623052,0
2021-05-14,222880,0,8845932,0
2021-05-15,210319,0,9056251,0
2021-05-16,159250,0,9215501,0
2021-05-17,219166,0,9434667,0
2021-05-18,212989,0,9647656,0
2021-05-19,207048,0,9854704,0
2021-05-20,270831,0,10125535,0
2021-05-21,270844,0,10396379,0
2021-05-22,245505,0,10641884,0
2021-05-23,197167,0,10839051,0
2021-05-24,228279,0,11067330,0
2021-05-25,245672,0,11313002,0
2021-05-26,277470,0,11590472,0
2021-05-27,311064,0,11901536,0
2021-05-28,299542,0,12201078,0
2021-05-29,231184,0,12432262,0
2021-05-30,170808,0,12603070,0
2021-05-31,216388,0,12819458,0
2021-06-01,207619,0,13027077,0
2021-06-02,115755,0,13142832,0
2021-06-03,180078,0,13322910,0
2021-06-04,184822,0,13507732,0
2021-06-05,185898,0,13693630,0
2021-06-06,139487,0,13833117,0
2021-06-07,161798,0,13994915,0
2021-06-08,171127,0,14166042,0
2021-06-09,171388,0,14337430,0
2021-06-10,173990,0,14511420,0
2021-06-11,169902,0,14681322,0
2021-06-12,128278,0,14809600,0
2021-06-13,91113,0,14900713,0
2021-06-14,214616,0,15115329,0
2021-06-15,228349,0,15343678,0
2021-06-16,253012,0,15596690,0
2021-06-17,301674,0,15898364,0
2021-06-18,306229,0,16204593,0
2021-06-19,275026,0,16479619,0
2021-06-20,220696,0,16700315,0
2021-06-21,288012,0,16988327,0
2021-06-22,296161,0,17284488,0
2021-06-23,302650,0,17587138,0
2021-06-24,332528,0,17919666,0
2021-06-25,348678,0,18268344,0
2021-06-26,300075,0,18568419,0
2021-06-27,228598,0,18797017,0
2021-06-28,307012,0,19104029,0
2021-06-29,329204,0,19433233,0
2021-06-30,342074,0,19775307,0
2021-07-01,363132,0,20138439,0
2021-07-02,368415,0,20506854,0
2021-07-03,371054,0,20877908,0
2021-07-04,283181,0,21161089,0
2021-07-05,384494,0,21545583,0
2021-07-06,385420,0,21931003,0
2021-07-07,412046,0,22343049,0
2021-07-08,479630,0,22822679,0
2021-07-09,498506,0,23321185,0
2021-07-10,475179,0,23796364,0
2021-07-11,357705,0,24154069,0
2021-07-12,485921,0,24639990,0
2021-07-13,492156,0,25132146,0
2021-07-14,480486,0,25612632,0
2021-07-15,523519,0,26136151,0
2021-07-16,509792,0,26645943,0
2021-07-17,464378,0,27110321,0
2021-07-18,364706,0,27475027,0
2021-07-19,463084,0,27938111,0
2021-07-20,458100,0,28396211,0
2021-07-21,462821,0,28859032,0
2021-07-22,475397,0,29334429,0
2021-07-23,441309,0,29775738,0
2021-07-24,386189,0,30161927,0
2021-07-25,287612,0,30449539,0
2021-07-26,430907,0,30880446,0
2021-07-27,440132,0,31320578,0
2021-07-28,391024,0,31711602,0
2021-07-29,372083,0,32083685,0
2021-07-30,341485,0,32425170,0
2021-07-31,286997,0,32712167,0
2021-08-01,191016,0,32903183,0
2021-08-02,333725,0,33236908,0
2021-08-03,323180,0,33560088,0
2021-08-04,310965,0,33871053,0
2021-08-05,292514,0,34163567,0
2021-08-06,259990,0,34423557,0
2021-08-07,199034,0,34622591,0
2021-08-08,153103,0,34775694,0
2021-08-09,234069,0,35009763,0
2021-08-10,205239,0,35215002,0
2021-08-11,193739,0,35408741,0
2021-08-12,167951,0,35576692,0
2021-08-13,148578,0,35725270,0
2021-08-14,66081,0,35791351,0
2021-08-15,26330,0,35817681,0
2021-08-16,114665,0,35932346,0
2021-08-17,129232,0,36061578,0
2021-08-18,128723,0,36190301,0
2021-08-19,124775,0,36315076,0
2021-08-20,123776,0,36438852,0
2021-08-21,83102,0,36521954,0
2021-08-22,68160,0,36590114,0
2021-08-23,176868,0,36766982,0
2021-08-24,156896,0,36923878,0
2021-08-25,177162,0,37101040,0
2021-08-26,172346,0,37273386,0
2021-08-27,185858,0,37459244,0
2021-08-28,140265,0,37599509,0
2021-08-29,99009,0,37698518,0
2021-08-30,209634,0,37908152,0
2021-08-31,194625,0,38102777,0
2021-09-01,192213,0,38294990,0
2021-09-02,189938,0,38484928,0
2021-09-03,191354,0,38676282,0
2021-09-04,131491,0,38807773,0
2021-09-05,87877,0,38895650,0
2021-09-06,193665,0,39089315,0
2021-09-07,196076,0,39285391,0
2021-09-08,187916,0,39473307,0
2021-09-09,201480,0,39674787,0
2021-09-10,198121,0,39872908,0
2021-09-11,141335,0,40014243,0
2021-09-12,89606,0,40103849,0
2021-09-13,191189,520,40295038,520
2021-09-14,177278,552,40472316,1072
2021-09-15,163130,559,40635446,1631
2021-09-16,160101,901,40795547,2532
2021-09-17,150171,1095,40945718,3627
2021-09-18,127977,717,41073695,4344
2021-09-19,81131,482,41154826,4826
2021-09-20,180081,9051,41334907,13877
2021-09-21,166617,8817,41501524,22694
2021-09-22,159071,9417,41660595,32111
2021-09-23,138069,9308,41798664,41419
2021-09-24,140530,8942,41939194,50361
2021-09-25,119539,5624,42058733,55985
2021-09-26,71946,4333,42130679,60318
2021-09-27,135624,10031,42266303,70349
2021-09-28,117475,11370,42383778,81719
2021-09-29,112311,11820,42496089,93539
2021-09-30,110215,14929,42606304,108468
2021-10-01,94965,19097,42701269,127565
2021-10-02,78461,14010,42779730,141575
2021-10-03,47716,7651,42827446,149226
2021-10-04,88369,34436,42915815,183662
2021-10-05,80353,33963,42996168,217625
2021-10-06,71970,34149,43068138,251774
2021-10-07,71841,34336,43139979,286110
2021-10-08,80614,33582,43220593,319692
2021-10-09,76092,22160,43296685,341852
2021-10-10,45770,13610,43342455,355462
2021-10-11,87395,41094,43429850,396556
2021-10-12,84482,46885,43514332,443441
2021-10-13,88182,52098,43602514,495539
2021-10-14,91517,58488,43694031,554027
2021-10-15,93580,55605,43787611,609632
2021-10-16,82951,36770,43870562,646402
2021-10-17,51456,23820,43922018,670222
2021-10-18,90286,59468,44012304,729690
2021-10-19,78334,69364,44090638,799054
2021-10-20,75075,78144,44165713,877198
2021-10-21,78307,81736,44244020,958934
2021-10-22,73796,77006,44317816,1035940
2021-10-23,60813,51945,44378629,1087885
2021-10-24,33383,23440,44412012,1111325
2021-10-25,64903,81614,44476915,1192939
2021-10-26,58369,91767,44535284,1284706
2021-10-27,58328,103953,44593612,1388659
2021-10-28,61465,114093,44655077,1502752
2021-10-29,61666,103096,44716743,1605848
2021-10-30,50673,68106,44767416,1673954
2021-10-31,25168,28280,44792584,1702234
2021-11-01,19048,28145,44811632,1730379
2021-11-02,62775,89356,44874407,1819735
2021-11-03,60732,118653,44935139,1938388
2021-11-04,59245,126648,44994384,2065036
2021-11-05,63097,135163,45057481,2200199
2021-11-06,46470,90920,45103951,2291119
2021-11-07,22253,37892,45126204,2329011
2021-11-08,51525,131251,45177729,2460262
2021-11-09,45402,144183,45223131,2604445
2021-11-10,42575,156339,45265706,2760784
2021-11-11,44932,155127,45310638,2915911
2021-11-12,46368,158557,45357006,3074468
2021-11-13,33254,116639,45390260,3191107
2021-11-14,14476,52445,45404736,3243552
2021-11-15,36895,157411,45441631,3400963
2021-11-16,30541,171366,45472172,3572329
2021-11-17,28441,178426,45500613,3750755
2021-11-18,30275,193706,45530888,3944461
2021-11-19,28787,205839,45559675,4150300
2021-11-20,20986,156433,45580661,4306733
2021-11-21,10603,64853,45591264,4371586
2021-11-22,21921,213137,45613185,4584723
2021-11-23,23554,241734,45636739,4826457
2021-11-24,27822,270933,45664561,5097390
2021-11-25,23219,301891,45687780,5399281
2021-11-26,24559,318255,45712339,5717536
2021-11-27,21363,266145,45733702,5983681
2021-11-28,9888,137052,45743590,6120733
2021-11-29,22306,326055,45765896,6446788
2021-11-30,23065,365815,45788961,6812603
2021-12-01,21501,413489,45810462,7226092
2021-12-02,23738,440381,45834200,7666473
2021-12-03,25207,467444,45859407,8133917
2021-12-04,22330,418718,45881737,8552635
2021-12-05,11901,261329,45893638,8813964
2021-12-06,25790,457552,45919428,9271516
2021-12-07,24094,480238,45943522,9751754
2021-12-08,9983,249674,45953505,10001428
2021-12-09,31537,491906,45985042,10493334
2021-12-10,28027,517850,46013069,11011184
2021-12-11,23532,459235,46036601,11470419
2021-12-12,12284,293490,46048885,11763909
2021-12-13,26117,467611,46075002,12231520
2021-12-14,25139,494179,46100141,12725699
2021-12-15,25291,517123,46125432,13242822
2021-12-16,27842,520227,46153274,13763049
2021-12-17,29308,517148,46182582,14280197
2021-12-18,26996,468706,46209578,14748903
2021-12-19,15118,300508,46224696,15049411
2021-12-20,30583,477458,46255279,15526869
2021-12-21,30318,493363,46285597,16020232
2021-12-22,29397,484688,46314994,16504920
2021-12-23,28185,426886,46343179,16931806
2021-12-24,13098,210815,46356277,17142621
2021-12-25,2101,33052,46358378,17175673
2021-12-26,8744,159061,46367122,17334734
2021-12-27,46714,504639,46413836,17839373
2021-12-28,42388,554183,46456224,18393556
2021-12-29,34246,550627,46490470,18944183
2021-12-30,31756,499809,46522226,19443992
2021-12-31,14080,247390,46536306,19691382
2022-01-01,3488,64811,46539794,19756193
2022-01-02,22701,276716,46562495,20032909
2022-01-03,47708,520005,46610203,20552914
2022-01-04,46212,572062,46656415,21124976
2022-01-05,40610,560371,46697025,21685347
2022-01-06,23402,274477,46720427,21959824
2022-01-07,63523,554175,46783950,22513999
2022-01-08,60671,503366,46844621,23017365
2022-01-09,42689,319681,46887310,23337046
2022-01-10,60921,542263,46948231,23879309
2022-01-11,61533,586974,47009764,24466283
2022-01-12,58271,581267,47068035,25047550
2022-01-13,58415,580363,47126450,25627913
2022-01-14,46597,588549,47173047,26216462
2022-01-15,39134,569927,47212181,26786389
2022-01-16,31052,341846,47243233,27128235
2022-01-17,54630,489641,47297863,27617876
2022-01-18,58248,517000,47356111,28134876
2022-01-19,57067,502773,47413178,28637649
2022-01-20,54205,498802,47467383,29136451
2022-01-21,41919,493856,47509302,29630307
2022-01-22,31019,469584,47540321,30099891
2022-01-23,34823,275360,47575144,30375251
2022-01-24,56084,437203,47631228,30812454
2022-01-25,61446,452078,47692674,31264532
2022-01-26,58439,435807,47751113,31700339
2022-01-27,48754,432348,47799867,32132687
2022-01-28,58564,436518,47858431,32569205
2022-01-29,68000,412470,47926431,32981675
2022-01-30,50298,235960,47976729,33217635
2022-01-31,60490,356915,48037219,33574550
2022-02-01,65438,328420,48102657,33902970
2022-02-02,63093,296950,48165750,34199920
2022-02-03,59969,274507,48225719,34474427
2022-02-04,72283,268435,48298002,34742862
2022-02-05,83672,248519,48381674,34991381
2022-02-06,55226,116191,48436900,35107572
2022-02-07,65077,199925,48501977,35307497
2022-02-08,66868,186099,48568845,35493596
2022-02-09,58694,166326,48627539,35659922
2022-02-10,58489,163228,48686028,35823150
2022-02-11,62171,162448,48748199,35985598
2022-02-12,71914,152133,48820113,36137731
2022-02-13,41444,68848,48861557,36206579
2022-02-14,46634,116180,48908191,36322759
2022-02-15,48475,123477,48956666,36446236
2022-02-16,45634,106106,49002300,36552342
2022-02-17,42832,98096,49045132,36650438
2022-02-18,46574,112565,49091706,36763003
2022-02-19,52498,100325,49144204,36863328
2022-02-20,31404,40358,49175608,36903686
2022-02-21,37873,89637,49213481,36993323
2022-02-22,37183,83763,49250664,37077086
2022-02-23,33364,79401,49284028,37156487
2022-02-24,32536,78159,49316564,37234646
2022-02-25,34734,90701,49351298,37325347
2022-02-26,39132,89131,49390430,37414478
2022-02-27,22535,35856,49412965,37450334
2022-02-28,28453,81689,49441418,37532023
2022-03-01,22680,53932,49464098,37585955
2022-03-02,21977,50625,49486075,37636580
2022-03-03,22585,54940,49508660,37691520
2022-03-04,23201,62788,49531861,37754308
2022-03-05,23765,57949,49555626,37812257
2022-03-06,9468,17199,49565094,37829456
2022-03-07,15888,51387,49580982,37880843
2022-03-08,15435,48796,49596417,37929639
2022-03-09,13788,46511,49610205,37976150
2022-03-10,14016,52116,49624221,38028266
2022-03-11,15549,57246,49639770,38085512
2022-03-12,15478,56611,49655248,38142123
2022-03-13,5540,16848,49660788,38158971
2022-03-14,10513,46690,49671301,38205661
2022-03-15,10523,46892,49681824,38252553
2022-03-16,9463,41975,49691287,38294528
2022-03-17,9693,44874,49700980,38339402
2022-03-18,10144,49046,49711124,38388448
2022-03-19,9138,46531,49720262,38434979
2022-03-20,2603,11699,49722865,38446678
2022-03-21,7565,40217,49730430,38486895
2022-03-22,8431,37744,49738861,38524639
2022-03-23,7201,33695,49746062,38558334
2022-03-24,8239,38793,49754301,38597127
2022-03-25,8111,43660,49762412,38640787
2022-03-26,8117,41717,49770529,38682504
2022-03-27,2425,9683,49772954,38692187
2022-03-28,6093,35228,49779047,38727415
2022-03-29,5771,32522,49784818,38759937
2022-03-30,5550,30193,49790368,38790130
2022-03-31,5875,33167,49796243,38823297
2022-04-01,4339,25178,49800582,38848475
2022-04-02,4485,23270,49805067,38871745
2022-04-03,1045,4499,49806112,38876244
2022-04-04,3648,21532,49809760,38897776
2022-04-05,3743,22922,49813503,38920698
2022-04-06,4093,21837,49817596,38942535
2022-04-07,3948,23318,49821544,38965853
2022-04-08,4681,26707,49826225,38992560
2022-04-09,4373,23883,49830598,39016443
2022-04-10,892,4614,49831490,39021057
2022-04-11,3798,22681,49835288,39043738
2022-04-12,3351,21774,49838639,39065512
2022-04-13,3553,21334,49842192,39086846
2022-04-14,3477,23772,49845669,39110618
2022-04-15,3075,20613,49848744,39131231
2022-04-16,2145,11920,49850889,39143151
2022-04-17,63,348,49850952,39143499
2022-04-18,148,650,49851100,39144149
2022-04-19,3480,21976,49854580,39166125
2022-04-20,3491,20249,49858071,39186374
2022-04-21,2835,19774,49860906,39206148
2022-04-22,2912,20694,49863818,39226842
2022-04-23,2634,16205,49866452,39243047
2022-04-24,509,2335,49866961,39245382
2022-04-25,183,1165,49867144,39246547
2022-04-26,2756,17790,49869900,39264337
2022-04-27,2362,15777,49872262,39280114
2022-04-28,2345,15533,49874607,39295647
2022-04-29,2287,14831,49876894,39310478
2022-04-30,2116,11577,49879010,39322055
2022-05-01,113,530,49879123,39322585
2022-05-02,1443,9380,49880566,39331965
2022-05-03,1569,10307,49882135,39342272
2022-05-04,1744,10254,49883879,39352526
2022-05-05,1647,10273,49885526,39362799
2022-05-06,1693,10943,49887219,39373742
2022-05-07,1431,8561,49888650,39382303
2022-05-08,404,1514,49889054,39383817
2022-05-09,1023,8915,49890077,39392732
2022-05-10,1418,9536,49891495,39402268
2022-05-11,1476,10087,49892971,39412355
2022-05-12,1362,10117,49894333,39422472
2022-05-13,1587,10505,49895920,39432977
2022-05-14,1355,8226,49897275,39441203
2022-05-15,336,1129,49897611,39442332
2022-05-16,809,8388,49898420,39450720
2022-05-17,1239,8665,49899659,39459385
2022-05-18,1368,9208,49901027,39468593
2022-05-19,1496,9266,49902523,39477859
2022-05-20,1419,9488,49903942,39487347
2022-05-21,1299,7891,49905241,39495238
2022-05-22,232,1012,49905473,39496250
2022-05-23,824,8259,49906297,39504509
2022-05-24,1069,8663,49907366,39513172
2022-05-25,1363,9443,49908729,39522615
2022-05-26,1192,9452,49909921,39532067
2022-05-27,1223,9908,49911144,39541975
2022-05-28,1201,7873,49912345,39549848
2022-05-29,285,1263,49912630,39551111
2022-05-30,926,8023,49913556,39559134
2022-05-31,1032,8529,49914588,39567663
2022-06-01,890,7642,49915478,39575305
2022-06-02,34,474,49915512,39575779
2022-06-03,811,7327,49916323,39583106
2022-06-04,869,5155,49917192,39588261
2022-06-05,89,586,49917281,39588847
2022-06-06,670,6963,49917951,39595810
2022-06-07,928,7841,49918879,39603651
2022-06-08,977,7896,49919856,39611547
2022-06-09,1031,8398,49920887,39619945
2022-06-10,949,8534,49921836,39628479
2022-06-11,897,6208,49922733,39634687
2022-06-12,140,767,49922873,39635454
2022-06-13,601,6292,49923474,39641746
2022-06-14,826,7877,49924300,39649623
2022-06-15,949,7842,49925249,39657465
2022-06-16,726,7382,49925975,39664847
2022-06-17,715,7232,49926690,39672079
2022-06-18,775,5587,49927465,39677666
2022-06-19,47,522,49927512,39678188
2022-06-20,587,6694,49928099,39684882
2022-06-21,730,7636,49928829,39692518
2022-06-22,775,7299,49929604,39699817
2022-06-23,646,7454,49930250,39707271
2022-06-24,641,7464,49930891,39714735
2022-06-25,835,6531,49931726,39721266
2022-06-26,128,523,49931854,39721789
2022-06-27,528,7111,49932382,39728900
2022-06-28,744,8206,49933126,39737106
2022-06-29,755,7710,49933881,39744816
2022-06-30,741,8128,49934622,39752944
2022-07-01,576,6435,49935198,39759379
2022-07-02,536,4763,49935734,39764142
2022-07-03,49,456,49935783,39764598
2022-07-04,467,6260,49936250,39770858
2022-07-05,617,8104,49936867,39778962
2022-07-06,624,7588,49937491,39786550
2022-07-07,561,8244,49938052,39794794
2022-07-08,667,8066,49938719,39802860
2022-07-09,549,6149,49939268,39809009
2022-07-10,58,533,49939326,39809542
2022-07-11,473,7623,49939799,39817165
2022-07-12,649,8961,49940448,39826126
2022-07-13,624,10053,49941072,39836179
2022-07-14,618,10176,49941690,39846355
2022-07-15,616,10613,49942306,39856968
2022-07-16,511,7201,49942817,39864169
2022-07-17,48,767,49942865,39864936
2022-07-18,493,9324,49943358,39874260
2022-07-19,558,10608,49943916,39884868
2022-07-20,556,11200,49944472,39896068
2022-07-21,615,11951,49945087,39908019
2022-07-22,562,11164,49945649,39919183
2022-07-23,374,6701,49946023,39925884
2022-07-24,75,834,49946098,39926718
2022-07-25,490,9004,49946588,39935722
2022-07-26,513,9665,49947101,39945387
2022-07-27,523,10017,49947624,39955404
2022-07-28,516,10316,49948140,39965720
2022-07-29,496,9221,49948636,39974941
2022-07-30,376,5772,49949012,39980713
2022-07-31,49,735,49949061,39981448
2022-08-01,380,6714,49949441,39988162
2022-08-02,317,3718,49949758,39991880