data_somministrazione,vaccinazioni,booster,cum_vaccinazioni,cum_booster
2020-12-27,20,0,20,0
2020-12-28,2,0,22,0
2020-12-29,1,0,23,0
2020-12-30,10,0,33,0
2020-12-31,76,0,109,0
2021-01-01,25,0,134,0
2021-01-02,143,0,277,0
2021-01-03,105,0,382,0
2021-01-04,236,0,618,0
2021-01-05,280,0,898,0
2021-01-06,246,0,1144,0
2021-01-07,322,0,1466,0
2021-01-08,378,0,1844,0
2021-01-09,281,0,2125,0
2021-01-10,165,0,2290,0
2021-01-11,306,0,2596,0
2021-01-12,283,0,2879,0
2021-01-13,417,0,3296,0
2021-01-14,504,0,3800,0
2021-01-15,319,0,4119,0
2021-01-16,224,0,4343,0
2021-01-17,3063,0,7406,0
2021-01-18,5220,0,12626,0
2021-01-19,1894,0,14520,0
2021-01-20,4659,0,19179,0
2021-01-21,20006,0,39185,0
2021-01-22,14220,0,53405,0
2021-01-23,33323,0,86728,0
2021-01-24,30775,0,117503,0
2021-01-25,64705,0,182208,0
2021-01-26,76465,0,258673,0
2021-01-27,64813,0,323486,0
2021-01-28,89256,0,412742,0
2021-01-29,93996,0,506738,0
2021-01-30,86544,0,593282,0
2021-01-31,57325,0,650607,0
2021-02-01,81837,0,732444,0
2021-02-02,82135,0,814579,0
2021-02-03,91107,0,905686,0
2021-02-04,95383,0,1001069,0
2021-02-05,90267,0,1091336,0
2021-02-06,63449,0,1154785,0
2021-02-07,32934,0,1187719,0
2021-02-08,40421,0,1228140,0
2021-02-09,32879,0,1261019,0
2021-02-10,28435,0,1289454,0
2021-02-11,20405,0,1309859,0
2021-02-12,16251,0,1326110,0
2021-02-13,7279,0,1333389,0
2021-02-14,2862,0,1336251,0
2021-02-15,6846,0,1343097,0
2021-02-16,7004,0,1350101,0
2021-02-17,10526,0,1360627,0
2021-02-18,9255,0,1369882,0
2021-02-19,8257,0,1378139,0
2021-02-20,5577,0,1383716,0
2021-02-21,3014,0,1386730,0
2021-02-22,6883,0,1393613,0
2021-02-23,7187,0,1400800,0
2021-02-24,9812,0,1410612,0
2021-02-25,14212,0,1424824,0
2021-02-26,17559,0,1442383,0
2021-02-27,13919,0,1456302,0
2021-02-28,9394,0,1465696,0
2021-03-01,26526,0,1492222,0
2021-03-02,33248,0,1525470,0
2021-03-03,44649,0,1570119,0
2021-03-04,50301,0,1620420,0
2021-03-05,55743,0,1676163,0
2021-03-06,41879,0,1718042,0
2021-03-07,22331,0,1740373,0
2021-03-08,50835,0,1791208,0
2021-03-09,53090,0,1844298,0
2021-03-10,58686,0,1902984,0
2021-03-11,63883,0,1966867,0
2021-03-12,65136,0,2032003,0
2021-03-13,51729,0,2083732,0
2021-03-14,35423,0,2119155,0
2021-03-15,73459,0,2192614,0
2021-03-16,74030,0,2266644,0
2021-03-17,83141,0,2349785,0
2021-03-18,81628,0,2431413,0
2021-03-19,81089,0,2512502,0
2021-03-20,64736,0,2577238,0
2021-03-21,47311,0,2624549,0
2021-03-22,69501,0,2694050,0
2021-03-23,75815,0,2769865,0
2021-03-24,90923,0,2860788,0
2021-03-25,89822,0,2950610,0
2021-03-26,83639,0,3034249,0
2021-03-27,71956,0,3106205,0
2021-03-28,44183,0,3150388,0
2021-03-29,70848,0,3221236,0
2021-03-30,81406,0,3302642,0
2021-03-31,96258,0,3398900,0
2021-04-01,95328,0,3494228,0
2021-04-02,84084,0,3578312,0
2021-04-03,64304,0,3642616,0
2021-04-04,21724,0,3664340,0
2021-04-05,40318,0,3704658,0
2021-04-06,81335,0,3785993,0
2021-04-07,95840,0,3881833,0
2021-04-08,95259,0,3977092,0
2021-04-09,88500,0,4065592,0
2021-04-10,74035,0,4139627,0
2021-04-11,44769,0,4184396,0
2021-04-12,66922,0,4251318,0
2021-04-13,72594,0,4323912,0
2021-04-14,85550,0,4409462,0
2021-04-15,105425,0,4514887,0
2021-04-16,106431,0,4621318,0
2021-04-17,90529,0,4711847,0
2021-04-18,58596,0,4770443,0
2021-04-19,93436,0,4863879,0
2021-04-20,103776,0,4967655,0
2021-04-21,125342,0,5092997,0
2021-04-22,143524,0,5236521,0
2021-04-23,138749,0,5375270,0
2021-04-24,124454,0,5499724,0
2021-04-25,61471,0,5561195,0
2021-04-26,97908,0,5659103,0
2021-04-27,128373,0,5787476,0
2021-04-28,156392,0,5943868,0
2021-04-29,195621,0,6139489,0
2021-04-30,214610,0,6354099,0
2021-05-01,174141,0,6528240,0
2021-05-02,135808,0,6664048,0
2021-05-03,142067,0,6806115,0
2021-05-04,158711,0,6964826,0
2021-05-05,170541,0,7135367,0
2021-05-06,197820,0,7333187,0
2021-05-07,213873,0,7547060,0
2021-05-08,213440,0,7760500,0
2021-05-09,143218,0,7903718,0
2021-05-10,165101,0,8068819,0
2021-05-11,175008,0,8243827,0
2021-05-12,179223,0,8423050,0
2021-05-13,203421,0,8626471,0
2021-05-14,222940,0,8849411,0
2021-05-15,210391,0,9059802,0
2021-05-16,159285,0,9219087,0
2021-05-17,219220,0,9438307,0
2021-05-18,213032,0,9651339,0
2021-05-19,207102,0,9858441,0
2021-05-20,270886,0,10129327,0
2021-05-21,270914,0,10400241,0
2021-05-22,245544,0,10645785,0
2021-05-23,197188,0,10842973,0
2021-05-24,228312,0,11071285,0
2021-05-25,245701,0,11316986,0
2021-05-26,277514,0,11594500,0
2021-05-27,311105,0,11905605,0
2021-05-28,299587,0,12205192,0
2021-05-29,231250,0,12436442,0
2021-05-30,170853,0,12607295,0
2021-05-31,216438,0,12823733,0
2021-06-01,207638,0,13031371,0
2021-06-02,115806,0,13147177,0
2021-06-03,180173,0,13327350,0
2021-06-04,184920,0,13512270,0
2021-06-05,185998,0,13698268,0
2021-06-06,139586,0,13837854,0
2021-06-07,161905,0,13999759,0
2021-06-08,171284,0,14171043,0
2021-06-09,171523,0,14342566,0
2021-06-10,174157,0,14516723,0
2021-06-11,170025,0,14686748,0
2021-06-12,128392,0,14815140,0
2021-06-13,91231,0,14906371,0
2021-06-14,214707,0,15121078,0
2021-06-15,228461,0,15349539,0
2021-06-16,253114,0,15602653,0
2021-06-17,301776,0,15904429,0
2021-06-18,306328,0,16210757,0
2021-06-19,275118,0,16485875,0
2021-06-20,220820,0,16706695,0
2021-06-21,288100,0,16994795,0
2021-06-22,296249,0,17291044,0
2021-06-23,302702,0,17593746,0
2021-06-24,332622,0,17926368,0
2021-06-25,348732,0,18275100,0
2021-06-26,300151,0,18575251,0
2021-06-27,228693,0,18803944,0
2021-06-28,307150,0,19111094,0
2021-06-29,329332,0,19440426,0
2021-06-30,342220,0,19782646,0
2021-07-01,363241,0,20145887,0
2021-07-02,368507,0,20514394,0
2021-07-03,371103,0,20885497,0
2021-07-04,283237,0,21168734,0
2021-07-05,384568,0,21553302,0
2021-07-06,385493,0,21938795,0
2021-07-07,412137,0,22350932,0
2021-07-08,479589,0,22830521,0
2021-07-09,498464,0,23328985,0
2021-07-10,475169,0,23804154,0
2021-07-11,357697,0,24161851,0
2021-07-12,485875,0,24647726,0
2021-07-13,492077,0,25139803,0
2021-07-14,480434,0,25620237,0
2021-07-15,523425,0,26143662,0
2021-07-16,509751,0,26653413,0
2021-07-17,464321,0,27117734,0
2021-07-18,364639,0,27482373,0
2021-07-19,463033,0,27945406,0
2021-07-20,458045,0,28403451,0
2021-07-21,462792,0,28866243,0
2021-07-22,475376,0,29341619,0
2021-07-23,441315,0,29782934,0
2021-07-24,386146,0,30169080,0
2021-07-25,287552,0,30456632,0
2021-07-26,430888,0,30887520,0
2021-07-27,440107,0,31327627,0
2021-07-28,391019,0,31718646,0
2021-07-29,372072,0,32090718,0
2021-07-30,341517,0,32432235,0
2021-07-31,287045,0,32719280,0
2021-08-01,191000,0,32910280,0
2021-08-02,333703,0,33243983,0
2021-08-03,323182,0,33567165,0
2021-08-04,310981,0,33878146,0
2021-08-05,292487,0,34170633,0
2021-08-06,260037,0,34430670,0
2021-08-07,199063,0,34629733,0
2021-08-08,153107,0,34782840,0
2021-08-09,234085,0,35016925,0
2021-08-10,205277,0,35222202,0
2021-08-11,193790,0,35415992,0
2021-08-12,168061,0,35584053,0
2021-08-13,148663,0,35732716,0
2021-08-14,66103,0,35798819,0
2021-08-15,26343,0,35825162,0
2021-08-16,114714,0,35939876,0
2021-08-17,129252,0,36069128,0
2021-08-18,128767,0,36197895,0
2021-08-19,124850,0,36322745,0
2021-08-20,123797,0,36446542,0
2021-08-21,83132,0,36529674,0
2021-08-22,68179,0,36597853,0
2021-08-23,176874,0,36774727,0
2021-08-24,156890,0,36931617,0
2021-08-25,177171,0,37108788,0
2021-08-26,172355,0,37281143,0
2021-08-27,185832,0,37466975,0
2021-08-28,140291,0,37607266,0
2021-08-29,98993,0,37706259,0
2021-08-30,209581,0,37915840,0
2021-08-31,194643,0,38110483,0
2021-09-01,192217,0,38302700,0
2021-09-02,189931,0,38492631,0
2021-09-03,191286,0,38683917,0
2021-09-04,131446,0,38815363,0
2021-09-05,87847,0,38903210,0
2021-09-06,193605,0,39096815,0
2021-09-07,196039,0,39292854,0
2021-09-08,187860,0,39480714,0
2021-09-09,201421,0,39682135,0
2021-09-10,198052,0,39880187,0
2021-09-11,141293,0,40021480,0
2021-09-12,89590,0,40111070,0
2021-09-13,191105,642,40302175,642
2021-09-14,177216,645,40479391,1287
2021-09-15,163077,649,40642468,1936
2021-09-16,160045,997,40802513,2933
2021-09-17,150155,1168,40952668,4101
2021-09-18,127979,776,41080647,4877
2021-09-19,81144,508,41161791,5385
2021-09-20,180063,9125,41341854,14510
2021-09-21,166664,8861,41508518,23371
2021-09-22,159108,9462,41667626,32833
2021-09-23,138102,9357,41805728,42190
2021-09-24,140551,9011,41946279,51201
2021-09-25,119560,5673,42065839,56874
2021-09-26,71991,4365,42137830,61239
2021-09-27,135659,10082,42273489,71321
2021-09-28,117513,11422,42391002,82743
2021-09-29,112366,11850,42503368,94593
2021-09-30,110284,14980,42613652,109573
2021-10-01,94987,19144,42708639,128717
2021-10-02,78519,14043,42787158,142760
2021-10-03,47761,7668,42834919,150428
2021-10-04,88389,34481,42923308,184909
2021-10-05,80376,34018,43003684,218927
2021-10-06,72009,34207,43075693,253134
2021-10-07,71876,34370,43147569,287504
2021-10-08,80634,33621,43228203,321125
2021-10-09,76114,22194,43304317,343319
2021-10-10,45789,13631,43350106,356950
2021-10-11,87447,41131,43437553,398081
2021-10-12,84512,46933,43522065,445014
2021-10-13,88214,52164,43610279,497178
2021-10-14,91546,58555,43701825,555733
2021-10-15,93593,55675,43795418,611408
2021-10-16,82970,36823,43878388,648231
2021-10-17,51462,23861,43929850,672092
2021-10-18,90300,59519,44020150,731611
2021-10-19,78349,69406,44098499,801017
2021-10-20,75061,78210,44173560,879227
2021-10-21,78281,81813,44251841,961040
2021-10-22,73761,77081,44325602,1038121
2021-10-23,60834,51973,44386436,1090094
2021-10-24,33369,23479,44419805,1113573
2021-10-25,64893,81666,44484698,1195239
2021-10-26,58371,91831,44543069,1287070
2021-10-27,58315,104029,44601384,1391099
2021-10-28,61444,114155,44662828,1505254
2021-10-29,61631,103181,44724459,1608435
2021-10-30,50676,68143,44775135,1676578
2021-10-31,25160,28310,44800295,1704888
2021-11-01,19048,28158,44819343,1733046
2021-11-02,62733,89434,44882076,1822480
2021-11-03,60713,118701,44942789,1941181
2021-11-04,59235,126700,45002024,2067881
2021-11-05,63089,135221,45065113,2203102
2021-11-06,46488,90939,45111601,2294041
2021-11-07,22249,37905,45133850,2331946
2021-11-08,51528,131292,45185378,2463238
2021-11-09,45399,144237,45230777,2607475
2021-11-10,42591,156373,45273368,2763848
2021-11-11,44921,155172,45318289,2919020
2021-11-12,46292,158700,45364581,3077720
2021-11-13,33266,116678,45397847,3194398
2021-11-14,14491,52459,45412338,3246857
2021-11-15,36905,157443,45449243,3404300
2021-11-16,30561,171402,45479804,3575702
2021-11-17,28465,178459,45508269,3754161
2021-11-18,30288,193762,45538557,3947923
2021-11-19,28809,205883,45567366,4153806
2021-11-20,21009,156457,45588375,4310263
2021-11-21,10611,64871,45598986,4375134
2021-11-22,21954,213160,45620940,4588294
2021-11-23,23598,241801,45644538,4830095
2021-11-24,27765,271093,45672303,5101188
2021-11-25,23253,301936,45695556,5403124
2021-11-26,24587,318307,45720143,5721431
2021-11-27,21407,266171,45741550,5987602
2021-11-28,9908,137070,45751458,6124672
2021-11-29,22357,326073,45773815,6450745
2021-11-30,23098,365862,45796913,6816607
2021-12-01,21541,413530,45818454,7230137
2021-12-02,23787,440441,45842241,7670578
2021-12-03,25238,467530,45867479,8138108
2021-12-04,22383,418799,45889862,8556907
2021-12-05,11940,261365,45901802,8818272
2021-12-06,25831,457630,45927633,9275902
2021-12-07,24127,480302,45951760,9756204
2021-12-08,10019,249721,45961779,10005925
2021-12-09,31580,491964,45993359,10497889
2021-12-10,28066,517928,46021425,11015817
2021-12-11,23583,459277,46045008,11475094
2021-12-12,12320,293529,46057328,11768623
2021-12-13,26156,467654,46083484,12236277
2021-12-14,25187,494236,46108671,12730513
2021-12-15,25343,517189,46134014,13247702
2021-12-16,27902,520301,46161916,13768003
2021-12-17,29362,517216,46191278,14285219
2021-12-18,27102,468777,46218380,14753996
2021-12-19,15168,300542,46233548,15054538
2021-12-20,30643,477508,46264191,15532046
2021-12-21,30384,493437,46294575,16025483
2021-12-22,29463,484751,46324038,16510234
2021-12-23,28274,426959,46352312,16937193
2021-12-24,13124,210842,46365436,17148035
2021-12-25,2104,33053,46367540,17181088
2021-12-26,8776,159077,46376316,17340165
2021-12-27,46836,504693,46423152,17844858
2021-12-28,42488,554254,46465640,18399112
2021-12-29,34377,550677,46500017,18949789
2021-12-30,31873,499865,46531890,19449654
2021-12-31,14146,247407,46546036,19697061
2022-01-01,3499,64815,46549535,19761876
2022-01-02,22827,276727,46572362,20038603
2022-01-03,47920,520034,46620282,20558637
2022-01-04,46444,572102,46666726,21130739
2022-01-05,40822,560423,46707548,21691162
2022-01-06,23536,274491,46731084,21965653
2022-01-07,63776,554221,46794860,22519874
2022-01-08,60955,503411,46855815,23023285
2022-01-09,42940,319700,46898755,23342985
2022-01-10,61146,542324,46959901,23885309
2022-01-11,61812,587037,47021713,24472346
2022-01-12,58529,581305,47080242,25053651
2022-01-13,58680,580431,47138922,25634082
2022-01-14,46909,588611,47185831,26222693
2022-01-15,39549,569983,47225380,26792676
2022-01-16,31316,341892,47256696,27134568
2022-01-17,54826,489688,47311522,27624256
2022-01-18,58443,517053,47369965,28141309
2022-01-19,57243,502823,47427208,28644132
2022-01-20,54398,498860,47481606,29142992
2022-01-21,42164,493897,47523770,29636889
2022-01-22,31271,469619,47555041,30106508
2022-01-23,34979,275391,47590020,30381899
2022-01-24,56214,437244,47646234,30819143
2022-01-25,61577,452131,47707811,31271274
2022-01-26,58577,435848,47766388,31707122
2022-01-27,48870,432401,47815258,32139523
2022-01-28,58736,436560,47873994,32576083
2022-01-29,68181,412515,47942175,32988598
2022-01-30,50408,235985,47992583,33224583
2022-01-31,60682,356947,48053265,33581530
2022-02-01,65591,328465,48118856,33909995
2022-02-02,63227,296994,48182083,34206989
2022-02-03,60075,274534,48242158,34481523
2022-02-04,72389,268471,48314547,34749994
2022-02-05,83816,248550,48398363,34998544
2022-02-06,55306,116208,48453669,35114752
2022-02-07,65165,199945,48518834,35314697
2022-02-08,66946,186127,48585780,35500824
2022-02-09,58765,166353,48644545,35667177
2022-02-10,58590,163248,48703135,35830425
2022-02-11,62269,162476,48765404,35992901
2022-02-12,72004,152155,48837408,36145056
2022-02-13,41479,68855,48878887,36213911
2022-02-14,46707,116190,48925594,36330101
2022-02-15,48558,123481,48974152,36453582
2022-02-16,45682,106129,49019834,36559711
2022-02-17,42868,98120,49062702,36657831
2022-02-18,46621,112583,49109323,36770414
2022-02-19,52540,100340,49161863,36870754
2022-02-20,31417,40366,49193280,36911120
2022-02-21,37895,89659,49231175,37000779
2022-02-22,37220,83784,49268395,37084563
2022-02-23,33400,79410,49301795,37163973
2022-02-24,32555,78166,49334350,37242139
2022-02-25,34768,90715,49369118,37332854
2022-02-26,39161,89136,49408279,37421990
2022-02-27,22548,35857,49430827,37457847
2022-02-28,28484,81695,49459311,37539542
2022-03-01,22725,53942,49482036,37593484
2022-03-02,21932,50711,49503968,37644195
2022-03-03,22633,54947,49526601,37699142
2022-03-04,23239,62800,49549840,37761942
2022-03-05,23802,57952,49573642,37819894
2022-03-06,9474,17201,49583116,37837095
2022-03-07,15923,51391,49599039,37888486
2022-03-08,15480,48795,49614519,37937281
2022-03-09,13815,46517,49628334,37983798
2022-03-10,14054,52125,49642388,38035923
2022-03-11,15587,57271,49657975,38093194
2022-03-12,15510,56619,49673485,38149813
2022-03-13,5545,16852,49679030,38166665
2022-03-14,10528,46701,49689558,38213366
2022-03-15,10550,46895,49700108,38260261
2022-03-16,9482,41974,49709590,38302235
2022-03-17,9721,44876,49719311,38347111
2022-03-18,10160,49058,49729471,38396169
2022-03-19,9151,46538,49738622,38442707
2022-03-20,2608,11704,49741230,38454411
2022-03-21,7580,40226,49748810,38494637
2022-03-22,8448,37766,49757258,38532403
2022-03-23,7217,33700,49764475,38566103
2022-03-24,8258,38820,49772733,38604923
2022-03-25,8142,43671,49780875,38648594
2022-03-26,8127,41722,49789002,38690316
2022-03-27,2431,9683,49791433,38699999
2022-03-28,6112,35241,49797545,38735240
2022-03-29,5779,32531,49803324,38767771
2022-03-30,5566,30204,49808890,38797975
2022-03-31,5903,33186,49814793,38831161
2022-04-01,4349,25189,49819142,38856350
2022-04-02,4496,23275,49823638,38879625
2022-04-03,1049,4500,49824687,38884125
2022-04-04,3660,21545,49828347,38905670
2022-04-05,3757,22937,49832104,38928607
2022-04-06,4104,21852,49836208,38950459
2022-04-07,3969,23320,49840177,38973779
2022-04-08,4694,26714,49844871,39000493
2022-04-09,4382,23888,49849253,39024381
2022-04-10,892,4613,49850145,39028994
2022-04-11,3819,22689,49853964,39051683
2022-04-12,3365,21779,49857329,39073462
2022-04-13,3568,21336,49860897,39094798
2022-04-14,3486,23787,49864383,39118585
2022-04-15,3083,20621,49867466,39139206
2022-04-16,2151,11918,49869617,39151124
2022-04-17,63,348,49869680,39151472
2022-04-18,152,650,49869832,39152122
2022-04-19,3499,21984,49873331,39174106
2022-04-20,3512,20251,49876843,39194357
2022-04-21,2848,19790,49879691,39214147
2022-04-22,2927,20712,49882618,39234859
2022-04-23,2646,16221,49885264,39251080
2022-04-24,509,2334,49885773,39253414
2022-04-25,183,1165,49885956,39254579
2022-04-26,2759,17810,49888715,39272389
2022-04-27,2374,15795,49891089,39288184
2022-04-28,2361,15562,49893450,39303746
2022-04-29,2295,14849,49895745,39318595
2022-04-30,2123,11583,49897868,39330178
2022-05-01,113,531,49897981,39330709
2022-05-02,1451,9391,49899432,39340100
2022-05-03,1577,10321,49901009,39350421
2022-05-04,1745,10271,49902754,39360692
2022-05-05,1652,10296,49904406,39370988
2022-05-06,1702,10969,49906108,39381957
2022-05-07,1431,8570,49907539,39390527
2022-05-08,416,1524,49907955,39392051
2022-05-09,1028,8929,49908983,39400980
2022-05-10,1426,9548,49910409,39410528
2022-05-11,1484,10104,49911893,39420632
2022-05-12,1372,10130,49913265,39430762
2022-05-13,1596,10518,49914861,39441280
2022-05-14,1360,8239,49916221,39449519
2022-05-15,336,1135,49916557,39450654
2022-05-16,814,8404,49917371,39459058
2022-05-17,1243,8697,49918614,39467755
2022-05-18,1372,9235,49919986,39476990
2022-05-19,1500,9282,49921486,39486272
2022-05-20,1422,9532,49922908,39495804
2022-05-21,1301,7900,49924209,39503704
2022-05-22,231,1014,49924440,39504718
2022-05-23,830,8271,49925270,39512989
2022-05-24,1073,8672,49926343,39521661
2022-05-25,1372,9459,49927715,39531120
2022-05-26,1196,9479,49928911,39540599
2022-05-27,1232,9915,49930143,39550514
2022-05-28,1205,7887,49931348,39558401
2022-05-29,288,1265,49931636,39559666
2022-05-30,930,8057,49932566,39567723
2022-05-31,1038,8548,49933604,39576271
2022-06-01,892,7656,49934496,39583927
2022-06-02,35,474,49934531,39584401
2022-06-03,817,7334,49935348,39591735
2022-06-04,870,5162,49936218,39596897
2022-06-05,89,586,49936307,39597483
2022-06-06,678,7003,49936985,39604486
2022-06-07,951,7848,49937936,39612334
2022-06-08,981,7907,49938917,39620241
2022-06-09,1036,8417,49939953,39628658
2022-06-10,958,8563,49940911,39637221
2022-06-11,903,6207,49941814,39643428
2022-06-12,140,768,49941954,39644196
2022-06-13,601,6301,49942555,39650497
2022-06-14,832,7902,49943387,39658399
2022-06-15,960,7855,49944347,39666254
2022-06-16,733,7396,49945080,39673650
2022-06-17,724,7249,49945804,39680899
2022-06-18,777,5594,49946581,39686493
2022-06-19,49,521,49946630,39687014
2022-06-20,587,6699,49947217,39693713
2022-06-21,741,7663,49947958,39701376
2022-06-22,780,7312,49948738,39708688
2022-06-23,647,7472,49949385,39716160
2022-06-24,644,7474,49950029,39723634
2022-06-25,835,6533,49950864,39730167
2022-06-26,128,523,49950992,39730690
2022-06-27,534,7125,49951526,39737815
2022-06-28,747,8207,49952273,39746022
2022-06-29,756,7731,49953029,39753753
2022-06-30,747,8144,49953776,39761897
2022-07-01,577,6443,49954353,39768340
2022-07-02,536,4769,49954889,39773109
2022-07-03,49,456,49954938,39773565
2022-07-04,469,6277,49955407,39779842
2022-07-05,631,8118,49956038,39787960
2022-07-06,633,7611,49956671,39795571
2022-07-07,575,8271,49957246,39803842
2022-07-08,674,8083,49957920,39811925
2022-07-09,550,6105,49958470,39818030
2022-07-10,58,533,49958528,39818563
2022-07-11,491,7639,49959019,39826202
2022-07-12,667,9030,49959686,39835232
2022-07-13,644,10067,49960330,39845299
2022-07-14,637,10225,49960967,39855524
2022-07-15,626,10667,49961593,39866191
2022-07-16,522,7215,49962115,39873406
2022-07-17,48,770,49962163,39874176
2022-07-18,496,9372,49962659,39883548
2022-07-19,575,10684,49963234,39894232
2022-07-20,580,11274,49963814,39905506
2022-07-21,629,12088,49964443,39917594
2022-07-22,584,11258,49965027,39928852
2022-07-23,381,6773,49965408,39935625
2022-07-24,76,857,49965484,39936482
2022-07-25,503,9051,49965987,39945533
2022-07-26,520,9761,49966507,39955294
2022-07-27,551,10208,49967058,39965502
2022-07-28,533,10533,49967591,39976035
2022-07-29,511,9465,49968102,39985500
2022-07-30,383,5881,49968485,39991381
2022-07-31,49,764,49968534,39992145
2022-08-01,386,6864,49968920,39999009
2022-08-02,545,7589,49969465,40006598
2022-08-03,512,7179,49969977,40013777
2022-08-04,455,7489,49970432,40021266
2022-08-05,421,6527,49970853,40027793
2022-08-06,299,3613,49971152,40031406
2022-08-07,44,561,49971196,40031967
2022-08-08,403,4890,49971599,40036857
2022-08-09,381,5311,49971980,40042168
2022-08-10,384,4817,49972364,40046985
2022-08-11,369,4803,49972733,40051788
2022-08-12,293,3720,49973026,40055508
2022-08-13,143,1600,49973169,40057108
2022-08-14,9,129,49973178,40057237
2022-08-15,1,26,49973179,40057263
2022-08-16,282,3043,49973461,40060306
2022-08-17,352,3536,49973813,40063842
2022-08-18,392,4160,49974205,40068002
2022-08-19,341,3319,49974546,40071321
2022-08-20,183,1715,49974729,40073036
2022-08-21,24,149,49974753,40073185
2022-08-22,329,2952,49975082,40076137
2022-08-23,370,3674,49975452,40079811
2022-08-24,384,3360,49975836,40083171
2022-08-25,422,3774,49976258,40086945
2022-08-26,399,3574,49976657,40090519
2022-08-27,237,1769,49976894,40092288
2022-08-28,29,267,49976923,40092555
2022-08-29,354,3161,49977277,40095716
2022-08-30,403,3671,49977680,40099387
2022-08-31,438,3734,49978118,40103121
2022-09-01,353,3116,49978471,40106237
2022-09-02,296,2893,49978767,40109130
2022-09-03,200,1689,49978967,40110819
2022-09-04,24,149,49978991,40110968
2022-09-05,187,2656,49979178,40113624
2022-09-06,305,2981,49979483,40116605
2022-09-07,540,2937,49980023,40119542
2022-09-08,292,2962,49980315,40122504
2022-09-09,305,2884,49980620,40125388
2022-09-10,227,1326,49980847,40126714
2022-09-11,23,124,49980870,40126838
2022-09-12,267,2267,49981137,40129105
2022-09-13,252,2276,49981389,40131381
2022-09-14,266,2566,49981655,40133947
2022-09-15,282,2499,49981937,40136446
2022-09-16,254,2546,49982191,40138992
2022-09-17,239,1339,49982430,40140331
2022-09-18,20,170,49982450,40140501
2022-09-19,206,1970,49982656,40142471
2022-09-20,236,2391,49982892,40144862
2022-09-21,289,2526,49983181,40147388
2022-09-22,266,2662,49983447,40150050
2022-09-23,259,2543,49983706,40152593
2022-09-24,193,1427,49983899,40154020
2022-09-25,29,133,49983928,40154153
2022-09-26,280,2248,49984208,40156401
2022-09-27,287,2683,49984495,40159084
2022-09-28,310,2903,49984805,40161987
2022-09-29,257,3049,49985062,40165036
2022-09-30,291,2989,49985353,40168025
2022-10-01,195,1515,49985548,40169540
2022-10-02,12,187,49985560,40169727
2022-10-03,183,2473,49985743,40172200
2022-10-04,236,2864,49985979,40175064
2022-10-05,229,3249,49986208,40178313
2022-10-06,243,3874,49986451,40182187
2022-10-07,282,4187,49986733,40186374
2022-10-08,202,2270,49986935,40188644
2022-10-09,8,305,49986943,40188949
2022-10-10,210,3356,49987153,40192305
2022-10-11,192,4379,49987345,40196684
2022-10-12,209,4439,49987554,40201123
2022-10-13,201,5304,49987755,40206427
2022-10-14,232,5021,49987987,40211448
2022-10-15,190,2671,49988177,40214119
2022-10-16,6,360,49988183,40214479
2022-10-17,185,3871,49988368,40218350
2022-10-18,257,4964,49988625,40223314
2022-10-19,244,5478,49988869,40228792
2022-10-20,224,5993,49989093,40234785
2022-10-21,250,5475,49989343,40240260
2022-10-22,195,2910,49989538,40243170
2022-10-23,13,364,49989551,40243534
2022-10-24,171,3924,49989722,40247458
2022-10-25,253,4925,49989975,40252383
2022-10-26,345,5499,49990320,40257882
2022-10-27,240,5669,49990560,40263551
2022-10-28,198,5260,49990758,40268811
2022-10-29,128,2844,49990886,40271655
2022-10-30,3,328,49990889,40271983
2022-10-31,117,3035,49991006,40275018
2022-11-01,11,353,49991017,40275371
2022-11-02,143,3715,49991160,40279086
2022-11-03,174,4780,49991334,40283866
2022-11-04,224,4594,49991558,40288460
2022-11-05,143,2594,49991701,40291054
2022-11-06,10,259,49991711,40291313
2022-11-07,170,3222,49991881,40294535
2022-11-08,259,4239,49992140,40298774
2022-11-09,196,4323,49992336,40303097
2022-11-10,182,4576,49992518,40307673
2022-11-11,191,4216,49992709,40311889
2022-11-12,154,2363,49992863,40314252
2022-11-13,7,335,49992870,40314587
2022-11-14,150,2835,49993020,40317422
2022-11-15,201,3737,49993221,40321159
2022-11-16,216,3967,49993437,40325126
2022-11-17,193,4077,49993630,40329203
2022-11-18,247,4002,49993877,40333205
2022-11-19,112,2085,49993989,40335290
2022-11-20,24,314,49994013,40335604
2022-11-21,118,2607,49994131,40338211
2022-11-22,141,3198,49994272,40341409
2022-11-23,192,3609,49994464,40345018
2022-11-24,155,3793,49994619,40348811
2022-11-25,184,3733,49994803,40352544
2022-11-26,130,2087,49994933,40354631
2022-11-27,22,356,49994955,40354987
2022-11-28,177,2660,49995132,40357647
2022-11-29,183,3192,49995315,40360839
2022-11-30,174,3672,49995489,40364511
2022-12-01,222,3553,49995711,40368064
2022-12-02,155,3466,49995866,40371530
2022-12-03,101,1919,49995967,40373449
2022-12-04,5,290,49995972,40373739
2022-12-05,123,2701,49996095,40376440
2022-12-06,160,3460,49996255,40379900
2022-12-07,94,1705,49996349,40381605