data_somministrazione,vaccinazioni,booster,cum_vaccinazioni,cum_booster
2020-12-27,19,0,19,0
2020-12-28,2,0,21,0
2020-12-29,1,0,22,0
2020-12-30,6,0,28,0
2020-12-31,67,0,95,0
2021-01-01,22,0,117,0
2021-01-02,107,0,224,0
2021-01-03,79,0,303,0
2021-01-04,200,0,503,0
2021-01-05,236,0,739,0
2021-01-06,197,0,936,0
2021-01-07,289,0,1225,0
2021-01-08,335,0,1560,0
2021-01-09,246,0,1806,0
2021-01-10,145,0,1951,0
2021-01-11,268,0,2219,0
2021-01-12,265,0,2484,0
2021-01-13,388,0,2872,0
2021-01-14,476,0,3348,0
2021-01-15,298,0,3646,0
2021-01-16,203,0,3849,0
2021-01-17,3057,0,6906,0
2021-01-18,5209,0,12115,0
2021-01-19,1892,0,14007,0
2021-01-20,4653,0,18660,0
2021-01-21,19998,0,38658,0
2021-01-22,14200,0,52858,0
2021-01-23,33330,0,86188,0
2021-01-24,30789,0,116977,0
2021-01-25,64728,0,181705,0
2021-01-26,76499,0,258204,0
2021-01-27,64837,0,323041,0
2021-01-28,89292,0,412333,0
2021-01-29,94021,0,506354,0
2021-01-30,86566,0,592920,0
2021-01-31,57337,0,650257,0
2021-02-01,81873,0,732130,0
2021-02-02,82146,0,814276,0
2021-02-03,91191,0,905467,0
2021-02-04,95395,0,1000862,0
2021-02-05,90275,0,1091137,0
2021-02-06,63450,0,1154587,0
2021-02-07,32928,0,1187515,0
2021-02-08,40431,0,1227946,0
2021-02-09,32864,0,1260810,0
2021-02-10,28422,0,1289232,0
2021-02-11,20391,0,1309623,0
2021-02-12,16230,0,1325853,0
2021-02-13,7252,0,1333105,0
2021-02-14,2861,0,1335966,0
2021-02-15,6837,0,1342803,0
2021-02-16,6994,0,1349797,0
2021-02-17,10519,0,1360316,0
2021-02-18,9247,0,1369563,0
2021-02-19,8240,0,1377803,0
2021-02-20,5544,0,1383347,0
2021-02-21,2986,0,1386333,0
2021-02-22,6883,0,1393216,0
2021-02-23,7164,0,1400380,0
2021-02-24,9825,0,1410205,0
2021-02-25,14203,0,1424408,0
2021-02-26,17553,0,1441961,0
2021-02-27,13904,0,1455865,0
2021-02-28,9386,0,1465251,0
2021-03-01,26507,0,1491758,0
2021-03-02,33238,0,1524996,0
2021-03-03,44642,0,1569638,0
2021-03-04,50288,0,1619926,0
2021-03-05,55734,0,1675660,0
2021-03-06,41878,0,1717538,0
2021-03-07,22325,0,1739863,0
2021-03-08,50797,0,1790660,0
2021-03-09,53060,0,1843720,0
2021-03-10,58631,0,1902351,0
2021-03-11,63844,0,1966195,0
2021-03-12,65098,0,2031293,0
2021-03-13,51707,0,2083000,0
2021-03-14,35387,0,2118387,0
2021-03-15,73424,0,2191811,0
2021-03-16,74023,0,2265834,0
2021-03-17,83130,0,2348964,0
2021-03-18,81621,0,2430585,0
2021-03-19,81080,0,2511665,0
2021-03-20,64712,0,2576377,0
2021-03-21,47285,0,2623662,0
2021-03-22,69473,0,2693135,0
2021-03-23,75780,0,2768915,0
2021-03-24,90891,0,2859806,0
2021-03-25,89788,0,2949594,0
2021-03-26,83602,0,3033196,0
2021-03-27,71924,0,3105120,0
2021-03-28,44131,0,3149251,0
2021-03-29,70809,0,3220060,0
2021-03-30,81366,0,3301426,0
2021-03-31,96216,0,3397642,0
2021-04-01,95294,0,3492936,0
2021-04-02,84066,0,3577002,0
2021-04-03,64297,0,3641299,0
2021-04-04,21717,0,3663016,0
2021-04-05,40300,0,3703316,0
2021-04-06,81303,0,3784619,0
2021-04-07,95809,0,3880428,0
2021-04-08,95227,0,3975655,0
2021-04-09,88484,0,4064139,0
2021-04-10,74026,0,4138165,0
2021-04-11,44756,0,4182921,0
2021-04-12,66908,0,4249829,0
2021-04-13,72562,0,4322391,0
2021-04-14,85520,0,4407911,0
2021-04-15,105404,0,4513315,0
2021-04-16,106411,0,4619726,0
2021-04-17,90493,0,4710219,0
2021-04-18,58584,0,4768803,0
2021-04-19,93425,0,4862228,0
2021-04-20,103759,0,4965987,0
2021-04-21,125330,0,5091317,0
2021-04-22,143501,0,5234818,0
2021-04-23,138716,0,5373534,0
2021-04-24,124436,0,5497970,0
2021-04-25,61451,0,5559421,0
2021-04-26,97878,0,5657299,0
2021-04-27,128353,0,5785652,0
2021-04-28,156353,0,5942005,0
2021-04-29,195580,0,6137585,0
2021-04-30,214557,0,6352142,0
2021-05-01,174089,0,6526231,0
2021-05-02,135795,0,6662026,0
2021-05-03,142005,0,6804031,0
2021-05-04,158676,0,6962707,0
2021-05-05,170472,0,7133179,0
2021-05-06,197789,0,7330968,0
2021-05-07,213808,0,7544776,0
2021-05-08,213385,0,7758161,0
2021-05-09,143196,0,7901357,0
2021-05-10,165082,0,8066439,0
2021-05-11,174960,0,8241399,0
2021-05-12,179160,0,8420559,0
2021-05-13,203359,0,8623918,0
2021-05-14,222893,0,8846811,0
2021-05-15,210341,0,9057152,0
2021-05-16,159266,0,9216418,0
2021-05-17,219176,0,9435594,0
2021-05-18,213000,0,9648594,0
2021-05-19,207065,0,9855659,0
2021-05-20,270834,0,10126493,0
2021-05-21,270862,0,10397355,0
2021-05-22,245516,0,10642871,0
2021-05-23,197172,0,10840043,0
2021-05-24,228292,0,11068335,0
2021-05-25,245683,0,11314018,0
2021-05-26,277479,0,11591497,0
2021-05-27,311075,0,11902572,0
2021-05-28,299565,0,12202137,0
2021-05-29,231198,0,12433335,0
2021-05-30,170826,0,12604161,0
2021-05-31,216411,0,12820572,0
2021-06-01,207628,0,13028200,0
2021-06-02,115774,0,13143974,0
2021-06-03,180110,0,13324084,0
2021-06-04,184856,0,13508940,0
2021-06-05,185934,0,13694874,0
2021-06-06,139515,0,13834389,0
2021-06-07,161841,0,13996230,0
2021-06-08,171170,0,14167400,0
2021-06-09,171443,0,14338843,0
2021-06-10,174044,0,14512887,0
2021-06-11,169941,0,14682828,0
2021-06-12,128306,0,14811134,0
2021-06-13,91141,0,14902275,0
2021-06-14,214644,0,15116919,0
2021-06-15,228390,0,15345309,0
2021-06-16,253036,0,15598345,0
2021-06-17,301698,0,15900043,0
2021-06-18,306267,0,16206310,0
2021-06-19,275056,0,16481366,0
2021-06-20,220732,0,16702098,0
2021-06-21,288037,0,16990135,0
2021-06-22,296181,0,17286316,0
2021-06-23,302663,0,17588979,0
2021-06-24,332559,0,17921538,0
2021-06-25,348694,0,18270232,0
2021-06-26,300084,0,18570316,0
2021-06-27,228616,0,18798932,0
2021-06-28,307041,0,19105973,0
2021-06-29,329242,0,19435215,0
2021-06-30,342105,0,19777320,0
2021-07-01,363159,0,20140479,0
2021-07-02,368425,0,20508904,0
2021-07-03,371070,0,20879974,0
2021-07-04,283194,0,21163168,0
2021-07-05,384505,0,21547673,0
2021-07-06,385433,0,21933106,0
2021-07-07,412064,0,22345170,0
2021-07-08,479616,0,22824786,0
2021-07-09,498481,0,23323267,0
2021-07-10,475178,0,23798445,0
2021-07-11,357699,0,24156144,0
2021-07-12,485901,0,24642045,0
2021-07-13,492142,0,25134187,0
2021-07-14,480470,0,25614657,0
2021-07-15,523478,0,26138135,0
2021-07-16,509778,0,26647913,0
2021-07-17,464366,0,27112279,0
2021-07-18,364691,0,27476970,0
2021-07-19,463065,0,27940035,0
2021-07-20,458081,0,28398116,0
2021-07-21,462810,0,28860926,0
2021-07-22,475398,0,29336324,0
2021-07-23,441304,0,29777628,0
2021-07-24,386188,0,30163816,0
2021-07-25,287583,0,30451399,0
2021-07-26,430887,0,30882286,0
2021-07-27,440125,0,31322411,0
2021-07-28,391017,0,31713428,0
2021-07-29,372079,0,32085507,0
2021-07-30,341520,0,32427027,0
2021-07-31,287019,0,32714046,0
2021-08-01,191016,0,32905062,0
2021-08-02,333724,0,33238786,0
2021-08-03,323185,0,33561971,0
2021-08-04,310966,0,33872937,0
2021-08-05,292508,0,34165445,0
2021-08-06,260013,0,34425458,0
2021-08-07,199051,0,34624509,0
2021-08-08,153103,0,34777612,0
2021-08-09,234078,0,35011690,0
2021-08-10,205247,0,35216937,0
2021-08-11,193760,0,35410697,0
2021-08-12,167984,0,35578681,0
2021-08-13,148601,0,35727282,0
2021-08-14,66088,0,35793370,0
2021-08-15,26335,0,35819705,0
2021-08-16,114678,0,35934383,0
2021-08-17,129240,0,36063623,0
2021-08-18,128740,0,36192363,0
2021-08-19,124795,0,36317158,0
2021-08-20,123796,0,36440954,0
2021-08-21,83117,0,36524071,0
2021-08-22,68166,0,36592237,0
2021-08-23,176872,0,36769109,0
2021-08-24,156909,0,36926018,0
2021-08-25,177167,0,37103185,0
2021-08-26,172344,0,37275529,0
2021-08-27,185839,0,37461368,0
2021-08-28,140266,0,37601634,0
2021-08-29,98999,0,37700633,0
2021-08-30,209629,0,37910262,0
2021-08-31,194632,0,38104894,0
2021-09-01,192214,0,38297108,0
2021-09-02,189944,0,38487052,0
2021-09-03,191334,0,38678386,0
2021-09-04,131477,0,38809863,0
2021-09-05,87869,0,38897732,0
2021-09-06,193653,0,39091385,0
2021-09-07,196061,0,39287446,0
2021-09-08,187905,0,39475351,0
2021-09-09,201470,0,39676821,0
2021-09-10,198103,0,39874924,0
2021-09-11,141322,0,40016246,0
2021-09-12,89599,0,40105845,0
2021-09-13,191164,558,40297009,558
2021-09-14,177260,578,40474269,1136
2021-09-15,163121,581,40637390,1717
2021-09-16,160096,926,40797486,2643
2021-09-17,150180,1114,40947666,3757
2021-09-18,127977,738,41075643,4495
2021-09-19,81131,493,41156774,4988
2021-09-20,180081,9074,41336855,14062
2021-09-21,166636,8832,41503491,22894
2021-09-22,159082,9437,41662573,32331
2021-09-23,138087,9321,41800660,41652
2021-09-24,140540,8954,41941200,50606
2021-09-25,119558,5635,42060758,56241
2021-09-26,71958,4340,42132716,60581
2021-09-27,135640,10048,42268356,70629
2021-09-28,117497,11385,42385853,82014
2021-09-29,112336,11826,42498189,93840
2021-09-30,110231,14948,42608420,108788
2021-10-01,94978,19108,42703398,127896
2021-10-02,78485,14013,42781883,141909
2021-10-03,47738,7656,42829621,149565
2021-10-04,88379,34445,42918000,184010
2021-10-05,80368,33970,42998368,217980
2021-10-06,71986,34162,43070354,252142
2021-10-07,71855,34346,43142209,286488
2021-10-08,80625,33589,43222834,320077
2021-10-09,76103,22169,43298937,342246
2021-10-10,45775,13615,43344712,355861
2021-10-11,87418,41105,43432130,396966
2021-10-12,84492,46896,43516622,443862
2021-10-13,88194,52115,43604816,495977
2021-10-14,91530,58510,43696346,554487
2021-10-15,93593,55626,43789939,610113
2021-10-16,82968,36780,43872907,646893
2021-10-17,51466,23827,43924373,670720
2021-10-18,90293,59482,44014666,730202
2021-10-19,78344,69372,44093010,799574
2021-10-20,75077,78166,44168087,877740
2021-10-21,78300,81752,44246387,959492
2021-10-22,73790,77021,44320177,1036513
2021-10-23,60815,51954,44380992,1088467
2021-10-24,33378,23455,44414370,1111922
2021-10-25,64906,81621,44479276,1193543
2021-10-26,58375,91777,44537651,1285320
2021-10-27,58330,103969,44595981,1389289
2021-10-28,61468,114101,44657449,1503390
2021-10-29,61659,103114,44719108,1606504
2021-10-30,50672,68115,44769780,1674619
2021-10-31,25164,28289,44794944,1702908
2021-11-01,19046,28148,44813990,1731056
2021-11-02,62765,89373,44876755,1820429
2021-11-03,60740,118656,44937495,1939085
2021-11-04,59243,126662,44996738,2065747
2021-11-05,63095,135169,45059833,2200916
2021-11-06,46474,90923,45106307,2291839
2021-11-07,22251,37895,45128558,2329734
2021-11-08,51529,131262,45180087,2460996
2021-11-09,45401,144198,45225488,2605194
2021-11-10,42580,156345,45268068,2761539
2021-11-11,44933,155135,45313001,2916674
2021-11-12,46371,158575,45359372,3075249
2021-11-13,33255,116649,45392627,3191898
2021-11-14,14481,52445,45407108,3244343
2021-11-15,36893,157426,45444001,3401769
2021-11-16,30548,171376,45474549,3573145
2021-11-17,28450,178437,45502999,3751582
2021-11-18,30282,193717,45533281,3945299
2021-11-19,28800,205850,45562081,4151149
2021-11-20,20994,156434,45583075,4307583
2021-11-21,10612,64857,45593687,4372440
2021-11-22,21936,213139,45615623,4585579
2021-11-23,23568,241743,45639191,4827322
2021-11-24,27839,270944,45667030,5098266
2021-11-25,23234,301901,45690264,5400167
2021-11-26,24582,318261,45714846,5718428
2021-11-27,21381,266149,45736227,5984577
2021-11-28,9899,137056,45746126,6121633
2021-11-29,22324,326063,45768450,6447696
2021-11-30,23084,365823,45791534,6813519
2021-12-01,21518,413501,45813052,7227020
2021-12-02,23757,440376,45836809,7667396
2021-12-03,25253,467454,45862062,8134850
2021-12-04,22355,418730,45884417,8553580
2021-12-05,11915,261329,45896332,8814909
2021-12-06,25816,457562,45922148,9272471
2021-12-07,24124,480249,45946272,9752720
2021-12-08,10004,249681,45956276,10002401
2021-12-09,31573,491912,45987849,10494313
2021-12-10,28060,517863,46015909,11012176
2021-12-11,23557,459242,46039466,11471418
2021-12-12,12304,293496,46051770,11764914
2021-12-13,26145,467618,46077915,12232532
2021-12-14,25167,494190,46103082,12726722
2021-12-15,25326,517126,46128408,13243848
2021-12-16,27875,520240,46156283,13764088
2021-12-17,29354,517163,46185637,14281251
2021-12-18,27039,468713,46212676,14749964
2021-12-19,15137,300515,46227813,15050479
2021-12-20,30615,477474,46258428,15527953
2021-12-21,30359,493379,46288787,16021332
2021-12-22,29436,484698,46318223,16506030
2021-12-23,28234,426894,46346457,16932924
2021-12-24,13111,210822,46359568,17143746
2021-12-25,2100,33053,46361668,17176799
2021-12-26,8759,159065,46370427,17335864
2021-12-27,46774,504647,46417201,17840511
2021-12-28,42438,554204,46459639,18394715
2021-12-29,34331,550626,46493970,18945341
2021-12-30,31814,499819,46525784,19445160
2021-12-31,14109,247394,46539893,19692554
2022-01-01,3493,64814,46543386,19757368
2022-01-02,22748,276717,46566134,20034085
2022-01-03,47829,520007,46613963,20554092
2022-01-04,46325,572080,46660288,21126172
2022-01-05,40711,560388,46700999,21686560
2022-01-06,23464,274482,46724463,21961042
2022-01-07,63663,554177,46788126,22515219
2022-01-08,60811,503377,46848937,23018596
2022-01-09,42797,319684,46891734,23338280
2022-01-10,61038,542277,46952772,23880557
2022-01-11,61670,586980,47014442,24467537
2022-01-12,58395,581276,47072837,25048813
2022-01-13,58563,580375,47131400,25629188
2022-01-14,46737,588559,47178137,26217747
2022-01-15,39340,569936,47217477,26787683
2022-01-16,31150,341847,47248627,27129530
2022-01-17,54736,489646,47303363,27619176
2022-01-18,58350,517009,47361713,28136185
2022-01-19,57161,502774,47418874,28638959
2022-01-20,54304,498810,47473178,29137769
2022-01-21,42037,493866,47515215,29631635
2022-01-22,31128,469590,47546343,30101225
2022-01-23,34903,275361,47581246,30376586
2022-01-24,56147,437209,47637393,30813795
2022-01-25,61526,452085,47698919,31265880
2022-01-26,58512,435816,47757431,31701696
2022-01-27,48803,432349,47806234,32134045
2022-01-28,58662,436530,47864896,32570575
2022-01-29,68087,412480,47932983,32983055
2022-01-30,50351,235964,47983334,33219019
2022-01-31,60595,356922,48043929,33575941
2022-02-01,65518,328431,48109447,33904372
2022-02-02,63163,296965,48172610,34201337
2022-02-03,60030,274513,48232640,34475850
2022-02-04,72350,268450,48304990,34744300
2022-02-05,83737,248529,48388727,34992829
2022-02-06,55272,116198,48443999,35109027
2022-02-07,65118,199936,48509117,35308963
2022-02-08,66912,186104,48576029,35495067
2022-02-09,58741,166331,48634770,35661398
2022-02-10,58542,163230,48693312,35824628
2022-02-11,62224,162454,48755536,35987082
2022-02-12,71954,152137,48827490,36139219
2022-02-13,41463,68848,48868953,36208067
2022-02-14,46668,116187,48915621,36324254
2022-02-15,48513,123479,48964134,36447733
2022-02-16,45667,106115,49009801,36553848
2022-02-17,42851,98104,49052652,36651952
2022-02-18,46600,112568,49099252,36764520
2022-02-19,52519,100326,49151771,36864846
2022-02-20,31410,40359,49183181,36905205
2022-02-21,37888,89642,49221069,36994847
2022-02-22,37212,83768,49258281,37078615
2022-02-23,33379,79404,49291660,37158019
2022-02-24,32550,78160,49324210,37236179
2022-02-25,34748,90706,49358958,37326885
2022-02-26,39146,89133,49398104,37416018
2022-02-27,22540,35855,49420644,37451873
2022-02-28,28469,81690,49449113,37533563
2022-03-01,22706,53937,49471819,37587500
2022-03-02,21990,50627,49493809,37638127
2022-03-03,22604,54941,49516413,37693068
2022-03-04,23215,62791,49539628,37755859
2022-03-05,23782,57952,49563410,37813811
2022-03-06,9470,17200,49572880,37831011
2022-03-07,15900,51389,49588780,37882400
2022-03-08,15458,48796,49604238,37931196
2022-03-09,13805,46514,49618043,37977710
2022-03-10,14039,52114,49632082,38029824
2022-03-11,15570,57253,49647652,38087077
2022-03-12,15491,56614,49663143,38143691
2022-03-13,5542,16849,49668685,38160540
2022-03-14,10518,46693,49679203,38207233
2022-03-15,10535,46892,49689738,38254125
2022-03-16,9472,41977,49699210,38296102
2022-03-17,9703,44874,49708913,38340976
2022-03-18,10152,49052,49719065,38390028
2022-03-19,9146,46531,49728211,38436559
2022-03-20,2607,11700,49730818,38448259
2022-03-21,7576,40222,49738394,38488481
2022-03-22,8444,37752,49746838,38526233
2022-03-23,7208,33696,49754046,38559929
2022-03-24,8251,38797,49762297,38598726
2022-03-25,8129,43663,49770426,38642389
2022-03-26,8120,41722,49778546,38684111
2022-03-27,2428,9683,49780974,38693794
2022-03-28,6099,35231,49787073,38729025
2022-03-29,5773,32523,49792846,38761548
2022-03-30,5557,30194,49798403,38791742
2022-03-31,5887,33176,49804290,38824918
2022-04-01,4343,25187,49808633,38850105
2022-04-02,4489,23274,49813122,38873379
2022-04-03,1049,4499,49814171,38877878
2022-04-04,3653,21532,49817824,38899410
2022-04-05,3747,22925,49821571,38922335
2022-04-06,4098,21846,49825669,38944181
2022-04-07,3959,23321,49829628,38967502
2022-04-08,4687,26709,49834315,38994211
2022-04-09,4376,23885,49838691,39018096
2022-04-10,893,4614,49839584,39022710
2022-04-11,3812,22685,49843396,39045395
2022-04-12,3357,21780,49846753,39067175
2022-04-13,3559,21331,49850312,39088506
2022-04-14,3483,23776,49853795,39112282
2022-04-15,3078,20618,49856873,39132900
2022-04-16,2149,11920,49859022,39144820
2022-04-17,63,348,49859085,39145168
2022-04-18,149,650,49859234,39145818
2022-04-19,3490,21978,49862724,39167796
2022-04-20,3500,20248,49866224,39188044
2022-04-21,2840,19781,49869064,39207825
2022-04-22,2921,20695,49871985,39228520
2022-04-23,2637,16210,49874622,39244730
2022-04-24,509,2335,49875131,39247065
2022-04-25,183,1165,49875314,39248230
2022-04-26,2760,17792,49878074,39266022
2022-04-27,2368,15784,49880442,39281806
2022-04-28,2353,15553,49882795,39297359
2022-04-29,2291,14835,49885086,39312194
2022-04-30,2121,11576,49887207,39323770
2022-05-01,113,530,49887320,39324300
2022-05-02,1445,9384,49888765,39333684
2022-05-03,1573,10309,49890338,39343993
2022-05-04,1744,10257,49892082,39354250
2022-05-05,1650,10273,49893732,39364523
2022-05-06,1698,10946,49895430,39375469
2022-05-07,1431,8562,49896861,39384031
2022-05-08,404,1514,49897265,39385545
2022-05-09,1024,8917,49898289,39394462
2022-05-10,1421,9537,49899710,39403999
2022-05-11,1480,10087,49901190,39414086
2022-05-12,1368,10119,49902558,39424205
2022-05-13,1587,10510,49904145,39434715
2022-05-14,1357,8227,49905502,39442942
2022-05-15,336,1129,49905838,39444071
2022-05-16,812,8388,49906650,39452459
2022-05-17,1242,8673,49907892,39461132
2022-05-18,1368,9216,49909260,39470348
2022-05-19,1498,9268,49910758,39479616
2022-05-20,1419,9494,49912177,39489110
2022-05-21,1299,7892,49913476,39497002
2022-05-22,231,1012,49913707,39498014
2022-05-23,826,8261,49914533,39506275
2022-05-24,1070,8666,49915603,39514941
2022-05-25,1365,9445,49916968,39524386
2022-05-26,1194,9455,49918162,39533841
2022-05-27,1225,9911,49919387,39543752
2022-05-28,1202,7873,49920589,39551625
2022-05-29,285,1264,49920874,39552889
2022-05-30,930,8026,49921804,39560915
2022-05-31,1033,8531,49922837,39569446
2022-06-01,891,7644,49923728,39577090
2022-06-02,35,474,49923763,39577564
2022-06-03,814,7328,49924577,39584892
2022-06-04,870,5155,49925447,39590047
2022-06-05,89,586,49925536,39590633
2022-06-06,672,6984,49926208,39597617
2022-06-07,931,7841,49927139,39605458
2022-06-08,982,7898,49928121,39613356
2022-06-09,1034,8403,49929155,39621759
2022-06-10,957,8550,49930112,39630309
2022-06-11,900,6207,49931012,39636516
2022-06-12,140,767,49931152,39637283
2022-06-13,603,6295,49931755,39643578
2022-06-14,826,7881,49932581,39651459
2022-06-15,951,7843,49933532,39659302
2022-06-16,728,7386,49934260,39666688
2022-06-17,720,7239,49934980,39673927
2022-06-18,777,5588,49935757,39679515
2022-06-19,47,522,49935804,39680037
2022-06-20,588,6694,49936392,39686731
2022-06-21,733,7645,49937125,39694376
2022-06-22,780,7304,49937905,39701680
2022-06-23,649,7457,49938554,39709137
2022-06-24,644,7473,49939198,39716610
2022-06-25,835,6532,49940033,39723142
2022-06-26,128,523,49940161,39723665
2022-06-27,532,7120,49940693,39730785
2022-06-28,745,8208,49941438,39738993
2022-06-29,755,7718,49942193,39746711
2022-06-30,744,8131,49942937,39754842
2022-07-01,576,6437,49943513,39761279
2022-07-02,536,4765,49944049,39766044
2022-07-03,49,456,49944098,39766500
2022-07-04,470,6270,49944568,39772770
2022-07-05,625,8112,49945193,39780882
2022-07-06,628,7605,49945821,39788487
2022-07-07,567,8254,49946388,39796741
2022-07-08,670,8078,49947058,39804819
2022-07-09,549,6103,49947607,39810922
2022-07-10,58,533,49947665,39811455
2022-07-11,486,7637,49948151,39819092
2022-07-12,663,9001,49948814,39828093
2022-07-13,638,10058,49949452,39838151
2022-07-14,636,10219,49950088,39848370
2022-07-15,623,10663,49950711,39859033
2022-07-16,521,7207,49951232,39866240
2022-07-17,48,769,49951280,39867009
2022-07-18,497,9349,49951777,39876358
2022-07-19,574,10649,49952351,39887007
2022-07-20,576,11256,49952927,39898263
2022-07-21,625,12033,49953552,39910296
2022-07-22,581,11222,49954133,39921518
2022-07-23,378,6740,49954511,39928258
2022-07-24,76,834,49954587,39929092
2022-07-25,500,9031,49955087,39938123
2022-07-26,518,9724,49955605,39947847
2022-07-27,546,10149,49956151,39957996
2022-07-28,527,10475,49956678,39968471
2022-07-29,510,9417,49957188,39977888
2022-07-30,380,5852,49957568,39983740
2022-07-31,49,745,49957617,39984485
2022-08-01,386,6822,49958003,39991307
2022-08-02,537,7513,49958540,39998820
2022-08-03,509,7138,49959049,40005958
2022-08-04,449,7415,49959498,40013373
2022-08-05,416,6478,49959914,40019851
2022-08-06,297,3580,49960211,40023431
2022-08-07,44,550,49960255,40023981
2022-08-08,396,4871,49960651,40028852
2022-08-09,382,5266,49961033,40034118
2022-08-10,373,4779,49961406,40038897
2022-08-11,361,4753,49961767,40043650
2022-08-12,287,3698,49962054,40047348
2022-08-13,141,1595,49962195,40048943
2022-08-14,9,128,49962204,40049071
2022-08-15,1,24,49962205,40049095
2022-08-16,281,3022,49962486,40052117
2022-08-17,351,3513,49962837,40055630
2022-08-18,383,4137,49963220,40059767
2022-08-19,338,3301,49963558,40063068
2022-08-20,182,1711,49963740,40064779
2022-08-21,24,146,49963764,40064925
2022-08-22,326,2929,49964090,40067854
2022-08-23,371,3644,49964461,40071498
2022-08-24,381,3326,49964842,40074824
2022-08-25,417,3702,49965259,40078526
2022-08-26,391,3533,49965650,40082059
2022-08-27,233,1766,49965883,40083825
2022-08-28,29,260,49965912,40084085
2022-08-29,353,3132,49966265,40087217
2022-08-30,398,3630,49966663,40090847
2022-08-31,426,3690,49967089,40094537
2022-09-01,352,3052,49967441,40097589
2022-09-02,287,2854,49967728,40100443
2022-09-03,197,1682,49967925,40102125
2022-09-04,22,147,49967947,40102272
2022-09-05,185,2608,49968132,40104880
2022-09-06,297,2917,49968429,40107797
2022-09-07,509,2803,49968938,40110600
2022-09-08,260,2836,49969198,40113436
2022-09-09,210,1564,49969408,40115000