data_somministrazione,vaccinazioni,booster,cum_vaccinazioni,cum_booster
2020-12-27,19,0,19,0
2020-12-28,2,0,21,0
2020-12-29,1,0,22,0
2020-12-30,6,0,28,0
2020-12-31,67,0,95,0
2021-01-01,22,0,117,0
2021-01-02,107,0,224,0
2021-01-03,80,0,304,0
2021-01-04,201,0,505,0
2021-01-05,237,0,742,0
2021-01-06,199,0,941,0
2021-01-07,291,0,1232,0
2021-01-08,336,0,1568,0
2021-01-09,249,0,1817,0
2021-01-10,145,0,1962,0
2021-01-11,269,0,2231,0
2021-01-12,264,0,2495,0
2021-01-13,389,0,2884,0
2021-01-14,476,0,3360,0
2021-01-15,299,0,3659,0
2021-01-16,206,0,3865,0
2021-01-17,3057,0,6922,0
2021-01-18,5209,0,12131,0
2021-01-19,1893,0,14024,0
2021-01-20,4653,0,18677,0
2021-01-21,19998,0,38675,0
2021-01-22,14200,0,52875,0
2021-01-23,33330,0,86205,0
2021-01-24,30788,0,116993,0
2021-01-25,64725,0,181718,0
2021-01-26,76498,0,258216,0
2021-01-27,64835,0,323051,0
2021-01-28,89288,0,412339,0
2021-01-29,94021,0,506360,0
2021-01-30,86564,0,592924,0
2021-01-31,57334,0,650258,0
2021-02-01,81868,0,732126,0
2021-02-02,82146,0,814272,0
2021-02-03,91190,0,905462,0
2021-02-04,95396,0,1000858,0
2021-02-05,90274,0,1091132,0
2021-02-06,63448,0,1154580,0
2021-02-07,32928,0,1187508,0
2021-02-08,40431,0,1227939,0
2021-02-09,32864,0,1260803,0
2021-02-10,28422,0,1289225,0
2021-02-11,20392,0,1309617,0
2021-02-12,16230,0,1325847,0
2021-02-13,7252,0,1333099,0
2021-02-14,2861,0,1335960,0
2021-02-15,6837,0,1342797,0
2021-02-16,6994,0,1349791,0
2021-02-17,10520,0,1360311,0
2021-02-18,9248,0,1369559,0
2021-02-19,8242,0,1377801,0
2021-02-20,5546,0,1383347,0
2021-02-21,2988,0,1386335,0
2021-02-22,6883,0,1393218,0
2021-02-23,7165,0,1400383,0
2021-02-24,9825,0,1410208,0
2021-02-25,14203,0,1424411,0
2021-02-26,17555,0,1441966,0
2021-02-27,13905,0,1455871,0
2021-02-28,9386,0,1465257,0
2021-03-01,26507,0,1491764,0
2021-03-02,33238,0,1525002,0
2021-03-03,44639,0,1569641,0
2021-03-04,50288,0,1619929,0
2021-03-05,55734,0,1675663,0
2021-03-06,41879,0,1717542,0
2021-03-07,22324,0,1739866,0
2021-03-08,50797,0,1790663,0
2021-03-09,53062,0,1843725,0
2021-03-10,58630,0,1902355,0
2021-03-11,63843,0,1966198,0
2021-03-12,65099,0,2031297,0
2021-03-13,51708,0,2083005,0
2021-03-14,35387,0,2118392,0
2021-03-15,73428,0,2191820,0
2021-03-16,74023,0,2265843,0
2021-03-17,83128,0,2348971,0
2021-03-18,81621,0,2430592,0
2021-03-19,81078,0,2511670,0
2021-03-20,64712,0,2576382,0
2021-03-21,47288,0,2623670,0
2021-03-22,69472,0,2693142,0
2021-03-23,75782,0,2768924,0
2021-03-24,90892,0,2859816,0
2021-03-25,89788,0,2949604,0
2021-03-26,83604,0,3033208,0
2021-03-27,71925,0,3105133,0
2021-03-28,44131,0,3149264,0
2021-03-29,70810,0,3220074,0
2021-03-30,81367,0,3301441,0
2021-03-31,96218,0,3397659,0
2021-04-01,95296,0,3492955,0
2021-04-02,84065,0,3577020,0
2021-04-03,64295,0,3641315,0
2021-04-04,21717,0,3663032,0
2021-04-05,40300,0,3703332,0
2021-04-06,81304,0,3784636,0
2021-04-07,95812,0,3880448,0
2021-04-08,95226,0,3975674,0
2021-04-09,88485,0,4064159,0
2021-04-10,74028,0,4138187,0
2021-04-11,44756,0,4182943,0
2021-04-12,66908,0,4249851,0
2021-04-13,72565,0,4322416,0
2021-04-14,85521,0,4407937,0
2021-04-15,105403,0,4513340,0
2021-04-16,106410,0,4619750,0
2021-04-17,90494,0,4710244,0
2021-04-18,58581,0,4768825,0
2021-04-19,93423,0,4862248,0
2021-04-20,103760,0,4966008,0
2021-04-21,125331,0,5091339,0
2021-04-22,143500,0,5234839,0
2021-04-23,138717,0,5373556,0
2021-04-24,124436,0,5497992,0
2021-04-25,61451,0,5559443,0
2021-04-26,97878,0,5657321,0
2021-04-27,128353,0,5785674,0
2021-04-28,156351,0,5942025,0
2021-04-29,195580,0,6137605,0
2021-04-30,214554,0,6352159,0
2021-05-01,174091,0,6526250,0
2021-05-02,135796,0,6662046,0
2021-05-03,142006,0,6804052,0
2021-05-04,158678,0,6962730,0
2021-05-05,170474,0,7133204,0
2021-05-06,197792,0,7330996,0
2021-05-07,213813,0,7544809,0
2021-05-08,213389,0,7758198,0
2021-05-09,143194,0,7901392,0
2021-05-10,165084,0,8066476,0
2021-05-11,174961,0,8241437,0
2021-05-12,179161,0,8420598,0
2021-05-13,203365,0,8623963,0
2021-05-14,222894,0,8846857,0
2021-05-15,210341,0,9057198,0
2021-05-16,159265,0,9216463,0
2021-05-17,219178,0,9435641,0
2021-05-18,213001,0,9648642,0
2021-05-19,207065,0,9855707,0
2021-05-20,270834,0,10126541,0
2021-05-21,270862,0,10397403,0
2021-05-22,245515,0,10642918,0
2021-05-23,197171,0,10840089,0
2021-05-24,228293,0,11068382,0
2021-05-25,245687,0,11314069,0
2021-05-26,277477,0,11591546,0
2021-05-27,311076,0,11902622,0
2021-05-28,299564,0,12202186,0
2021-05-29,231202,0,12433388,0
2021-05-30,170828,0,12604216,0
2021-05-31,216411,0,12820627,0
2021-06-01,207624,0,13028251,0
2021-06-02,115774,0,13144025,0
2021-06-03,180115,0,13324140,0
2021-06-04,184856,0,13508996,0
2021-06-05,185939,0,13694935,0
2021-06-06,139518,0,13834453,0
2021-06-07,161842,0,13996295,0
2021-06-08,171173,0,14167468,0
2021-06-09,171443,0,14338911,0
2021-06-10,174050,0,14512961,0
2021-06-11,169943,0,14682904,0
2021-06-12,128312,0,14811216,0
2021-06-13,91146,0,14902362,0
2021-06-14,214648,0,15117010,0
2021-06-15,228391,0,15345401,0
2021-06-16,253038,0,15598439,0
2021-06-17,301705,0,15900144,0
2021-06-18,306266,0,16206410,0
2021-06-19,275060,0,16481470,0
2021-06-20,220732,0,16702202,0
2021-06-21,288042,0,16990244,0
2021-06-22,296184,0,17286428,0
2021-06-23,302663,0,17589091,0
2021-06-24,332558,0,17921649,0
2021-06-25,348687,0,18270336,0
2021-06-26,300085,0,18570421,0
2021-06-27,228619,0,18799040,0
2021-06-28,307042,0,19106082,0
2021-06-29,329239,0,19435321,0
2021-06-30,342107,0,19777428,0
2021-07-01,363161,0,20140589,0
2021-07-02,368432,0,20509021,0
2021-07-03,371068,0,20880089,0
2021-07-04,283193,0,21163282,0
2021-07-05,384507,0,21547789,0
2021-07-06,385430,0,21933219,0
2021-07-07,412067,0,22345286,0
2021-07-08,479610,0,22824896,0
2021-07-09,498477,0,23323373,0
2021-07-10,475172,0,23798545,0
2021-07-11,357693,0,24156238,0
2021-07-12,485895,0,24642133,0
2021-07-13,492136,0,25134269,0
2021-07-14,480470,0,25614739,0
2021-07-15,523473,0,26138212,0
2021-07-16,509773,0,26647985,0
2021-07-17,464357,0,27112342,0
2021-07-18,364684,0,27477026,0
2021-07-19,463067,0,27940093,0
2021-07-20,458080,0,28398173,0
2021-07-21,462807,0,28860980,0
2021-07-22,475395,0,29336375,0
2021-07-23,441299,0,29777674,0
2021-07-24,386180,0,30163854,0
2021-07-25,287579,0,30451433,0
2021-07-26,430880,0,30882313,0
2021-07-27,440121,0,31322434,0
2021-07-28,391010,0,31713444,0
2021-07-29,372078,0,32085522,0
2021-07-30,341513,0,32427035,0
2021-07-31,287021,0,32714056,0
2021-08-01,191015,0,32905071,0
2021-08-02,333722,0,33238793,0
2021-08-03,323188,0,33561981,0
2021-08-04,310965,0,33872946,0
2021-08-05,292505,0,34165451,0
2021-08-06,260002,0,34425453,0
2021-08-07,199050,0,34624503,0
2021-08-08,153105,0,34777608,0
2021-08-09,234072,0,35011680,0
2021-08-10,205245,0,35216925,0
2021-08-11,193755,0,35410680,0
2021-08-12,167986,0,35578666,0
2021-08-13,148597,0,35727263,0
2021-08-14,66089,0,35793352,0
2021-08-15,26335,0,35819687,0
2021-08-16,114681,0,35934368,0
2021-08-17,129239,0,36063607,0
2021-08-18,128741,0,36192348,0
2021-08-19,124794,0,36317142,0
2021-08-20,123795,0,36440937,0
2021-08-21,83121,0,36524058,0
2021-08-22,68166,0,36592224,0
2021-08-23,176869,0,36769093,0
2021-08-24,156905,0,36925998,0
2021-08-25,177168,0,37103166,0
2021-08-26,172343,0,37275509,0
2021-08-27,185835,0,37461344,0
2021-08-28,140268,0,37601612,0
2021-08-29,98998,0,37700610,0
2021-08-30,209624,0,37910234,0
2021-08-31,194631,0,38104865,0
2021-09-01,192213,0,38297078,0
2021-09-02,189938,0,38487016,0
2021-09-03,191330,0,38678346,0
2021-09-04,131472,0,38809818,0
2021-09-05,87866,0,38897684,0
2021-09-06,193650,0,39091334,0
2021-09-07,196052,0,39287386,0
2021-09-08,187903,0,39475289,0
2021-09-09,201459,0,39676748,0
2021-09-10,198098,0,39874846,0
2021-09-11,141320,0,40016166,0
2021-09-12,89599,0,40105765,0
2021-09-13,191160,559,40296925,559
2021-09-14,177257,578,40474182,1137
2021-09-15,163117,583,40637299,1720
2021-09-16,160090,928,40797389,2648
2021-09-17,150175,1115,40947564,3763
2021-09-18,127977,740,41075541,4503
2021-09-19,81130,495,41156671,4998
2021-09-20,180077,9075,41336748,14073
2021-09-21,166637,8832,41503385,22905
2021-09-22,159083,9439,41662468,32344
2021-09-23,138085,9322,41800553,41666
2021-09-24,140538,8957,41941091,50623
2021-09-25,119555,5637,42060646,56260
2021-09-26,71960,4340,42132606,60600
2021-09-27,135642,10048,42268248,70648
2021-09-28,117498,11385,42385746,82033
2021-09-29,112335,11827,42498081,93860
2021-09-30,110233,14950,42608314,108810
2021-10-01,94978,19108,42703292,127918
2021-10-02,78487,14014,42781779,141932
2021-10-03,47739,7657,42829518,149589
2021-10-04,88378,34445,42917896,184034
2021-10-05,80367,33971,42998263,218005
2021-10-06,71985,34163,43070248,252168
2021-10-07,71855,34347,43142103,286515
2021-10-08,80624,33589,43222727,320104
2021-10-09,76102,22170,43298829,342274
2021-10-10,45775,13616,43344604,355890
2021-10-11,87419,41106,43432023,396996
2021-10-12,84491,46898,43516514,443894
2021-10-13,88193,52115,43604707,496009
2021-10-14,91529,58512,43696236,554521
2021-10-15,93594,55627,43789830,610148
2021-10-16,82966,36782,43872796,646930
2021-10-17,51465,23827,43924261,670757
2021-10-18,90297,59482,44014558,730239
2021-10-19,78344,69371,44092902,799610
2021-10-20,75074,78165,44167976,877775
2021-10-21,78298,81752,44246274,959527
2021-10-22,73785,77023,44320059,1036550
2021-10-23,60818,51954,44380877,1088504
2021-10-24,33378,23456,44414255,1111960
2021-10-25,64907,81622,44479162,1193582
2021-10-26,58373,91779,44537535,1285361
2021-10-27,58329,103971,44595864,1389332
2021-10-28,61467,114100,44657331,1503432
2021-10-29,61656,103114,44718987,1606546
2021-10-30,50670,68116,44769657,1674662
2021-10-31,25163,28290,44794820,1702952
2021-11-01,19046,28148,44813866,1731100
2021-11-02,62762,89374,44876628,1820474
2021-11-03,60732,118653,44937360,1939127
2021-11-04,59241,126663,44996601,2065790
2021-11-05,63096,135170,45059697,2200960
2021-11-06,46476,90925,45106173,2291885
2021-11-07,22251,37895,45128424,2329780
2021-11-08,51529,131262,45179953,2461042
2021-11-09,45405,144198,45225358,2605240
2021-11-10,42581,156343,45267939,2761583
2021-11-11,44933,155133,45312872,2916716
2021-11-12,46369,158575,45359241,3075291
2021-11-13,33253,116650,45392494,3191941
2021-11-14,14481,52444,45406975,3244385
2021-11-15,36893,157426,45443868,3401811
2021-11-16,30548,171375,45474416,3573186
2021-11-17,28448,178435,45502864,3751621
2021-11-18,30284,193715,45533148,3945336
2021-11-19,28801,205850,45561949,4151186
2021-11-20,20992,156437,45582941,4307623
2021-11-21,10609,64858,45593550,4372481
2021-11-22,21934,213138,45615484,4585619
2021-11-23,23571,241743,45639055,4827362
2021-11-24,27842,270944,45666897,5098306
2021-11-25,23233,301903,45690130,5400209
2021-11-26,24584,318262,45714714,5718471
2021-11-27,21380,266149,45736094,5984620
2021-11-28,9898,137057,45745992,6121677
2021-11-29,22324,326060,45768316,6447737
2021-11-30,23085,365820,45791401,6813557
2021-12-01,21520,413498,45812921,7227055
2021-12-02,23758,440375,45836679,7667430
2021-12-03,25252,467454,45861931,8134884
2021-12-04,22359,418731,45884290,8553615
2021-12-05,11919,261327,45896209,8814942
2021-12-06,25819,457563,45922028,9272505
2021-12-07,24127,480249,45946155,9752754
2021-12-08,10002,249684,45956157,10002438
2021-12-09,31576,491906,45987733,10494344
2021-12-10,28062,517863,46015795,11012207
2021-12-11,23558,459242,46039353,11471449
2021-12-12,12305,293492,46051658,11764941
2021-12-13,26149,467617,46077807,12232558
2021-12-14,25169,494187,46102976,12726745
2021-12-15,25328,517125,46128304,13243870
2021-12-16,27877,520235,46156181,13764105
2021-12-17,29356,517157,46185537,14281262
2021-12-18,27047,468713,46212584,14749975
2021-12-19,15137,300514,46227721,15050489
2021-12-20,30614,477478,46258335,15527967
2021-12-21,30361,493376,46288696,16021343
2021-12-22,29435,484700,46318131,16506043
2021-12-23,28235,426891,46346366,16932934
2021-12-24,13113,210821,46359479,17143755
2021-12-25,2101,33053,46361580,17176808
2021-12-26,8758,159065,46370338,17335873
2021-12-27,46776,504650,46417114,17840523
2021-12-28,42439,554203,46459553,18394726
2021-12-29,34332,550625,46493885,18945351
2021-12-30,31817,499818,46525702,19445169
2021-12-31,14113,247389,46539815,19692558
2022-01-01,3494,64814,46543309,19757372
2022-01-02,22751,276718,46566060,20034090
2022-01-03,47836,520004,46613896,20554094
2022-01-04,46333,572075,46660229,21126169
2022-01-05,40715,560390,46700944,21686559
2022-01-06,23465,274480,46724409,21961039
2022-01-07,63667,554177,46788076,22515216
2022-01-08,60816,503373,46848892,23018589
2022-01-09,42805,319682,46891697,23338271
2022-01-10,61042,542278,46952739,23880549
2022-01-11,61677,586977,47014416,24467526
2022-01-12,58403,581272,47072819,25048798
2022-01-13,58569,580369,47131388,25629167
2022-01-14,46740,588558,47178128,26217725
2022-01-15,39351,569930,47217479,26787655
2022-01-16,31163,341847,47248642,27129502
2022-01-17,54744,489647,47303386,27619149
2022-01-18,58359,517006,47361745,28136155
2022-01-19,57163,502773,47418908,28638928
2022-01-20,54309,498812,47473217,29137740
2022-01-21,42048,493861,47515265,29631601
2022-01-22,31141,469588,47546406,30101189
2022-01-23,34908,275358,47581314,30376547
2022-01-24,56152,437204,47637466,30813751
2022-01-25,61529,452089,47698995,31265840
2022-01-26,58514,435818,47757509,31701658
2022-01-27,48808,432348,47806317,32134006
2022-01-28,58668,436526,47864985,32570532
2022-01-29,68099,412481,47933084,32983013
2022-01-30,50355,235962,47983439,33218975
2022-01-31,60599,356920,48044038,33575895
2022-02-01,65520,328432,48109558,33904327
2022-02-02,63166,296964,48172724,34201291
2022-02-03,60036,274512,48232760,34475803
2022-02-04,72354,268449,48305114,34744252
2022-02-05,83742,248527,48388856,34992779
2022-02-06,55273,116198,48444129,35108977
2022-02-07,65119,199933,48509248,35308910
2022-02-08,66915,186105,48576163,35495015
2022-02-09,58748,166333,48634911,35661348
2022-02-10,58548,163232,48693459,35824580
2022-02-11,62226,162454,48755685,35987034
2022-02-12,71958,152133,48827643,36139167
2022-02-13,41467,68846,48869110,36208013
2022-02-14,46675,116187,48915785,36324200
2022-02-15,48514,123477,48964299,36447677
2022-02-16,45668,106112,49009967,36553789
2022-02-17,42851,98102,49052818,36651891
2022-02-18,46603,112568,49099421,36764459
2022-02-19,52519,100323,49151940,36864782
2022-02-20,31409,40357,49183349,36905139
2022-02-21,37885,89641,49221234,36994780
2022-02-22,37214,83768,49258448,37078548
2022-02-23,33381,79403,49291829,37157951
2022-02-24,32551,78157,49324380,37236108
2022-02-25,34750,90706,49359130,37326814
2022-02-26,39148,89131,49398278,37415945
2022-02-27,22540,35855,49420818,37451800
2022-02-28,28469,81683,49449287,37533483
2022-03-01,22708,53937,49471995,37587420
2022-03-02,21991,50625,49493986,37638045
2022-03-03,22604,54940,49516590,37692985
2022-03-04,23215,62788,49539805,37755773
2022-03-05,23786,57950,49563591,37813723
2022-03-06,9470,17200,49573061,37830923
2022-03-07,15900,51386,49588961,37882309
2022-03-08,15464,48794,49604425,37931103
2022-03-09,13806,46512,49618231,37977615
2022-03-10,14040,52115,49632271,38029730
2022-03-11,15571,57253,49647842,38086983
2022-03-12,15491,56614,49663333,38143597
2022-03-13,5542,16849,49668875,38160446
2022-03-14,10519,46692,49679394,38207138
2022-03-15,10534,46890,49689928,38254028
2022-03-16,9473,41976,49699401,38296004
2022-03-17,9704,44875,49709105,38340879
2022-03-18,10152,49051,49719257,38389930
2022-03-19,9146,46530,49728403,38436460
2022-03-20,2607,11700,49731010,38448160
2022-03-21,7575,40220,49738585,38488380
2022-03-22,8444,37752,49747029,38526132
2022-03-23,7209,33699,49754238,38559831
2022-03-24,8251,38797,49762489,38598628
2022-03-25,8130,43659,49770619,38642287
2022-03-26,8120,41720,49778739,38684007
2022-03-27,2429,9681,49781168,38693688
2022-03-28,6101,35231,49787269,38728919
2022-03-29,5773,32523,49793042,38761442
2022-03-30,5557,30195,49798599,38791637
2022-03-31,5887,33175,49804486,38824812
2022-04-01,4342,25187,49808828,38849999
2022-04-02,4489,23273,49813317,38873272
2022-04-03,1049,4499,49814366,38877771
2022-04-04,3653,21532,49818019,38899303
2022-04-05,3750,22924,49821769,38922227
2022-04-06,4098,21846,49825867,38944073
2022-04-07,3961,23320,49829828,38967393
2022-04-08,4689,26709,49834517,38994102
2022-04-09,4376,23884,49838893,39017986
2022-04-10,892,4614,49839785,39022600
2022-04-11,3812,22684,49843597,39045284
2022-04-12,3356,21779,49846953,39067063
2022-04-13,3559,21332,49850512,39088395
2022-04-14,3481,23775,49853993,39112170
2022-04-15,3079,20618,49857072,39132788
2022-04-16,2147,11919,49859219,39144707
2022-04-17,63,348,49859282,39145055
2022-04-18,149,650,49859431,39145705
2022-04-19,3490,21978,49862921,39167683
2022-04-20,3502,20249,49866423,39187932
2022-04-21,2840,19781,49869263,39207713
2022-04-22,2920,20695,49872183,39228408
2022-04-23,2636,16212,49874819,39244620
2022-04-24,509,2335,49875328,39246955
2022-04-25,183,1165,49875511,39248120
2022-04-26,2760,17791,49878271,39265911
2022-04-27,2368,15784,49880639,39281695
2022-04-28,2355,15553,49882994,39297248
2022-04-29,2291,14836,49885285,39312084
2022-04-30,2121,11576,49887406,39323660
2022-05-01,113,530,49887519,39324190
2022-05-02,1449,9385,49888968,39333575
2022-05-03,1573,10309,49890541,39343884
2022-05-04,1746,10257,49892287,39354141
2022-05-05,1650,10273,49893937,39364414
2022-05-06,1698,10945,49895635,39375359
2022-05-07,1431,8562,49897066,39383921
2022-05-08,404,1514,49897470,39385435
2022-05-09,1024,8917,49898494,39394352
2022-05-10,1422,9538,49899916,39403890
2022-05-11,1481,10087,49901397,39413977
2022-05-12,1368,10118,49902765,39424095
2022-05-13,1587,10510,49904352,39434605
2022-05-14,1357,8227,49905709,39442832
2022-05-15,336,1129,49906045,39443961
2022-05-16,812,8388,49906857,39452349
2022-05-17,1242,8673,49908099,39461022
2022-05-18,1369,9216,49909468,39470238
2022-05-19,1498,9269,49910966,39479507
2022-05-20,1418,9495,49912384,39489002
2022-05-21,1299,7892,49913683,39496894
2022-05-22,231,1012,49913914,39497906
2022-05-23,826,8261,49914740,39506167
2022-05-24,1070,8666,49915810,39514833
2022-05-25,1366,9445,49917176,39524278
2022-05-26,1194,9455,49918370,39533733
2022-05-27,1225,9911,49919595,39543644
2022-05-28,1201,7873,49920796,39551517
2022-05-29,285,1264,49921081,39552781
2022-05-30,930,8026,49922011,39560807
2022-05-31,1033,8531,49923044,39569338
2022-06-01,891,7644,49923935,39576982
2022-06-02,35,474,49923970,39577456
2022-06-03,814,7328,49924784,39584784
2022-06-04,870,5155,49925654,39589939
2022-06-05,89,586,49925743,39590525
2022-06-06,672,6984,49926415,39597509
2022-06-07,931,7841,49927346,39605350
2022-06-08,982,7900,49928328,39613250
2022-06-09,1034,8400,49929362,39621650
2022-06-10,957,8550,49930319,39630200
2022-06-11,900,6206,49931219,39636406
2022-06-12,140,767,49931359,39637173
2022-06-13,603,6295,49931962,39643468
2022-06-14,826,7881,49932788,39651349
2022-06-15,952,7843,49933740,39659192
2022-06-16,728,7389,49934468,39666581
2022-06-17,720,7239,49935188,39673820
2022-06-18,777,5588,49935965,39679408
2022-06-19,47,522,49936012,39679930
2022-06-20,588,6694,49936600,39686624
2022-06-21,733,7646,49937333,39694270
2022-06-22,780,7305,49938113,39701575
2022-06-23,649,7458,49938762,39709033
2022-06-24,643,7473,49939405,39716506
2022-06-25,835,6532,49940240,39723038
2022-06-26,128,523,49940368,39723561
2022-06-27,532,7120,49940900,39730681
2022-06-28,745,8208,49941645,39738889
2022-06-29,754,7719,49942399,39746608
2022-06-30,744,8131,49943143,39754739
2022-07-01,576,6437,49943719,39761176
2022-07-02,536,4765,49944255,39765941
2022-07-03,49,456,49944304,39766397
2022-07-04,470,6273,49944774,39772670
2022-07-05,627,8112,49945401,39780782
2022-07-06,629,7606,49946030,39788388
2022-07-07,567,8256,49946597,39796644
2022-07-08,670,8078,49947267,39804722
2022-07-09,549,6103,49947816,39810825
2022-07-10,58,533,49947874,39811358
2022-07-11,487,7638,49948361,39818996
2022-07-12,663,9001,49949024,39827997
2022-07-13,638,10058,49949662,39838055
2022-07-14,636,10222,49950298,39848277
2022-07-15,623,10664,49950921,39858941
2022-07-16,521,7208,49951442,39866149
2022-07-17,48,769,49951490,39866918
2022-07-18,497,9349,49951987,39876267
2022-07-19,574,10649,49952561,39886916
2022-07-20,576,11257,49953137,39898173
2022-07-21,625,12034,49953762,39910207
2022-07-22,581,11224,49954343,39921431
2022-07-23,379,6739,49954722,39928170
2022-07-24,76,834,49954798,39929004
2022-07-25,500,9031,49955298,39938035
2022-07-26,518,9724,49955816,39947759
2022-07-27,545,10150,49956361,39957909
2022-07-28,527,10477,49956888,39968386
2022-07-29,511,9419,49957399,39977805
2022-07-30,380,5851,49957779,39983656
2022-07-31,49,745,49957828,39984401
2022-08-01,386,6822,49958214,39991223
2022-08-02,538,7515,49958752,39998738
2022-08-03,509,7141,49959261,40005879
2022-08-04,451,7418,49959712,40013297
2022-08-05,415,6479,49960127,40019776
2022-08-06,297,3580,49960424,40023356
2022-08-07,44,551,49960468,40023907
2022-08-08,396,4873,49960864,40028780
2022-08-09,382,5267,49961246,40034047
2022-08-10,374,4782,49961620,40038829
2022-08-11,365,4756,49961985,40043585
2022-08-12,287,3699,49962272,40047284
2022-08-13,143,1595,49962415,40048879
2022-08-14,9,128,49962424,40049007
2022-08-15,1,24,49962425,40049031
2022-08-16,281,3022,49962706,40052053
2022-08-17,351,3513,49963057,40055566
2022-08-18,384,4142,49963441,40059708
2022-08-19,338,3302,49963779,40063010
2022-08-20,182,1711,49963961,40064721
2022-08-21,24,146,49963985,40064867
2022-08-22,326,2928,49964311,40067795
2022-08-23,371,3645,49964682,40071440
2022-08-24,381,3330,49965063,40074770
2022-08-25,418,3703,49965481,40078473
2022-08-26,393,3540,49965874,40082013
2022-08-27,233,1767,49966107,40083780
2022-08-28,29,260,49966136,40084040
2022-08-29,353,3133,49966489,40087173
2022-08-30,399,3633,49966888,40090806
2022-08-31,428,3695,49967316,40094501
2022-09-01,351,3059,49967667,40097560
2022-09-02,289,2861,49967956,40100421
2022-09-03,197,1683,49968153,40102104
2022-09-04,22,147,49968175,40102251
2022-09-05,185,2619,49968360,40104870
2022-09-06,299,2942,49968659,40107812
2022-09-07,535,2878,49969194,40110690
2022-09-08,276,2901,49969470,40113591
2022-09-09,295,2810,49969765,40116401
2022-09-10,224,1316,49969989,40117717
2022-09-11,21,121,49970010,40117838
2022-09-12,260,1900,49970270,40119738
2022-09-13,228,1838,49970498,40121576
2022-09-14,138,964,49970636,40122540