data_somministrazione,vaccinazioni,booster,cum_vaccinazioni,cum_booster
2020-12-27,22,0,22,0
2020-12-28,2,0,24,0
2020-12-29,1,0,25,0
2020-12-30,9,0,34,0
2020-12-31,80,0,114,0
2021-01-01,26,0,140,0
2021-01-02,151,0,291,0
2021-01-03,112,0,403,0
2021-01-04,245,0,648,0
2021-01-05,290,0,938,0
2021-01-06,261,0,1199,0
2021-01-07,331,0,1530,0
2021-01-08,384,0,1914,0
2021-01-09,289,0,2203,0
2021-01-10,171,0,2374,0
2021-01-11,312,0,2686,0
2021-01-12,290,0,2976,0
2021-01-13,423,0,3399,0
2021-01-14,506,0,3905,0
2021-01-15,325,0,4230,0
2021-01-16,225,0,4455,0
2021-01-17,3065,0,7520,0
2021-01-18,5220,0,12740,0
2021-01-19,1896,0,14636,0
2021-01-20,4659,0,19295,0
2021-01-21,20004,0,39299,0
2021-01-22,14220,0,53519,0
2021-01-23,33316,0,86835,0
2021-01-24,30775,0,117610,0
2021-01-25,64698,0,182308,0
2021-01-26,76457,0,258765,0
2021-01-27,64803,0,323568,0
2021-01-28,89244,0,412812,0
2021-01-29,93992,0,506804,0
2021-01-30,86539,0,593343,0
2021-01-31,57321,0,650664,0
2021-02-01,81833,0,732497,0
2021-02-02,82128,0,814625,0
2021-02-03,91102,0,905727,0
2021-02-04,95381,0,1001108,0
2021-02-05,90265,0,1091373,0
2021-02-06,63450,0,1154823,0
2021-02-07,32935,0,1187758,0
2021-02-08,40421,0,1228179,0
2021-02-09,32880,0,1261059,0
2021-02-10,28439,0,1289498,0
2021-02-11,20408,0,1309906,0
2021-02-12,16252,0,1326158,0
2021-02-13,7280,0,1333438,0
2021-02-14,2862,0,1336300,0
2021-02-15,6851,0,1343151,0
2021-02-16,7007,0,1350158,0
2021-02-17,10527,0,1360685,0
2021-02-18,9258,0,1369943,0
2021-02-19,8259,0,1378202,0
2021-02-20,5582,0,1383784,0
2021-02-21,3015,0,1386799,0
2021-02-22,6883,0,1393682,0
2021-02-23,7190,0,1400872,0
2021-02-24,9816,0,1410688,0
2021-02-25,14215,0,1424903,0
2021-02-26,17563,0,1442466,0
2021-02-27,13925,0,1456391,0
2021-02-28,9398,0,1465789,0
2021-03-01,26531,0,1492320,0
2021-03-02,33247,0,1525567,0
2021-03-03,44653,0,1570220,0
2021-03-04,50303,0,1620523,0
2021-03-05,55745,0,1676268,0
2021-03-06,41885,0,1718153,0
2021-03-07,22332,0,1740485,0
2021-03-08,50840,0,1791325,0
2021-03-09,53095,0,1844420,0
2021-03-10,58700,0,1903120,0
2021-03-11,63894,0,1967014,0
2021-03-12,65145,0,2032159,0
2021-03-13,51734,0,2083893,0
2021-03-14,35427,0,2119320,0
2021-03-15,73463,0,2192783,0
2021-03-16,74029,0,2266812,0
2021-03-17,83143,0,2349955,0
2021-03-18,81632,0,2431587,0
2021-03-19,81090,0,2512677,0
2021-03-20,64742,0,2577419,0
2021-03-21,47310,0,2624729,0
2021-03-22,69507,0,2694236,0
2021-03-23,75820,0,2770056,0
2021-03-24,90940,0,2860996,0
2021-03-25,89830,0,2950826,0
2021-03-26,83645,0,3034471,0
2021-03-27,71964,0,3106435,0
2021-03-28,44192,0,3150627,0
2021-03-29,70851,0,3221478,0
2021-03-30,81420,0,3302898,0
2021-03-31,96268,0,3399166,0
2021-04-01,95340,0,3494506,0
2021-04-02,84088,0,3578594,0
2021-04-03,64314,0,3642908,0
2021-04-04,21726,0,3664634,0
2021-04-05,40323,0,3704957,0
2021-04-06,81348,0,3786305,0
2021-04-07,95849,0,3882154,0
2021-04-08,95266,0,3977420,0
2021-04-09,88510,0,4065930,0
2021-04-10,74039,0,4139969,0
2021-04-11,44773,0,4184742,0
2021-04-12,66928,0,4251670,0
2021-04-13,72600,0,4324270,0
2021-04-14,85560,0,4409830,0
2021-04-15,105428,0,4515258,0
2021-04-16,106436,0,4621694,0
2021-04-17,90532,0,4712226,0
2021-04-18,58599,0,4770825,0
2021-04-19,93446,0,4864271,0
2021-04-20,103783,0,4968054,0
2021-04-21,125346,0,5093400,0
2021-04-22,143538,0,5236938,0
2021-04-23,138764,0,5375702,0
2021-04-24,124454,0,5500156,0
2021-04-25,61471,0,5561627,0
2021-04-26,97919,0,5659546,0
2021-04-27,128380,0,5787926,0
2021-04-28,156402,0,5944328,0
2021-04-29,195627,0,6139955,0
2021-04-30,214622,0,6354577,0
2021-05-01,174149,0,6528726,0
2021-05-02,135817,0,6664543,0
2021-05-03,142078,0,6806621,0
2021-05-04,158720,0,6965341,0
2021-05-05,170556,0,7135897,0
2021-05-06,197834,0,7333731,0
2021-05-07,213886,0,7547617,0
2021-05-08,213445,0,7761062,0
2021-05-09,143222,0,7904284,0
2021-05-10,165109,0,8069393,0
2021-05-11,175017,0,8244410,0
2021-05-12,179237,0,8423647,0
2021-05-13,203426,0,8627073,0
2021-05-14,222950,0,8850023,0
2021-05-15,210399,0,9060422,0
2021-05-16,159292,0,9219714,0
2021-05-17,219226,0,9438940,0
2021-05-18,213036,0,9651976,0
2021-05-19,207106,0,9859082,0
2021-05-20,270911,0,10129993,0
2021-05-21,270916,0,10400909,0
2021-05-22,245556,0,10646465,0
2021-05-23,197199,0,10843664,0
2021-05-24,228314,0,11071978,0
2021-05-25,245705,0,11317683,0
2021-05-26,277577,0,11595260,0
2021-05-27,311110,0,11906370,0
2021-05-28,299589,0,12205959,0
2021-05-29,231261,0,12437220,0
2021-05-30,170858,0,12608078,0
2021-05-31,216444,0,12824522,0
2021-06-01,207648,0,13032170,0
2021-06-02,115809,0,13147979,0
2021-06-03,180186,0,13328165,0
2021-06-04,184935,0,13513100,0
2021-06-05,186014,0,13699114,0
2021-06-06,139604,0,13838718,0
2021-06-07,161920,0,14000638,0
2021-06-08,171308,0,14171946,0
2021-06-09,171540,0,14343486,0
2021-06-10,174180,0,14517666,0
2021-06-11,170060,0,14687726,0
2021-06-12,128415,0,14816141,0
2021-06-13,91250,0,14907391,0
2021-06-14,214717,0,15122108,0
2021-06-15,228473,0,15350581,0
2021-06-16,253119,0,15603700,0
2021-06-17,301800,0,15905500,0
2021-06-18,306345,0,16211845,0
2021-06-19,275141,0,16486986,0
2021-06-20,220837,0,16707823,0
2021-06-21,288118,0,16995941,0
2021-06-22,296275,0,17292216,0
2021-06-23,302715,0,17594931,0
2021-06-24,332632,0,17927563,0
2021-06-25,348748,0,18276311,0
2021-06-26,300158,0,18576469,0
2021-06-27,228707,0,18805176,0
2021-06-28,307170,0,19112346,0
2021-06-29,329358,0,19441704,0
2021-06-30,342238,0,19783942,0
2021-07-01,363260,0,20147202,0
2021-07-02,368515,0,20515717,0
2021-07-03,371106,0,20886823,0
2021-07-04,283249,0,21170072,0
2021-07-05,384571,0,21554643,0
2021-07-06,385496,0,21940139,0
2021-07-07,412142,0,22352281,0
2021-07-08,479588,0,22831869,0
2021-07-09,498464,0,23330333,0
2021-07-10,475175,0,23805508,0
2021-07-11,357689,0,24163197,0
2021-07-12,485871,0,24649068,0
2021-07-13,492064,0,25141132,0
2021-07-14,480426,0,25621558,0
2021-07-15,523409,0,26144967,0
2021-07-16,509740,0,26654707,0
2021-07-17,464319,0,27119026,0
2021-07-18,364625,0,27483651,0
2021-07-19,463034,0,27946685,0
2021-07-20,458044,0,28404729,0
2021-07-21,462786,0,28867515,0
2021-07-22,475371,0,29342886,0
2021-07-23,441325,0,29784211,0
2021-07-24,386144,0,30170355,0
2021-07-25,287538,0,30457893,0
2021-07-26,430890,0,30888783,0
2021-07-27,440103,0,31328886,0
2021-07-28,391013,0,31719899,0
2021-07-29,372074,0,32091973,0
2021-07-30,341522,0,32433495,0
2021-07-31,287048,0,32720543,0
2021-08-01,190994,0,32911537,0
2021-08-02,333713,0,33245250,0
2021-08-03,323185,0,33568435,0
2021-08-04,310996,0,33879431,0
2021-08-05,292479,0,34171910,0
2021-08-06,260044,0,34431954,0
2021-08-07,199069,0,34631023,0
2021-08-08,153108,0,34784131,0
2021-08-09,234080,0,35018211,0
2021-08-10,205295,0,35223506,0
2021-08-11,193797,0,35417303,0
2021-08-12,168079,0,35585382,0
2021-08-13,148676,0,35734058,0
2021-08-14,66104,0,35800162,0
2021-08-15,26345,0,35826507,0
2021-08-16,114724,0,35941231,0
2021-08-17,129257,0,36070488,0
2021-08-18,128763,0,36199251,0
2021-08-19,124864,0,36324115,0
2021-08-20,123797,0,36447912,0
2021-08-21,83135,0,36531047,0
2021-08-22,68182,0,36599229,0
2021-08-23,176869,0,36776098,0
2021-08-24,156891,0,36932989,0
2021-08-25,177169,0,37110158,0
2021-08-26,172347,0,37282505,0
2021-08-27,185829,0,37468334,0
2021-08-28,140293,0,37608627,0
2021-08-29,98995,0,37707622,0
2021-08-30,209582,0,37917204,0
2021-08-31,194640,0,38111844,0
2021-09-01,192217,0,38304061,0
2021-09-02,189924,0,38493985,0
2021-09-03,191277,0,38685262,0
2021-09-04,131439,0,38816701,0
2021-09-05,87839,0,38904540,0
2021-09-06,193598,0,39098138,0
2021-09-07,196038,0,39294176,0
2021-09-08,187855,0,39482031,0
2021-09-09,201415,0,39683446,0
2021-09-10,198050,0,39881496,0
2021-09-11,141289,0,40022785,0
2021-09-12,89592,0,40112377,0
2021-09-13,191097,664,40303474,664
2021-09-14,177206,661,40480680,1325
2021-09-15,163079,656,40643759,1981
2021-09-16,160033,1016,40803792,2997
2021-09-17,150153,1174,40953945,4171
2021-09-18,127984,783,41081929,4954
2021-09-19,81142,512,41163071,5466
2021-09-20,180058,9137,41343129,14603
2021-09-21,166676,8865,41509805,23468
2021-09-22,159121,9465,41668926,32933
2021-09-23,138107,9360,41807033,42293
2021-09-24,140551,9021,41947584,51314
2021-09-25,119564,5677,42067148,56991
2021-09-26,71992,4369,42139140,61360
2021-09-27,135670,10090,42274810,71450
2021-09-28,117521,11435,42392331,82885
2021-09-29,112381,11856,42504712,94741
2021-09-30,110295,14986,42615007,109727
2021-10-01,95004,19144,42710011,128871
2021-10-02,78526,14048,42788537,142919
2021-10-03,47760,7671,42836297,150590
2021-10-04,88390,34491,42924687,185081
2021-10-05,80385,34023,43005072,219104
2021-10-06,72008,34219,43077080,253323
2021-10-07,71883,34380,43148963,287703
2021-10-08,80649,33628,43229612,321331
2021-10-09,76115,22202,43305727,343533
2021-10-10,45793,13632,43351520,357165
2021-10-11,87447,41136,43438967,398301
2021-10-12,84516,46939,43523483,445240
2021-10-13,88226,52173,43611709,497413
2021-10-14,91560,58563,43703269,555976
2021-10-15,93599,55687,43796868,611663
2021-10-16,82976,36832,43879844,648495
2021-10-17,51461,23864,43931305,672359
2021-10-18,90301,59526,44021606,731885
2021-10-19,78355,69421,44099961,801306
2021-10-20,75061,78214,44175022,879520
2021-10-21,78280,81826,44253302,961346
2021-10-22,73766,77091,44327068,1038437
2021-10-23,60839,51976,44387907,1090413
2021-10-24,33370,23482,44421277,1113895
2021-10-25,64894,81673,44486171,1195568
2021-10-26,58372,91844,44544543,1287412
2021-10-27,58318,104044,44602861,1391456
2021-10-28,61442,114166,44664303,1505622
2021-10-29,61623,103199,44725926,1608821
2021-10-30,50672,68160,44776598,1676981
2021-10-31,25159,28314,44801757,1705295
2021-11-01,19050,28159,44820807,1733454
2021-11-02,62737,89446,44883544,1822900
2021-11-03,60714,118707,44944258,1941607
2021-11-04,59239,126708,45003497,2068315
2021-11-05,63091,135233,45066588,2203548
2021-11-06,46495,90944,45113083,2294492
2021-11-07,22248,37908,45135331,2332400
2021-11-08,51523,131301,45186854,2463701
2021-11-09,45402,144237,45232256,2607938
2021-11-10,42593,156381,45274849,2764319
2021-11-11,44930,155177,45319779,2919496
2021-11-12,46300,158712,45366079,3078208
2021-11-13,33273,116683,45399352,3194891
2021-11-14,14490,52462,45413842,3247353
2021-11-15,36906,157448,45450748,3404801
2021-11-16,30569,171414,45481317,3576215
2021-11-17,28469,178470,45509786,3754685
2021-11-18,30296,193770,45540082,3948455
2021-11-19,28823,205890,45568905,4154345
2021-11-20,21017,156460,45589922,4310805
2021-11-21,10613,64870,45600535,4375675
2021-11-22,21962,213163,45622497,4588838
2021-11-23,23608,241802,45646105,4830640
2021-11-24,27769,271102,45673874,5101742
2021-11-25,23269,301953,45697143,5403695
2021-11-26,24600,318313,45721743,5722008
2021-11-27,21419,266174,45743162,5988182
2021-11-28,9911,137072,45753073,6125254
2021-11-29,22369,326081,45775442,6451335
2021-11-30,23121,365862,45798563,6817197
2021-12-01,21561,413547,45820124,7230744
2021-12-02,23799,440445,45843923,7671189
2021-12-03,25283,467546,45869206,8138735
2021-12-04,22389,418811,45891595,8557546
2021-12-05,11943,261370,45903538,8818916
2021-12-06,25848,457637,45929386,9276553
2021-12-07,24170,480308,45953556,9756861
2021-12-08,10032,249723,45963588,10006584
2021-12-09,31627,491968,45995215,10498552
2021-12-10,28109,517939,46023324,11016491
2021-12-11,23595,459288,46046919,11475779
2021-12-12,12327,293536,46059246,11769315
2021-12-13,26185,467663,46085431,12236978
2021-12-14,25208,494246,46110639,12731224
2021-12-15,25381,517191,46136020,13248415
2021-12-16,27936,520309,46163956,13768724
2021-12-17,29403,517229,46193359,14285953
2021-12-18,27117,468788,46220476,14754741
2021-12-19,15174,300546,46235650,15055287
2021-12-20,30683,477512,46266333,15532799
2021-12-21,30421,493450,46296754,16026249
2021-12-22,29493,484759,46326247,16511008
2021-12-23,28290,426971,46354537,16937979
2021-12-24,13124,210847,46367661,17148826
2021-12-25,2105,33053,46369766,17181879
2021-12-26,8782,159077,46378548,17340956
2021-12-27,46851,504703,46425399,17845659
2021-12-28,42514,554268,46467913,18399927
2021-12-29,34409,550685,46502322,18950612
2021-12-30,31903,499870,46534225,19450482
2021-12-31,14151,247410,46548376,19697892
2022-01-01,3502,64814,46551878,19762706
2022-01-02,22839,276728,46574717,20039434
2022-01-03,47963,520037,46622680,20559471
2022-01-04,46491,572107,46669171,21131578
2022-01-05,40864,560430,46710035,21692008
2022-01-06,23543,274491,46733578,21966499
2022-01-07,63813,554227,46797391,22520726
2022-01-08,61000,503426,46858391,23024152
2022-01-09,42978,319709,46901369,23343861
2022-01-10,61185,542330,46962554,23886191
2022-01-11,61876,587040,47024430,24473231
2022-01-12,58572,581316,47083002,25054547
2022-01-13,58729,580436,47141731,25634983
2022-01-14,46956,588626,47188687,26223609
2022-01-15,39593,570002,47228280,26793611
2022-01-16,31332,341898,47259612,27135509
2022-01-17,54862,489698,47314474,27625207
2022-01-18,58478,517058,47372952,28142265
2022-01-19,57277,502827,47430229,28645092
2022-01-20,54432,498866,47484661,29143958
2022-01-21,42193,493903,47526854,29637861
2022-01-22,31315,469622,47558169,30107483
2022-01-23,34984,275392,47593153,30382875
2022-01-24,56231,437255,47649384,30820130
2022-01-25,61606,452135,47710990,31272265
2022-01-26,58601,435851,47769591,31708116
2022-01-27,48900,432415,47818491,32140531
2022-01-28,58767,436567,47877258,32577098
2022-01-29,68199,412520,47945457,32989618
2022-01-30,50412,235991,47995869,33225609
2022-01-31,60726,356952,48056595,33582561
2022-02-01,65621,328473,48122216,33911034
2022-02-02,63255,297000,48185471,34208034
2022-02-03,60097,274541,48245568,34482575
2022-02-04,72418,268474,48317986,34751049
2022-02-05,83818,248560,48401804,34999609
2022-02-06,55309,116207,48457113,35115816
2022-02-07,65192,199947,48522305,35315763
2022-02-08,66959,186132,48589264,35501895
2022-02-09,58778,166356,48648042,35668251
2022-02-10,58604,163256,48706646,35831507
2022-02-11,62277,162481,48768923,35993988
2022-02-12,72016,152157,48840939,36146145
2022-02-13,41487,68859,48882426,36215004
2022-02-14,46711,116194,48929137,36331198
2022-02-15,48573,123482,48977710,36454680
2022-02-16,45695,106132,49023405,36560812
2022-02-17,42876,98127,49066281,36658939
2022-02-18,46639,112590,49112920,36771529
2022-02-19,52547,100341,49165467,36871870
2022-02-20,31416,40367,49196883,36912237
2022-02-21,37902,89658,49234785,37001895
2022-02-22,37227,83785,49272012,37085680
2022-02-23,33403,79409,49305415,37165089
2022-02-24,32561,78168,49337976,37243257
2022-02-25,34775,90714,49372751,37333971
2022-02-26,39163,89139,49411914,37423110
2022-02-27,22548,35859,49434462,37458969
2022-02-28,28489,81700,49462951,37540669
2022-03-01,22733,53943,49485684,37594612
2022-03-02,21937,50712,49507621,37645324
2022-03-03,22641,54947,49530262,37700271
2022-03-04,23244,62801,49553506,37763072
2022-03-05,23804,57953,49577310,37821025
2022-03-06,9473,17201,49586783,37838226
2022-03-07,15927,51391,49602710,37889617
2022-03-08,15481,48797,49618191,37938414
2022-03-09,13816,46517,49632007,37984931
2022-03-10,14061,52127,49646068,38037058
2022-03-11,15593,57273,49661661,38094331
2022-03-12,15513,56620,49677174,38150951
2022-03-13,5545,16852,49682719,38167803
2022-03-14,10529,46701,49693248,38214504
2022-03-15,10554,46895,49703802,38261399
2022-03-16,9484,41977,49713286,38303376
2022-03-17,9725,44876,49723011,38348252
2022-03-18,10163,49059,49733174,38397311
2022-03-19,9151,46539,49742325,38443850
2022-03-20,2608,11704,49744933,38455554
2022-03-21,7586,40231,49752519,38495785
2022-03-22,8448,37768,49760967,38533553
2022-03-23,7220,33701,49768187,38567254
2022-03-24,8260,38821,49776447,38606075
2022-03-25,8143,43673,49784590,38649748
2022-03-26,8129,41722,49792719,38691470
2022-03-27,2432,9683,49795151,38701153
2022-03-28,6112,35244,49801263,38736397
2022-03-29,5783,32532,49807046,38768929
2022-03-30,5567,30205,49812613,38799134
2022-03-31,5905,33187,49818518,38832321
2022-04-01,4351,25189,49822869,38857510
2022-04-02,4497,23275,49827366,38880785
2022-04-03,1049,4500,49828415,38885285
2022-04-04,3661,21545,49832076,38906830
2022-04-05,3758,22938,49835834,38929768
2022-04-06,4105,21853,49839939,38951621
2022-04-07,3970,23321,49843909,38974942
2022-04-08,4696,26715,49848605,39001657
2022-04-09,4381,23889,49852986,39025546
2022-04-10,893,4613,49853879,39030159
2022-04-11,3819,22689,49857698,39052848
2022-04-12,3365,21779,49861063,39074627
2022-04-13,3574,21337,49864637,39095964
2022-04-14,3487,23789,49868124,39119753
2022-04-15,3086,20621,49871210,39140374
2022-04-16,2151,11918,49873361,39152292
2022-04-17,63,348,49873424,39152640
2022-04-18,152,650,49873576,39153290
2022-04-19,3499,21985,49877075,39175275
2022-04-20,3513,20250,49880588,39195525
2022-04-21,2848,19793,49883436,39215318
2022-04-22,2928,20715,49886364,39236033
2022-04-23,2648,16222,49889012,39252255
2022-04-24,509,2334,49889521,39254589
2022-04-25,183,1165,49889704,39255754
2022-04-26,2760,17810,49892464,39273564
2022-04-27,2374,15795,49894838,39289359
2022-04-28,2362,15566,49897200,39304925
2022-04-29,2298,14850,49899498,39319775
2022-04-30,2123,11584,49901621,39331359
2022-05-01,113,531,49901734,39331890
2022-05-02,1451,9393,49903185,39341283
2022-05-03,1577,10325,49904762,39351608
2022-05-04,1747,10276,49906509,39361884
2022-05-05,1654,10297,49908163,39372181
2022-05-06,1702,10972,49909865,39383153
2022-05-07,1431,8573,49911296,39391726
2022-05-08,417,1526,49911713,39393252
2022-05-09,1029,8931,49912742,39402183
2022-05-10,1426,9549,49914168,39411732
2022-05-11,1484,10109,49915652,39421841
2022-05-12,1371,10137,49917023,39431978
2022-05-13,1597,10520,49918620,39442498
2022-05-14,1360,8240,49919980,39450738
2022-05-15,336,1136,49920316,39451874
2022-05-16,814,8406,49921130,39460280
2022-05-17,1244,8707,49922374,39468987
2022-05-18,1373,9256,49923747,39478243
2022-05-19,1501,9287,49925248,39487530
2022-05-20,1426,9532,49926674,39497062
2022-05-21,1302,7901,49927976,39504963
2022-05-22,231,1013,49928207,39505976
2022-05-23,830,8273,49929037,39514249
2022-05-24,1073,8673,49930110,39522922
2022-05-25,1372,9460,49931482,39532382
2022-05-26,1198,9480,49932680,39541862
2022-05-27,1232,9916,49933912,39551778
2022-05-28,1205,7889,49935117,39559667
2022-05-29,288,1265,49935405,39560932
2022-05-30,931,8058,49936336,39568990
2022-05-31,1039,8548,49937375,39577538
2022-06-01,895,7656,49938270,39585194
2022-06-02,35,474,49938305,39585668
2022-06-03,817,7334,49939122,39593002
2022-06-04,870,5162,49939992,39598164
2022-06-05,89,586,49940081,39598750
2022-06-06,679,7004,49940760,39605754
2022-06-07,952,7850,49941712,39613604
2022-06-08,981,7906,49942693,39621510
2022-06-09,1037,8418,49943730,39629928
2022-06-10,958,8563,49944688,39638491
2022-06-11,904,6206,49945592,39644697
2022-06-12,140,768,49945732,39645465
2022-06-13,602,6301,49946334,39651766
2022-06-14,832,7904,49947166,39659670
2022-06-15,960,7856,49948126,39667526
2022-06-16,733,7397,49948859,39674923
2022-06-17,724,7248,49949583,39682171
2022-06-18,778,5594,49950361,39687765
2022-06-19,49,521,49950410,39688286
2022-06-20,587,6699,49950997,39694985
2022-06-21,741,7664,49951738,39702649
2022-06-22,779,7312,49952517,39709961
2022-06-23,648,7472,49953165,39717433
2022-06-24,644,7474,49953809,39724907
2022-06-25,835,6533,49954644,39731440
2022-06-26,128,523,49954772,39731963
2022-06-27,534,7126,49955306,39739089
2022-06-28,747,8207,49956053,39747296
2022-06-29,756,7732,49956809,39755028
2022-06-30,747,8145,49957556,39763173
2022-07-01,577,6443,49958133,39769616
2022-07-02,536,4769,49958669,39774385
2022-07-03,49,456,49958718,39774841
2022-07-04,469,6277,49959187,39781118
2022-07-05,631,8122,49959818,39789240
2022-07-06,634,7611,49960452,39796851
2022-07-07,576,8272,49961028,39805123
2022-07-08,674,8086,49961702,39813209
2022-07-09,550,6105,49962252,39819314
2022-07-10,58,533,49962310,39819847
2022-07-11,491,7641,49962801,39827488
2022-07-12,668,9031,49963469,39836519
2022-07-13,644,10067,49964113,39846586
2022-07-14,637,10225,49964750,39856811
2022-07-15,627,10673,49965377,39867484
2022-07-16,523,7215,49965900,39874699
2022-07-17,48,770,49965948,39875469
2022-07-18,496,9374,49966444,39884843
2022-07-19,575,10683,49967019,39895526
2022-07-20,582,11277,49967601,39906803
2022-07-21,630,12093,49968231,39918896
2022-07-22,585,11260,49968816,39930156
2022-07-23,381,6775,49969197,39936931
2022-07-24,76,857,49969273,39937788
2022-07-25,503,9052,49969776,39946840
2022-07-26,522,9763,49970298,39956603
2022-07-27,553,10210,49970851,39966813
2022-07-28,532,10535,49971383,39977348
2022-07-29,511,9466,49971894,39986814
2022-07-30,383,5882,49972277,39992696
2022-07-31,49,764,49972326,39993460
2022-08-01,386,6865,49972712,40000325
2022-08-02,548,7590,49973260,40007915
2022-08-03,513,7179,49973773,40015094
2022-08-04,455,7491,49974228,40022585
2022-08-05,421,6526,49974649,40029111
2022-08-06,299,3613,49974948,40032724
2022-08-07,44,563,49974992,40033287
2022-08-08,403,4890,49975395,40038177
2022-08-09,381,5312,49975776,40043489
2022-08-10,385,4816,49976161,40048305
2022-08-11,369,4803,49976530,40053108
2022-08-12,294,3720,49976824,40056828
2022-08-13,143,1600,49976967,40058428
2022-08-14,9,129,49976976,40058557
2022-08-15,1,26,49976977,40058583
2022-08-16,283,3043,49977260,40061626
2022-08-17,352,3536,49977612,40065162
2022-08-18,393,4160,49978005,40069322
2022-08-19,342,3319,49978347,40072641
2022-08-20,183,1715,49978530,40074356
2022-08-21,24,149,49978554,40074505
2022-08-22,329,2952,49978883,40077457
2022-08-23,370,3674,49979253,40081131
2022-08-24,384,3360,49979637,40084491
2022-08-25,422,3773,49980059,40088264
2022-08-26,399,3575,49980458,40091839
2022-08-27,237,1769,49980695,40093608
2022-08-28,29,267,49980724,40093875
2022-08-29,354,3161,49981078,40097036
2022-08-30,405,3671,49981483,40100707
2022-08-31,438,3734,49981921,40104441
2022-09-01,353,3116,49982274,40107557
2022-09-02,296,2893,49982570,40110450
2022-09-03,200,1689,49982770,40112139
2022-09-04,24,149,49982794,40112288
2022-09-05,187,2656,49982981,40114944
2022-09-06,306,2983,49983287,40117927
2022-09-07,541,2937,49983828,40120864
2022-09-08,293,2963,49984121,40123827
2022-09-09,305,2886,49984426,40126713
2022-09-10,228,1326,49984654,40128039
2022-09-11,23,124,49984677,40128163
2022-09-12,267,2268,49984944,40130431
2022-09-13,252,2277,49985196,40132708
2022-09-14,266,2566,49985462,40135274
2022-09-15,282,2501,49985744,40137775
2022-09-16,256,2546,49986000,40140321
2022-09-17,239,1339,49986239,40141660
2022-09-18,20,170,49986259,40141830
2022-09-19,206,1971,49986465,40143801
2022-09-20,235,2392,49986700,40146193
2022-09-21,289,2526,49986989,40148719
2022-09-22,267,2663,49987256,40151382
2022-09-23,259,2545,49987515,40153927
2022-09-24,193,1427,49987708,40155354
2022-09-25,29,133,49987737,40155487
2022-09-26,280,2248,49988017,40157735
2022-09-27,287,2683,49988304,40160418
2022-09-28,310,2904,49988614,40163322
2022-09-29,257,3049,49988871,40166371
2022-09-30,292,2989,49989163,40169360
2022-10-01,195,1515,49989358,40170875
2022-10-02,12,187,49989370,40171062
2022-10-03,185,2474,49989555,40173536
2022-10-04,236,2862,49989791,40176398
2022-10-05,229,3252,49990020,40179650
2022-10-06,243,3874,49990263,40183524
2022-10-07,283,4189,49990546,40187713
2022-10-08,204,2270,49990750,40189983
2022-10-09,8,305,49990758,40190288
2022-10-10,211,3356,49990969,40193644
2022-10-11,194,4378,49991163,40198022
2022-10-12,209,4441,49991372,40202463
2022-10-13,204,5304,49991576,40207767
2022-10-14,232,5026,49991808,40212793
2022-10-15,191,2671,49991999,40215464
2022-10-16,6,360,49992005,40215824
2022-10-17,186,3873,49992191,40219697
2022-10-18,257,4967,49992448,40224664
2022-10-19,244,5478,49992692,40230142
2022-10-20,224,5997,49992916,40236139
2022-10-21,250,5477,49993166,40241616
2022-10-22,195,2911,49993361,40244527
2022-10-23,13,364,49993374,40244891
2022-10-24,171,3930,49993545,40248821
2022-10-25,253,4926,49993798,40253747
2022-10-26,347,5503,49994145,40259250
2022-10-27,241,5671,49994386,40264921
2022-10-28,200,5262,49994586,40270183
2022-10-29,128,2844,49994714,40273027
2022-10-30,3,328,49994717,40273355
2022-10-31,117,3042,49994834,40276397
2022-11-01,11,353,49994845,40276750
2022-11-02,145,3721,49994990,40280471
2022-11-03,174,4788,49995164,40285259
2022-11-04,225,4603,49995389,40289862
2022-11-05,144,2598,49995533,40292460
2022-11-06,10,261,49995543,40292721
2022-11-07,169,3225,49995712,40295946
2022-11-08,260,4251,49995972,40300197
2022-11-09,197,4331,49996169,40304528
2022-11-10,183,4590,49996352,40309118
2022-11-11,193,4221,49996545,40313339
2022-11-12,152,2376,49996697,40315715
2022-11-13,7,338,49996704,40316053
2022-11-14,149,2838,49996853,40318891
2022-11-15,202,3748,49997055,40322639
2022-11-16,217,3991,49997272,40326630
2022-11-17,191,4102,49997463,40330732
2022-11-18,247,4031,49997710,40334763
2022-11-19,112,2104,49997822,40336867
2022-11-20,24,317,49997846,40337184
2022-11-21,119,2620,49997965,40339804
2022-11-22,143,3214,49998108,40343018
2022-11-23,190,3624,49998298,40346642
2022-11-24,156,3832,49998454,40350474
2022-11-25,184,3783,49998638,40354257
2022-11-26,132,2093,49998770,40356350
2022-11-27,22,356,49998792,40356706
2022-11-28,182,2682,49998974,40359388
2022-11-29,257,3229,49999231,40362617
2022-11-30,182,3731,49999413,40366348
2022-12-01,150,3620,49999563,40369968
2022-12-02,156,3524,49999719,40373492
2022-12-03,105,1967,49999824,40375459
2022-12-04,5,290,49999829,40375749
2022-12-05,128,2851,49999957,40378600
2022-12-06,176,3649,50000133,40382249
2022-12-07,135,3129,50000268,40385378
2022-12-08,8,169,50000276,40385547
2022-12-09,160,3019,50000436,40388566
2022-12-10,78,1603,50000514,40390169
2022-12-11,7,193,50000521,40390362
2022-12-12,170,2529,50000691,40392891
2022-12-13,254,3032,50000945,40395923
2022-12-14,226,3203,50001171,40399126
2022-12-15,204,3241,50001375,40402367
2022-12-16,162,3155,50001537,40405522
2022-12-17,94,1676,50001631,40407198
2022-12-18,10,270,50001641,40407468
2022-12-19,144,2150,50001785,40409618
2022-12-20,210,2484,50001995,40412102
2022-12-21,153,2186,50002148,40414288
2022-12-22,140,1850,50002288,40416138
2022-12-23,149,1201,50002437,40417339
2022-12-24,32,160,50002469,40417499
2022-12-25,0,6,50002469,40417505
2022-12-26,6,41,50002475,40417546
2022-12-27,132,1543,50002607,40419089
2022-12-28,130,1729,50002737,40420818
2022-12-29,47,889,50002784,40421707