data_somministrazione,vaccinazioni,booster,cum_vaccinazioni,cum_booster
2020-12-27,20,0,20,0
2020-12-28,2,0,22,0
2020-12-29,1,0,23,0
2020-12-30,10,0,33,0
2020-12-31,74,0,107,0
2021-01-01,25,0,132,0
2021-01-02,138,0,270,0
2021-01-03,100,0,370,0
2021-01-04,231,0,601,0
2021-01-05,276,0,877,0
2021-01-06,243,0,1120,0
2021-01-07,318,0,1438,0
2021-01-08,372,0,1810,0
2021-01-09,280,0,2090,0
2021-01-10,165,0,2255,0
2021-01-11,301,0,2556,0
2021-01-12,281,0,2837,0
2021-01-13,412,0,3249,0
2021-01-14,499,0,3748,0
2021-01-15,316,0,4064,0
2021-01-16,222,0,4286,0
2021-01-17,3063,0,7349,0
2021-01-18,5219,0,12568,0
2021-01-19,1894,0,14462,0
2021-01-20,4659,0,19121,0
2021-01-21,20008,0,39129,0
2021-01-22,14220,0,53349,0
2021-01-23,33325,0,86674,0
2021-01-24,30777,0,117451,0
2021-01-25,64711,0,182162,0
2021-01-26,76469,0,258631,0
2021-01-27,64815,0,323446,0
2021-01-28,89257,0,412703,0
2021-01-29,94002,0,506705,0
2021-01-30,86545,0,593250,0
2021-01-31,57325,0,650575,0
2021-02-01,81840,0,732415,0
2021-02-02,82135,0,814550,0
2021-02-03,91107,0,905657,0
2021-02-04,95388,0,1001045,0
2021-02-05,90266,0,1091311,0
2021-02-06,63446,0,1154757,0
2021-02-07,32934,0,1187691,0
2021-02-08,40423,0,1228114,0
2021-02-09,32878,0,1260992,0
2021-02-10,28434,0,1289426,0
2021-02-11,20405,0,1309831,0
2021-02-12,16247,0,1326078,0
2021-02-13,7279,0,1333357,0
2021-02-14,2862,0,1336219,0
2021-02-15,6846,0,1343065,0
2021-02-16,7004,0,1350069,0
2021-02-17,10526,0,1360595,0
2021-02-18,9254,0,1369849,0
2021-02-19,8254,0,1378103,0
2021-02-20,5577,0,1383680,0
2021-02-21,3011,0,1386691,0
2021-02-22,6882,0,1393573,0
2021-02-23,7186,0,1400759,0
2021-02-24,9812,0,1410571,0
2021-02-25,14213,0,1424784,0
2021-02-26,17556,0,1442340,0
2021-02-27,13917,0,1456257,0
2021-02-28,9393,0,1465650,0
2021-03-01,26521,0,1492171,0
2021-03-02,33246,0,1525417,0
2021-03-03,44645,0,1570062,0
2021-03-04,50298,0,1620360,0
2021-03-05,55738,0,1676098,0
2021-03-06,41876,0,1717974,0
2021-03-07,22328,0,1740302,0
2021-03-08,50831,0,1791133,0
2021-03-09,53087,0,1844220,0
2021-03-10,58680,0,1902900,0
2021-03-11,63877,0,1966777,0
2021-03-12,65130,0,2031907,0
2021-03-13,51728,0,2083635,0
2021-03-14,35418,0,2119053,0
2021-03-15,73458,0,2192511,0
2021-03-16,74027,0,2266538,0
2021-03-17,83137,0,2349675,0
2021-03-18,81626,0,2431301,0
2021-03-19,81091,0,2512392,0
2021-03-20,64735,0,2577127,0
2021-03-21,47310,0,2624437,0
2021-03-22,69496,0,2693933,0
2021-03-23,75809,0,2769742,0
2021-03-24,90919,0,2860661,0
2021-03-25,89820,0,2950481,0
2021-03-26,83642,0,3034123,0
2021-03-27,71954,0,3106077,0
2021-03-28,44175,0,3150252,0
2021-03-29,70844,0,3221096,0
2021-03-30,81400,0,3302496,0
2021-03-31,96258,0,3398754,0
2021-04-01,95322,0,3494076,0
2021-04-02,84084,0,3578160,0
2021-04-03,64302,0,3642462,0
2021-04-04,21723,0,3664185,0
2021-04-05,40319,0,3704504,0
2021-04-06,81334,0,3785838,0
2021-04-07,95839,0,3881677,0
2021-04-08,95255,0,3976932,0
2021-04-09,88501,0,4065433,0
2021-04-10,74033,0,4139466,0
2021-04-11,44767,0,4184233,0
2021-04-12,66918,0,4251151,0
2021-04-13,72587,0,4323738,0
2021-04-14,85551,0,4409289,0
2021-04-15,105423,0,4514712,0
2021-04-16,106425,0,4621137,0
2021-04-17,90526,0,4711663,0
2021-04-18,58597,0,4770260,0
2021-04-19,93434,0,4863694,0
2021-04-20,103775,0,4967469,0
2021-04-21,125342,0,5092811,0
2021-04-22,143525,0,5236336,0
2021-04-23,138749,0,5375085,0
2021-04-24,124454,0,5499539,0
2021-04-25,61468,0,5561007,0
2021-04-26,97907,0,5658914,0
2021-04-27,128369,0,5787283,0
2021-04-28,156385,0,5943668,0
2021-04-29,195615,0,6139283,0
2021-04-30,214605,0,6353888,0
2021-05-01,174136,0,6528024,0
2021-05-02,135803,0,6663827,0
2021-05-03,142067,0,6805894,0
2021-05-04,158709,0,6964603,0
2021-05-05,170534,0,7135137,0
2021-05-06,197818,0,7332955,0
2021-05-07,213870,0,7546825,0
2021-05-08,213439,0,7760264,0
2021-05-09,143219,0,7903483,0
2021-05-10,165102,0,8068585,0
2021-05-11,175003,0,8243588,0
2021-05-12,179215,0,8422803,0
2021-05-13,203413,0,8626216,0
2021-05-14,222939,0,8849155,0
2021-05-15,210387,0,9059542,0
2021-05-16,159285,0,9218827,0
2021-05-17,219217,0,9438044,0
2021-05-18,213030,0,9651074,0
2021-05-19,207097,0,9858171,0
2021-05-20,270884,0,10129055,0
2021-05-21,270907,0,10399962,0
2021-05-22,245542,0,10645504,0
2021-05-23,197188,0,10842692,0
2021-05-24,228308,0,11071000,0
2021-05-25,245700,0,11316700,0
2021-05-26,277513,0,11594213,0
2021-05-27,311096,0,11905309,0
2021-05-28,299583,0,12204892,0
2021-05-29,231243,0,12436135,0
2021-05-30,170849,0,12606984,0
2021-05-31,216435,0,12823419,0
2021-06-01,207640,0,13031059,0
2021-06-02,115802,0,13146861,0
2021-06-03,180169,0,13327030,0
2021-06-04,184914,0,13511944,0
2021-06-05,185991,0,13697935,0
2021-06-06,139581,0,13837516,0
2021-06-07,161899,0,13999415,0
2021-06-08,171275,0,14170690,0
2021-06-09,171517,0,14342207,0
2021-06-10,174146,0,14516353,0
2021-06-11,170014,0,14686367,0
2021-06-12,128375,0,14814742,0
2021-06-13,91223,0,14905965,0
2021-06-14,214707,0,15120672,0
2021-06-15,228451,0,15349123,0
2021-06-16,253108,0,15602231,0
2021-06-17,301770,0,15904001,0
2021-06-18,306325,0,16210326,0
2021-06-19,275117,0,16485443,0
2021-06-20,220811,0,16706254,0
2021-06-21,288093,0,16994347,0
2021-06-22,296247,0,17290594,0
2021-06-23,302703,0,17593297,0
2021-06-24,332616,0,17925913,0
2021-06-25,348726,0,18274639,0
2021-06-26,300142,0,18574781,0
2021-06-27,228688,0,18803469,0
2021-06-28,307142,0,19110611,0
2021-06-29,329326,0,19439937,0
2021-06-30,342208,0,19782145,0
2021-07-01,363243,0,20145388,0
2021-07-02,368495,0,20513883,0
2021-07-03,371099,0,20884982,0
2021-07-04,283236,0,21168218,0
2021-07-05,384561,0,21552779,0
2021-07-06,385487,0,21938266,0
2021-07-07,412136,0,22350402,0
2021-07-08,479593,0,22829995,0
2021-07-09,498468,0,23328463,0
2021-07-10,475171,0,23803634,0
2021-07-11,357697,0,24161331,0
2021-07-12,485878,0,24647209,0
2021-07-13,492084,0,25139293,0
2021-07-14,480443,0,25619736,0
2021-07-15,523436,0,26143172,0
2021-07-16,509757,0,26652929,0
2021-07-17,464327,0,27117256,0
2021-07-18,364640,0,27481896,0
2021-07-19,463032,0,27944928,0
2021-07-20,458050,0,28402978,0
2021-07-21,462786,0,28865764,0
2021-07-22,475384,0,29341148,0
2021-07-23,441320,0,29782468,0
2021-07-24,386146,0,30168614,0
2021-07-25,287557,0,30456171,0
2021-07-26,430889,0,30887060,0
2021-07-27,440114,0,31327174,0
2021-07-28,391019,0,31718193,0
2021-07-29,372076,0,32090269,0
2021-07-30,341516,0,32431785,0
2021-07-31,287039,0,32718824,0
2021-08-01,191001,0,32909825,0
2021-08-02,333708,0,33243533,0
2021-08-03,323183,0,33566716,0
2021-08-04,310978,0,33877694,0
2021-08-05,292486,0,34170180,0
2021-08-06,260035,0,34430215,0
2021-08-07,199060,0,34629275,0
2021-08-08,153107,0,34782382,0
2021-08-09,234084,0,35016466,0
2021-08-10,205270,0,35221736,0
2021-08-11,193784,0,35415520,0
2021-08-12,168056,0,35583576,0
2021-08-13,148655,0,35732231,0
2021-08-14,66101,0,35798332,0
2021-08-15,26341,0,35824673,0
2021-08-16,114710,0,35939383,0
2021-08-17,129252,0,36068635,0
2021-08-18,128764,0,36197399,0
2021-08-19,124839,0,36322238,0
2021-08-20,123797,0,36446035,0
2021-08-21,83136,0,36529171,0
2021-08-22,68177,0,36597348,0
2021-08-23,176872,0,36774220,0
2021-08-24,156898,0,36931118,0
2021-08-25,177173,0,37108291,0
2021-08-26,172354,0,37280645,0
2021-08-27,185827,0,37466472,0
2021-08-28,140285,0,37606757,0
2021-08-29,98991,0,37705748,0
2021-08-30,209586,0,37915334,0
2021-08-31,194644,0,38109978,0
2021-09-01,192214,0,38302192,0
2021-09-02,189934,0,38492126,0
2021-09-03,191287,0,38683413,0
2021-09-04,131452,0,38814865,0
2021-09-05,87850,0,38902715,0
2021-09-06,193608,0,39096323,0
2021-09-07,196039,0,39292362,0
2021-09-08,187869,0,39480231,0
2021-09-09,201434,0,39681665,0
2021-09-10,198063,0,39879728,0
2021-09-11,141288,0,40021016,0
2021-09-12,89590,0,40110606,0
2021-09-13,191113,632,40301719,632
2021-09-14,177220,638,40478939,1270
2021-09-15,163082,642,40642021,1912
2021-09-16,160051,988,40802072,2900
2021-09-17,150163,1161,40952235,4061
2021-09-18,127982,771,41080217,4832
2021-09-19,81142,506,41161359,5338
2021-09-20,180068,9118,41341427,14456
2021-09-21,166669,8856,41508096,23312
2021-09-22,159111,9460,41667207,32772
2021-09-23,138091,9355,41805298,42127
2021-09-24,140556,9002,41945854,51129
2021-09-25,119560,5668,42065414,56797
2021-09-26,71990,4361,42137404,61158
2021-09-27,135666,10075,42273070,71233
2021-09-28,117515,11419,42390585,82652
2021-09-29,112370,11850,42502955,94502
2021-09-30,110278,14979,42613233,109481
2021-10-01,94994,19139,42708227,128620
2021-10-02,78518,14041,42786745,142661
2021-10-03,47758,7668,42834503,150329
2021-10-04,88389,34478,42922892,184807
2021-10-05,80382,34012,43003274,218819
2021-10-06,72005,34202,43075279,253021
2021-10-07,71878,34369,43147157,287390
2021-10-08,80633,33621,43227790,321011
2021-10-09,76111,22190,43303901,343201
2021-10-10,45788,13630,43349689,356831
2021-10-11,87446,41129,43437135,397960
2021-10-12,84517,46929,43521652,444889
2021-10-13,88209,52162,43609861,497051
2021-10-14,91549,58553,43701410,555604
2021-10-15,93598,55671,43795008,611275
2021-10-16,82969,36821,43877977,648096
2021-10-17,51463,23856,43929440,671952
2021-10-18,90300,59515,44019740,731467
2021-10-19,78350,69402,44098090,800869
2021-10-20,75064,78204,44173154,879073
2021-10-21,78294,81805,44251448,960878
2021-10-22,73772,77075,44325220,1037953
2021-10-23,60834,51973,44386054,1089926
2021-10-24,33367,23479,44419421,1113405
2021-10-25,64899,81661,44484320,1195066
2021-10-26,58375,91830,44542695,1286896
2021-10-27,58315,104028,44601010,1390924
2021-10-28,61452,114150,44662462,1505074
2021-10-29,61638,103175,44724100,1608249
2021-10-30,50678,68138,44774778,1676387
2021-10-31,25160,28308,44799938,1704695
2021-11-01,19048,28158,44818986,1732853
2021-11-02,62740,89431,44881726,1822284
2021-11-03,60717,118695,44942443,1940979
2021-11-04,59238,126696,45001681,2067675
2021-11-05,63093,135217,45064774,2202892
2021-11-06,46487,90937,45111261,2293829
2021-11-07,22250,37904,45133511,2331733
2021-11-08,51529,131292,45185040,2463025
2021-11-09,45402,144235,45230442,2607260
2021-11-10,42593,156370,45273035,2763630
2021-11-11,44928,155167,45317963,2918797
2021-11-12,46313,158677,45364276,3077474
2021-11-13,33264,116676,45397540,3194150
2021-11-14,14491,52458,45412031,3246608
2021-11-15,36909,157443,45448940,3404051
2021-11-16,30566,171403,45479506,3575454
2021-11-17,28469,178460,45507975,3753914
2021-11-18,30293,193761,45538268,3947675
2021-11-19,28814,205882,45567082,4153557
2021-11-20,21003,156459,45588085,4310016
2021-11-21,10611,64871,45598696,4374887
2021-11-22,21956,213160,45620652,4588047
2021-11-23,23603,241794,45644255,4829841
2021-11-24,27806,271039,45672061,5100880
2021-11-25,23265,301932,45695326,5402812
2021-11-26,24598,318303,45719924,5721115
2021-11-27,21401,266168,45741325,5987283
2021-11-28,9908,137067,45751233,6124350
2021-11-29,22363,326074,45773596,6450424
2021-11-30,23114,365862,45796710,6816286
2021-12-01,21551,413528,45818261,7229814
2021-12-02,23790,440437,45842051,7670251
2021-12-03,25268,467529,45867319,8137780
2021-12-04,22392,418793,45889711,8556573
2021-12-05,11944,261364,45901655,8817937
2021-12-06,25839,457628,45927494,9275565
2021-12-07,24155,480302,45951649,9755867
2021-12-08,10027,249718,45961676,10005585
2021-12-09,31617,491959,45993293,10497544
2021-12-10,28094,517926,46021387,11015470
2021-12-11,23583,459275,46044970,11474745
2021-12-12,12318,293524,46057288,11768269
2021-12-13,26172,467653,46083460,12235922
2021-12-14,25202,494233,46108662,12730155
2021-12-15,25366,517191,46134028,13247346
2021-12-16,27919,520300,46161947,13767646
2021-12-17,29392,517215,46191339,14284861
2021-12-18,27102,468775,46218441,14753636
2021-12-19,15168,300540,46233609,15054176
2021-12-20,30668,477502,46264277,15531678
2021-12-21,30405,493431,46294682,16025109
2021-12-22,29476,484750,46324158,16509859
2021-12-23,28285,426954,46352443,16936813
2021-12-24,13123,210841,46365566,17147654
2021-12-25,2104,33053,46367670,17180707
2021-12-26,8774,159076,46376444,17339783
2021-12-27,46842,504690,46423286,17844473
2021-12-28,42505,554252,46465791,18398725
2021-12-29,34391,550675,46500182,18949400
2021-12-30,31885,499862,46532067,19449262
2021-12-31,14142,247406,46546209,19696668
2022-01-01,3498,64815,46549707,19761483
2022-01-02,22817,276726,46572524,20038209
2022-01-03,47923,520035,46620447,20558244
2022-01-04,46456,572100,46666903,21130344
2022-01-05,40825,560415,46707728,21690759
2022-01-06,23529,274491,46731257,21965250
2022-01-07,63784,554219,46795041,22519469
2022-01-08,60951,503410,46855992,23022879
2022-01-09,42942,319700,46898934,23342579
2022-01-10,61155,542324,46960089,23884903
2022-01-11,61825,587035,47021914,24471938
2022-01-12,58529,581303,47080443,25053241
2022-01-13,58692,580429,47139135,25633670
2022-01-14,46915,588606,47186050,26222276
2022-01-15,39534,569980,47225584,26792256
2022-01-16,31298,341888,47256882,27134144
2022-01-17,54840,489685,47311722,27623829
2022-01-18,58457,517046,47370179,28140875
2022-01-19,57254,502820,47427433,28643695
2022-01-20,54406,498857,47481839,29142552
2022-01-21,42162,493898,47524001,29636450
2022-01-22,31273,469615,47555274,30106065
2022-01-23,34973,275386,47590247,30381451
2022-01-24,56223,437241,47646470,30818692
2022-01-25,61587,452129,47708057,31270821
2022-01-26,58574,435845,47766631,31706666
2022-01-27,48881,432398,47815512,32139064
2022-01-28,58739,436556,47874251,32575620
2022-01-29,68177,412510,47942428,32988130
2022-01-30,50403,235985,47992831,33224115
2022-01-31,60688,356943,48053519,33581058
2022-02-01,65600,328462,48119119,33909520
2022-02-02,63238,296990,48182357,34206510
2022-02-03,60086,274530,48242443,34481040
2022-02-04,72399,268468,48314842,34749508
2022-02-05,83814,248548,48398656,34998056
2022-02-06,55305,116207,48453961,35114263
2022-02-07,65174,199946,48519135,35314209
2022-02-08,66952,186124,48586087,35500333
2022-02-09,58773,166348,48644860,35666681
2022-02-10,58593,163245,48703453,35829926
2022-02-11,62273,162473,48765726,35992399
2022-02-12,72000,152152,48837726,36144551
2022-02-13,41478,68854,48879204,36213405
2022-02-14,46707,116190,48925911,36329595
2022-02-15,48556,123481,48974467,36453076
2022-02-16,45684,106127,49020151,36559203
2022-02-17,42869,98118,49063020,36657321
2022-02-18,46631,112582,49109651,36769903
2022-02-19,52542,100339,49162193,36870242
2022-02-20,31411,40368,49193604,36910610
2022-02-21,37900,89658,49231504,37000268
2022-02-22,37225,83780,49268729,37084048
2022-02-23,33399,79409,49302128,37163457
2022-02-24,32562,78164,49334690,37241621
2022-02-25,34769,90713,49369459,37332334
2022-02-26,39160,89136,49408619,37421470
2022-02-27,22546,35857,49431165,37457327
2022-02-28,28483,81695,49459648,37539022
2022-03-01,22724,53942,49482372,37592964
2022-03-02,21957,50685,49504329,37643649
2022-03-03,22629,54947,49526958,37698596
2022-03-04,23239,62799,49550197,37761395
2022-03-05,23802,57952,49573999,37819347
2022-03-06,9472,17201,49583471,37836548
2022-03-07,15921,51391,49599392,37887939
2022-03-08,15480,48795,49614872,37936734
2022-03-09,13814,46519,49628686,37983253
2022-03-10,14053,52123,49642739,38035376
2022-03-11,15589,57270,49658328,38092646
2022-03-12,15509,56619,49673837,38149265
2022-03-13,5545,16852,49679382,38166117
2022-03-14,10526,46701,49689908,38212818
2022-03-15,10550,46895,49700458,38259713
2022-03-16,9482,41974,49709940,38301687
2022-03-17,9722,44874,49719662,38346561
2022-03-18,10160,49058,49729822,38395619
2022-03-19,9151,46536,49738973,38442155
2022-03-20,2608,11704,49741581,38453859
2022-03-21,7580,40225,49749161,38494084
2022-03-22,8447,37764,49757608,38531848
2022-03-23,7216,33700,49764824,38565548
2022-03-24,8258,38819,49773082,38604367
2022-03-25,8141,43670,49781223,38648037
2022-03-26,8126,41721,49789349,38689758
2022-03-27,2431,9682,49791780,38699440
2022-03-28,6112,35241,49797892,38734681
2022-03-29,5779,32530,49803671,38767211
2022-03-30,5566,30205,49809237,38797416
2022-03-31,5901,33185,49815138,38830601
2022-04-01,4349,25190,49819487,38855791
2022-04-02,4496,23275,49823983,38879066
2022-04-03,1049,4500,49825032,38883566
2022-04-04,3658,21544,49828690,38905110
2022-04-05,3756,22934,49832446,38928044
2022-04-06,4103,21853,49836549,38949897
2022-04-07,3970,23320,49840519,38973217
2022-04-08,4696,26713,49845215,38999930
2022-04-09,4383,23887,49849598,39023817
2022-04-10,892,4613,49850490,39028430
2022-04-11,3818,22689,49854308,39051119
2022-04-12,3365,21778,49857673,39072897
2022-04-13,3568,21335,49861241,39094232
2022-04-14,3486,23786,49864727,39118018
2022-04-15,3084,20620,49867811,39138638
2022-04-16,2149,11918,49869960,39150556
2022-04-17,63,348,49870023,39150904
2022-04-18,152,650,49870175,39151554
2022-04-19,3499,21982,49873674,39173536
2022-04-20,3510,20252,49877184,39193788
2022-04-21,2847,19790,49880031,39213578
2022-04-22,2928,20704,49882959,39234282
2022-04-23,2646,16220,49885605,39250502
2022-04-24,509,2334,49886114,39252836
2022-04-25,183,1165,49886297,39254001
2022-04-26,2759,17809,49889056,39271810
2022-04-27,2374,15793,49891430,39287603
2022-04-28,2361,15562,49893791,39303165
2022-04-29,2296,14848,49896087,39318013
2022-04-30,2123,11582,49898210,39329595
2022-05-01,113,531,49898323,39330126
2022-05-02,1451,9391,49899774,39339517
2022-05-03,1576,10321,49901350,39349838
2022-05-04,1745,10270,49903095,39360108
2022-05-05,1654,10296,49904749,39370404
2022-05-06,1702,10965,49906451,39381369
2022-05-07,1431,8570,49907882,39389939
2022-05-08,416,1522,49908298,39391461
2022-05-09,1027,8929,49909325,39400390
2022-05-10,1426,9548,49910751,39409938
2022-05-11,1483,10105,49912234,39420043
2022-05-12,1370,10131,49913604,39430174
2022-05-13,1596,10518,49915200,39440692
2022-05-14,1357,8237,49916557,39448929
2022-05-15,336,1134,49916893,39450063
2022-05-16,813,8405,49917706,39458468
2022-05-17,1243,8697,49918949,39467165
2022-05-18,1372,9233,49920321,39476398
2022-05-19,1500,9278,49921821,39485676
2022-05-20,1422,9532,49923243,39495208
2022-05-21,1300,7900,49924543,39503108
2022-05-22,231,1014,49924774,39504122
2022-05-23,830,8270,49925604,39512392
2022-05-24,1073,8672,49926677,39521064
2022-05-25,1370,9460,49928047,39530524
2022-05-26,1195,9479,49929242,39540003
2022-05-27,1232,9915,49930474,39549918
2022-05-28,1205,7887,49931679,39557805
2022-05-29,288,1265,49931967,39559070
2022-05-30,930,8056,49932897,39567126
2022-05-31,1036,8547,49933933,39575673
2022-06-01,893,7655,49934826,39583328
2022-06-02,35,474,49934861,39583802
2022-06-03,818,7333,49935679,39591135
2022-06-04,870,5163,49936549,39596298
2022-06-05,89,586,49936638,39596884
2022-06-06,678,7003,49937316,39603887
2022-06-07,952,7849,49938268,39611736
2022-06-08,981,7908,49939249,39619644
2022-06-09,1036,8416,49940285,39628060
2022-06-10,958,8564,49941243,39636624
2022-06-11,903,6207,49942146,39642831
2022-06-12,140,768,49942286,39643599
2022-06-13,602,6301,49942888,39649900
2022-06-14,831,7902,49943719,39657802
2022-06-15,960,7854,49944679,39665656
2022-06-16,730,7395,49945409,39673051
2022-06-17,724,7247,49946133,39680298
2022-06-18,777,5593,49946910,39685891
2022-06-19,48,522,49946958,39686413
2022-06-20,587,6699,49947545,39693112
2022-06-21,737,7665,49948282,39700777
2022-06-22,781,7308,49949063,39708085
2022-06-23,652,7468,49949715,39715553
2022-06-24,644,7473,49950359,39723026
2022-06-25,835,6535,49951194,39729561
2022-06-26,128,523,49951322,39730084
2022-06-27,533,7124,49951855,39737208
2022-06-28,746,8206,49952601,39745414
2022-06-29,756,7731,49953357,39753145
2022-06-30,746,8145,49954103,39761290
2022-07-01,577,6443,49954680,39767733
2022-07-02,536,4770,49955216,39772503
2022-07-03,49,456,49955265,39772959
2022-07-04,469,6278,49955734,39779237
2022-07-05,630,8118,49956364,39787355
2022-07-06,633,7611,49956997,39794966
2022-07-07,573,8270,49957570,39803236
2022-07-08,673,8083,49958243,39811319
2022-07-09,550,6104,49958793,39817423
2022-07-10,58,533,49958851,39817956
2022-07-11,488,7638,49959339,39825594
2022-07-12,667,9030,49960006,39834624
2022-07-13,643,10068,49960649,39844692
2022-07-14,636,10225,49961285,39854917
2022-07-15,625,10666,49961910,39865583
2022-07-16,522,7214,49962432,39872797
2022-07-17,48,770,49962480,39873567
2022-07-18,496,9369,49962976,39882936
2022-07-19,575,10683,49963551,39893619
2022-07-20,580,11274,49964131,39904893
2022-07-21,628,12088,49964759,39916981
2022-07-22,584,11256,49965343,39928237
2022-07-23,381,6773,49965724,39935010
2022-07-24,76,857,49965800,39935867
2022-07-25,503,9051,49966303,39944918
2022-07-26,518,9759,49966821,39954677
2022-07-27,553,10207,49967374,39964884
2022-07-28,532,10535,49967906,39975419
2022-07-29,509,9464,49968415,39984883
2022-07-30,382,5881,49968797,39990764
2022-07-31,49,764,49968846,39991528
2022-08-01,386,6863,49969232,39998391
2022-08-02,543,7588,49969775,40005979
2022-08-03,511,7177,49970286,40013156
2022-08-04,456,7488,49970742,40020644
2022-08-05,420,6528,49971162,40027172
2022-08-06,299,3613,49971461,40030785
2022-08-07,44,561,49971505,40031346
2022-08-08,402,4891,49971907,40036237
2022-08-09,380,5310,49972287,40041547
2022-08-10,384,4816,49972671,40046363
2022-08-11,369,4783,49973040,40051146
2022-08-12,293,3720,49973333,40054866
2022-08-13,143,1600,49973476,40056466
2022-08-14,9,129,49973485,40056595
2022-08-15,1,26,49973486,40056621
2022-08-16,283,3043,49973769,40059664
2022-08-17,352,3536,49974121,40063200
2022-08-18,392,4161,49974513,40067361
2022-08-19,341,3320,49974854,40070681
2022-08-20,183,1715,49975037,40072396
2022-08-21,24,149,49975061,40072545
2022-08-22,329,2952,49975390,40075497
2022-08-23,370,3674,49975760,40079171
2022-08-24,384,3359,49976144,40082530
2022-08-25,421,3773,49976565,40086303
2022-08-26,399,3573,49976964,40089876
2022-08-27,237,1769,49977201,40091645
2022-08-28,29,267,49977230,40091912
2022-08-29,354,3161,49977584,40095073
2022-08-30,403,3671,49977987,40098744
2022-08-31,437,3735,49978424,40102479
2022-09-01,353,3116,49978777,40105595
2022-09-02,296,2893,49979073,40108488
2022-09-03,200,1688,49979273,40110176
2022-09-04,23,149,49979296,40110325
2022-09-05,187,2656,49979483,40112981
2022-09-06,303,2983,49979786,40115964
2022-09-07,540,2937,49980326,40118901
2022-09-08,292,2962,49980618,40121863
2022-09-09,305,2884,49980923,40124747
2022-09-10,227,1326,49981150,40126073
2022-09-11,23,124,49981173,40126197
2022-09-12,267,2267,49981440,40128464
2022-09-13,252,2276,49981692,40130740
2022-09-14,266,2565,49981958,40133305
2022-09-15,281,2497,49982239,40135802
2022-09-16,254,2544,49982493,40138346
2022-09-17,239,1339,49982732,40139685
2022-09-18,20,170,49982752,40139855
2022-09-19,206,1970,49982958,40141825
2022-09-20,236,2385,49983194,40144210
2022-09-21,289,2526,49983483,40146736
2022-09-22,264,2662,49983747,40149398
2022-09-23,258,2542,49984005,40151940
2022-09-24,193,1427,49984198,40153367
2022-09-25,29,133,49984227,40153500
2022-09-26,280,2248,49984507,40155748
2022-09-27,287,2683,49984794,40158431
2022-09-28,309,2896,49985103,40161327
2022-09-29,257,3048,49985360,40164375
2022-09-30,291,2987,49985651,40167362
2022-10-01,195,1515,49985846,40168877
2022-10-02,12,187,49985858,40169064
2022-10-03,182,2474,49986040,40171538
2022-10-04,236,2865,49986276,40174403
2022-10-05,229,3249,49986505,40177652
2022-10-06,243,3874,49986748,40181526
2022-10-07,282,4186,49987030,40185712
2022-10-08,202,2270,49987232,40187982
2022-10-09,8,304,49987240,40188286
2022-10-10,210,3354,49987450,40191640
2022-10-11,192,4374,49987642,40196014
2022-10-12,209,4435,49987851,40200449
2022-10-13,201,5301,49988052,40205750
2022-10-14,231,5022,49988283,40210772
2022-10-15,189,2671,49988472,40213443
2022-10-16,6,360,49988478,40213803
2022-10-17,185,3868,49988663,40217671
2022-10-18,256,4958,49988919,40222629
2022-10-19,241,5466,49989160,40228095
2022-10-20,224,5988,49989384,40234083
2022-10-21,249,5471,49989633,40239554
2022-10-22,195,2909,49989828,40242463
2022-10-23,13,356,49989841,40242819
2022-10-24,171,3918,49990012,40246737
2022-10-25,251,4919,49990263,40251656
2022-10-26,342,5478,49990605,40257134
2022-10-27,239,5661,49990844,40262795
2022-10-28,198,5254,49991042,40268049
2022-10-29,128,2844,49991170,40270893
2022-10-30,3,326,49991173,40271219
2022-10-31,117,3035,49991290,40274254
2022-11-01,10,330,49991300,40274584
2022-11-02,143,3702,49991443,40278286
2022-11-03,172,4767,49991615,40283053
2022-11-04,224,4582,49991839,40287635
2022-11-05,143,2590,49991982,40290225
2022-11-06,10,258,49991992,40290483
2022-11-07,161,3216,49992153,40293699
2022-11-08,259,4210,49992412,40297909
2022-11-09,197,4301,49992609,40302210
2022-11-10,181,4567,49992790,40306777
2022-11-11,189,4204,49992979,40310981
2022-11-12,153,2353,49993132,40313334
2022-11-13,7,331,49993139,40313665
2022-11-14,149,2826,49993288,40316491
2022-11-15,200,3716,49993488,40320207
2022-11-16,210,3937,49993698,40324144
2022-11-17,190,4047,49993888,40328191
2022-11-18,244,3964,49994132,40332155
2022-11-19,111,2057,49994243,40334212
2022-11-20,24,312,49994267,40334524
2022-11-21,119,2588,49994386,40337112
2022-11-22,141,3136,49994527,40340248
2022-11-23,187,3547,49994714,40343795
2022-11-24,125,3331,49994839,40347126
2022-11-25,167,3492,49995006,40350618
2022-11-26,130,2016,49995136,40352634
2022-11-27,18,261,49995154,40352895