data_somministrazione,vaccinazioni,booster,cum_vaccinazioni,cum_booster
2020-12-27,15,0,15,0
2020-12-28,2,0,17,0
2020-12-29,1,0,18,0
2020-12-30,2,0,20,0
2020-12-31,34,0,54,0
2021-01-01,12,0,66,0
2021-01-02,53,0,119,0
2021-01-03,45,0,164,0
2021-01-04,120,0,284,0
2021-01-05,157,0,441,0
2021-01-06,132,0,573,0
2021-01-07,194,0,767,0
2021-01-08,236,0,1003,0
2021-01-09,168,0,1171,0
2021-01-10,108,0,1279,0
2021-01-11,195,0,1474,0
2021-01-12,202,0,1676,0
2021-01-13,302,0,1978,0
2021-01-14,389,0,2367,0
2021-01-15,229,0,2596,0
2021-01-16,163,0,2759,0
2021-01-17,3046,0,5805,0
2021-01-18,5178,0,10983,0
2021-01-19,1865,0,12848,0
2021-01-20,4650,0,17498,0
2021-01-21,20002,0,37500,0
2021-01-22,14194,0,51694,0
2021-01-23,33352,0,85046,0
2021-01-24,30790,0,115836,0
2021-01-25,64766,0,180602,0
2021-01-26,76534,0,257136,0
2021-01-27,64871,0,322007,0
2021-01-28,89326,0,411333,0
2021-01-29,94065,0,505398,0
2021-01-30,84350,0,589748,0
2021-01-31,57338,0,647086,0
2021-02-01,81881,0,728967,0
2021-02-02,82150,0,811117,0
2021-02-03,91205,0,902322,0
2021-02-04,94511,0,996833,0
2021-02-05,90260,0,1087093,0
2021-02-06,63724,0,1150817,0
2021-02-07,32913,0,1183730,0
2021-02-08,40402,0,1224132,0
2021-02-09,32826,0,1256958,0
2021-02-10,28370,0,1285328,0
2021-02-11,20339,0,1305667,0
2021-02-12,16170,0,1321837,0
2021-02-13,7215,0,1329052,0
2021-02-14,2854,0,1331906,0
2021-02-15,6811,0,1338717,0
2021-02-16,6968,0,1345685,0
2021-02-17,10486,0,1356171,0
2021-02-18,9206,0,1365377,0
2021-02-19,8136,0,1373513,0
2021-02-20,5465,0,1378978,0
2021-02-21,2937,0,1381915,0
2021-02-22,6825,0,1388740,0
2021-02-23,7083,0,1395823,0
2021-02-24,9780,0,1405603,0
2021-02-25,14159,0,1419762,0
2021-02-26,17462,0,1437224,0
2021-02-27,13840,0,1451064,0
2021-02-28,9332,0,1460396,0
2021-03-01,26424,0,1486820,0
2021-03-02,33140,0,1519960,0
2021-03-03,44577,0,1564537,0
2021-03-04,50174,0,1614711,0
2021-03-05,55668,0,1670379,0
2021-03-06,40915,0,1711294,0
2021-03-07,22278,0,1733572,0
2021-03-08,50597,0,1784169,0
2021-03-09,52921,0,1837090,0
2021-03-10,58068,0,1895158,0
2021-03-11,63685,0,1958843,0
2021-03-12,64592,0,2023435,0
2021-03-13,51573,0,2075008,0
2021-03-14,35332,0,2110340,0
2021-03-15,73277,0,2183617,0
2021-03-16,73959,0,2257576,0
2021-03-17,83019,0,2340595,0
2021-03-18,81210,0,2421805,0
2021-03-19,80319,0,2502124,0
2021-03-20,64228,0,2566352,0
2021-03-21,47237,0,2613589,0
2021-03-22,69361,0,2682950,0
2021-03-23,75453,0,2758403,0
2021-03-24,90331,0,2848734,0
2021-03-25,89288,0,2938022,0
2021-03-26,82946,0,3020968,0
2021-03-27,71778,0,3092746,0
2021-03-28,44004,0,3136750,0
2021-03-29,70516,0,3207266,0
2021-03-30,80665,0,3287931,0
2021-03-31,95537,0,3383468,0
2021-04-01,94487,0,3477955,0
2021-04-02,83480,0,3561435,0
2021-04-03,64207,0,3625642,0
2021-04-04,21678,0,3647320,0
2021-04-05,40243,0,3687563,0
2021-04-06,80898,0,3768461,0
2021-04-07,95616,0,3864077,0
2021-04-08,94566,0,3958643,0
2021-04-09,87758,0,4046401,0
2021-04-10,73566,0,4119967,0
2021-04-11,44678,0,4164645,0
2021-04-12,66810,0,4231455,0
2021-04-13,72482,0,4303937,0
2021-04-14,85175,0,4389112,0
2021-04-15,104724,0,4493836,0
2021-04-16,105769,0,4599605,0
2021-04-17,90117,0,4689722,0
2021-04-18,57451,0,4747173,0
2021-04-19,93220,0,4840393,0
2021-04-20,102853,0,4943246,0
2021-04-21,124334,0,5067580,0
2021-04-22,142908,0,5210488,0
2021-04-23,137825,0,5348313,0
2021-04-24,123829,0,5472142,0
2021-04-25,61369,0,5533511,0
2021-04-26,97568,0,5631079,0
2021-04-27,128123,0,5759202,0
2021-04-28,155992,0,5915194,0
2021-04-29,195033,0,6110227,0
2021-04-30,213607,0,6323834,0
2021-05-01,174112,0,6497946,0
2021-05-02,135825,0,6633771,0
2021-05-03,141715,0,6775486,0
2021-05-04,158335,0,6933821,0
2021-05-05,170157,0,7103978,0
2021-05-06,197247,0,7301225,0
2021-05-07,213183,0,7514408,0
2021-05-08,212979,0,7727387,0
2021-05-09,143009,0,7870396,0
2021-05-10,164684,0,8035080,0
2021-05-11,174276,0,8209356,0
2021-05-12,178576,0,8387932,0
2021-05-13,202406,0,8590338,0
2021-05-14,222050,0,8812388,0
2021-05-15,209847,0,9022235,0
2021-05-16,159088,0,9181323,0
2021-05-17,218569,0,9399892,0
2021-05-18,212369,0,9612261,0
2021-05-19,206397,0,9818658,0
2021-05-20,270260,0,10088918,0
2021-05-21,269859,0,10358777,0
2021-05-22,244675,0,10603452,0
2021-05-23,197036,0,10800488,0
2021-05-24,227760,0,11028248,0
2021-05-25,245021,0,11273269,0
2021-05-26,277114,0,11550383,0
2021-05-27,310512,0,11860895,0
2021-05-28,298644,0,12159539,0
2021-05-29,230504,0,12390043,0
2021-05-30,170655,0,12560698,0
2021-05-31,215965,0,12776663,0
2021-06-01,207066,0,12983729,0
2021-06-02,115594,0,13099323,0
2021-06-03,179671,0,13278994,0
2021-06-04,184013,0,13463007,0
2021-06-05,185186,0,13648193,0
2021-06-06,139341,0,13787534,0
2021-06-07,161056,0,13948590,0
2021-06-08,170446,0,14119036,0
2021-06-09,170805,0,14289841,0
2021-06-10,173332,0,14463173,0
2021-06-11,168701,0,14631874,0
2021-06-12,127264,0,14759138,0
2021-06-13,90885,0,14850023,0
2021-06-14,214099,0,15064122,0
2021-06-15,227810,0,15291932,0
2021-06-16,252809,0,15544741,0
2021-06-17,301166,0,15845907,0
2021-06-18,305414,0,16151321,0
2021-06-19,274753,0,16426074,0
2021-06-20,220564,0,16646638,0
2021-06-21,287726,0,16934364,0
2021-06-22,295695,0,17230059,0
2021-06-23,302312,0,17532371,0
2021-06-24,332098,0,17864469,0
2021-06-25,347990,0,18212459,0
2021-06-26,299918,0,18512377,0
2021-06-27,228745,0,18741122,0
2021-06-28,306812,0,19047934,0
2021-06-29,328330,0,19376264,0
2021-06-30,341539,0,19717803,0
2021-07-01,362206,0,20080009,0
2021-07-02,367882,0,20447891,0
2021-07-03,371228,0,20819119,0
2021-07-04,283183,0,21102302,0
2021-07-05,384168,0,21486470,0
2021-07-06,384913,0,21871383,0
2021-07-07,411880,0,22283263,0
2021-07-08,479152,0,22762415,0
2021-07-09,497522,0,23259937,0
2021-07-10,474852,0,23734789,0
2021-07-11,357733,0,24092522,0
2021-07-12,485652,0,24578174,0
2021-07-13,491485,0,25069659,0
2021-07-14,480337,0,25549996,0
2021-07-15,523196,0,26073192,0
2021-07-16,509317,0,26582509,0
2021-07-17,464393,0,27046902,0
2021-07-18,364757,0,27411659,0
2021-07-19,463048,0,27874707,0
2021-07-20,457809,0,28332516,0
2021-07-21,462681,0,28795197,0
2021-07-22,475082,0,29270279,0
2021-07-23,440556,0,29710835,0
2021-07-24,386083,0,30096918,0
2021-07-25,287504,0,30384422,0
2021-07-26,430474,0,30814896,0
2021-07-27,439599,0,31254495,0
2021-07-28,390730,0,31645225,0
2021-07-29,371819,0,32017044,0
2021-07-30,340810,0,32357854,0
2021-07-31,286869,0,32644723,0
2021-08-01,190740,0,32835463,0
2021-08-02,333643,0,33169106,0
2021-08-03,322556,0,33491662,0
2021-08-04,310677,0,33802339,0
2021-08-05,292033,0,34094372,0
2021-08-06,259204,0,34353576,0
2021-08-07,198806,0,34552382,0
2021-08-08,153018,0,34705400,0
2021-08-09,233702,0,34939102,0
2021-08-10,204593,0,35143695,0
2021-08-11,193346,0,35337041,0
2021-08-12,167656,0,35504697,0
2021-08-13,148116,0,35652813,0
2021-08-14,65936,0,35718749,0
2021-08-15,26278,0,35745027,0
2021-08-16,114495,0,35859522,0
2021-08-17,128898,0,35988420,0
2021-08-18,128491,0,36116911,0
2021-08-19,124343,0,36241254,0
2021-08-20,123354,0,36364608,0
2021-08-21,82972,0,36447580,0
2021-08-22,68047,0,36515627,0
2021-08-23,176128,0,36691755,0
2021-08-24,156265,0,36848020,0
2021-08-25,176846,0,37024866,0
2021-08-26,172090,0,37196956,0
2021-08-27,185439,0,37382395,0
2021-08-28,140002,0,37522397,0
2021-08-29,98876,0,37621273,0
2021-08-30,209306,0,37830579,0
2021-08-31,194323,0,38024902,0
2021-09-01,191916,0,38216818,0
2021-09-02,189506,0,38406324,0
2021-09-03,190825,0,38597149,0
2021-09-04,131323,0,38728472,0
2021-09-05,87818,0,38816290,0
2021-09-06,193316,0,39009606,0
2021-09-07,195590,0,39205196,0
2021-09-08,187560,0,39392756,0
2021-09-09,201109,0,39593865,0
2021-09-10,197706,0,39791571,0
2021-09-11,141116,0,39932687,0
2021-09-12,89441,0,40022128,0
2021-09-13,190847,335,40212975,335
2021-09-14,177122,419,40390097,754
2021-09-15,162849,451,40552946,1205
2021-09-16,159594,784,40712540,1989
2021-09-17,149768,1000,40862308,2989
2021-09-18,127763,654,40990071,3643
2021-09-19,80933,440,41071004,4083
2021-09-20,179381,8948,41250385,13031
2021-09-21,166157,8720,41416542,21751
2021-09-22,158513,9356,41575055,31107
2021-09-23,137394,9223,41712449,40330
2021-09-24,139783,8848,41852232,49178
2021-09-25,119243,5556,41971475,54734
2021-09-26,71730,4293,42043205,59027
2021-09-27,135165,9961,42178370,68988
2021-09-28,116904,11283,42295274,80271
2021-09-29,111815,11724,42407089,91995
2021-09-30,109625,14828,42516714,106823
2021-10-01,94443,18972,42611157,125795
2021-10-02,78165,13981,42689322,139776
2021-10-03,47490,7626,42736812,147402
2021-10-04,87951,34342,42824763,181744
2021-10-05,79974,33872,42904737,215616
2021-10-06,71483,34036,42976220,249652
2021-10-07,71388,34247,43047608,283899
2021-10-08,80189,33369,43127797,317268
2021-10-09,75714,22102,43203511,339370
2021-10-10,45596,13590,43249107,352960
2021-10-11,86966,40941,43336073,393901
2021-10-12,84050,46708,43420123,440609
2021-10-13,87798,51963,43507921,492572
2021-10-14,90920,58344,43598841,550916
2021-10-15,92989,55248,43691830,606164
2021-10-16,82588,36685,43774418,642849
2021-10-17,51205,23772,43825623,666621
2021-10-18,89897,59189,43915520,725810
2021-10-19,78035,69108,43993555,794918
2021-10-20,74788,77804,44068343,872722
2021-10-21,77972,81448,44146315,954170
2021-10-22,73528,76522,44219843,1030692
2021-10-23,60659,51844,44280502,1082536
2021-10-24,33278,23395,44313780,1105931
2021-10-25,64694,81473,44378474,1187404
2021-10-26,58117,91424,44436591,1278828
2021-10-27,58033,103590,44494624,1382418
2021-10-28,61196,113551,44555820,1495969
2021-10-29,61411,102540,44617231,1598509
2021-10-30,50532,67963,44667763,1666472
2021-10-31,25095,28230,44692858,1694702
2021-11-01,19003,28113,44711861,1722815
2021-11-02,62527,89052,44774388,1811867
2021-11-03,60462,118181,44834850,1930048
2021-11-04,58951,126222,44893801,2056270
2021-11-05,62778,134635,44956579,2190905
2021-11-06,46311,90775,45002890,2281680
2021-11-07,22188,37820,45025078,2319500
2021-11-08,51142,130711,45076220,2450211
2021-11-09,45186,143546,45121406,2593757
2021-11-10,42425,155625,45163831,2749382
2021-11-11,44694,154357,45208525,2903739
2021-11-12,46049,157872,45254574,3061611
2021-11-13,32993,116299,45287567,3177910
2021-11-14,14425,52376,45301992,3230286
2021-11-15,36632,156714,45338624,3387000
2021-11-16,30324,170780,45368948,3557780
2021-11-17,28210,177916,45397158,3735696
2021-11-18,30031,192975,45427189,3928671
2021-11-19,28539,205003,45455728,4133674
2021-11-20,20840,155993,45476568,4289667
2021-11-21,10515,64690,45487083,4354357
2021-11-22,21681,212149,45508764,4566506
2021-11-23,23312,240882,45532076,4807388
2021-11-24,27519,270039,45559595,5077427
2021-11-25,22859,300923,45582454,5378350
2021-11-26,24186,317264,45606640,5695614
2021-11-27,21084,265615,45627724,5961229
2021-11-28,9747,136802,45637471,6098031
2021-11-29,21842,324950,45659313,6422981
2021-11-30,22625,364568,45681938,6787549
2021-12-01,20994,412049,45702932,7199598
2021-12-02,23156,438974,45726088,7638572
2021-12-03,24549,465687,45750637,8104259
2021-12-04,21775,418185,45772412,8522444
2021-12-05,11489,261113,45783901,8783557
2021-12-06,24898,456174,45808799,9239731
2021-12-07,23222,478573,45832021,9718304
2021-12-08,9512,249436,45841533,9967740
2021-12-09,30421,490375,45871954,10458115
2021-12-10,26961,516165,45898915,10974280
2021-12-11,22588,458772,45921503,11433052
2021-12-12,11678,293170,45933181,11726222
2021-12-13,24965,466225,45958146,12192447
2021-12-14,23929,492987,45982075,12685434
2021-12-15,24105,515442,46006180,13200876
2021-12-16,26316,518689,46032496,13719565
2021-12-17,27940,515299,46060436,14234864
2021-12-18,25574,468102,46086010,14702966
2021-12-19,14080,300124,46100090,15003090
2021-12-20,29091,475731,46129181,15478821
2021-12-21,28801,491674,46157982,15970495
2021-12-22,27686,483401,46185668,16453896
2021-12-23,26452,425743,46212120,16879639
2021-12-24,12445,210334,46224565,17089973
2021-12-25,2050,33001,46226615,17122974
2021-12-26,7944,158942,46234559,17281916
2021-12-27,43870,503369,46278429,17785285
2021-12-28,38620,552723,46317049,18338008
2021-12-29,30346,549159,46347395,18887167
2021-12-30,28035,498377,46375430,19385544
2021-12-31,12323,246706,46387753,19632250
2022-01-01,3122,64730,46390875,19696980
2022-01-02,19643,276485,46410518,19973465
2022-01-03,42953,519542,46453471,20493007
2022-01-04,41029,571146,46494500,21064153
2022-01-05,35497,559745,46529997,21623898
2022-01-06,20594,274134,46550591,21898032
2022-01-07,58437,552948,46609028,22450980
2022-01-08,55128,502424,46664156,22953404
2022-01-09,38577,319247,46702733,23272651
2022-01-10,56768,540673,46759501,23813324
2022-01-11,57029,585393,46816530,24398717
2022-01-12,53780,579331,46870310,24978048
2022-01-13,54295,578444,46924605,25556492
2022-01-14,42508,586335,46967113,26142827
2022-01-15,34186,566944,47001299,26709771
2022-01-16,27746,340465,47029045,27050236
2022-01-17,51775,488034,47080820,27538270
2022-01-18,55551,515353,47136371,28053623
2022-01-19,54541,500766,47190912,28554389
2022-01-20,51722,496213,47242634,29050602
2022-01-21,39499,490850,47282133,29541452
2022-01-22,28168,466841,47310301,30008293
2022-01-23,33148,273670,47343449,30281963
2022-01-24,54281,433366,47397730,30715329
2022-01-25,59534,446239,47457264,31161568
2022-01-26,59584,418734,47516848,31580302