data_somministrazione,vaccinazioni,booster,cum_vaccinazioni,cum_booster
2020-12-27,16,0,16,0
2020-12-28,2,0,18,0
2020-12-29,1,0,19,0
2020-12-30,3,0,22,0
2020-12-31,34,0,56,0
2021-01-01,12,0,68,0
2021-01-02,53,0,121,0
2021-01-03,46,0,167,0
2021-01-04,124,0,291,0
2021-01-05,162,0,453,0
2021-01-06,135,0,588,0
2021-01-07,198,0,786,0
2021-01-08,246,0,1032,0
2021-01-09,172,0,1204,0
2021-01-10,110,0,1314,0
2021-01-11,199,0,1513,0
2021-01-12,207,0,1720,0
2021-01-13,313,0,2033,0
2021-01-14,413,0,2446,0
2021-01-15,251,0,2697,0
2021-01-16,166,0,2863,0
2021-01-17,3048,0,5911,0
2021-01-18,5186,0,11097,0
2021-01-19,1872,0,12969,0
2021-01-20,4660,0,17629,0
2021-01-21,20017,0,37646,0
2021-01-22,14196,0,51842,0
2021-01-23,33368,0,85210,0
2021-01-24,30794,0,116004,0
2021-01-25,64789,0,180793,0
2021-01-26,76710,0,257503,0
2021-01-27,64883,0,322386,0
2021-01-28,89400,0,411786,0
2021-01-29,94180,0,505966,0
2021-01-30,86802,0,592768,0
2021-01-31,57383,0,650151,0
2021-02-01,81945,0,732096,0
2021-02-02,82220,0,814316,0
2021-02-03,91388,0,905704,0
2021-02-04,95446,0,1001150,0
2021-02-05,90355,0,1091505,0
2021-02-06,63816,0,1155321,0
2021-02-07,32951,0,1188272,0
2021-02-08,40487,0,1228759,0
2021-02-09,32840,0,1261599,0
2021-02-10,28388,0,1289987,0
2021-02-11,20355,0,1310342,0
2021-02-12,16178,0,1326520,0
2021-02-13,7218,0,1333738,0
2021-02-14,2856,0,1336594,0
2021-02-15,6872,0,1343466,0
2021-02-16,6977,0,1350443,0
2021-02-17,10510,0,1360953,0
2021-02-18,9332,0,1370285,0
2021-02-19,8242,0,1378527,0
2021-02-20,5560,0,1384087,0
2021-02-21,2984,0,1387071,0
2021-02-22,6861,0,1393932,0
2021-02-23,7136,0,1401068,0
2021-02-24,9792,0,1410860,0
2021-02-25,14170,0,1425030,0
2021-02-26,17517,0,1442547,0
2021-02-27,13856,0,1456403,0
2021-02-28,9372,0,1465775,0
2021-03-01,26436,0,1492211,0
2021-03-02,33173,0,1525384,0
2021-03-03,44670,0,1570054,0
2021-03-04,50243,0,1620297,0
2021-03-05,55717,0,1676014,0
2021-03-06,41860,0,1717874,0
2021-03-07,22286,0,1740160,0
2021-03-08,50591,0,1790751,0
2021-03-09,52984,0,1843735,0
2021-03-10,58569,0,1902304,0
2021-03-11,63826,0,1966130,0
2021-03-12,65066,0,2031196,0
2021-03-13,51722,0,2082918,0
2021-03-14,35345,0,2118263,0
2021-03-15,73564,0,2191827,0
2021-03-16,74078,0,2265905,0
2021-03-17,83078,0,2348983,0
2021-03-18,81626,0,2430609,0
2021-03-19,81082,0,2511691,0
2021-03-20,64752,0,2576443,0
2021-03-21,47273,0,2623716,0
2021-03-22,69452,0,2693168,0
2021-03-23,75811,0,2768979,0
2021-03-24,90851,0,2859830,0
2021-03-25,89751,0,2949581,0
2021-03-26,83538,0,3033119,0
2021-03-27,71906,0,3105025,0
2021-03-28,44030,0,3149055,0
2021-03-29,70798,0,3219853,0
2021-03-30,81274,0,3301127,0
2021-03-31,96136,0,3397263,0
2021-04-01,95238,0,3492501,0
2021-04-02,84076,0,3576577,0
2021-04-03,64288,0,3640865,0
2021-04-04,21687,0,3662552,0
2021-04-05,40261,0,3702813,0
2021-04-06,81328,0,3784141,0
2021-04-07,95829,0,3879970,0
2021-04-08,95332,0,3975302,0
2021-04-09,88434,0,4063736,0
2021-04-10,74043,0,4137779,0
2021-04-11,44766,0,4182545,0
2021-04-12,66997,0,4249542,0
2021-04-13,72677,0,4322219,0
2021-04-14,85492,0,4407711,0
2021-04-15,105353,0,4513064,0
2021-04-16,106429,0,4619493,0
2021-04-17,90602,0,4710095,0
2021-04-18,58753,0,4768848,0
2021-04-19,93546,0,4862394,0
2021-04-20,103883,0,4966277,0
2021-04-21,125487,0,5091764,0
2021-04-22,143639,0,5235403,0
2021-04-23,138815,0,5374218,0
2021-04-24,124492,0,5498710,0
2021-04-25,61404,0,5560114,0
2021-04-26,97944,0,5658058,0
2021-04-27,128557,0,5786615,0
2021-04-28,156481,0,5943096,0
2021-04-29,195622,0,6138718,0
2021-04-30,214783,0,6353501,0
2021-05-01,174280,0,6527781,0
2021-05-02,136480,0,6664261,0
2021-05-03,142244,0,6806505,0
2021-05-04,158919,0,6965424,0
2021-05-05,171331,0,7136755,0
2021-05-06,198774,0,7335529,0
2021-05-07,214695,0,7550224,0
2021-05-08,213884,0,7764108,0
2021-05-09,143417,0,7907525,0
2021-05-10,165400,0,8072925,0
2021-05-11,175238,0,8248163,0
2021-05-12,179373,0,8427536,0
2021-05-13,203591,0,8631127,0
2021-05-14,223442,0,8854569,0
2021-05-15,211943,0,9066512,0
2021-05-16,160731,0,9227243,0
2021-05-17,219438,0,9446681,0
2021-05-18,213424,0,9660105,0
2021-05-19,207437,0,9867542,0
2021-05-20,271273,0,10138815,0
2021-05-21,271281,0,10410096,0
2021-05-22,246484,0,10656580,0
2021-05-23,198415,0,10854995,0
2021-05-24,228711,0,11083706,0
2021-05-25,247143,0,11330849,0
2021-05-26,278970,0,11609819,0
2021-05-27,312621,0,11922440,0
2021-05-28,300094,0,12222534,0
2021-05-29,231719,0,12454253,0
2021-05-30,172016,0,12626269,0
2021-05-31,217945,0,12844214,0
2021-06-01,208347,0,13052561,0
2021-06-02,116271,0,13168832,0
2021-06-03,180536,0,13349368,0
2021-06-04,186112,0,13535480,0
2021-06-05,186622,0,13722102,0
2021-06-06,140145,0,13862247,0
2021-06-07,162265,0,14024512,0
2021-06-08,171257,0,14195769,0
2021-06-09,171671,0,14367440,0
2021-06-10,174083,0,14541523,0
2021-06-11,170002,0,14711525,0
2021-06-12,128306,0,14839831,0
2021-06-13,91518,0,14931349,0
2021-06-14,215260,0,15146609,0
2021-06-15,228930,0,15375539,0
2021-06-16,254273,0,15629812,0
2021-06-17,302861,0,15932673,0
2021-06-18,307148,0,16239821,0
2021-06-19,276234,0,16516055,0
2021-06-20,221572,0,16737627,0
2021-06-21,289158,0,17026785,0
2021-06-22,297612,0,17324397,0
2021-06-23,304338,0,17628735,0
2021-06-24,333954,0,17962689,0
2021-06-25,350009,0,18312698,0
2021-06-26,301423,0,18614121,0
2021-06-27,229729,0,18843850,0
2021-06-28,308405,0,19152255,0
2021-06-29,331026,0,19483281,0
2021-06-30,344160,0,19827441,0
2021-07-01,364846,0,20192287,0
2021-07-02,370289,0,20562576,0
2021-07-03,373395,0,20935971,0
2021-07-04,284535,0,21220506,0
2021-07-05,386289,0,21606795,0
2021-07-06,387434,0,21994229,0
2021-07-07,414248,0,22408477,0
2021-07-08,482559,0,22891036,0
2021-07-09,500772,0,23391808,0
2021-07-10,477367,0,23869175,0
2021-07-11,359034,0,24228209,0
2021-07-12,487813,0,24716022,0
2021-07-13,494569,0,25210591,0
2021-07-14,482772,0,25693363,0
2021-07-15,525867,0,26219230,0
2021-07-16,511660,0,26730890,0
2021-07-17,466396,0,27197286,0
2021-07-18,366095,0,27563381,0
2021-07-19,465084,0,28028465,0
2021-07-20,459820,0,28488285,0
2021-07-21,464671,0,28952956,0
2021-07-22,476615,0,29429571,0
2021-07-23,442887,0,29872458,0
2021-07-24,386920,0,30259378,0
2021-07-25,288061,0,30547439,0
2021-07-26,432388,0,30979827,0
2021-07-27,441786,0,31421613,0
2021-07-28,392594,0,31814207,0
2021-07-29,373636,0,32187843,0
2021-07-30,342899,0,32530742,0
2021-07-31,288362,0,32819104,0
2021-08-01,191402,0,33010506,0
2021-08-02,335330,0,33345836,0
2021-08-03,324458,0,33670294,0
2021-08-04,312302,0,33982596,0
2021-08-05,293706,0,34276302,0
2021-08-06,261000,0,34537302,0
2021-08-07,199394,0,34736696,0
2021-08-08,153574,0,34890270,0
2021-08-09,235252,0,35125522,0
2021-08-10,205553,0,35331075,0
2021-08-11,194263,0,35525338,0
2021-08-12,168474,0,35693812,0
2021-08-13,148648,0,35842460,0
2021-08-14,65981,0,35908441,0
2021-08-15,26298,0,35934739,0
2021-08-16,114862,0,36049601,0
2021-08-17,129245,0,36178846,0
2021-08-18,128846,0,36307692,0
2021-08-19,125186,0,36432878,0
2021-08-20,124264,0,36557142,0
2021-08-21,83489,0,36640631,0
2021-08-22,68361,0,36708992,0
2021-08-23,177079,0,36886071,0
2021-08-24,157839,0,37043910,0
2021-08-25,177782,0,37221692,0
2021-08-26,173148,0,37394840,0
2021-08-27,186329,0,37581169,0
2021-08-28,140255,0,37721424,0
2021-08-29,99160,0,37820584,0
2021-08-30,210023,0,38030607,0
2021-08-31,195092,0,38225699,0
2021-09-01,192655,0,38418354,0
2021-09-02,190125,0,38608479,0
2021-09-03,191315,0,38799794,0
2021-09-04,131504,0,38931298,0
2021-09-05,87895,0,39019193,0
2021-09-06,193780,0,39212973,0
2021-09-07,195931,0,39408904,0
2021-09-08,187874,0,39596778,0
2021-09-09,201492,0,39798270,0
2021-09-10,198142,0,39996412,0
2021-09-11,141211,0,40137623,0
2021-09-12,89565,0,40227188,0
2021-09-13,191198,349,40418386,349
2021-09-14,177316,425,40595702,774
2021-09-15,163092,456,40758794,1230
2021-09-16,160041,790,40918835,2020
2021-09-17,150082,1006,41068917,3026
2021-09-18,127810,656,41196727,3682
2021-09-19,81117,442,41277844,4124
2021-09-20,179886,8957,41457730,13081
2021-09-21,166371,8729,41624101,21810
2021-09-22,158921,9370,41783022,31180
2021-09-23,137799,9245,41920821,40425
2021-09-24,140259,8861,42061080,49286
2021-09-25,119349,5563,42180429,54849
2021-09-26,71802,4293,42252231,59142
2021-09-27,135426,9981,42387657,69123
2021-09-28,117247,11311,42504904,80434
2021-09-29,112071,11763,42616975,92197
2021-09-30,109986,14850,42726961,107047
2021-10-01,94703,19030,42821664,126077
2021-10-02,78232,13987,42899896,140064
2021-10-03,47572,7630,42947468,147694
2021-10-04,88098,34358,43035566,182052
2021-10-05,80130,33918,43115696,215970
2021-10-06,71752,34082,43187448,250052
2021-10-07,71522,34293,43258970,284345
2021-10-08,80360,33504,43339330,317849
2021-10-09,75830,22107,43415160,339956
2021-10-10,45630,13591,43460790,353547
2021-10-11,87117,41003,43547907,394550
2021-10-12,84212,46795,43632119,441345
2021-10-13,87872,52005,43719991,493350
2021-10-14,91148,58402,43811139,551752
2021-10-15,93202,55485,43904341,607237
2021-10-16,82647,36706,43986988,643943
2021-10-17,51262,23782,44038250,667725
2021-10-18,90032,59336,44128282,727061
2021-10-19,78100,69295,44206382,796356
2021-10-20,74818,78038,44281200,874394
2021-10-21,78067,81608,44359267,956002
2021-10-22,73644,76899,44432911,1032901
2021-10-23,60635,51886,44493546,1084787
2021-10-24,33314,23400,44526860,1108187
2021-10-25,64840,81534,44591700,1189721
2021-10-26,58245,91637,44649945,1281358
2021-10-27,58152,103833,44708097,1385191
2021-10-28,61282,113886,44769379,1499077
2021-10-29,61569,103028,44830948,1602105
2021-10-30,50550,68120,44881498,1670225
2021-10-31,25117,28238,44906615,1698463
2021-11-01,19012,28119,44925627,1726582
2021-11-02,62714,89285,44988341,1815867
2021-11-03,60639,118610,45048980,1934477
2021-11-04,59118,126495,45108098,2060972
2021-11-05,62963,134994,45171061,2195966
2021-11-06,46348,90887,45217409,2286853
2021-11-07,22204,37840,45239613,2324693
2021-11-08,51364,131131,45290977,2455824
2021-11-09,45330,144005,45336307,2599829
2021-11-10,42468,156176,45378775,2756005
2021-11-11,44797,155012,45423572,2911017
2021-11-12,46218,158496,45469790,3069513
2021-11-13,33114,116555,45502904,3186068
2021-11-14,14444,52393,45517348,3238461
2021-11-15,36769,157217,45554117,3395678
2021-11-16,30427,171308,45584544,3566986
2021-11-17,28309,178403,45612853,3745389
2021-11-18,30099,193939,45642952,3939328
2021-11-19,28651,205837,45671603,4145165
2021-11-20,20876,156248,45692479,4301413
2021-11-21,10534,64739,45703013,4366152
2021-11-22,21795,213201,45724808,4579353
2021-11-23,23431,241835,45748239,4821188
2021-11-24,27650,271058,45775889,5092246
2021-11-25,23023,301881,45798912,5394127
2021-11-26,24374,318152,45823286,5712279
2021-11-27,21200,265885,45844486,5978164
2021-11-28,9815,136852,45854301,6115016
2021-11-29,22080,325807,45876381,6440823
2021-11-30,22832,365620,45899213,6806443
2021-12-01,21236,413068,45920449,7219511
2021-12-02,23469,440245,45943918,7659756
2021-12-03,24921,467144,45968839,8126900
2021-12-04,22098,418615,45990937,8545515
2021-12-05,11725,261253,46002662,8806768
2021-12-06,25398,457738,46028060,9264506
2021-12-07,23753,480373,46051813,9744879
2021-12-08,9807,249899,46061620,9994778
2021-12-09,31100,492051,46092720,10486829
2021-12-10,27649,517810,46120369,11004639
2021-12-11,23175,459510,46143544,11464149
2021-12-12,12049,293649,46155593,11757798
2021-12-13,25716,467702,46181309,12225500
2021-12-14,24705,494293,46206014,12719793
2021-12-15,24859,517171,46230873,13236964
2021-12-16,27285,520283,46258158,13757247
2021-12-17,28818,516996,46286976,14274243
2021-12-18,26477,468974,46313453,14743217
2021-12-19,14783,300759,46328236,15043976
2021-12-20,30051,477617,46358287,15521593
2021-12-21,29843,493503,46388130,16015096
2021-12-22,28809,484788,46416939,16499884
2021-12-23,27581,427169,46444520,16927053
2021-12-24,12868,210958,46457388,17138011
2021-12-25,2079,33031,46459467,17171042
2021-12-26,8539,159003,46468006,17330045
2021-12-27,45840,505241,46513846,17835286
2021-12-28,41233,554781,46555079,18390067
2021-12-29,32909,551212,46587988,18941279
2021-12-30,30444,500402,46618432,19441681
2021-12-31,13269,248022,46631701,19689703
2022-01-01,3327,64774,46635028,19754477
2022-01-02,21495,277471,46656523,20031948
2022-01-03,45424,521560,46701947,20553508
2022-01-04,43515,573591,46745462,21127099
2022-01-05,37531,561826,46782993,21688925
2022-01-06,21533,274664,46804526,21963589
2022-01-07,59848,555489,46864374,22519078
2022-01-08,56547,503941,46920921,23023019
2022-01-09,39414,319535,46960335,23342554
2022-01-10,57535,542612,47017870,23885166
2022-01-11,57560,587338,47075430,24472504
2022-01-12,54214,581524,47129644,25054028
2022-01-13,54684,580674,47184328,25634702
2022-01-14,42799,588477,47227127,26223179
2022-01-15,34428,568271,47261555,26791450
2022-01-16,27959,341044,47289514,27132494
2022-01-17,52152,490046,47341666,27622540
2022-01-18,55858,517301,47397524,28139841
2022-01-19,54824,503037,47452348,28642878
2022-01-20,52098,498974,47504446,29141852
2022-01-21,39766,493906,47544212,29635758
2022-01-22,28293,469070,47572505,30104828
2022-01-23,33316,275033,47605821,30379861
2022-01-24,54602,437558,47660423,30817419
2022-01-25,60101,452287,47720524,31269706
2022-01-26,56990,436002,47777514,31705708
2022-01-27,47286,432328,47824800,32138036
2022-01-28,57003,436604,47881803,32574640
2022-01-29,66206,411615,47948009,32986255
2022-01-30,49049,235459,47997058,33221714
2022-01-31,59020,357058,48056078,33578772
2022-02-01,64203,328518,48120281,33907290
2022-02-02,61927,296748,48182208,34204038
2022-02-03,58996,274278,48241204,34478316
2022-02-04,71211,268021,48312415,34746337
2022-02-05,82227,247558,48394642,34993895
2022-02-06,54515,115746,48449157,35109641
2022-02-07,64092,199363,48513249,35309004
2022-02-08,65270,183793,48578519,35492797
2022-02-09,27837,84031,48606356,35576828