data_somministrazione,vaccinazioni,booster,cum_vaccinazioni,cum_booster
2020-12-27,20,0,20,0
2020-12-28,2,0,22,0
2020-12-29,1,0,23,0
2020-12-30,6,0,29,0
2020-12-31,67,0,96,0
2021-01-01,22,0,118,0
2021-01-02,106,0,224,0
2021-01-03,75,0,299,0
2021-01-04,198,0,497,0
2021-01-05,234,0,731,0
2021-01-06,192,0,923,0
2021-01-07,288,0,1211,0
2021-01-08,332,0,1543,0
2021-01-09,242,0,1785,0
2021-01-10,144,0,1929,0
2021-01-11,267,0,2196,0
2021-01-12,265,0,2461,0
2021-01-13,384,0,2845,0
2021-01-14,473,0,3318,0
2021-01-15,295,0,3613,0
2021-01-16,203,0,3816,0
2021-01-17,3057,0,6873,0
2021-01-18,5209,0,12082,0
2021-01-19,1892,0,13974,0
2021-01-20,4653,0,18627,0
2021-01-21,19999,0,38626,0
2021-01-22,14200,0,52826,0
2021-01-23,33331,0,86157,0
2021-01-24,30791,0,116948,0
2021-01-25,64731,0,181679,0
2021-01-26,76502,0,258181,0
2021-01-27,64840,0,323021,0
2021-01-28,89295,0,412316,0
2021-01-29,94028,0,506344,0
2021-01-30,86571,0,592915,0
2021-01-31,57339,0,650254,0
2021-02-01,81875,0,732129,0
2021-02-02,82146,0,814275,0
2021-02-03,91195,0,905470,0
2021-02-04,95402,0,1000872,0
2021-02-05,90281,0,1091153,0
2021-02-06,63450,0,1154603,0
2021-02-07,32927,0,1187530,0
2021-02-08,40429,0,1227959,0
2021-02-09,32865,0,1260824,0
2021-02-10,28422,0,1289246,0
2021-02-11,20391,0,1309637,0
2021-02-12,16228,0,1325865,0
2021-02-13,7253,0,1333118,0
2021-02-14,2861,0,1335979,0
2021-02-15,6837,0,1342816,0
2021-02-16,6992,0,1349808,0
2021-02-17,10519,0,1360327,0
2021-02-18,9246,0,1369573,0
2021-02-19,8239,0,1377812,0
2021-02-20,5542,0,1383354,0
2021-02-21,2986,0,1386340,0
2021-02-22,6882,0,1393222,0
2021-02-23,7163,0,1400385,0
2021-02-24,9824,0,1410209,0
2021-02-25,14201,0,1424410,0
2021-02-26,17551,0,1441961,0
2021-02-27,13902,0,1455863,0
2021-02-28,9387,0,1465250,0
2021-03-01,26509,0,1491759,0
2021-03-02,33239,0,1524998,0
2021-03-03,44643,0,1569641,0
2021-03-04,50288,0,1619929,0
2021-03-05,55735,0,1675664,0
2021-03-06,41876,0,1717540,0
2021-03-07,22324,0,1739864,0
2021-03-08,50795,0,1790659,0
2021-03-09,53059,0,1843718,0
2021-03-10,58629,0,1902347,0
2021-03-11,63842,0,1966189,0
2021-03-12,65099,0,2031288,0
2021-03-13,51708,0,2082996,0
2021-03-14,35385,0,2118381,0
2021-03-15,73424,0,2191805,0
2021-03-16,74023,0,2265828,0
2021-03-17,83130,0,2348958,0
2021-03-18,81623,0,2430581,0
2021-03-19,81081,0,2511662,0
2021-03-20,64711,0,2576373,0
2021-03-21,47287,0,2623660,0
2021-03-22,69473,0,2693133,0
2021-03-23,75778,0,2768911,0
2021-03-24,90887,0,2859798,0
2021-03-25,89788,0,2949586,0
2021-03-26,83603,0,3033189,0
2021-03-27,71920,0,3105109,0
2021-03-28,44129,0,3149238,0
2021-03-29,70807,0,3220045,0
2021-03-30,81364,0,3301409,0
2021-03-31,96217,0,3397626,0
2021-04-01,95294,0,3492920,0
2021-04-02,84066,0,3576986,0
2021-04-03,64294,0,3641280,0
2021-04-04,21717,0,3662997,0
2021-04-05,40298,0,3703295,0
2021-04-06,81300,0,3784595,0
2021-04-07,95808,0,3880403,0
2021-04-08,95229,0,3975632,0
2021-04-09,88480,0,4064112,0
2021-04-10,74027,0,4138139,0
2021-04-11,44755,0,4182894,0
2021-04-12,66910,0,4249804,0
2021-04-13,72562,0,4322366,0
2021-04-14,85519,0,4407885,0
2021-04-15,105402,0,4513287,0
2021-04-16,106410,0,4619697,0
2021-04-17,90492,0,4710189,0
2021-04-18,58584,0,4768773,0
2021-04-19,93424,0,4862197,0
2021-04-20,103763,0,4965960,0
2021-04-21,125332,0,5091292,0
2021-04-22,143501,0,5234793,0
2021-04-23,138718,0,5373511,0
2021-04-24,124436,0,5497947,0
2021-04-25,61452,0,5559399,0
2021-04-26,97875,0,5657274,0
2021-04-27,128349,0,5785623,0
2021-04-28,156352,0,5941975,0
2021-04-29,195577,0,6137552,0
2021-04-30,214558,0,6352110,0
2021-05-01,174090,0,6526200,0
2021-05-02,135790,0,6661990,0
2021-05-03,142001,0,6803991,0
2021-05-04,158674,0,6962665,0
2021-05-05,170473,0,7133138,0
2021-05-06,197790,0,7330928,0
2021-05-07,213807,0,7544735,0
2021-05-08,213384,0,7758119,0
2021-05-09,143195,0,7901314,0
2021-05-10,165082,0,8066396,0
2021-05-11,174959,0,8241355,0
2021-05-12,179152,0,8420507,0
2021-05-13,203358,0,8623865,0
2021-05-14,222894,0,8846759,0
2021-05-15,210340,0,9057099,0
2021-05-16,159264,0,9216363,0
2021-05-17,219177,0,9435540,0
2021-05-18,213002,0,9648542,0
2021-05-19,207070,0,9855612,0
2021-05-20,270837,0,10126449,0
2021-05-21,270861,0,10397310,0
2021-05-22,245517,0,10642827,0
2021-05-23,197175,0,10840002,0
2021-05-24,228291,0,11068293,0
2021-05-25,245686,0,11313979,0
2021-05-26,277477,0,11591456,0
2021-05-27,311075,0,11902531,0
2021-05-28,299561,0,12202092,0
2021-05-29,231194,0,12433286,0
2021-05-30,170827,0,12604113,0
2021-05-31,216410,0,12820523,0
2021-06-01,207631,0,13028154,0
2021-06-02,115770,0,13143924,0
2021-06-03,180112,0,13324036,0
2021-06-04,184854,0,13508890,0
2021-06-05,185929,0,13694819,0
2021-06-06,139512,0,13834331,0
2021-06-07,161841,0,13996172,0
2021-06-08,171165,0,14167337,0
2021-06-09,171441,0,14338778,0
2021-06-10,174041,0,14512819,0
2021-06-11,169936,0,14682755,0
2021-06-12,128302,0,14811057,0
2021-06-13,91138,0,14902195,0
2021-06-14,214639,0,15116834,0
2021-06-15,228387,0,15345221,0
2021-06-16,253036,0,15598257,0
2021-06-17,301695,0,15899952,0
2021-06-18,306259,0,16206211,0
2021-06-19,275052,0,16481263,0
2021-06-20,220730,0,16701993,0
2021-06-21,288035,0,16990028,0
2021-06-22,296180,0,17286208,0
2021-06-23,302665,0,17588873,0
2021-06-24,332552,0,17921425,0
2021-06-25,348691,0,18270116,0
2021-06-26,300080,0,18570196,0
2021-06-27,228615,0,18798811,0
2021-06-28,307038,0,19105849,0
2021-06-29,329239,0,19435088,0
2021-06-30,342105,0,19777193,0
2021-07-01,363158,0,20140351,0
2021-07-02,368430,0,20508781,0
2021-07-03,371069,0,20879850,0
2021-07-04,283195,0,21163045,0
2021-07-05,384500,0,21547545,0
2021-07-06,385432,0,21932977,0
2021-07-07,412065,0,22345042,0
2021-07-08,479620,0,22824662,0
2021-07-09,498481,0,23323143,0
2021-07-10,475179,0,23798322,0
2021-07-11,357704,0,24156026,0
2021-07-12,485908,0,24641934,0
2021-07-13,492143,0,25134077,0
2021-07-14,480475,0,25614552,0
2021-07-15,523488,0,26138040,0
2021-07-16,509786,0,26647826,0
2021-07-17,464369,0,27112195,0
2021-07-18,364698,0,27476893,0
2021-07-19,463070,0,27939963,0
2021-07-20,458086,0,28398049,0
2021-07-21,462818,0,28860867,0
2021-07-22,475400,0,29336267,0
2021-07-23,441308,0,29777575,0
2021-07-24,386195,0,30163770,0
2021-07-25,287597,0,30451367,0
2021-07-26,430891,0,30882258,0
2021-07-27,440131,0,31322389,0
2021-07-28,391020,0,31713409,0
2021-07-29,372086,0,32085495,0
2021-07-30,341520,0,32427015,0
2021-07-31,287023,0,32714038,0
2021-08-01,191018,0,32905056,0
2021-08-02,333728,0,33238784,0
2021-08-03,323183,0,33561967,0
2021-08-04,310977,0,33872944,0
2021-08-05,292512,0,34165456,0
2021-08-06,260014,0,34425470,0
2021-08-07,199050,0,34624520,0
2021-08-08,153104,0,34777624,0
2021-08-09,234082,0,35011706,0
2021-08-10,205249,0,35216955,0
2021-08-11,193763,0,35410718,0
2021-08-12,167981,0,35578699,0
2021-08-13,148600,0,35727299,0
2021-08-14,66090,0,35793389,0
2021-08-15,26334,0,35819723,0
2021-08-16,114675,0,35934398,0
2021-08-17,129241,0,36063639,0
2021-08-18,128738,0,36192377,0
2021-08-19,124790,0,36317167,0
2021-08-20,123794,0,36440961,0
2021-08-21,83117,0,36524078,0
2021-08-22,68166,0,36592244,0
2021-08-23,176874,0,36769118,0
2021-08-24,156909,0,36926027,0
2021-08-25,177169,0,37103196,0
2021-08-26,172352,0,37275548,0
2021-08-27,185843,0,37461391,0
2021-08-28,140267,0,37601658,0
2021-08-29,98999,0,37700657,0
2021-08-30,209631,0,37910288,0
2021-08-31,194631,0,38104919,0
2021-09-01,192215,0,38297134,0
2021-09-02,189941,0,38487075,0
2021-09-03,191338,0,38678413,0
2021-09-04,131480,0,38809893,0
2021-09-05,87867,0,38897760,0
2021-09-06,193661,0,39091421,0
2021-09-07,196067,0,39287488,0
2021-09-08,187909,0,39475397,0
2021-09-09,201474,0,39676871,0
2021-09-10,198107,0,39874978,0
2021-09-11,141327,0,40016305,0
2021-09-12,89601,0,40105906,0
2021-09-13,191166,553,40297072,553
2021-09-14,177265,574,40474337,1127
2021-09-15,163127,579,40637464,1706
2021-09-16,160098,922,40797562,2628
2021-09-17,150178,1113,40947740,3741
2021-09-18,127983,733,41075723,4474
2021-09-19,81131,491,41156854,4965
2021-09-20,180079,9073,41336933,14038
2021-09-21,166634,8831,41503567,22869
2021-09-22,159081,9432,41662648,32301
2021-09-23,138085,9320,41800733,41621
2021-09-24,140543,8950,41941276,50571
2021-09-25,119558,5633,42060834,56204
2021-09-26,71956,4338,42132790,60542
2021-09-27,135636,10047,42268426,70589
2021-09-28,117494,11382,42385920,81971
2021-09-29,112336,11825,42498256,93796
2021-09-30,110233,14944,42608489,108740
2021-10-01,94976,19105,42703465,127845
2021-10-02,78486,14011,42781951,141856
2021-10-03,47737,7656,42829688,149512
2021-10-04,88377,34442,42918065,183954
2021-10-05,80366,33970,42998431,217924
2021-10-06,71984,34159,43070415,252083
2021-10-07,71852,34346,43142267,286429
2021-10-08,80627,33589,43222894,320018
2021-10-09,76103,22169,43298997,342187
2021-10-10,45774,13614,43344771,355801
2021-10-11,87417,41101,43432188,396902
2021-10-12,84493,46895,43516681,443797
2021-10-13,88194,52113,43604875,495910
2021-10-14,91531,58506,43696406,554416
2021-10-15,93591,55625,43789997,610041
2021-10-16,82966,36780,43872963,646821
2021-10-17,51462,23827,43924425,670648
2021-10-18,90291,59482,44014716,730130
2021-10-19,78348,69370,44093064,799500
2021-10-20,75077,78162,44168141,877662
2021-10-21,78299,81750,44246440,959412
2021-10-22,73793,77017,44320233,1036429
2021-10-23,60814,51953,44381047,1088382
2021-10-24,33379,23453,44414426,1111835
2021-10-25,64905,81622,44479331,1193457
2021-10-26,58376,91776,44537707,1285233
2021-10-27,58331,103966,44596038,1389199
2021-10-28,61467,114101,44657505,1503300
2021-10-29,61661,103111,44719166,1606411
2021-10-30,50671,68113,44769837,1674524
2021-10-31,25164,28288,44795001,1702812
2021-11-01,19046,28148,44814047,1730960
2021-11-02,62768,89372,44876815,1820332
2021-11-03,60741,118656,44937556,1938988
2021-11-04,59246,126660,44996802,2065648
2021-11-05,63094,135168,45059896,2200816
2021-11-06,46475,90922,45106371,2291738
2021-11-07,22254,37893,45128625,2329631
2021-11-08,51530,131260,45180155,2460891
2021-11-09,45401,144198,45225556,2605089
2021-11-10,42580,156344,45268136,2761433
2021-11-11,44936,155135,45313072,2916568
2021-11-12,46371,158574,45359443,3075142
2021-11-13,33253,116648,45392696,3191790
2021-11-14,14480,52446,45407176,3244236
2021-11-15,36895,157425,45444071,3401661
2021-11-16,30545,171376,45474616,3573037
2021-11-17,28449,178435,45503065,3751472
2021-11-18,30282,193715,45533347,3945187
2021-11-19,28799,205850,45562146,4151037
2021-11-20,20993,156434,45583139,4307471
2021-11-21,10612,64856,45593751,4372327
2021-11-22,21936,213137,45615687,4585464
2021-11-23,23567,241741,45639254,4827205
2021-11-24,27839,270946,45667093,5098151
2021-11-25,23232,301901,45690325,5400052
2021-11-26,24578,318263,45714903,5718315
2021-11-27,21381,266150,45736284,5984465
2021-11-28,9897,137055,45746181,6121520
2021-11-29,22319,326063,45768500,6447583
2021-11-30,23084,365821,45791584,6813404
2021-12-01,21515,413500,45813099,7226904
2021-12-02,23753,440379,45836852,7667283
2021-12-03,25240,467455,45862092,8134738
2021-12-04,22355,418730,45884447,8553468
2021-12-05,11911,261331,45896358,8814799
2021-12-06,25813,457564,45922171,9272363
2021-12-07,24122,480250,45946293,9752613
2021-12-08,10001,249680,45956294,10002293
2021-12-09,31570,491917,45987864,10494210
2021-12-10,28057,517867,46015921,11012077
2021-12-11,23552,459241,46039473,11471318
2021-12-12,12302,293497,46051775,11764815
2021-12-13,26141,467623,46077916,12232438
2021-12-14,25166,494189,46103082,12726627
2021-12-15,25320,517129,46128402,13243756
2021-12-16,27869,520240,46156271,13763996
2021-12-17,29353,517161,46185624,14281157
2021-12-18,27033,468713,46212657,14749870
2021-12-19,15137,300513,46227794,15050383
2021-12-20,30614,477472,46258408,15527855
2021-12-21,30356,493381,46288764,16021236
2021-12-22,29434,484698,46318198,16505934
2021-12-23,28231,426894,46346429,16932828
2021-12-24,13111,210820,46359540,17143648
2021-12-25,2101,33053,46361641,17176701
2021-12-26,8756,159065,46370397,17335766
2021-12-27,46763,504651,46417160,17840417
2021-12-28,42431,554203,46459591,18394620
2021-12-29,34326,550625,46493917,18945245
2021-12-30,31804,499822,46525721,19445067
2021-12-31,14106,247394,46539827,19692461
2022-01-01,3493,64813,46543320,19757274
2022-01-02,22744,276718,46566064,20033992
2022-01-03,47818,520006,46613882,20553998
2022-01-04,46310,572078,46660192,21126076
2022-01-05,40698,560387,46700890,21686463
2022-01-06,23458,274482,46724348,21960945
2022-01-07,63649,554179,46787997,22515124
2022-01-08,60797,503377,46848794,23018501
2022-01-09,42788,319688,46891582,23338189
2022-01-10,61023,542276,46952605,23880465
2022-01-11,61661,586983,47014266,24467448
2022-01-12,58385,581272,47072651,25048720
2022-01-13,58553,580377,47131204,25629097
2022-01-14,46721,588564,47177925,26217661
2022-01-15,39320,569938,47217245,26787599
2022-01-16,31140,341848,47248385,27129447
2022-01-17,54728,489647,47303113,27619094
2022-01-18,58338,517012,47361451,28136106
2022-01-19,57152,502783,47418603,28638889
2022-01-20,54293,498810,47472896,29137699
2022-01-21,42027,493868,47514923,29631567
2022-01-22,31115,469594,47546038,30101161
2022-01-23,34899,275365,47580937,30376526
2022-01-24,56146,437211,47637083,30813737
2022-01-25,61521,452088,47698604,31265825
2022-01-26,58502,435816,47757106,31701641
2022-01-27,48802,432353,47805908,32133994
2022-01-28,58656,436530,47864564,32570524
2022-01-29,68076,412484,47932640,32983008
2022-01-30,50354,235967,47982994,33218975
2022-01-31,60586,356922,48043580,33575897
2022-02-01,65512,328433,48109092,33904330
2022-02-02,63157,296966,48172249,34201296
2022-02-03,60020,274513,48232269,34475809
2022-02-04,72345,268449,48304614,34744258
2022-02-05,83726,248528,48388340,34992786
2022-02-06,55271,116195,48443611,35108981
2022-02-07,65119,199930,48508730,35308911
2022-02-08,66909,186102,48575639,35495013
2022-02-09,58735,166332,48634374,35661345
2022-02-10,58535,163233,48692909,35824578
2022-02-11,62221,162454,48755130,35987032
2022-02-12,71952,152138,48827082,36139170
2022-02-13,41464,68849,48868546,36208019
2022-02-14,46665,116185,48915211,36324204
2022-02-15,48511,123477,48963722,36447681
2022-02-16,45662,106112,49009384,36553793
2022-02-17,42852,98102,49052236,36651895
2022-02-18,46596,112569,49098832,36764464
2022-02-19,52518,100328,49151350,36864792
2022-02-20,31409,40360,49182759,36905152
2022-02-21,37886,89643,49220645,36994795
2022-02-22,37212,83769,49257857,37078564
2022-02-23,33376,79404,49291233,37157968
2022-02-24,32549,78160,49323782,37236128
2022-02-25,34747,90706,49358529,37326834
2022-02-26,39146,89132,49397675,37415966
2022-02-27,22540,35855,49420215,37451821
2022-02-28,28467,81691,49448682,37533512
2022-03-01,22703,53937,49471385,37587449
2022-03-02,21988,50627,49493373,37638076
2022-03-03,22601,54941,49515974,37693017
2022-03-04,23216,62793,49539190,37755810
2022-03-05,23783,57952,49562973,37813762
2022-03-06,9471,17200,49572444,37830962
2022-03-07,15899,51390,49588343,37882352
2022-03-08,15454,48795,49603797,37931147
2022-03-09,13804,46514,49617601,37977661
2022-03-10,14033,52115,49631634,38029776
2022-03-11,15568,57251,49647202,38087027
2022-03-12,15492,56614,49662694,38143641
2022-03-13,5542,16849,49668236,38160490
2022-03-14,10518,46691,49678754,38207181
2022-03-15,10534,46892,49689288,38254073
2022-03-16,9472,41978,49698760,38296051
2022-03-17,9701,44875,49708461,38340926
2022-03-18,10152,49052,49718613,38389978
2022-03-19,9145,46532,49727758,38436510
2022-03-20,2607,11700,49730365,38448210
2022-03-21,7574,40223,49737939,38488433
2022-03-22,8441,37749,49746380,38526182
2022-03-23,7206,33697,49753586,38559879
2022-03-24,8250,38796,49761836,38598675
2022-03-25,8129,43665,49769965,38642340
2022-03-26,8120,41723,49778085,38684063
2022-03-27,2428,9683,49780513,38693746
2022-03-28,6099,35230,49786612,38728976
2022-03-29,5773,32523,49792385,38761499
2022-03-30,5556,30193,49797941,38791692
2022-03-31,5885,33175,49803826,38824867
2022-04-01,4341,25187,49808167,38850054
2022-04-02,4489,23273,49812656,38873327
2022-04-03,1048,4499,49813704,38877826
2022-04-04,3654,21531,49817358,38899357
2022-04-05,3746,22925,49821104,38922282
2022-04-06,4098,21845,49825202,38944127
2022-04-07,3956,23317,49829158,38967444
2022-04-08,4687,26710,49833845,38994154
2022-04-09,4375,23885,49838220,39018039
2022-04-10,893,4614,49839113,39022653
2022-04-11,3806,22685,49842919,39045338
2022-04-12,3356,21777,49846275,39067115
2022-04-13,3560,21334,49849835,39088449
2022-04-14,3484,23776,49853319,39112225
2022-04-15,3078,20617,49856397,39132842
2022-04-16,2149,11921,49858546,39144763
2022-04-17,63,348,49858609,39145111
2022-04-18,149,650,49858758,39145761
2022-04-19,3490,21978,49862248,39167739
2022-04-20,3499,20248,49865747,39187987
2022-04-21,2839,19781,49868586,39207768
2022-04-22,2919,20696,49871505,39228464
2022-04-23,2637,16210,49874142,39244674
2022-04-24,509,2335,49874651,39247009
2022-04-25,183,1165,49874834,39248174
2022-04-26,2759,17791,49877593,39265965
2022-04-27,2365,15784,49879958,39281749
2022-04-28,2353,15533,49882311,39297282
2022-04-29,2291,14835,49884602,39312117
2022-04-30,2121,11577,49886723,39323694
2022-05-01,113,530,49886836,39324224
2022-05-02,1445,9384,49888281,39333608
2022-05-03,1573,10309,49889854,39343917
2022-05-04,1745,10255,49891599,39354172
2022-05-05,1647,10272,49893246,39364444
2022-05-06,1695,10945,49894941,39375389
2022-05-07,1431,8563,49896372,39383952
2022-05-08,404,1514,49896776,39385466
2022-05-09,1024,8917,49897800,39394383
2022-05-10,1421,9536,49899221,39403919
2022-05-11,1480,10087,49900701,39414006
2022-05-12,1369,10119,49902070,39424125
2022-05-13,1587,10509,49903657,39434634
2022-05-14,1357,8228,49905014,39442862
2022-05-15,336,1129,49905350,39443991
2022-05-16,812,8388,49906162,39452379
2022-05-17,1241,8671,49907403,39461050
2022-05-18,1368,9216,49908771,39470266
2022-05-19,1498,9268,49910269,39479534
2022-05-20,1419,9493,49911688,39489027
2022-05-21,1299,7892,49912987,39496919
2022-05-22,231,1012,49913218,39497931
2022-05-23,826,8261,49914044,39506192
2022-05-24,1070,8665,49915114,39514857
2022-05-25,1364,9445,49916478,39524302
2022-05-26,1194,9454,49917672,39533756
2022-05-27,1225,9911,49918897,39543667
2022-05-28,1202,7873,49920099,39551540
2022-05-29,285,1264,49920384,39552804
2022-05-30,930,8026,49921314,39560830
2022-05-31,1033,8531,49922347,39569361
2022-06-01,892,7644,49923239,39577005
2022-06-02,35,474,49923274,39577479
2022-06-03,814,7327,49924088,39584806
2022-06-04,870,5155,49924958,39589961
2022-06-05,89,586,49925047,39590547
2022-06-06,672,6979,49925719,39597526
2022-06-07,930,7842,49926649,39605368
2022-06-08,982,7898,49927631,39613266
2022-06-09,1034,8400,49928665,39621666
2022-06-10,955,8550,49929620,39630216
2022-06-11,900,6207,49930520,39636423
2022-06-12,140,767,49930660,39637190
2022-06-13,603,6295,49931263,39643485
2022-06-14,826,7881,49932089,39651366
2022-06-15,950,7845,49933039,39659211
2022-06-16,728,7386,49933767,39666597
2022-06-17,719,7239,49934486,39673836
2022-06-18,777,5589,49935263,39679425
2022-06-19,47,522,49935310,39679947
2022-06-20,588,6694,49935898,39686641
2022-06-21,732,7644,49936630,39694285
2022-06-22,780,7303,49937410,39701588
2022-06-23,649,7455,49938059,39709043
2022-06-24,644,7472,49938703,39716515
2022-06-25,835,6531,49939538,39723046
2022-06-26,128,523,49939666,39723569
2022-06-27,532,7119,49940198,39730688
2022-06-28,744,8208,49940942,39738896
2022-06-29,755,7718,49941697,39746614
2022-06-30,744,8131,49942441,39754745
2022-07-01,576,6437,49943017,39761182
2022-07-02,536,4765,49943553,39765947
2022-07-03,49,456,49943602,39766403
2022-07-04,470,6269,49944072,39772672
2022-07-05,622,8107,49944694,39780779
2022-07-06,627,7595,49945321,39788374
2022-07-07,567,8252,49945888,39796626
2022-07-08,669,8078,49946557,39804704
2022-07-09,549,6104,49947106,39810808
2022-07-10,58,533,49947164,39811341
2022-07-11,486,7632,49947650,39818973
2022-07-12,661,9001,49948311,39827974
2022-07-13,637,10057,49948948,39838031
2022-07-14,632,10219,49949580,39848250
2022-07-15,621,10662,49950201,39858912
2022-07-16,521,7207,49950722,39866119
2022-07-17,48,769,49950770,39866888
2022-07-18,498,9351,49951268,39876239
2022-07-19,573,10648,49951841,39886887
2022-07-20,576,11254,49952417,39898141
2022-07-21,625,12032,49953042,39910173
2022-07-22,581,11215,49953623,39921388
2022-07-23,378,6740,49954001,39928128
2022-07-24,76,834,49954077,39928962
2022-07-25,500,9031,49954577,39937993
2022-07-26,517,9724,49955094,39947717
2022-07-27,542,10148,49955636,39957865
2022-07-28,526,10468,49956162,39968333
2022-07-29,509,9414,49956671,39977747
2022-07-30,380,5852,49957051,39983599
2022-07-31,49,745,49957100,39984344
2022-08-01,386,6821,49957486,39991165
2022-08-02,537,7509,49958023,39998674
2022-08-03,498,7131,49958521,40005805
2022-08-04,449,7410,49958970,40013215
2022-08-05,415,6471,49959385,40019686
2022-08-06,296,3580,49959681,40023266
2022-08-07,44,550,49959725,40023816
2022-08-08,392,4871,49960117,40028687
2022-08-09,383,5265,49960500,40033952
2022-08-10,372,4775,49960872,40038727
2022-08-11,361,4752,49961233,40043479
2022-08-12,284,3689,49961517,40047168
2022-08-13,141,1595,49961658,40048763
2022-08-14,9,128,49961667,40048891
2022-08-15,1,24,49961668,40048915
2022-08-16,281,3020,49961949,40051935
2022-08-17,350,3511,49962299,40055446
2022-08-18,383,4127,49962682,40059573
2022-08-19,335,3299,49963017,40062872
2022-08-20,182,1711,49963199,40064583
2022-08-21,24,146,49963223,40064729
2022-08-22,326,2924,49963549,40067653
2022-08-23,370,3634,49963919,40071287
2022-08-24,377,3307,49964296,40074594
2022-08-25,412,3678,49964708,40078272
2022-08-26,391,3518,49965099,40081790
2022-08-27,226,1763,49965325,40083553
2022-08-28,29,260,49965354,40083813
2022-08-29,350,3109,49965704,40086922
2022-08-30,393,3583,49966097,40090505
2022-08-31,421,3643,49966518,40094148
2022-09-01,345,3010,49966863,40097158
2022-09-02,298,2684,49967161,40099842