data_somministrazione,vaccinazioni,booster,cum_vaccinazioni,cum_booster
2020-12-27,20,0,20,0
2020-12-28,2,0,22,0
2020-12-29,1,0,23,0
2020-12-30,9,0,32,0
2020-12-31,74,0,106,0
2021-01-01,24,0,130,0
2021-01-02,134,0,264,0
2021-01-03,97,0,361,0
2021-01-04,229,0,590,0
2021-01-05,270,0,860,0
2021-01-06,237,0,1097,0
2021-01-07,316,0,1413,0
2021-01-08,368,0,1781,0
2021-01-09,276,0,2057,0
2021-01-10,165,0,2222,0
2021-01-11,300,0,2522,0
2021-01-12,281,0,2803,0
2021-01-13,408,0,3211,0
2021-01-14,495,0,3706,0
2021-01-15,316,0,4022,0
2021-01-16,220,0,4242,0
2021-01-17,3063,0,7305,0
2021-01-18,5216,0,12521,0
2021-01-19,1894,0,14415,0
2021-01-20,4659,0,19074,0
2021-01-21,20008,0,39082,0
2021-01-22,14221,0,53303,0
2021-01-23,33328,0,86631,0
2021-01-24,30779,0,117410,0
2021-01-25,64714,0,182124,0
2021-01-26,76477,0,258601,0
2021-01-27,64822,0,323423,0
2021-01-28,89259,0,412682,0
2021-01-29,94006,0,506688,0
2021-01-30,86549,0,593237,0
2021-01-31,57325,0,650562,0
2021-02-01,81842,0,732404,0
2021-02-02,82136,0,814540,0
2021-02-03,91109,0,905649,0
2021-02-04,95393,0,1001042,0
2021-02-05,90266,0,1091308,0
2021-02-06,63447,0,1154755,0
2021-02-07,32934,0,1187689,0
2021-02-08,40422,0,1228111,0
2021-02-09,32879,0,1260990,0
2021-02-10,28433,0,1289423,0
2021-02-11,20405,0,1309828,0
2021-02-12,16243,0,1326071,0
2021-02-13,7277,0,1333348,0
2021-02-14,2862,0,1336210,0
2021-02-15,6845,0,1343055,0
2021-02-16,7004,0,1350059,0
2021-02-17,10526,0,1360585,0
2021-02-18,9252,0,1369837,0
2021-02-19,8253,0,1378090,0
2021-02-20,5575,0,1383665,0
2021-02-21,3011,0,1386676,0
2021-02-22,6882,0,1393558,0
2021-02-23,7184,0,1400742,0
2021-02-24,9813,0,1410555,0
2021-02-25,14212,0,1424767,0
2021-02-26,17556,0,1442323,0
2021-02-27,13917,0,1456240,0
2021-02-28,9393,0,1465633,0
2021-03-01,26520,0,1492153,0
2021-03-02,33247,0,1525400,0
2021-03-03,44648,0,1570048,0
2021-03-04,50295,0,1620343,0
2021-03-05,55735,0,1676078,0
2021-03-06,41876,0,1717954,0
2021-03-07,22326,0,1740280,0
2021-03-08,50831,0,1791111,0
2021-03-09,53086,0,1844197,0
2021-03-10,58674,0,1902871,0
2021-03-11,63878,0,1966749,0
2021-03-12,65130,0,2031879,0
2021-03-13,51729,0,2083608,0
2021-03-14,35415,0,2119023,0
2021-03-15,73456,0,2192479,0
2021-03-16,74030,0,2266509,0
2021-03-17,83136,0,2349645,0
2021-03-18,81628,0,2431273,0
2021-03-19,81091,0,2512364,0
2021-03-20,64735,0,2577099,0
2021-03-21,47310,0,2624409,0
2021-03-22,69495,0,2693904,0
2021-03-23,75806,0,2769710,0
2021-03-24,90916,0,2860626,0
2021-03-25,89819,0,2950445,0
2021-03-26,83641,0,3034086,0
2021-03-27,71952,0,3106038,0
2021-03-28,44172,0,3150210,0
2021-03-29,70843,0,3221053,0
2021-03-30,81400,0,3302453,0
2021-03-31,96258,0,3398711,0
2021-04-01,95320,0,3494031,0
2021-04-02,84082,0,3578113,0
2021-04-03,64303,0,3642416,0
2021-04-04,21723,0,3664139,0
2021-04-05,40318,0,3704457,0
2021-04-06,81334,0,3785791,0
2021-04-07,95838,0,3881629,0
2021-04-08,95255,0,3976884,0
2021-04-09,88498,0,4065382,0
2021-04-10,74033,0,4139415,0
2021-04-11,44767,0,4184182,0
2021-04-12,66921,0,4251103,0
2021-04-13,72587,0,4323690,0
2021-04-14,85552,0,4409242,0
2021-04-15,105421,0,4514663,0
2021-04-16,106427,0,4621090,0
2021-04-17,90524,0,4711614,0
2021-04-18,58597,0,4770211,0
2021-04-19,93434,0,4863645,0
2021-04-20,103774,0,4967419,0
2021-04-21,125344,0,5092763,0
2021-04-22,143524,0,5236287,0
2021-04-23,138749,0,5375036,0
2021-04-24,124454,0,5499490,0
2021-04-25,61469,0,5560959,0
2021-04-26,97906,0,5658865,0
2021-04-27,128368,0,5787233,0
2021-04-28,156387,0,5943620,0
2021-04-29,195613,0,6139233,0
2021-04-30,214606,0,6353839,0
2021-05-01,174134,0,6527973,0
2021-05-02,135803,0,6663776,0
2021-05-03,142063,0,6805839,0
2021-05-04,158708,0,6964547,0
2021-05-05,170531,0,7135078,0
2021-05-06,197820,0,7332898,0
2021-05-07,213866,0,7546764,0
2021-05-08,213439,0,7760203,0
2021-05-09,143218,0,7903421,0
2021-05-10,165101,0,8068522,0
2021-05-11,175004,0,8243526,0
2021-05-12,179207,0,8422733,0
2021-05-13,203412,0,8626145,0
2021-05-14,222940,0,8849085,0
2021-05-15,210388,0,9059473,0
2021-05-16,159284,0,9218757,0
2021-05-17,219217,0,9437974,0
2021-05-18,213031,0,9651005,0
2021-05-19,207096,0,9858101,0
2021-05-20,270886,0,10128987,0
2021-05-21,270907,0,10399894,0
2021-05-22,245541,0,10645435,0
2021-05-23,197188,0,10842623,0
2021-05-24,228306,0,11070929,0
2021-05-25,245702,0,11316631,0
2021-05-26,277512,0,11594143,0
2021-05-27,311091,0,11905234,0
2021-05-28,299582,0,12204816,0
2021-05-29,231244,0,12436060,0
2021-05-30,170851,0,12606911,0
2021-05-31,216435,0,12823346,0
2021-06-01,207637,0,13030983,0
2021-06-02,115802,0,13146785,0
2021-06-03,180167,0,13326952,0
2021-06-04,184907,0,13511859,0
2021-06-05,185985,0,13697844,0
2021-06-06,139576,0,13837420,0
2021-06-07,161896,0,13999316,0
2021-06-08,171270,0,14170586,0
2021-06-09,171516,0,14342102,0
2021-06-10,174139,0,14516241,0
2021-06-11,170010,0,14686251,0
2021-06-12,128367,0,14814618,0
2021-06-13,91217,0,14905835,0
2021-06-14,214707,0,15120542,0
2021-06-15,228446,0,15348988,0
2021-06-16,253105,0,15602093,0
2021-06-17,301770,0,15903863,0
2021-06-18,306318,0,16210181,0
2021-06-19,275112,0,16485293,0
2021-06-20,220813,0,16706106,0
2021-06-21,288087,0,16994193,0
2021-06-22,296242,0,17290435,0
2021-06-23,302699,0,17593134,0
2021-06-24,332612,0,17925746,0
2021-06-25,348728,0,18274474,0
2021-06-26,300135,0,18574609,0
2021-06-27,228682,0,18803291,0
2021-06-28,307142,0,19110433,0
2021-06-29,329325,0,19439758,0
2021-06-30,342206,0,19781964,0
2021-07-01,363242,0,20145206,0
2021-07-02,368490,0,20513696,0
2021-07-03,371101,0,20884797,0
2021-07-04,283234,0,21168031,0
2021-07-05,384559,0,21552590,0
2021-07-06,385489,0,21938079,0
2021-07-07,412135,0,22350214,0
2021-07-08,479594,0,22829808,0
2021-07-09,498473,0,23328281,0
2021-07-10,475173,0,23803454,0
2021-07-11,357698,0,24161152,0
2021-07-12,485884,0,24647036,0
2021-07-13,492085,0,25139121,0
2021-07-14,480445,0,25619566,0
2021-07-15,523437,0,26143003,0
2021-07-16,509758,0,26652761,0
2021-07-17,464332,0,27117093,0
2021-07-18,364640,0,27481733,0
2021-07-19,463037,0,27944770,0
2021-07-20,458059,0,28402829,0
2021-07-21,462791,0,28865620,0
2021-07-22,475384,0,29341004,0
2021-07-23,441327,0,29782331,0
2021-07-24,386151,0,30168482,0
2021-07-25,287557,0,30456039,0
2021-07-26,430888,0,30886927,0
2021-07-27,440122,0,31327049,0
2021-07-28,391024,0,31718073,0
2021-07-29,372082,0,32090155,0
2021-07-30,341518,0,32431673,0
2021-07-31,287038,0,32718711,0
2021-08-01,191001,0,32909712,0
2021-08-02,333706,0,33243418,0
2021-08-03,323189,0,33566607,0
2021-08-04,310980,0,33877587,0
2021-08-05,292487,0,34170074,0
2021-08-06,260029,0,34430103,0
2021-08-07,199061,0,34629164,0
2021-08-08,153108,0,34782272,0
2021-08-09,234086,0,35016358,0
2021-08-10,205266,0,35221624,0
2021-08-11,193783,0,35415407,0
2021-08-12,168057,0,35583464,0
2021-08-13,148648,0,35732112,0
2021-08-14,66099,0,35798211,0
2021-08-15,26339,0,35824550,0
2021-08-16,114708,0,35939258,0
2021-08-17,129254,0,36068512,0
2021-08-18,128764,0,36197276,0
2021-08-19,124840,0,36322116,0
2021-08-20,123798,0,36445914,0
2021-08-21,83137,0,36529051,0
2021-08-22,68177,0,36597228,0
2021-08-23,176870,0,36774098,0
2021-08-24,156898,0,36930996,0
2021-08-25,177179,0,37108175,0
2021-08-26,172358,0,37280533,0
2021-08-27,185832,0,37466365,0
2021-08-28,140285,0,37606650,0
2021-08-29,98990,0,37705640,0
2021-08-30,209587,0,37915227,0
2021-08-31,194644,0,38109871,0
2021-09-01,192211,0,38302082,0
2021-09-02,189931,0,38492013,0
2021-09-03,191286,0,38683299,0
2021-09-04,131454,0,38814753,0
2021-09-05,87853,0,38902606,0
2021-09-06,193615,0,39096221,0
2021-09-07,196038,0,39292259,0
2021-09-08,187875,0,39480134,0
2021-09-09,201436,0,39681570,0
2021-09-10,198067,0,39879637,0
2021-09-11,141293,0,40020930,0
2021-09-12,89592,0,40110522,0
2021-09-13,191116,629,40301638,629
2021-09-14,177222,634,40478860,1263
2021-09-15,163087,638,40641947,1901
2021-09-16,160056,983,40802003,2884
2021-09-17,150166,1159,40952169,4043
2021-09-18,127983,768,41080152,4811
2021-09-19,81141,506,41161293,5317
2021-09-20,180070,9116,41341363,14433
2021-09-21,166668,8854,41508031,23287
2021-09-22,159111,9456,41667142,32743
2021-09-23,138094,9351,41805236,42094
2021-09-24,140557,9000,41945793,51094
2021-09-25,119563,5665,42065356,56759
2021-09-26,71988,4360,42137344,61119
2021-09-27,135666,10074,42273010,71193
2021-09-28,117515,11418,42390525,82611
2021-09-29,112369,11848,42502894,94459
2021-09-30,110278,14977,42613172,109436
2021-10-01,94996,19137,42708168,128573
2021-10-02,78516,14040,42786684,142613
2021-10-03,47758,7668,42834442,150281
2021-10-04,88389,34478,42922831,184759
2021-10-05,80382,34011,43003213,218770
2021-10-06,72002,34201,43075215,252971
2021-10-07,71878,34369,43147093,287340
2021-10-08,80630,33621,43227723,320961
2021-10-09,76109,22190,43303832,343151
2021-10-10,45787,13630,43349619,356781
2021-10-11,87449,41126,43437068,397907
2021-10-12,84517,46928,43521585,444835
2021-10-13,88211,52158,43609796,496993
2021-10-14,91548,58551,43701344,555544
2021-10-15,93599,55669,43794943,611213
2021-10-16,82969,36820,43877912,648033
2021-10-17,51462,23856,43929374,671889
2021-10-18,90302,59512,44019676,731401
2021-10-19,78352,69400,44098028,800801
2021-10-20,75066,78201,44173094,879002
2021-10-21,78298,81803,44251392,960805
2021-10-22,73775,77073,44325167,1037878
2021-10-23,60834,51972,44386001,1089850
2021-10-24,33368,23477,44419369,1113327
2021-10-25,64902,81659,44484271,1194986
2021-10-26,58377,91828,44542648,1286814
2021-10-27,58320,104024,44600968,1390838
2021-10-28,61454,114150,44662422,1504988
2021-10-29,61638,103174,44724060,1608162
2021-10-30,50680,68136,44774740,1676298
2021-10-31,25162,28306,44799902,1704604
2021-11-01,19049,28157,44818951,1732761
2021-11-02,62742,89429,44881693,1822190
2021-11-03,60719,118695,44942412,1940885
2021-11-04,59241,126694,45001653,2067579
2021-11-05,63094,135216,45064747,2202795
2021-11-06,46488,90936,45111235,2293731
2021-11-07,22251,37903,45133486,2331634
2021-11-08,51530,131292,45185016,2462926
2021-11-09,45404,144234,45230420,2607160
2021-11-10,42594,156370,45273014,2763530
2021-11-11,44929,155167,45317943,2918697
2021-11-12,46314,158678,45364257,3077375
2021-11-13,33264,116675,45397521,3194050
2021-11-14,14491,52458,45412012,3246508
2021-11-15,36910,157441,45448922,3403949
2021-11-16,30564,171406,45479486,3575355
2021-11-17,28469,178460,45507955,3753815
2021-11-18,30293,193761,45538248,3947576
2021-11-19,28816,205879,45567064,4153455
2021-11-20,21003,156456,45588067,4309911
2021-11-21,10614,64868,45598681,4374779
2021-11-22,21957,213160,45620638,4587939
2021-11-23,23601,241793,45644239,4829732
2021-11-24,27801,271041,45672040,5100773
2021-11-25,23263,301931,45695303,5402704
2021-11-26,24595,318300,45719898,5721004
2021-11-27,21401,266168,45741299,5987172
2021-11-28,9906,137068,45751205,6124240
2021-11-29,22360,326075,45773565,6450315
2021-11-30,23115,365860,45796680,6816175
2021-12-01,21549,413528,45818229,7229703
2021-12-02,23788,440435,45842017,7670138
2021-12-03,25270,467527,45867287,8137665
2021-12-04,22390,418792,45889677,8556457
2021-12-05,11943,261365,45901620,8817822
2021-12-06,25838,457627,45927458,9275449
2021-12-07,24156,480300,45951614,9755749
2021-12-08,10025,249718,45961639,10005467
2021-12-09,31615,491958,45993254,10497425
2021-12-10,28094,517924,46021348,11015349
2021-12-11,23586,459270,46044934,11474619
2021-12-12,12319,293523,46057253,11768142
2021-12-13,26169,467654,46083422,12235796
2021-12-14,25200,494233,46108622,12730029
2021-12-15,25365,517189,46133987,13247218
2021-12-16,27918,520299,46161905,13767517
2021-12-17,29391,517215,46191296,14284732
2021-12-18,27097,468775,46218393,14753507
2021-12-19,15167,300540,46233560,15054047
2021-12-20,30667,477502,46264227,15531549
2021-12-21,30405,493424,46294632,16024973
2021-12-22,29475,484750,46324107,16509723
2021-12-23,28283,426953,46352390,16936676
2021-12-24,13124,210838,46365514,17147514
2021-12-25,2104,33053,46367618,17180567
2021-12-26,8773,159076,46376391,17339643
2021-12-27,46836,504690,46423227,17844333
2021-12-28,42501,554251,46465728,18398584
2021-12-29,34388,550673,46500116,18949257
2021-12-30,31884,499859,46532000,19449116
2021-12-31,14141,247406,46546141,19696522
2022-01-01,3498,64815,46549639,19761337
2022-01-02,22810,276724,46572449,20038061
2022-01-03,47917,520034,46620366,20558095
2022-01-04,46453,572100,46666819,21130195
2022-01-05,40815,560415,46707634,21690610
2022-01-06,23525,274491,46731159,21965101
2022-01-07,63778,554218,46794937,22519319
2022-01-08,60945,503409,46855882,23022728
2022-01-09,42935,319699,46898817,23342427
2022-01-10,61147,542322,46959964,23884749
2022-01-11,61821,587033,47021785,24471782
2022-01-12,58527,581301,47080312,25053083
2022-01-13,58689,580429,47139001,25633512
2022-01-14,46908,588606,47185909,26222118
2022-01-15,39522,569977,47225431,26792095
2022-01-16,31292,341887,47256723,27133982
2022-01-17,54834,489682,47311557,27623664
2022-01-18,58454,517045,47370011,28140709
2022-01-19,57252,502815,47427263,28643524
2022-01-20,54401,498853,47481664,29142377
2022-01-21,42153,493898,47523817,29636275
2022-01-22,31265,469614,47555082,30105889
2022-01-23,34972,275385,47590054,30381274
2022-01-24,56223,437241,47646277,30818515
2022-01-25,61585,452128,47707862,31270643
2022-01-26,58572,435845,47766434,31706488
2022-01-27,48880,432396,47815314,32138884
2022-01-28,58735,436553,47874049,32575437
2022-01-29,68171,412509,47942220,32987946
2022-01-30,50401,235984,47992621,33223930
2022-01-31,60682,356942,48053303,33580872
2022-02-01,65594,328461,48118897,33909333
2022-02-02,63237,296988,48182134,34206321
2022-02-03,60081,274529,48242215,34480850
2022-02-04,72398,268467,48314613,34749317
2022-02-05,83813,248547,48398426,34997864
2022-02-06,55305,116207,48453731,35114071
2022-02-07,65171,199945,48518902,35314016
2022-02-08,66948,186123,48585850,35500139
2022-02-09,58774,166347,48644624,35666486
2022-02-10,58595,163244,48703219,35829730
2022-02-11,62269,162474,48765488,35992204
2022-02-12,71999,152152,48837487,36144356
2022-02-13,41478,68854,48878965,36213210
2022-02-14,46705,116188,48925670,36329398
2022-02-15,48553,123481,48974223,36452879
2022-02-16,45684,106126,49019907,36559005
2022-02-17,42870,98117,49062777,36657122
2022-02-18,46631,112580,49109408,36769702
2022-02-19,52544,100337,49161952,36870039
2022-02-20,31411,40366,49193363,36910405
2022-02-21,37899,89658,49231262,37000063
2022-02-22,37224,83780,49268486,37083843
2022-02-23,33400,79409,49301886,37163252
2022-02-24,32562,78163,49334448,37241415
2022-02-25,34768,90713,49369216,37332128
2022-02-26,39159,89136,49408375,37421264
2022-02-27,22546,35857,49430921,37457121
2022-02-28,28483,81695,49459404,37538816
2022-03-01,22723,53942,49482127,37592758
2022-03-02,21957,50684,49504084,37643442
2022-03-03,22628,54945,49526712,37698387
2022-03-04,23239,62799,49549951,37761186
2022-03-05,23800,57951,49573751,37819137
2022-03-06,9472,17201,49583223,37836338
2022-03-07,15920,51391,49599143,37887729
2022-03-08,15480,48795,49614623,37936524
2022-03-09,13814,46519,49628437,37983043
2022-03-10,14053,52123,49642490,38035166
2022-03-11,15589,57268,49658079,38092434
2022-03-12,15508,56619,49673587,38149053
2022-03-13,5544,16852,49679131,38165905
2022-03-14,10526,46701,49689657,38212606
2022-03-15,10550,46895,49700207,38259501
2022-03-16,9482,41974,49709689,38301475
2022-03-17,9722,44874,49719411,38346349
2022-03-18,10160,49058,49729571,38395407
2022-03-19,9151,46535,49738722,38441942
2022-03-20,2608,11704,49741330,38453646
2022-03-21,7580,40225,49748910,38493871
2022-03-22,8447,37763,49757357,38531634
2022-03-23,7216,33700,49764573,38565334
2022-03-24,8258,38819,49772831,38604153
2022-03-25,8140,43669,49780971,38647822
2022-03-26,8127,41721,49789098,38689543
2022-03-27,2431,9682,49791529,38699225
2022-03-28,6113,35239,49797642,38734464
2022-03-29,5780,32530,49803422,38766994
2022-03-30,5566,30205,49808988,38797199
2022-03-31,5901,33185,49814889,38830384
2022-04-01,4349,25190,49819238,38855574
2022-04-02,4496,23275,49823734,38878849
2022-04-03,1049,4500,49824783,38883349
2022-04-04,3658,21544,49828441,38904893
2022-04-05,3756,22934,49832197,38927827
2022-04-06,4103,21852,49836300,38949679
2022-04-07,3968,23320,49840268,38972999
2022-04-08,4695,26713,49844963,38999712
2022-04-09,4383,23887,49849346,39023599
2022-04-10,892,4613,49850238,39028212
2022-04-11,3816,22689,49854054,39050901
2022-04-12,3365,21778,49857419,39072679
2022-04-13,3568,21335,49860987,39094014
2022-04-14,3486,23786,49864473,39117800
2022-04-15,3084,20620,49867557,39138420
2022-04-16,2149,11918,49869706,39150338
2022-04-17,63,348,49869769,39150686
2022-04-18,152,650,49869921,39151336
2022-04-19,3499,21981,49873420,39173317
2022-04-20,3510,20252,49876930,39193569
2022-04-21,2847,19790,49879777,39213359
2022-04-22,2927,20704,49882704,39234063
2022-04-23,2646,16220,49885350,39250283
2022-04-24,509,2334,49885859,39252617
2022-04-25,183,1165,49886042,39253782
2022-04-26,2759,17809,49888801,39271591
2022-04-27,2374,15793,49891175,39287384
2022-04-28,2360,15562,49893535,39302946
2022-04-29,2296,14848,49895831,39317794
2022-04-30,2123,11581,49897954,39329375
2022-05-01,113,531,49898067,39329906
2022-05-02,1451,9391,49899518,39339297
2022-05-03,1576,10320,49901094,39349617
2022-05-04,1745,10270,49902839,39359887
2022-05-05,1654,10296,49904493,39370183
2022-05-06,1702,10965,49906195,39381148
2022-05-07,1431,8569,49907626,39389717
2022-05-08,416,1522,49908042,39391239
2022-05-09,1027,8929,49909069,39400168
2022-05-10,1426,9548,49910495,39409716
2022-05-11,1483,10105,49911978,39419821
2022-05-12,1370,10131,49913348,39429952
2022-05-13,1596,10519,49914944,39440471
2022-05-14,1357,8237,49916301,39448708
2022-05-15,336,1134,49916637,39449842
2022-05-16,813,8405,49917450,39458247
2022-05-17,1243,8697,49918693,39466944
2022-05-18,1372,9233,49920065,39476177
2022-05-19,1500,9278,49921565,39485455
2022-05-20,1422,9532,49922987,39494987
2022-05-21,1300,7900,49924287,39502887
2022-05-22,231,1014,49924518,39503901
2022-05-23,830,8269,49925348,39512170
2022-05-24,1073,8672,49926421,39520842
2022-05-25,1370,9459,49927791,39530301
2022-05-26,1195,9480,49928986,39539781
2022-05-27,1232,9915,49930218,39549696
2022-05-28,1205,7887,49931423,39557583
2022-05-29,288,1265,49931711,39558848
2022-05-30,930,8056,49932641,39566904
2022-05-31,1036,8547,49933677,39575451
2022-06-01,893,7655,49934570,39583106
2022-06-02,35,474,49934605,39583580
2022-06-03,818,7333,49935423,39590913
2022-06-04,870,5163,49936293,39596076
2022-06-05,89,586,49936382,39596662
2022-06-06,678,7003,49937060,39603665
2022-06-07,952,7849,49938012,39611514
2022-06-08,981,7907,49938993,39619421
2022-06-09,1036,8416,49940029,39627837
2022-06-10,958,8564,49940987,39636401
2022-06-11,903,6207,49941890,39642608
2022-06-12,140,768,49942030,39643376
2022-06-13,602,6301,49942632,39649677
2022-06-14,831,7901,49943463,39657578
2022-06-15,959,7854,49944422,39665432
2022-06-16,730,7395,49945152,39672827
2022-06-17,723,7243,49945875,39680070
2022-06-18,777,5593,49946652,39685663
2022-06-19,48,522,49946700,39686185
2022-06-20,587,6699,49947287,39692884
2022-06-21,737,7665,49948024,39700549
2022-06-22,781,7308,49948805,39707857
2022-06-23,652,7468,49949457,39715325
2022-06-24,644,7473,49950101,39722798
2022-06-25,835,6535,49950936,39729333
2022-06-26,128,523,49951064,39729856
2022-06-27,533,7124,49951597,39736980
2022-06-28,746,8207,49952343,39745187
2022-06-29,756,7731,49953099,39752918
2022-06-30,745,8145,49953844,39761063
2022-07-01,577,6443,49954421,39767506
2022-07-02,536,4770,49954957,39772276
2022-07-03,49,456,49955006,39772732
2022-07-04,469,6276,49955475,39779008
2022-07-05,630,8118,49956105,39787126
2022-07-06,633,7611,49956738,39794737
2022-07-07,572,8271,49957310,39803008
2022-07-08,672,8083,49957982,39811091
2022-07-09,550,6104,49958532,39817195
2022-07-10,58,533,49958590,39817728
2022-07-11,487,7638,49959077,39825366
2022-07-12,667,9030,49959744,39834396
2022-07-13,643,10068,49960387,39844464
2022-07-14,636,10225,49961023,39854689
2022-07-15,625,10666,49961648,39865355
2022-07-16,522,7214,49962170,39872569
2022-07-17,48,770,49962218,39873339
2022-07-18,496,9369,49962714,39882708
2022-07-19,575,10683,49963289,39893391
2022-07-20,580,11274,49963869,39904665
2022-07-21,628,12088,49964497,39916753
2022-07-22,584,11257,49965081,39928010
2022-07-23,381,6773,49965462,39934783
2022-07-24,76,857,49965538,39935640
2022-07-25,503,9051,49966041,39944691
2022-07-26,518,9759,49966559,39954450
2022-07-27,553,10207,49967112,39964657
2022-07-28,531,10535,49967643,39975192
2022-07-29,509,9464,49968152,39984656
2022-07-30,382,5881,49968534,39990537
2022-07-31,49,764,49968583,39991301
2022-08-01,386,6863,49968969,39998164
2022-08-02,541,7588,49969510,40005752
2022-08-03,511,7177,49970021,40012929
2022-08-04,456,7488,49970477,40020417
2022-08-05,420,6528,49970897,40026945
2022-08-06,299,3613,49971196,40030558
2022-08-07,44,561,49971240,40031119
2022-08-08,402,4891,49971642,40036010
2022-08-09,381,5310,49972023,40041320
2022-08-10,383,4816,49972406,40046136
2022-08-11,369,4783,49972775,40050919
2022-08-12,293,3720,49973068,40054639
2022-08-13,143,1600,49973211,40056239
2022-08-14,9,129,49973220,40056368
2022-08-15,1,26,49973221,40056394
2022-08-16,283,3043,49973504,40059437
2022-08-17,352,3535,49973856,40062972
2022-08-18,391,4161,49974247,40067133
2022-08-19,341,3320,49974588,40070453
2022-08-20,183,1715,49974771,40072168
2022-08-21,24,149,49974795,40072317
2022-08-22,329,2952,49975124,40075269
2022-08-23,370,3674,49975494,40078943
2022-08-24,384,3359,49975878,40082302
2022-08-25,420,3773,49976298,40086075
2022-08-26,399,3573,49976697,40089648
2022-08-27,237,1769,49976934,40091417
2022-08-28,29,267,49976963,40091684
2022-08-29,354,3161,49977317,40094845
2022-08-30,403,3671,49977720,40098516
2022-08-31,437,3735,49978157,40102251
2022-09-01,353,3116,49978510,40105367
2022-09-02,296,2893,49978806,40108260
2022-09-03,200,1688,49979006,40109948
2022-09-04,23,149,49979029,40110097
2022-09-05,187,2656,49979216,40112753
2022-09-06,303,2983,49979519,40115736
2022-09-07,540,2936,49980059,40118672
2022-09-08,292,2962,49980351,40121634
2022-09-09,305,2884,49980656,40124518
2022-09-10,227,1326,49980883,40125844
2022-09-11,23,124,49980906,40125968
2022-09-12,267,2267,49981173,40128235
2022-09-13,252,2276,49981425,40130511
2022-09-14,266,2565,49981691,40133076
2022-09-15,281,2497,49981972,40135573
2022-09-16,254,2544,49982226,40138117
2022-09-17,239,1339,49982465,40139456
2022-09-18,20,170,49982485,40139626
2022-09-19,206,1970,49982691,40141596
2022-09-20,236,2385,49982927,40143981
2022-09-21,289,2526,49983216,40146507
2022-09-22,264,2662,49983480,40149169
2022-09-23,258,2540,49983738,40151709
2022-09-24,193,1427,49983931,40153136
2022-09-25,29,133,49983960,40153269
2022-09-26,280,2248,49984240,40155517
2022-09-27,287,2682,49984527,40158199
2022-09-28,309,2896,49984836,40161095
2022-09-29,256,3048,49985092,40164143
2022-09-30,290,2987,49985382,40167130
2022-10-01,195,1515,49985577,40168645
2022-10-02,12,187,49985589,40168832
2022-10-03,182,2474,49985771,40171306
2022-10-04,236,2865,49986007,40174171
2022-10-05,227,3249,49986234,40177420
2022-10-06,243,3874,49986477,40181294
2022-10-07,282,4186,49986759,40185480
2022-10-08,202,2270,49986961,40187750
2022-10-09,8,304,49986969,40188054
2022-10-10,208,3354,49987177,40191408
2022-10-11,192,4374,49987369,40195782
2022-10-12,209,4435,49987578,40200217
2022-10-13,200,5298,49987778,40205515
2022-10-14,231,5022,49988009,40210537
2022-10-15,189,2670,49988198,40213207
2022-10-16,6,360,49988204,40213567
2022-10-17,185,3867,49988389,40217434
2022-10-18,256,4957,49988645,40222391
2022-10-19,241,5464,49988886,40227855
2022-10-20,223,5987,49989109,40233842
2022-10-21,249,5469,49989358,40239311
2022-10-22,195,2909,49989553,40242220
2022-10-23,13,356,49989566,40242576
2022-10-24,171,3918,49989737,40246494
2022-10-25,251,4918,49989988,40251412
2022-10-26,341,5470,49990329,40256882
2022-10-27,239,5660,49990568,40262542
2022-10-28,199,5253,49990767,40267795
2022-10-29,127,2838,49990894,40270633
2022-10-30,3,326,49990897,40270959
2022-10-31,117,3034,49991014,40273993
2022-11-01,10,329,49991024,40274322
2022-11-02,143,3702,49991167,40278024
2022-11-03,172,4764,49991339,40282788
2022-11-04,224,4583,49991563,40287371
2022-11-05,143,2590,49991706,40289961
2022-11-06,10,258,49991716,40290219
2022-11-07,161,3215,49991877,40293434
2022-11-08,258,4208,49992135,40297642
2022-11-09,197,4295,49992332,40301937
2022-11-10,181,4546,49992513,40306483
2022-11-11,189,4201,49992702,40310684
2022-11-12,152,2349,49992854,40313033
2022-11-13,7,331,49992861,40313364
2022-11-14,148,2825,49993009,40316189
2022-11-15,199,3711,49993208,40319900
2022-11-16,208,3928,49993416,40323828
2022-11-17,188,4038,49993604,40327866
2022-11-18,244,3938,49993848,40331804
2022-11-19,111,2043,49993959,40333847
2022-11-20,24,307,49993983,40334154
2022-11-21,117,2552,49994100,40336706
2022-11-22,137,3097,49994237,40339803
2022-11-23,179,3349,49994416,40343152
2022-11-24,76,1527,49994492,40344679