data_somministrazione,vaccinazioni,booster,cum_vaccinazioni,cum_booster
2020-12-27,21,0,21,0
2020-12-28,2,0,23,0
2020-12-29,1,0,24,0
2020-12-30,9,0,33,0
2020-12-31,80,0,113,0
2021-01-01,26,0,139,0
2021-01-02,146,0,285,0
2021-01-03,111,0,396,0
2021-01-04,243,0,639,0
2021-01-05,285,0,924,0
2021-01-06,255,0,1179,0
2021-01-07,327,0,1506,0
2021-01-08,382,0,1888,0
2021-01-09,286,0,2174,0
2021-01-10,166,0,2340,0
2021-01-11,311,0,2651,0
2021-01-12,286,0,2937,0
2021-01-13,419,0,3356,0
2021-01-14,505,0,3861,0
2021-01-15,322,0,4183,0
2021-01-16,224,0,4407,0
2021-01-17,3065,0,7472,0
2021-01-18,5220,0,12692,0
2021-01-19,1896,0,14588,0
2021-01-20,4659,0,19247,0
2021-01-21,20004,0,39251,0
2021-01-22,14220,0,53471,0
2021-01-23,33321,0,86792,0
2021-01-24,30774,0,117566,0
2021-01-25,64702,0,182268,0
2021-01-26,76462,0,258730,0
2021-01-27,64808,0,323538,0
2021-01-28,89252,0,412790,0
2021-01-29,93992,0,506782,0
2021-01-30,86545,0,593327,0
2021-01-31,57326,0,650653,0
2021-02-01,81833,0,732486,0
2021-02-02,82134,0,814620,0
2021-02-03,91106,0,905726,0
2021-02-04,95382,0,1001108,0
2021-02-05,90268,0,1091376,0
2021-02-06,63450,0,1154826,0
2021-02-07,32934,0,1187760,0
2021-02-08,40421,0,1228181,0
2021-02-09,32881,0,1261062,0
2021-02-10,28437,0,1289499,0
2021-02-11,20406,0,1309905,0
2021-02-12,16251,0,1326156,0
2021-02-13,7280,0,1333436,0
2021-02-14,2862,0,1336298,0
2021-02-15,6848,0,1343146,0
2021-02-16,7004,0,1350150,0
2021-02-17,10527,0,1360677,0
2021-02-18,9257,0,1369934,0
2021-02-19,8259,0,1378193,0
2021-02-20,5581,0,1383774,0
2021-02-21,3015,0,1386789,0
2021-02-22,6883,0,1393672,0
2021-02-23,7189,0,1400861,0
2021-02-24,9815,0,1410676,0
2021-02-25,14213,0,1424889,0
2021-02-26,17561,0,1442450,0
2021-02-27,13921,0,1456371,0
2021-02-28,9398,0,1465769,0
2021-03-01,26528,0,1492297,0
2021-03-02,33247,0,1525544,0
2021-03-03,44652,0,1570196,0
2021-03-04,50301,0,1620497,0
2021-03-05,55745,0,1676242,0
2021-03-06,41885,0,1718127,0
2021-03-07,22332,0,1740459,0
2021-03-08,50844,0,1791303,0
2021-03-09,53098,0,1844401,0
2021-03-10,58696,0,1903097,0
2021-03-11,63893,0,1966990,0
2021-03-12,65139,0,2032129,0
2021-03-13,51730,0,2083859,0
2021-03-14,35423,0,2119282,0
2021-03-15,73463,0,2192745,0
2021-03-16,74031,0,2266776,0
2021-03-17,83143,0,2349919,0
2021-03-18,81632,0,2431551,0
2021-03-19,81091,0,2512642,0
2021-03-20,64740,0,2577382,0
2021-03-21,47309,0,2624691,0
2021-03-22,69506,0,2694197,0
2021-03-23,75819,0,2770016,0
2021-03-24,90932,0,2860948,0
2021-03-25,89828,0,2950776,0
2021-03-26,83642,0,3034418,0
2021-03-27,71961,0,3106379,0
2021-03-28,44188,0,3150567,0
2021-03-29,70849,0,3221416,0
2021-03-30,81417,0,3302833,0
2021-03-31,96265,0,3399098,0
2021-04-01,95338,0,3494436,0
2021-04-02,84091,0,3578527,0
2021-04-03,64312,0,3642839,0
2021-04-04,21726,0,3664565,0
2021-04-05,40321,0,3704886,0
2021-04-06,81343,0,3786229,0
2021-04-07,95845,0,3882074,0
2021-04-08,95263,0,3977337,0
2021-04-09,88508,0,4065845,0
2021-04-10,74038,0,4139883,0
2021-04-11,44775,0,4184658,0
2021-04-12,66929,0,4251587,0
2021-04-13,72600,0,4324187,0
2021-04-14,85560,0,4409747,0
2021-04-15,105430,0,4515177,0
2021-04-16,106435,0,4621612,0
2021-04-17,90529,0,4712141,0
2021-04-18,58598,0,4770739,0
2021-04-19,93445,0,4864184,0
2021-04-20,103780,0,4967964,0
2021-04-21,125345,0,5093309,0
2021-04-22,143537,0,5236846,0
2021-04-23,138760,0,5375606,0
2021-04-24,124453,0,5500059,0
2021-04-25,61471,0,5561530,0
2021-04-26,97917,0,5659447,0
2021-04-27,128380,0,5787827,0
2021-04-28,156402,0,5944229,0
2021-04-29,195622,0,6139851,0
2021-04-30,214618,0,6354469,0
2021-05-01,174150,0,6528619,0
2021-05-02,135815,0,6664434,0
2021-05-03,142075,0,6806509,0
2021-05-04,158718,0,6965227,0
2021-05-05,170554,0,7135781,0
2021-05-06,197835,0,7333616,0
2021-05-07,213880,0,7547496,0
2021-05-08,213447,0,7760943,0
2021-05-09,143221,0,7904164,0
2021-05-10,165108,0,8069272,0
2021-05-11,175014,0,8244286,0
2021-05-12,179233,0,8423519,0
2021-05-13,203426,0,8626945,0
2021-05-14,222951,0,8849896,0
2021-05-15,210399,0,9060295,0
2021-05-16,159291,0,9219586,0
2021-05-17,219223,0,9438809,0
2021-05-18,213036,0,9651845,0
2021-05-19,207108,0,9858953,0
2021-05-20,270900,0,10129853,0
2021-05-21,270918,0,10400771,0
2021-05-22,245550,0,10646321,0
2021-05-23,197195,0,10843516,0
2021-05-24,228314,0,11071830,0
2021-05-25,245705,0,11317535,0
2021-05-26,277576,0,11595111,0
2021-05-27,311106,0,11906217,0
2021-05-28,299594,0,12205811,0
2021-05-29,231257,0,12437068,0
2021-05-30,170858,0,12607926,0
2021-05-31,216441,0,12824367,0
2021-06-01,207642,0,13032009,0
2021-06-02,115808,0,13147817,0
2021-06-03,180181,0,13327998,0
2021-06-04,184932,0,13512930,0
2021-06-05,186008,0,13698938,0
2021-06-06,139599,0,13838537,0
2021-06-07,161915,0,14000452,0
2021-06-08,171299,0,14171751,0
2021-06-09,171534,0,14343285,0
2021-06-10,174173,0,14517458,0
2021-06-11,170050,0,14687508,0
2021-06-12,128410,0,14815918,0
2021-06-13,91240,0,14907158,0
2021-06-14,214712,0,15121870,0
2021-06-15,228470,0,15350340,0
2021-06-16,253121,0,15603461,0
2021-06-17,301794,0,15905255,0
2021-06-18,306341,0,16211596,0
2021-06-19,275125,0,16486721,0
2021-06-20,220830,0,16707551,0
2021-06-21,288112,0,16995663,0
2021-06-22,296262,0,17291925,0
2021-06-23,302713,0,17594638,0
2021-06-24,332629,0,17927267,0
2021-06-25,348745,0,18276012,0
2021-06-26,300152,0,18576164,0
2021-06-27,228705,0,18804869,0
2021-06-28,307163,0,19112032,0
2021-06-29,329346,0,19441378,0
2021-06-30,342234,0,19783612,0
2021-07-01,363256,0,20146868,0
2021-07-02,368514,0,20515382,0
2021-07-03,371107,0,20886489,0
2021-07-04,283244,0,21169733,0
2021-07-05,384570,0,21554303,0
2021-07-06,385497,0,21939800,0
2021-07-07,412142,0,22351942,0
2021-07-08,479594,0,22831536,0
2021-07-09,498468,0,23330004,0
2021-07-10,475177,0,23805181,0
2021-07-11,357694,0,24162875,0
2021-07-12,485875,0,24648750,0
2021-07-13,492073,0,25140823,0
2021-07-14,480433,0,25621256,0
2021-07-15,523414,0,26144670,0
2021-07-16,509749,0,26654419,0
2021-07-17,464326,0,27118745,0
2021-07-18,364632,0,27483377,0
2021-07-19,463034,0,27946411,0
2021-07-20,458045,0,28404456,0
2021-07-21,462789,0,28867245,0
2021-07-22,475375,0,29342620,0
2021-07-23,441330,0,29783950,0
2021-07-24,386153,0,30170103,0
2021-07-25,287547,0,30457650,0
2021-07-26,430891,0,30888541,0
2021-07-27,440112,0,31328653,0
2021-07-28,391016,0,31719669,0
2021-07-29,372076,0,32091745,0
2021-07-30,341524,0,32433269,0
2021-07-31,287053,0,32720322,0
2021-08-01,190997,0,32911319,0
2021-08-02,333706,0,33245025,0
2021-08-03,323193,0,33568218,0
2021-08-04,310998,0,33879216,0
2021-08-05,292480,0,34171696,0
2021-08-06,260044,0,34431740,0
2021-08-07,199069,0,34630809,0
2021-08-08,153108,0,34783917,0
2021-08-09,234085,0,35018002,0
2021-08-10,205294,0,35223296,0
2021-08-11,193799,0,35417095,0
2021-08-12,168072,0,35585167,0
2021-08-13,148675,0,35733842,0
2021-08-14,66107,0,35799949,0
2021-08-15,26343,0,35826292,0
2021-08-16,114717,0,35941009,0
2021-08-17,129256,0,36070265,0
2021-08-18,128766,0,36199031,0
2021-08-19,124862,0,36323893,0
2021-08-20,123799,0,36447692,0
2021-08-21,83135,0,36530827,0
2021-08-22,68182,0,36599009,0
2021-08-23,176875,0,36775884,0
2021-08-24,156892,0,36932776,0
2021-08-25,177169,0,37109945,0
2021-08-26,172352,0,37282297,0
2021-08-27,185832,0,37468129,0
2021-08-28,140292,0,37608421,0
2021-08-29,98996,0,37707417,0
2021-08-30,209587,0,37917004,0
2021-08-31,194640,0,38111644,0
2021-09-01,192219,0,38303863,0
2021-09-02,189924,0,38493787,0
2021-09-03,191282,0,38685069,0
2021-09-04,131443,0,38816512,0
2021-09-05,87842,0,38904354,0
2021-09-06,193600,0,39097954,0
2021-09-07,196036,0,39293990,0
2021-09-08,187859,0,39481849,0
2021-09-09,201418,0,39683267,0
2021-09-10,198054,0,39881321,0
2021-09-11,141289,0,40022610,0
2021-09-12,89592,0,40112202,0
2021-09-13,191103,654,40303305,654
2021-09-14,177209,655,40480514,1309
2021-09-15,163077,654,40643591,1963
2021-09-16,160041,1007,40803632,2970
2021-09-17,150153,1172,40953785,4142
2021-09-18,127980,783,41081765,4925
2021-09-19,81142,510,41162907,5435
2021-09-20,180062,9134,41342969,14569
2021-09-21,166674,8863,41509643,23432
2021-09-22,159114,9465,41668757,32897
2021-09-23,138108,9357,41806865,42254
2021-09-24,140548,9019,41947413,51273
2021-09-25,119560,5676,42066973,56949
2021-09-26,71992,4367,42138965,61316
2021-09-27,135674,10084,42274639,71400
2021-09-28,117520,11430,42392159,82830
2021-09-29,112380,11852,42504539,94682
2021-09-30,110293,14982,42614832,109664
2021-10-01,95003,19144,42709835,128808
2021-10-02,78524,14045,42788359,142853
2021-10-03,47759,7671,42836118,150524
2021-10-04,88392,34487,42924510,185011
2021-10-05,80381,34022,43004891,219033
2021-10-06,72010,34215,43076901,253248
2021-10-07,71880,34379,43148781,287627
2021-10-08,80648,33623,43229429,321250
2021-10-09,76115,22200,43305544,343450
2021-10-10,45792,13632,43351336,357082
2021-10-11,87447,41135,43438783,398217
2021-10-12,84518,46936,43523301,445153
2021-10-13,88222,52169,43611523,497322
2021-10-14,91558,58561,43703081,555883
2021-10-15,93599,55682,43796680,611565
2021-10-16,82977,36828,43879657,648393
2021-10-17,51462,23862,43931119,672255
2021-10-18,90302,59524,44021421,731779
2021-10-19,78357,69417,44099778,801196
2021-10-20,75062,78211,44174840,879407
2021-10-21,78285,81821,44253125,961228
2021-10-22,73769,77086,44326894,1038314
2021-10-23,60839,51975,44387733,1090289
2021-10-24,33370,23480,44421103,1113769
2021-10-25,64895,81670,44485998,1195439
2021-10-26,58375,91838,44544373,1287277
2021-10-27,58318,104041,44602691,1391318
2021-10-28,61444,114163,44664135,1505481
2021-10-29,61628,103194,44725763,1608675
2021-10-30,50676,68154,44776439,1676829
2021-10-31,25161,28312,44801600,1705141
2021-11-01,19050,28159,44820650,1733300
2021-11-02,62736,89445,44883386,1822745
2021-11-03,60718,118703,44944104,1941448
2021-11-04,59238,126706,45003342,2068154
2021-11-05,63091,135231,45066433,2203385
2021-11-06,46494,90943,45112927,2294328
2021-11-07,22248,37907,45135175,2332235
2021-11-08,51525,131298,45186700,2463533
2021-11-09,45401,144237,45232101,2607770
2021-11-10,42593,156377,45274694,2764147
2021-11-11,44927,155177,45319621,2919324
2021-11-12,46296,158710,45365917,3078034
2021-11-13,33272,116682,45399189,3194716
2021-11-14,14491,52461,45413680,3247177
2021-11-15,36911,157444,45450591,3404621
2021-11-16,30569,171413,45481160,3576034
2021-11-17,28469,178469,45509629,3754503
2021-11-18,30295,193768,45539924,3948271
2021-11-19,28823,205889,45568747,4154160
2021-11-20,21013,156460,45589760,4310620
2021-11-21,10610,64872,45600370,4375492
2021-11-22,21959,213164,45622329,4588656
2021-11-23,23606,241804,45645935,4830460
2021-11-24,27766,271104,45673701,5101564
2021-11-25,23272,301952,45696973,5403516
2021-11-26,24601,318312,45721574,5721828
2021-11-27,21415,266173,45742989,5988001
2021-11-28,9908,137072,45752897,6125073
2021-11-29,22367,326082,45775264,6451155
2021-11-30,23123,365861,45798387,6817016
2021-12-01,21560,413547,45819947,7230563
2021-12-02,23796,440445,45843743,7671008
2021-12-03,25281,467545,45869024,8138553
2021-12-04,22390,418809,45891414,8557362
2021-12-05,11944,261369,45903358,8818731
2021-12-06,25849,457636,45929207,9276367
2021-12-07,24169,480309,45953376,9756676
2021-12-08,10032,249721,45963408,10006397
2021-12-09,31627,491963,45995035,10498360
2021-12-10,28105,517936,46023140,11016296
2021-12-11,23596,459285,46046736,11475581
2021-12-12,12329,293534,46059065,11769115
2021-12-13,26182,467659,46085247,12236774
2021-12-14,25207,494242,46110454,12731016
2021-12-15,25377,517192,46135831,13248208
2021-12-16,27935,520307,46163766,13768515
2021-12-17,29401,517230,46193167,14285745
2021-12-18,27122,468785,46220289,14754530
2021-12-19,15173,300545,46235462,15055075
2021-12-20,30678,477513,46266140,15532588
2021-12-21,30418,493449,46296558,16026037
2021-12-22,29492,484758,46326050,16510795
2021-12-23,28289,426969,46354339,16937764
2021-12-24,13126,210844,46367465,17148608
2021-12-25,2104,33052,46369569,17181660
2021-12-26,8780,159078,46378349,17340738
2021-12-27,46852,504697,46425201,17845435
2021-12-28,42513,554265,46467714,18399700
2021-12-29,34403,550681,46502117,18950381
2021-12-30,31900,499871,46534017,19450252
2021-12-31,14152,247407,46548169,19697659
2022-01-01,3501,64814,46551670,19762473
2022-01-02,22836,276727,46574506,20039200
2022-01-03,47955,520036,46622461,20559236
2022-01-04,46483,572107,46668944,21131343
2022-01-05,40857,560430,46709801,21691773
2022-01-06,23539,274491,46733340,21966264
2022-01-07,63804,554225,46797144,22520489
2022-01-08,60987,503424,46858131,23023913
2022-01-09,42972,319706,46901103,23343619
2022-01-10,61184,542328,46962287,23885947
2022-01-11,61862,587039,47024149,24472986
2022-01-12,58565,581313,47082714,25054299
2022-01-13,58723,580434,47141437,25634733
2022-01-14,46951,588621,47188388,26223354
2022-01-15,39582,569995,47227970,26793349
2022-01-16,31327,341896,47259297,27135245
2022-01-17,54858,489692,47314155,27624937
2022-01-18,58477,517055,47372632,28141992
2022-01-19,57271,502828,47429903,28644820
2022-01-20,54429,498865,47484332,29143685
2022-01-21,42188,493899,47526520,29637584
2022-01-22,31304,469622,47557824,30107206
2022-01-23,34985,275390,47592809,30382596
2022-01-24,56232,437252,47649041,30819848
2022-01-25,61605,452134,47710646,31271982
2022-01-26,58597,435851,47769243,31707833
2022-01-27,48896,432410,47818139,32140243
2022-01-28,58758,436566,47876897,32576809
2022-01-29,68195,412517,47945092,32989326
2022-01-30,50413,235988,47995505,33225314
2022-01-31,60717,356950,48056222,33582264
2022-02-01,65616,328471,48121838,33910735
2022-02-02,63252,297000,48185090,34207735
2022-02-03,60094,274538,48245184,34482273
2022-02-04,72416,268473,48317600,34750746
2022-02-05,83818,248557,48401418,34999303
2022-02-06,55310,116207,48456728,35115510
2022-02-07,65191,199946,48521919,35315456
2022-02-08,66960,186131,48588879,35501587
2022-02-09,58777,166353,48647656,35667940
2022-02-10,58603,163253,48706259,35831193
2022-02-11,62276,162476,48768535,35993669
2022-02-12,72015,152156,48840550,36145825
2022-02-13,41483,68858,48882033,36214683
2022-02-14,46712,116193,48928745,36330876
2022-02-15,48570,123482,48977315,36454358
2022-02-16,45692,106130,49023007,36560488
2022-02-17,42874,98121,49065881,36658609
2022-02-18,46637,112586,49112518,36771195
2022-02-19,52548,100338,49165066,36871533
2022-02-20,31416,40367,49196482,36911900
2022-02-21,37899,89659,49234381,37001559
2022-02-22,37227,83784,49271608,37085343
2022-02-23,33402,79409,49305010,37164752
2022-02-24,32561,78168,49337571,37242920
2022-02-25,34774,90715,49372345,37333635
2022-02-26,39164,89138,49411509,37422773
2022-02-27,22549,35857,49434058,37458630
2022-02-28,28489,81700,49462547,37540330
2022-03-01,22730,53943,49485277,37594273
2022-03-02,21935,50713,49507212,37644986
2022-03-03,22638,54947,49529850,37699933
2022-03-04,23244,62801,49553094,37762734
2022-03-05,23804,57953,49576898,37820687
2022-03-06,9474,17201,49586372,37837888
2022-03-07,15927,51391,49602299,37889279
2022-03-08,15481,48797,49617780,37938076
2022-03-09,13816,46517,49631596,37984593
2022-03-10,14060,52125,49645656,38036718
2022-03-11,15592,57274,49661248,38093992
2022-03-12,15513,56619,49676761,38150611
2022-03-13,5545,16852,49682306,38167463
2022-03-14,10529,46701,49692835,38214164
2022-03-15,10554,46894,49703389,38261058
2022-03-16,9482,41977,49712871,38303035
2022-03-17,9725,44875,49722596,38347910
2022-03-18,10162,49058,49732758,38396968
2022-03-19,9151,46539,49741909,38443507
2022-03-20,2608,11704,49744517,38455211
2022-03-21,7581,40229,49752098,38495440
2022-03-22,8448,37767,49760546,38533207
2022-03-23,7219,33701,49767765,38566908
2022-03-24,8260,38821,49776025,38605729
2022-03-25,8143,43671,49784168,38649400
2022-03-26,8128,41722,49792296,38691122
2022-03-27,2431,9683,49794727,38700805
2022-03-28,6112,35244,49800839,38736049
2022-03-29,5782,32532,49806621,38768581
2022-03-30,5567,30204,49812188,38798785
2022-03-31,5905,33187,49818093,38831972
2022-04-01,4351,25188,49822444,38857160
2022-04-02,4497,23275,49826941,38880435
2022-04-03,1049,4500,49827990,38884935
2022-04-04,3660,21545,49831650,38906480
2022-04-05,3758,22936,49835408,38929416
2022-04-06,4105,21852,49839513,38951268
2022-04-07,3970,23321,49843483,38974589
2022-04-08,4696,26714,49848179,39001303
2022-04-09,4381,23888,49852560,39025191
2022-04-10,893,4613,49853453,39029804
2022-04-11,3819,22689,49857272,39052493
2022-04-12,3365,21779,49860637,39074272
2022-04-13,3571,21337,49864208,39095609
2022-04-14,3488,23787,49867696,39119396
2022-04-15,3085,20621,49870781,39140017
2022-04-16,2151,11918,49872932,39151935
2022-04-17,63,348,49872995,39152283
2022-04-18,152,650,49873147,39152933
2022-04-19,3498,21984,49876645,39174917
2022-04-20,3512,20250,49880157,39195167
2022-04-21,2848,19791,49883005,39214958
2022-04-22,2928,20712,49885933,39235670
2022-04-23,2648,16222,49888581,39251892
2022-04-24,509,2334,49889090,39254226
2022-04-25,183,1165,49889273,39255391
2022-04-26,2759,17810,49892032,39273201
2022-04-27,2374,15795,49894406,39288996
2022-04-28,2362,15564,49896768,39304560
2022-04-29,2297,14850,49899065,39319410
2022-04-30,2123,11584,49901188,39330994
2022-05-01,113,531,49901301,39331525
2022-05-02,1451,9392,49902752,39340917
2022-05-03,1576,10323,49904328,39351240
2022-05-04,1745,10273,49906073,39361513
2022-05-05,1654,10296,49907727,39371809
2022-05-06,1702,10971,49909429,39382780
2022-05-07,1431,8570,49910860,39391350
2022-05-08,416,1526,49911276,39392876
2022-05-09,1029,8930,49912305,39401806
2022-05-10,1426,9549,49913731,39411355
2022-05-11,1484,10104,49915215,39421459
2022-05-12,1371,10137,49916586,39431596
2022-05-13,1596,10519,49918182,39442115
2022-05-14,1360,8240,49919542,39450355
2022-05-15,336,1136,49919878,39451491
2022-05-16,814,8405,49920692,39459896
2022-05-17,1244,8697,49921936,39468593
2022-05-18,1372,9236,49923308,39477829
2022-05-19,1500,9283,49924808,39487112
2022-05-20,1425,9532,49926233,39496644
2022-05-21,1302,7900,49927535,39504544
2022-05-22,231,1013,49927766,39505557
2022-05-23,830,8272,49928596,39513829
2022-05-24,1073,8672,49929669,39522501
2022-05-25,1372,9460,49931041,39531961
2022-05-26,1197,9480,49932238,39541441
2022-05-27,1232,9915,49933470,39551356
2022-05-28,1205,7887,49934675,39559243
2022-05-29,288,1265,49934963,39560508
2022-05-30,931,8058,49935894,39568566
2022-05-31,1039,8548,49936933,39577114
2022-06-01,895,7658,49937828,39584772
2022-06-02,35,474,49937863,39585246
2022-06-03,817,7334,49938680,39592580
2022-06-04,870,5162,49939550,39597742
2022-06-05,89,586,49939639,39598328
2022-06-06,679,7004,49940318,39605332
2022-06-07,952,7850,49941270,39613182
2022-06-08,981,7907,49942251,39621089
2022-06-09,1036,8417,49943287,39629506
2022-06-10,958,8563,49944245,39638069
2022-06-11,904,6206,49945149,39644275
2022-06-12,140,768,49945289,39645043
2022-06-13,602,6301,49945891,39651344
2022-06-14,832,7903,49946723,39659247
2022-06-15,960,7856,49947683,39667103
2022-06-16,733,7397,49948416,39674500
2022-06-17,724,7249,49949140,39681749
2022-06-18,778,5594,49949918,39687343
2022-06-19,49,521,49949967,39687864
2022-06-20,587,6699,49950554,39694563
2022-06-21,741,7664,49951295,39702227
2022-06-22,779,7312,49952074,39709539
2022-06-23,648,7472,49952722,39717011
2022-06-24,644,7474,49953366,39724485
2022-06-25,835,6533,49954201,39731018
2022-06-26,128,523,49954329,39731541
2022-06-27,534,7125,49954863,39738666
2022-06-28,747,8207,49955610,39746873
2022-06-29,756,7733,49956366,39754606
2022-06-30,747,8145,49957113,39762751
2022-07-01,577,6443,49957690,39769194
2022-07-02,536,4769,49958226,39773963
2022-07-03,49,456,49958275,39774419
2022-07-04,469,6277,49958744,39780696
2022-07-05,631,8122,49959375,39788818
2022-07-06,633,7611,49960008,39796429
2022-07-07,576,8271,49960584,39804700
2022-07-08,674,8085,49961258,39812785
2022-07-09,550,6105,49961808,39818890
2022-07-10,58,533,49961866,39819423
2022-07-11,491,7641,49962357,39827064
2022-07-12,668,9031,49963025,39836095
2022-07-13,644,10067,49963669,39846162
2022-07-14,637,10225,49964306,39856387
2022-07-15,627,10671,49964933,39867058
2022-07-16,523,7215,49965456,39874273
2022-07-17,48,770,49965504,39875043
2022-07-18,496,9374,49966000,39884417
2022-07-19,575,10682,49966575,39895099
2022-07-20,582,11276,49967157,39906375
2022-07-21,630,12091,49967787,39918466
2022-07-22,585,11260,49968372,39929726
2022-07-23,381,6775,49968753,39936501
2022-07-24,76,857,49968829,39937358
2022-07-25,503,9052,49969332,39946410
2022-07-26,522,9761,49969854,39956171
2022-07-27,553,10210,49970407,39966381
2022-07-28,532,10534,49970939,39976915
2022-07-29,511,9465,49971450,39986380
2022-07-30,383,5882,49971833,39992262
2022-07-31,49,764,49971882,39993026
2022-08-01,387,6864,49972269,39999890
2022-08-02,545,7590,49972814,40007480
2022-08-03,513,7179,49973327,40014659
2022-08-04,455,7490,49973782,40022149
2022-08-05,421,6526,49974203,40028675
2022-08-06,299,3613,49974502,40032288
2022-08-07,44,561,49974546,40032849
2022-08-08,403,4890,49974949,40037739
2022-08-09,381,5312,49975330,40043051
2022-08-10,385,4816,49975715,40047867
2022-08-11,369,4803,49976084,40052670
2022-08-12,293,3720,49976377,40056390
2022-08-13,143,1600,49976520,40057990
2022-08-14,9,129,49976529,40058119
2022-08-15,1,26,49976530,40058145
2022-08-16,283,3043,49976813,40061188
2022-08-17,352,3536,49977165,40064724
2022-08-18,392,4160,49977557,40068884
2022-08-19,341,3319,49977898,40072203
2022-08-20,183,1715,49978081,40073918
2022-08-21,24,149,49978105,40074067
2022-08-22,329,2952,49978434,40077019
2022-08-23,370,3674,49978804,40080693
2022-08-24,384,3360,49979188,40084053
2022-08-25,422,3774,49979610,40087827
2022-08-26,399,3575,49980009,40091402
2022-08-27,237,1769,49980246,40093171
2022-08-28,29,267,49980275,40093438
2022-08-29,354,3161,49980629,40096599
2022-08-30,404,3671,49981033,40100270
2022-08-31,438,3734,49981471,40104004
2022-09-01,353,3116,49981824,40107120
2022-09-02,296,2893,49982120,40110013
2022-09-03,200,1689,49982320,40111702
2022-09-04,24,149,49982344,40111851
2022-09-05,187,2656,49982531,40114507
2022-09-06,306,2982,49982837,40117489
2022-09-07,541,2937,49983378,40120426
2022-09-08,293,2963,49983671,40123389
2022-09-09,305,2886,49983976,40126275
2022-09-10,228,1326,49984204,40127601
2022-09-11,23,124,49984227,40127725
2022-09-12,267,2267,49984494,40129992
2022-09-13,252,2276,49984746,40132268
2022-09-14,266,2566,49985012,40134834
2022-09-15,282,2500,49985294,40137334
2022-09-16,255,2546,49985549,40139880
2022-09-17,239,1339,49985788,40141219
2022-09-18,20,170,49985808,40141389
2022-09-19,206,1971,49986014,40143360
2022-09-20,236,2391,49986250,40145751
2022-09-21,289,2526,49986539,40148277
2022-09-22,266,2662,49986805,40150939
2022-09-23,259,2545,49987064,40153484
2022-09-24,193,1427,49987257,40154911
2022-09-25,29,133,49987286,40155044
2022-09-26,280,2248,49987566,40157292
2022-09-27,287,2682,49987853,40159974
2022-09-28,310,2904,49988163,40162878
2022-09-29,257,3049,49988420,40165927
2022-09-30,292,2989,49988712,40168916
2022-10-01,195,1515,49988907,40170431
2022-10-02,12,187,49988919,40170618
2022-10-03,185,2474,49989104,40173092
2022-10-04,236,2862,49989340,40175954
2022-10-05,229,3252,49989569,40179206
2022-10-06,243,3874,49989812,40183080
2022-10-07,282,4189,49990094,40187269
2022-10-08,203,2270,49990297,40189539
2022-10-09,8,305,49990305,40189844
2022-10-10,210,3356,49990515,40193200
2022-10-11,193,4378,49990708,40197578
2022-10-12,209,4441,49990917,40202019
2022-10-13,203,5304,49991120,40207323
2022-10-14,232,5023,49991352,40212346
2022-10-15,190,2671,49991542,40215017
2022-10-16,6,360,49991548,40215377
2022-10-17,186,3871,49991734,40219248
2022-10-18,257,4965,49991991,40224213
2022-10-19,244,5477,49992235,40229690
2022-10-20,224,5993,49992459,40235683
2022-10-21,250,5476,49992709,40241159
2022-10-22,195,2911,49992904,40244070
2022-10-23,13,364,49992917,40244434
2022-10-24,171,3929,49993088,40248363
2022-10-25,253,4926,49993341,40253289
2022-10-26,347,5501,49993688,40258790
2022-10-27,241,5671,49993929,40264461
2022-10-28,199,5261,49994128,40269722
2022-10-29,128,2844,49994256,40272566
2022-10-30,3,328,49994259,40272894
2022-10-31,117,3039,49994376,40275933
2022-11-01,11,353,49994387,40276286
2022-11-02,143,3721,49994530,40280007
2022-11-03,173,4786,49994703,40284793
2022-11-04,225,4603,49994928,40289396
2022-11-05,144,2597,49995072,40291993
2022-11-06,10,261,49995082,40292254
2022-11-07,169,3224,49995251,40295478
2022-11-08,260,4244,49995511,40299722
2022-11-09,197,4330,49995708,40304052
2022-11-10,183,4586,49995891,40308638
2022-11-11,193,4219,49996084,40312857
2022-11-12,152,2370,49996236,40315227
2022-11-13,7,335,49996243,40315562
2022-11-14,149,2837,49996392,40318399
2022-11-15,202,3743,49996594,40322142
2022-11-16,216,3981,49996810,40326123
2022-11-17,191,4092,49997001,40330215
2022-11-18,248,4021,49997249,40334236
2022-11-19,112,2099,49997361,40336335
2022-11-20,24,317,49997385,40336652
2022-11-21,118,2613,49997503,40339265
2022-11-22,142,3209,49997645,40342474
2022-11-23,191,3616,49997836,40346090
2022-11-24,156,3819,49997992,40349909
2022-11-25,185,3770,49998177,40353679
2022-11-26,130,2091,49998307,40355770
2022-11-27,22,356,49998329,40356126
2022-11-28,181,2673,49998510,40358799
2022-11-29,183,3212,49998693,40362011
2022-11-30,181,3720,49998874,40365731
2022-12-01,222,3609,49999096,40369340
2022-12-02,156,3508,49999252,40372848
2022-12-03,104,1956,49999356,40374804
2022-12-04,5,290,49999361,40375094
2022-12-05,127,2838,49999488,40377932
2022-12-06,176,3636,49999664,40381568
2022-12-07,136,3108,49999800,40384676
2022-12-08,8,169,49999808,40384845
2022-12-09,157,3003,49999965,40387848
2022-12-10,78,1600,50000043,40389448
2022-12-11,7,192,50000050,40389640
2022-12-12,169,2504,50000219,40392144
2022-12-13,254,3010,50000473,40395154
2022-12-14,221,3163,50000694,40398317
2022-12-15,198,3147,50000892,40401464
2022-12-16,152,3015,50001044,40404479
2022-12-17,93,1635,50001137,40406114
2022-12-18,10,270,50001147,40406384
2022-12-19,146,1974,50001293,40408358