data_somministrazione,vaccinazioni,booster,cum_vaccinazioni,cum_booster
2020-12-27,20,0,20,0
2020-12-28,2,0,22,0
2020-12-29,1,0,23,0
2020-12-30,8,0,31,0
2020-12-31,71,0,102,0
2021-01-01,23,0,125,0
2021-01-02,121,0,246,0
2021-01-03,86,0,332,0
2021-01-04,211,0,543,0
2021-01-05,248,0,791,0
2021-01-06,214,0,1005,0
2021-01-07,302,0,1307,0
2021-01-08,346,0,1653,0
2021-01-09,258,0,1911,0
2021-01-10,155,0,2066,0
2021-01-11,279,0,2345,0
2021-01-12,270,0,2615,0
2021-01-13,396,0,3011,0
2021-01-14,483,0,3494,0
2021-01-15,300,0,3794,0
2021-01-16,212,0,4006,0
2021-01-17,3060,0,7066,0
2021-01-18,5210,0,12276,0
2021-01-19,1893,0,14169,0
2021-01-20,4655,0,18824,0
2021-01-21,19998,0,38822,0
2021-01-22,14206,0,53028,0
2021-01-23,33322,0,86350,0
2021-01-24,30783,0,117133,0
2021-01-25,64726,0,181859,0
2021-01-26,76496,0,258355,0
2021-01-27,64830,0,323185,0
2021-01-28,89279,0,412464,0
2021-01-29,94014,0,506478,0
2021-01-30,86560,0,593038,0
2021-01-31,57331,0,650369,0
2021-02-01,81858,0,732227,0
2021-02-02,82143,0,814370,0
2021-02-03,91194,0,905564,0
2021-02-04,95398,0,1000962,0
2021-02-05,90275,0,1091237,0
2021-02-06,63445,0,1154682,0
2021-02-07,32928,0,1187610,0
2021-02-08,40428,0,1228038,0
2021-02-09,32866,0,1260904,0
2021-02-10,28422,0,1289326,0
2021-02-11,20398,0,1309724,0
2021-02-12,16234,0,1325958,0
2021-02-13,7266,0,1333224,0
2021-02-14,2861,0,1336085,0
2021-02-15,6840,0,1342925,0
2021-02-16,6998,0,1349923,0
2021-02-17,10521,0,1360444,0
2021-02-18,9252,0,1369696,0
2021-02-19,8246,0,1377942,0
2021-02-20,5555,0,1383497,0
2021-02-21,2996,0,1386493,0
2021-02-22,6885,0,1393378,0
2021-02-23,7168,0,1400546,0
2021-02-24,9831,0,1410377,0
2021-02-25,14211,0,1424588,0
2021-02-26,17555,0,1442143,0
2021-02-27,13909,0,1456052,0
2021-02-28,9388,0,1465440,0
2021-03-01,26515,0,1491955,0
2021-03-02,33238,0,1525193,0
2021-03-03,44644,0,1569837,0
2021-03-04,50288,0,1620125,0
2021-03-05,55734,0,1675859,0
2021-03-06,41870,0,1717729,0
2021-03-07,22323,0,1740052,0
2021-03-08,50822,0,1790874,0
2021-03-09,53070,0,1843944,0
2021-03-10,58648,0,1902592,0
2021-03-11,63859,0,1966451,0
2021-03-12,65109,0,2031560,0
2021-03-13,51717,0,2083277,0
2021-03-14,35395,0,2118672,0
2021-03-15,73440,0,2192112,0
2021-03-16,74028,0,2266140,0
2021-03-17,83133,0,2349273,0
2021-03-18,81620,0,2430893,0
2021-03-19,81080,0,2511973,0
2021-03-20,64719,0,2576692,0
2021-03-21,47296,0,2623988,0
2021-03-22,69476,0,2693464,0
2021-03-23,75795,0,2769259,0
2021-03-24,90909,0,2860168,0
2021-03-25,89798,0,2949966,0
2021-03-26,83617,0,3033583,0
2021-03-27,71936,0,3105519,0
2021-03-28,44140,0,3149659,0
2021-03-29,70824,0,3220483,0
2021-03-30,81382,0,3301865,0
2021-03-31,96234,0,3398099,0
2021-04-01,95307,0,3493406,0
2021-04-02,84070,0,3577476,0
2021-04-03,64304,0,3641780,0
2021-04-04,21718,0,3663498,0
2021-04-05,40311,0,3703809,0
2021-04-06,81310,0,3785119,0
2021-04-07,95830,0,3880949,0
2021-04-08,95234,0,3976183,0
2021-04-09,88485,0,4064668,0
2021-04-10,74032,0,4138700,0
2021-04-11,44762,0,4183462,0
2021-04-12,66917,0,4250379,0
2021-04-13,72572,0,4322951,0
2021-04-14,85539,0,4408490,0
2021-04-15,105419,0,4513909,0
2021-04-16,106419,0,4620328,0
2021-04-17,90515,0,4710843,0
2021-04-18,58587,0,4769430,0
2021-04-19,93431,0,4862861,0
2021-04-20,103769,0,4966630,0
2021-04-21,125339,0,5091969,0
2021-04-22,143515,0,5235484,0
2021-04-23,138737,0,5374221,0
2021-04-24,124444,0,5498665,0
2021-04-25,61454,0,5560119,0
2021-04-26,97892,0,5658011,0
2021-04-27,128361,0,5786372,0
2021-04-28,156367,0,5942739,0
2021-04-29,195593,0,6138332,0
2021-04-30,214577,0,6352909,0
2021-05-01,174115,0,6527024,0
2021-05-02,135803,0,6662827,0
2021-05-03,142032,0,6804859,0
2021-05-04,158694,0,6963553,0
2021-05-05,170499,0,7134052,0
2021-05-06,197806,0,7331858,0
2021-05-07,213844,0,7545702,0
2021-05-08,213408,0,7759110,0
2021-05-09,143199,0,7902309,0
2021-05-10,165087,0,8067396,0
2021-05-11,174988,0,8242384,0
2021-05-12,179176,0,8421560,0
2021-05-13,203378,0,8624938,0
2021-05-14,222911,0,8847849,0
2021-05-15,210356,0,9058205,0
2021-05-16,159272,0,9217477,0
2021-05-17,219191,0,9436668,0
2021-05-18,213017,0,9649685,0
2021-05-19,207083,0,9856768,0
2021-05-20,270860,0,10127628,0
2021-05-21,270884,0,10398512,0
2021-05-22,245523,0,10644035,0
2021-05-23,197181,0,10841216,0
2021-05-24,228303,0,11069519,0
2021-05-25,245696,0,11315215,0
2021-05-26,277487,0,11592702,0
2021-05-27,311084,0,11903786,0
2021-05-28,299572,0,12203358,0
2021-05-29,231216,0,12434574,0
2021-05-30,170839,0,12605413,0
2021-05-31,216423,0,12821836,0
2021-06-01,207631,0,13029467,0
2021-06-02,115787,0,13145254,0
2021-06-03,180141,0,13325395,0
2021-06-04,184873,0,13510268,0
2021-06-05,185951,0,13696219,0
2021-06-06,139539,0,13835758,0
2021-06-07,161866,0,13997624,0
2021-06-08,171206,0,14168830,0
2021-06-09,171468,0,14340298,0
2021-06-10,174089,0,14514387,0
2021-06-11,169966,0,14684353,0
2021-06-12,128317,0,14812670,0
2021-06-13,91178,0,14903848,0
2021-06-14,214670,0,15118518,0
2021-06-15,228409,0,15346927,0
2021-06-16,253069,0,15599996,0
2021-06-17,301729,0,15901725,0
2021-06-18,306295,0,16208020,0
2021-06-19,275081,0,16483101,0
2021-06-20,220778,0,16703879,0
2021-06-21,288074,0,16991953,0
2021-06-22,296215,0,17288168,0
2021-06-23,302689,0,17590857,0
2021-06-24,332591,0,17923448,0
2021-06-25,348713,0,18272161,0
2021-06-26,300113,0,18572274,0
2021-06-27,228659,0,18800933,0
2021-06-28,307088,0,19108021,0
2021-06-29,329280,0,19437301,0
2021-06-30,342155,0,19779456,0
2021-07-01,363203,0,20142659,0
2021-07-02,368467,0,20511126,0
2021-07-03,371087,0,20882213,0
2021-07-04,283211,0,21165424,0
2021-07-05,384543,0,21549967,0
2021-07-06,385465,0,21935432,0
2021-07-07,412121,0,22347553,0
2021-07-08,479614,0,22827167,0
2021-07-09,498490,0,23325657,0
2021-07-10,475191,0,23800848,0
2021-07-11,357703,0,24158551,0
2021-07-12,485899,0,24644450,0
2021-07-13,492132,0,25136582,0
2021-07-14,480473,0,25617055,0
2021-07-15,523466,0,26140521,0
2021-07-16,509773,0,26650294,0
2021-07-17,464356,0,27114650,0
2021-07-18,364669,0,27479319,0
2021-07-19,463070,0,27942389,0
2021-07-20,458074,0,28400463,0
2021-07-21,462800,0,28863263,0
2021-07-22,475399,0,29338662,0
2021-07-23,441318,0,29779980,0
2021-07-24,386172,0,30166152,0
2021-07-25,287568,0,30453720,0
2021-07-26,430879,0,30884599,0
2021-07-27,440128,0,31324727,0
2021-07-28,391009,0,31715736,0
2021-07-29,372081,0,32087817,0
2021-07-30,341503,0,32429320,0
2021-07-31,287027,0,32716347,0
2021-08-01,191007,0,32907354,0
2021-08-02,333718,0,33241072,0
2021-08-03,323190,0,33564262,0
2021-08-04,310978,0,33875240,0
2021-08-05,292514,0,34167754,0
2021-08-06,260007,0,34427761,0
2021-08-07,199045,0,34626806,0
2021-08-08,153113,0,34779919,0
2021-08-09,234072,0,35013991,0
2021-08-10,205252,0,35219243,0
2021-08-11,193768,0,35413011,0
2021-08-12,168020,0,35581031,0
2021-08-13,148621,0,35729652,0
2021-08-14,66093,0,35795745,0
2021-08-15,26336,0,35822081,0
2021-08-16,114694,0,35936775,0
2021-08-17,129245,0,36066020,0
2021-08-18,128749,0,36194769,0
2021-08-19,124809,0,36319578,0
2021-08-20,123795,0,36443373,0
2021-08-21,83127,0,36526500,0
2021-08-22,68173,0,36594673,0
2021-08-23,176871,0,36771544,0
2021-08-24,156900,0,36928444,0
2021-08-25,177171,0,37105615,0
2021-08-26,172359,0,37277974,0
2021-08-27,185839,0,37463813,0
2021-08-28,140276,0,37604089,0
2021-08-29,98989,0,37703078,0
2021-08-30,209614,0,37912692,0
2021-08-31,194638,0,38107330,0
2021-09-01,192209,0,38299539,0
2021-09-02,189936,0,38489475,0
2021-09-03,191320,0,38680795,0
2021-09-04,131473,0,38812268,0
2021-09-05,87860,0,38900128,0
2021-09-06,193636,0,39093764,0
2021-09-07,196046,0,39289810,0
2021-09-08,187890,0,39477700,0
2021-09-09,201455,0,39679155,0
2021-09-10,198085,0,39877240,0
2021-09-11,141311,0,40018551,0
2021-09-12,89602,0,40108153,0
2021-09-13,191143,585,40299296,585
2021-09-14,177241,603,40476537,1188
2021-09-15,163102,610,40639639,1798
2021-09-16,160085,946,40799724,2744
2021-09-17,150173,1132,40949897,3876
2021-09-18,127980,748,41077877,4624
2021-09-19,81135,498,41159012,5122
2021-09-20,180076,9094,41339088,14216
2021-09-21,166647,8842,41505735,23058
2021-09-22,159086,9447,41664821,32505
2021-09-23,138080,9337,41802901,41842
2021-09-24,140540,8975,41943441,50817
2021-09-25,119554,5649,42062995,56466
2021-09-26,71969,4346,42134964,60812
2021-09-27,135657,10057,42270621,70869
2021-09-28,117505,11400,42388126,82269
2021-09-29,112353,11833,42500479,94102
2021-09-30,110247,14960,42610726,109062
2021-10-01,94983,19119,42705709,128181
2021-10-02,78499,14029,42784208,142210
2021-10-03,47744,7663,42831952,149873
2021-10-04,88377,34464,42920329,184337
2021-10-05,80369,33990,43000698,218327
2021-10-06,71996,34183,43072694,252510
2021-10-07,71858,34361,43144552,286871
2021-10-08,80633,33597,43225185,320468
2021-10-09,76102,22181,43301287,342649
2021-10-10,45776,13620,43347063,356269
2021-10-11,87434,41114,43434497,397383
2021-10-12,84494,46915,43518991,444298
2021-10-13,88196,52129,43607187,496427
2021-10-14,91544,58525,43698731,554952
2021-10-15,93602,55641,43792333,610593
2021-10-16,82969,36795,43875302,647388
2021-10-17,51464,23837,43926766,671225
2021-10-18,90305,59496,44017071,730721
2021-10-19,78347,69386,44095418,800107
2021-10-20,75071,78183,44170489,878290
2021-10-21,78297,81774,44248786,960064
2021-10-22,73785,77045,44322571,1037109
2021-10-23,60824,51964,44383395,1089073
2021-10-24,33374,23466,44416769,1112539
2021-10-25,64906,81637,44481675,1194176
2021-10-26,58371,91813,44540046,1285989
2021-10-27,58329,103995,44598375,1389984
2021-10-28,61465,114123,44659840,1504107
2021-10-29,61643,103146,44721483,1607253
2021-10-30,50674,68125,44772157,1675378
2021-10-31,25163,28300,44797320,1703678
2021-11-01,19046,28152,44816366,1731830
2021-11-02,62751,89397,44879117,1821227
2021-11-03,60729,118674,44939846,1939901
2021-11-04,59243,126679,44999089,2066580
2021-11-05,63093,135195,45062182,2201775
2021-11-06,46481,90934,45108663,2292709
2021-11-07,22253,37897,45130916,2330606
2021-11-08,51530,131277,45182446,2461883
2021-11-09,45402,144214,45227848,2606097
2021-11-10,42587,156356,45270435,2762453
2021-11-11,44936,155140,45315371,2917593
2021-11-12,46376,158589,45361747,3076182
2021-11-13,33259,116658,45395006,3192840
2021-11-14,14488,52452,45409494,3245292
2021-11-15,36896,157436,45446390,3402728
2021-11-16,30557,171386,45476947,3574114
2021-11-17,28463,178449,45505410,3752563
2021-11-18,30285,193733,45535695,3946296
2021-11-19,28811,205861,45564506,4152157
2021-11-20,20997,156453,45585503,4308610
2021-11-21,10612,64860,45596115,4373470
2021-11-22,21942,213154,45618057,4586624
2021-11-23,23581,241762,45641638,4828386
2021-11-24,27843,270964,45669481,5099350
2021-11-25,23237,301917,45692718,5401267
2021-11-26,24586,318280,45717304,5719547
2021-11-27,21386,266158,45738690,5985705
2021-11-28,9903,137059,45748593,6122764
2021-11-29,22338,326076,45770931,6448840
2021-11-30,23098,365829,45794029,6814669
2021-12-01,21528,413524,45815557,7228193
2021-12-02,23766,440425,45839323,7668618
2021-12-03,25263,467483,45864586,8136101
2021-12-04,22372,418757,45886958,8554858
2021-12-05,11933,261349,45898891,8816207
2021-12-06,25820,457595,45924711,9273802
2021-12-07,24139,480273,45948850,9754075
2021-12-08,10006,249698,45958856,10003773
2021-12-09,31589,491944,45990445,10495717
2021-12-10,28077,517898,46018522,11013615
2021-12-11,23571,459261,46042093,11472876
2021-12-12,12309,293515,46054402,11766391
2021-12-13,26160,467639,46080562,12234030
2021-12-14,25174,494217,46105736,12728247
2021-12-15,25344,517163,46131080,13245410
2021-12-16,27890,520270,46158970,13765680
2021-12-17,29369,517188,46188339,14282868
2021-12-18,27072,468739,46215411,14751607
2021-12-19,15150,300536,46230561,15052143
2021-12-20,30638,477497,46261199,15529640
2021-12-21,30385,493399,46291584,16023039
2021-12-22,29454,484721,46321038,16507760
2021-12-23,28261,426916,46349299,16934676
2021-12-24,13114,210837,46362413,17145513
2021-12-25,2102,33053,46364515,17178566
2021-12-26,8764,159071,46373279,17337637
2021-12-27,46806,504670,46420085,17842307
2021-12-28,42458,554227,46462543,18396534
2021-12-29,34358,550651,46496901,18947185
2021-12-30,31852,499839,46528753,19447024
2021-12-31,14127,247398,46542880,19694422
2022-01-01,3496,64815,46546376,19759237
2022-01-02,22780,276725,46569156,20035962
2022-01-03,47868,520022,46617024,20555984
2022-01-04,46390,572092,46663414,21128076
2022-01-05,40769,560400,46704183,21688476
2022-01-06,23496,274488,46727679,21962964
2022-01-07,63718,554193,46791397,22517157
2022-01-08,60873,503393,46852270,23020550
2022-01-09,42873,319689,46895143,23340239
2022-01-10,61093,542294,46956236,23882533
2022-01-11,61737,586997,47017973,24469530
2022-01-12,58453,581277,47076426,25050807
2022-01-13,58621,580391,47135047,25631198
2022-01-14,46820,588573,47181867,26219771
2022-01-15,39425,569942,47221292,26789713
2022-01-16,31234,341863,47252526,27131576
2022-01-17,54787,489661,47307313,27621237
2022-01-18,58400,517017,47365713,28138254
2022-01-19,57200,502785,47422913,28641039
2022-01-20,54344,498830,47477257,29139869
2022-01-21,42097,493874,47519354,29633743
2022-01-22,31196,469596,47550550,30103339
2022-01-23,34938,275367,47585488,30378706
2022-01-24,56183,437223,47641671,30815929
2022-01-25,61553,452109,47703224,31268038
2022-01-26,58545,435829,47761769,31703867
2022-01-27,48843,432368,47810612,32136235
2022-01-28,58697,436536,47869309,32572771
2022-01-29,68127,412488,47937436,32985259
2022-01-30,50375,235968,47987811,33221227
2022-01-31,60624,356931,48048435,33578158
2022-02-01,65554,328442,48113989,33906600
2022-02-02,63199,296975,48177188,34203575
2022-02-03,60055,274516,48237243,34478091
2022-02-04,72381,268453,48309624,34746544
2022-02-05,83777,248532,48393401,34995076
2022-02-06,55288,116200,48448689,35111276
2022-02-07,65139,199938,48513828,35311214
2022-02-08,66926,186110,48580754,35497324
2022-02-09,58756,166336,48639510,35663660
2022-02-10,58571,163234,48698081,35826894
2022-02-11,62246,162460,48760327,35989354
2022-02-12,71979,152142,48832306,36141496
2022-02-13,41471,68849,48873777,36210345
2022-02-14,46688,116186,48920465,36326531
2022-02-15,48530,123479,48968995,36450010
2022-02-16,45676,106117,49014671,36556127
2022-02-17,42861,98107,49057532,36654234
2022-02-18,46617,112570,49104149,36766804
2022-02-19,52531,100329,49156680,36867133
2022-02-20,31410,40362,49188090,36907495
2022-02-21,37885,89646,49225975,36997141
2022-02-22,37218,83772,49263193,37080913
2022-02-23,33390,79405,49296583,37160318
2022-02-24,32549,78161,49329132,37238479
2022-02-25,34753,90709,49363885,37329188
2022-02-26,39154,89133,49403039,37418321
2022-02-27,22541,35856,49425580,37454177
2022-02-28,28476,81688,49454056,37535865
2022-03-01,22718,53940,49476774,37589805
2022-03-02,21994,50629,49498768,37640434
2022-03-03,22611,54940,49521379,37695374
2022-03-04,23226,62793,49544605,37758167
2022-03-05,23795,57952,49568400,37816119
2022-03-06,9470,17200,49577870,37833319
2022-03-07,15911,51387,49593781,37884706
2022-03-08,15471,48794,49609252,37933500
2022-03-09,13811,46518,49623063,37980018
2022-03-10,14046,52117,49637109,38032135
2022-03-11,15580,57261,49652689,38089396
2022-03-12,15501,56614,49668190,38146010
2022-03-13,5544,16849,49673734,38162859
2022-03-14,10520,46695,49684254,38209554
2022-03-15,10536,46891,49694790,38256445
2022-03-16,9476,41974,49704266,38298419
2022-03-17,9712,44872,49713978,38343291
2022-03-18,10157,49053,49724135,38392344
2022-03-19,9147,46533,49733282,38438877
2022-03-20,2608,11700,49735890,38450577
2022-03-21,7578,40223,49743468,38490800
2022-03-22,8447,37756,49751915,38528556
2022-03-23,7211,33699,49759126,38562255
2022-03-24,8255,38798,49767381,38601053
2022-03-25,8133,43661,49775514,38644714
2022-03-26,8125,41722,49783639,38686436
2022-03-27,2429,9681,49786068,38696117
2022-03-28,6105,35236,49792173,38731353
2022-03-29,5773,32527,49797946,38763880
2022-03-30,5563,30200,49803509,38794080
2022-03-31,5888,33181,49809397,38827261
2022-04-01,4347,25186,49813744,38852447
2022-04-02,4492,23274,49818236,38875721
2022-04-03,1049,4499,49819285,38880220
2022-04-04,3655,21535,49822940,38901755
2022-04-05,3754,22928,49826694,38924683
2022-04-06,4098,21849,49830792,38946532
2022-04-07,3965,23319,49834757,38969851
2022-04-08,4690,26709,49839447,38996560
2022-04-09,4381,23885,49843828,39020445
2022-04-10,891,4614,49844719,39025059
2022-04-11,3814,22686,49848533,39047745
2022-04-12,3359,21778,49851892,39069523
2022-04-13,3561,21333,49855453,39090856
2022-04-14,3485,23784,49858938,39114640
2022-04-15,3084,20616,49862022,39135256
2022-04-16,2149,11919,49864171,39147175
2022-04-17,63,348,49864234,39147523
2022-04-18,151,650,49864385,39148173
2022-04-19,3495,21978,49867880,39170151
2022-04-20,3506,20248,49871386,39190399
2022-04-21,2842,19783,49874228,39210182
2022-04-22,2926,20696,49877154,39230878
2022-04-23,2642,16217,49879796,39247095
2022-04-24,509,2335,49880305,39249430
2022-04-25,183,1165,49880488,39250595
2022-04-26,2756,17801,49883244,39268396
2022-04-27,2371,15787,49885615,39284183
2022-04-28,2356,15554,49887971,39299737
2022-04-29,2292,14836,49890263,39314573
2022-04-30,2122,11577,49892385,39326150
2022-05-01,113,530,49892498,39326680
2022-05-02,1450,9388,49893948,39336068
2022-05-03,1574,10312,49895522,39346380
2022-05-04,1746,10258,49897268,39356638
2022-05-05,1651,10278,49898919,39366916
2022-05-06,1701,10950,49900620,39377866
2022-05-07,1431,8564,49902051,39386430
2022-05-08,405,1514,49902456,39387944
2022-05-09,1027,8918,49903483,39396862
2022-05-10,1422,9541,49904905,39406403
2022-05-11,1483,10090,49906388,39416493
2022-05-12,1368,10122,49907756,39426615
2022-05-13,1590,10510,49909346,39437125
2022-05-14,1356,8228,49910702,39445353
2022-05-15,336,1129,49911038,39446482
2022-05-16,811,8392,49911849,39454874
2022-05-17,1243,8674,49913092,39463548
2022-05-18,1372,9221,49914464,39472769
2022-05-19,1500,9271,49915964,39482040
2022-05-20,1423,9498,49917387,39491538
2022-05-21,1299,7892,49918686,39499430
2022-05-22,231,1012,49918917,39500442
2022-05-23,828,8262,49919745,39508704
2022-05-24,1072,8665,49920817,39517369
2022-05-25,1369,9443,49922186,39526812
2022-05-26,1194,9455,49923380,39536267
2022-05-27,1227,9912,49924607,39546179
2022-05-28,1203,7874,49925810,39554053
2022-05-29,286,1264,49926096,39555317
2022-05-30,929,8029,49927025,39563346
2022-05-31,1034,8532,49928059,39571878
2022-06-01,891,7644,49928950,39579522
2022-06-02,35,474,49928985,39579996
2022-06-03,817,7328,49929802,39587324
2022-06-04,870,5156,49930672,39592480
2022-06-05,89,586,49930761,39593066
2022-06-06,675,6985,49931436,39600051
2022-06-07,951,7842,49932387,39607893
2022-06-08,983,7901,49933370,39615794
2022-06-09,1036,8400,49934406,39624194
2022-06-10,957,8552,49935363,39632746
2022-06-11,901,6206,49936264,39638952
2022-06-12,140,767,49936404,39639719
2022-06-13,602,6296,49937006,39646015
2022-06-14,827,7882,49937833,39653897
2022-06-15,954,7844,49938787,39661741
2022-06-16,729,7389,49939516,39669130
2022-06-17,720,7242,49940236,39676372
2022-06-18,777,5588,49941013,39681960
2022-06-19,47,522,49941060,39682482
2022-06-20,587,6695,49941647,39689177
2022-06-21,734,7654,49942381,39696831
2022-06-22,780,7307,49943161,39704138
2022-06-23,651,7459,49943812,39711597
2022-06-24,642,7473,49944454,39719070
2022-06-25,835,6532,49945289,39725602
2022-06-26,128,523,49945417,39726125
2022-06-27,531,7121,49945948,39733246
2022-06-28,745,8192,49946693,39741438
2022-06-29,756,7721,49947449,39749159
2022-06-30,745,8132,49948194,39757291
2022-07-01,576,6438,49948770,39763729
2022-07-02,536,4766,49949306,39768495
2022-07-03,49,456,49949355,39768951
2022-07-04,471,6274,49949826,39775225
2022-07-05,628,8112,49950454,39783337
2022-07-06,630,7607,49951084,39790944
2022-07-07,569,8264,49951653,39799208
2022-07-08,671,8079,49952324,39807287
2022-07-09,550,6103,49952874,39813390
2022-07-10,58,533,49952932,39813923
2022-07-11,487,7639,49953419,39821562
2022-07-12,665,9026,49954084,39830588
2022-07-13,640,10061,49954724,39840649
2022-07-14,636,10219,49955360,39850868
2022-07-15,623,10663,49955983,39861531
2022-07-16,522,7209,49956505,39868740
2022-07-17,48,769,49956553,39869509
2022-07-18,497,9350,49957050,39878859
2022-07-19,573,10657,49957623,39889516
2022-07-20,577,11258,49958200,39900774
2022-07-21,625,12040,49958825,39912814
2022-07-22,582,11227,49959407,39924041
2022-07-23,379,6743,49959786,39930784
2022-07-24,76,834,49959862,39931618
2022-07-25,501,9034,49960363,39940652
2022-07-26,519,9728,49960882,39950380
2022-07-27,550,10156,49961432,39960536
2022-07-28,528,10483,49961960,39971019
2022-07-29,510,9425,49962470,39980444
2022-07-30,380,5852,49962850,39986296
2022-07-31,49,745,49962899,39987041
2022-08-01,386,6823,49963285,39993864
2022-08-02,541,7525,49963826,40001389
2022-08-03,511,7142,49964337,40008531
2022-08-04,454,7436,49964791,40015967
2022-08-05,419,6487,49965210,40022454
2022-08-06,298,3582,49965508,40026036
2022-08-07,44,551,49965552,40026587
2022-08-08,401,4874,49965953,40031461
2022-08-09,383,5268,49966336,40036729
2022-08-10,376,4788,49966712,40041517
2022-08-11,364,4756,49967076,40046273
2022-08-12,289,3700,49967365,40049973
2022-08-13,143,1597,49967508,40051570
2022-08-14,9,128,49967517,40051698
2022-08-15,1,26,49967518,40051724
2022-08-16,283,3028,49967801,40054752
2022-08-17,351,3512,49968152,40058264
2022-08-18,389,4142,49968541,40062406
2022-08-19,341,3309,49968882,40065715
2022-08-20,183,1710,49969065,40067425
2022-08-21,24,146,49969089,40067571
2022-08-22,329,2940,49969418,40070511
2022-08-23,371,3656,49969789,40074167
2022-08-24,382,3344,49970171,40077511
2022-08-25,419,3753,49970590,40081264
2022-08-26,395,3562,49970985,40084826
2022-08-27,235,1769,49971220,40086595
2022-08-28,29,260,49971249,40086855
2022-08-29,353,3148,49971602,40090003
2022-08-30,402,3646,49972004,40093649
2022-08-31,436,3715,49972440,40097364
2022-09-01,351,3098,49972791,40100462
2022-09-02,293,2883,49973084,40103345
2022-09-03,199,1684,49973283,40105029
2022-09-04,22,147,49973305,40105176
2022-09-05,186,2646,49973491,40107822
2022-09-06,301,2984,49973792,40110806
2022-09-07,540,2912,49974332,40113718
2022-09-08,288,2945,49974620,40116663
2022-09-09,301,2851,49974921,40119514
2022-09-10,226,1324,49975147,40120838
2022-09-11,21,123,49975168,40120961
2022-09-12,267,2202,49975435,40123163
2022-09-13,248,2266,49975683,40125429
2022-09-14,261,2548,49975944,40127977
2022-09-15,279,2478,49976223,40130455
2022-09-16,252,2530,49976475,40132985
2022-09-17,239,1339,49976714,40134324
2022-09-18,20,170,49976734,40134494
2022-09-19,205,1965,49976939,40136459
2022-09-20,234,2371,49977173,40138830
2022-09-21,289,2508,49977462,40141338
2022-09-22,258,2617,49977720,40143955
2022-09-23,249,2312,49977969,40146267
2022-09-24,195,1424,49978164,40147691
2022-09-25,28,134,49978192,40147825
2022-09-26,280,2236,49978472,40150061
2022-09-27,281,2615,49978753,40152676
2022-09-28,307,2864,49979060,40155540
2022-09-29,249,3021,49979309,40158561
2022-09-30,286,2868,49979595,40161429
2022-10-01,198,1485,49979793,40162914
2022-10-02,11,187,49979804,40163101
2022-10-03,177,2448,49979981,40165549
2022-10-04,232,2800,49980213,40168349
2022-10-05,219,3169,49980432,40171518
2022-10-06,237,3737,49980669,40175255
2022-10-07,282,4056,49980951,40179311
2022-10-08,188,1999,49981139,40181310
2022-10-09,8,284,49981147,40181594
2022-10-10,196,3128,49981343,40184722
2022-10-11,173,3815,49981516,40188537
2022-10-12,209,3619,49981725,40192156