data_somministrazione,vaccinazioni,booster,cum_vaccinazioni,cum_booster
2020-12-27,19,0,19,0
2020-12-28,2,0,21,0
2020-12-29,1,0,22,0
2020-12-30,6,0,28,0
2020-12-31,62,0,90,0
2021-01-01,22,0,112,0
2021-01-02,100,0,212,0
2021-01-03,73,0,285,0
2021-01-04,190,0,475,0
2021-01-05,231,0,706,0
2021-01-06,184,0,890,0
2021-01-07,277,0,1167,0
2021-01-08,320,0,1487,0
2021-01-09,235,0,1722,0
2021-01-10,143,0,1865,0
2021-01-11,264,0,2129,0
2021-01-12,261,0,2390,0
2021-01-13,382,0,2772,0
2021-01-14,467,0,3239,0
2021-01-15,290,0,3529,0
2021-01-16,202,0,3731,0
2021-01-17,3057,0,6788,0
2021-01-18,5206,0,11994,0
2021-01-19,1889,0,13883,0
2021-01-20,4652,0,18535,0
2021-01-21,20001,0,38536,0
2021-01-22,14201,0,52737,0
2021-01-23,33334,0,86071,0
2021-01-24,30791,0,116862,0
2021-01-25,64739,0,181601,0
2021-01-26,76503,0,258104,0
2021-01-27,64849,0,322953,0
2021-01-28,89302,0,412255,0
2021-01-29,94039,0,506294,0
2021-01-30,86579,0,592873,0
2021-01-31,57341,0,650214,0
2021-02-01,81877,0,732091,0
2021-02-02,82147,0,814238,0
2021-02-03,91197,0,905435,0
2021-02-04,95403,0,1000838,0
2021-02-05,90285,0,1091123,0
2021-02-06,63451,0,1154574,0
2021-02-07,32926,0,1187500,0
2021-02-08,40431,0,1227931,0
2021-02-09,32865,0,1260796,0
2021-02-10,28419,0,1289215,0
2021-02-11,20386,0,1309601,0
2021-02-12,16225,0,1325826,0
2021-02-13,7250,0,1333076,0
2021-02-14,2861,0,1335937,0
2021-02-15,6836,0,1342773,0
2021-02-16,6993,0,1349766,0
2021-02-17,10518,0,1360284,0
2021-02-18,9245,0,1369529,0
2021-02-19,8234,0,1377763,0
2021-02-20,5536,0,1383299,0
2021-02-21,2985,0,1386284,0
2021-02-22,6880,0,1393164,0
2021-02-23,7156,0,1400320,0
2021-02-24,9823,0,1410143,0
2021-02-25,14199,0,1424342,0
2021-02-26,17551,0,1441893,0
2021-02-27,13896,0,1455789,0
2021-02-28,9386,0,1465175,0
2021-03-01,26506,0,1491681,0
2021-03-02,33235,0,1524916,0
2021-03-03,44641,0,1569557,0
2021-03-04,50288,0,1619845,0
2021-03-05,55734,0,1675579,0
2021-03-06,41871,0,1717450,0
2021-03-07,22320,0,1739770,0
2021-03-08,50793,0,1790563,0
2021-03-09,53055,0,1843618,0
2021-03-10,58621,0,1902239,0
2021-03-11,63834,0,1966073,0
2021-03-12,65094,0,2031167,0
2021-03-13,51706,0,2082873,0
2021-03-14,35383,0,2118256,0
2021-03-15,73425,0,2191681,0
2021-03-16,74022,0,2265703,0
2021-03-17,83129,0,2348832,0
2021-03-18,81621,0,2430453,0
2021-03-19,81077,0,2511530,0
2021-03-20,64705,0,2576235,0
2021-03-21,47285,0,2623520,0
2021-03-22,69470,0,2692990,0
2021-03-23,75777,0,2768767,0
2021-03-24,90884,0,2859651,0
2021-03-25,89783,0,2949434,0
2021-03-26,83601,0,3033035,0
2021-03-27,71916,0,3104951,0
2021-03-28,44120,0,3149071,0
2021-03-29,70803,0,3219874,0
2021-03-30,81353,0,3301227,0
2021-03-31,96216,0,3397443,0
2021-04-01,95290,0,3492733,0
2021-04-02,84059,0,3576792,0
2021-04-03,64295,0,3641087,0
2021-04-04,21715,0,3662802,0
2021-04-05,40295,0,3703097,0
2021-04-06,81296,0,3784393,0
2021-04-07,95802,0,3880195,0
2021-04-08,95225,0,3975420,0
2021-04-09,88476,0,4063896,0
2021-04-10,74026,0,4137922,0
2021-04-11,44748,0,4182670,0
2021-04-12,66904,0,4249574,0
2021-04-13,72559,0,4322133,0
2021-04-14,85514,0,4407647,0
2021-04-15,105397,0,4513044,0
2021-04-16,106407,0,4619451,0
2021-04-17,90488,0,4709939,0
2021-04-18,58582,0,4768521,0
2021-04-19,93423,0,4861944,0
2021-04-20,103759,0,4965703,0
2021-04-21,125324,0,5091027,0
2021-04-22,143501,0,5234528,0
2021-04-23,138713,0,5373241,0
2021-04-24,124430,0,5497671,0
2021-04-25,61453,0,5559124,0
2021-04-26,97873,0,5656997,0
2021-04-27,128348,0,5785345,0
2021-04-28,156346,0,5941691,0
2021-04-29,195574,0,6137265,0
2021-04-30,214552,0,6351817,0
2021-05-01,174087,0,6525904,0
2021-05-02,135791,0,6661695,0
2021-05-03,142000,0,6803695,0
2021-05-04,158673,0,6962368,0
2021-05-05,170466,0,7132834,0
2021-05-06,197785,0,7330619,0
2021-05-07,213799,0,7544418,0
2021-05-08,213379,0,7757797,0
2021-05-09,143185,0,7900982,0
2021-05-10,165078,0,8066060,0
2021-05-11,174951,0,8241011,0
2021-05-12,179140,0,8420151,0
2021-05-13,203353,0,8623504,0
2021-05-14,222888,0,8846392,0
2021-05-15,210326,0,9056718,0
2021-05-16,159258,0,9215976,0
2021-05-17,219176,0,9435152,0
2021-05-18,212994,0,9648146,0
2021-05-19,207066,0,9855212,0
2021-05-20,270835,0,10126047,0
2021-05-21,270857,0,10396904,0
2021-05-22,245511,0,10642415,0
2021-05-23,197171,0,10839586,0
2021-05-24,228287,0,11067873,0
2021-05-25,245684,0,11313557,0
2021-05-26,277476,0,11591033,0
2021-05-27,311075,0,11902108,0
2021-05-28,299552,0,12201660,0
2021-05-29,231188,0,12432848,0
2021-05-30,170819,0,12603667,0
2021-05-31,216400,0,12820067,0
2021-06-01,207627,0,13027694,0
2021-06-02,115766,0,13143460,0
2021-06-03,180095,0,13323555,0
2021-06-04,184843,0,13508398,0
2021-06-05,185915,0,13694313,0
2021-06-06,139503,0,13833816,0
2021-06-07,161828,0,13995644,0
2021-06-08,171148,0,14166792,0
2021-06-09,171417,0,14338209,0
2021-06-10,174031,0,14512240,0
2021-06-11,169921,0,14682161,0
2021-06-12,128296,0,14810457,0
2021-06-13,91132,0,14901589,0
2021-06-14,214631,0,15116220,0
2021-06-15,228374,0,15344594,0
2021-06-16,253026,0,15597620,0
2021-06-17,301687,0,15899307,0
2021-06-18,306246,0,16205553,0
2021-06-19,275039,0,16480592,0
2021-06-20,220734,0,16701326,0
2021-06-21,288029,0,16989355,0
2021-06-22,296178,0,17285533,0
2021-06-23,302657,0,17588190,0
2021-06-24,332548,0,17920738,0
2021-06-25,348684,0,18269422,0
2021-06-26,300082,0,18569504,0
2021-06-27,228608,0,18798112,0
2021-06-28,307025,0,19105137,0
2021-06-29,329228,0,19434365,0
2021-06-30,342092,0,19776457,0
2021-07-01,363146,0,20139603,0
2021-07-02,368428,0,20508031,0
2021-07-03,371061,0,20879092,0
2021-07-04,283187,0,21162279,0
2021-07-05,384495,0,21546774,0
2021-07-06,385423,0,21932197,0
2021-07-07,412063,0,22344260,0
2021-07-08,479626,0,22823886,0
2021-07-09,498490,0,23322376,0
2021-07-10,475180,0,23797556,0
2021-07-11,357706,0,24155262,0
2021-07-12,485916,0,24641178,0
2021-07-13,492148,0,25133326,0
2021-07-14,480482,0,25613808,0
2021-07-15,523495,0,26137303,0
2021-07-16,509792,0,26647095,0
2021-07-17,464371,0,27111466,0
2021-07-18,364701,0,27476167,0
2021-07-19,463077,0,27939244,0
2021-07-20,458091,0,28397335,0
2021-07-21,462824,0,28860159,0
2021-07-22,475395,0,29335554,0
2021-07-23,441312,0,29776866,0
2021-07-24,386192,0,30163058,0
2021-07-25,287597,0,30450655,0
2021-07-26,430896,0,30881551,0
2021-07-27,440128,0,31321679,0
2021-07-28,391017,0,31712696,0
2021-07-29,372078,0,32084774,0
2021-07-30,341503,0,32426277,0
2021-07-31,287013,0,32713290,0
2021-08-01,191023,0,32904313,0
2021-08-02,333735,0,33238048,0
2021-08-03,323184,0,33561232,0
2021-08-04,310966,0,33872198,0
2021-08-05,292511,0,34164709,0
2021-08-06,260001,0,34424710,0
2021-08-07,199050,0,34623760,0
2021-08-08,153105,0,34776865,0
2021-08-09,234071,0,35010936,0
2021-08-10,205244,0,35216180,0
2021-08-11,193755,0,35409935,0
2021-08-12,167970,0,35577905,0
2021-08-13,148594,0,35726499,0
2021-08-14,66086,0,35792585,0
2021-08-15,26333,0,35818918,0
2021-08-16,114672,0,35933590,0
2021-08-17,129236,0,36062826,0
2021-08-18,128729,0,36191555,0
2021-08-19,124782,0,36316337,0
2021-08-20,123785,0,36440122,0
2021-08-21,83111,0,36523233,0
2021-08-22,68163,0,36591396,0
2021-08-23,176863,0,36768259,0
2021-08-24,156908,0,36925167,0
2021-08-25,177167,0,37102334,0
2021-08-26,172350,0,37274684,0
2021-08-27,185844,0,37460528,0
2021-08-28,140272,0,37600800,0
2021-08-29,99005,0,37699805,0
2021-08-30,209637,0,37909442,0
2021-08-31,194627,0,38104069,0
2021-09-01,192215,0,38296284,0
2021-09-02,189942,0,38486226,0
2021-09-03,191339,0,38677565,0
2021-09-04,131486,0,38809051,0
2021-09-05,87870,0,38896921,0
2021-09-06,193660,0,39090581,0
2021-09-07,196069,0,39286650,0
2021-09-08,187911,0,39474561,0
2021-09-09,201481,0,39676042,0
2021-09-10,198112,0,39874154,0
2021-09-11,141326,0,40015480,0
2021-09-12,89603,0,40105083,0
2021-09-13,191167,545,40296250,545
2021-09-14,177268,568,40473518,1113
2021-09-15,163132,564,40636650,1677
2021-09-16,160102,912,40796752,2589
2021-09-17,150170,1108,40946922,3697
2021-09-18,127977,730,41074899,4427
2021-09-19,81129,489,41156028,4916
2021-09-20,180074,9064,41336102,13980
2021-09-21,166625,8826,41502727,22806
2021-09-22,159074,9426,41661801,32232
2021-09-23,138079,9316,41799880,41548
2021-09-24,140541,8947,41940421,50495
2021-09-25,119544,5629,42059965,56124
2021-09-26,71948,4338,42131913,60462
2021-09-27,135629,10037,42267542,70499
2021-09-28,117482,11377,42385024,81876
2021-09-29,112327,11822,42497351,93698
2021-09-30,110221,14938,42607572,108636
2021-10-01,94970,19102,42702542,127738
2021-10-02,78470,14010,42781012,141748
2021-10-03,47726,7655,42828738,149403
2021-10-04,88373,34439,42917111,183842
2021-10-05,80359,33968,42997470,217810
2021-10-06,71977,34156,43069447,251966
2021-10-07,71846,34340,43141293,286306
2021-10-08,80622,33586,43221915,319892
2021-10-09,76097,22163,43298012,342055
2021-10-10,45772,13614,43343784,355669
2021-10-11,87408,41097,43431192,396766
2021-10-12,84488,46891,43515680,443657
2021-10-13,88185,52104,43603865,495761
2021-10-14,91520,58500,43695385,554261
2021-10-15,93576,55619,43788961,609880
2021-10-16,82954,36778,43871915,646658
2021-10-17,51459,23823,43923374,670481
2021-10-18,90287,59475,44013661,729956
2021-10-19,78339,69369,44092000,799325
2021-10-20,75072,78159,44167072,877484
2021-10-21,78299,81746,44245371,959230
2021-10-22,73791,77014,44319162,1036244
2021-10-23,60809,51949,44379971,1088193
2021-10-24,33379,23447,44413350,1111640
2021-10-25,64901,81622,44478251,1193262
2021-10-26,58373,91772,44536624,1285034
2021-10-27,58328,103959,44594952,1388993
2021-10-28,61467,114095,44656419,1503088
2021-10-29,61660,103105,44718079,1606193
2021-10-30,50669,68110,44768748,1674303
2021-10-31,25167,28284,44793915,1702587
2021-11-01,19047,28146,44812962,1730733
2021-11-02,62768,89368,44875730,1820101
2021-11-03,60733,118656,44936463,1938757
2021-11-04,59244,126654,44995707,2065411
2021-11-05,63093,135166,45058800,2200577
2021-11-06,46472,90921,45105272,2291498
2021-11-07,22253,37892,45127525,2329390
2021-11-08,51527,131259,45179052,2460649
2021-11-09,45402,144192,45224454,2604841
2021-11-10,42578,156343,45267032,2761184
2021-11-11,44934,155135,45311966,2916319
2021-11-12,46371,158569,45358337,3074888
2021-11-13,33250,116643,45391587,3191531
2021-11-14,14478,52446,45406065,3243977
2021-11-15,36893,157420,45442958,3401397
2021-11-16,30545,171371,45473503,3572768
2021-11-17,28448,178432,45501951,3751200
2021-11-18,30277,193709,45532228,3944909
2021-11-19,28797,205847,45561025,4150756
2021-11-20,20989,156434,45582014,4307190
2021-11-21,10609,64855,45592623,4372045
2021-11-22,21925,213137,45614548,4585182
2021-11-23,23563,241739,45638111,4826921
2021-11-24,27828,270941,45665939,5097862
2021-11-25,23229,301894,45689168,5399756
2021-11-26,24573,318261,45713741,5718017
2021-11-27,21372,266148,45735113,5984165
2021-11-28,9893,137053,45745006,6121218
2021-11-29,22310,326061,45767316,6447279
2021-11-30,23075,365819,45790391,6813098
2021-12-01,21507,413498,45811898,7226596
2021-12-02,23746,440376,45835644,7666972
2021-12-03,25224,467450,45860868,8134422
2021-12-04,22345,418725,45883213,8553147
2021-12-05,11902,261328,45895115,8814475
2021-12-06,25801,457560,45920916,9272035
2021-12-07,24102,480244,45945018,9752279
2021-12-08,9992,249678,45955010,10001957
2021-12-09,31556,491910,45986566,10493867
2021-12-10,28040,517864,46014606,11011731
2021-12-11,23542,459238,46038148,11470969
2021-12-12,12292,293495,46050440,11764464
2021-12-13,26125,467617,46076565,12232081
2021-12-14,25148,494187,46101713,12726268
2021-12-15,25303,517126,46127016,13243394
2021-12-16,27859,520238,46154875,13763632
2021-12-17,29333,517159,46184208,14280791
2021-12-18,27024,468710,46211232,14749501
2021-12-19,15125,300514,46226357,15050015
2021-12-20,30604,477466,46256961,15527481
2021-12-21,30345,493377,46287306,16020858
2021-12-22,29424,484695,46316730,16505553
2021-12-23,28215,426890,46344945,16932443
2021-12-24,13103,210820,46358048,17143263
2021-12-25,2101,33052,46360149,17176315
2021-12-26,8749,159065,46368898,17335380
2021-12-27,46745,504650,46415643,17840030
2021-12-28,42414,554196,46458057,18394226
2021-12-29,34295,550625,46492352,18944851
2021-12-30,31788,499818,46524140,19444669
2021-12-31,14093,247394,46538233,19692063
2022-01-01,3493,64812,46541726,19756875
2022-01-02,22729,276716,46564455,20033591
2022-01-03,47774,520007,46612229,20553598
2022-01-04,46276,572070,46658505,21125668
2022-01-05,40664,560378,46699169,21686046
2022-01-06,23435,274480,46722604,21960526
2022-01-07,63605,554176,46786209,22514702
2022-01-08,60755,503376,46846964,23018078
2022-01-09,42755,319683,46889719,23337761
2022-01-10,60986,542271,46950705,23880032
2022-01-11,61613,586980,47012318,24467012
2022-01-12,58351,581269,47070669,25048281
2022-01-13,58504,580371,47129173,25628652
2022-01-14,46679,588559,47175852,26217211
2022-01-15,39236,569934,47215088,26787145
2022-01-16,31105,341848,47246193,27128993
2022-01-17,54702,489643,47300895,27618636
2022-01-18,58302,517008,47359197,28135644
2022-01-19,57120,502781,47416317,28638425
2022-01-20,54256,498810,47470573,29137235
2022-01-21,41973,493865,47512546,29631100
2022-01-22,31077,469590,47543623,30100690
2022-01-23,34867,275365,47578490,30376055
2022-01-24,56121,437208,47634611,30813263
2022-01-25,61488,452086,47696099,31265349
2022-01-26,58479,435814,47754578,31701163
2022-01-27,48774,432352,47803352,32133515
2022-01-28,58614,436526,47861966,32570041
2022-01-29,68040,412477,47930006,32982518
2022-01-30,50329,235965,47980335,33218483
2022-01-31,60556,356920,48040891,33575403
2022-02-01,65479,328430,48106370,33903833
2022-02-02,63123,296960,48169493,34200793
2022-02-03,59997,274512,48229490,34475305
2022-02-04,72315,268445,48301805,34743750
2022-02-05,83703,248523,48385508,34992273
2022-02-06,55250,116192,48440758,35108465
2022-02-07,65097,199927,48505855,35308392
2022-02-08,66890,186102,48572745,35494494
2022-02-09,58723,166329,48631468,35660823
2022-02-10,58523,163231,48689991,35824054
2022-02-11,62209,162451,48752200,35986505
2022-02-12,71936,152135,48824136,36138640
2022-02-13,41456,68849,48865592,36207489
2022-02-14,46650,116182,48912242,36323671
2022-02-15,48496,123477,48960738,36447148
2022-02-16,45652,106110,49006390,36553258
2022-02-17,42845,98100,49049235,36651358
2022-02-18,46588,112565,49095823,36763923
2022-02-19,52511,100326,49148334,36864249
2022-02-20,31407,40360,49179741,36904609
2022-02-21,37881,89641,49217622,36994250
2022-02-22,37204,83769,49254826,37078019
2022-02-23,33369,79404,49288195,37157423
2022-02-24,32543,78160,49320738,37235583
2022-02-25,34740,90703,49355478,37326286
2022-02-26,39142,89131,49394620,37415417
2022-02-27,22539,35855,49417159,37451272
2022-02-28,28464,81690,49445623,37532962
2022-03-01,22694,53934,49468317,37586896
2022-03-02,21985,50627,49490302,37637523
2022-03-03,22597,54939,49512899,37692462
2022-03-04,23205,62790,49536104,37755252
2022-03-05,23781,57948,49559885,37813200
2022-03-06,9469,17199,49569354,37830399
2022-03-07,15895,51389,49585249,37881788
2022-03-08,15447,48795,49600696,37930583
2022-03-09,13797,46513,49614493,37977096
2022-03-10,14027,52115,49628520,38029211
2022-03-11,15563,57250,49644083,38086461
2022-03-12,15488,56614,49659571,38143075
2022-03-13,5541,16848,49665112,38159923
2022-03-14,10516,46691,49675628,38206614
2022-03-15,10533,46892,49686161,38253506
2022-03-16,9470,41977,49695631,38295483
2022-03-17,9698,44875,49705329,38340358
2022-03-18,10149,49052,49715478,38389410
2022-03-19,9142,46531,49724620,38435941
2022-03-20,2606,11699,49727226,38447640
2022-03-21,7569,40221,49734795,38487861
2022-03-22,8439,37747,49743234,38525608
2022-03-23,7203,33694,49750437,38559302
2022-03-24,8244,38796,49758681,38598098
2022-03-25,8122,43664,49766803,38641762
2022-03-26,8119,41719,49774922,38683481
2022-03-27,2428,9682,49777350,38693163
2022-03-28,6097,35230,49783447,38728393
2022-03-29,5773,32523,49789220,38760916
2022-03-30,5554,30193,49794774,38791109
2022-03-31,5884,33171,49800658,38824280
2022-04-01,4340,25185,49804998,38849465
2022-04-02,4486,23272,49809484,38872737
2022-04-03,1048,4499,49810532,38877236
2022-04-04,3650,21531,49814182,38898767
2022-04-05,3746,22923,49817928,38921690
2022-04-06,4096,21844,49822024,38943534
2022-04-07,3954,23317,49825978,38966851
2022-04-08,4682,26709,49830660,38993560
2022-04-09,4374,23883,49835034,39017443
2022-04-10,892,4614,49835926,39022057
2022-04-11,3801,22683,49839727,39044740
2022-04-12,3356,21776,49843083,39066516
2022-04-13,3557,21333,49846640,39087849
2022-04-14,3483,23775,49850123,39111624
2022-04-15,3076,20614,49853199,39132238
2022-04-16,2148,11921,49855347,39144159
2022-04-17,63,348,49855410,39144507
2022-04-18,148,650,49855558,39145157
2022-04-19,3485,21978,49859043,39167135
2022-04-20,3496,20249,49862539,39187384
2022-04-21,2838,19780,49865377,39207164
2022-04-22,2914,20695,49868291,39227859
2022-04-23,2636,16205,49870927,39244064
2022-04-24,509,2335,49871436,39246399
2022-04-25,183,1165,49871619,39247564
2022-04-26,2759,17793,49874378,39265357
2022-04-27,2364,15782,49876742,39281139
2022-04-28,2348,15534,49879090,39296673
2022-04-29,2290,14835,49881380,39311508
2022-04-30,2120,11576,49883500,39323084
2022-05-01,113,530,49883613,39323614
2022-05-02,1443,9382,49885056,39332996
2022-05-03,1571,10308,49886627,39343304
2022-05-04,1743,10255,49888370,39353559
2022-05-05,1647,10272,49890017,39363831
2022-05-06,1693,10944,49891710,39374775
2022-05-07,1431,8563,49893141,39383338
2022-05-08,404,1514,49893545,39384852
2022-05-09,1023,8917,49894568,39393769
2022-05-10,1418,9536,49895986,39403305
2022-05-11,1477,10087,49897463,39413392
2022-05-12,1366,10119,49898829,39423511
2022-05-13,1587,10509,49900416,39434020
2022-05-14,1355,8226,49901771,39442246
2022-05-15,336,1129,49902107,39443375
2022-05-16,809,8388,49902916,39451763
2022-05-17,1241,8668,49904157,39460431
2022-05-18,1368,9214,49905525,39469645
2022-05-19,1498,9267,49907023,39478912
2022-05-20,1419,9492,49908442,39488404
2022-05-21,1299,7892,49909741,39496296
2022-05-22,230,1012,49909971,39497308
2022-05-23,825,8260,49910796,39505568
2022-05-24,1070,8665,49911866,39514233
2022-05-25,1365,9444,49913231,39523677
2022-05-26,1192,9452,49914423,39533129
2022-05-27,1223,9909,49915646,39543038
2022-05-28,1202,7873,49916848,39550911
2022-05-29,285,1264,49917133,39552175
2022-05-30,929,8026,49918062,39560201
2022-05-31,1033,8529,49919095,39568730
2022-06-01,891,7644,49919986,39576374
2022-06-02,35,474,49920021,39576848
2022-06-03,813,7327,49920834,39584175
2022-06-04,869,5155,49921703,39589330
2022-06-05,89,586,49921792,39589916
2022-06-06,670,6964,49922462,39596880
2022-06-07,930,7841,49923392,39604721
2022-06-08,981,7897,49924373,39612618
2022-06-09,1034,8399,49925407,39621017
2022-06-10,954,8537,49926361,39629554
2022-06-11,899,6207,49927260,39635761
2022-06-12,140,767,49927400,39636528
2022-06-13,602,6295,49928002,39642823
2022-06-14,824,7880,49928826,39650703
2022-06-15,950,7845,49929776,39658548
2022-06-16,728,7383,49930504,39665931
2022-06-17,718,7238,49931222,39673169
2022-06-18,776,5588,49931998,39678757
2022-06-19,47,522,49932045,39679279
2022-06-20,587,6694,49932632,39685973
2022-06-21,731,7638,49933363,39693611
2022-06-22,780,7303,49934143,39700914
2022-06-23,648,7455,49934791,39708369
2022-06-24,643,7472,49935434,39715841
2022-06-25,835,6531,49936269,39722372
2022-06-26,128,523,49936397,39722895
2022-06-27,532,7117,49936929,39730012
2022-06-28,743,8208,49937672,39738220
2022-06-29,755,7718,49938427,39745938
2022-06-30,742,8131,49939169,39754069
2022-07-01,577,6436,49939746,39760505
2022-07-02,536,4765,49940282,39765270
2022-07-03,49,456,49940331,39765726
2022-07-04,470,6269,49940801,39771995
2022-07-05,622,8107,49941423,39780102
2022-07-06,625,7594,49942048,39787696
2022-07-07,561,8250,49942609,39795946
2022-07-08,670,8075,49943279,39804021
2022-07-09,549,6103,49943828,39810124
2022-07-10,58,533,49943886,39810657
2022-07-11,479,7629,49944365,39818286
2022-07-12,653,8981,49945018,39827267
2022-07-13,629,10065,49945647,39837332
2022-07-14,618,10219,49946265,39847551
2022-07-15,616,10650,49946881,39858201
2022-07-16,512,7207,49947393,39865408
2022-07-17,48,769,49947441,39866177
2022-07-18,495,9340,49947936,39875517
2022-07-19,561,10644,49948497,39886161
2022-07-20,564,11248,49949061,39897409
2022-07-21,620,12014,49949681,39909423
2022-07-22,572,11208,49950253,39920631
2022-07-23,377,6731,49950630,39927362
2022-07-24,75,834,49950705,39928196
2022-07-25,493,9020,49951198,39937216
2022-07-26,517,9713,49951715,39946929
2022-07-27,540,10135,49952255,39957064
2022-07-28,525,10456,49952780,39967520
2022-07-29,506,9393,49953286,39976913
2022-07-30,380,5848,49953666,39982761
2022-07-31,49,746,49953715,39983507
2022-08-01,383,6808,49954098,39990315
2022-08-02,535,7498,49954633,39997813
2022-08-03,495,7098,49955128,40004911
2022-08-04,448,7392,49955576,40012303
2022-08-05,410,6447,49955986,40018750
2022-08-06,297,3576,49956283,40022326
2022-08-07,44,547,49956327,40022873
2022-08-08,392,4847,49956719,40027720
2022-08-09,376,5233,49957095,40032953
2022-08-10,368,4749,49957463,40037702
2022-08-11,360,4727,49957823,40042429
2022-08-12,286,3671,49958109,40046100
2022-08-13,139,1595,49958248,40047695
2022-08-14,9,127,49958257,40047822
2022-08-15,1,24,49958258,40047846
2022-08-16,279,2998,49958537,40050844
2022-08-17,340,3461,49958877,40054305
2022-08-18,379,4010,49959256,40058315
2022-08-19,317,3158,49959573,40061473
2022-08-20,180,1675,49959753,40063148
2022-08-21,24,145,49959777,40063293
2022-08-22,227,1893,49960004,40065186