data_somministrazione,vaccinazioni,booster,cum_vaccinazioni,cum_booster
2020-12-27,22,0,22,0
2020-12-28,2,0,24,0
2020-12-29,1,0,25,0
2020-12-30,8,0,33,0
2020-12-31,80,0,113,0
2021-01-01,26,0,139,0
2021-01-02,150,0,289,0
2021-01-03,113,0,402,0
2021-01-04,247,0,649,0
2021-01-05,291,0,940,0
2021-01-06,263,0,1203,0
2021-01-07,332,0,1535,0
2021-01-08,388,0,1923,0
2021-01-09,292,0,2215,0
2021-01-10,173,0,2388,0
2021-01-11,312,0,2700,0
2021-01-12,292,0,2992,0
2021-01-13,427,0,3419,0
2021-01-14,506,0,3925,0
2021-01-15,327,0,4252,0
2021-01-16,225,0,4477,0
2021-01-17,3065,0,7542,0
2021-01-18,5221,0,12763,0
2021-01-19,1896,0,14659,0
2021-01-20,4660,0,19319,0
2021-01-21,20004,0,39323,0
2021-01-22,14220,0,53543,0
2021-01-23,33317,0,86860,0
2021-01-24,30774,0,117634,0
2021-01-25,64697,0,182331,0
2021-01-26,76456,0,258787,0
2021-01-27,64805,0,323592,0
2021-01-28,89242,0,412834,0
2021-01-29,93988,0,506822,0
2021-01-30,86538,0,593360,0
2021-01-31,57319,0,650679,0
2021-02-01,81833,0,732512,0
2021-02-02,82125,0,814637,0
2021-02-03,91098,0,905735,0
2021-02-04,95381,0,1001116,0
2021-02-05,90263,0,1091379,0
2021-02-06,63450,0,1154829,0
2021-02-07,32935,0,1187764,0
2021-02-08,40421,0,1228185,0
2021-02-09,32880,0,1261065,0
2021-02-10,28440,0,1289505,0
2021-02-11,20408,0,1309913,0
2021-02-12,16253,0,1326166,0
2021-02-13,7283,0,1333449,0
2021-02-14,2862,0,1336311,0
2021-02-15,6851,0,1343162,0
2021-02-16,7008,0,1350170,0
2021-02-17,10527,0,1360697,0
2021-02-18,9258,0,1369955,0
2021-02-19,8259,0,1378214,0
2021-02-20,5588,0,1383802,0
2021-02-21,3015,0,1386817,0
2021-02-22,6884,0,1393701,0
2021-02-23,7192,0,1400893,0
2021-02-24,9815,0,1410708,0
2021-02-25,14216,0,1424924,0
2021-02-26,17565,0,1442489,0
2021-02-27,13925,0,1456414,0
2021-02-28,9399,0,1465813,0
2021-03-01,26533,0,1492346,0
2021-03-02,33248,0,1525594,0
2021-03-03,44653,0,1570247,0
2021-03-04,50305,0,1620552,0
2021-03-05,55746,0,1676298,0
2021-03-06,41887,0,1718185,0
2021-03-07,22332,0,1740517,0
2021-03-08,50840,0,1791357,0
2021-03-09,53095,0,1844452,0
2021-03-10,58700,0,1903152,0
2021-03-11,63896,0,1967048,0
2021-03-12,65146,0,2032194,0
2021-03-13,51732,0,2083926,0
2021-03-14,35428,0,2119354,0
2021-03-15,73464,0,2192818,0
2021-03-16,74029,0,2266847,0
2021-03-17,83147,0,2349994,0
2021-03-18,81633,0,2431627,0
2021-03-19,81091,0,2512718,0
2021-03-20,64747,0,2577465,0
2021-03-21,47313,0,2624778,0
2021-03-22,69506,0,2694284,0
2021-03-23,75821,0,2770105,0
2021-03-24,90942,0,2861047,0
2021-03-25,89830,0,2950877,0
2021-03-26,83645,0,3034522,0
2021-03-27,71964,0,3106486,0
2021-03-28,44193,0,3150679,0
2021-03-29,70854,0,3221533,0
2021-03-30,81421,0,3302954,0
2021-03-31,96270,0,3399224,0
2021-04-01,95345,0,3494569,0
2021-04-02,84089,0,3578658,0
2021-04-03,64315,0,3642973,0
2021-04-04,21726,0,3664699,0
2021-04-05,40328,0,3705027,0
2021-04-06,81352,0,3786379,0
2021-04-07,95851,0,3882230,0
2021-04-08,95268,0,3977498,0
2021-04-09,88509,0,4066007,0
2021-04-10,74040,0,4140047,0
2021-04-11,44773,0,4184820,0
2021-04-12,66929,0,4251749,0
2021-04-13,72602,0,4324351,0
2021-04-14,85560,0,4409911,0
2021-04-15,105427,0,4515338,0
2021-04-16,106438,0,4621776,0
2021-04-17,90533,0,4712309,0
2021-04-18,58600,0,4770909,0
2021-04-19,93448,0,4864357,0
2021-04-20,103783,0,4968140,0
2021-04-21,125344,0,5093484,0
2021-04-22,143540,0,5237024,0
2021-04-23,138765,0,5375789,0
2021-04-24,124455,0,5500244,0
2021-04-25,61471,0,5561715,0
2021-04-26,97920,0,5659635,0
2021-04-27,128381,0,5788016,0
2021-04-28,156403,0,5944419,0
2021-04-29,195627,0,6140046,0
2021-04-30,214623,0,6354669,0
2021-05-01,174151,0,6528820,0
2021-05-02,135818,0,6664638,0
2021-05-03,142084,0,6806722,0
2021-05-04,158720,0,6965442,0
2021-05-05,170557,0,7135999,0
2021-05-06,197838,0,7333837,0
2021-05-07,213890,0,7547727,0
2021-05-08,213444,0,7761171,0
2021-05-09,143224,0,7904395,0
2021-05-10,165109,0,8069504,0
2021-05-11,175020,0,8244524,0
2021-05-12,179239,0,8423763,0
2021-05-13,203434,0,8627197,0
2021-05-14,222953,0,8850150,0
2021-05-15,210399,0,9060549,0
2021-05-16,159296,0,9219845,0
2021-05-17,219228,0,9439073,0
2021-05-18,213036,0,9652109,0
2021-05-19,207109,0,9859218,0
2021-05-20,270914,0,10130132,0
2021-05-21,270920,0,10401052,0
2021-05-22,245553,0,10646605,0
2021-05-23,197201,0,10843806,0
2021-05-24,228314,0,11072120,0
2021-05-25,245704,0,11317824,0
2021-05-26,277579,0,11595403,0
2021-05-27,311112,0,11906515,0
2021-05-28,299591,0,12206106,0
2021-05-29,231261,0,12437367,0
2021-05-30,170859,0,12608226,0
2021-05-31,216445,0,12824671,0
2021-06-01,207649,0,13032320,0
2021-06-02,115812,0,13148132,0
2021-06-03,180192,0,13328324,0
2021-06-04,184940,0,13513264,0
2021-06-05,186019,0,13699283,0
2021-06-06,139604,0,13838887,0
2021-06-07,161927,0,14000814,0
2021-06-08,171313,0,14172127,0
2021-06-09,171544,0,14343671,0
2021-06-10,174188,0,14517859,0
2021-06-11,170064,0,14687923,0
2021-06-12,128421,0,14816344,0
2021-06-13,91258,0,14907602,0
2021-06-14,214721,0,15122323,0
2021-06-15,228473,0,15350796,0
2021-06-16,253121,0,15603917,0
2021-06-17,301802,0,15905719,0
2021-06-18,306348,0,16212067,0
2021-06-19,275145,0,16487212,0
2021-06-20,220836,0,16708048,0
2021-06-21,288124,0,16996172,0
2021-06-22,296276,0,17292448,0
2021-06-23,302719,0,17595167,0
2021-06-24,332639,0,17927806,0
2021-06-25,348746,0,18276552,0
2021-06-26,300158,0,18576710,0
2021-06-27,228708,0,18805418,0
2021-06-28,307170,0,19112588,0
2021-06-29,329362,0,19441950,0
2021-06-30,342243,0,19784193,0
2021-07-01,363263,0,20147456,0
2021-07-02,368515,0,20515971,0
2021-07-03,371109,0,20887080,0
2021-07-04,283251,0,21170331,0
2021-07-05,384567,0,21554898,0
2021-07-06,385495,0,21940393,0
2021-07-07,412142,0,22352535,0
2021-07-08,479582,0,22832117,0
2021-07-09,498461,0,23330578,0
2021-07-10,475173,0,23805751,0
2021-07-11,357688,0,24163439,0
2021-07-12,485870,0,24649309,0
2021-07-13,492060,0,25141369,0
2021-07-14,480431,0,25621800,0
2021-07-15,523402,0,26145202,0
2021-07-16,509737,0,26654939,0
2021-07-17,464315,0,27119254,0
2021-07-18,364623,0,27483877,0
2021-07-19,463030,0,27946907,0
2021-07-20,458042,0,28404949,0
2021-07-21,462787,0,28867736,0
2021-07-22,475371,0,29343107,0
2021-07-23,441326,0,29784433,0
2021-07-24,386141,0,30170574,0
2021-07-25,287537,0,30458111,0
2021-07-26,430885,0,30888996,0
2021-07-27,440101,0,31329097,0
2021-07-28,391012,0,31720109,0
2021-07-29,372068,0,32092177,0
2021-07-30,341529,0,32433706,0
2021-07-31,287054,0,32720760,0
2021-08-01,190993,0,32911753,0
2021-08-02,333709,0,33245462,0
2021-08-03,323183,0,33568645,0
2021-08-04,310995,0,33879640,0
2021-08-05,292479,0,34172119,0
2021-08-06,260047,0,34432166,0
2021-08-07,199070,0,34631236,0
2021-08-08,153108,0,34784344,0
2021-08-09,234085,0,35018429,0
2021-08-10,205300,0,35223729,0
2021-08-11,193802,0,35417531,0
2021-08-12,168079,0,35585610,0
2021-08-13,148677,0,35734287,0
2021-08-14,66103,0,35800390,0
2021-08-15,26345,0,35826735,0
2021-08-16,114723,0,35941458,0
2021-08-17,129263,0,36070721,0
2021-08-18,128761,0,36199482,0
2021-08-19,124866,0,36324348,0
2021-08-20,123798,0,36448146,0
2021-08-21,83135,0,36531281,0
2021-08-22,68182,0,36599463,0
2021-08-23,176870,0,36776333,0
2021-08-24,156890,0,36933223,0
2021-08-25,177169,0,37110392,0
2021-08-26,172349,0,37282741,0
2021-08-27,185828,0,37468569,0
2021-08-28,140296,0,37608865,0
2021-08-29,98998,0,37707863,0
2021-08-30,209582,0,37917445,0
2021-08-31,194640,0,38112085,0
2021-09-01,192215,0,38304300,0
2021-09-02,189929,0,38494229,0
2021-09-03,191274,0,38685503,0
2021-09-04,131435,0,38816938,0
2021-09-05,87840,0,38904778,0
2021-09-06,193598,0,39098376,0
2021-09-07,196038,0,39294414,0
2021-09-08,187856,0,39482270,0
2021-09-09,201414,0,39683684,0
2021-09-10,198046,0,39881730,0
2021-09-11,141288,0,40023018,0
2021-09-12,89590,0,40112608,0
2021-09-13,191095,667,40303703,667
2021-09-14,177203,664,40480906,1331
2021-09-15,163081,658,40643987,1989
2021-09-16,160035,1018,40804022,3007
2021-09-17,150152,1178,40954174,4185
2021-09-18,127985,785,41082159,4970
2021-09-19,81142,513,41163301,5483
2021-09-20,180056,9140,41343357,14623
2021-09-21,166676,8867,41510033,23490
2021-09-22,159123,9467,41669156,32957
2021-09-23,138109,9364,41807265,42321
2021-09-24,140549,9023,41947814,51344
2021-09-25,119564,5680,42067378,57024
2021-09-26,71991,4371,42139369,61395
2021-09-27,135672,10094,42275041,71489
2021-09-28,117522,11439,42392563,82928
2021-09-29,112385,11857,42504948,94785
2021-09-30,110296,14988,42615244,109773
2021-10-01,95004,19145,42710248,128918
2021-10-02,78530,14048,42788778,142966
2021-10-03,47761,7672,42836539,150638
2021-10-04,88392,34491,42924931,185129
2021-10-05,80388,34023,43005319,219152
2021-10-06,72006,34223,43077325,253375
2021-10-07,71881,34383,43149206,287758
2021-10-08,80650,33629,43229856,321387
2021-10-09,76117,22202,43305973,343589
2021-10-10,45795,13632,43351768,357221
2021-10-11,87448,41137,43439216,398358
2021-10-12,84515,46940,43523731,445298
2021-10-13,88226,52175,43611957,497473
2021-10-14,91557,58565,43703514,556038
2021-10-15,93601,55689,43797115,611727
2021-10-16,82976,36835,43880091,648562
2021-10-17,51461,23864,43931552,672426
2021-10-18,90301,59530,44021853,731956
2021-10-19,78352,69424,44100205,801380
2021-10-20,75060,78216,44175265,879596
2021-10-21,78282,81826,44253547,961422
2021-10-22,73765,77092,44327312,1038514
2021-10-23,60838,51977,44388150,1090491
2021-10-24,33367,23485,44421517,1113976
2021-10-25,64894,81673,44486411,1195649
2021-10-26,58370,91848,44544781,1287497
2021-10-27,58317,104044,44603098,1391541
2021-10-28,61444,114166,44664542,1505707
2021-10-29,61620,103202,44726162,1608909
2021-10-30,50671,68162,44776833,1677071
2021-10-31,25158,28315,44801991,1705386
2021-11-01,19050,28159,44821041,1733545
2021-11-02,62738,89448,44883779,1822993
2021-11-03,60713,118709,44944492,1941702
2021-11-04,59238,126709,45003730,2068411
2021-11-05,63092,135234,45066822,2203645
2021-11-06,46495,90946,45113317,2294591
2021-11-07,22248,37908,45135565,2332499
2021-11-08,51521,131303,45187086,2463802
2021-11-09,45404,144238,45232490,2608040
2021-11-10,42594,156382,45275084,2764422
2021-11-11,44931,155181,45320015,2919603
2021-11-12,46301,158713,45366316,3078316
2021-11-13,33273,116683,45399589,3194999
2021-11-14,14490,52462,45414079,3247461
2021-11-15,36907,157449,45450986,3404910
2021-11-16,30567,171416,45481553,3576326
2021-11-17,28469,178469,45510022,3754795
2021-11-18,30296,193771,45540318,3948566
2021-11-19,28825,205889,45569143,4154455
2021-11-20,21015,156461,45590158,4310916
2021-11-21,10613,64870,45600771,4375786
2021-11-22,21960,213164,45622731,4588950
2021-11-23,23608,241804,45646339,4830754
2021-11-24,27770,271103,45674109,5101857
2021-11-25,23269,301953,45697378,5403810
2021-11-26,24599,318315,45721977,5722125
2021-11-27,21419,266176,45743396,5988301
2021-11-28,9911,137071,45753307,6125372
2021-11-29,22370,326082,45775677,6451454
2021-11-30,23120,365863,45798797,6817317
2021-12-01,21564,413546,45820361,7230863
2021-12-02,23800,440444,45844161,7671307
2021-12-03,25284,467548,45869445,8138855
2021-12-04,22392,418813,45891837,8557668
2021-12-05,11944,261369,45903781,8819037
2021-12-06,25851,457637,45929632,9276674
2021-12-07,24171,480311,45953803,9756985
2021-12-08,10033,249725,45963836,10006710
2021-12-09,31628,491969,45995464,10498679
2021-12-10,28111,517941,46023575,11016620
2021-12-11,23595,459288,46047170,11475908
2021-12-12,12328,293538,46059498,11769446
2021-12-13,26185,467663,46085683,12237109
2021-12-14,25210,494245,46110893,12731354
2021-12-15,25383,517191,46136276,13248545
2021-12-16,27940,520311,46164216,13768856
2021-12-17,29405,517229,46193621,14286085
2021-12-18,27117,468788,46220738,14754873
2021-12-19,15173,300548,46235911,15055421
2021-12-20,30684,477513,46266595,15532934
2021-12-21,30424,493451,46297019,16026385
2021-12-22,29494,484761,46326513,16511146
2021-12-23,28291,426972,46354804,16938118
2021-12-24,13127,210846,46367931,17148964
2021-12-25,2104,33053,46370035,17182017
2021-12-26,8784,159077,46378819,17341094
2021-12-27,46851,504704,46425670,17845798
2021-12-28,42513,554270,46468183,18400068
2021-12-29,34409,550687,46502592,18950755
2021-12-30,31905,499871,46534497,19450626
2021-12-31,14152,247410,46548649,19698036
2022-01-01,3503,64815,46552152,19762851
2022-01-02,22842,276728,46574994,20039579
2022-01-03,47967,520042,46622961,20559621
2022-01-04,46495,572107,46669456,21131728
2022-01-05,40865,560430,46710321,21692158
2022-01-06,23545,274489,46733866,21966647
2022-01-07,63819,554229,46797685,22520876
2022-01-08,61006,503426,46858691,23024302
2022-01-09,42981,319709,46901672,23344011
2022-01-10,61188,542332,46962860,23886343
2022-01-11,61883,587041,47024743,24473384
2022-01-12,58575,581316,47083318,25054700
2022-01-13,58731,580438,47142049,25635138
2022-01-14,46961,588625,47189010,26223763
2022-01-15,39610,570002,47228620,26793765
2022-01-16,31334,341899,47259954,27135664
2022-01-17,54866,489698,47314820,27625362
2022-01-18,58485,517059,47373305,28142421
2022-01-19,57283,502825,47430588,28645246
2022-01-20,54436,498865,47485024,29144111
2022-01-21,42198,493905,47527222,29638016
2022-01-22,31319,469624,47558541,30107640
2022-01-23,34988,275393,47593529,30383033
2022-01-24,56236,437256,47649765,30820289
2022-01-25,61610,452135,47711375,31272424
2022-01-26,58605,435851,47769980,31708275
2022-01-27,48903,432420,47818883,32140695
2022-01-28,58771,436570,47877654,32577265
2022-01-29,68198,412521,47945852,32989786
2022-01-30,50416,235993,47996268,33225779
2022-01-31,60728,356955,48056996,33582734
2022-02-01,65627,328472,48122623,33911206
2022-02-02,63255,297003,48185878,34208209
2022-02-03,60098,274542,48245976,34482751
2022-02-04,72418,268476,48318394,34751227
2022-02-05,83823,248560,48402217,34999787
2022-02-06,55309,116208,48457526,35115995
2022-02-07,65192,199949,48522718,35315944
2022-02-08,66960,186133,48589678,35502077
2022-02-09,58781,166356,48648459,35668433
2022-02-10,58604,163256,48707063,35831689
2022-02-11,62279,162482,48769342,35994171
2022-02-12,72018,152157,48841360,36146328
2022-02-13,41488,68859,48882848,36215187
2022-02-14,46713,116196,48929561,36331383
2022-02-15,48573,123482,48978134,36454865
2022-02-16,45701,106132,49023835,36560997
2022-02-17,42876,98127,49066711,36659124
2022-02-18,46638,112591,49113349,36771715
2022-02-19,52548,100341,49165897,36872056
2022-02-20,31416,40367,49197313,36912423
2022-02-21,37903,89660,49235216,37002083
2022-02-22,37228,83786,49272444,37085869
2022-02-23,33404,79407,49305848,37165276
2022-02-24,32562,78169,49338410,37243445
2022-02-25,34775,90714,49373185,37334159
2022-02-26,39163,89139,49412348,37423298
2022-02-27,22548,35859,49434896,37459157
2022-02-28,28491,81699,49463387,37540856
2022-03-01,22735,53944,49486122,37594800
2022-03-02,21935,50714,49508057,37645514
2022-03-03,22640,54947,49530697,37700461
2022-03-04,23244,62802,49553941,37763263
2022-03-05,23805,57953,49577746,37821216
2022-03-06,9473,17201,49587219,37838417
2022-03-07,15927,51391,49603146,37889808
2022-03-08,15481,48797,49618627,37938605
2022-03-09,13815,46518,49632442,37985123
2022-03-10,14061,52128,49646503,38037251
2022-03-11,15593,57274,49662096,38094525
2022-03-12,15514,56620,49677610,38151145
2022-03-13,5545,16852,49683155,38167997
2022-03-14,10528,46703,49693683,38214700
2022-03-15,10555,46895,49704238,38261595
2022-03-16,9486,41979,49713724,38303574
2022-03-17,9727,44877,49723451,38348451
2022-03-18,10164,49059,49733615,38397510
2022-03-19,9152,46540,49742767,38444050
2022-03-20,2608,11704,49745375,38455754
2022-03-21,7587,40233,49752962,38495987
2022-03-22,8448,37768,49761410,38533755
2022-03-23,7221,33701,49768631,38567456
2022-03-24,8261,38821,49776892,38606277
2022-03-25,8144,43673,49785036,38649950
2022-03-26,8129,41722,49793165,38691672
2022-03-27,2432,9683,49795597,38701355
2022-03-28,6113,35245,49801710,38736600
2022-03-29,5783,32532,49807493,38769132
2022-03-30,5567,30205,49813060,38799337
2022-03-31,5906,33186,49818966,38832523
2022-04-01,4351,25189,49823317,38857712
2022-04-02,4497,23275,49827814,38880987
2022-04-03,1049,4500,49828863,38885487
2022-04-04,3662,21547,49832525,38907034
2022-04-05,3758,22938,49836283,38929972
2022-04-06,4105,21853,49840388,38951825
2022-04-07,3970,23321,49844358,38975146
2022-04-08,4696,26716,49849054,39001862
2022-04-09,4382,23889,49853436,39025751
2022-04-10,893,4613,49854329,39030364
2022-04-11,3820,22689,49858149,39053053
2022-04-12,3364,21780,49861513,39074833
2022-04-13,3574,21337,49865087,39096170
2022-04-14,3487,23789,49868574,39119959
2022-04-15,3086,20621,49871660,39140580
2022-04-16,2152,11918,49873812,39152498
2022-04-17,63,348,49873875,39152846
2022-04-18,152,650,49874027,39153496
2022-04-19,3500,21987,49877527,39175483
2022-04-20,3513,20250,49881040,39195733
2022-04-21,2848,19793,49883888,39215526
2022-04-22,2928,20714,49886816,39236240
2022-04-23,2648,16222,49889464,39252462
2022-04-24,509,2334,49889973,39254796
2022-04-25,183,1165,49890156,39255961
2022-04-26,2761,17812,49892917,39273773
2022-04-27,2374,15795,49895291,39289568
2022-04-28,2363,15567,49897654,39305135
2022-04-29,2298,14850,49899952,39319985
2022-04-30,2123,11585,49902075,39331570
2022-05-01,113,531,49902188,39332101
2022-05-02,1451,9394,49903639,39341495
2022-05-03,1577,10326,49905216,39351821
2022-05-04,1747,10276,49906963,39362097
2022-05-05,1654,10301,49908617,39372398
2022-05-06,1702,10972,49910319,39383370
2022-05-07,1431,8573,49911750,39391943
2022-05-08,417,1526,49912167,39393469
2022-05-09,1028,8935,49913195,39402404
2022-05-10,1427,9553,49914622,39411957
2022-05-11,1485,10109,49916107,39422066
2022-05-12,1371,10137,49917478,39432203
2022-05-13,1596,10526,49919074,39442729
2022-05-14,1360,8246,49920434,39450975
2022-05-15,336,1137,49920770,39452112
2022-05-16,814,8409,49921584,39460521
2022-05-17,1244,8707,49922828,39469228
2022-05-18,1373,9256,49924201,39478484
2022-05-19,1501,9287,49925702,39487771
2022-05-20,1426,9535,49927128,39497306
2022-05-21,1302,7902,49928430,39505208
2022-05-22,231,1013,49928661,39506221
2022-05-23,830,8273,49929491,39514494
2022-05-24,1073,8673,49930564,39523167
2022-05-25,1372,9460,49931936,39532627
2022-05-26,1198,9480,49933134,39542107
2022-05-27,1232,9917,49934366,39552024
2022-05-28,1205,7890,49935571,39559914
2022-05-29,288,1265,49935859,39561179
2022-05-30,931,8058,49936790,39569237
2022-05-31,1039,8549,49937829,39577786
2022-06-01,895,7657,49938724,39585443
2022-06-02,35,474,49938759,39585917
2022-06-03,817,7334,49939576,39593251
2022-06-04,870,5162,49940446,39598413
2022-06-05,89,586,49940535,39598999
2022-06-06,679,7004,49941214,39606003
2022-06-07,952,7850,49942166,39613853
2022-06-08,981,7906,49943147,39621759
2022-06-09,1037,8418,49944184,39630177
2022-06-10,958,8563,49945142,39638740
2022-06-11,904,6206,49946046,39644946
2022-06-12,140,768,49946186,39645714
2022-06-13,602,6301,49946788,39652015
2022-06-14,832,7904,49947620,39659919
2022-06-15,960,7856,49948580,39667775
2022-06-16,733,7397,49949313,39675172
2022-06-17,723,7248,49950036,39682420
2022-06-18,778,5596,49950814,39688016
2022-06-19,49,521,49950863,39688537
2022-06-20,587,6699,49951450,39695236
2022-06-21,741,7664,49952191,39702900
2022-06-22,779,7312,49952970,39710212
2022-06-23,648,7472,49953618,39717684
2022-06-24,644,7474,49954262,39725158
2022-06-25,835,6533,49955097,39731691
2022-06-26,128,523,49955225,39732214
2022-06-27,534,7126,49955759,39739340
2022-06-28,747,8207,49956506,39747547
2022-06-29,756,7733,49957262,39755280
2022-06-30,747,8145,49958009,39763425
2022-07-01,577,6443,49958586,39769868
2022-07-02,536,4769,49959122,39774637
2022-07-03,49,456,49959171,39775093
2022-07-04,469,6278,49959640,39781371
2022-07-05,631,8122,49960271,39789493
2022-07-06,634,7611,49960905,39797104
2022-07-07,576,8273,49961481,39805377
2022-07-08,677,8086,49962158,39813463
2022-07-09,550,6105,49962708,39819568
2022-07-10,58,533,49962766,39820101
2022-07-11,493,7642,49963259,39827743
2022-07-12,669,9030,49963928,39836773
2022-07-13,645,10067,49964573,39846840
2022-07-14,637,10224,49965210,39857064
2022-07-15,627,10674,49965837,39867738
2022-07-16,523,7215,49966360,39874953
2022-07-17,48,770,49966408,39875723
2022-07-18,496,9375,49966904,39885098
2022-07-19,575,10684,49967479,39895782
2022-07-20,582,11277,49968061,39907059
2022-07-21,630,12093,49968691,39919152
2022-07-22,584,11262,49969275,39930414
2022-07-23,381,6775,49969656,39937189
2022-07-24,76,857,49969732,39938046
2022-07-25,503,9056,49970235,39947102
2022-07-26,522,9764,49970757,39956866
2022-07-27,554,10210,49971311,39967076
2022-07-28,532,10535,49971843,39977611
2022-07-29,511,9466,49972354,39987077
2022-07-30,383,5883,49972737,39992960
2022-07-31,49,764,49972786,39993724
2022-08-01,386,6865,49973172,40000589
2022-08-02,548,7590,49973720,40008179
2022-08-03,513,7179,49974233,40015358
2022-08-04,455,7493,49974688,40022851
2022-08-05,421,6526,49975109,40029377
2022-08-06,300,3613,49975409,40032990
2022-08-07,44,563,49975453,40033553
2022-08-08,403,4890,49975856,40038443
2022-08-09,381,5313,49976237,40043756
2022-08-10,385,4816,49976622,40048572
2022-08-11,369,4804,49976991,40053376
2022-08-12,294,3719,49977285,40057095
2022-08-13,143,1600,49977428,40058695
2022-08-14,9,129,49977437,40058824
2022-08-15,1,26,49977438,40058850
2022-08-16,283,3043,49977721,40061893
2022-08-17,352,3536,49978073,40065429
2022-08-18,393,4160,49978466,40069589
2022-08-19,341,3319,49978807,40072908
2022-08-20,183,1715,49978990,40074623
2022-08-21,24,149,49979014,40074772
2022-08-22,330,2952,49979344,40077724
2022-08-23,370,3674,49979714,40081398
2022-08-24,384,3360,49980098,40084758
2022-08-25,423,3773,49980521,40088531
2022-08-26,400,3574,49980921,40092105
2022-08-27,237,1770,49981158,40093875
2022-08-28,29,267,49981187,40094142
2022-08-29,354,3161,49981541,40097303
2022-08-30,405,3672,49981946,40100975
2022-08-31,438,3734,49982384,40104709
2022-09-01,353,3116,49982737,40107825
2022-09-02,296,2894,49983033,40110719
2022-09-03,200,1689,49983233,40112408
2022-09-04,24,149,49983257,40112557
2022-09-05,187,2656,49983444,40115213
2022-09-06,306,2984,49983750,40118197
2022-09-07,542,2936,49984292,40121133
2022-09-08,293,2963,49984585,40124096
2022-09-09,306,2886,49984891,40126982
2022-09-10,228,1326,49985119,40128308
2022-09-11,23,124,49985142,40128432
2022-09-12,267,2269,49985409,40130701
2022-09-13,252,2277,49985661,40132978
2022-09-14,266,2566,49985927,40135544
2022-09-15,282,2501,49986209,40138045
2022-09-16,256,2546,49986465,40140591
2022-09-17,239,1339,49986704,40141930
2022-09-18,20,170,49986724,40142100
2022-09-19,206,1971,49986930,40144071
2022-09-20,235,2392,49987165,40146463
2022-09-21,289,2526,49987454,40148989
2022-09-22,267,2663,49987721,40151652
2022-09-23,259,2545,49987980,40154197
2022-09-24,193,1427,49988173,40155624
2022-09-25,29,133,49988202,40155757
2022-09-26,280,2248,49988482,40158005
2022-09-27,287,2683,49988769,40160688
2022-09-28,310,2906,49989079,40163594
2022-09-29,257,3049,49989336,40166643
2022-09-30,292,2989,49989628,40169632
2022-10-01,195,1515,49989823,40171147
2022-10-02,12,187,49989835,40171334
2022-10-03,185,2475,49990020,40173809
2022-10-04,235,2862,49990255,40176671
2022-10-05,229,3252,49990484,40179923
2022-10-06,243,3874,49990727,40183797
2022-10-07,283,4189,49991010,40187986
2022-10-08,204,2270,49991214,40190256
2022-10-09,8,305,49991222,40190561
2022-10-10,214,3356,49991436,40193917
2022-10-11,194,4379,49991630,40198296
2022-10-12,207,4441,49991837,40202737
2022-10-13,204,5304,49992041,40208041
2022-10-14,233,5026,49992274,40213067
2022-10-15,191,2671,49992465,40215738
2022-10-16,6,360,49992471,40216098
2022-10-17,186,3874,49992657,40219972
2022-10-18,256,4967,49992913,40224939
2022-10-19,244,5478,49993157,40230417
2022-10-20,224,5998,49993381,40236415
2022-10-21,250,5477,49993631,40241892
2022-10-22,195,2911,49993826,40244803
2022-10-23,13,364,49993839,40245167
2022-10-24,171,3931,49994010,40249098
2022-10-25,254,4927,49994264,40254025
2022-10-26,347,5503,49994611,40259528
2022-10-27,241,5672,49994852,40265200
2022-10-28,200,5263,49995052,40270463
2022-10-29,128,2844,49995180,40273307
2022-10-30,3,328,49995183,40273635
2022-10-31,117,3042,49995300,40276677
2022-11-01,11,353,49995311,40277030
2022-11-02,145,3723,49995456,40280753
2022-11-03,172,4790,49995628,40285543
2022-11-04,225,4602,49995853,40290145
2022-11-05,144,2598,49995997,40292743
2022-11-06,10,261,49996007,40293004
2022-11-07,169,3225,49996176,40296229
2022-11-08,260,4254,49996436,40300483
2022-11-09,197,4331,49996633,40304814
2022-11-10,183,4597,49996816,40309411
2022-11-11,193,4221,49997009,40313632
2022-11-12,158,2378,49997167,40316010
2022-11-13,7,338,49997174,40316348
2022-11-14,150,2838,49997324,40319186
2022-11-15,202,3748,49997526,40322934
2022-11-16,217,3993,49997743,40326927
2022-11-17,191,4107,49997934,40331034
2022-11-18,246,4034,49998180,40335068
2022-11-19,112,2106,49998292,40337174
2022-11-20,24,317,49998316,40337491
2022-11-21,119,2621,49998435,40340112
2022-11-22,143,3217,49998578,40343329
2022-11-23,191,3625,49998769,40346954
2022-11-24,158,3844,49998927,40350798
2022-11-25,184,3785,49999111,40354583
2022-11-26,133,2093,49999244,40356676
2022-11-27,22,356,49999266,40357032
2022-11-28,182,2683,49999448,40359715
2022-11-29,257,3231,49999705,40362946
2022-11-30,182,3736,49999887,40366682
2022-12-01,151,3627,50000038,40370309
2022-12-02,156,3528,50000194,40373837
2022-12-03,106,1969,50000300,40375806
2022-12-04,5,290,50000305,40376096
2022-12-05,129,2855,50000434,40378951
2022-12-06,177,3655,50000611,40382606
2022-12-07,135,3137,50000746,40385743
2022-12-08,8,169,50000754,40385912
2022-12-09,161,3035,50000915,40388947
2022-12-10,78,1605,50000993,40390552
2022-12-11,7,193,50001000,40390745
2022-12-12,171,2535,50001171,40393280
2022-12-13,253,3052,50001424,40396332
2022-12-14,228,3221,50001652,40399553
2022-12-15,204,3270,50001856,40402823
2022-12-16,162,3177,50002018,40406000
2022-12-17,94,1684,50002112,40407684
2022-12-18,10,270,50002122,40407954
2022-12-19,143,2165,50002265,40410119
2022-12-20,211,2514,50002476,40412633
2022-12-21,156,2237,50002632,40414870
2022-12-22,141,1870,50002773,40416740
2022-12-23,151,1212,50002924,40417952
2022-12-24,32,160,50002956,40418112
2022-12-25,0,6,50002956,40418118
2022-12-26,6,41,50002962,40418159
2022-12-27,132,1554,50003094,40419713
2022-12-28,132,1773,50003226,40421486
2022-12-29,93,1696,50003319,40423182
2022-12-30,115,1608,50003434,40424790
2022-12-31,21,275,50003455,40425065
2023-01-01,0,6,50003455,40425071
2023-01-02,47,1112,50003502,40426183
2023-01-03,98,1881,50003600,40428064
2023-01-04,107,1954,50003707,40430018
2023-01-05,93,1856,50003800,40431874
2023-01-06,2,40,50003802,40431914