data_somministrazione,vaccinazioni,booster,cum_vaccinazioni,cum_booster
2020-12-27,16,0,16,0
2020-12-28,2,0,18,0
2020-12-29,1,0,19,0
2020-12-30,3,0,22,0
2020-12-31,34,0,56,0
2021-01-01,12,0,68,0
2021-01-02,53,0,121,0
2021-01-03,46,0,167,0
2021-01-04,122,0,289,0
2021-01-05,158,0,447,0
2021-01-06,134,0,581,0
2021-01-07,196,0,777,0
2021-01-08,245,0,1022,0
2021-01-09,172,0,1194,0
2021-01-10,109,0,1303,0
2021-01-11,197,0,1500,0
2021-01-12,205,0,1705,0
2021-01-13,310,0,2015,0
2021-01-14,408,0,2423,0
2021-01-15,248,0,2671,0
2021-01-16,165,0,2836,0
2021-01-17,3048,0,5884,0
2021-01-18,5183,0,11067,0
2021-01-19,1871,0,12938,0
2021-01-20,4651,0,17589,0
2021-01-21,20005,0,37594,0
2021-01-22,14194,0,51788,0
2021-01-23,33358,0,85146,0
2021-01-24,30793,0,115939,0
2021-01-25,64772,0,180711,0
2021-01-26,76544,0,257255,0
2021-01-27,64879,0,322134,0
2021-01-28,89338,0,411472,0
2021-01-29,94073,0,505545,0
2021-01-30,86614,0,592159,0
2021-01-31,57354,0,649513,0
2021-02-01,81900,0,731413,0
2021-02-02,82169,0,813582,0
2021-02-03,91214,0,904796,0
2021-02-04,95379,0,1000175,0
2021-02-05,90280,0,1090455,0
2021-02-06,63730,0,1154185,0
2021-02-07,32917,0,1187102,0
2021-02-08,40410,0,1227512,0
2021-02-09,32832,0,1260344,0
2021-02-10,28378,0,1288722,0
2021-02-11,20348,0,1309070,0
2021-02-12,16178,0,1325248,0
2021-02-13,7216,0,1332464,0
2021-02-14,2855,0,1335319,0
2021-02-15,6821,0,1342140,0
2021-02-16,6971,0,1349111,0
2021-02-17,10491,0,1359602,0
2021-02-18,9212,0,1368814,0
2021-02-19,8159,0,1376973,0
2021-02-20,5470,0,1382443,0
2021-02-21,2941,0,1385384,0
2021-02-22,6833,0,1392217,0
2021-02-23,7097,0,1399314,0
2021-02-24,9784,0,1409098,0
2021-02-25,14163,0,1423261,0
2021-02-26,17480,0,1440741,0
2021-02-27,13847,0,1454588,0
2021-02-28,9343,0,1463931,0
2021-03-01,26431,0,1490362,0
2021-03-02,33161,0,1523523,0
2021-03-03,44589,0,1568112,0
2021-03-04,50188,0,1618300,0
2021-03-05,55678,0,1673978,0
2021-03-06,41832,0,1715810,0
2021-03-07,22282,0,1738092,0
2021-03-08,50616,0,1788708,0
2021-03-09,52956,0,1841664,0
2021-03-10,58511,0,1900175,0
2021-03-11,63724,0,1963899,0
2021-03-12,65012,0,2028911,0
2021-03-13,51648,0,2080559,0
2021-03-14,35335,0,2115894,0
2021-03-15,73349,0,2189243,0
2021-03-16,73986,0,2263229,0
2021-03-17,82996,0,2346225,0
2021-03-18,81580,0,2427805,0
2021-03-19,81002,0,2508807,0
2021-03-20,64632,0,2573439,0
2021-03-21,47239,0,2620678,0
2021-03-22,69387,0,2690065,0
2021-03-23,75680,0,2765745,0
2021-03-24,90766,0,2856511,0
2021-03-25,89686,0,2946197,0
2021-03-26,83481,0,3029678,0
2021-03-27,71809,0,3101487,0
2021-03-28,44029,0,3145516,0
2021-03-29,70684,0,3216200,0
2021-03-30,81243,0,3297443,0
2021-03-31,96071,0,3393514,0
2021-04-01,95187,0,3488701,0
2021-04-02,83980,0,3572681,0
2021-04-03,64238,0,3636919,0
2021-04-04,21684,0,3658603,0
2021-04-05,40253,0,3698856,0
2021-04-06,81224,0,3780080,0
2021-04-07,95723,0,3875803,0
2021-04-08,95157,0,3970960,0
2021-04-09,88373,0,4059333,0
2021-04-10,73926,0,4133259,0
2021-04-11,44698,0,4177957,0
2021-04-12,66837,0,4244794,0
2021-04-13,72501,0,4317295,0
2021-04-14,85415,0,4402710,0
2021-04-15,105297,0,4508007,0
2021-04-16,106296,0,4614303,0
2021-04-17,90535,0,4704838,0
2021-04-18,58659,0,4763497,0
2021-04-19,93354,0,4856851,0
2021-04-20,103681,0,4960532,0
2021-04-21,125258,0,5085790,0
2021-04-22,143408,0,5229198,0
2021-04-23,138573,0,5367771,0
2021-04-24,124325,0,5492096,0
2021-04-25,61375,0,5553471,0
2021-04-26,97788,0,5651259,0
2021-04-27,128255,0,5779514,0
2021-04-28,156222,0,5935736,0
2021-04-29,195386,0,6131122,0
2021-04-30,214380,0,6345502,0
2021-05-01,174139,0,6519641,0
2021-05-02,135880,0,6655521,0
2021-05-03,141868,0,6797389,0
2021-05-04,158554,0,6955943,0
2021-05-05,170308,0,7126251,0
2021-05-06,197647,0,7323898,0
2021-05-07,213589,0,7537487,0
2021-05-08,213228,0,7750715,0
2021-05-09,143051,0,7893766,0
2021-05-10,164928,0,8058694,0
2021-05-11,174761,0,8233455,0
2021-05-12,178919,0,8412374,0
2021-05-13,203089,0,8615463,0
2021-05-14,222668,0,8838131,0
2021-05-15,210128,0,9048259,0
2021-05-16,159150,0,9207409,0
2021-05-17,219021,0,9426430,0
2021-05-18,212804,0,9639234,0
2021-05-19,206860,0,9846094,0
2021-05-20,270578,0,10116672,0
2021-05-21,270608,0,10387280,0
2021-05-22,245362,0,10632642,0
2021-05-23,197088,0,10829730,0
2021-05-24,228172,0,11057902,0
2021-05-25,245544,0,11303446,0
2021-05-26,277303,0,11580749,0
2021-05-27,310877,0,11891626,0
2021-05-28,299366,0,12190992,0
2021-05-29,231009,0,12422001,0
2021-05-30,170712,0,12592713,0
2021-05-31,216241,0,12808954,0
2021-06-01,207473,0,13016427,0
2021-06-02,115623,0,13132050,0
2021-06-03,179817,0,13311867,0
2021-06-04,184533,0,13496400,0
2021-06-05,185738,0,13682138,0
2021-06-06,139392,0,13821530,0
2021-06-07,161552,0,13983082,0
2021-06-08,170789,0,14153871,0
2021-06-09,171088,0,14324959,0
2021-06-10,173657,0,14498616,0
2021-06-11,169587,0,14668203,0
2021-06-12,127983,0,14796186,0
2021-06-13,90961,0,14887147,0
2021-06-14,214431,0,15101578,0
2021-06-15,228201,0,15329779,0
2021-06-16,252907,0,15582686,0
2021-06-17,301538,0,15884224,0
2021-06-18,306069,0,16190293,0
2021-06-19,274980,0,16465273,0
2021-06-20,220611,0,16685884,0
2021-06-21,287956,0,16973840,0
2021-06-22,296069,0,17269909,0
2021-06-23,302649,0,17572558,0
2021-06-24,332489,0,17905047,0
2021-06-25,348623,0,18253670,0
2021-06-26,300218,0,18553888,0
2021-06-27,228802,0,18782690,0
2021-06-28,306899,0,19089589,0
2021-06-29,329098,0,19418687,0
2021-06-30,342035,0,19760722,0
2021-07-01,363035,0,20123757,0
2021-07-02,368422,0,20492179,0
2021-07-03,371296,0,20863475,0
2021-07-04,283245,0,21146720,0
2021-07-05,384464,0,21531184,0
2021-07-06,385353,0,21916537,0
2021-07-07,412058,0,22328595,0
2021-07-08,479828,0,22808423,0
2021-07-09,498574,0,23306997,0
2021-07-10,475269,0,23782266,0
2021-07-11,357815,0,24140081,0
2021-07-12,486011,0,24626092,0
2021-07-13,492316,0,25118408,0
2021-07-14,480604,0,25599012,0
2021-07-15,523722,0,26122734,0
2021-07-16,509927,0,26632661,0
2021-07-17,464532,0,27097193,0
2021-07-18,364841,0,27462034,0
2021-07-19,463436,0,27925470,0
2021-07-20,458282,0,28383752,0
2021-07-21,462885,0,28846637,0
2021-07-22,475394,0,29322031,0
2021-07-23,441333,0,29763364,0
2021-07-24,386138,0,30149502,0
2021-07-25,287543,0,30437045,0
2021-07-26,430902,0,30867947,0
2021-07-27,440169,0,31308116,0
2021-07-28,390988,0,31699104,0
2021-07-29,372048,0,32071152,0
2021-07-30,341490,0,32412642,0
2021-07-31,286985,0,32699627,0
2021-08-01,190822,0,32890449,0
2021-08-02,333758,0,33224207,0
2021-08-03,323129,0,33547336,0
2021-08-04,310838,0,33858174,0
2021-08-05,292428,0,34150602,0
2021-08-06,259916,0,34410518,0
2021-08-07,198848,0,34609366,0
2021-08-08,153062,0,34762428,0
2021-08-09,234156,0,34996584,0
2021-08-10,205082,0,35201666,0
2021-08-11,193560,0,35395226,0
2021-08-12,167764,0,35562990,0
2021-08-13,148357,0,35711347,0
2021-08-14,65960,0,35777307,0
2021-08-15,26290,0,35803597,0
2021-08-16,114566,0,35918163,0
2021-08-17,129078,0,36047241,0
2021-08-18,128653,0,36175894,0
2021-08-19,124654,0,36300548,0
2021-08-20,123651,0,36424199,0
2021-08-21,83006,0,36507205,0
2021-08-22,68076,0,36575281,0
2021-08-23,176653,0,36751934,0
2021-08-24,156909,0,36908843,0
2021-08-25,176992,0,37085835,0
2021-08-26,172273,0,37258108,0
2021-08-27,185765,0,37443873,0
2021-08-28,140051,0,37583924,0
2021-08-29,98920,0,37682844,0
2021-08-30,209542,0,37892386,0
2021-08-31,194624,0,38087010,0
2021-09-01,192129,0,38279139,0
2021-09-02,189824,0,38468963,0
2021-09-03,191185,0,38660148,0
2021-09-04,131370,0,38791518,0
2021-09-05,87860,0,38879378,0
2021-09-06,193559,0,39072937,0
2021-09-07,195767,0,39268704,0
2021-09-08,187747,0,39456451,0
2021-09-09,201319,0,39657770,0
2021-09-10,197947,0,39855717,0
2021-09-11,141151,0,39996868,0
2021-09-12,89476,0,40086344,0
2021-09-13,191045,340,40277389,340
2021-09-14,177286,422,40454675,762
2021-09-15,162992,454,40617667,1216
2021-09-16,159976,785,40777643,2001
2021-09-17,150036,1004,40927679,3005
2021-09-18,127818,656,41055497,3661
2021-09-19,80970,440,41136467,4101
2021-09-20,179797,8953,41316264,13054
2021-09-21,166283,8725,41482547,21779
2021-09-22,158721,9363,41641268,31142
2021-09-23,137660,9238,41778928,40380
2021-09-24,140155,8853,41919083,49233
2021-09-25,119290,5557,42038373,54790
2021-09-26,71762,4293,42110135,59083
2021-09-27,135356,9972,42245491,69055
2021-09-28,117137,11302,42362628,80357
2021-09-29,111963,11759,42474591,92116
2021-09-30,109894,14843,42584485,106959
2021-10-01,94635,19025,42679120,125984
2021-10-02,78193,13985,42757313,139969
2021-10-03,47523,7627,42804836,147596
2021-10-04,88063,34358,42892899,181954
2021-10-05,80087,33915,42972986,215869
2021-10-06,71739,34065,43044725,249934
2021-10-07,71492,34279,43116217,284213
2021-10-08,80352,33489,43196569,317702
2021-10-09,75804,22107,43272373,339809
2021-10-10,45629,13590,43318002,353399
2021-10-11,87101,40992,43405103,394391
2021-10-12,84191,46788,43489294,441179
2021-10-13,87918,51982,43577212,493161
2021-10-14,91107,58385,43668319,551546
2021-10-15,93219,55469,43761538,607015
2021-10-16,82658,36702,43844196,643717
2021-10-17,51247,23777,43895443,667494
2021-10-18,90061,59330,43985504,726824
2021-10-19,78148,69284,44063652,796108
2021-10-20,74925,78023,44138577,874131
2021-10-21,78094,81570,44216671,955701
2021-10-22,73751,76889,44290422,1032590
2021-10-23,60733,51889,44351155,1084479
2021-10-24,33309,23399,44384464,1107878
2021-10-25,64744,81506,44449208,1189384
2021-10-26,58257,91616,44507465,1281000
2021-10-27,58126,103817,44565591,1384817
2021-10-28,61288,113832,44626879,1498649
2021-10-29,61616,102922,44688495,1601571
2021-10-30,50564,67998,44739059,1669569
2021-10-31,25109,28237,44764168,1697806
2021-11-01,19008,28116,44783176,1725922
2021-11-02,62650,89200,44845826,1815122
2021-11-03,60615,118487,44906441,1933609
2021-11-04,59098,126451,44965539,2060060
2021-11-05,62970,134954,45028509,2195014
2021-11-06,46342,90800,45074851,2285814
2021-11-07,22202,37829,45097053,2323643
2021-11-08,51352,131101,45148405,2454744
2021-11-09,45285,143892,45193690,2598636
2021-11-10,42506,156009,45236196,2754645
2021-11-11,44791,154914,45280987,2909559
2021-11-12,46218,158354,45327205,3067913
2021-11-13,33140,116454,45360345,3184367
2021-11-14,14439,52385,45374784,3236752
2021-11-15,36750,157149,45411534,3393901
2021-11-16,30412,171128,45441946,3565029
2021-11-17,28283,178235,45470229,3743264
2021-11-18,30109,193417,45500338,3936681
2021-11-19,28635,205521,45528973,4142202
2021-11-20,20859,156127,45549832,4298329
2021-11-21,10533,64711,45560365,4363040
2021-11-22,21765,212860,45582130,4575900
2021-11-23,23391,241403,45605521,4817303
2021-11-24,27621,270511,45633142,5087814
2021-11-25,22980,301448,45656122,5389262
2021-11-26,24339,317834,45680461,5707096
2021-11-27,21186,265784,45701647,5972880
2021-11-28,9791,136830,45711438,6109710
2021-11-29,22013,325575,45733451,6435285
2021-11-30,22787,365236,45756238,6800521
2021-12-01,21177,412844,45777415,7213365
2021-12-02,23390,439984,45800805,7653349
2021-12-03,24812,466910,45825617,8120259
2021-12-04,21999,418442,45847616,8538701
2021-12-05,11650,261184,45859266,8799885
2021-12-06,25240,457201,45884506,9257086
2021-12-07,23595,479798,45908101,9736884
2021-12-08,9718,249503,45917819,9986387
2021-12-09,30897,491578,45948716,10477965
2021-12-10,27464,517296,45976180,10995261
2021-12-11,22997,458936,45999177,11454197
2021-12-12,11922,293262,46011099,11747459
2021-12-13,25499,467186,46036598,12214645
2021-12-14,24463,493760,46061061,12708405
2021-12-15,24633,516657,46085694,13225062
2021-12-16,26975,519675,46112669,13744737
2021-12-17,28519,516403,46141188,14261140
2021-12-18,26173,468344,46167361,14729484
2021-12-19,14572,300280,46181933,15029764
2021-12-20,29742,477040,46211675,15506804
2021-12-21,29489,492759,46241164,15999563
2021-12-22,28383,484192,46269547,16483755
2021-12-23,27197,426457,46296744,16910212
2021-12-24,12711,210614,46309455,17120826
2021-12-25,2069,33015,46311524,17153841
2021-12-26,8341,158982,46319865,17312823
2021-12-27,45098,504289,46364963,17817112
2021-12-28,40140,553687,46405103,18370799
2021-12-29,31800,550083,46436903,18920882
2021-12-30,29284,499279,46466187,19420161
2021-12-31,12814,247193,46479001,19667354
2022-01-01,3227,64759,46482228,19732113
2022-01-02,20321,276577,46502549,20008690
2022-01-03,43734,520569,46546283,20529259
2022-01-04,41650,572565,46587933,21101824
2022-01-05,35871,560828,46623804,21662652
2022-01-06,20752,274241,46644556,21936893
2022-01-07,58647,554408,46703203,22491301
2022-01-08,55451,502919,46758654,22994220
2022-01-09,38694,319438,46797348,23313658
2022-01-10,57099,542403,46854447,23856061
2022-01-11,57215,587003,46911662,24443064
2022-01-12,54062,581270,46965724,25024334
2022-01-13,54569,580351,47020293,25604685
2022-01-14,42705,588213,47062998,26192898
2022-01-15,34303,567924,47097301,26760822
2022-01-16,27840,340903,47125141,27101725
2022-01-17,52064,489811,47177205,27591536
2022-01-18,55764,516876,47232969,28108412
2022-01-19,54750,502753,47287719,28611165
2022-01-20,52029,498561,47339748,29109726
2022-01-21,39665,493384,47379413,29603110
2022-01-22,28212,468864,47407625,30071974
2022-01-23,33230,274862,47440855,30346836
2022-01-24,54535,437027,47495390,30783863
2022-01-25,60054,451685,47555444,31235548
2022-01-26,56818,434789,47612262,31670337
2022-01-27,47113,430989,47659375,32101326
2022-01-28,56728,435377,47716103,32536703
2022-01-29,66041,410623,47782144,32947326
2022-01-30,48988,234770,47831132,33182096
2022-01-31,58581,355043,47889713,33537139
2022-02-01,63494,324815,47953207,33861954
2022-02-02,63673,285303,48016880,34147257