data_somministrazione,vaccinazioni,booster,cum_vaccinazioni,cum_booster
2020-12-27,20,0,20,0
2020-12-28,2,0,22,0
2020-12-29,1,0,23,0
2020-12-30,8,0,31,0
2020-12-31,72,0,103,0
2021-01-01,23,0,126,0
2021-01-02,125,0,251,0
2021-01-03,88,0,339,0
2021-01-04,212,0,551,0
2021-01-05,255,0,806,0
2021-01-06,218,0,1024,0
2021-01-07,304,0,1328,0
2021-01-08,350,0,1678,0
2021-01-09,262,0,1940,0
2021-01-10,158,0,2098,0
2021-01-11,282,0,2380,0
2021-01-12,272,0,2652,0
2021-01-13,400,0,3052,0
2021-01-14,484,0,3536,0
2021-01-15,303,0,3839,0
2021-01-16,213,0,4052,0
2021-01-17,3060,0,7112,0
2021-01-18,5211,0,12323,0
2021-01-19,1893,0,14216,0
2021-01-20,4656,0,18872,0
2021-01-21,20004,0,38876,0
2021-01-22,14219,0,53095,0
2021-01-23,33329,0,86424,0
2021-01-24,30784,0,117208,0
2021-01-25,64724,0,181932,0
2021-01-26,76491,0,258423,0
2021-01-27,64827,0,323250,0
2021-01-28,89273,0,412523,0
2021-01-29,94013,0,506536,0
2021-01-30,86556,0,593092,0
2021-01-31,57330,0,650422,0
2021-02-01,81854,0,732276,0
2021-02-02,82144,0,814420,0
2021-02-03,91192,0,905612,0
2021-02-04,95395,0,1001007,0
2021-02-05,90271,0,1091278,0
2021-02-06,63446,0,1154724,0
2021-02-07,32931,0,1187655,0
2021-02-08,40427,0,1228082,0
2021-02-09,32866,0,1260948,0
2021-02-10,28423,0,1289371,0
2021-02-11,20399,0,1309770,0
2021-02-12,16237,0,1326007,0
2021-02-13,7268,0,1333275,0
2021-02-14,2861,0,1336136,0
2021-02-15,6840,0,1342976,0
2021-02-16,6999,0,1349975,0
2021-02-17,10522,0,1360497,0
2021-02-18,9252,0,1369749,0
2021-02-19,8247,0,1377996,0
2021-02-20,5561,0,1383557,0
2021-02-21,3000,0,1386557,0
2021-02-22,6883,0,1393440,0
2021-02-23,7169,0,1400609,0
2021-02-24,9832,0,1410441,0
2021-02-25,14210,0,1424651,0
2021-02-26,17555,0,1442206,0
2021-02-27,13911,0,1456117,0
2021-02-28,9388,0,1465505,0
2021-03-01,26518,0,1492023,0
2021-03-02,33240,0,1525263,0
2021-03-03,44644,0,1569907,0
2021-03-04,50291,0,1620198,0
2021-03-05,55732,0,1675930,0
2021-03-06,41870,0,1717800,0
2021-03-07,22323,0,1740123,0
2021-03-08,50823,0,1790946,0
2021-03-09,53073,0,1844019,0
2021-03-10,58650,0,1902669,0
2021-03-11,63863,0,1966532,0
2021-03-12,65110,0,2031642,0
2021-03-13,51718,0,2083360,0
2021-03-14,35398,0,2118758,0
2021-03-15,73442,0,2192200,0
2021-03-16,74028,0,2266228,0
2021-03-17,83133,0,2349361,0
2021-03-18,81623,0,2430984,0
2021-03-19,81082,0,2512066,0
2021-03-20,64722,0,2576788,0
2021-03-21,47297,0,2624085,0
2021-03-22,69478,0,2693563,0
2021-03-23,75800,0,2769363,0
2021-03-24,90914,0,2860277,0
2021-03-25,89800,0,2950077,0
2021-03-26,83621,0,3033698,0
2021-03-27,71938,0,3105636,0
2021-03-28,44147,0,3149783,0
2021-03-29,70824,0,3220607,0
2021-03-30,81386,0,3301993,0
2021-03-31,96237,0,3398230,0
2021-04-01,95308,0,3493538,0
2021-04-02,84071,0,3577609,0
2021-04-03,64305,0,3641914,0
2021-04-04,21719,0,3663633,0
2021-04-05,40312,0,3703945,0
2021-04-06,81314,0,3785259,0
2021-04-07,95830,0,3881089,0
2021-04-08,95235,0,3976324,0
2021-04-09,88489,0,4064813,0
2021-04-10,74030,0,4138843,0
2021-04-11,44764,0,4183607,0
2021-04-12,66918,0,4250525,0
2021-04-13,72573,0,4323098,0
2021-04-14,85540,0,4408638,0
2021-04-15,105418,0,4514056,0
2021-04-16,106417,0,4620473,0
2021-04-17,90516,0,4710989,0
2021-04-18,58589,0,4769578,0
2021-04-19,93431,0,4863009,0
2021-04-20,103769,0,4966778,0
2021-04-21,125339,0,5092117,0
2021-04-22,143518,0,5235635,0
2021-04-23,138740,0,5374375,0
2021-04-24,124446,0,5498821,0
2021-04-25,61457,0,5560278,0
2021-04-26,97895,0,5658173,0
2021-04-27,128362,0,5786535,0
2021-04-28,156369,0,5942904,0
2021-04-29,195595,0,6138499,0
2021-04-30,214577,0,6353076,0
2021-05-01,174117,0,6527193,0
2021-05-02,135801,0,6662994,0
2021-05-03,142038,0,6805032,0
2021-05-04,158695,0,6963727,0
2021-05-05,170501,0,7134228,0
2021-05-06,197810,0,7332038,0
2021-05-07,213849,0,7545887,0
2021-05-08,213413,0,7759300,0
2021-05-09,143201,0,7902501,0
2021-05-10,165087,0,8067588,0
2021-05-11,174988,0,8242576,0
2021-05-12,179183,0,8421759,0
2021-05-13,203383,0,8625142,0
2021-05-14,222914,0,8848056,0
2021-05-15,210360,0,9058416,0
2021-05-16,159275,0,9217691,0
2021-05-17,219193,0,9436884,0
2021-05-18,213016,0,9649900,0
2021-05-19,207087,0,9856987,0
2021-05-20,270862,0,10127849,0
2021-05-21,270886,0,10398735,0
2021-05-22,245524,0,10644259,0
2021-05-23,197179,0,10841438,0
2021-05-24,228305,0,11069743,0
2021-05-25,245694,0,11315437,0
2021-05-26,277493,0,11592930,0
2021-05-27,311084,0,11904014,0
2021-05-28,299570,0,12203584,0
2021-05-29,231221,0,12434805,0
2021-05-30,170840,0,12605645,0
2021-05-31,216420,0,12822065,0
2021-06-01,207632,0,13029697,0
2021-06-02,115793,0,13145490,0
2021-06-03,180139,0,13325629,0
2021-06-04,184876,0,13510505,0
2021-06-05,185957,0,13696462,0
2021-06-06,139549,0,13836011,0
2021-06-07,161870,0,13997881,0
2021-06-08,171220,0,14169101,0
2021-06-09,171479,0,14340580,0
2021-06-10,174099,0,14514679,0
2021-06-11,169972,0,14684651,0
2021-06-12,128321,0,14812972,0
2021-06-13,91184,0,14904156,0
2021-06-14,214678,0,15118834,0
2021-06-15,228418,0,15347252,0
2021-06-16,253075,0,15600327,0
2021-06-17,301732,0,15902059,0
2021-06-18,306296,0,16208355,0
2021-06-19,275087,0,16483442,0
2021-06-20,220782,0,16704224,0
2021-06-21,288077,0,16992301,0
2021-06-22,296222,0,17288523,0
2021-06-23,302689,0,17591212,0
2021-06-24,332597,0,17923809,0
2021-06-25,348716,0,18272525,0
2021-06-26,300122,0,18572647,0
2021-06-27,228663,0,18801310,0
2021-06-28,307090,0,19108400,0
2021-06-29,329288,0,19437688,0
2021-06-30,342163,0,19779851,0
2021-07-01,363207,0,20143058,0
2021-07-02,368473,0,20511531,0
2021-07-03,371090,0,20882621,0
2021-07-04,283213,0,21165834,0
2021-07-05,384544,0,21550378,0
2021-07-06,385472,0,21935850,0
2021-07-07,412117,0,22347967,0
2021-07-08,479609,0,22827576,0
2021-07-09,498481,0,23326057,0
2021-07-10,475186,0,23801243,0
2021-07-11,357700,0,24158943,0
2021-07-12,485902,0,24644845,0
2021-07-13,492119,0,25136964,0
2021-07-14,480465,0,25617429,0
2021-07-15,523461,0,26140890,0
2021-07-16,509765,0,26650655,0
2021-07-17,464346,0,27115001,0
2021-07-18,364656,0,27479657,0
2021-07-19,463056,0,27942713,0
2021-07-20,458064,0,28400777,0
2021-07-21,462800,0,28863577,0
2021-07-22,475395,0,29338972,0
2021-07-23,441319,0,29780291,0
2021-07-24,386167,0,30166458,0
2021-07-25,287558,0,30454016,0
2021-07-26,430879,0,30884895,0
2021-07-27,440128,0,31325023,0
2021-07-28,391010,0,31716033,0
2021-07-29,372071,0,32088104,0
2021-07-30,341517,0,32429621,0
2021-07-31,287027,0,32716648,0
2021-08-01,191003,0,32907651,0
2021-08-02,333710,0,33241361,0
2021-08-03,323191,0,33564552,0
2021-08-04,310973,0,33875525,0
2021-08-05,292506,0,34168031,0
2021-08-06,260008,0,34428039,0
2021-08-07,199046,0,34627085,0
2021-08-08,153110,0,34780195,0
2021-08-09,234067,0,35014262,0
2021-08-10,205247,0,35219509,0
2021-08-11,193769,0,35413278,0
2021-08-12,168023,0,35581301,0
2021-08-13,148632,0,35729933,0
2021-08-14,66092,0,35796025,0
2021-08-15,26338,0,35822363,0
2021-08-16,114702,0,35937065,0
2021-08-17,129247,0,36066312,0
2021-08-18,128749,0,36195061,0
2021-08-19,124815,0,36319876,0
2021-08-20,123791,0,36443667,0
2021-08-21,83129,0,36526796,0
2021-08-22,68171,0,36594967,0
2021-08-23,176870,0,36771837,0
2021-08-24,156896,0,36928733,0
2021-08-25,177171,0,37105904,0
2021-08-26,172361,0,37278265,0
2021-08-27,185834,0,37464099,0
2021-08-28,140277,0,37604376,0
2021-08-29,98995,0,37703371,0
2021-08-30,209602,0,37912973,0
2021-08-31,194639,0,38107612,0
2021-09-01,192211,0,38299823,0
2021-09-02,189931,0,38489754,0
2021-09-03,191304,0,38681058,0
2021-09-04,131466,0,38812524,0
2021-09-05,87858,0,38900382,0
2021-09-06,193631,0,39094013,0
2021-09-07,196043,0,39290056,0
2021-09-08,187881,0,39477937,0
2021-09-09,201448,0,39679385,0
2021-09-10,198078,0,39877463,0
2021-09-11,141303,0,40018766,0
2021-09-12,89596,0,40108362,0
2021-09-13,191130,596,40299492,596
2021-09-14,177233,610,40476725,1206
2021-09-15,163100,614,40639825,1820
2021-09-16,160077,958,40799902,2778
2021-09-17,150171,1137,40950073,3915
2021-09-18,127983,751,41078056,4666
2021-09-19,81135,499,41159191,5165
2021-09-20,180075,9097,41339266,14262
2021-09-21,166643,8846,41505909,23108
2021-09-22,159088,9447,41664997,32555
2021-09-23,138076,9340,41803073,41895
2021-09-24,140540,8976,41943613,50871
2021-09-25,119555,5652,42063168,56523
2021-09-26,71967,4351,42135135,60874
2021-09-27,135659,10060,42270794,70934
2021-09-28,117506,11403,42388300,82337
2021-09-29,112352,11835,42500652,94172
2021-09-30,110251,14962,42610903,109134
2021-10-01,94989,19119,42705892,128253
2021-10-02,78501,14030,42784393,142283
2021-10-03,47745,7663,42832138,149946
2021-10-04,88375,34465,42920513,184411
2021-10-05,80368,33993,43000881,218404
2021-10-06,71997,34183,43072878,252587
2021-10-07,71856,34361,43144734,286948
2021-10-08,80631,33602,43225365,320550
2021-10-09,76102,22183,43301467,342733
2021-10-10,45779,13620,43347246,356353
2021-10-11,87435,41116,43434681,397469
2021-10-12,84499,46918,43519180,444387
2021-10-13,88197,52133,43607377,496520
2021-10-14,91548,58527,43698925,555047
2021-10-15,93595,55644,43792520,610691
2021-10-16,82967,36799,43875487,647490
2021-10-17,51461,23840,43926948,671330
2021-10-18,90303,59495,44017251,730825
2021-10-19,78348,69387,44095599,800212
2021-10-20,75066,78189,44170665,878401
2021-10-21,78294,81774,44248959,960175
2021-10-22,73784,77048,44322743,1037223
2021-10-23,60826,51965,44383569,1089188
2021-10-24,33375,23466,44416944,1112654
2021-10-25,64905,81641,44481849,1194295
2021-10-26,58374,91815,44540223,1286110
2021-10-27,58330,104007,44598553,1390117
2021-10-28,61458,114128,44660011,1504245
2021-10-29,61638,103153,44721649,1607398
2021-10-30,50675,68124,44772324,1675522
2021-10-31,25161,28301,44797485,1703823
2021-11-01,19047,28155,44816532,1731978
2021-11-02,62745,89410,44879277,1821388
2021-11-03,60725,118675,44940002,1940063
2021-11-04,59245,126680,44999247,2066743
2021-11-05,63096,135198,45062343,2201941
2021-11-06,46483,90933,45108826,2292874
2021-11-07,22251,37900,45131077,2330774
2021-11-08,51528,131280,45182605,2462054
2021-11-09,45396,144222,45228001,2606276
2021-11-10,42584,156361,45270585,2762637
2021-11-11,44937,155141,45315522,2917778
2021-11-12,46323,158638,45361845,3076416
2021-11-13,33263,116657,45395108,3193073
2021-11-14,14490,52454,45409598,3245527
2021-11-15,36900,157436,45446498,3402963
2021-11-16,30559,171386,45477057,3574349
2021-11-17,28464,178445,45505521,3752794
2021-11-18,30278,193736,45535799,3946530
2021-11-19,28810,205863,45564609,4152393
2021-11-20,21001,156451,45585610,4308844
2021-11-21,10612,64862,45596222,4373706
2021-11-22,21945,213154,45618167,4586860
2021-11-23,23577,241765,45641744,4828625
2021-11-24,27811,271000,45669555,5099625
2021-11-25,23239,301919,45692794,5401544
2021-11-26,24585,318279,45717379,5719823
2021-11-27,21384,266156,45738763,5985979
2021-11-28,9903,137059,45748666,6123038
2021-11-29,22342,326073,45771008,6449111
2021-11-30,23094,365827,45794102,6814938
2021-12-01,21522,413519,45815624,7228457
2021-12-02,23769,440416,45839393,7668873
2021-12-03,25259,467488,45864652,8136361
2021-12-04,22377,418759,45887029,8555120
2021-12-05,11933,261349,45898962,8816469
2021-12-06,25813,457597,45924775,9274066
2021-12-07,24133,480271,45948908,9754337
2021-12-08,10008,249702,45958916,10004039
2021-12-09,31576,491944,45990492,10495983
2021-12-10,28061,517897,46018553,11013880
2021-12-11,23562,459258,46042115,11473138
2021-12-12,12305,293514,46054420,11766652
2021-12-13,26147,467639,46080567,12234291
2021-12-14,25164,494217,46105731,12728508
2021-12-15,25330,517163,46131061,13245671
2021-12-16,27882,520270,46158943,13765941
2021-12-17,29351,517191,46188294,14283132
2021-12-18,27072,468742,46215366,14751874
2021-12-19,15156,300532,46230522,15052406
2021-12-20,30631,477494,46261153,15529900
2021-12-21,30379,493393,46291532,16023293
2021-12-22,29455,484722,46320987,16508015
2021-12-23,28254,426919,46349241,16934934
2021-12-24,13114,210835,46362355,17145769
2021-12-25,2103,33053,46364458,17178822
2021-12-26,8768,159072,46373226,17337894
2021-12-27,46807,504672,46420033,17842566
2021-12-28,42458,554229,46462491,18396795
2021-12-29,34353,550654,46496844,18947449
2021-12-30,31852,499839,46528696,19447288
2021-12-31,14129,247396,46542825,19694684
2022-01-01,3497,64815,46546322,19759499
2022-01-02,22786,276723,46569108,20036222
2022-01-03,47867,520021,46616975,20556243
2022-01-04,46389,572091,46663364,21128334
2022-01-05,40777,560398,46704141,21688732
2022-01-06,23496,274489,46727637,21963221
2022-01-07,63708,554197,46791345,22517418
2022-01-08,60877,503396,46852222,23020814
2022-01-09,42881,319686,46895103,23340500
2022-01-10,61103,542292,46956206,23882792
2022-01-11,61734,586998,47017940,24469790
2022-01-12,58460,581279,47076400,25051069
2022-01-13,58616,580391,47135016,25631460
2022-01-14,46818,588574,47181834,26220034
2022-01-15,39429,569945,47221263,26789979
2022-01-16,31244,341860,47252507,27131839
2022-01-17,54793,489663,47307300,27621502
2022-01-18,58402,517021,47365702,28138523
2022-01-19,57205,502790,47422907,28641313
2022-01-20,54349,498826,47477256,29140139
2022-01-21,42101,493873,47519357,29634012
2022-01-22,31214,469594,47550571,30103606
2022-01-23,34943,275373,47585514,30378979
2022-01-24,56179,437225,47641693,30816204
2022-01-25,61556,452112,47703249,31268316
2022-01-26,58552,435832,47761801,31704148
2022-01-27,48841,432378,47810642,32136526
2022-01-28,58699,436539,47869341,32573065
2022-01-29,68139,412495,47937480,32985560
2022-01-30,50381,235967,47987861,33221527
2022-01-31,60625,356933,48048486,33578460
2022-02-01,65559,328444,48114045,33906904
2022-02-02,63202,296976,48177247,34203880
2022-02-03,60058,274516,48237305,34478396
2022-02-04,72373,268457,48309678,34746853
2022-02-05,83773,248531,48393451,34995384
2022-02-06,55290,116203,48448741,35111587
2022-02-07,65149,199940,48513890,35311527
2022-02-08,66922,186113,48580812,35497640
2022-02-09,58757,166333,48639569,35663973
2022-02-10,58570,163238,48698139,35827211
2022-02-11,62247,162464,48760386,35989675
2022-02-12,71977,152140,48832363,36141815
2022-02-13,41472,68852,48873835,36210667
2022-02-14,46685,116185,48920520,36326852
2022-02-15,48537,123476,48969057,36450328
2022-02-16,45672,106120,49014729,36556448
2022-02-17,42855,98106,49057584,36654554
2022-02-18,46615,112570,49104199,36767124
2022-02-19,52530,100332,49156729,36867456
2022-02-20,31411,40362,49188140,36907818
2022-02-21,37881,89649,49226021,36997467
2022-02-22,37216,83774,49263237,37081241
2022-02-23,33390,79407,49296627,37160648
2022-02-24,32548,78161,49329175,37238809
2022-02-25,34755,90709,49363930,37329518
2022-02-26,39154,89132,49403084,37418650
2022-02-27,22544,35856,49425628,37454506
2022-02-28,28475,81689,49454103,37536195
2022-03-01,22717,53939,49476820,37590134
2022-03-02,21974,50650,49498794,37640784
2022-03-03,22613,54943,49521407,37695727
2022-03-04,23228,62794,49544635,37758521
2022-03-05,23796,57951,49568431,37816472
2022-03-06,9471,17200,49577902,37833672
2022-03-07,15912,51387,49593814,37885059
2022-03-08,15472,48794,49609286,37933853
2022-03-09,13811,46518,49623097,37980371
2022-03-10,14046,52116,49637143,38032487
2022-03-11,15580,57260,49652723,38089747
2022-03-12,15501,56616,49668224,38146363
2022-03-13,5543,16850,49673767,38163213
2022-03-14,10521,46696,49684288,38209909
2022-03-15,10538,46890,49694826,38256799
2022-03-16,9477,41973,49704303,38298772
2022-03-17,9713,44871,49714016,38343643
2022-03-18,10157,49054,49724173,38392697
2022-03-19,9148,46531,49733321,38439228
2022-03-20,2608,11701,49735929,38450929
2022-03-21,7576,40224,49743505,38491153
2022-03-22,8445,37758,49751950,38528911
2022-03-23,7213,33700,49759163,38562611
2022-03-24,8257,38799,49767420,38601410
2022-03-25,8134,43661,49775554,38645071
2022-03-26,8124,41720,49783678,38686791
2022-03-27,2429,9681,49786107,38696472
2022-03-28,6107,35237,49792214,38731709
2022-03-29,5774,32527,49797988,38764236
2022-03-30,5564,30202,49803552,38794438
2022-03-31,5890,33181,49809442,38827619
2022-04-01,4347,25186,49813789,38852805
2022-04-02,4493,23274,49818282,38876079
2022-04-03,1049,4500,49819331,38880579
2022-04-04,3656,21538,49822987,38902117
2022-04-05,3756,22929,49826743,38925046
2022-04-06,4101,21849,49830844,38946895
2022-04-07,3964,23320,49834808,38970215
2022-04-08,4691,26710,49839499,38996925
2022-04-09,4380,23884,49843879,39020809
2022-04-10,891,4614,49844770,39025423
2022-04-11,3814,22685,49848584,39048108
2022-04-12,3361,21776,49851945,39069884
2022-04-13,3563,21331,49855508,39091215
2022-04-14,3486,23785,49858994,39115000
2022-04-15,3084,20617,49862078,39135617
2022-04-16,2149,11918,49864227,39147535
2022-04-17,63,348,49864290,39147883
2022-04-18,151,650,49864441,39148533
2022-04-19,3497,21977,49867938,39170510
2022-04-20,3508,20249,49871446,39190759
2022-04-21,2843,19783,49874289,39210542
2022-04-22,2927,20696,49877216,39231238
2022-04-23,2642,16217,49879858,39247455
2022-04-24,509,2334,49880367,39249789
2022-04-25,183,1165,49880550,39250954
2022-04-26,2756,17801,49883306,39268755
2022-04-27,2372,15789,49885678,39284544
2022-04-28,2357,15556,49888035,39300100
2022-04-29,2293,14837,49890328,39314937
2022-04-30,2122,11577,49892450,39326514
2022-05-01,113,530,49892563,39327044
2022-05-02,1450,9388,49894013,39336432
2022-05-03,1575,10314,49895588,39346746
2022-05-04,1746,10260,49897334,39357006
2022-05-05,1652,10278,49898986,39367284
2022-05-06,1700,10951,49900686,39378235
2022-05-07,1431,8563,49902117,39386798
2022-05-08,405,1514,49902522,39388312
2022-05-09,1027,8918,49903549,39397230
2022-05-10,1422,9541,49904971,39406771
2022-05-11,1483,10091,49906454,39416862
2022-05-12,1369,10122,49907823,39426984
2022-05-13,1591,10511,49909414,39437495
2022-05-14,1356,8230,49910770,39445725
2022-05-15,336,1130,49911106,39446855
2022-05-16,813,8394,49911919,39455249
2022-05-17,1243,8675,49913162,39463924
2022-05-18,1374,9225,49914536,39473149
2022-05-19,1500,9272,49916036,39482421
2022-05-20,1422,9498,49917458,39491919
2022-05-21,1299,7893,49918757,39499812
2022-05-22,231,1012,49918988,39500824
2022-05-23,830,8262,49919818,39509086
2022-05-24,1073,8664,49920891,39517750
2022-05-25,1369,9445,49922260,39527195
2022-05-26,1195,9454,49923455,39536649
2022-05-27,1227,9912,49924682,39546561
2022-05-28,1203,7874,49925885,39554435
2022-05-29,286,1264,49926171,39555699
2022-05-30,930,8031,49927101,39563730
2022-05-31,1035,8532,49928136,39572262
2022-06-01,890,7644,49929026,39579906
2022-06-02,35,474,49929061,39580380
2022-06-03,817,7328,49929878,39587708
2022-06-04,870,5157,49930748,39592865
2022-06-05,89,586,49930837,39593451
2022-06-06,676,6986,49931513,39600437
2022-06-07,951,7842,49932464,39608279
2022-06-08,983,7901,49933447,39616180
2022-06-09,1037,8399,49934484,39624579
2022-06-10,958,8552,49935442,39633131
2022-06-11,901,6206,49936343,39639337
2022-06-12,140,767,49936483,39640104
2022-06-13,602,6296,49937085,39646400
2022-06-14,828,7882,49937913,39654282
2022-06-15,954,7844,49938867,39662126
2022-06-16,729,7389,49939596,39669515
2022-06-17,722,7241,49940318,39676756
2022-06-18,777,5589,49941095,39682345
2022-06-19,47,522,49941142,39682867
2022-06-20,587,6695,49941729,39689562
2022-06-21,734,7656,49942463,39697218
2022-06-22,780,7307,49943243,39704525
2022-06-23,651,7459,49943894,39711984
2022-06-24,643,7472,49944537,39719456
2022-06-25,835,6532,49945372,39725988
2022-06-26,128,523,49945500,39726511
2022-06-27,531,7123,49946031,39733634
2022-06-28,745,8194,49946776,39741828
2022-06-29,756,7722,49947532,39749550
2022-06-30,746,8131,49948278,39757681
2022-07-01,576,6438,49948854,39764119
2022-07-02,536,4767,49949390,39768886
2022-07-03,49,456,49949439,39769342
2022-07-04,469,6275,49949908,39775617
2022-07-05,628,8112,49950536,39783729
2022-07-06,632,7607,49951168,39791336
2022-07-07,570,8264,49951738,39799600
2022-07-08,671,8080,49952409,39807680
2022-07-09,550,6103,49952959,39813783
2022-07-10,58,533,49953017,39814316
2022-07-11,487,7639,49953504,39821955
2022-07-12,665,9028,49954169,39830983
2022-07-13,640,10063,49954809,39841046
2022-07-14,636,10219,49955445,39851265
2022-07-15,624,10664,49956069,39861929
2022-07-16,522,7209,49956591,39869138
2022-07-17,48,769,49956639,39869907
2022-07-18,497,9350,49957136,39879257
2022-07-19,573,10657,49957709,39889914
2022-07-20,578,11258,49958287,39901172
2022-07-21,627,12040,49958914,39913212
2022-07-22,583,11227,49959497,39924439
2022-07-23,379,6744,49959876,39931183
2022-07-24,76,834,49959952,39932017
2022-07-25,502,9034,49960454,39941051
2022-07-26,520,9728,49960974,39950779
2022-07-27,550,10160,49961524,39960939
2022-07-28,529,10481,49962053,39971420
2022-07-29,510,9426,49962563,39980846
2022-07-30,382,5852,49962945,39986698
2022-07-31,49,745,49962994,39987443
2022-08-01,386,6824,49963380,39994267
2022-08-02,540,7526,49963920,40001793
2022-08-03,511,7142,49964431,40008935
2022-08-04,454,7439,49964885,40016374
2022-08-05,419,6490,49965304,40022864
2022-08-06,298,3582,49965602,40026446
2022-08-07,44,551,49965646,40026997
2022-08-08,401,4874,49966047,40031871
2022-08-09,383,5269,49966430,40037140
2022-08-10,379,4789,49966809,40041929
2022-08-11,365,4756,49967174,40046685
2022-08-12,292,3699,49967466,40050384
2022-08-13,143,1597,49967609,40051981
2022-08-14,9,128,49967618,40052109
2022-08-15,1,26,49967619,40052135
2022-08-16,283,3028,49967902,40055163
2022-08-17,351,3512,49968253,40058675
2022-08-18,389,4142,49968642,40062817
2022-08-19,341,3309,49968983,40066126
2022-08-20,183,1710,49969166,40067836
2022-08-21,24,146,49969190,40067982
2022-08-22,329,2940,49969519,40070922
2022-08-23,371,3656,49969890,40074578
2022-08-24,383,3343,49970273,40077921
2022-08-25,420,3752,49970693,40081673
2022-08-26,397,3560,49971090,40085233
2022-08-27,235,1769,49971325,40087002
2022-08-28,29,260,49971354,40087262
2022-08-29,353,3148,49971707,40090410
2022-08-30,403,3645,49972110,40094055
2022-08-31,436,3716,49972546,40097771
2022-09-01,352,3098,49972898,40100869
2022-09-02,296,2882,49973194,40103751
2022-09-03,199,1684,49973393,40105435
2022-09-04,23,147,49973416,40105582
2022-09-05,186,2646,49973602,40108228
2022-09-06,302,2984,49973904,40111212
2022-09-07,540,2913,49974444,40114125
2022-09-08,289,2951,49974733,40117076
2022-09-09,301,2854,49975034,40119930
2022-09-10,227,1325,49975261,40121255
2022-09-11,21,123,49975282,40121378
2022-09-12,267,2209,49975549,40123587
2022-09-13,248,2267,49975797,40125854
2022-09-14,262,2553,49976059,40128407
2022-09-15,279,2480,49976338,40130887
2022-09-16,253,2532,49976591,40133419
2022-09-17,239,1339,49976830,40134758
2022-09-18,20,170,49976850,40134928
2022-09-19,205,1965,49977055,40136893
2022-09-20,236,2370,49977291,40139263
2022-09-21,289,2511,49977580,40141774
2022-09-22,260,2637,49977840,40144411
2022-09-23,256,2515,49978096,40146926
2022-09-24,193,1426,49978289,40148352
2022-09-25,28,134,49978317,40148486
2022-09-26,280,2239,49978597,40150725
2022-09-27,281,2637,49978878,40153362
2022-09-28,309,2871,49979187,40156233
2022-09-29,251,3027,49979438,40159260
2022-09-30,289,2960,49979727,40162220
2022-10-01,193,1503,49979920,40163723
2022-10-02,11,187,49979931,40163910
2022-10-03,180,2453,49980111,40166363
2022-10-04,233,2818,49980344,40169181
2022-10-05,223,3192,49980567,40172373
2022-10-06,239,3770,49980806,40176143
2022-10-07,282,4102,49981088,40180245
2022-10-08,198,2209,49981286,40182454
2022-10-09,8,287,49981294,40182741
2022-10-10,205,3300,49981499,40186041
2022-10-11,191,4258,49981690,40190299
2022-10-12,205,4315,49981895,40194614
2022-10-13,188,5180,49982083,40199794
2022-10-14,224,4901,49982307,40204695
2022-10-15,185,2566,49982492,40207261
2022-10-16,6,342,49982498,40207603
2022-10-17,184,3714,49982682,40211317
2022-10-18,251,4689,49982933,40216006
2022-10-19,136,2738,49983069,40218744