data_somministrazione,vaccinazioni,booster,cum_vaccinazioni,cum_booster
2020-12-27,15,0,15,0
2020-12-28,2,0,17,0
2020-12-29,1,0,18,0
2020-12-30,2,0,20,0
2020-12-31,34,0,54,0
2021-01-01,12,0,66,0
2021-01-02,53,0,119,0
2021-01-03,45,0,164,0
2021-01-04,120,0,284,0
2021-01-05,157,0,441,0
2021-01-06,132,0,573,0
2021-01-07,194,0,767,0
2021-01-08,240,0,1007,0
2021-01-09,170,0,1177,0
2021-01-10,108,0,1285,0
2021-01-11,195,0,1480,0
2021-01-12,202,0,1682,0
2021-01-13,303,0,1985,0
2021-01-14,390,0,2375,0
2021-01-15,230,0,2605,0
2021-01-16,163,0,2768,0
2021-01-17,3046,0,5814,0
2021-01-18,5178,0,10992,0
2021-01-19,1866,0,12858,0
2021-01-20,4649,0,17507,0
2021-01-21,20002,0,37509,0
2021-01-22,14194,0,51703,0
2021-01-23,33352,0,85055,0
2021-01-24,30790,0,115845,0
2021-01-25,64765,0,180610,0
2021-01-26,76534,0,257144,0
2021-01-27,64870,0,322014,0
2021-01-28,89326,0,411340,0
2021-01-29,94064,0,505404,0
2021-01-30,86603,0,592007,0
2021-01-31,57338,0,649345,0
2021-02-01,81889,0,731234,0
2021-02-02,82152,0,813386,0
2021-02-03,91206,0,904592,0
2021-02-04,95356,0,999948,0
2021-02-05,90261,0,1090209,0
2021-02-06,63724,0,1153933,0
2021-02-07,32913,0,1186846,0
2021-02-08,40401,0,1227247,0
2021-02-09,32826,0,1260073,0
2021-02-10,28371,0,1288444,0
2021-02-11,20340,0,1308784,0
2021-02-12,16170,0,1324954,0
2021-02-13,7215,0,1332169,0
2021-02-14,2855,0,1335024,0
2021-02-15,6811,0,1341835,0
2021-02-16,6968,0,1348803,0
2021-02-17,10486,0,1359289,0
2021-02-18,9206,0,1368495,0
2021-02-19,8139,0,1376634,0
2021-02-20,5466,0,1382100,0
2021-02-21,2938,0,1385038,0
2021-02-22,6826,0,1391864,0
2021-02-23,7085,0,1398949,0
2021-02-24,9780,0,1408729,0
2021-02-25,14159,0,1422888,0
2021-02-26,17463,0,1440351,0
2021-02-27,13842,0,1454193,0
2021-02-28,9333,0,1463526,0
2021-03-01,26424,0,1489950,0
2021-03-02,33140,0,1523090,0
2021-03-03,44578,0,1567668,0
2021-03-04,50177,0,1617845,0
2021-03-05,55670,0,1673515,0
2021-03-06,41821,0,1715336,0
2021-03-07,22278,0,1737614,0
2021-03-08,50597,0,1788211,0
2021-03-09,52925,0,1841136,0
2021-03-10,58481,0,1899617,0
2021-03-11,63687,0,1963304,0
2021-03-12,65000,0,2028304,0
2021-03-13,51633,0,2079937,0
2021-03-14,35332,0,2115269,0
2021-03-15,73279,0,2188548,0
2021-03-16,73958,0,2262506,0
2021-03-17,83019,0,2345525,0
2021-03-18,81567,0,2427092,0
2021-03-19,80982,0,2508074,0
2021-03-20,64607,0,2572681,0
2021-03-21,47235,0,2619916,0
2021-03-22,69364,0,2689280,0
2021-03-23,75659,0,2764939,0
2021-03-24,90738,0,2855677,0
2021-03-25,89656,0,2945333,0
2021-03-26,83451,0,3028784,0
2021-03-27,71780,0,3100564,0
2021-03-28,44015,0,3144579,0
2021-03-29,70672,0,3215251,0
2021-03-30,81218,0,3296469,0
2021-03-31,96056,0,3392525,0
2021-04-01,95163,0,3487688,0
2021-04-02,83945,0,3571633,0
2021-04-03,64208,0,3635841,0
2021-04-04,21678,0,3657519,0
2021-04-05,40244,0,3697763,0
2021-04-06,81197,0,3778960,0
2021-04-07,95618,0,3874578,0
2021-04-08,95120,0,3969698,0
2021-04-09,88343,0,4058041,0
2021-04-10,73904,0,4131945,0
2021-04-11,44678,0,4176623,0
2021-04-12,66810,0,4243433,0
2021-04-13,72483,0,4315916,0
2021-04-14,85383,0,4401299,0
2021-04-15,105267,0,4506566,0
2021-04-16,106266,0,4612832,0
2021-04-17,90511,0,4703343,0
2021-04-18,58646,0,4761989,0
2021-04-19,93328,0,4855317,0
2021-04-20,103634,0,4958951,0
2021-04-21,125222,0,5084173,0
2021-04-22,143367,0,5227540,0
2021-04-23,138522,0,5366062,0
2021-04-24,124288,0,5490350,0
2021-04-25,61371,0,5551721,0
2021-04-26,97757,0,5649478,0
2021-04-27,128212,0,5777690,0
2021-04-28,156181,0,5933871,0
2021-04-29,195347,0,6129218,0
2021-04-30,214334,0,6343552,0
2021-05-01,174115,0,6517667,0
2021-05-02,135850,0,6653517,0
2021-05-03,141820,0,6795337,0
2021-05-04,158506,0,6953843,0
2021-05-05,170256,0,7124099,0
2021-05-06,197585,0,7321684,0
2021-05-07,213505,0,7535189,0
2021-05-08,213158,0,7748347,0
2021-05-09,143011,0,7891358,0
2021-05-10,164887,0,8056245,0
2021-05-11,174713,0,8230958,0
2021-05-12,178866,0,8409824,0
2021-05-13,203039,0,8612863,0
2021-05-14,222613,0,8835476,0
2021-05-15,210049,0,9045525,0
2021-05-16,159113,0,9204638,0
2021-05-17,218979,0,9423617,0
2021-05-18,212759,0,9636376,0
2021-05-19,206813,0,9843189,0
2021-05-20,270519,0,10113708,0
2021-05-21,270549,0,10384257,0
2021-05-22,245309,0,10629566,0
2021-05-23,197040,0,10826606,0
2021-05-24,228133,0,11054739,0
2021-05-25,245486,0,11300225,0
2021-05-26,277226,0,11577451,0
2021-05-27,310810,0,11888261,0
2021-05-28,299326,0,12187587,0
2021-05-29,230951,0,12418538,0
2021-05-30,170664,0,12589202,0
2021-05-31,216187,0,12805389,0
2021-06-01,207439,0,13012828,0
2021-06-02,115599,0,13128427,0
2021-06-03,179748,0,13308175,0
2021-06-04,184473,0,13492648,0
2021-06-05,185685,0,13678333,0
2021-06-06,139345,0,13817678,0
2021-06-07,161496,0,13979174,0
2021-06-08,170747,0,14149921,0
2021-06-09,171021,0,14320942,0
2021-06-10,173606,0,14494548,0
2021-06-11,169541,0,14664089,0
2021-06-12,127942,0,14792031,0
2021-06-13,90899,0,14882930,0
2021-06-14,214376,0,15097306,0
2021-06-15,228138,0,15325444,0
2021-06-16,252853,0,15578297,0
2021-06-17,301473,0,15879770,0
2021-06-18,306008,0,16185778,0
2021-06-19,274921,0,16460699,0
2021-06-20,220563,0,16681262,0
2021-06-21,287882,0,16969144,0
2021-06-22,295992,0,17265136,0
2021-06-23,302556,0,17567692,0
2021-06-24,332436,0,17900128,0
2021-06-25,348556,0,18248684,0
2021-06-26,300148,0,18548832,0
2021-06-27,228752,0,18777584,0
2021-06-28,306817,0,19084401,0
2021-06-29,328997,0,19413398,0
2021-06-30,341936,0,19755334,0
2021-07-01,362931,0,20118265,0
2021-07-02,368312,0,20486577,0
2021-07-03,371236,0,20857813,0
2021-07-04,283191,0,21141004,0
2021-07-05,384376,0,21525380,0
2021-07-06,385249,0,21910629,0
2021-07-07,411963,0,22322592,0
2021-07-08,479701,0,22802293,0
2021-07-09,498467,0,23300760,0
2021-07-10,475199,0,23775959,0
2021-07-11,357750,0,24133709,0
2021-07-12,485927,0,24619636,0
2021-07-13,492235,0,25111871,0
2021-07-14,480494,0,25592365,0
2021-07-15,523622,0,26115987,0
2021-07-16,509853,0,26625840,0
2021-07-17,464457,0,27090297,0
2021-07-18,364765,0,27455062,0
2021-07-19,463348,0,27918410,0
2021-07-20,458204,0,28376614,0
2021-07-21,462838,0,28839452,0
2021-07-22,475328,0,29314780,0
2021-07-23,441255,0,29756035,0
2021-07-24,386087,0,30142122,0
2021-07-25,287510,0,30429632,0
2021-07-26,430813,0,30860445,0
2021-07-27,440083,0,31300528,0
2021-07-28,390889,0,31691417,0
2021-07-29,371954,0,32063371,0
2021-07-30,341415,0,32404786,0
2021-07-31,286907,0,32691693,0
2021-08-01,190754,0,32882447,0
2021-08-02,333735,0,33216182,0
2021-08-03,323038,0,33539220,0
2021-08-04,310758,0,33849978,0
2021-08-05,292381,0,34142359,0
2021-08-06,259827,0,34402186,0
2021-08-07,198815,0,34601001,0
2021-08-08,153028,0,34754029,0
2021-08-09,234088,0,34988117,0
2021-08-10,205022,0,35193139,0
2021-08-11,193475,0,35386614,0
2021-08-12,167732,0,35554346,0
2021-08-13,148307,0,35702653,0
2021-08-14,65942,0,35768595,0
2021-08-15,26284,0,35794879,0
2021-08-16,114525,0,35909404,0
2021-08-17,129040,0,36038444,0
2021-08-18,128619,0,36167063,0
2021-08-19,124592,0,36291655,0
2021-08-20,123583,0,36415238,0
2021-08-21,82975,0,36498213,0
2021-08-22,68048,0,36566261,0
2021-08-23,176597,0,36742858,0
2021-08-24,156831,0,36899689,0
2021-08-25,176914,0,37076603,0
2021-08-26,172198,0,37248801,0
2021-08-27,185689,0,37434490,0
2021-08-28,140009,0,37574499,0
2021-08-29,98883,0,37673382,0
2021-08-30,209467,0,37882849,0
2021-08-31,194549,0,38077398,0
2021-09-01,192017,0,38269415,0
2021-09-02,189746,0,38459161,0
2021-09-03,191134,0,38650295,0
2021-09-04,131328,0,38781623,0
2021-09-05,87823,0,38869446,0
2021-09-06,193504,0,39062950,0
2021-09-07,195701,0,39258651,0
2021-09-08,187695,0,39446346,0
2021-09-09,201271,0,39647617,0
2021-09-10,197870,0,39845487,0
2021-09-11,141121,0,39986608,0
2021-09-12,89448,0,40076056,0
2021-09-13,190988,335,40267044,335
2021-09-14,177227,419,40444271,754
2021-09-15,162945,451,40607216,1205
2021-09-16,159921,785,40767137,1990
2021-09-17,149965,1001,40917102,2991
2021-09-18,127777,653,41044879,3644
2021-09-19,80936,441,41125815,4085
2021-09-20,179746,8951,41305561,13036
2021-09-21,166219,8722,41471780,21758
2021-09-22,158656,9356,41630436,31114
2021-09-23,137599,9234,41768035,40348
2021-09-24,140103,8850,41908138,49198
2021-09-25,119255,5556,42027393,54754
2021-09-26,71736,4293,42099129,59047
2021-09-27,135305,9965,42234434,69012
2021-09-28,117097,11299,42351531,80311
2021-09-29,111902,11754,42463433,92065
2021-09-30,109824,14833,42573257,106898
2021-10-01,94586,19022,42667843,125920
2021-10-02,78169,13982,42746012,139902
2021-10-03,47494,7626,42793506,147528
2021-10-04,88033,34356,42881539,181884
2021-10-05,80053,33907,42961592,215791
2021-10-06,71701,34051,43033293,249842
2021-10-07,71456,34272,43104749,284114
2021-10-08,80317,33482,43185066,317596
2021-10-09,75762,22103,43260828,339699
2021-10-10,45599,13590,43306427,353289
2021-10-11,87051,40984,43393478,394273
2021-10-12,84136,46779,43477614,441052
2021-10-13,87835,51972,43565449,493024
2021-10-14,91032,58372,43656481,551396
2021-10-15,93159,55459,43749640,606855
2021-10-16,82609,36694,43832249,643549
2021-10-17,51208,23772,43883457,667321
2021-10-18,90015,59319,43973472,726640
2021-10-19,78096,69272,44051568,795912
2021-10-20,74866,78009,44126434,873921
2021-10-21,78048,81555,44204482,955476
2021-10-22,73702,76849,44278184,1032325
2021-10-23,60688,51879,44338872,1084204
2021-10-24,33282,23395,44372154,1107599
2021-10-25,64708,81485,44436862,1189084
2021-10-26,58220,91596,44495082,1280680
2021-10-27,58095,103807,44553177,1384487
2021-10-28,61269,113808,44614446,1498295
2021-10-29,61590,102894,44676036,1601189
2021-10-30,50534,67969,44726570,1669158
2021-10-31,25098,28230,44751668,1697388
2021-11-01,19004,28115,44770672,1725503
2021-11-02,62622,89188,44833294,1814691
2021-11-03,60585,118453,44893879,1933144
2021-11-04,59070,126413,44952949,2059557
2021-11-05,62941,134931,45015890,2194488
2021-11-06,46313,90779,45062203,2285267
2021-11-07,22194,37822,45084397,2323089
2021-11-08,51327,131070,45135724,2454159
2021-11-09,45268,143832,45180992,2597991
2021-11-10,42481,155937,45223473,2753928
2021-11-11,44769,154868,45268242,2908796
2021-11-12,46189,158289,45314431,3067085
2021-11-13,33118,116419,45347549,3183504
2021-11-14,14428,52382,45361977,3235886
2021-11-15,36727,157109,45398704,3392995
2021-11-16,30388,171072,45429092,3564067
2021-11-17,28259,178194,45457351,3742261
2021-11-18,30075,193367,45487426,3935628
2021-11-19,28606,205444,45516032,4141072
2021-11-20,20845,156093,45536877,4297165
2021-11-21,10516,64695,45547393,4361860
2021-11-22,21733,212724,45569126,4574584
2021-11-23,23353,241347,45592479,4815931
2021-11-24,27576,270424,45620055,5086355
2021-11-25,22922,301365,45642977,5387720
2021-11-26,24263,317737,45667240,5705457
2021-11-27,21115,265734,45688355,5971191
2021-11-28,9753,136809,45698108,6108000
2021-11-29,21919,325476,45720027,6433476
2021-11-30,22681,365112,45742708,6798588
2021-12-01,21049,412697,45763757,7211285
2021-12-02,23221,439782,45786978,7651067
2021-12-03,24636,466725,45811614,8117792
2021-12-04,21848,418337,45833462,8536129
2021-12-05,11516,261130,45844978,8797259
2021-12-06,24967,457052,45869945,9254311
2021-12-07,23292,479627,45893237,9733938
2021-12-08,9549,249444,45902786,9983382
2021-12-09,30553,491398,45933339,10474780
2021-12-10,27076,517067,45960415,10991847
2021-12-11,22667,458822,45983082,11450669
2021-12-12,11720,293191,45994802,11743860
2021-12-13,25078,467035,46019880,12210895
2021-12-14,24032,493561,46043912,12704456
2021-12-15,24210,516485,46068122,13220941
2021-12-16,26444,519469,46094566,13740410
2021-12-17,28052,516095,46122618,14256505
2021-12-18,25653,468209,46148271,14724714
2021-12-19,14133,300216,46162404,15024930
2021-12-20,29214,476887,46191618,15501817
2021-12-21,28912,492615,46220530,15994432
2021-12-22,27802,484021,46248332,16478453
2021-12-23,26561,426308,46274893,16904761
2021-12-24,12480,210571,46287373,17115332
2021-12-25,2050,33002,46289423,17148334
2021-12-26,7986,158953,46297409,17307287
2021-12-27,44033,504157,46341442,17811444
2021-12-28,38790,553540,46380232,18364984
2021-12-29,30480,549928,46410712,18914912
2021-12-30,28124,499085,46438836,19413997
2021-12-31,12356,247118,46451192,19661115
2022-01-01,3123,64739,46454315,19725854
2022-01-02,19658,276502,46473973,20002356
2022-01-03,43029,520381,46517002,20522737
2022-01-04,41130,572366,46558132,21095103
2022-01-05,35544,560622,46593676,21655725
2022-01-06,20630,274164,46614306,21929889
2022-01-07,58516,554025,46672822,22483914
2022-01-08,55345,502614,46728167,22986528
2022-01-09,38599,319302,46766766,23305830
2022-01-10,56959,541978,46823725,23847808
2022-01-11,57116,586477,46880841,24434285
2022-01-12,53922,580788,46934763,25015073
2022-01-13,54459,579728,46989222,25594801
2022-01-14,42595,587662,47031817,26182463
2022-01-15,34200,567297,47066017,26749760
2022-01-16,27760,340572,47093777,27090332
2022-01-17,52023,489171,47145800,27579503
2022-01-18,55703,516242,47201503,28095745
2022-01-19,54675,502058,47256178,28597803
2022-01-20,51971,497704,47308149,29095507
2022-01-21,39595,492184,47347744,29587691
2022-01-22,28198,467648,47375942,30055339
2022-01-23,33205,274238,47409147,30329577
2022-01-24,54473,435314,47463620,30764891
2022-01-25,59834,449227,47523454,31214118
2022-01-26,56414,431371,47579868,31645489
2022-01-27,45407,405115,47625275,32050604
2022-01-28,24143,197749,47649418,32248353