data_somministrazione,vaccinazioni,booster,cum_vaccinazioni,cum_booster
2020-12-27,22,0,22,0
2020-12-28,2,0,24,0
2020-12-29,1,0,25,0
2020-12-30,8,0,33,0
2020-12-31,80,0,113,0
2021-01-01,26,0,139,0
2021-01-02,151,0,290,0
2021-01-03,112,0,402,0
2021-01-04,245,0,647,0
2021-01-05,291,0,938,0
2021-01-06,262,0,1200,0
2021-01-07,331,0,1531,0
2021-01-08,384,0,1915,0
2021-01-09,290,0,2205,0
2021-01-10,171,0,2376,0
2021-01-11,312,0,2688,0
2021-01-12,292,0,2980,0
2021-01-13,424,0,3404,0
2021-01-14,507,0,3911,0
2021-01-15,327,0,4238,0
2021-01-16,225,0,4463,0
2021-01-17,3065,0,7528,0
2021-01-18,5220,0,12748,0
2021-01-19,1896,0,14644,0
2021-01-20,4660,0,19304,0
2021-01-21,20004,0,39308,0
2021-01-22,14220,0,53528,0
2021-01-23,33316,0,86844,0
2021-01-24,30775,0,117619,0
2021-01-25,64699,0,182318,0
2021-01-26,76457,0,258775,0
2021-01-27,64803,0,323578,0
2021-01-28,89244,0,412822,0
2021-01-29,93992,0,506814,0
2021-01-30,86538,0,593352,0
2021-01-31,57321,0,650673,0
2021-02-01,81833,0,732506,0
2021-02-02,82126,0,814632,0
2021-02-03,91101,0,905733,0
2021-02-04,95380,0,1001113,0
2021-02-05,90263,0,1091376,0
2021-02-06,63450,0,1154826,0
2021-02-07,32935,0,1187761,0
2021-02-08,40421,0,1228182,0
2021-02-09,32880,0,1261062,0
2021-02-10,28439,0,1289501,0
2021-02-11,20408,0,1309909,0
2021-02-12,16252,0,1326161,0
2021-02-13,7280,0,1333441,0
2021-02-14,2862,0,1336303,0
2021-02-15,6851,0,1343154,0
2021-02-16,7007,0,1350161,0
2021-02-17,10527,0,1360688,0
2021-02-18,9258,0,1369946,0
2021-02-19,8259,0,1378205,0
2021-02-20,5585,0,1383790,0
2021-02-21,3015,0,1386805,0
2021-02-22,6884,0,1393689,0
2021-02-23,7191,0,1400880,0
2021-02-24,9815,0,1410695,0
2021-02-25,14215,0,1424910,0
2021-02-26,17563,0,1442473,0
2021-02-27,13925,0,1456398,0
2021-02-28,9398,0,1465796,0
2021-03-01,26533,0,1492329,0
2021-03-02,33247,0,1525576,0
2021-03-03,44653,0,1570229,0
2021-03-04,50304,0,1620533,0
2021-03-05,55745,0,1676278,0
2021-03-06,41886,0,1718164,0
2021-03-07,22332,0,1740496,0
2021-03-08,50840,0,1791336,0
2021-03-09,53095,0,1844431,0
2021-03-10,58701,0,1903132,0
2021-03-11,63895,0,1967027,0
2021-03-12,65145,0,2032172,0
2021-03-13,51732,0,2083904,0
2021-03-14,35427,0,2119331,0
2021-03-15,73463,0,2192794,0
2021-03-16,74029,0,2266823,0
2021-03-17,83145,0,2349968,0
2021-03-18,81633,0,2431601,0
2021-03-19,81091,0,2512692,0
2021-03-20,64745,0,2577437,0
2021-03-21,47311,0,2624748,0
2021-03-22,69506,0,2694254,0
2021-03-23,75821,0,2770075,0
2021-03-24,90940,0,2861015,0
2021-03-25,89829,0,2950844,0
2021-03-26,83645,0,3034489,0
2021-03-27,71963,0,3106452,0
2021-03-28,44192,0,3150644,0
2021-03-29,70852,0,3221496,0
2021-03-30,81420,0,3302916,0
2021-03-31,96268,0,3399184,0
2021-04-01,95342,0,3494526,0
2021-04-02,84090,0,3578616,0
2021-04-03,64314,0,3642930,0
2021-04-04,21726,0,3664656,0
2021-04-05,40326,0,3704982,0
2021-04-06,81351,0,3786333,0
2021-04-07,95850,0,3882183,0
2021-04-08,95267,0,3977450,0
2021-04-09,88510,0,4065960,0
2021-04-10,74038,0,4139998,0
2021-04-11,44773,0,4184771,0
2021-04-12,66928,0,4251699,0
2021-04-13,72600,0,4324299,0
2021-04-14,85560,0,4409859,0
2021-04-15,105429,0,4515288,0
2021-04-16,106436,0,4621724,0
2021-04-17,90532,0,4712256,0
2021-04-18,58599,0,4770855,0
2021-04-19,93447,0,4864302,0
2021-04-20,103783,0,4968085,0
2021-04-21,125346,0,5093431,0
2021-04-22,143539,0,5236970,0
2021-04-23,138765,0,5375735,0
2021-04-24,124454,0,5500189,0
2021-04-25,61471,0,5561660,0
2021-04-26,97920,0,5659580,0
2021-04-27,128380,0,5787960,0
2021-04-28,156402,0,5944362,0
2021-04-29,195626,0,6139988,0
2021-04-30,214622,0,6354610,0
2021-05-01,174151,0,6528761,0
2021-05-02,135818,0,6664579,0
2021-05-03,142082,0,6806661,0
2021-05-04,158720,0,6965381,0
2021-05-05,170556,0,7135937,0
2021-05-06,197833,0,7333770,0
2021-05-07,213890,0,7547660,0
2021-05-08,213445,0,7761105,0
2021-05-09,143223,0,7904328,0
2021-05-10,165110,0,8069438,0
2021-05-11,175018,0,8244456,0
2021-05-12,179238,0,8423694,0
2021-05-13,203428,0,8627122,0
2021-05-14,222950,0,8850072,0
2021-05-15,210399,0,9060471,0
2021-05-16,159293,0,9219764,0
2021-05-17,219226,0,9438990,0
2021-05-18,213037,0,9652027,0
2021-05-19,207108,0,9859135,0
2021-05-20,270913,0,10130048,0
2021-05-21,270917,0,10400965,0
2021-05-22,245554,0,10646519,0
2021-05-23,197199,0,10843718,0
2021-05-24,228314,0,11072032,0
2021-05-25,245704,0,11317736,0
2021-05-26,277577,0,11595313,0
2021-05-27,311111,0,11906424,0
2021-05-28,299589,0,12206013,0
2021-05-29,231262,0,12437275,0
2021-05-30,170858,0,12608133,0
2021-05-31,216444,0,12824577,0
2021-06-01,207649,0,13032226,0
2021-06-02,115811,0,13148037,0
2021-06-03,180187,0,13328224,0
2021-06-04,184936,0,13513160,0
2021-06-05,186016,0,13699176,0
2021-06-06,139605,0,13838781,0
2021-06-07,161921,0,14000702,0
2021-06-08,171312,0,14172014,0
2021-06-09,171541,0,14343555,0
2021-06-10,174182,0,14517737,0
2021-06-11,170065,0,14687802,0
2021-06-12,128420,0,14816222,0
2021-06-13,91251,0,14907473,0
2021-06-14,214718,0,15122191,0
2021-06-15,228473,0,15350664,0
2021-06-16,253121,0,15603785,0
2021-06-17,301800,0,15905585,0
2021-06-18,306345,0,16211930,0
2021-06-19,275144,0,16487074,0
2021-06-20,220838,0,16707912,0
2021-06-21,288121,0,16996033,0
2021-06-22,296274,0,17292307,0
2021-06-23,302716,0,17595023,0
2021-06-24,332635,0,17927658,0
2021-06-25,348749,0,18276407,0
2021-06-26,300158,0,18576565,0
2021-06-27,228707,0,18805272,0
2021-06-28,307170,0,19112442,0
2021-06-29,329359,0,19441801,0
2021-06-30,342240,0,19784041,0
2021-07-01,363260,0,20147301,0
2021-07-02,368515,0,20515816,0
2021-07-03,371108,0,20886924,0
2021-07-04,283251,0,21170175,0
2021-07-05,384571,0,21554746,0
2021-07-06,385495,0,21940241,0
2021-07-07,412142,0,22352383,0
2021-07-08,479587,0,22831970,0
2021-07-09,498464,0,23330434,0
2021-07-10,475174,0,23805608,0
2021-07-11,357689,0,24163297,0
2021-07-12,485870,0,24649167,0
2021-07-13,492062,0,25141229,0
2021-07-14,480428,0,25621657,0
2021-07-15,523409,0,26145066,0
2021-07-16,509741,0,26654807,0
2021-07-17,464317,0,27119124,0
2021-07-18,364625,0,27483749,0
2021-07-19,463032,0,27946781,0
2021-07-20,458044,0,28404825,0
2021-07-21,462787,0,28867612,0
2021-07-22,475372,0,29342984,0
2021-07-23,441325,0,29784309,0
2021-07-24,386142,0,30170451,0
2021-07-25,287537,0,30457988,0
2021-07-26,430887,0,30888875,0
2021-07-27,440102,0,31328977,0
2021-07-28,391014,0,31719991,0
2021-07-29,372073,0,32092064,0
2021-07-30,341525,0,32433589,0
2021-07-31,287050,0,32720639,0
2021-08-01,190995,0,32911634,0
2021-08-02,333713,0,33245347,0
2021-08-03,323184,0,33568531,0
2021-08-04,310998,0,33879529,0
2021-08-05,292479,0,34172008,0
2021-08-06,260048,0,34432056,0
2021-08-07,199069,0,34631125,0
2021-08-08,153111,0,34784236,0
2021-08-09,234083,0,35018319,0
2021-08-10,205297,0,35223616,0
2021-08-11,193799,0,35417415,0
2021-08-12,168079,0,35585494,0
2021-08-13,148676,0,35734170,0
2021-08-14,66104,0,35800274,0
2021-08-15,26345,0,35826619,0
2021-08-16,114724,0,35941343,0
2021-08-17,129260,0,36070603,0
2021-08-18,128761,0,36199364,0
2021-08-19,124865,0,36324229,0
2021-08-20,123798,0,36448027,0
2021-08-21,83135,0,36531162,0
2021-08-22,68183,0,36599345,0
2021-08-23,176870,0,36776215,0
2021-08-24,156891,0,36933106,0
2021-08-25,177169,0,37110275,0
2021-08-26,172348,0,37282623,0
2021-08-27,185828,0,37468451,0
2021-08-28,140294,0,37608745,0
2021-08-29,98997,0,37707742,0
2021-08-30,209582,0,37917324,0
2021-08-31,194640,0,38111964,0
2021-09-01,192217,0,38304181,0
2021-09-02,189924,0,38494105,0
2021-09-03,191277,0,38685382,0
2021-09-04,131440,0,38816822,0
2021-09-05,87841,0,38904663,0
2021-09-06,193598,0,39098261,0
2021-09-07,196038,0,39294299,0
2021-09-08,187856,0,39482155,0
2021-09-09,201416,0,39683571,0
2021-09-10,198047,0,39881618,0
2021-09-11,141289,0,40022907,0
2021-09-12,89590,0,40112497,0
2021-09-13,191098,664,40303595,664
2021-09-14,177205,662,40480800,1326
2021-09-15,163081,656,40643881,1982
2021-09-16,160034,1017,40803915,2999
2021-09-17,150153,1176,40954068,4175
2021-09-18,127984,783,41082052,4958
2021-09-19,81142,512,41163194,5470
2021-09-20,180058,9138,41343252,14608
2021-09-21,166676,8866,41509928,23474
2021-09-22,159123,9465,41669051,32939
2021-09-23,138108,9360,41807159,42299
2021-09-24,140550,9022,41947709,51321
2021-09-25,119566,5677,42067275,56998
2021-09-26,71992,4369,42139267,61367
2021-09-27,135673,10090,42274940,71457
2021-09-28,117519,11437,42392459,82894
2021-09-29,112383,11856,42504842,94750
2021-09-30,110296,14986,42615138,109736
2021-10-01,95005,19144,42710143,128880
2021-10-02,78526,14048,42788669,142928
2021-10-03,47761,7671,42836430,150599
2021-10-04,88391,34491,42924821,185090
2021-10-05,80385,34023,43005206,219113
2021-10-06,72008,34219,43077214,253332
2021-10-07,71883,34380,43149097,287712
2021-10-08,80651,33629,43229748,321341
2021-10-09,76116,22202,43305864,343543
2021-10-10,45794,13632,43351658,357175
2021-10-11,87447,41137,43439105,398312
2021-10-12,84515,46939,43523620,445251
2021-10-13,88227,52173,43611847,497424
2021-10-14,91559,58563,43703406,555987
2021-10-15,93599,55687,43797005,611674
2021-10-16,82978,36832,43879983,648506
2021-10-17,51461,23864,43931444,672370
2021-10-18,90302,59526,44021746,731896
2021-10-19,78354,69422,44100100,801318
2021-10-20,75060,78216,44175160,879534
2021-10-21,78280,81826,44253440,961360
2021-10-22,73766,77091,44327206,1038451
2021-10-23,60838,51977,44388044,1090428
2021-10-24,33370,23482,44421414,1113910
2021-10-25,64895,81673,44486309,1195583
2021-10-26,58372,91844,44544681,1287427
2021-10-27,58318,104044,44602999,1391471
2021-10-28,61442,114165,44664441,1505636
2021-10-29,61623,103199,44726064,1608835
2021-10-30,50672,68160,44776736,1676995
2021-10-31,25159,28314,44801895,1705309
2021-11-01,19050,28159,44820945,1733468
2021-11-02,62737,89446,44883682,1822914
2021-11-03,60714,118707,44944396,1941621
2021-11-04,59239,126708,45003635,2068329
2021-11-05,63092,135233,45066727,2203562
2021-11-06,46495,90944,45113222,2294506
2021-11-07,22248,37908,45135470,2332414
2021-11-08,51523,131301,45186993,2463715
2021-11-09,45403,144238,45232396,2607953
2021-11-10,42592,156382,45274988,2764335
2021-11-11,44929,155178,45319917,2919513
2021-11-12,46300,158712,45366217,3078225
2021-11-13,33273,116683,45399490,3194908
2021-11-14,14490,52462,45413980,3247370
2021-11-15,36907,157448,45450887,3404818
2021-11-16,30569,171414,45481456,3576232
2021-11-17,28469,178470,45509925,3754702
2021-11-18,30297,193770,45540222,3948472
2021-11-19,28824,205889,45569046,4154361
2021-11-20,21015,156460,45590061,4310821
2021-11-21,10613,64871,45600674,4375692
2021-11-22,21960,213163,45622634,4588855
2021-11-23,23608,241804,45646242,4830659
2021-11-24,27769,271103,45674011,5101762
2021-11-25,23269,301953,45697280,5403715
2021-11-26,24600,318312,45721880,5722027
2021-11-27,21419,266175,45743299,5988202
2021-11-28,9911,137072,45753210,6125274
2021-11-29,22368,326082,45775578,6451356
2021-11-30,23121,365862,45798699,6817218
2021-12-01,21563,413546,45820262,7230764
2021-12-02,23800,440444,45844062,7671208
2021-12-03,25283,467546,45869345,8138754
2021-12-04,22389,418812,45891734,8557566
2021-12-05,11943,261370,45903677,8818936
2021-12-06,25849,457637,45929526,9276573
2021-12-07,24169,480308,45953695,9756881
2021-12-08,10032,249723,45963727,10006604
2021-12-09,31627,491968,45995354,10498572
2021-12-10,28110,517938,46023464,11016510
2021-12-11,23595,459288,46047059,11475798
2021-12-12,12327,293536,46059386,11769334
2021-12-13,26186,467663,46085572,12236997
2021-12-14,25207,494246,46110779,12731243
2021-12-15,25382,517191,46136161,13248434
2021-12-16,27938,520309,46164099,13768743
2021-12-17,29404,517229,46193503,14285972
2021-12-18,27117,468788,46220620,14754760
2021-12-19,15174,300546,46235794,15055306
2021-12-20,30684,477513,46266478,15532819
2021-12-21,30423,493451,46296901,16026270
2021-12-22,29494,484759,46326395,16511029
2021-12-23,28291,426971,46354686,16938000
2021-12-24,13126,210847,46367812,17148847
2021-12-25,2104,33053,46369916,17181900
2021-12-26,8783,159077,46378699,17340977
2021-12-27,46851,504703,46425550,17845680
2021-12-28,42513,554268,46468063,18399948
2021-12-29,34409,550685,46502472,18950633
2021-12-30,31905,499871,46534377,19450504
2021-12-31,14152,247410,46548529,19697914
2022-01-01,3502,64814,46552031,19762728
2022-01-02,22839,276728,46574870,20039456
2022-01-03,47965,520037,46622835,20559493
2022-01-04,46492,572107,46669327,21131600
2022-01-05,40865,560430,46710192,21692030
2022-01-06,23544,274490,46733736,21966520
2022-01-07,63814,554226,46797550,22520746
2022-01-08,61004,503426,46858554,23024172
2022-01-09,42980,319709,46901534,23343881
2022-01-10,61186,542331,46962720,23886212
2022-01-11,61878,587040,47024598,24473252
2022-01-12,58574,581316,47083172,25054568
2022-01-13,58732,580436,47141904,25635004
2022-01-14,46957,588626,47188861,26223630
2022-01-15,39604,570001,47228465,26793631
2022-01-16,31333,341900,47259798,27135531
2022-01-17,54862,489699,47314660,27625230
2022-01-18,58480,517059,47373140,28142289
2022-01-19,57282,502826,47430422,28645115
2022-01-20,54432,498866,47484854,29143981
2022-01-21,42196,493902,47527050,29637883
2022-01-22,31315,469624,47558365,30107507
2022-01-23,34985,275392,47593350,30382899
2022-01-24,56232,437255,47649582,30820154
2022-01-25,61606,452135,47711188,31272289
2022-01-26,58604,435851,47769792,31708140
2022-01-27,48902,432419,47818694,32140559
2022-01-28,58768,436568,47877462,32577127
2022-01-29,68200,412520,47945662,32989647
2022-01-30,50413,235992,47996075,33225639
2022-01-31,60728,356953,48056803,33582592
2022-02-01,65624,328473,48122427,33911065
2022-02-02,63256,297002,48185683,34208067
2022-02-03,60098,274541,48245781,34482608
2022-02-04,72420,268473,48318201,34751081
2022-02-05,83818,248560,48402019,34999641
2022-02-06,55309,116208,48457328,35115849
2022-02-07,65192,199947,48522520,35315796
2022-02-08,66960,186132,48589480,35501928
2022-02-09,58776,166357,48648256,35668285
2022-02-10,58604,163256,48706860,35831541
2022-02-11,62277,162481,48769137,35994022
2022-02-12,72016,152157,48841153,36146179
2022-02-13,41487,68859,48882640,36215038
2022-02-14,46712,116195,48929352,36331233
2022-02-15,48573,123482,48977925,36454715
2022-02-16,45699,106132,49023624,36560847
2022-02-17,42877,98127,49066501,36658974
2022-02-18,46639,112590,49113140,36771564
2022-02-19,52547,100341,49165687,36871905
2022-02-20,31416,40367,49197103,36912272
2022-02-21,37903,89658,49235006,37001930
2022-02-22,37227,83786,49272233,37085716
2022-02-23,33403,79409,49305636,37165125
2022-02-24,32562,78168,49338198,37243293
2022-02-25,34775,90714,49372973,37334007
2022-02-26,39163,89139,49412136,37423146
2022-02-27,22548,35859,49434684,37459005
2022-02-28,28490,81699,49463174,37540704
2022-03-01,22733,53943,49485907,37594647
2022-03-02,21935,50714,49507842,37645361
2022-03-03,22641,54947,49530483,37700308
2022-03-04,23245,62801,49553728,37763109
2022-03-05,23804,57953,49577532,37821062
2022-03-06,9473,17201,49587005,37838263
2022-03-07,15927,51391,49602932,37889654
2022-03-08,15481,48797,49618413,37938451
2022-03-09,13816,46517,49632229,37984968
2022-03-10,14061,52127,49646290,38037095
2022-03-11,15593,57273,49661883,38094368
2022-03-12,15514,56620,49677397,38150988
2022-03-13,5545,16852,49682942,38167840
2022-03-14,10530,46700,49693472,38214540
2022-03-15,10555,46895,49704027,38261435
2022-03-16,9485,41978,49713512,38303413
2022-03-17,9725,44875,49723237,38348288
2022-03-18,10164,49059,49733401,38397347
2022-03-19,9152,46540,49742553,38443887
2022-03-20,2608,11704,49745161,38455591
2022-03-21,7587,40231,49752748,38495822
2022-03-22,8448,37768,49761196,38533590
2022-03-23,7220,33701,49768416,38567291
2022-03-24,8260,38821,49776676,38606112
2022-03-25,8143,43673,49784819,38649785
2022-03-26,8129,41722,49792948,38691507
2022-03-27,2432,9683,49795380,38701190
2022-03-28,6112,35244,49801492,38736434
2022-03-29,5783,32532,49807275,38768966
2022-03-30,5567,30205,49812842,38799171
2022-03-31,5905,33187,49818747,38832358
2022-04-01,4351,25189,49823098,38857547
2022-04-02,4497,23275,49827595,38880822
2022-04-03,1049,4500,49828644,38885322
2022-04-04,3661,21546,49832305,38906868
2022-04-05,3758,22938,49836063,38929806
2022-04-06,4105,21853,49840168,38951659
2022-04-07,3970,23321,49844138,38974980
2022-04-08,4697,26716,49848835,39001696
2022-04-09,4381,23889,49853216,39025585
2022-04-10,893,4613,49854109,39030198
2022-04-11,3819,22689,49857928,39052887
2022-04-12,3364,21780,49861292,39074667
2022-04-13,3574,21337,49864866,39096004
2022-04-14,3487,23789,49868353,39119793
2022-04-15,3086,20621,49871439,39140414
2022-04-16,2151,11918,49873590,39152332
2022-04-17,63,348,49873653,39152680
2022-04-18,152,650,49873805,39153330
2022-04-19,3499,21985,49877304,39175315
2022-04-20,3513,20250,49880817,39195565
2022-04-21,2848,19793,49883665,39215358
2022-04-22,2928,20715,49886593,39236073
2022-04-23,2648,16222,49889241,39252295
2022-04-24,509,2334,49889750,39254629
2022-04-25,183,1165,49889933,39255794
2022-04-26,2760,17810,49892693,39273604
2022-04-27,2374,15795,49895067,39289399
2022-04-28,2362,15566,49897429,39304965
2022-04-29,2298,14850,49899727,39319815
2022-04-30,2123,11584,49901850,39331399
2022-05-01,113,531,49901963,39331930
2022-05-02,1451,9393,49903414,39341323
2022-05-03,1577,10326,49904991,39351649
2022-05-04,1747,10276,49906738,39361925
2022-05-05,1654,10297,49908392,39372222
2022-05-06,1702,10972,49910094,39383194
2022-05-07,1431,8573,49911525,39391767
2022-05-08,417,1526,49911942,39393293
2022-05-09,1029,8931,49912971,39402224
2022-05-10,1427,9550,49914398,39411774
2022-05-11,1484,10109,49915882,39421883
2022-05-12,1371,10137,49917253,39432020
2022-05-13,1597,10520,49918850,39442540
2022-05-14,1360,8240,49920210,39450780
2022-05-15,336,1136,49920546,39451916
2022-05-16,814,8408,49921360,39460324
2022-05-17,1244,8707,49922604,39469031
2022-05-18,1373,9256,49923977,39478287
2022-05-19,1501,9287,49925478,39487574
2022-05-20,1426,9535,49926904,39497109
2022-05-21,1302,7901,49928206,39505010
2022-05-22,231,1013,49928437,39506023
2022-05-23,830,8273,49929267,39514296
2022-05-24,1073,8673,49930340,39522969
2022-05-25,1372,9460,49931712,39532429
2022-05-26,1198,9480,49932910,39541909
2022-05-27,1232,9916,49934142,39551825
2022-05-28,1205,7889,49935347,39559714
2022-05-29,288,1265,49935635,39560979
2022-05-30,931,8058,49936566,39569037
2022-05-31,1039,8548,49937605,39577585
2022-06-01,895,7657,49938500,39585242
2022-06-02,35,474,49938535,39585716
2022-06-03,817,7334,49939352,39593050
2022-06-04,870,5162,49940222,39598212
2022-06-05,89,586,49940311,39598798
2022-06-06,679,7004,49940990,39605802
2022-06-07,952,7850,49941942,39613652
2022-06-08,981,7906,49942923,39621558
2022-06-09,1037,8418,49943960,39629976
2022-06-10,958,8563,49944918,39638539
2022-06-11,904,6206,49945822,39644745
2022-06-12,140,768,49945962,39645513
2022-06-13,602,6301,49946564,39651814
2022-06-14,832,7904,49947396,39659718
2022-06-15,960,7856,49948356,39667574
2022-06-16,733,7397,49949089,39674971
2022-06-17,724,7248,49949813,39682219
2022-06-18,778,5594,49950591,39687813
2022-06-19,49,521,49950640,39688334
2022-06-20,587,6699,49951227,39695033
2022-06-21,741,7664,49951968,39702697
2022-06-22,779,7312,49952747,39710009
2022-06-23,648,7472,49953395,39717481
2022-06-24,644,7474,49954039,39724955
2022-06-25,835,6533,49954874,39731488
2022-06-26,128,523,49955002,39732011
2022-06-27,534,7126,49955536,39739137
2022-06-28,747,8207,49956283,39747344
2022-06-29,756,7732,49957039,39755076
2022-06-30,747,8145,49957786,39763221
2022-07-01,577,6443,49958363,39769664
2022-07-02,536,4769,49958899,39774433
2022-07-03,49,456,49958948,39774889
2022-07-04,469,6277,49959417,39781166
2022-07-05,631,8122,49960048,39789288
2022-07-06,634,7611,49960682,39796899
2022-07-07,576,8273,49961258,39805172
2022-07-08,673,8086,49961931,39813258
2022-07-09,550,6105,49962481,39819363
2022-07-10,58,533,49962539,39819896
2022-07-11,491,7641,49963030,39827537
2022-07-12,668,9031,49963698,39836568
2022-07-13,645,10067,49964343,39846635
2022-07-14,637,10225,49964980,39856860
2022-07-15,627,10674,49965607,39867534
2022-07-16,523,7215,49966130,39874749
2022-07-17,48,770,49966178,39875519
2022-07-18,496,9374,49966674,39884893
2022-07-19,575,10683,49967249,39895576
2022-07-20,582,11277,49967831,39906853
2022-07-21,630,12093,49968461,39918946
2022-07-22,585,11261,49969046,39930207
2022-07-23,381,6775,49969427,39936982
2022-07-24,76,857,49969503,39937839
2022-07-25,503,9054,49970006,39946893
2022-07-26,522,9764,49970528,39956657
2022-07-27,554,10210,49971082,39966867
2022-07-28,532,10535,49971614,39977402
2022-07-29,511,9466,49972125,39986868
2022-07-30,383,5882,49972508,39992750
2022-07-31,49,764,49972557,39993514
2022-08-01,386,6865,49972943,40000379
2022-08-02,548,7590,49973491,40007969
2022-08-03,513,7179,49974004,40015148
2022-08-04,455,7491,49974459,40022639
2022-08-05,421,6526,49974880,40029165
2022-08-06,299,3613,49975179,40032778
2022-08-07,44,563,49975223,40033341
2022-08-08,403,4890,49975626,40038231
2022-08-09,381,5312,49976007,40043543
2022-08-10,385,4816,49976392,40048359
2022-08-11,369,4804,49976761,40053163
2022-08-12,294,3720,49977055,40056883
2022-08-13,143,1600,49977198,40058483
2022-08-14,9,129,49977207,40058612
2022-08-15,1,26,49977208,40058638
2022-08-16,283,3043,49977491,40061681
2022-08-17,352,3536,49977843,40065217
2022-08-18,393,4160,49978236,40069377
2022-08-19,342,3319,49978578,40072696
2022-08-20,183,1715,49978761,40074411
2022-08-21,24,149,49978785,40074560
2022-08-22,330,2952,49979115,40077512
2022-08-23,370,3674,49979485,40081186
2022-08-24,384,3360,49979869,40084546
2022-08-25,422,3773,49980291,40088319
2022-08-26,399,3575,49980690,40091894
2022-08-27,237,1769,49980927,40093663
2022-08-28,29,267,49980956,40093930
2022-08-29,354,3161,49981310,40097091
2022-08-30,405,3671,49981715,40100762
2022-08-31,438,3734,49982153,40104496
2022-09-01,353,3116,49982506,40107612
2022-09-02,296,2893,49982802,40110505
2022-09-03,200,1689,49983002,40112194
2022-09-04,24,149,49983026,40112343
2022-09-05,187,2656,49983213,40114999
2022-09-06,306,2983,49983519,40117982
2022-09-07,541,2937,49984060,40120919
2022-09-08,293,2963,49984353,40123882
2022-09-09,305,2886,49984658,40126768
2022-09-10,228,1326,49984886,40128094
2022-09-11,23,124,49984909,40128218
2022-09-12,267,2268,49985176,40130486
2022-09-13,252,2277,49985428,40132763
2022-09-14,266,2566,49985694,40135329
2022-09-15,282,2501,49985976,40137830
2022-09-16,256,2546,49986232,40140376
2022-09-17,239,1339,49986471,40141715
2022-09-18,20,170,49986491,40141885
2022-09-19,206,1971,49986697,40143856
2022-09-20,235,2392,49986932,40146248
2022-09-21,289,2526,49987221,40148774
2022-09-22,267,2663,49987488,40151437
2022-09-23,259,2545,49987747,40153982
2022-09-24,193,1427,49987940,40155409
2022-09-25,29,133,49987969,40155542
2022-09-26,280,2248,49988249,40157790
2022-09-27,287,2683,49988536,40160473
2022-09-28,310,2905,49988846,40163378
2022-09-29,257,3049,49989103,40166427
2022-09-30,292,2989,49989395,40169416
2022-10-01,195,1515,49989590,40170931
2022-10-02,12,187,49989602,40171118
2022-10-03,185,2474,49989787,40173592
2022-10-04,236,2862,49990023,40176454
2022-10-05,229,3252,49990252,40179706
2022-10-06,243,3874,49990495,40183580
2022-10-07,283,4189,49990778,40187769
2022-10-08,204,2270,49990982,40190039
2022-10-09,8,305,49990990,40190344
2022-10-10,211,3356,49991201,40193700
2022-10-11,194,4379,49991395,40198079
2022-10-12,209,4441,49991604,40202520
2022-10-13,204,5304,49991808,40207824
2022-10-14,233,5026,49992041,40212850
2022-10-15,191,2671,49992232,40215521
2022-10-16,6,360,49992238,40215881
2022-10-17,186,3873,49992424,40219754
2022-10-18,257,4967,49992681,40224721
2022-10-19,244,5478,49992925,40230199
2022-10-20,224,5997,49993149,40236196
2022-10-21,250,5477,49993399,40241673
2022-10-22,195,2911,49993594,40244584
2022-10-23,13,364,49993607,40244948
2022-10-24,171,3930,49993778,40248878
2022-10-25,254,4926,49994032,40253804
2022-10-26,347,5503,49994379,40259307
2022-10-27,241,5671,49994620,40264978
2022-10-28,200,5263,49994820,40270241
2022-10-29,128,2844,49994948,40273085
2022-10-30,3,328,49994951,40273413
2022-10-31,117,3042,49995068,40276455
2022-11-01,11,353,49995079,40276808
2022-11-02,145,3721,49995224,40280529
2022-11-03,174,4788,49995398,40285317
2022-11-04,225,4603,49995623,40289920
2022-11-05,144,2598,49995767,40292518
2022-11-06,10,261,49995777,40292779
2022-11-07,169,3225,49995946,40296004
2022-11-08,260,4251,49996206,40300255
2022-11-09,197,4331,49996403,40304586
2022-11-10,183,4597,49996586,40309183
2022-11-11,193,4221,49996779,40313404
2022-11-12,152,2377,49996931,40315781
2022-11-13,7,338,49996938,40316119
2022-11-14,149,2838,49997087,40318957
2022-11-15,202,3748,49997289,40322705
2022-11-16,217,3992,49997506,40326697
2022-11-17,191,4104,49997697,40330801
2022-11-18,247,4032,49997944,40334833
2022-11-19,112,2104,49998056,40336937
2022-11-20,24,317,49998080,40337254
2022-11-21,119,2620,49998199,40339874
2022-11-22,143,3215,49998342,40343089
2022-11-23,191,3624,49998533,40346713
2022-11-24,156,3837,49998689,40350550
2022-11-25,184,3785,49998873,40354335
2022-11-26,133,2093,49999006,40356428
2022-11-27,22,356,49999028,40356784
2022-11-28,182,2682,49999210,40359466
2022-11-29,257,3230,49999467,40362696
2022-11-30,182,3733,49999649,40366429
2022-12-01,150,3621,49999799,40370050
2022-12-02,156,3527,49999955,40373577
2022-12-03,105,1968,50000060,40375545
2022-12-04,5,290,50000065,40375835
2022-12-05,128,2851,50000193,40378686
2022-12-06,176,3651,50000369,40382337
2022-12-07,135,3130,50000504,40385467
2022-12-08,8,169,50000512,40385636
2022-12-09,161,3023,50000673,40388659
2022-12-10,78,1604,50000751,40390263
2022-12-11,7,193,50000758,40390456
2022-12-12,170,2534,50000928,40392990
2022-12-13,254,3040,50001182,40396030
2022-12-14,227,3206,50001409,40399236
2022-12-15,204,3245,50001613,40402481
2022-12-16,162,3159,50001775,40405640
2022-12-17,94,1677,50001869,40407317
2022-12-18,10,270,50001879,40407587
2022-12-19,144,2155,50002023,40409742
2022-12-20,211,2491,50002234,40412233
2022-12-21,153,2211,50002387,40414444
2022-12-22,141,1857,50002528,40416301
2022-12-23,150,1201,50002678,40417502
2022-12-24,32,160,50002710,40417662
2022-12-25,0,6,50002710,40417668
2022-12-26,6,41,50002716,40417709
2022-12-27,131,1549,50002847,40419258
2022-12-28,129,1740,50002976,40420998
2022-12-29,90,1651,50003066,40422649
2022-12-30,123,1548,50003189,40424197