data_somministrazione,vaccinazioni,booster,cum_vaccinazioni,cum_booster
2020-12-27,16,0,16,0
2020-12-28,2,0,18,0
2020-12-29,1,0,19,0
2020-12-30,3,0,22,0
2020-12-31,34,0,56,0
2021-01-01,12,0,68,0
2021-01-02,55,0,123,0
2021-01-03,46,0,169,0
2021-01-04,124,0,293,0
2021-01-05,165,0,458,0
2021-01-06,135,0,593,0
2021-01-07,204,0,797,0
2021-01-08,248,0,1045,0
2021-01-09,175,0,1220,0
2021-01-10,110,0,1330,0
2021-01-11,202,0,1532,0
2021-01-12,208,0,1740,0
2021-01-13,314,0,2054,0
2021-01-14,415,0,2469,0
2021-01-15,255,0,2724,0
2021-01-16,169,0,2893,0
2021-01-17,3050,0,5943,0
2021-01-18,5186,0,11129,0
2021-01-19,1877,0,13006,0
2021-01-20,4648,0,17654,0
2021-01-21,20006,0,37660,0
2021-01-22,14198,0,51858,0
2021-01-23,33358,0,85216,0
2021-01-24,30794,0,116010,0
2021-01-25,64781,0,180791,0
2021-01-26,76552,0,257343,0
2021-01-27,64882,0,322225,0
2021-01-28,89344,0,411569,0
2021-01-29,94077,0,505646,0
2021-01-30,86620,0,592266,0
2021-01-31,57355,0,649621,0
2021-02-01,81912,0,731533,0
2021-02-02,82173,0,813706,0
2021-02-03,91218,0,904924,0
2021-02-04,95390,0,1000314,0
2021-02-05,90294,0,1090608,0
2021-02-06,63734,0,1154342,0
2021-02-07,32920,0,1187262,0
2021-02-08,40417,0,1227679,0
2021-02-09,32846,0,1260525,0
2021-02-10,28387,0,1288912,0
2021-02-11,20356,0,1309268,0
2021-02-12,16181,0,1325449,0
2021-02-13,7217,0,1332666,0
2021-02-14,2856,0,1335522,0
2021-02-15,6825,0,1342347,0
2021-02-16,6974,0,1349321,0
2021-02-17,10497,0,1359818,0
2021-02-18,9218,0,1369036,0
2021-02-19,8175,0,1377211,0
2021-02-20,5476,0,1382687,0
2021-02-21,2949,0,1385636,0
2021-02-22,6840,0,1392476,0
2021-02-23,7110,0,1399586,0
2021-02-24,9792,0,1409378,0
2021-02-25,14171,0,1423549,0
2021-02-26,17496,0,1441045,0
2021-02-27,13857,0,1454902,0
2021-02-28,9346,0,1464248,0
2021-03-01,26446,0,1490694,0
2021-03-02,33173,0,1523867,0
2021-03-03,44602,0,1568469,0
2021-03-04,50213,0,1618682,0
2021-03-05,55628,0,1674310,0
2021-03-06,41842,0,1716152,0
2021-03-07,22293,0,1738445,0
2021-03-08,50530,0,1788975,0
2021-03-09,52912,0,1841887,0
2021-03-10,58532,0,1900419,0
2021-03-11,63751,0,1964170,0
2021-03-12,65013,0,2029183,0
2021-03-13,51652,0,2080835,0
2021-03-14,35345,0,2116180,0
2021-03-15,73369,0,2189549,0
2021-03-16,73987,0,2263536,0
2021-03-17,83002,0,2346538,0
2021-03-18,81588,0,2428126,0
2021-03-19,81023,0,2509149,0
2021-03-20,64644,0,2573793,0
2021-03-21,47246,0,2621039,0
2021-03-22,69405,0,2690444,0
2021-03-23,75695,0,2766139,0
2021-03-24,90782,0,2856921,0
2021-03-25,89709,0,2946630,0
2021-03-26,83492,0,3030122,0
2021-03-27,71822,0,3101944,0
2021-03-28,44038,0,3145982,0
2021-03-29,70699,0,3216681,0
2021-03-30,81248,0,3297929,0
2021-03-31,96091,0,3394020,0
2021-04-01,95199,0,3489219,0
2021-04-02,83986,0,3573205,0
2021-04-03,64250,0,3637455,0
2021-04-04,21689,0,3659144,0
2021-04-05,40259,0,3699403,0
2021-04-06,81223,0,3780626,0
2021-04-07,95720,0,3876346,0
2021-04-08,95152,0,3971498,0
2021-04-09,88387,0,4059885,0
2021-04-10,73947,0,4133832,0
2021-04-11,44703,0,4178535,0
2021-04-12,66837,0,4245372,0
2021-04-13,72498,0,4317870,0
2021-04-14,85425,0,4403295,0
2021-04-15,105298,0,4508593,0
2021-04-16,106305,0,4614898,0
2021-04-17,90399,0,4705297,0
2021-04-18,58529,0,4763826,0
2021-04-19,93385,0,4857211,0
2021-04-20,103691,0,4960902,0
2021-04-21,125273,0,5086175,0
2021-04-22,143420,0,5229595,0
2021-04-23,138616,0,5368211,0
2021-04-24,124353,0,5492564,0
2021-04-25,61388,0,5553952,0
2021-04-26,97796,0,5651748,0
2021-04-27,128270,0,5780018,0
2021-04-28,156242,0,5936260,0
2021-04-29,195423,0,6131683,0
2021-04-30,214422,0,6346105,0
2021-05-01,174001,0,6520106,0
2021-05-02,135732,0,6655838,0
2021-05-03,141896,0,6797734,0
2021-05-04,158586,0,6956320,0
2021-05-05,170351,0,7126671,0
2021-05-06,197684,0,7324355,0
2021-05-07,213673,0,7538028,0
2021-05-08,213292,0,7751320,0
2021-05-09,143084,0,7894404,0
2021-05-10,164993,0,8059397,0
2021-05-11,174817,0,8234214,0
2021-05-12,178977,0,8413191,0
2021-05-13,203173,0,8616364,0
2021-05-14,222746,0,8839110,0
2021-05-15,210167,0,9049277,0
2021-05-16,159154,0,9208431,0
2021-05-17,219077,0,9427508,0
2021-05-18,212884,0,9640392,0
2021-05-19,206928,0,9847320,0
2021-05-20,270678,0,10117998,0
2021-05-21,270691,0,10388689,0
2021-05-22,245408,0,10634097,0
2021-05-23,197115,0,10831212,0
2021-05-24,228220,0,11059432,0
2021-05-25,245610,0,11305042,0
2021-05-26,277376,0,11582418,0
2021-05-27,310963,0,11893381,0
2021-05-28,299437,0,12192818,0
2021-05-29,231075,0,12423893,0
2021-05-30,170754,0,12594647,0
2021-05-31,216308,0,12810955,0
2021-06-01,207546,0,13018501,0
2021-06-02,115666,0,13134167,0
2021-06-03,179898,0,13314065,0
2021-06-04,184631,0,13498696,0
2021-06-05,185740,0,13684436,0
2021-06-06,139309,0,13823745,0
2021-06-07,161625,0,13985370,0
2021-06-08,170875,0,14156245,0
2021-06-09,171193,0,14327438,0
2021-06-10,173756,0,14501194,0
2021-06-11,169661,0,14670855,0
2021-06-12,128057,0,14798912,0
2021-06-13,91009,0,14889921,0
2021-06-14,214482,0,15104403,0
2021-06-15,228235,0,15332638,0
2021-06-16,252961,0,15585599,0
2021-06-17,301591,0,15887190,0
2021-06-18,306135,0,16193325,0
2021-06-19,275026,0,16468351,0
2021-06-20,220648,0,16688999,0
2021-06-21,287994,0,16976993,0
2021-06-22,296113,0,17273106,0
2021-06-23,302691,0,17575797,0
2021-06-24,332523,0,17908320,0
2021-06-25,348669,0,18256989,0
2021-06-26,300069,0,18557058,0
2021-06-27,228665,0,18785723,0
2021-06-28,306946,0,19092669,0
2021-06-29,329223,0,19421892,0
2021-06-30,342136,0,19764028,0
2021-07-01,363069,0,20127097,0
2021-07-02,368474,0,20495571,0
2021-07-03,371137,0,20866708,0
2021-07-04,283185,0,21149893,0
2021-07-05,384522,0,21534415,0
2021-07-06,385438,0,21919853,0
2021-07-07,412101,0,22331954,0
2021-07-08,479891,0,22811845,0
2021-07-09,498644,0,23310489,0
2021-07-10,475341,0,23785830,0
2021-07-11,357859,0,24143689,0
2021-07-12,486073,0,24629762,0
2021-07-13,492368,0,25122130,0
2021-07-14,480656,0,25602786,0
2021-07-15,523660,0,26126446,0
2021-07-16,509929,0,26636375,0
2021-07-17,464635,0,27101010,0
2021-07-18,364861,0,27465871,0
2021-07-19,463294,0,27929165,0
2021-07-20,458217,0,28387382,0
2021-07-21,462911,0,28850293,0
2021-07-22,475442,0,29325735,0
2021-07-23,441373,0,29767108,0
2021-07-24,386186,0,30153294,0
2021-07-25,287620,0,30440914,0
2021-07-26,430963,0,30871877,0
2021-07-27,440175,0,31312052,0
2021-07-28,391055,0,31703107,0
2021-07-29,372108,0,32075215,0
2021-07-30,341441,0,32416656,0
2021-07-31,286981,0,32703637,0
2021-08-01,190855,0,32894492,0
2021-08-02,333702,0,33228194,0
2021-08-03,323156,0,33551350,0
2021-08-04,310955,0,33862305,0
2021-08-05,292557,0,34154862,0
2021-08-06,259978,0,34414840,0
2021-08-07,198946,0,34613786,0
2021-08-08,153082,0,34766868,0
2021-08-09,234135,0,35001003,0
2021-08-10,205152,0,35206155,0
2021-08-11,193606,0,35399761,0
2021-08-12,167795,0,35567556,0
2021-08-13,148401,0,35715957,0
2021-08-14,66004,0,35781961,0
2021-08-15,26305,0,35808266,0
2021-08-16,114541,0,35922807,0
2021-08-17,129120,0,36051927,0
2021-08-18,128584,0,36180511,0
2021-08-19,124650,0,36305161,0
2021-08-20,123672,0,36428833,0
2021-08-21,83055,0,36511888,0
2021-08-22,68120,0,36580008,0
2021-08-23,176737,0,36756745,0
2021-08-24,156934,0,36913679,0
2021-08-25,177065,0,37090744,0
2021-08-26,172264,0,37263008,0
2021-08-27,185790,0,37448798,0
2021-08-28,140125,0,37588923,0
2021-08-29,98990,0,37687913,0
2021-08-30,209487,0,37897400,0
2021-08-31,194474,0,38091874,0
2021-09-01,192073,0,38283947,0
2021-09-02,189765,0,38473712,0
2021-09-03,191223,0,38664935,0
2021-09-04,131413,0,38796348,0
2021-09-05,87816,0,38884164,0
2021-09-06,193595,0,39077759,0
2021-09-07,195912,0,39273671,0
2021-09-08,187825,0,39461496,0
2021-09-09,201376,0,39662872,0
2021-09-10,197982,0,39860854,0
2021-09-11,141209,0,40002063,0
2021-09-12,89534,0,40091597,0
2021-09-13,191124,347,40282721,347
2021-09-14,177181,429,40459902,776
2021-09-15,162996,456,40622898,1232
2021-09-16,159967,787,40782865,2019
2021-09-17,149984,1005,40932849,3024
2021-09-18,127785,656,41060634,3680
2021-09-19,81048,443,41141682,4123
2021-09-20,179834,8952,41321516,13075
2021-09-21,166375,8725,41487891,21800
2021-09-22,158804,9363,41646695,31163
2021-09-23,137768,9239,41784463,40402
2021-09-24,140255,8860,41924718,49262
2021-09-25,119346,5552,42044064,54814
2021-09-26,71794,4295,42115858,59109
2021-09-27,135369,9972,42251227,69081
2021-09-28,117229,11315,42368456,80396
2021-09-29,112043,11759,42480499,92155
2021-09-30,109972,14850,42590471,107005
2021-10-01,94736,19032,42685207,126037
2021-10-02,78249,13983,42763456,140020
2021-10-03,47577,7630,42811033,147650
2021-10-04,88140,34366,42899173,182016
2021-10-05,80183,33906,42979356,215922
2021-10-06,71781,34078,43051137,250000
2021-10-07,71557,34289,43122694,284289
2021-10-08,80402,33495,43203096,317784
2021-10-09,75863,22112,43278959,339896
2021-10-10,45649,13590,43324608,353486
2021-10-11,87180,41006,43411788,394492
2021-10-12,84259,46799,43496047,441291
2021-10-13,87942,52010,43583989,493301
2021-10-14,91227,58386,43675216,551687
2021-10-15,93281,55484,43768497,607171
2021-10-16,82693,36712,43851190,643883
2021-10-17,51292,23784,43902482,667667
2021-10-18,90104,59337,43992586,727004
2021-10-19,78144,69291,44070730,796295
2021-10-20,74861,78045,44145591,874340
2021-10-21,78105,81616,44223696,955956
2021-10-22,73671,76905,44297367,1032861
2021-10-23,60653,51887,44358020,1084748
2021-10-24,33326,23402,44391346,1108150
2021-10-25,64797,81533,44456143,1189683
2021-10-26,58267,91637,44514410,1281320
2021-10-27,58191,103846,44572601,1385166
2021-10-28,61326,113915,44633927,1499081
2021-10-29,61590,102948,44695517,1602029
2021-10-30,50569,68011,44746086,1670040
2021-10-31,25130,28239,44771216,1698279
2021-11-01,19020,28120,44790236,1726399
2021-11-02,62720,89224,44852956,1815623
2021-11-03,60641,118509,44913597,1934132
2021-11-04,59139,126472,44972736,2060604
2021-11-05,62992,134988,45035728,2195592
2021-11-06,46372,90776,45082100,2286368
2021-11-07,22210,37838,45104310,2324206
2021-11-08,51399,131128,45155709,2455334
2021-11-09,45332,143950,45201041,2599284
2021-11-10,42492,156047,45243533,2755331
2021-11-11,44829,154974,45288362,2910305
2021-11-12,46252,158386,45334614,3068691
2021-11-13,33148,116476,45367762,3185167
2021-11-14,14446,52395,45382208,3237562
2021-11-15,36798,157194,45419006,3394756
2021-11-16,30450,171184,45449456,3565940
2021-11-17,28334,178271,45477790,3744211
2021-11-18,30117,193478,45507907,3937689
2021-11-19,28672,205583,45536579,4143272
2021-11-20,20890,156118,45557469,4299390
2021-11-21,10547,64713,45568016,4364103
2021-11-22,21827,212935,45589843,4577038
2021-11-23,23448,241463,45613291,4818501
2021-11-24,27686,270680,45640977,5089181
2021-11-25,23063,301585,45664040,5390766
2021-11-26,24416,317957,45688456,5708723
2021-11-27,21229,265851,45709685,5974574
2021-11-28,9831,136839,45719516,6111413
2021-11-29,22141,325694,45741657,6437107
2021-11-30,22889,365423,45764546,6802530
2021-12-01,21293,413039,45785839,7215569
2021-12-02,23547,440226,45809386,7655795
2021-12-03,24994,467244,45834380,8123039
2021-12-04,22159,418612,45856539,8541651
2021-12-05,11768,261254,45868307,8802905
2021-12-06,25513,457410,45893820,9260315
2021-12-07,23864,480057,45917684,9740372
2021-12-08,9869,249603,45927553,9989975
2021-12-09,31257,491794,45958810,10481769
2021-12-10,27794,517630,45986604,10999399
2021-12-11,23308,459092,46009912,11458491
2021-12-12,12139,293378,46022051,11751869
2021-12-13,25880,467445,46047931,12219314
2021-12-14,24889,493984,46072820,12713298
2021-12-15,25041,516942,46097861,13230240
2021-12-16,27497,520011,46125358,13750251
2021-12-17,29004,516894,46154362,14267145
2021-12-18,26672,468519,46181034,14735664
2021-12-19,14920,300361,46195954,15036025
2021-12-20,30261,477282,46226215,15513307
2021-12-21,30045,493135,46256260,16006442
2021-12-22,29058,484480,46285318,16490922
2021-12-23,27859,426734,46313177,16917656
2021-12-24,12965,210738,46326142,17128394
2021-12-25,2086,33041,46328228,17161435
2021-12-26,8650,159018,46336878,17320453
2021-12-27,46343,504461,46383221,17824914
2021-12-28,41882,554001,46425103,18378915
2021-12-29,33693,550423,46458796,18929338
2021-12-30,31260,499611,46490056,19428949
2021-12-31,13625,247318,46503681,19676267
2022-01-01,3426,64784,46507107,19741051
2022-01-02,22286,276658,46529393,20017709
2022-01-03,46889,520786,46576282,20538495
2022-01-04,45324,572809,46621606,21111304
2022-01-05,39476,561089,46661082,21672393
2022-01-06,22682,274359,46683764,21946752
2022-01-07,62088,554846,46745852,22501598
2022-01-08,59027,503195,46804879,23004793
2022-01-09,41268,319582,46846147,23324375
2022-01-10,59484,542922,46905631,23867297
2022-01-11,59801,587623,46965432,24454920
2022-01-12,56299,581854,47021731,25036774
2022-01-13,56486,580976,47078217,25617750
2022-01-14,44473,588859,47122690,26206609
2022-01-15,36406,568781,47159096,26775390
2022-01-16,29195,341358,47188291,27116748
2022-01-17,52869,490276,47241160,27607024
2022-01-18,56466,518050,47297626,28125074
2022-01-19,55212,503342,47352838,28628416
2022-01-20,52390,499325,47405228,29127741
2022-01-21,39936,494333,47445164,29622074
2022-01-22,28419,469270,47473583,30091344
2022-01-23,33384,275179,47506967,30366523
2022-01-24,54674,437795,47561641,30804318
2022-01-25,60160,452681,47621801,31256999
2022-01-26,57035,436330,47678836,31693329
2022-01-27,47373,432831,47726209,32126160
2022-01-28,57110,437066,47783319,32563226
2022-01-29,66252,411878,47849571,32975104
2022-01-30,49086,235635,47898657,33210739
2022-01-31,59094,357542,47957751,33568281
2022-02-01,64313,328993,48022064,33897274
2022-02-02,62055,297319,48084119,34194593
2022-02-03,59126,274905,48143245,34469498
2022-02-04,71399,268727,48214644,34738225
2022-02-05,82435,248068,48297079,34986293
2022-02-06,54570,116022,48351649,35102315
2022-02-07,64400,200390,48416049,35302705
2022-02-08,66070,186521,48482119,35489226
2022-02-09,58003,166628,48540122,35655854
2022-02-10,57816,163398,48597938,35819252
2022-02-11,61539,162549,48659477,35981801
2022-02-12,71152,151789,48730629,36133590
2022-02-13,41008,68604,48771637,36202194
2022-02-14,46166,116461,48817803,36318655
2022-02-15,47845,123379,48865648,36442034
2022-02-16,45021,105843,48910669,36547877
2022-02-17,42182,97361,48952851,36645238
2022-02-18,46551,108956,48999402,36754194