data_somministrazione,vaccinazioni,booster,cum_vaccinazioni,cum_booster
2020-12-27,15,0,15,0
2020-12-28,2,0,17,0
2020-12-29,1,0,18,0
2020-12-30,2,0,20,0
2020-12-31,34,0,54,0
2021-01-01,12,0,66,0
2021-01-02,53,0,119,0
2021-01-03,45,0,164,0
2021-01-04,120,0,284,0
2021-01-05,157,0,441,0
2021-01-06,132,0,573,0
2021-01-07,194,0,767,0
2021-01-08,236,0,1003,0
2021-01-09,168,0,1171,0
2021-01-10,108,0,1279,0
2021-01-11,195,0,1474,0
2021-01-12,202,0,1676,0
2021-01-13,302,0,1978,0
2021-01-14,389,0,2367,0
2021-01-15,229,0,2596,0
2021-01-16,163,0,2759,0
2021-01-17,3046,0,5805,0
2021-01-18,5178,0,10983,0
2021-01-19,1865,0,12848,0
2021-01-20,4650,0,17498,0
2021-01-21,20002,0,37500,0
2021-01-22,14194,0,51694,0
2021-01-23,33352,0,85046,0
2021-01-24,30790,0,115836,0
2021-01-25,64765,0,180601,0
2021-01-26,75777,0,256378,0
2021-01-27,64871,0,321249,0
2021-01-28,89327,0,410576,0
2021-01-29,94064,0,504640,0
2021-01-30,84351,0,588991,0
2021-01-31,57338,0,646329,0
2021-02-01,81881,0,728210,0
2021-02-02,82150,0,810360,0
2021-02-03,91206,0,901566,0
2021-02-04,94512,0,996078,0
2021-02-05,90260,0,1086338,0
2021-02-06,63725,0,1150063,0
2021-02-07,32913,0,1182976,0
2021-02-08,40402,0,1223378,0
2021-02-09,32827,0,1256205,0
2021-02-10,28370,0,1284575,0
2021-02-11,20341,0,1304916,0
2021-02-12,16170,0,1321086,0
2021-02-13,7215,0,1328301,0
2021-02-14,2855,0,1331156,0
2021-02-15,6811,0,1337967,0
2021-02-16,6968,0,1344935,0
2021-02-17,10486,0,1355421,0
2021-02-18,9206,0,1364627,0
2021-02-19,8137,0,1372764,0
2021-02-20,5465,0,1378229,0
2021-02-21,2937,0,1381166,0
2021-02-22,6826,0,1387992,0
2021-02-23,7083,0,1395075,0
2021-02-24,9780,0,1404855,0
2021-02-25,14159,0,1419014,0
2021-02-26,17462,0,1436476,0
2021-02-27,13840,0,1450316,0
2021-02-28,9332,0,1459648,0
2021-03-01,26424,0,1486072,0
2021-03-02,33140,0,1519212,0
2021-03-03,44577,0,1563789,0
2021-03-04,50174,0,1613963,0
2021-03-05,55668,0,1669631,0
2021-03-06,40914,0,1710545,0
2021-03-07,22278,0,1732823,0
2021-03-08,50597,0,1783420,0
2021-03-09,52922,0,1836342,0
2021-03-10,58068,0,1894410,0
2021-03-11,63685,0,1958095,0
2021-03-12,64592,0,2022687,0
2021-03-13,51573,0,2074260,0
2021-03-14,35332,0,2109592,0
2021-03-15,73278,0,2182870,0
2021-03-16,73959,0,2256829,0
2021-03-17,83019,0,2339848,0
2021-03-18,81210,0,2421058,0
2021-03-19,80320,0,2501378,0
2021-03-20,64228,0,2565606,0
2021-03-21,47236,0,2612842,0
2021-03-22,69362,0,2682204,0
2021-03-23,75453,0,2757657,0
2021-03-24,90331,0,2847988,0
2021-03-25,89289,0,2937277,0
2021-03-26,82946,0,3020223,0
2021-03-27,71778,0,3092001,0
2021-03-28,44003,0,3136004,0
2021-03-29,70517,0,3206521,0
2021-03-30,80665,0,3287186,0
2021-03-31,95537,0,3382723,0
2021-04-01,94486,0,3477209,0
2021-04-02,83482,0,3560691,0
2021-04-03,64206,0,3624897,0
2021-04-04,21678,0,3646575,0
2021-04-05,40243,0,3686818,0
2021-04-06,80899,0,3767717,0
2021-04-07,95618,0,3863335,0
2021-04-08,94566,0,3957901,0
2021-04-09,87759,0,4045660,0
2021-04-10,73567,0,4119227,0
2021-04-11,44678,0,4163905,0
2021-04-12,66810,0,4230715,0
2021-04-13,72482,0,4303197,0
2021-04-14,85174,0,4388371,0
2021-04-15,104724,0,4493095,0
2021-04-16,105769,0,4598864,0
2021-04-17,90117,0,4688981,0
2021-04-18,57452,0,4746433,0
2021-04-19,93220,0,4839653,0
2021-04-20,102854,0,4942507,0
2021-04-21,124334,0,5066841,0
2021-04-22,142908,0,5209749,0
2021-04-23,137825,0,5347574,0
2021-04-24,123829,0,5471403,0
2021-04-25,61369,0,5532772,0
2021-04-26,97569,0,5630341,0
2021-04-27,128123,0,5758464,0
2021-04-28,155992,0,5914456,0
2021-04-29,195033,0,6109489,0
2021-04-30,213608,0,6323097,0
2021-05-01,174112,0,6497209,0
2021-05-02,135826,0,6633035,0
2021-05-03,141715,0,6774750,0
2021-05-04,158336,0,6933086,0
2021-05-05,170157,0,7103243,0
2021-05-06,197251,0,7300494,0
2021-05-07,213185,0,7513679,0
2021-05-08,212978,0,7726657,0
2021-05-09,143009,0,7869666,0
2021-05-10,164684,0,8034350,0
2021-05-11,174278,0,8208628,0
2021-05-12,178576,0,8387204,0
2021-05-13,202407,0,8589611,0
2021-05-14,222051,0,8811662,0
2021-05-15,209847,0,9021509,0
2021-05-16,159088,0,9180597,0
2021-05-17,218570,0,9399167,0
2021-05-18,212375,0,9611542,0
2021-05-19,206398,0,9817940,0
2021-05-20,270258,0,10088198,0
2021-05-21,269859,0,10358057,0
2021-05-22,244676,0,10602733,0
2021-05-23,197036,0,10799769,0
2021-05-24,227760,0,11027529,0
2021-05-25,245021,0,11272550,0
2021-05-26,277114,0,11549664,0
2021-05-27,310513,0,11860177,0
2021-05-28,298645,0,12158822,0
2021-05-29,230504,0,12389326,0
2021-05-30,170657,0,12559983,0
2021-05-31,215966,0,12775949,0
2021-06-01,207065,0,12983014,0
2021-06-02,115593,0,13098607,0
2021-06-03,179676,0,13278283,0
2021-06-04,184015,0,13462298,0
2021-06-05,185189,0,13647487,0
2021-06-06,139340,0,13786827,0
2021-06-07,161055,0,13947882,0
2021-06-08,170446,0,14118328,0
2021-06-09,170807,0,14289135,0
2021-06-10,173332,0,14462467,0
2021-06-11,168702,0,14631169,0
2021-06-12,127264,0,14758433,0
2021-06-13,90885,0,14849318,0
2021-06-14,214099,0,15063417,0
2021-06-15,227811,0,15291228,0
2021-06-16,252808,0,15544036,0
2021-06-17,301169,0,15845205,0
2021-06-18,305415,0,16150620,0
2021-06-19,274754,0,16425374,0
2021-06-20,220563,0,16645937,0
2021-06-21,287727,0,16933664,0
2021-06-22,295696,0,17229360,0
2021-06-23,302310,0,17531670,0
2021-06-24,332097,0,17863767,0
2021-06-25,347988,0,18211755,0
2021-06-26,299917,0,18511672,0
2021-06-27,228746,0,18740418,0
2021-06-28,306335,0,19046753,0
2021-06-29,328335,0,19375088,0
2021-06-30,341541,0,19716629,0
2021-07-01,362210,0,20078839,0
2021-07-02,367885,0,20446724,0
2021-07-03,371228,0,20817952,0
2021-07-04,283185,0,21101137,0
2021-07-05,384167,0,21485304,0
2021-07-06,384925,0,21870229,0
2021-07-07,411883,0,22282112,0
2021-07-08,479152,0,22761264,0
2021-07-09,497525,0,23258789,0
2021-07-10,474858,0,23733647,0
2021-07-11,357735,0,24091382,0
2021-07-12,485653,0,24577035,0
2021-07-13,491489,0,25068524,0
2021-07-14,480340,0,25548864,0
2021-07-15,523195,0,26072059,0
2021-07-16,509319,0,26581378,0
2021-07-17,464397,0,27045775,0
2021-07-18,364760,0,27410535,0
2021-07-19,463046,0,27873581,0
2021-07-20,457812,0,28331393,0
2021-07-21,462713,0,28794106,0
2021-07-22,475084,0,29269190,0
2021-07-23,440557,0,29709747,0
2021-07-24,386084,0,30095831,0
2021-07-25,287507,0,30383338,0
2021-07-26,430472,0,30813810,0
2021-07-27,439597,0,31253407,0
2021-07-28,390731,0,31644138,0
2021-07-29,371821,0,32015959,0
2021-07-30,340808,0,32356767,0
2021-07-31,286873,0,32643640,0
2021-08-01,190742,0,32834382,0
2021-08-02,333627,0,33168009,0
2021-08-03,322554,0,33490563,0
2021-08-04,310677,0,33801240,0
2021-08-05,292035,0,34093275,0
2021-08-06,259207,0,34352482,0
2021-08-07,198805,0,34551287,0
2021-08-08,153022,0,34704309,0
2021-08-09,233705,0,34938014,0
2021-08-10,204594,0,35142608,0
2021-08-11,193349,0,35335957,0
2021-08-12,167656,0,35503613,0
2021-08-13,148118,0,35651731,0
2021-08-14,65938,0,35717669,0
2021-08-15,26279,0,35743948,0
2021-08-16,114493,0,35858441,0
2021-08-17,128898,0,35987339,0
2021-08-18,128490,0,36115829,0
2021-08-19,124344,0,36240173,0
2021-08-20,123355,0,36363528,0
2021-08-21,82973,0,36446501,0
2021-08-22,68047,0,36514548,0
2021-08-23,176129,0,36690677,0
2021-08-24,156265,0,36846942,0
2021-08-25,176846,0,37023788,0
2021-08-26,172089,0,37195877,0
2021-08-27,185442,0,37381319,0
2021-08-28,140003,0,37521322,0
2021-08-29,98876,0,37620198,0
2021-08-30,209301,0,37829499,0
2021-08-31,194324,0,38023823,0
2021-09-01,191916,0,38215739,0
2021-09-02,189507,0,38405246,0
2021-09-03,190828,0,38596074,0
2021-09-04,131322,0,38727396,0
2021-09-05,87823,0,38815219,0
2021-09-06,193319,0,39008538,0
2021-09-07,195592,0,39204130,0
2021-09-08,187558,0,39391688,0
2021-09-09,201112,0,39592800,0
2021-09-10,197707,0,39790507,0
2021-09-11,141115,0,39931622,0
2021-09-12,89441,0,40021063,0
2021-09-13,190849,335,40211912,335
2021-09-14,177123,419,40389035,754
2021-09-15,162849,451,40551884,1205
2021-09-16,159600,784,40711484,1989
2021-09-17,149770,1001,40861254,2990
2021-09-18,127764,654,40989018,3644
2021-09-19,80933,440,41069951,4084
2021-09-20,179383,8948,41249334,13032
2021-09-21,166158,8721,41415492,21753
2021-09-22,158515,9354,41574007,31107
2021-09-23,137396,9224,41711403,40331
2021-09-24,139783,8847,41851186,49178
2021-09-25,119244,5556,41970430,54734
2021-09-26,71731,4293,42042161,59027
2021-09-27,135166,9964,42177327,68991
2021-09-28,116904,11283,42294231,80274
2021-09-29,111817,11724,42406048,91998
2021-09-30,109628,14828,42515676,106826
2021-10-01,94442,18972,42610118,125798
2021-10-02,78165,13981,42688283,139779
2021-10-03,47490,7626,42735773,147405
2021-10-04,87952,34343,42823725,181748
2021-10-05,79975,33872,42903700,215620
2021-10-06,71483,34037,42975183,249657
2021-10-07,71388,34247,43046571,283904
2021-10-08,80190,33369,43126761,317273
2021-10-09,75714,22101,43202475,339374
2021-10-10,45597,13590,43248072,352964
2021-10-11,86966,40941,43335038,393905
2021-10-12,84050,46710,43419088,440615
2021-10-13,87797,51964,43506885,492579
2021-10-14,90922,58344,43597807,550923
2021-10-15,92991,55250,43690798,606173
2021-10-16,82588,36687,43773386,642860
2021-10-17,51205,23772,43824591,666632
2021-10-18,89898,59190,43914489,725822
2021-10-19,78036,69108,43992525,794930
2021-10-20,74789,77806,44067314,872736
2021-10-21,77976,81448,44145290,954184
2021-10-22,73529,76523,44218819,1030707
2021-10-23,60659,51844,44279478,1082551
2021-10-24,33279,23395,44312757,1105946
2021-10-25,64694,81478,44377451,1187424
2021-10-26,58119,91425,44435570,1278849
2021-10-27,58035,103591,44493605,1382440
2021-10-28,61197,113552,44554802,1495992
2021-10-29,61413,102542,44616215,1598534
2021-10-30,50531,67965,44666746,1666499
2021-10-31,25095,28230,44691841,1694729
2021-11-01,19003,28115,44710844,1722844
2021-11-02,62528,89053,44773372,1811897
2021-11-03,60460,118182,44833832,1930079
2021-11-04,58952,126225,44892784,2056304
2021-11-05,62781,134638,44955565,2190942
2021-11-06,46197,90722,45001762,2281664
2021-11-07,22190,37821,45023952,2319485
2021-11-08,51143,130711,45075095,2450196
2021-11-09,45187,143549,45120282,2593745
2021-11-10,42424,155634,45162706,2749379
2021-11-11,44694,154358,45207400,2903737
2021-11-12,46048,157879,45253448,3061616
2021-11-13,32994,116302,45286442,3177918
2021-11-14,14426,52378,45300868,3230296
2021-11-15,36628,156724,45337496,3387020
2021-11-16,30325,170789,45367821,3557809
2021-11-17,28210,177924,45396031,3735733
2021-11-18,30034,192983,45426065,3928716
2021-11-19,28541,205009,45454606,4133725
2021-11-20,20842,155993,45475448,4289718
2021-11-21,10514,64692,45485962,4354410
2021-11-22,21683,212158,45507645,4566568
2021-11-23,23312,240902,45530957,4807470
2021-11-24,27521,270054,45558478,5077524
2021-11-25,22860,300946,45581338,5378470
2021-11-26,24186,317277,45605524,5695747
2021-11-27,21080,265625,45626604,5961372
2021-11-28,9746,136804,45636350,6098176
2021-11-29,21833,324971,45658183,6423147
2021-11-30,22626,364596,45680809,6787743
2021-12-01,20994,412073,45701803,7199816
2021-12-02,23154,439002,45724957,7638818
2021-12-03,24549,465717,45749506,8104535
2021-12-04,21775,418214,45771281,8522749
2021-12-05,11491,261116,45782772,8783865
2021-12-06,24892,456209,45807664,9240074
2021-12-07,23223,478621,45830887,9718695
2021-12-08,9513,249441,45840400,9968136
2021-12-09,30421,490401,45870821,10458537
2021-12-10,26961,516208,45897782,10974745
2021-12-11,22588,458780,45920370,11433525
2021-12-12,11676,293176,45932046,11726701
2021-12-13,24963,466253,45957009,12192954
2021-12-14,23928,493007,45980937,12685961
2021-12-15,24104,515489,46005041,13201450
2021-12-16,26314,518732,46031355,13720182
2021-12-17,27937,515342,46059292,14235524
2021-12-18,25572,468125,46084864,14703649
2021-12-19,14080,300131,46098944,15003780
2021-12-20,29094,475785,46128038,15479565
2021-12-21,28801,491696,46156839,15971261
2021-12-22,27690,483426,46184529,16454687
2021-12-23,26453,425761,46210982,16880448
2021-12-24,12446,210341,46223428,17090789
2021-12-25,2050,33001,46225478,17123790
2021-12-26,7944,158944,46233422,17282734
2021-12-27,43867,503396,46277289,17786130
2021-12-28,38625,552741,46315914,18338871
2021-12-29,30343,549186,46346257,18888057
2021-12-30,28040,498411,46374297,19386468
2021-12-31,12324,246721,46386621,19633189
2022-01-01,3122,64733,46389743,19697922
2022-01-02,19641,276490,46409384,19974412
2022-01-03,42951,519567,46452335,20493979
2022-01-04,41037,571173,46493372,21065152
2022-01-05,35501,559766,46528873,21624918
2022-01-06,20598,274144,46549471,21899062
2022-01-07,58431,552988,46607902,22452050
2022-01-08,55125,502454,46663027,22954504
2022-01-09,38583,319270,46701610,23273774
2022-01-10,56801,540798,46758411,23814572
2022-01-11,57038,585498,46815449,24400070
2022-01-12,53782,579465,46869231,24979535
2022-01-13,54317,578620,46923548,25558155
2022-01-14,42527,586540,46966075,26144695
2022-01-15,34185,567080,47000260,26711775
2022-01-16,27746,340507,47028006,27052282
2022-01-17,51773,488115,47079779,27540397
2022-01-18,55553,515429,47135332,28055826
2022-01-19,54545,500833,47189877,28556659
2022-01-20,51731,496482,47241608,29053141
2022-01-21,39506,490992,47281114,29544133
2022-01-22,28168,467275,47309282,30011408
2022-01-23,33163,273969,47342445,30285377
2022-01-24,54318,433916,47396763,30719293
2022-01-25,59656,447433,47456419,31166726
2022-01-26,56207,428750,47512626,31595476
2022-01-27,23401,208502,47536027,31803978