data_somministrazione,vaccinazioni,booster,cum_vaccinazioni,cum_booster
2020-12-27,20,0,20,0
2020-12-28,2,0,22,0
2020-12-29,1,0,23,0
2020-12-30,10,0,33,0
2020-12-31,77,0,110,0
2021-01-01,25,0,135,0
2021-01-02,143,0,278,0
2021-01-03,107,0,385,0
2021-01-04,236,0,621,0
2021-01-05,280,0,901,0
2021-01-06,249,0,1150,0
2021-01-07,323,0,1473,0
2021-01-08,378,0,1851,0
2021-01-09,282,0,2133,0
2021-01-10,165,0,2298,0
2021-01-11,308,0,2606,0
2021-01-12,283,0,2889,0
2021-01-13,417,0,3306,0
2021-01-14,504,0,3810,0
2021-01-15,319,0,4129,0
2021-01-16,224,0,4353,0
2021-01-17,3064,0,7417,0
2021-01-18,5220,0,12637,0
2021-01-19,1895,0,14532,0
2021-01-20,4659,0,19191,0
2021-01-21,20005,0,39196,0
2021-01-22,14220,0,53416,0
2021-01-23,33324,0,86740,0
2021-01-24,30775,0,117515,0
2021-01-25,64705,0,182220,0
2021-01-26,76465,0,258685,0
2021-01-27,64810,0,323495,0
2021-01-28,89255,0,412750,0
2021-01-29,93996,0,506746,0
2021-01-30,86544,0,593290,0
2021-01-31,57325,0,650615,0
2021-02-01,81835,0,732450,0
2021-02-02,82135,0,814585,0
2021-02-03,91107,0,905692,0
2021-02-04,95384,0,1001076,0
2021-02-05,90267,0,1091343,0
2021-02-06,63449,0,1154792,0
2021-02-07,32934,0,1187726,0
2021-02-08,40421,0,1228147,0
2021-02-09,32881,0,1261028,0
2021-02-10,28436,0,1289464,0
2021-02-11,20405,0,1309869,0
2021-02-12,16251,0,1326120,0
2021-02-13,7279,0,1333399,0
2021-02-14,2862,0,1336261,0
2021-02-15,6847,0,1343108,0
2021-02-16,7004,0,1350112,0
2021-02-17,10526,0,1360638,0
2021-02-18,9256,0,1369894,0
2021-02-19,8258,0,1378152,0
2021-02-20,5577,0,1383729,0
2021-02-21,3014,0,1386743,0
2021-02-22,6883,0,1393626,0
2021-02-23,7187,0,1400813,0
2021-02-24,9812,0,1410625,0
2021-02-25,14213,0,1424838,0
2021-02-26,17559,0,1442397,0
2021-02-27,13920,0,1456317,0
2021-02-28,9396,0,1465713,0
2021-03-01,26527,0,1492240,0
2021-03-02,33248,0,1525488,0
2021-03-03,44651,0,1570139,0
2021-03-04,50303,0,1620442,0
2021-03-05,55743,0,1676185,0
2021-03-06,41880,0,1718065,0
2021-03-07,22331,0,1740396,0
2021-03-08,50837,0,1791233,0
2021-03-09,53091,0,1844324,0
2021-03-10,58688,0,1903012,0
2021-03-11,63887,0,1966899,0
2021-03-12,65137,0,2032036,0
2021-03-13,51730,0,2083766,0
2021-03-14,35423,0,2119189,0
2021-03-15,73459,0,2192648,0
2021-03-16,74031,0,2266679,0
2021-03-17,83141,0,2349820,0
2021-03-18,81630,0,2431450,0
2021-03-19,81089,0,2512539,0
2021-03-20,64738,0,2577277,0
2021-03-21,47309,0,2624586,0
2021-03-22,69501,0,2694087,0
2021-03-23,75815,0,2769902,0
2021-03-24,90924,0,2860826,0
2021-03-25,89822,0,2950648,0
2021-03-26,83640,0,3034288,0
2021-03-27,71957,0,3106245,0
2021-03-28,44184,0,3150429,0
2021-03-29,70848,0,3221277,0
2021-03-30,81407,0,3302684,0
2021-03-31,96259,0,3398943,0
2021-04-01,95329,0,3494272,0
2021-04-02,84085,0,3578357,0
2021-04-03,64304,0,3642661,0
2021-04-04,21724,0,3664385,0
2021-04-05,40318,0,3704703,0
2021-04-06,81336,0,3786039,0
2021-04-07,95840,0,3881879,0
2021-04-08,95259,0,3977138,0
2021-04-09,88501,0,4065639,0
2021-04-10,74035,0,4139674,0
2021-04-11,44769,0,4184443,0
2021-04-12,66922,0,4251365,0
2021-04-13,72594,0,4323959,0
2021-04-14,85550,0,4409509,0
2021-04-15,105425,0,4514934,0
2021-04-16,106431,0,4621365,0
2021-04-17,90528,0,4711893,0
2021-04-18,58596,0,4770489,0
2021-04-19,93436,0,4863925,0
2021-04-20,103776,0,4967701,0
2021-04-21,125342,0,5093043,0
2021-04-22,143525,0,5236568,0
2021-04-23,138750,0,5375318,0
2021-04-24,124454,0,5499772,0
2021-04-25,61472,0,5561244,0
2021-04-26,97909,0,5659153,0
2021-04-27,128374,0,5787527,0
2021-04-28,156392,0,5943919,0
2021-04-29,195621,0,6139540,0
2021-04-30,214613,0,6354153,0
2021-05-01,174141,0,6528294,0
2021-05-02,135809,0,6664103,0
2021-05-03,142067,0,6806170,0
2021-05-04,158713,0,6964883,0
2021-05-05,170546,0,7135429,0
2021-05-06,197823,0,7333252,0
2021-05-07,213873,0,7547125,0
2021-05-08,213439,0,7760564,0
2021-05-09,143217,0,7903781,0
2021-05-10,165101,0,8068882,0
2021-05-11,175009,0,8243891,0
2021-05-12,179224,0,8423115,0
2021-05-13,203424,0,8626539,0
2021-05-14,222943,0,8849482,0
2021-05-15,210392,0,9059874,0
2021-05-16,159286,0,9219160,0
2021-05-17,219221,0,9438381,0
2021-05-18,213032,0,9651413,0
2021-05-19,207103,0,9858516,0
2021-05-20,270889,0,10129405,0
2021-05-21,270916,0,10400321,0
2021-05-22,245547,0,10645868,0
2021-05-23,197188,0,10843056,0
2021-05-24,228310,0,11071366,0
2021-05-25,245702,0,11317068,0
2021-05-26,277579,0,11594647,0
2021-05-27,311105,0,11905752,0
2021-05-28,299591,0,12205343,0
2021-05-29,231250,0,12436593,0
2021-05-30,170853,0,12607446,0
2021-05-31,216438,0,12823884,0
2021-06-01,207638,0,13031522,0
2021-06-02,115805,0,13147327,0
2021-06-03,180178,0,13327505,0
2021-06-04,184920,0,13512425,0
2021-06-05,186000,0,13698425,0
2021-06-06,139588,0,13838013,0
2021-06-07,161906,0,13999919,0
2021-06-08,171286,0,14171205,0
2021-06-09,171526,0,14342731,0
2021-06-10,174161,0,14516892,0
2021-06-11,170029,0,14686921,0
2021-06-12,128396,0,14815317,0
2021-06-13,91232,0,14906549,0
2021-06-14,214708,0,15121257,0
2021-06-15,228463,0,15349720,0
2021-06-16,253115,0,15602835,0
2021-06-17,301779,0,15904614,0
2021-06-18,306327,0,16210941,0
2021-06-19,275120,0,16486061,0
2021-06-20,220822,0,16706883,0
2021-06-21,288100,0,16994983,0
2021-06-22,296249,0,17291232,0
2021-06-23,302704,0,17593936,0
2021-06-24,332621,0,17926557,0
2021-06-25,348734,0,18275291,0
2021-06-26,300150,0,18575441,0
2021-06-27,228694,0,18804135,0
2021-06-28,307154,0,19111289,0
2021-06-29,329334,0,19440623,0
2021-06-30,342223,0,19782846,0
2021-07-01,363243,0,20146089,0
2021-07-02,368507,0,20514596,0
2021-07-03,371105,0,20885701,0
2021-07-04,283240,0,21168941,0
2021-07-05,384566,0,21553507,0
2021-07-06,385495,0,21939002,0
2021-07-07,412138,0,22351140,0
2021-07-08,479590,0,22830730,0
2021-07-09,498464,0,23329194,0
2021-07-10,475168,0,23804362,0
2021-07-11,357699,0,24162061,0
2021-07-12,485879,0,24647940,0
2021-07-13,492078,0,25140018,0
2021-07-14,480433,0,25620451,0
2021-07-15,523425,0,26143876,0
2021-07-16,509750,0,26653626,0
2021-07-17,464320,0,27117946,0
2021-07-18,364637,0,27482583,0
2021-07-19,463034,0,27945617,0
2021-07-20,458045,0,28403662,0
2021-07-21,462791,0,28866453,0
2021-07-22,475376,0,29341829,0
2021-07-23,441320,0,29783149,0
2021-07-24,386145,0,30169294,0
2021-07-25,287553,0,30456847,0
2021-07-26,430889,0,30887736,0
2021-07-27,440110,0,31327846,0
2021-07-28,391016,0,31718862,0
2021-07-29,372073,0,32090935,0
2021-07-30,341523,0,32432458,0
2021-07-31,287047,0,32719505,0
2021-08-01,190999,0,32910504,0
2021-08-02,333705,0,33244209,0
2021-08-03,323187,0,33567396,0
2021-08-04,310984,0,33878380,0
2021-08-05,292486,0,34170866,0
2021-08-06,260039,0,34430905,0
2021-08-07,199062,0,34629967,0
2021-08-08,153108,0,34783075,0
2021-08-09,234085,0,35017160,0
2021-08-10,205279,0,35222439,0
2021-08-11,193790,0,35416229,0
2021-08-12,168061,0,35584290,0
2021-08-13,148668,0,35732958,0
2021-08-14,66103,0,35799061,0
2021-08-15,26343,0,35825404,0
2021-08-16,114714,0,35940118,0
2021-08-17,129253,0,36069371,0
2021-08-18,128767,0,36198138,0
2021-08-19,124851,0,36322989,0
2021-08-20,123798,0,36446787,0
2021-08-21,83133,0,36529920,0
2021-08-22,68180,0,36598100,0
2021-08-23,176874,0,36774974,0
2021-08-24,156892,0,36931866,0
2021-08-25,177172,0,37109038,0
2021-08-26,172353,0,37281391,0
2021-08-27,185832,0,37467223,0
2021-08-28,140293,0,37607516,0
2021-08-29,98993,0,37706509,0
2021-08-30,209583,0,37916092,0
2021-08-31,194641,0,38110733,0
2021-09-01,192217,0,38302950,0
2021-09-02,189933,0,38492883,0
2021-09-03,191287,0,38684170,0
2021-09-04,131447,0,38815617,0
2021-09-05,87845,0,38903462,0
2021-09-06,193605,0,39097067,0
2021-09-07,196036,0,39293103,0
2021-09-08,187864,0,39480967,0
2021-09-09,201421,0,39682388,0
2021-09-10,198054,0,39880442,0
2021-09-11,141293,0,40021735,0
2021-09-12,89591,0,40111326,0
2021-09-13,191110,643,40302436,643
2021-09-14,177216,647,40479652,1290
2021-09-15,163077,649,40642729,1939
2021-09-16,160046,998,40802775,2937
2021-09-17,150155,1169,40952930,4106
2021-09-18,127978,777,41080908,4883
2021-09-19,81144,508,41162052,5391
2021-09-20,180066,9126,41342118,14517
2021-09-21,166672,8862,41508790,23379
2021-09-22,159112,9462,41667902,32841
2021-09-23,138103,9357,41806005,42198
2021-09-24,140551,9013,41946556,51211
2021-09-25,119562,5673,42066118,56884
2021-09-26,71991,4365,42138109,61249
2021-09-27,135665,10083,42273774,71332
2021-09-28,117519,11423,42391293,82755
2021-09-29,112376,11850,42503669,94605
2021-09-30,110287,14979,42613956,109584
2021-10-01,94994,19144,42708950,128728
2021-10-02,78520,14043,42787470,142771
2021-10-03,47760,7669,42835230,150440
2021-10-04,88391,34482,42923621,184922
2021-10-05,80379,34018,43004000,218940
2021-10-06,72008,34208,43076008,253148
2021-10-07,71881,34371,43147889,287519
2021-10-08,80639,33621,43228528,321140
2021-10-09,76115,22194,43304643,343334
2021-10-10,45789,13631,43350432,356965
2021-10-11,87448,41131,43437880,398096
2021-10-12,84517,46933,43522397,445029
2021-10-13,88215,52164,43610612,497193
2021-10-14,91554,58555,43702166,555748
2021-10-15,93601,55675,43795767,611423
2021-10-16,82971,36823,43878738,648246
2021-10-17,51462,23861,43930200,672107
2021-10-18,90303,59519,44020503,731626
2021-10-19,78356,69406,44098859,801032
2021-10-20,75061,78211,44173920,879243
2021-10-21,78287,81813,44252207,961056
2021-10-22,73767,77082,44325974,1038138
2021-10-23,60836,51973,44386810,1090111
2021-10-24,33370,23479,44420180,1113590
2021-10-25,64895,81666,44485075,1195256
2021-10-26,58376,91833,44543451,1287089
2021-10-27,58315,104030,44601766,1391119
2021-10-28,61446,114155,44663212,1505274
2021-10-29,61634,103182,44724846,1608456
2021-10-30,50676,68145,44775522,1676601
2021-10-31,25160,28310,44800682,1704911
2021-11-01,19049,28158,44819731,1733069
2021-11-02,62741,89435,44882472,1822504
2021-11-03,60714,118701,44943186,1941205
2021-11-04,59238,126701,45002424,2067906
2021-11-05,63092,135224,45065516,2203130
2021-11-06,46492,90938,45112008,2294068
2021-11-07,22248,37906,45134256,2331974
2021-11-08,51528,131292,45185784,2463266
2021-11-09,45401,144237,45231185,2607503
2021-11-10,42594,156373,45273779,2763876
2021-11-11,44928,155172,45318707,2919048
2021-11-12,46295,158702,45365002,3077750
2021-11-13,33267,116680,45398269,3194430
2021-11-14,14492,52460,45412761,3246890
2021-11-15,36908,157443,45449669,3404333
2021-11-16,30567,171404,45480236,3575737
2021-11-17,28469,178462,45508705,3754199
2021-11-18,30293,193761,45538998,3947960
2021-11-19,28821,205884,45567819,4153844
2021-11-20,21011,156457,45588830,4310301
2021-11-21,10610,64872,45599440,4375173
2021-11-22,21959,213160,45621399,4588333
2021-11-23,23603,241801,45645002,4830134
2021-11-24,27769,271094,45672771,5101228
2021-11-25,23267,301935,45696038,5403163
2021-11-26,24598,318308,45720636,5721471
2021-11-27,21412,266171,45742048,5987642
2021-11-28,9909,137070,45751957,6124712
2021-11-29,22366,326073,45774323,6450785
2021-11-30,23118,365862,45797441,6816647
2021-12-01,21555,413532,45818996,7230179
2021-12-02,23793,440440,45842789,7670619
2021-12-03,25274,467531,45868063,8138150
2021-12-04,22393,418799,45890456,8556949
2021-12-05,11943,261365,45902399,8818314
2021-12-06,25845,457629,45928244,9275943
2021-12-07,24163,480301,45952407,9756244
2021-12-08,10031,249721,45962438,10005965
2021-12-09,31619,491964,45994057,10497929
2021-12-10,28102,517929,46022159,11015858
2021-12-11,23590,459277,46045749,11475135
2021-12-12,12323,293528,46058072,11768663
2021-12-13,26178,467654,46084250,12236317
2021-12-14,25204,494236,46109454,12730553
2021-12-15,25370,517189,46134824,13247742
2021-12-16,27927,520301,46162751,13768043
2021-12-17,29396,517219,46192147,14285262
2021-12-18,27116,468777,46219263,14754039
2021-12-19,15170,300542,46234433,15054581
2021-12-20,30670,477508,46265103,15532089
2021-12-21,30412,493438,46295515,16025527
2021-12-22,29489,484751,46325004,16510278
2021-12-23,28286,426959,46353290,16937237
2021-12-24,13125,210842,46366415,17148079
2021-12-25,2104,33053,46368519,17181132
2021-12-26,8778,159077,46377297,17340209
2021-12-27,46847,504692,46424144,17844901
2021-12-28,42509,554255,46466653,18399156
2021-12-29,34394,550676,46501047,18949832
2021-12-30,31893,499864,46532940,19449696
2021-12-31,14148,247407,46547088,19697103
2022-01-01,3499,64815,46550587,19761918
2022-01-02,22830,276727,46573417,20038645
2022-01-03,47942,520035,46621359,20558680
2022-01-04,46473,572104,46667832,21130784
2022-01-05,40845,560423,46708677,21691207
2022-01-06,23536,274491,46732213,21965698
2022-01-07,63798,554221,46796011,22519919
2022-01-08,60973,503413,46856984,23023332
2022-01-09,42962,319701,46899946,23343033
2022-01-10,61177,542324,46961123,23885357
2022-01-11,61841,587037,47022964,24472394
2022-01-12,58549,581307,47081513,25053701
2022-01-13,58712,580430,47140225,25634131
2022-01-14,46933,588612,47187158,26222743
2022-01-15,39563,569984,47226721,26792727
2022-01-16,31313,341892,47258034,27134619
2022-01-17,54852,489688,47312886,27624307
2022-01-18,58468,517054,47371354,28141361
2022-01-19,57266,502824,47428620,28644185
2022-01-20,54418,498861,47483038,29143046
2022-01-21,42181,493897,47525219,29636943
2022-01-22,31299,469619,47556518,30106562
2022-01-23,34983,275391,47591501,30381953
2022-01-24,56231,437245,47647732,30819198
2022-01-25,61601,452129,47709333,31271327
2022-01-26,58589,435848,47767922,31707175
2022-01-27,48888,432402,47816810,32139577
2022-01-28,58750,436560,47875560,32576137
2022-01-29,68189,412516,47943749,32988653
2022-01-30,50409,235985,47994158,33224638
2022-01-31,60705,356947,48054863,33581585
2022-02-01,65616,328465,48120479,33910050
2022-02-02,63248,296994,48183727,34207044
2022-02-03,60090,274534,48243817,34481578
2022-02-04,72410,268471,48316227,34750049
2022-02-05,83818,248550,48400045,34998599
2022-02-06,55308,116208,48455353,35114807
2022-02-07,65181,199945,48520534,35314752
2022-02-08,66955,186128,48587489,35500880
2022-02-09,58775,166352,48646264,35667232
2022-02-10,58598,163249,48704862,35830481
2022-02-11,62275,162477,48767137,35992958
2022-02-12,72008,152155,48839145,36145113
2022-02-13,41483,68855,48880628,36213968
2022-02-14,46714,116190,48927342,36330158
2022-02-15,48566,123481,48975908,36453639
2022-02-16,45687,106129,49021595,36559768
2022-02-17,42873,98120,49064468,36657888
2022-02-18,46634,112583,49111102,36770471
2022-02-19,52546,100339,49163648,36870810
2022-02-20,31417,40366,49195065,36911176
2022-02-21,37899,89659,49232964,37000835
2022-02-22,37224,83784,49270188,37084619
2022-02-23,33401,79410,49303589,37164029
2022-02-24,32561,78166,49336150,37242195
2022-02-25,34772,90715,49370922,37332910
2022-02-26,39163,89136,49410085,37422046
2022-02-27,22548,35857,49432633,37457903
2022-02-28,28487,81696,49461120,37539599
2022-03-01,22727,53942,49483847,37593541
2022-03-02,21934,50711,49505781,37644252
2022-03-03,22635,54947,49528416,37699199
2022-03-04,23242,62800,49551658,37761999
2022-03-05,23803,57952,49575461,37819951
2022-03-06,9474,17201,49584935,37837152
2022-03-07,15924,51391,49600859,37888543
2022-03-08,15481,48795,49616340,37937338
2022-03-09,13816,46517,49630156,37983855
2022-03-10,14057,52125,49644213,38035980
2022-03-11,15590,57271,49659803,38093251
2022-03-12,15510,56619,49675313,38149870
2022-03-13,5545,16852,49680858,38166722
2022-03-14,10528,46701,49691386,38213423
2022-03-15,10552,46895,49701938,38260318
2022-03-16,9482,41974,49711420,38302292
2022-03-17,9723,44876,49721143,38347168
2022-03-18,10161,49058,49731304,38396226
2022-03-19,9151,46539,49740455,38442765
2022-03-20,2608,11704,49743063,38454469
2022-03-21,7581,40227,49750644,38494696
2022-03-22,8448,37766,49759092,38532462
2022-03-23,7218,33700,49766310,38566162
2022-03-24,8259,38820,49774569,38604982
2022-03-25,8142,43671,49782711,38648653
2022-03-26,8127,41722,49790838,38690375
2022-03-27,2431,9683,49793269,38700058
2022-03-28,6112,35241,49799381,38735299
2022-03-29,5780,32531,49805161,38767830
2022-03-30,5567,30204,49810728,38798034
2022-03-31,5903,33186,49816631,38831220
2022-04-01,4349,25189,49820980,38856409
2022-04-02,4497,23275,49825477,38879684
2022-04-03,1049,4500,49826526,38884184
2022-04-04,3660,21545,49830186,38905729
2022-04-05,3758,22936,49833944,38928665
2022-04-06,4105,21852,49838049,38950517
2022-04-07,3970,23320,49842019,38973837
2022-04-08,4696,26714,49846715,39000551
2022-04-09,4382,23888,49851097,39024439
2022-04-10,893,4613,49851990,39029052
2022-04-11,3819,22689,49855809,39051741
2022-04-12,3365,21779,49859174,39073520
2022-04-13,3570,21336,49862744,39094856
2022-04-14,3487,23787,49866231,39118643
2022-04-15,3083,20621,49869314,39139264
2022-04-16,2151,11918,49871465,39151182
2022-04-17,63,348,49871528,39151530
2022-04-18,152,650,49871680,39152180
2022-04-19,3499,21983,49875179,39174163
2022-04-20,3512,20251,49878691,39194414
2022-04-21,2848,19791,49881539,39214205
2022-04-22,2928,20712,49884467,39234917
2022-04-23,2647,16221,49887114,39251138
2022-04-24,509,2334,49887623,39253472
2022-04-25,183,1165,49887806,39254637
2022-04-26,2759,17810,49890565,39272447
2022-04-27,2374,15795,49892939,39288242
2022-04-28,2361,15562,49895300,39303804
2022-04-29,2297,14849,49897597,39318653
2022-04-30,2123,11583,49899720,39330236
2022-05-01,113,531,49899833,39330767
2022-05-02,1451,9391,49901284,39340158
2022-05-03,1577,10321,49902861,39350479
2022-05-04,1745,10271,49904606,39360750
2022-05-05,1654,10296,49906260,39371046
2022-05-06,1702,10969,49907962,39382015
2022-05-07,1431,8570,49909393,39390585
2022-05-08,416,1525,49909809,39392110
2022-05-09,1028,8929,49910837,39401039
2022-05-10,1426,9548,49912263,39410587
2022-05-11,1484,10104,49913747,39420691
2022-05-12,1372,10137,49915119,39430828
2022-05-13,1597,10517,49916716,39441345
2022-05-14,1360,8239,49918076,39449584
2022-05-15,336,1135,49918412,39450719
2022-05-16,814,8404,49919226,39459123
2022-05-17,1244,8697,49920470,39467820
2022-05-18,1372,9235,49921842,39477055
2022-05-19,1500,9282,49923342,39486337
2022-05-20,1422,9532,49924764,39495869
2022-05-21,1301,7900,49926065,39503769
2022-05-22,231,1014,49926296,39504783
2022-05-23,830,8271,49927126,39513054
2022-05-24,1073,8672,49928199,39521726
2022-05-25,1372,9459,49929571,39531185
2022-05-26,1196,9479,49930767,39540664
2022-05-27,1232,9915,49931999,39550579
2022-05-28,1205,7887,49933204,39558466
2022-05-29,288,1265,49933492,39559731
2022-05-30,930,8057,49934422,39567788
2022-05-31,1038,8548,49935460,39576336
2022-06-01,893,7656,49936353,39583992
2022-06-02,35,474,49936388,39584466
2022-06-03,817,7334,49937205,39591800
2022-06-04,870,5162,49938075,39596962
2022-06-05,89,586,49938164,39597548
2022-06-06,678,7003,49938842,39604551
2022-06-07,952,7849,49939794,39612400
2022-06-08,981,7907,49940775,39620307
2022-06-09,1036,8417,49941811,39628724
2022-06-10,958,8563,49942769,39637287
2022-06-11,903,6207,49943672,39643494
2022-06-12,140,768,49943812,39644262
2022-06-13,602,6301,49944414,39650563
2022-06-14,832,7902,49945246,39658465
2022-06-15,960,7855,49946206,39666320
2022-06-16,733,7396,49946939,39673716
2022-06-17,724,7249,49947663,39680965
2022-06-18,777,5594,49948440,39686559
2022-06-19,49,521,49948489,39687080
2022-06-20,587,6699,49949076,39693779
2022-06-21,741,7663,49949817,39701442
2022-06-22,779,7313,49950596,39708755
2022-06-23,648,7472,49951244,39716227
2022-06-24,644,7474,49951888,39723701
2022-06-25,835,6533,49952723,39730234
2022-06-26,128,523,49952851,39730757
2022-06-27,534,7125,49953385,39737882
2022-06-28,747,8207,49954132,39746089
2022-06-29,756,7731,49954888,39753820
2022-06-30,747,8144,49955635,39761964
2022-07-01,577,6443,49956212,39768407
2022-07-02,536,4769,49956748,39773176
2022-07-03,49,456,49956797,39773632
2022-07-04,469,6277,49957266,39779909
2022-07-05,631,8120,49957897,39788029
2022-07-06,633,7611,49958530,39795640
2022-07-07,575,8271,49959105,39803911
2022-07-08,674,8083,49959779,39811994
2022-07-09,550,6105,49960329,39818099
2022-07-10,58,533,49960387,39818632
2022-07-11,491,7639,49960878,39826271
2022-07-12,667,9030,49961545,39835301
2022-07-13,644,10066,49962189,39845367
2022-07-14,637,10226,49962826,39855593
2022-07-15,626,10667,49963452,39866260
2022-07-16,522,7215,49963974,39873475
2022-07-17,48,770,49964022,39874245
2022-07-18,496,9372,49964518,39883617
2022-07-19,575,10684,49965093,39894301
2022-07-20,580,11274,49965673,39905575
2022-07-21,630,12088,49966303,39917663
2022-07-22,584,11258,49966887,39928921
2022-07-23,381,6774,49967268,39935695
2022-07-24,76,857,49967344,39936552
2022-07-25,503,9051,49967847,39945603
2022-07-26,520,9761,49968367,39955364
2022-07-27,552,10208,49968919,39965572
2022-07-28,533,10533,49969452,39976105
2022-07-29,511,9465,49969963,39985570
2022-07-30,383,5881,49970346,39991451
2022-07-31,49,764,49970395,39992215
2022-08-01,386,6864,49970781,39999079
2022-08-02,545,7589,49971326,40006668
2022-08-03,512,7179,49971838,40013847
2022-08-04,455,7489,49972293,40021336
2022-08-05,421,6527,49972714,40027863
2022-08-06,299,3613,49973013,40031476
2022-08-07,44,561,49973057,40032037
2022-08-08,403,4890,49973460,40036927
2022-08-09,381,5311,49973841,40042238
2022-08-10,385,4817,49974226,40047055
2022-08-11,369,4803,49974595,40051858
2022-08-12,293,3720,49974888,40055578
2022-08-13,143,1600,49975031,40057178
2022-08-14,9,129,49975040,40057307
2022-08-15,1,26,49975041,40057333
2022-08-16,282,3043,49975323,40060376
2022-08-17,352,3536,49975675,40063912
2022-08-18,392,4160,49976067,40068072
2022-08-19,341,3319,49976408,40071391
2022-08-20,183,1715,49976591,40073106
2022-08-21,24,149,49976615,40073255
2022-08-22,329,2952,49976944,40076207
2022-08-23,370,3674,49977314,40079881
2022-08-24,384,3360,49977698,40083241
2022-08-25,422,3774,49978120,40087015
2022-08-26,400,3574,49978520,40090589
2022-08-27,237,1769,49978757,40092358
2022-08-28,29,267,49978786,40092625
2022-08-29,354,3161,49979140,40095786
2022-08-30,403,3671,49979543,40099457
2022-08-31,438,3734,49979981,40103191
2022-09-01,353,3116,49980334,40106307
2022-09-02,296,2893,49980630,40109200
2022-09-03,200,1689,49980830,40110889
2022-09-04,24,149,49980854,40111038
2022-09-05,187,2656,49981041,40113694
2022-09-06,305,2981,49981346,40116675
2022-09-07,540,2937,49981886,40119612
2022-09-08,292,2962,49982178,40122574
2022-09-09,305,2886,49982483,40125460
2022-09-10,227,1326,49982710,40126786
2022-09-11,23,124,49982733,40126910
2022-09-12,267,2267,49983000,40129177
2022-09-13,252,2276,49983252,40131453
2022-09-14,266,2566,49983518,40134019
2022-09-15,282,2499,49983800,40136518
2022-09-16,254,2546,49984054,40139064
2022-09-17,239,1339,49984293,40140403
2022-09-18,20,170,49984313,40140573
2022-09-19,206,1970,49984519,40142543
2022-09-20,236,2391,49984755,40144934
2022-09-21,289,2526,49985044,40147460
2022-09-22,266,2662,49985310,40150122
2022-09-23,259,2543,49985569,40152665
2022-09-24,193,1427,49985762,40154092
2022-09-25,29,133,49985791,40154225
2022-09-26,280,2248,49986071,40156473
2022-09-27,287,2683,49986358,40159156
2022-09-28,310,2903,49986668,40162059
2022-09-29,257,3049,49986925,40165108
2022-09-30,292,2989,49987217,40168097
2022-10-01,195,1515,49987412,40169612
2022-10-02,12,187,49987424,40169799
2022-10-03,184,2473,49987608,40172272
2022-10-04,236,2864,49987844,40175136
2022-10-05,229,3249,49988073,40178385
2022-10-06,243,3874,49988316,40182259
2022-10-07,282,4187,49988598,40186446
2022-10-08,202,2270,49988800,40188716
2022-10-09,8,305,49988808,40189021
2022-10-10,210,3356,49989018,40192377
2022-10-11,192,4379,49989210,40196756
2022-10-12,209,4440,49989419,40201196
2022-10-13,201,5304,49989620,40206500
2022-10-14,232,5021,49989852,40211521
2022-10-15,190,2671,49990042,40214192
2022-10-16,6,360,49990048,40214552
2022-10-17,185,3871,49990233,40218423
2022-10-18,257,4964,49990490,40223387
2022-10-19,244,5478,49990734,40228865
2022-10-20,224,5993,49990958,40234858
2022-10-21,250,5476,49991208,40240334
2022-10-22,195,2910,49991403,40243244
2022-10-23,13,364,49991416,40243608
2022-10-24,171,3926,49991587,40247534
2022-10-25,253,4925,49991840,40252459
2022-10-26,345,5498,49992185,40257957
2022-10-27,241,5669,49992426,40263626
2022-10-28,198,5260,49992624,40268886
2022-10-29,128,2844,49992752,40271730
2022-10-30,3,328,49992755,40272058
2022-10-31,117,3035,49992872,40275093
2022-11-01,11,353,49992883,40275446
2022-11-02,143,3716,49993026,40279162
2022-11-03,173,4782,49993199,40283944
2022-11-04,224,4597,49993423,40288541
2022-11-05,144,2594,49993567,40291135
2022-11-06,10,259,49993577,40291394
2022-11-07,170,3222,49993747,40294616
2022-11-08,259,4239,49994006,40298855
2022-11-09,197,4323,49994203,40303178
2022-11-10,182,4580,49994385,40307758
2022-11-11,192,4215,49994577,40311973
2022-11-12,154,2363,49994731,40314336
2022-11-13,7,335,49994738,40314671
2022-11-14,149,2835,49994887,40317506
2022-11-15,200,3737,49995087,40321243
2022-11-16,216,3975,49995303,40325218
2022-11-17,192,4080,49995495,40329298
2022-11-18,247,4004,49995742,40333302
2022-11-19,112,2092,49995854,40335394
2022-11-20,24,314,49995878,40335708
2022-11-21,118,2608,49995996,40338316
2022-11-22,142,3202,49996138,40341518
2022-11-23,192,3611,49996330,40345129
2022-11-24,155,3798,49996485,40348927
2022-11-25,184,3735,49996669,40352662
2022-11-26,130,2088,49996799,40354750
2022-11-27,22,356,49996821,40355106
2022-11-28,177,2665,49996998,40357771
2022-11-29,183,3200,49997181,40360971
2022-11-30,174,3691,49997355,40364662
2022-12-01,222,3565,49997577,40368227
2022-12-02,155,3482,49997732,40371709
2022-12-03,101,1937,49997833,40373646
2022-12-04,5,290,49997838,40373936
2022-12-05,123,2779,49997961,40376715
2022-12-06,163,3511,49998124,40380226
2022-12-07,127,2908,49998251,40383134
2022-12-08,7,122,49998258,40383256
2022-12-09,142,2621,49998400,40385877