data_somministrazione,vaccinazioni,booster,cum_vaccinazioni,cum_booster
2020-12-27,22,0,22,0
2020-12-28,2,0,24,0
2020-12-29,1,0,25,0
2020-12-30,8,0,33,0
2020-12-31,83,0,116,0
2021-01-01,27,0,143,0
2021-01-02,154,0,297,0
2021-01-03,118,0,415,0
2021-01-04,249,0,664,0
2021-01-05,293,0,957,0
2021-01-06,265,0,1222,0
2021-01-07,335,0,1557,0
2021-01-08,391,0,1948,0
2021-01-09,298,0,2246,0
2021-01-10,178,0,2424,0
2021-01-11,314,0,2738,0
2021-01-12,295,0,3033,0
2021-01-13,428,0,3461,0
2021-01-14,509,0,3970,0
2021-01-15,329,0,4299,0
2021-01-16,226,0,4525,0
2021-01-17,3065,0,7590,0
2021-01-18,5222,0,12812,0
2021-01-19,1897,0,14709,0
2021-01-20,4660,0,19369,0
2021-01-21,20004,0,39373,0
2021-01-22,14219,0,53592,0
2021-01-23,33314,0,86906,0
2021-01-24,30771,0,117677,0
2021-01-25,64695,0,182372,0
2021-01-26,76453,0,258825,0
2021-01-27,64804,0,323629,0
2021-01-28,89237,0,412866,0
2021-01-29,93987,0,506853,0
2021-01-30,86535,0,593388,0
2021-01-31,57316,0,650704,0
2021-02-01,81830,0,732534,0
2021-02-02,82125,0,814659,0
2021-02-03,91097,0,905756,0
2021-02-04,95378,0,1001134,0
2021-02-05,90264,0,1091398,0
2021-02-06,63452,0,1154850,0
2021-02-07,32935,0,1187785,0
2021-02-08,40421,0,1228206,0
2021-02-09,32882,0,1261088,0
2021-02-10,28443,0,1289531,0
2021-02-11,20410,0,1309941,0
2021-02-12,16254,0,1326195,0
2021-02-13,7287,0,1333482,0
2021-02-14,2862,0,1336344,0
2021-02-15,6852,0,1343196,0
2021-02-16,7008,0,1350204,0
2021-02-17,10528,0,1360732,0
2021-02-18,9260,0,1369992,0
2021-02-19,8259,0,1378251,0
2021-02-20,5592,0,1383843,0
2021-02-21,3017,0,1386860,0
2021-02-22,6884,0,1393744,0
2021-02-23,7192,0,1400936,0
2021-02-24,9817,0,1410753,0
2021-02-25,14217,0,1424970,0
2021-02-26,17564,0,1442534,0
2021-02-27,13929,0,1456463,0
2021-02-28,9401,0,1465864,0
2021-03-01,26534,0,1492398,0
2021-03-02,33246,0,1525644,0
2021-03-03,44654,0,1570298,0
2021-03-04,50305,0,1620603,0
2021-03-05,55746,0,1676349,0
2021-03-06,41885,0,1718234,0
2021-03-07,22331,0,1740565,0
2021-03-08,50839,0,1791404,0
2021-03-09,53095,0,1844499,0
2021-03-10,58702,0,1903201,0
2021-03-11,63898,0,1967099,0
2021-03-12,65153,0,2032252,0
2021-03-13,51733,0,2083985,0
2021-03-14,35429,0,2119414,0
2021-03-15,73467,0,2192881,0
2021-03-16,74031,0,2266912,0
2021-03-17,83151,0,2350063,0
2021-03-18,81633,0,2431696,0
2021-03-19,81091,0,2512787,0
2021-03-20,64748,0,2577535,0
2021-03-21,47315,0,2624850,0
2021-03-22,69506,0,2694356,0
2021-03-23,75826,0,2770182,0
2021-03-24,90945,0,2861127,0
2021-03-25,89831,0,2950958,0
2021-03-26,83649,0,3034607,0
2021-03-27,71964,0,3106571,0
2021-03-28,44196,0,3150767,0
2021-03-29,70853,0,3221620,0
2021-03-30,81423,0,3303043,0
2021-03-31,96274,0,3399317,0
2021-04-01,95345,0,3494662,0
2021-04-02,84089,0,3578751,0
2021-04-03,64316,0,3643067,0
2021-04-04,21727,0,3664794,0
2021-04-05,40329,0,3705123,0
2021-04-06,81360,0,3786483,0
2021-04-07,95853,0,3882336,0
2021-04-08,95271,0,3977607,0
2021-04-09,88508,0,4066115,0
2021-04-10,74043,0,4140158,0
2021-04-11,44771,0,4184929,0
2021-04-12,66928,0,4251857,0
2021-04-13,72606,0,4324463,0
2021-04-14,85561,0,4410024,0
2021-04-15,105426,0,4515450,0
2021-04-16,106441,0,4621891,0
2021-04-17,90538,0,4712429,0
2021-04-18,58601,0,4771030,0
2021-04-19,93448,0,4864478,0
2021-04-20,103784,0,4968262,0
2021-04-21,125344,0,5093606,0
2021-04-22,143540,0,5237146,0
2021-04-23,138769,0,5375915,0
2021-04-24,124456,0,5500371,0
2021-04-25,61471,0,5561842,0
2021-04-26,97921,0,5659763,0
2021-04-27,128385,0,5788148,0
2021-04-28,156407,0,5944555,0
2021-04-29,195630,0,6140185,0
2021-04-30,214626,0,6354811,0
2021-05-01,174153,0,6528964,0
2021-05-02,135819,0,6664783,0
2021-05-03,142090,0,6806873,0
2021-05-04,158724,0,6965597,0
2021-05-05,170558,0,7136155,0
2021-05-06,197840,0,7333995,0
2021-05-07,213890,0,7547885,0
2021-05-08,213446,0,7761331,0
2021-05-09,143227,0,7904558,0
2021-05-10,165110,0,8069668,0
2021-05-11,175020,0,8244688,0
2021-05-12,179243,0,8423931,0
2021-05-13,203443,0,8627374,0
2021-05-14,222957,0,8850331,0
2021-05-15,210400,0,9060731,0
2021-05-16,159300,0,9220031,0
2021-05-17,219232,0,9439263,0
2021-05-18,213034,0,9652297,0
2021-05-19,207109,0,9859406,0
2021-05-20,270919,0,10130325,0
2021-05-21,270920,0,10401245,0
2021-05-22,245552,0,10646797,0
2021-05-23,197199,0,10843996,0
2021-05-24,228314,0,11072310,0
2021-05-25,245703,0,11318013,0
2021-05-26,277579,0,11595592,0
2021-05-27,311112,0,11906704,0
2021-05-28,299595,0,12206299,0
2021-05-29,231265,0,12437564,0
2021-05-30,170860,0,12608424,0
2021-05-31,216447,0,12824871,0
2021-06-01,207649,0,13032520,0
2021-06-02,115815,0,13148335,0
2021-06-03,180197,0,13328532,0
2021-06-04,184945,0,13513477,0
2021-06-05,186029,0,13699506,0
2021-06-06,139610,0,13839116,0
2021-06-07,161929,0,14001045,0
2021-06-08,171322,0,14172367,0
2021-06-09,171548,0,14343915,0
2021-06-10,174193,0,14518108,0
2021-06-11,170077,0,14688185,0
2021-06-12,128429,0,14816614,0
2021-06-13,91261,0,14907875,0
2021-06-14,214723,0,15122598,0
2021-06-15,228481,0,15351079,0
2021-06-16,253128,0,15604207,0
2021-06-17,301807,0,15906014,0
2021-06-18,306362,0,16212376,0
2021-06-19,275156,0,16487532,0
2021-06-20,220839,0,16708371,0
2021-06-21,288129,0,16996500,0
2021-06-22,296281,0,17292781,0
2021-06-23,302726,0,17595507,0
2021-06-24,332638,0,17928145,0
2021-06-25,348748,0,18276893,0
2021-06-26,300159,0,18577052,0
2021-06-27,228718,0,18805770,0
2021-06-28,307176,0,19112946,0
2021-06-29,329369,0,19442315,0
2021-06-30,342245,0,19784560,0
2021-07-01,363269,0,20147829,0
2021-07-02,368522,0,20516351,0
2021-07-03,371108,0,20887459,0
2021-07-04,283254,0,21170713,0
2021-07-05,384574,0,21555287,0
2021-07-06,385501,0,21940788,0
2021-07-07,412150,0,22352938,0
2021-07-08,479582,0,22832520,0
2021-07-09,498453,0,23330973,0
2021-07-10,475176,0,23806149,0
2021-07-11,357685,0,24163834,0
2021-07-12,485868,0,24649702,0
2021-07-13,492053,0,25141755,0
2021-07-14,480430,0,25622185,0
2021-07-15,523400,0,26145585,0
2021-07-16,509732,0,26655317,0
2021-07-17,464313,0,27119630,0
2021-07-18,364622,0,27484252,0
2021-07-19,463029,0,27947281,0
2021-07-20,458035,0,28405316,0
2021-07-21,462787,0,28868103,0
2021-07-22,475368,0,29343471,0
2021-07-23,441322,0,29784793,0
2021-07-24,386142,0,30170935,0
2021-07-25,287530,0,30458465,0
2021-07-26,430881,0,30889346,0
2021-07-27,440103,0,31329449,0
2021-07-28,391011,0,31720460,0
2021-07-29,372066,0,32092526,0
2021-07-30,341531,0,32434057,0
2021-07-31,287056,0,32721113,0
2021-08-01,190997,0,32912110,0
2021-08-02,333706,0,33245816,0
2021-08-03,323182,0,33568998,0
2021-08-04,311006,0,33880004,0
2021-08-05,292478,0,34172482,0
2021-08-06,260047,0,34432529,0
2021-08-07,199078,0,34631607,0
2021-08-08,153110,0,34784717,0
2021-08-09,234079,0,35018796,0
2021-08-10,205293,0,35224089,0
2021-08-11,193802,0,35417891,0
2021-08-12,168083,0,35585974,0
2021-08-13,148683,0,35734657,0
2021-08-14,66106,0,35800763,0
2021-08-15,26346,0,35827109,0
2021-08-16,114725,0,35941834,0
2021-08-17,129265,0,36071099,0
2021-08-18,128766,0,36199865,0
2021-08-19,124869,0,36324734,0
2021-08-20,123799,0,36448533,0
2021-08-21,83138,0,36531671,0
2021-08-22,68182,0,36599853,0
2021-08-23,176862,0,36776715,0
2021-08-24,156888,0,36933603,0
2021-08-25,177168,0,37110771,0
2021-08-26,172347,0,37283118,0
2021-08-27,185826,0,37468944,0
2021-08-28,140294,0,37609238,0
2021-08-29,98998,0,37708236,0
2021-08-30,209580,0,37917816,0
2021-08-31,194638,0,38112454,0
2021-09-01,192218,0,38304672,0
2021-09-02,189932,0,38494604,0
2021-09-03,191274,0,38685878,0
2021-09-04,131427,0,38817305,0
2021-09-05,87839,0,38905144,0
2021-09-06,193593,0,39098737,0
2021-09-07,196032,0,39294769,0
2021-09-08,187849,0,39482618,0
2021-09-09,201411,0,39684029,0
2021-09-10,198041,0,39882070,0
2021-09-11,141285,0,40023355,0
2021-09-12,89589,0,40112944,0
2021-09-13,191088,674,40304032,674
2021-09-14,177204,668,40481236,1342
2021-09-15,163082,662,40644318,2004
2021-09-16,160039,1024,40804357,3028
2021-09-17,150160,1182,40954517,4210
2021-09-18,127987,788,41082504,4998
2021-09-19,81141,514,41163645,5512
2021-09-20,180059,9147,41343704,14659
2021-09-21,166679,8868,41510383,23527
2021-09-22,159125,9472,41669508,32999
2021-09-23,138117,9365,41807625,42364
2021-09-24,140556,9025,41948181,51389
2021-09-25,119563,5682,42067744,57071
2021-09-26,71994,4371,42139738,61442
2021-09-27,135674,10097,42275412,71539
2021-09-28,117523,11439,42392935,82978
2021-09-29,112386,11858,42505321,94836
2021-09-30,110297,14993,42615618,109829
2021-10-01,95010,19146,42710628,128975
2021-10-02,78532,14048,42789160,143023
2021-10-03,47762,7673,42836922,150696
2021-10-04,88394,34492,42925316,185188
2021-10-05,80394,34024,43005710,219212
2021-10-06,72003,34226,43077713,253438
2021-10-07,71885,34384,43149598,287822
2021-10-08,80649,33633,43230247,321455
2021-10-09,76119,22204,43306366,343659
2021-10-10,45795,13632,43352161,357291
2021-10-11,87456,41140,43439617,398431
2021-10-12,84518,46942,43524135,445373
2021-10-13,88230,52178,43612365,497551
2021-10-14,91559,58565,43703924,556116
2021-10-15,93604,55693,43797528,611809
2021-10-16,82976,36837,43880504,648646
2021-10-17,51460,23865,43931964,672511
2021-10-18,90303,59534,44022267,732045
2021-10-19,78355,69428,44100622,801473
2021-10-20,75060,78223,44175682,879696
2021-10-21,78286,81830,44253968,961526
2021-10-22,73768,77093,44327736,1038619
2021-10-23,60840,51977,44388576,1090596
2021-10-24,33365,23487,44421941,1114083
2021-10-25,64902,81677,44486843,1195760
2021-10-26,58370,91852,44545213,1287612
2021-10-27,58318,104047,44603531,1391659
2021-10-28,61445,114175,44664976,1505834
2021-10-29,61619,103209,44726595,1609043
2021-10-30,50670,68165,44777265,1677208
2021-10-31,25158,28314,44802423,1705522
2021-11-01,19050,28160,44821473,1733682
2021-11-02,62740,89451,44884213,1823133
2021-11-03,60711,118719,44944924,1941852
2021-11-04,59238,126718,45004162,2068570
2021-11-05,63092,135239,45067254,2203809
2021-11-06,46494,90947,45113748,2294756
2021-11-07,22248,37908,45135996,2332664
2021-11-08,51522,131309,45187518,2463973
2021-11-09,45407,144240,45232925,2608213
2021-11-10,42595,156386,45275520,2764599
2021-11-11,44927,155191,45320447,2919790
2021-11-12,46303,158722,45366750,3078512
2021-11-13,33272,116683,45400022,3195195
2021-11-14,14490,52463,45414512,3247658
2021-11-15,36907,157458,45451419,3405116
2021-11-16,30567,171425,45481986,3576541
2021-11-17,28467,178472,45510453,3755013
2021-11-18,30297,193777,45540750,3948790
2021-11-19,28824,205897,45569574,4154687
2021-11-20,21013,156461,45590587,4311148
2021-11-21,10612,64871,45601199,4376019
2021-11-22,21960,213170,45623159,4589189
2021-11-23,23609,241805,45646768,4830994
2021-11-24,27770,271106,45674538,5102100
2021-11-25,23267,301955,45697805,5404055
2021-11-26,24602,318313,45722407,5722368
2021-11-27,21419,266178,45743826,5988546
2021-11-28,9911,137072,45753737,6125618
2021-11-29,22370,326083,45776107,6451701
2021-11-30,23123,365864,45799230,6817565
2021-12-01,21566,413548,45820796,7231113
2021-12-02,23801,440444,45844597,7671557
2021-12-03,25285,467547,45869882,8139104
2021-12-04,22395,418814,45892277,8557918
2021-12-05,11946,261367,45904223,8819285
2021-12-06,25854,457637,45930077,9276922
2021-12-07,24174,480313,45954251,9757235
2021-12-08,10033,249726,45964284,10006961
2021-12-09,31634,491970,45995918,10498931
2021-12-10,28111,517942,46024029,11016873
2021-12-11,23597,459288,46047626,11476161
2021-12-12,12328,293539,46059954,11769700
2021-12-13,26191,467662,46086145,12237362
2021-12-14,25212,494248,46111357,12731610
2021-12-15,25384,517190,46136741,13248800
2021-12-16,27943,520313,46164684,13769113
2021-12-17,29406,517230,46194090,14286343
2021-12-18,27117,468788,46221207,14755131
2021-12-19,15178,300546,46236385,15055677
2021-12-20,30686,477512,46267071,15533189
2021-12-21,30425,493453,46297496,16026642
2021-12-22,29499,484760,46326995,16511402
2021-12-23,28291,426974,46355286,16938376
2021-12-24,13129,210846,46368415,17149222
2021-12-25,2104,33053,46370519,17182275
2021-12-26,8785,159077,46379304,17341352
2021-12-27,46852,504706,46426156,17846058
2021-12-28,42513,554271,46468669,18400329
2021-12-29,34407,550689,46503076,18951018
2021-12-30,31905,499872,46534981,19450890
2021-12-31,14154,247410,46549135,19698300
2022-01-01,3503,64815,46552638,19763115
2022-01-02,22844,276728,46575482,20039843
2022-01-03,47964,520048,46623446,20559891
2022-01-04,46497,572108,46669943,21131999
2022-01-05,40866,560430,46710809,21692429
2022-01-06,23548,274489,46734357,21966918
2022-01-07,63817,554231,46798174,22521149
2022-01-08,61012,503428,46859186,23024577
2022-01-09,42987,319710,46902173,23344287
2022-01-10,61194,542331,46963367,23886618
2022-01-11,61881,587041,47025248,24473659
2022-01-12,58575,581316,47083823,25054975
2022-01-13,58737,580437,47142560,25635412
2022-01-14,46967,588626,47189527,26224038
2022-01-15,39619,570002,47229146,26794040
2022-01-16,31335,341899,47260481,27135939
2022-01-17,54867,489700,47315348,27625639
2022-01-18,58484,517061,47373832,28142700
2022-01-19,57285,502829,47431117,28645529
2022-01-20,54439,498866,47485556,29144395
2022-01-21,42198,493906,47527754,29638301
2022-01-22,31322,469625,47559076,30107926
2022-01-23,34992,275393,47594068,30383319
2022-01-24,56236,437258,47650304,30820577
2022-01-25,61611,452135,47711915,31272712
2022-01-26,58607,435851,47770522,31708563
2022-01-27,48906,432420,47819428,32140983
2022-01-28,58771,436571,47878199,32577554
2022-01-29,68202,412523,47946401,32990077
2022-01-30,50414,235995,47996815,33226072
2022-01-31,60730,356955,48057545,33583027
2022-02-01,65627,328473,48123172,33911500
2022-02-02,63257,297002,48186429,34208502
2022-02-03,60102,274543,48246531,34483045
2022-02-04,72420,268477,48318951,34751522
2022-02-05,83822,248560,48402773,35000082
2022-02-06,55309,116208,48458082,35116290
2022-02-07,65193,199949,48523275,35316239
2022-02-08,66960,186134,48590235,35502373
2022-02-09,58783,166356,48649018,35668729
2022-02-10,58603,163256,48707621,35831985
2022-02-11,62282,162483,48769903,35994468
2022-02-12,72018,152157,48841921,36146625
2022-02-13,41488,68860,48883409,36215485
2022-02-14,46713,116196,48930122,36331681
2022-02-15,48573,123483,48978695,36455164
2022-02-16,45702,106132,49024397,36561296
2022-02-17,42877,98128,49067274,36659424
2022-02-18,46638,112591,49113912,36772015
2022-02-19,52548,100341,49166460,36872356
2022-02-20,31415,40368,49197875,36912724
2022-02-21,37903,89661,49235778,37002385
2022-02-22,37229,83785,49273007,37086170
2022-02-23,33404,79409,49306411,37165579
2022-02-24,32563,78169,49338974,37243748
2022-02-25,34776,90716,49373750,37334464
2022-02-26,39167,89138,49412917,37423602
2022-02-27,22548,35860,49435465,37459462
2022-02-28,28492,81700,49463957,37541162
2022-03-01,22735,53944,49486692,37595106
2022-03-02,21937,50713,49508629,37645819
2022-03-03,22641,54947,49531270,37700766
2022-03-04,23245,62803,49554515,37763569
2022-03-05,23805,57953,49578320,37821522
2022-03-06,9473,17200,49587793,37838722
2022-03-07,15928,51391,49603721,37890113
2022-03-08,15483,48796,49619204,37938909
2022-03-09,13815,46518,49633019,37985427
2022-03-10,14061,52128,49647080,38037555
2022-03-11,15594,57276,49662674,38094831
2022-03-12,15513,56620,49678187,38151451
2022-03-13,5545,16852,49683732,38168303
2022-03-14,10528,46703,49694260,38215006
2022-03-15,10556,46894,49704816,38261900
2022-03-16,9488,41979,49714304,38303879
2022-03-17,9727,44877,49724031,38348756
2022-03-18,10164,49059,49734195,38397815
2022-03-19,9152,46541,49743347,38444356
2022-03-20,2608,11704,49745955,38456060
2022-03-21,7587,40233,49753542,38496293
2022-03-22,8448,37769,49761990,38534062
2022-03-23,7221,33701,49769211,38567763
2022-03-24,8262,38821,49777473,38606584
2022-03-25,8144,43673,49785617,38650257
2022-03-26,8129,41722,49793746,38691979
2022-03-27,2432,9683,49796178,38701662
2022-03-28,6113,35245,49802291,38736907
2022-03-29,5783,32532,49808074,38769439
2022-03-30,5567,30205,49813641,38799644
2022-03-31,5906,33187,49819547,38832831
2022-04-01,4351,25191,49823898,38858022
2022-04-02,4498,23275,49828396,38881297
2022-04-03,1049,4500,49829445,38885797
2022-04-04,3662,21547,49833107,38907344
2022-04-05,3759,22938,49836866,38930282
2022-04-06,4105,21853,49840971,38952135
2022-04-07,3971,23321,49844942,38975456
2022-04-08,4696,26716,49849638,39002172
2022-04-09,4382,23888,49854020,39026060
2022-04-10,893,4613,49854913,39030673
2022-04-11,3819,22691,49858732,39053364
2022-04-12,3364,21781,49862096,39075145
2022-04-13,3574,21337,49865670,39096482
2022-04-14,3487,23789,49869157,39120271
2022-04-15,3085,20622,49872242,39140893
2022-04-16,2152,11918,49874394,39152811
2022-04-17,63,348,49874457,39153159
2022-04-18,152,650,49874609,39153809
2022-04-19,3500,21988,49878109,39175797
2022-04-20,3513,20250,49881622,39196047
2022-04-21,2848,19793,49884470,39215840
2022-04-22,2928,20715,49887398,39236555
2022-04-23,2648,16222,49890046,39252777
2022-04-24,509,2335,49890555,39255112
2022-04-25,183,1165,49890738,39256277
2022-04-26,2761,17813,49893499,39274090
2022-04-27,2375,15795,49895874,39289885
2022-04-28,2363,15567,49898237,39305452
2022-04-29,2299,14850,49900536,39320302
2022-04-30,2123,11585,49902659,39331887
2022-05-01,113,531,49902772,39332418
2022-05-02,1451,9394,49904223,39341812
2022-05-03,1577,10326,49905800,39352138
2022-05-04,1747,10276,49907547,39362414
2022-05-05,1654,10301,49909201,39372715
2022-05-06,1702,10972,49910903,39383687
2022-05-07,1431,8574,49912334,39392261
2022-05-08,417,1526,49912751,39393787
2022-05-09,1028,8935,49913779,39402722
2022-05-10,1427,9554,49915206,39412276
2022-05-11,1485,10109,49916691,39422385
2022-05-12,1371,10137,49918062,39432522
2022-05-13,1596,10527,49919658,39443049
2022-05-14,1361,8248,49921019,39451297
2022-05-15,336,1138,49921355,39452435
2022-05-16,814,8409,49922169,39460844
2022-05-17,1244,8707,49923413,39469551
2022-05-18,1373,9256,49924786,39478807
2022-05-19,1501,9287,49926287,39488094
2022-05-20,1426,9535,49927713,39497629
2022-05-21,1302,7902,49929015,39505531
2022-05-22,231,1013,49929246,39506544
2022-05-23,830,8274,49930076,39514818
2022-05-24,1073,8673,49931149,39523491
2022-05-25,1372,9460,49932521,39532951
2022-05-26,1198,9480,49933719,39542431
2022-05-27,1232,9917,49934951,39552348
2022-05-28,1205,7890,49936156,39560238
2022-05-29,288,1265,49936444,39561503
2022-05-30,931,8060,49937375,39569563
2022-05-31,1039,8549,49938414,39578112
2022-06-01,896,7657,49939310,39585769
2022-06-02,35,474,49939345,39586243
2022-06-03,817,7334,49940162,39593577
2022-06-04,870,5162,49941032,39598739
2022-06-05,88,586,49941120,39599325
2022-06-06,679,7004,49941799,39606329
2022-06-07,952,7850,49942751,39614179
2022-06-08,981,7906,49943732,39622085
2022-06-09,1037,8418,49944769,39630503
2022-06-10,958,8563,49945727,39639066
2022-06-11,904,6206,49946631,39645272
2022-06-12,140,768,49946771,39646040
2022-06-13,602,6301,49947373,39652341
2022-06-14,832,7905,49948205,39660246
2022-06-15,960,7856,49949165,39668102
2022-06-16,733,7399,49949898,39675501
2022-06-17,723,7248,49950621,39682749
2022-06-18,778,5596,49951399,39688345
2022-06-19,49,521,49951448,39688866
2022-06-20,587,6699,49952035,39695565
2022-06-21,741,7664,49952776,39703229
2022-06-22,779,7313,49953555,39710542
2022-06-23,649,7472,49954204,39718014
2022-06-24,644,7474,49954848,39725488
2022-06-25,835,6533,49955683,39732021
2022-06-26,128,523,49955811,39732544
2022-06-27,534,7126,49956345,39739670
2022-06-28,748,8208,49957093,39747878
2022-06-29,756,7733,49957849,39755611
2022-06-30,747,8145,49958596,39763756
2022-07-01,577,6443,49959173,39770199
2022-07-02,536,4769,49959709,39774968
2022-07-03,49,456,49959758,39775424
2022-07-04,469,6278,49960227,39781702
2022-07-05,631,8122,49960858,39789824
2022-07-06,634,7611,49961492,39797435
2022-07-07,576,8274,49962068,39805709
2022-07-08,677,8086,49962745,39813795
2022-07-09,550,6105,49963295,39819900
2022-07-10,58,533,49963353,39820433
2022-07-11,493,7642,49963846,39828075
2022-07-12,669,9029,49964515,39837104
2022-07-13,645,10066,49965160,39847170
2022-07-14,637,10225,49965797,39857395
2022-07-15,627,10674,49966424,39868069
2022-07-16,523,7215,49966947,39875284
2022-07-17,48,770,49966995,39876054
2022-07-18,496,9375,49967491,39885429
2022-07-19,576,10684,49968067,39896113
2022-07-20,582,11277,49968649,39907390
2022-07-21,632,12093,49969281,39919483
2022-07-22,584,11262,49969865,39930745
2022-07-23,381,6775,49970246,39937520
2022-07-24,76,857,49970322,39938377
2022-07-25,504,9056,49970826,39947433
2022-07-26,522,9766,49971348,39957199
2022-07-27,554,10210,49971902,39967409
2022-07-28,533,10534,49972435,39977943
2022-07-29,510,9467,49972945,39987410
2022-07-30,383,5883,49973328,39993293
2022-07-31,49,764,49973377,39994057
2022-08-01,386,6865,49973763,40000922
2022-08-02,548,7590,49974311,40008512
2022-08-03,513,7182,49974824,40015694
2022-08-04,455,7493,49975279,40023187
2022-08-05,421,6527,49975700,40029714
2022-08-06,300,3613,49976000,40033327
2022-08-07,44,563,49976044,40033890
2022-08-08,403,4890,49976447,40038780
2022-08-09,381,5313,49976828,40044093
2022-08-10,385,4816,49977213,40048909
2022-08-11,369,4804,49977582,40053713
2022-08-12,294,3719,49977876,40057432
2022-08-13,143,1600,49978019,40059032
2022-08-14,9,129,49978028,40059161
2022-08-15,1,26,49978029,40059187
2022-08-16,283,3043,49978312,40062230
2022-08-17,352,3536,49978664,40065766
2022-08-18,394,4160,49979058,40069926
2022-08-19,341,3319,49979399,40073245
2022-08-20,184,1715,49979583,40074960
2022-08-21,24,149,49979607,40075109
2022-08-22,330,2952,49979937,40078061
2022-08-23,370,3674,49980307,40081735
2022-08-24,384,3360,49980691,40085095
2022-08-25,423,3773,49981114,40088868
2022-08-26,399,3585,49981513,40092453
2022-08-27,237,1770,49981750,40094223
2022-08-28,29,267,49981779,40094490
2022-08-29,354,3161,49982133,40097651
2022-08-30,406,3672,49982539,40101323
2022-08-31,438,3734,49982977,40105057
2022-09-01,353,3117,49983330,40108174
2022-09-02,297,2894,49983627,40111068
2022-09-03,200,1692,49983827,40112760
2022-09-04,24,149,49983851,40112909
2022-09-05,187,2656,49984038,40115565
2022-09-06,306,2985,49984344,40118550
2022-09-07,542,2936,49984886,40121486
2022-09-08,293,2964,49985179,40124450
2022-09-09,308,2886,49985487,40127336
2022-09-10,228,1327,49985715,40128663
2022-09-11,23,124,49985738,40128787
2022-09-12,267,2269,49986005,40131056
2022-09-13,253,2279,49986258,40133335
2022-09-14,266,2566,49986524,40135901
2022-09-15,283,2501,49986807,40138402
2022-09-16,255,2542,49987062,40140944
2022-09-17,239,1339,49987301,40142283
2022-09-18,20,170,49987321,40142453
2022-09-19,206,1971,49987527,40144424
2022-09-20,237,2392,49987764,40146816
2022-09-21,289,2526,49988053,40149342
2022-09-22,267,2663,49988320,40152005
2022-09-23,261,2546,49988581,40154551
2022-09-24,193,1427,49988774,40155978
2022-09-25,29,133,49988803,40156111
2022-09-26,281,2249,49989084,40158360
2022-09-27,287,2680,49989371,40161040
2022-09-28,310,2905,49989681,40163945
2022-09-29,257,3050,49989938,40166995
2022-09-30,292,2987,49990230,40169982
2022-10-01,195,1515,49990425,40171497
2022-10-02,12,187,49990437,40171684
2022-10-03,186,2475,49990623,40174159
2022-10-04,236,2861,49990859,40177020
2022-10-05,233,3253,49991092,40180273
2022-10-06,243,3872,49991335,40184145
2022-10-07,283,4184,49991618,40188329
2022-10-08,206,2268,49991824,40190597
2022-10-09,8,305,49991832,40190902
2022-10-10,214,3347,49992046,40194249
2022-10-11,195,4378,49992241,40198627
2022-10-12,207,4436,49992448,40203063
2022-10-13,206,5299,49992654,40208362
2022-10-14,233,5006,49992887,40213368
2022-10-15,191,2669,49993078,40216037
2022-10-16,6,360,49993084,40216397
2022-10-17,187,3873,49993271,40220270
2022-10-18,257,4959,49993528,40225229
2022-10-19,246,5476,49993774,40230705
2022-10-20,224,5995,49993998,40236700
2022-10-21,257,5475,49994255,40242175
2022-10-22,195,2910,49994450,40245085
2022-10-23,13,364,49994463,40245449
2022-10-24,171,3929,49994634,40249378
2022-10-25,256,4925,49994890,40254303
2022-10-26,350,5501,49995240,40259804
2022-10-27,240,5675,49995480,40265479
2022-10-28,199,5264,49995679,40270743
2022-10-29,128,2844,49995807,40273587
2022-10-30,3,328,49995810,40273915
2022-10-31,117,3039,49995927,40276954
2022-11-01,11,353,49995938,40277307
2022-11-02,146,3721,49996084,40281028
2022-11-03,172,4788,49996256,40285816
2022-11-04,228,4600,49996484,40290416
2022-11-05,144,2598,49996628,40293014
2022-11-06,10,261,49996638,40293275
2022-11-07,169,3226,49996807,40296501
2022-11-08,261,4252,49997068,40300753
2022-11-09,202,4333,49997270,40305086
2022-11-10,183,4596,49997453,40309682
2022-11-11,193,4230,49997646,40313912
2022-11-12,161,2378,49997807,40316290
2022-11-13,7,338,49997814,40316628
2022-11-14,150,2836,49997964,40319464
2022-11-15,204,3748,49998168,40323212
2022-11-16,217,3999,49998385,40327211
2022-11-17,193,4106,49998578,40331317
2022-11-18,248,4033,49998826,40335350
2022-11-19,112,2087,49998938,40337437
2022-11-20,24,317,49998962,40337754
2022-11-21,119,2621,49999081,40340375
2022-11-22,142,3220,49999223,40343595
2022-11-23,191,3624,49999414,40347219
2022-11-24,158,3845,49999572,40351064
2022-11-25,184,3776,49999756,40354840
2022-11-26,134,2094,49999890,40356934
2022-11-27,22,356,49999912,40357290
2022-11-28,182,2690,50000094,40359980
2022-11-29,257,3235,50000351,40363215
2022-11-30,183,3733,50000534,40366948
2022-12-01,151,3628,50000685,40370576
2022-12-02,158,3529,50000843,40374105
2022-12-03,106,1972,50000949,40376077
2022-12-04,5,290,50000954,40376367
2022-12-05,129,2855,50001083,40379222
2022-12-06,177,3659,50001260,40382881
2022-12-07,136,3128,50001396,40386009
2022-12-08,8,168,50001404,40386177
2022-12-09,164,3035,50001568,40389212
2022-12-10,71,1601,50001639,40390813
2022-12-11,7,193,50001646,40391006
2022-12-12,171,2534,50001817,40393540
2022-12-13,252,3049,50002069,40396589
2022-12-14,232,3230,50002301,40399819
2022-12-15,206,3288,50002507,40403107
2022-12-16,159,3177,50002666,40406284
2022-12-17,95,1692,50002761,40407976
2022-12-18,10,270,50002771,40408246
2022-12-19,147,2163,50002918,40410409
2022-12-20,213,2517,50003131,40412926
2022-12-21,159,2247,50003290,40415173
2022-12-22,141,1867,50003431,40417040
2022-12-23,154,1219,50003585,40418259
2022-12-24,32,160,50003617,40418419
2022-12-25,0,6,50003617,40418425
2022-12-26,6,41,50003623,40418466
2022-12-27,133,1557,50003756,40420023
2022-12-28,136,1773,50003892,40421796
2022-12-29,93,1703,50003985,40423499
2022-12-30,116,1610,50004101,40425109
2022-12-31,21,273,50004122,40425382
2023-01-01,0,6,50004122,40425388
2023-01-02,48,1122,50004170,40426510
2023-01-03,97,1893,50004267,40428403
2023-01-04,107,1989,50004374,40430392
2023-01-05,98,1900,50004472,40432292
2023-01-06,0,68,50004472,40432360
2023-01-07,51,678,50004523,40433038
2023-01-08,2,97,50004525,40433135
2023-01-09,124,1384,50004649,40434519
2023-01-10,123,1741,50004772,40436260
2023-01-11,119,1627,50004891,40437887