data_somministrazione,vaccinazioni,booster,cum_vaccinazioni,cum_booster
2020-12-27,20,0,20,0
2020-12-28,2,0,22,0
2020-12-29,1,0,23,0
2020-12-30,6,0,29,0
2020-12-31,69,0,98,0
2021-01-01,22,0,120,0
2021-01-02,108,0,228,0
2021-01-03,81,0,309,0
2021-01-04,203,0,512,0
2021-01-05,239,0,751,0
2021-01-06,202,0,953,0
2021-01-07,294,0,1247,0
2021-01-08,338,0,1585,0
2021-01-09,250,0,1835,0
2021-01-10,147,0,1982,0
2021-01-11,271,0,2253,0
2021-01-12,266,0,2519,0
2021-01-13,390,0,2909,0
2021-01-14,477,0,3386,0
2021-01-15,299,0,3685,0
2021-01-16,207,0,3892,0
2021-01-17,3058,0,6950,0
2021-01-18,5209,0,12159,0
2021-01-19,1892,0,14051,0
2021-01-20,4654,0,18705,0
2021-01-21,19996,0,38701,0
2021-01-22,14200,0,52901,0
2021-01-23,33330,0,86231,0
2021-01-24,30786,0,117017,0
2021-01-25,64724,0,181741,0
2021-01-26,76497,0,258238,0
2021-01-27,64834,0,323072,0
2021-01-28,89285,0,412357,0
2021-01-29,94020,0,506377,0
2021-01-30,86564,0,592941,0
2021-01-31,57332,0,650273,0
2021-02-01,81866,0,732139,0
2021-02-02,82144,0,814283,0
2021-02-03,91189,0,905472,0
2021-02-04,95397,0,1000869,0
2021-02-05,90273,0,1091142,0
2021-02-06,63448,0,1154590,0
2021-02-07,32929,0,1187519,0
2021-02-08,40430,0,1227949,0
2021-02-09,32865,0,1260814,0
2021-02-10,28421,0,1289235,0
2021-02-11,20393,0,1309628,0
2021-02-12,16230,0,1325858,0
2021-02-13,7255,0,1333113,0
2021-02-14,2861,0,1335974,0
2021-02-15,6838,0,1342812,0
2021-02-16,6994,0,1349806,0
2021-02-17,10520,0,1360326,0
2021-02-18,9248,0,1369574,0
2021-02-19,8242,0,1377816,0
2021-02-20,5549,0,1383365,0
2021-02-21,2990,0,1386355,0
2021-02-22,6882,0,1393237,0
2021-02-23,7165,0,1400402,0
2021-02-24,9825,0,1410227,0
2021-02-25,14204,0,1424431,0
2021-02-26,17555,0,1441986,0
2021-02-27,13905,0,1455891,0
2021-02-28,9384,0,1465275,0
2021-03-01,26508,0,1491783,0
2021-03-02,33237,0,1525020,0
2021-03-03,44642,0,1569662,0
2021-03-04,50288,0,1619950,0
2021-03-05,55734,0,1675684,0
2021-03-06,41878,0,1717562,0
2021-03-07,22324,0,1739886,0
2021-03-08,50796,0,1790682,0
2021-03-09,53063,0,1843745,0
2021-03-10,58630,0,1902375,0
2021-03-11,63844,0,1966219,0
2021-03-12,65101,0,2031320,0
2021-03-13,51709,0,2083029,0
2021-03-14,35389,0,2118418,0
2021-03-15,73430,0,2191848,0
2021-03-16,74023,0,2265871,0
2021-03-17,83130,0,2349001,0
2021-03-18,81623,0,2430624,0
2021-03-19,81078,0,2511702,0
2021-03-20,64713,0,2576415,0
2021-03-21,47290,0,2623705,0
2021-03-22,69471,0,2693176,0
2021-03-23,75783,0,2768959,0
2021-03-24,90896,0,2859855,0
2021-03-25,89789,0,2949644,0
2021-03-26,83608,0,3033252,0
2021-03-27,71927,0,3105179,0
2021-03-28,44134,0,3149313,0
2021-03-29,70814,0,3220127,0
2021-03-30,81369,0,3301496,0
2021-03-31,96220,0,3397716,0
2021-04-01,95297,0,3493013,0
2021-04-02,84063,0,3577076,0
2021-04-03,64296,0,3641372,0
2021-04-04,21717,0,3663089,0
2021-04-05,40299,0,3703388,0
2021-04-06,81307,0,3784695,0
2021-04-07,95817,0,3880512,0
2021-04-08,95226,0,3975738,0
2021-04-09,88485,0,4064223,0
2021-04-10,74030,0,4138253,0
2021-04-11,44757,0,4183010,0
2021-04-12,66909,0,4249919,0
2021-04-13,72566,0,4322485,0
2021-04-14,85524,0,4408009,0
2021-04-15,105405,0,4513414,0
2021-04-16,106413,0,4619827,0
2021-04-17,90495,0,4710322,0
2021-04-18,58581,0,4768903,0
2021-04-19,93423,0,4862326,0
2021-04-20,103759,0,4966085,0
2021-04-21,125333,0,5091418,0
2021-04-22,143500,0,5234918,0
2021-04-23,138723,0,5373641,0
2021-04-24,124437,0,5498078,0
2021-04-25,61452,0,5559530,0
2021-04-26,97879,0,5657409,0
2021-04-27,128353,0,5785762,0
2021-04-28,156353,0,5942115,0
2021-04-29,195581,0,6137696,0
2021-04-30,214554,0,6352250,0
2021-05-01,174092,0,6526342,0
2021-05-02,135797,0,6662139,0
2021-05-03,142008,0,6804147,0
2021-05-04,158680,0,6962827,0
2021-05-05,170472,0,7133299,0
2021-05-06,197791,0,7331090,0
2021-05-07,213818,0,7544908,0
2021-05-08,213390,0,7758298,0
2021-05-09,143196,0,7901494,0
2021-05-10,165083,0,8066577,0
2021-05-11,174966,0,8241543,0
2021-05-12,179164,0,8420707,0
2021-05-13,203369,0,8624076,0
2021-05-14,222893,0,8846969,0
2021-05-15,210347,0,9057316,0
2021-05-16,159268,0,9216584,0
2021-05-17,219182,0,9435766,0
2021-05-18,213003,0,9648769,0
2021-05-19,207066,0,9855835,0
2021-05-20,270837,0,10126672,0
2021-05-21,270866,0,10397538,0
2021-05-22,245517,0,10643055,0
2021-05-23,197171,0,10840226,0
2021-05-24,228297,0,11068523,0
2021-05-25,245688,0,11314211,0
2021-05-26,277479,0,11591690,0
2021-05-27,311074,0,11902764,0
2021-05-28,299564,0,12202328,0
2021-05-29,231206,0,12433534,0
2021-05-30,170831,0,12604365,0
2021-05-31,216413,0,12820778,0
2021-06-01,207624,0,13028402,0
2021-06-02,115778,0,13144180,0
2021-06-03,180119,0,13324299,0
2021-06-04,184859,0,13509158,0
2021-06-05,185939,0,13695097,0
2021-06-06,139524,0,13834621,0
2021-06-07,161851,0,13996472,0
2021-06-08,171179,0,14167651,0
2021-06-09,171444,0,14339095,0
2021-06-10,174058,0,14513153,0
2021-06-11,169947,0,14683100,0
2021-06-12,128315,0,14811415,0
2021-06-13,91151,0,14902566,0
2021-06-14,214654,0,15117220,0
2021-06-15,228395,0,15345615,0
2021-06-16,253044,0,15598659,0
2021-06-17,301711,0,15900370,0
2021-06-18,306268,0,16206638,0
2021-06-19,275064,0,16481702,0
2021-06-20,220734,0,16702436,0
2021-06-21,288051,0,16990487,0
2021-06-22,296188,0,17286675,0
2021-06-23,302664,0,17589339,0
2021-06-24,332561,0,17921900,0
2021-06-25,348687,0,18270587,0
2021-06-26,300085,0,18570672,0
2021-06-27,228618,0,18799290,0
2021-06-28,307049,0,19106339,0
2021-06-29,329246,0,19435585,0
2021-06-30,342114,0,19777699,0
2021-07-01,363168,0,20140867,0
2021-07-02,368434,0,20509301,0
2021-07-03,371068,0,20880369,0
2021-07-04,283196,0,21163565,0
2021-07-05,384506,0,21548071,0
2021-07-06,385430,0,21933501,0
2021-07-07,412071,0,22345572,0
2021-07-08,479610,0,22825182,0
2021-07-09,498477,0,23323659,0
2021-07-10,475174,0,23798833,0
2021-07-11,357691,0,24156524,0
2021-07-12,485891,0,24642415,0
2021-07-13,492134,0,25134549,0
2021-07-14,480470,0,25615019,0
2021-07-15,523467,0,26138486,0
2021-07-16,509772,0,26648258,0
2021-07-17,464352,0,27112610,0
2021-07-18,364682,0,27477292,0
2021-07-19,463066,0,27940358,0
2021-07-20,458079,0,28398437,0
2021-07-21,462804,0,28861241,0
2021-07-22,475395,0,29336636,0
2021-07-23,441298,0,29777934,0
2021-07-24,386177,0,30164111,0
2021-07-25,287578,0,30451689,0
2021-07-26,430872,0,30882561,0
2021-07-27,440118,0,31322679,0
2021-07-28,391007,0,31713686,0
2021-07-29,372074,0,32085760,0
2021-07-30,341510,0,32427270,0
2021-07-31,287023,0,32714293,0
2021-08-01,191014,0,32905307,0
2021-08-02,333726,0,33239033,0
2021-08-03,323185,0,33562218,0
2021-08-04,310967,0,33873185,0
2021-08-05,292502,0,34165687,0
2021-08-06,260004,0,34425691,0
2021-08-07,199049,0,34624740,0
2021-08-08,153105,0,34777845,0
2021-08-09,234072,0,35011917,0
2021-08-10,205244,0,35217161,0
2021-08-11,193759,0,35410920,0
2021-08-12,167994,0,35578914,0
2021-08-13,148603,0,35727517,0
2021-08-14,66089,0,35793606,0
2021-08-15,26336,0,35819942,0
2021-08-16,114683,0,35934625,0
2021-08-17,129242,0,36063867,0
2021-08-18,128744,0,36192611,0
2021-08-19,124798,0,36317409,0
2021-08-20,123794,0,36441203,0
2021-08-21,83121,0,36524324,0
2021-08-22,68167,0,36592491,0
2021-08-23,176870,0,36769361,0
2021-08-24,156903,0,36926264,0
2021-08-25,177168,0,37103432,0
2021-08-26,172346,0,37275778,0
2021-08-27,185838,0,37461616,0
2021-08-28,140269,0,37601885,0
2021-08-29,98996,0,37700881,0
2021-08-30,209625,0,37910506,0
2021-08-31,194636,0,38105142,0
2021-09-01,192216,0,38297358,0
2021-09-02,189937,0,38487295,0
2021-09-03,191330,0,38678625,0
2021-09-04,131473,0,38810098,0
2021-09-05,87867,0,38897965,0
2021-09-06,193644,0,39091609,0
2021-09-07,196050,0,39287659,0
2021-09-08,187901,0,39475560,0
2021-09-09,201464,0,39677024,0
2021-09-10,198100,0,39875124,0
2021-09-11,141319,0,40016443,0
2021-09-12,89600,0,40106043,0
2021-09-13,191158,561,40297201,561
2021-09-14,177255,580,40474456,1141
2021-09-15,163112,591,40637568,1732
2021-09-16,160090,932,40797658,2664
2021-09-17,150175,1116,40947833,3780
2021-09-18,127977,743,41075810,4523
2021-09-19,81132,497,41156942,5020
2021-09-20,180077,9078,41337019,14098
2021-09-21,166644,8832,41503663,22930
2021-09-22,159083,9440,41662746,32370
2021-09-23,138080,9328,41800826,41698
2021-09-24,140536,8962,41941362,50660
2021-09-25,119555,5639,42060917,56299
2021-09-26,71963,4341,42132880,60640
2021-09-27,135644,10049,42268524,70689
2021-09-28,117497,11387,42386021,82076
2021-09-29,112339,11827,42498360,93903
2021-09-30,110233,14954,42608593,108857
2021-10-01,94979,19109,42703572,127966
2021-10-02,78490,14016,42782062,141982
2021-10-03,47740,7658,42829802,149640
2021-10-04,88374,34448,42918176,184088
2021-10-05,80367,33972,42998543,218060
2021-10-06,71985,34163,43070528,252223
2021-10-07,71855,34349,43142383,286572
2021-10-08,80625,33590,43223008,320162
2021-10-09,76103,22171,43299111,342333
2021-10-10,45774,13618,43344885,355951
2021-10-11,87421,41108,43432306,397059
2021-10-12,84493,46903,43516799,443962
2021-10-13,88193,52117,43604992,496079
2021-10-14,91534,58512,43696526,554591
2021-10-15,93599,55630,43790125,610221
2021-10-16,82967,36783,43873092,647004
2021-10-17,51467,23827,43924559,670831
2021-10-18,90302,59482,44014861,730313
2021-10-19,78346,69375,44093207,799688
2021-10-20,75073,78166,44168280,877854
2021-10-21,78298,81754,44246578,959608
2021-10-22,73787,77023,44320365,1036631
2021-10-23,60819,51956,44381184,1088587
2021-10-24,33377,23457,44414561,1112044
2021-10-25,64907,81623,44479468,1193667
2021-10-26,58376,91780,44537844,1285447
2021-10-27,58328,103971,44596172,1389418
2021-10-28,61467,114102,44657639,1503520
2021-10-29,61654,103117,44719293,1606637
2021-10-30,50673,68116,44769966,1674753
2021-10-31,25162,28291,44795128,1703044
2021-11-01,19048,28147,44814176,1731191
2021-11-02,62760,89376,44876936,1820567
2021-11-03,60733,118655,44937669,1939222
2021-11-04,59241,126665,44996910,2065887
2021-11-05,63095,135172,45060005,2201059
2021-11-06,46475,90925,45106480,2291984
2021-11-07,22252,37895,45128732,2329879
2021-11-08,51528,131264,45180260,2461143
2021-11-09,45401,144201,45225661,2605344
2021-11-10,42585,156343,45268246,2761687
2021-11-11,44933,155132,45313179,2916819
2021-11-12,46371,158576,45359550,3075395
2021-11-13,33255,116650,45392805,3192045
2021-11-14,14483,52445,45407288,3244490
2021-11-15,36893,157425,45444181,3401915
2021-11-16,30549,171376,45474730,3573291
2021-11-17,28452,178435,45503182,3751726
2021-11-18,30283,193717,45533465,3945443
2021-11-19,28800,205851,45562265,4151294
2021-11-20,20995,156437,45583260,4307731
2021-11-21,10609,64858,45593869,4372589
2021-11-22,21934,213139,45615803,4585728
2021-11-23,23574,241744,45639377,4827472
2021-11-24,27841,270947,45667218,5098419
2021-11-25,23234,301905,45690452,5400324
2021-11-26,24587,318265,45715039,5718589
2021-11-27,21381,266149,45736420,5984738
2021-11-28,9897,137057,45746317,6121795
2021-11-29,22325,326063,45768642,6447858
2021-11-30,23089,365823,45791731,6813681
2021-12-01,21523,413498,45813254,7227179
2021-12-02,23763,440376,45837017,7667555
2021-12-03,25255,467457,45862272,8135012
2021-12-04,22363,418730,45884635,8553742
2021-12-05,11924,261329,45896559,8815071
2021-12-06,25821,457564,45922380,9272635
2021-12-07,24130,480251,45946510,9752886
2021-12-08,10004,249684,45956514,10002570
2021-12-09,31579,491908,45988093,10494478
2021-12-10,28064,517864,46016157,11012342
2021-12-11,23560,459242,46039717,11471584
2021-12-12,12306,293492,46052023,11765076
2021-12-13,26150,467619,46078173,12232695
2021-12-14,25172,494188,46103345,12726883
2021-12-15,25333,517129,46128678,13244012
2021-12-16,27880,520235,46156558,13764247
2021-12-17,29364,517158,46185922,14281405
2021-12-18,27052,468714,46212974,14750119
2021-12-19,15139,300514,46228113,15050633
2021-12-20,30617,477478,46258730,15528111
2021-12-21,30366,493377,46289096,16021488
2021-12-22,29437,484701,46318533,16506189
2021-12-23,28241,426891,46346774,16933080
2021-12-24,13112,210823,46359886,17143903
2021-12-25,2101,33053,46361987,17176956
2021-12-26,8759,159066,46370746,17336022
2021-12-27,46784,504651,46417530,17840673
2021-12-28,42438,554205,46459968,18394878
2021-12-29,34341,550634,46494309,18945512
2021-12-30,31821,499819,46526130,19445331
2021-12-31,14114,247389,46540244,19692720
2022-01-01,3494,64814,46543738,19757534
2022-01-02,22757,276727,46566495,20034261
2022-01-03,47842,520006,46614337,20554267
2022-01-04,46343,572077,46660680,21126344
2022-01-05,40725,560394,46701405,21686738
2022-01-06,23472,274483,46724877,21961221
2022-01-07,63681,554179,46788558,22515400
2022-01-08,60822,503374,46849380,23018774
2022-01-09,42823,319683,46892203,23338457
2022-01-10,61051,542279,46953254,23880736
2022-01-11,61693,586980,47014947,24467716
2022-01-12,58412,581272,47073359,25048988
2022-01-13,58587,580371,47131946,25629359
2022-01-14,46755,588557,47178701,26217916
2022-01-15,39370,569932,47218071,26787848
2022-01-16,31185,341847,47249256,27129695
2022-01-17,54754,489647,47304010,27619342
2022-01-18,58371,517008,47362381,28136350
2022-01-19,57167,502775,47419548,28639125
2022-01-20,54317,498811,47473865,29137936
2022-01-21,42062,493862,47515927,29631798
2022-01-22,31161,469589,47547088,30101387
2022-01-23,34914,275359,47582002,30376746
2022-01-24,56162,437207,47638164,30813953
2022-01-25,61534,452093,47699698,31266046
2022-01-26,58524,435818,47758222,31701864
2022-01-27,48817,432352,47807039,32134216
2022-01-28,58678,436528,47865717,32570744
2022-01-29,68109,412482,47933826,32983226
2022-01-30,50362,235962,47984188,33219188
2022-01-31,60609,356920,48044797,33576108
2022-02-01,65528,328441,48110325,33904549
2022-02-02,63172,296969,48173497,34201518
2022-02-03,60044,274512,48233541,34476030
2022-02-04,72362,268449,48305903,34744479
2022-02-05,83751,248528,48389654,34993007
2022-02-06,55275,116199,48444929,35109206
2022-02-07,65126,199933,48510055,35309139
2022-02-08,66918,186105,48576973,35495244
2022-02-09,58751,166334,48635724,35661578
2022-02-10,58551,163233,48694275,35824811
2022-02-11,62232,162454,48756507,35987265
2022-02-12,71965,152136,48828472,36139401
2022-02-13,41468,68846,48869940,36208247
2022-02-14,46678,116187,48916618,36324434
2022-02-15,48518,123478,48965136,36447912
2022-02-16,45667,106114,49010803,36554026
2022-02-17,42852,98102,49053655,36652128
2022-02-18,46608,112568,49100263,36764696
2022-02-19,52519,100325,49152782,36865021
2022-02-20,31410,40358,49184192,36905379
2022-02-21,37885,89641,49222077,36995020
2022-02-22,37215,83770,49259292,37078790
2022-02-23,33383,79403,49292675,37158193
2022-02-24,32551,78157,49325226,37236350
2022-02-25,34753,90707,49359979,37327057
2022-02-26,39153,89131,49399132,37416188
2022-02-27,22540,35855,49421672,37452043
2022-02-28,28471,81684,49450143,37533727
2022-03-01,22710,53938,49472853,37587665
2022-03-02,21991,50626,49494844,37638291
2022-03-03,22605,54940,49517449,37693231
2022-03-04,23218,62792,49540667,37756023
2022-03-05,23789,57951,49564456,37813974
2022-03-06,9470,17200,49573926,37831174
2022-03-07,15904,51385,49589830,37882559
2022-03-08,15467,48793,49605297,37931352
2022-03-09,13808,46513,49619105,37977865
2022-03-10,14040,52115,49633145,38029980
2022-03-11,15574,57253,49648719,38087233
2022-03-12,15493,56614,49664212,38143847
2022-03-13,5542,16849,49669754,38160696
2022-03-14,10519,46692,49680273,38207388
2022-03-15,10536,46888,49690809,38254276
2022-03-16,9474,41975,49700283,38296251
2022-03-17,9705,44874,49709988,38341125
2022-03-18,10153,49053,49720141,38390178
2022-03-19,9146,46529,49729287,38436707
2022-03-20,2607,11700,49731894,38448407
2022-03-21,7577,40221,49739471,38488628
2022-03-22,8444,37752,49747915,38526380
2022-03-23,7209,33699,49755124,38560079
2022-03-24,8252,38797,49763376,38598876
2022-03-25,8130,43659,49771506,38642535
2022-03-26,8122,41720,49779628,38684255
2022-03-27,2429,9681,49782057,38693936
2022-03-28,6102,35231,49788159,38729167
2022-03-29,5773,32525,49793932,38761692
2022-03-30,5559,30198,49799491,38791890
2022-03-31,5887,33177,49805378,38825067
2022-04-01,4343,25188,49809721,38850255
2022-04-02,4488,23274,49814209,38873529
2022-04-03,1049,4499,49815258,38878028
2022-04-04,3654,21532,49818912,38899560
2022-04-05,3750,22924,49822662,38922484
2022-04-06,4099,21845,49826761,38944329
2022-04-07,3961,23320,49830722,38967649
2022-04-08,4688,26708,49835410,38994357
2022-04-09,4378,23884,49839788,39018241
2022-04-10,892,4614,49840680,39022855
2022-04-11,3812,22684,49844492,39045539
2022-04-12,3358,21779,49847850,39067318
2022-04-13,3562,21332,49851412,39088650
2022-04-14,3482,23775,49854894,39112425
2022-04-15,3079,20618,49857973,39133043
2022-04-16,2148,11919,49860121,39144962
2022-04-17,63,348,49860184,39145310
2022-04-18,149,650,49860333,39145960
2022-04-19,3491,21977,49863824,39167937
2022-04-20,3502,20248,49867326,39188185
2022-04-21,2840,19780,49870166,39207965
2022-04-22,2922,20697,49873088,39228662
2022-04-23,2638,16212,49875726,39244874
2022-04-24,509,2335,49876235,39247209
2022-04-25,183,1165,49876418,39248374
2022-04-26,2760,17791,49879178,39266165
2022-04-27,2369,15785,49881547,39281950
2022-04-28,2355,15553,49883902,39297503
2022-04-29,2292,14835,49886194,39312338
2022-04-30,2121,11576,49888315,39323914
2022-05-01,113,530,49888428,39324444
2022-05-02,1447,9385,49889875,39333829
2022-05-03,1574,10310,49891449,39344139
2022-05-04,1746,10257,49893195,39354396
2022-05-05,1650,10273,49894845,39364669
2022-05-06,1698,10945,49896543,39375614
2022-05-07,1431,8562,49897974,39384176
2022-05-08,404,1514,49898378,39385690
2022-05-09,1024,8917,49899402,39394607
2022-05-10,1422,9539,49900824,39404146
2022-05-11,1481,10088,49902305,39414234
2022-05-12,1368,10118,49903673,39424352
2022-05-13,1588,10510,49905261,39434862
2022-05-14,1357,8227,49906618,39443089
2022-05-15,336,1129,49906954,39444218
2022-05-16,812,8388,49907766,39452606
2022-05-17,1242,8673,49909008,39461279
2022-05-18,1370,9216,49910378,39470495
2022-05-19,1498,9269,49911876,39479764
2022-05-20,1419,9495,49913295,39489259
2022-05-21,1299,7892,49914594,39497151
2022-05-22,231,1012,49914825,39498163
2022-05-23,827,8261,49915652,39506424
2022-05-24,1070,8666,49916722,39515090
2022-05-25,1366,9445,49918088,39524535
2022-05-26,1193,9455,49919281,39533990
2022-05-27,1225,9911,49920506,39543901
2022-05-28,1202,7873,49921708,39551774
2022-05-29,285,1264,49921993,39553038
2022-05-30,930,8026,49922923,39561064
2022-05-31,1033,8531,49923956,39569595
2022-06-01,891,7644,49924847,39577239
2022-06-02,35,474,49924882,39577713
2022-06-03,814,7328,49925696,39585041
2022-06-04,870,5155,49926566,39590196
2022-06-05,89,586,49926655,39590782
2022-06-06,672,6984,49927327,39597766
2022-06-07,931,7842,49928258,39605608
2022-06-08,982,7900,49929240,39613508
2022-06-09,1034,8400,49930274,39621908
2022-06-10,957,8550,49931231,39630458
2022-06-11,900,6206,49932131,39636664
2022-06-12,140,767,49932271,39637431
2022-06-13,603,6295,49932874,39643726
2022-06-14,826,7881,49933700,39651607
2022-06-15,953,7843,49934653,39659450
2022-06-16,728,7389,49935381,39666839
2022-06-17,720,7239,49936101,39674078
2022-06-18,777,5588,49936878,39679666
2022-06-19,47,522,49936925,39680188
2022-06-20,588,6694,49937513,39686882
2022-06-21,733,7646,49938246,39694528
2022-06-22,780,7305,49939026,39701833
2022-06-23,650,7459,49939676,39709292
2022-06-24,642,7473,49940318,39716765
2022-06-25,835,6532,49941153,39723297
2022-06-26,128,523,49941281,39723820
2022-06-27,532,7120,49941813,39730940
2022-06-28,745,8209,49942558,39739149
2022-06-29,754,7719,49943312,39746868
2022-06-30,744,8132,49944056,39755000
2022-07-01,576,6437,49944632,39761437
2022-07-02,536,4765,49945168,39766202
2022-07-03,49,456,49945217,39766658
2022-07-04,470,6274,49945687,39772932
2022-07-05,627,8112,49946314,39781044
2022-07-06,629,7606,49946943,39788650
2022-07-07,567,8259,49947510,39796909
2022-07-08,670,8078,49948180,39804987
2022-07-09,549,6103,49948729,39811090
2022-07-10,58,533,49948787,39811623
2022-07-11,487,7638,49949274,39819261
2022-07-12,663,9003,49949937,39828264
2022-07-13,639,10058,49950576,39838322
2022-07-14,636,10223,49951212,39848545
2022-07-15,623,10664,49951835,39859209
2022-07-16,521,7208,49952356,39866417
2022-07-17,48,769,49952404,39867186
2022-07-18,497,9348,49952901,39876534
2022-07-19,574,10649,49953475,39887183
2022-07-20,576,11257,49954051,39898440
2022-07-21,625,12035,49954676,39910475
2022-07-22,581,11225,49955257,39921700
2022-07-23,379,6740,49955636,39928440
2022-07-24,76,834,49955712,39929274
2022-07-25,501,9031,49956213,39938305
2022-07-26,519,9724,49956732,39948029
2022-07-27,546,10153,49957278,39958182
2022-07-28,527,10479,49957805,39968661
2022-07-29,511,9421,49958316,39978082
2022-07-30,380,5851,49958696,39983933
2022-07-31,49,745,49958745,39984678
2022-08-01,386,6823,49959131,39991501
2022-08-02,539,7515,49959670,39999016
2022-08-03,510,7141,49960180,40006157
2022-08-04,451,7424,49960631,40013581
2022-08-05,415,6481,49961046,40020062
2022-08-06,297,3580,49961343,40023642
2022-08-07,44,551,49961387,40024193
2022-08-08,397,4873,49961784,40029066
2022-08-09,382,5267,49962166,40034333
2022-08-10,374,4783,49962540,40039116
2022-08-11,364,4756,49962904,40043872
2022-08-12,287,3700,49963191,40047572
2022-08-13,143,1595,49963334,40049167
2022-08-14,9,128,49963343,40049295
2022-08-15,1,26,49963344,40049321
2022-08-16,281,3023,49963625,40052344
2022-08-17,351,3513,49963976,40055857
2022-08-18,385,4142,49964361,40059999
2022-08-19,338,3306,49964699,40063305
2022-08-20,182,1711,49964881,40065016
2022-08-21,24,146,49964905,40065162
2022-08-22,326,2929,49965231,40068091
2022-08-23,371,3645,49965602,40071736
2022-08-24,381,3332,49965983,40075068
2022-08-25,418,3721,49966401,40078789
2022-08-26,393,3541,49966794,40082330
2022-08-27,234,1767,49967028,40084097
2022-08-28,29,260,49967057,40084357
2022-08-29,353,3135,49967410,40087492
2022-08-30,399,3635,49967809,40091127
2022-08-31,430,3698,49968239,40094825
2022-09-01,351,3059,49968590,40097884
2022-09-02,289,2862,49968879,40100746
2022-09-03,197,1683,49969076,40102429
2022-09-04,22,147,49969098,40102576
2022-09-05,185,2621,49969283,40105197
2022-09-06,299,2947,49969582,40108144
2022-09-07,535,2888,49970117,40111032
2022-09-08,281,2925,49970398,40113957
2022-09-09,297,2824,49970695,40116781
2022-09-10,225,1323,49970920,40118104
2022-09-11,21,122,49970941,40118226
2022-09-12,265,2113,49971206,40120339
2022-09-13,242,2086,49971448,40122425
2022-09-14,242,1963,49971690,40124388
2022-09-15,265,1843,49971955,40126231
2022-09-16,231,1736,49972186,40127967
2022-09-17,232,915,49972418,40128882
2022-09-18,19,125,49972437,40129007
2022-09-19,116,1027,49972553,40130034