data_somministrazione,vaccinazioni,booster,cum_vaccinazioni,cum_booster
2020-12-27,22,0,22,0
2020-12-28,2,0,24,0
2020-12-29,1,0,25,0
2020-12-30,8,0,33,0
2020-12-31,80,0,113,0
2021-01-01,26,0,139,0
2021-01-02,150,0,289,0
2021-01-03,113,0,402,0
2021-01-04,248,0,650,0
2021-01-05,292,0,942,0
2021-01-06,264,0,1206,0
2021-01-07,332,0,1538,0
2021-01-08,388,0,1926,0
2021-01-09,293,0,2219,0
2021-01-10,173,0,2392,0
2021-01-11,313,0,2705,0
2021-01-12,293,0,2998,0
2021-01-13,428,0,3426,0
2021-01-14,508,0,3934,0
2021-01-15,328,0,4262,0
2021-01-16,225,0,4487,0
2021-01-17,3065,0,7552,0
2021-01-18,5221,0,12773,0
2021-01-19,1896,0,14669,0
2021-01-20,4660,0,19329,0
2021-01-21,20004,0,39333,0
2021-01-22,14220,0,53553,0
2021-01-23,33317,0,86870,0
2021-01-24,30774,0,117644,0
2021-01-25,64697,0,182341,0
2021-01-26,76454,0,258795,0
2021-01-27,64805,0,323600,0
2021-01-28,89241,0,412841,0
2021-01-29,93988,0,506829,0
2021-01-30,86538,0,593367,0
2021-01-31,57319,0,650686,0
2021-02-01,81833,0,732519,0
2021-02-02,82124,0,814643,0
2021-02-03,91096,0,905739,0
2021-02-04,95379,0,1001118,0
2021-02-05,90262,0,1091380,0
2021-02-06,63450,0,1154830,0
2021-02-07,32935,0,1187765,0
2021-02-08,40421,0,1228186,0
2021-02-09,32880,0,1261066,0
2021-02-10,28440,0,1289506,0
2021-02-11,20408,0,1309914,0
2021-02-12,16253,0,1326167,0
2021-02-13,7285,0,1333452,0
2021-02-14,2862,0,1336314,0
2021-02-15,6852,0,1343166,0
2021-02-16,7008,0,1350174,0
2021-02-17,10527,0,1360701,0
2021-02-18,9259,0,1369960,0
2021-02-19,8259,0,1378219,0
2021-02-20,5590,0,1383809,0
2021-02-21,3017,0,1386826,0
2021-02-22,6884,0,1393710,0
2021-02-23,7192,0,1400902,0
2021-02-24,9816,0,1410718,0
2021-02-25,14216,0,1424934,0
2021-02-26,17566,0,1442500,0
2021-02-27,13927,0,1456427,0
2021-02-28,9399,0,1465826,0
2021-03-01,26533,0,1492359,0
2021-03-02,33248,0,1525607,0
2021-03-03,44653,0,1570260,0
2021-03-04,50306,0,1620566,0
2021-03-05,55746,0,1676312,0
2021-03-06,41886,0,1718198,0
2021-03-07,22332,0,1740530,0
2021-03-08,50839,0,1791369,0
2021-03-09,53096,0,1844465,0
2021-03-10,58701,0,1903166,0
2021-03-11,63896,0,1967062,0
2021-03-12,65146,0,2032208,0
2021-03-13,51731,0,2083939,0
2021-03-14,35428,0,2119367,0
2021-03-15,73466,0,2192833,0
2021-03-16,74031,0,2266864,0
2021-03-17,83148,0,2350012,0
2021-03-18,81633,0,2431645,0
2021-03-19,81090,0,2512735,0
2021-03-20,64747,0,2577482,0
2021-03-21,47314,0,2624796,0
2021-03-22,69507,0,2694303,0
2021-03-23,75823,0,2770126,0
2021-03-24,90942,0,2861068,0
2021-03-25,89830,0,2950898,0
2021-03-26,83646,0,3034544,0
2021-03-27,71965,0,3106509,0
2021-03-28,44193,0,3150702,0
2021-03-29,70854,0,3221556,0
2021-03-30,81421,0,3302977,0
2021-03-31,96271,0,3399248,0
2021-04-01,95345,0,3494593,0
2021-04-02,84089,0,3578682,0
2021-04-03,64315,0,3642997,0
2021-04-04,21726,0,3664723,0
2021-04-05,40327,0,3705050,0
2021-04-06,81354,0,3786404,0
2021-04-07,95850,0,3882254,0
2021-04-08,95268,0,3977522,0
2021-04-09,88508,0,4066030,0
2021-04-10,74041,0,4140071,0
2021-04-11,44774,0,4184845,0
2021-04-12,66928,0,4251773,0
2021-04-13,72605,0,4324378,0
2021-04-14,85560,0,4409938,0
2021-04-15,105426,0,4515364,0
2021-04-16,106438,0,4621802,0
2021-04-17,90534,0,4712336,0
2021-04-18,58601,0,4770937,0
2021-04-19,93448,0,4864385,0
2021-04-20,103784,0,4968169,0
2021-04-21,125343,0,5093512,0
2021-04-22,143540,0,5237052,0
2021-04-23,138766,0,5375818,0
2021-04-24,124455,0,5500273,0
2021-04-25,61471,0,5561744,0
2021-04-26,97921,0,5659665,0
2021-04-27,128383,0,5788048,0
2021-04-28,156405,0,5944453,0
2021-04-29,195630,0,6140083,0
2021-04-30,214623,0,6354706,0
2021-05-01,174152,0,6528858,0
2021-05-02,135819,0,6664677,0
2021-05-03,142084,0,6806761,0
2021-05-04,158721,0,6965482,0
2021-05-05,170558,0,7136040,0
2021-05-06,197839,0,7333879,0
2021-05-07,213890,0,7547769,0
2021-05-08,213445,0,7761214,0
2021-05-09,143225,0,7904439,0
2021-05-10,165107,0,8069546,0
2021-05-11,175020,0,8244566,0
2021-05-12,179240,0,8423806,0
2021-05-13,203437,0,8627243,0
2021-05-14,222953,0,8850196,0
2021-05-15,210401,0,9060597,0
2021-05-16,159296,0,9219893,0
2021-05-17,219228,0,9439121,0
2021-05-18,213033,0,9652154,0
2021-05-19,207109,0,9859263,0
2021-05-20,270917,0,10130180,0
2021-05-21,270920,0,10401100,0
2021-05-22,245552,0,10646652,0
2021-05-23,197199,0,10843851,0
2021-05-24,228315,0,11072166,0
2021-05-25,245702,0,11317868,0
2021-05-26,277578,0,11595446,0
2021-05-27,311109,0,11906555,0
2021-05-28,299592,0,12206147,0
2021-05-29,231261,0,12437408,0
2021-05-30,170859,0,12608267,0
2021-05-31,216445,0,12824712,0
2021-06-01,207649,0,13032361,0
2021-06-02,115812,0,13148173,0
2021-06-03,180193,0,13328366,0
2021-06-04,184941,0,13513307,0
2021-06-05,186021,0,13699328,0
2021-06-06,139605,0,13838933,0
2021-06-07,161927,0,14000860,0
2021-06-08,171317,0,14172177,0
2021-06-09,171545,0,14343722,0
2021-06-10,174187,0,14517909,0
2021-06-11,170068,0,14687977,0
2021-06-12,128422,0,14816399,0
2021-06-13,91260,0,14907659,0
2021-06-14,214721,0,15122380,0
2021-06-15,228478,0,15350858,0
2021-06-16,253122,0,15603980,0
2021-06-17,301804,0,15905784,0
2021-06-18,306353,0,16212137,0
2021-06-19,275147,0,16487284,0
2021-06-20,220837,0,16708121,0
2021-06-21,288126,0,16996247,0
2021-06-22,296276,0,17292523,0
2021-06-23,302720,0,17595243,0
2021-06-24,332638,0,17927881,0
2021-06-25,348746,0,18276627,0
2021-06-26,300158,0,18576785,0
2021-06-27,228711,0,18805496,0
2021-06-28,307173,0,19112669,0
2021-06-29,329365,0,19442034,0
2021-06-30,342243,0,19784277,0
2021-07-01,363263,0,20147540,0
2021-07-02,368518,0,20516058,0
2021-07-03,371109,0,20887167,0
2021-07-04,283252,0,21170419,0
2021-07-05,384571,0,21554990,0
2021-07-06,385497,0,21940487,0
2021-07-07,412147,0,22352634,0
2021-07-08,479583,0,22832217,0
2021-07-09,498460,0,23330677,0
2021-07-10,475172,0,23805849,0
2021-07-11,357687,0,24163536,0
2021-07-12,485869,0,24649405,0
2021-07-13,492056,0,25141461,0
2021-07-14,480430,0,25621891,0
2021-07-15,523399,0,26145290,0
2021-07-16,509733,0,26655023,0
2021-07-17,464315,0,27119338,0
2021-07-18,364622,0,27483960,0
2021-07-19,463029,0,27946989,0
2021-07-20,458038,0,28405027,0
2021-07-21,462788,0,28867815,0
2021-07-22,475368,0,29343183,0
2021-07-23,441324,0,29784507,0
2021-07-24,386140,0,30170647,0
2021-07-25,287533,0,30458180,0
2021-07-26,430885,0,30889065,0
2021-07-27,440102,0,31329167,0
2021-07-28,391011,0,31720178,0
2021-07-29,372067,0,32092245,0
2021-07-30,341532,0,32433777,0
2021-07-31,287055,0,32720832,0
2021-08-01,190996,0,32911828,0
2021-08-02,333707,0,33245535,0
2021-08-03,323183,0,33568718,0
2021-08-04,311002,0,33879720,0
2021-08-05,292479,0,34172199,0
2021-08-06,260046,0,34432245,0
2021-08-07,199073,0,34631318,0
2021-08-08,153109,0,34784427,0
2021-08-09,234084,0,35018511,0
2021-08-10,205298,0,35223809,0
2021-08-11,193803,0,35417612,0
2021-08-12,168079,0,35585691,0
2021-08-13,148677,0,35734368,0
2021-08-14,66104,0,35800472,0
2021-08-15,26345,0,35826817,0
2021-08-16,114724,0,35941541,0
2021-08-17,129263,0,36070804,0
2021-08-18,128763,0,36199567,0
2021-08-19,124868,0,36324435,0
2021-08-20,123797,0,36448232,0
2021-08-21,83138,0,36531370,0
2021-08-22,68182,0,36599552,0
2021-08-23,176870,0,36776422,0
2021-08-24,156889,0,36933311,0
2021-08-25,177167,0,37110478,0
2021-08-26,172348,0,37282826,0
2021-08-27,185827,0,37468653,0
2021-08-28,140295,0,37608948,0
2021-08-29,98999,0,37707947,0
2021-08-30,209582,0,37917529,0
2021-08-31,194640,0,38112169,0
2021-09-01,192216,0,38304385,0
2021-09-02,189930,0,38494315,0
2021-09-03,191273,0,38685588,0
2021-09-04,131432,0,38817020,0
2021-09-05,87837,0,38904857,0
2021-09-06,193596,0,39098453,0
2021-09-07,196035,0,39294488,0
2021-09-08,187849,0,39482337,0
2021-09-09,201411,0,39683748,0
2021-09-10,198042,0,39881790,0
2021-09-11,141286,0,40023076,0
2021-09-12,89589,0,40112665,0
2021-09-13,191092,670,40303757,670
2021-09-14,177202,666,40480959,1336
2021-09-15,163079,659,40644038,1995
2021-09-16,160035,1018,40804073,3013
2021-09-17,150153,1178,40954226,4191
2021-09-18,127984,787,41082210,4978
2021-09-19,81141,514,41163351,5492
2021-09-20,180055,9142,41343406,14634
2021-09-21,166676,8867,41510082,23501
2021-09-22,159120,9470,41669202,32971
2021-09-23,138111,9364,41807313,42335
2021-09-24,140551,9023,41947864,51358
2021-09-25,119564,5680,42067428,57038
2021-09-26,71992,4371,42139420,61409
2021-09-27,135672,10094,42275092,71503
2021-09-28,117523,11439,42392615,82942
2021-09-29,112386,11857,42505001,94799
2021-09-30,110295,14990,42615296,109789
2021-10-01,95006,19145,42710302,128934
2021-10-02,78531,14048,42788833,142982
2021-10-03,47761,7672,42836594,150654
2021-10-04,88392,34491,42924986,185145
2021-10-05,80390,34023,43005376,219168
2021-10-06,72006,34223,43077382,253391
2021-10-07,71882,34383,43149264,287774
2021-10-08,80651,33630,43229915,321404
2021-10-09,76120,22203,43306035,343607
2021-10-10,45795,13632,43351830,357239
2021-10-11,87449,41138,43439279,398377
2021-10-12,84514,46941,43523793,445318
2021-10-13,88226,52175,43612019,497493
2021-10-14,91558,58565,43703577,556058
2021-10-15,93602,55689,43797179,611747
2021-10-16,82976,36835,43880155,648582
2021-10-17,51461,23864,43931616,672446
2021-10-18,90301,59531,44021917,731977
2021-10-19,78351,69425,44100268,801402
2021-10-20,75059,78217,44175327,879619
2021-10-21,78283,81826,44253610,961445
2021-10-22,73764,77093,44327374,1038538
2021-10-23,60838,51977,44388212,1090515
2021-10-24,33366,23486,44421578,1114001
2021-10-25,64895,81672,44486473,1195673
2021-10-26,58368,91850,44544841,1287523
2021-10-27,58317,104044,44603158,1391567
2021-10-28,61444,114167,44664602,1505734
2021-10-29,61618,103204,44726220,1608938
2021-10-30,50668,68165,44776888,1677103
2021-10-31,25158,28315,44802046,1705418
2021-11-01,19050,28159,44821096,1733577
2021-11-02,62739,89448,44883835,1823025
2021-11-03,60713,118709,44944548,1941734
2021-11-04,59239,126708,45003787,2068442
2021-11-05,63092,135234,45066879,2203676
2021-11-06,46495,90946,45113374,2294622
2021-11-07,22248,37908,45135622,2332530
2021-11-08,51520,131304,45187142,2463834
2021-11-09,45404,144238,45232546,2608072
2021-11-10,42594,156382,45275140,2764454
2021-11-11,44928,155184,45320068,2919638
2021-11-12,46302,158713,45366370,3078351
2021-11-13,33273,116683,45399643,3195034
2021-11-14,14490,52462,45414133,3247496
2021-11-15,36907,157449,45451040,3404945
2021-11-16,30567,171416,45481607,3576361
2021-11-17,28468,178470,45510075,3754831
2021-11-18,30296,193771,45540371,3948602
2021-11-19,28825,205889,45569196,4154491
2021-11-20,21014,156462,45590210,4310953
2021-11-21,10612,64871,45600822,4375824
2021-11-22,21960,213164,45622782,4588988
2021-11-23,23607,241805,45646389,4830793
2021-11-24,27770,271103,45674159,5101896
2021-11-25,23268,301954,45697427,5403850
2021-11-26,24599,318315,45722026,5722165
2021-11-27,21419,266176,45743445,5988341
2021-11-28,9911,137071,45753356,6125412
2021-11-29,22370,326082,45775726,6451494
2021-11-30,23120,365863,45798846,6817357
2021-12-01,21565,413547,45820411,7230904
2021-12-02,23800,440444,45844211,7671348
2021-12-03,25284,467548,45869495,8138896
2021-12-04,22393,418813,45891888,8557709
2021-12-05,11944,261369,45903832,8819078
2021-12-06,25852,457637,45929684,9276715
2021-12-07,24172,480311,45953856,9757026
2021-12-08,10034,249725,45963890,10006751
2021-12-09,31629,491969,45995519,10498720
2021-12-10,28111,517942,46023630,11016662
2021-12-11,23596,459288,46047226,11475950
2021-12-12,12328,293538,46059554,11769488
2021-12-13,26187,467664,46085741,12237152
2021-12-14,25212,494245,46110953,12731397
2021-12-15,25384,517191,46136337,13248588
2021-12-16,27940,520311,46164277,13768899
2021-12-17,29405,517229,46193682,14286128
2021-12-18,27117,468788,46220799,14754916
2021-12-19,15173,300548,46235972,15055464
2021-12-20,30684,477513,46266656,15532977
2021-12-21,30424,493451,46297080,16026428
2021-12-22,29494,484761,46326574,16511189
2021-12-23,28291,426973,46354865,16938162
2021-12-24,13128,210846,46367993,17149008
2021-12-25,2104,33053,46370097,17182061
2021-12-26,8784,159077,46378881,17341138
2021-12-27,46852,504704,46425733,17845842
2021-12-28,42513,554270,46468246,18400112
2021-12-29,34408,550688,46502654,18950800
2021-12-30,31905,499871,46534559,19450671
2021-12-31,14153,247410,46548712,19698081
2022-01-01,3503,64815,46552215,19762896
2022-01-02,22843,276728,46575058,20039624
2022-01-03,47967,520042,46623025,20559666
2022-01-04,46494,572108,46669519,21131774
2022-01-05,40866,560430,46710385,21692204
2022-01-06,23547,274489,46733932,21966693
2022-01-07,63820,554229,46797752,22520922
2022-01-08,61008,503427,46858760,23024349
2022-01-09,42983,319710,46901743,23344059
2022-01-10,61190,542332,46962933,23886391
2022-01-11,61882,587042,47024815,24473433
2022-01-12,58578,581316,47083393,25054749
2022-01-13,58732,580438,47142125,25635187
2022-01-14,46964,588625,47189089,26223812
2022-01-15,39617,570002,47228706,26793814
2022-01-16,31334,341899,47260040,27135713
2022-01-17,54867,489698,47314907,27625411
2022-01-18,58485,517059,47373392,28142470
2022-01-19,57286,502825,47430678,28645295
2022-01-20,54436,498865,47485114,29144160
2022-01-21,42198,493905,47527312,29638065
2022-01-22,31322,469624,47558634,30107689
2022-01-23,34989,275393,47593623,30383082
2022-01-24,56236,437257,47649859,30820339
2022-01-25,61610,452135,47711469,31272474
2022-01-26,58606,435850,47770075,31708324
2022-01-27,48904,432420,47818979,32140744
2022-01-28,58771,436570,47877750,32577314
2022-01-29,68199,412522,47945949,32989836
2022-01-30,50416,235993,47996365,33225829
2022-01-31,60728,356954,48057093,33582783
2022-02-01,65627,328472,48122720,33911255
2022-02-02,63256,297003,48185976,34208258
2022-02-03,60099,274542,48246075,34482800
2022-02-04,72417,268478,48318492,34751278
2022-02-05,83822,248560,48402314,34999838
2022-02-06,55309,116208,48457623,35116046
2022-02-07,65193,199949,48522816,35315995
2022-02-08,66960,186133,48589776,35502128
2022-02-09,58782,166356,48648558,35668484
2022-02-10,58605,163255,48707163,35831739
2022-02-11,62282,162482,48769445,35994221
2022-02-12,72018,152157,48841463,36146378
2022-02-13,41488,68859,48882951,36215237
2022-02-14,46713,116196,48929664,36331433
2022-02-15,48573,123482,48978237,36454915
2022-02-16,45701,106132,49023938,36561047
2022-02-17,42876,98128,49066814,36659175
2022-02-18,46638,112591,49113452,36771766
2022-02-19,52547,100342,49165999,36872108
2022-02-20,31416,40367,49197415,36912475
2022-02-21,37903,89660,49235318,37002135
2022-02-22,37228,83786,49272546,37085921
2022-02-23,33404,79407,49305950,37165328
2022-02-24,32563,78169,49338513,37243497
2022-02-25,34775,90714,49373288,37334211
2022-02-26,39164,89139,49412452,37423350
2022-02-27,22548,35859,49435000,37459209
2022-02-28,28491,81698,49463491,37540907
2022-03-01,22735,53944,49486226,37594851
2022-03-02,21936,50713,49508162,37645564
2022-03-03,22641,54947,49530803,37700511
2022-03-04,23244,62803,49554047,37763314
2022-03-05,23805,57953,49577852,37821267
2022-03-06,9473,17201,49587325,37838468
2022-03-07,15928,51391,49603253,37889859
2022-03-08,15481,48797,49618734,37938656
2022-03-09,13815,46518,49632549,37985174
2022-03-10,14061,52128,49646610,38037302
2022-03-11,15594,57274,49662204,38094576
2022-03-12,15514,56620,49677718,38151196
2022-03-13,5545,16852,49683263,38168048
2022-03-14,10528,46703,49693791,38214751
2022-03-15,10555,46895,49704346,38261646
2022-03-16,9486,41979,49713832,38303625
2022-03-17,9727,44877,49723559,38348502
2022-03-18,10164,49059,49733723,38397561
2022-03-19,9152,46541,49742875,38444102
2022-03-20,2608,11704,49745483,38455806
2022-03-21,7587,40233,49753070,38496039
2022-03-22,8448,37768,49761518,38533807
2022-03-23,7221,33701,49768739,38567508
2022-03-24,8261,38821,49777000,38606329
2022-03-25,8144,43673,49785144,38650002
2022-03-26,8129,41722,49793273,38691724
2022-03-27,2432,9683,49795705,38701407
2022-03-28,6113,35245,49801818,38736652
2022-03-29,5783,32532,49807601,38769184
2022-03-30,5567,30205,49813168,38799389
2022-03-31,5906,33186,49819074,38832575
2022-04-01,4351,25189,49823425,38857764
2022-04-02,4498,23275,49827923,38881039
2022-04-03,1049,4500,49828972,38885539
2022-04-04,3662,21547,49832634,38907086
2022-04-05,3758,22938,49836392,38930024
2022-04-06,4105,21853,49840497,38951877
2022-04-07,3970,23321,49844467,38975198
2022-04-08,4696,26716,49849163,39001914
2022-04-09,4382,23889,49853545,39025803
2022-04-10,893,4613,49854438,39030416
2022-04-11,3820,22689,49858258,39053105
2022-04-12,3364,21780,49861622,39074885
2022-04-13,3574,21337,49865196,39096222
2022-04-14,3487,23789,49868683,39120011
2022-04-15,3086,20621,49871769,39140632
2022-04-16,2152,11918,49873921,39152550
2022-04-17,63,348,49873984,39152898
2022-04-18,152,650,49874136,39153548
2022-04-19,3500,21987,49877636,39175535
2022-04-20,3513,20250,49881149,39195785
2022-04-21,2848,19793,49883997,39215578
2022-04-22,2928,20714,49886925,39236292
2022-04-23,2648,16222,49889573,39252514
2022-04-24,509,2334,49890082,39254848
2022-04-25,183,1165,49890265,39256013
2022-04-26,2761,17812,49893026,39273825
2022-04-27,2375,15795,49895401,39289620
2022-04-28,2363,15567,49897764,39305187
2022-04-29,2298,14850,49900062,39320037
2022-04-30,2123,11585,49902185,39331622
2022-05-01,113,531,49902298,39332153
2022-05-02,1451,9394,49903749,39341547
2022-05-03,1577,10326,49905326,39351873
2022-05-04,1747,10276,49907073,39362149
2022-05-05,1654,10301,49908727,39372450
2022-05-06,1702,10972,49910429,39383422
2022-05-07,1431,8573,49911860,39391995
2022-05-08,417,1526,49912277,39393521
2022-05-09,1028,8935,49913305,39402456
2022-05-10,1427,9553,49914732,39412009
2022-05-11,1485,10109,49916217,39422118
2022-05-12,1371,10137,49917588,39432255
2022-05-13,1596,10526,49919184,39442781
2022-05-14,1361,8248,49920545,39451029
2022-05-15,336,1137,49920881,39452166
2022-05-16,814,8409,49921695,39460575
2022-05-17,1244,8707,49922939,39469282
2022-05-18,1373,9256,49924312,39478538
2022-05-19,1501,9287,49925813,39487825
2022-05-20,1426,9535,49927239,39497360
2022-05-21,1302,7902,49928541,39505262
2022-05-22,231,1013,49928772,39506275
2022-05-23,830,8274,49929602,39514549
2022-05-24,1073,8673,49930675,39523222
2022-05-25,1372,9460,49932047,39532682
2022-05-26,1198,9480,49933245,39542162
2022-05-27,1232,9917,49934477,39552079
2022-05-28,1205,7890,49935682,39559969
2022-05-29,288,1265,49935970,39561234
2022-05-30,931,8058,49936901,39569292
2022-05-31,1039,8549,49937940,39577841
2022-06-01,895,7657,49938835,39585498
2022-06-02,35,474,49938870,39585972
2022-06-03,817,7334,49939687,39593306
2022-06-04,870,5162,49940557,39598468
2022-06-05,88,586,49940645,39599054
2022-06-06,679,7004,49941324,39606058
2022-06-07,952,7850,49942276,39613908
2022-06-08,981,7906,49943257,39621814
2022-06-09,1037,8418,49944294,39630232
2022-06-10,958,8563,49945252,39638795
2022-06-11,904,6206,49946156,39645001
2022-06-12,140,768,49946296,39645769
2022-06-13,602,6301,49946898,39652070
2022-06-14,832,7904,49947730,39659974
2022-06-15,960,7856,49948690,39667830
2022-06-16,733,7397,49949423,39675227
2022-06-17,723,7248,49950146,39682475
2022-06-18,778,5596,49950924,39688071
2022-06-19,49,521,49950973,39688592
2022-06-20,587,6699,49951560,39695291
2022-06-21,741,7664,49952301,39702955
2022-06-22,779,7313,49953080,39710268
2022-06-23,648,7472,49953728,39717740
2022-06-24,644,7474,49954372,39725214
2022-06-25,835,6533,49955207,39731747
2022-06-26,128,523,49955335,39732270
2022-06-27,534,7126,49955869,39739396
2022-06-28,748,8207,49956617,39747603
2022-06-29,756,7733,49957373,39755336
2022-06-30,747,8145,49958120,39763481
2022-07-01,577,6443,49958697,39769924
2022-07-02,536,4769,49959233,39774693
2022-07-03,49,456,49959282,39775149
2022-07-04,469,6278,49959751,39781427
2022-07-05,631,8122,49960382,39789549
2022-07-06,634,7611,49961016,39797160
2022-07-07,576,8273,49961592,39805433
2022-07-08,677,8086,49962269,39813519
2022-07-09,550,6105,49962819,39819624
2022-07-10,58,533,49962877,39820157
2022-07-11,493,7642,49963370,39827799
2022-07-12,669,9030,49964039,39836829
2022-07-13,645,10067,49964684,39846896
2022-07-14,637,10224,49965321,39857120
2022-07-15,627,10674,49965948,39867794
2022-07-16,523,7215,49966471,39875009
2022-07-17,48,770,49966519,39875779
2022-07-18,496,9375,49967015,39885154
2022-07-19,576,10684,49967591,39895838
2022-07-20,582,11277,49968173,39907115
2022-07-21,631,12093,49968804,39919208
2022-07-22,584,11262,49969388,39930470
2022-07-23,381,6775,49969769,39937245
2022-07-24,76,857,49969845,39938102
2022-07-25,503,9055,49970348,39947157
2022-07-26,522,9764,49970870,39956921
2022-07-27,554,10210,49971424,39967131
2022-07-28,532,10535,49971956,39977666
2022-07-29,511,9466,49972467,39987132
2022-07-30,383,5883,49972850,39993015
2022-07-31,49,764,49972899,39993779
2022-08-01,386,6865,49973285,40000644
2022-08-02,548,7590,49973833,40008234
2022-08-03,513,7179,49974346,40015413
2022-08-04,455,7493,49974801,40022906
2022-08-05,421,6526,49975222,40029432
2022-08-06,300,3613,49975522,40033045
2022-08-07,44,563,49975566,40033608
2022-08-08,403,4890,49975969,40038498
2022-08-09,381,5313,49976350,40043811
2022-08-10,385,4816,49976735,40048627
2022-08-11,369,4804,49977104,40053431
2022-08-12,294,3719,49977398,40057150
2022-08-13,143,1600,49977541,40058750
2022-08-14,9,129,49977550,40058879
2022-08-15,1,26,49977551,40058905
2022-08-16,283,3043,49977834,40061948
2022-08-17,352,3536,49978186,40065484
2022-08-18,394,4160,49978580,40069644
2022-08-19,341,3319,49978921,40072963
2022-08-20,183,1715,49979104,40074678
2022-08-21,24,149,49979128,40074827
2022-08-22,330,2952,49979458,40077779
2022-08-23,370,3674,49979828,40081453
2022-08-24,384,3360,49980212,40084813
2022-08-25,423,3773,49980635,40088586
2022-08-26,400,3574,49981035,40092160
2022-08-27,237,1770,49981272,40093930
2022-08-28,29,267,49981301,40094197
2022-08-29,354,3161,49981655,40097358
2022-08-30,405,3672,49982060,40101030
2022-08-31,438,3734,49982498,40104764
2022-09-01,353,3116,49982851,40107880
2022-09-02,297,2894,49983148,40110774
2022-09-03,200,1689,49983348,40112463
2022-09-04,24,149,49983372,40112612
2022-09-05,187,2656,49983559,40115268
2022-09-06,306,2984,49983865,40118252
2022-09-07,542,2936,49984407,40121188
2022-09-08,293,2963,49984700,40124151
2022-09-09,307,2886,49985007,40127037
2022-09-10,228,1326,49985235,40128363
2022-09-11,23,124,49985258,40128487
2022-09-12,267,2269,49985525,40130756
2022-09-13,253,2277,49985778,40133033
2022-09-14,266,2566,49986044,40135599
2022-09-15,282,2501,49986326,40138100
2022-09-16,256,2546,49986582,40140646
2022-09-17,239,1339,49986821,40141985
2022-09-18,20,170,49986841,40142155
2022-09-19,206,1971,49987047,40144126
2022-09-20,235,2392,49987282,40146518
2022-09-21,289,2526,49987571,40149044
2022-09-22,267,2663,49987838,40151707
2022-09-23,259,2545,49988097,40154252
2022-09-24,193,1427,49988290,40155679
2022-09-25,29,133,49988319,40155812
2022-09-26,280,2248,49988599,40158060
2022-09-27,287,2683,49988886,40160743
2022-09-28,310,2906,49989196,40163649
2022-09-29,257,3049,49989453,40166698
2022-09-30,292,2989,49989745,40169687
2022-10-01,195,1515,49989940,40171202
2022-10-02,12,187,49989952,40171389
2022-10-03,185,2475,49990137,40173864
2022-10-04,235,2862,49990372,40176726
2022-10-05,228,3253,49990600,40179979
2022-10-06,243,3874,49990843,40183853
2022-10-07,283,4189,49991126,40188042
2022-10-08,204,2270,49991330,40190312
2022-10-09,8,305,49991338,40190617
2022-10-10,214,3356,49991552,40193973
2022-10-11,194,4379,49991746,40198352
2022-10-12,207,4441,49991953,40202793
2022-10-13,204,5304,49992157,40208097
2022-10-14,233,5026,49992390,40213123
2022-10-15,191,2671,49992581,40215794
2022-10-16,6,360,49992587,40216154
2022-10-17,186,3874,49992773,40220028
2022-10-18,256,4967,49993029,40224995
2022-10-19,244,5478,49993273,40230473
2022-10-20,224,5998,49993497,40236471
2022-10-21,250,5477,49993747,40241948
2022-10-22,195,2911,49993942,40244859
2022-10-23,13,364,49993955,40245223
2022-10-24,171,3931,49994126,40249154
2022-10-25,254,4927,49994380,40254081
2022-10-26,347,5503,49994727,40259584
2022-10-27,241,5672,49994968,40265256
2022-10-28,200,5263,49995168,40270519
2022-10-29,128,2844,49995296,40273363
2022-10-30,3,328,49995299,40273691
2022-10-31,117,3042,49995416,40276733
2022-11-01,11,353,49995427,40277086
2022-11-02,146,3723,49995573,40280809
2022-11-03,172,4790,49995745,40285599
2022-11-04,227,4602,49995972,40290201
2022-11-05,144,2598,49996116,40292799
2022-11-06,10,261,49996126,40293060
2022-11-07,169,3225,49996295,40296285
2022-11-08,260,4254,49996555,40300539
2022-11-09,197,4331,49996752,40304870
2022-11-10,183,4597,49996935,40309467
2022-11-11,193,4221,49997128,40313688
2022-11-12,158,2378,49997286,40316066
2022-11-13,7,338,49997293,40316404
2022-11-14,150,2838,49997443,40319242
2022-11-15,202,3748,49997645,40322990
2022-11-16,217,3993,49997862,40326983
2022-11-17,191,4107,49998053,40331090
2022-11-18,246,4034,49998299,40335124
2022-11-19,112,2106,49998411,40337230
2022-11-20,24,317,49998435,40337547
2022-11-21,119,2621,49998554,40340168
2022-11-22,143,3217,49998697,40343385
2022-11-23,191,3625,49998888,40347010
2022-11-24,158,3844,49999046,40350854
2022-11-25,184,3785,49999230,40354639
2022-11-26,133,2093,49999363,40356732
2022-11-27,22,356,49999385,40357088
2022-11-28,182,2685,49999567,40359773
2022-11-29,257,3231,49999824,40363004
2022-11-30,182,3737,50000006,40366741
2022-12-01,151,3627,50000157,40370368
2022-12-02,157,3531,50000314,40373899
2022-12-03,106,1969,50000420,40375868
2022-12-04,5,290,50000425,40376158
2022-12-05,129,2855,50000554,40379013
2022-12-06,177,3656,50000731,40382669
2022-12-07,135,3137,50000866,40385806
2022-12-08,8,169,50000874,40385975
2022-12-09,161,3035,50001035,40389010
2022-12-10,78,1607,50001113,40390617
2022-12-11,7,193,50001120,40390810
2022-12-12,171,2535,50001291,40393345
2022-12-13,253,3052,50001544,40396397
2022-12-14,228,3225,50001772,40399622
2022-12-15,204,3270,50001976,40402892
2022-12-16,162,3179,50002138,40406071
2022-12-17,95,1685,50002233,40407756
2022-12-18,10,270,50002243,40408026
2022-12-19,143,2165,50002386,40410191
2022-12-20,211,2515,50002597,40412706
2022-12-21,157,2238,50002754,40414944
2022-12-22,141,1871,50002895,40416815
2022-12-23,151,1215,50003046,40418030
2022-12-24,32,160,50003078,40418190
2022-12-25,0,6,50003078,40418196
2022-12-26,6,41,50003084,40418237
2022-12-27,132,1555,50003216,40419792
2022-12-28,132,1774,50003348,40421566
2022-12-29,93,1696,50003441,40423262
2022-12-30,116,1608,50003557,40424870
2022-12-31,21,275,50003578,40425145
2023-01-01,0,6,50003578,40425151
2023-01-02,47,1113,50003625,40426264
2023-01-03,98,1888,50003723,40428152
2023-01-04,107,1963,50003830,40430115
2023-01-05,93,1872,50003923,40431987
2023-01-06,0,68,50003923,40432055
2023-01-07,51,672,50003974,40432727
2023-01-08,3,94,50003977,40432821