data_somministrazione,vaccinazioni,booster,cum_vaccinazioni,cum_booster
2020-12-27,19,0,19,0
2020-12-28,2,0,21,0
2020-12-29,1,0,22,0
2020-12-30,6,0,28,0
2020-12-31,58,0,86,0
2021-01-01,22,0,108,0
2021-01-02,97,0,205,0
2021-01-03,73,0,278,0
2021-01-04,188,0,466,0
2021-01-05,229,0,695,0
2021-01-06,182,0,877,0
2021-01-07,273,0,1150,0
2021-01-08,320,0,1470,0
2021-01-09,235,0,1705,0
2021-01-10,141,0,1846,0
2021-01-11,260,0,2106,0
2021-01-12,260,0,2366,0
2021-01-13,380,0,2746,0
2021-01-14,466,0,3212,0
2021-01-15,288,0,3500,0
2021-01-16,200,0,3700,0
2021-01-17,3057,0,6757,0
2021-01-18,5206,0,11963,0
2021-01-19,1889,0,13852,0
2021-01-20,4652,0,18504,0
2021-01-21,20004,0,38508,0
2021-01-22,14201,0,52709,0
2021-01-23,33336,0,86045,0
2021-01-24,30792,0,116837,0
2021-01-25,64741,0,181578,0
2021-01-26,76503,0,258081,0
2021-01-27,64851,0,322932,0
2021-01-28,89306,0,412238,0
2021-01-29,94039,0,506277,0
2021-01-30,86580,0,592857,0
2021-01-31,57342,0,650199,0
2021-02-01,81879,0,732078,0
2021-02-02,82149,0,814227,0
2021-02-03,91199,0,905426,0
2021-02-04,95403,0,1000829,0
2021-02-05,90285,0,1091114,0
2021-02-06,63452,0,1154566,0
2021-02-07,32926,0,1187492,0
2021-02-08,40431,0,1227923,0
2021-02-09,32866,0,1260789,0
2021-02-10,28418,0,1289207,0
2021-02-11,20383,0,1309590,0
2021-02-12,16222,0,1325812,0
2021-02-13,7248,0,1333060,0
2021-02-14,2861,0,1335921,0
2021-02-15,6836,0,1342757,0
2021-02-16,6992,0,1349749,0
2021-02-17,10518,0,1360267,0
2021-02-18,9244,0,1369511,0
2021-02-19,8234,0,1377745,0
2021-02-20,5536,0,1383281,0
2021-02-21,2985,0,1386266,0
2021-02-22,6879,0,1393145,0
2021-02-23,7156,0,1400301,0
2021-02-24,9823,0,1410124,0
2021-02-25,14200,0,1424324,0
2021-02-26,17550,0,1441874,0
2021-02-27,13896,0,1455770,0
2021-02-28,9386,0,1465156,0
2021-03-01,26507,0,1491663,0
2021-03-02,33234,0,1524897,0
2021-03-03,44641,0,1569538,0
2021-03-04,50290,0,1619828,0
2021-03-05,55733,0,1675561,0
2021-03-06,41871,0,1717432,0
2021-03-07,22320,0,1739752,0
2021-03-08,50790,0,1790542,0
2021-03-09,53055,0,1843597,0
2021-03-10,58621,0,1902218,0
2021-03-11,63830,0,1966048,0
2021-03-12,65092,0,2031140,0
2021-03-13,51703,0,2082843,0
2021-03-14,35383,0,2118226,0
2021-03-15,73425,0,2191651,0
2021-03-16,74021,0,2265672,0
2021-03-17,83128,0,2348800,0
2021-03-18,81621,0,2430421,0
2021-03-19,81077,0,2511498,0
2021-03-20,64704,0,2576202,0
2021-03-21,47284,0,2623486,0
2021-03-22,69470,0,2692956,0
2021-03-23,75777,0,2768733,0
2021-03-24,90883,0,2859616,0
2021-03-25,89782,0,2949398,0
2021-03-26,83602,0,3033000,0
2021-03-27,71912,0,3104912,0
2021-03-28,44120,0,3149032,0
2021-03-29,70804,0,3219836,0
2021-03-30,81351,0,3301187,0
2021-03-31,96214,0,3397401,0
2021-04-01,95289,0,3492690,0
2021-04-02,84060,0,3576750,0
2021-04-03,64296,0,3641046,0
2021-04-04,21715,0,3662761,0
2021-04-05,40296,0,3703057,0
2021-04-06,81295,0,3784352,0
2021-04-07,95799,0,3880151,0
2021-04-08,95224,0,3975375,0
2021-04-09,88477,0,4063852,0
2021-04-10,74027,0,4137879,0
2021-04-11,44747,0,4182626,0
2021-04-12,66904,0,4249530,0
2021-04-13,72559,0,4322089,0
2021-04-14,85514,0,4407603,0
2021-04-15,105395,0,4512998,0
2021-04-16,106407,0,4619405,0
2021-04-17,90488,0,4709893,0
2021-04-18,58581,0,4768474,0
2021-04-19,93424,0,4861898,0
2021-04-20,103760,0,4965658,0
2021-04-21,125323,0,5090981,0
2021-04-22,143502,0,5234483,0
2021-04-23,138712,0,5373195,0
2021-04-24,124429,0,5497624,0
2021-04-25,61453,0,5559077,0
2021-04-26,97874,0,5656951,0
2021-04-27,128348,0,5785299,0
2021-04-28,156346,0,5941645,0
2021-04-29,195575,0,6137220,0
2021-04-30,214551,0,6351771,0
2021-05-01,174085,0,6525856,0
2021-05-02,135792,0,6661648,0
2021-05-03,141999,0,6803647,0
2021-05-04,158670,0,6962317,0
2021-05-05,170463,0,7132780,0
2021-05-06,197785,0,7330565,0
2021-05-07,213800,0,7544365,0
2021-05-08,213376,0,7757741,0
2021-05-09,143186,0,7900927,0
2021-05-10,165078,0,8066005,0
2021-05-11,174950,0,8240955,0
2021-05-12,179139,0,8420094,0
2021-05-13,203351,0,8623445,0
2021-05-14,222885,0,8846330,0
2021-05-15,210327,0,9056657,0
2021-05-16,159256,0,9215913,0
2021-05-17,219175,0,9435088,0
2021-05-18,212993,0,9648081,0
2021-05-19,207065,0,9855146,0
2021-05-20,270836,0,10125982,0
2021-05-21,270857,0,10396839,0
2021-05-22,245513,0,10642352,0
2021-05-23,197170,0,10839522,0
2021-05-24,228287,0,11067809,0
2021-05-25,245683,0,11313492,0
2021-05-26,277477,0,11590969,0
2021-05-27,311075,0,11902044,0
2021-05-28,299553,0,12201597,0
2021-05-29,231188,0,12432785,0
2021-05-30,170819,0,12603604,0
2021-05-31,216401,0,12820005,0
2021-06-01,207625,0,13027630,0
2021-06-02,115764,0,13143394,0
2021-06-03,180093,0,13323487,0
2021-06-04,184835,0,13508322,0
2021-06-05,185911,0,13694233,0
2021-06-06,139501,0,13833734,0
2021-06-07,161822,0,13995556,0
2021-06-08,171143,0,14166699,0
2021-06-09,171414,0,14338113,0
2021-06-10,174024,0,14512137,0
2021-06-11,169918,0,14682055,0
2021-06-12,128291,0,14810346,0
2021-06-13,91128,0,14901474,0
2021-06-14,214626,0,15116100,0
2021-06-15,228373,0,15344473,0
2021-06-16,253022,0,15597495,0
2021-06-17,301687,0,15899182,0
2021-06-18,306243,0,16205425,0
2021-06-19,275039,0,16480464,0
2021-06-20,220727,0,16701191,0
2021-06-21,288026,0,16989217,0
2021-06-22,296176,0,17285393,0
2021-06-23,302650,0,17588043,0
2021-06-24,332547,0,17920590,0
2021-06-25,348684,0,18269274,0
2021-06-26,300081,0,18569355,0
2021-06-27,228607,0,18797962,0
2021-06-28,307024,0,19104986,0
2021-06-29,329221,0,19434207,0
2021-06-30,342083,0,19776290,0
2021-07-01,363139,0,20139429,0
2021-07-02,368427,0,20507856,0
2021-07-03,371060,0,20878916,0
2021-07-04,283187,0,21162103,0
2021-07-05,384492,0,21546595,0
2021-07-06,385425,0,21932020,0
2021-07-07,412055,0,22344075,0
2021-07-08,479630,0,22823705,0
2021-07-09,498496,0,23322201,0
2021-07-10,475181,0,23797382,0
2021-07-11,357708,0,24155090,0
2021-07-12,485919,0,24641009,0
2021-07-13,492158,0,25133167,0
2021-07-14,480486,0,25613653,0
2021-07-15,523504,0,26137157,0
2021-07-16,509793,0,26646950,0
2021-07-17,464375,0,27111325,0
2021-07-18,364703,0,27476028,0
2021-07-19,463079,0,27939107,0
2021-07-20,458087,0,28397194,0
2021-07-21,462822,0,28860016,0
2021-07-22,475392,0,29335408,0
2021-07-23,441311,0,29776719,0
2021-07-24,386190,0,30162909,0
2021-07-25,287598,0,30450507,0
2021-07-26,430895,0,30881402,0
2021-07-27,440127,0,31321529,0
2021-07-28,391022,0,31712551,0
2021-07-29,372079,0,32084630,0
2021-07-30,341501,0,32426131,0
2021-07-31,287014,0,32713145,0
2021-08-01,191025,0,32904170,0
2021-08-02,333734,0,33237904,0
2021-08-03,323186,0,33561090,0
2021-08-04,310974,0,33872064,0
2021-08-05,292515,0,34164579,0
2021-08-06,260000,0,34424579,0
2021-08-07,199041,0,34623620,0
2021-08-08,153105,0,34776725,0
2021-08-09,234074,0,35010799,0
2021-08-10,205245,0,35216044,0
2021-08-11,193749,0,35409793,0
2021-08-12,167965,0,35577758,0
2021-08-13,148593,0,35726351,0
2021-08-14,66083,0,35792434,0
2021-08-15,26333,0,35818767,0
2021-08-16,114671,0,35933438,0
2021-08-17,129237,0,36062675,0
2021-08-18,128725,0,36191400,0
2021-08-19,124782,0,36316182,0
2021-08-20,123781,0,36439963,0
2021-08-21,83111,0,36523074,0
2021-08-22,68161,0,36591235,0
2021-08-23,176863,0,36768098,0
2021-08-24,156905,0,36925003,0
2021-08-25,177167,0,37102170,0
2021-08-26,172350,0,37274520,0
2021-08-27,185850,0,37460370,0
2021-08-28,140273,0,37600643,0
2021-08-29,99004,0,37699647,0
2021-08-30,209636,0,37909283,0
2021-08-31,194628,0,38103911,0
2021-09-01,192215,0,38296126,0
2021-09-02,189942,0,38486068,0
2021-09-03,191344,0,38677412,0
2021-09-04,131492,0,38808904,0
2021-09-05,87870,0,38896774,0
2021-09-06,193662,0,39090436,0
2021-09-07,196071,0,39286507,0
2021-09-08,187914,0,39474421,0
2021-09-09,201480,0,39675901,0
2021-09-10,198115,0,39874016,0
2021-09-11,141328,0,40015344,0
2021-09-12,89605,0,40104949,0
2021-09-13,191182,531,40296131,531
2021-09-14,177271,565,40473402,1096
2021-09-15,163134,562,40636536,1658
2021-09-16,160105,908,40796641,2566
2021-09-17,150173,1104,40946814,3670
2021-09-18,127976,726,41074790,4396
2021-09-19,81132,486,41155922,4882
2021-09-20,180076,9061,41335998,13943
2021-09-21,166624,8825,41502622,22768
2021-09-22,159075,9424,41661697,32192
2021-09-23,138078,9312,41799775,41504
2021-09-24,140541,8944,41940316,50448
2021-09-25,119541,5629,42059857,56077
2021-09-26,71950,4336,42131807,60413
2021-09-27,135632,10035,42267439,70448
2021-09-28,117484,11376,42384923,81824
2021-09-29,112327,11821,42497250,93645
2021-09-30,110225,14933,42607475,108578
2021-10-01,94970,19101,42702445,127679
2021-10-02,78471,14011,42780916,141690
2021-10-03,47725,7653,42828641,149343
2021-10-04,88375,34438,42917016,183781
2021-10-05,80359,33967,42997375,217748
2021-10-06,71976,34155,43069351,251903
2021-10-07,71846,34339,43141197,286242
2021-10-08,80622,33585,43221819,319827
2021-10-09,76099,22162,43297918,341989
2021-10-10,45771,13614,43343689,355603
2021-10-11,87405,41096,43431094,396699
2021-10-12,84487,46892,43515581,443591
2021-10-13,88187,52102,43603768,495693
2021-10-14,91521,58499,43695289,554192
2021-10-15,93580,55615,43788869,609807
2021-10-16,82957,36775,43871826,646582
2021-10-17,51460,23823,43923286,670405
2021-10-18,90288,59474,44013574,729879
2021-10-19,78340,69367,44091914,799246
2021-10-20,75075,78156,44166989,877402
2021-10-21,78300,81745,44245289,959147
2021-10-22,73795,77013,44319084,1036160
2021-10-23,60813,51945,44379897,1088105
2021-10-24,33380,23446,44413277,1111551
2021-10-25,64903,81620,44478180,1193171
2021-10-26,58374,91770,44536554,1284941
2021-10-27,58328,103958,44594882,1388899
2021-10-28,61467,114094,44656349,1502993
2021-10-29,61657,103106,44718006,1606099
2021-10-30,50670,68110,44768676,1674209
2021-10-31,25169,28282,44793845,1702491
2021-11-01,19047,28146,44812892,1730637
2021-11-02,62772,89364,44875664,1820001
2021-11-03,60733,118655,44936397,1938656
2021-11-04,59245,126653,44995642,2065309
2021-11-05,63093,135166,45058735,2200475
2021-11-06,46472,90921,45105207,2291396
2021-11-07,22253,37892,45127460,2329288
2021-11-08,51526,131259,45178986,2460547
2021-11-09,45403,144191,45224389,2604738
2021-11-10,42578,156343,45266967,2761081
2021-11-11,44933,155133,45311900,2916214
2021-11-12,46370,158569,45358270,3074783
2021-11-13,33251,116641,45391521,3191424
2021-11-14,14479,52446,45406000,3243870
2021-11-15,36894,157419,45442894,3401289
2021-11-16,30543,171370,45473437,3572659
2021-11-17,28448,178430,45501885,3751089
2021-11-18,30278,193706,45532163,3944795
2021-11-19,28794,205846,45560957,4150641
2021-11-20,20990,156433,45581947,4307074
2021-11-21,10607,64854,45592554,4371928
2021-11-22,21923,213137,45614477,4585065
2021-11-23,23563,241739,45638040,4826804
2021-11-24,27827,270941,45665867,5097745
2021-11-25,23229,301894,45689096,5399639
2021-11-26,24573,318259,45713669,5717898
2021-11-27,21373,266148,45735042,5984046
2021-11-28,9894,137053,45744936,6121099
2021-11-29,22310,326059,45767246,6447158
2021-11-30,23075,365819,45790321,6812977
2021-12-01,21508,413497,45811829,7226474
2021-12-02,23749,440374,45835578,7666848
2021-12-03,25223,467449,45860801,8134297
2021-12-04,22344,418723,45883145,8553020
2021-12-05,11903,261330,45895048,8814350
2021-12-06,25799,457560,45920847,9271910
2021-12-07,24102,480242,45944949,9752152
2021-12-08,9992,249677,45954941,10001829
2021-12-09,31556,491909,45986497,10493738
2021-12-10,28040,517863,46014537,11011601
2021-12-11,23544,459236,46038081,11470837
2021-12-12,12292,293494,46050373,11764331
2021-12-13,26126,467616,46076499,12231947
2021-12-14,25148,494187,46101647,12726134
2021-12-15,25303,517126,46126950,13243260
2021-12-16,27861,520237,46154811,13763497
2021-12-17,29332,517156,46184143,14280653
2021-12-18,27024,468709,46211167,14749362
2021-12-19,15128,300511,46226295,15049873
2021-12-20,30602,477467,46256897,15527340
2021-12-21,30343,493374,46287240,16020714
2021-12-22,29424,484694,46316664,16505408
2021-12-23,28215,426890,46344879,16932298
2021-12-24,13103,210818,46357982,17143116
2021-12-25,2101,33052,46360083,17176168
2021-12-26,8750,159064,46368833,17335232
2021-12-27,46748,504646,46415581,17839878
2021-12-28,42415,554194,46457996,18394072
2021-12-29,34294,550625,46492290,18944697
2021-12-30,31787,499816,46524077,19444513
2021-12-31,14093,247394,46538170,19691907
2022-01-01,3493,64812,46541663,19756719
2022-01-02,22730,276715,46564393,20033434
2022-01-03,47773,520007,46612166,20553441
2022-01-04,46277,572068,46658443,21125509
2022-01-05,40662,560377,46699105,21685886
2022-01-06,23435,274477,46722540,21960363
2022-01-07,63603,554173,46786143,22514536
2022-01-08,60753,503375,46846896,23017911
2022-01-09,42755,319683,46889651,23337594
2022-01-10,60986,542269,46950637,23879863
2022-01-11,61613,586979,47012250,24466842
2022-01-12,58348,581269,47070598,25048111
2022-01-13,58501,580370,47129099,25628481
2022-01-14,46677,588557,47175776,26217038
2022-01-15,39236,569933,47215012,26786971
2022-01-16,31105,341848,47246117,27128819
2022-01-17,54702,489642,47300819,27618461
2022-01-18,58303,517003,47359122,28135464
2022-01-19,57121,502779,47416243,28638243
2022-01-20,54257,498808,47470500,29137051
2022-01-21,41972,493865,47512472,29630916
2022-01-22,31077,469587,47543549,30100503
2022-01-23,34866,275366,47578415,30375869
2022-01-24,56122,437206,47634537,30813075
2022-01-25,61488,452085,47696025,31265160
2022-01-26,58477,435815,47754502,31700975
2022-01-27,48775,432352,47803277,32133327
2022-01-28,58613,436522,47861890,32569849
2022-01-29,68038,412476,47929928,32982325
2022-01-30,50329,235966,47980257,33218291
2022-01-31,60555,356918,48040812,33575209
2022-02-01,65476,328428,48106288,33903637
2022-02-02,63124,296959,48169412,34200596
2022-02-03,59997,274511,48229409,34475107
2022-02-04,72316,268442,48301725,34743549
2022-02-05,83702,248521,48385427,34992070
2022-02-06,55252,116193,48440679,35108263
2022-02-07,65098,199928,48505777,35308191
2022-02-08,66890,186101,48572667,35494292
2022-02-09,58724,166328,48631391,35660620
2022-02-10,58520,163231,48689911,35823851
2022-02-11,62210,162451,48752121,35986302
2022-02-12,71935,152133,48824056,36138435
2022-02-13,41456,68848,48865512,36207283
2022-02-14,46651,116181,48912163,36323464
2022-02-15,48491,123477,48960654,36446941
2022-02-16,45650,106108,49006304,36553049
2022-02-17,42843,98100,49049147,36651149
2022-02-18,46588,112565,49095735,36763714
2022-02-19,52511,100325,49148246,36864039
2022-02-20,31407,40359,49179653,36904398
2022-02-21,37881,89639,49217534,36994037
2022-02-22,37204,83767,49254738,37077804
2022-02-23,33368,79404,49288106,37157208
2022-02-24,32544,78160,49320650,37235368
2022-02-25,34740,90702,49355390,37326070
2022-02-26,39141,89131,49394531,37415201
2022-02-27,22539,35855,49417070,37451056
2022-02-28,28463,81689,49445533,37532745
2022-03-01,22693,53934,49468226,37586679
2022-03-02,21985,50627,49490211,37637306
2022-03-03,22596,54939,49512807,37692245
2022-03-04,23205,62789,49536012,37755034
2022-03-05,23779,57950,49559791,37812984
2022-03-06,9469,17199,49569260,37830183
2022-03-07,15895,51389,49585155,37881572
2022-03-08,15446,48796,49600601,37930368
2022-03-09,13797,46512,49614398,37976880
2022-03-10,14027,52115,49628425,38028995
2022-03-11,15563,57249,49643988,38086244
2022-03-12,15487,56614,49659475,38142858
2022-03-13,5541,16848,49665016,38159706
2022-03-14,10516,46691,49675532,38206397
2022-03-15,10533,46892,49686065,38253289
2022-03-16,9470,41975,49695535,38295264
2022-03-17,9697,44875,49705232,38340139
2022-03-18,10149,49052,49715381,38389191
2022-03-19,9141,46532,49724522,38435723
2022-03-20,2606,11699,49727128,38447422
2022-03-21,7569,40221,49734697,38487643
2022-03-22,8438,37745,49743135,38525388
2022-03-23,7202,33695,49750337,38559083
2022-03-24,8245,38796,49758582,38597879
2022-03-25,8122,43664,49766704,38641543
2022-03-26,8118,41719,49774822,38683262
2022-03-27,2428,9682,49777250,38692944
2022-03-28,6097,35230,49783347,38728174
2022-03-29,5773,32523,49789120,38760697
2022-03-30,5554,30192,49794674,38790889
2022-03-31,5884,33170,49800558,38824059
2022-04-01,4340,25182,49804898,38849241
2022-04-02,4486,23272,49809384,38872513
2022-04-03,1048,4499,49810432,38877012
2022-04-04,3650,21532,49814082,38898544
2022-04-05,3746,22923,49817828,38921467
2022-04-06,4096,21839,49821924,38943306
2022-04-07,3954,23317,49825878,38966623
2022-04-08,4682,26709,49830560,38993332
2022-04-09,4374,23882,49834934,39017214
2022-04-10,892,4614,49835826,39021828
2022-04-11,3801,22682,49839627,39044510
2022-04-12,3356,21776,49842983,39066286
2022-04-13,3557,21333,49846540,39087619
2022-04-14,3482,23774,49850022,39111393
2022-04-15,3076,20613,49853098,39132006
2022-04-16,2147,11920,49855245,39143926
2022-04-17,63,348,49855308,39144274
2022-04-18,148,650,49855456,39144924
2022-04-19,3483,21977,49858939,39166901
2022-04-20,3495,20249,49862434,39187150
2022-04-21,2838,19781,49865272,39206931
2022-04-22,2914,20695,49868186,39227626
2022-04-23,2635,16205,49870821,39243831
2022-04-24,509,2335,49871330,39246166
2022-04-25,183,1165,49871513,39247331
2022-04-26,2758,17793,49874271,39265124
2022-04-27,2364,15782,49876635,39280906
2022-04-28,2348,15534,49878983,39296440
2022-04-29,2289,14835,49881272,39311275
2022-04-30,2118,11576,49883390,39322851
2022-05-01,113,530,49883503,39323381
2022-05-02,1443,9381,49884946,39332762
2022-05-03,1571,10308,49886517,39343070
2022-05-04,1744,10256,49888261,39353326
2022-05-05,1647,10273,49889908,39363599
2022-05-06,1692,10944,49891600,39374543
2022-05-07,1431,8563,49893031,39383106
2022-05-08,404,1514,49893435,39384620
2022-05-09,1023,8915,49894458,39393535
2022-05-10,1418,9536,49895876,39403071
2022-05-11,1477,10087,49897353,39413158
2022-05-12,1365,10119,49898718,39423277
2022-05-13,1588,10508,49900306,39433785
2022-05-14,1355,8226,49901661,39442011
2022-05-15,336,1129,49901997,39443140
2022-05-16,809,8388,49902806,39451528
2022-05-17,1239,8667,49904045,39460195
2022-05-18,1368,9214,49905413,39469409
2022-05-19,1498,9267,49906911,39478676
2022-05-20,1420,9492,49908331,39488168
2022-05-21,1299,7892,49909630,39496060
2022-05-22,230,1012,49909860,39497072
2022-05-23,825,8260,49910685,39505332
2022-05-24,1070,8665,49911755,39513997
2022-05-25,1365,9444,49913120,39523441
2022-05-26,1192,9452,49914312,39532893
2022-05-27,1223,9908,49915535,39542801
2022-05-28,1202,7872,49916737,39550673
2022-05-29,285,1264,49917022,39551937
2022-05-30,929,8026,49917951,39559963
2022-05-31,1033,8529,49918984,39568492
2022-06-01,891,7643,49919875,39576135
2022-06-02,35,474,49919910,39576609
2022-06-03,813,7327,49920723,39583936
2022-06-04,869,5155,49921592,39589091
2022-06-05,89,586,49921681,39589677
2022-06-06,671,6964,49922352,39596641
2022-06-07,930,7841,49923282,39604482
2022-06-08,981,7896,49924263,39612378
2022-06-09,1034,8398,49925297,39620776
2022-06-10,950,8537,49926247,39629313
2022-06-11,898,6207,49927145,39635520
2022-06-12,140,767,49927285,39636287
2022-06-13,602,6295,49927887,39642582
2022-06-14,824,7880,49928711,39650462
2022-06-15,949,7842,49929660,39658304
2022-06-16,728,7383,49930388,39665687
2022-06-17,717,7235,49931105,39672922
2022-06-18,776,5588,49931881,39678510
2022-06-19,47,522,49931928,39679032
2022-06-20,587,6694,49932515,39685726
2022-06-21,731,7637,49933246,39693363
2022-06-22,779,7300,49934025,39700663
2022-06-23,648,7455,49934673,39708118
2022-06-24,643,7468,49935316,39715586
2022-06-25,835,6531,49936151,39722117
2022-06-26,128,523,49936279,39722640
2022-06-27,532,7117,49936811,39729757
2022-06-28,743,8208,49937554,39737965
2022-06-29,755,7717,49938309,39745682
2022-06-30,742,8131,49939051,39753813
2022-07-01,577,6436,49939628,39760249
2022-07-02,536,4765,49940164,39765014
2022-07-03,49,456,49940213,39765470
2022-07-04,470,6269,49940683,39771739
2022-07-05,622,8107,49941305,39779846
2022-07-06,625,7595,49941930,39787441
2022-07-07,562,8250,49942492,39795691
2022-07-08,670,8074,49943162,39803765
2022-07-09,548,6103,49943710,39809868
2022-07-10,58,533,49943768,39810401
2022-07-11,477,7626,49944245,39818027
2022-07-12,653,8980,49944898,39827007
2022-07-13,627,10062,49945525,39837069
2022-07-14,618,10218,49946143,39847287
2022-07-15,616,10646,49946759,39857933
2022-07-16,512,7207,49947271,39865140
2022-07-17,48,769,49947319,39865909
2022-07-18,495,9339,49947814,39875248
2022-07-19,560,10642,49948374,39885890
2022-07-20,563,11246,49948937,39897136
2022-07-21,620,12005,49949557,39909141
2022-07-22,571,11204,49950128,39920345
2022-07-23,375,6730,49950503,39927075
2022-07-24,75,834,49950578,39927909
2022-07-25,492,9019,49951070,39936928
2022-07-26,517,9701,49951587,39946629
2022-07-27,539,10128,49952126,39956757
2022-07-28,525,10451,49952651,39967208
2022-07-29,505,9385,49953156,39976593
2022-07-30,380,5847,49953536,39982440
2022-07-31,49,746,49953585,39983186
2022-08-01,383,6806,49953968,39989992
2022-08-02,534,7486,49954502,39997478
2022-08-03,494,7091,49954996,40004569
2022-08-04,444,7381,49955440,40011950
2022-08-05,410,6446,49955850,40018396
2022-08-06,295,3567,49956145,40021963
2022-08-07,44,547,49956189,40022510
2022-08-08,390,4831,49956579,40027341
2022-08-09,375,5229,49956954,40032570
2022-08-10,368,4722,49957322,40037292
2022-08-11,359,4703,49957681,40041995
2022-08-12,278,3613,49957959,40045608
2022-08-13,136,1551,49958095,40047159
2022-08-14,9,127,49958104,40047286
2022-08-15,1,24,49958105,40047310
2022-08-16,273,2932,49958378,40050242
2022-08-17,210,1890,49958588,40052132