data_somministrazione,vaccinazioni,booster,cum_vaccinazioni,cum_booster
2020-12-27,16,0,16,0
2020-12-28,2,0,18,0
2020-12-29,1,0,19,0
2020-12-30,3,0,22,0
2020-12-31,34,0,56,0
2021-01-01,12,0,68,0
2021-01-02,53,0,121,0
2021-01-03,46,0,167,0
2021-01-04,123,0,290,0
2021-01-05,162,0,452,0
2021-01-06,135,0,587,0
2021-01-07,198,0,785,0
2021-01-08,246,0,1031,0
2021-01-09,172,0,1203,0
2021-01-10,110,0,1313,0
2021-01-11,199,0,1512,0
2021-01-12,208,0,1720,0
2021-01-13,313,0,2033,0
2021-01-14,413,0,2446,0
2021-01-15,251,0,2697,0
2021-01-16,166,0,2863,0
2021-01-17,3048,0,5911,0
2021-01-18,5186,0,11097,0
2021-01-19,1872,0,12969,0
2021-01-20,4660,0,17629,0
2021-01-21,20017,0,37646,0
2021-01-22,14196,0,51842,0
2021-01-23,33369,0,85211,0
2021-01-24,30794,0,116005,0
2021-01-25,64787,0,180792,0
2021-01-26,76710,0,257502,0
2021-01-27,64883,0,322385,0
2021-01-28,89400,0,411785,0
2021-01-29,94180,0,505965,0
2021-01-30,86802,0,592767,0
2021-01-31,57383,0,650150,0
2021-02-01,81945,0,732095,0
2021-02-02,82220,0,814315,0
2021-02-03,91388,0,905703,0
2021-02-04,95446,0,1001149,0
2021-02-05,90353,0,1091502,0
2021-02-06,63816,0,1155318,0
2021-02-07,32951,0,1188269,0
2021-02-08,40487,0,1228756,0
2021-02-09,32839,0,1261595,0
2021-02-10,28388,0,1289983,0
2021-02-11,20355,0,1310338,0
2021-02-12,16178,0,1326516,0
2021-02-13,7218,0,1333734,0
2021-02-14,2856,0,1336590,0
2021-02-15,6872,0,1343462,0
2021-02-16,6977,0,1350439,0
2021-02-17,10510,0,1360949,0
2021-02-18,9332,0,1370281,0
2021-02-19,8242,0,1378523,0
2021-02-20,5560,0,1384083,0
2021-02-21,2983,0,1387066,0
2021-02-22,6861,0,1393927,0
2021-02-23,7136,0,1401063,0
2021-02-24,9790,0,1410853,0
2021-02-25,14170,0,1425023,0
2021-02-26,17517,0,1442540,0
2021-02-27,13856,0,1456396,0
2021-02-28,9372,0,1465768,0
2021-03-01,26436,0,1492204,0
2021-03-02,33173,0,1525377,0
2021-03-03,44670,0,1570047,0
2021-03-04,50243,0,1620290,0
2021-03-05,55717,0,1676007,0
2021-03-06,41860,0,1717867,0
2021-03-07,22286,0,1740153,0
2021-03-08,50591,0,1790744,0
2021-03-09,52984,0,1843728,0
2021-03-10,58569,0,1902297,0
2021-03-11,63826,0,1966123,0
2021-03-12,65066,0,2031189,0
2021-03-13,51723,0,2082912,0
2021-03-14,35344,0,2118256,0
2021-03-15,73564,0,2191820,0
2021-03-16,74076,0,2265896,0
2021-03-17,83078,0,2348974,0
2021-03-18,81626,0,2430600,0
2021-03-19,81079,0,2511679,0
2021-03-20,64752,0,2576431,0
2021-03-21,47273,0,2623704,0
2021-03-22,69452,0,2693156,0
2021-03-23,75810,0,2768966,0
2021-03-24,90852,0,2859818,0
2021-03-25,89750,0,2949568,0
2021-03-26,83538,0,3033106,0
2021-03-27,71906,0,3105012,0
2021-03-28,44029,0,3149041,0
2021-03-29,70797,0,3219838,0
2021-03-30,81273,0,3301111,0
2021-03-31,96136,0,3397247,0
2021-04-01,95238,0,3492485,0
2021-04-02,84076,0,3576561,0
2021-04-03,64288,0,3640849,0
2021-04-04,21687,0,3662536,0
2021-04-05,40261,0,3702797,0
2021-04-06,81328,0,3784125,0
2021-04-07,95829,0,3879954,0
2021-04-08,95332,0,3975286,0
2021-04-09,88433,0,4063719,0
2021-04-10,74043,0,4137762,0
2021-04-11,44766,0,4182528,0
2021-04-12,66997,0,4249525,0
2021-04-13,72677,0,4322202,0
2021-04-14,85492,0,4407694,0
2021-04-15,105352,0,4513046,0
2021-04-16,106429,0,4619475,0
2021-04-17,90602,0,4710077,0
2021-04-18,58752,0,4768829,0
2021-04-19,93545,0,4862374,0
2021-04-20,103883,0,4966257,0
2021-04-21,125485,0,5091742,0
2021-04-22,143640,0,5235382,0
2021-04-23,138815,0,5374197,0
2021-04-24,124491,0,5498688,0
2021-04-25,61404,0,5560092,0
2021-04-26,97943,0,5658035,0
2021-04-27,128557,0,5786592,0
2021-04-28,156481,0,5943073,0
2021-04-29,195623,0,6138696,0
2021-04-30,214780,0,6353476,0
2021-05-01,174280,0,6527756,0
2021-05-02,136480,0,6664236,0
2021-05-03,142242,0,6806478,0
2021-05-04,158917,0,6965395,0
2021-05-05,171330,0,7136725,0
2021-05-06,198775,0,7335500,0
2021-05-07,214692,0,7550192,0
2021-05-08,213884,0,7764076,0
2021-05-09,143417,0,7907493,0
2021-05-10,165399,0,8072892,0
2021-05-11,175238,0,8248130,0
2021-05-12,179369,0,8427499,0
2021-05-13,203590,0,8631089,0
2021-05-14,223441,0,8854530,0
2021-05-15,211943,0,9066473,0
2021-05-16,160731,0,9227204,0
2021-05-17,219437,0,9446641,0
2021-05-18,213422,0,9660063,0
2021-05-19,207436,0,9867499,0
2021-05-20,271271,0,10138770,0
2021-05-21,271280,0,10410050,0
2021-05-22,246484,0,10656534,0
2021-05-23,198414,0,10854948,0
2021-05-24,228711,0,11083659,0
2021-05-25,247143,0,11330802,0
2021-05-26,278969,0,11609771,0
2021-05-27,312619,0,11922390,0
2021-05-28,300092,0,12222482,0
2021-05-29,231719,0,12454201,0
2021-05-30,172015,0,12626216,0
2021-05-31,217945,0,12844161,0
2021-06-01,208346,0,13052507,0
2021-06-02,116270,0,13168777,0
2021-06-03,180534,0,13349311,0
2021-06-04,186111,0,13535422,0
2021-06-05,186622,0,13722044,0
2021-06-06,140144,0,13862188,0
2021-06-07,162265,0,14024453,0
2021-06-08,171256,0,14195709,0
2021-06-09,171667,0,14367376,0
2021-06-10,174080,0,14541456,0
2021-06-11,170002,0,14711458,0
2021-06-12,128304,0,14839762,0
2021-06-13,91517,0,14931279,0
2021-06-14,215259,0,15146538,0
2021-06-15,228930,0,15375468,0
2021-06-16,254272,0,15629740,0
2021-06-17,302856,0,15932596,0
2021-06-18,307145,0,16239741,0
2021-06-19,276234,0,16515975,0
2021-06-20,221570,0,16737545,0
2021-06-21,289159,0,17026704,0
2021-06-22,297610,0,17324314,0
2021-06-23,304339,0,17628653,0
2021-06-24,333954,0,17962607,0
2021-06-25,350007,0,18312614,0
2021-06-26,301423,0,18614037,0
2021-06-27,229727,0,18843764,0
2021-06-28,308404,0,19152168,0
2021-06-29,331019,0,19483187,0
2021-06-30,344160,0,19827347,0
2021-07-01,364843,0,20192190,0
2021-07-02,370287,0,20562477,0
2021-07-03,373396,0,20935873,0
2021-07-04,284533,0,21220406,0
2021-07-05,386288,0,21606694,0
2021-07-06,387434,0,21994128,0
2021-07-07,414243,0,22408371,0
2021-07-08,482555,0,22890926,0
2021-07-09,500770,0,23391696,0
2021-07-10,477364,0,23869060,0
2021-07-11,359032,0,24228092,0
2021-07-12,487809,0,24715901,0
2021-07-13,494567,0,25210468,0
2021-07-14,482770,0,25693238,0
2021-07-15,525867,0,26219105,0
2021-07-16,511660,0,26730765,0
2021-07-17,466394,0,27197159,0
2021-07-18,366095,0,27563254,0
2021-07-19,465082,0,28028336,0
2021-07-20,459816,0,28488152,0
2021-07-21,464670,0,28952822,0
2021-07-22,476616,0,29429438,0
2021-07-23,442885,0,29872323,0
2021-07-24,386920,0,30259243,0
2021-07-25,288059,0,30547302,0
2021-07-26,432383,0,30979685,0
2021-07-27,441784,0,31421469,0
2021-07-28,392594,0,31814063,0
2021-07-29,373633,0,32187696,0
2021-07-30,342901,0,32530597,0
2021-07-31,288360,0,32818957,0
2021-08-01,191400,0,33010357,0
2021-08-02,335337,0,33345694,0
2021-08-03,324456,0,33670150,0
2021-08-04,312299,0,33982449,0
2021-08-05,293701,0,34276150,0
2021-08-06,260999,0,34537149,0
2021-08-07,199389,0,34736538,0
2021-08-08,153570,0,34890108,0
2021-08-09,235245,0,35125353,0
2021-08-10,205552,0,35330905,0
2021-08-11,194261,0,35525166,0
2021-08-12,168473,0,35693639,0
2021-08-13,148648,0,35842287,0
2021-08-14,65980,0,35908267,0
2021-08-15,26298,0,35934565,0
2021-08-16,114861,0,36049426,0
2021-08-17,129244,0,36178670,0
2021-08-18,128842,0,36307512,0
2021-08-19,125182,0,36432694,0
2021-08-20,124265,0,36556959,0
2021-08-21,83489,0,36640448,0
2021-08-22,68361,0,36708809,0
2021-08-23,177077,0,36885886,0
2021-08-24,157839,0,37043725,0
2021-08-25,177782,0,37221507,0
2021-08-26,173148,0,37394655,0
2021-08-27,186326,0,37580981,0
2021-08-28,140252,0,37721233,0
2021-08-29,99159,0,37820392,0
2021-08-30,210021,0,38030413,0
2021-08-31,195089,0,38225502,0
2021-09-01,192655,0,38418157,0
2021-09-02,190122,0,38608279,0
2021-09-03,191316,0,38799595,0
2021-09-04,131500,0,38931095,0
2021-09-05,87895,0,39018990,0
2021-09-06,193780,0,39212770,0
2021-09-07,195930,0,39408700,0
2021-09-08,187871,0,39596571,0
2021-09-09,201488,0,39798059,0
2021-09-10,198142,0,39996201,0
2021-09-11,141210,0,40137411,0
2021-09-12,89563,0,40226974,0
2021-09-13,191198,349,40418172,349
2021-09-14,177320,425,40595492,774
2021-09-15,163090,456,40758582,1230
2021-09-16,160043,790,40918625,2020
2021-09-17,150082,1006,41068707,3026
2021-09-18,127810,656,41196517,3682
2021-09-19,81116,441,41277633,4123
2021-09-20,179883,8958,41457516,13081
2021-09-21,166371,8728,41623887,21809
2021-09-22,158919,9369,41782806,31178
2021-09-23,137795,9245,41920601,40423
2021-09-24,140259,8859,42060860,49282
2021-09-25,119349,5563,42180209,54845
2021-09-26,71802,4293,42252011,59138
2021-09-27,135423,9981,42387434,69119
2021-09-28,117245,11311,42504679,80430
2021-09-29,112071,11763,42616750,92193
2021-09-30,109986,14850,42726736,107043
2021-10-01,94699,19029,42821435,126072
2021-10-02,78232,13987,42899667,140059
2021-10-03,47571,7630,42947238,147689
2021-10-04,88098,34357,43035336,182046
2021-10-05,80128,33917,43115464,215963
2021-10-06,71751,34081,43187215,250044
2021-10-07,71519,34291,43258734,284335
2021-10-08,80354,33504,43339088,317839
2021-10-09,75830,22107,43414918,339946
2021-10-10,45630,13592,43460548,353538
2021-10-11,87117,41003,43547665,394541
2021-10-12,84208,46796,43631873,441337
2021-10-13,87870,52004,43719743,493341
2021-10-14,91145,58401,43810888,551742
2021-10-15,93205,55484,43904093,607226
2021-10-16,82646,36706,43986739,643932
2021-10-17,51262,23782,44038001,667714
2021-10-18,90032,59336,44128033,727050
2021-10-19,78098,69296,44206131,796346
2021-10-20,74819,78037,44280950,874383
2021-10-21,78062,81606,44359012,955989
2021-10-22,73645,76898,44432657,1032887
2021-10-23,60635,51885,44493292,1084772
2021-10-24,33314,23400,44526606,1108172
2021-10-25,64838,81532,44591444,1189704
2021-10-26,58244,91635,44649688,1281339
2021-10-27,58148,103832,44707836,1385171
2021-10-28,61281,113884,44769117,1499055
2021-10-29,61569,103025,44830686,1602080
2021-10-30,50550,68119,44881236,1670199
2021-10-31,25117,28238,44906353,1698437
2021-11-01,19012,28118,44925365,1726555
2021-11-02,62712,89283,44988077,1815838
2021-11-03,60635,118609,45048712,1934447
2021-11-04,59118,126490,45107830,2060937
2021-11-05,62966,134988,45170796,2195925
2021-11-06,46348,90887,45217144,2286812
2021-11-07,22203,37836,45239347,2324648
2021-11-08,51362,131126,45290709,2455774
2021-11-09,45328,143999,45336037,2599773
2021-11-10,42467,156174,45378504,2755947
2021-11-11,44798,155011,45423302,2910958
2021-11-12,46217,158494,45469519,3069452
2021-11-13,33110,116554,45502629,3186006
2021-11-14,14444,52393,45517073,3238399
2021-11-15,36766,157216,45553839,3395615
2021-11-16,30427,171301,45584266,3566916
2021-11-17,28306,178402,45612572,3745318
2021-11-18,30098,193937,45642670,3939255
2021-11-19,28650,205835,45671320,4145090
2021-11-20,20876,156246,45692196,4301336
2021-11-21,10534,64739,45702730,4366075
2021-11-22,21792,213194,45724522,4579269
2021-11-23,23431,241827,45747953,4821096
2021-11-24,27653,271012,45775606,5092108
2021-11-25,23022,301864,45798628,5393972
2021-11-26,24371,318143,45822999,5712115
2021-11-27,21199,265880,45844198,5977995
2021-11-28,9815,136851,45854013,6114846
2021-11-29,22081,325792,45876094,6440638
2021-11-30,22830,365607,45898924,6806245
2021-12-01,21233,413040,45920157,7219285
2021-12-02,23470,440224,45943627,7659509
2021-12-03,24920,467125,45968547,8126634
2021-12-04,22100,418606,45990647,8545240
2021-12-05,11725,261261,46002372,8806501
2021-12-06,25394,457726,46027766,9264227
2021-12-07,23751,480351,46051517,9744578
2021-12-08,9805,249898,46061322,9994476
2021-12-09,31099,492018,46092421,10486494
2021-12-10,27647,517785,46120068,11004279
2021-12-11,23177,459493,46143245,11463772
2021-12-12,12050,293637,46155295,11757409
2021-12-13,25709,467684,46181004,12225093
2021-12-14,24704,494270,46205708,12719363
2021-12-15,24862,517155,46230570,13236518
2021-12-16,27284,520262,46257854,13756780
2021-12-17,28821,516971,46286675,14273751
2021-12-18,26476,468971,46313151,14742722
2021-12-19,14783,300755,46327934,15043477
2021-12-20,30050,477600,46357984,15521077
2021-12-21,29841,493435,46387825,16014512
2021-12-22,28806,484769,46416631,16499281
2021-12-23,27586,427160,46444217,16926441
2021-12-24,12866,210950,46457083,17137391
2021-12-25,2079,33031,46459162,17170422
2021-12-26,8539,159003,46467701,17329425
2021-12-27,45841,505231,46513542,17834656
2021-12-28,41230,554763,46554772,18389419
2021-12-29,32906,551185,46587678,18940604
2021-12-30,30445,500390,46618123,19440994
2021-12-31,13268,248019,46631391,19689013
2022-01-01,3327,64773,46634718,19753786
2022-01-02,21497,277463,46656215,20031249
2022-01-03,45423,521546,46701638,20552795
2022-01-04,43518,573572,46745156,21126367
2022-01-05,37526,561812,46782682,21688179
2022-01-06,21520,274662,46804202,21962841
2022-01-07,59850,555467,46864052,22518308
2022-01-08,56544,503927,46920596,23022235
2022-01-09,39413,319527,46960009,23341762
2022-01-10,57533,542581,47017542,23884343
2022-01-11,57561,587299,47075103,24471642
2022-01-12,54209,581493,47129312,25053135
2022-01-13,54677,580630,47183989,25633765
2022-01-14,42798,588456,47226787,26222221
2022-01-15,34434,568245,47261221,26790466
2022-01-16,27956,341031,47289177,27131497
2022-01-17,52153,490009,47341330,27621506
2022-01-18,55857,517265,47397187,28138771
2022-01-19,54818,503020,47452005,28641791
2022-01-20,52088,498933,47504093,29140724
2022-01-21,39759,493871,47543852,29634595
2022-01-22,28290,469054,47572142,30103649
2022-01-23,33314,275023,47605456,30378672
2022-01-24,54636,437537,47660092,30816209
2022-01-25,60127,452234,47720219,31268443
2022-01-26,56986,435977,47777205,31704420
2022-01-27,47275,432296,47824480,32136716
2022-01-28,56999,436541,47881479,32573257
2022-01-29,66209,411569,47947688,32984826
2022-01-30,49050,235463,47996738,33220289
2022-01-31,59011,356979,48055749,33577268
2022-02-01,64193,328438,48119942,33905706
2022-02-02,61922,296702,48181864,34202408
2022-02-03,58959,274070,48240823,34476478
2022-02-04,71175,267712,48311998,34744190
2022-02-05,82102,247451,48394100,34991641
2022-02-06,54483,115548,48448583,35107189
2022-02-07,63998,199042,48512581,35306231
2022-02-08,66244,179864,48578825,35486095