data_somministrazione,vaccinazioni,booster,cum_vaccinazioni,cum_booster
2020-12-27,22,0,22,0
2020-12-28,2,0,24,0
2020-12-29,1,0,25,0
2020-12-30,8,0,33,0
2020-12-31,82,0,115,0
2021-01-01,27,0,142,0
2021-01-02,153,0,295,0
2021-01-03,118,0,413,0
2021-01-04,249,0,662,0
2021-01-05,292,0,954,0
2021-01-06,265,0,1219,0
2021-01-07,335,0,1554,0
2021-01-08,389,0,1943,0
2021-01-09,297,0,2240,0
2021-01-10,177,0,2417,0
2021-01-11,314,0,2731,0
2021-01-12,294,0,3025,0
2021-01-13,427,0,3452,0
2021-01-14,509,0,3961,0
2021-01-15,329,0,4290,0
2021-01-16,225,0,4515,0
2021-01-17,3065,0,7580,0
2021-01-18,5221,0,12801,0
2021-01-19,1897,0,14698,0
2021-01-20,4660,0,19358,0
2021-01-21,20004,0,39362,0
2021-01-22,14219,0,53581,0
2021-01-23,33316,0,86897,0
2021-01-24,30772,0,117669,0
2021-01-25,64697,0,182366,0
2021-01-26,76454,0,258820,0
2021-01-27,64804,0,323624,0
2021-01-28,89240,0,412864,0
2021-01-29,93988,0,506852,0
2021-01-30,86537,0,593389,0
2021-01-31,57318,0,650707,0
2021-02-01,81832,0,732539,0
2021-02-02,82124,0,814663,0
2021-02-03,91097,0,905760,0
2021-02-04,95378,0,1001138,0
2021-02-05,90263,0,1091401,0
2021-02-06,63452,0,1154853,0
2021-02-07,32935,0,1187788,0
2021-02-08,40421,0,1228209,0
2021-02-09,32882,0,1261091,0
2021-02-10,28443,0,1289534,0
2021-02-11,20409,0,1309943,0
2021-02-12,16254,0,1326197,0
2021-02-13,7287,0,1333484,0
2021-02-14,2862,0,1336346,0
2021-02-15,6852,0,1343198,0
2021-02-16,7008,0,1350206,0
2021-02-17,10528,0,1360734,0
2021-02-18,9259,0,1369993,0
2021-02-19,8259,0,1378252,0
2021-02-20,5592,0,1383844,0
2021-02-21,3017,0,1386861,0
2021-02-22,6884,0,1393745,0
2021-02-23,7192,0,1400937,0
2021-02-24,9816,0,1410753,0
2021-02-25,14216,0,1424969,0
2021-02-26,17565,0,1442534,0
2021-02-27,13928,0,1456462,0
2021-02-28,9400,0,1465862,0
2021-03-01,26534,0,1492396,0
2021-03-02,33248,0,1525644,0
2021-03-03,44654,0,1570298,0
2021-03-04,50306,0,1620604,0
2021-03-05,55746,0,1676350,0
2021-03-06,41885,0,1718235,0
2021-03-07,22332,0,1740567,0
2021-03-08,50840,0,1791407,0
2021-03-09,53095,0,1844502,0
2021-03-10,58702,0,1903204,0
2021-03-11,63898,0,1967102,0
2021-03-12,65150,0,2032252,0
2021-03-13,51732,0,2083984,0
2021-03-14,35430,0,2119414,0
2021-03-15,73467,0,2192881,0
2021-03-16,74031,0,2266912,0
2021-03-17,83151,0,2350063,0
2021-03-18,81633,0,2431696,0
2021-03-19,81091,0,2512787,0
2021-03-20,64747,0,2577534,0
2021-03-21,47315,0,2624849,0
2021-03-22,69507,0,2694356,0
2021-03-23,75826,0,2770182,0
2021-03-24,90944,0,2861126,0
2021-03-25,89830,0,2950956,0
2021-03-26,83648,0,3034604,0
2021-03-27,71965,0,3106569,0
2021-03-28,44196,0,3150765,0
2021-03-29,70855,0,3221620,0
2021-03-30,81423,0,3303043,0
2021-03-31,96272,0,3399315,0
2021-04-01,95345,0,3494660,0
2021-04-02,84089,0,3578749,0
2021-04-03,64316,0,3643065,0
2021-04-04,21726,0,3664791,0
2021-04-05,40328,0,3705119,0
2021-04-06,81359,0,3786478,0
2021-04-07,95853,0,3882331,0
2021-04-08,95271,0,3977602,0
2021-04-09,88507,0,4066109,0
2021-04-10,74042,0,4140151,0
2021-04-11,44772,0,4184923,0
2021-04-12,66928,0,4251851,0
2021-04-13,72606,0,4324457,0
2021-04-14,85561,0,4410018,0
2021-04-15,105426,0,4515444,0
2021-04-16,106437,0,4621881,0
2021-04-17,90537,0,4712418,0
2021-04-18,58601,0,4771019,0
2021-04-19,93449,0,4864468,0
2021-04-20,103784,0,4968252,0
2021-04-21,125345,0,5093597,0
2021-04-22,143540,0,5237137,0
2021-04-23,138769,0,5375906,0
2021-04-24,124454,0,5500360,0
2021-04-25,61471,0,5561831,0
2021-04-26,97921,0,5659752,0
2021-04-27,128385,0,5788137,0
2021-04-28,156406,0,5944543,0
2021-04-29,195630,0,6140173,0
2021-04-30,214624,0,6354797,0
2021-05-01,174152,0,6528949,0
2021-05-02,135819,0,6664768,0
2021-05-03,142088,0,6806856,0
2021-05-04,158724,0,6965580,0
2021-05-05,170558,0,7136138,0
2021-05-06,197841,0,7333979,0
2021-05-07,213890,0,7547869,0
2021-05-08,213446,0,7761315,0
2021-05-09,143227,0,7904542,0
2021-05-10,165108,0,8069650,0
2021-05-11,175020,0,8244670,0
2021-05-12,179242,0,8423912,0
2021-05-13,203440,0,8627352,0
2021-05-14,222954,0,8850306,0
2021-05-15,210401,0,9060707,0
2021-05-16,159299,0,9220006,0
2021-05-17,219230,0,9439236,0
2021-05-18,213034,0,9652270,0
2021-05-19,207109,0,9859379,0
2021-05-20,270919,0,10130298,0
2021-05-21,270920,0,10401218,0
2021-05-22,245552,0,10646770,0
2021-05-23,197199,0,10843969,0
2021-05-24,228314,0,11072283,0
2021-05-25,245703,0,11317986,0
2021-05-26,277580,0,11595566,0
2021-05-27,311112,0,11906678,0
2021-05-28,299595,0,12206273,0
2021-05-29,231265,0,12437538,0
2021-05-30,170860,0,12608398,0
2021-05-31,216447,0,12824845,0
2021-06-01,207651,0,13032496,0
2021-06-02,115813,0,13148309,0
2021-06-03,180195,0,13328504,0
2021-06-04,184943,0,13513447,0
2021-06-05,186026,0,13699473,0
2021-06-06,139609,0,13839082,0
2021-06-07,161930,0,14001012,0
2021-06-08,171322,0,14172334,0
2021-06-09,171544,0,14343878,0
2021-06-10,174192,0,14518070,0
2021-06-11,170077,0,14688147,0
2021-06-12,128426,0,14816573,0
2021-06-13,91260,0,14907833,0
2021-06-14,214723,0,15122556,0
2021-06-15,228480,0,15351036,0
2021-06-16,253129,0,15604165,0
2021-06-17,301808,0,15905973,0
2021-06-18,306359,0,16212332,0
2021-06-19,275154,0,16487486,0
2021-06-20,220840,0,16708326,0
2021-06-21,288128,0,16996454,0
2021-06-22,296281,0,17292735,0
2021-06-23,302725,0,17595460,0
2021-06-24,332641,0,17928101,0
2021-06-25,348750,0,18276851,0
2021-06-26,300160,0,18577011,0
2021-06-27,228716,0,18805727,0
2021-06-28,307176,0,19112903,0
2021-06-29,329370,0,19442273,0
2021-06-30,342243,0,19784516,0
2021-07-01,363269,0,20147785,0
2021-07-02,368522,0,20516307,0
2021-07-03,371111,0,20887418,0
2021-07-04,283256,0,21170674,0
2021-07-05,384575,0,21555249,0
2021-07-06,385498,0,21940747,0
2021-07-07,412150,0,22352897,0
2021-07-08,479585,0,22832482,0
2021-07-09,498458,0,23330940,0
2021-07-10,475175,0,23806115,0
2021-07-11,357685,0,24163800,0
2021-07-12,485870,0,24649670,0
2021-07-13,492054,0,25141724,0
2021-07-14,480430,0,25622154,0
2021-07-15,523402,0,26145556,0
2021-07-16,509734,0,26655290,0
2021-07-17,464315,0,27119605,0
2021-07-18,364622,0,27484227,0
2021-07-19,463030,0,27947257,0
2021-07-20,458036,0,28405293,0
2021-07-21,462791,0,28868084,0
2021-07-22,475370,0,29343454,0
2021-07-23,441323,0,29784777,0
2021-07-24,386144,0,30170921,0
2021-07-25,287531,0,30458452,0
2021-07-26,430885,0,30889337,0
2021-07-27,440105,0,31329442,0
2021-07-28,391010,0,31720452,0
2021-07-29,372068,0,32092520,0
2021-07-30,341530,0,32434050,0
2021-07-31,287058,0,32721108,0
2021-08-01,191000,0,32912108,0
2021-08-02,333709,0,33245817,0
2021-08-03,323182,0,33568999,0
2021-08-04,311006,0,33880005,0
2021-08-05,292477,0,34172482,0
2021-08-06,260045,0,34432527,0
2021-08-07,199078,0,34631605,0
2021-08-08,153108,0,34784713,0
2021-08-09,234081,0,35018794,0
2021-08-10,205295,0,35224089,0
2021-08-11,193803,0,35417892,0
2021-08-12,168082,0,35585974,0
2021-08-13,148679,0,35734653,0
2021-08-14,66105,0,35800758,0
2021-08-15,26346,0,35827104,0
2021-08-16,114725,0,35941829,0
2021-08-17,129263,0,36071092,0
2021-08-18,128766,0,36199858,0
2021-08-19,124868,0,36324726,0
2021-08-20,123798,0,36448524,0
2021-08-21,83138,0,36531662,0
2021-08-22,68182,0,36599844,0
2021-08-23,176867,0,36776711,0
2021-08-24,156887,0,36933598,0
2021-08-25,177168,0,37110766,0
2021-08-26,172348,0,37283114,0
2021-08-27,185827,0,37468941,0
2021-08-28,140296,0,37609237,0
2021-08-29,98998,0,37708235,0
2021-08-30,209582,0,37917817,0
2021-08-31,194641,0,38112458,0
2021-09-01,192219,0,38304677,0
2021-09-02,189932,0,38494609,0
2021-09-03,191274,0,38685883,0
2021-09-04,131428,0,38817311,0
2021-09-05,87838,0,38905149,0
2021-09-06,193593,0,39098742,0
2021-09-07,196034,0,39294776,0
2021-09-08,187850,0,39482626,0
2021-09-09,201410,0,39684036,0
2021-09-10,198042,0,39882078,0
2021-09-11,141285,0,40023363,0
2021-09-12,89588,0,40112951,0
2021-09-13,191092,670,40304043,670
2021-09-14,177203,667,40481246,1337
2021-09-15,163082,662,40644328,1999
2021-09-16,160036,1024,40804364,3023
2021-09-17,150161,1180,40954525,4203
2021-09-18,127988,787,41082513,4990
2021-09-19,81141,514,41163654,5504
2021-09-20,180058,9147,41343712,14651
2021-09-21,166680,8867,41510392,23518
2021-09-22,159126,9471,41669518,32989
2021-09-23,138117,9364,41807635,42353
2021-09-24,140556,9024,41948191,51377
2021-09-25,119564,5681,42067755,57058
2021-09-26,71992,4371,42139747,61429
2021-09-27,135675,10096,42275422,71525
2021-09-28,117523,11439,42392945,82964
2021-09-29,112386,11858,42505331,94822
2021-09-30,110297,14993,42615628,109815
2021-10-01,95009,19146,42710637,128961
2021-10-02,78532,14048,42789169,143009
2021-10-03,47762,7672,42836931,150681
2021-10-04,88393,34492,42925324,185173
2021-10-05,80392,34024,43005716,219197
2021-10-06,72005,34224,43077721,253421
2021-10-07,71884,34384,43149605,287805
2021-10-08,80653,33630,43230258,321435
2021-10-09,76118,22204,43306376,343639
2021-10-10,45795,13632,43352171,357271
2021-10-11,87454,41140,43439625,398411
2021-10-12,84517,46941,43524142,445352
2021-10-13,88232,52176,43612374,497528
2021-10-14,91558,58565,43703932,556093
2021-10-15,93604,55691,43797536,611784
2021-10-16,82974,36837,43880510,648621
2021-10-17,51460,23865,43931970,672486
2021-10-18,90303,59534,44022273,732020
2021-10-19,78354,69429,44100627,801449
2021-10-20,75060,78223,44175687,879672
2021-10-21,78286,81828,44253973,961500
2021-10-22,73768,77093,44327741,1038593
2021-10-23,60839,51977,44388580,1090570
2021-10-24,33366,23486,44421946,1114056
2021-10-25,64902,81676,44486848,1195732
2021-10-26,58371,91851,44545219,1287583
2021-10-27,58318,104047,44603537,1391630
2021-10-28,61446,114174,44664983,1505804
2021-10-29,61620,103207,44726603,1609011
2021-10-30,50670,68164,44777273,1677175
2021-10-31,25158,28314,44802431,1705489
2021-11-01,19051,28159,44821482,1733648
2021-11-02,62740,89451,44884222,1823099
2021-11-03,60712,118718,44944934,1941817
2021-11-04,59239,126715,45004173,2068532
2021-11-05,63095,135236,45067268,2203768
2021-11-06,46494,90947,45113762,2294715
2021-11-07,22248,37908,45136010,2332623
2021-11-08,51520,131309,45187530,2463932
2021-11-09,45407,144240,45232937,2608172
2021-11-10,42596,156387,45275533,2764559
2021-11-11,44929,155188,45320462,2919747
2021-11-12,46303,158721,45366765,3078468
2021-11-13,33272,116683,45400037,3195151
2021-11-14,14490,52462,45414527,3247613
2021-11-15,36908,157457,45451435,3405070
2021-11-16,30566,171425,45482001,3576495
2021-11-17,28467,178472,45510468,3754967
2021-11-18,30298,193776,45540766,3948743
2021-11-19,28823,205896,45569589,4154639
2021-11-20,21014,156460,45590603,4311099
2021-11-21,10612,64871,45601215,4375970
2021-11-22,21961,213169,45623176,4589139
2021-11-23,23609,241804,45646785,4830943
2021-11-24,27771,271106,45674556,5102049
2021-11-25,23268,301954,45697824,5404003
2021-11-26,24602,318313,45722426,5722316
2021-11-27,21418,266178,45743844,5988494
2021-11-28,9911,137071,45753755,6125565
2021-11-29,22371,326082,45776126,6451647
2021-11-30,23122,365864,45799248,6817511
2021-12-01,21566,413548,45820814,7231059
2021-12-02,23800,440444,45844614,7671503
2021-12-03,25286,467545,45869900,8139048
2021-12-04,22394,418813,45892294,8557861
2021-12-05,11944,261369,45904238,8819230
2021-12-06,25854,457637,45930092,9276867
2021-12-07,24173,480313,45954265,9757180
2021-12-08,10033,249726,45964298,10006906
2021-12-09,31635,491967,45995933,10498873
2021-12-10,28111,517942,46024044,11016815
2021-12-11,23597,459288,46047641,11476103
2021-12-12,12328,293539,46059969,11769642
2021-12-13,26188,467665,46086157,12237307
2021-12-14,25211,494247,46111368,12731554
2021-12-15,25386,517189,46136754,13248743
2021-12-16,27946,520309,46164700,13769052
2021-12-17,29406,517230,46194106,14286282
2021-12-18,27117,468788,46221223,14755070
2021-12-19,15176,300548,46236399,15055618
2021-12-20,30686,477511,46267085,15533129
2021-12-21,30425,493454,46297510,16026583
2021-12-22,29499,484760,46327009,16511343
2021-12-23,28292,426972,46355301,16938315
2021-12-24,13129,210846,46368430,17149161
2021-12-25,2104,33053,46370534,17182214
2021-12-26,8784,159077,46379318,17341291
2021-12-27,46852,504705,46426170,17845996
2021-12-28,42513,554270,46468683,18400266
2021-12-29,34408,550688,46503091,18950954
2021-12-30,31904,499872,46534995,19450826
2021-12-31,14153,247410,46549148,19698236
2022-01-01,3503,64815,46552651,19763051
2022-01-02,22844,276728,46575495,20039779
2022-01-03,47968,520044,46623463,20559823
2022-01-04,46496,572108,46669959,21131931
2022-01-05,40866,560431,46710825,21692362
2022-01-06,23548,274489,46734373,21966851
2022-01-07,63818,554230,46798191,22521081
2022-01-08,61010,503428,46859201,23024509
2022-01-09,42985,319710,46902186,23344219
2022-01-10,61192,542332,46963378,23886551
2022-01-11,61883,587041,47025261,24473592
2022-01-12,58579,581316,47083840,25054908
2022-01-13,58732,580438,47142572,25635346
2022-01-14,46966,588624,47189538,26223970
2022-01-15,39617,570003,47229155,26793973
2022-01-16,31335,341901,47260490,27135874
2022-01-17,54867,489701,47315357,27625575
2022-01-18,58484,517063,47373841,28142638
2022-01-19,57286,502826,47431127,28645464
2022-01-20,54438,498866,47485565,29144330
2022-01-21,42198,493905,47527763,29638235
2022-01-22,31322,469625,47559085,30107860
2022-01-23,34991,275393,47594076,30383253
2022-01-24,56236,437259,47650312,30820512
2022-01-25,61609,452136,47711921,31272648
2022-01-26,58605,435850,47770526,31708498
2022-01-27,48904,432420,47819430,32140918
2022-01-28,58771,436571,47878201,32577489
2022-01-29,68202,412522,47946403,32990011
2022-01-30,50416,235994,47996819,33226005
2022-01-31,60729,356954,48057548,33582959
2022-02-01,65627,328472,48123175,33911431
2022-02-02,63258,297003,48186433,34208434
2022-02-03,60101,274543,48246534,34482977
2022-02-04,72417,268478,48318951,34751455
2022-02-05,83823,248560,48402774,35000015
2022-02-06,55309,116208,48458083,35116223
2022-02-07,65194,199949,48523277,35316172
2022-02-08,66960,186134,48590237,35502306
2022-02-09,58783,166356,48649020,35668662
2022-02-10,58603,163255,48707623,35831917
2022-02-11,62282,162482,48769905,35994399
2022-02-12,72018,152157,48841923,36146556
2022-02-13,41487,68859,48883410,36215415
2022-02-14,46714,116195,48930124,36331610
2022-02-15,48573,123482,48978697,36455092
2022-02-16,45702,106132,49024399,36561224
2022-02-17,42877,98128,49067276,36659352
2022-02-18,46638,112591,49113914,36771943
2022-02-19,52547,100342,49166461,36872285
2022-02-20,31415,40368,49197876,36912653
2022-02-21,37903,89660,49235779,37002313
2022-02-22,37228,83784,49273007,37086097
2022-02-23,33405,79407,49306412,37165504
2022-02-24,32563,78169,49338975,37243673
2022-02-25,34776,90714,49373751,37334387
2022-02-26,39165,89139,49412916,37423526
2022-02-27,22548,35860,49435464,37459386
2022-02-28,28490,81699,49463954,37541085
2022-03-01,22735,53944,49486689,37595029
2022-03-02,21936,50713,49508625,37645742
2022-03-03,22641,54947,49531266,37700689
2022-03-04,23244,62804,49554510,37763493
2022-03-05,23805,57953,49578315,37821446
2022-03-06,9473,17201,49587788,37838647
2022-03-07,15928,51391,49603716,37890038
2022-03-08,15482,48797,49619198,37938835
2022-03-09,13816,46517,49633014,37985352
2022-03-10,14061,52127,49647075,38037479
2022-03-11,15594,57276,49662669,38094755
2022-03-12,15513,56620,49678182,38151375
2022-03-13,5545,16852,49683727,38168227
2022-03-14,10528,46703,49694255,38214930
2022-03-15,10555,46895,49704810,38261825
2022-03-16,9486,41980,49714296,38303805
2022-03-17,9728,44876,49724024,38348681
2022-03-18,10164,49059,49734188,38397740
2022-03-19,9152,46541,49743340,38444281
2022-03-20,2608,11704,49745948,38455985
2022-03-21,7587,40233,49753535,38496218
2022-03-22,8448,37769,49761983,38533987
2022-03-23,7221,33701,49769204,38567688
2022-03-24,8261,38821,49777465,38606509
2022-03-25,8144,43673,49785609,38650182
2022-03-26,8129,41722,49793738,38691904
2022-03-27,2432,9683,49796170,38701587
2022-03-28,6113,35245,49802283,38736832
2022-03-29,5783,32532,49808066,38769364
2022-03-30,5567,30205,49813633,38799569
2022-03-31,5907,33186,49819540,38832755
2022-04-01,4351,25190,49823891,38857945
2022-04-02,4498,23275,49828389,38881220
2022-04-03,1049,4500,49829438,38885720
2022-04-04,3662,21547,49833100,38907267
2022-04-05,3759,22938,49836859,38930205
2022-04-06,4105,21853,49840964,38952058
2022-04-07,3970,23321,49844934,38975379
2022-04-08,4696,26716,49849630,39002095
2022-04-09,4382,23888,49854012,39025983
2022-04-10,893,4613,49854905,39030596
2022-04-11,3819,22691,49858724,39053287
2022-04-12,3365,21780,49862089,39075067
2022-04-13,3574,21337,49865663,39096404
2022-04-14,3487,23789,49869150,39120193
2022-04-15,3086,20621,49872236,39140814
2022-04-16,2152,11918,49874388,39152732
2022-04-17,63,348,49874451,39153080
2022-04-18,152,650,49874603,39153730
2022-04-19,3500,21988,49878103,39175718
2022-04-20,3513,20250,49881616,39195968
2022-04-21,2848,19793,49884464,39215761
2022-04-22,2928,20715,49887392,39236476
2022-04-23,2648,16222,49890040,39252698
2022-04-24,509,2335,49890549,39255033
2022-04-25,183,1165,49890732,39256198
2022-04-26,2761,17813,49893493,39274011
2022-04-27,2375,15795,49895868,39289806
2022-04-28,2363,15567,49898231,39305373
2022-04-29,2299,14850,49900530,39320223
2022-04-30,2123,11585,49902653,39331808
2022-05-01,113,531,49902766,39332339
2022-05-02,1451,9394,49904217,39341733
2022-05-03,1578,10325,49905795,39352058
2022-05-04,1747,10276,49907542,39362334
2022-05-05,1654,10301,49909196,39372635
2022-05-06,1702,10972,49910898,39383607
2022-05-07,1431,8574,49912329,39392181
2022-05-08,417,1526,49912746,39393707
2022-05-09,1028,8935,49913774,39402642
2022-05-10,1427,9554,49915201,39412196
2022-05-11,1485,10109,49916686,39422305
2022-05-12,1371,10137,49918057,39432442
2022-05-13,1595,10527,49919652,39442969
2022-05-14,1361,8248,49921013,39451217
2022-05-15,336,1138,49921349,39452355
2022-05-16,814,8409,49922163,39460764
2022-05-17,1244,8707,49923407,39469471
2022-05-18,1373,9256,49924780,39478727
2022-05-19,1501,9287,49926281,39488014
2022-05-20,1426,9535,49927707,39497549
2022-05-21,1302,7902,49929009,39505451
2022-05-22,231,1013,49929240,39506464
2022-05-23,830,8274,49930070,39514738
2022-05-24,1073,8673,49931143,39523411
2022-05-25,1372,9460,49932515,39532871
2022-05-26,1198,9480,49933713,39542351
2022-05-27,1232,9917,49934945,39552268
2022-05-28,1205,7890,49936150,39560158
2022-05-29,288,1265,49936438,39561423
2022-05-30,931,8058,49937369,39569481
2022-05-31,1039,8549,49938408,39578030
2022-06-01,895,7657,49939303,39585687
2022-06-02,35,474,49939338,39586161
2022-06-03,817,7334,49940155,39593495
2022-06-04,870,5162,49941025,39598657
2022-06-05,88,586,49941113,39599243
2022-06-06,679,7004,49941792,39606247
2022-06-07,952,7850,49942744,39614097
2022-06-08,981,7906,49943725,39622003
2022-06-09,1037,8418,49944762,39630421
2022-06-10,958,8563,49945720,39638984
2022-06-11,904,6206,49946624,39645190
2022-06-12,140,768,49946764,39645958
2022-06-13,602,6301,49947366,39652259
2022-06-14,832,7905,49948198,39660164
2022-06-15,960,7856,49949158,39668020
2022-06-16,733,7398,49949891,39675418
2022-06-17,723,7248,49950614,39682666
2022-06-18,778,5596,49951392,39688262
2022-06-19,49,521,49951441,39688783
2022-06-20,587,6699,49952028,39695482
2022-06-21,741,7664,49952769,39703146
2022-06-22,779,7313,49953548,39710459
2022-06-23,648,7472,49954196,39717931
2022-06-24,644,7474,49954840,39725405
2022-06-25,835,6533,49955675,39731938
2022-06-26,128,523,49955803,39732461
2022-06-27,534,7126,49956337,39739587
2022-06-28,748,8207,49957085,39747794
2022-06-29,756,7733,49957841,39755527
2022-06-30,747,8145,49958588,39763672
2022-07-01,577,6443,49959165,39770115
2022-07-02,536,4769,49959701,39774884
2022-07-03,49,456,49959750,39775340
2022-07-04,469,6278,49960219,39781618
2022-07-05,631,8122,49960850,39789740
2022-07-06,634,7611,49961484,39797351
2022-07-07,576,8273,49962060,39805624
2022-07-08,677,8086,49962737,39813710
2022-07-09,550,6105,49963287,39819815
2022-07-10,58,533,49963345,39820348
2022-07-11,493,7642,49963838,39827990
2022-07-12,669,9029,49964507,39837019
2022-07-13,645,10067,49965152,39847086
2022-07-14,637,10225,49965789,39857311
2022-07-15,627,10674,49966416,39867985
2022-07-16,523,7215,49966939,39875200
2022-07-17,48,770,49966987,39875970
2022-07-18,496,9375,49967483,39885345
2022-07-19,576,10684,49968059,39896029
2022-07-20,582,11277,49968641,39907306
2022-07-21,631,12093,49969272,39919399
2022-07-22,584,11262,49969856,39930661
2022-07-23,381,6775,49970237,39937436
2022-07-24,76,857,49970313,39938293
2022-07-25,504,9055,49970817,39947348
2022-07-26,522,9766,49971339,39957114
2022-07-27,554,10210,49971893,39967324
2022-07-28,532,10535,49972425,39977859
2022-07-29,510,9466,49972935,39987325
2022-07-30,383,5883,49973318,39993208
2022-07-31,49,764,49973367,39993972
2022-08-01,386,6865,49973753,40000837
2022-08-02,548,7590,49974301,40008427
2022-08-03,513,7182,49974814,40015609
2022-08-04,455,7493,49975269,40023102
2022-08-05,421,6527,49975690,40029629
2022-08-06,300,3613,49975990,40033242
2022-08-07,44,563,49976034,40033805
2022-08-08,403,4890,49976437,40038695
2022-08-09,381,5313,49976818,40044008
2022-08-10,385,4816,49977203,40048824
2022-08-11,371,4804,49977574,40053628
2022-08-12,294,3719,49977868,40057347
2022-08-13,143,1600,49978011,40058947
2022-08-14,9,129,49978020,40059076
2022-08-15,1,26,49978021,40059102
2022-08-16,283,3043,49978304,40062145
2022-08-17,352,3536,49978656,40065681
2022-08-18,394,4160,49979050,40069841
2022-08-19,341,3319,49979391,40073160
2022-08-20,184,1715,49979575,40074875
2022-08-21,24,149,49979599,40075024
2022-08-22,330,2952,49979929,40077976
2022-08-23,370,3674,49980299,40081650
2022-08-24,384,3360,49980683,40085010
2022-08-25,423,3773,49981106,40088783
2022-08-26,399,3585,49981505,40092368
2022-08-27,237,1770,49981742,40094138
2022-08-28,29,267,49981771,40094405
2022-08-29,354,3161,49982125,40097566
2022-08-30,405,3672,49982530,40101238
2022-08-31,438,3734,49982968,40104972
2022-09-01,353,3117,49983321,40108089
2022-09-02,297,2894,49983618,40110983
2022-09-03,200,1689,49983818,40112672
2022-09-04,24,149,49983842,40112821
2022-09-05,187,2656,49984029,40115477
2022-09-06,306,2984,49984335,40118461
2022-09-07,542,2936,49984877,40121397
2022-09-08,293,2963,49985170,40124360
2022-09-09,307,2886,49985477,40127246
2022-09-10,228,1326,49985705,40128572
2022-09-11,23,124,49985728,40128696
2022-09-12,267,2269,49985995,40130965
2022-09-13,253,2278,49986248,40133243
2022-09-14,266,2566,49986514,40135809
2022-09-15,282,2501,49986796,40138310
2022-09-16,255,2542,49987051,40140852
2022-09-17,239,1339,49987290,40142191
2022-09-18,20,170,49987310,40142361
2022-09-19,206,1971,49987516,40144332
2022-09-20,235,2392,49987751,40146724
2022-09-21,289,2526,49988040,40149250
2022-09-22,267,2663,49988307,40151913
2022-09-23,259,2545,49988566,40154458
2022-09-24,193,1427,49988759,40155885
2022-09-25,29,133,49988788,40156018
2022-09-26,280,2248,49989068,40158266
2022-09-27,287,2680,49989355,40160946
2022-09-28,310,2905,49989665,40163851
2022-09-29,257,3049,49989922,40166900
2022-09-30,292,2987,49990214,40169887
2022-10-01,195,1515,49990409,40171402
2022-10-02,12,187,49990421,40171589
2022-10-03,185,2475,49990606,40174064
2022-10-04,236,2861,49990842,40176925
2022-10-05,229,3252,49991071,40180177
2022-10-06,243,3872,49991314,40184049
2022-10-07,283,4183,49991597,40188232
2022-10-08,204,2268,49991801,40190500
2022-10-09,8,305,49991809,40190805
2022-10-10,214,3347,49992023,40194152
2022-10-11,194,4378,49992217,40198530
2022-10-12,207,4436,49992424,40202966
2022-10-13,204,5298,49992628,40208264
2022-10-14,233,5006,49992861,40213270
2022-10-15,191,2669,49993052,40215939
2022-10-16,6,360,49993058,40216299
2022-10-17,186,3873,49993244,40220172
2022-10-18,256,4956,49993500,40225128
2022-10-19,244,5476,49993744,40230604
2022-10-20,224,5995,49993968,40236599
2022-10-21,250,5474,49994218,40242073
2022-10-22,195,2909,49994413,40244982
2022-10-23,13,364,49994426,40245346
2022-10-24,171,3928,49994597,40249274
2022-10-25,255,4924,49994852,40254198
2022-10-26,347,5501,49995199,40259699
2022-10-27,240,5672,49995439,40265371
2022-10-28,199,5262,49995638,40270633
2022-10-29,128,2844,49995766,40273477
2022-10-30,3,328,49995769,40273805
2022-10-31,117,3041,49995886,40276846
2022-11-01,11,353,49995897,40277199
2022-11-02,146,3720,49996043,40280919
2022-11-03,172,4788,49996215,40285707
2022-11-04,227,4600,49996442,40290307
2022-11-05,144,2597,49996586,40292904
2022-11-06,10,261,49996596,40293165
2022-11-07,169,3226,49996765,40296391
2022-11-08,260,4252,49997025,40300643
2022-11-09,197,4333,49997222,40304976
2022-11-10,183,4596,49997405,40309572
2022-11-11,193,4229,49997598,40313801
2022-11-12,158,2378,49997756,40316179
2022-11-13,7,338,49997763,40316517
2022-11-14,150,2836,49997913,40319353
2022-11-15,203,3748,49998116,40323101
2022-11-16,217,3998,49998333,40327099
2022-11-17,192,4105,49998525,40331204
2022-11-18,246,4032,49998771,40335236
2022-11-19,112,2087,49998883,40337323
2022-11-20,24,317,49998907,40337640
2022-11-21,119,2621,49999026,40340261
2022-11-22,142,3218,49999168,40343479
2022-11-23,191,3624,49999359,40347103
2022-11-24,158,3844,49999517,40350947
2022-11-25,184,3776,49999701,40354723
2022-11-26,134,2094,49999835,40356817
2022-11-27,22,356,49999857,40357173
2022-11-28,182,2690,50000039,40359863
2022-11-29,257,3233,50000296,40363096
2022-11-30,182,3733,50000478,40366829
2022-12-01,151,3628,50000629,40370457
2022-12-02,158,3529,50000787,40373986
2022-12-03,106,1970,50000893,40375956
2022-12-04,5,290,50000898,40376246
2022-12-05,129,2855,50001027,40379101
2022-12-06,177,3659,50001204,40382760
2022-12-07,136,3128,50001340,40385888
2022-12-08,8,168,50001348,40386056
2022-12-09,161,3032,50001509,40389088
2022-12-10,71,1601,50001580,40390689
2022-12-11,7,193,50001587,40390882
2022-12-12,171,2534,50001758,40393416
2022-12-13,252,3048,50002010,40396464
2022-12-14,228,3230,50002238,40399694
2022-12-15,205,3286,50002443,40402980
2022-12-16,159,3177,50002602,40406157
2022-12-17,95,1692,50002697,40407849
2022-12-18,10,270,50002707,40408119
2022-12-19,143,2162,50002850,40410281
2022-12-20,212,2516,50003062,40412797
2022-12-21,157,2247,50003219,40415044
2022-12-22,141,1866,50003360,40416910
2022-12-23,151,1219,50003511,40418129
2022-12-24,32,160,50003543,40418289
2022-12-25,0,6,50003543,40418295
2022-12-26,6,41,50003549,40418336
2022-12-27,132,1556,50003681,40419892
2022-12-28,134,1773,50003815,40421665
2022-12-29,94,1702,50003909,40423367
2022-12-30,116,1609,50004025,40424976
2022-12-31,21,273,50004046,40425249
2023-01-01,0,6,50004046,40425255
2023-01-02,48,1122,50004094,40426377
2023-01-03,97,1891,50004191,40428268
2023-01-04,107,1989,50004298,40430257
2023-01-05,93,1894,50004391,40432151
2023-01-06,0,68,50004391,40432219
2023-01-07,51,674,50004442,40432893
2023-01-08,2,97,50004444,40432990
2023-01-09,123,1375,50004567,40434365
2023-01-10,134,1699,50004701,40436064