data_somministrazione,vaccinazioni,booster,cum_vaccinazioni,cum_booster
2020-12-27,18,0,18,0
2020-12-28,2,0,20,0
2020-12-29,1,0,21,0
2020-12-30,6,0,27,0
2020-12-31,55,0,82,0
2021-01-01,21,0,103,0
2021-01-02,94,0,197,0
2021-01-03,72,0,269,0
2021-01-04,186,0,455,0
2021-01-05,228,0,683,0
2021-01-06,180,0,863,0
2021-01-07,269,0,1132,0
2021-01-08,317,0,1449,0
2021-01-09,235,0,1684,0
2021-01-10,140,0,1824,0
2021-01-11,258,0,2082,0
2021-01-12,260,0,2342,0
2021-01-13,376,0,2718,0
2021-01-14,464,0,3182,0
2021-01-15,286,0,3468,0
2021-01-16,200,0,3668,0
2021-01-17,3055,0,6723,0
2021-01-18,5206,0,11929,0
2021-01-19,1890,0,13819,0
2021-01-20,4651,0,18470,0
2021-01-21,20006,0,38476,0
2021-01-22,14201,0,52677,0
2021-01-23,33339,0,86016,0
2021-01-24,30792,0,116808,0
2021-01-25,64743,0,181551,0
2021-01-26,76504,0,258055,0
2021-01-27,64851,0,322906,0
2021-01-28,89309,0,412215,0
2021-01-29,94043,0,506258,0
2021-01-30,86581,0,592839,0
2021-01-31,57343,0,650182,0
2021-02-01,81880,0,732062,0
2021-02-02,82149,0,814211,0
2021-02-03,91199,0,905410,0
2021-02-04,95403,0,1000813,0
2021-02-05,90288,0,1091101,0
2021-02-06,63452,0,1154553,0
2021-02-07,32925,0,1187478,0
2021-02-08,40432,0,1227910,0
2021-02-09,32864,0,1260774,0
2021-02-10,28416,0,1289190,0
2021-02-11,20382,0,1309572,0
2021-02-12,16221,0,1325793,0
2021-02-13,7246,0,1333039,0
2021-02-14,2861,0,1335900,0
2021-02-15,6836,0,1342736,0
2021-02-16,6991,0,1349727,0
2021-02-17,10518,0,1360245,0
2021-02-18,9243,0,1369488,0
2021-02-19,8234,0,1377722,0
2021-02-20,5532,0,1383254,0
2021-02-21,2977,0,1386231,0
2021-02-22,6877,0,1393108,0
2021-02-23,7155,0,1400263,0
2021-02-24,9822,0,1410085,0
2021-02-25,14200,0,1424285,0
2021-02-26,17549,0,1441834,0
2021-02-27,13894,0,1455728,0
2021-02-28,9384,0,1465112,0
2021-03-01,26505,0,1491617,0
2021-03-02,33231,0,1524848,0
2021-03-03,44641,0,1569489,0
2021-03-04,50289,0,1619778,0
2021-03-05,55733,0,1675511,0
2021-03-06,41873,0,1717384,0
2021-03-07,22319,0,1739703,0
2021-03-08,50787,0,1790490,0
2021-03-09,53055,0,1843545,0
2021-03-10,58619,0,1902164,0
2021-03-11,63826,0,1965990,0
2021-03-12,65088,0,2031078,0
2021-03-13,51699,0,2082777,0
2021-03-14,35383,0,2118160,0
2021-03-15,73421,0,2191581,0
2021-03-16,74021,0,2265602,0
2021-03-17,83128,0,2348730,0
2021-03-18,81620,0,2430350,0
2021-03-19,81077,0,2511427,0
2021-03-20,64700,0,2576127,0
2021-03-21,47285,0,2623412,0
2021-03-22,69468,0,2692880,0
2021-03-23,75776,0,2768656,0
2021-03-24,90880,0,2859536,0
2021-03-25,89778,0,2949314,0
2021-03-26,83600,0,3032914,0
2021-03-27,71907,0,3104821,0
2021-03-28,44118,0,3148939,0
2021-03-29,70799,0,3219738,0
2021-03-30,81348,0,3301086,0
2021-03-31,96206,0,3397292,0
2021-04-01,95289,0,3492581,0
2021-04-02,84061,0,3576642,0
2021-04-03,64294,0,3640936,0
2021-04-04,21715,0,3662651,0
2021-04-05,40294,0,3702945,0
2021-04-06,81291,0,3784236,0
2021-04-07,95797,0,3880033,0
2021-04-08,95220,0,3975253,0
2021-04-09,88472,0,4063725,0
2021-04-10,74019,0,4137744,0
2021-04-11,44744,0,4182488,0
2021-04-12,66902,0,4249390,0
2021-04-13,72553,0,4321943,0
2021-04-14,85516,0,4407459,0
2021-04-15,105396,0,4512855,0
2021-04-16,106404,0,4619259,0
2021-04-17,90484,0,4709743,0
2021-04-18,58581,0,4768324,0
2021-04-19,93426,0,4861750,0
2021-04-20,103759,0,4965509,0
2021-04-21,125324,0,5090833,0
2021-04-22,143502,0,5234335,0
2021-04-23,138708,0,5373043,0
2021-04-24,124428,0,5497471,0
2021-04-25,61450,0,5558921,0
2021-04-26,97873,0,5656794,0
2021-04-27,128345,0,5785139,0
2021-04-28,156346,0,5941485,0
2021-04-29,195572,0,6137057,0
2021-04-30,214550,0,6351607,0
2021-05-01,174086,0,6525693,0
2021-05-02,135787,0,6661480,0
2021-05-03,141994,0,6803474,0
2021-05-04,158676,0,6962150,0
2021-05-05,170463,0,7132613,0
2021-05-06,197785,0,7330398,0
2021-05-07,213796,0,7544194,0
2021-05-08,213372,0,7757566,0
2021-05-09,143189,0,7900755,0
2021-05-10,165070,0,8065825,0
2021-05-11,174945,0,8240770,0
2021-05-12,179132,0,8419902,0
2021-05-13,203345,0,8623247,0
2021-05-14,222885,0,8846132,0
2021-05-15,210326,0,9056458,0
2021-05-16,159252,0,9215710,0
2021-05-17,219174,0,9434884,0
2021-05-18,212992,0,9647876,0
2021-05-19,207055,0,9854931,0
2021-05-20,270832,0,10125763,0
2021-05-21,270853,0,10396616,0
2021-05-22,245509,0,10642125,0
2021-05-23,197169,0,10839294,0
2021-05-24,228286,0,11067580,0
2021-05-25,245678,0,11313258,0
2021-05-26,277474,0,11590732,0
2021-05-27,311068,0,11901800,0
2021-05-28,299549,0,12201349,0
2021-05-29,231188,0,12432537,0
2021-05-30,170811,0,12603348,0
2021-05-31,216393,0,12819741,0
2021-06-01,207621,0,13027362,0
2021-06-02,115759,0,13143121,0
2021-06-03,180084,0,13323205,0
2021-06-04,184826,0,13508031,0
2021-06-05,185904,0,13693935,0
2021-06-06,139496,0,13833431,0
2021-06-07,161813,0,13995244,0
2021-06-08,171136,0,14166380,0
2021-06-09,171400,0,14337780,0
2021-06-10,174002,0,14511782,0
2021-06-11,169912,0,14681694,0
2021-06-12,128286,0,14809980,0
2021-06-13,91121,0,14901101,0
2021-06-14,214622,0,15115723,0
2021-06-15,228362,0,15344085,0
2021-06-16,253014,0,15597099,0
2021-06-17,301679,0,15898778,0
2021-06-18,306236,0,16205014,0
2021-06-19,275029,0,16480043,0
2021-06-20,220712,0,16700755,0
2021-06-21,288017,0,16988772,0
2021-06-22,296169,0,17284941,0
2021-06-23,302650,0,17587591,0
2021-06-24,332537,0,17920128,0
2021-06-25,348680,0,18268808,0
2021-06-26,300078,0,18568886,0
2021-06-27,228605,0,18797491,0
2021-06-28,307017,0,19104508,0
2021-06-29,329211,0,19433719,0
2021-06-30,342078,0,19775797,0
2021-07-01,363139,0,20138936,0
2021-07-02,368422,0,20507358,0
2021-07-03,371054,0,20878412,0
2021-07-04,283185,0,21161597,0
2021-07-05,384496,0,21546093,0
2021-07-06,385421,0,21931514,0
2021-07-07,412050,0,22343564,0
2021-07-08,479630,0,22823194,0
2021-07-09,498501,0,23321695,0
2021-07-10,475182,0,23796877,0
2021-07-11,357704,0,24154581,0
2021-07-12,485917,0,24640498,0
2021-07-13,492160,0,25132658,0
2021-07-14,480483,0,25613141,0
2021-07-15,523515,0,26136656,0
2021-07-16,509791,0,26646447,0
2021-07-17,464378,0,27110825,0
2021-07-18,364705,0,27475530,0
2021-07-19,463079,0,27938609,0
2021-07-20,458089,0,28396698,0
2021-07-21,462820,0,28859518,0
2021-07-22,475399,0,29334917,0
2021-07-23,441311,0,29776228,0
2021-07-24,386190,0,30162418,0
2021-07-25,287602,0,30450020,0
2021-07-26,430903,0,30880923,0
2021-07-27,440129,0,31321052,0
2021-07-28,391023,0,31712075,0
2021-07-29,372078,0,32084153,0
2021-07-30,341496,0,32425649,0
2021-07-31,286998,0,32712647,0
2021-08-01,191019,0,32903666,0
2021-08-02,333725,0,33237391,0
2021-08-03,323183,0,33560574,0
2021-08-04,310970,0,33871544,0
2021-08-05,292508,0,34164052,0
2021-08-06,259993,0,34424045,0
2021-08-07,199038,0,34623083,0
2021-08-08,153103,0,34776186,0
2021-08-09,234072,0,35010258,0
2021-08-10,205244,0,35215502,0
2021-08-11,193740,0,35409242,0
2021-08-12,167959,0,35577201,0
2021-08-13,148587,0,35725788,0
2021-08-14,66082,0,35791870,0
2021-08-15,26333,0,35818203,0
2021-08-16,114668,0,35932871,0
2021-08-17,129235,0,36062106,0
2021-08-18,128724,0,36190830,0
2021-08-19,124778,0,36315608,0
2021-08-20,123782,0,36439390,0
2021-08-21,83110,0,36522500,0
2021-08-22,68161,0,36590661,0
2021-08-23,176864,0,36767525,0
2021-08-24,156897,0,36924422,0
2021-08-25,177164,0,37101586,0
2021-08-26,172347,0,37273933,0
2021-08-27,185855,0,37459788,0
2021-08-28,140269,0,37600057,0
2021-08-29,99003,0,37699060,0
2021-08-30,209636,0,37908696,0
2021-08-31,194631,0,38103327,0
2021-09-01,192214,0,38295541,0
2021-09-02,189939,0,38485480,0
2021-09-03,191351,0,38676831,0
2021-09-04,131490,0,38808321,0
2021-09-05,87877,0,38896198,0
2021-09-06,193662,0,39089860,0
2021-09-07,196078,0,39285938,0
2021-09-08,187915,0,39473853,0
2021-09-09,201481,0,39675334,0
2021-09-10,198116,0,39873450,0
2021-09-11,141330,0,40014780,0
2021-09-12,89603,0,40104383,0
2021-09-13,191187,524,40295570,524
2021-09-14,177272,559,40472842,1083
2021-09-15,163132,559,40635974,1642
2021-09-16,160100,905,40796074,2547
2021-09-17,150173,1099,40946247,3646
2021-09-18,127975,722,41074222,4368
2021-09-19,81132,484,41155354,4852
2021-09-20,180076,9057,41335430,13909
2021-09-21,166619,8822,41502049,22731
2021-09-22,159072,9419,41661121,32150
2021-09-23,138071,9310,41799192,41460
2021-09-24,140534,8943,41939726,50403
2021-09-25,119540,5625,42059266,56028
2021-09-26,71949,4333,42131215,60361
2021-09-27,135629,10033,42266844,70394
2021-09-28,117479,11374,42384323,81768
2021-09-29,112315,11821,42496638,93589
2021-09-30,110220,14931,42606858,108520
2021-10-01,94968,19098,42701826,127618
2021-10-02,78466,14011,42780292,141629
2021-10-03,47724,7652,42828016,149281
2021-10-04,88370,34438,42916386,183719
2021-10-05,80355,33966,42996741,217685
2021-10-06,71972,34153,43068713,251838
2021-10-07,71843,34339,43140556,286177
2021-10-08,80618,33583,43221174,319760
2021-10-09,76094,22161,43297268,341921
2021-10-10,45770,13612,43343038,355533
2021-10-11,87401,41094,43430439,396627
2021-10-12,84483,46889,43514922,443516
2021-10-13,88182,52098,43603104,495614
2021-10-14,91520,58492,43694624,554106
2021-10-15,93582,55609,43788206,609715
2021-10-16,82954,36771,43871160,646486
2021-10-17,51456,23822,43922616,670308
2021-10-18,90288,59471,44012904,729779
2021-10-19,78338,69365,44091242,799144
2021-10-20,75073,78149,44166315,877293
2021-10-21,78307,81737,44244622,959030
2021-10-22,73795,77008,44318417,1036038
2021-10-23,60814,51943,44379231,1087981
2021-10-24,33381,23442,44412612,1111423
2021-10-25,64903,81617,44477515,1193040
2021-10-26,58369,91768,44535884,1284808
2021-10-27,58329,103953,44594213,1388761
2021-10-28,61465,114094,44655678,1502855
2021-10-29,61661,103101,44717339,1605956
2021-10-30,50671,68109,44768010,1674065
2021-10-31,25169,28281,44793179,1702346
2021-11-01,19048,28145,44812227,1730491
2021-11-02,62774,89359,44875001,1819850
2021-11-03,60731,118654,44935732,1938504
2021-11-04,59244,126651,44994976,2065155
2021-11-05,63095,135165,45058071,2200320
2021-11-06,46470,90919,45104541,2291239
2021-11-07,22253,37891,45126794,2329130
2021-11-08,51523,131255,45178317,2460385
2021-11-09,45403,144184,45223720,2604569
2021-11-10,42573,156341,45266293,2760910
2021-11-11,44932,155129,45311225,2916039
2021-11-12,46366,158564,45357591,3074603
2021-11-13,33253,116641,45390844,3191244
2021-11-14,14478,52445,45405322,3243689
2021-11-15,36894,157416,45442216,3401105
2021-11-16,30542,171368,45472758,3572473
2021-11-17,28441,178429,45501199,3750902
2021-11-18,30276,193703,45531475,3944605
2021-11-19,28790,205841,45560265,4150446
2021-11-20,20988,156433,45581253,4306879
2021-11-21,10604,64854,45591857,4371733
2021-11-22,21920,213136,45613777,4584869
2021-11-23,23557,241738,45637334,4826607
2021-11-24,27829,270937,45665163,5097544
2021-11-25,23221,301891,45688384,5399435
2021-11-26,24562,318257,45712946,5717692
2021-11-27,21366,266146,45734312,5983838
2021-11-28,9892,137052,45744204,6120890
2021-11-29,22308,326058,45766512,6446948
2021-11-30,23068,365819,45789580,6812767
2021-12-01,21503,413491,45811083,7226258
2021-12-02,23746,440374,45834829,7666632
2021-12-03,25214,467446,45860043,8134078
2021-12-04,22338,418720,45882381,8552798
2021-12-05,11903,261329,45894284,8814127
2021-12-06,25795,457553,45920079,9271680
2021-12-07,24095,480240,45944174,9751920
2021-12-08,9985,249676,45954159,10001596
2021-12-09,31541,491908,45985700,10493504
2021-12-10,28036,517852,46013736,11011356
2021-12-11,23536,459235,46037272,11470591
2021-12-12,12288,293492,46049560,11764083
2021-12-13,26122,467612,46075682,12231695
2021-12-14,25144,494180,46100826,12725875
2021-12-15,25296,517128,46126122,13243003
2021-12-16,27854,520227,46153976,13763230
2021-12-17,29320,517151,46183296,14280381
2021-12-18,27009,468708,46210305,14749089
2021-12-19,15122,300509,46225427,15049598
2021-12-20,30591,477462,46256018,15527060
2021-12-21,30333,493365,46286351,16020425
2021-12-22,29414,484690,46315765,16505115
2021-12-23,28197,426889,46343962,16932004
2021-12-24,13100,210815,46357062,17142819
2021-12-25,2101,33052,46359163,17175871
2021-12-26,8748,159062,46367911,17334933
2021-12-27,46726,504643,46414637,17839576
2021-12-28,42400,554190,46457037,18393766
2021-12-29,34273,550627,46491310,18944393
2021-12-30,31770,499810,46523080,19444203
2021-12-31,14088,247392,46537168,19691595
2022-01-01,3493,64811,46540661,19756406
2022-01-02,22718,276716,46563379,20033122
2022-01-03,47737,520008,46611116,20553130
2022-01-04,46236,572064,46657352,21125194
2022-01-05,40630,560373,46697982,21685567
2022-01-06,23414,274477,46721396,21960044
2022-01-07,63559,554174,46784955,22514218
2022-01-08,60711,503370,46845666,23017588
2022-01-09,42722,319682,46888388,23337270
2022-01-10,60949,542265,46949337,23879535
2022-01-11,61571,586978,47010908,24466513
2022-01-12,58302,581269,47069210,25047782
2022-01-13,58456,580366,47127666,25628148
2022-01-14,46635,588554,47174301,26216702
2022-01-15,39177,569929,47213478,26786631
2022-01-16,31075,341847,47244553,27128478
2022-01-17,54674,489641,47299227,27618119
2022-01-18,58268,517001,47357495,28135120
2022-01-19,57091,502775,47414586,28637895
2022-01-20,54230,498806,47468816,29136701
2022-01-21,41947,493858,47510763,29630559
2022-01-22,31043,469585,47541806,30100144
2022-01-23,34848,275363,47576654,30375507
2022-01-24,56098,437204,47632752,30812711
2022-01-25,61463,452083,47694215,31264794
2022-01-26,58458,435808,47752673,31700602
2022-01-27,48767,432350,47801440,32132952
2022-01-28,58584,436519,47860024,32569471
2022-01-29,68017,412473,47928041,32981944
2022-01-30,50311,235960,47978352,33217904
2022-01-31,60518,356916,48038870,33574820
2022-02-01,65456,328423,48104326,33903243
2022-02-02,63110,296952,48167436,34200195
2022-02-03,59982,274508,48227418,34474703
2022-02-04,72296,268438,48299714,34743141
2022-02-05,83684,248520,48383398,34991661
2022-02-06,55234,116193,48438632,35107854
2022-02-07,65084,199927,48503716,35307781
2022-02-08,66877,186101,48570593,35493882
2022-02-09,58710,166327,48629303,35660209
2022-02-10,58503,163230,48687806,35823439
2022-02-11,62189,162449,48749995,35985888
2022-02-12,71929,152133,48821924,36138021
2022-02-13,41451,68848,48863375,36206869
2022-02-14,46643,116180,48910018,36323049
2022-02-15,48483,123477,48958501,36446526
2022-02-16,45643,106106,49004144,36552632
2022-02-17,42836,98097,49046980,36650729
2022-02-18,46582,112565,49093562,36763294
2022-02-19,52506,100324,49146068,36863618
2022-02-20,31405,40359,49177473,36903977
2022-02-21,37876,89638,49215349,36993615
2022-02-22,37188,83765,49252537,37077380
2022-02-23,33369,79401,49285906,37156781
2022-02-24,32541,78159,49318447,37234940
2022-02-25,34737,90701,49353184,37325641
2022-02-26,39134,89130,49392318,37414771
2022-02-27,22537,35855,49414855,37450626
2022-02-28,28458,81689,49443313,37532315
2022-03-01,22684,53934,49465997,37586249
2022-03-02,21981,50626,49487978,37636875
2022-03-03,22591,54940,49510569,37691815
2022-03-04,23203,62788,49533772,37754603
2022-03-05,23773,57949,49557545,37812552
2022-03-06,9468,17199,49567013,37829751
2022-03-07,15894,51389,49582907,37881140
2022-03-08,15438,48796,49598345,37929936
2022-03-09,13794,46512,49612139,37976448
2022-03-10,14020,52115,49626159,38028563
2022-03-11,15554,57246,49641713,38085809
2022-03-12,15484,56613,49657197,38142422
2022-03-13,5540,16848,49662737,38159270
2022-03-14,10514,46690,49673251,38205960
2022-03-15,10525,46892,49683776,38252852
2022-03-16,9466,41975,49693242,38294827
2022-03-17,9695,44875,49702937,38339702
2022-03-18,10149,49049,49713086,38388751
2022-03-19,9139,46530,49722225,38435281
2022-03-20,2605,11699,49724830,38446980
2022-03-21,7569,40220,49732399,38487200
2022-03-22,8433,37745,49740832,38524945
2022-03-23,7201,33695,49748033,38558640
2022-03-24,8243,38797,49756276,38597437
2022-03-25,8118,43662,49764394,38641099
2022-03-26,8120,41718,49772514,38682817
2022-03-27,2426,9683,49774940,38692500
2022-03-28,6094,35229,49781034,38727729
2022-03-29,5771,32524,49786805,38760253
2022-03-30,5550,30193,49792355,38790446
2022-03-31,5877,33168,49798232,38823614
2022-04-01,4339,25179,49802571,38848793
2022-04-02,4486,23271,49807057,38872064
2022-04-03,1046,4499,49808103,38876563
2022-04-04,3649,21532,49811752,38898095
2022-04-05,3745,22922,49815497,38921017
2022-04-06,4095,21837,49819592,38942854
2022-04-07,3951,23317,49823543,38966171
2022-04-08,4681,26708,49828224,38992879
2022-04-09,4373,23883,49832597,39016762
2022-04-10,892,4614,49833489,39021376
2022-04-11,3798,22681,49837287,39044057
2022-04-12,3351,21775,49840638,39065832
2022-04-13,3554,21334,49844192,39087166
2022-04-14,3478,23772,49847670,39110938
2022-04-15,3076,20613,49850746,39131551
2022-04-16,2146,11920,49852892,39143471
2022-04-17,63,348,49852955,39143819
2022-04-18,148,650,49853103,39144469
2022-04-19,3480,21976,49856583,39166445
2022-04-20,3493,20249,49860076,39186694
2022-04-21,2834,19774,49862910,39206468
2022-04-22,2913,20695,49865823,39227163
2022-04-23,2634,16205,49868457,39243368
2022-04-24,509,2335,49868966,39245703
2022-04-25,183,1165,49869149,39246868
2022-04-26,2757,17790,49871906,39264658
2022-04-27,2363,15779,49874269,39280437
2022-04-28,2346,15533,49876615,39295970
2022-04-29,2288,14831,49878903,39310801
2022-04-30,2117,11577,49881020,39322378
2022-05-01,113,530,49881133,39322908
2022-05-02,1443,9381,49882576,39332289
2022-05-03,1569,10307,49884145,39342596
2022-05-04,1744,10255,49885889,39352851
2022-05-05,1647,10273,49887536,39363124
2022-05-06,1692,10944,49889228,39374068
2022-05-07,1432,8561,49890660,39382629
2022-05-08,404,1514,49891064,39384143
2022-05-09,1023,8915,49892087,39393058
2022-05-10,1418,9536,49893505,39402594
2022-05-11,1476,10087,49894981,39412681
2022-05-12,1364,10119,49896345,39422800
2022-05-13,1587,10506,49897932,39433306
2022-05-14,1355,8226,49899287,39441532
2022-05-15,336,1129,49899623,39442661
2022-05-16,809,8388,49900432,39451049
2022-05-17,1239,8665,49901671,39459714
2022-05-18,1368,9212,49903039,39468926
2022-05-19,1497,9266,49904536,39478192
2022-05-20,1419,9490,49905955,39487682
2022-05-21,1299,7891,49907254,39495573
2022-05-22,231,1012,49907485,39496585
2022-05-23,825,8260,49908310,39504845
2022-05-24,1070,8663,49909380,39513508
2022-05-25,1364,9443,49910744,39522951
2022-05-26,1192,9452,49911936,39532403
2022-05-27,1223,9908,49913159,39542311
2022-05-28,1201,7872,49914360,39550183
2022-05-29,285,1264,49914645,39551447
2022-05-30,928,8023,49915573,39559470
2022-05-31,1033,8529,49916606,39567999
2022-06-01,890,7643,49917496,39575642
2022-06-02,35,474,49917531,39576116
2022-06-03,811,7327,49918342,39583443
2022-06-04,869,5155,49919211,39588598
2022-06-05,89,586,49919300,39589184
2022-06-06,670,6964,49919970,39596148
2022-06-07,929,7841,49920899,39603989
2022-06-08,977,7896,49921876,39611885
2022-06-09,1032,8398,49922908,39620283
2022-06-10,949,8537,49923857,39628820
2022-06-11,897,6208,49924754,39635028
2022-06-12,140,767,49924894,39635795
2022-06-13,602,6295,49925496,39642090
2022-06-14,824,7878,49926320,39649968
2022-06-15,949,7842,49927269,39657810
2022-06-16,727,7382,49927996,39665192
2022-06-17,715,7232,49928711,39672424
2022-06-18,776,5587,49929487,39678011
2022-06-19,47,522,49929534,39678533
2022-06-20,587,6694,49930121,39685227
2022-06-21,730,7637,49930851,39692864
2022-06-22,776,7299,49931627,39700163
2022-06-23,648,7456,49932275,39707619
2022-06-24,642,7465,49932917,39715084
2022-06-25,835,6531,49933752,39721615
2022-06-26,128,523,49933880,39722138
2022-06-27,532,7113,49934412,39729251
2022-06-28,743,8206,49935155,39737457
2022-06-29,753,7714,49935908,39745171
2022-06-30,741,8131,49936649,39753302
2022-07-01,578,6437,49937227,39759739
2022-07-02,536,4764,49937763,39764503
2022-07-03,49,456,49937812,39764959
2022-07-04,467,6269,49938279,39771228
2022-07-05,620,8104,49938899,39779332
2022-07-06,623,7590,49939522,39786922
2022-07-07,562,8247,49940084,39795169
2022-07-08,667,8072,49940751,39803241
2022-07-09,548,6103,49941299,39809344
2022-07-10,58,533,49941357,39809877
2022-07-11,475,7624,49941832,39817501
2022-07-12,650,8970,49942482,39826471
2022-07-13,624,10054,49943106,39836525
2022-07-14,617,10186,49943723,39846711
2022-07-15,615,10629,49944338,39857340
2022-07-16,511,7195,49944849,39864535
2022-07-17,48,767,49944897,39865302
2022-07-18,493,9327,49945390,39874629
2022-07-19,558,10624,49945948,39885253
2022-07-20,557,11220,49946505,39896473
2022-07-21,617,11969,49947122,39908442
2022-07-22,562,11173,49947684,39919615
2022-07-23,375,6727,49948059,39926342
2022-07-24,75,834,49948134,39927176
2022-07-25,490,9009,49948624,39936185
2022-07-26,515,9687,49949139,39945872
2022-07-27,523,10077,49949662,39955949
2022-07-28,519,10381,49950181,39966330
2022-07-29,503,9349,49950684,39975679
2022-07-30,380,5817,49951064,39981496
2022-07-31,49,740,49951113,39982236
2022-08-01,382,6797,49951495,39989033
2022-08-02,530,7460,49952025,39996493
2022-08-03,480,6993,49952505,40003486
2022-08-04,432,7280,49952937,40010766
2022-08-05,386,6243,49953323,40017009
2022-08-06,297,3500,49953620,40020509
2022-08-07,45,452,49953665,40020961