data_somministrazione,vaccinazioni,booster,cum_vaccinazioni,cum_booster
2020-12-27,15,0,15,0
2020-12-28,2,0,17,0
2020-12-29,1,0,18,0
2020-12-30,2,0,20,0
2020-12-31,34,0,54,0
2021-01-01,12,0,66,0
2021-01-02,53,0,119,0
2021-01-03,45,0,164,0
2021-01-04,120,0,284,0
2021-01-05,157,0,441,0
2021-01-06,133,0,574,0
2021-01-07,195,0,769,0
2021-01-08,242,0,1011,0
2021-01-09,170,0,1181,0
2021-01-10,109,0,1290,0
2021-01-11,196,0,1486,0
2021-01-12,201,0,1687,0
2021-01-13,304,0,1991,0
2021-01-14,391,0,2382,0
2021-01-15,235,0,2617,0
2021-01-16,163,0,2780,0
2021-01-17,3046,0,5826,0
2021-01-18,5178,0,11004,0
2021-01-19,1870,0,12874,0
2021-01-20,4649,0,17523,0
2021-01-21,20002,0,37525,0
2021-01-22,14194,0,51719,0
2021-01-23,33353,0,85072,0
2021-01-24,30791,0,115863,0
2021-01-25,64767,0,180630,0
2021-01-26,76535,0,257165,0
2021-01-27,64871,0,322036,0
2021-01-28,89327,0,411363,0
2021-01-29,94062,0,505425,0
2021-01-30,86603,0,592028,0
2021-01-31,57339,0,649367,0
2021-02-01,81889,0,731256,0
2021-02-02,82152,0,813408,0
2021-02-03,91206,0,904614,0
2021-02-04,95357,0,999971,0
2021-02-05,90262,0,1090233,0
2021-02-06,63724,0,1153957,0
2021-02-07,32913,0,1186870,0
2021-02-08,40403,0,1227273,0
2021-02-09,32826,0,1260099,0
2021-02-10,28371,0,1288470,0
2021-02-11,20341,0,1308811,0
2021-02-12,16172,0,1324983,0
2021-02-13,7215,0,1332198,0
2021-02-14,2855,0,1335053,0
2021-02-15,6816,0,1341869,0
2021-02-16,6968,0,1348837,0
2021-02-17,10487,0,1359324,0
2021-02-18,9208,0,1368532,0
2021-02-19,8141,0,1376673,0
2021-02-20,5466,0,1382139,0
2021-02-21,2938,0,1385077,0
2021-02-22,6825,0,1391902,0
2021-02-23,7085,0,1398987,0
2021-02-24,9781,0,1408768,0
2021-02-25,14160,0,1422928,0
2021-02-26,17464,0,1440392,0
2021-02-27,13842,0,1454234,0
2021-02-28,9334,0,1463568,0
2021-03-01,26426,0,1489994,0
2021-03-02,33142,0,1523136,0
2021-03-03,44578,0,1567714,0
2021-03-04,50181,0,1617895,0
2021-03-05,55671,0,1673566,0
2021-03-06,41823,0,1715389,0
2021-03-07,22279,0,1737668,0
2021-03-08,50597,0,1788265,0
2021-03-09,52928,0,1841193,0
2021-03-10,58483,0,1899676,0
2021-03-11,63691,0,1963367,0
2021-03-12,65001,0,2028368,0
2021-03-13,51636,0,2080004,0
2021-03-14,35333,0,2115337,0
2021-03-15,73280,0,2188617,0
2021-03-16,73960,0,2262577,0
2021-03-17,82971,0,2345548,0
2021-03-18,81569,0,2427117,0
2021-03-19,80982,0,2508099,0
2021-03-20,64612,0,2572711,0
2021-03-21,47237,0,2619948,0
2021-03-22,69366,0,2689314,0
2021-03-23,75661,0,2764975,0
2021-03-24,90741,0,2855716,0
2021-03-25,89662,0,2945378,0
2021-03-26,83458,0,3028836,0
2021-03-27,71789,0,3100625,0
2021-03-28,44021,0,3144646,0
2021-03-29,70673,0,3215319,0
2021-03-30,81221,0,3296540,0
2021-03-31,96058,0,3392598,0
2021-04-01,95172,0,3487770,0
2021-04-02,83950,0,3571720,0
2021-04-03,64218,0,3635938,0
2021-04-04,21679,0,3657617,0
2021-04-05,40248,0,3697865,0
2021-04-06,81201,0,3779066,0
2021-04-07,95621,0,3874687,0
2021-04-08,95123,0,3969810,0
2021-04-09,88344,0,4058154,0
2021-04-10,73911,0,4132065,0
2021-04-11,44683,0,4176748,0
2021-04-12,66813,0,4243561,0
2021-04-13,72486,0,4316047,0
2021-04-14,85389,0,4401436,0
2021-04-15,105270,0,4506706,0
2021-04-16,106269,0,4612975,0
2021-04-17,90516,0,4703491,0
2021-04-18,58647,0,4762138,0
2021-04-19,93332,0,4855470,0
2021-04-20,103642,0,4959112,0
2021-04-21,125227,0,5084339,0
2021-04-22,143371,0,5227710,0
2021-04-23,138529,0,5366239,0
2021-04-24,124297,0,5490536,0
2021-04-25,61371,0,5551907,0
2021-04-26,97759,0,5649666,0
2021-04-27,128219,0,5777885,0
2021-04-28,156190,0,5934075,0
2021-04-29,195352,0,6129427,0
2021-04-30,214343,0,6343770,0
2021-05-01,174119,0,6517889,0
2021-05-02,135856,0,6653745,0
2021-05-03,141826,0,6795571,0
2021-05-04,158514,0,6954085,0
2021-05-05,170269,0,7124354,0
2021-05-06,197595,0,7321949,0
2021-05-07,213514,0,7535463,0
2021-05-08,213175,0,7748638,0
2021-05-09,143019,0,7891657,0
2021-05-10,164902,0,8056559,0
2021-05-11,174729,0,8231288,0
2021-05-12,178885,0,8410173,0
2021-05-13,203061,0,8613234,0
2021-05-14,222618,0,8835852,0
2021-05-15,210064,0,9045916,0
2021-05-16,159131,0,9205047,0
2021-05-17,218987,0,9424034,0
2021-05-18,212772,0,9636806,0
2021-05-19,206821,0,9843627,0
2021-05-20,270532,0,10114159,0
2021-05-21,270570,0,10384729,0
2021-05-22,245324,0,10630053,0
2021-05-23,197054,0,10827107,0
2021-05-24,228145,0,11055252,0
2021-05-25,245504,0,11300756,0
2021-05-26,277241,0,11577997,0
2021-05-27,310823,0,11888820,0
2021-05-28,299335,0,12188155,0
2021-05-29,230966,0,12419121,0
2021-05-30,170679,0,12589800,0
2021-05-31,216209,0,12806009,0
2021-06-01,207451,0,13013460,0
2021-06-02,115614,0,13129074,0
2021-06-03,179775,0,13308849,0
2021-06-04,184485,0,13493334,0
2021-06-05,185708,0,13679042,0
2021-06-06,139366,0,13818408,0
2021-06-07,161515,0,13979923,0
2021-06-08,170759,0,14150682,0
2021-06-09,171051,0,14321733,0
2021-06-10,173622,0,14495355,0
2021-06-11,169555,0,14664910,0
2021-06-12,127954,0,14792864,0
2021-06-13,90914,0,14883778,0
2021-06-14,214386,0,15098164,0
2021-06-15,228151,0,15326315,0
2021-06-16,252865,0,15579180,0
2021-06-17,301490,0,15880670,0
2021-06-18,306020,0,16186690,0
2021-06-19,274938,0,16461628,0
2021-06-20,220576,0,16682204,0
2021-06-21,287897,0,16970101,0
2021-06-22,296004,0,17266105,0
2021-06-23,302580,0,17568685,0
2021-06-24,332454,0,17901139,0
2021-06-25,348572,0,18249711,0
2021-06-26,300170,0,18549881,0
2021-06-27,228764,0,18778645,0
2021-06-28,306835,0,19085480,0
2021-06-29,329019,0,19414499,0
2021-06-30,341960,0,19756459,0
2021-07-01,362954,0,20119413,0
2021-07-02,368349,0,20487762,0
2021-07-03,371250,0,20859012,0
2021-07-04,283204,0,21142216,0
2021-07-05,384400,0,21526616,0
2021-07-06,385271,0,21911887,0
2021-07-07,411983,0,22323870,0
2021-07-08,479728,0,22803598,0
2021-07-09,498495,0,23302093,0
2021-07-10,475211,0,23777304,0
2021-07-11,357774,0,24135078,0
2021-07-12,485951,0,24621029,0
2021-07-13,492252,0,25113281,0
2021-07-14,480522,0,25593803,0
2021-07-15,523635,0,26117438,0
2021-07-16,509869,0,26627307,0
2021-07-17,464471,0,27091778,0
2021-07-18,364785,0,27456563,0
2021-07-19,463368,0,27919931,0
2021-07-20,458227,0,28378158,0
2021-07-21,462867,0,28841025,0
2021-07-22,475341,0,29316366,0
2021-07-23,441269,0,29757635,0
2021-07-24,386099,0,30143734,0
2021-07-25,287523,0,30431257,0
2021-07-26,430841,0,30862098,0
2021-07-27,440106,0,31302204,0
2021-07-28,390921,0,31693125,0
2021-07-29,371989,0,32065114,0
2021-07-30,341433,0,32406547,0
2021-07-31,286924,0,32693471,0
2021-08-01,190776,0,32884247,0
2021-08-02,333744,0,33217991,0
2021-08-03,323071,0,33541062,0
2021-08-04,310778,0,33851840,0
2021-08-05,292402,0,34144242,0
2021-08-06,259850,0,34404092,0
2021-08-07,198819,0,34602911,0
2021-08-08,153033,0,34755944,0
2021-08-09,234085,0,34990029,0
2021-08-10,205047,0,35195076,0
2021-08-11,193497,0,35388573,0
2021-08-12,167738,0,35556311,0
2021-08-13,148322,0,35704633,0
2021-08-14,65949,0,35770582,0
2021-08-15,26285,0,35796867,0
2021-08-16,114527,0,35911394,0
2021-08-17,129056,0,36040450,0
2021-08-18,128627,0,36169077,0
2021-08-19,124605,0,36293682,0
2021-08-20,123596,0,36417278,0
2021-08-21,82976,0,36500254,0
2021-08-22,68053,0,36568307,0
2021-08-23,176609,0,36744916,0
2021-08-24,156842,0,36901758,0
2021-08-25,176924,0,37078682,0
2021-08-26,172195,0,37250877,0
2021-08-27,185705,0,37436582,0
2021-08-28,140026,0,37576608,0
2021-08-29,98897,0,37675505,0
2021-08-30,209489,0,37884994,0
2021-08-31,194552,0,38079546,0
2021-09-01,192033,0,38271579,0
2021-09-02,189757,0,38461336,0
2021-09-03,191150,0,38652486,0
2021-09-04,131344,0,38783830,0
2021-09-05,87834,0,38871664,0
2021-09-06,193517,0,39065181,0
2021-09-07,195715,0,39260896,0
2021-09-08,187707,0,39448603,0
2021-09-09,201286,0,39649889,0
2021-09-10,197887,0,39847776,0
2021-09-11,141133,0,39988909,0
2021-09-12,89458,0,40078367,0
2021-09-13,191008,335,40269375,335
2021-09-14,177237,420,40446612,755
2021-09-15,162950,452,40609562,1207
2021-09-16,159931,785,40769493,1992
2021-09-17,149977,1001,40919470,2993
2021-09-18,127783,654,41047253,3647
2021-09-19,80943,439,41128196,4086
2021-09-20,179754,8951,41307950,13037
2021-09-21,166232,8724,41474182,21761
2021-09-22,158669,9356,41632851,31117
2021-09-23,137612,9235,41770463,40352
2021-09-24,140119,8849,41910582,49201
2021-09-25,119264,5555,42029846,54756
2021-09-26,71742,4293,42101588,59049
2021-09-27,135320,9964,42236908,69013
2021-09-28,117108,11300,42354016,80313
2021-09-29,111915,11754,42465931,92067
2021-09-30,109839,14835,42575770,106902
2021-10-01,94596,19022,42670366,125924
2021-10-02,78179,13982,42748545,139906
2021-10-03,47502,7626,42796047,147532
2021-10-04,88047,34356,42884094,181888
2021-10-05,80065,33908,42964159,215796
2021-10-06,71713,34052,43035872,249848
2021-10-07,71470,34270,43107342,284118
2021-10-08,80332,33483,43187674,317601
2021-10-09,75771,22104,43263445,339705
2021-10-10,45608,13589,43309053,353294
2021-10-11,87062,40985,43396115,394279
2021-10-12,84151,46780,43480266,441059
2021-10-13,87852,51972,43568118,493031
2021-10-14,91059,58373,43659177,551404
2021-10-15,93183,55459,43752360,606863
2021-10-16,82624,36695,43834984,643558
2021-10-17,51217,23773,43886201,667331
2021-10-18,90029,59320,43976230,726651
2021-10-19,78112,69273,44054342,795924
2021-10-20,74873,78009,44129215,873933
2021-10-21,78064,81556,44207279,955489
2021-10-22,73707,76849,44280986,1032338
2021-10-23,60693,51878,44341679,1084216
2021-10-24,33289,23396,44374968,1107612
2021-10-25,64720,81487,44439688,1189099
2021-10-26,58229,91597,44497917,1280696
2021-10-27,58102,103806,44556019,1384502
2021-10-28,61274,113812,44617293,1498314
2021-10-29,61595,102896,44678888,1601210
2021-10-30,50542,67971,44729430,1669181
2021-10-31,25101,28230,44754531,1697411
2021-11-01,19006,28115,44773537,1725526
2021-11-02,62631,89187,44836168,1814713
2021-11-03,60591,118463,44896759,1933176
2021-11-04,59073,126418,44955832,2059594
2021-11-05,62947,134938,45018779,2194532
2021-11-06,46322,90787,45065101,2285319
2021-11-07,22197,37822,45087298,2323141
2021-11-08,51336,131073,45138634,2454214
2021-11-09,45271,143839,45183905,2598053
2021-11-10,42491,155944,45226396,2753997
2021-11-11,44773,154872,45271169,2908869
2021-11-12,46201,158292,45317370,3067161
2021-11-13,33129,116424,45350499,3183585
2021-11-14,14435,52381,45364934,3235966
2021-11-15,36736,157111,45401670,3393077
2021-11-16,30399,171078,45432069,3564155
2021-11-17,28270,178198,45460339,3742353
2021-11-18,30091,193373,45490430,3935726
2021-11-19,28621,205446,45519051,4141172
2021-11-20,20854,156105,45539905,4297277
2021-11-21,10521,64697,45550426,4361974
2021-11-22,21750,212731,45572176,4574705
2021-11-23,23362,241358,45595538,4816063
2021-11-24,27599,270435,45623137,5086498
2021-11-25,22951,301376,45646088,5387874
2021-11-26,24305,317747,45670393,5705621
2021-11-27,21157,265746,45691550,5971367
2021-11-28,9771,136812,45701321,6108179
2021-11-29,21977,325483,45723298,6433662
2021-11-30,22743,365131,45746041,6798793
2021-12-01,21134,412720,45767175,7211513
2021-12-02,23330,439858,45790505,7651371
2021-12-03,24728,466700,45815233,8118071
2021-12-04,21943,418353,45837176,8536424
2021-12-05,11600,261143,45848776,8797567
2021-12-06,25146,457066,45873922,9254633
2021-12-07,23493,479643,45897415,9734276
2021-12-08,9654,249458,45907069,9983734
2021-12-09,30780,491427,45937849,10475161
2021-12-10,27329,517113,45965178,10992274
2021-12-11,22891,458856,45988069,11451130
2021-12-12,11848,293203,45999917,11744333
2021-12-13,25343,467062,46025260,12211395
2021-12-14,24298,493615,46049558,12705010
2021-12-15,24467,516521,46074025,13221531
2021-12-16,26761,519505,46100786,13741036
2021-12-17,28350,516136,46129136,14257172
2021-12-18,25993,468238,46155129,14725410
2021-12-19,14399,300231,46169528,15025641
2021-12-20,29510,476913,46199038,15502554
2021-12-21,29257,492651,46228295,15995205
2021-12-22,28144,484060,46256439,16479265
2021-12-23,26914,426341,46283353,16905606
2021-12-24,12600,210583,46295953,17116189
2021-12-25,2062,33006,46298015,17149195
2021-12-26,8194,158967,46306209,17308162
2021-12-27,44560,504186,46350769,17812348
2021-12-28,39475,553572,46390244,18365920
2021-12-29,31075,549964,46421319,18915884
2021-12-30,28577,499143,46449896,19415027
2021-12-31,12529,247142,46462425,19662169
2022-01-01,3159,64746,46465584,19726915
2022-01-02,19806,276524,46485390,20003439
2022-01-03,43133,520441,46528523,20523880
2022-01-04,41184,572433,46569707,21096313
2022-01-05,35574,560697,46605281,21657010
2022-01-06,20652,274190,46625933,21931200
2022-01-07,58531,554091,46684464,22485291
2022-01-08,55363,502709,46739827,22988000
2022-01-09,38624,319358,46778451,23307358
2022-01-10,56973,542107,46835424,23849465
2022-01-11,57133,586650,46892557,24436115
2022-01-12,53945,580937,46946502,25017052
2022-01-13,54466,579921,47000968,25596973
2022-01-14,42608,587841,47043576,26184814
2022-01-15,34216,567525,47077792,26752339
2022-01-16,27777,340700,47105569,27093039
2022-01-17,52034,489368,47157603,27582407
2022-01-18,55717,516444,47213320,28098851
2022-01-19,54676,502257,47267996,28601108
2022-01-20,51985,497937,47319981,29099045
2022-01-21,39618,492460,47359599,29591505
2022-01-22,28218,468055,47387817,30059560
2022-01-23,33207,274482,47421024,30334042
2022-01-24,54501,435981,47475525,30770023
2022-01-25,59925,450431,47535450,31220454
2022-01-26,56648,433096,47592098,31653550
2022-01-27,48387,425995,47640485,32079545
2022-01-28,57137,430678,47697622,32510223
2022-01-29,65585,407402,47763207,32917625
2022-01-30,49952,231039,47813159,33148664