data_somministrazione,vaccinazioni,booster,cum_vaccinazioni,cum_booster
2020-12-27,19,0,19,0
2020-12-28,2,0,21,0
2020-12-29,1,0,22,0
2020-12-30,6,0,28,0
2020-12-31,67,0,95,0
2021-01-01,22,0,117,0
2021-01-02,107,0,224,0
2021-01-03,79,0,303,0
2021-01-04,200,0,503,0
2021-01-05,236,0,739,0
2021-01-06,197,0,936,0
2021-01-07,289,0,1225,0
2021-01-08,335,0,1560,0
2021-01-09,246,0,1806,0
2021-01-10,145,0,1951,0
2021-01-11,268,0,2219,0
2021-01-12,265,0,2484,0
2021-01-13,388,0,2872,0
2021-01-14,476,0,3348,0
2021-01-15,298,0,3646,0
2021-01-16,203,0,3849,0
2021-01-17,3057,0,6906,0
2021-01-18,5209,0,12115,0
2021-01-19,1892,0,14007,0
2021-01-20,4653,0,18660,0
2021-01-21,19998,0,38658,0
2021-01-22,14200,0,52858,0
2021-01-23,33330,0,86188,0
2021-01-24,30788,0,116976,0
2021-01-25,64726,0,181702,0
2021-01-26,76498,0,258200,0
2021-01-27,64837,0,323037,0
2021-01-28,89291,0,412328,0
2021-01-29,94021,0,506349,0
2021-01-30,86566,0,592915,0
2021-01-31,57336,0,650251,0
2021-02-01,81869,0,732120,0
2021-02-02,82146,0,814266,0
2021-02-03,91191,0,905457,0
2021-02-04,95396,0,1000853,0
2021-02-05,90274,0,1091127,0
2021-02-06,63450,0,1154577,0
2021-02-07,32928,0,1187505,0
2021-02-08,40431,0,1227936,0
2021-02-09,32864,0,1260800,0
2021-02-10,28422,0,1289222,0
2021-02-11,20391,0,1309613,0
2021-02-12,16230,0,1325843,0
2021-02-13,7252,0,1333095,0
2021-02-14,2861,0,1335956,0
2021-02-15,6837,0,1342793,0
2021-02-16,6994,0,1349787,0
2021-02-17,10519,0,1360306,0
2021-02-18,9247,0,1369553,0
2021-02-19,8240,0,1377793,0
2021-02-20,5544,0,1383337,0
2021-02-21,2986,0,1386323,0
2021-02-22,6883,0,1393206,0
2021-02-23,7164,0,1400370,0
2021-02-24,9825,0,1410195,0
2021-02-25,14203,0,1424398,0
2021-02-26,17553,0,1441951,0
2021-02-27,13904,0,1455855,0
2021-02-28,9386,0,1465241,0
2021-03-01,26507,0,1491748,0
2021-03-02,33238,0,1524986,0
2021-03-03,44642,0,1569628,0
2021-03-04,50288,0,1619916,0
2021-03-05,55734,0,1675650,0
2021-03-06,41877,0,1717527,0
2021-03-07,22325,0,1739852,0
2021-03-08,50796,0,1790648,0
2021-03-09,53060,0,1843708,0
2021-03-10,58631,0,1902339,0
2021-03-11,63844,0,1966183,0
2021-03-12,65097,0,2031280,0
2021-03-13,51707,0,2082987,0
2021-03-14,35387,0,2118374,0
2021-03-15,73424,0,2191798,0
2021-03-16,74023,0,2265821,0
2021-03-17,83130,0,2348951,0
2021-03-18,81620,0,2430571,0
2021-03-19,81080,0,2511651,0
2021-03-20,64712,0,2576363,0
2021-03-21,47285,0,2623648,0
2021-03-22,69473,0,2693121,0
2021-03-23,75781,0,2768902,0
2021-03-24,90891,0,2859793,0
2021-03-25,89787,0,2949580,0
2021-03-26,83602,0,3033182,0
2021-03-27,71924,0,3105106,0
2021-03-28,44131,0,3149237,0
2021-03-29,70809,0,3220046,0
2021-03-30,81366,0,3301412,0
2021-03-31,96216,0,3397628,0
2021-04-01,95294,0,3492922,0
2021-04-02,84066,0,3576988,0
2021-04-03,64297,0,3641285,0
2021-04-04,21717,0,3663002,0
2021-04-05,40300,0,3703302,0
2021-04-06,81303,0,3784605,0
2021-04-07,95809,0,3880414,0
2021-04-08,95227,0,3975641,0
2021-04-09,88484,0,4064125,0
2021-04-10,74026,0,4138151,0
2021-04-11,44756,0,4182907,0
2021-04-12,66908,0,4249815,0
2021-04-13,72562,0,4322377,0
2021-04-14,85520,0,4407897,0
2021-04-15,105403,0,4513300,0
2021-04-16,106411,0,4619711,0
2021-04-17,90493,0,4710204,0
2021-04-18,58583,0,4768787,0
2021-04-19,93424,0,4862211,0
2021-04-20,103759,0,4965970,0
2021-04-21,125330,0,5091300,0
2021-04-22,143501,0,5234801,0
2021-04-23,138716,0,5373517,0
2021-04-24,124436,0,5497953,0
2021-04-25,61451,0,5559404,0
2021-04-26,97878,0,5657282,0
2021-04-27,128353,0,5785635,0
2021-04-28,156353,0,5941988,0
2021-04-29,195580,0,6137568,0
2021-04-30,214556,0,6352124,0
2021-05-01,174089,0,6526213,0
2021-05-02,135796,0,6662009,0
2021-05-03,142005,0,6804014,0
2021-05-04,158676,0,6962690,0
2021-05-05,170473,0,7133163,0
2021-05-06,197791,0,7330954,0
2021-05-07,213809,0,7544763,0
2021-05-08,213385,0,7758148,0
2021-05-09,143193,0,7901341,0
2021-05-10,165082,0,8066423,0
2021-05-11,174960,0,8241383,0
2021-05-12,179160,0,8420543,0
2021-05-13,203360,0,8623903,0
2021-05-14,222893,0,8846796,0
2021-05-15,210341,0,9057137,0
2021-05-16,159266,0,9216403,0
2021-05-17,219175,0,9435578,0
2021-05-18,213001,0,9648579,0
2021-05-19,207065,0,9855644,0
2021-05-20,270834,0,10126478,0
2021-05-21,270862,0,10397340,0
2021-05-22,245515,0,10642855,0
2021-05-23,197171,0,10840026,0
2021-05-24,228292,0,11068318,0
2021-05-25,245684,0,11314002,0
2021-05-26,277477,0,11591479,0
2021-05-27,311075,0,11902554,0
2021-05-28,299563,0,12202117,0
2021-05-29,231198,0,12433315,0
2021-05-30,170826,0,12604141,0
2021-05-31,216411,0,12820552,0
2021-06-01,207625,0,13028177,0
2021-06-02,115774,0,13143951,0
2021-06-03,180111,0,13324062,0
2021-06-04,184857,0,13508919,0
2021-06-05,185935,0,13694854,0
2021-06-06,139515,0,13834369,0
2021-06-07,161840,0,13996209,0
2021-06-08,171170,0,14167379,0
2021-06-09,171443,0,14338822,0
2021-06-10,174042,0,14512864,0
2021-06-11,169941,0,14682805,0
2021-06-12,128306,0,14811111,0
2021-06-13,91141,0,14902252,0
2021-06-14,214644,0,15116896,0
2021-06-15,228390,0,15345286,0
2021-06-16,253036,0,15598322,0
2021-06-17,301700,0,15900022,0
2021-06-18,306267,0,16206289,0
2021-06-19,275055,0,16481344,0
2021-06-20,220731,0,16702075,0
2021-06-21,288037,0,16990112,0
2021-06-22,296180,0,17286292,0
2021-06-23,302661,0,17588953,0
2021-06-24,332559,0,17921512,0
2021-06-25,348692,0,18270204,0
2021-06-26,300083,0,18570287,0
2021-06-27,228615,0,18798902,0
2021-06-28,307041,0,19105943,0
2021-06-29,329239,0,19435182,0
2021-06-30,342104,0,19777286,0
2021-07-01,363157,0,20140443,0
2021-07-02,368425,0,20508868,0
2021-07-03,371070,0,20879938,0
2021-07-04,283192,0,21163130,0
2021-07-05,384504,0,21547634,0
2021-07-06,385429,0,21933063,0
2021-07-07,412065,0,22345128,0
2021-07-08,479612,0,22824740,0
2021-07-09,498479,0,23323219,0
2021-07-10,475176,0,23798395,0
2021-07-11,357696,0,24156091,0
2021-07-12,485899,0,24641990,0
2021-07-13,492142,0,25134132,0
2021-07-14,480470,0,25614602,0
2021-07-15,523474,0,26138076,0
2021-07-16,509776,0,26647852,0
2021-07-17,464364,0,27112216,0
2021-07-18,364690,0,27476906,0
2021-07-19,463064,0,27939970,0
2021-07-20,458080,0,28398050,0
2021-07-21,462810,0,28860860,0
2021-07-22,475396,0,29336256,0
2021-07-23,441303,0,29777559,0
2021-07-24,386187,0,30163746,0
2021-07-25,287581,0,30451327,0
2021-07-26,430885,0,30882212,0
2021-07-27,440123,0,31322335,0
2021-07-28,391013,0,31713348,0
2021-07-29,372078,0,32085426,0
2021-07-30,341515,0,32426941,0
2021-07-31,287018,0,32713959,0
2021-08-01,191014,0,32904973,0
2021-08-02,333723,0,33238696,0
2021-08-03,323184,0,33561880,0
2021-08-04,310963,0,33872843,0
2021-08-05,292508,0,34165351,0
2021-08-06,260011,0,34425362,0
2021-08-07,199050,0,34624412,0
2021-08-08,153103,0,34777515,0
2021-08-09,234075,0,35011590,0
2021-08-10,205245,0,35216835,0
2021-08-11,193759,0,35410594,0
2021-08-12,167984,0,35578578,0
2021-08-13,148600,0,35727178,0
2021-08-14,66089,0,35793267,0
2021-08-15,26335,0,35819602,0
2021-08-16,114678,0,35934280,0
2021-08-17,129240,0,36063520,0
2021-08-18,128741,0,36192261,0
2021-08-19,124795,0,36317056,0
2021-08-20,123795,0,36440851,0
2021-08-21,83117,0,36523968,0
2021-08-22,68166,0,36592134,0
2021-08-23,176869,0,36769003,0
2021-08-24,156905,0,36925908,0
2021-08-25,177168,0,37103076,0
2021-08-26,172340,0,37275416,0
2021-08-27,185837,0,37461253,0
2021-08-28,140266,0,37601519,0
2021-08-29,98999,0,37700518,0
2021-08-30,209626,0,37910144,0
2021-08-31,194631,0,38104775,0
2021-09-01,192212,0,38296987,0
2021-09-02,189937,0,38486924,0
2021-09-03,191331,0,38678255,0
2021-09-04,131475,0,38809730,0
2021-09-05,87866,0,38897596,0
2021-09-06,193650,0,39091246,0
2021-09-07,196060,0,39287306,0
2021-09-08,187904,0,39475210,0
2021-09-09,201461,0,39676671,0
2021-09-10,198100,0,39874771,0
2021-09-11,141322,0,40016093,0
2021-09-12,89595,0,40105688,0
2021-09-13,191162,558,40296850,558
2021-09-14,177257,578,40474107,1136
2021-09-15,163118,582,40637225,1718
2021-09-16,160092,926,40797317,2644
2021-09-17,150176,1114,40947493,3758
2021-09-18,127974,739,41075467,4497
2021-09-19,81131,493,41156598,4990
2021-09-20,180077,9074,41336675,14064
2021-09-21,166635,8831,41503310,22895
2021-09-22,159082,9437,41662392,32332
2021-09-23,138084,9321,41800476,41653
2021-09-24,140537,8954,41941013,50607
2021-09-25,119558,5635,42060571,56242
2021-09-26,71958,4340,42132529,60582
2021-09-27,135640,10048,42268169,70630
2021-09-28,117496,11385,42385665,82015
2021-09-29,112334,11826,42497999,93841
2021-09-30,110231,14948,42608230,108789
2021-10-01,94977,19108,42703207,127897
2021-10-02,78485,14013,42781692,141910
2021-10-03,47738,7656,42829430,149566
2021-10-04,88377,34445,42917807,184011
2021-10-05,80368,33970,42998175,217981
2021-10-06,71984,34162,43070159,252143
2021-10-07,71855,34346,43142014,286489
2021-10-08,80624,33589,43222638,320078
2021-10-09,76101,22169,43298739,342247
2021-10-10,45775,13615,43344514,355862
2021-10-11,87418,41105,43431932,396967
2021-10-12,84491,46896,43516423,443863
2021-10-13,88192,52115,43604615,495978
2021-10-14,91529,58510,43696144,554488
2021-10-15,93592,55625,43789736,610113
2021-10-16,82968,36780,43872704,646893
2021-10-17,51464,23827,43924168,670720
2021-10-18,90293,59482,44014461,730202
2021-10-19,78344,69372,44092805,799574
2021-10-20,75076,78165,44167881,877739
2021-10-21,78299,81752,44246180,959491
2021-10-22,73786,77021,44319966,1036512
2021-10-23,60817,51954,44380783,1088466
2021-10-24,33378,23455,44414161,1111921
2021-10-25,64907,81621,44479068,1193542
2021-10-26,58375,91777,44537443,1285319
2021-10-27,58330,103969,44595773,1389288
2021-10-28,61467,114100,44657240,1503388
2021-10-29,61657,103114,44718897,1606502
2021-10-30,50671,68115,44769568,1674617
2021-10-31,25164,28289,44794732,1702906
2021-11-01,19046,28148,44813778,1731054
2021-11-02,62764,89373,44876542,1820427
2021-11-03,60739,118656,44937281,1939083
2021-11-04,59242,126661,44996523,2065744
2021-11-05,63094,135169,45059617,2200913
2021-11-06,46474,90924,45106091,2291837
2021-11-07,22251,37895,45128342,2329732
2021-11-08,51529,131262,45179871,2460994
2021-11-09,45401,144199,45225272,2605193
2021-11-10,42579,156345,45267851,2761538
2021-11-11,44932,155134,45312783,2916672
2021-11-12,46370,158574,45359153,3075246
2021-11-13,33253,116649,45392406,3191895
2021-11-14,14481,52445,45406887,3244340
2021-11-15,36894,157426,45443781,3401766
2021-11-16,30549,171376,45474330,3573142
2021-11-17,28449,178434,45502779,3751576
2021-11-18,30283,193717,45533062,3945293
2021-11-19,28799,205850,45561861,4151143
2021-11-20,20995,156434,45582856,4307577
2021-11-21,10609,64857,45593465,4372434
2021-11-22,21935,213138,45615400,4585572
2021-11-23,23568,241743,45638968,4827315
2021-11-24,27839,270944,45666807,5098259
2021-11-25,23234,301901,45690041,5400160
2021-11-26,24582,318261,45714623,5718421
2021-11-27,21380,266149,45736003,5984570
2021-11-28,9899,137056,45745902,6121626
2021-11-29,22323,326061,45768225,6447687
2021-11-30,23086,365822,45791311,6813509
2021-12-01,21518,413499,45812829,7227008
2021-12-02,23757,440373,45836586,7667381
2021-12-03,25250,467453,45861836,8134834
2021-12-04,22355,418730,45884191,8553564
2021-12-05,11916,261328,45896107,8814892
2021-12-06,25817,457562,45921924,9272454
2021-12-07,24124,480249,45946048,9752703
2021-12-08,10003,249679,45956051,10002382
2021-12-09,31574,491907,45987625,10494289
2021-12-10,28060,517863,46015685,11012152
2021-12-11,23557,459239,46039242,11471391
2021-12-12,12303,293493,46051545,11764884
2021-12-13,26146,467618,46077691,12232502
2021-12-14,25167,494188,46102858,12726690
2021-12-15,25326,517125,46128184,13243815
2021-12-16,27875,520236,46156059,13764051
2021-12-17,29354,517160,46185413,14281211
2021-12-18,27039,468712,46212452,14749923
2021-12-19,15137,300514,46227589,15050437
2021-12-20,30613,477476,46258202,15527913
2021-12-21,30360,493378,46288562,16021291
2021-12-22,29435,484697,46317997,16505988
2021-12-23,28234,426890,46346231,16932878
2021-12-24,13111,210822,46359342,17143700
2021-12-25,2101,33053,46361443,17176753
2021-12-26,8759,159064,46370202,17335817
2021-12-27,46777,504646,46416979,17840463
2021-12-28,42438,554202,46459417,18394665
2021-12-29,34331,550626,46493748,18945291
2021-12-30,31814,499818,46525562,19445109
2021-12-31,14110,247391,46539672,19692500
2022-01-01,3493,64814,46543165,19757314
2022-01-02,22749,276717,46565914,20034031
2022-01-03,47831,520005,46613745,20554036
2022-01-04,46326,572075,46660071,21126111
2022-01-05,40708,560388,46700779,21686499
2022-01-06,23465,274482,46724244,21960981
2022-01-07,63663,554175,46787907,22515156
2022-01-08,60810,503372,46848717,23018528
2022-01-09,42798,319683,46891515,23338211
2022-01-10,61037,542275,46952552,23880486
2022-01-11,61672,586977,47014224,24467463
2022-01-12,58395,581274,47072619,25048737
2022-01-13,58564,580372,47131183,25629109
2022-01-14,46737,588556,47177920,26217665
2022-01-15,39347,569932,47217267,26787597
2022-01-16,31153,341845,47248420,27129442
2022-01-17,54739,489645,47303159,27619087
2022-01-18,58355,517007,47361514,28136094
2022-01-19,57159,502775,47418673,28638869
2022-01-20,54305,498806,47472978,29137675
2022-01-21,42042,493861,47515020,29631536
2022-01-22,31132,469585,47546152,30101121
2022-01-23,34905,275359,47581057,30376480
2022-01-24,56147,437205,47637204,30813685
2022-01-25,61528,452084,47698732,31265769
2022-01-26,58510,435816,47757242,31701585
2022-01-27,48804,432348,47806046,32133933
2022-01-28,58662,436527,47864708,32570460
2022-01-29,68089,412479,47932797,32982939
2022-01-30,50351,235962,47983148,33218901
2022-01-31,60596,356921,48043744,33575822
2022-02-01,65519,328431,48109263,33904253
2022-02-02,63164,296964,48172427,34201217
2022-02-03,60031,274512,48232458,34475729
2022-02-04,72351,268448,48304809,34744177
2022-02-05,83740,248523,48388549,34992700
2022-02-06,55272,116198,48443821,35108898
2022-02-07,65118,199932,48508939,35308830
2022-02-08,66912,186104,48575851,35494934
2022-02-09,58741,166332,48634592,35661266
2022-02-10,58541,163231,48693133,35824497
2022-02-11,62225,162452,48755358,35986949
2022-02-12,71955,152135,48827313,36139084
2022-02-13,41464,68847,48868777,36207931
2022-02-14,46668,116187,48915445,36324118
2022-02-15,48513,123476,48963958,36447594
2022-02-16,45667,106113,49009625,36553707
2022-02-17,42851,98103,49052476,36651810
2022-02-18,46602,112567,49099078,36764377
2022-02-19,52519,100324,49151597,36864701
2022-02-20,31409,40357,49183006,36905058
2022-02-21,37885,89641,49220891,36994699
2022-02-22,37212,83768,49258103,37078467
2022-02-23,33379,79403,49291482,37157870
2022-02-24,32550,78158,49324032,37236028
2022-02-25,34749,90705,49358781,37326733
2022-02-26,39147,89130,49397928,37415863
2022-02-27,22540,35855,49420468,37451718
2022-02-28,28468,81684,49448936,37533402
2022-03-01,22706,53937,49471642,37587339
2022-03-02,21990,50625,49493632,37637964
2022-03-03,22604,54940,49516236,37692904
2022-03-04,23215,62787,49539451,37755691
2022-03-05,23782,57950,49563233,37813641
2022-03-06,9470,17200,49572703,37830841
2022-03-07,15900,51386,49588603,37882227
2022-03-08,15460,48795,49604063,37931022
2022-03-09,13805,46512,49617868,37977534
2022-03-10,14040,52114,49631908,38029648
2022-03-11,15569,57253,49647477,38086901
2022-03-12,15491,56614,49662968,38143515
2022-03-13,5542,16849,49668510,38160364
2022-03-14,10518,46692,49679028,38207056
2022-03-15,10534,46892,49689562,38253948
2022-03-16,9472,41975,49699034,38295923
2022-03-17,9703,44874,49708737,38340797
2022-03-18,10151,49052,49718888,38389849
2022-03-19,9146,46531,49728034,38436380
2022-03-20,2607,11700,49730641,38448080
2022-03-21,7576,40222,49738217,38488302
2022-03-22,8444,37752,49746661,38526054
2022-03-23,7208,33699,49753869,38559753
2022-03-24,8251,38797,49762120,38598550
2022-03-25,8129,43660,49770249,38642210
2022-03-26,8120,41720,49778369,38683930
2022-03-27,2428,9682,49780797,38693612
2022-03-28,6100,35231,49786897,38728843
2022-03-29,5773,32523,49792670,38761366
2022-03-30,5557,30194,49798227,38791560
2022-03-31,5887,33176,49804114,38824736
2022-04-01,4343,25187,49808457,38849923
2022-04-02,4489,23273,49812946,38873196
2022-04-03,1049,4499,49813995,38877695
2022-04-04,3653,21532,49817648,38899227
2022-04-05,3748,22924,49821396,38922151
2022-04-06,4098,21846,49825494,38943997
2022-04-07,3959,23320,49829453,38967317
2022-04-08,4688,26708,49834141,38994025
2022-04-09,4376,23884,49838517,39017909
2022-04-10,893,4614,49839410,39022523
2022-04-11,3812,22685,49843222,39045208
2022-04-12,3357,21779,49846579,39066987
2022-04-13,3559,21332,49850138,39088319
2022-04-14,3481,23774,49853619,39112093
2022-04-15,3078,20618,49856697,39132711
2022-04-16,2149,11919,49858846,39144630
2022-04-17,63,348,49858909,39144978
2022-04-18,149,650,49859058,39145628
2022-04-19,3490,21978,49862548,39167606
2022-04-20,3500,20248,49866048,39187854
2022-04-21,2840,19780,49868888,39207634
2022-04-22,2920,20693,49871808,39228327
2022-04-23,2637,16210,49874445,39244537
2022-04-24,509,2335,49874954,39246872
2022-04-25,183,1165,49875137,39248037
2022-04-26,2759,17792,49877896,39265829
2022-04-27,2368,15784,49880264,39281613
2022-04-28,2353,15553,49882617,39297166
2022-04-29,2291,14835,49884908,39312001
2022-04-30,2121,11576,49887029,39323577
2022-05-01,113,530,49887142,39324107
2022-05-02,1445,9384,49888587,39333491
2022-05-03,1573,10309,49890160,39343800
2022-05-04,1744,10257,49891904,39354057
2022-05-05,1650,10273,49893554,39364330
2022-05-06,1698,10945,49895252,39375275
2022-05-07,1431,8562,49896683,39383837
2022-05-08,404,1514,49897087,39385351
2022-05-09,1024,8917,49898111,39394268
2022-05-10,1422,9536,49899533,39403804
2022-05-11,1480,10087,49901013,39413891
2022-05-12,1368,10118,49902381,39424009
2022-05-13,1587,10510,49903968,39434519
2022-05-14,1357,8227,49905325,39442746
2022-05-15,336,1129,49905661,39443875
2022-05-16,812,8388,49906473,39452263
2022-05-17,1242,8673,49907715,39460936
2022-05-18,1368,9216,49909083,39470152
2022-05-19,1498,9268,49910581,39479420
2022-05-20,1419,9494,49912000,39488914
2022-05-21,1299,7892,49913299,39496806
2022-05-22,231,1012,49913530,39497818
2022-05-23,826,8261,49914356,39506079
2022-05-24,1070,8666,49915426,39514745
2022-05-25,1365,9445,49916791,39524190
2022-05-26,1194,9455,49917985,39533645
2022-05-27,1225,9911,49919210,39543556
2022-05-28,1203,7873,49920413,39551429
2022-05-29,285,1264,49920698,39552693
2022-05-30,930,8026,49921628,39560719
2022-05-31,1033,8531,49922661,39569250
2022-06-01,891,7644,49923552,39576894
2022-06-02,35,474,49923587,39577368
2022-06-03,814,7328,49924401,39584696
2022-06-04,870,5155,49925271,39589851
2022-06-05,89,586,49925360,39590437
2022-06-06,672,6984,49926032,39597421
2022-06-07,931,7841,49926963,39605262
2022-06-08,982,7898,49927945,39613160
2022-06-09,1034,8400,49928979,39621560
2022-06-10,957,8550,49929936,39630110
2022-06-11,900,6207,49930836,39636317
2022-06-12,140,767,49930976,39637084
2022-06-13,603,6295,49931579,39643379
2022-06-14,826,7881,49932405,39651260
2022-06-15,951,7843,49933356,39659103
2022-06-16,728,7387,49934084,39666490
2022-06-17,720,7239,49934804,39673729
2022-06-18,777,5588,49935581,39679317
2022-06-19,47,522,49935628,39679839
2022-06-20,588,6694,49936216,39686533
2022-06-21,733,7645,49936949,39694178
2022-06-22,780,7304,49937729,39701482
2022-06-23,649,7457,49938378,39708939
2022-06-24,644,7473,49939022,39716412
2022-06-25,835,6532,49939857,39722944
2022-06-26,128,523,49939985,39723467
2022-06-27,532,7119,49940517,39730586
2022-06-28,745,8208,49941262,39738794
2022-06-29,754,7718,49942016,39746512
2022-06-30,744,8131,49942760,39754643
2022-07-01,576,6437,49943336,39761080
2022-07-02,536,4765,49943872,39765845
2022-07-03,49,456,49943921,39766301
2022-07-04,470,6270,49944391,39772571
2022-07-05,627,8112,49945018,39780683
2022-07-06,629,7605,49945647,39788288
2022-07-07,567,8255,49946214,39796543
2022-07-08,670,8078,49946884,39804621
2022-07-09,549,6103,49947433,39810724
2022-07-10,58,533,49947491,39811257
2022-07-11,486,7637,49947977,39818894
2022-07-12,663,9001,49948640,39827895
2022-07-13,638,10058,49949278,39837953
2022-07-14,636,10219,49949914,39848172
2022-07-15,623,10663,49950537,39858835
2022-07-16,521,7207,49951058,39866042
2022-07-17,48,769,49951106,39866811
2022-07-18,497,9349,49951603,39876160
2022-07-19,574,10649,49952177,39886809
2022-07-20,576,11256,49952753,39898065
2022-07-21,625,12033,49953378,39910098
2022-07-22,581,11222,49953959,39921320
2022-07-23,379,6740,49954338,39928060
2022-07-24,76,834,49954414,39928894
2022-07-25,500,9031,49954914,39937925
2022-07-26,518,9724,49955432,39947649
2022-07-27,546,10149,49955978,39957798
2022-07-28,527,10475,49956505,39968273
2022-07-29,510,9417,49957015,39977690
2022-07-30,380,5851,49957395,39983541
2022-07-31,49,745,49957444,39984286
2022-08-01,386,6822,49957830,39991108
2022-08-02,537,7513,49958367,39998621
2022-08-03,509,7140,49958876,40005761
2022-08-04,451,7415,49959327,40013176
2022-08-05,416,6478,49959743,40019654
2022-08-06,297,3580,49960040,40023234
2022-08-07,44,550,49960084,40023784
2022-08-08,396,4872,49960480,40028656
2022-08-09,382,5266,49960862,40033922
2022-08-10,373,4779,49961235,40038701
2022-08-11,363,4753,49961598,40043454
2022-08-12,287,3698,49961885,40047152
2022-08-13,143,1595,49962028,40048747
2022-08-14,9,128,49962037,40048875
2022-08-15,1,24,49962038,40048899
2022-08-16,281,3022,49962319,40051921
2022-08-17,351,3513,49962670,40055434
2022-08-18,383,4137,49963053,40059571
2022-08-19,338,3301,49963391,40062872
2022-08-20,182,1711,49963573,40064583
2022-08-21,24,146,49963597,40064729
2022-08-22,326,2928,49963923,40067657
2022-08-23,371,3644,49964294,40071301
2022-08-24,380,3327,49964674,40074628
2022-08-25,417,3700,49965091,40078328
2022-08-26,391,3533,49965482,40081861
2022-08-27,233,1766,49965715,40083627
2022-08-28,29,260,49965744,40083887
2022-08-29,353,3133,49966097,40087020
2022-08-30,398,3631,49966495,40090651
2022-08-31,426,3691,49966921,40094342
2022-09-01,352,3056,49967273,40097398
2022-09-02,287,2858,49967560,40100256
2022-09-03,197,1682,49967757,40101938
2022-09-04,22,147,49967779,40102085
2022-09-05,185,2614,49967964,40104699
2022-09-06,298,2926,49968262,40107625
2022-09-07,522,2810,49968784,40110435
2022-09-08,265,2853,49969049,40113288
2022-09-09,284,2649,49969333,40115937
2022-09-10,217,1065,49969550,40117002