data_somministrazione,vaccinazioni,booster,cum_vaccinazioni,cum_booster
2020-12-27,20,0,20,0
2020-12-28,2,0,22,0
2020-12-29,1,0,23,0
2020-12-30,8,0,31,0
2020-12-31,71,0,102,0
2021-01-01,23,0,125,0
2021-01-02,121,0,246,0
2021-01-03,86,0,332,0
2021-01-04,211,0,543,0
2021-01-05,248,0,791,0
2021-01-06,214,0,1005,0
2021-01-07,302,0,1307,0
2021-01-08,346,0,1653,0
2021-01-09,258,0,1911,0
2021-01-10,155,0,2066,0
2021-01-11,279,0,2345,0
2021-01-12,269,0,2614,0
2021-01-13,396,0,3010,0
2021-01-14,482,0,3492,0
2021-01-15,300,0,3792,0
2021-01-16,212,0,4004,0
2021-01-17,3059,0,7063,0
2021-01-18,5210,0,12273,0
2021-01-19,1893,0,14166,0
2021-01-20,4655,0,18821,0
2021-01-21,19998,0,38819,0
2021-01-22,14206,0,53025,0
2021-01-23,33322,0,86347,0
2021-01-24,30783,0,117130,0
2021-01-25,64725,0,181855,0
2021-01-26,76495,0,258350,0
2021-01-27,64830,0,323180,0
2021-01-28,89279,0,412459,0
2021-01-29,94013,0,506472,0
2021-01-30,86560,0,593032,0
2021-01-31,57331,0,650363,0
2021-02-01,81858,0,732221,0
2021-02-02,82143,0,814364,0
2021-02-03,91194,0,905558,0
2021-02-04,95397,0,1000955,0
2021-02-05,90274,0,1091229,0
2021-02-06,63445,0,1154674,0
2021-02-07,32928,0,1187602,0
2021-02-08,40428,0,1228030,0
2021-02-09,32866,0,1260896,0
2021-02-10,28422,0,1289318,0
2021-02-11,20398,0,1309716,0
2021-02-12,16234,0,1325950,0
2021-02-13,7266,0,1333216,0
2021-02-14,2861,0,1336077,0
2021-02-15,6840,0,1342917,0
2021-02-16,6998,0,1349915,0
2021-02-17,10521,0,1360436,0
2021-02-18,9252,0,1369688,0
2021-02-19,8246,0,1377934,0
2021-02-20,5555,0,1383489,0
2021-02-21,2996,0,1386485,0
2021-02-22,6885,0,1393370,0
2021-02-23,7168,0,1400538,0
2021-02-24,9831,0,1410369,0
2021-02-25,14211,0,1424580,0
2021-02-26,17555,0,1442135,0
2021-02-27,13909,0,1456044,0
2021-02-28,9387,0,1465431,0
2021-03-01,26515,0,1491946,0
2021-03-02,33238,0,1525184,0
2021-03-03,44644,0,1569828,0
2021-03-04,50288,0,1620116,0
2021-03-05,55734,0,1675850,0
2021-03-06,41869,0,1717719,0
2021-03-07,22323,0,1740042,0
2021-03-08,50822,0,1790864,0
2021-03-09,53070,0,1843934,0
2021-03-10,58647,0,1902581,0
2021-03-11,63858,0,1966439,0
2021-03-12,65108,0,2031547,0
2021-03-13,51717,0,2083264,0
2021-03-14,35395,0,2118659,0
2021-03-15,73439,0,2192098,0
2021-03-16,74027,0,2266125,0
2021-03-17,83133,0,2349258,0
2021-03-18,81620,0,2430878,0
2021-03-19,81080,0,2511958,0
2021-03-20,64719,0,2576677,0
2021-03-21,47296,0,2623973,0
2021-03-22,69476,0,2693449,0
2021-03-23,75794,0,2769243,0
2021-03-24,90908,0,2860151,0
2021-03-25,89798,0,2949949,0
2021-03-26,83617,0,3033566,0
2021-03-27,71935,0,3105501,0
2021-03-28,44140,0,3149641,0
2021-03-29,70824,0,3220465,0
2021-03-30,81381,0,3301846,0
2021-03-31,96233,0,3398079,0
2021-04-01,95307,0,3493386,0
2021-04-02,84070,0,3577456,0
2021-04-03,64302,0,3641758,0
2021-04-04,21718,0,3663476,0
2021-04-05,40311,0,3703787,0
2021-04-06,81309,0,3785096,0
2021-04-07,95830,0,3880926,0
2021-04-08,95234,0,3976160,0
2021-04-09,88485,0,4064645,0
2021-04-10,74031,0,4138676,0
2021-04-11,44762,0,4183438,0
2021-04-12,66917,0,4250355,0
2021-04-13,72572,0,4322927,0
2021-04-14,85539,0,4408466,0
2021-04-15,105418,0,4513884,0
2021-04-16,106419,0,4620303,0
2021-04-17,90514,0,4710817,0
2021-04-18,58587,0,4769404,0
2021-04-19,93431,0,4862835,0
2021-04-20,103769,0,4966604,0
2021-04-21,125339,0,5091943,0
2021-04-22,143516,0,5235459,0
2021-04-23,138737,0,5374196,0
2021-04-24,124443,0,5498639,0
2021-04-25,61454,0,5560093,0
2021-04-26,97892,0,5657985,0
2021-04-27,128361,0,5786346,0
2021-04-28,156366,0,5942712,0
2021-04-29,195593,0,6138305,0
2021-04-30,214577,0,6352882,0
2021-05-01,174115,0,6526997,0
2021-05-02,135802,0,6662799,0
2021-05-03,142031,0,6804830,0
2021-05-04,158694,0,6963524,0
2021-05-05,170498,0,7134022,0
2021-05-06,197806,0,7331828,0
2021-05-07,213842,0,7545670,0
2021-05-08,213408,0,7759078,0
2021-05-09,143199,0,7902277,0
2021-05-10,165087,0,8067364,0
2021-05-11,174986,0,8242350,0
2021-05-12,179176,0,8421526,0
2021-05-13,203377,0,8624903,0
2021-05-14,222910,0,8847813,0
2021-05-15,210355,0,9058168,0
2021-05-16,159271,0,9217439,0
2021-05-17,219191,0,9436630,0
2021-05-18,213016,0,9649646,0
2021-05-19,207083,0,9856729,0
2021-05-20,270859,0,10127588,0
2021-05-21,270883,0,10398471,0
2021-05-22,245523,0,10643994,0
2021-05-23,197181,0,10841175,0
2021-05-24,228302,0,11069477,0
2021-05-25,245695,0,11315172,0
2021-05-26,277486,0,11592658,0
2021-05-27,311083,0,11903741,0
2021-05-28,299572,0,12203313,0
2021-05-29,231216,0,12434529,0
2021-05-30,170838,0,12605367,0
2021-05-31,216422,0,12821789,0
2021-06-01,207631,0,13029420,0
2021-06-02,115787,0,13145207,0
2021-06-03,180140,0,13325347,0
2021-06-04,184872,0,13510219,0
2021-06-05,185951,0,13696170,0
2021-06-06,139539,0,13835709,0
2021-06-07,161863,0,13997572,0
2021-06-08,171206,0,14168778,0
2021-06-09,171465,0,14340243,0
2021-06-10,174088,0,14514331,0
2021-06-11,169966,0,14684297,0
2021-06-12,128317,0,14812614,0
2021-06-13,91176,0,14903790,0
2021-06-14,214670,0,15118460,0
2021-06-15,228408,0,15346868,0
2021-06-16,253070,0,15599938,0
2021-06-17,301728,0,15901666,0
2021-06-18,306294,0,16207960,0
2021-06-19,275079,0,16483039,0
2021-06-20,220777,0,16703816,0
2021-06-21,288073,0,16991889,0
2021-06-22,296215,0,17288104,0
2021-06-23,302689,0,17590793,0
2021-06-24,332591,0,17923384,0
2021-06-25,348713,0,18272097,0
2021-06-26,300109,0,18572206,0
2021-06-27,228659,0,18800865,0
2021-06-28,307087,0,19107952,0
2021-06-29,329280,0,19437232,0
2021-06-30,342153,0,19779385,0
2021-07-01,363201,0,20142586,0
2021-07-02,368467,0,20511053,0
2021-07-03,371085,0,20882138,0
2021-07-04,283211,0,21165349,0
2021-07-05,384542,0,21549891,0
2021-07-06,385464,0,21935355,0
2021-07-07,412120,0,22347475,0
2021-07-08,479614,0,22827089,0
2021-07-09,498489,0,23325578,0
2021-07-10,475190,0,23800768,0
2021-07-11,357703,0,24158471,0
2021-07-12,485899,0,24644370,0
2021-07-13,492131,0,25136501,0
2021-07-14,480473,0,25616974,0
2021-07-15,523466,0,26140440,0
2021-07-16,509773,0,26650213,0
2021-07-17,464355,0,27114568,0
2021-07-18,364668,0,27479236,0
2021-07-19,463069,0,27942305,0
2021-07-20,458074,0,28400379,0
2021-07-21,462800,0,28863179,0
2021-07-22,475399,0,29338578,0
2021-07-23,441317,0,29779895,0
2021-07-24,386169,0,30166064,0
2021-07-25,287568,0,30453632,0
2021-07-26,430876,0,30884508,0
2021-07-27,440127,0,31324635,0
2021-07-28,391009,0,31715644,0
2021-07-29,372080,0,32087724,0
2021-07-30,341502,0,32429226,0
2021-07-31,287027,0,32716253,0
2021-08-01,191005,0,32907258,0
2021-08-02,333718,0,33240976,0
2021-08-03,323189,0,33564165,0
2021-08-04,310976,0,33875141,0
2021-08-05,292513,0,34167654,0
2021-08-06,260005,0,34427659,0
2021-08-07,199045,0,34626704,0
2021-08-08,153111,0,34779815,0
2021-08-09,234071,0,35013886,0
2021-08-10,205252,0,35219138,0
2021-08-11,193768,0,35412906,0
2021-08-12,168020,0,35580926,0
2021-08-13,148620,0,35729546,0
2021-08-14,66093,0,35795639,0
2021-08-15,26336,0,35821975,0
2021-08-16,114694,0,35936669,0
2021-08-17,129245,0,36065914,0
2021-08-18,128747,0,36194661,0
2021-08-19,124809,0,36319470,0
2021-08-20,123796,0,36443266,0
2021-08-21,83125,0,36526391,0
2021-08-22,68172,0,36594563,0
2021-08-23,176871,0,36771434,0
2021-08-24,156900,0,36928334,0
2021-08-25,177171,0,37105505,0
2021-08-26,172359,0,37277864,0
2021-08-27,185839,0,37463703,0
2021-08-28,140276,0,37603979,0
2021-08-29,98989,0,37702968,0
2021-08-30,209614,0,37912582,0
2021-08-31,194638,0,38107220,0
2021-09-01,192208,0,38299428,0
2021-09-02,189936,0,38489364,0
2021-09-03,191320,0,38680684,0
2021-09-04,131473,0,38812157,0
2021-09-05,87860,0,38900017,0
2021-09-06,193636,0,39093653,0
2021-09-07,196046,0,39289699,0
2021-09-08,187890,0,39477589,0
2021-09-09,201455,0,39679044,0
2021-09-10,198085,0,39877129,0
2021-09-11,141311,0,40018440,0
2021-09-12,89601,0,40108041,0
2021-09-13,191142,585,40299183,585
2021-09-14,177241,603,40476424,1188
2021-09-15,163102,610,40639526,1798
2021-09-16,160085,946,40799611,2744
2021-09-17,150172,1132,40949783,3876
2021-09-18,127979,748,41077762,4624
2021-09-19,81135,498,41158897,5122
2021-09-20,180077,9094,41338974,14216
2021-09-21,166646,8842,41505620,23058
2021-09-22,159085,9447,41664705,32505
2021-09-23,138080,9337,41802785,41842
2021-09-24,140540,8975,41943325,50817
2021-09-25,119554,5649,42062879,56466
2021-09-26,71968,4346,42134847,60812
2021-09-27,135656,10057,42270503,70869
2021-09-28,117505,11400,42388008,82269
2021-09-29,112354,11833,42500362,94102
2021-09-30,110246,14960,42610608,109062
2021-10-01,94983,19119,42705591,128181
2021-10-02,78498,14029,42784089,142210
2021-10-03,47744,7663,42831833,149873
2021-10-04,88377,34464,42920210,184337
2021-10-05,80369,33990,43000579,218327
2021-10-06,71996,34183,43072575,252510
2021-10-07,71857,34361,43144432,286871
2021-10-08,80633,33597,43225065,320468
2021-10-09,76103,22181,43301168,342649
2021-10-10,45775,13620,43346943,356269
2021-10-11,87432,41113,43434375,397382
2021-10-12,84495,46914,43518870,444296
2021-10-13,88196,52129,43607066,496425
2021-10-14,91542,58525,43698608,554950
2021-10-15,93602,55641,43792210,610591
2021-10-16,82969,36795,43875179,647386
2021-10-17,51464,23836,43926643,671222
2021-10-18,90304,59496,44016947,730718
2021-10-19,78347,69386,44095294,800104
2021-10-20,75071,78183,44170365,878287
2021-10-21,78297,81774,44248662,960061
2021-10-22,73785,77045,44322447,1037106
2021-10-23,60823,51964,44383270,1089070
2021-10-24,33373,23466,44416643,1112536
2021-10-25,64906,81637,44481549,1194173
2021-10-26,58371,91812,44539920,1285985
2021-10-27,58328,103994,44598248,1389979
2021-10-28,61464,114122,44659712,1504101
2021-10-29,61642,103145,44721354,1607246
2021-10-30,50674,68125,44772028,1675371
2021-10-31,25162,28299,44797190,1703670
2021-11-01,19046,28152,44816236,1731822
2021-11-02,62751,89396,44878987,1821218
2021-11-03,60730,118676,44939717,1939894
2021-11-04,59243,126679,44998960,2066573
2021-11-05,63093,135196,45062053,2201769
2021-11-06,46481,90935,45108534,2292704
2021-11-07,22253,37897,45130787,2330601
2021-11-08,51528,131278,45182315,2461879
2021-11-09,45400,144214,45227715,2606093
2021-11-10,42588,156357,45270303,2762450
2021-11-11,44935,155141,45315238,2917591
2021-11-12,46375,158587,45361613,3076178
2021-11-13,33259,116660,45394872,3192838
2021-11-14,14488,52451,45409360,3245289
2021-11-15,36895,157436,45446255,3402725
2021-11-16,30556,171386,45476811,3574111
2021-11-17,28460,178449,45505271,3752560
2021-11-18,30285,193732,45535556,3946292
2021-11-19,28810,205865,45564366,4152157
2021-11-20,20996,156454,45585362,4308611
2021-11-21,10612,64860,45595974,4373471
2021-11-22,21940,213153,45617914,4586624
2021-11-23,23579,241760,45641493,4828384
2021-11-24,27843,270963,45669336,5099347
2021-11-25,23237,301916,45692573,5401263
2021-11-26,24585,318281,45717158,5719544
2021-11-27,21385,266158,45738543,5985702
2021-11-28,9903,137058,45748446,6122760
2021-11-29,22337,326076,45770783,6448836
2021-11-30,23098,365830,45793881,6814666
2021-12-01,21533,413522,45815414,7228188
2021-12-02,23765,440415,45839179,7668603
2021-12-03,25262,467484,45864441,8136087
2021-12-04,22374,418755,45886815,8554842
2021-12-05,11932,261349,45898747,8816191
2021-12-06,25818,457593,45924565,9273784
2021-12-07,24139,480272,45948704,9754056
2021-12-08,10006,249696,45958710,10003752
2021-12-09,31587,491943,45990297,10495695
2021-12-10,28077,517898,46018374,11013593
2021-12-11,23569,459260,46041943,11472853
2021-12-12,12309,293515,46054252,11766368
2021-12-13,26159,467639,46080411,12234007
2021-12-14,25174,494215,46105585,12728222
2021-12-15,25343,517160,46130928,13245382
2021-12-16,27889,520270,46158817,13765652
2021-12-17,29369,517188,46188186,14282840
2021-12-18,27070,468738,46215256,14751578
2021-12-19,15150,300536,46230406,15052114
2021-12-20,30637,477497,46261043,15529611
2021-12-21,30380,493399,46291423,16023010
2021-12-22,29454,484721,46320877,16507731
2021-12-23,28257,426916,46349134,16934647
2021-12-24,13114,210836,46362248,17145483
2021-12-25,2102,33053,46364350,17178536
2021-12-26,8764,159071,46373114,17337607
2021-12-27,46804,504670,46419918,17842277
2021-12-28,42457,554227,46462375,18396504
2021-12-29,34353,550651,46496728,18947155
2021-12-30,31852,499837,46528580,19446992
2021-12-31,14125,247398,46542705,19694390
2022-01-01,3496,64814,46546201,19759204
2022-01-02,22779,276726,46568980,20035930
2022-01-03,47866,520022,46616846,20555952
2022-01-04,46386,572091,46663232,21128043
2022-01-05,40766,560399,46703998,21688442
2022-01-06,23494,274488,46727492,21962930
2022-01-07,63717,554193,46791209,22517123
2022-01-08,60870,503392,46852079,23020515
2022-01-09,42869,319688,46894948,23340203
2022-01-10,61090,542295,46956038,23882498
2022-01-11,61734,586994,47017772,24469492
2022-01-12,58452,581276,47076224,25050768
2022-01-13,58617,580392,47134841,25631160
2022-01-14,46816,588572,47181657,26219732
2022-01-15,39425,569942,47221082,26789674
2022-01-16,31232,341863,47252314,27131537
2022-01-17,54785,489658,47307099,27621195
2022-01-18,58396,517016,47365495,28138211
2022-01-19,57198,502782,47422693,28640993
2022-01-20,54340,498827,47477033,29139820
2022-01-21,42091,493872,47519124,29633692
2022-01-22,31193,469595,47550317,30103287
2022-01-23,34936,275365,47585253,30378652
2022-01-24,56180,437218,47641433,30815870
2022-01-25,61550,452106,47702983,31267976
2022-01-26,58544,435828,47761527,31703804
2022-01-27,48841,432363,47810368,32136167
2022-01-28,58692,436534,47869060,32572701
2022-01-29,68125,412488,47937185,32985189
2022-01-30,50373,235968,47987558,33221157
2022-01-31,60622,356931,48048180,33578088
2022-02-01,65552,328440,48113732,33906528
2022-02-02,63196,296974,48176928,34203502
2022-02-03,60054,274514,48236982,34478016
2022-02-04,72380,268452,48309362,34746468
2022-02-05,83775,248532,48393137,34995000
2022-02-06,55287,116202,48448424,35111202
2022-02-07,65139,199939,48513563,35311141
2022-02-08,66926,186110,48580489,35497251
2022-02-09,58756,166337,48639245,35663588
2022-02-10,58569,163233,48697814,35826821
2022-02-11,62246,162461,48760060,35989282
2022-02-12,71979,152141,48832039,36141423
2022-02-13,41470,68849,48873509,36210272
2022-02-14,46687,116186,48920196,36326458
2022-02-15,48527,123479,48968723,36449937
2022-02-16,45676,106116,49014399,36556053
2022-02-17,42860,98107,49057259,36654160
2022-02-18,46616,112570,49103875,36766730
2022-02-19,52531,100329,49156406,36867059
2022-02-20,31410,40361,49187816,36907420
2022-02-21,37885,89645,49225701,36997065
2022-02-22,37218,83772,49262919,37080837
2022-02-23,33390,79405,49296309,37160242
2022-02-24,32549,78161,49328858,37238403
2022-02-25,34754,90709,49363612,37329112
2022-02-26,39153,89132,49402765,37418244
2022-02-27,22541,35856,49425306,37454100
2022-02-28,28474,81689,49453780,37535789
2022-03-01,22716,53940,49476496,37589729
2022-03-02,21993,50629,49498489,37640358
2022-03-03,22611,54940,49521100,37695298
2022-03-04,23226,62793,49544326,37758091
2022-03-05,23795,57952,49568121,37816043
2022-03-06,9470,17200,49577591,37833243
2022-03-07,15911,51387,49593502,37884630
2022-03-08,15471,48794,49608973,37933424
2022-03-09,13810,46518,49622783,37979942
2022-03-10,14045,52116,49636828,38032058
2022-03-11,15580,57259,49652408,38089317
2022-03-12,15500,56613,49667908,38145930
2022-03-13,5544,16849,49673452,38162779
2022-03-14,10520,46694,49683972,38209473
2022-03-15,10536,46891,49694508,38256364
2022-03-16,9476,41974,49703984,38298338
2022-03-17,9712,44871,49713696,38343209
2022-03-18,10156,49052,49723852,38392261
2022-03-19,9148,46531,49733000,38438792
2022-03-20,2608,11700,49735608,38450492
2022-03-21,7578,40223,49743186,38490715
2022-03-22,8447,37756,49751633,38528471
2022-03-23,7211,33699,49758844,38562170
2022-03-24,8255,38798,49767099,38600968
2022-03-25,8132,43660,49775231,38644628
2022-03-26,8123,41722,49783354,38686350
2022-03-27,2429,9681,49785783,38696031
2022-03-28,6105,35236,49791888,38731267
2022-03-29,5773,32527,49797661,38763794
2022-03-30,5563,30200,49803224,38793994
2022-03-31,5887,33178,49809111,38827172
2022-04-01,4347,25187,49813458,38852359
2022-04-02,4491,23274,49817949,38875633
2022-04-03,1049,4499,49818998,38880132
2022-04-04,3654,21534,49822652,38901666
2022-04-05,3753,22928,49826405,38924594
2022-04-06,4099,21848,49830504,38946442
2022-04-07,3964,23319,49834468,38969761
2022-04-08,4690,26709,49839158,38996470
2022-04-09,4381,23884,49843539,39020354
2022-04-10,891,4614,49844430,39024968
2022-04-11,3814,22686,49848244,39047654
2022-04-12,3359,21778,49851603,39069432
2022-04-13,3561,21333,49855164,39090765
2022-04-14,3485,23783,49858649,39114548
2022-04-15,3083,20616,49861732,39135164
2022-04-16,2149,11919,49863881,39147083
2022-04-17,63,348,49863944,39147431
2022-04-18,151,650,49864095,39148081
2022-04-19,3495,21978,49867590,39170059
2022-04-20,3505,20248,49871095,39190307
2022-04-21,2841,19782,49873936,39210089
2022-04-22,2926,20696,49876862,39230785
2022-04-23,2641,16217,49879503,39247002
2022-04-24,509,2335,49880012,39249337
2022-04-25,183,1165,49880195,39250502
2022-04-26,2756,17799,49882951,39268301
2022-04-27,2371,15786,49885322,39284087
2022-04-28,2356,15553,49887678,39299640
2022-04-29,2292,14835,49889970,39314475
2022-04-30,2121,11577,49892091,39326052
2022-05-01,113,530,49892204,39326582
2022-05-02,1450,9388,49893654,39335970
2022-05-03,1574,10312,49895228,39346282
2022-05-04,1746,10258,49896974,39356540
2022-05-05,1651,10278,49898625,39366818
2022-05-06,1701,10946,49900326,39377764
2022-05-07,1431,8563,49901757,39386327
2022-05-08,405,1514,49902162,39387841
2022-05-09,1026,8918,49903188,39396759
2022-05-10,1422,9541,49904610,39406300
2022-05-11,1483,10089,49906093,39416389
2022-05-12,1367,10122,49907460,39426511
2022-05-13,1590,10510,49909050,39437021
2022-05-14,1356,8228,49910406,39445249
2022-05-15,336,1129,49910742,39446378
2022-05-16,811,8392,49911553,39454770
2022-05-17,1243,8674,49912796,39463444
2022-05-18,1372,9221,49914168,39472665
2022-05-19,1500,9270,49915668,39481935
2022-05-20,1423,9498,49917091,39491433
2022-05-21,1299,7892,49918390,39499325
2022-05-22,231,1012,49918621,39500337
2022-05-23,828,8261,49919449,39508598
2022-05-24,1072,8664,49920521,39517262
2022-05-25,1369,9444,49921890,39526706
2022-05-26,1194,9454,49923084,39536160
2022-05-27,1226,9911,49924310,39546071
2022-05-28,1203,7874,49925513,39553945
2022-05-29,286,1264,49925799,39555209
2022-05-30,929,8029,49926728,39563238
2022-05-31,1033,8532,49927761,39571770
2022-06-01,891,7644,49928652,39579414
2022-06-02,35,474,49928687,39579888
2022-06-03,816,7328,49929503,39587216
2022-06-04,870,5156,49930373,39592372
2022-06-05,89,586,49930462,39592958
2022-06-06,675,6984,49931137,39599942
2022-06-07,932,7842,49932069,39607784
2022-06-08,982,7900,49933051,39615684
2022-06-09,1036,8400,49934087,39624084
2022-06-10,957,8552,49935044,39632636
2022-06-11,901,6206,49935945,39638842
2022-06-12,140,767,49936085,39639609
2022-06-13,602,6296,49936687,39645905
2022-06-14,827,7882,49937514,39653787
2022-06-15,954,7844,49938468,39661631
2022-06-16,729,7390,49939197,39669021
2022-06-17,720,7242,49939917,39676263
2022-06-18,777,5588,49940694,39681851
2022-06-19,47,522,49940741,39682373
2022-06-20,587,6695,49941328,39689068
2022-06-21,735,7652,49942063,39696720
2022-06-22,779,7306,49942842,39704026
2022-06-23,651,7459,49943493,39711485
2022-06-24,642,7473,49944135,39718958
2022-06-25,835,6532,49944970,39725490
2022-06-26,128,523,49945098,39726013
2022-06-27,532,7120,49945630,39733133
2022-06-28,745,8192,49946375,39741325
2022-06-29,756,7720,49947131,39749045
2022-06-30,745,8132,49947876,39757177
2022-07-01,576,6438,49948452,39763615
2022-07-02,536,4766,49948988,39768381
2022-07-03,49,456,49949037,39768837
2022-07-04,471,6274,49949508,39775111
2022-07-05,628,8112,49950136,39783223
2022-07-06,630,7606,49950766,39790829
2022-07-07,569,8264,49951335,39799093
2022-07-08,670,8079,49952005,39807172
2022-07-09,550,6103,49952555,39813275
2022-07-10,58,533,49952613,39813808
2022-07-11,487,7639,49953100,39821447
2022-07-12,665,9026,49953765,39830473
2022-07-13,640,10060,49954405,39840533
2022-07-14,636,10219,49955041,39850752
2022-07-15,623,10663,49955664,39861415
2022-07-16,522,7209,49956186,39868624
2022-07-17,48,769,49956234,39869393
2022-07-18,497,9350,49956731,39878743
2022-07-19,575,10657,49957306,39889400
2022-07-20,577,11258,49957883,39900658
2022-07-21,625,12040,49958508,39912698
2022-07-22,582,11227,49959090,39923925
2022-07-23,379,6743,49959469,39930668
2022-07-24,76,834,49959545,39931502
2022-07-25,501,9033,49960046,39940535
2022-07-26,519,9728,49960565,39950263
2022-07-27,550,10156,49961115,39960419
2022-07-28,527,10483,49961642,39970902
2022-07-29,510,9424,49962152,39980326
2022-07-30,380,5852,49962532,39986178
2022-07-31,49,745,49962581,39986923
2022-08-01,386,6823,49962967,39993746
2022-08-02,539,7519,49963506,40001265
2022-08-03,511,7142,49964017,40008407
2022-08-04,453,7426,49964470,40015833
2022-08-05,419,6487,49964889,40022320
2022-08-06,298,3582,49965187,40025902
2022-08-07,44,551,49965231,40026453
2022-08-08,401,4874,49965632,40031327
2022-08-09,383,5268,49966015,40036595
2022-08-10,376,4788,49966391,40041383
2022-08-11,364,4756,49966755,40046139
2022-08-12,289,3700,49967044,40049839
2022-08-13,143,1597,49967187,40051436
2022-08-14,9,128,49967196,40051564
2022-08-15,1,26,49967197,40051590
2022-08-16,283,3027,49967480,40054617
2022-08-17,351,3513,49967831,40058130
2022-08-18,389,4142,49968220,40062272
2022-08-19,341,3305,49968561,40065577
2022-08-20,183,1710,49968744,40067287
2022-08-21,24,146,49968768,40067433
2022-08-22,329,2936,49969097,40070369
2022-08-23,371,3655,49969468,40074024
2022-08-24,382,3333,49969850,40077357
2022-08-25,419,3735,49970269,40081092
2022-08-26,394,3545,49970663,40084637
2022-08-27,235,1767,49970898,40086404
2022-08-28,29,260,49970927,40086664
2022-08-29,353,3141,49971280,40089805
2022-08-30,401,3636,49971681,40093441
2022-08-31,435,3703,49972116,40097144
2022-09-01,351,3076,49972467,40100220
2022-09-02,293,2866,49972760,40103086
2022-09-03,199,1684,49972959,40104770
2022-09-04,22,147,49972981,40104917
2022-09-05,186,2626,49973167,40107543
2022-09-06,301,2962,49973468,40110505
2022-09-07,538,2908,49974006,40113413
2022-09-08,288,2944,49974294,40116357
2022-09-09,301,2850,49974595,40119207
2022-09-10,226,1324,49974821,40120531
2022-09-11,21,123,49974842,40120654
2022-09-12,267,2202,49975109,40122856
2022-09-13,248,2266,49975357,40125122
2022-09-14,260,2547,49975617,40127669
2022-09-15,278,2476,49975895,40130145
2022-09-16,252,2529,49976147,40132674
2022-09-17,239,1339,49976386,40134013
2022-09-18,20,170,49976406,40134183
2022-09-19,205,1964,49976611,40136147
2022-09-20,233,2370,49976844,40138517
2022-09-21,288,2508,49977132,40141025
2022-09-22,258,2616,49977390,40143641
2022-09-23,249,2312,49977639,40145953
2022-09-24,195,1423,49977834,40147376
2022-09-25,28,134,49977862,40147510
2022-09-26,280,2236,49978142,40149746
2022-09-27,282,2604,49978424,40152350
2022-09-28,306,2861,49978730,40155211
2022-09-29,248,2928,49978978,40158139
2022-09-30,276,2759,49979254,40160898
2022-10-01,193,1451,49979447,40162349
2022-10-02,11,187,49979458,40162536
2022-10-03,176,2419,49979634,40164955
2022-10-04,230,2770,49979864,40167725
2022-10-05,216,3143,49980080,40170868
2022-10-06,232,3712,49980312,40174580
2022-10-07,232,3979,49980544,40178559
2022-10-08,187,1980,49980731,40180539
2022-10-09,8,283,49980739,40180822
2022-10-10,110,1850,49980849,40182672