data_somministrazione,vaccinazioni,booster,cum_vaccinazioni,cum_booster
2020-12-27,20,0,20,0
2020-12-28,2,0,22,0
2020-12-29,1,0,23,0
2020-12-30,6,0,29,0
2020-12-31,69,0,98,0
2021-01-01,23,0,121,0
2021-01-02,109,0,230,0
2021-01-03,81,0,311,0
2021-01-04,203,0,514,0
2021-01-05,240,0,754,0
2021-01-06,205,0,959,0
2021-01-07,294,0,1253,0
2021-01-08,337,0,1590,0
2021-01-09,251,0,1841,0
2021-01-10,147,0,1988,0
2021-01-11,272,0,2260,0
2021-01-12,267,0,2527,0
2021-01-13,390,0,2917,0
2021-01-14,479,0,3396,0
2021-01-15,298,0,3694,0
2021-01-16,207,0,3901,0
2021-01-17,3058,0,6959,0
2021-01-18,5209,0,12168,0
2021-01-19,1892,0,14060,0
2021-01-20,4654,0,18714,0
2021-01-21,19996,0,38710,0
2021-01-22,14200,0,52910,0
2021-01-23,33330,0,86240,0
2021-01-24,30786,0,117026,0
2021-01-25,64724,0,181750,0
2021-01-26,76496,0,258246,0
2021-01-27,64834,0,323080,0
2021-01-28,89285,0,412365,0
2021-01-29,94019,0,506384,0
2021-01-30,86565,0,592949,0
2021-01-31,57332,0,650281,0
2021-02-01,81866,0,732147,0
2021-02-02,82145,0,814292,0
2021-02-03,91192,0,905484,0
2021-02-04,95399,0,1000883,0
2021-02-05,90274,0,1091157,0
2021-02-06,63448,0,1154605,0
2021-02-07,32929,0,1187534,0
2021-02-08,40431,0,1227965,0
2021-02-09,32866,0,1260831,0
2021-02-10,28421,0,1289252,0
2021-02-11,20393,0,1309645,0
2021-02-12,16230,0,1325875,0
2021-02-13,7257,0,1333132,0
2021-02-14,2861,0,1335993,0
2021-02-15,6838,0,1342831,0
2021-02-16,6994,0,1349825,0
2021-02-17,10520,0,1360345,0
2021-02-18,9249,0,1369594,0
2021-02-19,8242,0,1377836,0
2021-02-20,5549,0,1383385,0
2021-02-21,2990,0,1386375,0
2021-02-22,6882,0,1393257,0
2021-02-23,7165,0,1400422,0
2021-02-24,9825,0,1410247,0
2021-02-25,14204,0,1424451,0
2021-02-26,17554,0,1442005,0
2021-02-27,13906,0,1455911,0
2021-02-28,9384,0,1465295,0
2021-03-01,26509,0,1491804,0
2021-03-02,33237,0,1525041,0
2021-03-03,44644,0,1569685,0
2021-03-04,50289,0,1619974,0
2021-03-05,55735,0,1675709,0
2021-03-06,41876,0,1717585,0
2021-03-07,22324,0,1739909,0
2021-03-08,50798,0,1790707,0
2021-03-09,53063,0,1843770,0
2021-03-10,58630,0,1902400,0
2021-03-11,63843,0,1966243,0
2021-03-12,65102,0,2031345,0
2021-03-13,51710,0,2083055,0
2021-03-14,35389,0,2118444,0
2021-03-15,73430,0,2191874,0
2021-03-16,74023,0,2265897,0
2021-03-17,83132,0,2349029,0
2021-03-18,81626,0,2430655,0
2021-03-19,81079,0,2511734,0
2021-03-20,64714,0,2576448,0
2021-03-21,47290,0,2623738,0
2021-03-22,69471,0,2693209,0
2021-03-23,75784,0,2768993,0
2021-03-24,90896,0,2859889,0
2021-03-25,89791,0,2949680,0
2021-03-26,83611,0,3033291,0
2021-03-27,71927,0,3105218,0
2021-03-28,44135,0,3149353,0
2021-03-29,70814,0,3220167,0
2021-03-30,81370,0,3301537,0
2021-03-31,96221,0,3397758,0
2021-04-01,95297,0,3493055,0
2021-04-02,84063,0,3577118,0
2021-04-03,64296,0,3641414,0
2021-04-04,21717,0,3663131,0
2021-04-05,40299,0,3703430,0
2021-04-06,81307,0,3784737,0
2021-04-07,95817,0,3880554,0
2021-04-08,95226,0,3975780,0
2021-04-09,88483,0,4064263,0
2021-04-10,74028,0,4138291,0
2021-04-11,44757,0,4183048,0
2021-04-12,66909,0,4249957,0
2021-04-13,72566,0,4322523,0
2021-04-14,85525,0,4408048,0
2021-04-15,105403,0,4513451,0
2021-04-16,106412,0,4619863,0
2021-04-17,90496,0,4710359,0
2021-04-18,58581,0,4768940,0
2021-04-19,93425,0,4862365,0
2021-04-20,103760,0,4966125,0
2021-04-21,125336,0,5091461,0
2021-04-22,143501,0,5234962,0
2021-04-23,138722,0,5373684,0
2021-04-24,124438,0,5498122,0
2021-04-25,61452,0,5559574,0
2021-04-26,97879,0,5657453,0
2021-04-27,128352,0,5785805,0
2021-04-28,156356,0,5942161,0
2021-04-29,195582,0,6137743,0
2021-04-30,214553,0,6352296,0
2021-05-01,174097,0,6526393,0
2021-05-02,135798,0,6662191,0
2021-05-03,142008,0,6804199,0
2021-05-04,158680,0,6962879,0
2021-05-05,170474,0,7133353,0
2021-05-06,197791,0,7331144,0
2021-05-07,213821,0,7544965,0
2021-05-08,213391,0,7758356,0
2021-05-09,143197,0,7901553,0
2021-05-10,165083,0,8066636,0
2021-05-11,174966,0,8241602,0
2021-05-12,179163,0,8420765,0
2021-05-13,203371,0,8624136,0
2021-05-14,222894,0,8847030,0
2021-05-15,210352,0,9057382,0
2021-05-16,159268,0,9216650,0
2021-05-17,219184,0,9435834,0
2021-05-18,213005,0,9648839,0
2021-05-19,207066,0,9855905,0
2021-05-20,270841,0,10126746,0
2021-05-21,270868,0,10397614,0
2021-05-22,245514,0,10643128,0
2021-05-23,197172,0,10840300,0
2021-05-24,228299,0,11068599,0
2021-05-25,245688,0,11314287,0
2021-05-26,277480,0,11591767,0
2021-05-27,311076,0,11902843,0
2021-05-28,299563,0,12202406,0
2021-05-29,231209,0,12433615,0
2021-05-30,170832,0,12604447,0
2021-05-31,216413,0,12820860,0
2021-06-01,207624,0,13028484,0
2021-06-02,115780,0,13144264,0
2021-06-03,180120,0,13324384,0
2021-06-04,184861,0,13509245,0
2021-06-05,185943,0,13695188,0
2021-06-06,139527,0,13834715,0
2021-06-07,161856,0,13996571,0
2021-06-08,171183,0,14167754,0
2021-06-09,171450,0,14339204,0
2021-06-10,174061,0,14513265,0
2021-06-11,169955,0,14683220,0
2021-06-12,128315,0,14811535,0
2021-06-13,91152,0,14902687,0
2021-06-14,214659,0,15117346,0
2021-06-15,228396,0,15345742,0
2021-06-16,253048,0,15598790,0
2021-06-17,301712,0,15900502,0
2021-06-18,306276,0,16206778,0
2021-06-19,275068,0,16481846,0
2021-06-20,220737,0,16702583,0
2021-06-21,288055,0,16990638,0
2021-06-22,296191,0,17286829,0
2021-06-23,302666,0,17589495,0
2021-06-24,332562,0,17922057,0
2021-06-25,348689,0,18270746,0
2021-06-26,300085,0,18570831,0
2021-06-27,228620,0,18799451,0
2021-06-28,307052,0,19106503,0
2021-06-29,329251,0,19435754,0
2021-06-30,342116,0,19777870,0
2021-07-01,363174,0,20141044,0
2021-07-02,368438,0,20509482,0
2021-07-03,371069,0,20880551,0
2021-07-04,283196,0,21163747,0
2021-07-05,384510,0,21548257,0
2021-07-06,385433,0,21933690,0
2021-07-07,412072,0,22345762,0
2021-07-08,479611,0,22825373,0
2021-07-09,498476,0,23323849,0
2021-07-10,475174,0,23799023,0
2021-07-11,357691,0,24156714,0
2021-07-12,485890,0,24642604,0
2021-07-13,492134,0,25134738,0
2021-07-14,480472,0,25615210,0
2021-07-15,523469,0,26138679,0
2021-07-16,509770,0,26648449,0
2021-07-17,464353,0,27112802,0
2021-07-18,364682,0,27477484,0
2021-07-19,463065,0,27940549,0
2021-07-20,458080,0,28398629,0
2021-07-21,462805,0,28861434,0
2021-07-22,475394,0,29336828,0
2021-07-23,441297,0,29778125,0
2021-07-24,386177,0,30164302,0
2021-07-25,287579,0,30451881,0
2021-07-26,430875,0,30882756,0
2021-07-27,440117,0,31322873,0
2021-07-28,391006,0,31713879,0
2021-07-29,372075,0,32085954,0
2021-07-30,341510,0,32427464,0
2021-07-31,287025,0,32714489,0
2021-08-01,191017,0,32905506,0
2021-08-02,333724,0,33239230,0
2021-08-03,323188,0,33562418,0
2021-08-04,310970,0,33873388,0
2021-08-05,292500,0,34165888,0
2021-08-06,260009,0,34425897,0
2021-08-07,199051,0,34624948,0
2021-08-08,153107,0,34778055,0
2021-08-09,234076,0,35012131,0
2021-08-10,205247,0,35217378,0
2021-08-11,193762,0,35411140,0
2021-08-12,168000,0,35579140,0
2021-08-13,148608,0,35727748,0
2021-08-14,66089,0,35793837,0
2021-08-15,26336,0,35820173,0
2021-08-16,114684,0,35934857,0
2021-08-17,129242,0,36064099,0
2021-08-18,128744,0,36192843,0
2021-08-19,124800,0,36317643,0
2021-08-20,123796,0,36441439,0
2021-08-21,83123,0,36524562,0
2021-08-22,68168,0,36592730,0
2021-08-23,176871,0,36769601,0
2021-08-24,156902,0,36926503,0
2021-08-25,177170,0,37103673,0
2021-08-26,172347,0,37276020,0
2021-08-27,185840,0,37461860,0
2021-08-28,140271,0,37602131,0
2021-08-29,98996,0,37701127,0
2021-08-30,209628,0,37910755,0
2021-08-31,194639,0,38105394,0
2021-09-01,192215,0,38297609,0
2021-09-02,189941,0,38487550,0
2021-09-03,191333,0,38678883,0
2021-09-04,131475,0,38810358,0
2021-09-05,87864,0,38898222,0
2021-09-06,193645,0,39091867,0
2021-09-07,196051,0,39287918,0
2021-09-08,187900,0,39475818,0
2021-09-09,201462,0,39677280,0
2021-09-10,198100,0,39875380,0
2021-09-11,141319,0,40016699,0
2021-09-12,89601,0,40106300,0
2021-09-13,191157,565,40297457,565
2021-09-14,177250,584,40474707,1149
2021-09-15,163111,594,40637818,1743
2021-09-16,160088,934,40797906,2677
2021-09-17,150175,1119,40948081,3796
2021-09-18,127975,745,41076056,4541
2021-09-19,81132,497,41157188,5038
2021-09-20,180076,9080,41337264,14118
2021-09-21,166645,8832,41503909,22950
2021-09-22,159084,9441,41662993,32391
2021-09-23,138079,9328,41801072,41719
2021-09-24,140537,8963,41941609,50682
2021-09-25,119554,5642,42061163,56324
2021-09-26,71963,4342,42133126,60666
2021-09-27,135647,10049,42268773,70715
2021-09-28,117499,11391,42386272,82106
2021-09-29,112342,11827,42498614,93933
2021-09-30,110233,14956,42608847,108889
2021-10-01,94979,19110,42703826,127999
2021-10-02,78488,14019,42782314,142018
2021-10-03,47740,7659,42830054,149677
2021-10-04,88375,34448,42918429,184125
2021-10-05,80368,33972,42998797,218097
2021-10-06,71986,34164,43070783,252261
2021-10-07,71855,34349,43142638,286610
2021-10-08,80629,33590,43223267,320200
2021-10-09,76104,22171,43299371,342371
2021-10-10,45775,13618,43345146,355989
2021-10-11,87424,41108,43432570,397097
2021-10-12,84491,46904,43517061,444001
2021-10-13,88196,52118,43605257,496119
2021-10-14,91534,58514,43696791,554633
2021-10-15,93599,55632,43790390,610265
2021-10-16,82968,36783,43873358,647048
2021-10-17,51467,23827,43924825,670875
2021-10-18,90303,59483,44015128,730358
2021-10-19,78345,69376,44093473,799734
2021-10-20,75075,78168,44168548,877902
2021-10-21,78297,81754,44246845,959656
2021-10-22,73786,77024,44320631,1036680
2021-10-23,60818,51958,44381449,1088638
2021-10-24,33377,23457,44414826,1112095
2021-10-25,64908,81623,44479734,1193718
2021-10-26,58371,91787,44538105,1285505
2021-10-27,58328,103971,44596433,1389476
2021-10-28,61468,114102,44657901,1503578
2021-10-29,61651,103121,44719552,1606699
2021-10-30,50673,68116,44770225,1674815
2021-10-31,25162,28291,44795387,1703106
2021-11-01,19047,28148,44814434,1731254
2021-11-02,62757,89379,44877191,1820633
2021-11-03,60733,118656,44937924,1939289
2021-11-04,59241,126666,44997165,2065955
2021-11-05,63097,135172,45060262,2201127
2021-11-06,46474,90925,45106736,2292052
2021-11-07,22252,37895,45128988,2329947
2021-11-08,51529,131264,45180517,2461211
2021-11-09,45401,144200,45225918,2605411
2021-11-10,42585,156346,45268503,2761757
2021-11-11,44934,155132,45313437,2916889
2021-11-12,46370,158577,45359807,3075466
2021-11-13,33254,116651,45393061,3192117
2021-11-14,14483,52445,45407544,3244562
2021-11-15,36893,157425,45444437,3401987
2021-11-16,30551,171375,45474988,3573362
2021-11-17,28454,178436,45503442,3751798
2021-11-18,30283,193715,45533725,3945513
2021-11-19,28800,205851,45562525,4151364
2021-11-20,20995,156437,45583520,4307801
2021-11-21,10609,64858,45594129,4372659
2021-11-22,21936,213140,45616065,4585799
2021-11-23,23575,241744,45639640,4827543
2021-11-24,27842,270947,45667482,5098490
2021-11-25,23232,301907,45690714,5400397
2021-11-26,24588,318267,45715302,5718664
2021-11-27,21381,266149,45736683,5984813
2021-11-28,9898,137057,45746581,6121870
2021-11-29,22327,326064,45768908,6447934
2021-11-30,23091,365824,45791999,6813758
2021-12-01,21523,413500,45813522,7227258
2021-12-02,23765,440375,45837287,7667633
2021-12-03,25256,467459,45862543,8135092
2021-12-04,22367,418728,45884910,8553820
2021-12-05,11926,261329,45896836,8815149
2021-12-06,25821,457566,45922657,9272715
2021-12-07,24130,480252,45946787,9752967
2021-12-08,10005,249682,45956792,10002649
2021-12-09,31580,491909,45988372,10494558
2021-12-10,28066,517866,46016438,11012424
2021-12-11,23560,459242,46039998,11471666
2021-12-12,12306,293492,46052304,11765158
2021-12-13,26150,467618,46078454,12232776
2021-12-14,25172,494188,46103626,12726964
2021-12-15,25334,517130,46128960,13244094
2021-12-16,27882,520236,46156842,13764330
2021-12-17,29366,517159,46186208,14281489
2021-12-18,27052,468715,46213260,14750204
2021-12-19,15140,300514,46228400,15050718
2021-12-20,30617,477480,46259017,15528198
2021-12-21,30367,493377,46289384,16021575
2021-12-22,29439,484701,46318823,16506276
2021-12-23,28240,426891,46347063,16933167
2021-12-24,13112,210825,46360175,17143992
2021-12-25,2101,33053,46362276,17177045
2021-12-26,8759,159066,46371035,17336111
2021-12-27,46784,504654,46417819,17840765
2021-12-28,42441,554207,46460260,18394972
2021-12-29,34341,550634,46494601,18945606
2021-12-30,31825,499820,46526426,19445426
2021-12-31,14115,247389,46540541,19692815
2022-01-01,3494,64814,46544035,19757629
2022-01-02,22759,276718,46566794,20034347
2022-01-03,47841,520005,46614635,20554352
2022-01-04,46344,572078,46660979,21126430
2022-01-05,40729,560394,46701708,21686824
2022-01-06,23472,274483,46725180,21961307
2022-01-07,63684,554180,46788864,22515487
2022-01-08,60823,503375,46849687,23018862
2022-01-09,42826,319684,46892513,23338546
2022-01-10,61052,542280,46953565,23880826
2022-01-11,61695,586983,47015260,24467809
2022-01-12,58416,581273,47073676,25049082
2022-01-13,58590,580373,47132266,25629455
2022-01-14,46758,588558,47179024,26218013
2022-01-15,39375,569931,47218399,26787944
2022-01-16,31186,341847,47249585,27129791
2022-01-17,54756,489647,47304341,27619438
2022-01-18,58370,517008,47362711,28136446
2022-01-19,57171,502773,47419882,28639219
2022-01-20,54321,498812,47474203,29138031
2022-01-21,42063,493863,47516266,29631894
2022-01-22,31162,469589,47547428,30101483
2022-01-23,34915,275359,47582343,30376842
2022-01-24,56163,437207,47638506,30814049
2022-01-25,61536,452094,47700042,31266143
2022-01-26,58523,435820,47758565,31701963
2022-01-27,48818,432352,47807383,32134315
2022-01-28,58679,436530,47866062,32570845
2022-01-29,68109,412483,47934171,32983328
2022-01-30,50362,235962,47984533,33219290
2022-01-31,60611,356921,48045144,33576211
2022-02-01,65530,328435,48110674,33904646
2022-02-02,63176,296965,48173850,34201611
2022-02-03,60043,274513,48233893,34476124
2022-02-04,72363,268450,48306256,34744574
2022-02-05,83754,248528,48390010,34993102
2022-02-06,55274,116202,48445284,35109304
2022-02-07,65128,199933,48510412,35309237
2022-02-08,66918,186105,48577330,35495342
2022-02-09,58753,166333,48636083,35661675
2022-02-10,58556,163232,48694639,35824907
2022-02-11,62237,162454,48756876,35987361
2022-02-12,71966,152136,48828842,36139497
2022-02-13,41468,68847,48870310,36208344
2022-02-14,46680,116187,48916990,36324531
2022-02-15,48519,123478,48965509,36448009
2022-02-16,45668,106114,49011177,36554123
2022-02-17,42852,98102,49054029,36652225
2022-02-18,46608,112569,49100637,36764794
2022-02-19,52520,100325,49153157,36865119
2022-02-20,31411,40358,49184568,36905477
2022-02-21,37885,89641,49222453,36995118
2022-02-22,37216,83770,49259669,37078888
2022-02-23,33383,79403,49293052,37158291
2022-02-24,32551,78157,49325603,37236448
2022-02-25,34752,90708,49360355,37327156
2022-02-26,39153,89131,49399508,37416287
2022-02-27,22540,35855,49422048,37452142
2022-02-28,28472,81684,49450520,37533826
2022-03-01,22711,53937,49473231,37587763
2022-03-02,21990,50627,49495221,37638390
2022-03-03,22606,54940,49517827,37693330
2022-03-04,23218,62792,49541045,37756122
2022-03-05,23789,57951,49564834,37814073
2022-03-06,9470,17200,49574304,37831273
2022-03-07,15905,51385,49590209,37882658
2022-03-08,15467,48793,49605676,37931451
2022-03-09,13808,46513,49619484,37977964
2022-03-10,14041,52115,49633525,38030079
2022-03-11,15575,57253,49649100,38087332
2022-03-12,15494,56614,49664594,38143946
2022-03-13,5542,16849,49670136,38160795
2022-03-14,10519,46693,49680655,38207488
2022-03-15,10536,46889,49691191,38254377
2022-03-16,9474,41975,49700665,38296352
2022-03-17,9705,44871,49710370,38341223
2022-03-18,10153,49052,49720523,38390275
2022-03-19,9146,46530,49729669,38436805
2022-03-20,2608,11700,49732277,38448505
2022-03-21,7577,40222,49739854,38488727
2022-03-22,8445,37753,49748299,38526480
2022-03-23,7210,33699,49755509,38560179
2022-03-24,8252,38797,49763761,38598976
2022-03-25,8131,43660,49771892,38642636
2022-03-26,8123,41720,49780015,38684356
2022-03-27,2429,9681,49782444,38694037
2022-03-28,6103,35231,49788547,38729268
2022-03-29,5773,32524,49794320,38761792
2022-03-30,5559,30198,49799879,38791990
2022-03-31,5888,33175,49805767,38825165
2022-04-01,4343,25188,49810110,38850353
2022-04-02,4489,23274,49814599,38873627
2022-04-03,1049,4499,49815648,38878126
2022-04-04,3654,21532,49819302,38899658
2022-04-05,3750,22925,49823052,38922583
2022-04-06,4099,21846,49827151,38944429
2022-04-07,3962,23320,49831113,38967749
2022-04-08,4688,26710,49835801,38994459
2022-04-09,4378,23884,49840179,39018343
2022-04-10,891,4614,49841070,39022957
2022-04-11,3812,22684,49844882,39045641
2022-04-12,3358,21779,49848240,39067420
2022-04-13,3561,21332,49851801,39088752
2022-04-14,3484,23775,49855285,39112527
2022-04-15,3079,20617,49858364,39133144
2022-04-16,2148,11919,49860512,39145063
2022-04-17,63,348,49860575,39145411
2022-04-18,149,650,49860724,39146061
2022-04-19,3491,21977,49864215,39168038
2022-04-20,3502,20248,49867717,39188286
2022-04-21,2840,19780,49870557,39208066
2022-04-22,2922,20696,49873479,39228762
2022-04-23,2638,16212,49876117,39244974
2022-04-24,509,2335,49876626,39247309
2022-04-25,183,1165,49876809,39248474
2022-04-26,2760,17793,49879569,39266267
2022-04-27,2371,15785,49881940,39282052
2022-04-28,2355,15553,49884295,39297605
2022-04-29,2292,14835,49886587,39312440
2022-04-30,2121,11576,49888708,39324016
2022-05-01,113,530,49888821,39324546
2022-05-02,1447,9385,49890268,39333931
2022-05-03,1574,10310,49891842,39344241
2022-05-04,1746,10258,49893588,39354499
2022-05-05,1651,10275,49895239,39364774
2022-05-06,1698,10945,49896937,39375719
2022-05-07,1431,8562,49898368,39384281
2022-05-08,404,1514,49898772,39385795
2022-05-09,1024,8917,49899796,39394712
2022-05-10,1422,9540,49901218,39404252
2022-05-11,1481,10088,49902699,39414340
2022-05-12,1368,10118,49904067,39424458
2022-05-13,1588,10510,49905655,39434968
2022-05-14,1357,8227,49907012,39443195
2022-05-15,336,1129,49907348,39444324
2022-05-16,812,8390,49908160,39452714
2022-05-17,1242,8673,49909402,39461387
2022-05-18,1370,9216,49910772,39470603
2022-05-19,1500,9269,49912272,39479872
2022-05-20,1419,9495,49913691,39489367
2022-05-21,1299,7892,49914990,39497259
2022-05-22,231,1012,49915221,39498271
2022-05-23,827,8261,49916048,39506532
2022-05-24,1070,8666,49917118,39515198
2022-05-25,1366,9446,49918484,39524644
2022-05-26,1193,9455,49919677,39534099
2022-05-27,1226,9911,49920903,39544010
2022-05-28,1202,7873,49922105,39551883
2022-05-29,285,1264,49922390,39553147
2022-05-30,930,8028,49923320,39561175
2022-05-31,1033,8532,49924353,39569707
2022-06-01,891,7644,49925244,39577351
2022-06-02,35,474,49925279,39577825
2022-06-03,814,7328,49926093,39585153
2022-06-04,870,5155,49926963,39590308
2022-06-05,89,586,49927052,39590894
2022-06-06,674,6984,49927726,39597878
2022-06-07,931,7842,49928657,39605720
2022-06-08,982,7900,49929639,39613620
2022-06-09,1036,8400,49930675,39622020
2022-06-10,957,8550,49931632,39630570
2022-06-11,900,6206,49932532,39636776
2022-06-12,140,767,49932672,39637543
2022-06-13,603,6295,49933275,39643838
2022-06-14,826,7881,49934101,39651719
2022-06-15,953,7843,49935054,39659562
2022-06-16,729,7389,49935783,39666951
2022-06-17,720,7239,49936503,39674190
2022-06-18,777,5588,49937280,39679778
2022-06-19,47,522,49937327,39680300
2022-06-20,588,6694,49937915,39686994
2022-06-21,733,7646,49938648,39694640
2022-06-22,780,7305,49939428,39701945
2022-06-23,650,7459,49940078,39709404
2022-06-24,643,7473,49940721,39716877
2022-06-25,835,6532,49941556,39723409
2022-06-26,128,523,49941684,39723932
2022-06-27,532,7120,49942216,39731052
2022-06-28,745,8193,49942961,39739245
2022-06-29,754,7719,49943715,39746964
2022-06-30,744,8132,49944459,39755096
2022-07-01,576,6437,49945035,39761533
2022-07-02,536,4765,49945571,39766298
2022-07-03,49,456,49945620,39766754
2022-07-04,470,6274,49946090,39773028
2022-07-05,628,8112,49946718,39781140
2022-07-06,630,7606,49947348,39788746
2022-07-07,567,8259,49947915,39797005
2022-07-08,670,8078,49948585,39805083
2022-07-09,549,6103,49949134,39811186
2022-07-10,58,533,49949192,39811719
2022-07-11,487,7638,49949679,39819357
2022-07-12,664,9026,49950343,39828383
2022-07-13,639,10058,49950982,39838441
2022-07-14,636,10223,49951618,39848664
2022-07-15,623,10664,49952241,39859328
2022-07-16,522,7208,49952763,39866536
2022-07-17,48,769,49952811,39867305
2022-07-18,497,9350,49953308,39876655
2022-07-19,574,10649,49953882,39887304
2022-07-20,576,11257,49954458,39898561
2022-07-21,625,12035,49955083,39910596
2022-07-22,581,11226,49955664,39921822
2022-07-23,379,6740,49956043,39928562
2022-07-24,76,834,49956119,39929396
2022-07-25,501,9032,49956620,39938428
2022-07-26,519,9724,49957139,39948152
2022-07-27,549,10153,49957688,39958305
2022-07-28,527,10480,49958215,39968785
2022-07-29,510,9421,49958725,39978206
2022-07-30,380,5851,49959105,39984057
2022-07-31,49,745,49959154,39984802
2022-08-01,386,6823,49959540,39991625
2022-08-02,539,7515,49960079,39999140
2022-08-03,510,7141,49960589,40006281
2022-08-04,452,7425,49961041,40013706
2022-08-05,415,6484,49961456,40020190
2022-08-06,297,3581,49961753,40023771
2022-08-07,44,551,49961797,40024322
2022-08-08,401,4873,49962198,40029195
2022-08-09,383,5267,49962581,40034462
2022-08-10,375,4784,49962956,40039246
2022-08-11,364,4756,49963320,40044002
2022-08-12,287,3700,49963607,40047702
2022-08-13,143,1595,49963750,40049297
2022-08-14,9,128,49963759,40049425
2022-08-15,1,26,49963760,40049451
2022-08-16,281,3023,49964041,40052474
2022-08-17,351,3513,49964392,40055987
2022-08-18,388,4142,49964780,40060129
2022-08-19,339,3306,49965119,40063435
2022-08-20,182,1711,49965301,40065146
2022-08-21,24,146,49965325,40065292
2022-08-22,326,2929,49965651,40068221
2022-08-23,371,3645,49966022,40071866
2022-08-24,381,3332,49966403,40075198
2022-08-25,419,3724,49966822,40078922
2022-08-26,393,3544,49967215,40082466
2022-08-27,234,1767,49967449,40084233
2022-08-28,29,260,49967478,40084493
2022-08-29,353,3135,49967831,40087628
2022-08-30,399,3636,49968230,40091264
2022-08-31,431,3699,49968661,40094963
2022-09-01,351,3060,49969012,40098023
2022-09-02,290,2865,49969302,40100888
2022-09-03,198,1683,49969500,40102571
2022-09-04,22,147,49969522,40102718
2022-09-05,185,2619,49969707,40105337
2022-09-06,300,2953,49970007,40108290
2022-09-07,536,2890,49970543,40111180
2022-09-08,283,2928,49970826,40114108
2022-09-09,297,2837,49971123,40116945
2022-09-10,226,1323,49971349,40118268
2022-09-11,21,122,49971370,40118390
2022-09-12,264,2188,49971634,40120578
2022-09-13,242,2230,49971876,40122808
2022-09-14,252,2512,49972128,40125320
2022-09-15,271,2409,49972399,40127729
2022-09-16,245,2463,49972644,40130192
2022-09-17,237,1298,49972881,40131490
2022-09-18,19,170,49972900,40131660
2022-09-19,207,1955,49973107,40133615
2022-09-20,230,2327,49973337,40135942
2022-09-21,269,2058,49973606,40138000