data_somministrazione,vaccinazioni,booster,cum_vaccinazioni,cum_booster
2020-12-27,16,0,16,0
2020-12-28,2,0,18,0
2020-12-29,1,0,19,0
2020-12-30,3,0,22,0
2020-12-31,37,0,59,0
2021-01-01,13,0,72,0
2021-01-02,59,0,131,0
2021-01-03,46,0,177,0
2021-01-04,129,0,306,0
2021-01-05,170,0,476,0
2021-01-06,140,0,616,0
2021-01-07,209,0,825,0
2021-01-08,254,0,1079,0
2021-01-09,184,0,1263,0
2021-01-10,110,0,1373,0
2021-01-11,207,0,1580,0
2021-01-12,214,0,1794,0
2021-01-13,317,0,2111,0
2021-01-14,417,0,2528,0
2021-01-15,256,0,2784,0
2021-01-16,172,0,2956,0
2021-01-17,3050,0,6006,0
2021-01-18,5189,0,11195,0
2021-01-19,1878,0,13073,0
2021-01-20,4650,0,17723,0
2021-01-21,20010,0,37733,0
2021-01-22,14199,0,51932,0
2021-01-23,33358,0,85290,0
2021-01-24,30798,0,116088,0
2021-01-25,64778,0,180866,0
2021-01-26,76548,0,257414,0
2021-01-27,64881,0,322295,0
2021-01-28,89350,0,411645,0
2021-01-29,94076,0,505721,0
2021-01-30,86617,0,592338,0
2021-01-31,57355,0,649693,0
2021-02-01,81912,0,731605,0
2021-02-02,82171,0,813776,0
2021-02-03,91217,0,904993,0
2021-02-04,95393,0,1000386,0
2021-02-05,90298,0,1090684,0
2021-02-06,63738,0,1154422,0
2021-02-07,32917,0,1187339,0
2021-02-08,40415,0,1227754,0
2021-02-09,32848,0,1260602,0
2021-02-10,28395,0,1288997,0
2021-02-11,20359,0,1309356,0
2021-02-12,16185,0,1325541,0
2021-02-13,7217,0,1332758,0
2021-02-14,2856,0,1335614,0
2021-02-15,6827,0,1342441,0
2021-02-16,6975,0,1349416,0
2021-02-17,10500,0,1359916,0
2021-02-18,9225,0,1369141,0
2021-02-19,8187,0,1377328,0
2021-02-20,5482,0,1382810,0
2021-02-21,2952,0,1385762,0
2021-02-22,6843,0,1392605,0
2021-02-23,7116,0,1399721,0
2021-02-24,9802,0,1409523,0
2021-02-25,14174,0,1423697,0
2021-02-26,17510,0,1441207,0
2021-02-27,13867,0,1455074,0
2021-02-28,9353,0,1464427,0
2021-03-01,26456,0,1490883,0
2021-03-02,33185,0,1524068,0
2021-03-03,44613,0,1568681,0
2021-03-04,50227,0,1618908,0
2021-03-05,55759,0,1674667,0
2021-03-06,41851,0,1716518,0
2021-03-07,22300,0,1738818,0
2021-03-08,50547,0,1789365,0
2021-03-09,52919,0,1842284,0
2021-03-10,58537,0,1900821,0
2021-03-11,63757,0,1964578,0
2021-03-12,65027,0,2029605,0
2021-03-13,51662,0,2081267,0
2021-03-14,35350,0,2116617,0
2021-03-15,73368,0,2189985,0
2021-03-16,73993,0,2263978,0
2021-03-17,83100,0,2347078,0
2021-03-18,81594,0,2428672,0
2021-03-19,81027,0,2509699,0
2021-03-20,64649,0,2574348,0
2021-03-21,47252,0,2621600,0
2021-03-22,69408,0,2691008,0
2021-03-23,75710,0,2766718,0
2021-03-24,90792,0,2857510,0
2021-03-25,89712,0,2947222,0
2021-03-26,83503,0,3030725,0
2021-03-27,71825,0,3102550,0
2021-03-28,44048,0,3146598,0
2021-03-29,70702,0,3217300,0
2021-03-30,81264,0,3298564,0
2021-03-31,96109,0,3394673,0
2021-04-01,95210,0,3489883,0
2021-04-02,83986,0,3573869,0
2021-04-03,64251,0,3638120,0
2021-04-04,21696,0,3659816,0
2021-04-05,40266,0,3700082,0
2021-04-06,81238,0,3781320,0
2021-04-07,95736,0,3877056,0
2021-04-08,95159,0,3972215,0
2021-04-09,88407,0,4060622,0
2021-04-10,73949,0,4134571,0
2021-04-11,44703,0,4179274,0
2021-04-12,66847,0,4246121,0
2021-04-13,72503,0,4318624,0
2021-04-14,85432,0,4404056,0
2021-04-15,105312,0,4509368,0
2021-04-16,106312,0,4615680,0
2021-04-17,90412,0,4706092,0
2021-04-18,58533,0,4764625,0
2021-04-19,93385,0,4858010,0
2021-04-20,103693,0,4961703,0
2021-04-21,125267,0,5086970,0
2021-04-22,143424,0,5230394,0
2021-04-23,138612,0,5369006,0
2021-04-24,124353,0,5493359,0
2021-04-25,61398,0,5554757,0
2021-04-26,97803,0,5652560,0
2021-04-27,128266,0,5780826,0
2021-04-28,156240,0,5937066,0
2021-04-29,195441,0,6132507,0
2021-04-30,214425,0,6346932,0
2021-05-01,174007,0,6520939,0
2021-05-02,135722,0,6656661,0
2021-05-03,141893,0,6798554,0
2021-05-04,158592,0,6957146,0
2021-05-05,170349,0,7127495,0
2021-05-06,197680,0,7325175,0
2021-05-07,213665,0,7538840,0
2021-05-08,213278,0,7752118,0
2021-05-09,143077,0,7895195,0
2021-05-10,164988,0,8060183,0
2021-05-11,174823,0,8235006,0
2021-05-12,178991,0,8413997,0
2021-05-13,203175,0,8617172,0
2021-05-14,222751,0,8839923,0
2021-05-15,210155,0,9050078,0
2021-05-16,159151,0,9209229,0
2021-05-17,219073,0,9428302,0
2021-05-18,212888,0,9641190,0
2021-05-19,206940,0,9848130,0
2021-05-20,270700,0,10118830,0
2021-05-21,270700,0,10389530,0
2021-05-22,245394,0,10634924,0
2021-05-23,197096,0,10832020,0
2021-05-24,228212,0,11060232,0
2021-05-25,245581,0,11305813,0
2021-05-26,277380,0,11583193,0
2021-05-27,310917,0,11894110,0
2021-05-28,299438,0,12193548,0
2021-05-29,231055,0,12424603,0
2021-05-30,170731,0,12595334,0
2021-05-31,216274,0,12811608,0
2021-06-01,207527,0,13019135,0
2021-06-02,115668,0,13134803,0
2021-06-03,179916,0,13314719,0
2021-06-04,184613,0,13499332,0
2021-06-05,185769,0,13685101,0
2021-06-06,139331,0,13824432,0
2021-06-07,161620,0,13986052,0
2021-06-08,170910,0,14156962,0
2021-06-09,171211,0,14328173,0
2021-06-10,173786,0,14501959,0
2021-06-11,169680,0,14671639,0
2021-06-12,128088,0,14799727,0
2021-06-13,90989,0,14890716,0
2021-06-14,214485,0,15105201,0
2021-06-15,228210,0,15333411,0
2021-06-16,252888,0,15586299,0
2021-06-17,301514,0,15887813,0
2021-06-18,306087,0,16193900,0
2021-06-19,274919,0,16468819,0
2021-06-20,220541,0,16689360,0
2021-06-21,287895,0,16977255,0
2021-06-22,296021,0,17273276,0
2021-06-23,302590,0,17575866,0
2021-06-24,332411,0,17908277,0
2021-06-25,348577,0,18256854,0
2021-06-26,299956,0,18556810,0
2021-06-27,228516,0,18785326,0
2021-06-28,306862,0,19092188,0
2021-06-29,329042,0,19421230,0
2021-06-30,341947,0,19763177,0
2021-07-01,362983,0,20126160,0
2021-07-02,368306,0,20494466,0
2021-07-03,370983,0,20865449,0
2021-07-04,283069,0,21148518,0
2021-07-05,384404,0,21532922,0
2021-07-06,385288,0,21918210,0
2021-07-07,411958,0,22330168,0
2021-07-08,479618,0,22809786,0
2021-07-09,498493,0,23308279,0
2021-07-10,475156,0,23783435,0
2021-07-11,357694,0,24141129,0
2021-07-12,485900,0,24627029,0
2021-07-13,492144,0,25119173,0
2021-07-14,480465,0,25599638,0
2021-07-15,523509,0,26123147,0
2021-07-16,509773,0,26632920,0
2021-07-17,464428,0,27097348,0
2021-07-18,364705,0,27462053,0
2021-07-19,463075,0,27925128,0
2021-07-20,458093,0,28383221,0
2021-07-21,462758,0,28845979,0
2021-07-22,475354,0,29321333,0
2021-07-23,441226,0,29762559,0
2021-07-24,386124,0,30148683,0
2021-07-25,287580,0,30436263,0
2021-07-26,430840,0,30867103,0
2021-07-27,440051,0,31307154,0
2021-07-28,390927,0,31698081,0
2021-07-29,371994,0,32070075,0
2021-07-30,341302,0,32411377,0
2021-07-31,286891,0,32698268,0
2021-08-01,190825,0,32889093,0
2021-08-02,333538,0,33222631,0
2021-08-03,323072,0,33545703,0
2021-08-04,310826,0,33856529,0
2021-08-05,292452,0,34148981,0
2021-08-06,259882,0,34408863,0
2021-08-07,198928,0,34607791,0
2021-08-08,153022,0,34760813,0
2021-08-09,233950,0,34994763,0
2021-08-10,205127,0,35199890,0
2021-08-11,193571,0,35393461,0
2021-08-12,167764,0,35561225,0
2021-08-13,148430,0,35709655,0
2021-08-14,66017,0,35775672,0
2021-08-15,26310,0,35801982,0
2021-08-16,114561,0,35916543,0
2021-08-17,129139,0,36045682,0
2021-08-18,128620,0,36174302,0
2021-08-19,124652,0,36298954,0
2021-08-20,123674,0,36422628,0
2021-08-21,83027,0,36505655,0
2021-08-22,68098,0,36573753,0
2021-08-23,176753,0,36750506,0
2021-08-24,156815,0,36907321,0
2021-08-25,177063,0,37084384,0
2021-08-26,172246,0,37256630,0
2021-08-27,185795,0,37442425,0
2021-08-28,140165,0,37582590,0
2021-08-29,98985,0,37681575,0
2021-08-30,209553,0,37891128,0
2021-08-31,194488,0,38085616,0
2021-09-01,192094,0,38277710,0
2021-09-02,189818,0,38467528,0
2021-09-03,191281,0,38658809,0
2021-09-04,131445,0,38790254,0
2021-09-05,87835,0,38878089,0
2021-09-06,193646,0,39071735,0
2021-09-07,195981,0,39267716,0
2021-09-08,187864,0,39455580,0
2021-09-09,201425,0,39657005,0
2021-09-10,198017,0,39855022,0
2021-09-11,141241,0,39996263,0
2021-09-12,89548,0,40085811,0
2021-09-13,191167,360,40276978,360
2021-09-14,177226,438,40454204,798
2021-09-15,163043,465,40617247,1263
2021-09-16,160013,799,40777260,2062
2021-09-17,150030,1010,40927290,3072
2021-09-18,127832,660,41055122,3732
2021-09-19,81052,446,41136174,4178
2021-09-20,179902,8959,41316076,13137
2021-09-21,166435,8735,41482511,21872
2021-09-22,158855,9370,41641366,31242
2021-09-23,137842,9244,41779208,40486
2021-09-24,140332,8867,41919540,49353
2021-09-25,119406,5559,42038946,54912
2021-09-26,71823,4304,42110769,59216
2021-09-27,135428,9981,42246197,69197
2021-09-28,117289,11321,42363486,80518
2021-09-29,112104,11766,42475590,92284
2021-09-30,110006,14861,42585596,107145
2021-10-01,94777,19048,42680373,126193
2021-10-02,78285,13987,42758658,140180
2021-10-03,47598,7635,42806256,147815
2021-10-04,88193,34375,42894449,182190
2021-10-05,80219,33923,42974668,216113
2021-10-06,71835,34083,43046503,250196
2021-10-07,71617,34293,43118120,284489
2021-10-08,80444,33512,43198564,318001
2021-10-09,75910,22120,43274474,340121
2021-10-10,45682,13590,43320156,353711
2021-10-11,87226,41017,43407382,394728
2021-10-12,84328,46816,43491710,441544
2021-10-13,87990,52029,43579700,493573
2021-10-14,91289,58397,43670989,551970
2021-10-15,93360,55501,43764349,607471
2021-10-16,82773,36722,43847122,644193
2021-10-17,51319,23785,43898441,667978
2021-10-18,90158,59355,43988599,727333
2021-10-19,78194,69320,44066793,796653
2021-10-20,74917,78052,44141710,874705
2021-10-21,78154,81654,44219864,956359
2021-10-22,73707,76925,44293571,1033284
2021-10-23,60680,51909,44354251,1085193
2021-10-24,33338,23410,44387589,1108603
2021-10-25,64798,81560,44452387,1190163
2021-10-26,58283,91690,44510670,1281853
2021-10-27,58235,103887,44568905,1385740
2021-10-28,61359,114005,44630264,1499745
2021-10-29,61606,102999,44691870,1602744
2021-10-30,50593,68049,44742463,1670793
2021-10-31,25141,28254,44767604,1699047
2021-11-01,19024,28128,44786628,1727175
2021-11-02,62727,89261,44849355,1816436
2021-11-03,60660,118564,44910015,1935000
2021-11-04,59162,126539,44969177,2061539
2021-11-05,63008,135075,45032185,2196614
2021-11-06,46400,90907,45078585,2287521
2021-11-07,22218,37860,45100803,2325381
2021-11-08,51426,131198,45152229,2456579
2021-11-09,45350,144083,45197579,2600662
2021-11-10,42519,156246,45240098,2756908
2021-11-11,44848,155062,45284946,2911970
2021-11-12,46273,158491,45331219,3070461
2021-11-13,33169,116640,45364388,3187101
2021-11-14,14448,52416,45378836,3239517
2021-11-15,36814,157302,45415650,3396819
2021-11-16,30468,171316,45446118,3568135
2021-11-17,28348,178379,45474466,3746514
2021-11-18,30141,193603,45504607,3940117
2021-11-19,28688,205726,45533295,4145843
2021-11-20,20905,156448,45554200,4302291
2021-11-21,10559,64816,45564759,4367107
2021-11-22,21850,213082,45586609,4580189
2021-11-23,23464,241641,45610073,4821830
2021-11-24,27715,270862,45637788,5092692
2021-11-25,23099,301825,45660887,5394517
2021-11-26,24446,318179,45685333,5712696
2021-11-27,21264,266061,45706597,5978757
2021-11-28,9847,136999,45716444,6115756
2021-11-29,22173,325958,45738617,6441714
2021-11-30,22936,365731,45761553,6807445
2021-12-01,21338,413446,45782891,7220891
2021-12-02,23597,440288,45806488,7661179
2021-12-03,25055,467318,45831543,8128497
2021-12-04,22200,418661,45853743,8547158
2021-12-05,11802,261286,45865545,8808444
2021-12-06,25574,457462,45891119,9265906
2021-12-07,23925,480115,45915044,9746021
2021-12-08,9900,249619,45924944,9995640
2021-12-09,31335,491847,45956279,10487487
2021-12-10,27866,517763,45984145,11005250
2021-12-11,23376,459157,46007521,11464407
2021-12-12,12176,293434,46019697,11757841
2021-12-13,25943,467517,46045640,12225358
2021-12-14,24967,494090,46070607,12719448
2021-12-15,25117,517023,46095724,13236471
2021-12-16,27582,520100,46123306,13756571
2021-12-17,29098,517013,46152404,14273584
2021-12-18,26753,468622,46179157,14742206
2021-12-19,14980,300451,46194137,15042657
2021-12-20,30370,477353,46224507,15520010
2021-12-21,30143,493204,46254650,16013214
2021-12-22,29164,484557,46283814,16497771
2021-12-23,27956,426801,46311770,16924572
2021-12-24,12999,210762,46324769,17135334
2021-12-25,2093,33048,46326862,17168382
2021-12-26,8671,159035,46335533,17327417
2021-12-27,46463,504535,46381996,17831952
2021-12-28,42072,554078,46424068,18386030
2021-12-29,33929,550530,46457997,18936560
2021-12-30,31467,499709,46489464,19436269
2021-12-31,13930,247339,46503394,19683608
2022-01-01,3447,64793,46506841,19748401
2022-01-02,22488,276683,46529329,20025084
2022-01-03,47313,520861,46576642,20545945
2022-01-04,45837,572912,46622479,21118857
2022-01-05,40062,561194,46662541,21680051
2022-01-06,23040,274407,46685581,21954458
2022-01-07,62907,554980,46748488,22509438
2022-01-08,59892,503263,46808380,23012701
2022-01-09,42004,319621,46850384,23332322
2022-01-10,60372,543051,46910756,23875373
2022-01-11,60871,587774,46971627,24463147
2022-01-12,57513,582049,47029140,25045196
2022-01-13,57724,581101,47086864,25626297
2022-01-14,45766,589150,47132630,26215447
2022-01-15,38088,569485,47170718,26784932
2022-01-16,30411,341431,47201129,27126363
2022-01-17,53995,490386,47255124,27616749
2022-01-18,57677,517689,47312801,28134438
2022-01-19,56449,503453,47369250,28637891
2022-01-20,53627,499484,47422877,29137375
2022-01-21,41218,494534,47464095,29631909
2022-01-22,30098,469411,47494193,30101320
2022-01-23,34317,275246,47528510,30376566
2022-01-24,55533,437958,47584043,30814524
2022-01-25,60962,452851,47645005,31267375
2022-01-26,57812,436521,47702817,31703896
2022-01-27,48100,433009,47750917,32136905
2022-01-28,57805,437250,47808722,32574155
2022-01-29,67101,411991,47875823,32986146
2022-01-30,49665,235717,47925488,33221863
2022-01-31,59578,357711,47985066,33579574
2022-02-01,64658,329201,48049724,33908775
2022-02-02,62332,297576,48112056,34206351
2022-02-03,59355,275120,48171411,34481471
2022-02-04,71606,269000,48243017,34750471
2022-02-05,82667,248270,48325684,34998741
2022-02-06,54695,116110,48380379,35114851
2022-02-07,64486,200596,48444865,35315447
2022-02-08,66163,186738,48511028,35502185
2022-02-09,58117,166877,48569145,35669062
2022-02-10,57962,163701,48627107,35832763
2022-02-11,61649,162858,48688756,35995621
2022-02-12,71259,152023,48760015,36147644
2022-02-13,41122,68756,48801137,36216400
2022-02-14,46269,116678,48847406,36333078
2022-02-15,48030,123933,48895436,36457011
2022-02-16,45219,106489,48940655,36563500
2022-02-17,42523,98291,48983178,36661791
2022-02-18,46232,112703,49029410,36774494
2022-02-19,52124,100250,49081534,36874744
2022-02-20,31240,40263,49112774,36915007
2022-02-21,37667,89696,49150441,37004703
2022-02-22,36940,83769,49187381,37088472
2022-02-23,33159,79361,49220540,37167833
2022-02-24,32300,78070,49252840,37245903
2022-02-25,34478,90606,49287318,37336509
2022-02-26,38772,88711,49326090,37425220
2022-02-27,22406,35725,49348496,37460945
2022-02-28,28175,81586,49376671,37542531
2022-03-01,22333,53929,49399004,37596460
2022-03-02,21683,50438,49420687,37646898
2022-03-03,22230,54678,49442917,37701576
2022-03-04,22693,62326,49465610,37763902
2022-03-05,23334,57710,49488944,37821612
2022-03-06,9345,17098,49498289,37838710
2022-03-07,8084,25837,49506373,37864547