data_somministrazione,vaccinazioni,booster,cum_vaccinazioni,cum_booster
2020-12-27,20,0,20,0
2020-12-28,2,0,22,0
2020-12-29,1,0,23,0
2020-12-30,10,0,33,0
2020-12-31,77,0,110,0
2021-01-01,25,0,135,0
2021-01-02,143,0,278,0
2021-01-03,107,0,385,0
2021-01-04,236,0,621,0
2021-01-05,280,0,901,0
2021-01-06,249,0,1150,0
2021-01-07,323,0,1473,0
2021-01-08,378,0,1851,0
2021-01-09,282,0,2133,0
2021-01-10,165,0,2298,0
2021-01-11,308,0,2606,0
2021-01-12,283,0,2889,0
2021-01-13,417,0,3306,0
2021-01-14,504,0,3810,0
2021-01-15,319,0,4129,0
2021-01-16,224,0,4353,0
2021-01-17,3064,0,7417,0
2021-01-18,5220,0,12637,0
2021-01-19,1895,0,14532,0
2021-01-20,4659,0,19191,0
2021-01-21,20005,0,39196,0
2021-01-22,14220,0,53416,0
2021-01-23,33324,0,86740,0
2021-01-24,30774,0,117514,0
2021-01-25,64704,0,182218,0
2021-01-26,76465,0,258683,0
2021-01-27,64810,0,323493,0
2021-01-28,89255,0,412748,0
2021-01-29,93996,0,506744,0
2021-01-30,86543,0,593287,0
2021-01-31,57325,0,650612,0
2021-02-01,81835,0,732447,0
2021-02-02,82135,0,814582,0
2021-02-03,91107,0,905689,0
2021-02-04,95384,0,1001073,0
2021-02-05,90267,0,1091340,0
2021-02-06,63449,0,1154789,0
2021-02-07,32934,0,1187723,0
2021-02-08,40421,0,1228144,0
2021-02-09,32881,0,1261025,0
2021-02-10,28435,0,1289460,0
2021-02-11,20405,0,1309865,0
2021-02-12,16251,0,1326116,0
2021-02-13,7279,0,1333395,0
2021-02-14,2862,0,1336257,0
2021-02-15,6847,0,1343104,0
2021-02-16,7004,0,1350108,0
2021-02-17,10526,0,1360634,0
2021-02-18,9256,0,1369890,0
2021-02-19,8258,0,1378148,0
2021-02-20,5577,0,1383725,0
2021-02-21,3014,0,1386739,0
2021-02-22,6883,0,1393622,0
2021-02-23,7187,0,1400809,0
2021-02-24,9812,0,1410621,0
2021-02-25,14212,0,1424833,0
2021-02-26,17560,0,1442393,0
2021-02-27,13920,0,1456313,0
2021-02-28,9396,0,1465709,0
2021-03-01,26527,0,1492236,0
2021-03-02,33247,0,1525483,0
2021-03-03,44650,0,1570133,0
2021-03-04,50303,0,1620436,0
2021-03-05,55743,0,1676179,0
2021-03-06,41881,0,1718060,0
2021-03-07,22331,0,1740391,0
2021-03-08,50837,0,1791228,0
2021-03-09,53092,0,1844320,0
2021-03-10,58688,0,1903008,0
2021-03-11,63887,0,1966895,0
2021-03-12,65137,0,2032032,0
2021-03-13,51730,0,2083762,0
2021-03-14,35423,0,2119185,0
2021-03-15,73459,0,2192644,0
2021-03-16,74031,0,2266675,0
2021-03-17,83141,0,2349816,0
2021-03-18,81630,0,2431446,0
2021-03-19,81089,0,2512535,0
2021-03-20,64738,0,2577273,0
2021-03-21,47309,0,2624582,0
2021-03-22,69501,0,2694083,0
2021-03-23,75814,0,2769897,0
2021-03-24,90923,0,2860820,0
2021-03-25,89822,0,2950642,0
2021-03-26,83640,0,3034282,0
2021-03-27,71957,0,3106239,0
2021-03-28,44184,0,3150423,0
2021-03-29,70848,0,3221271,0
2021-03-30,81407,0,3302678,0
2021-03-31,96259,0,3398937,0
2021-04-01,95329,0,3494266,0
2021-04-02,84085,0,3578351,0
2021-04-03,64304,0,3642655,0
2021-04-04,21724,0,3664379,0
2021-04-05,40318,0,3704697,0
2021-04-06,81336,0,3786033,0
2021-04-07,95842,0,3881875,0
2021-04-08,95259,0,3977134,0
2021-04-09,88501,0,4065635,0
2021-04-10,74035,0,4139670,0
2021-04-11,44769,0,4184439,0
2021-04-12,66922,0,4251361,0
2021-04-13,72594,0,4323955,0
2021-04-14,85549,0,4409504,0
2021-04-15,105424,0,4514928,0
2021-04-16,106431,0,4621359,0
2021-04-17,90527,0,4711886,0
2021-04-18,58596,0,4770482,0
2021-04-19,93436,0,4863918,0
2021-04-20,103776,0,4967694,0
2021-04-21,125342,0,5093036,0
2021-04-22,143525,0,5236561,0
2021-04-23,138750,0,5375311,0
2021-04-24,124454,0,5499765,0
2021-04-25,61472,0,5561237,0
2021-04-26,97909,0,5659146,0
2021-04-27,128374,0,5787520,0
2021-04-28,156392,0,5943912,0
2021-04-29,195621,0,6139533,0
2021-04-30,214613,0,6354146,0
2021-05-01,174141,0,6528287,0
2021-05-02,135810,0,6664097,0
2021-05-03,142067,0,6806164,0
2021-05-04,158713,0,6964877,0
2021-05-05,170546,0,7135423,0
2021-05-06,197824,0,7333247,0
2021-05-07,213873,0,7547120,0
2021-05-08,213439,0,7760559,0
2021-05-09,143217,0,7903776,0
2021-05-10,165100,0,8068876,0
2021-05-11,175010,0,8243886,0
2021-05-12,179224,0,8423110,0
2021-05-13,203422,0,8626532,0
2021-05-14,222943,0,8849475,0
2021-05-15,210392,0,9059867,0
2021-05-16,159286,0,9219153,0
2021-05-17,219222,0,9438375,0
2021-05-18,213032,0,9651407,0
2021-05-19,207103,0,9858510,0
2021-05-20,270890,0,10129400,0
2021-05-21,270915,0,10400315,0
2021-05-22,245547,0,10645862,0
2021-05-23,197188,0,10843050,0
2021-05-24,228311,0,11071361,0
2021-05-25,245702,0,11317063,0
2021-05-26,277577,0,11594640,0
2021-05-27,311104,0,11905744,0
2021-05-28,299591,0,12205335,0
2021-05-29,231250,0,12436585,0
2021-05-30,170853,0,12607438,0
2021-05-31,216438,0,12823876,0
2021-06-01,207637,0,13031513,0
2021-06-02,115805,0,13147318,0
2021-06-03,180177,0,13327495,0
2021-06-04,184920,0,13512415,0
2021-06-05,186001,0,13698416,0
2021-06-06,139588,0,13838004,0
2021-06-07,161905,0,13999909,0
2021-06-08,171286,0,14171195,0
2021-06-09,171526,0,14342721,0
2021-06-10,174161,0,14516882,0
2021-06-11,170029,0,14686911,0
2021-06-12,128397,0,14815308,0
2021-06-13,91232,0,14906540,0
2021-06-14,214707,0,15121247,0
2021-06-15,228463,0,15349710,0
2021-06-16,253115,0,15602825,0
2021-06-17,301778,0,15904603,0
2021-06-18,306327,0,16210930,0
2021-06-19,275119,0,16486049,0
2021-06-20,220822,0,16706871,0
2021-06-21,288100,0,16994971,0
2021-06-22,296249,0,17291220,0
2021-06-23,302704,0,17593924,0
2021-06-24,332621,0,17926545,0
2021-06-25,348734,0,18275279,0
2021-06-26,300149,0,18575428,0
2021-06-27,228693,0,18804121,0
2021-06-28,307154,0,19111275,0
2021-06-29,329334,0,19440609,0
2021-06-30,342223,0,19782832,0
2021-07-01,363244,0,20146076,0
2021-07-02,368507,0,20514583,0
2021-07-03,371105,0,20885688,0
2021-07-04,283239,0,21168927,0
2021-07-05,384565,0,21553492,0
2021-07-06,385495,0,21938987,0
2021-07-07,412138,0,22351125,0
2021-07-08,479589,0,22830714,0
2021-07-09,498464,0,23329178,0
2021-07-10,475167,0,23804345,0
2021-07-11,357698,0,24162043,0
2021-07-12,485878,0,24647921,0
2021-07-13,492076,0,25139997,0
2021-07-14,480431,0,25620428,0
2021-07-15,523424,0,26143852,0
2021-07-16,509749,0,26653601,0
2021-07-17,464319,0,27117920,0
2021-07-18,364635,0,27482555,0
2021-07-19,463033,0,27945588,0
2021-07-20,458045,0,28403633,0
2021-07-21,462791,0,28866424,0
2021-07-22,475375,0,29341799,0
2021-07-23,441320,0,29783119,0
2021-07-24,386144,0,30169263,0
2021-07-25,287553,0,30456816,0
2021-07-26,430888,0,30887704,0
2021-07-27,440111,0,31327815,0
2021-07-28,391014,0,31718829,0
2021-07-29,372073,0,32090902,0
2021-07-30,341523,0,32432425,0
2021-07-31,287047,0,32719472,0
2021-08-01,190998,0,32910470,0
2021-08-02,333704,0,33244174,0
2021-08-03,323188,0,33567362,0
2021-08-04,310983,0,33878345,0
2021-08-05,292483,0,34170828,0
2021-08-06,260040,0,34430868,0
2021-08-07,199062,0,34629930,0
2021-08-08,153108,0,34783038,0
2021-08-09,234084,0,35017122,0
2021-08-10,205277,0,35222399,0
2021-08-11,193790,0,35416189,0
2021-08-12,168063,0,35584252,0
2021-08-13,148668,0,35732920,0
2021-08-14,66103,0,35799023,0
2021-08-15,26343,0,35825366,0
2021-08-16,114714,0,35940080,0
2021-08-17,129253,0,36069333,0
2021-08-18,128767,0,36198100,0
2021-08-19,124851,0,36322951,0
2021-08-20,123799,0,36446750,0
2021-08-21,83134,0,36529884,0
2021-08-22,68180,0,36598064,0
2021-08-23,176872,0,36774936,0
2021-08-24,156892,0,36931828,0
2021-08-25,177171,0,37108999,0
2021-08-26,172353,0,37281352,0
2021-08-27,185830,0,37467182,0
2021-08-28,140293,0,37607475,0
2021-08-29,98993,0,37706468,0
2021-08-30,209587,0,37916055,0
2021-08-31,194640,0,38110695,0
2021-09-01,192218,0,38302913,0
2021-09-02,189932,0,38492845,0
2021-09-03,191285,0,38684130,0
2021-09-04,131448,0,38815578,0
2021-09-05,87845,0,38903423,0
2021-09-06,193603,0,39097026,0
2021-09-07,196036,0,39293062,0
2021-09-08,187864,0,39480926,0
2021-09-09,201421,0,39682347,0
2021-09-10,198052,0,39880399,0
2021-09-11,141292,0,40021691,0
2021-09-12,89591,0,40111282,0
2021-09-13,191111,643,40302393,643
2021-09-14,177214,649,40479607,1292
2021-09-15,163077,649,40642684,1941
2021-09-16,160045,999,40802729,2940
2021-09-17,150154,1170,40952883,4110
2021-09-18,127976,779,41080859,4889
2021-09-19,81144,508,41162003,5397
2021-09-20,180063,9129,41342066,14526
2021-09-21,166672,8862,41508738,23388
2021-09-22,159113,9463,41667851,32851
2021-09-23,138103,9357,41805954,42208
2021-09-24,140551,9013,41946505,51221
2021-09-25,119562,5673,42066067,56894
2021-09-26,71990,4365,42138057,61259
2021-09-27,135664,10084,42273721,71343
2021-09-28,117517,11425,42391238,82768
2021-09-29,112376,11850,42503614,94618
2021-09-30,110288,14979,42613902,109597
2021-10-01,94994,19144,42708896,128741
2021-10-02,78520,14043,42787416,142784
2021-10-03,47760,7669,42835176,150453
2021-10-04,88391,34482,42923567,184935
2021-10-05,80379,34018,43003946,218953
2021-10-06,72008,34208,43075954,253161
2021-10-07,71880,34372,43147834,287533
2021-10-08,80640,33622,43228474,321155
2021-10-09,76116,22194,43304590,343349
2021-10-10,45789,13631,43350379,356980
2021-10-11,87448,41132,43437827,398112
2021-10-12,84517,46933,43522344,445045
2021-10-13,88215,52165,43610559,497210
2021-10-14,91553,58556,43702112,555766
2021-10-15,93600,55676,43795712,611442
2021-10-16,82971,36823,43878683,648265
2021-10-17,51462,23861,43930145,672126
2021-10-18,90303,59519,44020448,731645
2021-10-19,78357,69406,44098805,801051
2021-10-20,75061,78211,44173866,879262
2021-10-21,78287,81813,44252153,961075
2021-10-22,73767,77082,44325920,1038157
2021-10-23,60836,51973,44386756,1090130
2021-10-24,33370,23480,44420126,1113610
2021-10-25,64895,81666,44485021,1195276
2021-10-26,58376,91833,44543397,1287109
2021-10-27,58315,104030,44601712,1391139
2021-10-28,61445,114156,44663157,1505295
2021-10-29,61633,103183,44724790,1608478
2021-10-30,50676,68145,44775466,1676623
2021-10-31,25161,28310,44800627,1704933
2021-11-01,19049,28158,44819676,1733091
2021-11-02,62742,89435,44882418,1822526
2021-11-03,60715,118701,44943133,1941227
2021-11-04,59237,126703,45002370,2067930
2021-11-05,63092,135224,45065462,2203154
2021-11-06,46491,90939,45111953,2294093
2021-11-07,22248,37906,45134201,2331999
2021-11-08,51527,131293,45185728,2463292
2021-11-09,45401,144237,45231129,2607529
2021-11-10,42594,156373,45273723,2763902
2021-11-11,44928,155172,45318651,2919074
2021-11-12,46294,158703,45364945,3077777
2021-11-13,33267,116680,45398212,3194457
2021-11-14,14491,52461,45412703,3246918
2021-11-15,36908,157443,45449611,3404361
2021-11-16,30567,171404,45480178,3575765
2021-11-17,28469,178462,45508647,3754227
2021-11-18,30292,193762,45538939,3947989
2021-11-19,28821,205884,45567760,4153873
2021-11-20,21011,156457,45588771,4310330
2021-11-21,10610,64872,45599381,4375202
2021-11-22,21959,213160,45621340,4588362
2021-11-23,23605,241799,45644945,4830161
2021-11-24,27768,271095,45672713,5101256
2021-11-25,23267,301937,45695980,5403193
2021-11-26,24598,318308,45720578,5721501
2021-11-27,21413,266169,45741991,5987670
2021-11-28,9909,137070,45751900,6124740
2021-11-29,22366,326073,45774266,6450813
2021-11-30,23119,365861,45797385,6816674
2021-12-01,21555,413532,45818940,7230206
2021-12-02,23793,440440,45842733,7670646
2021-12-03,25275,467531,45868008,8138177
2021-12-04,22391,418800,45890399,8556977
2021-12-05,11944,261365,45902343,8818342
2021-12-06,25845,457629,45928188,9275971
2021-12-07,24163,480302,45952351,9756273
2021-12-08,10031,249721,45962382,10005994
2021-12-09,31620,491963,45994002,10497957
2021-12-10,28103,517927,46022105,11015884
2021-12-11,23590,459277,46045695,11475161
2021-12-12,12323,293528,46058018,11768689
2021-12-13,26178,467654,46084196,12236343
2021-12-14,25204,494236,46109400,12730579
2021-12-15,25370,517189,46134770,13247768
2021-12-16,27927,520301,46162697,13768069
2021-12-17,29396,517218,46192093,14285287
2021-12-18,27116,468777,46219209,14754064
2021-12-19,15171,300542,46234380,15054606
2021-12-20,30670,477508,46265050,15532114
2021-12-21,30412,493438,46295462,16025552
2021-12-22,29490,484750,46324952,16510302
2021-12-23,28287,426958,46353239,16937260
2021-12-24,13125,210842,46366364,17148102
2021-12-25,2104,33053,46368468,17181155
2021-12-26,8778,159077,46377246,17340232
2021-12-27,46848,504692,46424094,17844924
2021-12-28,42509,554255,46466603,18399179
2021-12-29,34393,550677,46500996,18949856
2021-12-30,31892,499865,46532888,19449721
2021-12-31,14148,247407,46547036,19697128
2022-01-01,3500,64815,46550536,19761943
2022-01-02,22830,276727,46573366,20038670
2022-01-03,47942,520035,46621308,20558705
2022-01-04,46473,572104,46667781,21130809
2022-01-05,40845,560424,46708626,21691233
2022-01-06,23536,274491,46732162,21965724
2022-01-07,63800,554221,46795962,22519945
2022-01-08,60972,503414,46856934,23023359
2022-01-09,42964,319701,46899898,23343060
2022-01-10,61177,542324,46961075,23885384
2022-01-11,61842,587037,47022917,24472421
2022-01-12,58549,581307,47081466,25053728
2022-01-13,58712,580431,47140178,25634159
2022-01-14,46934,588614,47187112,26222773
2022-01-15,39563,569984,47226675,26792757
2022-01-16,31314,341892,47257989,27134649
2022-01-17,54852,489688,47312841,27624337
2022-01-18,58469,517055,47371310,28141392
2022-01-19,57267,502824,47428577,28644216
2022-01-20,54418,498861,47482995,29143077
2022-01-21,42180,493896,47525175,29636973
2022-01-22,31299,469619,47556474,30106592
2022-01-23,34983,275391,47591457,30381983
2022-01-24,56231,437245,47647688,30819228
2022-01-25,61601,452131,47709289,31271359
2022-01-26,58588,435848,47767877,31707207
2022-01-27,48888,432403,47816765,32139610
2022-01-28,58751,436560,47875516,32576170
2022-01-29,68191,412516,47943707,32988686
2022-01-30,50408,235985,47994115,33224671
2022-01-31,60706,356947,48054821,33581618
2022-02-01,65616,328465,48120437,33910083
2022-02-02,63249,296996,48183686,34207079
2022-02-03,60090,274534,48243776,34481613
2022-02-04,72410,268470,48316186,34750083
2022-02-05,83817,248551,48400003,34998634
2022-02-06,55308,116208,48455311,35114842
2022-02-07,65183,199945,48520494,35314787
2022-02-08,66955,186128,48587449,35500915
2022-02-09,58774,166353,48646223,35667268
2022-02-10,58598,163249,48704821,35830517
2022-02-11,62275,162477,48767096,35992994
2022-02-12,72009,152154,48839105,36145148
2022-02-13,41483,68855,48880588,36214003
2022-02-14,46712,116192,48927300,36330195
2022-02-15,48566,123481,48975866,36453676
2022-02-16,45688,106129,49021554,36559805
2022-02-17,42873,98120,49064427,36657925
2022-02-18,46633,112584,49111060,36770509
2022-02-19,52546,100339,49163606,36870848
2022-02-20,31416,40367,49195022,36911215
2022-02-21,37899,89659,49232921,37000874
2022-02-22,37224,83784,49270145,37084658
2022-02-23,33401,79410,49303546,37164068
2022-02-24,32561,78166,49336107,37242234
2022-02-25,34772,90715,49370879,37332949
2022-02-26,39164,89136,49410043,37422085
2022-02-27,22548,35857,49432591,37457942
2022-02-28,28488,81696,49461079,37539638
2022-03-01,22727,53942,49483806,37593580
2022-03-02,21934,50711,49505740,37644291
2022-03-03,22635,54947,49528375,37699238
2022-03-04,23242,62800,49551617,37762038
2022-03-05,23803,57952,49575420,37819990
2022-03-06,9474,17201,49584894,37837191
2022-03-07,15924,51391,49600818,37888582
2022-03-08,15482,48795,49616300,37937377
2022-03-09,13816,46517,49630116,37983894
2022-03-10,14057,52125,49644173,38036019
2022-03-11,15590,57272,49659763,38093291
2022-03-12,15510,56619,49675273,38149910
2022-03-13,5545,16852,49680818,38166762
2022-03-14,10528,46700,49691346,38213462
2022-03-15,10552,46895,49701898,38260357
2022-03-16,9482,41974,49711380,38302331
2022-03-17,9723,44876,49721103,38347207
2022-03-18,10161,49058,49731264,38396265
2022-03-19,9151,46539,49740415,38442804
2022-03-20,2608,11704,49743023,38454508
2022-03-21,7581,40227,49750604,38494735
2022-03-22,8448,37767,49759052,38532502
2022-03-23,7218,33700,49766270,38566202
2022-03-24,8259,38820,49774529,38605022
2022-03-25,8142,43671,49782671,38648693
2022-03-26,8128,41722,49790799,38690415
2022-03-27,2431,9683,49793230,38700098
2022-03-28,6112,35241,49799342,38735339
2022-03-29,5780,32531,49805122,38767870
2022-03-30,5567,30204,49810689,38798074
2022-03-31,5903,33186,49816592,38831260
2022-04-01,4349,25189,49820941,38856449
2022-04-02,4497,23275,49825438,38879724
2022-04-03,1049,4500,49826487,38884224
2022-04-04,3660,21545,49830147,38905769
2022-04-05,3758,22936,49833905,38928705
2022-04-06,4105,21852,49838010,38950557
2022-04-07,3970,23320,49841980,38973877
2022-04-08,4696,26714,49846676,39000591
2022-04-09,4382,23888,49851058,39024479
2022-04-10,893,4613,49851951,39029092
2022-04-11,3819,22689,49855770,39051781
2022-04-12,3365,21779,49859135,39073560
2022-04-13,3570,21336,49862705,39094896
2022-04-14,3488,23787,49866193,39118683
2022-04-15,3083,20621,49869276,39139304
2022-04-16,2151,11918,49871427,39151222
2022-04-17,63,348,49871490,39151570
2022-04-18,152,650,49871642,39152220
2022-04-19,3499,21983,49875141,39174203
2022-04-20,3512,20251,49878653,39194454
2022-04-21,2848,19791,49881501,39214245
2022-04-22,2928,20712,49884429,39234957
2022-04-23,2647,16221,49887076,39251178
2022-04-24,509,2334,49887585,39253512
2022-04-25,183,1165,49887768,39254677
2022-04-26,2759,17810,49890527,39272487
2022-04-27,2374,15795,49892901,39288282
2022-04-28,2361,15562,49895262,39303844
2022-04-29,2297,14849,49897559,39318693
2022-04-30,2123,11583,49899682,39330276
2022-05-01,113,531,49899795,39330807
2022-05-02,1451,9391,49901246,39340198
2022-05-03,1577,10322,49902823,39350520
2022-05-04,1745,10271,49904568,39360791
2022-05-05,1654,10296,49906222,39371087
2022-05-06,1702,10970,49907924,39382057
2022-05-07,1431,8570,49909355,39390627
2022-05-08,416,1526,49909771,39392153
2022-05-09,1028,8931,49910799,39401084
2022-05-10,1426,9549,49912225,39410633
2022-05-11,1484,10104,49913709,39420737
2022-05-12,1372,10137,49915081,39430874
2022-05-13,1596,10518,49916677,39441392
2022-05-14,1360,8239,49918037,39449631
2022-05-15,336,1135,49918373,39450766
2022-05-16,814,8404,49919187,39459170
2022-05-17,1244,8697,49920431,39467867
2022-05-18,1372,9235,49921803,39477102
2022-05-19,1500,9283,49923303,39486385
2022-05-20,1422,9532,49924725,39495917
2022-05-21,1301,7900,49926026,39503817
2022-05-22,231,1014,49926257,39504831
2022-05-23,830,8271,49927087,39513102
2022-05-24,1073,8672,49928160,39521774
2022-05-25,1372,9459,49929532,39531233
2022-05-26,1196,9479,49930728,39540712
2022-05-27,1232,9915,49931960,39550627
2022-05-28,1205,7887,49933165,39558514
2022-05-29,288,1265,49933453,39559779
2022-05-30,930,8057,49934383,39567836
2022-05-31,1038,8548,49935421,39576384
2022-06-01,893,7656,49936314,39584040
2022-06-02,35,474,49936349,39584514
2022-06-03,817,7334,49937166,39591848
2022-06-04,870,5162,49938036,39597010
2022-06-05,89,586,49938125,39597596
2022-06-06,678,7003,49938803,39604599
2022-06-07,952,7849,49939755,39612448
2022-06-08,981,7907,49940736,39620355
2022-06-09,1036,8417,49941772,39628772
2022-06-10,958,8563,49942730,39637335
2022-06-11,903,6207,49943633,39643542
2022-06-12,140,768,49943773,39644310
2022-06-13,602,6301,49944375,39650611
2022-06-14,832,7902,49945207,39658513
2022-06-15,960,7855,49946167,39666368
2022-06-16,733,7396,49946900,39673764
2022-06-17,724,7249,49947624,39681013
2022-06-18,777,5594,49948401,39686607
2022-06-19,49,521,49948450,39687128
2022-06-20,587,6699,49949037,39693827
2022-06-21,741,7663,49949778,39701490
2022-06-22,779,7313,49950557,39708803
2022-06-23,648,7472,49951205,39716275
2022-06-24,644,7474,49951849,39723749
2022-06-25,835,6533,49952684,39730282
2022-06-26,128,523,49952812,39730805
2022-06-27,534,7125,49953346,39737930
2022-06-28,747,8207,49954093,39746137
2022-06-29,756,7732,49954849,39753869
2022-06-30,747,8145,49955596,39762014
2022-07-01,577,6443,49956173,39768457
2022-07-02,536,4769,49956709,39773226
2022-07-03,49,456,49956758,39773682
2022-07-04,469,6277,49957227,39779959
2022-07-05,631,8120,49957858,39788079
2022-07-06,633,7611,49958491,39795690
2022-07-07,575,8271,49959066,39803961
2022-07-08,674,8083,49959740,39812044
2022-07-09,550,6105,49960290,39818149
2022-07-10,58,533,49960348,39818682
2022-07-11,491,7639,49960839,39826321
2022-07-12,667,9030,49961506,39835351
2022-07-13,644,10066,49962150,39845417
2022-07-14,637,10226,49962787,39855643
2022-07-15,626,10666,49963413,39866309
2022-07-16,522,7215,49963935,39873524
2022-07-17,48,770,49963983,39874294
2022-07-18,496,9372,49964479,39883666
2022-07-19,575,10683,49965054,39894349
2022-07-20,581,11274,49965635,39905623
2022-07-21,630,12088,49966265,39917711
2022-07-22,584,11258,49966849,39928969
2022-07-23,381,6775,49967230,39935744
2022-07-24,76,857,49967306,39936601
2022-07-25,503,9051,49967809,39945652
2022-07-26,520,9761,49968329,39955413
2022-07-27,552,10208,49968881,39965621
2022-07-28,532,10533,49969413,39976154
2022-07-29,511,9465,49969924,39985619
2022-07-30,383,5881,49970307,39991500
2022-07-31,49,764,49970356,39992264
2022-08-01,386,6864,49970742,39999128
2022-08-02,545,7589,49971287,40006717
2022-08-03,512,7179,49971799,40013896
2022-08-04,455,7489,49972254,40021385
2022-08-05,421,6527,49972675,40027912
2022-08-06,299,3613,49972974,40031525
2022-08-07,44,561,49973018,40032086
2022-08-08,403,4890,49973421,40036976
2022-08-09,381,5311,49973802,40042287
2022-08-10,385,4816,49974187,40047103
2022-08-11,369,4803,49974556,40051906
2022-08-12,293,3720,49974849,40055626
2022-08-13,143,1600,49974992,40057226
2022-08-14,9,129,49975001,40057355
2022-08-15,1,26,49975002,40057381
2022-08-16,282,3043,49975284,40060424
2022-08-17,352,3536,49975636,40063960
2022-08-18,392,4160,49976028,40068120
2022-08-19,341,3319,49976369,40071439
2022-08-20,183,1715,49976552,40073154
2022-08-21,24,149,49976576,40073303
2022-08-22,329,2952,49976905,40076255
2022-08-23,370,3674,49977275,40079929
2022-08-24,384,3360,49977659,40083289
2022-08-25,422,3774,49978081,40087063
2022-08-26,399,3575,49978480,40090638
2022-08-27,237,1769,49978717,40092407
2022-08-28,29,267,49978746,40092674
2022-08-29,354,3161,49979100,40095835
2022-08-30,403,3671,49979503,40099506
2022-08-31,438,3734,49979941,40103240
2022-09-01,353,3116,49980294,40106356
2022-09-02,296,2893,49980590,40109249
2022-09-03,200,1689,49980790,40110938
2022-09-04,24,149,49980814,40111087
2022-09-05,187,2656,49981001,40113743
2022-09-06,305,2981,49981306,40116724
2022-09-07,540,2937,49981846,40119661
2022-09-08,292,2962,49982138,40122623
2022-09-09,305,2886,49982443,40125509
2022-09-10,227,1326,49982670,40126835
2022-09-11,23,124,49982693,40126959
2022-09-12,267,2267,49982960,40129226
2022-09-13,252,2276,49983212,40131502
2022-09-14,266,2566,49983478,40134068
2022-09-15,282,2499,49983760,40136567
2022-09-16,254,2546,49984014,40139113
2022-09-17,239,1339,49984253,40140452
2022-09-18,20,170,49984273,40140622
2022-09-19,206,1970,49984479,40142592
2022-09-20,236,2391,49984715,40144983
2022-09-21,289,2526,49985004,40147509
2022-09-22,266,2662,49985270,40150171
2022-09-23,259,2543,49985529,40152714
2022-09-24,193,1427,49985722,40154141
2022-09-25,29,133,49985751,40154274
2022-09-26,280,2248,49986031,40156522
2022-09-27,287,2683,49986318,40159205
2022-09-28,310,2903,49986628,40162108
2022-09-29,257,3049,49986885,40165157
2022-09-30,292,2989,49987177,40168146
2022-10-01,195,1515,49987372,40169661
2022-10-02,12,187,49987384,40169848
2022-10-03,185,2474,49987569,40172322
2022-10-04,236,2863,49987805,40175185
2022-10-05,229,3249,49988034,40178434
2022-10-06,243,3874,49988277,40182308
2022-10-07,282,4187,49988559,40186495
2022-10-08,202,2270,49988761,40188765
2022-10-09,8,305,49988769,40189070
2022-10-10,210,3356,49988979,40192426
2022-10-11,192,4379,49989171,40196805
2022-10-12,209,4440,49989380,40201245
2022-10-13,201,5304,49989581,40206549
2022-10-14,232,5023,49989813,40211572
2022-10-15,190,2671,49990003,40214243
2022-10-16,6,360,49990009,40214603
2022-10-17,185,3871,49990194,40218474
2022-10-18,257,4964,49990451,40223438
2022-10-19,244,5478,49990695,40228916
2022-10-20,224,5993,49990919,40234909
2022-10-21,250,5476,49991169,40240385
2022-10-22,195,2910,49991364,40243295
2022-10-23,13,364,49991377,40243659
2022-10-24,171,3929,49991548,40247588
2022-10-25,253,4926,49991801,40252514
2022-10-26,345,5498,49992146,40258012
2022-10-27,241,5669,49992387,40263681
2022-10-28,198,5260,49992585,40268941
2022-10-29,128,2844,49992713,40271785
2022-10-30,3,328,49992716,40272113
2022-10-31,117,3037,49992833,40275150
2022-11-01,11,353,49992844,40275503
2022-11-02,143,3719,49992987,40279222
2022-11-03,173,4782,49993160,40284004
2022-11-04,224,4598,49993384,40288602
2022-11-05,144,2594,49993528,40291196
2022-11-06,10,259,49993538,40291455
2022-11-07,170,3221,49993708,40294676
2022-11-08,259,4239,49993967,40298915
2022-11-09,197,4325,49994164,40303240
2022-11-10,182,4581,49994346,40307821
2022-11-11,192,4215,49994538,40312036
2022-11-12,154,2363,49994692,40314399
2022-11-13,7,335,49994699,40314734
2022-11-14,149,2835,49994848,40317569
2022-11-15,200,3737,49995048,40321306
2022-11-16,216,3975,49995264,40325281
2022-11-17,192,4081,49995456,40329362
2022-11-18,247,4007,49995703,40333369
2022-11-19,112,2094,49995815,40335463
2022-11-20,24,314,49995839,40335777
2022-11-21,118,2611,49995957,40338388
2022-11-22,142,3202,49996099,40341590
2022-11-23,192,3612,49996291,40345202
2022-11-24,154,3804,49996445,40349006
2022-11-25,184,3740,49996629,40352746
2022-11-26,130,2088,49996759,40354834
2022-11-27,22,356,49996781,40355190
2022-11-28,177,2666,49996958,40357856
2022-11-29,183,3204,49997141,40361060
2022-11-30,174,3703,49997315,40364763
2022-12-01,222,3571,49997537,40368334
2022-12-02,155,3484,49997692,40371818
2022-12-03,101,1939,49997793,40373757
2022-12-04,5,290,49997798,40374047
2022-12-05,124,2790,49997922,40376837
2022-12-06,167,3534,49998089,40380371
2022-12-07,129,2941,49998218,40383312
2022-12-08,7,122,49998225,40383434
2022-12-09,129,2707,49998354,40386141
2022-12-10,61,1401,49998415,40387542
2022-12-11,3,139,49998418,40387681
2022-12-12,82,1237,49998500,40388918