data_somministrazione,vaccinazioni,booster,cum_vaccinazioni,cum_booster
2020-12-27,16,0,16,0
2020-12-28,2,0,18,0
2020-12-29,1,0,19,0
2020-12-30,3,0,22,0
2020-12-31,34,0,56,0
2021-01-01,12,0,68,0
2021-01-02,53,0,121,0
2021-01-03,46,0,167,0
2021-01-04,124,0,291,0
2021-01-05,162,0,453,0
2021-01-06,135,0,588,0
2021-01-07,200,0,788,0
2021-01-08,246,0,1034,0
2021-01-09,173,0,1207,0
2021-01-10,110,0,1317,0
2021-01-11,199,0,1516,0
2021-01-12,207,0,1723,0
2021-01-13,313,0,2036,0
2021-01-14,413,0,2449,0
2021-01-15,251,0,2700,0
2021-01-16,167,0,2867,0
2021-01-17,3050,0,5917,0
2021-01-18,5186,0,11103,0
2021-01-19,1875,0,12978,0
2021-01-20,4649,0,17627,0
2021-01-21,20006,0,37633,0
2021-01-22,14194,0,51827,0
2021-01-23,33355,0,85182,0
2021-01-24,30793,0,115975,0
2021-01-25,64773,0,180748,0
2021-01-26,76547,0,257295,0
2021-01-27,64875,0,322170,0
2021-01-28,89340,0,411510,0
2021-01-29,94072,0,505582,0
2021-01-30,86614,0,592196,0
2021-01-31,57348,0,649544,0
2021-02-01,81902,0,731446,0
2021-02-02,82168,0,813614,0
2021-02-03,91216,0,904830,0
2021-02-04,95374,0,1000204,0
2021-02-05,90282,0,1090486,0
2021-02-06,63729,0,1154215,0
2021-02-07,32918,0,1187133,0
2021-02-08,40410,0,1227543,0
2021-02-09,32839,0,1260382,0
2021-02-10,28384,0,1288766,0
2021-02-11,20352,0,1309118,0
2021-02-12,16179,0,1325297,0
2021-02-13,7217,0,1332514,0
2021-02-14,2856,0,1335370,0
2021-02-15,6823,0,1342193,0
2021-02-16,6973,0,1349166,0
2021-02-17,10490,0,1359656,0
2021-02-18,9215,0,1368871,0
2021-02-19,8162,0,1377033,0
2021-02-20,5471,0,1382504,0
2021-02-21,2946,0,1385450,0
2021-02-22,6836,0,1392286,0
2021-02-23,7103,0,1399389,0
2021-02-24,9786,0,1409175,0
2021-02-25,14170,0,1423345,0
2021-02-26,17485,0,1440830,0
2021-02-27,13853,0,1454683,0
2021-02-28,9344,0,1464027,0
2021-03-01,26432,0,1490459,0
2021-03-02,33160,0,1523619,0
2021-03-03,44592,0,1568211,0
2021-03-04,50199,0,1618410,0
2021-03-05,55685,0,1674095,0
2021-03-06,41839,0,1715934,0
2021-03-07,22285,0,1738219,0
2021-03-08,50522,0,1788741,0
2021-03-09,52904,0,1841645,0
2021-03-10,58523,0,1900168,0
2021-03-11,63738,0,1963906,0
2021-03-12,65010,0,2028916,0
2021-03-13,51649,0,2080565,0
2021-03-14,35343,0,2115908,0
2021-03-15,73357,0,2189265,0
2021-03-16,73986,0,2263251,0
2021-03-17,82997,0,2346248,0
2021-03-18,81583,0,2427831,0
2021-03-19,81013,0,2508844,0
2021-03-20,64638,0,2573482,0
2021-03-21,47244,0,2620726,0
2021-03-22,69397,0,2690123,0
2021-03-23,75691,0,2765814,0
2021-03-24,90773,0,2856587,0
2021-03-25,89693,0,2946280,0
2021-03-26,83481,0,3029761,0
2021-03-27,71813,0,3101574,0
2021-03-28,44030,0,3145604,0
2021-03-29,70686,0,3216290,0
2021-03-30,81239,0,3297529,0
2021-03-31,96079,0,3393608,0
2021-04-01,95188,0,3488796,0
2021-04-02,83971,0,3572767,0
2021-04-03,64240,0,3637007,0
2021-04-04,21687,0,3658694,0
2021-04-05,40253,0,3698947,0
2021-04-06,81217,0,3780164,0
2021-04-07,95713,0,3875877,0
2021-04-08,95144,0,3971021,0
2021-04-09,88368,0,4059389,0
2021-04-10,73938,0,4133327,0
2021-04-11,44698,0,4178025,0
2021-04-12,66834,0,4244859,0
2021-04-13,72492,0,4317351,0
2021-04-14,85412,0,4402763,0
2021-04-15,105288,0,4508051,0
2021-04-16,106298,0,4614349,0
2021-04-17,90511,0,4704860,0
2021-04-18,58648,0,4763508,0
2021-04-19,93379,0,4856887,0
2021-04-20,103678,0,4960565,0
2021-04-21,125259,0,5085824,0
2021-04-22,143414,0,5229238,0
2021-04-23,138583,0,5367821,0
2021-04-24,124340,0,5492161,0
2021-04-25,61382,0,5553543,0
2021-04-26,97786,0,5651329,0
2021-04-27,128257,0,5779586,0
2021-04-28,156233,0,5935819,0
2021-04-29,195401,0,6131220,0
2021-04-30,214400,0,6345620,0
2021-05-01,174140,0,6519760,0
2021-05-02,135878,0,6655638,0
2021-05-03,141885,0,6797523,0
2021-05-04,158574,0,6956097,0
2021-05-05,170338,0,7126435,0
2021-05-06,197674,0,7324109,0
2021-05-07,213632,0,7537741,0
2021-05-08,213277,0,7751018,0
2021-05-09,143065,0,7894083,0
2021-05-10,164974,0,8059057,0
2021-05-11,174786,0,8233843,0
2021-05-12,178955,0,8412798,0
2021-05-13,203146,0,8615944,0
2021-05-14,222720,0,8838664,0
2021-05-15,210168,0,9048832,0
2021-05-16,159172,0,9208004,0
2021-05-17,219061,0,9427065,0
2021-05-18,212851,0,9639916,0
2021-05-19,206905,0,9846821,0
2021-05-20,270638,0,10117459,0
2021-05-21,270663,0,10388122,0
2021-05-22,245393,0,10633515,0
2021-05-23,197104,0,10830619,0
2021-05-24,228201,0,11058820,0
2021-05-25,245586,0,11304406,0
2021-05-26,277342,0,11581748,0
2021-05-27,310933,0,11892681,0
2021-05-28,299408,0,12192089,0
2021-05-29,231043,0,12423132,0
2021-05-30,170736,0,12593868,0
2021-05-31,216284,0,12810152,0
2021-06-01,207518,0,13017670,0
2021-06-02,115651,0,13133321,0
2021-06-03,179869,0,13313190,0
2021-06-04,184590,0,13497780,0
2021-06-05,185802,0,13683582,0
2021-06-06,139437,0,13823019,0
2021-06-07,161590,0,13984609,0
2021-06-08,170825,0,14155434,0
2021-06-09,171154,0,14326588,0
2021-06-10,173700,0,14500288,0
2021-06-11,169619,0,14669907,0
2021-06-12,128039,0,14797946,0
2021-06-13,90990,0,14888936,0
2021-06-14,214464,0,15103400,0
2021-06-15,228212,0,15331612,0
2021-06-16,252940,0,15584552,0
2021-06-17,301567,0,15886119,0
2021-06-18,306105,0,16192224,0
2021-06-19,275003,0,16467227,0
2021-06-20,220636,0,16687863,0
2021-06-21,287968,0,16975831,0
2021-06-22,296082,0,17271913,0
2021-06-23,302659,0,17574572,0
2021-06-24,332504,0,17907076,0
2021-06-25,348645,0,18255721,0
2021-06-26,300235,0,18555956,0
2021-06-27,228824,0,18784780,0
2021-06-28,306932,0,19091712,0
2021-06-29,329174,0,19420886,0
2021-06-30,342056,0,19762942,0
2021-07-01,363051,0,20125993,0
2021-07-02,368456,0,20494449,0
2021-07-03,371332,0,20865781,0
2021-07-04,283266,0,21149047,0
2021-07-05,384494,0,21533541,0
2021-07-06,385405,0,21918946,0
2021-07-07,412085,0,22331031,0
2021-07-08,479867,0,22810898,0
2021-07-09,498617,0,23309515,0
2021-07-10,475313,0,23784828,0
2021-07-11,357842,0,24142670,0
2021-07-12,486042,0,24628712,0
2021-07-13,492356,0,25121068,0
2021-07-14,480632,0,25601700,0
2021-07-15,523637,0,26125337,0
2021-07-16,509882,0,26635219,0
2021-07-17,464559,0,27099778,0
2021-07-18,364849,0,27464627,0
2021-07-19,463280,0,27927907,0
2021-07-20,458193,0,28386100,0
2021-07-21,462881,0,28848981,0
2021-07-22,475417,0,29324398,0
2021-07-23,441328,0,29765726,0
2021-07-24,386169,0,30151895,0
2021-07-25,287597,0,30439492,0
2021-07-26,430920,0,30870412,0
2021-07-27,440148,0,31310560,0
2021-07-28,391028,0,31701588,0
2021-07-29,372077,0,32073665,0
2021-07-30,341402,0,32415067,0
2021-07-31,286947,0,32702014,0
2021-08-01,190838,0,32892852,0
2021-08-02,333720,0,33226572,0
2021-08-03,323124,0,33549696,0
2021-08-04,310909,0,33860605,0
2021-08-05,292516,0,34153121,0
2021-08-06,259931,0,34413052,0
2021-08-07,198914,0,34611966,0
2021-08-08,153056,0,34765022,0
2021-08-09,234096,0,34999118,0
2021-08-10,205115,0,35204233,0
2021-08-11,193574,0,35397807,0
2021-08-12,167763,0,35565570,0
2021-08-13,148370,0,35713940,0
2021-08-14,65978,0,35779918,0
2021-08-15,26298,0,35806216,0
2021-08-16,114506,0,35920722,0
2021-08-17,129085,0,36049807,0
2021-08-18,128550,0,36178357,0
2021-08-19,124606,0,36302963,0
2021-08-20,123630,0,36426593,0
2021-08-21,83039,0,36509632,0
2021-08-22,68110,0,36577742,0
2021-08-23,176695,0,36754437,0
2021-08-24,156900,0,36911337,0
2021-08-25,177017,0,37088354,0
2021-08-26,172202,0,37260556,0
2021-08-27,185713,0,37446269,0
2021-08-28,140097,0,37586366,0
2021-08-29,98968,0,37685334,0
2021-08-30,209420,0,37894754,0
2021-08-31,194410,0,38089164,0
2021-09-01,192025,0,38281189,0
2021-09-02,189696,0,38470885,0
2021-09-03,191175,0,38662060,0
2021-09-04,131378,0,38793438,0
2021-09-05,87792,0,38881230,0
2021-09-06,193547,0,39074777,0
2021-09-07,195809,0,39270586,0
2021-09-08,187775,0,39458361,0
2021-09-09,201325,0,39659686,0
2021-09-10,197923,0,39857609,0
2021-09-11,141177,0,39998786,0
2021-09-12,89500,0,40088286,0
2021-09-13,191069,346,40279355,346
2021-09-14,177138,422,40456493,768
2021-09-15,162954,454,40619447,1222
2021-09-16,159919,788,40779366,2010
2021-09-17,149944,1005,40929310,3015
2021-09-18,127741,655,41057051,3670
2021-09-19,81021,442,41138072,4112
2021-09-20,179784,8956,41317856,13068
2021-09-21,166309,8728,41484165,21796
2021-09-22,158754,9365,41642919,31161
2021-09-23,137713,9242,41780632,40403
2021-09-24,140199,8861,41920831,49264
2021-09-25,119307,5561,42040138,54825
2021-09-26,71777,4293,42111915,59118
2021-09-27,135364,9978,42247279,69096
2021-09-28,117184,11312,42364463,80408
2021-09-29,111998,11759,42476461,92167
2021-09-30,109915,14851,42586376,107018
2021-10-01,94684,19029,42681060,126047
2021-10-02,78226,13986,42759286,140033
2021-10-03,47556,7630,42806842,147663
2021-10-04,88097,34358,42894939,182021
2021-10-05,80126,33908,42975065,215929
2021-10-06,71742,34075,43046807,250004
2021-10-07,71517,34287,43118324,284291
2021-10-08,80357,33492,43198681,317783
2021-10-09,75829,22108,43274510,339891
2021-10-10,45626,13591,43320136,353482
2021-10-11,87120,41003,43407256,394485
2021-10-12,84207,46793,43491463,441278
2021-10-13,87876,51999,43579339,493277
2021-10-14,91156,58390,43670495,551667
2021-10-15,93203,55480,43763698,607147
2021-10-16,82649,36707,43846347,643854
2021-10-17,51261,23782,43897608,667636
2021-10-18,90041,59332,43987649,726968
2021-10-19,78097,69289,44065746,796257
2021-10-20,74818,78034,44140564,874291
2021-10-21,78064,81595,44218628,955886
2021-10-22,73642,76894,44292270,1032780
2021-10-23,60641,51886,44352911,1084666
2021-10-24,33310,23400,44386221,1108066
2021-10-25,64773,81518,44450994,1189584
2021-10-26,58240,91628,44509234,1281212
2021-10-27,58148,103832,44567382,1385044
2021-10-28,61284,113851,44628666,1498895
2021-10-29,61567,102948,44690233,1601843
2021-10-30,50546,68007,44740779,1669850
2021-10-31,25116,28237,44765895,1698087
2021-11-01,19013,28119,44784908,1726206
2021-11-02,62685,89208,44847593,1815414
2021-11-03,60632,118498,44908225,1933912
2021-11-04,59112,126457,44967337,2060369
2021-11-05,62965,134979,45030302,2195348
2021-11-06,46351,90796,45076653,2286144
2021-11-07,22204,37836,45098857,2323980
2021-11-08,51367,131114,45150224,2455094
2021-11-09,45308,143933,45195532,2599027
2021-11-10,42466,156035,45237998,2755062
2021-11-11,44799,154932,45282797,2909994
2021-11-12,46220,158369,45329017,3068363
2021-11-13,33115,116507,45362132,3184870
2021-11-14,14436,52394,45376568,3237264
2021-11-15,36773,157170,45413341,3394434
2021-11-16,30428,171170,45443769,3565604
2021-11-17,28314,178255,45472083,3743859
2021-11-18,30104,193459,45502187,3937318
2021-11-19,28650,205545,45530837,4142863
2021-11-20,20873,156159,45551710,4299022
2021-11-21,10535,64705,45562245,4363727
2021-11-22,21797,212918,45584042,4576645
2021-11-23,23419,241443,45607461,4818088
2021-11-24,27652,270618,45635113,5088706
2021-11-25,23026,301542,45658139,5390248
2021-11-26,24374,317907,45682513,5708155
2021-11-27,21200,265818,45703713,5973973
2021-11-28,9818,136827,45713531,6110800
2021-11-29,22088,325651,45735619,6436451
2021-11-30,22842,365356,45758461,6801807
2021-12-01,21242,412907,45779703,7214714
2021-12-02,23485,440121,45803188,7654835
2021-12-03,24939,467073,45828127,8121908
2021-12-04,22110,418527,45850237,8540435
2021-12-05,11732,261215,45861969,8801650
2021-12-06,25418,457328,45887387,9258978
2021-12-07,23768,479943,45911155,9738921
2021-12-08,9817,249548,45920972,9988469
2021-12-09,31131,491660,45952103,10480129
2021-12-10,27668,517488,45979771,10997617
2021-12-11,23196,459017,46002967,11456634
2021-12-12,12067,293322,46015034,11749956
2021-12-13,25737,467350,46040771,12217306
2021-12-14,24731,493891,46065502,12711197
2021-12-15,24894,516809,46090396,13228006
2021-12-16,27313,519898,46117709,13747904
2021-12-17,28851,516679,46146560,14264583
2021-12-18,26520,468440,46173080,14733023
2021-12-19,14818,300323,46187898,15033346
2021-12-20,30085,477174,46217983,15510520
2021-12-21,29875,493035,46247858,16003555
2021-12-22,28853,484367,46276711,16487922
2021-12-23,27637,426627,46304348,16914549
2021-12-24,12880,210700,46317228,17125249
2021-12-25,2079,33033,46319307,17158282
2021-12-26,8570,159006,46327877,17317288
2021-12-27,45938,504379,46373815,17821667
2021-12-28,41368,553834,46415183,18375501
2021-12-29,33067,550259,46448250,18925760
2021-12-30,30617,499448,46478867,19425208
2021-12-31,13363,247278,46492230,19672486
2022-01-01,3352,64774,46495582,19737260
2022-01-02,21689,276631,46517271,20013891
2022-01-03,45729,520721,46563000,20534612
2022-01-04,43878,572721,46606878,21107333
2022-01-05,37905,560997,46644783,21668330
2022-01-06,21755,274316,46666538,21942646
2022-01-07,60210,554642,46726748,22497288
2022-01-08,56986,503126,46783734,23000414
2022-01-09,39741,319546,46823475,23319960
2022-01-10,57801,542654,46881276,23862614
2022-01-11,57815,587378,46939091,24449992
2022-01-12,54402,581578,46993493,25031570
2022-01-13,54803,580741,47048296,25612311
2022-01-14,42845,588529,47091141,26200840
2022-01-15,34452,568347,47125593,26769187
2022-01-16,27973,341062,47153566,27110249
2022-01-17,52161,490076,47205727,27600325
2022-01-18,55866,517342,47261593,28117667
2022-01-19,54837,503107,47316430,28620774
2022-01-20,52115,499046,47368545,29119820
2022-01-21,39781,493954,47408326,29613774
2022-01-22,28297,469109,47436623,30082883
2022-01-23,33318,275062,47469941,30357945
2022-01-24,54608,437610,47524549,30795555
2022-01-25,60115,452369,47584664,31247924
2022-01-26,57000,436068,47641664,31683992
2022-01-27,47296,432395,47688960,32116387
2022-01-28,57009,436705,47745969,32553092
2022-01-29,66209,411722,47812178,32964814
2022-01-30,49063,235493,47861241,33200307
2022-01-31,59031,357165,47920272,33557472
2022-02-01,64240,328625,47984512,33886097
2022-02-02,61965,296899,48046477,34182996
2022-02-03,59015,274399,48105492,34457395
2022-02-04,71231,268184,48176723,34725579
2022-02-05,82266,247749,48258989,34973328
2022-02-06,54524,115833,48313513,35089161
2022-02-07,64158,199873,48377671,35289034
2022-02-08,65817,185472,48443488,35474506
2022-02-09,57525,164625,48501013,35639131
2022-02-10,27791,83298,48528804,35722429