data_somministrazione,vaccinazioni,booster,cum_vaccinazioni,cum_booster
2020-12-27,20,0,20,0
2020-12-28,2,0,22,0
2020-12-29,1,0,23,0
2020-12-30,10,0,33,0
2020-12-31,74,0,107,0
2021-01-01,24,0,131,0
2021-01-02,138,0,269,0
2021-01-03,100,0,369,0
2021-01-04,231,0,600,0
2021-01-05,276,0,876,0
2021-01-06,243,0,1119,0
2021-01-07,318,0,1437,0
2021-01-08,370,0,1807,0
2021-01-09,280,0,2087,0
2021-01-10,165,0,2252,0
2021-01-11,301,0,2553,0
2021-01-12,281,0,2834,0
2021-01-13,411,0,3245,0
2021-01-14,498,0,3743,0
2021-01-15,316,0,4059,0
2021-01-16,222,0,4281,0
2021-01-17,3063,0,7344,0
2021-01-18,5217,0,12561,0
2021-01-19,1894,0,14455,0
2021-01-20,4659,0,19114,0
2021-01-21,20008,0,39122,0
2021-01-22,14220,0,53342,0
2021-01-23,33328,0,86670,0
2021-01-24,30778,0,117448,0
2021-01-25,64715,0,182163,0
2021-01-26,76474,0,258637,0
2021-01-27,64820,0,323457,0
2021-01-28,89259,0,412716,0
2021-01-29,94005,0,506721,0
2021-01-30,86548,0,593269,0
2021-01-31,57325,0,650594,0
2021-02-01,81841,0,732435,0
2021-02-02,82135,0,814570,0
2021-02-03,91108,0,905678,0
2021-02-04,95391,0,1001069,0
2021-02-05,90266,0,1091335,0
2021-02-06,63447,0,1154782,0
2021-02-07,32934,0,1187716,0
2021-02-08,40425,0,1228141,0
2021-02-09,32879,0,1261020,0
2021-02-10,28434,0,1289454,0
2021-02-11,20405,0,1309859,0
2021-02-12,16247,0,1326106,0
2021-02-13,7279,0,1333385,0
2021-02-14,2862,0,1336247,0
2021-02-15,6846,0,1343093,0
2021-02-16,7004,0,1350097,0
2021-02-17,10526,0,1360623,0
2021-02-18,9253,0,1369876,0
2021-02-19,8254,0,1378130,0
2021-02-20,5577,0,1383707,0
2021-02-21,3011,0,1386718,0
2021-02-22,6882,0,1393600,0
2021-02-23,7186,0,1400786,0
2021-02-24,9813,0,1410599,0
2021-02-25,14214,0,1424813,0
2021-02-26,17556,0,1442369,0
2021-02-27,13918,0,1456287,0
2021-02-28,9393,0,1465680,0
2021-03-01,26522,0,1492202,0
2021-03-02,33246,0,1525448,0
2021-03-03,44646,0,1570094,0
2021-03-04,50298,0,1620392,0
2021-03-05,55738,0,1676130,0
2021-03-06,41876,0,1718006,0
2021-03-07,22328,0,1740334,0
2021-03-08,50832,0,1791166,0
2021-03-09,53087,0,1844253,0
2021-03-10,58676,0,1902929,0
2021-03-11,63879,0,1966808,0
2021-03-12,65130,0,2031938,0
2021-03-13,51729,0,2083667,0
2021-03-14,35417,0,2119084,0
2021-03-15,73458,0,2192542,0
2021-03-16,74028,0,2266570,0
2021-03-17,83138,0,2349708,0
2021-03-18,81627,0,2431335,0
2021-03-19,81091,0,2512426,0
2021-03-20,64736,0,2577162,0
2021-03-21,47309,0,2624471,0
2021-03-22,69497,0,2693968,0
2021-03-23,75808,0,2769776,0
2021-03-24,90918,0,2860694,0
2021-03-25,89820,0,2950514,0
2021-03-26,83642,0,3034156,0
2021-03-27,71954,0,3106110,0
2021-03-28,44176,0,3150286,0
2021-03-29,70844,0,3221130,0
2021-03-30,81401,0,3302531,0
2021-03-31,96258,0,3398789,0
2021-04-01,95322,0,3494111,0
2021-04-02,84084,0,3578195,0
2021-04-03,64302,0,3642497,0
2021-04-04,21723,0,3664220,0
2021-04-05,40318,0,3704538,0
2021-04-06,81334,0,3785872,0
2021-04-07,95840,0,3881712,0
2021-04-08,95255,0,3976967,0
2021-04-09,88499,0,4065466,0
2021-04-10,74033,0,4139499,0
2021-04-11,44768,0,4184267,0
2021-04-12,66920,0,4251187,0
2021-04-13,72587,0,4323774,0
2021-04-14,85552,0,4409326,0
2021-04-15,105425,0,4514751,0
2021-04-16,106426,0,4621177,0
2021-04-17,90526,0,4711703,0
2021-04-18,58597,0,4770300,0
2021-04-19,93435,0,4863735,0
2021-04-20,103776,0,4967511,0
2021-04-21,125344,0,5092855,0
2021-04-22,143525,0,5236380,0
2021-04-23,138749,0,5375129,0
2021-04-24,124454,0,5499583,0
2021-04-25,61468,0,5561051,0
2021-04-26,97907,0,5658958,0
2021-04-27,128369,0,5787327,0
2021-04-28,156385,0,5943712,0
2021-04-29,195615,0,6139327,0
2021-04-30,214607,0,6353934,0
2021-05-01,174136,0,6528070,0
2021-05-02,135803,0,6663873,0
2021-05-03,142065,0,6805938,0
2021-05-04,158710,0,6964648,0
2021-05-05,170534,0,7135182,0
2021-05-06,197821,0,7333003,0
2021-05-07,213869,0,7546872,0
2021-05-08,213439,0,7760311,0
2021-05-09,143219,0,7903530,0
2021-05-10,165102,0,8068632,0
2021-05-11,175004,0,8243636,0
2021-05-12,179208,0,8422844,0
2021-05-13,203414,0,8626258,0
2021-05-14,222941,0,8849199,0
2021-05-15,210387,0,9059586,0
2021-05-16,159285,0,9218871,0
2021-05-17,219217,0,9438088,0
2021-05-18,213030,0,9651118,0
2021-05-19,207097,0,9858215,0
2021-05-20,270885,0,10129100,0
2021-05-21,270906,0,10400006,0
2021-05-22,245541,0,10645547,0
2021-05-23,197188,0,10842735,0
2021-05-24,228308,0,11071043,0
2021-05-25,245701,0,11316744,0
2021-05-26,277513,0,11594257,0
2021-05-27,311095,0,11905352,0
2021-05-28,299583,0,12204935,0
2021-05-29,231243,0,12436178,0
2021-05-30,170850,0,12607028,0
2021-05-31,216434,0,12823462,0
2021-06-01,207640,0,13031102,0
2021-06-02,115801,0,13146903,0
2021-06-03,180169,0,13327072,0
2021-06-04,184914,0,13511986,0
2021-06-05,185990,0,13697976,0
2021-06-06,139580,0,13837556,0
2021-06-07,161900,0,13999456,0
2021-06-08,171275,0,14170731,0
2021-06-09,171518,0,14342249,0
2021-06-10,174145,0,14516394,0
2021-06-11,170013,0,14686407,0
2021-06-12,128373,0,14814780,0
2021-06-13,91219,0,14905999,0
2021-06-14,214709,0,15120708,0
2021-06-15,228450,0,15349158,0
2021-06-16,253109,0,15602267,0
2021-06-17,301771,0,15904038,0
2021-06-18,306325,0,16210363,0
2021-06-19,275117,0,16485480,0
2021-06-20,220814,0,16706294,0
2021-06-21,288094,0,16994388,0
2021-06-22,296247,0,17290635,0
2021-06-23,302703,0,17593338,0
2021-06-24,332617,0,17925955,0
2021-06-25,348727,0,18274682,0
2021-06-26,300141,0,18574823,0
2021-06-27,228687,0,18803510,0
2021-06-28,307145,0,19110655,0
2021-06-29,329327,0,19439982,0
2021-06-30,342209,0,19782191,0
2021-07-01,363244,0,20145435,0
2021-07-02,368495,0,20513930,0
2021-07-03,371100,0,20885030,0
2021-07-04,283236,0,21168266,0
2021-07-05,384562,0,21552828,0
2021-07-06,385488,0,21938316,0
2021-07-07,412139,0,22350455,0
2021-07-08,479596,0,22830051,0
2021-07-09,498470,0,23328521,0
2021-07-10,475173,0,23803694,0
2021-07-11,357698,0,24161392,0
2021-07-12,485882,0,24647274,0
2021-07-13,492087,0,25139361,0
2021-07-14,480446,0,25619807,0
2021-07-15,523436,0,26143243,0
2021-07-16,509761,0,26653004,0
2021-07-17,464329,0,27117333,0
2021-07-18,364639,0,27481972,0
2021-07-19,463036,0,27945008,0
2021-07-20,458056,0,28403064,0
2021-07-21,462790,0,28865854,0
2021-07-22,475386,0,29341240,0
2021-07-23,441324,0,29782564,0
2021-07-24,386148,0,30168712,0
2021-07-25,287558,0,30456270,0
2021-07-26,430892,0,30887162,0
2021-07-27,440117,0,31327279,0
2021-07-28,391024,0,31718303,0
2021-07-29,372079,0,32090382,0
2021-07-30,341522,0,32431904,0
2021-07-31,287042,0,32718946,0
2021-08-01,191002,0,32909948,0
2021-08-02,333708,0,33243656,0
2021-08-03,323189,0,33566845,0
2021-08-04,310984,0,33877829,0
2021-08-05,292490,0,34170319,0
2021-08-06,260034,0,34430353,0
2021-08-07,199061,0,34629414,0
2021-08-08,153108,0,34782522,0
2021-08-09,234086,0,35016608,0
2021-08-10,205270,0,35221878,0
2021-08-11,193784,0,35415662,0
2021-08-12,168058,0,35583720,0
2021-08-13,148655,0,35732375,0
2021-08-14,66101,0,35798476,0
2021-08-15,26341,0,35824817,0
2021-08-16,114709,0,35939526,0
2021-08-17,129255,0,36068781,0
2021-08-18,128765,0,36197546,0
2021-08-19,124840,0,36322386,0
2021-08-20,123800,0,36446186,0
2021-08-21,83137,0,36529323,0
2021-08-22,68178,0,36597501,0
2021-08-23,176873,0,36774374,0
2021-08-24,156900,0,36931274,0
2021-08-25,177180,0,37108454,0
2021-08-26,172357,0,37280811,0
2021-08-27,185834,0,37466645,0
2021-08-28,140285,0,37606930,0
2021-08-29,98991,0,37705921,0
2021-08-30,209585,0,37915506,0
2021-08-31,194643,0,38110149,0
2021-09-01,192215,0,38302364,0
2021-09-02,189934,0,38492298,0
2021-09-03,191290,0,38683588,0
2021-09-04,131456,0,38815044,0
2021-09-05,87853,0,38902897,0
2021-09-06,193614,0,39096511,0
2021-09-07,196040,0,39292551,0
2021-09-08,187871,0,39480422,0
2021-09-09,201435,0,39681857,0
2021-09-10,198066,0,39879923,0
2021-09-11,141290,0,40021213,0
2021-09-12,89590,0,40110803,0
2021-09-13,191115,630,40301918,630
2021-09-14,177222,636,40479140,1266
2021-09-15,163085,639,40642225,1905
2021-09-16,160052,987,40802277,2892
2021-09-17,150164,1159,40952441,4051
2021-09-18,127985,768,41080426,4819
2021-09-19,81142,506,41161568,5325
2021-09-20,180068,9117,41341636,14442
2021-09-21,166670,8855,41508306,23297
2021-09-22,159111,9460,41667417,32757
2021-09-23,138094,9352,41805511,42109
2021-09-24,140559,8999,41946070,51108
2021-09-25,119562,5666,42065632,56774
2021-09-26,71991,4360,42137623,61134
2021-09-27,135667,10074,42273290,71208
2021-09-28,117517,11418,42390807,82626
2021-09-29,112370,11849,42503177,94475
2021-09-30,110280,14977,42613457,109452
2021-10-01,94995,19138,42708452,128590
2021-10-02,78517,14041,42786969,142631
2021-10-03,47758,7668,42834727,150299
2021-10-04,88389,34478,42923116,184777
2021-10-05,80382,34012,43003498,218789
2021-10-06,72004,34202,43075502,252991
2021-10-07,71878,34369,43147380,287360
2021-10-08,80632,33621,43228012,320981
2021-10-09,76111,22190,43304123,343171
2021-10-10,45788,13630,43349911,356801
2021-10-11,87447,41128,43437358,397929
2021-10-12,84518,46928,43521876,444857
2021-10-13,88212,52159,43610088,497016
2021-10-14,91548,58553,43701636,555569
2021-10-15,93600,55669,43795236,611238
2021-10-16,82970,36820,43878206,648058
2021-10-17,51463,23856,43929669,671914
2021-10-18,90300,59515,44019969,731429
2021-10-19,78350,69401,44098319,800830
2021-10-20,75066,78202,44173385,879032
2021-10-21,78293,81805,44251678,960837
2021-10-22,73774,77073,44325452,1037910
2021-10-23,60834,51973,44386286,1089883
2021-10-24,33368,23478,44419654,1113361
2021-10-25,64900,81660,44484554,1195021
2021-10-26,58375,91830,44542929,1286851
2021-10-27,58317,104027,44601246,1390878
2021-10-28,61452,114149,44662698,1505027
2021-10-29,61638,103175,44724336,1608202
2021-10-30,50680,68136,44775016,1676338
2021-10-31,25160,28308,44800176,1704646
2021-11-01,19049,28157,44819225,1732803
2021-11-02,62740,89431,44881965,1822234
2021-11-03,60719,118694,44942684,1940928
2021-11-04,59239,126695,45001923,2067623
2021-11-05,63094,135215,45065017,2202838
2021-11-06,46487,90937,45111504,2293775
2021-11-07,22251,37903,45133755,2331678
2021-11-08,51530,131292,45185285,2462970
2021-11-09,45402,144235,45230687,2607205
2021-11-10,42593,156370,45273280,2763575
2021-11-11,44928,155167,45318208,2918742
2021-11-12,46312,158677,45364520,3077419
2021-11-13,33264,116676,45397784,3194095
2021-11-14,14491,52458,45412275,3246553
2021-11-15,36909,157443,45449184,3403996
2021-11-16,30566,171403,45479750,3575399
2021-11-17,28469,178459,45508219,3753858
2021-11-18,30294,193761,45538513,3947619
2021-11-19,28815,205880,45567328,4153499
2021-11-20,21004,156458,45588332,4309957
2021-11-21,10611,64871,45598943,4374828
2021-11-22,21957,213161,45620900,4587989
2021-11-23,23602,241797,45644502,4829786
2021-11-24,27806,271039,45672308,5100825
2021-11-25,23264,301932,45695572,5402757
2021-11-26,24597,318302,45720169,5721059
2021-11-27,21402,266168,45741571,5987227
2021-11-28,9908,137067,45751479,6124294
2021-11-29,22361,326076,45773840,6450370
2021-11-30,23114,365861,45796954,6816231
2021-12-01,21550,413528,45818504,7229759
2021-12-02,23790,440437,45842294,7670196
2021-12-03,25268,467529,45867562,8137725
2021-12-04,22393,418792,45889955,8556517
2021-12-05,11944,261364,45901899,8817881
2021-12-06,25838,457629,45927737,9275510
2021-12-07,24157,480299,45951894,9755809
2021-12-08,10028,249717,45961922,10005526
2021-12-09,31618,491958,45993540,10497484
2021-12-10,28095,517923,46021635,11015407
2021-12-11,23584,459273,46045219,11474680
2021-12-12,12318,293524,46057537,11768204
2021-12-13,26172,467653,46083709,12235857
2021-12-14,25201,494233,46108910,12730090
2021-12-15,25367,517190,46134277,13247280
2021-12-16,27920,520299,46162197,13767579
2021-12-17,29392,517214,46191589,14284793
2021-12-18,27101,468775,46218690,14753568
2021-12-19,15169,300539,46233859,15054107
2021-12-20,30670,477499,46264529,15531606
2021-12-21,30406,493428,46294935,16025034
2021-12-22,29476,484749,46324411,16509783
2021-12-23,28285,426953,46352696,16936736
2021-12-24,13124,210840,46365820,17147576
2021-12-25,2104,33053,46367924,17180629
2021-12-26,8773,159076,46376697,17339705
2021-12-27,46840,504690,46423537,17844395
2021-12-28,42506,554251,46466043,18398646
2021-12-29,34393,550673,46500436,18949319
2021-12-30,31885,499861,46532321,19449180
2021-12-31,14143,247405,46546464,19696585
2022-01-01,3498,64815,46549962,19761400
2022-01-02,22816,276727,46572778,20038127
2022-01-03,47922,520035,46620700,20558162
2022-01-04,46455,572100,46667155,21130262
2022-01-05,40822,560414,46707977,21690676
2022-01-06,23529,274490,46731506,21965166
2022-01-07,63782,554219,46795288,22519385
2022-01-08,60950,503410,46856238,23022795
2022-01-09,42940,319699,46899178,23342494
2022-01-10,61152,542323,46960330,23884817
2022-01-11,61825,587035,47022155,24471852
2022-01-12,58530,581301,47080685,25053153
2022-01-13,58692,580429,47139377,25633582
2022-01-14,46915,588605,47186292,26222187
2022-01-15,39535,569979,47225827,26792166
2022-01-16,31295,341888,47257122,27134054
2022-01-17,54840,489684,47311962,27623738
2022-01-18,58458,517046,47370420,28140784
2022-01-19,57255,502820,47427675,28643604
2022-01-20,54405,498854,47482080,29142458
2022-01-21,42162,493897,47524242,29636355
2022-01-22,31270,469616,47555512,30105971
2022-01-23,34973,275387,47590485,30381358
2022-01-24,56222,437242,47646707,30818600
2022-01-25,61586,452128,47708293,31270728
2022-01-26,58574,435845,47766867,31706573
2022-01-27,48881,432398,47815748,32138971
2022-01-28,58740,436552,47874488,32575523
2022-01-29,68177,412509,47942665,32988032
2022-01-30,50402,235985,47993067,33224017
2022-01-31,60687,356943,48053754,33580960
2022-02-01,65596,328462,48119350,33909422
2022-02-02,63238,296989,48182588,34206411
2022-02-03,60085,274529,48242673,34480940
2022-02-04,72397,268468,48315070,34749408
2022-02-05,83817,248546,48398887,34997954
2022-02-06,55304,116207,48454191,35114161
2022-02-07,65172,199946,48519363,35314107
2022-02-08,66951,186124,48586314,35500231
2022-02-09,58773,166347,48645087,35666578
2022-02-10,58597,163242,48703684,35829820
2022-02-11,62272,162473,48765956,35992293
2022-02-12,72000,152152,48837956,36144445
2022-02-13,41478,68854,48879434,36213299
2022-02-14,46706,116189,48926140,36329488
2022-02-15,48555,123481,48974695,36452969
2022-02-16,45685,106126,49020380,36559095
2022-02-17,42870,98117,49063250,36657212
2022-02-18,46632,112580,49109882,36769792
2022-02-19,52542,100339,49162424,36870131
2022-02-20,31411,40368,49193835,36910499
2022-02-21,37899,89658,49231734,37000157
2022-02-22,37225,83780,49268959,37083937
2022-02-23,33400,79409,49302359,37163346
2022-02-24,32562,78163,49334921,37241509
2022-02-25,34768,90713,49369689,37332222
2022-02-26,39160,89136,49408849,37421358
2022-02-27,22546,35857,49431395,37457215
2022-02-28,28483,81695,49459878,37538910
2022-03-01,22724,53942,49482602,37592852
2022-03-02,21958,50684,49504560,37643536
2022-03-03,22628,54947,49527188,37698483
2022-03-04,23239,62799,49550427,37761282
2022-03-05,23802,57952,49574229,37819234
2022-03-06,9472,17201,49583701,37836435
2022-03-07,15920,51391,49599621,37887826
2022-03-08,15480,48795,49615101,37936621
2022-03-09,13814,46519,49628915,37983140
2022-03-10,14053,52123,49642968,38035263
2022-03-11,15590,57268,49658558,38092531
2022-03-12,15509,56619,49674067,38149150
2022-03-13,5546,16851,49679613,38166001
2022-03-14,10526,46700,49690139,38212701
2022-03-15,10550,46895,49700689,38259596
2022-03-16,9482,41974,49710171,38301570
2022-03-17,9722,44874,49719893,38346444
2022-03-18,10160,49058,49730053,38395502
2022-03-19,9150,46535,49739203,38442037
2022-03-20,2608,11704,49741811,38453741
2022-03-21,7580,40225,49749391,38493966
2022-03-22,8447,37764,49757838,38531730
2022-03-23,7216,33701,49765054,38565431
2022-03-24,8258,38819,49773312,38604250
2022-03-25,8140,43670,49781452,38647920
2022-03-26,8127,41721,49789579,38689641
2022-03-27,2431,9682,49792010,38699323
2022-03-28,6112,35240,49798122,38734563
2022-03-29,5779,32531,49803901,38767094
2022-03-30,5566,30205,49809467,38797299
2022-03-31,5901,33185,49815368,38830484
2022-04-01,4349,25190,49819717,38855674
2022-04-02,4496,23275,49824213,38878949
2022-04-03,1049,4500,49825262,38883449
2022-04-04,3658,21544,49828920,38904993
2022-04-05,3756,22934,49832676,38927927
2022-04-06,4103,21853,49836779,38949780
2022-04-07,3970,23319,49840749,38973099
2022-04-08,4696,26713,49845445,38999812
2022-04-09,4383,23887,49849828,39023699
2022-04-10,892,4613,49850720,39028312
2022-04-11,3817,22689,49854537,39051001
2022-04-12,3365,21778,49857902,39072779
2022-04-13,3568,21335,49861470,39094114
2022-04-14,3486,23786,49864956,39117900
2022-04-15,3084,20620,49868040,39138520
2022-04-16,2149,11918,49870189,39150438
2022-04-17,63,348,49870252,39150786
2022-04-18,152,650,49870404,39151436
2022-04-19,3499,21982,49873903,39173418
2022-04-20,3510,20252,49877413,39193670
2022-04-21,2847,19790,49880260,39213460
2022-04-22,2928,20704,49883188,39234164
2022-04-23,2646,16220,49885834,39250384
2022-04-24,509,2334,49886343,39252718
2022-04-25,183,1165,49886526,39253883
2022-04-26,2759,17809,49889285,39271692
2022-04-27,2374,15793,49891659,39287485
2022-04-28,2360,15562,49894019,39303047
2022-04-29,2296,14848,49896315,39317895
2022-04-30,2123,11581,49898438,39329476
2022-05-01,113,531,49898551,39330007
2022-05-02,1451,9391,49900002,39339398
2022-05-03,1576,10321,49901578,39349719
2022-05-04,1745,10270,49903323,39359989
2022-05-05,1654,10296,49904977,39370285
2022-05-06,1702,10965,49906679,39381250
2022-05-07,1431,8569,49908110,39389819
2022-05-08,416,1522,49908526,39391341
2022-05-09,1027,8929,49909553,39400270
2022-05-10,1426,9548,49910979,39409818
2022-05-11,1483,10105,49912462,39419923
2022-05-12,1370,10131,49913832,39430054
2022-05-13,1596,10518,49915428,39440572
2022-05-14,1357,8237,49916785,39448809
2022-05-15,336,1134,49917121,39449943
2022-05-16,813,8405,49917934,39458348
2022-05-17,1243,8697,49919177,39467045
2022-05-18,1372,9233,49920549,39476278
2022-05-19,1500,9278,49922049,39485556
2022-05-20,1422,9532,49923471,39495088
2022-05-21,1300,7899,49924771,39502987
2022-05-22,231,1014,49925002,39504001
2022-05-23,830,8270,49925832,39512271
2022-05-24,1073,8672,49926905,39520943
2022-05-25,1370,9460,49928275,39530403
2022-05-26,1195,9479,49929470,39539882
2022-05-27,1232,9915,49930702,39549797
2022-05-28,1205,7887,49931907,39557684
2022-05-29,288,1265,49932195,39558949
2022-05-30,930,8056,49933125,39567005
2022-05-31,1036,8547,49934161,39575552
2022-06-01,893,7655,49935054,39583207
2022-06-02,35,474,49935089,39583681
2022-06-03,818,7333,49935907,39591014
2022-06-04,870,5163,49936777,39596177
2022-06-05,89,586,49936866,39596763
2022-06-06,678,7003,49937544,39603766
2022-06-07,952,7849,49938496,39611615
2022-06-08,981,7907,49939477,39619522
2022-06-09,1036,8416,49940513,39627938
2022-06-10,958,8564,49941471,39636502
2022-06-11,903,6207,49942374,39642709
2022-06-12,140,768,49942514,39643477
2022-06-13,602,6301,49943116,39649778
2022-06-14,831,7902,49943947,39657680
2022-06-15,960,7854,49944907,39665534
2022-06-16,730,7395,49945637,39672929
2022-06-17,724,7247,49946361,39680176
2022-06-18,777,5593,49947138,39685769
2022-06-19,48,522,49947186,39686291
2022-06-20,587,6699,49947773,39692990
2022-06-21,737,7665,49948510,39700655
2022-06-22,781,7308,49949291,39707963
2022-06-23,652,7468,49949943,39715431
2022-06-24,644,7473,49950587,39722904
2022-06-25,835,6535,49951422,39729439
2022-06-26,128,523,49951550,39729962
2022-06-27,533,7124,49952083,39737086
2022-06-28,746,8207,49952829,39745293
2022-06-29,756,7731,49953585,39753024
2022-06-30,746,8145,49954331,39761169
2022-07-01,577,6443,49954908,39767612
2022-07-02,536,4770,49955444,39772382
2022-07-03,49,456,49955493,39772838
2022-07-04,469,6277,49955962,39779115
2022-07-05,630,8118,49956592,39787233
2022-07-06,633,7611,49957225,39794844
2022-07-07,573,8270,49957798,39803114
2022-07-08,672,8083,49958470,39811197
2022-07-09,550,6104,49959020,39817301
2022-07-10,58,533,49959078,39817834
2022-07-11,488,7638,49959566,39825472
2022-07-12,667,9030,49960233,39834502
2022-07-13,643,10068,49960876,39844570
2022-07-14,636,10225,49961512,39854795
2022-07-15,625,10666,49962137,39865461
2022-07-16,522,7214,49962659,39872675
2022-07-17,48,770,49962707,39873445
2022-07-18,496,9369,49963203,39882814
2022-07-19,575,10683,49963778,39893497
2022-07-20,580,11274,49964358,39904771
2022-07-21,628,12088,49964986,39916859
2022-07-22,584,11256,49965570,39928115
2022-07-23,381,6773,49965951,39934888
2022-07-24,76,857,49966027,39935745
2022-07-25,503,9051,49966530,39944796
2022-07-26,518,9758,49967048,39954554
2022-07-27,553,10207,49967601,39964761
2022-07-28,532,10535,49968133,39975296
2022-07-29,509,9464,49968642,39984760
2022-07-30,382,5881,49969024,39990641
2022-07-31,49,764,49969073,39991405
2022-08-01,386,6863,49969459,39998268
2022-08-02,542,7588,49970001,40005856
2022-08-03,511,7176,49970512,40013032
2022-08-04,456,7488,49970968,40020520
2022-08-05,420,6528,49971388,40027048
2022-08-06,299,3613,49971687,40030661
2022-08-07,44,561,49971731,40031222
2022-08-08,402,4891,49972133,40036113
2022-08-09,381,5310,49972514,40041423
2022-08-10,384,4816,49972898,40046239
2022-08-11,369,4783,49973267,40051022
2022-08-12,293,3720,49973560,40054742
2022-08-13,143,1600,49973703,40056342
2022-08-14,9,129,49973712,40056471
2022-08-15,1,26,49973713,40056497
2022-08-16,283,3043,49973996,40059540
2022-08-17,352,3536,49974348,40063076
2022-08-18,391,4161,49974739,40067237
2022-08-19,341,3320,49975080,40070557
2022-08-20,183,1715,49975263,40072272
2022-08-21,24,149,49975287,40072421
2022-08-22,329,2952,49975616,40075373
2022-08-23,370,3674,49975986,40079047
2022-08-24,384,3359,49976370,40082406
2022-08-25,421,3773,49976791,40086179
2022-08-26,399,3573,49977190,40089752
2022-08-27,237,1769,49977427,40091521
2022-08-28,29,267,49977456,40091788
2022-08-29,354,3161,49977810,40094949
2022-08-30,403,3671,49978213,40098620
2022-08-31,437,3735,49978650,40102355
2022-09-01,353,3116,49979003,40105471
2022-09-02,296,2893,49979299,40108364
2022-09-03,200,1688,49979499,40110052
2022-09-04,23,149,49979522,40110201
2022-09-05,187,2656,49979709,40112857
2022-09-06,303,2983,49980012,40115840
2022-09-07,540,2937,49980552,40118777
2022-09-08,292,2962,49980844,40121739
2022-09-09,305,2884,49981149,40124623
2022-09-10,227,1326,49981376,40125949
2022-09-11,23,124,49981399,40126073
2022-09-12,267,2267,49981666,40128340
2022-09-13,252,2276,49981918,40130616
2022-09-14,266,2565,49982184,40133181
2022-09-15,281,2497,49982465,40135678
2022-09-16,254,2544,49982719,40138222
2022-09-17,239,1339,49982958,40139561
2022-09-18,20,170,49982978,40139731
2022-09-19,206,1970,49983184,40141701
2022-09-20,236,2385,49983420,40144086
2022-09-21,289,2526,49983709,40146612
2022-09-22,264,2662,49983973,40149274
2022-09-23,258,2541,49984231,40151815
2022-09-24,193,1427,49984424,40153242
2022-09-25,29,133,49984453,40153375
2022-09-26,280,2248,49984733,40155623
2022-09-27,287,2683,49985020,40158306
2022-09-28,309,2896,49985329,40161202
2022-09-29,256,3048,49985585,40164250
2022-09-30,290,2987,49985875,40167237
2022-10-01,195,1515,49986070,40168752
2022-10-02,12,187,49986082,40168939
2022-10-03,182,2474,49986264,40171413
2022-10-04,236,2865,49986500,40174278
2022-10-05,229,3249,49986729,40177527
2022-10-06,243,3874,49986972,40181401
2022-10-07,282,4186,49987254,40185587
2022-10-08,202,2270,49987456,40187857
2022-10-09,8,304,49987464,40188161
2022-10-10,210,3354,49987674,40191515
2022-10-11,192,4374,49987866,40195889
2022-10-12,209,4435,49988075,40200324
2022-10-13,201,5301,49988276,40205625
2022-10-14,231,5022,49988507,40210647
2022-10-15,189,2671,49988696,40213318
2022-10-16,6,360,49988702,40213678
2022-10-17,187,3869,49988889,40217547
2022-10-18,256,4958,49989145,40222505
2022-10-19,241,5466,49989386,40227971
2022-10-20,224,5988,49989610,40233959
2022-10-21,249,5470,49989859,40239429
2022-10-22,195,2909,49990054,40242338
2022-10-23,13,356,49990067,40242694
2022-10-24,171,3918,49990238,40246612
2022-10-25,251,4919,49990489,40251531
2022-10-26,342,5476,49990831,40257007
2022-10-27,239,5661,49991070,40262668
2022-10-28,198,5254,49991268,40267922
2022-10-29,128,2844,49991396,40270766
2022-10-30,3,326,49991399,40271092
2022-10-31,117,3034,49991516,40274126
2022-11-01,10,330,49991526,40274456
2022-11-02,143,3702,49991669,40278158
2022-11-03,172,4766,49991841,40282924
2022-11-04,224,4583,49992065,40287507
2022-11-05,143,2590,49992208,40290097
2022-11-06,10,258,49992218,40290355
2022-11-07,161,3216,49992379,40293571
2022-11-08,259,4210,49992638,40297781
2022-11-09,197,4301,49992835,40302082
2022-11-10,182,4563,49993017,40306645
2022-11-11,190,4203,49993207,40310848
2022-11-12,153,2349,49993360,40313197
2022-11-13,7,331,49993367,40313528
2022-11-14,149,2824,49993516,40316352
2022-11-15,200,3713,49993716,40320065
2022-11-16,210,3935,49993926,40324000
2022-11-17,190,4046,49994116,40328046
2022-11-18,244,3959,49994360,40332005
2022-11-19,111,2054,49994471,40334059
2022-11-20,24,308,49994495,40334367
2022-11-21,119,2582,49994614,40336949
2022-11-22,140,3130,49994754,40340079
2022-11-23,186,3495,49994940,40343574
2022-11-24,124,3290,49995064,40346864
2022-11-25,178,3364,49995242,40350228