data_somministrazione,vaccinazioni,booster,cum_vaccinazioni,cum_booster
2020-12-27,16,0,16,0
2020-12-28,2,0,18,0
2020-12-29,1,0,19,0
2020-12-30,3,0,22,0
2020-12-31,37,0,59,0
2021-01-01,13,0,72,0
2021-01-02,59,0,131,0
2021-01-03,46,0,177,0
2021-01-04,129,0,306,0
2021-01-05,170,0,476,0
2021-01-06,140,0,616,0
2021-01-07,208,0,824,0
2021-01-08,253,0,1077,0
2021-01-09,184,0,1261,0
2021-01-10,110,0,1371,0
2021-01-11,207,0,1578,0
2021-01-12,213,0,1791,0
2021-01-13,317,0,2108,0
2021-01-14,417,0,2525,0
2021-01-15,256,0,2781,0
2021-01-16,172,0,2953,0
2021-01-17,3050,0,6003,0
2021-01-18,5189,0,11192,0
2021-01-19,1878,0,13070,0
2021-01-20,4650,0,17720,0
2021-01-21,20010,0,37730,0
2021-01-22,14199,0,51929,0
2021-01-23,33358,0,85287,0
2021-01-24,30797,0,116084,0
2021-01-25,64778,0,180862,0
2021-01-26,76548,0,257410,0
2021-01-27,64880,0,322290,0
2021-01-28,89349,0,411639,0
2021-01-29,94076,0,505715,0
2021-01-30,86617,0,592332,0
2021-01-31,57355,0,649687,0
2021-02-01,81910,0,731597,0
2021-02-02,82171,0,813768,0
2021-02-03,91217,0,904985,0
2021-02-04,95391,0,1000376,0
2021-02-05,90297,0,1090673,0
2021-02-06,63738,0,1154411,0
2021-02-07,32917,0,1187328,0
2021-02-08,40415,0,1227743,0
2021-02-09,32848,0,1260591,0
2021-02-10,28395,0,1288986,0
2021-02-11,20357,0,1309343,0
2021-02-12,16185,0,1325528,0
2021-02-13,7217,0,1332745,0
2021-02-14,2856,0,1335601,0
2021-02-15,6828,0,1342429,0
2021-02-16,6975,0,1349404,0
2021-02-17,10500,0,1359904,0
2021-02-18,9223,0,1369127,0
2021-02-19,8185,0,1377312,0
2021-02-20,5482,0,1382794,0
2021-02-21,2952,0,1385746,0
2021-02-22,6842,0,1392588,0
2021-02-23,7115,0,1399703,0
2021-02-24,9801,0,1409504,0
2021-02-25,14174,0,1423678,0
2021-02-26,17508,0,1441186,0
2021-02-27,13866,0,1455052,0
2021-02-28,9353,0,1464405,0
2021-03-01,26456,0,1490861,0
2021-03-02,33182,0,1524043,0
2021-03-03,44613,0,1568656,0
2021-03-04,50227,0,1618883,0
2021-03-05,55759,0,1674642,0
2021-03-06,41851,0,1716493,0
2021-03-07,22299,0,1738792,0
2021-03-08,50547,0,1789339,0
2021-03-09,52918,0,1842257,0
2021-03-10,58537,0,1900794,0
2021-03-11,63757,0,1964551,0
2021-03-12,65024,0,2029575,0
2021-03-13,51662,0,2081237,0
2021-03-14,35350,0,2116587,0
2021-03-15,73368,0,2189955,0
2021-03-16,73991,0,2263946,0
2021-03-17,83098,0,2347044,0
2021-03-18,81594,0,2428638,0
2021-03-19,81026,0,2509664,0
2021-03-20,64649,0,2574313,0
2021-03-21,47250,0,2621563,0
2021-03-22,69408,0,2690971,0
2021-03-23,75709,0,2766680,0
2021-03-24,90791,0,2857471,0
2021-03-25,89711,0,2947182,0
2021-03-26,83502,0,3030684,0
2021-03-27,71826,0,3102510,0
2021-03-28,44047,0,3146557,0
2021-03-29,70702,0,3217259,0
2021-03-30,81264,0,3298523,0
2021-03-31,96108,0,3394631,0
2021-04-01,95208,0,3489839,0
2021-04-02,83984,0,3573823,0
2021-04-03,64248,0,3638071,0
2021-04-04,21695,0,3659766,0
2021-04-05,40266,0,3700032,0
2021-04-06,81235,0,3781267,0
2021-04-07,95736,0,3877003,0
2021-04-08,95159,0,3972162,0
2021-04-09,88404,0,4060566,0
2021-04-10,73948,0,4134514,0
2021-04-11,44703,0,4179217,0
2021-04-12,66846,0,4246063,0
2021-04-13,72502,0,4318565,0
2021-04-14,85431,0,4403996,0
2021-04-15,105312,0,4509308,0
2021-04-16,106311,0,4615619,0
2021-04-17,90412,0,4706031,0
2021-04-18,58530,0,4764561,0
2021-04-19,93384,0,4857945,0
2021-04-20,103690,0,4961635,0
2021-04-21,125266,0,5086901,0
2021-04-22,143424,0,5230325,0
2021-04-23,138610,0,5368935,0
2021-04-24,124352,0,5493287,0
2021-04-25,61398,0,5554685,0
2021-04-26,97799,0,5652484,0
2021-04-27,128263,0,5780747,0
2021-04-28,156240,0,5936987,0
2021-04-29,195435,0,6132422,0
2021-04-30,214423,0,6346845,0
2021-05-01,174003,0,6520848,0
2021-05-02,135719,0,6656567,0
2021-05-03,141887,0,6798454,0
2021-05-04,158591,0,6957045,0
2021-05-05,170348,0,7127393,0
2021-05-06,197677,0,7325070,0
2021-05-07,213660,0,7538730,0
2021-05-08,213277,0,7752007,0
2021-05-09,143078,0,7895085,0
2021-05-10,164987,0,8060072,0
2021-05-11,174819,0,8234891,0
2021-05-12,178988,0,8413879,0
2021-05-13,203172,0,8617051,0
2021-05-14,222746,0,8839797,0
2021-05-15,210150,0,9049947,0
2021-05-16,159149,0,9209096,0
2021-05-17,219069,0,9428165,0
2021-05-18,212886,0,9641051,0
2021-05-19,206937,0,9847988,0
2021-05-20,270697,0,10118685,0
2021-05-21,270697,0,10389382,0
2021-05-22,245390,0,10634772,0
2021-05-23,197095,0,10831867,0
2021-05-24,228212,0,11060079,0
2021-05-25,245579,0,11305658,0
2021-05-26,277379,0,11583037,0
2021-05-27,310916,0,11893953,0
2021-05-28,299433,0,12193386,0
2021-05-29,231051,0,12424437,0
2021-05-30,170728,0,12595165,0
2021-05-31,216273,0,12811438,0
2021-06-01,207525,0,13018963,0
2021-06-02,115667,0,13134630,0
2021-06-03,179912,0,13314542,0
2021-06-04,184610,0,13499152,0
2021-06-05,185761,0,13684913,0
2021-06-06,139329,0,13824242,0
2021-06-07,161616,0,13985858,0
2021-06-08,170904,0,14156762,0
2021-06-09,171208,0,14327970,0
2021-06-10,173782,0,14501752,0
2021-06-11,169675,0,14671427,0
2021-06-12,128085,0,14799512,0
2021-06-13,90989,0,14890501,0
2021-06-14,214483,0,15104984,0
2021-06-15,228208,0,15333192,0
2021-06-16,252887,0,15586079,0
2021-06-17,301514,0,15887593,0
2021-06-18,306086,0,16193679,0
2021-06-19,274918,0,16468597,0
2021-06-20,220536,0,16689133,0
2021-06-21,287894,0,16977027,0
2021-06-22,296016,0,17273043,0
2021-06-23,302584,0,17575627,0
2021-06-24,332409,0,17908036,0
2021-06-25,348576,0,18256612,0
2021-06-26,299954,0,18556566,0
2021-06-27,228515,0,18785081,0
2021-06-28,306862,0,19091943,0
2021-06-29,329042,0,19420985,0
2021-06-30,341946,0,19762931,0
2021-07-01,362983,0,20125914,0
2021-07-02,368304,0,20494218,0
2021-07-03,370980,0,20865198,0
2021-07-04,283070,0,21148268,0
2021-07-05,384402,0,21532670,0
2021-07-06,385286,0,21917956,0
2021-07-07,411957,0,22329913,0
2021-07-08,479615,0,22809528,0
2021-07-09,498491,0,23308019,0
2021-07-10,475155,0,23783174,0
2021-07-11,357693,0,24140867,0
2021-07-12,485899,0,24626766,0
2021-07-13,492144,0,25118910,0
2021-07-14,480464,0,25599374,0
2021-07-15,523506,0,26122880,0
2021-07-16,509773,0,26632653,0
2021-07-17,464426,0,27097079,0
2021-07-18,364703,0,27461782,0
2021-07-19,463074,0,27924856,0
2021-07-20,458088,0,28382944,0
2021-07-21,462754,0,28845698,0
2021-07-22,475355,0,29321053,0
2021-07-23,441226,0,29762279,0
2021-07-24,386120,0,30148399,0
2021-07-25,287576,0,30435975,0
2021-07-26,430839,0,30866814,0
2021-07-27,440048,0,31306862,0
2021-07-28,390926,0,31697788,0
2021-07-29,371988,0,32069776,0
2021-07-30,341299,0,32411075,0
2021-07-31,286889,0,32697964,0
2021-08-01,190820,0,32888784,0
2021-08-02,333535,0,33222319,0
2021-08-03,323066,0,33545385,0
2021-08-04,310820,0,33856205,0
2021-08-05,292450,0,34148655,0
2021-08-06,259882,0,34408537,0
2021-08-07,198926,0,34607463,0
2021-08-08,153023,0,34760486,0
2021-08-09,233950,0,34994436,0
2021-08-10,205125,0,35199561,0
2021-08-11,193569,0,35393130,0
2021-08-12,167761,0,35560891,0
2021-08-13,148427,0,35709318,0
2021-08-14,66016,0,35775334,0
2021-08-15,26310,0,35801644,0
2021-08-16,114559,0,35916203,0
2021-08-17,129138,0,36045341,0
2021-08-18,128615,0,36173956,0
2021-08-19,124652,0,36298608,0
2021-08-20,123670,0,36422278,0
2021-08-21,83027,0,36505305,0
2021-08-22,68098,0,36573403,0
2021-08-23,176748,0,36750151,0
2021-08-24,156813,0,36906964,0
2021-08-25,177060,0,37084024,0
2021-08-26,172246,0,37256270,0
2021-08-27,185792,0,37442062,0
2021-08-28,140159,0,37582221,0
2021-08-29,98985,0,37681206,0
2021-08-30,209548,0,37890754,0
2021-08-31,194481,0,38085235,0
2021-09-01,192086,0,38277321,0
2021-09-02,189815,0,38467136,0
2021-09-03,191275,0,38658411,0
2021-09-04,131436,0,38789847,0
2021-09-05,87831,0,38877678,0
2021-09-06,193636,0,39071314,0
2021-09-07,195973,0,39267287,0
2021-09-08,187853,0,39455140,0
2021-09-09,201417,0,39656557,0
2021-09-10,198014,0,39854571,0
2021-09-11,141238,0,39995809,0
2021-09-12,89546,0,40085355,0
2021-09-13,191163,359,40276518,359
2021-09-14,177223,438,40453741,797
2021-09-15,163040,465,40616781,1262
2021-09-16,160010,798,40776791,2060
2021-09-17,150024,1010,40926815,3070
2021-09-18,127833,660,41054648,3730
2021-09-19,81049,446,41135697,4176
2021-09-20,179897,8958,41315594,13134
2021-09-21,166433,8732,41482027,21866
2021-09-22,158851,9368,41640878,31234
2021-09-23,137840,9242,41778718,40476
2021-09-24,140326,8866,41919044,49342
2021-09-25,119400,5556,42038444,54898
2021-09-26,71818,4299,42110262,59197
2021-09-27,135423,9980,42245685,69177
2021-09-28,117286,11321,42362971,80498
2021-09-29,112099,11766,42475070,92264
2021-09-30,110006,14858,42585076,107122
2021-10-01,94774,19048,42679850,126170
2021-10-02,78280,13987,42758130,140157
2021-10-03,47594,7634,42805724,147791
2021-10-04,88189,34375,42893913,182166
2021-10-05,80219,33923,42974132,216089
2021-10-06,71830,34082,43045962,250171
2021-10-07,71606,34293,43117568,284464
2021-10-08,80435,33512,43198003,317976
2021-10-09,75906,22118,43273909,340094
2021-10-10,45680,13590,43319589,353684
2021-10-11,87216,41018,43406805,394702
2021-10-12,84327,46814,43491132,441516
2021-10-13,87986,52028,43579118,493544
2021-10-14,91284,58399,43670402,551943
2021-10-15,93358,55500,43763760,607443
2021-10-16,82764,36723,43846524,644166
2021-10-17,51319,23785,43897843,667951
2021-10-18,90155,59351,43987998,727302
2021-10-19,78189,69320,44066187,796622
2021-10-20,74912,78051,44141099,874673
2021-10-21,78149,81653,44219248,956326
2021-10-22,73703,76925,44292951,1033251
2021-10-23,60677,51909,44353628,1085160
2021-10-24,33338,23410,44386966,1108570
2021-10-25,64794,81560,44451760,1190130
2021-10-26,58282,91690,44510042,1281820
2021-10-27,58232,103887,44568274,1385707
2021-10-28,61357,114005,44629631,1499712
2021-10-29,61605,102998,44691236,1602710
2021-10-30,50590,68048,44741826,1670758
2021-10-31,25139,28254,44766965,1699012
2021-11-01,19023,28128,44785988,1727140
2021-11-02,62716,89261,44848704,1816401
2021-11-03,60658,118565,44909362,1934966
2021-11-04,59159,126538,44968521,2061504
2021-11-05,63006,135073,45031527,2196577
2021-11-06,46397,90903,45077924,2287480
2021-11-07,22219,37859,45100143,2325339
2021-11-08,51425,131198,45151568,2456537
2021-11-09,45347,144078,45196915,2600615
2021-11-10,42516,156243,45239431,2756858
2021-11-11,44845,155062,45284276,2911920
2021-11-12,46270,158490,45330546,3070410
2021-11-13,33168,116639,45363714,3187049
2021-11-14,14447,52416,45378161,3239465
2021-11-15,36813,157302,45414974,3396767
2021-11-16,30465,171315,45445439,3568082
2021-11-17,28347,178379,45473786,3746461
2021-11-18,30138,193602,45503924,3940063
2021-11-19,28685,205725,45532609,4145788
2021-11-20,20902,156448,45553511,4302236
2021-11-21,10559,64815,45564070,4367051
2021-11-22,21848,213082,45585918,4580133
2021-11-23,23462,241639,45609380,4821772
2021-11-24,27715,270856,45637095,5092628
2021-11-25,23096,301822,45660191,5394450
2021-11-26,24443,318179,45684634,5712629
2021-11-27,21261,266060,45705895,5978689
2021-11-28,9847,136999,45715742,6115688
2021-11-29,22170,325955,45737912,6441643
2021-11-30,22936,365729,45760848,6807372
2021-12-01,21333,413448,45782181,7220820
2021-12-02,23593,440283,45805774,7661103
2021-12-03,25047,467317,45830821,8128420
2021-12-04,22195,418659,45853016,8547079
2021-12-05,11799,261285,45864815,8808364
2021-12-06,25568,457460,45890383,9265824
2021-12-07,23922,480112,45914305,9745936
2021-12-08,9898,249617,45924203,9995553
2021-12-09,31326,491844,45955529,10487397
2021-12-10,27859,517755,45983388,11005152
2021-12-11,23373,459179,46006761,11464331
2021-12-12,12174,293433,46018935,11757764
2021-12-13,25940,467514,46044875,12225278
2021-12-14,24960,494085,46069835,12719363
2021-12-15,25113,517023,46094948,13236386
2021-12-16,27573,520089,46122521,13756475
2021-12-17,29090,517009,46151611,14273484
2021-12-18,26746,468618,46178357,14742102
2021-12-19,14977,300452,46193334,15042554
2021-12-20,30364,477351,46223698,15519905
2021-12-21,30138,493198,46253836,16013103
2021-12-22,29161,484550,46282997,16497653
2021-12-23,27951,426798,46310948,16924451
2021-12-24,12998,210760,46323946,17135211
2021-12-25,2092,33048,46326038,17168259
2021-12-26,8669,159035,46334707,17327294
2021-12-27,46458,504534,46381165,17831828
2021-12-28,42065,554076,46423230,18385904
2021-12-29,33920,550528,46457150,18936432
2021-12-30,31456,499707,46488606,19436139
2021-12-31,13920,247337,46502526,19683476
2022-01-01,3447,64792,46505973,19748268
2022-01-02,22483,276682,46528456,20024950
2022-01-03,47286,520860,46575742,20545810
2022-01-04,45813,572906,46621555,21118716
2022-01-05,40041,561194,46661596,21679910
2022-01-06,23015,274404,46684611,21954314
2022-01-07,62877,554978,46747488,22509292
2022-01-08,59850,503260,46807338,23012552
2022-01-09,41962,319616,46849300,23332168
2022-01-10,60334,543046,46909634,23875214
2022-01-11,60817,587771,46970451,24462985
2022-01-12,57463,582040,47027914,25045025
2022-01-13,57670,581095,47085584,25626120
2022-01-14,45694,589137,47131278,26215257
2022-01-15,38015,569477,47169293,26784734
2022-01-16,30350,341427,47199643,27126161
2022-01-17,53931,490382,47253574,27616543
2022-01-18,57620,517678,47311194,28134221
2022-01-19,56396,503441,47367590,28637662
2022-01-20,53575,499472,47421165,29137134
2022-01-21,41144,494531,47462309,29631665
2022-01-22,29997,469404,47492306,30101069
2022-01-23,34268,275245,47526574,30376314
2022-01-24,55462,437948,47582036,30814262
2022-01-25,60887,452833,47642923,31267095
2022-01-26,57705,436501,47700628,31703596
2022-01-27,47993,432997,47748621,32136593
2022-01-28,57720,437236,47806341,32573829
2022-01-29,66967,411985,47873308,32985814
2022-01-30,49564,235715,47922872,33221529
2022-01-31,59468,357705,47982340,33579234
2022-02-01,64561,329194,48046901,33908428
2022-02-02,62258,297537,48109159,34205965
2022-02-03,59302,275104,48168461,34481069
2022-02-04,71538,268993,48239999,34750062
2022-02-05,82578,248264,48322577,34998326
2022-02-06,54658,116107,48377235,35114433
2022-02-07,64464,200586,48441699,35315019
2022-02-08,66157,186735,48507856,35501754
2022-02-09,58111,166873,48565967,35668627
2022-02-10,57957,163691,48623924,35832318
2022-02-11,61628,162843,48685552,35995161
2022-02-12,71254,152007,48756806,36147168
2022-02-13,41085,68740,48797891,36215908
2022-02-14,46267,116672,48844158,36332580
2022-02-15,48026,123913,48892184,36456493
2022-02-16,45214,106471,48937398,36562964
2022-02-17,42514,98209,48979912,36661173
2022-02-18,46223,112611,49026135,36773784
2022-02-19,52121,100243,49078256,36874027
2022-02-20,31238,40261,49109494,36914288
2022-02-21,37663,89688,49147157,37003976
2022-02-22,36929,83753,49184086,37087729
2022-02-23,33156,79340,49217242,37167069
2022-02-24,32288,78041,49249530,37245110
2022-02-25,34466,90576,49283996,37335686
2022-02-26,38759,88682,49322755,37424368
2022-02-27,22401,35718,49345156,37460086
2022-02-28,28160,81532,49373316,37541618
2022-03-01,22322,53887,49395638,37595505
2022-03-02,21670,50375,49417308,37645880
2022-03-03,22164,54415,49439472,37700295
2022-03-04,22533,61965,49462005,37762260
2022-03-05,17522,41504,49479527,37803764