data_somministrazione,vaccinazioni,booster,cum_vaccinazioni,cum_booster
2020-12-27,20,0,20,0
2020-12-28,2,0,22,0
2020-12-29,1,0,23,0
2020-12-30,9,0,32,0
2020-12-31,74,0,106,0
2021-01-01,24,0,130,0
2021-01-02,132,0,262,0
2021-01-03,96,0,358,0
2021-01-04,226,0,584,0
2021-01-05,265,0,849,0
2021-01-06,236,0,1085,0
2021-01-07,315,0,1400,0
2021-01-08,365,0,1765,0
2021-01-09,271,0,2036,0
2021-01-10,165,0,2201,0
2021-01-11,296,0,2497,0
2021-01-12,280,0,2777,0
2021-01-13,407,0,3184,0
2021-01-14,492,0,3676,0
2021-01-15,315,0,3991,0
2021-01-16,220,0,4211,0
2021-01-17,3063,0,7274,0
2021-01-18,5215,0,12489,0
2021-01-19,1893,0,14382,0
2021-01-20,4659,0,19041,0
2021-01-21,20008,0,39049,0
2021-01-22,14220,0,53269,0
2021-01-23,33328,0,86597,0
2021-01-24,30780,0,117377,0
2021-01-25,64716,0,182093,0
2021-01-26,76480,0,258573,0
2021-01-27,64822,0,323395,0
2021-01-28,89262,0,412657,0
2021-01-29,94005,0,506662,0
2021-01-30,86548,0,593210,0
2021-01-31,57325,0,650535,0
2021-02-01,81845,0,732380,0
2021-02-02,82137,0,814517,0
2021-02-03,91109,0,905626,0
2021-02-04,95394,0,1001020,0
2021-02-05,90266,0,1091286,0
2021-02-06,63446,0,1154732,0
2021-02-07,32933,0,1187665,0
2021-02-08,40423,0,1228088,0
2021-02-09,32877,0,1260965,0
2021-02-10,28433,0,1289398,0
2021-02-11,20404,0,1309802,0
2021-02-12,16243,0,1326045,0
2021-02-13,7277,0,1333322,0
2021-02-14,2862,0,1336184,0
2021-02-15,6845,0,1343029,0
2021-02-16,7005,0,1350034,0
2021-02-17,10526,0,1360560,0
2021-02-18,9252,0,1369812,0
2021-02-19,8253,0,1378065,0
2021-02-20,5574,0,1383639,0
2021-02-21,3009,0,1386648,0
2021-02-22,6885,0,1393533,0
2021-02-23,7182,0,1400715,0
2021-02-24,9811,0,1410526,0
2021-02-25,14210,0,1424736,0
2021-02-26,17557,0,1442293,0
2021-02-27,13917,0,1456210,0
2021-02-28,9391,0,1465601,0
2021-03-01,26519,0,1492120,0
2021-03-02,33247,0,1525367,0
2021-03-03,44647,0,1570014,0
2021-03-04,50295,0,1620309,0
2021-03-05,55735,0,1676044,0
2021-03-06,41875,0,1717919,0
2021-03-07,22326,0,1740245,0
2021-03-08,50831,0,1791076,0
2021-03-09,53082,0,1844158,0
2021-03-10,58670,0,1902828,0
2021-03-11,63877,0,1966705,0
2021-03-12,65124,0,2031829,0
2021-03-13,51726,0,2083555,0
2021-03-14,35413,0,2118968,0
2021-03-15,73453,0,2192421,0
2021-03-16,74029,0,2266450,0
2021-03-17,83135,0,2349585,0
2021-03-18,81629,0,2431214,0
2021-03-19,81089,0,2512303,0
2021-03-20,64732,0,2577035,0
2021-03-21,47309,0,2624344,0
2021-03-22,69493,0,2693837,0
2021-03-23,75807,0,2769644,0
2021-03-24,90917,0,2860561,0
2021-03-25,89818,0,2950379,0
2021-03-26,83639,0,3034018,0
2021-03-27,71950,0,3105968,0
2021-03-28,44165,0,3150133,0
2021-03-29,70841,0,3220974,0
2021-03-30,81398,0,3302372,0
2021-03-31,96251,0,3398623,0
2021-04-01,95318,0,3493941,0
2021-04-02,84079,0,3578020,0
2021-04-03,64304,0,3642324,0
2021-04-04,21723,0,3664047,0
2021-04-05,40317,0,3704364,0
2021-04-06,81329,0,3785693,0
2021-04-07,95837,0,3881530,0
2021-04-08,95253,0,3976783,0
2021-04-09,88499,0,4065282,0
2021-04-10,74033,0,4139315,0
2021-04-11,44765,0,4184080,0
2021-04-12,66920,0,4251000,0
2021-04-13,72586,0,4323586,0
2021-04-14,85551,0,4409137,0
2021-04-15,105420,0,4514557,0
2021-04-16,106424,0,4620981,0
2021-04-17,90522,0,4711503,0
2021-04-18,58598,0,4770101,0
2021-04-19,93433,0,4863534,0
2021-04-20,103774,0,4967308,0
2021-04-21,125344,0,5092652,0
2021-04-22,143522,0,5236174,0
2021-04-23,138748,0,5374922,0
2021-04-24,124455,0,5499377,0
2021-04-25,61465,0,5560842,0
2021-04-26,97905,0,5658747,0
2021-04-27,128366,0,5787113,0
2021-04-28,156387,0,5943500,0
2021-04-29,195611,0,6139111,0
2021-04-30,214602,0,6353713,0
2021-05-01,174133,0,6527846,0
2021-05-02,135803,0,6663649,0
2021-05-03,142058,0,6805707,0
2021-05-04,158705,0,6964412,0
2021-05-05,170527,0,7134939,0
2021-05-06,197820,0,7332759,0
2021-05-07,213866,0,7546625,0
2021-05-08,213437,0,7760062,0
2021-05-09,143216,0,7903278,0
2021-05-10,165094,0,8068372,0
2021-05-11,175001,0,8243373,0
2021-05-12,179205,0,8422578,0
2021-05-13,203407,0,8625985,0
2021-05-14,222940,0,8848925,0
2021-05-15,210384,0,9059309,0
2021-05-16,159283,0,9218592,0
2021-05-17,219213,0,9437805,0
2021-05-18,213029,0,9650834,0
2021-05-19,207095,0,9857929,0
2021-05-20,270882,0,10128811,0
2021-05-21,270906,0,10399717,0
2021-05-22,245534,0,10645251,0
2021-05-23,197185,0,10842436,0
2021-05-24,228307,0,11070743,0
2021-05-25,245701,0,11316444,0
2021-05-26,277508,0,11593952,0
2021-05-27,311091,0,11905043,0
2021-05-28,299581,0,12204624,0
2021-05-29,231242,0,12435866,0
2021-05-30,170850,0,12606716,0
2021-05-31,216433,0,12823149,0
2021-06-01,207636,0,13030785,0
2021-06-02,115802,0,13146587,0
2021-06-03,180163,0,13326750,0
2021-06-04,184901,0,13511651,0
2021-06-05,185983,0,13697634,0
2021-06-06,139571,0,13837205,0
2021-06-07,161890,0,13999095,0
2021-06-08,171268,0,14170363,0
2021-06-09,171511,0,14341874,0
2021-06-10,174135,0,14516009,0
2021-06-11,170007,0,14686016,0
2021-06-12,128354,0,14814370,0
2021-06-13,91213,0,14905583,0
2021-06-14,214703,0,15120286,0
2021-06-15,228441,0,15348727,0
2021-06-16,253101,0,15601828,0
2021-06-17,301761,0,15903589,0
2021-06-18,306314,0,16209903,0
2021-06-19,275109,0,16485012,0
2021-06-20,220806,0,16705818,0
2021-06-21,288085,0,16993903,0
2021-06-22,296240,0,17290143,0
2021-06-23,302697,0,17592840,0
2021-06-24,332611,0,17925451,0
2021-06-25,348724,0,18274175,0
2021-06-26,300134,0,18574309,0
2021-06-27,228680,0,18802989,0
2021-06-28,307138,0,19110127,0
2021-06-29,329321,0,19439448,0
2021-06-30,342193,0,19781641,0
2021-07-01,363242,0,20144883,0
2021-07-02,368484,0,20513367,0
2021-07-03,371100,0,20884467,0
2021-07-04,283227,0,21167694,0
2021-07-05,384557,0,21552251,0
2021-07-06,385486,0,21937737,0
2021-07-07,412130,0,22349867,0
2021-07-08,479596,0,22829463,0
2021-07-09,498477,0,23327940,0
2021-07-10,475174,0,23803114,0
2021-07-11,357698,0,24160812,0
2021-07-12,485889,0,24646701,0
2021-07-13,492088,0,25138789,0
2021-07-14,480447,0,25619236,0
2021-07-15,523437,0,26142673,0
2021-07-16,509756,0,26652429,0
2021-07-17,464331,0,27116760,0
2021-07-18,364638,0,27481398,0
2021-07-19,463047,0,27944445,0
2021-07-20,458060,0,28402505,0
2021-07-21,462792,0,28865297,0
2021-07-22,475382,0,29340679,0
2021-07-23,441325,0,29782004,0
2021-07-24,386146,0,30168150,0
2021-07-25,287557,0,30455707,0
2021-07-26,430889,0,30886596,0
2021-07-27,440124,0,31326720,0
2021-07-28,391022,0,31717742,0
2021-07-29,372080,0,32089822,0
2021-07-30,341515,0,32431337,0
2021-07-31,287038,0,32718375,0
2021-08-01,190999,0,32909374,0
2021-08-02,333703,0,33243077,0
2021-08-03,323191,0,33566268,0
2021-08-04,310982,0,33877250,0
2021-08-05,292488,0,34169738,0
2021-08-06,260025,0,34429763,0
2021-08-07,199059,0,34628822,0
2021-08-08,153107,0,34781929,0
2021-08-09,234084,0,35016013,0
2021-08-10,205268,0,35221281,0
2021-08-11,193782,0,35415063,0
2021-08-12,168052,0,35583115,0
2021-08-13,148645,0,35731760,0
2021-08-14,66098,0,35797858,0
2021-08-15,26340,0,35824198,0
2021-08-16,114707,0,35938905,0
2021-08-17,129257,0,36068162,0
2021-08-18,128766,0,36196928,0
2021-08-19,124838,0,36321766,0
2021-08-20,123797,0,36445563,0
2021-08-21,83136,0,36528699,0
2021-08-22,68176,0,36596875,0
2021-08-23,176870,0,36773745,0
2021-08-24,156898,0,36930643,0
2021-08-25,177177,0,37107820,0
2021-08-26,172363,0,37280183,0
2021-08-27,185834,0,37466017,0
2021-08-28,140285,0,37606302,0
2021-08-29,98989,0,37705291,0
2021-08-30,209593,0,37914884,0
2021-08-31,194643,0,38109527,0
2021-09-01,192212,0,38301739,0
2021-09-02,189929,0,38491668,0
2021-09-03,191289,0,38682957,0
2021-09-04,131454,0,38814411,0
2021-09-05,87855,0,38902266,0
2021-09-06,193616,0,39095882,0
2021-09-07,196034,0,39291916,0
2021-09-08,187873,0,39479789,0
2021-09-09,201435,0,39681224,0
2021-09-10,198067,0,39879291,0
2021-09-11,141293,0,40020584,0
2021-09-12,89593,0,40110177,0
2021-09-13,191115,626,40301292,626
2021-09-14,177224,631,40478516,1257
2021-09-15,163086,637,40641602,1894
2021-09-16,160060,979,40801662,2873
2021-09-17,150167,1156,40951829,4029
2021-09-18,127982,766,41079811,4795
2021-09-19,81140,505,41160951,5300
2021-09-20,180067,9116,41341018,14416
2021-09-21,166664,8853,41507682,23269
2021-09-22,159107,9456,41666789,32725
2021-09-23,138089,9350,41804878,42075
2021-09-24,140552,8998,41945430,51073
2021-09-25,119562,5663,42064992,56736
2021-09-26,71983,4359,42136975,61095
2021-09-27,135665,10072,42272640,71167
2021-09-28,117513,11415,42390153,82582
2021-09-29,112366,11847,42502519,94429
2021-09-30,110271,14977,42612790,109406
2021-10-01,94992,19135,42707782,128541
2021-10-02,78511,14041,42786293,142582
2021-10-03,47757,7667,42834050,150249
2021-10-04,88388,34475,42922438,184724
2021-10-05,80382,34009,43002820,218733
2021-10-06,72004,34196,43074824,252929
2021-10-07,71879,34366,43146703,287295
2021-10-08,80630,33620,43227333,320915
2021-10-09,76109,22190,43303442,343105
2021-10-10,45782,13629,43349224,356734
2021-10-11,87447,41123,43436671,397857
2021-10-12,84514,46928,43521185,444785
2021-10-13,88211,52151,43609396,496936
2021-10-14,91547,58547,43700943,555483
2021-10-15,93597,55670,43794540,611153
2021-10-16,82971,36817,43877511,647970
2021-10-17,51462,23854,43928973,671824
2021-10-18,90301,59511,44019274,731335
2021-10-19,78351,69400,44097625,800735
2021-10-20,75067,78199,44172692,878934
2021-10-21,78302,81798,44250994,960732
2021-10-22,73779,77067,44324773,1037799
2021-10-23,60833,51972,44385606,1089771
2021-10-24,33368,23477,44418974,1113248
2021-10-25,64904,81656,44483878,1194904
2021-10-26,58375,91829,44542253,1286733
2021-10-27,58320,104024,44600573,1390757
2021-10-28,61451,114149,44662024,1504906
2021-10-29,61640,103171,44723664,1608077
2021-10-30,50676,68136,44774340,1676213
2021-10-31,25163,28305,44799503,1704518
2021-11-01,19049,28157,44818552,1732675
2021-11-02,62739,89430,44881291,1822105
2021-11-03,60721,118692,44942012,1940797
2021-11-04,59241,126694,45001253,2067491
2021-11-05,63094,135217,45064347,2202708
2021-11-06,46483,90936,45110830,2293644
2021-11-07,22251,37903,45133081,2331547
2021-11-08,51530,131293,45184611,2462840
2021-11-09,45401,144234,45230012,2607074
2021-11-10,42592,156371,45272604,2763445
2021-11-11,44930,155163,45317534,2918608
2021-11-12,46312,158676,45363846,3077284
2021-11-13,33264,116673,45397110,3193957
2021-11-14,14492,52457,45411602,3246414
2021-11-15,36911,157442,45448513,3403856
2021-11-16,30565,171405,45479078,3575261
2021-11-17,28469,178457,45507547,3753718
2021-11-18,30293,193760,45537840,3947478
2021-11-19,28814,205880,45566654,4153358
2021-11-20,21004,156455,45587658,4309813
2021-11-21,10612,64868,45598270,4374681
2021-11-22,21954,213162,45620224,4587843
2021-11-23,23597,241787,45643821,4829630
2021-11-24,27798,271037,45671619,5100667
2021-11-25,23263,301926,45694882,5402593
2021-11-26,24593,318301,45719475,5720894
2021-11-27,21399,266168,45740874,5987062
2021-11-28,9905,137067,45750779,6124129
2021-11-29,22360,326074,45773139,6450203
2021-11-30,23110,365864,45796249,6816067
2021-12-01,21546,413527,45817795,7229594
2021-12-02,23783,440433,45841578,7670027
2021-12-03,25268,467519,45866846,8137546
2021-12-04,22388,418792,45889234,8556338
2021-12-05,11941,261365,45901175,8817703
2021-12-06,25838,457623,45927013,9275326
2021-12-07,24155,480298,45951168,9755624
2021-12-08,10023,249718,45961191,10005342
2021-12-09,31613,491957,45992804,10497299
2021-12-10,28093,517922,46020897,11015221
2021-12-11,23584,459270,46044481,11474491
2021-12-12,12316,293524,46056797,11768015
2021-12-13,26169,467650,46082966,12235665
2021-12-14,25198,494231,46108164,12729896
2021-12-15,25362,517189,46133526,13247085
2021-12-16,27918,520298,46161444,13767383
2021-12-17,29387,517212,46190831,14284595
2021-12-18,27091,468773,46217922,14753368
2021-12-19,15165,300539,46233087,15053907
2021-12-20,30662,477505,46263749,15531412
2021-12-21,30404,493421,46294153,16024833
2021-12-22,29475,484750,46323628,16509583
2021-12-23,28283,426947,46351911,16936530
2021-12-24,13125,210837,46365036,17147367
2021-12-25,2104,33053,46367140,17180420
2021-12-26,8772,159076,46375912,17339496
2021-12-27,46838,504686,46422750,17844182
2021-12-28,42496,554246,46465246,18398428
2021-12-29,34384,550672,46499630,18949100
2021-12-30,31875,499859,46531505,19448959
2021-12-31,14139,247405,46545644,19696364
2022-01-01,3498,64815,46549142,19761179
2022-01-02,22807,276724,46571949,20037903
2022-01-03,47914,520032,46619863,20557935
2022-01-04,46443,572100,46666306,21130035
2022-01-05,40807,560413,46707113,21690448
2022-01-06,23524,274489,46730637,21964937
2022-01-07,63771,554217,46794408,22519154
2022-01-08,60940,503408,46855348,23022562
2022-01-09,42925,319698,46898273,23342260
2022-01-10,61145,542319,46959418,23884579
2022-01-11,61810,587032,47021228,24471611
2022-01-12,58523,581301,47079751,25052912
2022-01-13,58684,580427,47138435,25633339
2022-01-14,46904,588604,47185339,26221943
2022-01-15,39505,569974,47224844,26791917
2022-01-16,31288,341888,47256132,27133805
2022-01-17,54830,489681,47310962,27623486
2022-01-18,58451,517043,47369413,28140529
2022-01-19,57250,502814,47426663,28643343
2022-01-20,54397,498854,47481060,29142197
2022-01-21,42146,493896,47523206,29636093
2022-01-22,31259,469612,47554465,30105705
2022-01-23,34970,275384,47589435,30381089
2022-01-24,56212,437241,47645647,30818330
2022-01-25,61584,452128,47707231,31270458
2022-01-26,58566,435842,47765797,31706300
2022-01-27,48875,432395,47814672,32138695
2022-01-28,58733,436554,47873405,32575249
2022-01-29,68164,412508,47941569,32987757
2022-01-30,50396,235984,47991965,33223741
2022-01-31,60674,356941,48052639,33580682
2022-02-01,65592,328459,48118231,33909141
2022-02-02,63234,296986,48181465,34206127
2022-02-03,60079,274526,48241544,34480653
2022-02-04,72394,268469,48313938,34749122
2022-02-05,83811,248547,48397749,34997669
2022-02-06,55304,116206,48453053,35113875
2022-02-07,65167,199945,48518220,35313820
2022-02-08,66945,186121,48585165,35499941
2022-02-09,58771,166343,48643936,35666284
2022-02-10,58592,163244,48702528,35829528
2022-02-11,62270,162470,48764798,35991998
2022-02-12,71997,152150,48836795,36144148
2022-02-13,41476,68854,48878271,36213002
2022-02-14,46703,116188,48924974,36329190
2022-02-15,48548,123480,48973522,36452670
2022-02-16,45684,106123,49019206,36558793
2022-02-17,42870,98117,49062076,36656910
2022-02-18,46628,112579,49108704,36769489
2022-02-19,52543,100337,49161247,36869826
2022-02-20,31411,40366,49192658,36910192
2022-02-21,37898,89656,49230556,36999848
2022-02-22,37224,83780,49267780,37083628
2022-02-23,33400,79409,49301180,37163037
2022-02-24,32560,78162,49333740,37241199
2022-02-25,34766,90713,49368506,37331912
2022-02-26,39159,89136,49407665,37421048
2022-02-27,22547,35857,49430212,37456905
2022-02-28,28481,81694,49458693,37538599
2022-03-01,22723,53942,49481416,37592541
2022-03-02,21956,50683,49503372,37643224
2022-03-03,22626,54947,49525998,37698171
2022-03-04,23238,62799,49549236,37760970
2022-03-05,23800,57951,49573036,37818921
2022-03-06,9471,17201,49582507,37836122
2022-03-07,15919,51391,49598426,37887513
2022-03-08,15480,48796,49613906,37936309
2022-03-09,13813,46519,49627719,37982828
2022-03-10,14053,52122,49641772,38034950
2022-03-11,15588,57268,49657360,38092218
2022-03-12,15506,56619,49672866,38148837
2022-03-13,5544,16851,49678410,38165688
2022-03-14,10526,46700,49688936,38212388
2022-03-15,10549,46895,49699485,38259283
2022-03-16,9481,41974,49708966,38301257
2022-03-17,9720,44874,49718686,38346131
2022-03-18,10158,49056,49728844,38395187
2022-03-19,9151,46534,49737995,38441721
2022-03-20,2608,11704,49740603,38453425
2022-03-21,7580,40224,49748183,38493649
2022-03-22,8447,37762,49756630,38531411
2022-03-23,7216,33700,49763846,38565111
2022-03-24,8258,38818,49772104,38603929
2022-03-25,8140,43669,49780244,38647598
2022-03-26,8127,41721,49788371,38689319
2022-03-27,2431,9682,49790802,38699001
2022-03-28,6112,35239,49796914,38734240
2022-03-29,5778,32530,49802692,38766770
2022-03-30,5566,30205,49808258,38796975
2022-03-31,5899,33183,49814157,38830158
2022-04-01,4349,25190,49818506,38855348
2022-04-02,4496,23275,49823002,38878623
2022-04-03,1049,4500,49824051,38883123
2022-04-04,3658,21544,49827709,38904667
2022-04-05,3756,22932,49831465,38927599
2022-04-06,4103,21852,49835568,38949451
2022-04-07,3968,23320,49839536,38972771
2022-04-08,4694,26713,49844230,38999484
2022-04-09,4383,23887,49848613,39023371
2022-04-10,892,4613,49849505,39027984
2022-04-11,3816,22688,49853321,39050672
2022-04-12,3365,21778,49856686,39072450
2022-04-13,3568,21335,49860254,39093785
2022-04-14,3485,23786,49863739,39117571
2022-04-15,3084,20620,49866823,39138191
2022-04-16,2149,11918,49868972,39150109
2022-04-17,63,348,49869035,39150457
2022-04-18,152,650,49869187,39151107
2022-04-19,3499,21980,49872686,39173087
2022-04-20,3510,20252,49876196,39193339
2022-04-21,2847,19790,49879043,39213129
2022-04-22,2927,20703,49881970,39233832
2022-04-23,2646,16220,49884616,39250052
2022-04-24,509,2334,49885125,39252386
2022-04-25,183,1165,49885308,39253551
2022-04-26,2759,17807,49888067,39271358
2022-04-27,2374,15793,49890441,39287151
2022-04-28,2360,15561,49892801,39302712
2022-04-29,2296,14847,49895097,39317559
2022-04-30,2123,11581,49897220,39329140
2022-05-01,113,531,49897333,39329671
2022-05-02,1451,9391,49898784,39339062
2022-05-03,1576,10320,49900360,39349382
2022-05-04,1745,10268,49902105,39359650
2022-05-05,1653,10285,49903758,39369935
2022-05-06,1702,10958,49905460,39380893
2022-05-07,1431,8568,49906891,39389461
2022-05-08,416,1521,49907307,39390982
2022-05-09,1027,8929,49908334,39399911
2022-05-10,1424,9548,49909758,39409459
2022-05-11,1483,10104,49911241,39419563
2022-05-12,1369,10131,49912610,39429694
2022-05-13,1596,10519,49914206,39440213
2022-05-14,1357,8236,49915563,39448449
2022-05-15,336,1133,49915899,39449582
2022-05-16,813,8405,49916712,39457987
2022-05-17,1243,8697,49917955,39466684
2022-05-18,1372,9233,49919327,39475917
2022-05-19,1500,9278,49920827,39485195
2022-05-20,1423,9531,49922250,39494726
2022-05-21,1300,7900,49923550,39502626
2022-05-22,231,1014,49923781,39503640
2022-05-23,830,8268,49924611,39511908
2022-05-24,1073,8672,49925684,39520580
2022-05-25,1370,9460,49927054,39530040
2022-05-26,1195,9478,49928249,39539518
2022-05-27,1232,9915,49929481,39549433
2022-05-28,1205,7887,49930686,39557320
2022-05-29,288,1264,49930974,39558584
2022-05-30,930,8056,49931904,39566640
2022-05-31,1036,8547,49932940,39575187
2022-06-01,891,7655,49933831,39582842
2022-06-02,35,474,49933866,39583316
2022-06-03,818,7333,49934684,39590649
2022-06-04,870,5161,49935554,39595810
2022-06-05,89,586,49935643,39596396
2022-06-06,678,6993,49936321,39603389
2022-06-07,952,7849,49937273,39611238
2022-06-08,980,7908,49938253,39619146
2022-06-09,1036,8416,49939289,39627562
2022-06-10,958,8564,49940247,39636126
2022-06-11,903,6207,49941150,39642333
2022-06-12,140,768,49941290,39643101
2022-06-13,602,6301,49941892,39649402
2022-06-14,830,7899,49942722,39657301
2022-06-15,957,7854,49943679,39665155
2022-06-16,730,7395,49944409,39672550
2022-06-17,723,7243,49945132,39679793
2022-06-18,777,5593,49945909,39685386
2022-06-19,48,522,49945957,39685908
2022-06-20,587,6699,49946544,39692607
2022-06-21,736,7665,49947280,39700272
2022-06-22,781,7308,49948061,39707580
2022-06-23,652,7468,49948713,39715048
2022-06-24,644,7473,49949357,39722521
2022-06-25,835,6535,49950192,39729056
2022-06-26,128,523,49950320,39729579
2022-06-27,533,7124,49950853,39736703
2022-06-28,746,8207,49951599,39744910
2022-06-29,756,7731,49952355,39752641
2022-06-30,745,8144,49953100,39760785
2022-07-01,577,6443,49953677,39767228
2022-07-02,536,4770,49954213,39771998
2022-07-03,49,456,49954262,39772454
2022-07-04,469,6276,49954731,39778730
2022-07-05,629,8118,49955360,39786848
2022-07-06,633,7611,49955993,39794459
2022-07-07,572,8271,49956565,39802730
2022-07-08,672,8083,49957237,39810813
2022-07-09,550,6104,49957787,39816917
2022-07-10,58,533,49957845,39817450
2022-07-11,487,7638,49958332,39825088
2022-07-12,667,9029,49958999,39834117
2022-07-13,641,10068,49959640,39844185
2022-07-14,636,10223,49960276,39854408
2022-07-15,625,10665,49960901,39865073
2022-07-16,522,7214,49961423,39872287
2022-07-17,48,770,49961471,39873057
2022-07-18,497,9368,49961968,39882425
2022-07-19,574,10682,49962542,39893107
2022-07-20,580,11274,49963122,39904381
2022-07-21,628,12088,49963750,39916469
2022-07-22,583,11257,49964333,39927726
2022-07-23,381,6772,49964714,39934498
2022-07-24,76,857,49964790,39935355
2022-07-25,503,9051,49965293,39944406
2022-07-26,519,9759,49965812,39954165
2022-07-27,552,10202,49966364,39964367
2022-07-28,530,10535,49966894,39974902
2022-07-29,510,9464,49967404,39984366
2022-07-30,382,5881,49967786,39990247
2022-07-31,49,764,49967835,39991011
2022-08-01,386,6863,49968221,39997874
2022-08-02,540,7584,49968761,40005458
2022-08-03,511,7176,49969272,40012634
2022-08-04,456,7488,49969728,40020122
2022-08-05,420,6525,49970148,40026647
2022-08-06,299,3612,49970447,40030259
2022-08-07,44,561,49970491,40030820
2022-08-08,402,4892,49970893,40035712
2022-08-09,382,5308,49971275,40041020
2022-08-10,382,4816,49971657,40045836
2022-08-11,366,4778,49972023,40050614
2022-08-12,292,3720,49972315,40054334
2022-08-13,143,1600,49972458,40055934
2022-08-14,9,129,49972467,40056063
2022-08-15,1,26,49972468,40056089
2022-08-16,283,3043,49972751,40059132
2022-08-17,352,3536,49973103,40062668
2022-08-18,391,4160,49973494,40066828
2022-08-19,341,3320,49973835,40070148
2022-08-20,183,1715,49974018,40071863
2022-08-21,24,149,49974042,40072012
2022-08-22,330,2951,49974372,40074963
2022-08-23,370,3674,49974742,40078637
2022-08-24,383,3359,49975125,40081996
2022-08-25,421,3773,49975546,40085769
2022-08-26,399,3573,49975945,40089342
2022-08-27,237,1769,49976182,40091111
2022-08-28,29,267,49976211,40091378
2022-08-29,354,3161,49976565,40094539
2022-08-30,403,3671,49976968,40098210
2022-08-31,437,3734,49977405,40101944
2022-09-01,353,3116,49977758,40105060
2022-09-02,296,2891,49978054,40107951
2022-09-03,200,1688,49978254,40109639
2022-09-04,23,149,49978277,40109788
2022-09-05,187,2656,49978464,40112444
2022-09-06,303,2982,49978767,40115426
2022-09-07,540,2936,49979307,40118362
2022-09-08,291,2962,49979598,40121324
2022-09-09,305,2883,49979903,40124207
2022-09-10,227,1326,49980130,40125533
2022-09-11,23,124,49980153,40125657
2022-09-12,267,2263,49980420,40127920
2022-09-13,252,2276,49980672,40130196
2022-09-14,266,2565,49980938,40132761
2022-09-15,281,2496,49981219,40135257
2022-09-16,254,2544,49981473,40137801
2022-09-17,239,1339,49981712,40139140
2022-09-18,20,170,49981732,40139310
2022-09-19,206,1969,49981938,40141279
2022-09-20,236,2384,49982174,40143663
2022-09-21,289,2526,49982463,40146189
2022-09-22,264,2652,49982727,40148841
2022-09-23,258,2538,49982985,40151379
2022-09-24,193,1427,49983178,40152806
2022-09-25,29,133,49983207,40152939
2022-09-26,280,2248,49983487,40155187
2022-09-27,287,2682,49983774,40157869
2022-09-28,309,2896,49984083,40160765
2022-09-29,256,3046,49984339,40163811
2022-09-30,290,2983,49984629,40166794
2022-10-01,194,1515,49984823,40168309
2022-10-02,12,187,49984835,40168496
2022-10-03,182,2473,49985017,40170969
2022-10-04,236,2865,49985253,40173834
2022-10-05,227,3219,49985480,40177053
2022-10-06,242,3847,49985722,40180900
2022-10-07,282,4165,49986004,40185065
2022-10-08,201,2235,49986205,40187300
2022-10-09,8,304,49986213,40187604
2022-10-10,207,3337,49986420,40190941
2022-10-11,192,4350,49986612,40195291
2022-10-12,209,4415,49986821,40199706
2022-10-13,200,5296,49987021,40205002
2022-10-14,230,5021,49987251,40210023
2022-10-15,188,2670,49987439,40212693
2022-10-16,6,360,49987445,40213053
2022-10-17,186,3863,49987631,40216916
2022-10-18,256,4955,49987887,40221871
2022-10-19,241,5463,49988128,40227334
2022-10-20,222,5989,49988350,40233323
2022-10-21,249,5463,49988599,40238786
2022-10-22,194,2908,49988793,40241694
2022-10-23,13,356,49988806,40242050
2022-10-24,171,3916,49988977,40245966
2022-10-25,252,4913,49989229,40250879
2022-10-26,341,5469,49989570,40256348
2022-10-27,239,5629,49989809,40261977
2022-10-28,199,5238,49990008,40267215
2022-10-29,127,2835,49990135,40270050
2022-10-30,3,326,49990138,40270376
2022-10-31,117,3026,49990255,40273402
2022-11-01,10,327,49990265,40273729
2022-11-02,142,3691,49990407,40277420
2022-11-03,170,4750,49990577,40282170
2022-11-04,221,4568,49990798,40286738
2022-11-05,143,2585,49990941,40289323
2022-11-06,10,258,49990951,40289581
2022-11-07,160,3207,49991111,40292788
2022-11-08,259,4200,49991370,40296988
2022-11-09,197,4273,49991567,40301261
2022-11-10,180,4494,49991747,40305755
2022-11-11,189,4181,49991936,40309936
2022-11-12,151,2336,49992087,40312272
2022-11-13,7,330,49992094,40312602
2022-11-14,148,2797,49992242,40315399
2022-11-15,185,3638,49992427,40319037
2022-11-16,202,3795,49992629,40322832
2022-11-17,180,3807,49992809,40326639
2022-11-18,154,2084,49992963,40328723