data_somministrazione,vaccinazioni,booster,cum_vaccinazioni,cum_booster
2020-12-27,19,0,19,0
2020-12-28,2,0,21,0
2020-12-29,1,0,22,0
2020-12-30,6,0,28,0
2020-12-31,66,0,94,0
2021-01-01,22,0,116,0
2021-01-02,105,0,221,0
2021-01-03,75,0,296,0
2021-01-04,199,0,495,0
2021-01-05,234,0,729,0
2021-01-06,192,0,921,0
2021-01-07,285,0,1206,0
2021-01-08,330,0,1536,0
2021-01-09,241,0,1777,0
2021-01-10,144,0,1921,0
2021-01-11,266,0,2187,0
2021-01-12,265,0,2452,0
2021-01-13,384,0,2836,0
2021-01-14,471,0,3307,0
2021-01-15,292,0,3599,0
2021-01-16,203,0,3802,0
2021-01-17,3058,0,6860,0
2021-01-18,5209,0,12069,0
2021-01-19,1891,0,13960,0
2021-01-20,4653,0,18613,0
2021-01-21,19999,0,38612,0
2021-01-22,14200,0,52812,0
2021-01-23,33331,0,86143,0
2021-01-24,30791,0,116934,0
2021-01-25,64731,0,181665,0
2021-01-26,76501,0,258166,0
2021-01-27,64840,0,323006,0
2021-01-28,89296,0,412302,0
2021-01-29,94029,0,506331,0
2021-01-30,86572,0,592903,0
2021-01-31,57339,0,650242,0
2021-02-01,81875,0,732117,0
2021-02-02,82144,0,814261,0
2021-02-03,91195,0,905456,0
2021-02-04,95402,0,1000858,0
2021-02-05,90280,0,1091138,0
2021-02-06,63450,0,1154588,0
2021-02-07,32926,0,1187514,0
2021-02-08,40429,0,1227943,0
2021-02-09,32865,0,1260808,0
2021-02-10,28422,0,1289230,0
2021-02-11,20391,0,1309621,0
2021-02-12,16227,0,1325848,0
2021-02-13,7252,0,1333100,0
2021-02-14,2861,0,1335961,0
2021-02-15,6837,0,1342798,0
2021-02-16,6992,0,1349790,0
2021-02-17,10519,0,1360309,0
2021-02-18,9246,0,1369555,0
2021-02-19,8239,0,1377794,0
2021-02-20,5541,0,1383335,0
2021-02-21,2986,0,1386321,0
2021-02-22,6882,0,1393203,0
2021-02-23,7162,0,1400365,0
2021-02-24,9825,0,1410190,0
2021-02-25,14201,0,1424391,0
2021-02-26,17551,0,1441942,0
2021-02-27,13902,0,1455844,0
2021-02-28,9387,0,1465231,0
2021-03-01,26509,0,1491740,0
2021-03-02,33238,0,1524978,0
2021-03-03,44643,0,1569621,0
2021-03-04,50289,0,1619910,0
2021-03-05,55734,0,1675644,0
2021-03-06,41876,0,1717520,0
2021-03-07,22324,0,1739844,0
2021-03-08,50795,0,1790639,0
2021-03-09,53058,0,1843697,0
2021-03-10,58627,0,1902324,0
2021-03-11,63841,0,1966165,0
2021-03-12,65097,0,2031262,0
2021-03-13,51707,0,2082969,0
2021-03-14,35385,0,2118354,0
2021-03-15,73424,0,2191778,0
2021-03-16,74022,0,2265800,0
2021-03-17,83130,0,2348930,0
2021-03-18,81622,0,2430552,0
2021-03-19,81080,0,2511632,0
2021-03-20,64708,0,2576340,0
2021-03-21,47287,0,2623627,0
2021-03-22,69471,0,2693098,0
2021-03-23,75778,0,2768876,0
2021-03-24,90886,0,2859762,0
2021-03-25,89785,0,2949547,0
2021-03-26,83601,0,3033148,0
2021-03-27,71917,0,3105065,0
2021-03-28,44129,0,3149194,0
2021-03-29,70807,0,3220001,0
2021-03-30,81362,0,3301363,0
2021-03-31,96217,0,3397580,0
2021-04-01,95292,0,3492872,0
2021-04-02,84065,0,3576937,0
2021-04-03,64294,0,3641231,0
2021-04-04,21717,0,3662948,0
2021-04-05,40297,0,3703245,0
2021-04-06,81299,0,3784544,0
2021-04-07,95805,0,3880349,0
2021-04-08,95229,0,3975578,0
2021-04-09,88480,0,4064058,0
2021-04-10,74027,0,4138085,0
2021-04-11,44753,0,4182838,0
2021-04-12,66909,0,4249747,0
2021-04-13,72562,0,4322309,0
2021-04-14,85519,0,4407828,0
2021-04-15,105401,0,4513229,0
2021-04-16,106410,0,4619639,0
2021-04-17,90492,0,4710131,0
2021-04-18,58584,0,4768715,0
2021-04-19,93424,0,4862139,0
2021-04-20,103762,0,4965901,0
2021-04-21,125329,0,5091230,0
2021-04-22,143502,0,5234732,0
2021-04-23,138718,0,5373450,0
2021-04-24,124435,0,5497885,0
2021-04-25,61452,0,5559337,0
2021-04-26,97874,0,5657211,0
2021-04-27,128348,0,5785559,0
2021-04-28,156351,0,5941910,0
2021-04-29,195578,0,6137488,0
2021-04-30,214558,0,6352046,0
2021-05-01,174090,0,6526136,0
2021-05-02,135790,0,6661926,0
2021-05-03,142001,0,6803927,0
2021-05-04,158674,0,6962601,0
2021-05-05,170473,0,7133074,0
2021-05-06,197789,0,7330863,0
2021-05-07,213803,0,7544666,0
2021-05-08,213381,0,7758047,0
2021-05-09,143193,0,7901240,0
2021-05-10,165082,0,8066322,0
2021-05-11,174957,0,8241279,0
2021-05-12,179149,0,8420428,0
2021-05-13,203357,0,8623785,0
2021-05-14,222893,0,8846678,0
2021-05-15,210336,0,9057014,0
2021-05-16,159263,0,9216277,0
2021-05-17,219178,0,9435455,0
2021-05-18,212999,0,9648454,0
2021-05-19,207067,0,9855521,0
2021-05-20,270834,0,10126355,0
2021-05-21,270862,0,10397217,0
2021-05-22,245517,0,10642734,0
2021-05-23,197173,0,10839907,0
2021-05-24,228290,0,11068197,0
2021-05-25,245684,0,11313881,0
2021-05-26,277475,0,11591356,0
2021-05-27,311075,0,11902431,0
2021-05-28,299559,0,12201990,0
2021-05-29,231192,0,12433182,0
2021-05-30,170825,0,12604007,0
2021-05-31,216409,0,12820416,0
2021-06-01,207630,0,13028046,0
2021-06-02,115768,0,13143814,0
2021-06-03,180107,0,13323921,0
2021-06-04,184852,0,13508773,0
2021-06-05,185928,0,13694701,0
2021-06-06,139510,0,13834211,0
2021-06-07,161839,0,13996050,0
2021-06-08,171163,0,14167213,0
2021-06-09,171436,0,14338649,0
2021-06-10,174041,0,14512690,0
2021-06-11,169933,0,14682623,0
2021-06-12,128304,0,14810927,0
2021-06-13,91137,0,14902064,0
2021-06-14,214640,0,15116704,0
2021-06-15,228383,0,15345087,0
2021-06-16,253035,0,15598122,0
2021-06-17,301695,0,15899817,0
2021-06-18,306257,0,16206074,0
2021-06-19,275052,0,16481126,0
2021-06-20,220730,0,16701856,0
2021-06-21,288035,0,16989891,0
2021-06-22,296176,0,17286067,0
2021-06-23,302662,0,17588729,0
2021-06-24,332551,0,17921280,0
2021-06-25,348690,0,18269970,0
2021-06-26,300080,0,18570050,0
2021-06-27,228613,0,18798663,0
2021-06-28,307036,0,19105699,0
2021-06-29,329240,0,19434939,0
2021-06-30,342107,0,19777046,0
2021-07-01,363157,0,20140203,0
2021-07-02,368430,0,20508633,0
2021-07-03,371067,0,20879700,0
2021-07-04,283192,0,21162892,0
2021-07-05,384499,0,21547391,0
2021-07-06,385430,0,21932821,0
2021-07-07,412065,0,22344886,0
2021-07-08,479621,0,22824507,0
2021-07-09,498481,0,23322988,0
2021-07-10,475180,0,23798168,0
2021-07-11,357705,0,24155873,0
2021-07-12,485908,0,24641781,0
2021-07-13,492142,0,25133923,0
2021-07-14,480476,0,25614399,0
2021-07-15,523487,0,26137886,0
2021-07-16,509787,0,26647673,0
2021-07-17,464368,0,27112041,0
2021-07-18,364698,0,27476739,0
2021-07-19,463070,0,27939809,0
2021-07-20,458085,0,28397894,0
2021-07-21,462817,0,28860711,0
2021-07-22,475399,0,29336110,0
2021-07-23,441310,0,29777420,0
2021-07-24,386196,0,30163616,0
2021-07-25,287597,0,30451213,0
2021-07-26,430891,0,30882104,0
2021-07-27,440131,0,31322235,0
2021-07-28,391016,0,31713251,0
2021-07-29,372084,0,32085335,0
2021-07-30,341517,0,32426852,0
2021-07-31,287021,0,32713873,0
2021-08-01,191021,0,32904894,0
2021-08-02,333728,0,33238622,0
2021-08-03,323184,0,33561806,0
2021-08-04,310975,0,33872781,0
2021-08-05,292510,0,34165291,0
2021-08-06,260009,0,34425300,0
2021-08-07,199050,0,34624350,0
2021-08-08,153107,0,34777457,0
2021-08-09,234080,0,35011537,0
2021-08-10,205248,0,35216785,0
2021-08-11,193763,0,35410548,0
2021-08-12,167978,0,35578526,0
2021-08-13,148600,0,35727126,0
2021-08-14,66088,0,35793214,0
2021-08-15,26334,0,35819548,0
2021-08-16,114674,0,35934222,0
2021-08-17,129238,0,36063460,0
2021-08-18,128736,0,36192196,0
2021-08-19,124790,0,36316986,0
2021-08-20,123793,0,36440779,0
2021-08-21,83118,0,36523897,0
2021-08-22,68165,0,36592062,0
2021-08-23,176872,0,36768934,0
2021-08-24,156909,0,36925843,0
2021-08-25,177169,0,37103012,0
2021-08-26,172351,0,37275363,0
2021-08-27,185841,0,37461204,0
2021-08-28,140268,0,37601472,0
2021-08-29,98999,0,37700471,0
2021-08-30,209632,0,37910103,0
2021-08-31,194630,0,38104733,0
2021-09-01,192212,0,38296945,0
2021-09-02,189940,0,38486885,0
2021-09-03,191339,0,38678224,0
2021-09-04,131478,0,38809702,0
2021-09-05,87867,0,38897569,0
2021-09-06,193659,0,39091228,0
2021-09-07,196064,0,39287292,0
2021-09-08,187907,0,39475199,0
2021-09-09,201474,0,39676673,0
2021-09-10,198108,0,39874781,0
2021-09-11,141327,0,40016108,0
2021-09-12,89601,0,40105709,0
2021-09-13,191164,552,40296873,552
2021-09-14,177265,574,40474138,1126
2021-09-15,163127,578,40637265,1704
2021-09-16,160100,921,40797365,2625
2021-09-17,150174,1113,40947539,3738
2021-09-18,127981,733,41075520,4471
2021-09-19,81130,491,41156650,4962
2021-09-20,180076,9073,41336726,14035
2021-09-21,166635,8829,41503361,22864
2021-09-22,159081,9432,41662442,32296
2021-09-23,138084,9320,41800526,41616
2021-09-24,140542,8949,41941068,50565
2021-09-25,119555,5633,42060623,56198
2021-09-26,71956,4338,42132579,60536
2021-09-27,135636,10044,42268215,70580
2021-09-28,117494,11381,42385709,81961
2021-09-29,112335,11825,42498044,93786
2021-09-30,110231,14944,42608275,108730
2021-10-01,94973,19105,42703248,127835
2021-10-02,78485,14011,42781733,141846
2021-10-03,47736,7656,42829469,149502
2021-10-04,88376,34442,42917845,183944
2021-10-05,80367,33969,42998212,217913
2021-10-06,71982,34158,43070194,252071
2021-10-07,71852,34346,43142046,286417
2021-10-08,80627,33589,43222673,320006
2021-10-09,76103,22169,43298776,342175
2021-10-10,45774,13614,43344550,355789
2021-10-11,87417,41101,43431967,396890
2021-10-12,84493,46895,43516460,443785
2021-10-13,88188,52113,43604648,495898
2021-10-14,91528,58505,43696176,554403
2021-10-15,93588,55624,43789764,610027
2021-10-16,82965,36780,43872729,646807
2021-10-17,51463,23826,43924192,670633
2021-10-18,90290,59482,44014482,730115
2021-10-19,78347,69370,44092829,799485
2021-10-20,75076,78161,44167905,877646
2021-10-21,78300,81750,44246205,959396
2021-10-22,73792,77018,44319997,1036414
2021-10-23,60815,51952,44380812,1088366
2021-10-24,33379,23453,44414191,1111819
2021-10-25,64905,81622,44479096,1193441
2021-10-26,58374,91776,44537470,1285217
2021-10-27,58332,103967,44595802,1389184
2021-10-28,61467,114099,44657269,1503283
2021-10-29,61661,103111,44718930,1606394
2021-10-30,50671,68113,44769601,1674507
2021-10-31,25164,28288,44794765,1702795
2021-11-01,19046,28148,44813811,1730943
2021-11-02,62768,89370,44876579,1820313
2021-11-03,60740,118656,44937319,1938969
2021-11-04,59245,126660,44996564,2065629
2021-11-05,63094,135170,45059658,2200799
2021-11-06,46474,90922,45106132,2291721
2021-11-07,22254,37893,45128386,2329614
2021-11-08,51530,131260,45179916,2460874
2021-11-09,45402,144197,45225318,2605071
2021-11-10,42580,156344,45267898,2761415
2021-11-11,44936,155137,45312834,2916552
2021-11-12,46374,158573,45359208,3075125
2021-11-13,33252,116649,45392460,3191774
2021-11-14,14480,52446,45406940,3244220
2021-11-15,36895,157424,45443835,3401644
2021-11-16,30545,171375,45474380,3573019
2021-11-17,28449,178434,45502829,3751453
2021-11-18,30282,193713,45533111,3945166
2021-11-19,28800,205849,45561911,4151015
2021-11-20,20993,156434,45582904,4307449
2021-11-21,10612,64855,45593516,4372304
2021-11-22,21936,213138,45615452,4585442
2021-11-23,23565,241740,45639017,4827182
2021-11-24,27837,270946,45666854,5098128
2021-11-25,23233,301899,45690087,5400027
2021-11-26,24578,318266,45714665,5718293
2021-11-27,21379,266151,45736044,5984444
2021-11-28,9896,137056,45745940,6121500
2021-11-29,22319,326061,45768259,6447561
2021-11-30,23081,365820,45791340,6813381
2021-12-01,21514,413499,45812854,7226880
2021-12-02,23754,440378,45836608,7667258
2021-12-03,25239,467453,45861847,8134711
2021-12-04,22356,418727,45884203,8553438
2021-12-05,11910,261330,45896113,8814768
2021-12-06,25810,457563,45921923,9272331
2021-12-07,24120,480249,45946043,9752580
2021-12-08,10001,249679,45956044,10002259
2021-12-09,31567,491917,45987611,10494176
2021-12-10,28056,517866,46015667,11012042
2021-12-11,23551,459240,46039218,11471282
2021-12-12,12300,293497,46051518,11764779
2021-12-13,26136,467621,46077654,12232400
2021-12-14,25160,494189,46102814,12726589
2021-12-15,25312,517130,46128126,13243719
2021-12-16,27868,520239,46155994,13763958
2021-12-17,29351,517162,46185345,14281120
2021-12-18,27030,468713,46212375,14749833
2021-12-19,15134,300513,46227509,15050346
2021-12-20,30613,477473,46258122,15527819
2021-12-21,30354,493380,46288476,16021199
2021-12-22,29434,484698,46317910,16505897
2021-12-23,28229,426895,46346139,16932792
2021-12-24,13110,210820,46359249,17143612
2021-12-25,2101,33052,46361350,17176664
2021-12-26,8754,159065,46370104,17335729
2021-12-27,46761,504651,46416865,17840380
2021-12-28,42427,554205,46459292,18394585
2021-12-29,34322,550626,46493614,18945211
2021-12-30,31802,499819,46525416,19445030
2021-12-31,14105,247394,46539521,19692424
2022-01-01,3493,64813,46543014,19757237
2022-01-02,22742,276717,46565756,20033954
2022-01-03,47813,520006,46613569,20553960
2022-01-04,46309,572076,46659878,21126036
2022-01-05,40692,560386,46700570,21686422
2022-01-06,23453,274482,46724023,21960904
2022-01-07,63639,554179,46787662,22515083
2022-01-08,60787,503377,46848449,23018460
2022-01-09,42777,319688,46891226,23338148
2022-01-10,61016,542276,46952242,23880424
2022-01-11,61655,586982,47013897,24467406
2022-01-12,58377,581273,47072274,25048679
2022-01-13,58547,580375,47130821,25629054
2022-01-14,46716,588563,47177537,26217617
2022-01-15,39302,569936,47216839,26787553
2022-01-16,31136,341848,47247975,27129401
2022-01-17,54726,489646,47302701,27619047
2022-01-18,58330,517011,47361031,28136058
2022-01-19,57144,502783,47418175,28638841
2022-01-20,54288,498809,47472463,29137650
2022-01-21,42020,493867,47514483,29631517
2022-01-22,31107,469593,47545590,30101110
2022-01-23,34895,275365,47580485,30376475
2022-01-24,56136,437210,47636621,30813685
2022-01-25,61516,452087,47698137,31265772
2022-01-26,58499,435817,47756636,31701589
2022-01-27,48796,432354,47805432,32133943
2022-01-28,58647,436529,47864079,32570472
2022-01-29,68066,412482,47932145,32982954
2022-01-30,50350,235966,47982495,33218920
2022-01-31,60584,356922,48043079,33575842
2022-02-01,65507,328431,48108586,33904273
2022-02-02,63148,296966,48171734,34201239
2022-02-03,60016,274513,48231750,34475752
2022-02-04,72341,268450,48304091,34744202
2022-02-05,83723,248527,48387814,34992729
2022-02-06,55267,116194,48443081,35108923
2022-02-07,65116,199930,48508197,35308853
2022-02-08,66905,186102,48575102,35494955
2022-02-09,58732,166331,48633834,35661286
2022-02-10,58532,163232,48692366,35824518
2022-02-11,62220,162453,48754586,35986971
2022-02-12,71949,152136,48826535,36139107
2022-02-13,41462,68849,48867997,36207956
2022-02-14,46663,116185,48914660,36324141
2022-02-15,48510,123477,48963170,36447618
2022-02-16,45660,106112,49008830,36553730
2022-02-17,42852,98102,49051682,36651832
2022-02-18,46596,112569,49098278,36764401
2022-02-19,52517,100328,49150795,36864729
2022-02-20,31409,40360,49182204,36905089
2022-02-21,37886,89643,49220090,36994732
2022-02-22,37210,83769,49257300,37078501
2022-02-23,33376,79404,49290676,37157905
2022-02-24,32548,78160,49323224,37236065
2022-02-25,34748,90705,49357972,37326770
2022-02-26,39145,89132,49397117,37415902
2022-02-27,22540,35855,49419657,37451757
2022-02-28,28466,81691,49448123,37533448
2022-03-01,22701,53936,49470824,37587384
2022-03-02,21988,50627,49492812,37638011
2022-03-03,22601,54941,49515413,37692952
2022-03-04,23213,62792,49538626,37755744
2022-03-05,23783,57951,49562409,37813695
2022-03-06,9471,17200,49571880,37830895
2022-03-07,15899,51390,49587779,37882285
2022-03-08,15454,48795,49603233,37931080
2022-03-09,13802,46514,49617035,37977594
2022-03-10,14031,52115,49631066,38029709
2022-03-11,15567,57251,49646633,38086960
2022-03-12,15492,56614,49662125,38143574
2022-03-13,5542,16849,49667667,38160423
2022-03-14,10518,46691,49678185,38207114
2022-03-15,10534,46892,49688719,38254006
2022-03-16,9472,41978,49698191,38295984
2022-03-17,9699,44875,49707890,38340859
2022-03-18,10151,49052,49718041,38389911
2022-03-19,9145,46532,49727186,38436443
2022-03-20,2607,11700,49729793,38448143
2022-03-21,7574,40223,49737367,38488366
2022-03-22,8441,37749,49745808,38526115
2022-03-23,7205,33697,49753013,38559812
2022-03-24,8250,38796,49761263,38598608
2022-03-25,8129,43665,49769392,38642273
2022-03-26,8120,41723,49777512,38683996
2022-03-27,2428,9683,49779940,38693679
2022-03-28,6099,35230,49786039,38728909
2022-03-29,5773,32523,49791812,38761432
2022-03-30,5556,30192,49797368,38791624
2022-03-31,5884,33175,49803252,38824799
2022-04-01,4341,25187,49807593,38849986
2022-04-02,4489,23273,49812082,38873259
2022-04-03,1048,4499,49813130,38877758
2022-04-04,3655,21530,49816785,38899288
2022-04-05,3746,22925,49820531,38922213
2022-04-06,4098,21845,49824629,38944058
2022-04-07,3956,23317,49828585,38967375
2022-04-08,4687,26710,49833272,38994085
2022-04-09,4375,23885,49837647,39017970
2022-04-10,893,4614,49838540,39022584
2022-04-11,3803,22683,49842343,39045267
2022-04-12,3356,21777,49845699,39067044
2022-04-13,3560,21334,49849259,39088378
2022-04-14,3484,23776,49852743,39112154
2022-04-15,3078,20617,49855821,39132771
2022-04-16,2149,11921,49857970,39144692
2022-04-17,63,348,49858033,39145040
2022-04-18,149,650,49858182,39145690
2022-04-19,3489,21978,49861671,39167668
2022-04-20,3500,20248,49865171,39187916
2022-04-21,2839,19781,49868010,39207697
2022-04-22,2918,20696,49870928,39228393
2022-04-23,2637,16209,49873565,39244602
2022-04-24,509,2335,49874074,39246937
2022-04-25,183,1165,49874257,39248102
2022-04-26,2760,17791,49877017,39265893
2022-04-27,2365,15784,49879382,39281677
2022-04-28,2353,15534,49881735,39297211
2022-04-29,2291,14835,49884026,39312046
2022-04-30,2121,11577,49886147,39323623
2022-05-01,113,530,49886260,39324153
2022-05-02,1443,9382,49887703,39333535
2022-05-03,1572,10309,49889275,39343844
2022-05-04,1744,10255,49891019,39354099
2022-05-05,1647,10272,49892666,39364371
2022-05-06,1694,10945,49894360,39375316
2022-05-07,1431,8563,49895791,39383879
2022-05-08,404,1514,49896195,39385393
2022-05-09,1024,8917,49897219,39394310
2022-05-10,1421,9536,49898640,39403846
2022-05-11,1479,10087,49900119,39413933
2022-05-12,1369,10119,49901488,39424052
2022-05-13,1587,10509,49903075,39434561
2022-05-14,1357,8226,49904432,39442787
2022-05-15,336,1129,49904768,39443916
2022-05-16,812,8388,49905580,39452304
2022-05-17,1241,8671,49906821,39460975
2022-05-18,1368,9216,49908189,39470191
2022-05-19,1498,9268,49909687,39479459
2022-05-20,1419,9493,49911106,39488952
2022-05-21,1299,7892,49912405,39496844
2022-05-22,231,1012,49912636,39497856
2022-05-23,826,8261,49913462,39506117
2022-05-24,1070,8665,49914532,39514782
2022-05-25,1364,9444,49915896,39524226
2022-05-26,1194,9453,49917090,39533679
2022-05-27,1225,9910,49918315,39543589
2022-05-28,1202,7873,49919517,39551462
2022-05-29,285,1264,49919802,39552726
2022-05-30,930,8026,49920732,39560752
2022-05-31,1033,8531,49921765,39569283
2022-06-01,892,7644,49922657,39576927
2022-06-02,35,474,49922692,39577401
2022-06-03,813,7327,49923505,39584728
2022-06-04,870,5155,49924375,39589883
2022-06-05,89,586,49924464,39590469
2022-06-06,672,6964,49925136,39597433
2022-06-07,930,7841,49926066,39605274
2022-06-08,982,7898,49927048,39613172
2022-06-09,1034,8400,49928082,39621572
2022-06-10,955,8549,49929037,39630121
2022-06-11,900,6207,49929937,39636328
2022-06-12,140,767,49930077,39637095
2022-06-13,603,6295,49930680,39643390
2022-06-14,826,7881,49931506,39651271
2022-06-15,950,7845,49932456,39659116
2022-06-16,728,7383,49933184,39666499
2022-06-17,719,7239,49933903,39673738
2022-06-18,777,5589,49934680,39679327
2022-06-19,47,522,49934727,39679849
2022-06-20,588,6694,49935315,39686543
2022-06-21,732,7643,49936047,39694186
2022-06-22,780,7303,49936827,39701489
2022-06-23,649,7455,49937476,39708944
2022-06-24,643,7472,49938119,39716416
2022-06-25,835,6531,49938954,39722947
2022-06-26,128,523,49939082,39723470
2022-06-27,532,7119,49939614,39730589
2022-06-28,744,8208,49940358,39738797
2022-06-29,755,7718,49941113,39746515
2022-06-30,744,8131,49941857,39754646
2022-07-01,576,6436,49942433,39761082
2022-07-02,536,4765,49942969,39765847
2022-07-03,49,456,49943018,39766303
2022-07-04,470,6269,49943488,39772572
2022-07-05,622,8107,49944110,39780679
2022-07-06,626,7594,49944736,39788273
2022-07-07,566,8252,49945302,39796525
2022-07-08,670,8077,49945972,39804602
2022-07-09,549,6104,49946521,39810706
2022-07-10,58,533,49946579,39811239
2022-07-11,485,7632,49947064,39818871
2022-07-12,662,8999,49947726,39827870
2022-07-13,637,10057,49948363,39837927
2022-07-14,632,10219,49948995,39848146
2022-07-15,620,10662,49949615,39858808
2022-07-16,521,7207,49950136,39866015
2022-07-17,48,769,49950184,39866784
2022-07-18,498,9347,49950682,39876131
2022-07-19,574,10646,49951256,39886777
2022-07-20,576,11254,49951832,39898031
2022-07-21,625,12032,49952457,39910063
2022-07-22,580,11215,49953037,39921278
2022-07-23,377,6735,49953414,39928013
2022-07-24,76,834,49953490,39928847
2022-07-25,499,9030,49953989,39937877
2022-07-26,517,9721,49954506,39947598
2022-07-27,542,10148,49955048,39957746
2022-07-28,525,10464,49955573,39968210
2022-07-29,509,9411,49956082,39977621
2022-07-30,381,5852,49956463,39983473
2022-07-31,49,745,49956512,39984218
2022-08-01,385,6819,49956897,39991037
2022-08-02,536,7506,49957433,39998543
2022-08-03,497,7128,49957930,40005671
2022-08-04,448,7407,49958378,40013078
2022-08-05,415,6471,49958793,40019549
2022-08-06,297,3579,49959090,40023128
2022-08-07,44,550,49959134,40023678
2022-08-08,392,4871,49959526,40028549
2022-08-09,383,5262,49959909,40033811
2022-08-10,371,4763,49960280,40038574
2022-08-11,362,4746,49960642,40043320
2022-08-12,284,3688,49960926,40047008
2022-08-13,141,1595,49961067,40048603
2022-08-14,9,128,49961076,40048731
2022-08-15,1,24,49961077,40048755
2022-08-16,281,3018,49961358,40051773
2022-08-17,349,3494,49961707,40055267
2022-08-18,380,4120,49962087,40059387
2022-08-19,334,3298,49962421,40062685
2022-08-20,180,1710,49962601,40064395
2022-08-21,24,146,49962625,40064541
2022-08-22,326,2923,49962951,40067464
2022-08-23,369,3634,49963320,40071098
2022-08-24,378,3286,49963698,40074384
2022-08-25,411,3667,49964109,40078051
2022-08-26,376,3492,49964485,40081543
2022-08-27,225,1739,49964710,40083282
2022-08-28,29,259,49964739,40083541
2022-08-29,349,3070,49965088,40086611
2022-08-30,392,3537,49965480,40090148
2022-08-31,262,1973,49965742,40092121