data_somministrazione,vaccinazioni,booster,cum_vaccinazioni,cum_booster
2020-12-27,22,0,22,0
2020-12-28,2,0,24,0
2020-12-29,1,0,25,0
2020-12-30,8,0,33,0
2020-12-31,80,0,113,0
2021-01-01,26,0,139,0
2021-01-02,151,0,290,0
2021-01-03,112,0,402,0
2021-01-04,245,0,647,0
2021-01-05,291,0,938,0
2021-01-06,262,0,1200,0
2021-01-07,331,0,1531,0
2021-01-08,384,0,1915,0
2021-01-09,290,0,2205,0
2021-01-10,171,0,2376,0
2021-01-11,312,0,2688,0
2021-01-12,292,0,2980,0
2021-01-13,424,0,3404,0
2021-01-14,507,0,3911,0
2021-01-15,327,0,4238,0
2021-01-16,225,0,4463,0
2021-01-17,3065,0,7528,0
2021-01-18,5220,0,12748,0
2021-01-19,1896,0,14644,0
2021-01-20,4660,0,19304,0
2021-01-21,20004,0,39308,0
2021-01-22,14220,0,53528,0
2021-01-23,33316,0,86844,0
2021-01-24,30775,0,117619,0
2021-01-25,64699,0,182318,0
2021-01-26,76456,0,258774,0
2021-01-27,64803,0,323577,0
2021-01-28,89244,0,412821,0
2021-01-29,93992,0,506813,0
2021-01-30,86538,0,593351,0
2021-01-31,57321,0,650672,0
2021-02-01,81833,0,732505,0
2021-02-02,82126,0,814631,0
2021-02-03,91101,0,905732,0
2021-02-04,95381,0,1001113,0
2021-02-05,90263,0,1091376,0
2021-02-06,63450,0,1154826,0
2021-02-07,32935,0,1187761,0
2021-02-08,40421,0,1228182,0
2021-02-09,32880,0,1261062,0
2021-02-10,28439,0,1289501,0
2021-02-11,20408,0,1309909,0
2021-02-12,16252,0,1326161,0
2021-02-13,7280,0,1333441,0
2021-02-14,2862,0,1336303,0
2021-02-15,6851,0,1343154,0
2021-02-16,7007,0,1350161,0
2021-02-17,10527,0,1360688,0
2021-02-18,9258,0,1369946,0
2021-02-19,8259,0,1378205,0
2021-02-20,5585,0,1383790,0
2021-02-21,3015,0,1386805,0
2021-02-22,6884,0,1393689,0
2021-02-23,7191,0,1400880,0
2021-02-24,9815,0,1410695,0
2021-02-25,14215,0,1424910,0
2021-02-26,17563,0,1442473,0
2021-02-27,13925,0,1456398,0
2021-02-28,9398,0,1465796,0
2021-03-01,26533,0,1492329,0
2021-03-02,33247,0,1525576,0
2021-03-03,44653,0,1570229,0
2021-03-04,50304,0,1620533,0
2021-03-05,55745,0,1676278,0
2021-03-06,41886,0,1718164,0
2021-03-07,22332,0,1740496,0
2021-03-08,50840,0,1791336,0
2021-03-09,53095,0,1844431,0
2021-03-10,58701,0,1903132,0
2021-03-11,63895,0,1967027,0
2021-03-12,65145,0,2032172,0
2021-03-13,51732,0,2083904,0
2021-03-14,35427,0,2119331,0
2021-03-15,73462,0,2192793,0
2021-03-16,74029,0,2266822,0
2021-03-17,83146,0,2349968,0
2021-03-18,81633,0,2431601,0
2021-03-19,81091,0,2512692,0
2021-03-20,64745,0,2577437,0
2021-03-21,47311,0,2624748,0
2021-03-22,69506,0,2694254,0
2021-03-23,75821,0,2770075,0
2021-03-24,90940,0,2861015,0
2021-03-25,89829,0,2950844,0
2021-03-26,83645,0,3034489,0
2021-03-27,71963,0,3106452,0
2021-03-28,44192,0,3150644,0
2021-03-29,70852,0,3221496,0
2021-03-30,81420,0,3302916,0
2021-03-31,96268,0,3399184,0
2021-04-01,95342,0,3494526,0
2021-04-02,84090,0,3578616,0
2021-04-03,64314,0,3642930,0
2021-04-04,21726,0,3664656,0
2021-04-05,40326,0,3704982,0
2021-04-06,81351,0,3786333,0
2021-04-07,95850,0,3882183,0
2021-04-08,95267,0,3977450,0
2021-04-09,88510,0,4065960,0
2021-04-10,74038,0,4139998,0
2021-04-11,44773,0,4184771,0
2021-04-12,66928,0,4251699,0
2021-04-13,72600,0,4324299,0
2021-04-14,85560,0,4409859,0
2021-04-15,105429,0,4515288,0
2021-04-16,106436,0,4621724,0
2021-04-17,90533,0,4712257,0
2021-04-18,58599,0,4770856,0
2021-04-19,93447,0,4864303,0
2021-04-20,103783,0,4968086,0
2021-04-21,125346,0,5093432,0
2021-04-22,143539,0,5236971,0
2021-04-23,138764,0,5375735,0
2021-04-24,124454,0,5500189,0
2021-04-25,61471,0,5561660,0
2021-04-26,97920,0,5659580,0
2021-04-27,128380,0,5787960,0
2021-04-28,156402,0,5944362,0
2021-04-29,195626,0,6139988,0
2021-04-30,214622,0,6354610,0
2021-05-01,174151,0,6528761,0
2021-05-02,135818,0,6664579,0
2021-05-03,142082,0,6806661,0
2021-05-04,158720,0,6965381,0
2021-05-05,170556,0,7135937,0
2021-05-06,197833,0,7333770,0
2021-05-07,213890,0,7547660,0
2021-05-08,213445,0,7761105,0
2021-05-09,143223,0,7904328,0
2021-05-10,165110,0,8069438,0
2021-05-11,175018,0,8244456,0
2021-05-12,179238,0,8423694,0
2021-05-13,203428,0,8627122,0
2021-05-14,222950,0,8850072,0
2021-05-15,210399,0,9060471,0
2021-05-16,159293,0,9219764,0
2021-05-17,219226,0,9438990,0
2021-05-18,213036,0,9652026,0
2021-05-19,207108,0,9859134,0
2021-05-20,270913,0,10130047,0
2021-05-21,270917,0,10400964,0
2021-05-22,245554,0,10646518,0
2021-05-23,197199,0,10843717,0
2021-05-24,228314,0,11072031,0
2021-05-25,245704,0,11317735,0
2021-05-26,277577,0,11595312,0
2021-05-27,311111,0,11906423,0
2021-05-28,299589,0,12206012,0
2021-05-29,231262,0,12437274,0
2021-05-30,170857,0,12608131,0
2021-05-31,216444,0,12824575,0
2021-06-01,207649,0,13032224,0
2021-06-02,115811,0,13148035,0
2021-06-03,180187,0,13328222,0
2021-06-04,184936,0,13513158,0
2021-06-05,186016,0,13699174,0
2021-06-06,139604,0,13838778,0
2021-06-07,161921,0,14000699,0
2021-06-08,171312,0,14172011,0
2021-06-09,171541,0,14343552,0
2021-06-10,174182,0,14517734,0
2021-06-11,170065,0,14687799,0
2021-06-12,128419,0,14816218,0
2021-06-13,91251,0,14907469,0
2021-06-14,214718,0,15122187,0
2021-06-15,228473,0,15350660,0
2021-06-16,253121,0,15603781,0
2021-06-17,301800,0,15905581,0
2021-06-18,306345,0,16211926,0
2021-06-19,275144,0,16487070,0
2021-06-20,220838,0,16707908,0
2021-06-21,288121,0,16996029,0
2021-06-22,296274,0,17292303,0
2021-06-23,302716,0,17595019,0
2021-06-24,332634,0,17927653,0
2021-06-25,348748,0,18276401,0
2021-06-26,300157,0,18576558,0
2021-06-27,228707,0,18805265,0
2021-06-28,307170,0,19112435,0
2021-06-29,329358,0,19441793,0
2021-06-30,342240,0,19784033,0
2021-07-01,363260,0,20147293,0
2021-07-02,368515,0,20515808,0
2021-07-03,371108,0,20886916,0
2021-07-04,283251,0,21170167,0
2021-07-05,384571,0,21554738,0
2021-07-06,385495,0,21940233,0
2021-07-07,412141,0,22352374,0
2021-07-08,479586,0,22831960,0
2021-07-09,498463,0,23330423,0
2021-07-10,475173,0,23805596,0
2021-07-11,357688,0,24163284,0
2021-07-12,485870,0,24649154,0
2021-07-13,492060,0,25141214,0
2021-07-14,480428,0,25621642,0
2021-07-15,523407,0,26145049,0
2021-07-16,509739,0,26654788,0
2021-07-17,464315,0,27119103,0
2021-07-18,364625,0,27483728,0
2021-07-19,463032,0,27946760,0
2021-07-20,458042,0,28404802,0
2021-07-21,462787,0,28867589,0
2021-07-22,475372,0,29342961,0
2021-07-23,441325,0,29784286,0
2021-07-24,386141,0,30170427,0
2021-07-25,287536,0,30457963,0
2021-07-26,430886,0,30888849,0
2021-07-27,440102,0,31328951,0
2021-07-28,391013,0,31719964,0
2021-07-29,372072,0,32092036,0
2021-07-30,341525,0,32433561,0
2021-07-31,287050,0,32720611,0
2021-08-01,190995,0,32911606,0
2021-08-02,333712,0,33245318,0
2021-08-03,323182,0,33568500,0
2021-08-04,310997,0,33879497,0
2021-08-05,292479,0,34171976,0
2021-08-06,260047,0,34432023,0
2021-08-07,199068,0,34631091,0
2021-08-08,153110,0,34784201,0
2021-08-09,234081,0,35018282,0
2021-08-10,205297,0,35223579,0
2021-08-11,193799,0,35417378,0
2021-08-12,168079,0,35585457,0
2021-08-13,148676,0,35734133,0
2021-08-14,66104,0,35800237,0
2021-08-15,26345,0,35826582,0
2021-08-16,114724,0,35941306,0
2021-08-17,129261,0,36070567,0
2021-08-18,128761,0,36199328,0
2021-08-19,124865,0,36324193,0
2021-08-20,123797,0,36447990,0
2021-08-21,83135,0,36531125,0
2021-08-22,68183,0,36599308,0
2021-08-23,176870,0,36776178,0
2021-08-24,156891,0,36933069,0
2021-08-25,177169,0,37110238,0
2021-08-26,172348,0,37282586,0
2021-08-27,185828,0,37468414,0
2021-08-28,140294,0,37608708,0
2021-08-29,98996,0,37707704,0
2021-08-30,209582,0,37917286,0
2021-08-31,194640,0,38111926,0
2021-09-01,192216,0,38304142,0
2021-09-02,189924,0,38494066,0
2021-09-03,191277,0,38685343,0
2021-09-04,131437,0,38816780,0
2021-09-05,87840,0,38904620,0
2021-09-06,193598,0,39098218,0
2021-09-07,196038,0,39294256,0
2021-09-08,187856,0,39482112,0
2021-09-09,201416,0,39683528,0
2021-09-10,198047,0,39881575,0
2021-09-11,141289,0,40022864,0
2021-09-12,89588,0,40112452,0
2021-09-13,191097,665,40303549,665
2021-09-14,177205,662,40480754,1327
2021-09-15,163081,656,40643835,1983
2021-09-16,160034,1017,40803869,3000
2021-09-17,150152,1177,40954021,4177
2021-09-18,127984,784,41082005,4961
2021-09-19,81141,513,41163146,5474
2021-09-20,180058,9138,41343204,14612
2021-09-21,166675,8867,41509879,23479
2021-09-22,159123,9465,41669002,32944
2021-09-23,138108,9360,41807110,42304
2021-09-24,140550,9022,41947660,51326
2021-09-25,119565,5678,42067225,57004
2021-09-26,71992,4369,42139217,61373
2021-09-27,135673,10090,42274890,71463
2021-09-28,117518,11438,42392408,82901
2021-09-29,112383,11856,42504791,94757
2021-09-30,110296,14986,42615087,109743
2021-10-01,95005,19144,42710092,128887
2021-10-02,78526,14048,42788618,142935
2021-10-03,47760,7672,42836378,150607
2021-10-04,88391,34491,42924769,185098
2021-10-05,80385,34023,43005154,219121
2021-10-06,72007,34220,43077161,253341
2021-10-07,71881,34382,43149042,287723
2021-10-08,80651,33629,43229693,321352
2021-10-09,76116,22202,43305809,343554
2021-10-10,45794,13632,43351603,357186
2021-10-11,87447,41137,43439050,398323
2021-10-12,84514,46940,43523564,445263
2021-10-13,88228,52173,43611792,497436
2021-10-14,91559,58563,43703351,555999
2021-10-15,93599,55687,43796950,611686
2021-10-16,82977,36833,43879927,648519
2021-10-17,51461,23864,43931388,672383
2021-10-18,90301,59527,44021689,731910
2021-10-19,78354,69422,44100043,801332
2021-10-20,75060,78216,44175103,879548
2021-10-21,78280,81826,44253383,961374
2021-10-22,73765,77092,44327148,1038466
2021-10-23,60838,51977,44387986,1090443
2021-10-24,33370,23482,44421356,1113925
2021-10-25,64894,81673,44486250,1195598
2021-10-26,58372,91844,44544622,1287442
2021-10-27,58317,104045,44602939,1391487
2021-10-28,61442,114165,44664381,1505652
2021-10-29,61622,103200,44726003,1608852
2021-10-30,50672,68160,44776675,1677012
2021-10-31,25158,28315,44801833,1705327
2021-11-01,19050,28159,44820883,1733486
2021-11-02,62737,89446,44883620,1822932
2021-11-03,60714,118707,44944334,1941639
2021-11-04,59238,126709,45003572,2068348
2021-11-05,63091,135234,45066663,2203582
2021-11-06,46495,90944,45113158,2294526
2021-11-07,22248,37908,45135406,2332434
2021-11-08,51523,131301,45186929,2463735
2021-11-09,45403,144238,45232332,2607973
2021-11-10,42592,156382,45274924,2764355
2021-11-11,44929,155178,45319853,2919533
2021-11-12,46300,158712,45366153,3078245
2021-11-13,33273,116683,45399426,3194928
2021-11-14,14490,52462,45413916,3247390
2021-11-15,36907,157448,45450823,3404838
2021-11-16,30569,171414,45481392,3576252
2021-11-17,28469,178470,45509861,3754722
2021-11-18,30297,193770,45540158,3948492
2021-11-19,28824,205889,45568982,4154381
2021-11-20,21015,156460,45589997,4310841
2021-11-21,10613,64870,45600610,4375711
2021-11-22,21960,213163,45622570,4588874
2021-11-23,23608,241804,45646178,4830678
2021-11-24,27769,271103,45673947,5101781
2021-11-25,23269,301953,45697216,5403734
2021-11-26,24599,318314,45721815,5722048
2021-11-27,21419,266175,45743234,5988223
2021-11-28,9911,137072,45753145,6125295
2021-11-29,22368,326082,45775513,6451377
2021-11-30,23121,365862,45798634,6817239
2021-12-01,21562,413547,45820196,7230786
2021-12-02,23800,440444,45843996,7671230
2021-12-03,25283,467546,45869279,8138776
2021-12-04,22391,418813,45891670,8557589
2021-12-05,11943,261370,45903613,8818959
2021-12-06,25849,457637,45929462,9276596
2021-12-07,24169,480308,45953631,9756904
2021-12-08,10032,249724,45963663,10006628
2021-12-09,31627,491968,45995290,10498596
2021-12-10,28109,517939,46023399,11016535
2021-12-11,23595,459288,46046994,11475823
2021-12-12,12327,293536,46059321,11769359
2021-12-13,26186,467663,46085507,12237022
2021-12-14,25207,494246,46110714,12731268
2021-12-15,25382,517191,46136096,13248459
2021-12-16,27938,520309,46164034,13768768
2021-12-17,29404,517229,46193438,14285997
2021-12-18,27117,468788,46220555,14754785
2021-12-19,15174,300546,46235729,15055331
2021-12-20,30684,477513,46266413,15532844
2021-12-21,30421,493452,46296834,16026296
2021-12-22,29493,484759,46326327,16511055
2021-12-23,28290,426971,46354617,16938026
2021-12-24,13123,210847,46367740,17148873
2021-12-25,2104,33053,46369844,17181926
2021-12-26,8783,159077,46378627,17341003
2021-12-27,46851,504703,46425478,17845706
2021-12-28,42511,554268,46467989,18399974
2021-12-29,34408,550685,46502397,18950659
2021-12-30,31905,499871,46534302,19450530
2021-12-31,14152,247410,46548454,19697940
2022-01-01,3502,64814,46551956,19762754
2022-01-02,22838,276728,46574794,20039482
2022-01-03,47965,520037,46622759,20559519
2022-01-04,46490,572107,46669249,21131626
2022-01-05,40862,560430,46710111,21692056
2022-01-06,23544,274490,46733655,21966546
2022-01-07,63813,554226,46797468,22520772
2022-01-08,61004,503426,46858472,23024198
2022-01-09,42980,319709,46901452,23343907
2022-01-10,61186,542331,46962638,23886238
2022-01-11,61878,587040,47024516,24473278
2022-01-12,58574,581316,47083090,25054594
2022-01-13,58732,580436,47141822,25635030
2022-01-14,46957,588626,47188779,26223656
2022-01-15,39604,570001,47228383,26793657
2022-01-16,31333,341899,47259716,27135556
2022-01-17,54862,489699,47314578,27625255
2022-01-18,58480,517059,47373058,28142314
2022-01-19,57282,502826,47430340,28645140
2022-01-20,54432,498866,47484772,29144006
2022-01-21,42196,493903,47526968,29637909
2022-01-22,31315,469624,47558283,30107533
2022-01-23,34985,275392,47593268,30382925
2022-01-24,56232,437255,47649500,30820180
2022-01-25,61606,452135,47711106,31272315
2022-01-26,58604,435851,47769710,31708166
2022-01-27,48902,432419,47818612,32140585
2022-01-28,58768,436568,47877380,32577153
2022-01-29,68200,412520,47945580,32989673
2022-01-30,50413,235992,47995993,33225665
2022-01-31,60728,356953,48056721,33582618
2022-02-01,65624,328473,48122345,33911091
2022-02-02,63256,297002,48185601,34208093
2022-02-03,60098,274541,48245699,34482634
2022-02-04,72417,268475,48318116,34751109
2022-02-05,83818,248560,48401934,34999669
2022-02-06,55309,116208,48457243,35115877
2022-02-07,65192,199948,48522435,35315825
2022-02-08,66960,186132,48589395,35501957
2022-02-09,58773,166357,48648168,35668314
2022-02-10,58604,163256,48706772,35831570
2022-02-11,62274,162481,48769046,35994051
2022-02-12,72016,152157,48841062,36146208
2022-02-13,41487,68859,48882549,36215067
2022-02-14,46711,116195,48929260,36331262
2022-02-15,48572,123482,48977832,36454744
2022-02-16,45695,106132,49023527,36560876
2022-02-17,42877,98127,49066404,36659003
2022-02-18,46639,112590,49113043,36771593
2022-02-19,52547,100341,49165590,36871934
2022-02-20,31416,40367,49197006,36912301
2022-02-21,37903,89658,49234909,37001959
2022-02-22,37227,83786,49272136,37085745
2022-02-23,33403,79409,49305539,37165154
2022-02-24,32562,78168,49338101,37243322
2022-02-25,34775,90714,49372876,37334036
2022-02-26,39162,89139,49412038,37423175
2022-02-27,22548,35859,49434586,37459034
2022-02-28,28490,81699,49463076,37540733
2022-03-01,22733,53943,49485809,37594676
2022-03-02,21935,50714,49507744,37645390
2022-03-03,22641,54947,49530385,37700337
2022-03-04,23245,62801,49553630,37763138
2022-03-05,23804,57953,49577434,37821091
2022-03-06,9473,17201,49586907,37838292
2022-03-07,15927,51391,49602834,37889683
2022-03-08,15480,48797,49618314,37938480
2022-03-09,13814,46518,49632128,37984998
2022-03-10,14060,52127,49646188,38037125
2022-03-11,15593,57273,49661781,38094398
2022-03-12,15514,56620,49677295,38151018
2022-03-13,5544,16852,49682839,38167870
2022-03-14,10529,46701,49693368,38214571
2022-03-15,10555,46895,49703923,38261466
2022-03-16,9485,41978,49713408,38303444
2022-03-17,9725,44875,49723133,38348319
2022-03-18,10164,49059,49733297,38397378
2022-03-19,9152,46540,49742449,38443918
2022-03-20,2608,11704,49745057,38455622
2022-03-21,7586,40231,49752643,38495853
2022-03-22,8447,37768,49761090,38533621
2022-03-23,7220,33701,49768310,38567322
2022-03-24,8260,38821,49776570,38606143
2022-03-25,8142,43673,49784712,38649816
2022-03-26,8129,41722,49792841,38691538
2022-03-27,2432,9683,49795273,38701221
2022-03-28,6112,35244,49801385,38736465
2022-03-29,5783,32532,49807168,38768997
2022-03-30,5567,30205,49812735,38799202
2022-03-31,5905,33187,49818640,38832389
2022-04-01,4351,25189,49822991,38857578
2022-04-02,4497,23275,49827488,38880853
2022-04-03,1049,4500,49828537,38885353
2022-04-04,3661,21546,49832198,38906899
2022-04-05,3758,22938,49835956,38929837
2022-04-06,4105,21853,49840061,38951690
2022-04-07,3969,23321,49844030,38975011
2022-04-08,4696,26716,49848726,39001727
2022-04-09,4381,23889,49853107,39025616
2022-04-10,893,4613,49854000,39030229
2022-04-11,3819,22689,49857819,39052918
2022-04-12,3364,21780,49861183,39074698
2022-04-13,3574,21337,49864757,39096035
2022-04-14,3487,23789,49868244,39119824
2022-04-15,3086,20621,49871330,39140445
2022-04-16,2151,11918,49873481,39152363
2022-04-17,63,348,49873544,39152711
2022-04-18,152,650,49873696,39153361
2022-04-19,3498,21985,49877194,39175346
2022-04-20,3513,20250,49880707,39195596
2022-04-21,2848,19793,49883555,39215389
2022-04-22,2928,20715,49886483,39236104
2022-04-23,2648,16222,49889131,39252326
2022-04-24,509,2334,49889640,39254660
2022-04-25,183,1165,49889823,39255825
2022-04-26,2760,17810,49892583,39273635
2022-04-27,2374,15795,49894957,39289430
2022-04-28,2362,15566,49897319,39304996
2022-04-29,2298,14850,49899617,39319846
2022-04-30,2123,11584,49901740,39331430
2022-05-01,113,531,49901853,39331961
2022-05-02,1451,9393,49903304,39341354
2022-05-03,1577,10326,49904881,39351680
2022-05-04,1747,10276,49906628,39361956
2022-05-05,1654,10297,49908282,39372253
2022-05-06,1702,10972,49909984,39383225
2022-05-07,1431,8573,49911415,39391798
2022-05-08,417,1526,49911832,39393324
2022-05-09,1029,8931,49912861,39402255
2022-05-10,1425,9550,49914286,39411805
2022-05-11,1484,10109,49915770,39421914
2022-05-12,1371,10137,49917141,39432051
2022-05-13,1597,10520,49918738,39442571
2022-05-14,1360,8243,49920098,39450814
2022-05-15,336,1136,49920434,39451950
2022-05-16,814,8408,49921248,39460358
2022-05-17,1244,8707,49922492,39469065
2022-05-18,1373,9256,49923865,39478321
2022-05-19,1501,9287,49925366,39487608
2022-05-20,1426,9535,49926792,39497143
2022-05-21,1302,7901,49928094,39505044
2022-05-22,231,1013,49928325,39506057
2022-05-23,829,8273,49929154,39514330
2022-05-24,1073,8673,49930227,39523003
2022-05-25,1372,9460,49931599,39532463
2022-05-26,1198,9480,49932797,39541943
2022-05-27,1232,9916,49934029,39551859
2022-05-28,1205,7890,49935234,39559749
2022-05-29,288,1265,49935522,39561014
2022-05-30,931,8058,49936453,39569072
2022-05-31,1039,8548,49937492,39577620
2022-06-01,895,7657,49938387,39585277
2022-06-02,35,474,49938422,39585751
2022-06-03,817,7334,49939239,39593085
2022-06-04,870,5162,49940109,39598247
2022-06-05,89,586,49940198,39598833
2022-06-06,679,7004,49940877,39605837
2022-06-07,952,7850,49941829,39613687
2022-06-08,981,7906,49942810,39621593
2022-06-09,1037,8418,49943847,39630011
2022-06-10,958,8563,49944805,39638574
2022-06-11,904,6206,49945709,39644780
2022-06-12,140,768,49945849,39645548
2022-06-13,602,6301,49946451,39651849
2022-06-14,831,7904,49947282,39659753
2022-06-15,960,7856,49948242,39667609
2022-06-16,733,7397,49948975,39675006
2022-06-17,724,7248,49949699,39682254
2022-06-18,778,5596,49950477,39687850
2022-06-19,49,521,49950526,39688371
2022-06-20,587,6699,49951113,39695070
2022-06-21,741,7664,49951854,39702734
2022-06-22,779,7312,49952633,39710046
2022-06-23,648,7472,49953281,39717518
2022-06-24,644,7474,49953925,39724992
2022-06-25,835,6533,49954760,39731525
2022-06-26,128,523,49954888,39732048
2022-06-27,534,7126,49955422,39739174
2022-06-28,747,8207,49956169,39747381
2022-06-29,756,7732,49956925,39755113
2022-06-30,747,8145,49957672,39763258
2022-07-01,577,6443,49958249,39769701
2022-07-02,536,4769,49958785,39774470
2022-07-03,49,456,49958834,39774926
2022-07-04,469,6277,49959303,39781203
2022-07-05,631,8122,49959934,39789325
2022-07-06,634,7611,49960568,39796936
2022-07-07,576,8273,49961144,39805209
2022-07-08,673,8086,49961817,39813295
2022-07-09,550,6105,49962367,39819400
2022-07-10,58,533,49962425,39819933
2022-07-11,491,7641,49962916,39827574
2022-07-12,669,9030,49963585,39836604
2022-07-13,645,10067,49964230,39846671
2022-07-14,637,10225,49964867,39856896
2022-07-15,627,10674,49965494,39867570
2022-07-16,523,7215,49966017,39874785
2022-07-17,48,770,49966065,39875555
2022-07-18,496,9374,49966561,39884929
2022-07-19,575,10683,49967136,39895612
2022-07-20,582,11277,49967718,39906889
2022-07-21,630,12093,49968348,39918982
2022-07-22,585,11262,49968933,39930244
2022-07-23,381,6775,49969314,39937019
2022-07-24,76,857,49969390,39937876
2022-07-25,503,9054,49969893,39946930
2022-07-26,522,9764,49970415,39956694
2022-07-27,554,10210,49970969,39966904
2022-07-28,532,10535,49971501,39977439
2022-07-29,511,9466,49972012,39986905
2022-07-30,383,5882,49972395,39992787
2022-07-31,49,764,49972444,39993551
2022-08-01,386,6865,49972830,40000416
2022-08-02,548,7590,49973378,40008006
2022-08-03,513,7179,49973891,40015185
2022-08-04,455,7491,49974346,40022676
2022-08-05,421,6526,49974767,40029202
2022-08-06,299,3613,49975066,40032815
2022-08-07,44,563,49975110,40033378
2022-08-08,403,4890,49975513,40038268
2022-08-09,381,5312,49975894,40043580
2022-08-10,385,4816,49976279,40048396
2022-08-11,369,4804,49976648,40053200
2022-08-12,294,3720,49976942,40056920
2022-08-13,143,1600,49977085,40058520
2022-08-14,9,129,49977094,40058649
2022-08-15,1,26,49977095,40058675
2022-08-16,283,3043,49977378,40061718
2022-08-17,352,3536,49977730,40065254
2022-08-18,393,4160,49978123,40069414
2022-08-19,342,3319,49978465,40072733
2022-08-20,183,1715,49978648,40074448
2022-08-21,24,149,49978672,40074597
2022-08-22,330,2952,49979002,40077549
2022-08-23,370,3674,49979372,40081223
2022-08-24,384,3360,49979756,40084583
2022-08-25,422,3773,49980178,40088356
2022-08-26,400,3574,49980578,40091930
2022-08-27,237,1769,49980815,40093699
2022-08-28,29,267,49980844,40093966
2022-08-29,354,3161,49981198,40097127
2022-08-30,405,3671,49981603,40100798
2022-08-31,438,3734,49982041,40104532
2022-09-01,353,3116,49982394,40107648
2022-09-02,296,2893,49982690,40110541
2022-09-03,200,1689,49982890,40112230
2022-09-04,24,149,49982914,40112379
2022-09-05,187,2656,49983101,40115035
2022-09-06,306,2983,49983407,40118018
2022-09-07,541,2937,49983948,40120955
2022-09-08,293,2963,49984241,40123918
2022-09-09,305,2886,49984546,40126804
2022-09-10,228,1326,49984774,40128130
2022-09-11,23,124,49984797,40128254
2022-09-12,267,2268,49985064,40130522
2022-09-13,252,2277,49985316,40132799
2022-09-14,266,2566,49985582,40135365
2022-09-15,282,2501,49985864,40137866
2022-09-16,256,2546,49986120,40140412
2022-09-17,239,1339,49986359,40141751
2022-09-18,20,170,49986379,40141921
2022-09-19,206,1971,49986585,40143892
2022-09-20,235,2392,49986820,40146284
2022-09-21,289,2526,49987109,40148810
2022-09-22,267,2663,49987376,40151473
2022-09-23,259,2545,49987635,40154018
2022-09-24,193,1427,49987828,40155445
2022-09-25,29,133,49987857,40155578
2022-09-26,280,2248,49988137,40157826
2022-09-27,287,2683,49988424,40160509
2022-09-28,310,2905,49988734,40163414
2022-09-29,257,3049,49988991,40166463
2022-09-30,292,2989,49989283,40169452
2022-10-01,195,1515,49989478,40170967
2022-10-02,12,187,49989490,40171154
2022-10-03,185,2474,49989675,40173628
2022-10-04,236,2862,49989911,40176490
2022-10-05,229,3252,49990140,40179742
2022-10-06,243,3874,49990383,40183616
2022-10-07,283,4189,49990666,40187805
2022-10-08,204,2270,49990870,40190075
2022-10-09,8,305,49990878,40190380
2022-10-10,211,3356,49991089,40193736
2022-10-11,194,4379,49991283,40198115
2022-10-12,209,4441,49991492,40202556
2022-10-13,204,5304,49991696,40207860
2022-10-14,233,5026,49991929,40212886
2022-10-15,191,2671,49992120,40215557
2022-10-16,6,360,49992126,40215917
2022-10-17,186,3873,49992312,40219790
2022-10-18,257,4967,49992569,40224757
2022-10-19,244,5478,49992813,40230235
2022-10-20,224,5997,49993037,40236232
2022-10-21,250,5477,49993287,40241709
2022-10-22,195,2911,49993482,40244620
2022-10-23,13,364,49993495,40244984
2022-10-24,171,3930,49993666,40248914
2022-10-25,254,4926,49993920,40253840
2022-10-26,347,5503,49994267,40259343
2022-10-27,241,5671,49994508,40265014
2022-10-28,200,5263,49994708,40270277
2022-10-29,128,2844,49994836,40273121
2022-10-30,3,328,49994839,40273449
2022-10-31,117,3042,49994956,40276491
2022-11-01,11,353,49994967,40276844
2022-11-02,145,3721,49995112,40280565
2022-11-03,173,4789,49995285,40285354
2022-11-04,225,4603,49995510,40289957
2022-11-05,144,2598,49995654,40292555
2022-11-06,10,261,49995664,40292816
2022-11-07,169,3225,49995833,40296041
2022-11-08,260,4251,49996093,40300292
2022-11-09,197,4331,49996290,40304623
2022-11-10,183,4597,49996473,40309220
2022-11-11,193,4221,49996666,40313441
2022-11-12,152,2377,49996818,40315818
2022-11-13,7,338,49996825,40316156
2022-11-14,149,2838,49996974,40318994
2022-11-15,202,3748,49997176,40322742
2022-11-16,217,3992,49997393,40326734
2022-11-17,191,4104,49997584,40330838
2022-11-18,247,4032,49997831,40334870
2022-11-19,112,2104,49997943,40336974
2022-11-20,24,317,49997967,40337291
2022-11-21,119,2620,49998086,40339911
2022-11-22,143,3215,49998229,40343126
2022-11-23,191,3624,49998420,40346750
2022-11-24,156,3837,49998576,40350587
2022-11-25,184,3785,49998760,40354372
2022-11-26,133,2093,49998893,40356465
2022-11-27,22,356,49998915,40356821
2022-11-28,182,2682,49999097,40359503
2022-11-29,257,3230,49999354,40362733
2022-11-30,182,3733,49999536,40366466
2022-12-01,150,3621,49999686,40370087
2022-12-02,156,3527,49999842,40373614
2022-12-03,105,1968,49999947,40375582
2022-12-04,5,290,49999952,40375872
2022-12-05,128,2851,50000080,40378723
2022-12-06,176,3651,50000256,40382374
2022-12-07,136,3129,50000392,40385503
2022-12-08,8,169,50000400,40385672
2022-12-09,161,3023,50000561,40388695
2022-12-10,78,1604,50000639,40390299
2022-12-11,7,193,50000646,40390492
2022-12-12,170,2534,50000816,40393026
2022-12-13,254,3041,50001070,40396067
2022-12-14,227,3206,50001297,40399273
2022-12-15,204,3246,50001501,40402519
2022-12-16,162,3160,50001663,40405679
2022-12-17,94,1677,50001757,40407356
2022-12-18,10,270,50001767,40407626
2022-12-19,144,2155,50001911,40409781
2022-12-20,211,2491,50002122,40412272
2022-12-21,153,2211,50002275,40414483
2022-12-22,141,1857,50002416,40416340
2022-12-23,150,1203,50002566,40417543
2022-12-24,32,160,50002598,40417703
2022-12-25,0,6,50002598,40417709
2022-12-26,6,41,50002604,40417750
2022-12-27,131,1550,50002735,40419300
2022-12-28,129,1740,50002864,40421040
2022-12-29,90,1662,50002954,40422702
2022-12-30,115,1571,50003069,40424273
2022-12-31,23,257,50003092,40424530