data_somministrazione,vaccinazioni,booster,cum_vaccinazioni,cum_booster
2020-12-27,20,0,20,0
2020-12-28,2,0,22,0
2020-12-29,1,0,23,0
2020-12-30,9,0,32,0
2020-12-31,73,0,105,0
2021-01-01,24,0,129,0
2021-01-02,131,0,260,0
2021-01-03,94,0,354,0
2021-01-04,224,0,578,0
2021-01-05,261,0,839,0
2021-01-06,230,0,1069,0
2021-01-07,314,0,1383,0
2021-01-08,361,0,1744,0
2021-01-09,268,0,2012,0
2021-01-10,163,0,2175,0
2021-01-11,293,0,2468,0
2021-01-12,278,0,2746,0
2021-01-13,406,0,3152,0
2021-01-14,490,0,3642,0
2021-01-15,310,0,3952,0
2021-01-16,217,0,4169,0
2021-01-17,3062,0,7231,0
2021-01-18,5215,0,12446,0
2021-01-19,1893,0,14339,0
2021-01-20,4656,0,18995,0
2021-01-21,20009,0,39004,0
2021-01-22,14220,0,53224,0
2021-01-23,33329,0,86553,0
2021-01-24,30781,0,117334,0
2021-01-25,64718,0,182052,0
2021-01-26,76484,0,258536,0
2021-01-27,64825,0,323361,0
2021-01-28,89265,0,412626,0
2021-01-29,94012,0,506638,0
2021-01-30,86549,0,593187,0
2021-01-31,57327,0,650514,0
2021-02-01,81850,0,732364,0
2021-02-02,82140,0,814504,0
2021-02-03,91111,0,905615,0
2021-02-04,95397,0,1001012,0
2021-02-05,90269,0,1091281,0
2021-02-06,63448,0,1154729,0
2021-02-07,32932,0,1187661,0
2021-02-08,40425,0,1228086,0
2021-02-09,32874,0,1260960,0
2021-02-10,28432,0,1289392,0
2021-02-11,20404,0,1309796,0
2021-02-12,16241,0,1326037,0
2021-02-13,7275,0,1333312,0
2021-02-14,2862,0,1336174,0
2021-02-15,6845,0,1343019,0
2021-02-16,7002,0,1350021,0
2021-02-17,10526,0,1360547,0
2021-02-18,9252,0,1369799,0
2021-02-19,8252,0,1378051,0
2021-02-20,5571,0,1383622,0
2021-02-21,3007,0,1386629,0
2021-02-22,6885,0,1393514,0
2021-02-23,7180,0,1400694,0
2021-02-24,9809,0,1410503,0
2021-02-25,14211,0,1424714,0
2021-02-26,17558,0,1442272,0
2021-02-27,13916,0,1456188,0
2021-02-28,9391,0,1465579,0
2021-03-01,26517,0,1492096,0
2021-03-02,33247,0,1525343,0
2021-03-03,44648,0,1569991,0
2021-03-04,50294,0,1620285,0
2021-03-05,55735,0,1676020,0
2021-03-06,41873,0,1717893,0
2021-03-07,22325,0,1740218,0
2021-03-08,50830,0,1791048,0
2021-03-09,53082,0,1844130,0
2021-03-10,58662,0,1902792,0
2021-03-11,63873,0,1966665,0
2021-03-12,65122,0,2031787,0
2021-03-13,51728,0,2083515,0
2021-03-14,35410,0,2118925,0
2021-03-15,73451,0,2192376,0
2021-03-16,74027,0,2266403,0
2021-03-17,83135,0,2349538,0
2021-03-18,81630,0,2431168,0
2021-03-19,81086,0,2512254,0
2021-03-20,64729,0,2576983,0
2021-03-21,47308,0,2624291,0
2021-03-22,69491,0,2693782,0
2021-03-23,75809,0,2769591,0
2021-03-24,90915,0,2860506,0
2021-03-25,89819,0,2950325,0
2021-03-26,83639,0,3033964,0
2021-03-27,71948,0,3105912,0
2021-03-28,44158,0,3150070,0
2021-03-29,70840,0,3220910,0
2021-03-30,81394,0,3302304,0
2021-03-31,96250,0,3398554,0
2021-04-01,95316,0,3493870,0
2021-04-02,84080,0,3577950,0
2021-04-03,64307,0,3642257,0
2021-04-04,21723,0,3663980,0
2021-04-05,40317,0,3704297,0
2021-04-06,81329,0,3785626,0
2021-04-07,95837,0,3881463,0
2021-04-08,95251,0,3976714,0
2021-04-09,88500,0,4065214,0
2021-04-10,74032,0,4139246,0
2021-04-11,44765,0,4184011,0
2021-04-12,66922,0,4250933,0
2021-04-13,72585,0,4323518,0
2021-04-14,85549,0,4409067,0
2021-04-15,105415,0,4514482,0
2021-04-16,106420,0,4620902,0
2021-04-17,90523,0,4711425,0
2021-04-18,58596,0,4770021,0
2021-04-19,93433,0,4863454,0
2021-04-20,103773,0,4967227,0
2021-04-21,125346,0,5092573,0
2021-04-22,143521,0,5236094,0
2021-04-23,138749,0,5374843,0
2021-04-24,124452,0,5499295,0
2021-04-25,61462,0,5560757,0
2021-04-26,97899,0,5658656,0
2021-04-27,128365,0,5787021,0
2021-04-28,156381,0,5943402,0
2021-04-29,195604,0,6139006,0
2021-04-30,214595,0,6353601,0
2021-05-01,174131,0,6527732,0
2021-05-02,135808,0,6663540,0
2021-05-03,142056,0,6805596,0
2021-05-04,158702,0,6964298,0
2021-05-05,170521,0,7134819,0
2021-05-06,197820,0,7332639,0
2021-05-07,213861,0,7546500,0
2021-05-08,213436,0,7759936,0
2021-05-09,143209,0,7903145,0
2021-05-10,165091,0,8068236,0
2021-05-11,174999,0,8243235,0
2021-05-12,179201,0,8422436,0
2021-05-13,203403,0,8625839,0
2021-05-14,222934,0,8848773,0
2021-05-15,210377,0,9059150,0
2021-05-16,159282,0,9218432,0
2021-05-17,219211,0,9437643,0
2021-05-18,213028,0,9650671,0
2021-05-19,207098,0,9857769,0
2021-05-20,270882,0,10128651,0
2021-05-21,270909,0,10399560,0
2021-05-22,245530,0,10645090,0
2021-05-23,197185,0,10842275,0
2021-05-24,228310,0,11070585,0
2021-05-25,245699,0,11316284,0
2021-05-26,277512,0,11593796,0
2021-05-27,311093,0,11904889,0
2021-05-28,299581,0,12204470,0
2021-05-29,231241,0,12435711,0
2021-05-30,170845,0,12606556,0
2021-05-31,216431,0,12822987,0
2021-06-01,207639,0,13030626,0
2021-06-02,115807,0,13146433,0
2021-06-03,180162,0,13326595,0
2021-06-04,184899,0,13511494,0
2021-06-05,185977,0,13697471,0
2021-06-06,139566,0,13837037,0
2021-06-07,161885,0,13998922,0
2021-06-08,171255,0,14170177,0
2021-06-09,171504,0,14341681,0
2021-06-10,174129,0,14515810,0
2021-06-11,170002,0,14685812,0
2021-06-12,128349,0,14814161,0
2021-06-13,91213,0,14905374,0
2021-06-14,214698,0,15120072,0
2021-06-15,228437,0,15348509,0
2021-06-16,253090,0,15601599,0
2021-06-17,301753,0,15903352,0
2021-06-18,306321,0,16209673,0
2021-06-19,275106,0,16484779,0
2021-06-20,220803,0,16705582,0
2021-06-21,288081,0,16993663,0
2021-06-22,296236,0,17289899,0
2021-06-23,302697,0,17592596,0
2021-06-24,332614,0,17925210,0
2021-06-25,348722,0,18273932,0
2021-06-26,300132,0,18574064,0
2021-06-27,228682,0,18802746,0
2021-06-28,307126,0,19109872,0
2021-06-29,329314,0,19439186,0
2021-06-30,342184,0,19781370,0
2021-07-01,363232,0,20144602,0
2021-07-02,368487,0,20513089,0
2021-07-03,371101,0,20884190,0
2021-07-04,283226,0,21167416,0
2021-07-05,384555,0,21551971,0
2021-07-06,385489,0,21937460,0
2021-07-07,412125,0,22349585,0
2021-07-08,479600,0,22829185,0
2021-07-09,498483,0,23327668,0
2021-07-10,475180,0,23802848,0
2021-07-11,357700,0,24160548,0
2021-07-12,485898,0,24646446,0
2021-07-13,492097,0,25138543,0
2021-07-14,480454,0,25618997,0
2021-07-15,523443,0,26142440,0
2021-07-16,509764,0,26652204,0
2021-07-17,464337,0,27116541,0
2021-07-18,364642,0,27481183,0
2021-07-19,463050,0,27944233,0
2021-07-20,458065,0,28402298,0
2021-07-21,462798,0,28865096,0
2021-07-22,475391,0,29340487,0
2021-07-23,441332,0,29781819,0
2021-07-24,386160,0,30167979,0
2021-07-25,287566,0,30455545,0
2021-07-26,430897,0,30886442,0
2021-07-27,440132,0,31326574,0
2021-07-28,391027,0,31717601,0
2021-07-29,372084,0,32089685,0
2021-07-30,341518,0,32431203,0
2021-07-31,287037,0,32718240,0
2021-08-01,190999,0,32909239,0
2021-08-02,333705,0,33242944,0
2021-08-03,323197,0,33566141,0
2021-08-04,310985,0,33877126,0
2021-08-05,292497,0,34169623,0
2021-08-06,260021,0,34429644,0
2021-08-07,199057,0,34628701,0
2021-08-08,153108,0,34781809,0
2021-08-09,234078,0,35015887,0
2021-08-10,205265,0,35221152,0
2021-08-11,193781,0,35414933,0
2021-08-12,168043,0,35582976,0
2021-08-13,148648,0,35731624,0
2021-08-14,66096,0,35797720,0
2021-08-15,26339,0,35824059,0
2021-08-16,114709,0,35938768,0
2021-08-17,129257,0,36068025,0
2021-08-18,128756,0,36196781,0
2021-08-19,124834,0,36321615,0
2021-08-20,123798,0,36445413,0
2021-08-21,83132,0,36528545,0
2021-08-22,68178,0,36596723,0
2021-08-23,176869,0,36773592,0
2021-08-24,156896,0,36930488,0
2021-08-25,177175,0,37107663,0
2021-08-26,172366,0,37280029,0
2021-08-27,185837,0,37465866,0
2021-08-28,140283,0,37606149,0
2021-08-29,98990,0,37705139,0
2021-08-30,209598,0,37914737,0
2021-08-31,194641,0,38109378,0
2021-09-01,192211,0,38301589,0
2021-09-02,189935,0,38491524,0
2021-09-03,191294,0,38682818,0
2021-09-04,131458,0,38814276,0
2021-09-05,87859,0,38902135,0
2021-09-06,193619,0,39095754,0
2021-09-07,196034,0,39291788,0
2021-09-08,187880,0,39479668,0
2021-09-09,201440,0,39681108,0
2021-09-10,198071,0,39879179,0
2021-09-11,141295,0,40020474,0
2021-09-12,89595,0,40110069,0
2021-09-13,191121,617,40301190,617
2021-09-14,177226,626,40478416,1243
2021-09-15,163088,633,40641504,1876
2021-09-16,160067,973,40801571,2849
2021-09-17,150171,1149,40951742,3998
2021-09-18,127981,762,41079723,4760
2021-09-19,81140,504,41160863,5264
2021-09-20,180068,9113,41340931,14377
2021-09-21,166662,8849,41507593,23226
2021-09-22,159101,9452,41666694,32678
2021-09-23,138089,9346,41804783,42024
2021-09-24,140550,8992,41945333,51016
2021-09-25,119564,5659,42064897,56675
2021-09-26,71982,4355,42136879,61030
2021-09-27,135666,10069,42272545,71099
2021-09-28,117508,11415,42390053,82514
2021-09-29,112361,11846,42502414,94360
2021-09-30,110268,14974,42612682,109334
2021-10-01,94995,19129,42707677,128463
2021-10-02,78512,14037,42786189,142500
2021-10-03,47754,7666,42833943,150166
2021-10-04,88387,34472,42922330,184638
2021-10-05,80381,34007,43002711,218645
2021-10-06,72002,34193,43074713,252838
2021-10-07,71875,34366,43146588,287204
2021-10-08,80631,33618,43227219,320822
2021-10-09,76109,22189,43303328,343011
2021-10-10,45782,13628,43349110,356639
2021-10-11,87447,41122,43436557,397761
2021-10-12,84514,46925,43521071,444686
2021-10-13,88211,52144,43609282,496830
2021-10-14,91549,58543,43700831,555373
2021-10-15,93599,55660,43794430,611033
2021-10-16,82973,36813,43877403,647846
2021-10-17,51461,23851,43928864,671697
2021-10-18,90305,59505,44019169,731202
2021-10-19,78351,69396,44097520,800598
2021-10-20,75070,78196,44172590,878794
2021-10-21,78307,81790,44250897,960584
2021-10-22,73780,77063,44324677,1037647
2021-10-23,60831,51970,44385508,1089617
2021-10-24,33371,23474,44418879,1113091
2021-10-25,64904,81654,44483783,1194745
2021-10-26,58373,91826,44542156,1286571
2021-10-27,58324,104018,44600480,1390589
2021-10-28,61454,114144,44661934,1504733
2021-10-29,61641,103167,44723575,1607900
2021-10-30,50678,68133,44774253,1676033
2021-10-31,25163,28305,44799416,1704338
2021-11-01,19048,28157,44818464,1732495
2021-11-02,62744,89424,44881208,1821919
2021-11-03,60725,118688,44941933,1940607
2021-11-04,59245,126688,45001178,2067295
2021-11-05,63095,135211,45064273,2202506
2021-11-06,46483,90936,45110756,2293442
2021-11-07,22253,37901,45133009,2331343
2021-11-08,51530,131291,45184539,2462634
2021-11-09,45401,144230,45229940,2606864
2021-11-10,42590,156369,45272530,2763233
2021-11-11,44931,155160,45317461,2918393
2021-11-12,46315,158666,45363776,3077059
2021-11-13,33266,116668,45397042,3193727
2021-11-14,14492,52457,45411534,3246184
2021-11-15,36908,157440,45448442,3403624
2021-11-16,30563,171399,45479005,3575023
2021-11-17,28469,178454,45507474,3753477
2021-11-18,30292,193753,45537766,3947230
2021-11-19,28813,205878,45566579,4153108
2021-11-20,21004,156455,45587583,4309563
2021-11-21,10613,64866,45598196,4374429
2021-11-22,21949,213161,45620145,4587590
2021-11-23,23590,241778,45643735,4829368
2021-11-24,27801,271031,45671536,5100399
2021-11-25,23253,301928,45694789,5402327
2021-11-26,24590,318296,45719379,5720623
2021-11-27,21396,266170,45740775,5986793
2021-11-28,9907,137064,45750682,6123857
2021-11-29,22359,326072,45773041,6449929
2021-11-30,23113,365856,45796154,6815785
2021-12-01,21541,413516,45817695,7229301
2021-12-02,23780,440428,45841475,7669729
2021-12-03,25268,467509,45866743,8137238
2021-12-04,22386,418790,45889129,8556028
2021-12-05,11941,261362,45901070,8817390
2021-12-06,25834,457621,45926904,9275011
2021-12-07,24154,480295,45951058,9755306
2021-12-08,10023,249715,45961081,10005021
2021-12-09,31612,491951,45992693,10496972
2021-12-10,28089,517918,46020782,11014890
2021-12-11,23582,459268,46044364,11474158
2021-12-12,12315,293523,46056679,11767681
2021-12-13,26170,467646,46082849,12235327
2021-12-14,25196,494229,46108045,12729556
2021-12-15,25362,517182,46133407,13246738
2021-12-16,27917,520291,46161324,13767029
2021-12-17,29384,517206,46190708,14284235
2021-12-18,27085,468771,46217793,14753006
2021-12-19,15165,300537,46232958,15053543
2021-12-20,30658,477499,46263616,15531042
2021-12-21,30407,493417,46294023,16024459
2021-12-22,29476,484735,46323499,16509194
2021-12-23,28276,426937,46351775,16936131
2021-12-24,13123,210836,46364898,17146967
2021-12-25,2103,33053,46367001,17180020
2021-12-26,8770,159075,46375771,17339095
2021-12-27,46829,504683,46422600,17843778
2021-12-28,42493,554239,46465093,18398017
2021-12-29,34382,550667,46499475,18948684
2021-12-30,31872,499853,46531347,19448537
2021-12-31,14136,247405,46545483,19695942
2022-01-01,3498,64815,46548981,19760757
2022-01-02,22807,276720,46571788,20037477
2022-01-03,47906,520029,46619694,20557506
2022-01-04,46431,572101,46666125,21129607
2022-01-05,40802,560410,46706927,21690017
2022-01-06,23520,274489,46730447,21964506
2022-01-07,63764,554210,46794211,22518716
2022-01-08,60932,503406,46855143,23022122
2022-01-09,42919,319697,46898062,23341819
2022-01-10,61140,542315,46959202,23884134
2022-01-11,61798,587025,47021000,24471159
2022-01-12,58514,581297,47079514,25052456
2022-01-13,58676,580420,47138190,25632876
2022-01-14,46883,588599,47185073,26221475
2022-01-15,39488,569972,47224561,26791447
2022-01-16,31285,341886,47255846,27133333
2022-01-17,54826,489680,47310672,27623013
2022-01-18,58443,517043,47369115,28140056
2022-01-19,57244,502813,47426359,28642869
2022-01-20,54389,498847,47480748,29141716
2022-01-21,42143,493889,47522891,29635605
2022-01-22,31249,469607,47554140,30105212
2022-01-23,34962,275385,47589102,30380597
2022-01-24,56207,437238,47645309,30817835
2022-01-25,61581,452124,47706890,31269959
2022-01-26,58565,435842,47765455,31705801
2022-01-27,48869,432391,47814324,32138192
2022-01-28,58733,436551,47873057,32574743
2022-01-29,68159,412504,47941216,32987247
2022-01-30,50397,235981,47991613,33223228
2022-01-31,60665,356939,48052278,33580167
2022-02-01,65585,328458,48117863,33908625
2022-02-02,63227,296984,48181090,34205609
2022-02-03,60076,274525,48241166,34480134
2022-02-04,72394,268467,48313560,34748601
2022-02-05,83805,248541,48397365,34997142
2022-02-06,55299,116207,48452664,35113349
2022-02-07,65165,199941,48517829,35313290
2022-02-08,66940,186119,48584769,35499409
2022-02-09,58769,166337,48643538,35665746
2022-02-10,58592,163241,48702130,35828987
2022-02-11,62264,162467,48764394,35991454
2022-02-12,71993,152148,48836387,36143602
2022-02-13,41475,68853,48877862,36212455
2022-02-14,46702,116188,48924564,36328643
2022-02-15,48545,123479,48973109,36452122
2022-02-16,45683,106122,49018792,36558244
2022-02-17,42870,98113,49061662,36656357
2022-02-18,46628,112578,49108290,36768935
2022-02-19,52542,100337,49160832,36869272
2022-02-20,31410,40366,49192242,36909638
2022-02-21,37893,89655,49230135,36999293
2022-02-22,37225,83777,49267360,37083070
2022-02-23,33397,79408,49300757,37162478
2022-02-24,32557,78162,49333314,37240640
2022-02-25,34765,90710,49368079,37331350
2022-02-26,39159,89135,49407238,37420485
2022-02-27,22545,35857,49429783,37456342
2022-02-28,28482,81693,49458265,37538035
2022-03-01,22723,53942,49480988,37591977
2022-03-02,21956,50683,49502944,37642660
2022-03-03,22623,54947,49525567,37697607
2022-03-04,23236,62800,49548803,37760407
2022-03-05,23800,57951,49572603,37818358
2022-03-06,9471,17201,49582074,37835559
2022-03-07,15919,51390,49597993,37886949
2022-03-08,15479,48796,49613472,37935745
2022-03-09,13813,46519,49627285,37982264
2022-03-10,14052,52120,49641337,38034384
2022-03-11,15586,57267,49656923,38091651
2022-03-12,15506,56620,49672429,38148271
2022-03-13,5544,16851,49677973,38165122
2022-03-14,10526,46700,49688499,38211822
2022-03-15,10548,46894,49699047,38258716
2022-03-16,9482,41973,49708529,38300689
2022-03-17,9718,44873,49718247,38345562
2022-03-18,10158,49056,49728405,38394618
2022-03-19,9150,46535,49737555,38441153
2022-03-20,2609,11702,49740164,38452855
2022-03-21,7579,40222,49747743,38493077
2022-03-22,8448,37759,49756191,38530836
2022-03-23,7215,33700,49763406,38564536
2022-03-24,8258,38806,49771664,38603342
2022-03-25,8140,43666,49779804,38647008
2022-03-26,8127,41721,49787931,38688729
2022-03-27,2430,9682,49790361,38698411
2022-03-28,6109,35239,49796470,38733650
2022-03-29,5777,32530,49802247,38766180
2022-03-30,5566,30205,49807813,38796385
2022-03-31,5898,33180,49813711,38829565
2022-04-01,4348,25190,49818059,38854755
2022-04-02,4495,23274,49822554,38878029
2022-04-03,1049,4500,49823603,38882529
2022-04-04,3657,21544,49827260,38904073
2022-04-05,3756,22932,49831016,38927005
2022-04-06,4103,21853,49835119,38948858
2022-04-07,3967,23320,49839086,38972178
2022-04-08,4692,26713,49843778,38998891
2022-04-09,4382,23886,49848160,39022777
2022-04-10,892,4613,49849052,39027390
2022-04-11,3816,22688,49852868,39050078
2022-04-12,3364,21778,49856232,39071856
2022-04-13,3568,21335,49859800,39093191
2022-04-14,3485,23786,49863285,39116977
2022-04-15,3084,20617,49866369,39137594
2022-04-16,2149,11918,49868518,39149512
2022-04-17,63,348,49868581,39149860
2022-04-18,152,650,49868733,39150510
2022-04-19,3499,21979,49872232,39172489
2022-04-20,3511,20251,49875743,39192740
2022-04-21,2847,19788,49878590,39212528
2022-04-22,2927,20703,49881517,39233231
2022-04-23,2645,16219,49884162,39249450
2022-04-24,509,2334,49884671,39251784
2022-04-25,183,1165,49884854,39252949
2022-04-26,2759,17807,49887613,39270756
2022-04-27,2374,15793,49889987,39286549
2022-04-28,2359,15560,49892346,39302109
2022-04-29,2295,14846,49894641,39316955
2022-04-30,2122,11581,49896763,39328536
2022-05-01,113,531,49896876,39329067
2022-05-02,1450,9391,49898326,39338458
2022-05-03,1576,10318,49899902,39348776
2022-05-04,1745,10268,49901647,39359044
2022-05-05,1653,10285,49903300,39369329
2022-05-06,1701,10958,49905001,39380287
2022-05-07,1431,8568,49906432,39388855
2022-05-08,416,1521,49906848,39390376
2022-05-09,1027,8929,49907875,39399305
2022-05-10,1425,9546,49909300,39408851
2022-05-11,1483,10098,49910783,39418949
2022-05-12,1369,10131,49912152,39429080
2022-05-13,1594,10518,49913746,39439598
2022-05-14,1357,8235,49915103,39447833
2022-05-15,336,1131,49915439,39448964
2022-05-16,813,8405,49916252,39457369
2022-05-17,1243,8697,49917495,39466066
2022-05-18,1372,9232,49918867,39475298
2022-05-19,1500,9277,49920367,39484575
2022-05-20,1421,9516,49921788,39494091
2022-05-21,1301,7900,49923089,39501991
2022-05-22,231,1013,49923320,39503004
2022-05-23,830,8267,49924150,39511271
2022-05-24,1073,8672,49925223,39519943
2022-05-25,1371,9459,49926594,39529402
2022-05-26,1195,9475,49927789,39538877
2022-05-27,1232,9914,49929021,39548791
2022-05-28,1205,7886,49930226,39556677
2022-05-29,288,1264,49930514,39557941
2022-05-30,930,8055,49931444,39565996
2022-05-31,1036,8547,49932480,39574543
2022-06-01,891,7655,49933371,39582198
2022-06-02,35,474,49933406,39582672
2022-06-03,818,7333,49934224,39590005
2022-06-04,870,5161,49935094,39595166
2022-06-05,89,586,49935183,39595752
2022-06-06,678,6992,49935861,39602744
2022-06-07,952,7849,49936813,39610593
2022-06-08,980,7908,49937793,39618501
2022-06-09,1037,8414,49938830,39626915
2022-06-10,958,8564,49939788,39635479
2022-06-11,903,6207,49940691,39641686
2022-06-12,140,768,49940831,39642454
2022-06-13,602,6301,49941433,39648755
2022-06-14,830,7896,49942263,39656651
2022-06-15,955,7852,49943218,39664503
2022-06-16,730,7393,49943948,39671896
2022-06-17,723,7243,49944671,39679139
2022-06-18,777,5593,49945448,39684732
2022-06-19,48,522,49945496,39685254
2022-06-20,587,6699,49946083,39691953
2022-06-21,736,7665,49946819,39699618
2022-06-22,781,7308,49947600,39706926
2022-06-23,652,7467,49948252,39714393
2022-06-24,644,7474,49948896,39721867
2022-06-25,835,6534,49949731,39728401
2022-06-26,128,523,49949859,39728924
2022-06-27,533,7124,49950392,39736048
2022-06-28,746,8207,49951138,39744255
2022-06-29,756,7731,49951894,39751986
2022-06-30,745,8144,49952639,39760130
2022-07-01,577,6443,49953216,39766573
2022-07-02,536,4770,49953752,39771343
2022-07-03,49,456,49953801,39771799
2022-07-04,469,6277,49954270,39778076
2022-07-05,629,8118,49954899,39786194
2022-07-06,633,7610,49955532,39793804
2022-07-07,572,8271,49956104,39802075
2022-07-08,673,8083,49956777,39810158
2022-07-09,550,6104,49957327,39816262
2022-07-10,58,533,49957385,39816795
2022-07-11,487,7638,49957872,39824433
2022-07-12,667,9029,49958539,39833462
2022-07-13,641,10067,49959180,39843529
2022-07-14,635,10224,49959815,39853753
2022-07-15,625,10668,49960440,39864421
2022-07-16,522,7214,49960962,39871635
2022-07-17,48,770,49961010,39872405
2022-07-18,497,9369,49961507,39881774
2022-07-19,574,10682,49962081,39892456
2022-07-20,580,11272,49962661,39903728
2022-07-21,627,12086,49963288,39915814
2022-07-22,583,11257,49963871,39927071
2022-07-23,380,6771,49964251,39933842
2022-07-24,76,857,49964327,39934699
2022-07-25,503,9051,49964830,39943750
2022-07-26,519,9758,49965349,39953508
2022-07-27,552,10199,49965901,39963707
2022-07-28,530,10535,49966431,39974242
2022-07-29,511,9464,49966942,39983706
2022-07-30,382,5881,49967324,39989587
2022-07-31,49,764,49967373,39990351
2022-08-01,386,6864,49967759,39997215
2022-08-02,540,7584,49968299,40004799
2022-08-03,512,7175,49968811,40011974
2022-08-04,455,7489,49969266,40019463
2022-08-05,420,6524,49969686,40025987
2022-08-06,299,3612,49969985,40029599
2022-08-07,44,562,49970029,40030161
2022-08-08,402,4893,49970431,40035054
2022-08-09,381,5307,49970812,40040361
2022-08-10,381,4815,49971193,40045176
2022-08-11,366,4778,49971559,40049954
2022-08-12,292,3721,49971851,40053675
2022-08-13,143,1600,49971994,40055275
2022-08-14,9,129,49972003,40055404
2022-08-15,1,26,49972004,40055430
2022-08-16,283,3043,49972287,40058473
2022-08-17,352,3536,49972639,40062009
2022-08-18,391,4160,49973030,40066169
2022-08-19,341,3320,49973371,40069489
2022-08-20,183,1715,49973554,40071204
2022-08-21,24,149,49973578,40071353
2022-08-22,329,2951,49973907,40074304
2022-08-23,370,3674,49974277,40077978
2022-08-24,383,3359,49974660,40081337
2022-08-25,421,3772,49975081,40085109
2022-08-26,399,3571,49975480,40088680
2022-08-27,237,1769,49975717,40090449
2022-08-28,29,267,49975746,40090716
2022-08-29,354,3161,49976100,40093877
2022-08-30,402,3670,49976502,40097547
2022-08-31,437,3734,49976939,40101281
2022-09-01,352,3117,49977291,40104398
2022-09-02,296,2890,49977587,40107288
2022-09-03,200,1688,49977787,40108976
2022-09-04,23,149,49977810,40109125
2022-09-05,187,2655,49977997,40111780
2022-09-06,303,2986,49978300,40114766
2022-09-07,540,2936,49978840,40117702
2022-09-08,291,2960,49979131,40120662
2022-09-09,305,2884,49979436,40123546
2022-09-10,227,1326,49979663,40124872
2022-09-11,22,124,49979685,40124996
2022-09-12,267,2263,49979952,40127259
2022-09-13,252,2274,49980204,40129533
2022-09-14,265,2564,49980469,40132097
2022-09-15,280,2493,49980749,40134590
2022-09-16,253,2544,49981002,40137134
2022-09-17,239,1339,49981241,40138473
2022-09-18,20,170,49981261,40138643
2022-09-19,205,1969,49981466,40140612
2022-09-20,236,2384,49981702,40142996
2022-09-21,289,2526,49981991,40145522
2022-09-22,263,2651,49982254,40148173
2022-09-23,258,2537,49982512,40150710
2022-09-24,193,1427,49982705,40152137
2022-09-25,29,133,49982734,40152270
2022-09-26,280,2247,49983014,40154517
2022-09-27,287,2671,49983301,40157188
2022-09-28,309,2895,49983610,40160083
2022-09-29,256,3045,49983866,40163128
2022-09-30,290,2973,49984156,40166101
2022-10-01,194,1513,49984350,40167614
2022-10-02,12,187,49984362,40167801
2022-10-03,182,2473,49984544,40170274
2022-10-04,236,2860,49984780,40173134
2022-10-05,226,3217,49985006,40176351
2022-10-06,241,3837,49985247,40180188
2022-10-07,282,4162,49985529,40184350
2022-10-08,201,2235,49985730,40186585
2022-10-09,8,304,49985738,40186889
2022-10-10,206,3337,49985944,40190226
2022-10-11,191,4349,49986135,40194575
2022-10-12,208,4413,49986343,40198988
2022-10-13,200,5296,49986543,40204284
2022-10-14,229,5019,49986772,40209303
2022-10-15,188,2669,49986960,40211972
2022-10-16,6,360,49986966,40212332
2022-10-17,186,3856,49987152,40216188
2022-10-18,257,4949,49987409,40221137
2022-10-19,237,5462,49987646,40226599
2022-10-20,223,5969,49987869,40232568
2022-10-21,250,5459,49988119,40238027
2022-10-22,194,2907,49988313,40240934
2022-10-23,13,356,49988326,40241290
2022-10-24,170,3909,49988496,40245199
2022-10-25,252,4907,49988748,40250106
2022-10-26,337,5459,49989085,40255565
2022-10-27,241,5605,49989326,40261170
2022-10-28,199,5215,49989525,40266385
2022-10-29,127,2830,49989652,40269215
2022-10-30,3,326,49989655,40269541
2022-10-31,115,3016,49989770,40272557
2022-11-01,10,327,49989780,40272884
2022-11-02,145,3669,49989925,40276553
2022-11-03,167,4731,49990092,40281284
2022-11-04,215,4492,49990307,40285776
2022-11-05,142,2567,49990449,40288343
2022-11-06,10,257,49990459,40288600
2022-11-07,157,3127,49990616,40291727
2022-11-08,254,4089,49990870,40295816
2022-11-09,185,4087,49991055,40299903
2022-11-10,172,4290,49991227,40304193
2022-11-11,110,1845,49991337,40306038