data_somministrazione,vaccinazioni,booster,cum_vaccinazioni,cum_booster
2020-12-27,16,0,16,0
2020-12-28,2,0,18,0
2020-12-29,1,0,19,0
2020-12-30,3,0,22,0
2020-12-31,36,0,58,0
2021-01-01,13,0,71,0
2021-01-02,55,0,126,0
2021-01-03,46,0,172,0
2021-01-04,125,0,297,0
2021-01-05,166,0,463,0
2021-01-06,136,0,599,0
2021-01-07,205,0,804,0
2021-01-08,249,0,1053,0
2021-01-09,178,0,1231,0
2021-01-10,111,0,1342,0
2021-01-11,203,0,1545,0
2021-01-12,212,0,1757,0
2021-01-13,315,0,2072,0
2021-01-14,415,0,2487,0
2021-01-15,254,0,2741,0
2021-01-16,170,0,2911,0
2021-01-17,3050,0,5961,0
2021-01-18,5186,0,11147,0
2021-01-19,1878,0,13025,0
2021-01-20,4648,0,17673,0
2021-01-21,20010,0,37683,0
2021-01-22,14197,0,51880,0
2021-01-23,33358,0,85238,0
2021-01-24,30796,0,116034,0
2021-01-25,64780,0,180814,0
2021-01-26,76552,0,257366,0
2021-01-27,64881,0,322247,0
2021-01-28,89343,0,411590,0
2021-01-29,94076,0,505666,0
2021-01-30,86621,0,592287,0
2021-01-31,57355,0,649642,0
2021-02-01,81912,0,731554,0
2021-02-02,82170,0,813724,0
2021-02-03,91220,0,904944,0
2021-02-04,95391,0,1000335,0
2021-02-05,90296,0,1090631,0
2021-02-06,63735,0,1154366,0
2021-02-07,32920,0,1187286,0
2021-02-08,40417,0,1227703,0
2021-02-09,32846,0,1260549,0
2021-02-10,28387,0,1288936,0
2021-02-11,20356,0,1309292,0
2021-02-12,16183,0,1325475,0
2021-02-13,7216,0,1332691,0
2021-02-14,2856,0,1335547,0
2021-02-15,6826,0,1342373,0
2021-02-16,6974,0,1349347,0
2021-02-17,10499,0,1359846,0
2021-02-18,9219,0,1369065,0
2021-02-19,8176,0,1377241,0
2021-02-20,5479,0,1382720,0
2021-02-21,2950,0,1385670,0
2021-02-22,6841,0,1392511,0
2021-02-23,7109,0,1399620,0
2021-02-24,9797,0,1409417,0
2021-02-25,14172,0,1423589,0
2021-02-26,17497,0,1441086,0
2021-02-27,13860,0,1454946,0
2021-02-28,9346,0,1464292,0
2021-03-01,26449,0,1490741,0
2021-03-02,33176,0,1523917,0
2021-03-03,44604,0,1568521,0
2021-03-04,50215,0,1618736,0
2021-03-05,55631,0,1674367,0
2021-03-06,41848,0,1716215,0
2021-03-07,22293,0,1738508,0
2021-03-08,50533,0,1789041,0
2021-03-09,52916,0,1841957,0
2021-03-10,58535,0,1900492,0
2021-03-11,63754,0,1964246,0
2021-03-12,65016,0,2029262,0
2021-03-13,51659,0,2080921,0
2021-03-14,35346,0,2116267,0
2021-03-15,73369,0,2189636,0
2021-03-16,73989,0,2263625,0
2021-03-17,83099,0,2346724,0
2021-03-18,81590,0,2428314,0
2021-03-19,81026,0,2509340,0
2021-03-20,64646,0,2573986,0
2021-03-21,47248,0,2621234,0
2021-03-22,69408,0,2690642,0
2021-03-23,75698,0,2766340,0
2021-03-24,90785,0,2857125,0
2021-03-25,89708,0,2946833,0
2021-03-26,83498,0,3030331,0
2021-03-27,71822,0,3102153,0
2021-03-28,44041,0,3146194,0
2021-03-29,70700,0,3216894,0
2021-03-30,81253,0,3298147,0
2021-03-31,96098,0,3394245,0
2021-04-01,95201,0,3489446,0
2021-04-02,83989,0,3573435,0
2021-04-03,64249,0,3637684,0
2021-04-04,21691,0,3659375,0
2021-04-05,40262,0,3699637,0
2021-04-06,81228,0,3780865,0
2021-04-07,95725,0,3876590,0
2021-04-08,95157,0,3971747,0
2021-04-09,88391,0,4060138,0
2021-04-10,73952,0,4134090,0
2021-04-11,44703,0,4178793,0
2021-04-12,66840,0,4245633,0
2021-04-13,72506,0,4318139,0
2021-04-14,85430,0,4403569,0
2021-04-15,105304,0,4508873,0
2021-04-16,106314,0,4615187,0
2021-04-17,90407,0,4705594,0
2021-04-18,58531,0,4764125,0
2021-04-19,93389,0,4857514,0
2021-04-20,103692,0,4961206,0
2021-04-21,125272,0,5086478,0
2021-04-22,143426,0,5229904,0
2021-04-23,138618,0,5368522,0
2021-04-24,124358,0,5492880,0
2021-04-25,61392,0,5554272,0
2021-04-26,97797,0,5652069,0
2021-04-27,128273,0,5780342,0
2021-04-28,156252,0,5936594,0
2021-04-29,195433,0,6132027,0
2021-04-30,214430,0,6346457,0
2021-05-01,174003,0,6520460,0
2021-05-02,135735,0,6656195,0
2021-05-03,141902,0,6798097,0
2021-05-04,158592,0,6956689,0
2021-05-05,170360,0,7127049,0
2021-05-06,197698,0,7324747,0
2021-05-07,213681,0,7538428,0
2021-05-08,213300,0,7751728,0
2021-05-09,143090,0,7894818,0
2021-05-10,164998,0,8059816,0
2021-05-11,174825,0,8234641,0
2021-05-12,178983,0,8413624,0
2021-05-13,203181,0,8616805,0
2021-05-14,222759,0,8839564,0
2021-05-15,210175,0,9049739,0
2021-05-16,159158,0,9208897,0
2021-05-17,219080,0,9427977,0
2021-05-18,212890,0,9640867,0
2021-05-19,206939,0,9847806,0
2021-05-20,270695,0,10118501,0
2021-05-21,270702,0,10389203,0
2021-05-22,245414,0,10634617,0
2021-05-23,197117,0,10831734,0
2021-05-24,228228,0,11059962,0
2021-05-25,245621,0,11305583,0
2021-05-26,277393,0,11582976,0
2021-05-27,310975,0,11893951,0
2021-05-28,299450,0,12193401,0
2021-05-29,231076,0,12424477,0
2021-05-30,170760,0,12595237,0
2021-05-31,216323,0,12811560,0
2021-06-01,207549,0,13019109,0
2021-06-02,115682,0,13134791,0
2021-06-03,179909,0,13314700,0
2021-06-04,184642,0,13499342,0
2021-06-05,185754,0,13685096,0
2021-06-06,139321,0,13824417,0
2021-06-07,161636,0,13986053,0
2021-06-08,170888,0,14156941,0
2021-06-09,171209,0,14328150,0
2021-06-10,173769,0,14501919,0
2021-06-11,169666,0,14671585,0
2021-06-12,128072,0,14799657,0
2021-06-13,91017,0,14890674,0
2021-06-14,214497,0,15105171,0
2021-06-15,228243,0,15333414,0
2021-06-16,252963,0,15586377,0
2021-06-17,301593,0,15887970,0
2021-06-18,306145,0,16194115,0
2021-06-19,275032,0,16469147,0
2021-06-20,220652,0,16689799,0
2021-06-21,287999,0,16977798,0
2021-06-22,296125,0,17273923,0
2021-06-23,302696,0,17576619,0
2021-06-24,332531,0,17909150,0
2021-06-25,348676,0,18257826,0
2021-06-26,300078,0,18557904,0
2021-06-27,228667,0,18786571,0
2021-06-28,306952,0,19093523,0
2021-06-29,329251,0,19422774,0
2021-06-30,342149,0,19764923,0
2021-07-01,363073,0,20127996,0
2021-07-02,368481,0,20496477,0
2021-07-03,371144,0,20867621,0
2021-07-04,283196,0,21150817,0
2021-07-05,384529,0,21535346,0
2021-07-06,385445,0,21920791,0
2021-07-07,412107,0,22332898,0
2021-07-08,479891,0,22812789,0
2021-07-09,498653,0,23311442,0
2021-07-10,475349,0,23786791,0
2021-07-11,357860,0,24144651,0
2021-07-12,486078,0,24630729,0
2021-07-13,492371,0,25123100,0
2021-07-14,480660,0,25603760,0
2021-07-15,523668,0,26127428,0
2021-07-16,509933,0,26637361,0
2021-07-17,464643,0,27102004,0
2021-07-18,364862,0,27466866,0
2021-07-19,463305,0,27930171,0
2021-07-20,458230,0,28388401,0
2021-07-21,462924,0,28851325,0
2021-07-22,475453,0,29326778,0
2021-07-23,441372,0,29768150,0
2021-07-24,386188,0,30154338,0
2021-07-25,287633,0,30441971,0
2021-07-26,430978,0,30872949,0
2021-07-27,440189,0,31313138,0
2021-07-28,391060,0,31704198,0
2021-07-29,372111,0,32076309,0
2021-07-30,341452,0,32417761,0
2021-07-31,286989,0,32704750,0
2021-08-01,190860,0,32895610,0
2021-08-02,333698,0,33229308,0
2021-08-03,323173,0,33552481,0
2021-08-04,310969,0,33863450,0
2021-08-05,292572,0,34156022,0
2021-08-06,259987,0,34416009,0
2021-08-07,198960,0,34614969,0
2021-08-08,153085,0,34768054,0
2021-08-09,234144,0,35002198,0
2021-08-10,205165,0,35207363,0
2021-08-11,193622,0,35400985,0
2021-08-12,167835,0,35568820,0
2021-08-13,148415,0,35717235,0
2021-08-14,66006,0,35783241,0
2021-08-15,26309,0,35809550,0
2021-08-16,114551,0,35924101,0
2021-08-17,129136,0,36053237,0
2021-08-18,128604,0,36181841,0
2021-08-19,124661,0,36306502,0
2021-08-20,123684,0,36430186,0
2021-08-21,83058,0,36513244,0
2021-08-22,68125,0,36581369,0
2021-08-23,176746,0,36758115,0
2021-08-24,156944,0,36915059,0
2021-08-25,177077,0,37092136,0
2021-08-26,172281,0,37264417,0
2021-08-27,185805,0,37450222,0
2021-08-28,140134,0,37590356,0
2021-08-29,98998,0,37689354,0
2021-08-30,209517,0,37898871,0
2021-08-31,194490,0,38093361,0
2021-09-01,192090,0,38285451,0
2021-09-02,189802,0,38475253,0
2021-09-03,191242,0,38666495,0
2021-09-04,131427,0,38797922,0
2021-09-05,87820,0,38885742,0
2021-09-06,193614,0,39079356,0
2021-09-07,195927,0,39275283,0
2021-09-08,187838,0,39463121,0
2021-09-09,201389,0,39664510,0
2021-09-10,198005,0,39862515,0
2021-09-11,141225,0,40003740,0
2021-09-12,89541,0,40093281,0
2021-09-13,191139,349,40284420,349
2021-09-14,177206,430,40461626,779
2021-09-15,163010,459,40624636,1238
2021-09-16,159988,789,40784624,2027
2021-09-17,150005,1007,40934629,3034
2021-09-18,127797,657,41062426,3691
2021-09-19,81054,444,41143480,4135
2021-09-20,179849,8953,41323329,13088
2021-09-21,166388,8725,41489717,21813
2021-09-22,158817,9362,41648534,31175
2021-09-23,137797,9242,41786331,40417
2021-09-24,140292,8863,41926623,49280
2021-09-25,119371,5555,42045994,54835
2021-09-26,71805,4298,42117799,59133
2021-09-27,135385,9976,42253184,69109
2021-09-28,117247,11318,42370431,80427
2021-09-29,112066,11763,42482497,92190
2021-09-30,109988,14852,42592485,107042
2021-10-01,94758,19040,42687243,126082
2021-10-02,78255,13987,42765498,140069
2021-10-03,47588,7630,42813086,147699
2021-10-04,88155,34369,42901241,182068
2021-10-05,80198,33911,42981439,215979
2021-10-06,71793,34082,43053232,250061
2021-10-07,71570,34293,43124802,284354
2021-10-08,80411,33499,43205213,317853
2021-10-09,75883,22115,43281096,339968
2021-10-10,45661,13590,43326757,353558
2021-10-11,87192,41011,43413949,394569
2021-10-12,84280,46812,43498229,441381
2021-10-13,87956,52026,43586185,493407
2021-10-14,91251,58390,43677436,551797
2021-10-15,93305,55496,43770741,607293
2021-10-16,82713,36717,43853454,644010
2021-10-17,51300,23789,43904754,667799
2021-10-18,90127,59345,43994881,727144
2021-10-19,78162,69314,44073043,796458
2021-10-20,74875,78049,44147918,874507
2021-10-21,78114,81638,44226032,956145
2021-10-22,73686,76915,44299718,1033060
2021-10-23,60659,51907,44360377,1084967
2021-10-24,33328,23406,44393705,1108373
2021-10-25,64813,81556,44458518,1189929
2021-10-26,58268,91681,44516786,1281610
2021-10-27,58219,103874,44575005,1385484
2021-10-28,61337,113973,44636342,1499457
2021-10-29,61593,102981,44697935,1602438
2021-10-30,50575,68042,44748510,1670480
2021-10-31,25132,28251,44773642,1698731
2021-11-01,19021,28121,44792663,1726852
2021-11-02,62727,89251,44855390,1816103
2021-11-03,60648,118551,44916038,1934654
2021-11-04,59149,126524,44975187,2061178
2021-11-05,62996,135058,45038183,2196236
2021-11-06,46381,90894,45084564,2287130
2021-11-07,22211,37859,45106775,2324989
2021-11-08,51409,131189,45158184,2456178
2021-11-09,45340,144068,45203524,2600246
2021-11-10,42510,156150,45246034,2756396
2021-11-11,44831,155046,45290865,2911442
2021-11-12,46254,158483,45337119,3069925
2021-11-13,33164,116635,45370283,3186560
2021-11-14,14445,52413,45384728,3238973
2021-11-15,36804,157291,45421532,3396264
2021-11-16,30461,171306,45451993,3567570
2021-11-17,28341,178364,45480334,3745934
2021-11-18,30124,193597,45510458,3939531
2021-11-19,28673,205717,45539131,4145248
2021-11-20,20893,156284,45560024,4301532
2021-11-21,10554,64812,45570578,4366344
2021-11-22,21835,213065,45592413,4579409
2021-11-23,23455,241625,45615868,4821034
2021-11-24,27699,270839,45643567,5091873
2021-11-25,23080,301805,45666647,5393678
2021-11-26,24418,318160,45691065,5711838
2021-11-27,21238,266036,45712303,5977874
2021-11-28,9836,136994,45722139,6114868
2021-11-29,22153,325940,45744292,6440808
2021-11-30,22911,365700,45767203,6806508
2021-12-01,21310,413428,45788513,7219936
2021-12-02,23562,440259,45812075,7660195
2021-12-03,25007,467260,45837082,8127455
2021-12-04,22180,418626,45859262,8546081
2021-12-05,11784,261282,45871046,8807363
2021-12-06,25532,457430,45896578,9264793
2021-12-07,23882,480072,45920460,9744865
2021-12-08,9886,249595,45930346,9994460
2021-12-09,31289,491803,45961635,10486263
2021-12-10,27822,517702,45989457,11003965
2021-12-11,23326,459180,46012783,11463145
2021-12-12,12155,293415,46024938,11756560
2021-12-13,25904,467477,46050842,12224037
2021-12-14,24922,494052,46075764,12718089
2021-12-15,25078,516997,46100842,13235086
2021-12-16,27531,520082,46128373,13755168
2021-12-17,29049,516953,46157422,14272121
2021-12-18,26710,468600,46184132,14740721
2021-12-19,14940,300443,46199072,15041164
2021-12-20,30310,477319,46229382,15518483
2021-12-21,30072,493195,46259454,16011678
2021-12-22,29104,484510,46288558,16496188
2021-12-23,27889,426760,46316447,16922948
2021-12-24,12984,210748,46329431,17133696
2021-12-25,2088,33043,46331519,17166739
2021-12-26,8663,159029,46340182,17325768
2021-12-27,46407,504494,46386589,17830262
2021-12-28,41972,554051,46428561,18384313
2021-12-29,33794,550482,46462355,18934795
2021-12-30,31358,499662,46493713,19434457
2021-12-31,13665,247328,46507378,19681785
2022-01-01,3433,64790,46510811,19746575
2022-01-02,22389,276676,46533200,20023251
2022-01-03,47088,520830,46580288,20544081
2022-01-04,45602,572853,46625890,21116934
2022-01-05,39771,561133,46665661,21678067
2022-01-06,22852,274382,46688513,21952449
2022-01-07,62450,554901,46750963,22507350
2022-01-08,59476,503228,46810439,23010578
2022-01-09,41653,319599,46852092,23330177
2022-01-10,59949,542958,46912041,23873135
2022-01-11,60345,587713,46972386,24460848
2022-01-12,56938,581958,47029324,25042806
2022-01-13,57136,581020,47086460,25623826
2022-01-14,45090,589015,47131550,26212841
2022-01-15,37255,569393,47168805,26782234
2022-01-16,29818,341390,47198623,27123624
2022-01-17,53424,490320,47252047,27613944
2022-01-18,57058,518092,47309105,28132036
2022-01-19,55799,503397,47364904,28635433
2022-01-20,52948,499391,47417852,29134824
2022-01-21,40459,494407,47458311,29629231
2022-01-22,29122,469334,47487433,30098565
2022-01-23,33728,275199,47521161,30373764
2022-01-24,54910,437849,47576071,30811613
2022-01-25,60338,452751,47636409,31264364
2022-01-26,57142,436414,47693551,31700778
2022-01-27,47420,432895,47740971,32133673
2022-01-28,57141,437142,47798112,32570815
2022-01-29,66296,411926,47864408,32982741
2022-01-30,49113,235672,47913521,33218413
2022-01-31,59118,357609,47972639,33576022
2022-02-01,64336,329082,48036975,33905104
2022-02-02,62075,297404,48099050,34202508
2022-02-03,59158,274996,48158208,34477504
2022-02-04,71415,268808,48229623,34746312
2022-02-05,82456,248153,48312079,34994465
2022-02-06,54586,116069,48366665,35110534
2022-02-07,64417,200490,48431082,35311024
2022-02-08,66091,186623,48497173,35497647
2022-02-09,58042,166746,48555215,35664393
2022-02-10,57852,163511,48613067,35827904
2022-02-11,61578,162677,48674645,35990581
2022-02-12,71195,151898,48745840,36142479
2022-02-13,41040,68656,48786880,36211135
2022-02-14,46201,116552,48833081,36327687
2022-02-15,47924,123670,48881005,36451357
2022-02-16,45144,106159,48926149,36557516
2022-02-17,42417,98000,48968566,36655516
2022-02-18,46129,112302,49014695,36767818
2022-02-19,52060,100141,49066755,36867959
2022-02-20,31213,40227,49097968,36908186
2022-02-21,37549,89386,49135517,36997572
2022-02-22,36641,83186,49172158,37080758
2022-02-23,32225,73462,49204383,37154220