data_somministrazione,vaccinazioni,booster,cum_vaccinazioni,cum_booster
2020-12-27,20,0,20,0
2020-12-28,2,0,22,0
2020-12-29,1,0,23,0
2020-12-30,6,0,29,0
2020-12-31,67,0,96,0
2021-01-01,22,0,118,0
2021-01-02,106,0,224,0
2021-01-03,77,0,301,0
2021-01-04,199,0,500,0
2021-01-05,235,0,735,0
2021-01-06,194,0,929,0
2021-01-07,288,0,1217,0
2021-01-08,332,0,1549,0
2021-01-09,242,0,1791,0
2021-01-10,144,0,1935,0
2021-01-11,268,0,2203,0
2021-01-12,265,0,2468,0
2021-01-13,385,0,2853,0
2021-01-14,473,0,3326,0
2021-01-15,297,0,3623,0
2021-01-16,203,0,3826,0
2021-01-17,3057,0,6883,0
2021-01-18,5209,0,12092,0
2021-01-19,1892,0,13984,0
2021-01-20,4653,0,18637,0
2021-01-21,19998,0,38635,0
2021-01-22,14200,0,52835,0
2021-01-23,33330,0,86165,0
2021-01-24,30790,0,116955,0
2021-01-25,64730,0,181685,0
2021-01-26,76501,0,258186,0
2021-01-27,64839,0,323025,0
2021-01-28,89295,0,412320,0
2021-01-29,94027,0,506347,0
2021-01-30,86570,0,592917,0
2021-01-31,57339,0,650256,0
2021-02-01,81874,0,732130,0
2021-02-02,82146,0,814276,0
2021-02-03,91194,0,905470,0
2021-02-04,95401,0,1000871,0
2021-02-05,90278,0,1091149,0
2021-02-06,63450,0,1154599,0
2021-02-07,32928,0,1187527,0
2021-02-08,40429,0,1227956,0
2021-02-09,32864,0,1260820,0
2021-02-10,28422,0,1289242,0
2021-02-11,20391,0,1309633,0
2021-02-12,16230,0,1325863,0
2021-02-13,7252,0,1333115,0
2021-02-14,2861,0,1335976,0
2021-02-15,6837,0,1342813,0
2021-02-16,6993,0,1349806,0
2021-02-17,10519,0,1360325,0
2021-02-18,9246,0,1369571,0
2021-02-19,8238,0,1377809,0
2021-02-20,5544,0,1383353,0
2021-02-21,2986,0,1386339,0
2021-02-22,6883,0,1393222,0
2021-02-23,7164,0,1400386,0
2021-02-24,9824,0,1410210,0
2021-02-25,14201,0,1424411,0
2021-02-26,17551,0,1441962,0
2021-02-27,13902,0,1455864,0
2021-02-28,9386,0,1465250,0
2021-03-01,26509,0,1491759,0
2021-03-02,33238,0,1524997,0
2021-03-03,44641,0,1569638,0
2021-03-04,50288,0,1619926,0
2021-03-05,55733,0,1675659,0
2021-03-06,41876,0,1717535,0
2021-03-07,22324,0,1739859,0
2021-03-08,50796,0,1790655,0
2021-03-09,53059,0,1843714,0
2021-03-10,58629,0,1902343,0
2021-03-11,63841,0,1966184,0
2021-03-12,65099,0,2031283,0
2021-03-13,51706,0,2082989,0
2021-03-14,35386,0,2118375,0
2021-03-15,73424,0,2191799,0
2021-03-16,74022,0,2265821,0
2021-03-17,83130,0,2348951,0
2021-03-18,81622,0,2430573,0
2021-03-19,81081,0,2511654,0
2021-03-20,64711,0,2576365,0
2021-03-21,47287,0,2623652,0
2021-03-22,69473,0,2693125,0
2021-03-23,75779,0,2768904,0
2021-03-24,90888,0,2859792,0
2021-03-25,89787,0,2949579,0
2021-03-26,83603,0,3033182,0
2021-03-27,71921,0,3105103,0
2021-03-28,44131,0,3149234,0
2021-03-29,70808,0,3220042,0
2021-03-30,81365,0,3301407,0
2021-03-31,96218,0,3397625,0
2021-04-01,95294,0,3492919,0
2021-04-02,84066,0,3576985,0
2021-04-03,64296,0,3641281,0
2021-04-04,21717,0,3662998,0
2021-04-05,40300,0,3703298,0
2021-04-06,81302,0,3784600,0
2021-04-07,95809,0,3880409,0
2021-04-08,95227,0,3975636,0
2021-04-09,88482,0,4064118,0
2021-04-10,74027,0,4138145,0
2021-04-11,44755,0,4182900,0
2021-04-12,66909,0,4249809,0
2021-04-13,72563,0,4322372,0
2021-04-14,85521,0,4407893,0
2021-04-15,105403,0,4513296,0
2021-04-16,106411,0,4619707,0
2021-04-17,90493,0,4710200,0
2021-04-18,58584,0,4768784,0
2021-04-19,93425,0,4862209,0
2021-04-20,103762,0,4965971,0
2021-04-21,125333,0,5091304,0
2021-04-22,143501,0,5234805,0
2021-04-23,138717,0,5373522,0
2021-04-24,124435,0,5497957,0
2021-04-25,61452,0,5559409,0
2021-04-26,97878,0,5657287,0
2021-04-27,128351,0,5785638,0
2021-04-28,156352,0,5941990,0
2021-04-29,195579,0,6137569,0
2021-04-30,214557,0,6352126,0
2021-05-01,174090,0,6526216,0
2021-05-02,135791,0,6662007,0
2021-05-03,142000,0,6804007,0
2021-05-04,158676,0,6962683,0
2021-05-05,170472,0,7133155,0
2021-05-06,197790,0,7330945,0
2021-05-07,213809,0,7544754,0
2021-05-08,213384,0,7758138,0
2021-05-09,143195,0,7901333,0
2021-05-10,165083,0,8066416,0
2021-05-11,174960,0,8241376,0
2021-05-12,179156,0,8420532,0
2021-05-13,203360,0,8623892,0
2021-05-14,222893,0,8846785,0
2021-05-15,210339,0,9057124,0
2021-05-16,159266,0,9216390,0
2021-05-17,219176,0,9435566,0
2021-05-18,213001,0,9648567,0
2021-05-19,207069,0,9855636,0
2021-05-20,270836,0,10126472,0
2021-05-21,270862,0,10397334,0
2021-05-22,245518,0,10642852,0
2021-05-23,197172,0,10840024,0
2021-05-24,228293,0,11068317,0
2021-05-25,245686,0,11314003,0
2021-05-26,277478,0,11591481,0
2021-05-27,311075,0,11902556,0
2021-05-28,299562,0,12202118,0
2021-05-29,231196,0,12433314,0
2021-05-30,170827,0,12604141,0
2021-05-31,216412,0,12820553,0
2021-06-01,207630,0,13028183,0
2021-06-02,115773,0,13143956,0
2021-06-03,180112,0,13324068,0
2021-06-04,184854,0,13508922,0
2021-06-05,185931,0,13694853,0
2021-06-06,139513,0,13834366,0
2021-06-07,161841,0,13996207,0
2021-06-08,171171,0,14167378,0
2021-06-09,171442,0,14338820,0
2021-06-10,174043,0,14512863,0
2021-06-11,169938,0,14682801,0
2021-06-12,128303,0,14811104,0
2021-06-13,91139,0,14902243,0
2021-06-14,214641,0,15116884,0
2021-06-15,228387,0,15345271,0
2021-06-16,253038,0,15598309,0
2021-06-17,301695,0,15900004,0
2021-06-18,306262,0,16206266,0
2021-06-19,275052,0,16481318,0
2021-06-20,220731,0,16702049,0
2021-06-21,288036,0,16990085,0
2021-06-22,296183,0,17286268,0
2021-06-23,302665,0,17588933,0
2021-06-24,332554,0,17921487,0
2021-06-25,348691,0,18270178,0
2021-06-26,300083,0,18570261,0
2021-06-27,228615,0,18798876,0
2021-06-28,307037,0,19105913,0
2021-06-29,329239,0,19435152,0
2021-06-30,342104,0,19777256,0
2021-07-01,363159,0,20140415,0
2021-07-02,368428,0,20508843,0
2021-07-03,371071,0,20879914,0
2021-07-04,283195,0,21163109,0
2021-07-05,384500,0,21547609,0
2021-07-06,385434,0,21933043,0
2021-07-07,412065,0,22345108,0
2021-07-08,479619,0,22824727,0
2021-07-09,498481,0,23323208,0
2021-07-10,475178,0,23798386,0
2021-07-11,357703,0,24156089,0
2021-07-12,485906,0,24641995,0
2021-07-13,492143,0,25134138,0
2021-07-14,480472,0,25614610,0
2021-07-15,523485,0,26138095,0
2021-07-16,509784,0,26647879,0
2021-07-17,464367,0,27112246,0
2021-07-18,364694,0,27476940,0
2021-07-19,463072,0,27940012,0
2021-07-20,458084,0,28398096,0
2021-07-21,462814,0,28860910,0
2021-07-22,475400,0,29336310,0
2021-07-23,441306,0,29777616,0
2021-07-24,386195,0,30163811,0
2021-07-25,287596,0,30451407,0
2021-07-26,430887,0,30882294,0
2021-07-27,440129,0,31322423,0
2021-07-28,391020,0,31713443,0
2021-07-29,372085,0,32085528,0
2021-07-30,341521,0,32427049,0
2021-07-31,287023,0,32714072,0
2021-08-01,191017,0,32905089,0
2021-08-02,333727,0,33238816,0
2021-08-03,323183,0,33561999,0
2021-08-04,310976,0,33872975,0
2021-08-05,292512,0,34165487,0
2021-08-06,260015,0,34425502,0
2021-08-07,199051,0,34624553,0
2021-08-08,153103,0,34777656,0
2021-08-09,234081,0,35011737,0
2021-08-10,205248,0,35216985,0
2021-08-11,193764,0,35410749,0
2021-08-12,167982,0,35578731,0
2021-08-13,148602,0,35727333,0
2021-08-14,66090,0,35793423,0
2021-08-15,26335,0,35819758,0
2021-08-16,114675,0,35934433,0
2021-08-17,129241,0,36063674,0
2021-08-18,128739,0,36192413,0
2021-08-19,124794,0,36317207,0
2021-08-20,123796,0,36441003,0
2021-08-21,83118,0,36524121,0
2021-08-22,68166,0,36592287,0
2021-08-23,176872,0,36769159,0
2021-08-24,156909,0,36926068,0
2021-08-25,177169,0,37103237,0
2021-08-26,172351,0,37275588,0
2021-08-27,185841,0,37461429,0
2021-08-28,140268,0,37601697,0
2021-08-29,99000,0,37700697,0
2021-08-30,209632,0,37910329,0
2021-08-31,194630,0,38104959,0
2021-09-01,192215,0,38297174,0
2021-09-02,189943,0,38487117,0
2021-09-03,191338,0,38678455,0
2021-09-04,131481,0,38809936,0
2021-09-05,87868,0,38897804,0
2021-09-06,193659,0,39091463,0
2021-09-07,196064,0,39287527,0
2021-09-08,187910,0,39475437,0
2021-09-09,201473,0,39676910,0
2021-09-10,198104,0,39875014,0
2021-09-11,141327,0,40016341,0
2021-09-12,89601,0,40105942,0
2021-09-13,191167,554,40297109,554
2021-09-14,177263,575,40474372,1129
2021-09-15,163127,580,40637499,1709
2021-09-16,160098,923,40797597,2632
2021-09-17,150178,1113,40947775,3745
2021-09-18,127981,737,41075756,4482
2021-09-19,81132,492,41156888,4974
2021-09-20,180082,9073,41336970,14047
2021-09-21,166635,8832,41503605,22879
2021-09-22,159081,9435,41662686,32314
2021-09-23,138087,9320,41800773,41634
2021-09-24,140545,8952,41941318,50586
2021-09-25,119558,5634,42060876,56220
2021-09-26,71958,4340,42132834,60560
2021-09-27,135640,10048,42268474,70608
2021-09-28,117494,11383,42385968,81991
2021-09-29,112337,11826,42498305,93817
2021-09-30,110233,14945,42608538,108762
2021-10-01,94980,19105,42703518,127867
2021-10-02,78486,14012,42782004,141879
2021-10-03,47739,7656,42829743,149535
2021-10-04,88378,34444,42918121,183979
2021-10-05,80367,33970,42998488,217949
2021-10-06,71981,34163,43070469,252112
2021-10-07,71853,34346,43142322,286458
2021-10-08,80627,33589,43222949,320047
2021-10-09,76104,22169,43299053,342216
2021-10-10,45775,13615,43344828,355831
2021-10-11,87419,41101,43432247,396932
2021-10-12,84491,46897,43516738,443829
2021-10-13,88193,52114,43604931,495943
2021-10-14,91534,58506,43696465,554449
2021-10-15,93591,55626,43790056,610075
2021-10-16,82967,36780,43873023,646855
2021-10-17,51464,23827,43924487,670682
2021-10-18,90293,59482,44014780,730164
2021-10-19,78347,69371,44093127,799535
2021-10-20,75076,78165,44168203,877700
2021-10-21,78301,81750,44246504,959450
2021-10-22,73791,77021,44320295,1036471
2021-10-23,60815,51954,44381110,1088425
2021-10-24,33378,23454,44414488,1111879
2021-10-25,64905,81622,44479393,1193501
2021-10-26,58374,91778,44537767,1285279
2021-10-27,58330,103968,44596097,1389247
2021-10-28,61467,114101,44657564,1503348
2021-10-29,61661,103111,44719225,1606459
2021-10-30,50672,68113,44769897,1674572
2021-10-31,25164,28289,44795061,1702861
2021-11-01,19046,28148,44814107,1731009
2021-11-02,62768,89373,44876875,1820382
2021-11-03,60742,118656,44937617,1939038
2021-11-04,59244,126664,44996861,2065702
2021-11-05,63094,135169,45059955,2200871
2021-11-06,46475,90922,45106430,2291793
2021-11-07,22254,37893,45128684,2329686
2021-11-08,51529,131262,45180213,2460948
2021-11-09,45402,144198,45225615,2605146
2021-11-10,42579,156345,45268194,2761491
2021-11-11,44936,155135,45313130,2916626
2021-11-12,46372,158575,45359502,3075201
2021-11-13,33253,116650,45392755,3191851
2021-11-14,14481,52446,45407236,3244297
2021-11-15,36894,157426,45444130,3401723
2021-11-16,30546,171376,45474676,3573099
2021-11-17,28449,178436,45503125,3751535
2021-11-18,30283,193716,45533408,3945251
2021-11-19,28799,205850,45562207,4151101
2021-11-20,20994,156434,45583201,4307535
2021-11-21,10612,64856,45593813,4372391
2021-11-22,21936,213138,45615749,4585529
2021-11-23,23567,241742,45639316,4827271
2021-11-24,27839,270946,45667155,5098217
2021-11-25,23232,301901,45690387,5400118
2021-11-26,24580,318263,45714967,5718381
2021-11-27,21380,266150,45736347,5984531
2021-11-28,9899,137056,45746246,6121587
2021-11-29,22321,326063,45768567,6447650
2021-11-30,23084,365822,45791651,6813472
2021-12-01,21516,413500,45813167,7226972
2021-12-02,23754,440379,45836921,7667351
2021-12-03,25244,467456,45862165,8134807
2021-12-04,22356,418731,45884521,8553538
2021-12-05,11912,261331,45896433,8814869
2021-12-06,25816,457563,45922249,9272432
2021-12-07,24125,480251,45946374,9752683
2021-12-08,10002,249680,45956376,10002363
2021-12-09,31569,491918,45987945,10494281
2021-12-10,28057,517867,46016002,11012148
2021-12-11,23554,459242,46039556,11471390
2021-12-12,12303,293497,46051859,11764887
2021-12-13,26141,467624,46078000,12232511
2021-12-14,25166,494191,46103166,12726702
2021-12-15,25322,517130,46128488,13243832
2021-12-16,27872,520239,46156360,13764071
2021-12-17,29353,517164,46185713,14281235
2021-12-18,27034,468715,46212747,14749950
2021-12-19,15136,300515,46227883,15050465
2021-12-20,30615,477473,46258498,15527938
2021-12-21,30358,493383,46288856,16021321
2021-12-22,29433,484699,46318289,16506020
2021-12-23,28232,426894,46346521,16932914
2021-12-24,13113,210820,46359634,17143734
2021-12-25,2101,33052,46361735,17176786
2021-12-26,8757,159065,46370492,17335851
2021-12-27,46767,504652,46417259,17840503
2021-12-28,42434,554206,46459693,18394709
2021-12-29,34327,550627,46494020,18945336
2021-12-30,31811,499823,46525831,19445159
2021-12-31,14108,247394,46539939,19692553
2022-01-01,3493,64813,46543432,19757366
2022-01-02,22745,276718,46566177,20034084
2022-01-03,47821,520007,46613998,20554091
2022-01-04,46318,572079,46660316,21126170
2022-01-05,40703,560387,46701019,21686557
2022-01-06,23460,274483,46724479,21961040
2022-01-07,63655,554180,46788134,22515220
2022-01-08,60798,503378,46848932,23018598
2022-01-09,42789,319688,46891721,23338286
2022-01-10,61027,542277,46952748,23880563
2022-01-11,61667,586982,47014415,24467545
2022-01-12,58390,581276,47072805,25048821
2022-01-13,58560,580377,47131365,25629198
2022-01-14,46727,588566,47178092,26217764
2022-01-15,39330,569938,47217422,26787702
2022-01-16,31144,341848,47248566,27129550
2022-01-17,54729,489648,47303295,27619198
2022-01-18,58349,517012,47361644,28136210
2022-01-19,57156,502783,47418800,28638993
2022-01-20,54297,498814,47473097,29137807
2022-01-21,42031,493868,47515128,29631675
2022-01-22,31124,469594,47546252,30101269
2022-01-23,34901,275365,47581153,30376634
2022-01-24,56148,437213,47637301,30813847
2022-01-25,61523,452088,47698824,31265935
2022-01-26,58507,435817,47757331,31701752
2022-01-27,48803,432353,47806134,32134105
2022-01-28,58660,436531,47864794,32570636
2022-01-29,68079,412486,47932873,32983122
2022-01-30,50354,235969,47983227,33219091
2022-01-31,60592,356923,48043819,33576014
2022-02-01,65513,328434,48109332,33904448
2022-02-02,63161,296965,48172493,34201413
2022-02-03,60025,274513,48232518,34475926
2022-02-04,72347,268451,48304865,34744377
2022-02-05,83731,248529,48388596,34992906
2022-02-06,55271,116199,48443867,35109105
2022-02-07,65118,199932,48508985,35309037
2022-02-08,66912,186102,48575897,35495139
2022-02-09,58740,166331,48634637,35661470
2022-02-10,58539,163233,48693176,35824703
2022-02-11,62224,162455,48755400,35987158
2022-02-12,71954,152138,48827354,36139296
2022-02-13,41464,68849,48868818,36208145
2022-02-14,46669,116186,48915487,36324331
2022-02-15,48512,123479,48963999,36447810
2022-02-16,45664,106114,49009663,36553924
2022-02-17,42852,98103,49052515,36652027
2022-02-18,46597,112569,49099112,36764596
2022-02-19,52519,100327,49151631,36864923
2022-02-20,31410,40360,49183041,36905283
2022-02-21,37886,89643,49220927,36994926
2022-02-22,37212,83769,49258139,37078695
2022-02-23,33376,79405,49291515,37158100
2022-02-24,32551,78160,49324066,37236260
2022-02-25,34747,90706,49358813,37326966
2022-02-26,39147,89132,49397960,37416098
2022-02-27,22540,35855,49420500,37451953
2022-02-28,28469,81691,49448969,37533644
2022-03-01,22704,53937,49471673,37587581
2022-03-02,21990,50628,49493663,37638209
2022-03-03,22604,54941,49516267,37693150
2022-03-04,23216,62793,49539483,37755943
2022-03-05,23782,57954,49563265,37813897
2022-03-06,9471,17200,49572736,37831097
2022-03-07,15899,51390,49588635,37882487
2022-03-08,15456,48796,49604091,37931283
2022-03-09,13804,46515,49617895,37977798
2022-03-10,14038,52115,49631933,38029913
2022-03-11,15569,57252,49647502,38087165
2022-03-12,15492,56614,49662994,38143779
2022-03-13,5542,16849,49668536,38160628
2022-03-14,10518,46691,49679054,38207319
2022-03-15,10534,46892,49689588,38254211
2022-03-16,9472,41978,49699060,38296189
2022-03-17,9701,44876,49708761,38341065
2022-03-18,10152,49053,49718913,38390118
2022-03-19,9146,46533,49728059,38436651
2022-03-20,2607,11700,49730666,38448351
2022-03-21,7574,40223,49738240,38488574
2022-03-22,8441,37751,49746681,38526325
2022-03-23,7206,33698,49753887,38560023
2022-03-24,8251,38797,49762138,38598820
2022-03-25,8129,43665,49770267,38642485
2022-03-26,8120,41723,49778387,38684208
2022-03-27,2428,9683,49780815,38693891
2022-03-28,6099,35230,49786914,38729121
2022-03-29,5773,32523,49792687,38761644
2022-03-30,5557,30193,49798244,38791837
2022-03-31,5886,33176,49804130,38825013
2022-04-01,4342,25187,49808472,38850200
2022-04-02,4489,23273,49812961,38873473
2022-04-03,1049,4499,49814010,38877972
2022-04-04,3654,21532,49817664,38899504
2022-04-05,3747,22925,49821411,38922429
2022-04-06,4098,21845,49825509,38944274
2022-04-07,3958,23320,49829467,38967594
2022-04-08,4687,26710,49834154,38994304
2022-04-09,4376,23885,49838530,39018189
2022-04-10,893,4614,49839423,39022803
2022-04-11,3809,22685,49843232,39045488
2022-04-12,3356,21777,49846588,39067265
2022-04-13,3560,21334,49850148,39088599
2022-04-14,3483,23776,49853631,39112375
2022-04-15,3077,20618,49856708,39132993
2022-04-16,2149,11921,49858857,39144914
2022-04-17,63,348,49858920,39145262
2022-04-18,149,650,49859069,39145912
2022-04-19,3490,21978,49862559,39167890
2022-04-20,3500,20248,49866059,39188138
2022-04-21,2839,19781,49868898,39207919
2022-04-22,2920,20696,49871818,39228615
2022-04-23,2637,16210,49874455,39244825
2022-04-24,509,2335,49874964,39247160
2022-04-25,183,1165,49875147,39248325
2022-04-26,2760,17791,49877907,39266116
2022-04-27,2366,15784,49880273,39281900
2022-04-28,2353,15552,49882626,39297452
2022-04-29,2291,14835,49884917,39312287
2022-04-30,2121,11576,49887038,39323863
2022-05-01,113,530,49887151,39324393
2022-05-02,1445,9384,49888596,39333777
2022-05-03,1573,10309,49890169,39344086
2022-05-04,1744,10256,49891913,39354342
2022-05-05,1649,10273,49893562,39364615
2022-05-06,1695,10945,49895257,39375560
2022-05-07,1431,8563,49896688,39384123
2022-05-08,404,1514,49897092,39385637
2022-05-09,1024,8917,49898116,39394554
2022-05-10,1421,9537,49899537,39404091
2022-05-11,1480,10087,49901017,39414178
2022-05-12,1369,10119,49902386,39424297
2022-05-13,1587,10510,49903973,39434807
2022-05-14,1357,8228,49905330,39443035
2022-05-15,336,1129,49905666,39444164
2022-05-16,812,8388,49906478,39452552
2022-05-17,1241,8671,49907719,39461223
2022-05-18,1368,9216,49909087,39470439
2022-05-19,1498,9268,49910585,39479707
2022-05-20,1419,9493,49912004,39489200
2022-05-21,1299,7892,49913303,39497092
2022-05-22,231,1012,49913534,39498104
2022-05-23,826,8262,49914360,39506366
2022-05-24,1071,8665,49915431,39515031
2022-05-25,1365,9445,49916796,39524476
2022-05-26,1194,9454,49917990,39533930
2022-05-27,1225,9911,49919215,39543841
2022-05-28,1202,7873,49920417,39551714
2022-05-29,285,1264,49920702,39552978
2022-05-30,930,8026,49921632,39561004
2022-05-31,1033,8531,49922665,39569535
2022-06-01,892,7644,49923557,39577179
2022-06-02,35,474,49923592,39577653
2022-06-03,814,7327,49924406,39584980
2022-06-04,870,5155,49925276,39590135
2022-06-05,89,586,49925365,39590721
2022-06-06,672,6984,49926037,39597705
2022-06-07,930,7842,49926967,39605547
2022-06-08,982,7898,49927949,39613445
2022-06-09,1034,8404,49928983,39621849
2022-06-10,957,8550,49929940,39630399
2022-06-11,900,6207,49930840,39636606
2022-06-12,140,767,49930980,39637373
2022-06-13,603,6295,49931583,39643668
2022-06-14,826,7881,49932409,39651549
2022-06-15,950,7845,49933359,39659394
2022-06-16,728,7386,49934087,39666780
2022-06-17,719,7239,49934806,39674019
2022-06-18,777,5589,49935583,39679608
2022-06-19,47,522,49935630,39680130
2022-06-20,588,6694,49936218,39686824
2022-06-21,732,7644,49936950,39694468
2022-06-22,780,7304,49937730,39701772
2022-06-23,649,7455,49938379,39709227
2022-06-24,644,7472,49939023,39716699
2022-06-25,835,6531,49939858,39723230
2022-06-26,128,523,49939986,39723753
2022-06-27,532,7119,49940518,39730872
2022-06-28,744,8208,49941262,39739080
2022-06-29,755,7718,49942017,39746798
2022-06-30,744,8131,49942761,39754929
2022-07-01,576,6437,49943337,39761366
2022-07-02,536,4765,49943873,39766131
2022-07-03,49,456,49943922,39766587
2022-07-04,470,6269,49944392,39772856
2022-07-05,622,8107,49945014,39780963
2022-07-06,627,7597,49945641,39788560
2022-07-07,567,8253,49946208,39796813
2022-07-08,670,8078,49946878,39804891
2022-07-09,549,6104,49947427,39810995
2022-07-10,58,533,49947485,39811528
2022-07-11,486,7633,49947971,39819161
2022-07-12,661,9001,49948632,39828162
2022-07-13,637,10057,49949269,39838219
2022-07-14,632,10219,49949901,39848438
2022-07-15,622,10662,49950523,39859100
2022-07-16,521,7207,49951044,39866307
2022-07-17,48,769,49951092,39867076
2022-07-18,498,9348,49951590,39876424
2022-07-19,573,10648,49952163,39887072
2022-07-20,576,11255,49952739,39898327
2022-07-21,625,12032,49953364,39910359
2022-07-22,582,11216,49953946,39921575
2022-07-23,378,6740,49954324,39928315
2022-07-24,76,834,49954400,39929149
2022-07-25,500,9031,49954900,39938180
2022-07-26,518,9724,49955418,39947904
2022-07-27,542,10148,49955960,39958052
2022-07-28,527,10468,49956487,39968520
2022-07-29,509,9414,49956996,39977934
2022-07-30,380,5852,49957376,39983786
2022-07-31,49,745,49957425,39984531
2022-08-01,386,6821,49957811,39991352
2022-08-02,537,7511,49958348,39998863
2022-08-03,497,7135,49958845,40005998
2022-08-04,449,7412,49959294,40013410
2022-08-05,415,6477,49959709,40019887
2022-08-06,296,3581,49960005,40023468
2022-08-07,44,550,49960049,40024018
2022-08-08,392,4871,49960441,40028889
2022-08-09,383,5265,49960824,40034154
2022-08-10,372,4776,49961196,40038930
2022-08-11,361,4753,49961557,40043683
2022-08-12,284,3694,49961841,40047377
2022-08-13,141,1596,49961982,40048973
2022-08-14,9,128,49961991,40049101
2022-08-15,1,24,49961992,40049125
2022-08-16,281,3021,49962273,40052146
2022-08-17,351,3513,49962624,40055659
2022-08-18,383,4129,49963007,40059788
2022-08-19,335,3299,49963342,40063087
2022-08-20,182,1711,49963524,40064798
2022-08-21,24,146,49963548,40064944
2022-08-22,326,2927,49963874,40067871
2022-08-23,371,3643,49964245,40071514
2022-08-24,380,3310,49964625,40074824
2022-08-25,414,3698,49965039,40078522
2022-08-26,391,3524,49965430,40082046
2022-08-27,226,1763,49965656,40083809
2022-08-28,29,260,49965685,40084069
2022-08-29,351,3130,49966036,40087199
2022-08-30,398,3622,49966434,40090821
2022-08-31,421,3654,49966855,40094475
2022-09-01,350,3034,49967205,40097509
2022-09-02,284,2812,49967489,40100321
2022-09-03,197,1686,49967686,40102007
2022-09-04,21,145,49967707,40102152
2022-09-05,185,2574,49967892,40104726
2022-09-06,160,1514,49968052,40106240