data_somministrazione,vaccinazioni,booster,cum_vaccinazioni,cum_booster
2020-12-27,22,0,22,0
2020-12-28,2,0,24,0
2020-12-29,1,0,25,0
2020-12-30,8,0,33,0
2020-12-31,81,0,114,0
2021-01-01,27,0,141,0
2021-01-02,150,0,291,0
2021-01-03,117,0,408,0
2021-01-04,248,0,656,0
2021-01-05,291,0,947,0
2021-01-06,265,0,1212,0
2021-01-07,333,0,1545,0
2021-01-08,388,0,1933,0
2021-01-09,296,0,2229,0
2021-01-10,173,0,2402,0
2021-01-11,314,0,2716,0
2021-01-12,294,0,3010,0
2021-01-13,427,0,3437,0
2021-01-14,509,0,3946,0
2021-01-15,329,0,4275,0
2021-01-16,225,0,4500,0
2021-01-17,3065,0,7565,0
2021-01-18,5221,0,12786,0
2021-01-19,1896,0,14682,0
2021-01-20,4660,0,19342,0
2021-01-21,20004,0,39346,0
2021-01-22,14219,0,53565,0
2021-01-23,33316,0,86881,0
2021-01-24,30772,0,117653,0
2021-01-25,64697,0,182350,0
2021-01-26,76454,0,258804,0
2021-01-27,64804,0,323608,0
2021-01-28,89240,0,412848,0
2021-01-29,93987,0,506835,0
2021-01-30,86536,0,593371,0
2021-01-31,57318,0,650689,0
2021-02-01,81832,0,732521,0
2021-02-02,82124,0,814645,0
2021-02-03,91097,0,905742,0
2021-02-04,95378,0,1001120,0
2021-02-05,90262,0,1091382,0
2021-02-06,63452,0,1154834,0
2021-02-07,32935,0,1187769,0
2021-02-08,40421,0,1228190,0
2021-02-09,32880,0,1261070,0
2021-02-10,28441,0,1289511,0
2021-02-11,20408,0,1309919,0
2021-02-12,16254,0,1326173,0
2021-02-13,7286,0,1333459,0
2021-02-14,2862,0,1336321,0
2021-02-15,6852,0,1343173,0
2021-02-16,7008,0,1350181,0
2021-02-17,10528,0,1360709,0
2021-02-18,9259,0,1369968,0
2021-02-19,8259,0,1378227,0
2021-02-20,5591,0,1383818,0
2021-02-21,3017,0,1386835,0
2021-02-22,6884,0,1393719,0
2021-02-23,7192,0,1400911,0
2021-02-24,9816,0,1410727,0
2021-02-25,14216,0,1424943,0
2021-02-26,17565,0,1442508,0
2021-02-27,13927,0,1456435,0
2021-02-28,9399,0,1465834,0
2021-03-01,26533,0,1492367,0
2021-03-02,33248,0,1525615,0
2021-03-03,44654,0,1570269,0
2021-03-04,50306,0,1620575,0
2021-03-05,55746,0,1676321,0
2021-03-06,41885,0,1718206,0
2021-03-07,22332,0,1740538,0
2021-03-08,50839,0,1791377,0
2021-03-09,53095,0,1844472,0
2021-03-10,58701,0,1903173,0
2021-03-11,63896,0,1967069,0
2021-03-12,65147,0,2032216,0
2021-03-13,51731,0,2083947,0
2021-03-14,35428,0,2119375,0
2021-03-15,73466,0,2192841,0
2021-03-16,74032,0,2266873,0
2021-03-17,83149,0,2350022,0
2021-03-18,81635,0,2431657,0
2021-03-19,81091,0,2512748,0
2021-03-20,64747,0,2577495,0
2021-03-21,47315,0,2624810,0
2021-03-22,69507,0,2694317,0
2021-03-23,75823,0,2770140,0
2021-03-24,90943,0,2861083,0
2021-03-25,89830,0,2950913,0
2021-03-26,83648,0,3034561,0
2021-03-27,71965,0,3106526,0
2021-03-28,44195,0,3150721,0
2021-03-29,70854,0,3221575,0
2021-03-30,81422,0,3302997,0
2021-03-31,96270,0,3399267,0
2021-04-01,95345,0,3494612,0
2021-04-02,84089,0,3578701,0
2021-04-03,64316,0,3643017,0
2021-04-04,21726,0,3664743,0
2021-04-05,40328,0,3705071,0
2021-04-06,81356,0,3786427,0
2021-04-07,95852,0,3882279,0
2021-04-08,95269,0,3977548,0
2021-04-09,88507,0,4066055,0
2021-04-10,74042,0,4140097,0
2021-04-11,44772,0,4184869,0
2021-04-12,66928,0,4251797,0
2021-04-13,72606,0,4324403,0
2021-04-14,85561,0,4409964,0
2021-04-15,105426,0,4515390,0
2021-04-16,106437,0,4621827,0
2021-04-17,90537,0,4712364,0
2021-04-18,58601,0,4770965,0
2021-04-19,93449,0,4864414,0
2021-04-20,103784,0,4968198,0
2021-04-21,125344,0,5093542,0
2021-04-22,143540,0,5237082,0
2021-04-23,138770,0,5375852,0
2021-04-24,124454,0,5500306,0
2021-04-25,61471,0,5561777,0
2021-04-26,97921,0,5659698,0
2021-04-27,128384,0,5788082,0
2021-04-28,156405,0,5944487,0
2021-04-29,195630,0,6140117,0
2021-04-30,214624,0,6354741,0
2021-05-01,174152,0,6528893,0
2021-05-02,135819,0,6664712,0
2021-05-03,142087,0,6806799,0
2021-05-04,158723,0,6965522,0
2021-05-05,170558,0,7136080,0
2021-05-06,197839,0,7333919,0
2021-05-07,213890,0,7547809,0
2021-05-08,213445,0,7761254,0
2021-05-09,143227,0,7904481,0
2021-05-10,165106,0,8069587,0
2021-05-11,175020,0,8244607,0
2021-05-12,179241,0,8423848,0
2021-05-13,203439,0,8627287,0
2021-05-14,222952,0,8850239,0
2021-05-15,210401,0,9060640,0
2021-05-16,159297,0,9219937,0
2021-05-17,219229,0,9439166,0
2021-05-18,213033,0,9652199,0
2021-05-19,207109,0,9859308,0
2021-05-20,270917,0,10130225,0
2021-05-21,270920,0,10401145,0
2021-05-22,245552,0,10646697,0
2021-05-23,197199,0,10843896,0
2021-05-24,228314,0,11072210,0
2021-05-25,245703,0,11317913,0
2021-05-26,277579,0,11595492,0
2021-05-27,311111,0,11906603,0
2021-05-28,299594,0,12206197,0
2021-05-29,231261,0,12437458,0
2021-05-30,170859,0,12608317,0
2021-05-31,216446,0,12824763,0
2021-06-01,207650,0,13032413,0
2021-06-02,115812,0,13148225,0
2021-06-03,180194,0,13328419,0
2021-06-04,184941,0,13513360,0
2021-06-05,186023,0,13699383,0
2021-06-06,139609,0,13838992,0
2021-06-07,161928,0,14000920,0
2021-06-08,171318,0,14172238,0
2021-06-09,171544,0,14343782,0
2021-06-10,174189,0,14517971,0
2021-06-11,170070,0,14688041,0
2021-06-12,128423,0,14816464,0
2021-06-13,91260,0,14907724,0
2021-06-14,214723,0,15122447,0
2021-06-15,228480,0,15350927,0
2021-06-16,253125,0,15604052,0
2021-06-17,301804,0,15905856,0
2021-06-18,306356,0,16212212,0
2021-06-19,275150,0,16487362,0
2021-06-20,220840,0,16708202,0
2021-06-21,288128,0,16996330,0
2021-06-22,296277,0,17292607,0
2021-06-23,302723,0,17595330,0
2021-06-24,332639,0,17927969,0
2021-06-25,348749,0,18276718,0
2021-06-26,300156,0,18576874,0
2021-06-27,228712,0,18805586,0
2021-06-28,307174,0,19112760,0
2021-06-29,329367,0,19442127,0
2021-06-30,342241,0,19784368,0
2021-07-01,363263,0,20147631,0
2021-07-02,368522,0,20516153,0
2021-07-03,371108,0,20887261,0
2021-07-04,283256,0,21170517,0
2021-07-05,384572,0,21555089,0
2021-07-06,385498,0,21940587,0
2021-07-07,412150,0,22352737,0
2021-07-08,479585,0,22832322,0
2021-07-09,498458,0,23330780,0
2021-07-10,475175,0,23805955,0
2021-07-11,357685,0,24163640,0
2021-07-12,485868,0,24649508,0
2021-07-13,492054,0,25141562,0
2021-07-14,480430,0,25621992,0
2021-07-15,523401,0,26145393,0
2021-07-16,509734,0,26655127,0
2021-07-17,464315,0,27119442,0
2021-07-18,364622,0,27484064,0
2021-07-19,463029,0,27947093,0
2021-07-20,458035,0,28405128,0
2021-07-21,462790,0,28867918,0
2021-07-22,475369,0,29343287,0
2021-07-23,441322,0,29784609,0
2021-07-24,386141,0,30170750,0
2021-07-25,287531,0,30458281,0
2021-07-26,430883,0,30889164,0
2021-07-27,440103,0,31329267,0
2021-07-28,391010,0,31720277,0
2021-07-29,372067,0,32092344,0
2021-07-30,341529,0,32433873,0
2021-07-31,287058,0,32720931,0
2021-08-01,190999,0,32911930,0
2021-08-02,333705,0,33245635,0
2021-08-03,323182,0,33568817,0
2021-08-04,311003,0,33879820,0
2021-08-05,292477,0,34172297,0
2021-08-06,260044,0,34432341,0
2021-08-07,199076,0,34631417,0
2021-08-08,153108,0,34784525,0
2021-08-09,234080,0,35018605,0
2021-08-10,205296,0,35223901,0
2021-08-11,193803,0,35417704,0
2021-08-12,168081,0,35585785,0
2021-08-13,148678,0,35734463,0
2021-08-14,66105,0,35800568,0
2021-08-15,26345,0,35826913,0
2021-08-16,114724,0,35941637,0
2021-08-17,129261,0,36070898,0
2021-08-18,128765,0,36199663,0
2021-08-19,124868,0,36324531,0
2021-08-20,123798,0,36448329,0
2021-08-21,83138,0,36531467,0
2021-08-22,68182,0,36599649,0
2021-08-23,176867,0,36776516,0
2021-08-24,156887,0,36933403,0
2021-08-25,177168,0,37110571,0
2021-08-26,172347,0,37282918,0
2021-08-27,185827,0,37468745,0
2021-08-28,140295,0,37609040,0
2021-08-29,98998,0,37708038,0
2021-08-30,209582,0,37917620,0
2021-08-31,194640,0,38112260,0
2021-09-01,192218,0,38304478,0
2021-09-02,189930,0,38494408,0
2021-09-03,191274,0,38685682,0
2021-09-04,131427,0,38817109,0
2021-09-05,87838,0,38904947,0
2021-09-06,193593,0,39098540,0
2021-09-07,196034,0,39294574,0
2021-09-08,187849,0,39482423,0
2021-09-09,201409,0,39683832,0
2021-09-10,198041,0,39881873,0
2021-09-11,141285,0,40023158,0
2021-09-12,89588,0,40112746,0
2021-09-13,191092,670,40303838,670
2021-09-14,177203,667,40481041,1337
2021-09-15,163081,662,40644122,1999
2021-09-16,160036,1024,40804158,3023
2021-09-17,150158,1181,40954316,4204
2021-09-18,127986,787,41082302,4991
2021-09-19,81141,514,41163443,5505
2021-09-20,180057,9147,41343500,14652
2021-09-21,166678,8867,41510178,23519
2021-09-22,159126,9471,41669304,32990
2021-09-23,138116,9365,41807420,42355
2021-09-24,140555,9024,41947975,51379
2021-09-25,119564,5681,42067539,57060
2021-09-26,71992,4371,42139531,61431
2021-09-27,135673,10096,42275204,71527
2021-09-28,117523,11439,42392727,82966
2021-09-29,112386,11858,42505113,94824
2021-09-30,110296,14993,42615409,109817
2021-10-01,95009,19146,42710418,128963
2021-10-02,78531,14048,42788949,143011
2021-10-03,47761,7672,42836710,150683
2021-10-04,88393,34492,42925103,185175
2021-10-05,80392,34024,43005495,219199
2021-10-06,72005,34224,43077500,253423
2021-10-07,71882,34384,43149382,287807
2021-10-08,80651,33631,43230033,321438
2021-10-09,76118,22204,43306151,343642
2021-10-10,45795,13632,43351946,357274
2021-10-11,87452,41139,43439398,398413
2021-10-12,84516,46941,43523914,445354
2021-10-13,88228,52176,43612142,497530
2021-10-14,91559,58565,43703701,556095
2021-10-15,93602,55691,43797303,611786
2021-10-16,82975,36836,43880278,648622
2021-10-17,51460,23865,43931738,672487
2021-10-18,90305,59532,44022043,732019
2021-10-19,78353,69429,44100396,801448
2021-10-20,75060,78222,44175456,879670
2021-10-21,78284,81828,44253740,961498
2021-10-22,73768,77093,44327508,1038591
2021-10-23,60839,51977,44388347,1090568
2021-10-24,33366,23486,44421713,1114054
2021-10-25,64902,81676,44486615,1195730
2021-10-26,58370,91851,44544985,1287581
2021-10-27,58319,104047,44603304,1391628
2021-10-28,61446,114172,44664750,1505800
2021-10-29,61621,103206,44726371,1609006
2021-10-30,50669,68165,44777040,1677171
2021-10-31,25158,28315,44802198,1705486
2021-11-01,19051,28159,44821249,1733645
2021-11-02,62740,89451,44883989,1823096
2021-11-03,60712,118718,44944701,1941814
2021-11-04,59239,126715,45003940,2068529
2021-11-05,63094,135237,45067034,2203766
2021-11-06,46494,90947,45113528,2294713
2021-11-07,22248,37908,45135776,2332621
2021-11-08,51520,131309,45187296,2463930
2021-11-09,45408,144239,45232704,2608169
2021-11-10,42596,156386,45275300,2764555
2021-11-11,44929,155188,45320229,2919743
2021-11-12,46303,158720,45366532,3078463
2021-11-13,33272,116683,45399804,3195146
2021-11-14,14490,52462,45414294,3247608
2021-11-15,36908,157457,45451202,3405065
2021-11-16,30567,171423,45481769,3576488
2021-11-17,28467,178472,45510236,3754960
2021-11-18,30298,193775,45540534,3948735
2021-11-19,28824,205896,45569358,4154631
2021-11-20,21013,156461,45590371,4311092
2021-11-21,10612,64871,45600983,4375963
2021-11-22,21961,213169,45622944,4589132
2021-11-23,23608,241805,45646552,4830937
2021-11-24,27770,271107,45674322,5102044
2021-11-25,23268,301954,45697590,5403998
2021-11-26,24599,318315,45722189,5722313
2021-11-27,21418,266178,45743607,5988491
2021-11-28,9911,137071,45753518,6125562
2021-11-29,22371,326082,45775889,6451644
2021-11-30,23122,365864,45799011,6817508
2021-12-01,21566,413548,45820577,7231056
2021-12-02,23800,440445,45844377,7671501
2021-12-03,25284,467547,45869661,8139048
2021-12-04,22394,418813,45892055,8557861
2021-12-05,11944,261369,45903999,8819230
2021-12-06,25853,457637,45929852,9276867
2021-12-07,24172,480313,45954024,9757180
2021-12-08,10034,249725,45964058,10006905
2021-12-09,31631,491969,45995689,10498874
2021-12-10,28111,517942,46023800,11016816
2021-12-11,23597,459288,46047397,11476104
2021-12-12,12328,293539,46059725,11769643
2021-12-13,26188,467665,46085913,12237308
2021-12-14,25211,494247,46111124,12731555
2021-12-15,25383,517190,46136507,13248745
2021-12-16,27942,520312,46164449,13769057
2021-12-17,29405,517230,46193854,14286287
2021-12-18,27117,468788,46220971,14755075
2021-12-19,15174,300548,46236145,15055623
2021-12-20,30684,477512,46266829,15533135
2021-12-21,30425,493454,46297254,16026589
2021-12-22,29495,484761,46326749,16511350
2021-12-23,28291,426973,46355040,16938323
2021-12-24,13128,210846,46368168,17149169
2021-12-25,2104,33053,46370272,17182222
2021-12-26,8784,159077,46379056,17341299
2021-12-27,46852,504705,46425908,17846004
2021-12-28,42511,554272,46468419,18400276
2021-12-29,34407,550689,46502826,18950965
2021-12-30,31904,499872,46534730,19450837
2021-12-31,14153,247410,46548883,19698247
2022-01-01,3503,64815,46552386,19763062
2022-01-02,22844,276728,46575230,20039790
2022-01-03,47968,520043,46623198,20559833
2022-01-04,46495,572108,46669693,21131941
2022-01-05,40866,560430,46710559,21692371
2022-01-06,23547,274490,46734106,21966861
2022-01-07,63818,554230,46797924,22521091
2022-01-08,61010,503428,46858934,23024519
2022-01-09,42982,319710,46901916,23344229
2022-01-10,61191,542332,46963107,23886561
2022-01-11,61883,587041,47024990,24473602
2022-01-12,58578,581317,47083568,25054919
2022-01-13,58732,580438,47142300,25635357
2022-01-14,46965,588625,47189265,26223982
2022-01-15,39617,570003,47228882,26793985
2022-01-16,31336,341899,47260218,27135884
2022-01-17,54869,489699,47315087,27625583
2022-01-18,58486,517061,47373573,28142644
2022-01-19,57286,502826,47430859,28645470
2022-01-20,54438,498865,47485297,29144335
2022-01-21,42198,493905,47527495,29638240
2022-01-22,31322,469625,47558817,30107865
2022-01-23,34991,275393,47593808,30383258
2022-01-24,56236,437258,47650044,30820516
2022-01-25,61609,452136,47711653,31272652
2022-01-26,58606,435850,47770259,31708502
2022-01-27,48904,432420,47819163,32140922
2022-01-28,58771,436570,47877934,32577492
2022-01-29,68201,412522,47946135,32990014
2022-01-30,50415,235994,47996550,33226008
2022-01-31,60729,356954,48057279,33582962
2022-02-01,65627,328472,48122906,33911434
2022-02-02,63258,297003,48186164,34208437
2022-02-03,60100,274542,48246264,34482979
2022-02-04,72417,268478,48318681,34751457
2022-02-05,83822,248560,48402503,35000017
2022-02-06,55309,116208,48457812,35116225
2022-02-07,65193,199949,48523005,35316174
2022-02-08,66960,186134,48589965,35502308
2022-02-09,58783,166356,48648748,35668664
2022-02-10,58603,163256,48707351,35831920
2022-02-11,62282,162482,48769633,35994402
2022-02-12,72018,152157,48841651,36146559
2022-02-13,41487,68859,48883138,36215418
2022-02-14,46713,116196,48929851,36331614
2022-02-15,48573,123482,48978424,36455096
2022-02-16,45702,106132,49024126,36561228
2022-02-17,42876,98128,49067002,36659356
2022-02-18,46638,112591,49113640,36771947
2022-02-19,52547,100342,49166187,36872289
2022-02-20,31415,40368,49197602,36912657
2022-02-21,37903,89660,49235505,37002317
2022-02-22,37228,83784,49272733,37086101
2022-02-23,33404,79407,49306137,37165508
2022-02-24,32563,78169,49338700,37243677
2022-02-25,34775,90714,49373475,37334391
2022-02-26,39164,89140,49412639,37423531
2022-02-27,22548,35859,49435187,37459390
2022-02-28,28492,81698,49463679,37541088
2022-03-01,22735,53944,49486414,37595032
2022-03-02,21936,50713,49508350,37645745
2022-03-03,22641,54947,49530991,37700692
2022-03-04,23244,62804,49554235,37763496
2022-03-05,23805,57953,49578040,37821449
2022-03-06,9473,17201,49587513,37838650
2022-03-07,15928,51391,49603441,37890041
2022-03-08,15481,48797,49618922,37938838
2022-03-09,13815,46518,49632737,37985356
2022-03-10,14061,52127,49646798,38037483
2022-03-11,15594,57276,49662392,38094759
2022-03-12,15513,56620,49677905,38151379
2022-03-13,5545,16852,49683450,38168231
2022-03-14,10528,46703,49693978,38214934
2022-03-15,10555,46895,49704533,38261829
2022-03-16,9486,41980,49714019,38303809
2022-03-17,9727,44877,49723746,38348686
2022-03-18,10164,49059,49733910,38397745
2022-03-19,9152,46541,49743062,38444286
2022-03-20,2608,11704,49745670,38455990
2022-03-21,7587,40233,49753257,38496223
2022-03-22,8448,37769,49761705,38533992
2022-03-23,7221,33701,49768926,38567693
2022-03-24,8261,38821,49777187,38606514
2022-03-25,8144,43673,49785331,38650187
2022-03-26,8129,41722,49793460,38691909
2022-03-27,2432,9683,49795892,38701592
2022-03-28,6113,35245,49802005,38736837
2022-03-29,5783,32532,49807788,38769369
2022-03-30,5567,30205,49813355,38799574
2022-03-31,5906,33186,49819261,38832760
2022-04-01,4351,25189,49823612,38857949
2022-04-02,4498,23275,49828110,38881224
2022-04-03,1049,4500,49829159,38885724
2022-04-04,3662,21547,49832821,38907271
2022-04-05,3759,22938,49836580,38930209
2022-04-06,4105,21853,49840685,38952062
2022-04-07,3970,23321,49844655,38975383
2022-04-08,4696,26716,49849351,39002099
2022-04-09,4382,23889,49853733,39025988
2022-04-10,893,4613,49854626,39030601
2022-04-11,3819,22690,49858445,39053291
2022-04-12,3364,21780,49861809,39075071
2022-04-13,3574,21337,49865383,39096408
2022-04-14,3487,23789,49868870,39120197
2022-04-15,3086,20621,49871956,39140818
2022-04-16,2152,11918,49874108,39152736
2022-04-17,63,348,49874171,39153084
2022-04-18,152,650,49874323,39153734
2022-04-19,3500,21988,49877823,39175722
2022-04-20,3513,20250,49881336,39195972
2022-04-21,2848,19793,49884184,39215765
2022-04-22,2928,20715,49887112,39236480
2022-04-23,2648,16222,49889760,39252702
2022-04-24,509,2335,49890269,39255037
2022-04-25,183,1165,49890452,39256202
2022-04-26,2761,17813,49893213,39274015
2022-04-27,2375,15795,49895588,39289810
2022-04-28,2363,15567,49897951,39305377
2022-04-29,2298,14850,49900249,39320227
2022-04-30,2123,11585,49902372,39331812
2022-05-01,113,531,49902485,39332343
2022-05-02,1451,9394,49903936,39341737
2022-05-03,1577,10326,49905513,39352063
2022-05-04,1747,10276,49907260,39362339
2022-05-05,1654,10301,49908914,39372640
2022-05-06,1702,10972,49910616,39383612
2022-05-07,1431,8574,49912047,39392186
2022-05-08,417,1526,49912464,39393712
2022-05-09,1028,8935,49913492,39402647
2022-05-10,1427,9554,49914919,39412201
2022-05-11,1485,10109,49916404,39422310
2022-05-12,1371,10137,49917775,39432447
2022-05-13,1595,10527,49919370,39442974
2022-05-14,1361,8248,49920731,39451222
2022-05-15,336,1138,49921067,39452360
2022-05-16,814,8409,49921881,39460769
2022-05-17,1244,8707,49923125,39469476
2022-05-18,1373,9256,49924498,39478732
2022-05-19,1501,9287,49925999,39488019
2022-05-20,1426,9535,49927425,39497554
2022-05-21,1302,7902,49928727,39505456
2022-05-22,231,1013,49928958,39506469
2022-05-23,830,8274,49929788,39514743
2022-05-24,1073,8673,49930861,39523416
2022-05-25,1372,9460,49932233,39532876
2022-05-26,1198,9480,49933431,39542356
2022-05-27,1232,9917,49934663,39552273
2022-05-28,1205,7890,49935868,39560163
2022-05-29,288,1265,49936156,39561428
2022-05-30,931,8058,49937087,39569486
2022-05-31,1039,8549,49938126,39578035
2022-06-01,895,7657,49939021,39585692
2022-06-02,35,474,49939056,39586166
2022-06-03,817,7334,49939873,39593500
2022-06-04,870,5162,49940743,39598662
2022-06-05,88,586,49940831,39599248
2022-06-06,679,7004,49941510,39606252
2022-06-07,952,7850,49942462,39614102
2022-06-08,981,7906,49943443,39622008
2022-06-09,1037,8418,49944480,39630426
2022-06-10,958,8563,49945438,39638989
2022-06-11,904,6206,49946342,39645195
2022-06-12,140,768,49946482,39645963
2022-06-13,602,6301,49947084,39652264
2022-06-14,832,7905,49947916,39660169
2022-06-15,960,7856,49948876,39668025
2022-06-16,733,7398,49949609,39675423
2022-06-17,723,7248,49950332,39682671
2022-06-18,778,5596,49951110,39688267
2022-06-19,49,521,49951159,39688788
2022-06-20,587,6699,49951746,39695487
2022-06-21,741,7664,49952487,39703151
2022-06-22,779,7313,49953266,39710464
2022-06-23,648,7472,49953914,39717936
2022-06-24,644,7474,49954558,39725410
2022-06-25,835,6533,49955393,39731943
2022-06-26,128,523,49955521,39732466
2022-06-27,534,7126,49956055,39739592
2022-06-28,748,8207,49956803,39747799
2022-06-29,756,7733,49957559,39755532
2022-06-30,747,8145,49958306,39763677
2022-07-01,577,6443,49958883,39770120
2022-07-02,536,4769,49959419,39774889
2022-07-03,49,456,49959468,39775345
2022-07-04,469,6278,49959937,39781623
2022-07-05,631,8122,49960568,39789745
2022-07-06,634,7611,49961202,39797356
2022-07-07,576,8273,49961778,39805629
2022-07-08,677,8086,49962455,39813715
2022-07-09,550,6105,49963005,39819820
2022-07-10,58,533,49963063,39820353
2022-07-11,493,7642,49963556,39827995
2022-07-12,669,9029,49964225,39837024
2022-07-13,645,10067,49964870,39847091
2022-07-14,637,10225,49965507,39857316
2022-07-15,627,10674,49966134,39867990
2022-07-16,523,7215,49966657,39875205
2022-07-17,48,770,49966705,39875975
2022-07-18,496,9375,49967201,39885350
2022-07-19,576,10684,49967777,39896034
2022-07-20,582,11277,49968359,39907311
2022-07-21,631,12093,49968990,39919404
2022-07-22,584,11262,49969574,39930666
2022-07-23,381,6775,49969955,39937441
2022-07-24,76,857,49970031,39938298
2022-07-25,504,9055,49970535,39947353
2022-07-26,522,9764,49971057,39957117
2022-07-27,554,10210,49971611,39967327
2022-07-28,532,10535,49972143,39977862
2022-07-29,510,9466,49972653,39987328
2022-07-30,383,5883,49973036,39993211
2022-07-31,49,764,49973085,39993975
2022-08-01,386,6865,49973471,40000840
2022-08-02,548,7590,49974019,40008430
2022-08-03,513,7182,49974532,40015612
2022-08-04,455,7493,49974987,40023105
2022-08-05,421,6527,49975408,40029632
2022-08-06,300,3613,49975708,40033245
2022-08-07,44,563,49975752,40033808
2022-08-08,403,4890,49976155,40038698
2022-08-09,381,5313,49976536,40044011
2022-08-10,385,4816,49976921,40048827
2022-08-11,371,4804,49977292,40053631
2022-08-12,294,3719,49977586,40057350
2022-08-13,143,1600,49977729,40058950
2022-08-14,9,129,49977738,40059079
2022-08-15,1,26,49977739,40059105
2022-08-16,283,3043,49978022,40062148
2022-08-17,352,3536,49978374,40065684
2022-08-18,394,4160,49978768,40069844
2022-08-19,341,3319,49979109,40073163
2022-08-20,183,1715,49979292,40074878
2022-08-21,24,149,49979316,40075027
2022-08-22,330,2952,49979646,40077979
2022-08-23,370,3674,49980016,40081653
2022-08-24,384,3360,49980400,40085013
2022-08-25,423,3773,49980823,40088786
2022-08-26,399,3575,49981222,40092361
2022-08-27,237,1770,49981459,40094131
2022-08-28,29,267,49981488,40094398
2022-08-29,354,3161,49981842,40097559
2022-08-30,405,3672,49982247,40101231
2022-08-31,438,3734,49982685,40104965
2022-09-01,353,3117,49983038,40108082
2022-09-02,297,2894,49983335,40110976
2022-09-03,200,1689,49983535,40112665
2022-09-04,24,149,49983559,40112814
2022-09-05,187,2656,49983746,40115470
2022-09-06,306,2984,49984052,40118454
2022-09-07,542,2936,49984594,40121390
2022-09-08,293,2963,49984887,40124353
2022-09-09,307,2886,49985194,40127239
2022-09-10,228,1326,49985422,40128565
2022-09-11,23,124,49985445,40128689
2022-09-12,267,2269,49985712,40130958
2022-09-13,253,2278,49985965,40133236
2022-09-14,266,2566,49986231,40135802
2022-09-15,282,2501,49986513,40138303
2022-09-16,256,2546,49986769,40140849
2022-09-17,239,1339,49987008,40142188
2022-09-18,20,170,49987028,40142358
2022-09-19,206,1971,49987234,40144329
2022-09-20,235,2392,49987469,40146721
2022-09-21,289,2526,49987758,40149247
2022-09-22,267,2663,49988025,40151910
2022-09-23,259,2545,49988284,40154455
2022-09-24,193,1427,49988477,40155882
2022-09-25,29,133,49988506,40156015
2022-09-26,280,2248,49988786,40158263
2022-09-27,287,2683,49989073,40160946
2022-09-28,310,2906,49989383,40163852
2022-09-29,257,3049,49989640,40166901
2022-09-30,292,2989,49989932,40169890
2022-10-01,195,1515,49990127,40171405
2022-10-02,12,187,49990139,40171592
2022-10-03,185,2475,49990324,40174067
2022-10-04,236,2862,49990560,40176929
2022-10-05,228,3253,49990788,40180182
2022-10-06,243,3874,49991031,40184056
2022-10-07,283,4190,49991314,40188246
2022-10-08,204,2270,49991518,40190516
2022-10-09,8,305,49991526,40190821
2022-10-10,214,3357,49991740,40194178
2022-10-11,194,4379,49991934,40198557
2022-10-12,207,4441,49992141,40202998
2022-10-13,204,5304,49992345,40208302
2022-10-14,233,5026,49992578,40213328
2022-10-15,191,2671,49992769,40215999
2022-10-16,6,360,49992775,40216359
2022-10-17,186,3875,49992961,40220234
2022-10-18,256,4967,49993217,40225201
2022-10-19,244,5478,49993461,40230679
2022-10-20,224,5998,49993685,40236677
2022-10-21,250,5477,49993935,40242154
2022-10-22,195,2911,49994130,40245065
2022-10-23,13,364,49994143,40245429
2022-10-24,171,3931,49994314,40249360
2022-10-25,254,4928,49994568,40254288
2022-10-26,347,5503,49994915,40259791
2022-10-27,241,5673,49995156,40265464
2022-10-28,200,5263,49995356,40270727
2022-10-29,128,2844,49995484,40273571
2022-10-30,3,328,49995487,40273899
2022-10-31,117,3042,49995604,40276941
2022-11-01,11,353,49995615,40277294
2022-11-02,146,3723,49995761,40281017
2022-11-03,172,4789,49995933,40285806
2022-11-04,227,4602,49996160,40290408
2022-11-05,144,2598,49996304,40293006
2022-11-06,10,261,49996314,40293267
2022-11-07,169,3226,49996483,40296493
2022-11-08,260,4254,49996743,40300747
2022-11-09,197,4333,49996940,40305080
2022-11-10,183,4598,49997123,40309678
2022-11-11,193,4226,49997316,40313904
2022-11-12,158,2378,49997474,40316282
2022-11-13,7,338,49997481,40316620
2022-11-14,150,2838,49997631,40319458
2022-11-15,202,3748,49997833,40323206
2022-11-16,217,3998,49998050,40327204
2022-11-17,192,4107,49998242,40331311
2022-11-18,246,4034,49998488,40335345
2022-11-19,113,2106,49998601,40337451
2022-11-20,24,317,49998625,40337768
2022-11-21,119,2621,49998744,40340389
2022-11-22,142,3218,49998886,40343607
2022-11-23,191,3625,49999077,40347232
2022-11-24,158,3845,49999235,40351077
2022-11-25,184,3785,49999419,40354862
2022-11-26,133,2093,49999552,40356955
2022-11-27,22,356,49999574,40357311
2022-11-28,182,2687,49999756,40359998
2022-11-29,257,3231,50000013,40363229
2022-11-30,182,3737,50000195,40366966
2022-12-01,151,3627,50000346,40370593
2022-12-02,158,3532,50000504,40374125
2022-12-03,106,1969,50000610,40376094
2022-12-04,5,290,50000615,40376384
2022-12-05,130,2855,50000745,40379239
2022-12-06,177,3659,50000922,40382898
2022-12-07,136,3137,50001058,40386035
2022-12-08,8,169,50001066,40386204
2022-12-09,161,3036,50001227,40389240
2022-12-10,78,1607,50001305,40390847
2022-12-11,7,193,50001312,40391040
2022-12-12,171,2535,50001483,40393575
2022-12-13,252,3056,50001735,40396631
2022-12-14,228,3229,50001963,40399860
2022-12-15,205,3281,50002168,40403141
2022-12-16,159,3181,50002327,40406322
2022-12-17,95,1690,50002422,40408012
2022-12-18,10,270,50002432,40408282
2022-12-19,144,2165,50002576,40410447
2022-12-20,212,2517,50002788,40412964
2022-12-21,157,2248,50002945,40415212
2022-12-22,141,1872,50003086,40417084
2022-12-23,151,1220,50003237,40418304
2022-12-24,32,160,50003269,40418464
2022-12-25,0,6,50003269,40418470
2022-12-26,6,41,50003275,40418511
2022-12-27,132,1556,50003407,40420067
2022-12-28,133,1775,50003540,40421842
2022-12-29,93,1700,50003633,40423542
2022-12-30,116,1610,50003749,40425152
2022-12-31,21,275,50003770,40425427
2023-01-01,0,6,50003770,40425433
2023-01-02,48,1122,50003818,40426555
2023-01-03,97,1893,50003915,40428448
2023-01-04,108,1987,50004023,40430435
2023-01-05,93,1893,50004116,40432328
2023-01-06,0,68,50004116,40432396
2023-01-07,51,674,50004167,40433070
2023-01-08,2,97,50004169,40433167
2023-01-09,122,1370,50004291,40434537
2023-01-10,79,923,50004370,40435460