data_somministrazione,vaccinazioni,booster,cum_vaccinazioni,cum_booster
2020-12-27,15,0,15,0
2020-12-28,2,0,17,0
2020-12-29,1,0,18,0
2020-12-30,2,0,20,0
2020-12-31,34,0,54,0
2021-01-01,12,0,66,0
2021-01-02,53,0,119,0
2021-01-03,46,0,165,0
2021-01-04,120,0,285,0
2021-01-05,157,0,442,0
2021-01-06,133,0,575,0
2021-01-07,195,0,770,0
2021-01-08,244,0,1014,0
2021-01-09,170,0,1184,0
2021-01-10,109,0,1293,0
2021-01-11,196,0,1489,0
2021-01-12,201,0,1690,0
2021-01-13,304,0,1994,0
2021-01-14,391,0,2385,0
2021-01-15,235,0,2620,0
2021-01-16,163,0,2783,0
2021-01-17,3046,0,5829,0
2021-01-18,5178,0,11007,0
2021-01-19,1870,0,12877,0
2021-01-20,4649,0,17526,0
2021-01-21,20002,0,37528,0
2021-01-22,14197,0,51725,0
2021-01-23,33353,0,85078,0
2021-01-24,30791,0,115869,0
2021-01-25,64767,0,180636,0
2021-01-26,76535,0,257171,0
2021-01-27,64871,0,322042,0
2021-01-28,89329,0,411371,0
2021-01-29,94062,0,505433,0
2021-01-30,86603,0,592036,0
2021-01-31,57339,0,649375,0
2021-02-01,81888,0,731263,0
2021-02-02,82155,0,813418,0
2021-02-03,91206,0,904624,0
2021-02-04,95358,0,999982,0
2021-02-05,90267,0,1090249,0
2021-02-06,63724,0,1153973,0
2021-02-07,32913,0,1186886,0
2021-02-08,40403,0,1227289,0
2021-02-09,32827,0,1260116,0
2021-02-10,28373,0,1288489,0
2021-02-11,20346,0,1308835,0
2021-02-12,16173,0,1325008,0
2021-02-13,7215,0,1332223,0
2021-02-14,2855,0,1335078,0
2021-02-15,6816,0,1341894,0
2021-02-16,6968,0,1348862,0
2021-02-17,10487,0,1359349,0
2021-02-18,9208,0,1368557,0
2021-02-19,8151,0,1376708,0
2021-02-20,5466,0,1382174,0
2021-02-21,2939,0,1385113,0
2021-02-22,6826,0,1391939,0
2021-02-23,7089,0,1399028,0
2021-02-24,9781,0,1408809,0
2021-02-25,14160,0,1422969,0
2021-02-26,17471,0,1440440,0
2021-02-27,13842,0,1454282,0
2021-02-28,9334,0,1463616,0
2021-03-01,26426,0,1490042,0
2021-03-02,33143,0,1523185,0
2021-03-03,44579,0,1567764,0
2021-03-04,50182,0,1617946,0
2021-03-05,55671,0,1673617,0
2021-03-06,41823,0,1715440,0
2021-03-07,22279,0,1737719,0
2021-03-08,50598,0,1788317,0
2021-03-09,52928,0,1841245,0
2021-03-10,58484,0,1899729,0
2021-03-11,63693,0,1963422,0
2021-03-12,65002,0,2028424,0
2021-03-13,51636,0,2080060,0
2021-03-14,35334,0,2115394,0
2021-03-15,73281,0,2188675,0
2021-03-16,73960,0,2262635,0
2021-03-17,82973,0,2345608,0
2021-03-18,81570,0,2427178,0
2021-03-19,80984,0,2508162,0
2021-03-20,64613,0,2572775,0
2021-03-21,47237,0,2620012,0
2021-03-22,69366,0,2689378,0
2021-03-23,75660,0,2765038,0
2021-03-24,90742,0,2855780,0
2021-03-25,89662,0,2945442,0
2021-03-26,83464,0,3028906,0
2021-03-27,71789,0,3100695,0
2021-03-28,44021,0,3144716,0
2021-03-29,70673,0,3215389,0
2021-03-30,81221,0,3296610,0
2021-03-31,96059,0,3392669,0
2021-04-01,95173,0,3487842,0
2021-04-02,83950,0,3571792,0
2021-04-03,64218,0,3636010,0
2021-04-04,21680,0,3657690,0
2021-04-05,40248,0,3697938,0
2021-04-06,81202,0,3779140,0
2021-04-07,95622,0,3874762,0
2021-04-08,95125,0,3969887,0
2021-04-09,88356,0,4058243,0
2021-04-10,73911,0,4132154,0
2021-04-11,44683,0,4176837,0
2021-04-12,66814,0,4243651,0
2021-04-13,72487,0,4316138,0
2021-04-14,85389,0,4401527,0
2021-04-15,105270,0,4506797,0
2021-04-16,106270,0,4613067,0
2021-04-17,90517,0,4703584,0
2021-04-18,58647,0,4762231,0
2021-04-19,93332,0,4855563,0
2021-04-20,103642,0,4959205,0
2021-04-21,125228,0,5084433,0
2021-04-22,143373,0,5227806,0
2021-04-23,138536,0,5366342,0
2021-04-24,124298,0,5490640,0
2021-04-25,61371,0,5552011,0
2021-04-26,97761,0,5649772,0
2021-04-27,128219,0,5777991,0
2021-04-28,156190,0,5934181,0
2021-04-29,195355,0,6129536,0
2021-04-30,214348,0,6343884,0
2021-05-01,174120,0,6518004,0
2021-05-02,135858,0,6653862,0
2021-05-03,141828,0,6795690,0
2021-05-04,158515,0,6954205,0
2021-05-05,170270,0,7124475,0
2021-05-06,197594,0,7322069,0
2021-05-07,213540,0,7535609,0
2021-05-08,213177,0,7748786,0
2021-05-09,143021,0,7891807,0
2021-05-10,164905,0,8056712,0
2021-05-11,174730,0,8231442,0
2021-05-12,178887,0,8410329,0
2021-05-13,203064,0,8613393,0
2021-05-14,222622,0,8836015,0
2021-05-15,210066,0,9046081,0
2021-05-16,159133,0,9205214,0
2021-05-17,218987,0,9424201,0
2021-05-18,212773,0,9636974,0
2021-05-19,206822,0,9843796,0
2021-05-20,270533,0,10114329,0
2021-05-21,270575,0,10384904,0
2021-05-22,245324,0,10630228,0
2021-05-23,197054,0,10827282,0
2021-05-24,228146,0,11055428,0
2021-05-25,245507,0,11300935,0
2021-05-26,277246,0,11578181,0
2021-05-27,310824,0,11889005,0
2021-05-28,299336,0,12188341,0
2021-05-29,230966,0,12419307,0
2021-05-30,170679,0,12589986,0
2021-05-31,216211,0,12806197,0
2021-06-01,207453,0,13013650,0
2021-06-02,115615,0,13129265,0
2021-06-03,179777,0,13309042,0
2021-06-04,184492,0,13493534,0
2021-06-05,185710,0,13679244,0
2021-06-06,139369,0,13818613,0
2021-06-07,161517,0,13980130,0
2021-06-08,170760,0,14150890,0
2021-06-09,171052,0,14321942,0
2021-06-10,173625,0,14495567,0
2021-06-11,169557,0,14665124,0
2021-06-12,127955,0,14793079,0
2021-06-13,90915,0,14883994,0
2021-06-14,214387,0,15098381,0
2021-06-15,228153,0,15326534,0
2021-06-16,252865,0,15579399,0
2021-06-17,301494,0,15880893,0
2021-06-18,306028,0,16186921,0
2021-06-19,274939,0,16461860,0
2021-06-20,220576,0,16682436,0
2021-06-21,287899,0,16970335,0
2021-06-22,296006,0,17266341,0
2021-06-23,302581,0,17568922,0
2021-06-24,332455,0,17901377,0
2021-06-25,348574,0,18249951,0
2021-06-26,300171,0,18550122,0
2021-06-27,228767,0,18778889,0
2021-06-28,306843,0,19085732,0
2021-06-29,329024,0,19414756,0
2021-06-30,341963,0,19756719,0
2021-07-01,362955,0,20119674,0
2021-07-02,368353,0,20488027,0
2021-07-03,371250,0,20859277,0
2021-07-04,283204,0,21142481,0
2021-07-05,384401,0,21526882,0
2021-07-06,385286,0,21912168,0
2021-07-07,411986,0,22324154,0
2021-07-08,479730,0,22803884,0
2021-07-09,498495,0,23302379,0
2021-07-10,475211,0,23777590,0
2021-07-11,357774,0,24135364,0
2021-07-12,485952,0,24621316,0
2021-07-13,492254,0,25113570,0
2021-07-14,480530,0,25594100,0
2021-07-15,523639,0,26117739,0
2021-07-16,509873,0,26627612,0
2021-07-17,464478,0,27092090,0
2021-07-18,364790,0,27456880,0
2021-07-19,463370,0,27920250,0
2021-07-20,458228,0,28378478,0
2021-07-21,462875,0,28841353,0
2021-07-22,475344,0,29316697,0
2021-07-23,441275,0,29757972,0
2021-07-24,386101,0,30144073,0
2021-07-25,287522,0,30431595,0
2021-07-26,430847,0,30862442,0
2021-07-27,440112,0,31302554,0
2021-07-28,390927,0,31693481,0
2021-07-29,371992,0,32065473,0
2021-07-30,341439,0,32406912,0
2021-07-31,286928,0,32693840,0
2021-08-01,190782,0,32884622,0
2021-08-02,333732,0,33218354,0
2021-08-03,323074,0,33541428,0
2021-08-04,310781,0,33852209,0
2021-08-05,292403,0,34144612,0
2021-08-06,259848,0,34404460,0
2021-08-07,198818,0,34603278,0
2021-08-08,153034,0,34756312,0
2021-08-09,234084,0,34990396,0
2021-08-10,205049,0,35195445,0
2021-08-11,193505,0,35388950,0
2021-08-12,167739,0,35556689,0
2021-08-13,148324,0,35705013,0
2021-08-14,65950,0,35770963,0
2021-08-15,26286,0,35797249,0
2021-08-16,114527,0,35911776,0
2021-08-17,129056,0,36040832,0
2021-08-18,128629,0,36169461,0
2021-08-19,124607,0,36294068,0
2021-08-20,123596,0,36417664,0
2021-08-21,82979,0,36500643,0
2021-08-22,68054,0,36568697,0
2021-08-23,176613,0,36745310,0
2021-08-24,156842,0,36902152,0
2021-08-25,176923,0,37079075,0
2021-08-26,172196,0,37251271,0
2021-08-27,185707,0,37436978,0
2021-08-28,140028,0,37577006,0
2021-08-29,98900,0,37675906,0
2021-08-30,209481,0,37885387,0
2021-08-31,194534,0,38079921,0
2021-09-01,192036,0,38271957,0
2021-09-02,189761,0,38461718,0
2021-09-03,191148,0,38652866,0
2021-09-04,131347,0,38784213,0
2021-09-05,87837,0,38872050,0
2021-09-06,193520,0,39065570,0
2021-09-07,195716,0,39261286,0
2021-09-08,187713,0,39448999,0
2021-09-09,201286,0,39650285,0
2021-09-10,197891,0,39848176,0
2021-09-11,141136,0,39989312,0
2021-09-12,89460,0,40078772,0
2021-09-13,191007,336,40269779,336
2021-09-14,177238,421,40447017,757
2021-09-15,162950,452,40609967,1209
2021-09-16,159931,785,40769898,1994
2021-09-17,149984,1001,40919882,2995
2021-09-18,127789,654,41047671,3649
2021-09-19,80942,439,41128613,4088
2021-09-20,179755,8951,41308368,13039
2021-09-21,166237,8724,41474605,21763
2021-09-22,158673,9356,41633278,31119
2021-09-23,137614,9235,41770892,40354
2021-09-24,140121,8849,41911013,49203
2021-09-25,119264,5556,42030277,54759
2021-09-26,71749,4293,42102026,59052
2021-09-27,135323,9964,42237349,69016
2021-09-28,117108,11300,42354457,80316
2021-09-29,111915,11754,42466372,92070
2021-09-30,109842,14835,42576214,106905
2021-10-01,94598,19023,42670812,125928
2021-10-02,78181,13982,42748993,139910
2021-10-03,47501,7626,42796494,147536
2021-10-04,88048,34356,42884542,181892
2021-10-05,80065,33908,42964607,215800
2021-10-06,71715,34052,43036322,249852
2021-10-07,71471,34271,43107793,284123
2021-10-08,80334,33483,43188127,317606
2021-10-09,75771,22105,43263898,339711
2021-10-10,45608,13589,43309506,353300
2021-10-11,87064,40985,43396570,394285
2021-10-12,84152,46781,43480722,441066
2021-10-13,87854,51973,43568576,493039
2021-10-14,91065,58379,43659641,551418
2021-10-15,93184,55460,43752825,606878
2021-10-16,82624,36695,43835449,643573
2021-10-17,51218,23774,43886667,667347
2021-10-18,90032,59321,43976699,726668
2021-10-19,78114,69274,44054813,795942
2021-10-20,74877,78009,44129690,873951
2021-10-21,78065,81556,44207755,955507
2021-10-22,73710,76849,44281465,1032356
2021-10-23,60694,51878,44342159,1084234
2021-10-24,33289,23396,44375448,1107630
2021-10-25,64720,81486,44440168,1189116
2021-10-26,58229,91598,44498397,1280714
2021-10-27,58103,103805,44556500,1384519
2021-10-28,61277,113812,44617777,1498331
2021-10-29,61597,102898,44679374,1601229
2021-10-30,50545,67973,44729919,1669202
2021-10-31,25101,28231,44755020,1697433
2021-11-01,19007,28115,44774027,1725548
2021-11-02,62633,89189,44836660,1814737
2021-11-03,60591,118465,44897251,1933202
2021-11-04,59072,126421,44956323,2059623
2021-11-05,62948,134939,45019271,2194562
2021-11-06,46323,90787,45065594,2285349
2021-11-07,22197,37822,45087791,2323171
2021-11-08,51337,131073,45139128,2454244
2021-11-09,45272,143843,45184400,2598087
2021-11-10,42492,155947,45226892,2754034
2021-11-11,44775,154877,45271667,2908911
2021-11-12,46202,158295,45317869,3067206
2021-11-13,33131,116427,45351000,3183633
2021-11-14,14436,52382,45365436,3236015
2021-11-15,36737,157114,45402173,3393129
2021-11-16,30400,171083,45432573,3564212
2021-11-17,28271,178203,45460844,3742415
2021-11-18,30091,193382,45490935,3935797
2021-11-19,28622,205478,45519557,4141275
2021-11-20,20856,156106,45540413,4297381
2021-11-21,10521,64699,45550934,4362080
2021-11-22,21751,212740,45572685,4574820
2021-11-23,23364,241361,45596049,4816181
2021-11-24,27600,270450,45623649,5086631
2021-11-25,22949,301380,45646598,5388011
2021-11-26,24305,317755,45670903,5705766
2021-11-27,21158,265746,45692061,5971512
2021-11-28,9771,136812,45701832,6108324
2021-11-29,21977,325495,45723809,6433819
2021-11-30,22744,365150,45746553,6798969
2021-12-01,21135,412731,45767688,7211700
2021-12-02,23328,439868,45791016,7651568
2021-12-03,24728,466780,45815744,8118348
2021-12-04,21942,418362,45837686,8536710
2021-12-05,11598,261151,45849284,8797861
2021-12-06,25146,457084,45874430,9254945
2021-12-07,23495,479666,45897925,9734611
2021-12-08,9653,249463,45907578,9984074
2021-12-09,30782,491438,45938360,10475512
2021-12-10,27332,517158,45965692,10992670
2021-12-11,22894,458869,45988586,11451539
2021-12-12,11847,293211,46000433,11744750
2021-12-13,25338,467085,46025771,12211835
2021-12-14,24300,493628,46050071,12705463
2021-12-15,24468,516539,46074539,13222002
2021-12-16,26757,519525,46101296,13741527
2021-12-17,28354,516233,46129650,14257760
2021-12-18,25991,468270,46155641,14726030
2021-12-19,14398,300235,46170039,15026265
2021-12-20,29512,476928,46199551,15503193
2021-12-21,29255,492667,46228806,15995860
2021-12-22,28151,484080,46256957,16479940
2021-12-23,26914,426353,46283871,16906293
2021-12-24,12604,210590,46296475,17116883
2021-12-25,2062,33007,46298537,17149890
2021-12-26,8192,158969,46306729,17308859
2021-12-27,44567,504202,46351296,17813061
2021-12-28,39473,553643,46390769,18366704
2021-12-29,31075,549977,46421844,18916681
2021-12-30,28585,499150,46450429,19415831
2021-12-31,12527,247147,46462956,19662978
2022-01-01,3160,64748,46466116,19727726
2022-01-02,19803,276535,46485919,20004261
2022-01-03,43139,520456,46529058,20524717
2022-01-04,41182,572450,46570240,21097167
2022-01-05,35575,560709,46605815,21657876
2022-01-06,20652,274198,46626467,21932074
2022-01-07,58539,554282,46685006,22486356
2022-01-08,55377,502791,46740383,22989147
2022-01-09,38621,319368,46779004,23308515
2022-01-10,56977,542147,46835981,23850662
2022-01-11,57133,586712,46893114,24437374
2022-01-12,53949,580955,46947063,25018329
2022-01-13,54478,580005,47001541,25598334
2022-01-14,42611,587886,47044152,26186220
2022-01-15,34215,567586,47078367,26753806
2022-01-16,27775,340730,47106142,27094536
2022-01-17,52027,489483,47158169,27584019
2022-01-18,55719,516516,47213888,28100535
2022-01-19,54679,502331,47268567,28602866
2022-01-20,51972,498032,47320539,29100898
2022-01-21,39604,492817,47360143,29593715
2022-01-22,28192,468386,47388335,30062101
2022-01-23,33210,274624,47421545,30336725
2022-01-24,54501,436348,47476046,30773073
2022-01-25,59936,450571,47535982,31223644
2022-01-26,56677,433364,47592659,31657008
2022-01-27,49327,427838,47641986,32084846
2022-01-28,57242,432090,47699228,32516936
2022-01-29,65838,408696,47765066,32925632
2022-01-30,48793,233560,47813859,33159192
2022-01-31,28976,179942,47842835,33339134