data_somministrazione,vaccinazioni,booster,cum_vaccinazioni,cum_booster
2020-12-27,20,0,20,0
2020-12-28,2,0,22,0
2020-12-29,1,0,23,0
2020-12-30,10,0,33,0
2020-12-31,75,0,108,0
2021-01-01,25,0,133,0
2021-01-02,141,0,274,0
2021-01-03,103,0,377,0
2021-01-04,233,0,610,0
2021-01-05,278,0,888,0
2021-01-06,244,0,1132,0
2021-01-07,321,0,1453,0
2021-01-08,377,0,1830,0
2021-01-09,280,0,2110,0
2021-01-10,165,0,2275,0
2021-01-11,301,0,2576,0
2021-01-12,282,0,2858,0
2021-01-13,416,0,3274,0
2021-01-14,502,0,3776,0
2021-01-15,316,0,4092,0
2021-01-16,222,0,4314,0
2021-01-17,3063,0,7377,0
2021-01-18,5219,0,12596,0
2021-01-19,1894,0,14490,0
2021-01-20,4659,0,19149,0
2021-01-21,20008,0,39157,0
2021-01-22,14220,0,53377,0
2021-01-23,33324,0,86701,0
2021-01-24,30777,0,117478,0
2021-01-25,64709,0,182187,0
2021-01-26,76468,0,258655,0
2021-01-27,64814,0,323469,0
2021-01-28,89259,0,412728,0
2021-01-29,94001,0,506729,0
2021-01-30,86545,0,593274,0
2021-01-31,57325,0,650599,0
2021-02-01,81840,0,732439,0
2021-02-02,82134,0,814573,0
2021-02-03,91105,0,905678,0
2021-02-04,95389,0,1001067,0
2021-02-05,90270,0,1091337,0
2021-02-06,63446,0,1154783,0
2021-02-07,32935,0,1187718,0
2021-02-08,40424,0,1228142,0
2021-02-09,32878,0,1261020,0
2021-02-10,28435,0,1289455,0
2021-02-11,20405,0,1309860,0
2021-02-12,16249,0,1326109,0
2021-02-13,7279,0,1333388,0
2021-02-14,2862,0,1336250,0
2021-02-15,6846,0,1343096,0
2021-02-16,7004,0,1350100,0
2021-02-17,10526,0,1360626,0
2021-02-18,9254,0,1369880,0
2021-02-19,8255,0,1378135,0
2021-02-20,5577,0,1383712,0
2021-02-21,3012,0,1386724,0
2021-02-22,6882,0,1393606,0
2021-02-23,7187,0,1400793,0
2021-02-24,9812,0,1410605,0
2021-02-25,14214,0,1424819,0
2021-02-26,17557,0,1442376,0
2021-02-27,13917,0,1456293,0
2021-02-28,9394,0,1465687,0
2021-03-01,26523,0,1492210,0
2021-03-02,33247,0,1525457,0
2021-03-03,44645,0,1570102,0
2021-03-04,50299,0,1620401,0
2021-03-05,55745,0,1676146,0
2021-03-06,41877,0,1718023,0
2021-03-07,22329,0,1740352,0
2021-03-08,50833,0,1791185,0
2021-03-09,53087,0,1844272,0
2021-03-10,58682,0,1902954,0
2021-03-11,63879,0,1966833,0
2021-03-12,65132,0,2031965,0
2021-03-13,51729,0,2083694,0
2021-03-14,35422,0,2119116,0
2021-03-15,73459,0,2192575,0
2021-03-16,74027,0,2266602,0
2021-03-17,83139,0,2349741,0
2021-03-18,81628,0,2431369,0
2021-03-19,81090,0,2512459,0
2021-03-20,64736,0,2577195,0
2021-03-21,47311,0,2624506,0
2021-03-22,69500,0,2694006,0
2021-03-23,75813,0,2769819,0
2021-03-24,90923,0,2860742,0
2021-03-25,89822,0,2950564,0
2021-03-26,83642,0,3034206,0
2021-03-27,71954,0,3106160,0
2021-03-28,44179,0,3150339,0
2021-03-29,70846,0,3221185,0
2021-03-30,81402,0,3302587,0
2021-03-31,96258,0,3398845,0
2021-04-01,95326,0,3494171,0
2021-04-02,84085,0,3578256,0
2021-04-03,64303,0,3642559,0
2021-04-04,21724,0,3664283,0
2021-04-05,40318,0,3704601,0
2021-04-06,81335,0,3785936,0
2021-04-07,95839,0,3881775,0
2021-04-08,95258,0,3977033,0
2021-04-09,88501,0,4065534,0
2021-04-10,74033,0,4139567,0
2021-04-11,44769,0,4184336,0
2021-04-12,66919,0,4251255,0
2021-04-13,72594,0,4323849,0
2021-04-14,85551,0,4409400,0
2021-04-15,105424,0,4514824,0
2021-04-16,106427,0,4621251,0
2021-04-17,90527,0,4711778,0
2021-04-18,58597,0,4770375,0
2021-04-19,93435,0,4863810,0
2021-04-20,103776,0,4967586,0
2021-04-21,125343,0,5092929,0
2021-04-22,143524,0,5236453,0
2021-04-23,138750,0,5375203,0
2021-04-24,124454,0,5499657,0
2021-04-25,61469,0,5561126,0
2021-04-26,97907,0,5659033,0
2021-04-27,128371,0,5787404,0
2021-04-28,156389,0,5943793,0
2021-04-29,195612,0,6139405,0
2021-04-30,214605,0,6354010,0
2021-05-01,174139,0,6528149,0
2021-05-02,135805,0,6663954,0
2021-05-03,142067,0,6806021,0
2021-05-04,158709,0,6964730,0
2021-05-05,170539,0,7135269,0
2021-05-06,197819,0,7333088,0
2021-05-07,213870,0,7546958,0
2021-05-08,213440,0,7760398,0
2021-05-09,143220,0,7903618,0
2021-05-10,165102,0,8068720,0
2021-05-11,175005,0,8243725,0
2021-05-12,179219,0,8422944,0
2021-05-13,203419,0,8626363,0
2021-05-14,222940,0,8849303,0
2021-05-15,210388,0,9059691,0
2021-05-16,159286,0,9218977,0
2021-05-17,219217,0,9438194,0
2021-05-18,213031,0,9651225,0
2021-05-19,207100,0,9858325,0
2021-05-20,270887,0,10129212,0
2021-05-21,270913,0,10400125,0
2021-05-22,245544,0,10645669,0
2021-05-23,197189,0,10842858,0
2021-05-24,228311,0,11071169,0
2021-05-25,245700,0,11316869,0
2021-05-26,277512,0,11594381,0
2021-05-27,311101,0,11905482,0
2021-05-28,299584,0,12205066,0
2021-05-29,231244,0,12436310,0
2021-05-30,170851,0,12607161,0
2021-05-31,216436,0,12823597,0
2021-06-01,207641,0,13031238,0
2021-06-02,115805,0,13147043,0
2021-06-03,180169,0,13327212,0
2021-06-04,184917,0,13512129,0
2021-06-05,185995,0,13698124,0
2021-06-06,139580,0,13837704,0
2021-06-07,161902,0,13999606,0
2021-06-08,171284,0,14170890,0
2021-06-09,171522,0,14342412,0
2021-06-10,174147,0,14516559,0
2021-06-11,170016,0,14686575,0
2021-06-12,128380,0,14814955,0
2021-06-13,91224,0,14906179,0
2021-06-14,214710,0,15120889,0
2021-06-15,228458,0,15349347,0
2021-06-16,253113,0,15602460,0
2021-06-17,301772,0,15904232,0
2021-06-18,306327,0,16210559,0
2021-06-19,275119,0,16485678,0
2021-06-20,220818,0,16706496,0
2021-06-21,288097,0,16994593,0
2021-06-22,296250,0,17290843,0
2021-06-23,302703,0,17593546,0
2021-06-24,332623,0,17926169,0
2021-06-25,348731,0,18274900,0
2021-06-26,300147,0,18575047,0
2021-06-27,228692,0,18803739,0
2021-06-28,307146,0,19110885,0
2021-06-29,329327,0,19440212,0
2021-06-30,342211,0,19782423,0
2021-07-01,363244,0,20145667,0
2021-07-02,368502,0,20514169,0
2021-07-03,371099,0,20885268,0
2021-07-04,283238,0,21168506,0
2021-07-05,384562,0,21553068,0
2021-07-06,385488,0,21938556,0
2021-07-07,412139,0,22350695,0
2021-07-08,479593,0,22830288,0
2021-07-09,498466,0,23328754,0
2021-07-10,475171,0,23803925,0
2021-07-11,357695,0,24161620,0
2021-07-12,485881,0,24647501,0
2021-07-13,492081,0,25139582,0
2021-07-14,480442,0,25620024,0
2021-07-15,523434,0,26143458,0
2021-07-16,509758,0,26653216,0
2021-07-17,464329,0,27117545,0
2021-07-18,364642,0,27482187,0
2021-07-19,463033,0,27945220,0
2021-07-20,458050,0,28403270,0
2021-07-21,462789,0,28866059,0
2021-07-22,475385,0,29341444,0
2021-07-23,441319,0,29782763,0
2021-07-24,386148,0,30168911,0
2021-07-25,287557,0,30456468,0
2021-07-26,430891,0,30887359,0
2021-07-27,440110,0,31327469,0
2021-07-28,391020,0,31718489,0
2021-07-29,372076,0,32090565,0
2021-07-30,341514,0,32432079,0
2021-07-31,287040,0,32719119,0
2021-08-01,191001,0,32910120,0
2021-08-02,333709,0,33243829,0
2021-08-03,323183,0,33567012,0
2021-08-04,310985,0,33877997,0
2021-08-05,292488,0,34170485,0
2021-08-06,260039,0,34430524,0
2021-08-07,199067,0,34629591,0
2021-08-08,153106,0,34782697,0
2021-08-09,234084,0,35016781,0
2021-08-10,205272,0,35222053,0
2021-08-11,193786,0,35415839,0
2021-08-12,168056,0,35583895,0
2021-08-13,148661,0,35732556,0
2021-08-14,66101,0,35798657,0
2021-08-15,26342,0,35824999,0
2021-08-16,114711,0,35939710,0
2021-08-17,129251,0,36068961,0
2021-08-18,128765,0,36197726,0
2021-08-19,124845,0,36322571,0
2021-08-20,123798,0,36446369,0
2021-08-21,83137,0,36529506,0
2021-08-22,68178,0,36597684,0
2021-08-23,176872,0,36774556,0
2021-08-24,156897,0,36931453,0
2021-08-25,177171,0,37108624,0
2021-08-26,172354,0,37280978,0
2021-08-27,185831,0,37466809,0
2021-08-28,140287,0,37607096,0
2021-08-29,98992,0,37706088,0
2021-08-30,209587,0,37915675,0
2021-08-31,194643,0,38110318,0
2021-09-01,192216,0,38302534,0
2021-09-02,189932,0,38492466,0
2021-09-03,191288,0,38683754,0
2021-09-04,131450,0,38815204,0
2021-09-05,87850,0,38903054,0
2021-09-06,193606,0,39096660,0
2021-09-07,196040,0,39292700,0
2021-09-08,187866,0,39480566,0
2021-09-09,201424,0,39681990,0
2021-09-10,198062,0,39880052,0
2021-09-11,141290,0,40021342,0
2021-09-12,89592,0,40110934,0
2021-09-13,191115,634,40302049,634
2021-09-14,177220,638,40479269,1272
2021-09-15,163081,644,40642350,1916
2021-09-16,160052,989,40802402,2905
2021-09-17,150161,1162,40952563,4067
2021-09-18,127980,773,41080543,4840
2021-09-19,81141,507,41161684,5347
2021-09-20,180068,9118,41341752,14465
2021-09-21,166671,8857,41508423,23322
2021-09-22,159109,9461,41667532,32783
2021-09-23,138097,9355,41805629,42138
2021-09-24,140554,9007,41946183,51145
2021-09-25,119559,5669,42065742,56814
2021-09-26,71991,4361,42137733,61175
2021-09-27,135664,10078,42273397,71253
2021-09-28,117518,11420,42390915,82673
2021-09-29,112370,11850,42503285,94523
2021-09-30,110283,14979,42613568,109502
2021-10-01,94992,19140,42708560,128642
2021-10-02,78517,14042,42787077,142684
2021-10-03,47758,7668,42834835,150352
2021-10-04,88392,34478,42923227,184830
2021-10-05,80383,34012,43003610,218842
2021-10-06,72007,34205,43075617,253047
2021-10-07,71878,34369,43147495,287416
2021-10-08,80637,33620,43228132,321036
2021-10-09,76114,22190,43304246,343226
2021-10-10,45788,13630,43350034,356856
2021-10-11,87447,41129,43437481,397985
2021-10-12,84517,46929,43521998,444914
2021-10-13,88211,52162,43610209,497076
2021-10-14,91551,58553,43701760,555629
2021-10-15,93601,55671,43795361,611300
2021-10-16,82969,36822,43878330,648122
2021-10-17,51464,23857,43929794,671979
2021-10-18,90302,59515,44020096,731494
2021-10-19,78352,69403,44098448,800897
2021-10-20,75063,78205,44173511,879102
2021-10-21,78294,81804,44251805,960906
2021-10-22,73770,77077,44325575,1037983
2021-10-23,60834,51973,44386409,1089956
2021-10-24,33369,23478,44419778,1113434
2021-10-25,64897,81663,44484675,1195097
2021-10-26,58375,91830,44543050,1286927
2021-10-27,58315,104028,44601365,1390955
2021-10-28,61450,114152,44662815,1505107
2021-10-29,61637,103177,44724452,1608284
2021-10-30,50676,68141,44775128,1676425
2021-10-31,25161,28308,44800289,1704733
2021-11-01,19048,28158,44819337,1732891
2021-11-02,62740,89431,44882077,1822322
2021-11-03,60716,118696,44942793,1941018
2021-11-04,59238,126697,45002031,2067715
2021-11-05,63094,135217,45065125,2202932
2021-11-06,46488,90938,45111613,2293870
2021-11-07,22250,37904,45133863,2331774
2021-11-08,51528,131292,45185391,2463066
2021-11-09,45401,144237,45230792,2607303
2021-11-10,42593,156371,45273385,2763674
2021-11-11,44928,155167,45318313,2918841
2021-11-12,46311,158681,45364624,3077522
2021-11-13,33266,116676,45397890,3194198
2021-11-14,14491,52459,45412381,3246657
2021-11-15,36909,157444,45449290,3404101
2021-11-16,30567,171402,45479857,3575503
2021-11-17,28469,178460,45508326,3753963
2021-11-18,30293,193762,45538619,3947725
2021-11-19,28815,205882,45567434,4153607
2021-11-20,21003,156459,45588437,4310066
2021-11-21,10611,64870,45599048,4374936
2021-11-22,21957,213161,45621005,4588097
2021-11-23,23603,241800,45644608,4829897
2021-11-24,27805,271048,45672413,5100945
2021-11-25,23265,301933,45695678,5402878
2021-11-26,24598,318303,45720276,5721181
2021-11-27,21403,266168,45741679,5987349
2021-11-28,9907,137068,45751586,6124417
2021-11-29,22363,326074,45773949,6450491
2021-11-30,23115,365863,45797064,6816354
2021-12-01,21552,413527,45818616,7229881
2021-12-02,23792,440436,45842408,7670317
2021-12-03,25270,467530,45867678,8137847
2021-12-04,22394,418794,45890072,8556641
2021-12-05,11945,261364,45902017,8818005
2021-12-06,25840,457628,45927857,9275633
2021-12-07,24157,480302,45952014,9755935
2021-12-08,10029,249718,45962043,10005653
2021-12-09,31619,491959,45993662,10497612
2021-12-10,28095,517927,46021757,11015539
2021-12-11,23583,459276,46045340,11474815
2021-12-12,12318,293526,46057658,11768341
2021-12-13,26172,467653,46083830,12235994
2021-12-14,25201,494237,46109031,12730231
2021-12-15,25367,517191,46134398,13247422
2021-12-16,27920,520299,46162318,13767721
2021-12-17,29395,517216,46191713,14284937
2021-12-18,27105,468775,46218818,14753712
2021-12-19,15169,300540,46233987,15054252
2021-12-20,30671,477502,46264658,15531754
2021-12-21,30406,493432,46295064,16025186
2021-12-22,29477,484750,46324541,16509936
2021-12-23,28286,426954,46352827,16936890
2021-12-24,13124,210841,46365951,17147731
2021-12-25,2104,33053,46368055,17180784
2021-12-26,8775,159076,46376830,17339860
2021-12-27,46845,504690,46423675,17844550
2021-12-28,42504,554253,46466179,18398803
2021-12-29,34391,550677,46500570,18949480
2021-12-30,31886,499862,46532456,19449342
2021-12-31,14143,247407,46546599,19696749
2022-01-01,3498,64815,46550097,19761564
2022-01-02,22820,276727,46572917,20038291
2022-01-03,47924,520035,46620841,20558326
2022-01-04,46458,572099,46667299,21130425
2022-01-05,40831,560418,46708130,21690843
2022-01-06,23532,274491,46731662,21965334
2022-01-07,63786,554220,46795448,22519554
2022-01-08,60957,503411,46856405,23022965
2022-01-09,42944,319700,46899349,23342665
2022-01-10,61159,542323,46960508,23884988
2022-01-11,61828,587035,47022336,24472023
2022-01-12,58533,581303,47080869,25053326
2022-01-13,58694,580429,47139563,25633755
2022-01-14,46916,588606,47186479,26222361
2022-01-15,39537,569982,47226016,26792343
2022-01-16,31301,341889,47257317,27134232
2022-01-17,54846,489685,47312163,27623917
2022-01-18,58461,517047,47370624,28140964
2022-01-19,57255,502822,47427879,28643786
2022-01-20,54409,498858,47482288,29142644
2022-01-21,42163,493897,47524451,29636541
2022-01-22,31277,469616,47555728,30106157
2022-01-23,34979,275388,47590707,30381545
2022-01-24,56223,437242,47646930,30818787
2022-01-25,61590,452130,47708520,31270917
2022-01-26,58579,435847,47767099,31706764
2022-01-27,48883,432398,47815982,32139162
2022-01-28,58742,436556,47874724,32575718
2022-01-29,68178,412510,47942902,32988228
2022-01-30,50404,235985,47993306,33224213
2022-01-31,60690,356943,48053996,33581156
2022-02-01,65603,328462,48119599,33909618
2022-02-02,63244,296991,48182843,34206609
2022-02-03,60086,274531,48242929,34481140
2022-02-04,72400,268468,48315329,34749608
2022-02-05,83817,248547,48399146,34998155
2022-02-06,55305,116208,48454451,35114363
2022-02-07,65174,199946,48519625,35314309
2022-02-08,66952,186125,48586577,35500434
2022-02-09,58773,166350,48645350,35666784
2022-02-10,58594,163245,48703944,35830029
2022-02-11,62274,162473,48766218,35992502
2022-02-12,72000,152153,48838218,36144655
2022-02-13,41480,68854,48879698,36213509
2022-02-14,46708,116190,48926406,36329699
2022-02-15,48557,123481,48974963,36453180
2022-02-16,45685,106126,49020648,36559306
2022-02-17,42871,98118,49063519,36657424
2022-02-18,46630,112583,49110149,36770007
2022-02-19,52543,100338,49162692,36870345
2022-02-20,31412,40368,49194104,36910713
2022-02-21,37900,89658,49232004,37000371
2022-02-22,37226,83781,49269230,37084152
2022-02-23,33399,79410,49302629,37163562
2022-02-24,32562,78164,49335191,37241726
2022-02-25,34769,90713,49369960,37332439
2022-02-26,39161,89136,49409121,37421575
2022-02-27,22548,35857,49431669,37457432
2022-02-28,28483,81696,49460152,37539128
2022-03-01,22724,53942,49482876,37593070
2022-03-02,21957,50685,49504833,37643755
2022-03-03,22631,54947,49527464,37698702
2022-03-04,23240,62800,49550704,37761502
2022-03-05,23802,57952,49574506,37819454
2022-03-06,9473,17201,49583979,37836655
2022-03-07,15922,51390,49599901,37888045
2022-03-08,15480,48795,49615381,37936840
2022-03-09,13814,46519,49629195,37983359
2022-03-10,14053,52123,49643248,38035482
2022-03-11,15589,57270,49658837,38092752
2022-03-12,15510,56619,49674347,38149371
2022-03-13,5545,16852,49679892,38166223
2022-03-14,10526,46701,49690418,38212924
2022-03-15,10550,46895,49700968,38259819
2022-03-16,9482,41974,49710450,38301793
2022-03-17,9722,44875,49720172,38346668
2022-03-18,10160,49058,49730332,38395726
2022-03-19,9150,46536,49739482,38442262
2022-03-20,2608,11704,49742090,38453966
2022-03-21,7580,40226,49749670,38494192
2022-03-22,8447,37765,49758117,38531957
2022-03-23,7217,33700,49765334,38565657
2022-03-24,8258,38819,49773592,38604476
2022-03-25,8141,43670,49781733,38648146
2022-03-26,8126,41721,49789859,38689867
2022-03-27,2431,9682,49792290,38699549
2022-03-28,6112,35241,49798402,38734790
2022-03-29,5779,32531,49804181,38767321
2022-03-30,5566,30204,49809747,38797525
2022-03-31,5901,33185,49815648,38830710
2022-04-01,4349,25190,49819997,38855900
2022-04-02,4496,23275,49824493,38879175
2022-04-03,1049,4500,49825542,38883675
2022-04-04,3658,21544,49829200,38905219
2022-04-05,3756,22935,49832956,38928154
2022-04-06,4103,21853,49837059,38950007
2022-04-07,3970,23320,49841029,38973327
2022-04-08,4696,26713,49845725,39000040
2022-04-09,4383,23887,49850108,39023927
2022-04-10,892,4613,49851000,39028540
2022-04-11,3818,22689,49854818,39051229
2022-04-12,3365,21778,49858183,39073007
2022-04-13,3568,21335,49861751,39094342
2022-04-14,3486,23786,49865237,39118128
2022-04-15,3084,20620,49868321,39138748
2022-04-16,2149,11918,49870470,39150666
2022-04-17,63,348,49870533,39151014
2022-04-18,152,650,49870685,39151664
2022-04-19,3499,21982,49874184,39173646
2022-04-20,3511,20252,49877695,39193898
2022-04-21,2847,19790,49880542,39213688
2022-04-22,2928,20704,49883470,39234392
2022-04-23,2646,16220,49886116,39250612
2022-04-24,509,2334,49886625,39252946
2022-04-25,183,1165,49886808,39254111
2022-04-26,2759,17810,49889567,39271921
2022-04-27,2374,15794,49891941,39287715
2022-04-28,2361,15562,49894302,39303277
2022-04-29,2296,14849,49896598,39318126
2022-04-30,2123,11582,49898721,39329708
2022-05-01,113,531,49898834,39330239
2022-05-02,1451,9391,49900285,39339630
2022-05-03,1576,10321,49901861,39349951
2022-05-04,1745,10270,49903606,39360221
2022-05-05,1654,10296,49905260,39370517
2022-05-06,1702,10965,49906962,39381482
2022-05-07,1431,8570,49908393,39390052
2022-05-08,416,1523,49908809,39391575
2022-05-09,1028,8929,49909837,39400504
2022-05-10,1426,9548,49911263,39410052
2022-05-11,1483,10105,49912746,39420157
2022-05-12,1370,10131,49914116,39430288
2022-05-13,1596,10518,49915712,39440806
2022-05-14,1358,8237,49917070,39449043
2022-05-15,336,1134,49917406,39450177
2022-05-16,813,8405,49918219,39458582
2022-05-17,1243,8697,49919462,39467279
2022-05-18,1372,9233,49920834,39476512
2022-05-19,1500,9278,49922334,39485790
2022-05-20,1422,9532,49923756,39495322
2022-05-21,1300,7900,49925056,39503222
2022-05-22,231,1014,49925287,39504236
2022-05-23,830,8270,49926117,39512506
2022-05-24,1073,8672,49927190,39521178
2022-05-25,1370,9460,49928560,39530638
2022-05-26,1195,9480,49929755,39540118
2022-05-27,1232,9915,49930987,39550033
2022-05-28,1205,7887,49932192,39557920
2022-05-29,288,1265,49932480,39559185
2022-05-30,930,8057,49933410,39567242
2022-05-31,1037,8547,49934447,39575789
2022-06-01,893,7656,49935340,39583445
2022-06-02,35,474,49935375,39583919
2022-06-03,818,7333,49936193,39591252
2022-06-04,870,5163,49937063,39596415
2022-06-05,89,586,49937152,39597001
2022-06-06,678,7003,49937830,39604004
2022-06-07,951,7849,49938781,39611853
2022-06-08,981,7908,49939762,39619761
2022-06-09,1036,8417,49940798,39628178
2022-06-10,958,8564,49941756,39636742
2022-06-11,903,6207,49942659,39642949
2022-06-12,140,768,49942799,39643717
2022-06-13,602,6301,49943401,39650018
2022-06-14,832,7902,49944233,39657920
2022-06-15,960,7854,49945193,39665774
2022-06-16,730,7396,49945923,39673170
2022-06-17,724,7249,49946647,39680419
2022-06-18,777,5594,49947424,39686013
2022-06-19,48,522,49947472,39686535
2022-06-20,587,6699,49948059,39693234
2022-06-21,738,7665,49948797,39700899
2022-06-22,781,7308,49949578,39708207
2022-06-23,652,7468,49950230,39715675
2022-06-24,644,7473,49950874,39723148
2022-06-25,835,6535,49951709,39729683
2022-06-26,128,523,49951837,39730206
2022-06-27,533,7126,49952370,39737332
2022-06-28,747,8207,49953117,39745539
2022-06-29,756,7731,49953873,39753270
2022-06-30,746,8145,49954619,39761415
2022-07-01,577,6443,49955196,39767858
2022-07-02,536,4770,49955732,39772628
2022-07-03,49,456,49955781,39773084
2022-07-04,469,6277,49956250,39779361
2022-07-05,630,8118,49956880,39787479
2022-07-06,633,7611,49957513,39795090
2022-07-07,573,8271,49958086,39803361
2022-07-08,673,8083,49958759,39811444
2022-07-09,550,6104,49959309,39817548
2022-07-10,58,533,49959367,39818081
2022-07-11,488,7638,49959855,39825719
2022-07-12,667,9030,49960522,39834749
2022-07-13,643,10068,49961165,39844817
2022-07-14,637,10225,49961802,39855042
2022-07-15,625,10667,49962427,39865709
2022-07-16,522,7214,49962949,39872923
2022-07-17,48,770,49962997,39873693
2022-07-18,496,9371,49963493,39883064
2022-07-19,575,10683,49964068,39893747
2022-07-20,580,11274,49964648,39905021
2022-07-21,628,12088,49965276,39917109
2022-07-22,584,11257,49965860,39928366
2022-07-23,381,6773,49966241,39935139
2022-07-24,76,857,49966317,39935996
2022-07-25,503,9050,49966820,39945046
2022-07-26,519,9761,49967339,39954807
2022-07-27,553,10207,49967892,39965014
2022-07-28,532,10535,49968424,39975549
2022-07-29,509,9464,49968933,39985013
2022-07-30,382,5881,49969315,39990894
2022-07-31,49,764,49969364,39991658
2022-08-01,386,6864,49969750,39998522
2022-08-02,543,7588,49970293,40006110
2022-08-03,511,7177,49970804,40013287
2022-08-04,456,7488,49971260,40020775
2022-08-05,421,6527,49971681,40027302
2022-08-06,299,3613,49971980,40030915
2022-08-07,44,561,49972024,40031476
2022-08-08,403,4890,49972427,40036366
2022-08-09,380,5310,49972807,40041676
2022-08-10,384,4817,49973191,40046493
2022-08-11,369,4784,49973560,40051277
2022-08-12,293,3720,49973853,40054997
2022-08-13,143,1600,49973996,40056597
2022-08-14,9,129,49974005,40056726
2022-08-15,1,26,49974006,40056752
2022-08-16,283,3043,49974289,40059795
2022-08-17,352,3536,49974641,40063331
2022-08-18,392,4160,49975033,40067491
2022-08-19,341,3320,49975374,40070811
2022-08-20,183,1715,49975557,40072526
2022-08-21,24,149,49975581,40072675
2022-08-22,329,2952,49975910,40075627
2022-08-23,370,3674,49976280,40079301
2022-08-24,384,3359,49976664,40082660
2022-08-25,422,3773,49977086,40086433
2022-08-26,400,3573,49977486,40090006
2022-08-27,237,1769,49977723,40091775
2022-08-28,29,267,49977752,40092042
2022-08-29,354,3161,49978106,40095203
2022-08-30,403,3671,49978509,40098874
2022-08-31,437,3735,49978946,40102609
2022-09-01,353,3116,49979299,40105725
2022-09-02,296,2893,49979595,40108618
2022-09-03,200,1688,49979795,40110306
2022-09-04,23,149,49979818,40110455
2022-09-05,187,2656,49980005,40113111
2022-09-06,303,2983,49980308,40116094
2022-09-07,540,2937,49980848,40119031
2022-09-08,292,2962,49981140,40121993
2022-09-09,305,2884,49981445,40124877
2022-09-10,227,1326,49981672,40126203
2022-09-11,23,124,49981695,40126327
2022-09-12,267,2267,49981962,40128594
2022-09-13,252,2276,49982214,40130870
2022-09-14,266,2565,49982480,40133435
2022-09-15,281,2497,49982761,40135932
2022-09-16,254,2544,49983015,40138476
2022-09-17,239,1339,49983254,40139815
2022-09-18,20,170,49983274,40139985
2022-09-19,206,1970,49983480,40141955
2022-09-20,236,2387,49983716,40144342
2022-09-21,289,2526,49984005,40146868
2022-09-22,264,2662,49984269,40149530
2022-09-23,258,2542,49984527,40152072
2022-09-24,193,1427,49984720,40153499
2022-09-25,29,133,49984749,40153632
2022-09-26,280,2248,49985029,40155880
2022-09-27,287,2683,49985316,40158563
2022-09-28,310,2897,49985626,40161460
2022-09-29,257,3049,49985883,40164509
2022-09-30,291,2988,49986174,40167497
2022-10-01,195,1515,49986369,40169012
2022-10-02,12,187,49986381,40169199
2022-10-03,182,2474,49986563,40171673
2022-10-04,236,2865,49986799,40174538
2022-10-05,229,3249,49987028,40177787
2022-10-06,243,3874,49987271,40181661
2022-10-07,282,4187,49987553,40185848
2022-10-08,202,2270,49987755,40188118
2022-10-09,8,304,49987763,40188422
2022-10-10,210,3356,49987973,40191778
2022-10-11,192,4375,49988165,40196153
2022-10-12,209,4435,49988374,40200588
2022-10-13,201,5303,49988575,40205891
2022-10-14,232,5022,49988807,40210913
2022-10-15,189,2671,49988996,40213584
2022-10-16,6,360,49989002,40213944
2022-10-17,185,3869,49989187,40217813
2022-10-18,257,4960,49989444,40222773
2022-10-19,242,5477,49989686,40228250
2022-10-20,224,5987,49989910,40234237
2022-10-21,249,5470,49990159,40239707
2022-10-22,195,2909,49990354,40242616
2022-10-23,13,356,49990367,40242972
2022-10-24,171,3918,49990538,40246890
2022-10-25,251,4919,49990789,40251809
2022-10-26,342,5483,49991131,40257292
2022-10-27,239,5663,49991370,40262955
2022-10-28,198,5256,49991568,40268211
2022-10-29,128,2844,49991696,40271055
2022-10-30,3,327,49991699,40271382
2022-10-31,117,3035,49991816,40274417
2022-11-01,11,353,49991827,40274770
2022-11-02,143,3707,49991970,40278477
2022-11-03,172,4778,49992142,40283255
2022-11-04,224,4591,49992366,40287846
2022-11-05,143,2593,49992509,40290439
2022-11-06,10,258,49992519,40290697
2022-11-07,170,3217,49992689,40293914
2022-11-08,259,4214,49992948,40298128
2022-11-09,197,4314,49993145,40302442
2022-11-10,181,4570,49993326,40307012
2022-11-11,190,4208,49993516,40311220
2022-11-12,153,2353,49993669,40313573
2022-11-13,7,335,49993676,40313908
2022-11-14,150,2827,49993826,40316735
2022-11-15,200,3719,49994026,40320454
2022-11-16,212,3947,49994238,40324401
2022-11-17,191,4061,49994429,40328462
2022-11-18,246,3977,49994675,40332439
2022-11-19,112,2071,49994787,40334510
2022-11-20,24,312,49994811,40334822
2022-11-21,118,2597,49994929,40337419
2022-11-22,142,3160,49995071,40340579
2022-11-23,190,3582,49995261,40344161
2022-11-24,144,3736,49995405,40347897
2022-11-25,173,3615,49995578,40351512
2022-11-26,130,2059,49995708,40353571
2022-11-27,22,355,49995730,40353926
2022-11-28,168,2535,49995898,40356461
2022-11-29,181,2933,49996079,40359394