data_somministrazione,vaccinazioni,booster,cum_vaccinazioni,cum_booster
2020-12-27,16,0,16,0
2020-12-28,2,0,18,0
2020-12-29,1,0,19,0
2020-12-30,3,0,22,0
2020-12-31,37,0,59,0
2021-01-01,14,0,73,0
2021-01-02,61,0,134,0
2021-01-03,46,0,180,0
2021-01-04,129,0,309,0
2021-01-05,171,0,480,0
2021-01-06,140,0,620,0
2021-01-07,210,0,830,0
2021-01-08,255,0,1085,0
2021-01-09,184,0,1269,0
2021-01-10,110,0,1379,0
2021-01-11,198,0,1577,0
2021-01-12,212,0,1789,0
2021-01-13,317,0,2106,0
2021-01-14,414,0,2520,0
2021-01-15,247,0,2767,0
2021-01-16,166,0,2933,0
2021-01-17,3047,0,5980,0
2021-01-18,5188,0,11168,0
2021-01-19,1878,0,13046,0
2021-01-20,4648,0,17694,0
2021-01-21,20010,0,37704,0
2021-01-22,14197,0,51901,0
2021-01-23,33358,0,85259,0
2021-01-24,30798,0,116057,0
2021-01-25,64778,0,180835,0
2021-01-26,76548,0,257383,0
2021-01-27,64881,0,322264,0
2021-01-28,89350,0,411614,0
2021-01-29,94076,0,505690,0
2021-01-30,86617,0,592307,0
2021-01-31,57355,0,649662,0
2021-02-01,81912,0,731574,0
2021-02-02,82171,0,813745,0
2021-02-03,91218,0,904963,0
2021-02-04,95393,0,1000356,0
2021-02-05,90299,0,1090655,0
2021-02-06,63738,0,1154393,0
2021-02-07,32917,0,1187310,0
2021-02-08,40416,0,1227726,0
2021-02-09,32848,0,1260574,0
2021-02-10,28395,0,1288969,0
2021-02-11,20359,0,1309328,0
2021-02-12,16185,0,1325513,0
2021-02-13,7217,0,1332730,0
2021-02-14,2856,0,1335586,0
2021-02-15,6828,0,1342414,0
2021-02-16,6974,0,1349388,0
2021-02-17,10500,0,1359888,0
2021-02-18,9220,0,1369108,0
2021-02-19,8183,0,1377291,0
2021-02-20,5482,0,1382773,0
2021-02-21,2952,0,1385725,0
2021-02-22,6843,0,1392568,0
2021-02-23,7115,0,1399683,0
2021-02-24,9801,0,1409484,0
2021-02-25,14174,0,1423658,0
2021-02-26,17511,0,1441169,0
2021-02-27,13863,0,1455032,0
2021-02-28,9354,0,1464386,0
2021-03-01,26453,0,1490839,0
2021-03-02,33185,0,1524024,0
2021-03-03,44614,0,1568638,0
2021-03-04,50226,0,1618864,0
2021-03-05,55756,0,1674620,0
2021-03-06,41845,0,1716465,0
2021-03-07,22300,0,1738765,0
2021-03-08,50547,0,1789312,0
2021-03-09,52919,0,1842231,0
2021-03-10,58536,0,1900767,0
2021-03-11,63760,0,1964527,0
2021-03-12,65025,0,2029552,0
2021-03-13,51659,0,2081211,0
2021-03-14,35350,0,2116561,0
2021-03-15,73368,0,2189929,0
2021-03-16,73994,0,2263923,0
2021-03-17,83099,0,2347022,0
2021-03-18,81593,0,2428615,0
2021-03-19,81035,0,2509650,0
2021-03-20,64650,0,2574300,0
2021-03-21,47253,0,2621553,0
2021-03-22,69407,0,2690960,0
2021-03-23,75708,0,2766668,0
2021-03-24,90793,0,2857461,0
2021-03-25,89716,0,2947177,0
2021-03-26,83505,0,3030682,0
2021-03-27,71828,0,3102510,0
2021-03-28,44049,0,3146559,0
2021-03-29,70705,0,3217264,0
2021-03-30,81264,0,3298528,0
2021-03-31,96110,0,3394638,0
2021-04-01,95219,0,3489857,0
2021-04-02,84004,0,3573861,0
2021-04-03,64252,0,3638113,0
2021-04-04,21696,0,3659809,0
2021-04-05,40266,0,3700075,0
2021-04-06,81239,0,3781314,0
2021-04-07,95736,0,3877050,0
2021-04-08,95161,0,3972211,0
2021-04-09,88411,0,4060622,0
2021-04-10,73955,0,4134577,0
2021-04-11,44706,0,4179283,0
2021-04-12,66848,0,4246131,0
2021-04-13,72509,0,4318640,0
2021-04-14,85436,0,4404076,0
2021-04-15,105324,0,4509400,0
2021-04-16,106322,0,4615722,0
2021-04-17,90418,0,4706140,0
2021-04-18,58535,0,4764675,0
2021-04-19,93388,0,4858063,0
2021-04-20,103695,0,4961758,0
2021-04-21,125269,0,5087027,0
2021-04-22,143428,0,5230455,0
2021-04-23,138621,0,5369076,0
2021-04-24,124366,0,5493442,0
2021-04-25,61404,0,5554846,0
2021-04-26,97812,0,5652658,0
2021-04-27,128267,0,5780925,0
2021-04-28,156251,0,5937176,0
2021-04-29,195454,0,6132630,0
2021-04-30,214438,0,6347068,0
2021-05-01,174016,0,6521084,0
2021-05-02,135729,0,6656813,0
2021-05-03,141896,0,6798709,0
2021-05-04,158604,0,6957313,0
2021-05-05,170363,0,7127676,0
2021-05-06,197697,0,7325373,0
2021-05-07,213684,0,7539057,0
2021-05-08,213289,0,7752346,0
2021-05-09,143086,0,7895432,0
2021-05-10,164996,0,8060428,0
2021-05-11,174831,0,8235259,0
2021-05-12,179010,0,8414269,0
2021-05-13,203176,0,8617445,0
2021-05-14,222759,0,8840204,0
2021-05-15,210181,0,9050385,0
2021-05-16,159155,0,9209540,0
2021-05-17,219082,0,9428622,0
2021-05-18,212895,0,9641517,0
2021-05-19,206949,0,9848466,0
2021-05-20,270709,0,10119175,0
2021-05-21,270715,0,10389890,0
2021-05-22,245407,0,10635297,0
2021-05-23,197103,0,10832400,0
2021-05-24,228220,0,11060620,0
2021-05-25,245593,0,11306213,0
2021-05-26,277395,0,11583608,0
2021-05-27,310935,0,11894543,0
2021-05-28,299446,0,12193989,0
2021-05-29,231069,0,12425058,0
2021-05-30,170732,0,12595790,0
2021-05-31,216280,0,12812070,0
2021-06-01,207533,0,13019603,0
2021-06-02,115670,0,13135273,0
2021-06-03,179927,0,13315200,0
2021-06-04,184632,0,13499832,0
2021-06-05,185781,0,13685613,0
2021-06-06,139335,0,13824948,0
2021-06-07,161629,0,13986577,0
2021-06-08,170913,0,14157490,0
2021-06-09,171218,0,14328708,0
2021-06-10,173796,0,14502504,0
2021-06-11,169691,0,14672195,0
2021-06-12,128108,0,14800303,0
2021-06-13,90989,0,14891292,0
2021-06-14,214489,0,15105781,0
2021-06-15,228211,0,15333992,0
2021-06-16,252888,0,15586880,0
2021-06-17,301521,0,15888401,0
2021-06-18,306097,0,16194498,0
2021-06-19,274928,0,16469426,0
2021-06-20,220552,0,16689978,0
2021-06-21,287898,0,16977876,0
2021-06-22,296023,0,17273899,0
2021-06-23,302592,0,17576491,0
2021-06-24,332418,0,17908909,0
2021-06-25,348586,0,18257495,0
2021-06-26,299964,0,18557459,0
2021-06-27,228519,0,18785978,0
2021-06-28,306865,0,19092843,0
2021-06-29,329043,0,19421886,0
2021-06-30,341954,0,19763840,0
2021-07-01,362994,0,20126834,0
2021-07-02,368320,0,20495154,0
2021-07-03,370994,0,20866148,0
2021-07-04,283073,0,21149221,0
2021-07-05,384409,0,21533630,0
2021-07-06,385297,0,21918927,0
2021-07-07,411961,0,22330888,0
2021-07-08,479621,0,22810509,0
2021-07-09,498501,0,23309010,0
2021-07-10,475162,0,23784172,0
2021-07-11,357700,0,24141872,0
2021-07-12,485904,0,24627776,0
2021-07-13,492153,0,25119929,0
2021-07-14,480468,0,25600397,0
2021-07-15,523516,0,26123913,0
2021-07-16,509779,0,26633692,0
2021-07-17,464434,0,27098126,0
2021-07-18,364706,0,27462832,0
2021-07-19,463077,0,27925909,0
2021-07-20,458100,0,28384009,0
2021-07-21,462763,0,28846772,0
2021-07-22,475362,0,29322134,0
2021-07-23,441239,0,29763373,0
2021-07-24,386133,0,30149506,0
2021-07-25,287584,0,30437090,0
2021-07-26,430845,0,30867935,0
2021-07-27,440056,0,31307991,0
2021-07-28,390931,0,31698922,0
2021-07-29,371998,0,32070920,0
2021-07-30,341318,0,32412238,0
2021-07-31,286898,0,32699136,0
2021-08-01,190830,0,32889966,0
2021-08-02,333543,0,33223509,0
2021-08-03,323083,0,33546592,0
2021-08-04,310837,0,33857429,0
2021-08-05,292456,0,34149885,0
2021-08-06,259894,0,34409779,0
2021-08-07,198935,0,34608714,0
2021-08-08,153023,0,34761737,0
2021-08-09,233957,0,34995694,0
2021-08-10,205135,0,35200829,0
2021-08-11,193576,0,35394405,0
2021-08-12,167771,0,35562176,0
2021-08-13,148436,0,35710612,0
2021-08-14,66022,0,35776634,0
2021-08-15,26310,0,35802944,0
2021-08-16,114565,0,35917509,0
2021-08-17,129143,0,36046652,0
2021-08-18,128624,0,36175276,0
2021-08-19,124658,0,36299934,0
2021-08-20,123678,0,36423612,0
2021-08-21,83029,0,36506641,0
2021-08-22,68105,0,36574746,0
2021-08-23,176759,0,36751505,0
2021-08-24,156819,0,36908324,0
2021-08-25,177071,0,37085395,0
2021-08-26,172256,0,37257651,0
2021-08-27,185805,0,37443456,0
2021-08-28,140182,0,37583638,0
2021-08-29,98989,0,37682627,0
2021-08-30,209562,0,37892189,0
2021-08-31,194492,0,38086681,0
2021-09-01,192097,0,38278778,0
2021-09-02,189823,0,38468601,0
2021-09-03,191294,0,38659895,0
2021-09-04,131452,0,38791347,0
2021-09-05,87843,0,38879190,0
2021-09-06,193651,0,39072841,0
2021-09-07,195983,0,39268824,0
2021-09-08,187871,0,39456695,0
2021-09-09,201430,0,39658125,0
2021-09-10,198023,0,39856148,0
2021-09-11,141250,0,39997398,0
2021-09-12,89551,0,40086949,0
2021-09-13,191173,360,40278122,360
2021-09-14,177228,438,40455350,798
2021-09-15,163058,465,40618408,1263
2021-09-16,160046,799,40778454,2062
2021-09-17,150078,1011,40928532,3073
2021-09-18,127876,660,41056408,3733
2021-09-19,81058,446,41137466,4179
2021-09-20,179932,8959,41317398,13138
2021-09-21,166467,8735,41483865,21873
2021-09-22,158881,9370,41642746,31243
2021-09-23,137919,9245,41780665,40488
2021-09-24,140374,8867,41921039,49355
2021-09-25,119446,5560,42040485,54915
2021-09-26,71839,4305,42112324,59220
2021-09-27,135450,9981,42247774,69201
2021-09-28,117299,11321,42365073,80522
2021-09-29,112137,11766,42477210,92288
2021-09-30,110054,14861,42587264,107149
2021-10-01,94825,19048,42682089,126197
2021-10-02,78324,13987,42760413,140184
2021-10-03,47598,7635,42808011,147819
2021-10-04,88225,34375,42896236,182194
2021-10-05,80232,33923,42976468,216117
2021-10-06,71865,34083,43048333,250200
2021-10-07,71663,34293,43119996,284493
2021-10-08,80486,33512,43200482,318005
2021-10-09,75964,22120,43276446,340125
2021-10-10,45684,13591,43322130,353716
2021-10-11,87258,41017,43409388,394733
2021-10-12,84334,46816,43493722,441549
2021-10-13,88002,52029,43581724,493578
2021-10-14,91309,58398,43673033,551976
2021-10-15,93397,55502,43766430,607478
2021-10-16,82822,36722,43849252,644200
2021-10-17,51353,23785,43900605,667985
2021-10-18,90176,59354,43990781,727339
2021-10-19,78208,69321,44068989,796660
2021-10-20,74938,78084,44143927,874744
2021-10-21,78178,81654,44222105,956398
2021-10-22,73726,76925,44295831,1033323
2021-10-23,60714,51909,44356545,1085232
2021-10-24,33339,23410,44389884,1108642
2021-10-25,64812,81560,44454696,1190202
2021-10-26,58303,91690,44512999,1281892
2021-10-27,58260,103886,44571259,1385778
2021-10-28,61391,114005,44632650,1499783
2021-10-29,61623,102999,44694273,1602782
2021-10-30,50616,68049,44744889,1670831
2021-10-31,25141,28254,44770030,1699085
2021-11-01,19025,28128,44789055,1727213
2021-11-02,62731,89262,44851786,1816475
2021-11-03,60677,118574,44912463,1935049
2021-11-04,59184,126539,44971647,2061588
2021-11-05,63024,135075,45034671,2196663
2021-11-06,46412,90908,45081083,2287571
2021-11-07,22218,37860,45103301,2325431
2021-11-08,51443,131198,45154744,2456629
2021-11-09,45351,144083,45200095,2600712
2021-11-10,42523,156247,45242618,2756959
2021-11-11,44869,155061,45287487,2912020
2021-11-12,46294,158492,45333781,3070512
2021-11-13,33188,116641,45366969,3187153
2021-11-14,14447,52417,45381416,3239570
2021-11-15,36820,157302,45418236,3396872
2021-11-16,30471,171320,45448707,3568192
2021-11-17,28351,178380,45477058,3746572
2021-11-18,30159,193605,45507217,3940177
2021-11-19,28703,205727,45535920,4145904
2021-11-20,20917,156448,45556837,4302352
2021-11-21,10562,64816,45567399,4367168
2021-11-22,21855,213082,45589254,4580250
2021-11-23,23467,241642,45612721,4821892
2021-11-24,27719,270865,45640440,5092757
2021-11-25,23112,301826,45663552,5394583
2021-11-26,24457,318177,45688009,5712760
2021-11-27,21272,266062,45709281,5978822
2021-11-28,9849,136999,45719130,6115821
2021-11-29,22181,325961,45741311,6441782
2021-11-30,22941,365733,45764252,6807515
2021-12-01,21351,413446,45785603,7220961
2021-12-02,23606,440288,45809209,7661249
2021-12-03,25062,467317,45834271,8128566
2021-12-04,22209,418663,45856480,8547229
2021-12-05,11809,261285,45868289,8808514
2021-12-06,25582,457464,45893871,9265978
2021-12-07,23926,480118,45917797,9746096
2021-12-08,9903,249619,45927700,9995715
2021-12-09,31337,491848,45959037,10487563
2021-12-10,27870,517765,45986907,11005328
2021-12-11,23391,459154,46010298,11464482
2021-12-12,12198,293434,46022496,11757916
2021-12-13,25946,467519,46048442,12225435
2021-12-14,24976,494091,46073418,12719526
2021-12-15,25120,517024,46098538,13236550
2021-12-16,27588,520099,46126126,13756649
2021-12-17,29102,517015,46155228,14273664
2021-12-18,26760,468622,46181988,14742286
2021-12-19,14982,300449,46196970,15042735
2021-12-20,30377,477351,46227347,15520086
2021-12-21,30150,493204,46257497,16013290
2021-12-22,29173,484559,46286670,16497849
2021-12-23,27963,426801,46314633,16924650
2021-12-24,13003,210762,46327636,17135412
2021-12-25,2093,33048,46329729,17168460
2021-12-26,8672,159034,46338401,17327494
2021-12-27,46469,504536,46384870,17832030
2021-12-28,42078,554079,46426948,18386109
2021-12-29,33939,550531,46460887,18936640
2021-12-30,31472,499713,46492359,19436353
2021-12-31,13930,247340,46506289,19683693
2022-01-01,3447,64793,46509736,19748486
2022-01-02,22489,276684,46532225,20025170
2022-01-03,47323,520861,46579548,20546031
2022-01-04,45850,572912,46625398,21118943
2022-01-05,40077,561194,46665475,21680137
2022-01-06,23047,274407,46688522,21954544
2022-01-07,62957,554981,46751479,22509525
2022-01-08,59919,503265,46811398,23012790
2022-01-09,42018,319620,46853416,23332410
2022-01-10,60386,543053,46913802,23875463
2022-01-11,60891,587777,46974693,24463240
2022-01-12,57529,582051,47032222,25045291
2022-01-13,57748,581103,47089970,25626394
2022-01-14,45805,589154,47135775,26215548
2022-01-15,38151,569491,47173926,26785039
2022-01-16,30447,341434,47204373,27126473
2022-01-17,54027,490389,47258400,27616862
2022-01-18,57699,517692,47316099,28134554
2022-01-19,56470,503456,47372569,28638010
2022-01-20,53662,499487,47426231,29137497
2022-01-21,41255,494535,47467486,29632032
2022-01-22,30192,469412,47497678,30101444
2022-01-23,34333,275247,47532011,30376691
2022-01-24,55563,437964,47587574,30814655
2022-01-25,60998,452855,47648572,31267510
2022-01-26,57846,436526,47706418,31704036
2022-01-27,48138,433014,47754556,32137050
2022-01-28,57846,437249,47812402,32574299
2022-01-29,67156,411995,47879558,32986294
2022-01-30,49718,235721,47929276,33222015
2022-01-31,59611,357716,47988887,33579731
2022-02-01,64696,329204,48053583,33908935
2022-02-02,62375,297583,48115958,34206518
2022-02-03,59389,275126,48175347,34481644
2022-02-04,71659,269002,48247006,34750646
2022-02-05,82715,248273,48329721,34998919
2022-02-06,54713,116114,48384434,35115033
2022-02-07,64504,200601,48448938,35315634
2022-02-08,66177,186742,48515115,35502376
2022-02-09,58144,166881,48573259,35669257
2022-02-10,57975,163710,48631234,35832967
2022-02-11,61684,162866,48692918,35995833
2022-02-12,71276,152025,48764194,36147858
2022-02-13,41118,68768,48805312,36216626
2022-02-14,46288,116687,48851600,36333313
2022-02-15,48032,123943,48899632,36457256
2022-02-16,45236,106496,48944868,36563752
2022-02-17,42540,98297,48987408,36662049
2022-02-18,46251,112707,49033659,36774756
2022-02-19,52144,100254,49085803,36875010
2022-02-20,31245,40265,49117048,36915275
2022-02-21,37680,89703,49154728,37004978
2022-02-22,36945,83772,49191673,37088750
2022-02-23,33167,79363,49224840,37168113
2022-02-24,32317,78077,49257157,37246190
2022-02-25,34507,90617,49291664,37336807
2022-02-26,38808,88820,49330472,37425627
2022-02-27,22408,35727,49352880,37461354
2022-02-28,28219,81645,49381099,37542999
2022-03-01,22338,53947,49403437,37596946
2022-03-02,21697,50450,49425134,37647396
2022-03-03,22268,54756,49447402,37702152
2022-03-04,22780,62431,49470182,37764583
2022-03-05,23376,57786,49493558,37822369
2022-03-06,9365,17131,49502923,37839500
2022-03-07,15784,50047,49518707,37889547