data_somministrazione,vaccinazioni,booster,cum_vaccinazioni,cum_booster
2020-12-27,16,0,16,0
2020-12-28,2,0,18,0
2020-12-29,1,0,19,0
2020-12-30,2,0,21,0
2020-12-31,34,0,55,0
2021-01-01,12,0,67,0
2021-01-02,53,0,120,0
2021-01-03,46,0,166,0
2021-01-04,122,0,288,0
2021-01-05,157,0,445,0
2021-01-06,134,0,579,0
2021-01-07,196,0,775,0
2021-01-08,245,0,1020,0
2021-01-09,172,0,1192,0
2021-01-10,109,0,1301,0
2021-01-11,197,0,1498,0
2021-01-12,205,0,1703,0
2021-01-13,309,0,2012,0
2021-01-14,407,0,2419,0
2021-01-15,247,0,2666,0
2021-01-16,164,0,2830,0
2021-01-17,3048,0,5878,0
2021-01-18,5182,0,11060,0
2021-01-19,1871,0,12931,0
2021-01-20,4651,0,17582,0
2021-01-21,20005,0,37587,0
2021-01-22,14194,0,51781,0
2021-01-23,33358,0,85139,0
2021-01-24,30793,0,115932,0
2021-01-25,64772,0,180704,0
2021-01-26,76541,0,257245,0
2021-01-27,64877,0,322122,0
2021-01-28,89338,0,411460,0
2021-01-29,94072,0,505532,0
2021-01-30,86605,0,592137,0
2021-01-31,57349,0,649486,0
2021-02-01,81899,0,731385,0
2021-02-02,82169,0,813554,0
2021-02-03,91214,0,904768,0
2021-02-04,95378,0,1000146,0
2021-02-05,90280,0,1090426,0
2021-02-06,63729,0,1154155,0
2021-02-07,32917,0,1187072,0
2021-02-08,40410,0,1227482,0
2021-02-09,32832,0,1260314,0
2021-02-10,28378,0,1288692,0
2021-02-11,20347,0,1309039,0
2021-02-12,16178,0,1325217,0
2021-02-13,7216,0,1332433,0
2021-02-14,2855,0,1335288,0
2021-02-15,6821,0,1342109,0
2021-02-16,6970,0,1349079,0
2021-02-17,10491,0,1359570,0
2021-02-18,9212,0,1368782,0
2021-02-19,8159,0,1376941,0
2021-02-20,5469,0,1382410,0
2021-02-21,2941,0,1385351,0
2021-02-22,6833,0,1392184,0
2021-02-23,7096,0,1399280,0
2021-02-24,9784,0,1409064,0
2021-02-25,14163,0,1423227,0
2021-02-26,17479,0,1440706,0
2021-02-27,13845,0,1454551,0
2021-02-28,9339,0,1463890,0
2021-03-01,26429,0,1490319,0
2021-03-02,33155,0,1523474,0
2021-03-03,44589,0,1568063,0
2021-03-04,50188,0,1618251,0
2021-03-05,55677,0,1673928,0
2021-03-06,41832,0,1715760,0
2021-03-07,22282,0,1738042,0
2021-03-08,50614,0,1788656,0
2021-03-09,52953,0,1841609,0
2021-03-10,58502,0,1900111,0
2021-03-11,63713,0,1963824,0
2021-03-12,65008,0,2028832,0
2021-03-13,51647,0,2080479,0
2021-03-14,35335,0,2115814,0
2021-03-15,73255,0,2189069,0
2021-03-16,73986,0,2263055,0
2021-03-17,82995,0,2346050,0
2021-03-18,81579,0,2427629,0
2021-03-19,80999,0,2508628,0
2021-03-20,64631,0,2573259,0
2021-03-21,47239,0,2620498,0
2021-03-22,69387,0,2689885,0
2021-03-23,75678,0,2765563,0
2021-03-24,90763,0,2856326,0
2021-03-25,89681,0,2946007,0
2021-03-26,83480,0,3029487,0
2021-03-27,71808,0,3101295,0
2021-03-28,44028,0,3145323,0
2021-03-29,70684,0,3216007,0
2021-03-30,81242,0,3297249,0
2021-03-31,96069,0,3393318,0
2021-04-01,95187,0,3488505,0
2021-04-02,83978,0,3572483,0
2021-04-03,64237,0,3636720,0
2021-04-04,21684,0,3658404,0
2021-04-05,40253,0,3698657,0
2021-04-06,81218,0,3779875,0
2021-04-07,95558,0,3875433,0
2021-04-08,95156,0,3970589,0
2021-04-09,88373,0,4058962,0
2021-04-10,73924,0,4132886,0
2021-04-11,44697,0,4177583,0
2021-04-12,66834,0,4244417,0
2021-04-13,72500,0,4316917,0
2021-04-14,85412,0,4402329,0
2021-04-15,105296,0,4507625,0
2021-04-16,106294,0,4613919,0
2021-04-17,90533,0,4704452,0
2021-04-18,58656,0,4763108,0
2021-04-19,93351,0,4856459,0
2021-04-20,103677,0,4960136,0
2021-04-21,125256,0,5085392,0
2021-04-22,143407,0,5228799,0
2021-04-23,138572,0,5367371,0
2021-04-24,124324,0,5491695,0
2021-04-25,61375,0,5553070,0
2021-04-26,97787,0,5650857,0
2021-04-27,128253,0,5779110,0
2021-04-28,156221,0,5935331,0
2021-04-29,195384,0,6130715,0
2021-04-30,214374,0,6345089,0
2021-05-01,174135,0,6519224,0
2021-05-02,135876,0,6655100,0
2021-05-03,141866,0,6796966,0
2021-05-04,158550,0,6955516,0
2021-05-05,170298,0,7125814,0
2021-05-06,197644,0,7323458,0
2021-05-07,213585,0,7537043,0
2021-05-08,213226,0,7750269,0
2021-05-09,143047,0,7893316,0
2021-05-10,164927,0,8058243,0
2021-05-11,174759,0,8233002,0
2021-05-12,178915,0,8411917,0
2021-05-13,203083,0,8615000,0
2021-05-14,222661,0,8837661,0
2021-05-15,210125,0,9047786,0
2021-05-16,159144,0,9206930,0
2021-05-17,219018,0,9425948,0
2021-05-18,212800,0,9638748,0
2021-05-19,206856,0,9845604,0
2021-05-20,270573,0,10116177,0
2021-05-21,270604,0,10386781,0
2021-05-22,245360,0,10632141,0
2021-05-23,197085,0,10829226,0
2021-05-24,228167,0,11057393,0
2021-05-25,245540,0,11302933,0
2021-05-26,277292,0,11580225,0
2021-05-27,310870,0,11891095,0
2021-05-28,299365,0,12190460,0
2021-05-29,231004,0,12421464,0
2021-05-30,170708,0,12592172,0
2021-05-31,216240,0,12808412,0
2021-06-01,207469,0,13015881,0
2021-06-02,115621,0,13131502,0
2021-06-03,179809,0,13311311,0
2021-06-04,184526,0,13495837,0
2021-06-05,185728,0,13681565,0
2021-06-06,139388,0,13820953,0
2021-06-07,161540,0,13982493,0
2021-06-08,170782,0,14153275,0
2021-06-09,171081,0,14324356,0
2021-06-10,173649,0,14498005,0
2021-06-11,169581,0,14667586,0
2021-06-12,127977,0,14795563,0
2021-06-13,90959,0,14886522,0
2021-06-14,214424,0,15100946,0
2021-06-15,228197,0,15329143,0
2021-06-16,252904,0,15582047,0
2021-06-17,301532,0,15883579,0
2021-06-18,306065,0,16189644,0
2021-06-19,274979,0,16464623,0
2021-06-20,220607,0,16685230,0
2021-06-21,287947,0,16973177,0
2021-06-22,296066,0,17269243,0
2021-06-23,302641,0,17571884,0
2021-06-24,332485,0,17904369,0
2021-06-25,348621,0,18252990,0
2021-06-26,300214,0,18553204,0
2021-06-27,228802,0,18782006,0
2021-06-28,306892,0,19088898,0
2021-06-29,329088,0,19417986,0
2021-06-30,342030,0,19760016,0
2021-07-01,363025,0,20123041,0
2021-07-02,368421,0,20491462,0
2021-07-03,371290,0,20862752,0
2021-07-04,283242,0,21145994,0
2021-07-05,384457,0,21530451,0
2021-07-06,385349,0,21915800,0
2021-07-07,412055,0,22327855,0
2021-07-08,479823,0,22807678,0
2021-07-09,498569,0,23306247,0
2021-07-10,475268,0,23781515,0
2021-07-11,357812,0,24139327,0
2021-07-12,486008,0,24625335,0
2021-07-13,492311,0,25117646,0
2021-07-14,480603,0,25598249,0
2021-07-15,523717,0,26121966,0
2021-07-16,509925,0,26631891,0
2021-07-17,464528,0,27096419,0
2021-07-18,364838,0,27461257,0
2021-07-19,463432,0,27924689,0
2021-07-20,458279,0,28382968,0
2021-07-21,462878,0,28845846,0
2021-07-22,475388,0,29321234,0
2021-07-23,441323,0,29762557,0
2021-07-24,386136,0,30148693,0
2021-07-25,287537,0,30436230,0
2021-07-26,430893,0,30867123,0
2021-07-27,440160,0,31307283,0
2021-07-28,390983,0,31698266,0
2021-07-29,372046,0,32070312,0
2021-07-30,341479,0,32411791,0
2021-07-31,286977,0,32698768,0
2021-08-01,190810,0,32889578,0
2021-08-02,333756,0,33223334,0
2021-08-03,323121,0,33546455,0
2021-08-04,310832,0,33857287,0
2021-08-05,292421,0,34149708,0
2021-08-06,259906,0,34409614,0
2021-08-07,198841,0,34608455,0
2021-08-08,153060,0,34761515,0
2021-08-09,234146,0,34995661,0
2021-08-10,205080,0,35200741,0
2021-08-11,193551,0,35394292,0
2021-08-12,167760,0,35562052,0
2021-08-13,148349,0,35710401,0
2021-08-14,65956,0,35776357,0
2021-08-15,26288,0,35802645,0
2021-08-16,114563,0,35917208,0
2021-08-17,129072,0,36046280,0
2021-08-18,128649,0,36174929,0
2021-08-19,124650,0,36299579,0
2021-08-20,123641,0,36423220,0
2021-08-21,83004,0,36506224,0
2021-08-22,68075,0,36574299,0
2021-08-23,176639,0,36750938,0
2021-08-24,156903,0,36907841,0
2021-08-25,176980,0,37084821,0
2021-08-26,172270,0,37257091,0
2021-08-27,185756,0,37442847,0
2021-08-28,140049,0,37582896,0
2021-08-29,98915,0,37681811,0
2021-08-30,209530,0,37891341,0
2021-08-31,194616,0,38085957,0
2021-09-01,192122,0,38278079,0
2021-09-02,189817,0,38467896,0
2021-09-03,191176,0,38659072,0
2021-09-04,131363,0,38790435,0
2021-09-05,87857,0,38878292,0
2021-09-06,193554,0,39071846,0
2021-09-07,195762,0,39267608,0
2021-09-08,187745,0,39455353,0
2021-09-09,201315,0,39656668,0
2021-09-10,197937,0,39854605,0
2021-09-11,141149,0,39995754,0
2021-09-12,89474,0,40085228,0
2021-09-13,191036,340,40276264,340
2021-09-14,177272,422,40453536,762
2021-09-15,162987,454,40616523,1216
2021-09-16,159973,785,40776496,2001
2021-09-17,150028,1004,40926524,3005
2021-09-18,127813,656,41054337,3661
2021-09-19,80968,440,41135305,4101
2021-09-20,179792,8954,41315097,13055
2021-09-21,166274,8724,41481371,21779
2021-09-22,158707,9363,41640078,31142
2021-09-23,137651,9238,41777729,40380
2021-09-24,140151,8853,41917880,49233
2021-09-25,119287,5557,42037167,54790
2021-09-26,71761,4293,42108928,59083
2021-09-27,135353,9970,42244281,69053
2021-09-28,117129,11302,42361410,80355
2021-09-29,111952,11759,42473362,92114
2021-09-30,109888,14843,42583250,106957
2021-10-01,94631,19025,42677881,125982
2021-10-02,78192,13985,42756073,139967
2021-10-03,47522,7627,42803595,147594
2021-10-04,88057,34357,42891652,181951
2021-10-05,80081,33915,42971733,215866
2021-10-06,71730,34063,43043463,249929
2021-10-07,71488,34279,43114951,284208
2021-10-08,80348,33489,43195299,317697
2021-10-09,75795,22107,43271094,339804
2021-10-10,45629,13590,43316723,353394
2021-10-11,87093,40991,43403816,394385
2021-10-12,84186,46788,43488002,441173
2021-10-13,87906,51982,43575908,493155
2021-10-14,91092,58384,43667000,551539
2021-10-15,93204,55468,43760204,607007
2021-10-16,82653,36700,43842857,643707
2021-10-17,51242,23777,43894099,667484
2021-10-18,90055,59329,43984154,726813
2021-10-19,78136,69285,44062290,796098
2021-10-20,74915,78024,44137205,874122
2021-10-21,78090,81567,44215295,955689
2021-10-22,73748,76879,44289043,1032568
2021-10-23,60729,51889,44349772,1084457
2021-10-24,33308,23399,44383080,1107856
2021-10-25,64740,81507,44447820,1189363
2021-10-26,58257,91615,44506077,1280978
2021-10-27,58124,103816,44564201,1384794
2021-10-28,61285,113830,44625486,1498624
2021-10-29,61613,102919,44687099,1601543
2021-10-30,50560,67997,44737659,1669540
2021-10-31,25108,28237,44762767,1697777
2021-11-01,19008,28115,44781775,1725892
2021-11-02,62648,89200,44844423,1815092
2021-11-03,60613,118487,44905036,1933579
2021-11-04,59096,126443,44964132,2060022
2021-11-05,62961,134955,45027093,2194977
2021-11-06,46341,90800,45073434,2285777
2021-11-07,22201,37829,45095635,2323606
2021-11-08,51350,131099,45146985,2454705
2021-11-09,45280,143891,45192265,2598596
2021-11-10,42505,155993,45234770,2754589
2021-11-11,44788,154899,45279558,2909488
2021-11-12,46215,158343,45325773,3067831
2021-11-13,33137,116451,45358910,3184282
2021-11-14,14439,52385,45373349,3236667
2021-11-15,36746,157135,45410095,3393802
2021-11-16,30409,171116,45440504,3564918
2021-11-17,28280,178233,45468784,3743151
2021-11-18,30108,193411,45498892,3936562
2021-11-19,28631,205519,45527523,4142081
2021-11-20,20858,156125,45548381,4298206
2021-11-21,10532,64710,45558913,4362916
2021-11-22,21763,212851,45580676,4575767
2021-11-23,23387,241395,45604063,4817162
2021-11-24,27606,270507,45631669,5087669
2021-11-25,22965,301443,45654634,5389112
2021-11-26,24327,317825,45678961,5706937
2021-11-27,21175,265782,45700136,5972719
2021-11-28,9786,136830,45709922,6109549
2021-11-29,21998,325569,45731920,6435118
2021-11-30,22765,365228,45754685,6800346
2021-12-01,21159,412831,45775844,7213177
2021-12-02,23361,439969,45799205,7653146
2021-12-03,24776,466902,45823981,8120048
2021-12-04,21977,418428,45845958,8538476
2021-12-05,11632,261181,45857590,8799657
2021-12-06,25194,457191,45882784,9256848
2021-12-07,23554,479782,45906338,9736630
2021-12-08,9690,249500,45916028,9986130
2021-12-09,30849,491558,45946877,10477688
2021-12-10,27396,517278,45974273,10994966
2021-12-11,22954,458930,45997227,11453896
2021-12-12,11888,293254,46009115,11747150
2021-12-13,25422,467174,46034537,12214324
2021-12-14,24381,493754,46058918,12708078
2021-12-15,24549,516650,46083467,13224728
2021-12-16,26864,519653,46110331,13744381
2021-12-17,28450,516383,46138781,14260764
2021-12-18,26085,468333,46164866,14729097
2021-12-19,14500,300275,46179366,15029372
2021-12-20,29643,477032,46209009,15506404
2021-12-21,29370,492745,46238379,15999149
2021-12-22,28273,484179,46266652,16483328
2021-12-23,27072,426437,46293724,16909765
2021-12-24,12671,210605,46306395,17120370
2021-12-25,2067,33012,46308462,17153382
2021-12-26,8270,158981,46316732,17312363
2021-12-27,44870,504271,46361602,17816634
2021-12-28,39857,553675,46401459,18370309
2021-12-29,31474,550074,46432933,18920383
2021-12-30,28940,499255,46461873,19419638
2021-12-31,12677,247187,46474550,19666825
2022-01-01,3179,64757,46477729,19731582
2022-01-02,20072,276568,46497801,20008150
2022-01-03,43419,520553,46541220,20528703
2022-01-04,41382,572550,46582602,21101253
2022-01-05,35667,560808,46618269,21662061
2022-01-06,20689,274239,46638958,21936300
2022-01-07,58594,554387,46697552,22490687
2022-01-08,55426,502906,46752978,22993593
2022-01-09,38661,319428,46791639,23313021
2022-01-10,57070,542380,46848709,23855401
2022-01-11,57183,586980,46905892,24442381
2022-01-12,54030,581238,46959922,25023619
2022-01-13,54538,580314,47014460,25603933
2022-01-14,42667,588176,47057127,26192109
2022-01-15,34251,567887,47091378,26759996
2022-01-16,27796,340891,47119174,27100887
2022-01-17,52060,489780,47171234,27590667
2022-01-18,55763,516838,47226997,28107505
2022-01-19,54747,502698,47281744,28610203
2022-01-20,52021,498485,47333765,29108688
2022-01-21,39665,493333,47373430,29602021
2022-01-22,28208,468826,47401638,30070847
2022-01-23,33227,274829,47434865,30345676
2022-01-24,54530,436957,47489395,30782633
2022-01-25,60046,451565,47549441,31234198
2022-01-26,56801,434635,47606242,31668833
2022-01-27,47093,430854,47653335,32099687
2022-01-28,56718,435222,47710053,32534909
2022-01-29,66030,410450,47776083,32945359
2022-01-30,48985,234670,47825068,33180029
2022-01-31,58478,354537,47883546,33534566
2022-02-01,62402,319943,47945948,33854509
2022-02-02,28244,141645,47974192,33996154