data_somministrazione,vaccinazioni,booster,cum_vaccinazioni,cum_booster
2020-12-27,19,0,19,0
2020-12-28,2,0,21,0
2020-12-29,1,0,22,0
2020-12-30,6,0,28,0
2020-12-31,63,0,91,0
2021-01-01,22,0,113,0
2021-01-02,101,0,214,0
2021-01-03,74,0,288,0
2021-01-04,193,0,481,0
2021-01-05,232,0,713,0
2021-01-06,187,0,900,0
2021-01-07,279,0,1179,0
2021-01-08,324,0,1503,0
2021-01-09,238,0,1741,0
2021-01-10,144,0,1885,0
2021-01-11,265,0,2150,0
2021-01-12,263,0,2413,0
2021-01-13,383,0,2796,0
2021-01-14,467,0,3263,0
2021-01-15,291,0,3554,0
2021-01-16,202,0,3756,0
2021-01-17,3057,0,6813,0
2021-01-18,5206,0,12019,0
2021-01-19,1889,0,13908,0
2021-01-20,4652,0,18560,0
2021-01-21,20001,0,38561,0
2021-01-22,14201,0,52762,0
2021-01-23,33334,0,86096,0
2021-01-24,30791,0,116887,0
2021-01-25,64737,0,181624,0
2021-01-26,76503,0,258127,0
2021-01-27,64848,0,322975,0
2021-01-28,89301,0,412276,0
2021-01-29,94036,0,506312,0
2021-01-30,86577,0,592889,0
2021-01-31,57341,0,650230,0
2021-02-01,81877,0,732107,0
2021-02-02,82146,0,814253,0
2021-02-03,91195,0,905448,0
2021-02-04,95403,0,1000851,0
2021-02-05,90284,0,1091135,0
2021-02-06,63451,0,1154586,0
2021-02-07,32926,0,1187512,0
2021-02-08,40432,0,1227944,0
2021-02-09,32865,0,1260809,0
2021-02-10,28420,0,1289229,0
2021-02-11,20388,0,1309617,0
2021-02-12,16226,0,1325843,0
2021-02-13,7250,0,1333093,0
2021-02-14,2861,0,1335954,0
2021-02-15,6836,0,1342790,0
2021-02-16,6993,0,1349783,0
2021-02-17,10518,0,1360301,0
2021-02-18,9245,0,1369546,0
2021-02-19,8238,0,1377784,0
2021-02-20,5536,0,1383320,0
2021-02-21,2986,0,1386306,0
2021-02-22,6881,0,1393187,0
2021-02-23,7160,0,1400347,0
2021-02-24,9824,0,1410171,0
2021-02-25,14200,0,1424371,0
2021-02-26,17551,0,1441922,0
2021-02-27,13899,0,1455821,0
2021-02-28,9387,0,1465208,0
2021-03-01,26507,0,1491715,0
2021-03-02,33238,0,1524953,0
2021-03-03,44644,0,1569597,0
2021-03-04,50288,0,1619885,0
2021-03-05,55736,0,1675621,0
2021-03-06,41871,0,1717492,0
2021-03-07,22321,0,1739813,0
2021-03-08,50795,0,1790608,0
2021-03-09,53056,0,1843664,0
2021-03-10,58621,0,1902285,0
2021-03-11,63836,0,1966121,0
2021-03-12,65095,0,2031216,0
2021-03-13,51706,0,2082922,0
2021-03-14,35384,0,2118306,0
2021-03-15,73425,0,2191731,0
2021-03-16,74022,0,2265753,0
2021-03-17,83128,0,2348881,0
2021-03-18,81622,0,2430503,0
2021-03-19,81078,0,2511581,0
2021-03-20,64707,0,2576288,0
2021-03-21,47284,0,2623572,0
2021-03-22,69470,0,2693042,0
2021-03-23,75776,0,2768818,0
2021-03-24,90887,0,2859705,0
2021-03-25,89785,0,2949490,0
2021-03-26,83601,0,3033091,0
2021-03-27,71917,0,3105008,0
2021-03-28,44126,0,3149134,0
2021-03-29,70806,0,3219940,0
2021-03-30,81355,0,3301295,0
2021-03-31,96218,0,3397513,0
2021-04-01,95291,0,3492804,0
2021-04-02,84062,0,3576866,0
2021-04-03,64295,0,3641161,0
2021-04-04,21716,0,3662877,0
2021-04-05,40296,0,3703173,0
2021-04-06,81297,0,3784470,0
2021-04-07,95805,0,3880275,0
2021-04-08,95227,0,3975502,0
2021-04-09,88477,0,4063979,0
2021-04-10,74025,0,4138004,0
2021-04-11,44749,0,4182753,0
2021-04-12,66908,0,4249661,0
2021-04-13,72560,0,4322221,0
2021-04-14,85516,0,4407737,0
2021-04-15,105399,0,4513136,0
2021-04-16,106409,0,4619545,0
2021-04-17,90489,0,4710034,0
2021-04-18,58582,0,4768616,0
2021-04-19,93422,0,4862038,0
2021-04-20,103762,0,4965800,0
2021-04-21,125325,0,5091125,0
2021-04-22,143502,0,5234627,0
2021-04-23,138716,0,5373343,0
2021-04-24,124434,0,5497777,0
2021-04-25,61453,0,5559230,0
2021-04-26,97874,0,5657104,0
2021-04-27,128348,0,5785452,0
2021-04-28,156348,0,5941800,0
2021-04-29,195578,0,6137378,0
2021-04-30,214556,0,6351934,0
2021-05-01,174089,0,6526023,0
2021-05-02,135791,0,6661814,0
2021-05-03,142000,0,6803814,0
2021-05-04,158673,0,6962487,0
2021-05-05,170468,0,7132955,0
2021-05-06,197785,0,7330740,0
2021-05-07,213800,0,7544540,0
2021-05-08,213382,0,7757922,0
2021-05-09,143189,0,7901111,0
2021-05-10,165081,0,8066192,0
2021-05-11,174955,0,8241147,0
2021-05-12,179143,0,8420290,0
2021-05-13,203355,0,8623645,0
2021-05-14,222891,0,8846536,0
2021-05-15,210330,0,9056866,0
2021-05-16,159260,0,9216126,0
2021-05-17,219176,0,9435302,0
2021-05-18,212995,0,9648297,0
2021-05-19,207068,0,9855365,0
2021-05-20,270834,0,10126199,0
2021-05-21,270859,0,10397058,0
2021-05-22,245514,0,10642572,0
2021-05-23,197173,0,10839745,0
2021-05-24,228288,0,11068033,0
2021-05-25,245685,0,11313718,0
2021-05-26,277478,0,11591196,0
2021-05-27,311080,0,11902276,0
2021-05-28,299558,0,12201834,0
2021-05-29,231191,0,12433025,0
2021-05-30,170822,0,12603847,0
2021-05-31,216406,0,12820253,0
2021-06-01,207630,0,13027883,0
2021-06-02,115767,0,13143650,0
2021-06-03,180098,0,13323748,0
2021-06-04,184845,0,13508593,0
2021-06-05,185918,0,13694511,0
2021-06-06,139504,0,13834015,0
2021-06-07,161834,0,13995849,0
2021-06-08,171155,0,14167004,0
2021-06-09,171425,0,14338429,0
2021-06-10,174036,0,14512465,0
2021-06-11,169928,0,14682393,0
2021-06-12,128297,0,14810690,0
2021-06-13,91135,0,14901825,0
2021-06-14,214633,0,15116458,0
2021-06-15,228377,0,15344835,0
2021-06-16,253030,0,15597865,0
2021-06-17,301693,0,15899558,0
2021-06-18,306252,0,16205810,0
2021-06-19,275045,0,16480855,0
2021-06-20,220731,0,16701586,0
2021-06-21,288033,0,16989619,0
2021-06-22,296178,0,17285797,0
2021-06-23,302660,0,17588457,0
2021-06-24,332549,0,17921006,0
2021-06-25,348688,0,18269694,0
2021-06-26,300086,0,18569780,0
2021-06-27,228610,0,18798390,0
2021-06-28,307032,0,19105422,0
2021-06-29,329236,0,19434658,0
2021-06-30,342103,0,19776761,0
2021-07-01,363151,0,20139912,0
2021-07-02,368426,0,20508338,0
2021-07-03,371064,0,20879402,0
2021-07-04,283189,0,21162591,0
2021-07-05,384496,0,21547087,0
2021-07-06,385425,0,21932512,0
2021-07-07,412064,0,22344576,0
2021-07-08,479626,0,22824202,0
2021-07-09,498490,0,23322692,0
2021-07-10,475180,0,23797872,0
2021-07-11,357706,0,24155578,0
2021-07-12,485915,0,24641493,0
2021-07-13,492147,0,25133640,0
2021-07-14,480480,0,25614120,0
2021-07-15,523491,0,26137611,0
2021-07-16,509793,0,26647404,0
2021-07-17,464372,0,27111776,0
2021-07-18,364701,0,27476477,0
2021-07-19,463079,0,27939556,0
2021-07-20,458091,0,28397647,0
2021-07-21,462821,0,28860468,0
2021-07-22,475395,0,29335863,0
2021-07-23,441316,0,29777179,0
2021-07-24,386194,0,30163373,0
2021-07-25,287599,0,30450972,0
2021-07-26,430897,0,30881869,0
2021-07-27,440130,0,31321999,0
2021-07-28,391020,0,31713019,0
2021-07-29,372078,0,32085097,0
2021-07-30,341513,0,32426610,0
2021-07-31,287019,0,32713629,0
2021-08-01,191027,0,32904656,0
2021-08-02,333733,0,33238389,0
2021-08-03,323187,0,33561576,0
2021-08-04,310973,0,33872549,0
2021-08-05,292513,0,34165062,0
2021-08-06,260005,0,34425067,0
2021-08-07,199051,0,34624118,0
2021-08-08,153108,0,34777226,0
2021-08-09,234077,0,35011303,0
2021-08-10,205247,0,35216550,0
2021-08-11,193755,0,35410305,0
2021-08-12,167972,0,35578277,0
2021-08-13,148598,0,35726875,0
2021-08-14,66086,0,35792961,0
2021-08-15,26333,0,35819294,0
2021-08-16,114674,0,35933968,0
2021-08-17,129238,0,36063206,0
2021-08-18,128731,0,36191937,0
2021-08-19,124785,0,36316722,0
2021-08-20,123787,0,36440509,0
2021-08-21,83113,0,36523622,0
2021-08-22,68163,0,36591785,0
2021-08-23,176866,0,36768651,0
2021-08-24,156907,0,36925558,0
2021-08-25,177169,0,37102727,0
2021-08-26,172353,0,37275080,0
2021-08-27,185843,0,37460923,0
2021-08-28,140271,0,37601194,0
2021-08-29,99004,0,37700198,0
2021-08-30,209635,0,37909833,0
2021-08-31,194631,0,38104464,0
2021-09-01,192216,0,38296680,0
2021-09-02,189944,0,38486624,0
2021-09-03,191339,0,38677963,0
2021-09-04,131488,0,38809451,0
2021-09-05,87870,0,38897321,0
2021-09-06,193658,0,39090979,0
2021-09-07,196067,0,39287046,0
2021-09-08,187911,0,39474957,0
2021-09-09,201480,0,39676437,0
2021-09-10,198114,0,39874551,0
2021-09-11,141328,0,40015879,0
2021-09-12,89602,0,40105481,0
2021-09-13,191166,547,40296647,547
2021-09-14,177269,568,40473916,1115
2021-09-15,163133,565,40637049,1680
2021-09-16,160104,913,40797153,2593
2021-09-17,150171,1110,40947324,3703
2021-09-18,127981,730,41075305,4433
2021-09-19,81130,489,41156435,4922
2021-09-20,180078,9066,41336513,13988
2021-09-21,166630,8826,41503143,22814
2021-09-22,159077,9429,41662220,32243
2021-09-23,138080,9318,41800300,41561
2021-09-24,140543,8947,41940843,50508
2021-09-25,119547,5629,42060390,56137
2021-09-26,71951,4338,42132341,60475
2021-09-27,135635,10037,42267976,70512
2021-09-28,117487,11377,42385463,81889
2021-09-29,112328,11822,42497791,93711
2021-09-30,110221,14943,42608012,108654
2021-10-01,94972,19102,42702984,127756
2021-10-02,78474,14010,42781458,141766
2021-10-03,47733,7655,42829191,149421
2021-10-04,88374,34441,42917565,183862
2021-10-05,80361,33968,42997926,217830
2021-10-06,71979,34156,43069905,251986
2021-10-07,71851,34340,43141756,286326
2021-10-08,80621,33588,43222377,319914
2021-10-09,76101,22163,43298478,342077
2021-10-10,45772,13614,43344250,355691
2021-10-11,87408,41100,43431658,396791
2021-10-12,84491,46893,43516149,443684
2021-10-13,88183,52108,43604332,495792
2021-10-14,91521,58502,43695853,554294
2021-10-15,93583,55619,43789436,609913
2021-10-16,82958,36778,43872394,646691
2021-10-17,51460,23823,43923854,670514
2021-10-18,90290,59477,44014144,729991
2021-10-19,78341,69370,44092485,799361
2021-10-20,75072,78160,44167557,877521
2021-10-21,78299,81746,44245856,959267
2021-10-22,73794,77014,44319650,1036281
2021-10-23,60812,51949,44380462,1088230
2021-10-24,33380,23448,44413842,1111678
2021-10-25,64903,81622,44478745,1193300
2021-10-26,58374,91774,44537119,1285074
2021-10-27,58328,103962,44595447,1389036
2021-10-28,61468,114095,44656915,1503131
2021-10-29,61661,103105,44718576,1606236
2021-10-30,50672,68110,44769248,1674346
2021-10-31,25166,28285,44794414,1702631
2021-11-01,19047,28147,44813461,1730778
2021-11-02,62769,89369,44876230,1820147
2021-11-03,60735,118656,44936965,1938803
2021-11-04,59244,126656,44996209,2065459
2021-11-05,63094,135166,45059303,2200625
2021-11-06,46471,90922,45105774,2291547
2021-11-07,22253,37892,45128027,2329439
2021-11-08,51526,131259,45179553,2460698
2021-11-09,45403,144194,45224956,2604892
2021-11-10,42578,156344,45267534,2761236
2021-11-11,44937,155134,45312471,2916370
2021-11-12,46373,158569,45358844,3074939
2021-11-13,33251,116643,45392095,3191582
2021-11-14,14478,52446,45406573,3244028
2021-11-15,36893,157421,45443466,3401449
2021-11-16,30545,171374,45474011,3572823
2021-11-17,28447,178434,45502458,3751257
2021-11-18,30282,193710,45532740,3944967
2021-11-19,28799,205847,45561539,4150814
2021-11-20,20990,156434,45582529,4307248
2021-11-21,10610,64855,45593139,4372103
2021-11-22,21928,213139,45615067,4585242
2021-11-23,23562,241740,45638629,4826982
2021-11-24,27830,270941,45666459,5097923
2021-11-25,23231,301895,45689690,5399818
2021-11-26,24574,318262,45714264,5718080
2021-11-27,21375,266149,45735639,5984229
2021-11-28,9895,137053,45745534,6121282
2021-11-29,22316,326062,45767850,6447344
2021-11-30,23077,365819,45790927,6813163
2021-12-01,21511,413499,45812438,7226662
2021-12-02,23749,440376,45836187,7667038
2021-12-03,25227,467449,45861414,8134487
2021-12-04,22349,418727,45883763,8553214
2021-12-05,11904,261329,45895667,8814543
2021-12-06,25802,457562,45921469,9272105
2021-12-07,24109,480247,45945578,9752352
2021-12-08,9994,249678,45955572,10002030
2021-12-09,31562,491916,45987134,10493946
2021-12-10,28047,517866,46015181,11011812
2021-12-11,23540,459239,46038721,11471051
2021-12-12,12294,293495,46051015,11764546
2021-12-13,26129,467617,46077144,12232163
2021-12-14,25152,494186,46102296,12726349
2021-12-15,25306,517127,46127602,13243476
2021-12-16,27865,520238,46155467,13763714
2021-12-17,29343,517160,46184810,14280874
2021-12-18,27026,468709,46211836,14749583
2021-12-19,15126,300514,46226962,15050097
2021-12-20,30608,477467,46257570,15527564
2021-12-21,30351,493376,46287921,16020940
2021-12-22,29429,484696,46317350,16505636
2021-12-23,28222,426891,46345572,16932527
2021-12-24,13105,210820,46358677,17143347
2021-12-25,2101,33052,46360778,17176399
2021-12-26,8751,159065,46369529,17335464
2021-12-27,46753,504651,46416282,17840115
2021-12-28,42420,554202,46458702,18394317
2021-12-29,34312,550624,46493014,18944941
2021-12-30,31796,499817,46524810,19444758
2021-12-31,14100,247394,46538910,19692152
2022-01-01,3492,64813,46542402,19756965
2022-01-02,22735,276716,46565137,20033681
2022-01-03,47789,520006,46612926,20553687
2022-01-04,46293,572071,46659219,21125758
2022-01-05,40681,560378,46699900,21686136
2022-01-06,23443,274481,46723343,21960617
2022-01-07,63621,554178,46786964,22514795
2022-01-08,60771,503376,46847735,23018171
2022-01-09,42768,319684,46890503,23337855
2022-01-10,61001,542271,46951504,23880126
2022-01-11,61632,586981,47013136,24467107
2022-01-12,58367,581271,47071503,25048378
2022-01-13,58523,580373,47130026,25628751
2022-01-14,46701,588559,47176727,26217310
2022-01-15,39266,569934,47215993,26787244
2022-01-16,31121,341849,47247114,27129093
2022-01-17,54713,489643,47301827,27618736
2022-01-18,58319,517007,47360146,28135743
2022-01-19,57130,502781,47417276,28638524
2022-01-20,54273,498810,47471549,29137334
2022-01-21,41997,493867,47513546,29631201
2022-01-22,31090,469590,47544636,30100791
2022-01-23,34878,275365,47579514,30376156
2022-01-24,56124,437208,47635638,30813364
2022-01-25,61502,452085,47697140,31265449
2022-01-26,58492,435814,47755632,31701263
2022-01-27,48783,432353,47804415,32133616
2022-01-28,58624,436525,47863039,32570141
2022-01-29,68051,412478,47931090,32982619
2022-01-30,50336,235966,47981426,33218585
2022-01-31,60573,356920,48041999,33575505
2022-02-01,65491,328431,48107490,33903936
2022-02-02,63138,296961,48170628,34200897
2022-02-03,60011,274512,48230639,34475409
2022-02-04,72324,268445,48302963,34743854
2022-02-05,83710,248524,48386673,34992378
2022-02-06,55257,116194,48441930,35108572
2022-02-07,65103,199927,48507033,35308499
2022-02-08,66897,186102,48573930,35494601
2022-02-09,58730,166330,48632660,35660931
2022-02-10,58526,163231,48691186,35824162
2022-02-11,62217,162451,48753403,35986613
2022-02-12,71945,152135,48825348,36138748
2022-02-13,41462,68849,48866810,36207597
2022-02-14,46655,116182,48913465,36323779
2022-02-15,48501,123477,48961966,36447256
2022-02-16,45660,106110,49007626,36553366
2022-02-17,42847,98100,49050473,36651466
2022-02-18,46593,112565,49097066,36764031
2022-02-19,52515,100325,49149581,36864356
2022-02-20,31409,40360,49180990,36904716
2022-02-21,37883,89642,49218873,36994358
2022-02-22,37209,83769,49256082,37078127
2022-02-23,33373,79404,49289455,37157531
2022-02-24,32545,78160,49322000,37235691
2022-02-25,34745,90703,49356745,37326394
2022-02-26,39142,89132,49395887,37415526
2022-02-27,22539,35855,49418426,37451381
2022-02-28,28464,81691,49446890,37533072
2022-03-01,22699,53934,49469589,37587006
2022-03-02,21987,50627,49491576,37637633
2022-03-03,22599,54941,49514175,37692574
2022-03-04,23208,62790,49537383,37755364
2022-03-05,23782,57951,49561165,37813315
2022-03-06,9469,17200,49570634,37830515
2022-03-07,15897,51389,49586531,37881904
2022-03-08,15450,48795,49601981,37930699
2022-03-09,13801,46514,49615782,37977213
2022-03-10,14030,52115,49629812,38029328
2022-03-11,15566,57251,49645378,38086579
2022-03-12,15490,56614,49660868,38143193
2022-03-13,5542,16848,49666410,38160041
2022-03-14,10517,46691,49676927,38206732
2022-03-15,10534,46892,49687461,38253624
2022-03-16,9470,41978,49696931,38295602
2022-03-17,9698,44875,49706629,38340477
2022-03-18,10150,49052,49716779,38389529
2022-03-19,9142,46531,49725921,38436060
2022-03-20,2606,11699,49728527,38447759
2022-03-21,7573,40222,49736100,38487981
2022-03-22,8439,37748,49744539,38525729
2022-03-23,7205,33695,49751744,38559424
2022-03-24,8246,38795,49759990,38598219
2022-03-25,8127,43665,49768117,38641884
2022-03-26,8121,41719,49776238,38683603
2022-03-27,2428,9682,49778666,38693285
2022-03-28,6098,35230,49784764,38728515
2022-03-29,5774,32523,49790538,38761038
2022-03-30,5556,30193,49796094,38791231
2022-03-31,5884,33171,49801978,38824402
2022-04-01,4340,25185,49806318,38849587
2022-04-02,4487,23272,49810805,38872859
2022-04-03,1048,4499,49811853,38877358
2022-04-04,3652,21531,49815505,38898889
2022-04-05,3746,22923,49819251,38921812
2022-04-06,4097,21844,49823348,38943656
2022-04-07,3956,23317,49827304,38966973
2022-04-08,4682,26709,49831986,38993682
2022-04-09,4374,23884,49836360,39017566
2022-04-10,892,4614,49837252,39022180
2022-04-11,3801,22683,49841053,39044863
2022-04-12,3356,21776,49844409,39066639
2022-04-13,3559,21333,49847968,39087972
2022-04-14,3483,23775,49851451,39111747
2022-04-15,3076,20614,49854527,39132361
2022-04-16,2149,11921,49856676,39144282
2022-04-17,63,348,49856739,39144630
2022-04-18,149,650,49856888,39145280
2022-04-19,3488,21978,49860376,39167258
2022-04-20,3498,20248,49863874,39187506
2022-04-21,2838,19781,49866712,39207287
2022-04-22,2916,20692,49869628,39227979
2022-04-23,2637,16207,49872265,39244186
2022-04-24,509,2335,49872774,39246521
2022-04-25,183,1165,49872957,39247686
2022-04-26,2759,17793,49875716,39265479
2022-04-27,2364,15782,49878080,39281261
2022-04-28,2349,15534,49880429,39296795
2022-04-29,2292,14835,49882721,39311630
2022-04-30,2120,11576,49884841,39323206
2022-05-01,113,530,49884954,39323736
2022-05-02,1443,9382,49886397,39333118
2022-05-03,1572,10309,49887969,39343427
2022-05-04,1743,10255,49889712,39353682
2022-05-05,1647,10272,49891359,39363954
2022-05-06,1693,10944,49893052,39374898
2022-05-07,1431,8563,49894483,39383461
2022-05-08,404,1514,49894887,39384975
2022-05-09,1023,8917,49895910,39393892
2022-05-10,1418,9536,49897328,39403428
2022-05-11,1478,10087,49898806,39413515
2022-05-12,1366,10119,49900172,39423634
2022-05-13,1587,10509,49901759,39434143
2022-05-14,1356,8226,49903115,39442369
2022-05-15,336,1129,49903451,39443498
2022-05-16,812,8387,49904263,39451885
2022-05-17,1241,8669,49905504,39460554
2022-05-18,1368,9214,49906872,39469768
2022-05-19,1498,9267,49908370,39479035
2022-05-20,1419,9492,49909789,39488527
2022-05-21,1299,7892,49911088,39496419
2022-05-22,231,1012,49911319,39497431
2022-05-23,826,8260,49912145,39505691
2022-05-24,1070,8665,49913215,39514356
2022-05-25,1365,9444,49914580,39523800
2022-05-26,1192,9453,49915772,39533253
2022-05-27,1223,9910,49916995,39543163
2022-05-28,1202,7873,49918197,39551036
2022-05-29,285,1264,49918482,39552300
2022-05-30,930,8026,49919412,39560326
2022-05-31,1033,8530,49920445,39568856
2022-06-01,891,7644,49921336,39576500
2022-06-02,35,474,49921371,39576974
2022-06-03,813,7327,49922184,39584301
2022-06-04,870,5155,49923054,39589456
2022-06-05,89,586,49923143,39590042
2022-06-06,672,6964,49923815,39597006
2022-06-07,930,7841,49924745,39604847
2022-06-08,981,7897,49925726,39612744
2022-06-09,1034,8399,49926760,39621143
2022-06-10,955,8540,49927715,39629683
2022-06-11,900,6207,49928615,39635890
2022-06-12,140,767,49928755,39636657
2022-06-13,603,6295,49929358,39642952
2022-06-14,825,7880,49930183,39650832
2022-06-15,950,7845,49931133,39658677
2022-06-16,729,7383,49931862,39666060
2022-06-17,719,7238,49932581,39673298
2022-06-18,776,5589,49933357,39678887
2022-06-19,47,522,49933404,39679409
2022-06-20,587,6694,49933991,39686103
2022-06-21,732,7639,49934723,39693742
2022-06-22,780,7303,49935503,39701045
2022-06-23,649,7455,49936152,39708500
2022-06-24,643,7472,49936795,39715972
2022-06-25,835,6531,49937630,39722503
2022-06-26,128,523,49937758,39723026
2022-06-27,532,7118,49938290,39730144
2022-06-28,744,8208,49939034,39738352
2022-06-29,755,7718,49939789,39746070
2022-06-30,744,8131,49940533,39754201
2022-07-01,577,6436,49941110,39760637
2022-07-02,536,4765,49941646,39765402
2022-07-03,49,456,49941695,39765858
2022-07-04,470,6269,49942165,39772127
2022-07-05,623,8107,49942788,39780234
2022-07-06,625,7594,49943413,39787828
2022-07-07,561,8251,49943974,39796079
2022-07-08,670,8076,49944644,39804155
2022-07-09,549,6103,49945193,39810258
2022-07-10,58,533,49945251,39810791
2022-07-11,481,7629,49945732,39818420
2022-07-12,656,8981,49946388,39827401
2022-07-13,636,10066,49947024,39837467
2022-07-14,626,10219,49947650,39847686
2022-07-15,618,10651,49948268,39858337
2022-07-16,514,7207,49948782,39865544
2022-07-17,48,769,49948830,39866313
2022-07-18,498,9345,49949328,39875658
2022-07-19,572,10644,49949900,39886302
2022-07-20,571,11248,49950471,39897550
2022-07-21,623,12024,49951094,39909574
2022-07-22,573,11208,49951667,39920782
2022-07-23,377,6731,49952044,39927513
2022-07-24,75,834,49952119,39928347
2022-07-25,497,9021,49952616,39937368
2022-07-26,518,9713,49953134,39947081
2022-07-27,540,10139,49953674,39957220
2022-07-28,523,10457,49954197,39967677
2022-07-29,507,9401,49954704,39977078
2022-07-30,380,5850,49955084,39982928
2022-07-31,49,746,49955133,39983674
2022-08-01,384,6813,49955517,39990487
2022-08-02,534,7500,49956051,39997987
2022-08-03,494,7099,49956545,40005086
2022-08-04,448,7395,49956993,40012481
2022-08-05,411,6450,49957404,40018931
2022-08-06,297,3576,49957701,40022507
2022-08-07,44,549,49957745,40023056
2022-08-08,390,4848,49958135,40027904
2022-08-09,378,5234,49958513,40033138
2022-08-10,367,4754,49958880,40037892
2022-08-11,360,4734,49959240,40042626
2022-08-12,286,3673,49959526,40046299
2022-08-13,139,1595,49959665,40047894
2022-08-14,9,128,49959674,40048022
2022-08-15,1,24,49959675,40048046
2022-08-16,280,3001,49959955,40051047
2022-08-17,342,3470,49960297,40054517
2022-08-18,377,4017,49960674,40058534
2022-08-19,319,3163,49960993,40061697
2022-08-20,181,1687,49961174,40063384
2022-08-21,24,144,49961198,40063528
2022-08-22,322,2864,49961520,40066392
2022-08-23,371,3332,49961891,40069724