data_somministrazione,vaccinazioni,booster,cum_vaccinazioni,cum_booster
2020-12-27,20,0,20,0
2020-12-28,2,0,22,0
2020-12-29,1,0,23,0
2020-12-30,8,0,31,0
2020-12-31,72,0,103,0
2021-01-01,23,0,126,0
2021-01-02,125,0,251,0
2021-01-03,87,0,338,0
2021-01-04,212,0,550,0
2021-01-05,255,0,805,0
2021-01-06,218,0,1023,0
2021-01-07,304,0,1327,0
2021-01-08,350,0,1677,0
2021-01-09,261,0,1938,0
2021-01-10,158,0,2096,0
2021-01-11,281,0,2377,0
2021-01-12,271,0,2648,0
2021-01-13,400,0,3048,0
2021-01-14,484,0,3532,0
2021-01-15,303,0,3835,0
2021-01-16,213,0,4048,0
2021-01-17,3060,0,7108,0
2021-01-18,5211,0,12319,0
2021-01-19,1893,0,14212,0
2021-01-20,4655,0,18867,0
2021-01-21,19998,0,38865,0
2021-01-22,14206,0,53071,0
2021-01-23,33320,0,86391,0
2021-01-24,30782,0,117173,0
2021-01-25,64723,0,181896,0
2021-01-26,76491,0,258387,0
2021-01-27,64825,0,323212,0
2021-01-28,89274,0,412486,0
2021-01-29,94013,0,506499,0
2021-01-30,86558,0,593057,0
2021-01-31,57329,0,650386,0
2021-02-01,81856,0,732242,0
2021-02-02,82143,0,814385,0
2021-02-03,91192,0,905577,0
2021-02-04,95396,0,1000973,0
2021-02-05,90272,0,1091245,0
2021-02-06,63444,0,1154689,0
2021-02-07,32929,0,1187618,0
2021-02-08,40427,0,1228045,0
2021-02-09,32866,0,1260911,0
2021-02-10,28422,0,1289333,0
2021-02-11,20398,0,1309731,0
2021-02-12,16237,0,1325968,0
2021-02-13,7268,0,1333236,0
2021-02-14,2861,0,1336097,0
2021-02-15,6840,0,1342937,0
2021-02-16,6998,0,1349935,0
2021-02-17,10522,0,1360457,0
2021-02-18,9252,0,1369709,0
2021-02-19,8247,0,1377956,0
2021-02-20,5560,0,1383516,0
2021-02-21,2999,0,1386515,0
2021-02-22,6884,0,1393399,0
2021-02-23,7168,0,1400567,0
2021-02-24,9832,0,1410399,0
2021-02-25,14211,0,1424610,0
2021-02-26,17555,0,1442165,0
2021-02-27,13910,0,1456075,0
2021-02-28,9388,0,1465463,0
2021-03-01,26518,0,1491981,0
2021-03-02,33238,0,1525219,0
2021-03-03,44644,0,1569863,0
2021-03-04,50291,0,1620154,0
2021-03-05,55732,0,1675886,0
2021-03-06,41870,0,1717756,0
2021-03-07,22323,0,1740079,0
2021-03-08,50823,0,1790902,0
2021-03-09,53074,0,1843976,0
2021-03-10,58650,0,1902626,0
2021-03-11,63862,0,1966488,0
2021-03-12,65109,0,2031597,0
2021-03-13,51718,0,2083315,0
2021-03-14,35398,0,2118713,0
2021-03-15,73442,0,2192155,0
2021-03-16,74028,0,2266183,0
2021-03-17,83133,0,2349316,0
2021-03-18,81622,0,2430938,0
2021-03-19,81082,0,2512020,0
2021-03-20,64722,0,2576742,0
2021-03-21,47297,0,2624039,0
2021-03-22,69478,0,2693517,0
2021-03-23,75800,0,2769317,0
2021-03-24,90912,0,2860229,0
2021-03-25,89799,0,2950028,0
2021-03-26,83621,0,3033649,0
2021-03-27,71938,0,3105587,0
2021-03-28,44147,0,3149734,0
2021-03-29,70824,0,3220558,0
2021-03-30,81384,0,3301942,0
2021-03-31,96237,0,3398179,0
2021-04-01,95308,0,3493487,0
2021-04-02,84072,0,3577559,0
2021-04-03,64305,0,3641864,0
2021-04-04,21719,0,3663583,0
2021-04-05,40311,0,3703894,0
2021-04-06,81313,0,3785207,0
2021-04-07,95830,0,3881037,0
2021-04-08,95235,0,3976272,0
2021-04-09,88488,0,4064760,0
2021-04-10,74030,0,4138790,0
2021-04-11,44764,0,4183554,0
2021-04-12,66918,0,4250472,0
2021-04-13,72573,0,4323045,0
2021-04-14,85539,0,4408584,0
2021-04-15,105418,0,4514002,0
2021-04-16,106417,0,4620419,0
2021-04-17,90514,0,4710933,0
2021-04-18,58590,0,4769523,0
2021-04-19,93431,0,4862954,0
2021-04-20,103769,0,4966723,0
2021-04-21,125339,0,5092062,0
2021-04-22,143518,0,5235580,0
2021-04-23,138738,0,5374318,0
2021-04-24,124444,0,5498762,0
2021-04-25,61457,0,5560219,0
2021-04-26,97895,0,5658114,0
2021-04-27,128362,0,5786476,0
2021-04-28,156369,0,5942845,0
2021-04-29,195595,0,6138440,0
2021-04-30,214576,0,6353016,0
2021-05-01,174116,0,6527132,0
2021-05-02,135803,0,6662935,0
2021-05-03,142038,0,6804973,0
2021-05-04,158696,0,6963669,0
2021-05-05,170500,0,7134169,0
2021-05-06,197809,0,7331978,0
2021-05-07,213847,0,7545825,0
2021-05-08,213411,0,7759236,0
2021-05-09,143201,0,7902437,0
2021-05-10,165089,0,8067526,0
2021-05-11,174987,0,8242513,0
2021-05-12,179182,0,8421695,0
2021-05-13,203384,0,8625079,0
2021-05-14,222913,0,8847992,0
2021-05-15,210359,0,9058351,0
2021-05-16,159273,0,9217624,0
2021-05-17,219192,0,9436816,0
2021-05-18,213017,0,9649833,0
2021-05-19,207085,0,9856918,0
2021-05-20,270861,0,10127779,0
2021-05-21,270888,0,10398667,0
2021-05-22,245524,0,10644191,0
2021-05-23,197179,0,10841370,0
2021-05-24,228305,0,11069675,0
2021-05-25,245694,0,11315369,0
2021-05-26,277492,0,11592861,0
2021-05-27,311084,0,11903945,0
2021-05-28,299571,0,12203516,0
2021-05-29,231220,0,12434736,0
2021-05-30,170840,0,12605576,0
2021-05-31,216421,0,12821997,0
2021-06-01,207632,0,13029629,0
2021-06-02,115791,0,13145420,0
2021-06-03,180140,0,13325560,0
2021-06-04,184876,0,13510436,0
2021-06-05,185956,0,13696392,0
2021-06-06,139548,0,13835940,0
2021-06-07,161870,0,13997810,0
2021-06-08,171217,0,14169027,0
2021-06-09,171476,0,14340503,0
2021-06-10,174099,0,14514602,0
2021-06-11,169972,0,14684574,0
2021-06-12,128322,0,14812896,0
2021-06-13,91183,0,14904079,0
2021-06-14,214677,0,15118756,0
2021-06-15,228418,0,15347174,0
2021-06-16,253074,0,15600248,0
2021-06-17,301733,0,15901981,0
2021-06-18,306295,0,16208276,0
2021-06-19,275086,0,16483362,0
2021-06-20,220779,0,16704141,0
2021-06-21,288077,0,16992218,0
2021-06-22,296220,0,17288438,0
2021-06-23,302688,0,17591126,0
2021-06-24,332593,0,17923719,0
2021-06-25,348713,0,18272432,0
2021-06-26,300120,0,18572552,0
2021-06-27,228662,0,18801214,0
2021-06-28,307091,0,19108305,0
2021-06-29,329283,0,19437588,0
2021-06-30,342164,0,19779752,0
2021-07-01,363206,0,20142958,0
2021-07-02,368466,0,20511424,0
2021-07-03,371091,0,20882515,0
2021-07-04,283210,0,21165725,0
2021-07-05,384545,0,21550270,0
2021-07-06,385468,0,21935738,0
2021-07-07,412120,0,22347858,0
2021-07-08,479613,0,22827471,0
2021-07-09,498480,0,23325951,0
2021-07-10,475187,0,23801138,0
2021-07-11,357699,0,24158837,0
2021-07-12,485901,0,24644738,0
2021-07-13,492121,0,25136859,0
2021-07-14,480469,0,25617328,0
2021-07-15,523465,0,26140793,0
2021-07-16,509763,0,26650556,0
2021-07-17,464350,0,27114906,0
2021-07-18,364655,0,27479561,0
2021-07-19,463061,0,27942622,0
2021-07-20,458064,0,28400686,0
2021-07-21,462798,0,28863484,0
2021-07-22,475394,0,29338878,0
2021-07-23,441318,0,29780196,0
2021-07-24,386169,0,30166365,0
2021-07-25,287562,0,30453927,0
2021-07-26,430878,0,30884805,0
2021-07-27,440129,0,31324934,0
2021-07-28,391013,0,31715947,0
2021-07-29,372080,0,32088027,0
2021-07-30,341513,0,32429540,0
2021-07-31,287026,0,32716566,0
2021-08-01,191002,0,32907568,0
2021-08-02,333713,0,33241281,0
2021-08-03,323191,0,33564472,0
2021-08-04,310977,0,33875449,0
2021-08-05,292504,0,34167953,0
2021-08-06,260010,0,34427963,0
2021-08-07,199047,0,34627010,0
2021-08-08,153112,0,34780122,0
2021-08-09,234067,0,35014189,0
2021-08-10,205250,0,35219439,0
2021-08-11,193768,0,35413207,0
2021-08-12,168026,0,35581233,0
2021-08-13,148632,0,35729865,0
2021-08-14,66093,0,35795958,0
2021-08-15,26338,0,35822296,0
2021-08-16,114699,0,35936995,0
2021-08-17,129247,0,36066242,0
2021-08-18,128749,0,36194991,0
2021-08-19,124815,0,36319806,0
2021-08-20,123797,0,36443603,0
2021-08-21,83128,0,36526731,0
2021-08-22,68172,0,36594903,0
2021-08-23,176872,0,36771775,0
2021-08-24,156897,0,36928672,0
2021-08-25,177172,0,37105844,0
2021-08-26,172359,0,37278203,0
2021-08-27,185837,0,37464040,0
2021-08-28,140274,0,37604314,0
2021-08-29,98993,0,37703307,0
2021-08-30,209605,0,37912912,0
2021-08-31,194638,0,38107550,0
2021-09-01,192208,0,38299758,0
2021-09-02,189932,0,38489690,0
2021-09-03,191305,0,38680995,0
2021-09-04,131468,0,38812463,0
2021-09-05,87858,0,38900321,0
2021-09-06,193634,0,39093955,0
2021-09-07,196042,0,39289997,0
2021-09-08,187884,0,39477881,0
2021-09-09,201449,0,39679330,0
2021-09-10,198079,0,39877409,0
2021-09-11,141306,0,40018715,0
2021-09-12,89600,0,40108315,0
2021-09-13,191134,593,40299449,593
2021-09-14,177234,609,40476683,1202
2021-09-15,163100,612,40639783,1814
2021-09-16,160078,957,40799861,2771
2021-09-17,150171,1135,40950032,3906
2021-09-18,127983,751,41078015,4657
2021-09-19,81135,499,41159150,5156
2021-09-20,180079,9095,41339229,14251
2021-09-21,166649,8843,41505878,23094
2021-09-22,159087,9447,41664965,32541
2021-09-23,138078,9339,41803043,41880
2021-09-24,140540,8976,41943583,50856
2021-09-25,119555,5652,42063138,56508
2021-09-26,71968,4351,42135106,60859
2021-09-27,135657,10059,42270763,70918
2021-09-28,117509,11400,42388272,82318
2021-09-29,112354,11834,42500626,94152
2021-09-30,110252,14961,42610878,109113
2021-10-01,94986,19119,42705864,128232
2021-10-02,78501,14030,42784365,142262
2021-10-03,47745,7663,42832110,149925
2021-10-04,88375,34465,42920485,184390
2021-10-05,80370,33992,43000855,218382
2021-10-06,71997,34183,43072852,252565
2021-10-07,71859,34360,43144711,286925
2021-10-08,80632,33601,43225343,320526
2021-10-09,76101,22183,43301444,342709
2021-10-10,45778,13620,43347222,356329
2021-10-11,87436,41115,43434658,397444
2021-10-12,84498,46917,43519156,444361
2021-10-13,88197,52130,43607353,496491
2021-10-14,91550,58526,43698903,555017
2021-10-15,93600,55643,43792503,610660
2021-10-16,82965,36799,43875468,647459
2021-10-17,51462,23840,43926930,671299
2021-10-18,90303,59495,44017233,730794
2021-10-19,78346,69387,44095579,800181
2021-10-20,75067,78186,44170646,878367
2021-10-21,78295,81775,44248941,960142
2021-10-22,73784,77047,44322725,1037189
2021-10-23,60827,51963,44383552,1089152
2021-10-24,33374,23466,44416926,1112618
2021-10-25,64906,81640,44481832,1194258
2021-10-26,58371,91813,44540203,1286071
2021-10-27,58332,103998,44598535,1390069
2021-10-28,61460,114126,44659995,1504195
2021-10-29,61642,103149,44721637,1607344
2021-10-30,50676,68124,44772313,1675468
2021-10-31,25162,28300,44797475,1703768
2021-11-01,19048,28152,44816523,1731920
2021-11-02,62746,89400,44879269,1821320
2021-11-03,60728,118673,44939997,1939993
2021-11-04,59247,126680,44999244,2066673
2021-11-05,63095,135195,45062339,2201868
2021-11-06,46483,90933,45108822,2292801
2021-11-07,22253,37898,45131075,2330699
2021-11-08,51531,131280,45182606,2461979
2021-11-09,45397,144219,45228003,2606198
2021-11-10,42584,156360,45270587,2762558
2021-11-11,44936,155142,45315523,2917700
2021-11-12,46378,158587,45361901,3076287
2021-11-13,33263,116658,45395164,3192945
2021-11-14,14490,52454,45409654,3245399
2021-11-15,36900,157437,45446554,3402836
2021-11-16,30559,171387,45477113,3574223
2021-11-17,28465,178447,45505578,3752670
2021-11-18,30281,193736,45535859,3946406
2021-11-19,28810,205861,45564669,4152267
2021-11-20,21001,156452,45585670,4308719
2021-11-21,10611,64860,45596281,4373579
2021-11-22,21944,213155,45618225,4586734
2021-11-23,23579,241762,45641804,4828496
2021-11-24,27846,270970,45669650,5099466
2021-11-25,23240,301918,45692890,5401384
2021-11-26,24585,318278,45717475,5719662
2021-11-27,21388,266157,45738863,5985819
2021-11-28,9903,137059,45748766,6122878
2021-11-29,22340,326075,45771106,6448953
2021-11-30,23102,365825,45794208,6814778
2021-12-01,21528,413521,45815736,7228299
2021-12-02,23773,440416,45839509,7668715
2021-12-03,25267,467485,45864776,8136200
2021-12-04,22378,418759,45887154,8554959
2021-12-05,11933,261349,45899087,8816308
2021-12-06,25824,457595,45924911,9273903
2021-12-07,24144,480270,45949055,9754173
2021-12-08,10008,249698,45959063,10003871
2021-12-09,31594,491942,45990657,10495813
2021-12-10,28078,517896,46018735,11013709
2021-12-11,23573,459259,46042308,11472968
2021-12-12,12309,293514,46054617,11766482
2021-12-13,26163,467638,46080780,12234120
2021-12-14,25177,494217,46105957,12728337
2021-12-15,25342,517160,46131299,13245497
2021-12-16,27893,520267,46159192,13765764
2021-12-17,29370,517187,46188562,14282951
2021-12-18,27073,468740,46215635,14751691
2021-12-19,15157,300532,46230792,15052223
2021-12-20,30644,477492,46261436,15529715
2021-12-21,30392,493393,46291828,16023108
2021-12-22,29460,484719,46321288,16507827
2021-12-23,28265,426914,46349553,16934741
2021-12-24,13117,210833,46362670,17145574
2021-12-25,2103,33053,46364773,17178627
2021-12-26,8768,159071,46373541,17337698
2021-12-27,46810,504668,46420351,17842366
2021-12-28,42464,554228,46462815,18396594
2021-12-29,34362,550653,46497177,18947247
2021-12-30,31855,499837,46529032,19447084
2021-12-31,14128,247397,46543160,19694481
2022-01-01,3496,64815,46546656,19759296
2022-01-02,22784,276723,46569440,20036019
2022-01-03,47874,520020,46617314,20556039
2022-01-04,46399,572088,46663713,21128127
2022-01-05,40778,560398,46704491,21688525
2022-01-06,23498,274488,46727989,21963013
2022-01-07,63722,554195,46791711,22517208
2022-01-08,60884,503394,46852595,23020602
2022-01-09,42881,319685,46895476,23340287
2022-01-10,61106,542292,46956582,23882579
2022-01-11,61744,586996,47018326,24469575
2022-01-12,58469,581278,47076795,25050853
2022-01-13,58626,580387,47135421,25631240
2022-01-14,46832,588568,47182253,26219808
2022-01-15,39436,569940,47221689,26789748
2022-01-16,31242,341859,47252931,27131607
2022-01-17,54796,489660,47307727,27621267
2022-01-18,58406,517018,47366133,28138285
2022-01-19,57209,502787,47423342,28641072
2022-01-20,54354,498826,47477696,29139898
2022-01-21,42103,493870,47519799,29633768
2022-01-22,31214,469594,47551013,30103362
2022-01-23,34944,275368,47585957,30378730
2022-01-24,56187,437223,47642144,30815953
2022-01-25,61560,452110,47703704,31268063
2022-01-26,58552,435830,47762256,31703893
2022-01-27,48847,432371,47811103,32136264
2022-01-28,58705,436537,47869808,32572801
2022-01-29,68136,412490,47937944,32985291
2022-01-30,50378,235965,47988322,33221256
2022-01-31,60632,356932,48048954,33578188
2022-02-01,65559,328444,48114513,33906632
2022-02-02,63202,296975,48177715,34203607
2022-02-03,60058,274515,48237773,34478122
2022-02-04,72383,268452,48310156,34746574
2022-02-05,83779,248529,48393935,34995103
2022-02-06,55288,116201,48449223,35111304
2022-02-07,65150,199938,48514373,35311242
2022-02-08,66928,186111,48581301,35497353
2022-02-09,58760,166334,48640061,35663687
2022-02-10,58577,163237,48698638,35826924
2022-02-11,62249,162465,48760887,35989389
2022-02-12,71977,152139,48832864,36141528
2022-02-13,41471,68850,48874335,36210378
2022-02-14,46691,116185,48921026,36326563
2022-02-15,48533,123475,48969559,36450038
2022-02-16,45678,106117,49015237,36556155
2022-02-17,42860,98106,49058097,36654261
2022-02-18,46621,112571,49104718,36766832
2022-02-19,52535,100329,49157253,36867161
2022-02-20,31411,40360,49188664,36907521
2022-02-21,37885,89647,49226549,36997168
2022-02-22,37217,83774,49263766,37080942
2022-02-23,33391,79405,49297157,37160347
2022-02-24,32550,78161,49329707,37238508
2022-02-25,34756,90708,49364463,37329216
2022-02-26,39155,89130,49403618,37418346
2022-02-27,22544,35856,49426162,37454202
2022-02-28,28478,81689,49454640,37535891
2022-03-01,22719,53939,49477359,37589830
2022-03-02,21997,50627,49499356,37640457
2022-03-03,22615,54941,49521971,37695398
2022-03-04,23230,62794,49545201,37758192
2022-03-05,23795,57951,49568996,37816143
2022-03-06,9471,17200,49578467,37833343
2022-03-07,15912,51387,49594379,37884730
2022-03-08,15472,48794,49609851,37933524
2022-03-09,13812,46517,49623663,37980041
2022-03-10,14048,52115,49637711,38032156
2022-03-11,15581,57260,49653292,38089416
2022-03-12,15501,56615,49668793,38146031
2022-03-13,5543,16850,49674336,38162881
2022-03-14,10521,46695,49684857,38209576
2022-03-15,10537,46890,49695394,38256466
2022-03-16,9477,41971,49704871,38298437
2022-03-17,9713,44871,49714584,38343308
2022-03-18,10158,49053,49724742,38392361
2022-03-19,9148,46531,49733890,38438892
2022-03-20,2608,11700,49736498,38450592
2022-03-21,7578,40223,49744076,38490815
2022-03-22,8447,37758,49752523,38528573
2022-03-23,7213,33699,49759736,38562272
2022-03-24,8257,38799,49767993,38601071
2022-03-25,8134,43662,49776127,38644733
2022-03-26,8126,41719,49784253,38686452
2022-03-27,2429,9681,49786682,38696133
2022-03-28,6106,35237,49792788,38731370
2022-03-29,5774,32527,49798562,38763897
2022-03-30,5564,30200,49804126,38794097
2022-03-31,5889,33181,49810015,38827278
2022-04-01,4348,25185,49814363,38852463
2022-04-02,4493,23274,49818856,38875737
2022-04-03,1049,4499,49819905,38880236
2022-04-04,3656,21535,49823561,38901771
2022-04-05,3756,22927,49827317,38924698
2022-04-06,4101,21848,49831418,38946546
2022-04-07,3965,23320,49835383,38969866
2022-04-08,4691,26709,49840074,38996575
2022-04-09,4381,23884,49844455,39020459
2022-04-10,891,4614,49845346,39025073
2022-04-11,3814,22685,49849160,39047758
2022-04-12,3359,21777,49852519,39069535
2022-04-13,3562,21331,49856081,39090866
2022-04-14,3486,23784,49859567,39114650
2022-04-15,3084,20617,49862651,39135267
2022-04-16,2149,11918,49864800,39147185
2022-04-17,63,348,49864863,39147533
2022-04-18,151,650,49865014,39148183
2022-04-19,3496,21977,49868510,39170160
2022-04-20,3508,20249,49872018,39190409
2022-04-21,2843,19783,49874861,39210192
2022-04-22,2927,20695,49877788,39230887
2022-04-23,2642,16217,49880430,39247104
2022-04-24,509,2334,49880939,39249438
2022-04-25,183,1165,49881122,39250603
2022-04-26,2756,17801,49883878,39268404
2022-04-27,2371,15789,49886249,39284193
2022-04-28,2356,15555,49888605,39299748
2022-04-29,2292,14836,49890897,39314584
2022-04-30,2122,11577,49893019,39326161
2022-05-01,113,530,49893132,39326691
2022-05-02,1450,9388,49894582,39336079
2022-05-03,1575,10313,49896157,39346392
2022-05-04,1746,10260,49897903,39356652
2022-05-05,1652,10278,49899555,39366930
2022-05-06,1700,10950,49901255,39377880
2022-05-07,1431,8563,49902686,39386443
2022-05-08,405,1514,49903091,39387957
2022-05-09,1027,8918,49904118,39396875
2022-05-10,1422,9541,49905540,39406416
2022-05-11,1483,10090,49907023,39416506
2022-05-12,1369,10121,49908392,39426627
2022-05-13,1591,10510,49909983,39437137
2022-05-14,1356,8229,49911339,39445366
2022-05-15,336,1130,49911675,39446496
2022-05-16,811,8394,49912486,39454890
2022-05-17,1243,8674,49913729,39463564
2022-05-18,1372,9224,49915101,39472788
2022-05-19,1500,9271,49916601,39482059
2022-05-20,1422,9498,49918023,39491557
2022-05-21,1299,7892,49919322,39499449
2022-05-22,231,1012,49919553,39500461
2022-05-23,829,8262,49920382,39508723
2022-05-24,1073,8664,49921455,39517387
2022-05-25,1370,9444,49922825,39526831
2022-05-26,1195,9455,49924020,39536286
2022-05-27,1227,9912,49925247,39546198
2022-05-28,1203,7874,49926450,39554072
2022-05-29,286,1264,49926736,39555336
2022-05-30,930,8031,49927666,39563367
2022-05-31,1034,8532,49928700,39571899
2022-06-01,890,7644,49929590,39579543
2022-06-02,35,474,49929625,39580017
2022-06-03,817,7328,49930442,39587345
2022-06-04,870,5156,49931312,39592501
2022-06-05,89,586,49931401,39593087
2022-06-06,675,6986,49932076,39600073
2022-06-07,951,7842,49933027,39607915
2022-06-08,983,7901,49934010,39615816
2022-06-09,1036,8400,49935046,39624216
2022-06-10,957,8552,49936003,39632768
2022-06-11,901,6206,49936904,39638974
2022-06-12,140,767,49937044,39639741
2022-06-13,602,6295,49937646,39646036
2022-06-14,827,7883,49938473,39653919
2022-06-15,954,7844,49939427,39661763
2022-06-16,729,7389,49940156,39669152
2022-06-17,720,7242,49940876,39676394
2022-06-18,777,5589,49941653,39681983
2022-06-19,47,522,49941700,39682505
2022-06-20,587,6695,49942287,39689200
2022-06-21,734,7654,49943021,39696854
2022-06-22,780,7307,49943801,39704161
2022-06-23,651,7459,49944452,39711620
2022-06-24,643,7472,49945095,39719092
2022-06-25,835,6532,49945930,39725624
2022-06-26,128,523,49946058,39726147
2022-06-27,531,7122,49946589,39733269
2022-06-28,745,8193,49947334,39741462
2022-06-29,756,7722,49948090,39749184
2022-06-30,745,8132,49948835,39757316
2022-07-01,576,6437,49949411,39763753
2022-07-02,536,4766,49949947,39768519
2022-07-03,49,456,49949996,39768975
2022-07-04,469,6276,49950465,39775251
2022-07-05,628,8112,49951093,39783363
2022-07-06,631,7607,49951724,39790970
2022-07-07,570,8264,49952294,39799234
2022-07-08,671,8079,49952965,39807313
2022-07-09,550,6103,49953515,39813416
2022-07-10,58,533,49953573,39813949
2022-07-11,487,7639,49954060,39821588
2022-07-12,665,9028,49954725,39830616
2022-07-13,640,10063,49955365,39840679
2022-07-14,636,10219,49956001,39850898
2022-07-15,624,10664,49956625,39861562
2022-07-16,522,7209,49957147,39868771
2022-07-17,48,769,49957195,39869540
2022-07-18,497,9350,49957692,39878890
2022-07-19,573,10657,49958265,39889547
2022-07-20,578,11258,49958843,39900805
2022-07-21,627,12040,49959470,39912845
2022-07-22,582,11228,49960052,39924073
2022-07-23,379,6744,49960431,39930817
2022-07-24,76,834,49960507,39931651
2022-07-25,502,9034,49961009,39940685
2022-07-26,519,9728,49961528,39950413
2022-07-27,550,10159,49962078,39960572
2022-07-28,527,10481,49962605,39971053
2022-07-29,510,9426,49963115,39980479
2022-07-30,381,5852,49963496,39986331
2022-07-31,49,745,49963545,39987076
2022-08-01,386,6824,49963931,39993900
2022-08-02,540,7526,49964471,40001426
2022-08-03,511,7142,49964982,40008568
2022-08-04,454,7439,49965436,40016007
2022-08-05,419,6489,49965855,40022496
2022-08-06,298,3582,49966153,40026078
2022-08-07,44,551,49966197,40026629
2022-08-08,401,4874,49966598,40031503
2022-08-09,383,5269,49966981,40036772
2022-08-10,378,4790,49967359,40041562
2022-08-11,365,4756,49967724,40046318
2022-08-12,292,3699,49968016,40050017
2022-08-13,143,1597,49968159,40051614
2022-08-14,9,128,49968168,40051742
2022-08-15,1,26,49968169,40051768
2022-08-16,283,3028,49968452,40054796
2022-08-17,351,3512,49968803,40058308
2022-08-18,389,4142,49969192,40062450
2022-08-19,341,3309,49969533,40065759
2022-08-20,183,1710,49969716,40067469
2022-08-21,24,146,49969740,40067615
2022-08-22,329,2940,49970069,40070555
2022-08-23,371,3656,49970440,40074211
2022-08-24,383,3344,49970823,40077555
2022-08-25,420,3753,49971243,40081308
2022-08-26,395,3562,49971638,40084870
2022-08-27,235,1769,49971873,40086639
2022-08-28,29,260,49971902,40086899
2022-08-29,353,3148,49972255,40090047
2022-08-30,402,3646,49972657,40093693
2022-08-31,436,3716,49973093,40097409
2022-09-01,352,3097,49973445,40100506
2022-09-02,295,2883,49973740,40103389
2022-09-03,199,1684,49973939,40105073
2022-09-04,22,147,49973961,40105220
2022-09-05,186,2646,49974147,40107866
2022-09-06,301,2984,49974448,40110850
2022-09-07,540,2913,49974988,40113763
2022-09-08,288,2946,49975276,40116709
2022-09-09,301,2854,49975577,40119563
2022-09-10,227,1325,49975804,40120888
2022-09-11,21,123,49975825,40121011
2022-09-12,268,2207,49976093,40123218
2022-09-13,248,2267,49976341,40125485
2022-09-14,261,2553,49976602,40128038
2022-09-15,279,2480,49976881,40130518
2022-09-16,252,2530,49977133,40133048
2022-09-17,239,1339,49977372,40134387
2022-09-18,20,170,49977392,40134557
2022-09-19,205,1965,49977597,40136522
2022-09-20,235,2371,49977832,40138893
2022-09-21,289,2508,49978121,40141401
2022-09-22,258,2625,49978379,40144026
2022-09-23,248,2317,49978627,40146343
2022-09-24,193,1426,49978820,40147769
2022-09-25,28,134,49978848,40147903
2022-09-26,281,2238,49979129,40150141
2022-09-27,280,2629,49979409,40152770
2022-09-28,308,2869,49979717,40155639
2022-09-29,251,3025,49979968,40158664
2022-09-30,289,2944,49980257,40161608
2022-10-01,193,1493,49980450,40163101
2022-10-02,11,187,49980461,40163288
2022-10-03,180,2452,49980641,40165740
2022-10-04,232,2816,49980873,40168556
2022-10-05,222,3177,49981095,40171733
2022-10-06,239,3767,49981334,40175500
2022-10-07,282,4080,49981616,40179580
2022-10-08,196,2207,49981812,40181787
2022-10-09,8,287,49981820,40182074
2022-10-10,205,3276,49982025,40185350
2022-10-11,190,4235,49982215,40189585
2022-10-12,199,4189,49982414,40193774
2022-10-13,169,4981,49982583,40198755
2022-10-14,212,4718,49982795,40203473
2022-10-15,184,2555,49982979,40206028
2022-10-16,6,343,49982985,40206371
2022-10-17,193,3610,49983178,40209981