data_somministrazione,vaccinazioni,booster,cum_vaccinazioni,cum_booster
2020-12-27,22,0,22,0
2020-12-28,2,0,24,0
2020-12-29,1,0,25,0
2020-12-30,9,0,34,0
2020-12-31,80,0,114,0
2021-01-01,26,0,140,0
2021-01-02,151,0,291,0
2021-01-03,112,0,403,0
2021-01-04,245,0,648,0
2021-01-05,290,0,938,0
2021-01-06,261,0,1199,0
2021-01-07,331,0,1530,0
2021-01-08,384,0,1914,0
2021-01-09,289,0,2203,0
2021-01-10,171,0,2374,0
2021-01-11,312,0,2686,0
2021-01-12,290,0,2976,0
2021-01-13,423,0,3399,0
2021-01-14,506,0,3905,0
2021-01-15,325,0,4230,0
2021-01-16,225,0,4455,0
2021-01-17,3065,0,7520,0
2021-01-18,5220,0,12740,0
2021-01-19,1896,0,14636,0
2021-01-20,4659,0,19295,0
2021-01-21,20004,0,39299,0
2021-01-22,14220,0,53519,0
2021-01-23,33319,0,86838,0
2021-01-24,30775,0,117613,0
2021-01-25,64698,0,182311,0
2021-01-26,76458,0,258769,0
2021-01-27,64804,0,323573,0
2021-01-28,89245,0,412818,0
2021-01-29,93992,0,506810,0
2021-01-30,86541,0,593351,0
2021-01-31,57322,0,650673,0
2021-02-01,81833,0,732506,0
2021-02-02,82129,0,814635,0
2021-02-03,91103,0,905738,0
2021-02-04,95381,0,1001119,0
2021-02-05,90266,0,1091385,0
2021-02-06,63451,0,1154836,0
2021-02-07,32935,0,1187771,0
2021-02-08,40421,0,1228192,0
2021-02-09,32880,0,1261072,0
2021-02-10,28439,0,1289511,0
2021-02-11,20408,0,1309919,0
2021-02-12,16252,0,1326171,0
2021-02-13,7280,0,1333451,0
2021-02-14,2862,0,1336313,0
2021-02-15,6851,0,1343164,0
2021-02-16,7007,0,1350171,0
2021-02-17,10527,0,1360698,0
2021-02-18,9258,0,1369956,0
2021-02-19,8259,0,1378215,0
2021-02-20,5581,0,1383796,0
2021-02-21,3015,0,1386811,0
2021-02-22,6883,0,1393694,0
2021-02-23,7190,0,1400884,0
2021-02-24,9816,0,1410700,0
2021-02-25,14215,0,1424915,0
2021-02-26,17563,0,1442478,0
2021-02-27,13925,0,1456403,0
2021-02-28,9398,0,1465801,0
2021-03-01,26531,0,1492332,0
2021-03-02,33248,0,1525580,0
2021-03-03,44653,0,1570233,0
2021-03-04,50304,0,1620537,0
2021-03-05,55745,0,1676282,0
2021-03-06,41885,0,1718167,0
2021-03-07,22332,0,1740499,0
2021-03-08,50840,0,1791339,0
2021-03-09,53095,0,1844434,0
2021-03-10,58700,0,1903134,0
2021-03-11,63894,0,1967028,0
2021-03-12,65145,0,2032173,0
2021-03-13,51733,0,2083906,0
2021-03-14,35427,0,2119333,0
2021-03-15,73463,0,2192796,0
2021-03-16,74029,0,2266825,0
2021-03-17,83144,0,2349969,0
2021-03-18,81632,0,2431601,0
2021-03-19,81090,0,2512691,0
2021-03-20,64742,0,2577433,0
2021-03-21,47311,0,2624744,0
2021-03-22,69507,0,2694251,0
2021-03-23,75820,0,2770071,0
2021-03-24,90940,0,2861011,0
2021-03-25,89831,0,2950842,0
2021-03-26,83645,0,3034487,0
2021-03-27,71964,0,3106451,0
2021-03-28,44192,0,3150643,0
2021-03-29,70851,0,3221494,0
2021-03-30,81420,0,3302914,0
2021-03-31,96269,0,3399183,0
2021-04-01,95340,0,3494523,0
2021-04-02,84089,0,3578612,0
2021-04-03,64314,0,3642926,0
2021-04-04,21726,0,3664652,0
2021-04-05,40323,0,3704975,0
2021-04-06,81348,0,3786323,0
2021-04-07,95850,0,3882173,0
2021-04-08,95266,0,3977439,0
2021-04-09,88510,0,4065949,0
2021-04-10,74039,0,4139988,0
2021-04-11,44773,0,4184761,0
2021-04-12,66928,0,4251689,0
2021-04-13,72600,0,4324289,0
2021-04-14,85561,0,4409850,0
2021-04-15,105428,0,4515278,0
2021-04-16,106436,0,4621714,0
2021-04-17,90533,0,4712247,0
2021-04-18,58599,0,4770846,0
2021-04-19,93448,0,4864294,0
2021-04-20,103783,0,4968077,0
2021-04-21,125346,0,5093423,0
2021-04-22,143538,0,5236961,0
2021-04-23,138764,0,5375725,0
2021-04-24,124454,0,5500179,0
2021-04-25,61471,0,5561650,0
2021-04-26,97919,0,5659569,0
2021-04-27,128381,0,5787950,0
2021-04-28,156404,0,5944354,0
2021-04-29,195626,0,6139980,0
2021-04-30,214622,0,6354602,0
2021-05-01,174149,0,6528751,0
2021-05-02,135817,0,6664568,0
2021-05-03,142078,0,6806646,0
2021-05-04,158720,0,6965366,0
2021-05-05,170556,0,7135922,0
2021-05-06,197834,0,7333756,0
2021-05-07,213887,0,7547643,0
2021-05-08,213445,0,7761088,0
2021-05-09,143222,0,7904310,0
2021-05-10,165109,0,8069419,0
2021-05-11,175018,0,8244437,0
2021-05-12,179237,0,8423674,0
2021-05-13,203428,0,8627102,0
2021-05-14,222950,0,8850052,0
2021-05-15,210399,0,9060451,0
2021-05-16,159291,0,9219742,0
2021-05-17,219226,0,9438968,0
2021-05-18,213036,0,9652004,0
2021-05-19,207107,0,9859111,0
2021-05-20,270913,0,10130024,0
2021-05-21,270917,0,10400941,0
2021-05-22,245555,0,10646496,0
2021-05-23,197199,0,10843695,0
2021-05-24,228314,0,11072009,0
2021-05-25,245705,0,11317714,0
2021-05-26,277577,0,11595291,0
2021-05-27,311110,0,11906401,0
2021-05-28,299592,0,12205993,0
2021-05-29,231262,0,12437255,0
2021-05-30,170858,0,12608113,0
2021-05-31,216444,0,12824557,0
2021-06-01,207648,0,13032205,0
2021-06-02,115809,0,13148014,0
2021-06-03,180186,0,13328200,0
2021-06-04,184935,0,13513135,0
2021-06-05,186014,0,13699149,0
2021-06-06,139604,0,13838753,0
2021-06-07,161919,0,14000672,0
2021-06-08,171308,0,14171980,0
2021-06-09,171540,0,14343520,0
2021-06-10,174180,0,14517700,0
2021-06-11,170060,0,14687760,0
2021-06-12,128416,0,14816176,0
2021-06-13,91250,0,14907426,0
2021-06-14,214717,0,15122143,0
2021-06-15,228474,0,15350617,0
2021-06-16,253119,0,15603736,0
2021-06-17,301801,0,15905537,0
2021-06-18,306345,0,16211882,0
2021-06-19,275141,0,16487023,0
2021-06-20,220837,0,16707860,0
2021-06-21,288118,0,16995978,0
2021-06-22,296274,0,17292252,0
2021-06-23,302716,0,17594968,0
2021-06-24,332633,0,17927601,0
2021-06-25,348747,0,18276348,0
2021-06-26,300160,0,18576508,0
2021-06-27,228707,0,18805215,0
2021-06-28,307170,0,19112385,0
2021-06-29,329359,0,19441744,0
2021-06-30,342238,0,19783982,0
2021-07-01,363261,0,20147243,0
2021-07-02,368516,0,20515759,0
2021-07-03,371106,0,20886865,0
2021-07-04,283249,0,21170114,0
2021-07-05,384574,0,21554688,0
2021-07-06,385496,0,21940184,0
2021-07-07,412142,0,22352326,0
2021-07-08,479589,0,22831915,0
2021-07-09,498464,0,23330379,0
2021-07-10,475175,0,23805554,0
2021-07-11,357689,0,24163243,0
2021-07-12,485874,0,24649117,0
2021-07-13,492066,0,25141183,0
2021-07-14,480430,0,25621613,0
2021-07-15,523410,0,26145023,0
2021-07-16,509742,0,26654765,0
2021-07-17,464322,0,27119087,0
2021-07-18,364625,0,27483712,0
2021-07-19,463036,0,27946748,0
2021-07-20,458044,0,28404792,0
2021-07-21,462787,0,28867579,0
2021-07-22,475371,0,29342950,0
2021-07-23,441325,0,29784275,0
2021-07-24,386146,0,30170421,0
2021-07-25,287539,0,30457960,0
2021-07-26,430892,0,30888852,0
2021-07-27,440106,0,31328958,0
2021-07-28,391013,0,31719971,0
2021-07-29,372074,0,32092045,0
2021-07-30,341524,0,32433569,0
2021-07-31,287049,0,32720618,0
2021-08-01,190994,0,32911612,0
2021-08-02,333715,0,33245327,0
2021-08-03,323186,0,33568513,0
2021-08-04,310997,0,33879510,0
2021-08-05,292483,0,34171993,0
2021-08-06,260046,0,34432039,0
2021-08-07,199069,0,34631108,0
2021-08-08,153109,0,34784217,0
2021-08-09,234083,0,35018300,0
2021-08-10,205295,0,35223595,0
2021-08-11,193797,0,35417392,0
2021-08-12,168078,0,35585470,0
2021-08-13,148676,0,35734146,0
2021-08-14,66103,0,35800249,0
2021-08-15,26345,0,35826594,0
2021-08-16,114725,0,35941319,0
2021-08-17,129258,0,36070577,0
2021-08-18,128763,0,36199340,0
2021-08-19,124865,0,36324205,0
2021-08-20,123799,0,36448004,0
2021-08-21,83135,0,36531139,0
2021-08-22,68181,0,36599320,0
2021-08-23,176869,0,36776189,0
2021-08-24,156891,0,36933080,0
2021-08-25,177170,0,37110250,0
2021-08-26,172349,0,37282599,0
2021-08-27,185829,0,37468428,0
2021-08-28,140294,0,37608722,0
2021-08-29,98995,0,37707717,0
2021-08-30,209583,0,37917300,0
2021-08-31,194642,0,38111942,0
2021-09-01,192217,0,38304159,0
2021-09-02,189926,0,38494085,0
2021-09-03,191279,0,38685364,0
2021-09-04,131439,0,38816803,0
2021-09-05,87840,0,38904643,0
2021-09-06,193601,0,39098244,0
2021-09-07,196039,0,39294283,0
2021-09-08,187856,0,39482139,0
2021-09-09,201418,0,39683557,0
2021-09-10,198053,0,39881610,0
2021-09-11,141289,0,40022899,0
2021-09-12,89593,0,40112492,0
2021-09-13,191099,661,40303591,661
2021-09-14,177207,659,40480798,1320
2021-09-15,163079,656,40643877,1976
2021-09-16,160032,1015,40803909,2991
2021-09-17,150153,1174,40954062,4165
2021-09-18,127984,782,41082046,4947
2021-09-19,81141,512,41163187,5459
2021-09-20,180055,9137,41343242,14596
2021-09-21,166675,8865,41509917,23461
2021-09-22,159120,9466,41669037,32927
2021-09-23,138105,9359,41807142,42286
2021-09-24,140549,9021,41947691,51307
2021-09-25,119563,5676,42067254,56983
2021-09-26,71992,4368,42139246,61351
2021-09-27,135669,10089,42274915,71440
2021-09-28,117522,11434,42392437,82874
2021-09-29,112380,11855,42504817,94729
2021-09-30,110292,14986,42615109,109715
2021-10-01,95001,19144,42710110,128859
2021-10-02,78525,14047,42788635,142906
2021-10-03,47760,7671,42836395,150577
2021-10-04,88390,34490,42924785,185067
2021-10-05,80384,34023,43005169,219090
2021-10-06,72008,34218,43077177,253308
2021-10-07,71881,34380,43149058,287688
2021-10-08,80650,33627,43229708,321315
2021-10-09,76114,22202,43305822,343517
2021-10-10,45791,13632,43351613,357149
2021-10-11,87445,41136,43439058,398285
2021-10-12,84515,46939,43523573,445224
2021-10-13,88225,52172,43611798,497396
2021-10-14,91560,58563,43703358,555959
2021-10-15,93599,55686,43796957,611645
2021-10-16,82978,36830,43879935,648475
2021-10-17,51461,23864,43931396,672339
2021-10-18,90300,59526,44021696,731865
2021-10-19,78355,69421,44100051,801286
2021-10-20,75062,78213,44175113,879499
2021-10-21,78280,81825,44253393,961324
2021-10-22,73767,77090,44327160,1038414
2021-10-23,60838,51976,44387998,1090390
2021-10-24,33370,23482,44421368,1113872
2021-10-25,64893,81673,44486261,1195545
2021-10-26,58372,91843,44544633,1287388
2021-10-27,58318,104044,44602951,1391432
2021-10-28,61441,114166,44664392,1505598
2021-10-29,61624,103198,44726016,1608796
2021-10-30,50672,68160,44776688,1676956
2021-10-31,25159,28314,44801847,1705270
2021-11-01,19050,28159,44820897,1733429
2021-11-02,62737,89446,44883634,1822875
2021-11-03,60715,118706,44944349,1941581
2021-11-04,59238,126708,45003587,2068289
2021-11-05,63092,135231,45066679,2203520
2021-11-06,46495,90944,45113174,2294464
2021-11-07,22248,37908,45135422,2332372
2021-11-08,51525,131299,45186947,2463671
2021-11-09,45403,144237,45232350,2607908
2021-11-10,42592,156380,45274942,2764288
2021-11-11,44930,155177,45319872,2919465
2021-11-12,46298,158712,45366170,3078177
2021-11-13,33273,116683,45399443,3194860
2021-11-14,14488,52462,45413931,3247322
2021-11-15,36906,157448,45450837,3404770
2021-11-16,30569,171414,45481406,3576184
2021-11-17,28469,178470,45509875,3754654
2021-11-18,30296,193770,45540171,3948424
2021-11-19,28823,205890,45568994,4154314
2021-11-20,21015,156460,45590009,4310774
2021-11-21,10613,64870,45600622,4375644
2021-11-22,21960,213163,45622582,4588807
2021-11-23,23608,241802,45646190,4830609
2021-11-24,27768,271102,45673958,5101711
2021-11-25,23269,301952,45697227,5403663
2021-11-26,24600,318313,45721827,5721976
2021-11-27,21419,266174,45743246,5988150
2021-11-28,9911,137072,45753157,6125222
2021-11-29,22368,326082,45775525,6451304
2021-11-30,23122,365861,45798647,6817165
2021-12-01,21562,413546,45820209,7230711
2021-12-02,23799,440445,45844008,7671156
2021-12-03,25283,467547,45869291,8138703
2021-12-04,22389,418811,45891680,8557514
2021-12-05,11943,261370,45903623,8818884
2021-12-06,25848,457637,45929471,9276521
2021-12-07,24170,480307,45953641,9756828
2021-12-08,10032,249724,45963673,10006552
2021-12-09,31625,491967,45995298,10498519
2021-12-10,28109,517938,46023407,11016457
2021-12-11,23595,459288,46047002,11475745
2021-12-12,12328,293535,46059330,11769280
2021-12-13,26186,467662,46085516,12236942
2021-12-14,25207,494246,46110723,12731188
2021-12-15,25381,517191,46136104,13248379
2021-12-16,27937,520307,46164041,13768686
2021-12-17,29403,517228,46193444,14285914
2021-12-18,27118,468788,46220562,14754702
2021-12-19,15174,300546,46235736,15055248
2021-12-20,30683,477512,46266419,15532760
2021-12-21,30422,493449,46296841,16026209
2021-12-22,29493,484759,46326334,16510968
2021-12-23,28292,426969,46354626,16937937
2021-12-24,13124,210847,46367750,17148784
2021-12-25,2104,33053,46369854,17181837
2021-12-26,8782,159077,46378636,17340914
2021-12-27,46851,504703,46425487,17845617
2021-12-28,42512,554268,46467999,18399885
2021-12-29,34408,550685,46502407,18950570
2021-12-30,31903,499870,46534310,19450440
2021-12-31,14151,247410,46548461,19697850
2022-01-01,3502,64814,46551963,19762664
2022-01-02,22839,276728,46574802,20039392
2022-01-03,47962,520038,46622764,20559430
2022-01-04,46491,572107,46669255,21131537
2022-01-05,40863,560430,46710118,21691967
2022-01-06,23543,274491,46733661,21966458
2022-01-07,63813,554227,46797474,22520685
2022-01-08,61000,503426,46858474,23024111
2022-01-09,42979,319707,46901453,23343818
2022-01-10,61184,542329,46962637,23886147
2022-01-11,61876,587041,47024513,24473188
2022-01-12,58571,581316,47083084,25054504
2022-01-13,58730,580437,47141814,25634941
2022-01-14,46956,588626,47188770,26223567
2022-01-15,39593,570002,47228363,26793569
2022-01-16,31333,341898,47259696,27135467
2022-01-17,54865,489694,47314561,27625161
2022-01-18,58478,517057,47373039,28142218
2022-01-19,57279,502825,47430318,28645043
2022-01-20,54432,498865,47484750,29143908
2022-01-21,42193,493903,47526943,29637811
2022-01-22,31315,469621,47558258,30107432
2022-01-23,34985,275391,47593243,30382823
2022-01-24,56232,437255,47649475,30820078
2022-01-25,61607,452134,47711082,31272212
2022-01-26,58600,435853,47769682,31708065
2022-01-27,48900,432415,47818582,32140480
2022-01-28,58767,436565,47877349,32577045
2022-01-29,68199,412519,47945548,32989564
2022-01-30,50414,235990,47995962,33225554
2022-01-31,60726,356952,48056688,33582506
2022-02-01,65620,328473,48122308,33910979
2022-02-02,63254,296999,48185562,34207978
2022-02-03,60097,274539,48245659,34482517
2022-02-04,72417,268474,48318076,34750991
2022-02-05,83817,248560,48401893,34999551
2022-02-06,55310,116205,48457203,35115756
2022-02-07,65192,199947,48522395,35315703
2022-02-08,66959,186131,48589354,35501834
2022-02-09,58778,166355,48648132,35668189
2022-02-10,58604,163255,48706736,35831444
2022-02-11,62276,162479,48769012,35993923
2022-02-12,72016,152155,48841028,36146078
2022-02-13,41487,68859,48882515,36214937
2022-02-14,46711,116194,48929226,36331131
2022-02-15,48573,123482,48977799,36454613
2022-02-16,45695,106131,49023494,36560744
2022-02-17,42875,98127,49066369,36658871
2022-02-18,46639,112590,49113008,36771461
2022-02-19,52548,100340,49165556,36871801
2022-02-20,31416,40367,49196972,36912168
2022-02-21,37902,89658,49234874,37001826
2022-02-22,37226,83785,49272100,37085611
2022-02-23,33403,79408,49305503,37165019
2022-02-24,32561,78167,49338064,37243186
2022-02-25,34775,90714,49372839,37333900
2022-02-26,39165,89136,49412004,37423036
2022-02-27,22548,35858,49434552,37458894
2022-02-28,28489,81700,49463041,37540594
2022-03-01,22732,53943,49485773,37594537
2022-03-02,21936,50711,49507709,37645248
2022-03-03,22641,54947,49530350,37700195
2022-03-04,23244,62801,49553594,37762996
2022-03-05,23805,57952,49577399,37820948
2022-03-06,9473,17201,49586872,37838149
2022-03-07,15926,51391,49602798,37889540
2022-03-08,15481,48797,49618279,37938337
2022-03-09,13816,46517,49632095,37984854
2022-03-10,14061,52127,49646156,38036981
2022-03-11,15591,57273,49661747,38094254
2022-03-12,15513,56619,49677260,38150873
2022-03-13,5545,16852,49682805,38167725
2022-03-14,10529,46701,49693334,38214426
2022-03-15,10553,46895,49703887,38261321
2022-03-16,9484,41977,49713371,38303298
2022-03-17,9725,44876,49723096,38348174
2022-03-18,10164,49058,49733260,38397232
2022-03-19,9151,46539,49742411,38443771
2022-03-20,2608,11704,49745019,38455475
2022-03-21,7586,40231,49752605,38495706
2022-03-22,8448,37768,49761053,38533474
2022-03-23,7220,33701,49768273,38567175
2022-03-24,8260,38820,49776533,38605995
2022-03-25,8143,43672,49784676,38649667
2022-03-26,8130,41719,49792806,38691386
2022-03-27,2432,9683,49795238,38701069
2022-03-28,6112,35243,49801350,38736312
2022-03-29,5783,32532,49807133,38768844
2022-03-30,5567,30202,49812700,38799046
2022-03-31,5905,33187,49818605,38832233
2022-04-01,4351,25187,49822956,38857420
2022-04-02,4497,23275,49827453,38880695
2022-04-03,1049,4500,49828502,38885195
2022-04-04,3661,21546,49832163,38906741
2022-04-05,3758,22938,49835921,38929679
2022-04-06,4105,21852,49840026,38951531
2022-04-07,3970,23320,49843996,38974851
2022-04-08,4696,26715,49848692,39001566
2022-04-09,4381,23889,49853073,39025455
2022-04-10,893,4613,49853966,39030068
2022-04-11,3819,22688,49857785,39052756
2022-04-12,3365,21779,49861150,39074535
2022-04-13,3574,21337,49864724,39095872
2022-04-14,3487,23789,49868211,39119661
2022-04-15,3086,20621,49871297,39140282
2022-04-16,2151,11918,49873448,39152200
2022-04-17,63,348,49873511,39152548
2022-04-18,152,650,49873663,39153198
2022-04-19,3499,21985,49877162,39175183
2022-04-20,3513,20250,49880675,39195433
2022-04-21,2848,19792,49883523,39215225
2022-04-22,2928,20714,49886451,39235939
2022-04-23,2648,16221,49889099,39252160
2022-04-24,509,2334,49889608,39254494
2022-04-25,183,1165,49889791,39255659
2022-04-26,2760,17810,49892551,39273469
2022-04-27,2374,15795,49894925,39289264
2022-04-28,2362,15565,49897287,39304829
2022-04-29,2298,14850,49899585,39319679
2022-04-30,2123,11584,49901708,39331263
2022-05-01,113,531,49901821,39331794
2022-05-02,1451,9393,49903272,39341187
2022-05-03,1577,10324,49904849,39351511
2022-05-04,1747,10276,49906596,39361787
2022-05-05,1654,10296,49908250,39372083
2022-05-06,1701,10972,49909951,39383055
2022-05-07,1431,8573,49911382,39391628
2022-05-08,417,1526,49911799,39393154
2022-05-09,1029,8931,49912828,39402085
2022-05-10,1426,9549,49914254,39411634
2022-05-11,1484,10108,49915738,39421742
2022-05-12,1371,10137,49917109,39431879
2022-05-13,1597,10520,49918706,39442399
2022-05-14,1360,8240,49920066,39450639
2022-05-15,336,1136,49920402,39451775
2022-05-16,814,8406,49921216,39460181
2022-05-17,1244,8707,49922460,39468888
2022-05-18,1373,9255,49923833,39478143
2022-05-19,1501,9285,49925334,39487428
2022-05-20,1426,9532,49926760,39496960
2022-05-21,1302,7901,49928062,39504861
2022-05-22,231,1013,49928293,39505874
2022-05-23,830,8273,49929123,39514147
2022-05-24,1073,8673,49930196,39522820
2022-05-25,1372,9460,49931568,39532280
2022-05-26,1198,9480,49932766,39541760
2022-05-27,1232,9916,49933998,39551676
2022-05-28,1205,7887,49935203,39559563
2022-05-29,288,1265,49935491,39560828
2022-05-30,931,8058,49936422,39568886
2022-05-31,1039,8548,49937461,39577434
2022-06-01,895,7658,49938356,39585092
2022-06-02,35,474,49938391,39585566
2022-06-03,817,7334,49939208,39592900
2022-06-04,870,5162,49940078,39598062
2022-06-05,89,586,49940167,39598648
2022-06-06,679,7004,49940846,39605652
2022-06-07,952,7850,49941798,39613502
2022-06-08,981,7906,49942779,39621408
2022-06-09,1037,8418,49943816,39629826
2022-06-10,958,8563,49944774,39638389
2022-06-11,904,6206,49945678,39644595
2022-06-12,140,768,49945818,39645363
2022-06-13,602,6301,49946420,39651664
2022-06-14,832,7904,49947252,39659568
2022-06-15,960,7856,49948212,39667424
2022-06-16,733,7397,49948945,39674821
2022-06-17,724,7248,49949669,39682069
2022-06-18,778,5594,49950447,39687663
2022-06-19,49,521,49950496,39688184
2022-06-20,587,6699,49951083,39694883
2022-06-21,741,7664,49951824,39702547
2022-06-22,779,7312,49952603,39709859
2022-06-23,648,7472,49953251,39717331
2022-06-24,644,7474,49953895,39724805
2022-06-25,835,6533,49954730,39731338
2022-06-26,128,523,49954858,39731861
2022-06-27,534,7125,49955392,39738986
2022-06-28,747,8207,49956139,39747193
2022-06-29,756,7732,49956895,39754925
2022-06-30,747,8145,49957642,39763070
2022-07-01,577,6443,49958219,39769513
2022-07-02,536,4769,49958755,39774282
2022-07-03,49,456,49958804,39774738
2022-07-04,469,6277,49959273,39781015
2022-07-05,631,8121,49959904,39789136
2022-07-06,634,7611,49960538,39796747
2022-07-07,576,8272,49961114,39805019
2022-07-08,675,8084,49961789,39813103
2022-07-09,550,6105,49962339,39819208
2022-07-10,58,533,49962397,39819741
2022-07-11,491,7641,49962888,39827382
2022-07-12,668,9031,49963556,39836413
2022-07-13,644,10067,49964200,39846480
2022-07-14,637,10225,49964837,39856705
2022-07-15,627,10674,49965464,39867379
2022-07-16,523,7215,49965987,39874594
2022-07-17,48,770,49966035,39875364
2022-07-18,496,9374,49966531,39884738
2022-07-19,575,10683,49967106,39895421
2022-07-20,582,11277,49967688,39906698
2022-07-21,630,12091,49968318,39918789
2022-07-22,585,11260,49968903,39930049
2022-07-23,381,6775,49969284,39936824
2022-07-24,76,857,49969360,39937681
2022-07-25,503,9052,49969863,39946733
2022-07-26,522,9762,49970385,39956495
2022-07-27,553,10210,49970938,39966705
2022-07-28,532,10535,49971470,39977240
2022-07-29,511,9466,49971981,39986706
2022-07-30,383,5882,49972364,39992588
2022-07-31,49,764,49972413,39993352
2022-08-01,386,6865,49972799,40000217
2022-08-02,548,7590,49973347,40007807
2022-08-03,513,7179,49973860,40014986
2022-08-04,455,7491,49974315,40022477
2022-08-05,421,6526,49974736,40029003
2022-08-06,299,3613,49975035,40032616
2022-08-07,44,563,49975079,40033179
2022-08-08,403,4890,49975482,40038069
2022-08-09,381,5312,49975863,40043381
2022-08-10,385,4816,49976248,40048197
2022-08-11,369,4803,49976617,40053000
2022-08-12,294,3720,49976911,40056720
2022-08-13,143,1600,49977054,40058320
2022-08-14,9,129,49977063,40058449
2022-08-15,1,26,49977064,40058475
2022-08-16,283,3043,49977347,40061518
2022-08-17,352,3536,49977699,40065054
2022-08-18,392,4160,49978091,40069214
2022-08-19,342,3319,49978433,40072533
2022-08-20,183,1715,49978616,40074248
2022-08-21,24,149,49978640,40074397
2022-08-22,329,2952,49978969,40077349
2022-08-23,370,3674,49979339,40081023
2022-08-24,384,3360,49979723,40084383
2022-08-25,423,3773,49980146,40088156
2022-08-26,399,3575,49980545,40091731
2022-08-27,237,1769,49980782,40093500
2022-08-28,29,267,49980811,40093767
2022-08-29,354,3161,49981165,40096928
2022-08-30,405,3671,49981570,40100599
2022-08-31,438,3734,49982008,40104333
2022-09-01,353,3116,49982361,40107449
2022-09-02,296,2893,49982657,40110342
2022-09-03,200,1689,49982857,40112031
2022-09-04,24,149,49982881,40112180
2022-09-05,187,2656,49983068,40114836
2022-09-06,306,2983,49983374,40117819
2022-09-07,541,2937,49983915,40120756
2022-09-08,293,2963,49984208,40123719
2022-09-09,305,2886,49984513,40126605
2022-09-10,228,1326,49984741,40127931
2022-09-11,23,124,49984764,40128055
2022-09-12,267,2268,49985031,40130323
2022-09-13,252,2276,49985283,40132599
2022-09-14,266,2566,49985549,40135165
2022-09-15,282,2501,49985831,40137666
2022-09-16,256,2546,49986087,40140212
2022-09-17,239,1339,49986326,40141551
2022-09-18,20,170,49986346,40141721
2022-09-19,206,1971,49986552,40143692
2022-09-20,235,2392,49986787,40146084
2022-09-21,289,2526,49987076,40148610
2022-09-22,267,2663,49987343,40151273
2022-09-23,259,2545,49987602,40153818
2022-09-24,193,1427,49987795,40155245
2022-09-25,29,133,49987824,40155378
2022-09-26,280,2248,49988104,40157626
2022-09-27,287,2683,49988391,40160309
2022-09-28,310,2904,49988701,40163213
2022-09-29,257,3049,49988958,40166262
2022-09-30,292,2989,49989250,40169251
2022-10-01,195,1515,49989445,40170766
2022-10-02,12,187,49989457,40170953
2022-10-03,185,2474,49989642,40173427
2022-10-04,236,2862,49989878,40176289
2022-10-05,229,3252,49990107,40179541
2022-10-06,243,3874,49990350,40183415
2022-10-07,283,4189,49990633,40187604
2022-10-08,204,2270,49990837,40189874
2022-10-09,8,305,49990845,40190179
2022-10-10,211,3356,49991056,40193535
2022-10-11,194,4378,49991250,40197913
2022-10-12,209,4441,49991459,40202354
2022-10-13,203,5304,49991662,40207658
2022-10-14,232,5026,49991894,40212684
2022-10-15,191,2671,49992085,40215355
2022-10-16,6,360,49992091,40215715
2022-10-17,186,3873,49992277,40219588
2022-10-18,257,4967,49992534,40224555
2022-10-19,244,5478,49992778,40230033
2022-10-20,224,5997,49993002,40236030
2022-10-21,250,5477,49993252,40241507
2022-10-22,195,2911,49993447,40244418
2022-10-23,13,364,49993460,40244782
2022-10-24,171,3930,49993631,40248712
2022-10-25,253,4926,49993884,40253638
2022-10-26,347,5502,49994231,40259140
2022-10-27,241,5671,49994472,40264811
2022-10-28,200,5262,49994672,40270073
2022-10-29,128,2844,49994800,40272917
2022-10-30,3,328,49994803,40273245
2022-10-31,117,3042,49994920,40276287
2022-11-01,11,353,49994931,40276640
2022-11-02,145,3721,49995076,40280361
2022-11-03,174,4788,49995250,40285149
2022-11-04,225,4603,49995475,40289752
2022-11-05,144,2598,49995619,40292350
2022-11-06,10,261,49995629,40292611
2022-11-07,169,3225,49995798,40295836
2022-11-08,260,4251,49996058,40300087
2022-11-09,197,4331,49996255,40304418
2022-11-10,183,4590,49996438,40309008
2022-11-11,193,4221,49996631,40313229
2022-11-12,152,2374,49996783,40315603
2022-11-13,7,338,49996790,40315941
2022-11-14,149,2838,49996939,40318779
2022-11-15,202,3748,49997141,40322527
2022-11-16,217,3991,49997358,40326518
2022-11-17,191,4101,49997549,40330619
2022-11-18,247,4032,49997796,40334651
2022-11-19,112,2104,49997908,40336755
2022-11-20,24,317,49997932,40337072
2022-11-21,119,2620,49998051,40339692
2022-11-22,143,3214,49998194,40342906
2022-11-23,190,3624,49998384,40346530
2022-11-24,156,3833,49998540,40350363
2022-11-25,184,3783,49998724,40354146
2022-11-26,132,2093,49998856,40356239
2022-11-27,22,356,49998878,40356595
2022-11-28,182,2681,49999060,40359276
2022-11-29,257,3229,49999317,40362505
2022-11-30,182,3727,49999499,40366232
2022-12-01,150,3619,49999649,40369851
2022-12-02,156,3519,49999805,40373370
2022-12-03,105,1966,49999910,40375336
2022-12-04,5,290,49999915,40375626
2022-12-05,128,2851,50000043,40378477
2022-12-06,176,3646,50000219,40382123
2022-12-07,135,3126,50000354,40385249
2022-12-08,8,169,50000362,40385418
2022-12-09,160,3018,50000522,40388436
2022-12-10,78,1602,50000600,40390038
2022-12-11,7,193,50000607,40390231
2022-12-12,170,2525,50000777,40392756
2022-12-13,254,3032,50001031,40395788
2022-12-14,225,3197,50001256,40398985
2022-12-15,204,3239,50001460,40402224
2022-12-16,162,3154,50001622,40405378
2022-12-17,94,1676,50001716,40407054
2022-12-18,10,270,50001726,40407324
2022-12-19,144,2150,50001870,40409474
2022-12-20,211,2483,50002081,40411957
2022-12-21,153,2180,50002234,40414137
2022-12-22,140,1850,50002374,40415987
2022-12-23,149,1201,50002523,40417188
2022-12-24,32,160,50002555,40417348
2022-12-25,0,6,50002555,40417354
2022-12-26,6,41,50002561,40417395
2022-12-27,131,1520,50002692,40418915
2022-12-28,130,1661,50002822,40420576