data_somministrazione,vaccinazioni,booster,cum_vaccinazioni,cum_booster
2020-12-27,16,0,16,0
2020-12-28,2,0,18,0
2020-12-29,1,0,19,0
2020-12-30,3,0,22,0
2020-12-31,34,0,56,0
2021-01-01,12,0,68,0
2021-01-02,53,0,121,0
2021-01-03,46,0,167,0
2021-01-04,123,0,290,0
2021-01-05,160,0,450,0
2021-01-06,135,0,585,0
2021-01-07,198,0,783,0
2021-01-08,245,0,1028,0
2021-01-09,172,0,1200,0
2021-01-10,110,0,1310,0
2021-01-11,199,0,1509,0
2021-01-12,208,0,1717,0
2021-01-13,311,0,2028,0
2021-01-14,413,0,2441,0
2021-01-15,249,0,2690,0
2021-01-16,165,0,2855,0
2021-01-17,3048,0,5903,0
2021-01-18,5185,0,11088,0
2021-01-19,1872,0,12960,0
2021-01-20,4660,0,17620,0
2021-01-21,20015,0,37635,0
2021-01-22,14196,0,51831,0
2021-01-23,33369,0,85200,0
2021-01-24,30794,0,115994,0
2021-01-25,64787,0,180781,0
2021-01-26,76710,0,257491,0
2021-01-27,64883,0,322374,0
2021-01-28,89399,0,411773,0
2021-01-29,94181,0,505954,0
2021-01-30,86802,0,592756,0
2021-01-31,57383,0,650139,0
2021-02-01,81944,0,732083,0
2021-02-02,82219,0,814302,0
2021-02-03,91388,0,905690,0
2021-02-04,95446,0,1001136,0
2021-02-05,90350,0,1091486,0
2021-02-06,63816,0,1155302,0
2021-02-07,32951,0,1188253,0
2021-02-08,40485,0,1228738,0
2021-02-09,32837,0,1261575,0
2021-02-10,28384,0,1289959,0
2021-02-11,20352,0,1310311,0
2021-02-12,16178,0,1326489,0
2021-02-13,7218,0,1333707,0
2021-02-14,2856,0,1336563,0
2021-02-15,6871,0,1343434,0
2021-02-16,6975,0,1350409,0
2021-02-17,10510,0,1360919,0
2021-02-18,9331,0,1370250,0
2021-02-19,8242,0,1378492,0
2021-02-20,5560,0,1384052,0
2021-02-21,2982,0,1387034,0
2021-02-22,6860,0,1393894,0
2021-02-23,7136,0,1401030,0
2021-02-24,9789,0,1410819,0
2021-02-25,14168,0,1424987,0
2021-02-26,17517,0,1442504,0
2021-02-27,13855,0,1456359,0
2021-02-28,9372,0,1465731,0
2021-03-01,26436,0,1492167,0
2021-03-02,33174,0,1525341,0
2021-03-03,44670,0,1570011,0
2021-03-04,50241,0,1620252,0
2021-03-05,55716,0,1675968,0
2021-03-06,41860,0,1717828,0
2021-03-07,22286,0,1740114,0
2021-03-08,50686,0,1790800,0
2021-03-09,53031,0,1843831,0
2021-03-10,58566,0,1902397,0
2021-03-11,63822,0,1966219,0
2021-03-12,65065,0,2031284,0
2021-03-13,51723,0,2083007,0
2021-03-14,35343,0,2118350,0
2021-03-15,73562,0,2191912,0
2021-03-16,74076,0,2265988,0
2021-03-17,83074,0,2349062,0
2021-03-18,81625,0,2430687,0
2021-03-19,81079,0,2511766,0
2021-03-20,64748,0,2576514,0
2021-03-21,47273,0,2623787,0
2021-03-22,69450,0,2693237,0
2021-03-23,75809,0,2769046,0
2021-03-24,90850,0,2859896,0
2021-03-25,89747,0,2949643,0
2021-03-26,83537,0,3033180,0
2021-03-27,71906,0,3105086,0
2021-03-28,44032,0,3149118,0
2021-03-29,70794,0,3219912,0
2021-03-30,81270,0,3301182,0
2021-03-31,96139,0,3397321,0
2021-04-01,95234,0,3492555,0
2021-04-02,84076,0,3576631,0
2021-04-03,64287,0,3640918,0
2021-04-04,21687,0,3662605,0
2021-04-05,40261,0,3702866,0
2021-04-06,81325,0,3784191,0
2021-04-07,95829,0,3880020,0
2021-04-08,95349,0,3975369,0
2021-04-09,88433,0,4063802,0
2021-04-10,74048,0,4137850,0
2021-04-11,44770,0,4182620,0
2021-04-12,66996,0,4249616,0
2021-04-13,72672,0,4322288,0
2021-04-14,85491,0,4407779,0
2021-04-15,105350,0,4513129,0
2021-04-16,106439,0,4619568,0
2021-04-17,90632,0,4710200,0
2021-04-18,58749,0,4768949,0
2021-04-19,93543,0,4862492,0
2021-04-20,103880,0,4966372,0
2021-04-21,125483,0,5091855,0
2021-04-22,143643,0,5235498,0
2021-04-23,138812,0,5374310,0
2021-04-24,124487,0,5498797,0
2021-04-25,61403,0,5560200,0
2021-04-26,97941,0,5658141,0
2021-04-27,128569,0,5786710,0
2021-04-28,156479,0,5943189,0
2021-04-29,195616,0,6138805,0
2021-04-30,214773,0,6353578,0
2021-05-01,174279,0,6527857,0
2021-05-02,136477,0,6664334,0
2021-05-03,142238,0,6806572,0
2021-05-04,158923,0,6965495,0
2021-05-05,171325,0,7136820,0
2021-05-06,198771,0,7335591,0
2021-05-07,214693,0,7550284,0
2021-05-08,213873,0,7764157,0
2021-05-09,143415,0,7907572,0
2021-05-10,165395,0,8072967,0
2021-05-11,175232,0,8248199,0
2021-05-12,179363,0,8427562,0
2021-05-13,203583,0,8631145,0
2021-05-14,223433,0,8854578,0
2021-05-15,211936,0,9066514,0
2021-05-16,160730,0,9227244,0
2021-05-17,219435,0,9446679,0
2021-05-18,213416,0,9660095,0
2021-05-19,207432,0,9867527,0
2021-05-20,271257,0,10138784,0
2021-05-21,271276,0,10410060,0
2021-05-22,246482,0,10656542,0
2021-05-23,198412,0,10854954,0
2021-05-24,228703,0,11083657,0
2021-05-25,247139,0,11330796,0
2021-05-26,278964,0,11609760,0
2021-05-27,312612,0,11922372,0
2021-05-28,300079,0,12222451,0
2021-05-29,231706,0,12454157,0
2021-05-30,172011,0,12626168,0
2021-05-31,217942,0,12844110,0
2021-06-01,208341,0,13052451,0
2021-06-02,116264,0,13168715,0
2021-06-03,180526,0,13349241,0
2021-06-04,186096,0,13535337,0
2021-06-05,186609,0,13721946,0
2021-06-06,140139,0,13862085,0
2021-06-07,162260,0,14024345,0
2021-06-08,171248,0,14195593,0
2021-06-09,171653,0,14367246,0
2021-06-10,174070,0,14541316,0
2021-06-11,169999,0,14711315,0
2021-06-12,128296,0,14839611,0
2021-06-13,91502,0,14931113,0
2021-06-14,215255,0,15146368,0
2021-06-15,228928,0,15375296,0
2021-06-16,254259,0,15629555,0
2021-06-17,302846,0,15932401,0
2021-06-18,307139,0,16239540,0
2021-06-19,276233,0,16515773,0
2021-06-20,221565,0,16737338,0
2021-06-21,289154,0,17026492,0
2021-06-22,297601,0,17324093,0
2021-06-23,304334,0,17628427,0
2021-06-24,333947,0,17962374,0
2021-06-25,350000,0,18312374,0
2021-06-26,301418,0,18613792,0
2021-06-27,229718,0,18843510,0
2021-06-28,308396,0,19151906,0
2021-06-29,331000,0,19482906,0
2021-06-30,344156,0,19827062,0
2021-07-01,364841,0,20191903,0
2021-07-02,370280,0,20562183,0
2021-07-03,373387,0,20935570,0
2021-07-04,284527,0,21220097,0
2021-07-05,386284,0,21606381,0
2021-07-06,387427,0,21993808,0
2021-07-07,414233,0,22408041,0
2021-07-08,482551,0,22890592,0
2021-07-09,500762,0,23391354,0
2021-07-10,477353,0,23868707,0
2021-07-11,359025,0,24227732,0
2021-07-12,487801,0,24715533,0
2021-07-13,494561,0,25210094,0
2021-07-14,482766,0,25692860,0
2021-07-15,525850,0,26218710,0
2021-07-16,511646,0,26730356,0
2021-07-17,466389,0,27196745,0
2021-07-18,366091,0,27562836,0
2021-07-19,465076,0,28027912,0
2021-07-20,459804,0,28487716,0
2021-07-21,464656,0,28952372,0
2021-07-22,476608,0,29428980,0
2021-07-23,442879,0,29871859,0
2021-07-24,386909,0,30258768,0
2021-07-25,288031,0,30546799,0
2021-07-26,432370,0,30979169,0
2021-07-27,441770,0,31420939,0
2021-07-28,392581,0,31813520,0
2021-07-29,373622,0,32187142,0
2021-07-30,342886,0,32530028,0
2021-07-31,288345,0,32818373,0
2021-08-01,191391,0,33009764,0
2021-08-02,335335,0,33345099,0
2021-08-03,324443,0,33669542,0
2021-08-04,312286,0,33981828,0
2021-08-05,293689,0,34275517,0
2021-08-06,260987,0,34536504,0
2021-08-07,199385,0,34735889,0
2021-08-08,153557,0,34889446,0
2021-08-09,235231,0,35124677,0
2021-08-10,205532,0,35330209,0
2021-08-11,194248,0,35524457,0
2021-08-12,168466,0,35692923,0
2021-08-13,148636,0,35841559,0
2021-08-14,65977,0,35907536,0
2021-08-15,26295,0,35933831,0
2021-08-16,114857,0,36048688,0
2021-08-17,129244,0,36177932,0
2021-08-18,128828,0,36306760,0
2021-08-19,125165,0,36431925,0
2021-08-20,124254,0,36556179,0
2021-08-21,83480,0,36639659,0
2021-08-22,68354,0,36708013,0
2021-08-23,177067,0,36885080,0
2021-08-24,157803,0,37042883,0
2021-08-25,177770,0,37220653,0
2021-08-26,173132,0,37393785,0
2021-08-27,186313,0,37580098,0
2021-08-28,140247,0,37720345,0
2021-08-29,99144,0,37819489,0
2021-08-30,210007,0,38029496,0
2021-08-31,195072,0,38224568,0
2021-09-01,192640,0,38417208,0
2021-09-02,190110,0,38607318,0
2021-09-03,191303,0,38798621,0
2021-09-04,131488,0,38930109,0
2021-09-05,87891,0,39018000,0
2021-09-06,193752,0,39211752,0
2021-09-07,195911,0,39407663,0
2021-09-08,187856,0,39595519,0
2021-09-09,201477,0,39796996,0
2021-09-10,198128,0,39995124,0
2021-09-11,141215,0,40136339,0
2021-09-12,89557,0,40225896,0
2021-09-13,191184,349,40417080,349
2021-09-14,177309,425,40594389,774
2021-09-15,163072,456,40757461,1230
2021-09-16,160038,789,40917499,2019
2021-09-17,150065,1004,41067564,3023
2021-09-18,127796,657,41195360,3680
2021-09-19,81103,441,41276463,4121
2021-09-20,179870,8957,41456333,13078
2021-09-21,166353,8729,41622686,21807
2021-09-22,158901,9369,41781587,31176
2021-09-23,137784,9244,41919371,40420
2021-09-24,140248,8857,42059619,49277
2021-09-25,119344,5561,42178963,54838
2021-09-26,71799,4293,42250762,59131
2021-09-27,135405,9980,42386167,69111
2021-09-28,117229,11308,42503396,80419
2021-09-29,112064,11762,42615460,92181
2021-09-30,109968,14848,42725428,107029
2021-10-01,94686,19029,42820114,126058
2021-10-02,78225,13986,42898339,140044
2021-10-03,47564,7630,42945903,147674
2021-10-04,88090,34357,43033993,182031
2021-10-05,80124,33927,43114117,215958
2021-10-06,71736,34076,43185853,250034
2021-10-07,71514,34289,43257367,284323
2021-10-08,80377,33504,43337744,317827
2021-10-09,75823,22108,43413567,339935
2021-10-10,45647,13589,43459214,353524
2021-10-11,87110,40999,43546324,394523
2021-10-12,84200,46793,43630524,441316
2021-10-13,87860,52001,43718384,493317
2021-10-14,91154,58399,43809538,551716
2021-10-15,93189,55482,43902727,607198
2021-10-16,82633,36707,43985360,643905
2021-10-17,51253,23780,44036613,667685
2021-10-18,90026,59336,44126639,727021
2021-10-19,78093,69291,44204732,796312
2021-10-20,74810,78033,44279542,874345
2021-10-21,78056,81602,44357598,955947
2021-10-22,73636,76896,44431234,1032843
2021-10-23,60630,51884,44491864,1084727
2021-10-24,33311,23400,44525175,1108127
2021-10-25,64834,81531,44590009,1189658
2021-10-26,58238,91631,44648247,1281289
2021-10-27,58139,103829,44706386,1385118
2021-10-28,61280,113877,44767666,1498995
2021-10-29,61567,103013,44829233,1602008
2021-10-30,50544,68117,44879777,1670125
2021-10-31,25112,28237,44904889,1698362
2021-11-01,19010,28118,44923899,1726480
2021-11-02,62711,89282,44986610,1815762
2021-11-03,60630,118606,45047240,1934368
2021-11-04,59113,126487,45106353,2060855
2021-11-05,62963,134981,45169316,2195836
2021-11-06,46345,90885,45215661,2286721
2021-11-07,22205,37836,45237866,2324557
2021-11-08,51358,131120,45289224,2455677
2021-11-09,45324,143985,45334548,2599662
2021-11-10,42463,156152,45377011,2755814
2021-11-11,44792,155003,45421803,2910817
2021-11-12,46209,158483,45468012,3069300
2021-11-13,33108,116545,45501120,3185845
2021-11-14,14443,52391,45515563,3238236
2021-11-15,36763,157216,45552326,3395452
2021-11-16,30420,171286,45582746,3566738
2021-11-17,28300,178394,45611046,3745132
2021-11-18,30097,193933,45641143,3939065
2021-11-19,28640,205825,45669783,4144890
2021-11-20,20874,156236,45690657,4301126
2021-11-21,10533,64738,45701190,4365864
2021-11-22,21784,213183,45722974,4579047
2021-11-23,23423,241813,45746397,4820860
2021-11-24,27651,271003,45774048,5091863
2021-11-25,23017,301846,45797065,5393709
2021-11-26,24362,318116,45821427,5711825
2021-11-27,21195,265868,45842622,5977693
2021-11-28,9810,136845,45852432,6114538
2021-11-29,22071,325768,45874503,6440306
2021-11-30,22826,365595,45897329,6805901
2021-12-01,21221,412990,45918550,7218891
2021-12-02,23456,440200,45942006,7659091
2021-12-03,24898,467078,45966904,8126169
2021-12-04,22087,418588,45988991,8544757
2021-12-05,11715,261235,46000706,8805992
2021-12-06,25370,457684,46026076,9263676
2021-12-07,23721,480316,46049797,9743992
2021-12-08,9789,249889,46059586,9993881
2021-12-09,31069,492095,46090655,10485976
2021-12-10,27624,517734,46118279,11003710
2021-12-11,23146,459463,46141425,11463173
2021-12-12,12029,293615,46153454,11756788
2021-12-13,25681,467645,46179135,12224433
2021-12-14,24666,494233,46203801,12718666
2021-12-15,24815,517112,46228616,13235778
2021-12-16,27226,520217,46255842,13755995
2021-12-17,28772,516850,46284614,14272845
2021-12-18,26436,468944,46311050,14741789
2021-12-19,14745,300746,46325795,15042535
2021-12-20,29993,477566,46355788,15520101
2021-12-21,29779,493353,46385567,16013454
2021-12-22,28732,484737,46414299,16498191
2021-12-23,27511,427132,46441810,16925323
2021-12-24,12829,210935,46454639,17136258
2021-12-25,2076,33030,46456715,17169288
2021-12-26,8503,159000,46465218,17328288
2021-12-27,45691,505198,46510909,17833486
2021-12-28,41004,554731,46551913,18388217
2021-12-29,32666,551133,46584579,18939350
2021-12-30,30203,500363,46614782,19439713
2021-12-31,13181,248002,46627963,19687715
2022-01-01,3304,64766,46631267,19752481
2022-01-02,21176,277452,46652443,20029933
2022-01-03,44966,521508,46697409,20551441
2022-01-04,42991,573559,46740400,21125000
2022-01-05,36964,561758,46777364,21686758
2022-01-06,21261,274651,46798625,21961409
2022-01-07,59383,555421,46858008,22516830
2022-01-08,56008,503887,46914016,23020717
2022-01-09,39028,319511,46953044,23340228
2022-01-10,57271,542531,47010315,23882759
2022-01-11,57322,587212,47067637,24469971
2022-01-12,54135,581433,47121772,25051404
2022-01-13,54629,580535,47176401,25631939
2022-01-14,42760,588403,47219161,26220342
2022-01-15,34380,568171,47253541,26788513
2022-01-16,27896,340999,47281437,27129512
2022-01-17,52116,489936,47333553,27619448
2022-01-18,55821,517155,47389374,28136603
2022-01-19,54779,502937,47444153,28639540
2022-01-20,52055,498828,47496208,29138368
2022-01-21,39721,493740,47535929,29632108
2022-01-22,28244,468988,47564173,30101096
2022-01-23,33296,274966,47597469,30376062
2022-01-24,54588,437425,47652057,30813487
2022-01-25,60088,452101,47712145,31265588
2022-01-26,56963,435904,47769108,31701492
2022-01-27,47286,432144,47816394,32133636
2022-01-28,56970,436391,47873364,32570027
2022-01-29,66171,411472,47939535,32981499
2022-01-30,49041,235317,47988576,33216816
2022-01-31,58912,356751,48047488,33573567
2022-02-01,64126,328149,48111614,33901716
2022-02-02,61850,296357,48173464,34198073
2022-02-03,58821,273124,48232285,34471197
2022-02-04,70863,266548,48303148,34737745
2022-02-05,81773,246814,48384921,34984559
2022-02-06,54258,115217,48439179,35099776
2022-02-07,32838,108229,48472017,35208005