data_somministrazione,vaccinazioni,booster,cum_vaccinazioni,cum_booster
2020-12-27,16,0,16,0
2020-12-28,2,0,18,0
2020-12-29,1,0,19,0
2020-12-30,3,0,22,0
2020-12-31,34,0,56,0
2021-01-01,12,0,68,0
2021-01-02,54,0,122,0
2021-01-03,46,0,168,0
2021-01-04,124,0,292,0
2021-01-05,165,0,457,0
2021-01-06,135,0,592,0
2021-01-07,203,0,795,0
2021-01-08,247,0,1042,0
2021-01-09,175,0,1217,0
2021-01-10,110,0,1327,0
2021-01-11,200,0,1527,0
2021-01-12,208,0,1735,0
2021-01-13,314,0,2049,0
2021-01-14,414,0,2463,0
2021-01-15,255,0,2718,0
2021-01-16,168,0,2886,0
2021-01-17,3050,0,5936,0
2021-01-18,5186,0,11122,0
2021-01-19,1876,0,12998,0
2021-01-20,4649,0,17647,0
2021-01-21,20006,0,37653,0
2021-01-22,14197,0,51850,0
2021-01-23,33358,0,85208,0
2021-01-24,30794,0,116002,0
2021-01-25,64778,0,180780,0
2021-01-26,76552,0,257332,0
2021-01-27,64882,0,322214,0
2021-01-28,89345,0,411559,0
2021-01-29,94076,0,505635,0
2021-01-30,86620,0,592255,0
2021-01-31,57355,0,649610,0
2021-02-01,81909,0,731519,0
2021-02-02,82173,0,813692,0
2021-02-03,91218,0,904910,0
2021-02-04,95385,0,1000295,0
2021-02-05,90296,0,1090591,0
2021-02-06,63733,0,1154324,0
2021-02-07,32919,0,1187243,0
2021-02-08,40415,0,1227658,0
2021-02-09,32845,0,1260503,0
2021-02-10,28387,0,1288890,0
2021-02-11,20356,0,1309246,0
2021-02-12,16181,0,1325427,0
2021-02-13,7217,0,1332644,0
2021-02-14,2856,0,1335500,0
2021-02-15,6823,0,1342323,0
2021-02-16,6974,0,1349297,0
2021-02-17,10497,0,1359794,0
2021-02-18,9218,0,1369012,0
2021-02-19,8172,0,1377184,0
2021-02-20,5475,0,1382659,0
2021-02-21,2948,0,1385607,0
2021-02-22,6839,0,1392446,0
2021-02-23,7107,0,1399553,0
2021-02-24,9792,0,1409345,0
2021-02-25,14172,0,1423517,0
2021-02-26,17491,0,1441008,0
2021-02-27,13856,0,1454864,0
2021-02-28,9345,0,1464209,0
2021-03-01,26446,0,1490655,0
2021-03-02,33173,0,1523828,0
2021-03-03,44599,0,1568427,0
2021-03-04,50206,0,1618633,0
2021-03-05,55629,0,1674262,0
2021-03-06,41841,0,1716103,0
2021-03-07,22290,0,1738393,0
2021-03-08,50530,0,1788923,0
2021-03-09,52911,0,1841834,0
2021-03-10,58528,0,1900362,0
2021-03-11,63745,0,1964107,0
2021-03-12,65014,0,2029121,0
2021-03-13,51650,0,2080771,0
2021-03-14,35345,0,2116116,0
2021-03-15,73364,0,2189480,0
2021-03-16,73987,0,2263467,0
2021-03-17,83002,0,2346469,0
2021-03-18,81587,0,2428056,0
2021-03-19,81022,0,2509078,0
2021-03-20,64642,0,2573720,0
2021-03-21,47247,0,2620967,0
2021-03-22,69403,0,2690370,0
2021-03-23,75694,0,2766064,0
2021-03-24,90777,0,2856841,0
2021-03-25,89704,0,2946545,0
2021-03-26,83491,0,3030036,0
2021-03-27,71818,0,3101854,0
2021-03-28,44036,0,3145890,0
2021-03-29,70691,0,3216581,0
2021-03-30,81245,0,3297826,0
2021-03-31,96087,0,3393913,0
2021-04-01,95197,0,3489110,0
2021-04-02,83979,0,3573089,0
2021-04-03,64246,0,3637335,0
2021-04-04,21689,0,3659024,0
2021-04-05,40257,0,3699281,0
2021-04-06,81221,0,3780502,0
2021-04-07,95719,0,3876221,0
2021-04-08,95147,0,3971368,0
2021-04-09,88387,0,4059755,0
2021-04-10,73944,0,4133699,0
2021-04-11,44700,0,4178399,0
2021-04-12,66836,0,4245235,0
2021-04-13,72494,0,4317729,0
2021-04-14,85418,0,4403147,0
2021-04-15,105295,0,4508442,0
2021-04-16,106306,0,4614748,0
2021-04-17,90396,0,4705144,0
2021-04-18,58529,0,4763673,0
2021-04-19,93382,0,4857055,0
2021-04-20,103687,0,4960742,0
2021-04-21,125266,0,5086008,0
2021-04-22,143417,0,5229425,0
2021-04-23,138609,0,5368034,0
2021-04-24,124347,0,5492381,0
2021-04-25,61385,0,5553766,0
2021-04-26,97793,0,5651559,0
2021-04-27,128262,0,5779821,0
2021-04-28,156238,0,5936059,0
2021-04-29,195414,0,6131473,0
2021-04-30,214412,0,6345885,0
2021-05-01,173989,0,6519874,0
2021-05-02,135729,0,6655603,0
2021-05-03,141891,0,6797494,0
2021-05-04,158583,0,6956077,0
2021-05-05,170347,0,7126424,0
2021-05-06,197679,0,7324103,0
2021-05-07,213663,0,7537766,0
2021-05-08,213281,0,7751047,0
2021-05-09,143073,0,7894120,0
2021-05-10,164984,0,8059104,0
2021-05-11,174806,0,8233910,0
2021-05-12,178965,0,8412875,0
2021-05-13,203166,0,8616041,0
2021-05-14,222737,0,8838778,0
2021-05-15,210158,0,9048936,0
2021-05-16,159150,0,9208086,0
2021-05-17,219072,0,9427158,0
2021-05-18,212872,0,9640030,0
2021-05-19,206921,0,9846951,0
2021-05-20,270661,0,10117612,0
2021-05-21,270686,0,10388298,0
2021-05-22,245397,0,10633695,0
2021-05-23,197106,0,10830801,0
2021-05-24,228210,0,11059011,0
2021-05-25,245602,0,11304613,0
2021-05-26,277366,0,11581979,0
2021-05-27,310949,0,11892928,0
2021-05-28,299427,0,12192355,0
2021-05-29,231060,0,12423415,0
2021-05-30,170749,0,12594164,0
2021-05-31,216305,0,12810469,0
2021-06-01,207536,0,13018005,0
2021-06-02,115663,0,13133668,0
2021-06-03,179891,0,13313559,0
2021-06-04,184610,0,13498169,0
2021-06-05,185731,0,13683900,0
2021-06-06,139299,0,13823199,0
2021-06-07,161613,0,13984812,0
2021-06-08,170863,0,14155675,0
2021-06-09,171177,0,14326852,0
2021-06-10,173741,0,14500593,0
2021-06-11,169644,0,14670237,0
2021-06-12,128054,0,14798291,0
2021-06-13,91006,0,14889297,0
2021-06-14,214475,0,15103772,0
2021-06-15,228229,0,15332001,0
2021-06-16,252953,0,15584954,0
2021-06-17,301584,0,15886538,0
2021-06-18,306124,0,16192662,0
2021-06-19,275018,0,16467680,0
2021-06-20,220644,0,16688324,0
2021-06-21,287983,0,16976307,0
2021-06-22,296102,0,17272409,0
2021-06-23,302681,0,17575090,0
2021-06-24,332522,0,17907612,0
2021-06-25,348660,0,18256272,0
2021-06-26,300057,0,18556329,0
2021-06-27,228658,0,18784987,0
2021-06-28,306945,0,19091932,0
2021-06-29,329204,0,19421136,0
2021-06-30,342039,0,19763175,0
2021-07-01,363062,0,20126237,0
2021-07-02,368470,0,20494707,0
2021-07-03,371130,0,20865837,0
2021-07-04,283177,0,21149014,0
2021-07-05,384512,0,21533526,0
2021-07-06,385426,0,21918952,0
2021-07-07,412094,0,22331046,0
2021-07-08,479879,0,22810925,0
2021-07-09,498632,0,23309557,0
2021-07-10,475331,0,23784888,0
2021-07-11,357850,0,24142738,0
2021-07-12,486068,0,24628806,0
2021-07-13,492368,0,25121174,0
2021-07-14,480649,0,25601823,0
2021-07-15,523654,0,26125477,0
2021-07-16,509900,0,26635377,0
2021-07-17,464622,0,27099999,0
2021-07-18,364859,0,27464858,0
2021-07-19,463290,0,27928148,0
2021-07-20,458206,0,28386354,0
2021-07-21,462902,0,28849256,0
2021-07-22,475435,0,29324691,0
2021-07-23,441353,0,29766044,0
2021-07-24,386182,0,30152226,0
2021-07-25,287614,0,30439840,0
2021-07-26,430951,0,30870791,0
2021-07-27,440163,0,31310954,0
2021-07-28,391039,0,31701993,0
2021-07-29,372095,0,32074088,0
2021-07-30,341428,0,32415516,0
2021-07-31,286968,0,32702484,0
2021-08-01,190849,0,32893333,0
2021-08-02,333716,0,33227049,0
2021-08-03,323136,0,33550185,0
2021-08-04,310935,0,33861120,0
2021-08-05,292542,0,34153662,0
2021-08-06,259963,0,34413625,0
2021-08-07,198938,0,34612563,0
2021-08-08,153068,0,34765631,0
2021-08-09,234116,0,34999747,0
2021-08-10,205143,0,35204890,0
2021-08-11,193590,0,35398480,0
2021-08-12,167783,0,35566263,0
2021-08-13,148389,0,35714652,0
2021-08-14,65999,0,35780651,0
2021-08-15,26304,0,35806955,0
2021-08-16,114533,0,35921488,0
2021-08-17,129110,0,36050598,0
2021-08-18,128562,0,36179160,0
2021-08-19,124641,0,36303801,0
2021-08-20,123665,0,36427466,0
2021-08-21,83050,0,36510516,0
2021-08-22,68116,0,36578632,0
2021-08-23,176725,0,36755357,0
2021-08-24,156927,0,36912284,0
2021-08-25,177046,0,37089330,0
2021-08-26,172242,0,37261572,0
2021-08-27,185776,0,37447348,0
2021-08-28,140116,0,37587464,0
2021-08-29,98985,0,37686449,0
2021-08-30,209472,0,37895921,0
2021-08-31,194442,0,38090363,0
2021-09-01,192061,0,38282424,0
2021-09-02,189738,0,38472162,0
2021-09-03,191195,0,38663357,0
2021-09-04,131402,0,38794759,0
2021-09-05,87807,0,38882566,0
2021-09-06,193577,0,39076143,0
2021-09-07,195829,0,39271972,0
2021-09-08,187815,0,39459787,0
2021-09-09,201365,0,39661152,0
2021-09-10,197962,0,39859114,0
2021-09-11,141197,0,40000311,0
2021-09-12,89525,0,40089836,0
2021-09-13,191095,347,40280931,347
2021-09-14,177164,424,40458095,771
2021-09-15,162976,455,40621071,1226
2021-09-16,159952,788,40781023,2014
2021-09-17,149974,1006,40930997,3020
2021-09-18,127768,656,41058765,3676
2021-09-19,81036,442,41139801,4118
2021-09-20,179817,8957,41319618,13075
2021-09-21,166359,8729,41485977,21804
2021-09-22,158786,9364,41644763,31168
2021-09-23,137756,9242,41782519,40410
2021-09-24,140241,8862,41922760,49272
2021-09-25,119331,5560,42042091,54832
2021-09-26,71791,4294,42113882,59126
2021-09-27,135355,9977,42249237,69103
2021-09-28,117220,11314,42366457,80417
2021-09-29,112021,11759,42478478,92176
2021-09-30,109953,14854,42588431,107030
2021-10-01,94720,19035,42683151,126065
2021-10-02,78245,13988,42761396,140053
2021-10-03,47569,7632,42808965,147685
2021-10-04,88131,34363,42897096,182048
2021-10-05,80167,33905,42977263,215953
2021-10-06,71770,34077,43049033,250030
2021-10-07,71543,34291,43120576,284321
2021-10-08,80394,33497,43200970,317818
2021-10-09,75851,22111,43276821,339929
2021-10-10,45645,13592,43322466,353521
2021-10-11,87156,41005,43409622,394526
2021-10-12,84245,46799,43493867,441325
2021-10-13,87918,52007,43581785,493332
2021-10-14,91197,58394,43672982,551726
2021-10-15,93248,55483,43766230,607209
2021-10-16,82681,36714,43848911,643923
2021-10-17,51281,23784,43900192,667707
2021-10-18,90090,59337,43990282,727044
2021-10-19,78131,69292,44068413,796336
2021-10-20,74846,78047,44143259,874383
2021-10-21,78090,81610,44221349,955993
2021-10-22,73669,76900,44295018,1032893
2021-10-23,60642,51888,44355660,1084781
2021-10-24,33321,23400,44388981,1108181
2021-10-25,64784,81527,44453765,1189708
2021-10-26,58256,91633,44512021,1281341
2021-10-27,58167,103843,44570188,1385184
2021-10-28,61319,113911,44631507,1499095
2021-10-29,61584,102953,44693091,1602048
2021-10-30,50567,68010,44743658,1670058
2021-10-31,25129,28237,44768787,1698295
2021-11-01,19016,28120,44787803,1726415
2021-11-02,62708,89220,44850511,1815635
2021-11-03,60640,118510,44911151,1934145
2021-11-04,59125,126466,44970276,2060611
2021-11-05,62986,134984,45033262,2195595
2021-11-06,46364,90772,45079626,2286367
2021-11-07,22206,37837,45101832,2324204
2021-11-08,51386,131119,45153218,2455323
2021-11-09,45324,143938,45198542,2599261
2021-11-10,42484,156037,45241026,2755298
2021-11-11,44822,154974,45285848,2910272
2021-11-12,46241,158381,45332089,3068653
2021-11-13,33143,116477,45365232,3185130
2021-11-14,14443,52395,45379675,3237525
2021-11-15,36794,157211,45416469,3394736
2021-11-16,30446,171185,45446915,3565921
2021-11-17,28328,178293,45475243,3744214
2021-11-18,30114,193474,45505357,3937688
2021-11-19,28662,205574,45534019,4143262
2021-11-20,20882,156118,45554901,4299380
2021-11-21,10544,64705,45565445,4364085
2021-11-22,21814,212937,45587259,4577022
2021-11-23,23438,241459,45610697,4818481
2021-11-24,27675,270665,45638372,5089146
2021-11-25,23053,301581,45661425,5390727
2021-11-26,24400,317947,45685825,5708674
2021-11-27,21218,265842,45707043,5974516
2021-11-28,9825,136836,45716868,6111352
2021-11-29,22119,325691,45738987,6437043
2021-11-30,22876,365419,45761863,6802462
2021-12-01,21277,413006,45783140,7215468
2021-12-02,23530,440203,45806670,7655671
2021-12-03,24977,467203,45831647,8122874
2021-12-04,22142,418579,45853789,8541453
2021-12-05,11756,261248,45865545,8802701
2021-12-06,25480,457384,45891025,9260085
2021-12-07,23836,480006,45914861,9740091
2021-12-08,9851,249573,45924712,9989664
2021-12-09,31218,491744,45955930,10481408
2021-12-10,27749,517608,45983679,10999016
2021-12-11,23274,459057,46006953,11458073
2021-12-12,12118,293367,46019071,11751440
2021-12-13,25838,467419,46044909,12218859
2021-12-14,24843,493955,46069752,12712814
2021-12-15,24988,516920,46094740,13229734
2021-12-16,27431,519981,46122171,13749715
2021-12-17,28951,516842,46151122,14266557
2021-12-18,26623,468486,46177745,14735043
2021-12-19,14887,300352,46192632,15035395
2021-12-20,30216,477243,46222848,15512638
2021-12-21,30008,493114,46252856,16005752
2021-12-22,28997,484449,46281853,16490201
2021-12-23,27784,426694,46309637,16916895
2021-12-24,12947,210733,46322584,17127628
2021-12-25,2082,33041,46324666,17160669
2021-12-26,8634,159012,46333300,17319681
2021-12-27,46232,504434,46379532,17824115
2021-12-28,41757,553903,46421289,18378018
2021-12-29,33511,550342,46454800,18928360
2021-12-30,31078,499566,46485878,19427926
2021-12-31,13555,247308,46499433,19675234
2022-01-01,3403,64779,46502836,19740013
2022-01-02,22111,276644,46524947,20016657
2022-01-03,46545,520878,46571492,20537535
2022-01-04,44915,572761,46616407,21110296
2022-01-05,38977,561067,46655384,21671363
2022-01-06,22390,274345,46677774,21945708
2022-01-07,61454,554814,46739228,22500522
2022-01-08,58351,503164,46797579,23003686
2022-01-09,40730,319575,46838309,23323261
2022-01-10,58850,542745,46897159,23866006
2022-01-11,59005,587485,46956164,24453491
2022-01-12,55444,581669,47011608,25035160
2022-01-13,55717,580911,47067325,25616071
2022-01-14,43622,588684,47110947,26204755
2022-01-15,35277,568509,47146224,26773264
2022-01-16,28442,341143,47174666,27114407
2022-01-17,52359,490208,47227025,27604615
2022-01-18,55985,517958,47283010,28122573
2022-01-19,54875,503256,47337885,28625829
2022-01-20,52147,499183,47390032,29125012
2022-01-21,39806,494105,47429838,29619117
2022-01-22,28323,469202,47458161,30088319
2022-01-23,33337,275136,47491498,30363455
2022-01-24,54636,437691,47546134,30801146
2022-01-25,60147,452570,47606281,31253716
2022-01-26,57020,436198,47663301,31689914
2022-01-27,47321,432644,47710622,32122558
2022-01-28,57065,436927,47767687,32559485
2022-01-29,66243,411871,47833930,32971356
2022-01-30,49080,235556,47883010,33206912
2022-01-31,59078,357418,47942088,33564330
2022-02-01,64260,328834,48006348,33893164
2022-02-02,62027,297188,48068375,34190352
2022-02-03,59108,274733,48127483,34465085
2022-02-04,71311,268533,48198794,34733618
2022-02-05,82392,247939,48281186,34981557
2022-02-06,54547,115965,48335733,35097522
2022-02-07,64367,200285,48400100,35297807
2022-02-08,66027,186350,48466127,35484157
2022-02-09,57951,166414,48524078,35650571
2022-02-10,57722,163073,48581800,35813644
2022-02-11,61439,162177,48643239,35975821
2022-02-12,71047,151426,48714286,36127247
2022-02-13,40958,68444,48755244,36195691
2022-02-14,45943,115422,48801187,36311113
2022-02-15,48312,119973,48849499,36431086