data_somministrazione,vaccinazioni,booster,cum_vaccinazioni,cum_booster
2020-12-27,20,0,20,0
2020-12-28,2,0,22,0
2020-12-29,1,0,23,0
2020-12-30,6,0,29,0
2020-12-31,67,0,96,0
2021-01-01,22,0,118,0
2021-01-02,106,0,224,0
2021-01-03,77,0,301,0
2021-01-04,199,0,500,0
2021-01-05,235,0,735,0
2021-01-06,194,0,929,0
2021-01-07,288,0,1217,0
2021-01-08,332,0,1549,0
2021-01-09,242,0,1791,0
2021-01-10,144,0,1935,0
2021-01-11,268,0,2203,0
2021-01-12,265,0,2468,0
2021-01-13,385,0,2853,0
2021-01-14,473,0,3326,0
2021-01-15,297,0,3623,0
2021-01-16,203,0,3826,0
2021-01-17,3057,0,6883,0
2021-01-18,5209,0,12092,0
2021-01-19,1892,0,13984,0
2021-01-20,4653,0,18637,0
2021-01-21,19998,0,38635,0
2021-01-22,14200,0,52835,0
2021-01-23,33330,0,86165,0
2021-01-24,30791,0,116956,0
2021-01-25,64731,0,181687,0
2021-01-26,76502,0,258189,0
2021-01-27,64839,0,323028,0
2021-01-28,89294,0,412322,0
2021-01-29,94027,0,506349,0
2021-01-30,86571,0,592920,0
2021-01-31,57339,0,650259,0
2021-02-01,81874,0,732133,0
2021-02-02,82146,0,814279,0
2021-02-03,91194,0,905473,0
2021-02-04,95401,0,1000874,0
2021-02-05,90279,0,1091153,0
2021-02-06,63450,0,1154603,0
2021-02-07,32928,0,1187531,0
2021-02-08,40429,0,1227960,0
2021-02-09,32864,0,1260824,0
2021-02-10,28422,0,1289246,0
2021-02-11,20391,0,1309637,0
2021-02-12,16229,0,1325866,0
2021-02-13,7252,0,1333118,0
2021-02-14,2861,0,1335979,0
2021-02-15,6837,0,1342816,0
2021-02-16,6993,0,1349809,0
2021-02-17,10519,0,1360328,0
2021-02-18,9246,0,1369574,0
2021-02-19,8238,0,1377812,0
2021-02-20,5544,0,1383356,0
2021-02-21,2986,0,1386342,0
2021-02-22,6883,0,1393225,0
2021-02-23,7164,0,1400389,0
2021-02-24,9824,0,1410213,0
2021-02-25,14201,0,1424414,0
2021-02-26,17551,0,1441965,0
2021-02-27,13902,0,1455867,0
2021-02-28,9386,0,1465253,0
2021-03-01,26509,0,1491762,0
2021-03-02,33238,0,1525000,0
2021-03-03,44642,0,1569642,0
2021-03-04,50288,0,1619930,0
2021-03-05,55733,0,1675663,0
2021-03-06,41876,0,1717539,0
2021-03-07,22324,0,1739863,0
2021-03-08,50796,0,1790659,0
2021-03-09,53059,0,1843718,0
2021-03-10,58629,0,1902347,0
2021-03-11,63842,0,1966189,0
2021-03-12,65099,0,2031288,0
2021-03-13,51706,0,2082994,0
2021-03-14,35386,0,2118380,0
2021-03-15,73424,0,2191804,0
2021-03-16,74023,0,2265827,0
2021-03-17,83130,0,2348957,0
2021-03-18,81623,0,2430580,0
2021-03-19,81081,0,2511661,0
2021-03-20,64711,0,2576372,0
2021-03-21,47287,0,2623659,0
2021-03-22,69474,0,2693133,0
2021-03-23,75779,0,2768912,0
2021-03-24,90887,0,2859799,0
2021-03-25,89787,0,2949586,0
2021-03-26,83603,0,3033189,0
2021-03-27,71921,0,3105110,0
2021-03-28,44131,0,3149241,0
2021-03-29,70808,0,3220049,0
2021-03-30,81365,0,3301414,0
2021-03-31,96218,0,3397632,0
2021-04-01,95294,0,3492926,0
2021-04-02,84066,0,3576992,0
2021-04-03,64296,0,3641288,0
2021-04-04,21717,0,3663005,0
2021-04-05,40300,0,3703305,0
2021-04-06,81302,0,3784607,0
2021-04-07,95809,0,3880416,0
2021-04-08,95227,0,3975643,0
2021-04-09,88482,0,4064125,0
2021-04-10,74027,0,4138152,0
2021-04-11,44755,0,4182907,0
2021-04-12,66910,0,4249817,0
2021-04-13,72563,0,4322380,0
2021-04-14,85521,0,4407901,0
2021-04-15,105403,0,4513304,0
2021-04-16,106411,0,4619715,0
2021-04-17,90493,0,4710208,0
2021-04-18,58584,0,4768792,0
2021-04-19,93425,0,4862217,0
2021-04-20,103763,0,4965980,0
2021-04-21,125333,0,5091313,0
2021-04-22,143501,0,5234814,0
2021-04-23,138717,0,5373531,0
2021-04-24,124436,0,5497967,0
2021-04-25,61452,0,5559419,0
2021-04-26,97878,0,5657297,0
2021-04-27,128351,0,5785648,0
2021-04-28,156352,0,5942000,0
2021-04-29,195578,0,6137578,0
2021-04-30,214557,0,6352135,0
2021-05-01,174090,0,6526225,0
2021-05-02,135791,0,6662016,0
2021-05-03,142000,0,6804016,0
2021-05-04,158676,0,6962692,0
2021-05-05,170472,0,7133164,0
2021-05-06,197790,0,7330954,0
2021-05-07,213808,0,7544762,0
2021-05-08,213384,0,7758146,0
2021-05-09,143195,0,7901341,0
2021-05-10,165083,0,8066424,0
2021-05-11,174960,0,8241384,0
2021-05-12,179156,0,8420540,0
2021-05-13,203360,0,8623900,0
2021-05-14,222894,0,8846794,0
2021-05-15,210340,0,9057134,0
2021-05-16,159266,0,9216400,0
2021-05-17,219177,0,9435577,0
2021-05-18,213001,0,9648578,0
2021-05-19,207070,0,9855648,0
2021-05-20,270837,0,10126485,0
2021-05-21,270862,0,10397347,0
2021-05-22,245518,0,10642865,0
2021-05-23,197173,0,10840038,0
2021-05-24,228293,0,11068331,0
2021-05-25,245686,0,11314017,0
2021-05-26,277478,0,11591495,0
2021-05-27,311075,0,11902570,0
2021-05-28,299562,0,12202132,0
2021-05-29,231196,0,12433328,0
2021-05-30,170827,0,12604155,0
2021-05-31,216412,0,12820567,0
2021-06-01,207630,0,13028197,0
2021-06-02,115772,0,13143969,0
2021-06-03,180112,0,13324081,0
2021-06-04,184854,0,13508935,0
2021-06-05,185932,0,13694867,0
2021-06-06,139513,0,13834380,0
2021-06-07,161841,0,13996221,0
2021-06-08,171171,0,14167392,0
2021-06-09,171443,0,14338835,0
2021-06-10,174043,0,14512878,0
2021-06-11,169939,0,14682817,0
2021-06-12,128303,0,14811120,0
2021-06-13,91139,0,14902259,0
2021-06-14,214641,0,15116900,0
2021-06-15,228387,0,15345287,0
2021-06-16,253038,0,15598325,0
2021-06-17,301695,0,15900020,0
2021-06-18,306262,0,16206282,0
2021-06-19,275052,0,16481334,0
2021-06-20,220731,0,16702065,0
2021-06-21,288036,0,16990101,0
2021-06-22,296183,0,17286284,0
2021-06-23,302665,0,17588949,0
2021-06-24,332554,0,17921503,0
2021-06-25,348691,0,18270194,0
2021-06-26,300083,0,18570277,0
2021-06-27,228616,0,18798893,0
2021-06-28,307038,0,19105931,0
2021-06-29,329239,0,19435170,0
2021-06-30,342105,0,19777275,0
2021-07-01,363159,0,20140434,0
2021-07-02,368429,0,20508863,0
2021-07-03,371071,0,20879934,0
2021-07-04,283196,0,21163130,0
2021-07-05,384501,0,21547631,0
2021-07-06,385434,0,21933065,0
2021-07-07,412065,0,22345130,0
2021-07-08,479620,0,22824750,0
2021-07-09,498481,0,23323231,0
2021-07-10,475179,0,23798410,0
2021-07-11,357704,0,24156114,0
2021-07-12,485907,0,24642021,0
2021-07-13,492144,0,25134165,0
2021-07-14,480473,0,25614638,0
2021-07-15,523485,0,26138123,0
2021-07-16,509785,0,26647908,0
2021-07-17,464368,0,27112276,0
2021-07-18,364695,0,27476971,0
2021-07-19,463072,0,27940043,0
2021-07-20,458086,0,28398129,0
2021-07-21,462817,0,28860946,0
2021-07-22,475401,0,29336347,0
2021-07-23,441308,0,29777655,0
2021-07-24,386196,0,30163851,0
2021-07-25,287596,0,30451447,0
2021-07-26,430887,0,30882334,0
2021-07-27,440132,0,31322466,0
2021-07-28,391020,0,31713486,0
2021-07-29,372085,0,32085571,0
2021-07-30,341521,0,32427092,0
2021-07-31,287023,0,32714115,0
2021-08-01,191017,0,32905132,0
2021-08-02,333728,0,33238860,0
2021-08-03,323184,0,33562044,0
2021-08-04,310977,0,33873021,0
2021-08-05,292512,0,34165533,0
2021-08-06,260015,0,34425548,0
2021-08-07,199052,0,34624600,0
2021-08-08,153104,0,34777704,0
2021-08-09,234081,0,35011785,0
2021-08-10,205249,0,35217034,0
2021-08-11,193764,0,35410798,0
2021-08-12,167982,0,35578780,0
2021-08-13,148602,0,35727382,0
2021-08-14,66090,0,35793472,0
2021-08-15,26335,0,35819807,0
2021-08-16,114675,0,35934482,0
2021-08-17,129241,0,36063723,0
2021-08-18,128739,0,36192462,0
2021-08-19,124794,0,36317256,0
2021-08-20,123796,0,36441052,0
2021-08-21,83118,0,36524170,0
2021-08-22,68166,0,36592336,0
2021-08-23,176872,0,36769208,0
2021-08-24,156909,0,36926117,0
2021-08-25,177169,0,37103286,0
2021-08-26,172351,0,37275637,0
2021-08-27,185842,0,37461479,0
2021-08-28,140267,0,37601746,0
2021-08-29,99000,0,37700746,0
2021-08-30,209633,0,37910379,0
2021-08-31,194630,0,38105009,0
2021-09-01,192215,0,38297224,0
2021-09-02,189942,0,38487166,0
2021-09-03,191338,0,38678504,0
2021-09-04,131482,0,38809986,0
2021-09-05,87867,0,38897853,0
2021-09-06,193659,0,39091512,0
2021-09-07,196065,0,39287577,0
2021-09-08,187911,0,39475488,0
2021-09-09,201473,0,39676961,0
2021-09-10,198106,0,39875067,0
2021-09-11,141325,0,40016392,0
2021-09-12,89601,0,40105993,0
2021-09-13,191168,553,40297161,553
2021-09-14,177263,575,40474424,1128
2021-09-15,163127,580,40637551,1708
2021-09-16,160098,923,40797649,2631
2021-09-17,150178,1113,40947827,3744
2021-09-18,127982,735,41075809,4479
2021-09-19,81133,491,41156942,4970
2021-09-20,180082,9073,41337024,14043
2021-09-21,166635,8832,41503659,22875
2021-09-22,159082,9434,41662741,32309
2021-09-23,138087,9320,41800828,41629
2021-09-24,140545,8952,41941373,50581
2021-09-25,119558,5634,42060931,56215
2021-09-26,71957,4340,42132888,60555
2021-09-27,135640,10047,42268528,70602
2021-09-28,117494,11383,42386022,81985
2021-09-29,112337,11825,42498359,93810
2021-09-30,110234,14944,42608593,108754
2021-10-01,94979,19105,42703572,127859
2021-10-02,78486,14012,42782058,141871
2021-10-03,47740,7655,42829798,149526
2021-10-04,88379,34443,42918177,183969
2021-10-05,80367,33970,42998544,217939
2021-10-06,71983,34161,43070527,252100
2021-10-07,71853,34346,43142380,286446
2021-10-08,80627,33589,43223007,320035
2021-10-09,76104,22169,43299111,342204
2021-10-10,45775,13615,43344886,355819
2021-10-11,87419,41101,43432305,396920
2021-10-12,84491,46897,43516796,443817
2021-10-13,88194,52113,43604990,495930
2021-10-14,91534,58506,43696524,554436
2021-10-15,93592,55625,43790116,610061
2021-10-16,82967,36780,43873083,646841
2021-10-17,51464,23827,43924547,670668
2021-10-18,90292,59482,44014839,730150
2021-10-19,78347,69371,44093186,799521
2021-10-20,75078,78163,44168264,877684
2021-10-21,78301,81750,44246565,959434
2021-10-22,73793,77019,44320358,1036453
2021-10-23,60815,51954,44381173,1088407
2021-10-24,33379,23453,44414552,1111860
2021-10-25,64905,81622,44479457,1193482
2021-10-26,58375,91777,44537832,1285259
2021-10-27,58331,103967,44596163,1389226
2021-10-28,61467,114101,44657630,1503327
2021-10-29,61661,103111,44719291,1606438
2021-10-30,50672,68113,44769963,1674551
2021-10-31,25165,28288,44795128,1702839
2021-11-01,19046,28148,44814174,1730987
2021-11-02,62769,89372,44876943,1820359
2021-11-03,60742,118656,44937685,1939015
2021-11-04,59245,126663,44996930,2065678
2021-11-05,63095,135168,45060025,2200846
2021-11-06,46475,90922,45106500,2291768
2021-11-07,22254,37893,45128754,2329661
2021-11-08,51529,131262,45180283,2460923
2021-11-09,45402,144198,45225685,2605121
2021-11-10,42579,156346,45268264,2761467
2021-11-11,44936,155135,45313200,2916602
2021-11-12,46372,158575,45359572,3075177
2021-11-13,33253,116650,45392825,3191827
2021-11-14,14481,52446,45407306,3244273
2021-11-15,36895,157425,45444201,3401698
2021-11-16,30546,171377,45474747,3573075
2021-11-17,28449,178435,45503196,3751510
2021-11-18,30283,193715,45533479,3945225
2021-11-19,28799,205850,45562278,4151075
2021-11-20,20994,156434,45583272,4307509
2021-11-21,10612,64857,45593884,4372366
2021-11-22,21936,213137,45615820,4585503
2021-11-23,23567,241741,45639387,4827244
2021-11-24,27839,270947,45667226,5098191
2021-11-25,23232,301901,45690458,5400092
2021-11-26,24579,318263,45715037,5718355
2021-11-27,21381,266150,45736418,5984505
2021-11-28,9899,137056,45746317,6121561
2021-11-29,22322,326062,45768639,6447623
2021-11-30,23084,365822,45791723,6813445
2021-12-01,21517,413499,45813240,7226944
2021-12-02,23754,440379,45836994,7667323
2021-12-03,25243,467455,45862237,8134778
2021-12-04,22354,418731,45884591,8553509
2021-12-05,11912,261331,45896503,8814840
2021-12-06,25816,457564,45922319,9272404
2021-12-07,24126,480250,45946445,9752654
2021-12-08,10002,249680,45956447,10002334
2021-12-09,31569,491918,45988016,10494252
2021-12-10,28057,517867,46016073,11012119
2021-12-11,23554,459241,46039627,11471360
2021-12-12,12303,293497,46051930,11764857
2021-12-13,26141,467625,46078071,12232482
2021-12-14,25166,494190,46103237,12726672
2021-12-15,25322,517130,46128559,13243802
2021-12-16,27872,520239,46156431,13764041
2021-12-17,29353,517162,46185784,14281203
2021-12-18,27034,468715,46212818,14749918
2021-12-19,15136,300514,46227954,15050432
2021-12-20,30615,477473,46258569,15527905
2021-12-21,30358,493383,46288927,16021288
2021-12-22,29433,484699,46318360,16505987
2021-12-23,28232,426894,46346592,16932881
2021-12-24,13113,210820,46359705,17143701
2021-12-25,2101,33052,46361806,17176753
2021-12-26,8757,159065,46370563,17335818
2021-12-27,46767,504651,46417330,17840469
2021-12-28,42435,554204,46459765,18394673
2021-12-29,34327,550627,46494092,18945300
2021-12-30,31812,499822,46525904,19445122
2021-12-31,14108,247394,46540012,19692516
2022-01-01,3493,64813,46543505,19757329
2022-01-02,22745,276718,46566250,20034047
2022-01-03,47821,520007,46614071,20554054
2022-01-04,46318,572078,46660389,21126132
2022-01-05,40702,560387,46701091,21686519
2022-01-06,23460,274483,46724551,21961002
2022-01-07,63655,554180,46788206,22515182
2022-01-08,60799,503378,46849005,23018560
2022-01-09,42790,319688,46891795,23338248
2022-01-10,61026,542276,46952821,23880524
2022-01-11,61667,586982,47014488,24467506
2022-01-12,58392,581274,47072880,25048780
2022-01-13,58560,580377,47131440,25629157
2022-01-14,46727,588566,47178167,26217723
2022-01-15,39329,569938,47217496,26787661
2022-01-16,31144,341848,47248640,27129509
2022-01-17,54731,489646,47303371,27619155
2022-01-18,58349,517012,47361720,28136167
2022-01-19,57156,502782,47418876,28638949
2022-01-20,54297,498813,47473173,29137762
2022-01-21,42031,493868,47515204,29631630
2022-01-22,31124,469594,47546328,30101224
2022-01-23,34901,275365,47581229,30376589
2022-01-24,56148,437213,47637377,30813802
2022-01-25,61524,452088,47698901,31265890
2022-01-26,58508,435817,47757409,31701707
2022-01-27,48803,432353,47806212,32134060
2022-01-28,58660,436531,47864872,32570591
2022-01-29,68080,412484,47932952,32983075
2022-01-30,50354,235971,47983306,33219046
2022-01-31,60592,356922,48043898,33575968
2022-02-01,65514,328432,48109412,33904400
2022-02-02,63161,296966,48172573,34201366
2022-02-03,60025,274513,48232598,34475879
2022-02-04,72347,268451,48304945,34744330
2022-02-05,83731,248529,48388676,34992859
2022-02-06,55271,116197,48443947,35109056
2022-02-07,65119,199932,48509066,35308988
2022-02-08,66912,186102,48575978,35495090
2022-02-09,58740,166332,48634718,35661422
2022-02-10,58539,163233,48693257,35824655
2022-02-11,62225,162454,48755482,35987109
2022-02-12,71954,152138,48827436,36139247
2022-02-13,41464,68849,48868900,36208096
2022-02-14,46669,116186,48915569,36324282
2022-02-15,48512,123479,48964081,36447761
2022-02-16,45664,106113,49009745,36553874
2022-02-17,42852,98103,49052597,36651977
2022-02-18,46597,112569,49099194,36764546
2022-02-19,52520,100327,49151714,36864873
2022-02-20,31410,40360,49183124,36905233
2022-02-21,37886,89643,49221010,36994876
2022-02-22,37212,83769,49258222,37078645
2022-02-23,33376,79405,49291598,37158050
2022-02-24,32551,78160,49324149,37236210
2022-02-25,34747,90706,49358896,37326916
2022-02-26,39147,89132,49398043,37416048
2022-02-27,22540,35855,49420583,37451903
2022-02-28,28468,81691,49449051,37533594
2022-03-01,22704,53937,49471755,37587531
2022-03-02,21991,50627,49493746,37638158
2022-03-03,22604,54941,49516350,37693099
2022-03-04,23216,62793,49539566,37755892
2022-03-05,23783,57953,49563349,37813845
2022-03-06,9471,17200,49572820,37831045
2022-03-07,15899,51390,49588719,37882435
2022-03-08,15456,48796,49604175,37931231
2022-03-09,13804,46515,49617979,37977746
2022-03-10,14038,52115,49632017,38029861
2022-03-11,15569,57252,49647586,38087113
2022-03-12,15492,56614,49663078,38143727
2022-03-13,5542,16849,49668620,38160576
2022-03-14,10518,46691,49679138,38207267
2022-03-15,10534,46892,49689672,38254159
2022-03-16,9472,41978,49699144,38296137
2022-03-17,9701,44875,49708845,38341012
2022-03-18,10152,49053,49718997,38390065
2022-03-19,9146,46532,49728143,38436597
2022-03-20,2607,11700,49730750,38448297
2022-03-21,7574,40223,49738324,38488520
2022-03-22,8441,37750,49746765,38526270
2022-03-23,7206,33698,49753971,38559968
2022-03-24,8251,38797,49762222,38598765
2022-03-25,8129,43665,49770351,38642430
2022-03-26,8120,41723,49778471,38684153
2022-03-27,2428,9683,49780899,38693836
2022-03-28,6099,35230,49786998,38729066
2022-03-29,5773,32523,49792771,38761589
2022-03-30,5557,30193,49798328,38791782
2022-03-31,5886,33176,49804214,38824958
2022-04-01,4342,25187,49808556,38850145
2022-04-02,4489,23273,49813045,38873418
2022-04-03,1049,4499,49814094,38877917
2022-04-04,3654,21532,49817748,38899449
2022-04-05,3746,22925,49821494,38922374
2022-04-06,4098,21845,49825592,38944219
2022-04-07,3958,23320,49829550,38967539
2022-04-08,4687,26710,49834237,38994249
2022-04-09,4376,23885,49838613,39018134
2022-04-10,893,4614,49839506,39022748
2022-04-11,3809,22685,49843315,39045433
2022-04-12,3356,21777,49846671,39067210
2022-04-13,3560,21334,49850231,39088544
2022-04-14,3483,23776,49853714,39112320
2022-04-15,3077,20618,49856791,39132938
2022-04-16,2149,11921,49858940,39144859
2022-04-17,63,348,49859003,39145207
2022-04-18,149,650,49859152,39145857
2022-04-19,3490,21978,49862642,39167835
2022-04-20,3500,20248,49866142,39188083
2022-04-21,2839,19781,49868981,39207864
2022-04-22,2920,20696,49871901,39228560
2022-04-23,2637,16210,49874538,39244770
2022-04-24,509,2335,49875047,39247105
2022-04-25,183,1165,49875230,39248270
2022-04-26,2760,17791,49877990,39266061
2022-04-27,2365,15784,49880355,39281845
2022-04-28,2353,15533,49882708,39297378
2022-04-29,2291,14835,49884999,39312213
2022-04-30,2122,11610,49887121,39323823
2022-05-01,113,530,49887234,39324353
2022-05-02,1445,9384,49888679,39333737
2022-05-03,1573,10309,49890252,39344046
2022-05-04,1744,10256,49891996,39354302
2022-05-05,1649,10273,49893645,39364575
2022-05-06,1695,10945,49895340,39375520
2022-05-07,1431,8563,49896771,39384083
2022-05-08,404,1514,49897175,39385597
2022-05-09,1024,8917,49898199,39394514
2022-05-10,1421,9537,49899620,39404051
2022-05-11,1480,10087,49901100,39414138
2022-05-12,1369,10119,49902469,39424257
2022-05-13,1587,10510,49904056,39434767
2022-05-14,1357,8228,49905413,39442995
2022-05-15,336,1129,49905749,39444124
2022-05-16,812,8388,49906561,39452512
2022-05-17,1241,8671,49907802,39461183
2022-05-18,1368,9216,49909170,39470399
2022-05-19,1498,9268,49910668,39479667
2022-05-20,1419,9493,49912087,39489160
2022-05-21,1299,7892,49913386,39497052
2022-05-22,231,1012,49913617,39498064
2022-05-23,826,8262,49914443,39506326
2022-05-24,1071,8665,49915514,39514991
2022-05-25,1366,9444,49916880,39524435
2022-05-26,1194,9454,49918074,39533889
2022-05-27,1225,9911,49919299,39543800
2022-05-28,1202,7873,49920501,39551673
2022-05-29,285,1264,49920786,39552937
2022-05-30,930,8026,49921716,39560963
2022-05-31,1033,8531,49922749,39569494
2022-06-01,892,7644,49923641,39577138
2022-06-02,35,474,49923676,39577612
2022-06-03,814,7327,49924490,39584939
2022-06-04,870,5155,49925360,39590094
2022-06-05,89,586,49925449,39590680
2022-06-06,672,6979,49926121,39597659
2022-06-07,930,7842,49927051,39605501
2022-06-08,982,7898,49928033,39613399
2022-06-09,1034,8400,49929067,39621799
2022-06-10,957,8550,49930024,39630349
2022-06-11,900,6207,49930924,39636556
2022-06-12,140,767,49931064,39637323
2022-06-13,603,6295,49931667,39643618
2022-06-14,826,7881,49932493,39651499
2022-06-15,950,7845,49933443,39659344
2022-06-16,728,7386,49934171,39666730
2022-06-17,719,7239,49934890,39673969
2022-06-18,777,5589,49935667,39679558
2022-06-19,47,522,49935714,39680080
2022-06-20,588,6694,49936302,39686774
2022-06-21,732,7644,49937034,39694418
2022-06-22,780,7303,49937814,39701721
2022-06-23,649,7455,49938463,39709176
2022-06-24,644,7472,49939107,39716648
2022-06-25,836,6530,49939943,39723178
2022-06-26,128,523,49940071,39723701
2022-06-27,532,7119,49940603,39730820
2022-06-28,744,8208,49941347,39739028
2022-06-29,755,7718,49942102,39746746
2022-06-30,744,8131,49942846,39754877
2022-07-01,576,6437,49943422,39761314
2022-07-02,536,4765,49943958,39766079
2022-07-03,49,456,49944007,39766535
2022-07-04,470,6269,49944477,39772804
2022-07-05,622,8107,49945099,39780911
2022-07-06,627,7597,49945726,39788508
2022-07-07,567,8253,49946293,39796761
2022-07-08,670,8078,49946963,39804839
2022-07-09,549,6104,49947512,39810943
2022-07-10,58,533,49947570,39811476
2022-07-11,486,7633,49948056,39819109
2022-07-12,661,9001,49948717,39828110
2022-07-13,637,10057,49949354,39838167
2022-07-14,632,10219,49949986,39848386
2022-07-15,622,10662,49950608,39859048
2022-07-16,521,7207,49951129,39866255
2022-07-17,48,769,49951177,39867024
2022-07-18,498,9348,49951675,39876372
2022-07-19,573,10648,49952248,39887020
2022-07-20,576,11255,49952824,39898275
2022-07-21,625,12032,49953449,39910307
2022-07-22,582,11216,49954031,39921523
2022-07-23,378,6740,49954409,39928263
2022-07-24,76,834,49954485,39929097
2022-07-25,500,9031,49954985,39938128
2022-07-26,517,9724,49955502,39947852
2022-07-27,542,10148,49956044,39958000
2022-07-28,527,10468,49956571,39968468
2022-07-29,509,9414,49957080,39977882
2022-07-30,380,5852,49957460,39983734
2022-07-31,49,745,49957509,39984479
2022-08-01,386,6821,49957895,39991300
2022-08-02,538,7510,49958433,39998810
2022-08-03,497,7135,49958930,40005945
2022-08-04,449,7412,49959379,40013357
2022-08-05,415,6476,49959794,40019833
2022-08-06,296,3581,49960090,40023414
2022-08-07,44,550,49960134,40023964
2022-08-08,392,4871,49960526,40028835
2022-08-09,383,5265,49960909,40034100
2022-08-10,372,4776,49961281,40038876
2022-08-11,361,4753,49961642,40043629
2022-08-12,284,3694,49961926,40047323
2022-08-13,141,1595,49962067,40048918
2022-08-14,9,128,49962076,40049046
2022-08-15,1,24,49962077,40049070
2022-08-16,281,3021,49962358,40052091
2022-08-17,351,3513,49962709,40055604
2022-08-18,383,4129,49963092,40059733
2022-08-19,335,3299,49963427,40063032
2022-08-20,182,1711,49963609,40064743
2022-08-21,24,146,49963633,40064889
2022-08-22,326,2927,49963959,40067816
2022-08-23,370,3637,49964329,40071453
2022-08-24,380,3307,49964709,40074760
2022-08-25,413,3696,49965122,40078456
2022-08-26,391,3521,49965513,40081977
2022-08-27,226,1763,49965739,40083740
2022-08-28,29,260,49965768,40084000
2022-08-29,351,3128,49966119,40087128
2022-08-30,397,3622,49966516,40090750
2022-08-31,421,3654,49966937,40094404
2022-09-01,348,3031,49967285,40097435
2022-09-02,283,2799,49967568,40100234
2022-09-03,197,1678,49967765,40101912
2022-09-04,21,145,49967786,40102057
2022-09-05,188,2512,49967974,40104569