data_somministrazione,vaccinazioni,booster,cum_vaccinazioni,cum_booster
2020-12-27,20,0,20,0
2020-12-28,2,0,22,0
2020-12-29,1,0,23,0
2020-12-30,8,0,31,0
2020-12-31,71,0,102,0
2021-01-01,23,0,125,0
2021-01-02,118,0,243,0
2021-01-03,82,0,325,0
2021-01-04,209,0,534,0
2021-01-05,243,0,777,0
2021-01-06,210,0,987,0
2021-01-07,297,0,1284,0
2021-01-08,341,0,1625,0
2021-01-09,253,0,1878,0
2021-01-10,150,0,2028,0
2021-01-11,278,0,2306,0
2021-01-12,267,0,2573,0
2021-01-13,393,0,2966,0
2021-01-14,480,0,3446,0
2021-01-15,298,0,3744,0
2021-01-16,212,0,3956,0
2021-01-17,3059,0,7015,0
2021-01-18,5210,0,12225,0
2021-01-19,1893,0,14118,0
2021-01-20,4655,0,18773,0
2021-01-21,19999,0,38772,0
2021-01-22,14205,0,52977,0
2021-01-23,33324,0,86301,0
2021-01-24,30786,0,117087,0
2021-01-25,64722,0,181809,0
2021-01-26,76493,0,258302,0
2021-01-27,64830,0,323132,0
2021-01-28,89283,0,412415,0
2021-01-29,94014,0,506429,0
2021-01-30,86560,0,592989,0
2021-01-31,57330,0,650319,0
2021-02-01,81858,0,732177,0
2021-02-02,82147,0,814324,0
2021-02-03,91191,0,905515,0
2021-02-04,95399,0,1000914,0
2021-02-05,90275,0,1091189,0
2021-02-06,63444,0,1154633,0
2021-02-07,32927,0,1187560,0
2021-02-08,40428,0,1227988,0
2021-02-09,32866,0,1260854,0
2021-02-10,28421,0,1289275,0
2021-02-11,20393,0,1309668,0
2021-02-12,16231,0,1325899,0
2021-02-13,7264,0,1333163,0
2021-02-14,2861,0,1336024,0
2021-02-15,6839,0,1342863,0
2021-02-16,6997,0,1349860,0
2021-02-17,10520,0,1360380,0
2021-02-18,9251,0,1369631,0
2021-02-19,8244,0,1377875,0
2021-02-20,5552,0,1383427,0
2021-02-21,2996,0,1386423,0
2021-02-22,6883,0,1393306,0
2021-02-23,7165,0,1400471,0
2021-02-24,9828,0,1410299,0
2021-02-25,14205,0,1424504,0
2021-02-26,17555,0,1442059,0
2021-02-27,13909,0,1455968,0
2021-02-28,9387,0,1465355,0
2021-03-01,26514,0,1491869,0
2021-03-02,33238,0,1525107,0
2021-03-03,44643,0,1569750,0
2021-03-04,50290,0,1620040,0
2021-03-05,55735,0,1675775,0
2021-03-06,41871,0,1717646,0
2021-03-07,22323,0,1739969,0
2021-03-08,50805,0,1790774,0
2021-03-09,53063,0,1843837,0
2021-03-10,58637,0,1902474,0
2021-03-11,63851,0,1966325,0
2021-03-12,65107,0,2031432,0
2021-03-13,51714,0,2083146,0
2021-03-14,35391,0,2118537,0
2021-03-15,73433,0,2191970,0
2021-03-16,74024,0,2265994,0
2021-03-17,83129,0,2349123,0
2021-03-18,81621,0,2430744,0
2021-03-19,81077,0,2511821,0
2021-03-20,64715,0,2576536,0
2021-03-21,47293,0,2623829,0
2021-03-22,69467,0,2693296,0
2021-03-23,75787,0,2769083,0
2021-03-24,90898,0,2859981,0
2021-03-25,89794,0,2949775,0
2021-03-26,83615,0,3033390,0
2021-03-27,71928,0,3105318,0
2021-03-28,44140,0,3149458,0
2021-03-29,70814,0,3220272,0
2021-03-30,81375,0,3301647,0
2021-03-31,96224,0,3397871,0
2021-04-01,95298,0,3493169,0
2021-04-02,84066,0,3577235,0
2021-04-03,64301,0,3641536,0
2021-04-04,21717,0,3663253,0
2021-04-05,40303,0,3703556,0
2021-04-06,81306,0,3784862,0
2021-04-07,95819,0,3880681,0
2021-04-08,95233,0,3975914,0
2021-04-09,88486,0,4064400,0
2021-04-10,74032,0,4138432,0
2021-04-11,44760,0,4183192,0
2021-04-12,66911,0,4250103,0
2021-04-13,72568,0,4322671,0
2021-04-14,85524,0,4408195,0
2021-04-15,105404,0,4513599,0
2021-04-16,106415,0,4620014,0
2021-04-17,90507,0,4710521,0
2021-04-18,58582,0,4769103,0
2021-04-19,93426,0,4862529,0
2021-04-20,103758,0,4966287,0
2021-04-21,125334,0,5091621,0
2021-04-22,143502,0,5235123,0
2021-04-23,138723,0,5373846,0
2021-04-24,124438,0,5498284,0
2021-04-25,61454,0,5559738,0
2021-04-26,97882,0,5657620,0
2021-04-27,128354,0,5785974,0
2021-04-28,156359,0,5942333,0
2021-04-29,195587,0,6137920,0
2021-04-30,214559,0,6352479,0
2021-05-01,174100,0,6526579,0
2021-05-02,135794,0,6662373,0
2021-05-03,142011,0,6804384,0
2021-05-04,158678,0,6963062,0
2021-05-05,170484,0,7133546,0
2021-05-06,197792,0,7331338,0
2021-05-07,213826,0,7545164,0
2021-05-08,213392,0,7758556,0
2021-05-09,143196,0,7901752,0
2021-05-10,165080,0,8066832,0
2021-05-11,174971,0,8241803,0
2021-05-12,179171,0,8420974,0
2021-05-13,203372,0,8624346,0
2021-05-14,222901,0,8847247,0
2021-05-15,210352,0,9057599,0
2021-05-16,159269,0,9216868,0
2021-05-17,219183,0,9436051,0
2021-05-18,213001,0,9649052,0
2021-05-19,207072,0,9856124,0
2021-05-20,270842,0,10126966,0
2021-05-21,270870,0,10397836,0
2021-05-22,245517,0,10643353,0
2021-05-23,197172,0,10840525,0
2021-05-24,228299,0,11068824,0
2021-05-25,245689,0,11314513,0
2021-05-26,277480,0,11591993,0
2021-05-27,311077,0,11903070,0
2021-05-28,299567,0,12202637,0
2021-05-29,231215,0,12433852,0
2021-05-30,170834,0,12604686,0
2021-05-31,216416,0,12821102,0
2021-06-01,207624,0,13028726,0
2021-06-02,115780,0,13144506,0
2021-06-03,180135,0,13324641,0
2021-06-04,184865,0,13509506,0
2021-06-05,185951,0,13695457,0
2021-06-06,139533,0,13834990,0
2021-06-07,161860,0,13996850,0
2021-06-08,171198,0,14168048,0
2021-06-09,171457,0,14339505,0
2021-06-10,174078,0,14513583,0
2021-06-11,169961,0,14683544,0
2021-06-12,128316,0,14811860,0
2021-06-13,91166,0,14903026,0
2021-06-14,214664,0,15117690,0
2021-06-15,228402,0,15346092,0
2021-06-16,253061,0,15599153,0
2021-06-17,301718,0,15900871,0
2021-06-18,306286,0,16207157,0
2021-06-19,275072,0,16482229,0
2021-06-20,220755,0,16702984,0
2021-06-21,288062,0,16991046,0
2021-06-22,296199,0,17287245,0
2021-06-23,302667,0,17589912,0
2021-06-24,332578,0,17922490,0
2021-06-25,348697,0,18271187,0
2021-06-26,300091,0,18571278,0
2021-06-27,228636,0,18799914,0
2021-06-28,307062,0,19106976,0
2021-06-29,329257,0,19436233,0
2021-06-30,342120,0,19778353,0
2021-07-01,363180,0,20141533,0
2021-07-02,368440,0,20509973,0
2021-07-03,371073,0,20881046,0
2021-07-04,283202,0,21164248,0
2021-07-05,384519,0,21548767,0
2021-07-06,385441,0,21934208,0
2021-07-07,412078,0,22346286,0
2021-07-08,479601,0,22825887,0
2021-07-09,498475,0,23324362,0
2021-07-10,475168,0,23799530,0
2021-07-11,357687,0,24157217,0
2021-07-12,485883,0,24643100,0
2021-07-13,492124,0,25135224,0
2021-07-14,480465,0,25615689,0
2021-07-15,523454,0,26139143,0
2021-07-16,509767,0,26648910,0
2021-07-17,464353,0,27113263,0
2021-07-18,364670,0,27477933,0
2021-07-19,463056,0,27940989,0
2021-07-20,458070,0,28399059,0
2021-07-21,462795,0,28861854,0
2021-07-22,475397,0,29337251,0
2021-07-23,441293,0,29778544,0
2021-07-24,386168,0,30164712,0
2021-07-25,287568,0,30452280,0
2021-07-26,430867,0,30883147,0
2021-07-27,440123,0,31323270,0
2021-07-28,391002,0,31714272,0
2021-07-29,372073,0,32086345,0
2021-07-30,341502,0,32427847,0
2021-07-31,287023,0,32714870,0
2021-08-01,191007,0,32905877,0
2021-08-02,333714,0,33239591,0
2021-08-03,323183,0,33562774,0
2021-08-04,310968,0,33873742,0
2021-08-05,292503,0,34166245,0
2021-08-06,260001,0,34426246,0
2021-08-07,199046,0,34625292,0
2021-08-08,153108,0,34778400,0
2021-08-09,234073,0,35012473,0
2021-08-10,205243,0,35217716,0
2021-08-11,193759,0,35411475,0
2021-08-12,168014,0,35579489,0
2021-08-13,148617,0,35728106,0
2021-08-14,66090,0,35794196,0
2021-08-15,26337,0,35820533,0
2021-08-16,114691,0,35935224,0
2021-08-17,129247,0,36064471,0
2021-08-18,128746,0,36193217,0
2021-08-19,124805,0,36318022,0
2021-08-20,123798,0,36441820,0
2021-08-21,83124,0,36524944,0
2021-08-22,68169,0,36593113,0
2021-08-23,176867,0,36769980,0
2021-08-24,156903,0,36926883,0
2021-08-25,177169,0,37104052,0
2021-08-26,172351,0,37276403,0
2021-08-27,185838,0,37462241,0
2021-08-28,140271,0,37602512,0
2021-08-29,98994,0,37701506,0
2021-08-30,209622,0,37911128,0
2021-08-31,194639,0,38105767,0
2021-09-01,192211,0,38297978,0
2021-09-02,189934,0,38487912,0
2021-09-03,191324,0,38679236,0
2021-09-04,131472,0,38810708,0
2021-09-05,87860,0,38898568,0
2021-09-06,193639,0,39092207,0
2021-09-07,196044,0,39288251,0
2021-09-08,187891,0,39476142,0
2021-09-09,201457,0,39677599,0
2021-09-10,198089,0,39875688,0
2021-09-11,141313,0,40017001,0
2021-09-12,89599,0,40106600,0
2021-09-13,191143,580,40297743,580
2021-09-14,177238,597,40474981,1177
2021-09-15,163106,602,40638087,1779
2021-09-16,160084,943,40798171,2722
2021-09-17,150173,1128,40948344,3850
2021-09-18,127978,747,41076322,4597
2021-09-19,81136,497,41157458,5094
2021-09-20,180080,9085,41337538,14179
2021-09-21,166642,8840,41504180,23019
2021-09-22,159084,9447,41663264,32466
2021-09-23,138076,9336,41801340,41802
2021-09-24,140539,8970,41941879,50772
2021-09-25,119554,5645,42061433,56417
2021-09-26,71965,4345,42133398,60762
2021-09-27,135653,10053,42269051,70815
2021-09-28,117501,11396,42386552,82211
2021-09-29,112350,11830,42498902,94041
2021-09-30,110239,14957,42609141,108998
2021-10-01,94982,19115,42704123,128113
2021-10-02,78495,14021,42782618,142134
2021-10-03,47744,7659,42830362,149793
2021-10-04,88375,34452,42918737,184245
2021-10-05,80370,33973,42999107,218218
2021-10-06,71987,34169,43071094,252387
2021-10-07,71854,34352,43142948,286739
2021-10-08,80631,33593,43223579,320332
2021-10-09,76101,22176,43299680,342508
2021-10-10,45775,13619,43345455,356127
2021-10-11,87431,41108,43432886,397235
2021-10-12,84495,46908,43517381,444143
2021-10-13,88191,52127,43605572,496270
2021-10-14,91538,58518,43697110,554788
2021-10-15,93601,55636,43790711,610424
2021-10-16,82970,36785,43873681,647209
2021-10-17,51466,23830,43925147,671039
2021-10-18,90302,59489,44015449,730528
2021-10-19,78344,69383,44093793,799911
2021-10-20,75073,78174,44168866,878085
2021-10-21,78297,81766,44247163,959851
2021-10-22,73784,77036,44320947,1036887
2021-10-23,60821,51962,44381768,1088849
2021-10-24,33373,23462,44415141,1112311
2021-10-25,64907,81629,44480048,1193940
2021-10-26,58371,91791,44538419,1285731
2021-10-27,58327,103977,44596746,1389708
2021-10-28,61465,114109,44658211,1503817
2021-10-29,61644,103132,44719855,1606949
2021-10-30,50671,68121,44770526,1675070
2021-10-31,25163,28293,44795689,1703363
2021-11-01,19045,28150,44814734,1731513
2021-11-02,62754,89386,44877488,1820899
2021-11-03,60727,118665,44938215,1939564
2021-11-04,59243,126668,44997458,2066232
2021-11-05,63093,135185,45060551,2201417
2021-11-06,46479,90923,45107030,2292340
2021-11-07,22252,37896,45129282,2330236
2021-11-08,51527,131271,45180809,2461507
2021-11-09,45400,144208,45226209,2605715
2021-11-10,42584,156350,45268793,2762065
2021-11-11,44933,155140,45313726,2917205
2021-11-12,46373,158578,45360099,3075783
2021-11-13,33257,116655,45393356,3192438
2021-11-14,14486,52448,45407842,3244886
2021-11-15,36895,157430,45444737,3402316
2021-11-16,30553,171375,45475290,3573691
2021-11-17,28455,178442,45503745,3752133
2021-11-18,30283,193726,45534028,3945859
2021-11-19,28807,205854,45562835,4151713
2021-11-20,20992,156439,45583827,4308152
2021-11-21,10611,64859,45594438,4373011
2021-11-22,21939,213141,45616377,4586152
2021-11-23,23576,241748,45639953,4827900
2021-11-24,27843,270949,45667796,5098849
2021-11-25,23236,301911,45691032,5400760
2021-11-26,24586,318268,45715618,5719028
2021-11-27,21382,266151,45737000,5985179
2021-11-28,9901,137059,45746901,6122238
2021-11-29,22335,326063,45769236,6448301
2021-11-30,23091,365822,45792327,6814123
2021-12-01,21525,413503,45813852,7227626
2021-12-02,23764,440378,45837616,7668004
2021-12-03,25260,467460,45862876,8135464
2021-12-04,22371,418734,45885247,8554198
2021-12-05,11928,261331,45897175,8815529
2021-12-06,25813,457582,45922988,9273111
2021-12-07,24133,480256,45947121,9753367
2021-12-08,10005,249684,45957126,10003051
2021-12-09,31584,491912,45988710,10494963
2021-12-10,28068,517872,46016778,11012835
2021-12-11,23562,459243,46040340,11472078
2021-12-12,12309,293497,46052649,11765575
2021-12-13,26154,467622,46078803,12233197
2021-12-14,25172,494194,46103975,12727391
2021-12-15,25338,517140,46129313,13244531
2021-12-16,27883,520241,46157196,13764772
2021-12-17,29366,517164,46186562,14281936
2021-12-18,27062,468717,46213624,14750653
2021-12-19,15144,300516,46228768,15051169
2021-12-20,30629,477482,46259397,15528651
2021-12-21,30372,493379,46289769,16022030
2021-12-22,29448,484702,46319217,16506732
2021-12-23,28249,426894,46347466,16933626
2021-12-24,13111,210824,46360577,17144450
2021-12-25,2102,33053,46362679,17177503
2021-12-26,8763,159069,46371442,17336572
2021-12-27,46787,504658,46418229,17841230
2021-12-28,42452,554212,46460681,18395442
2021-12-29,34349,550640,46495030,18946082
2021-12-30,31840,499821,46526870,19445903
2021-12-31,14121,247389,46540991,19693292
2022-01-01,3496,64814,46544487,19758106
2022-01-02,22770,276721,46567257,20034827
2022-01-03,47852,520011,46615109,20554838
2022-01-04,46363,572081,46661472,21126919
2022-01-05,40748,560391,46702220,21687310
2022-01-06,23482,274482,46725702,21961792
2022-01-07,63691,554186,46789393,22515978
2022-01-08,60847,503378,46850240,23019356
2022-01-09,42849,319685,46893089,23339041
2022-01-10,61078,542287,46954167,23881328
2022-01-11,61708,586985,47015875,24468313
2022-01-12,58437,581274,47074312,25049587
2022-01-13,58598,580379,47132910,25629966
2022-01-14,46784,588564,47179694,26218530
2022-01-15,39396,569936,47219090,26788466
2022-01-16,31214,341853,47250304,27130319
2022-01-17,54770,489652,47305074,27619971
2022-01-18,58389,517007,47363463,28136978
2022-01-19,57187,502780,47420650,28639758
2022-01-20,54335,498814,47474985,29138572
2022-01-21,42073,493867,47517058,29632439
2022-01-22,31182,469592,47548240,30102031
2022-01-23,34922,275361,47583162,30377392
2022-01-24,56177,437211,47639339,30814603
2022-01-25,61538,452099,47700877,31266702
2022-01-26,58533,435823,47759410,31702525
2022-01-27,48833,432356,47808243,32134881
2022-01-28,58688,436531,47866931,32571412
2022-01-29,68117,412486,47935048,32983898
2022-01-30,50367,235967,47985415,33219865
2022-01-31,60618,356928,48046033,33576793
2022-02-01,65543,328436,48111576,33905229
2022-02-02,63191,296970,48174767,34202199
2022-02-03,60048,274512,48234815,34476711
2022-02-04,72374,268451,48307189,34745162
2022-02-05,83762,248528,48390951,34993690
2022-02-06,55282,116200,48446233,35109890
2022-02-07,65135,199936,48511368,35309826
2022-02-08,66922,186108,48578290,35495934
2022-02-09,58754,166335,48637044,35662269
2022-02-10,58557,163234,48695601,35825503
2022-02-11,62240,162456,48757841,35987959
2022-02-12,71970,152140,48829811,36140099
2022-02-13,41468,68849,48871279,36208948
2022-02-14,46683,116187,48917962,36325135
2022-02-15,48522,123479,48966484,36448614
2022-02-16,45669,106116,49012153,36554730
2022-02-17,42856,98106,49055009,36652836
2022-02-18,46614,112569,49101623,36765405
2022-02-19,52524,100329,49154147,36865734
2022-02-20,31411,40361,49185558,36906095
2022-02-21,37884,89644,49223442,36995739
2022-02-22,37217,83770,49260659,37079509
2022-02-23,33386,79404,49294045,37158913
2022-02-24,32549,78159,49326594,37237072
2022-02-25,34755,90708,49361349,37327780
2022-02-26,39151,89132,49400500,37416912
2022-02-27,22541,35856,49423041,37452768
2022-02-28,28470,81688,49451511,37534456
2022-03-01,22714,53939,49474225,37588395
2022-03-02,21993,50627,49496218,37639022
2022-03-03,22608,54939,49518826,37693961
2022-03-04,23222,62792,49542048,37756753
2022-03-05,23792,57952,49565840,37814705
2022-03-06,9470,17200,49575310,37831905
2022-03-07,15908,51386,49591218,37883291
2022-03-08,15470,48793,49606688,37932084
2022-03-09,13809,46514,49620497,37978598
2022-03-10,14042,52115,49634539,38030713
2022-03-11,15578,57255,49650117,38087968
2022-03-12,15497,56614,49665614,38144582
2022-03-13,5544,16849,49671158,38161431
2022-03-14,10521,46694,49681679,38208125
2022-03-15,10536,46890,49692215,38255015
2022-03-16,9475,41975,49701690,38296990
2022-03-17,9709,44871,49711399,38341861
2022-03-18,10154,49051,49721553,38390912
2022-03-19,9146,46530,49730699,38437442
2022-03-20,2608,11700,49733307,38449142
2022-03-21,7577,40223,49740884,38489365
2022-03-22,8446,37754,49749330,38527119
2022-03-23,7210,33699,49756540,38560818
2022-03-24,8254,38797,49764794,38599615
2022-03-25,8131,43661,49772925,38643276
2022-03-26,8124,41721,49781049,38684997
2022-03-27,2429,9681,49783478,38694678
2022-03-28,6104,35234,49789582,38729912
2022-03-29,5773,32524,49795355,38762436
2022-03-30,5560,30199,49800915,38792635
2022-03-31,5887,33176,49806802,38825811
2022-04-01,4345,25187,49811147,38850998
2022-04-02,4490,23275,49815637,38874273
2022-04-03,1049,4499,49816686,38878772
2022-04-04,3654,21533,49820340,38900305
2022-04-05,3753,22926,49824093,38923231
2022-04-06,4099,21848,49828192,38945079
2022-04-07,3964,23320,49832156,38968399
2022-04-08,4688,26709,49836844,38995108
2022-04-09,4380,23884,49841224,39018992
2022-04-10,891,4614,49842115,39023606
2022-04-11,3813,22685,49845928,39046291
2022-04-12,3358,21778,49849286,39068069
2022-04-13,3561,21333,49852847,39089402
2022-04-14,3485,23781,49856332,39113183
2022-04-15,3081,20617,49859413,39133800
2022-04-16,2149,11919,49861562,39145719
2022-04-17,63,348,49861625,39146067
2022-04-18,149,650,49861774,39146717
2022-04-19,3493,21978,49865267,39168695
2022-04-20,3504,20248,49868771,39188943
2022-04-21,2841,19781,49871612,39208724
2022-04-22,2925,20696,49874537,39229420
2022-04-23,2638,16212,49877175,39245632
2022-04-24,509,2335,49877684,39247967
2022-04-25,183,1165,49877867,39249132
2022-04-26,2758,17797,49880625,39266929
2022-04-27,2371,15785,49882996,39282714
2022-04-28,2358,15553,49885354,39298267
2022-04-29,2292,14835,49887646,39313102
2022-04-30,2121,11577,49889767,39324679
2022-05-01,113,530,49889880,39325209
2022-05-02,1450,9386,49891330,39334595
2022-05-03,1574,10310,49892904,39344905
2022-05-04,1746,10258,49894650,39355163
2022-05-05,1651,10274,49896301,39365437
2022-05-06,1700,10946,49898001,39376383
2022-05-07,1431,8562,49899432,39384945
2022-05-08,404,1514,49899836,39386459
2022-05-09,1026,8918,49900862,39395377
2022-05-10,1422,9539,49902284,39404916
2022-05-11,1482,10087,49903766,39415003
2022-05-12,1368,10119,49905134,39425122
2022-05-13,1588,10511,49906722,39435633
2022-05-14,1356,8228,49908078,39443861
2022-05-15,336,1129,49908414,39444990
2022-05-16,811,8392,49909225,39453382
2022-05-17,1243,8674,49910468,39462056
2022-05-18,1372,9221,49911840,39471277
2022-05-19,1500,9269,49913340,39480546
2022-05-20,1420,9495,49914760,39490041
2022-05-21,1299,7892,49916059,39497933
2022-05-22,231,1012,49916290,39498945
2022-05-23,827,8261,49917117,39507206
2022-05-24,1070,8665,49918187,39515871
2022-05-25,1367,9446,49919554,39525317
2022-05-26,1194,9454,49920748,39534771
2022-05-27,1226,9910,49921974,39544681
2022-05-28,1203,7873,49923177,39552554
2022-05-29,285,1264,49923462,39553818
2022-05-30,930,8028,49924392,39561846
2022-05-31,1033,8532,49925425,39570378
2022-06-01,891,7644,49926316,39578022
2022-06-02,35,474,49926351,39578496
2022-06-03,816,7328,49927167,39585824
2022-06-04,870,5155,49928037,39590979
2022-06-05,89,586,49928126,39591565
2022-06-06,675,6984,49928801,39598549
2022-06-07,932,7842,49929733,39606391
2022-06-08,982,7900,49930715,39614291
2022-06-09,1036,8399,49931751,39622690
2022-06-10,957,8552,49932708,39631242
2022-06-11,900,6206,49933608,39637448
2022-06-12,140,767,49933748,39638215
2022-06-13,603,6295,49934351,39644510
2022-06-14,826,7882,49935177,39652392
2022-06-15,954,7843,49936131,39660235
2022-06-16,729,7389,49936860,39667624
2022-06-17,720,7240,49937580,39674864
2022-06-18,777,5588,49938357,39680452
2022-06-19,47,522,49938404,39680974
2022-06-20,588,6694,49938992,39687668
2022-06-21,733,7652,49939725,39695320
2022-06-22,780,7305,49940505,39702625
2022-06-23,651,7459,49941156,39710084
2022-06-24,642,7473,49941798,39717557
2022-06-25,835,6532,49942633,39724089
2022-06-26,128,523,49942761,39724612
2022-06-27,532,7120,49943293,39731732
2022-06-28,746,8192,49944039,39739924
2022-06-29,756,7719,49944795,39747643
2022-06-30,744,8132,49945539,39755775
2022-07-01,576,6438,49946115,39762213
2022-07-02,536,4766,49946651,39766979
2022-07-03,49,456,49946700,39767435
2022-07-04,470,6274,49947170,39773709
2022-07-05,628,8112,49947798,39781821
2022-07-06,630,7606,49948428,39789427
2022-07-07,568,8261,49948996,39797688
2022-07-08,670,8078,49949666,39805766
2022-07-09,550,6103,49950216,39811869
2022-07-10,58,533,49950274,39812402
2022-07-11,487,7639,49950761,39820041
2022-07-12,664,9026,49951425,39829067
2022-07-13,639,10060,49952064,39839127
2022-07-14,636,10219,49952700,39849346
2022-07-15,623,10664,49953323,39860010
2022-07-16,522,7209,49953845,39867219
2022-07-17,48,769,49953893,39867988
2022-07-18,497,9350,49954390,39877338
2022-07-19,574,10651,49954964,39887989
2022-07-20,576,11258,49955540,39899247
2022-07-21,625,12040,49956165,39911287
2022-07-22,582,11227,49956747,39922514
2022-07-23,379,6743,49957126,39929257
2022-07-24,76,834,49957202,39930091
2022-07-25,501,9033,49957703,39939124
2022-07-26,519,9728,49958222,39948852
2022-07-27,549,10155,49958771,39959007
2022-07-28,527,10482,49959298,39969489
2022-07-29,510,9424,49959808,39978913
2022-07-30,380,5853,49960188,39984766
2022-07-31,49,745,49960237,39985511
2022-08-01,386,6823,49960623,39992334
2022-08-02,539,7518,49961162,39999852
2022-08-03,511,7143,49961673,40006995
2022-08-04,452,7427,49962125,40014422
2022-08-05,417,6485,49962542,40020907
2022-08-06,298,3582,49962840,40024489
2022-08-07,44,551,49962884,40025040
2022-08-08,401,4874,49963285,40029914
2022-08-09,383,5267,49963668,40035181
2022-08-10,376,4788,49964044,40039969
2022-08-11,364,4756,49964408,40044725
2022-08-12,288,3700,49964696,40048425
2022-08-13,143,1596,49964839,40050021
2022-08-14,9,128,49964848,40050149
2022-08-15,1,26,49964849,40050175
2022-08-16,283,3026,49965132,40053201
2022-08-17,351,3513,49965483,40056714
2022-08-18,388,4142,49965871,40060856
2022-08-19,341,3305,49966212,40064161
2022-08-20,182,1711,49966394,40065872
2022-08-21,24,146,49966418,40066018
2022-08-22,329,2935,49966747,40068953
2022-08-23,371,3647,49967118,40072600
2022-08-24,381,3332,49967499,40075932
2022-08-25,419,3731,49967918,40079663
2022-08-26,394,3545,49968312,40083208
2022-08-27,234,1767,49968546,40084975
2022-08-28,29,260,49968575,40085235
2022-08-29,353,3136,49968928,40088371
2022-08-30,400,3636,49969328,40092007
2022-08-31,434,3703,49969762,40095710
2022-09-01,352,3068,49970114,40098778
2022-09-02,292,2867,49970406,40101645
2022-09-03,199,1683,49970605,40103328
2022-09-04,22,147,49970627,40103475
2022-09-05,186,2624,49970813,40106099
2022-09-06,301,2961,49971114,40109060
2022-09-07,538,2907,49971652,40111967
2022-09-08,288,2940,49971940,40114907
2022-09-09,297,2848,49972237,40117755
2022-09-10,226,1324,49972463,40119079
2022-09-11,21,123,49972484,40119202
2022-09-12,264,2206,49972748,40121408
2022-09-13,245,2245,49972993,40123653
2022-09-14,258,2529,49973251,40126182
2022-09-15,275,2444,49973526,40128626
2022-09-16,251,2479,49973777,40131105
2022-09-17,237,1317,49974014,40132422
2022-09-18,19,170,49974033,40132592
2022-09-19,206,1962,49974239,40134554
2022-09-20,232,2362,49974471,40136916
2022-09-21,287,2504,49974758,40139420
2022-09-22,257,2581,49975015,40142001
2022-09-23,244,2252,49975259,40144253
2022-09-24,195,1407,49975454,40145660
2022-09-25,28,134,49975482,40145794
2022-09-26,269,2216,49975751,40148010
2022-09-27,279,2564,49976030,40150574
2022-09-28,288,2773,49976318,40153347
2022-09-29,238,2690,49976556,40156037
2022-09-30,242,2280,49976798,40158317
2022-10-01,148,1140,49976946,40159457
2022-10-02,11,124,49976957,40159581