data_somministrazione,vaccinazioni,booster,cum_vaccinazioni,cum_booster
2020-12-27,20,0,20,0
2020-12-28,2,0,22,0
2020-12-29,1,0,23,0
2020-12-30,8,0,31,0
2020-12-31,71,0,102,0
2021-01-01,23,0,125,0
2021-01-02,120,0,245,0
2021-01-03,84,0,329,0
2021-01-04,210,0,539,0
2021-01-05,246,0,785,0
2021-01-06,214,0,999,0
2021-01-07,300,0,1299,0
2021-01-08,342,0,1641,0
2021-01-09,256,0,1897,0
2021-01-10,152,0,2049,0
2021-01-11,279,0,2328,0
2021-01-12,269,0,2597,0
2021-01-13,396,0,2993,0
2021-01-14,482,0,3475,0
2021-01-15,299,0,3774,0
2021-01-16,212,0,3986,0
2021-01-17,3059,0,7045,0
2021-01-18,5210,0,12255,0
2021-01-19,1893,0,14148,0
2021-01-20,4655,0,18803,0
2021-01-21,19998,0,38801,0
2021-01-22,14206,0,53007,0
2021-01-23,33324,0,86331,0
2021-01-24,30785,0,117116,0
2021-01-25,64726,0,181842,0
2021-01-26,76496,0,258338,0
2021-01-27,64831,0,323169,0
2021-01-28,89282,0,412451,0
2021-01-29,94016,0,506467,0
2021-01-30,86561,0,593028,0
2021-01-31,57333,0,650361,0
2021-02-01,81859,0,732220,0
2021-02-02,82144,0,814364,0
2021-02-03,91193,0,905557,0
2021-02-04,95396,0,1000953,0
2021-02-05,90276,0,1091229,0
2021-02-06,63445,0,1154674,0
2021-02-07,32928,0,1187602,0
2021-02-08,40428,0,1228030,0
2021-02-09,32866,0,1260896,0
2021-02-10,28422,0,1289318,0
2021-02-11,20395,0,1309713,0
2021-02-12,16233,0,1325946,0
2021-02-13,7265,0,1333211,0
2021-02-14,2861,0,1336072,0
2021-02-15,6840,0,1342912,0
2021-02-16,6997,0,1349909,0
2021-02-17,10520,0,1360429,0
2021-02-18,9252,0,1369681,0
2021-02-19,8245,0,1377926,0
2021-02-20,5555,0,1383481,0
2021-02-21,2996,0,1386477,0
2021-02-22,6884,0,1393361,0
2021-02-23,7166,0,1400527,0
2021-02-24,9830,0,1410357,0
2021-02-25,14210,0,1424567,0
2021-02-26,17555,0,1442122,0
2021-02-27,13909,0,1456031,0
2021-02-28,9387,0,1465418,0
2021-03-01,26515,0,1491933,0
2021-03-02,33238,0,1525171,0
2021-03-03,44643,0,1569814,0
2021-03-04,50290,0,1620104,0
2021-03-05,55736,0,1675840,0
2021-03-06,41871,0,1717711,0
2021-03-07,22324,0,1740035,0
2021-03-08,50821,0,1790856,0
2021-03-09,53068,0,1843924,0
2021-03-10,58646,0,1902570,0
2021-03-11,63858,0,1966428,0
2021-03-12,65107,0,2031535,0
2021-03-13,51714,0,2083249,0
2021-03-14,35393,0,2118642,0
2021-03-15,73439,0,2192081,0
2021-03-16,74028,0,2266109,0
2021-03-17,83135,0,2349244,0
2021-03-18,81620,0,2430864,0
2021-03-19,81080,0,2511944,0
2021-03-20,64717,0,2576661,0
2021-03-21,47296,0,2623957,0
2021-03-22,69474,0,2693431,0
2021-03-23,75792,0,2769223,0
2021-03-24,90908,0,2860131,0
2021-03-25,89798,0,2949929,0
2021-03-26,83617,0,3033546,0
2021-03-27,71933,0,3105479,0
2021-03-28,44141,0,3149620,0
2021-03-29,70825,0,3220445,0
2021-03-30,81379,0,3301824,0
2021-03-31,96232,0,3398056,0
2021-04-01,95305,0,3493361,0
2021-04-02,84070,0,3577431,0
2021-04-03,64303,0,3641734,0
2021-04-04,21718,0,3663452,0
2021-04-05,40310,0,3703762,0
2021-04-06,81309,0,3785071,0
2021-04-07,95829,0,3880900,0
2021-04-08,95234,0,3976134,0
2021-04-09,88485,0,4064619,0
2021-04-10,74031,0,4138650,0
2021-04-11,44760,0,4183410,0
2021-04-12,66917,0,4250327,0
2021-04-13,72572,0,4322899,0
2021-04-14,85539,0,4408438,0
2021-04-15,105418,0,4513856,0
2021-04-16,106418,0,4620274,0
2021-04-17,90511,0,4710785,0
2021-04-18,58588,0,4769373,0
2021-04-19,93431,0,4862804,0
2021-04-20,103769,0,4966573,0
2021-04-21,125339,0,5091912,0
2021-04-22,143517,0,5235429,0
2021-04-23,138736,0,5374165,0
2021-04-24,124444,0,5498609,0
2021-04-25,61454,0,5560063,0
2021-04-26,97890,0,5657953,0
2021-04-27,128361,0,5786314,0
2021-04-28,156368,0,5942682,0
2021-04-29,195592,0,6138274,0
2021-04-30,214573,0,6352847,0
2021-05-01,174111,0,6526958,0
2021-05-02,135803,0,6662761,0
2021-05-03,142027,0,6804788,0
2021-05-04,158694,0,6963482,0
2021-05-05,170495,0,7133977,0
2021-05-06,197804,0,7331781,0
2021-05-07,213841,0,7545622,0
2021-05-08,213409,0,7759031,0
2021-05-09,143199,0,7902230,0
2021-05-10,165086,0,8067316,0
2021-05-11,174984,0,8242300,0
2021-05-12,179175,0,8421475,0
2021-05-13,203376,0,8624851,0
2021-05-14,222908,0,8847759,0
2021-05-15,210355,0,9058114,0
2021-05-16,159270,0,9217384,0
2021-05-17,219191,0,9436575,0
2021-05-18,213017,0,9649592,0
2021-05-19,207083,0,9856675,0
2021-05-20,270859,0,10127534,0
2021-05-21,270878,0,10398412,0
2021-05-22,245525,0,10643937,0
2021-05-23,197180,0,10841117,0
2021-05-24,228302,0,11069419,0
2021-05-25,245695,0,11315114,0
2021-05-26,277487,0,11592601,0
2021-05-27,311082,0,11903683,0
2021-05-28,299572,0,12203255,0
2021-05-29,231216,0,12434471,0
2021-05-30,170838,0,12605309,0
2021-05-31,216421,0,12821730,0
2021-06-01,207632,0,13029362,0
2021-06-02,115787,0,13145149,0
2021-06-03,180137,0,13325286,0
2021-06-04,184868,0,13510154,0
2021-06-05,185952,0,13696106,0
2021-06-06,139537,0,13835643,0
2021-06-07,161864,0,13997507,0
2021-06-08,171203,0,14168710,0
2021-06-09,171465,0,14340175,0
2021-06-10,174086,0,14514261,0
2021-06-11,169962,0,14684223,0
2021-06-12,128318,0,14812541,0
2021-06-13,91172,0,14903713,0
2021-06-14,214669,0,15118382,0
2021-06-15,228408,0,15346790,0
2021-06-16,253070,0,15599860,0
2021-06-17,301724,0,15901584,0
2021-06-18,306291,0,16207875,0
2021-06-19,275075,0,16482950,0
2021-06-20,220774,0,16703724,0
2021-06-21,288072,0,16991796,0
2021-06-22,296212,0,17288008,0
2021-06-23,302687,0,17590695,0
2021-06-24,332590,0,17923285,0
2021-06-25,348711,0,18271996,0
2021-06-26,300105,0,18572101,0
2021-06-27,228655,0,18800756,0
2021-06-28,307083,0,19107839,0
2021-06-29,329275,0,19437114,0
2021-06-30,342151,0,19779265,0
2021-07-01,363201,0,20142466,0
2021-07-02,368466,0,20510932,0
2021-07-03,371086,0,20882018,0
2021-07-04,283209,0,21165227,0
2021-07-05,384542,0,21549769,0
2021-07-06,385464,0,21935233,0
2021-07-07,412116,0,22347349,0
2021-07-08,479617,0,22826966,0
2021-07-09,498494,0,23325460,0
2021-07-10,475190,0,23800650,0
2021-07-11,357702,0,24158352,0
2021-07-12,485899,0,24644251,0
2021-07-13,492135,0,25136386,0
2021-07-14,480474,0,25616860,0
2021-07-15,523464,0,26140324,0
2021-07-16,509778,0,26650102,0
2021-07-17,464358,0,27114460,0
2021-07-18,364670,0,27479130,0
2021-07-19,463067,0,27942197,0
2021-07-20,458076,0,28400273,0
2021-07-21,462803,0,28863076,0
2021-07-22,475404,0,29338480,0
2021-07-23,441317,0,29779797,0
2021-07-24,386170,0,30165967,0
2021-07-25,287573,0,30453540,0
2021-07-26,430874,0,30884414,0
2021-07-27,440126,0,31324540,0
2021-07-28,391009,0,31715549,0
2021-07-29,372080,0,32087629,0
2021-07-30,341503,0,32429132,0
2021-07-31,287028,0,32716160,0
2021-08-01,191009,0,32907169,0
2021-08-02,333718,0,33240887,0
2021-08-03,323191,0,33564078,0
2021-08-04,310974,0,33875052,0
2021-08-05,292517,0,34167569,0
2021-08-06,260003,0,34427572,0
2021-08-07,199045,0,34626617,0
2021-08-08,153110,0,34779727,0
2021-08-09,234075,0,35013802,0
2021-08-10,205251,0,35219053,0
2021-08-11,193767,0,35412820,0
2021-08-12,168020,0,35580840,0
2021-08-13,148620,0,35729460,0
2021-08-14,66093,0,35795553,0
2021-08-15,26337,0,35821890,0
2021-08-16,114694,0,35936584,0
2021-08-17,129247,0,36065831,0
2021-08-18,128745,0,36194576,0
2021-08-19,124809,0,36319385,0
2021-08-20,123798,0,36443183,0
2021-08-21,83123,0,36526306,0
2021-08-22,68170,0,36594476,0
2021-08-23,176871,0,36771347,0
2021-08-24,156901,0,36928248,0
2021-08-25,177171,0,37105419,0
2021-08-26,172357,0,37277776,0
2021-08-27,185840,0,37463616,0
2021-08-28,140276,0,37603892,0
2021-08-29,98990,0,37702882,0
2021-08-30,209616,0,37912498,0
2021-08-31,194639,0,38107137,0
2021-09-01,192210,0,38299347,0
2021-09-02,189937,0,38489284,0
2021-09-03,191323,0,38680607,0
2021-09-04,131471,0,38812078,0
2021-09-05,87860,0,38899938,0
2021-09-06,193638,0,39093576,0
2021-09-07,196045,0,39289621,0
2021-09-08,187890,0,39477511,0
2021-09-09,201456,0,39678967,0
2021-09-10,198088,0,39877055,0
2021-09-11,141313,0,40018368,0
2021-09-12,89600,0,40107968,0
2021-09-13,191141,584,40299109,584
2021-09-14,177242,601,40476351,1185
2021-09-15,163100,610,40639451,1795
2021-09-16,160085,945,40799536,2740
2021-09-17,150175,1129,40949711,3869
2021-09-18,127981,747,41077692,4616
2021-09-19,81135,498,41158827,5114
2021-09-20,180077,9093,41338904,14207
2021-09-21,166645,8842,41505549,23049
2021-09-22,159085,9447,41664634,32496
2021-09-23,138077,9337,41802711,41833
2021-09-24,140539,8975,41943250,50808
2021-09-25,119556,5647,42062806,56455
2021-09-26,71968,4345,42134774,60800
2021-09-27,135657,10056,42270431,70856
2021-09-28,117504,11399,42387935,82255
2021-09-29,112354,11831,42500289,94086
2021-09-30,110243,14960,42610532,109046
2021-10-01,94982,19119,42705514,128165
2021-10-02,78497,14028,42784011,142193
2021-10-03,47744,7662,42831755,149855
2021-10-04,88376,34463,42920131,184318
2021-10-05,80369,33986,43000500,218304
2021-10-06,71996,34180,43072496,252484
2021-10-07,71857,34360,43144353,286844
2021-10-08,80631,33597,43224984,320441
2021-10-09,76103,22181,43301087,342622
2021-10-10,45776,13620,43346863,356242
2021-10-11,87433,41112,43434296,397354
2021-10-12,84495,46914,43518791,444268
2021-10-13,88194,52129,43606985,496397
2021-10-14,91543,58525,43698528,554922
2021-10-15,93601,55641,43792129,610563
2021-10-16,82969,36792,43875098,647355
2021-10-17,51464,23836,43926562,671191
2021-10-18,90304,59494,44016866,730685
2021-10-19,78346,69385,44095212,800070
2021-10-20,75072,78182,44170284,878252
2021-10-21,78297,81773,44248581,960025
2021-10-22,73786,77043,44322367,1037068
2021-10-23,60823,51964,44383190,1089032
2021-10-24,33374,23465,44416564,1112497
2021-10-25,64906,81637,44481470,1194134
2021-10-26,58373,91810,44539843,1285944
2021-10-27,58328,103994,44598171,1389938
2021-10-28,61464,114121,44659635,1504059
2021-10-29,61644,103143,44721279,1607202
2021-10-30,50674,68125,44771953,1675327
2021-10-31,25163,28297,44797116,1703624
2021-11-01,19046,28152,44816162,1731776
2021-11-02,62754,89395,44878916,1821171
2021-11-03,60730,118674,44939646,1939845
2021-11-04,59242,126677,44998888,2066522
2021-11-05,63095,135193,45061983,2201715
2021-11-06,46481,90936,45108464,2292651
2021-11-07,22254,37896,45130718,2330547
2021-11-08,51529,131275,45182247,2461822
2021-11-09,45402,144212,45227649,2606034
2021-11-10,42588,156357,45270237,2762391
2021-11-11,44934,155141,45315171,2917532
2021-11-12,46375,158586,45361546,3076118
2021-11-13,33259,116660,45394805,3192778
2021-11-14,14488,52451,45409293,3245229
2021-11-15,36894,157436,45446187,3402665
2021-11-16,30557,171384,45476744,3574049
2021-11-17,28459,178450,45505203,3752499
2021-11-18,30286,193734,45535489,3946233
2021-11-19,28809,205866,45564298,4152099
2021-11-20,20996,156453,45585294,4308552
2021-11-21,10612,64860,45595906,4373412
2021-11-22,21940,213152,45617846,4586564
2021-11-23,23578,241758,45641424,4828322
2021-11-24,27843,270963,45669267,5099285
2021-11-25,23236,301918,45692503,5401203
2021-11-26,24585,318281,45717088,5719484
2021-11-27,21385,266159,45738473,5985643
2021-11-28,9902,137059,45748375,6122702
2021-11-29,22337,326073,45770712,6448775
2021-11-30,23097,365830,45793809,6814605
2021-12-01,21527,413549,45815336,7228154
2021-12-02,23765,440414,45839101,7668568
2021-12-03,25261,467482,45864362,8136050
2021-12-04,22373,418755,45886735,8554805
2021-12-05,11931,261350,45898666,8816155
2021-12-06,25817,457594,45924483,9273749
2021-12-07,24138,480270,45948621,9754019
2021-12-08,10006,249696,45958627,10003715
2021-12-09,31587,491943,45990214,10495658
2021-12-10,28073,517896,46018287,11013554
2021-12-11,23570,459259,46041857,11472813
2021-12-12,12309,293515,46054166,11766328
2021-12-13,26160,467638,46080326,12233966
2021-12-14,25175,494213,46105501,12728179
2021-12-15,25341,517160,46130842,13245339
2021-12-16,27888,520271,46158730,13765610
2021-12-17,29367,517188,46188097,14282798
2021-12-18,27065,468737,46215162,14751535
2021-12-19,15148,300536,46230310,15052071
2021-12-20,30637,477497,46260947,15529568
2021-12-21,30376,493399,46291323,16022967
2021-12-22,29452,484721,46320775,16507688
2021-12-23,28256,426915,46349031,16934603
2021-12-24,13112,210835,46362143,17145438
2021-12-25,2102,33053,46364245,17178491
2021-12-26,8763,159071,46373008,17337562
2021-12-27,46797,504670,46419805,17842232
2021-12-28,42456,554226,46462261,18396458
2021-12-29,34351,550648,46496612,18947106
2021-12-30,31849,499837,46528461,19446943
2021-12-31,14122,247396,46542583,19694339
2022-01-01,3496,64814,46546079,19759153
2022-01-02,22774,276726,46568853,20035879
2022-01-03,47862,520021,46616715,20555900
2022-01-04,46381,572089,46663096,21127989
2022-01-05,40761,560398,46703857,21688387
2022-01-06,23490,274489,46727347,21962876
2022-01-07,63704,554193,46791051,22517069
2022-01-08,60866,503389,46851917,23020458
2022-01-09,42864,319688,46894781,23340146
2022-01-10,61084,542296,46955865,23882442
2022-01-11,61723,586993,47017588,24469435
2022-01-12,58444,581276,47076032,25050711
2022-01-13,58612,580390,47134644,25631101
2022-01-14,46798,588570,47181442,26219671
2022-01-15,39414,569939,47220856,26789610
2022-01-16,31226,341861,47252082,27131471
2022-01-17,54779,489658,47306861,27621129
2022-01-18,58395,517016,47365256,28138145
2022-01-19,57192,502783,47422448,28640928
2022-01-20,54337,498827,47476785,29139755
2022-01-21,42084,493870,47518869,29633625
2022-01-22,31192,469594,47550061,30103219
2022-01-23,34932,275365,47584993,30378584
2022-01-24,56179,437216,47641172,30815800
2022-01-25,61547,452106,47702719,31267906
2022-01-26,58541,435828,47761260,31703734
2022-01-27,48838,432362,47810098,32136096
2022-01-28,58692,436533,47868790,32572629
2022-01-29,68118,412488,47936908,32985117
2022-01-30,50372,235968,47987280,33221085
2022-01-31,60619,356930,48047899,33578015
2022-02-01,65546,328441,48113445,33906456
2022-02-02,63196,296973,48176641,34203429
2022-02-03,60053,274513,48236694,34477942
2022-02-04,72380,268451,48309074,34746393
2022-02-05,83772,248532,48392846,34994925
2022-02-06,55285,116200,48448131,35111125
2022-02-07,65136,199939,48513267,35311064
2022-02-08,66924,186110,48580191,35497174
2022-02-09,58756,166336,48638947,35663510
2022-02-10,58567,163234,48697514,35826744
2022-02-11,62244,162459,48759758,35989203
2022-02-12,71976,152141,48831734,36141344
2022-02-13,41472,68848,48873206,36210192
2022-02-14,46684,116187,48919890,36326379
2022-02-15,48526,123479,48968416,36449858
2022-02-16,45674,106117,49014090,36555975
2022-02-17,42858,98107,49056948,36654082
2022-02-18,46616,112570,49103564,36766652
2022-02-19,52530,100329,49156094,36866981
2022-02-20,31410,40361,49187504,36907342
2022-02-21,37884,89645,49225388,36996987
2022-02-22,37218,83771,49262606,37080758
2022-02-23,33389,79405,49295995,37160163
2022-02-24,32550,78160,49328545,37238323
2022-02-25,34754,90709,49363299,37329032
2022-02-26,39152,89132,49402451,37418164
2022-02-27,22541,35856,49424992,37454020
2022-02-28,28472,81689,49453464,37535709
2022-03-01,22716,53940,49476180,37589649
2022-03-02,21993,50629,49498173,37640278
2022-03-03,22609,54940,49520782,37695218
2022-03-04,23225,62793,49544007,37758011
2022-03-05,23792,57952,49567799,37815963
2022-03-06,9470,17200,49577269,37833163
2022-03-07,15910,51387,49593179,37884550
2022-03-08,15470,48794,49608649,37933344
2022-03-09,13810,46516,49622459,37979860
2022-03-10,14044,52116,49636503,38031976
2022-03-11,15579,57259,49652082,38089235
2022-03-12,15499,56614,49667581,38145849
2022-03-13,5544,16849,49673125,38162698
2022-03-14,10521,46694,49683646,38209392
2022-03-15,10536,46891,49694182,38256283
2022-03-16,9476,41975,49703658,38298258
2022-03-17,9712,44871,49713370,38343129
2022-03-18,10155,49053,49723525,38392182
2022-03-19,9148,46531,49732673,38438713
2022-03-20,2608,11700,49735281,38450413
2022-03-21,7578,40223,49742859,38490636
2022-03-22,8447,37756,49751306,38528392
2022-03-23,7210,33699,49758516,38562091
2022-03-24,8254,38798,49766770,38600889
2022-03-25,8131,43660,49774901,38644549
2022-03-26,8124,41721,49783025,38686270
2022-03-27,2429,9681,49785454,38695951
2022-03-28,6104,35236,49791558,38731187
2022-03-29,5773,32527,49797331,38763714
2022-03-30,5561,30200,49802892,38793914
2022-03-31,5887,33178,49808779,38827092
2022-04-01,4347,25187,49813126,38852279
2022-04-02,4490,23274,49817616,38875553
2022-04-03,1049,4499,49818665,38880052
2022-04-04,3654,21534,49822319,38901586
2022-04-05,3753,22926,49826072,38924512
2022-04-06,4098,21848,49830170,38946360
2022-04-07,3964,23320,49834134,38969680
2022-04-08,4690,26709,49838824,38996389
2022-04-09,4381,23884,49843205,39020273
2022-04-10,891,4614,49844096,39024887
2022-04-11,3813,22686,49847909,39047573
2022-04-12,3359,21778,49851268,39069351
2022-04-13,3561,21333,49854829,39090684
2022-04-14,3485,23782,49858314,39114466
2022-04-15,3082,20616,49861396,39135082
2022-04-16,2149,11919,49863545,39147001
2022-04-17,63,348,49863608,39147349
2022-04-18,151,650,49863759,39147999
2022-04-19,3494,21978,49867253,39169977
2022-04-20,3505,20248,49870758,39190225
2022-04-21,2841,19782,49873599,39210007
2022-04-22,2925,20696,49876524,39230703
2022-04-23,2641,16218,49879165,39246921
2022-04-24,509,2335,49879674,39249256
2022-04-25,183,1165,49879857,39250421
2022-04-26,2757,17798,49882614,39268219
2022-04-27,2371,15786,49884985,39284005
2022-04-28,2356,15554,49887341,39299559
2022-04-29,2292,14835,49889633,39314394
2022-04-30,2121,11577,49891754,39325971
2022-05-01,113,530,49891867,39326501
2022-05-02,1450,9388,49893317,39335889
2022-05-03,1574,10312,49894891,39346201
2022-05-04,1746,10258,49896637,39356459
2022-05-05,1651,10277,49898288,39366736
2022-05-06,1701,10946,49899989,39377682
2022-05-07,1431,8563,49901420,39386245
2022-05-08,405,1514,49901825,39387759
2022-05-09,1026,8918,49902851,39396677
2022-05-10,1422,9540,49904273,39406217
2022-05-11,1483,10089,49905756,39416306
2022-05-12,1367,10122,49907123,39426428
2022-05-13,1590,10510,49908713,39436938
2022-05-14,1356,8228,49910069,39445166
2022-05-15,336,1129,49910405,39446295
2022-05-16,811,8392,49911216,39454687
2022-05-17,1243,8674,49912459,39463361
2022-05-18,1372,9221,49913831,39472582
2022-05-19,1500,9270,49915331,39481852
2022-05-20,1421,9498,49916752,39491350
2022-05-21,1299,7892,49918051,39499242
2022-05-22,231,1012,49918282,39500254
2022-05-23,827,8261,49919109,39508515
2022-05-24,1072,8665,49920181,39517180
2022-05-25,1368,9444,49921549,39526624
2022-05-26,1194,9454,49922743,39536078
2022-05-27,1226,9911,49923969,39545989
2022-05-28,1203,7873,49925172,39553862
2022-05-29,286,1264,49925458,39555126
2022-05-30,929,8029,49926387,39563155
2022-05-31,1033,8532,49927420,39571687
2022-06-01,891,7644,49928311,39579331
2022-06-02,35,474,49928346,39579805
2022-06-03,816,7328,49929162,39587133
2022-06-04,870,5155,49930032,39592288
2022-06-05,89,586,49930121,39592874
2022-06-06,675,6984,49930796,39599858
2022-06-07,932,7842,49931728,39607700
2022-06-08,982,7900,49932710,39615600
2022-06-09,1036,8400,49933746,39624000
2022-06-10,957,8552,49934703,39632552
2022-06-11,900,6206,49935603,39638758
2022-06-12,140,767,49935743,39639525
2022-06-13,602,6296,49936345,39645821
2022-06-14,826,7882,49937171,39653703
2022-06-15,954,7844,49938125,39661547
2022-06-16,729,7389,49938854,39668936
2022-06-17,720,7241,49939574,39676177
2022-06-18,777,5588,49940351,39681765
2022-06-19,47,522,49940398,39682287
2022-06-20,588,6694,49940986,39688981
2022-06-21,733,7652,49941719,39696633
2022-06-22,780,7306,49942499,39703939
2022-06-23,651,7459,49943150,39711398
2022-06-24,642,7473,49943792,39718871
2022-06-25,835,6532,49944627,39725403
2022-06-26,128,523,49944755,39725926
2022-06-27,531,7120,49945286,39733046
2022-06-28,746,8192,49946032,39741238
2022-06-29,756,7720,49946788,39748958
2022-06-30,745,8132,49947533,39757090
2022-07-01,576,6438,49948109,39763528
2022-07-02,536,4766,49948645,39768294
2022-07-03,49,456,49948694,39768750
2022-07-04,471,6274,49949165,39775024
2022-07-05,628,8112,49949793,39783136
2022-07-06,630,7606,49950423,39790742
2022-07-07,569,8263,49950992,39799005
2022-07-08,670,8079,49951662,39807084
2022-07-09,550,6103,49952212,39813187
2022-07-10,58,533,49952270,39813720
2022-07-11,487,7639,49952757,39821359
2022-07-12,665,9026,49953422,39830385
2022-07-13,640,10060,49954062,39840445
2022-07-14,636,10219,49954698,39850664
2022-07-15,623,10663,49955321,39861327
2022-07-16,522,7209,49955843,39868536
2022-07-17,48,769,49955891,39869305
2022-07-18,497,9350,49956388,39878655
2022-07-19,574,10653,49956962,39889308
2022-07-20,577,11257,49957539,39900565
2022-07-21,625,12040,49958164,39912605
2022-07-22,582,11227,49958746,39923832
2022-07-23,379,6743,49959125,39930575
2022-07-24,76,834,49959201,39931409
2022-07-25,501,9033,49959702,39940442
2022-07-26,519,9728,49960221,39950170
2022-07-27,549,10155,49960770,39960325
2022-07-28,527,10483,49961297,39970808
2022-07-29,510,9424,49961807,39980232
2022-07-30,380,5852,49962187,39986084
2022-07-31,49,745,49962236,39986829
2022-08-01,386,6823,49962622,39993652
2022-08-02,539,7518,49963161,40001170
2022-08-03,511,7143,49963672,40008313
2022-08-04,452,7426,49964124,40015739
2022-08-05,419,6488,49964543,40022227
2022-08-06,298,3582,49964841,40025809
2022-08-07,44,551,49964885,40026360
2022-08-08,401,4874,49965286,40031234
2022-08-09,383,5268,49965669,40036502
2022-08-10,376,4788,49966045,40041290
2022-08-11,364,4756,49966409,40046046
2022-08-12,289,3700,49966698,40049746
2022-08-13,143,1597,49966841,40051343
2022-08-14,9,128,49966850,40051471
2022-08-15,1,26,49966851,40051497
2022-08-16,283,3027,49967134,40054524
2022-08-17,351,3513,49967485,40058037
2022-08-18,389,4142,49967874,40062179
2022-08-19,341,3305,49968215,40065484
2022-08-20,183,1710,49968398,40067194
2022-08-21,24,146,49968422,40067340
2022-08-22,329,2936,49968751,40070276
2022-08-23,371,3655,49969122,40073931
2022-08-24,381,3332,49969503,40077263
2022-08-25,419,3734,49969922,40080997
2022-08-26,394,3545,49970316,40084542
2022-08-27,235,1767,49970551,40086309
2022-08-28,29,260,49970580,40086569
2022-08-29,353,3138,49970933,40089707
2022-08-30,401,3636,49971334,40093343
2022-08-31,435,3703,49971769,40097046
2022-09-01,352,3073,49972121,40100119
2022-09-02,292,2866,49972413,40102985
2022-09-03,199,1684,49972612,40104669
2022-09-04,22,147,49972634,40104816
2022-09-05,186,2626,49972820,40107442
2022-09-06,301,2962,49973121,40110404
2022-09-07,538,2908,49973659,40113312
2022-09-08,288,2944,49973947,40116256
2022-09-09,299,2850,49974246,40119106
2022-09-10,226,1324,49974472,40120430
2022-09-11,21,123,49974493,40120553
2022-09-12,267,2198,49974760,40122751
2022-09-13,248,2262,49975008,40125013
2022-09-14,259,2546,49975267,40127559
2022-09-15,278,2472,49975545,40130031
2022-09-16,252,2526,49975797,40132557
2022-09-17,239,1339,49976036,40133896
2022-09-18,20,170,49976056,40134066
2022-09-19,206,1964,49976262,40136030
2022-09-20,232,2368,49976494,40138398
2022-09-21,288,2506,49976782,40140904
2022-09-22,258,2615,49977040,40143519
2022-09-23,249,2304,49977289,40145823
2022-09-24,195,1424,49977484,40147247
2022-09-25,28,134,49977512,40147381
2022-09-26,280,2236,49977792,40149617
2022-09-27,281,2595,49978073,40152212
2022-09-28,302,2849,49978375,40155061
2022-09-29,245,2849,49978620,40157910
2022-09-30,276,2728,49978896,40160638
2022-10-01,191,1433,49979087,40162071
2022-10-02,11,187,49979098,40162258
2022-10-03,174,2396,49979272,40164654
2022-10-04,230,2745,49979502,40167399
2022-10-05,212,3052,49979714,40170451
2022-10-06,219,3526,49979933,40173977