data_somministrazione,vaccinazioni,booster,cum_vaccinazioni,cum_booster
2020-12-27,19,0,19,0
2020-12-28,2,0,21,0
2020-12-29,1,0,22,0
2020-12-30,6,0,28,0
2020-12-31,65,0,93,0
2021-01-01,22,0,115,0
2021-01-02,103,0,218,0
2021-01-03,74,0,292,0
2021-01-04,198,0,490,0
2021-01-05,232,0,722,0
2021-01-06,188,0,910,0
2021-01-07,281,0,1191,0
2021-01-08,325,0,1516,0
2021-01-09,238,0,1754,0
2021-01-10,144,0,1898,0
2021-01-11,265,0,2163,0
2021-01-12,264,0,2427,0
2021-01-13,383,0,2810,0
2021-01-14,469,0,3279,0
2021-01-15,292,0,3571,0
2021-01-16,203,0,3774,0
2021-01-17,3057,0,6831,0
2021-01-18,5207,0,12038,0
2021-01-19,1890,0,13928,0
2021-01-20,4653,0,18581,0
2021-01-21,20000,0,38581,0
2021-01-22,14200,0,52781,0
2021-01-23,33333,0,86114,0
2021-01-24,30791,0,116905,0
2021-01-25,64732,0,181637,0
2021-01-26,76501,0,258138,0
2021-01-27,64845,0,322983,0
2021-01-28,89301,0,412284,0
2021-01-29,94032,0,506316,0
2021-01-30,86576,0,592892,0
2021-01-31,57340,0,650232,0
2021-02-01,81876,0,732108,0
2021-02-02,82144,0,814252,0
2021-02-03,91196,0,905448,0
2021-02-04,95403,0,1000851,0
2021-02-05,90282,0,1091133,0
2021-02-06,63450,0,1154583,0
2021-02-07,32927,0,1187510,0
2021-02-08,40431,0,1227941,0
2021-02-09,32864,0,1260805,0
2021-02-10,28420,0,1289225,0
2021-02-11,20389,0,1309614,0
2021-02-12,16227,0,1325841,0
2021-02-13,7251,0,1333092,0
2021-02-14,2861,0,1335953,0
2021-02-15,6837,0,1342790,0
2021-02-16,6993,0,1349783,0
2021-02-17,10518,0,1360301,0
2021-02-18,9246,0,1369547,0
2021-02-19,8238,0,1377785,0
2021-02-20,5538,0,1383323,0
2021-02-21,2986,0,1386309,0
2021-02-22,6881,0,1393190,0
2021-02-23,7160,0,1400350,0
2021-02-24,9824,0,1410174,0
2021-02-25,14201,0,1424375,0
2021-02-26,17551,0,1441926,0
2021-02-27,13901,0,1455827,0
2021-02-28,9387,0,1465214,0
2021-03-01,26507,0,1491721,0
2021-03-02,33239,0,1524960,0
2021-03-03,44644,0,1569604,0
2021-03-04,50289,0,1619893,0
2021-03-05,55734,0,1675627,0
2021-03-06,41876,0,1717503,0
2021-03-07,22322,0,1739825,0
2021-03-08,50795,0,1790620,0
2021-03-09,53056,0,1843676,0
2021-03-10,58624,0,1902300,0
2021-03-11,63837,0,1966137,0
2021-03-12,65097,0,2031234,0
2021-03-13,51707,0,2082941,0
2021-03-14,35384,0,2118325,0
2021-03-15,73424,0,2191749,0
2021-03-16,74022,0,2265771,0
2021-03-17,83128,0,2348899,0
2021-03-18,81621,0,2430520,0
2021-03-19,81079,0,2511599,0
2021-03-20,64707,0,2576306,0
2021-03-21,47286,0,2623592,0
2021-03-22,69471,0,2693063,0
2021-03-23,75775,0,2768838,0
2021-03-24,90887,0,2859725,0
2021-03-25,89785,0,2949510,0
2021-03-26,83600,0,3033110,0
2021-03-27,71915,0,3105025,0
2021-03-28,44126,0,3149151,0
2021-03-29,70806,0,3219957,0
2021-03-30,81357,0,3301314,0
2021-03-31,96217,0,3397531,0
2021-04-01,95291,0,3492822,0
2021-04-02,84066,0,3576888,0
2021-04-03,64296,0,3641184,0
2021-04-04,21716,0,3662900,0
2021-04-05,40297,0,3703197,0
2021-04-06,81299,0,3784496,0
2021-04-07,95805,0,3880301,0
2021-04-08,95227,0,3975528,0
2021-04-09,88479,0,4064007,0
2021-04-10,74026,0,4138033,0
2021-04-11,44751,0,4182784,0
2021-04-12,66908,0,4249692,0
2021-04-13,72561,0,4322253,0
2021-04-14,85519,0,4407772,0
2021-04-15,105399,0,4513171,0
2021-04-16,106409,0,4619580,0
2021-04-17,90490,0,4710070,0
2021-04-18,58583,0,4768653,0
2021-04-19,93423,0,4862076,0
2021-04-20,103763,0,4965839,0
2021-04-21,125329,0,5091168,0
2021-04-22,143501,0,5234669,0
2021-04-23,138717,0,5373386,0
2021-04-24,124436,0,5497822,0
2021-04-25,61452,0,5559274,0
2021-04-26,97874,0,5657148,0
2021-04-27,128347,0,5785495,0
2021-04-28,156349,0,5941844,0
2021-04-29,195578,0,6137422,0
2021-04-30,214555,0,6351977,0
2021-05-01,174090,0,6526067,0
2021-05-02,135789,0,6661856,0
2021-05-03,142002,0,6803858,0
2021-05-04,158676,0,6962534,0
2021-05-05,170470,0,7133004,0
2021-05-06,197787,0,7330791,0
2021-05-07,213803,0,7544594,0
2021-05-08,213383,0,7757977,0
2021-05-09,143189,0,7901166,0
2021-05-10,165080,0,8066246,0
2021-05-11,174957,0,8241203,0
2021-05-12,179147,0,8420350,0
2021-05-13,203356,0,8623706,0
2021-05-14,222891,0,8846597,0
2021-05-15,210334,0,9056931,0
2021-05-16,159262,0,9216193,0
2021-05-17,219179,0,9435372,0
2021-05-18,212999,0,9648371,0
2021-05-19,207067,0,9855438,0
2021-05-20,270834,0,10126272,0
2021-05-21,270863,0,10397135,0
2021-05-22,245515,0,10642650,0
2021-05-23,197175,0,10839825,0
2021-05-24,228287,0,11068112,0
2021-05-25,245682,0,11313794,0
2021-05-26,277474,0,11591268,0
2021-05-27,311079,0,11902347,0
2021-05-28,299558,0,12201905,0
2021-05-29,231193,0,12433098,0
2021-05-30,170823,0,12603921,0
2021-05-31,216407,0,12820328,0
2021-06-01,207630,0,13027958,0
2021-06-02,115767,0,13143725,0
2021-06-03,180099,0,13323824,0
2021-06-04,184848,0,13508672,0
2021-06-05,185924,0,13694596,0
2021-06-06,139508,0,13834104,0
2021-06-07,161837,0,13995941,0
2021-06-08,171158,0,14167099,0
2021-06-09,171427,0,14338526,0
2021-06-10,174039,0,14512565,0
2021-06-11,169931,0,14682496,0
2021-06-12,128299,0,14810795,0
2021-06-13,91134,0,14901929,0
2021-06-14,214636,0,15116565,0
2021-06-15,228381,0,15344946,0
2021-06-16,253032,0,15597978,0
2021-06-17,301695,0,15899673,0
2021-06-18,306253,0,16205926,0
2021-06-19,275048,0,16480974,0
2021-06-20,220730,0,16701704,0
2021-06-21,288034,0,16989738,0
2021-06-22,296176,0,17285914,0
2021-06-23,302661,0,17588575,0
2021-06-24,332550,0,17921125,0
2021-06-25,348688,0,18269813,0
2021-06-26,300080,0,18569893,0
2021-06-27,228610,0,18798503,0
2021-06-28,307036,0,19105539,0
2021-06-29,329238,0,19434777,0
2021-06-30,342107,0,19776884,0
2021-07-01,363153,0,20140037,0
2021-07-02,368427,0,20508464,0
2021-07-03,371064,0,20879528,0
2021-07-04,283190,0,21162718,0
2021-07-05,384498,0,21547216,0
2021-07-06,385427,0,21932643,0
2021-07-07,412062,0,22344705,0
2021-07-08,479624,0,22824329,0
2021-07-09,498482,0,23322811,0
2021-07-10,475179,0,23797990,0
2021-07-11,357707,0,24155697,0
2021-07-12,485906,0,24641603,0
2021-07-13,492143,0,25133746,0
2021-07-14,480478,0,25614224,0
2021-07-15,523489,0,26137713,0
2021-07-16,509787,0,26647500,0
2021-07-17,464369,0,27111869,0
2021-07-18,364701,0,27476570,0
2021-07-19,463072,0,27939642,0
2021-07-20,458089,0,28397731,0
2021-07-21,462818,0,28860549,0
2021-07-22,475398,0,29335947,0
2021-07-23,441310,0,29777257,0
2021-07-24,386195,0,30163452,0
2021-07-25,287597,0,30451049,0
2021-07-26,430893,0,30881942,0
2021-07-27,440128,0,31322070,0
2021-07-28,391017,0,31713087,0
2021-07-29,372078,0,32085165,0
2021-07-30,341513,0,32426678,0
2021-07-31,287015,0,32713693,0
2021-08-01,191023,0,32904716,0
2021-08-02,333726,0,33238442,0
2021-08-03,323182,0,33561624,0
2021-08-04,310975,0,33872599,0
2021-08-05,292512,0,34165111,0
2021-08-06,260006,0,34425117,0
2021-08-07,199050,0,34624167,0
2021-08-08,153106,0,34777273,0
2021-08-09,234078,0,35011351,0
2021-08-10,205248,0,35216599,0
2021-08-11,193758,0,35410357,0
2021-08-12,167975,0,35578332,0
2021-08-13,148599,0,35726931,0
2021-08-14,66087,0,35793018,0
2021-08-15,26334,0,35819352,0
2021-08-16,114674,0,35934026,0
2021-08-17,129238,0,36063264,0
2021-08-18,128735,0,36191999,0
2021-08-19,124787,0,36316786,0
2021-08-20,123790,0,36440576,0
2021-08-21,83116,0,36523692,0
2021-08-22,68163,0,36591855,0
2021-08-23,176869,0,36768724,0
2021-08-24,156906,0,36925630,0
2021-08-25,177170,0,37102800,0
2021-08-26,172352,0,37275152,0
2021-08-27,185839,0,37460991,0
2021-08-28,140268,0,37601259,0
2021-08-29,99002,0,37700261,0
2021-08-30,209634,0,37909895,0
2021-08-31,194629,0,38104524,0
2021-09-01,192214,0,38296738,0
2021-09-02,189943,0,38486681,0
2021-09-03,191340,0,38678021,0
2021-09-04,131485,0,38809506,0
2021-09-05,87868,0,38897374,0
2021-09-06,193661,0,39091035,0
2021-09-07,196066,0,39287101,0
2021-09-08,187908,0,39475009,0
2021-09-09,201474,0,39676483,0
2021-09-10,198111,0,39874594,0
2021-09-11,141329,0,40015923,0
2021-09-12,89601,0,40105524,0
2021-09-13,191163,550,40296687,550
2021-09-14,177266,572,40473953,1122
2021-09-15,163128,573,40637081,1695
2021-09-16,160101,917,40797182,2612
2021-09-17,150174,1110,40947356,3722
2021-09-18,127982,731,41075338,4453
2021-09-19,81130,490,41156468,4943
2021-09-20,180075,9070,41336543,14013
2021-09-21,166633,8828,41503176,22841
2021-09-22,159079,9429,41662255,32270
2021-09-23,138081,9318,41800336,41588
2021-09-24,140543,8948,41940879,50536
2021-09-25,119550,5633,42060429,56169
2021-09-26,71954,4338,42132383,60507
2021-09-27,135638,10041,42268021,70548
2021-09-28,117490,11381,42385511,81929
2021-09-29,112333,11824,42497844,93753
2021-09-30,110226,14944,42608070,108697
2021-10-01,94974,19104,42703044,127801
2021-10-02,78481,14011,42781525,141812
2021-10-03,47735,7656,42829260,149468
2021-10-04,88375,34442,42917635,183910
2021-10-05,80367,33968,42998002,217878
2021-10-06,71981,34156,43069983,252034
2021-10-07,71853,34341,43141836,286375
2021-10-08,80626,33588,43222462,319963
2021-10-09,76103,22168,43298565,342131
2021-10-10,45774,13614,43344339,355745
2021-10-11,87411,41101,43431750,396846
2021-10-12,84492,46894,43516242,443740
2021-10-13,88188,52110,43604430,495850
2021-10-14,91527,58503,43695957,554353
2021-10-15,93589,55623,43789546,609976
2021-10-16,82962,36779,43872508,646755
2021-10-17,51461,23824,43923969,670579
2021-10-18,90293,59480,44014262,730059
2021-10-19,78346,69369,44092608,799428
2021-10-20,75076,78161,44167684,877589
2021-10-21,78301,81748,44245985,959337
2021-10-22,73793,77017,44319778,1036354
2021-10-23,60815,51951,44380593,1088305
2021-10-24,33377,23452,44413970,1111757
2021-10-25,64906,81621,44478876,1193378
2021-10-26,58376,91774,44537252,1285152
2021-10-27,58331,103964,44595583,1389116
2021-10-28,61469,114097,44657052,1503213
2021-10-29,61662,103108,44718714,1606321
2021-10-30,50673,68111,44769387,1674432
2021-10-31,25165,28286,44794552,1702718
2021-11-01,19046,28148,44813598,1730866
2021-11-02,62768,89370,44876366,1820236
2021-11-03,60739,118656,44937105,1938892
2021-11-04,59245,126659,44996350,2065551
2021-11-05,63094,135168,45059444,2200719
2021-11-06,46473,90922,45105917,2291641
2021-11-07,22254,37893,45128171,2329534
2021-11-08,51529,131259,45179700,2460793
2021-11-09,45402,144195,45225102,2604988
2021-11-10,42579,156345,45267681,2761333
2021-11-11,44935,155136,45312616,2916469
2021-11-12,46374,158571,45358990,3075040
2021-11-13,33250,116647,45392240,3191687
2021-11-14,14480,52446,45406720,3244133
2021-11-15,36894,157422,45443614,3401555
2021-11-16,30545,171375,45474159,3572930
2021-11-17,28448,178436,45502607,3751366
2021-11-18,30282,193712,45532889,3945078
2021-11-19,28801,205849,45561690,4150927
2021-11-20,20992,156434,45582682,4307361
2021-11-21,10610,64855,45593292,4372216
2021-11-22,21934,213139,45615226,4585355
2021-11-23,23564,241741,45638790,4827096
2021-11-24,27836,270942,45666626,5098038
2021-11-25,23232,301897,45689858,5399935
2021-11-26,24579,318262,45714437,5718197
2021-11-27,21377,266151,45735814,5984348
2021-11-28,9896,137054,45745710,6121402
2021-11-29,22319,326061,45768029,6447463
2021-11-30,23079,365820,45791108,6813283
2021-12-01,21513,413500,45812621,7226783
2021-12-02,23754,440378,45836375,7667161
2021-12-03,25235,467452,45861610,8134613
2021-12-04,22353,418727,45883963,8553340
2021-12-05,11910,261329,45895873,8814669
2021-12-06,25807,457563,45921680,9272232
2021-12-07,24116,480246,45945796,9752478
2021-12-08,10000,249678,45955796,10002156
2021-12-09,31568,491916,45987364,10494072
2021-12-10,28057,517865,46015421,11011937
2021-12-11,23548,459241,46038969,11471178
2021-12-12,12299,293496,46051268,11764674
2021-12-13,26133,467619,46077401,12232293
2021-12-14,25159,494187,46102560,12726480
2021-12-15,25309,517129,46127869,13243609
2021-12-16,27866,520239,46155735,13763848
2021-12-17,29349,517161,46185084,14281009
2021-12-18,27030,468711,46212114,14749720
2021-12-19,15130,300513,46227244,15050233
2021-12-20,30614,477470,46257858,15527703
2021-12-21,30350,493380,46288208,16021083
2021-12-22,29431,484698,46317639,16505781
2021-12-23,28225,426895,46345864,16932676
2021-12-24,13109,210820,46358973,17143496
2021-12-25,2101,33052,46361074,17176548
2021-12-26,8752,159065,46369826,17335613
2021-12-27,46758,504651,46416584,17840264
2021-12-28,42425,554204,46459009,18394468
2021-12-29,34316,550627,46493325,18945095
2021-12-30,31800,499818,46525125,19444913
2021-12-31,14105,247394,46539230,19692307
2022-01-01,3493,64813,46542723,19757120
2022-01-02,22740,276717,46565463,20033837
2022-01-03,47799,520006,46613262,20553843
2022-01-04,46300,572072,46659562,21125915
2022-01-05,40686,560381,46700248,21686296
2022-01-06,23449,274481,46723697,21960777
2022-01-07,63630,554178,46787327,22514955
2022-01-08,60781,503377,46848108,23018332
2022-01-09,42773,319685,46890881,23338017
2022-01-10,61002,542276,46951883,23880293
2022-01-11,61642,586981,47013525,24467274
2022-01-12,58371,581272,47071896,25048546
2022-01-13,58535,580374,47130431,25628920
2022-01-14,46710,588561,47177141,26217481
2022-01-15,39288,569936,47216429,26787417
2022-01-16,31128,341849,47247557,27129266
2022-01-17,54718,489645,47302275,27618911
2022-01-18,58326,517010,47360601,28135921
2022-01-19,57136,502782,47417737,28638703
2022-01-20,54283,498809,47472020,29137512
2022-01-21,42011,493866,47514031,29631378
2022-01-22,31098,469592,47545129,30100970
2022-01-23,34890,275365,47580019,30376335
2022-01-24,56129,437209,47636148,30813544
2022-01-25,61507,452086,47697655,31265630
2022-01-26,58496,435816,47756151,31701446
2022-01-27,48794,432353,47804945,32133799
2022-01-28,58644,436528,47863589,32570327
2022-01-29,68059,412478,47931648,32982805
2022-01-30,50342,235966,47981990,33218771
2022-01-31,60582,356920,48042572,33575691
2022-02-01,65500,328431,48108072,33904122
2022-02-02,63146,296965,48171218,34201087
2022-02-03,60015,274513,48231233,34475600
2022-02-04,72332,268448,48303565,34744048
2022-02-05,83718,248526,48387283,34992574
2022-02-06,55265,116194,48442548,35108768
2022-02-07,65111,199929,48507659,35308697
2022-02-08,66903,186102,48574562,35494799
2022-02-09,58732,166330,48633294,35661129
2022-02-10,58528,163231,48691822,35824360
2022-02-11,62217,162453,48754039,35986813
2022-02-12,71947,152136,48825986,36138949
2022-02-13,41462,68849,48867448,36207798
2022-02-14,46660,116182,48914108,36323980
2022-02-15,48507,123476,48962615,36447456
2022-02-16,45661,106110,49008276,36553566
2022-02-17,42851,98101,49051127,36651667
2022-02-18,46597,112565,49097724,36764232
2022-02-19,52516,100326,49150240,36864558
2022-02-20,31409,40360,49181649,36904918
2022-02-21,37885,89643,49219534,36994561
2022-02-22,37209,83769,49256743,37078330
2022-02-23,33373,79403,49290116,37157733
2022-02-24,32546,78160,49322662,37235893
2022-02-25,34745,90705,49357407,37326598
2022-02-26,39144,89132,49396551,37415730
2022-02-27,22540,35855,49419091,37451585
2022-02-28,28467,81691,49447558,37533276
2022-03-01,22701,53936,49470259,37587212
2022-03-02,21987,50627,49492246,37637839
2022-03-03,22600,54941,49514846,37692780
2022-03-04,23211,62791,49538057,37755571
2022-03-05,23783,57951,49561840,37813522
2022-03-06,9471,17200,49571311,37830722
2022-03-07,15898,51389,49587209,37882111
2022-03-08,15451,48795,49602660,37930906
2022-03-09,13802,46514,49616462,37977420
2022-03-10,14030,52115,49630492,38029535
2022-03-11,15567,57251,49646059,38086786
2022-03-12,15491,56613,49661550,38143399
2022-03-13,5543,16849,49667093,38160248
2022-03-14,10517,46691,49677610,38206939
2022-03-15,10533,46892,49688143,38253831
2022-03-16,9472,41978,49697615,38295809
2022-03-17,9699,44875,49707314,38340684
2022-03-18,10150,49051,49717464,38389735
2022-03-19,9144,46530,49726608,38436265
2022-03-20,2607,11699,49729215,38447964
2022-03-21,7573,40222,49736788,38488186
2022-03-22,8440,37748,49745228,38525934
2022-03-23,7204,33695,49752432,38559629
2022-03-24,8247,38795,49760679,38598424
2022-03-25,8128,43665,49768807,38642089
2022-03-26,8121,41723,49776928,38683812
2022-03-27,2428,9682,49779356,38693494
2022-03-28,6099,35230,49785455,38728724
2022-03-29,5773,32523,49791228,38761247
2022-03-30,5556,30193,49796784,38791440
2022-03-31,5884,33173,49802668,38824613
2022-04-01,4341,25185,49807009,38849798
2022-04-02,4488,23272,49811497,38873070
2022-04-03,1048,4499,49812545,38877569
2022-04-04,3653,21530,49816198,38899099
2022-04-05,3747,22923,49819945,38922022
2022-04-06,4098,21845,49824043,38943867
2022-04-07,3956,23317,49827999,38967184
2022-04-08,4683,26709,49832682,38993893
2022-04-09,4375,23885,49837057,39017778
2022-04-10,893,4614,49837950,39022392
2022-04-11,3802,22683,49841752,39045075
2022-04-12,3356,21776,49845108,39066851
2022-04-13,3560,21333,49848668,39088184
2022-04-14,3484,23777,49852152,39111961
2022-04-15,3078,20615,49855230,39132576
2022-04-16,2149,11921,49857379,39144497
2022-04-17,63,348,49857442,39144845
2022-04-18,149,650,49857591,39145495
2022-04-19,3489,21978,49861080,39167473
2022-04-20,3499,20249,49864579,39187722
2022-04-21,2839,19781,49867418,39207503
2022-04-22,2917,20696,49870335,39228199
2022-04-23,2637,16209,49872972,39244408
2022-04-24,509,2335,49873481,39246743
2022-04-25,183,1165,49873664,39247908
2022-04-26,2759,17791,49876423,39265699
2022-04-27,2364,15783,49878787,39281482
2022-04-28,2349,15534,49881136,39297016
2022-04-29,2291,14836,49883427,39311852
2022-04-30,2121,11576,49885548,39323428
2022-05-01,113,530,49885661,39323958
2022-05-02,1443,9382,49887104,39333340
2022-05-03,1572,10309,49888676,39343649
2022-05-04,1743,10255,49890419,39353904
2022-05-05,1647,10272,49892066,39364176
2022-05-06,1693,10944,49893759,39375120
2022-05-07,1431,8563,49895190,39383683
2022-05-08,404,1514,49895594,39385197
2022-05-09,1024,8917,49896618,39394114
2022-05-10,1418,9536,49898036,39403650
2022-05-11,1479,10087,49899515,39413737
2022-05-12,1368,10119,49900883,39423856
2022-05-13,1587,10509,49902470,39434365
2022-05-14,1357,8226,49903827,39442591
2022-05-15,336,1129,49904163,39443720
2022-05-16,812,8388,49904975,39452108
2022-05-17,1241,8670,49906216,39460778
2022-05-18,1368,9215,49907584,39469993
2022-05-19,1498,9267,49909082,39479260
2022-05-20,1419,9492,49910501,39488752
2022-05-21,1299,7892,49911800,39496644
2022-05-22,231,1012,49912031,39497656
2022-05-23,826,8260,49912857,39505916
2022-05-24,1070,8665,49913927,39514581
2022-05-25,1364,9444,49915291,39524025
2022-05-26,1193,9453,49916484,39533478
2022-05-27,1225,9910,49917709,39543388
2022-05-28,1202,7873,49918911,39551261
2022-05-29,285,1264,49919196,39552525
2022-05-30,930,8026,49920126,39560551
2022-05-31,1033,8531,49921159,39569082
2022-06-01,892,7644,49922051,39576726
2022-06-02,35,474,49922086,39577200
2022-06-03,813,7327,49922899,39584527
2022-06-04,870,5155,49923769,39589682
2022-06-05,89,586,49923858,39590268
2022-06-06,672,6964,49924530,39597232
2022-06-07,930,7841,49925460,39605073
2022-06-08,982,7897,49926442,39612970
2022-06-09,1034,8400,49927476,39621370
2022-06-10,955,8540,49928431,39629910
2022-06-11,900,6207,49929331,39636117
2022-06-12,140,767,49929471,39636884
2022-06-13,603,6295,49930074,39643179
2022-06-14,825,7881,49930899,39651060
2022-06-15,950,7845,49931849,39658905
2022-06-16,728,7383,49932577,39666288
2022-06-17,719,7238,49933296,39673526
2022-06-18,776,5589,49934072,39679115
2022-06-19,47,522,49934119,39679637
2022-06-20,587,6694,49934706,39686331
2022-06-21,732,7643,49935438,39693974
2022-06-22,780,7303,49936218,39701277
2022-06-23,649,7455,49936867,39708732
2022-06-24,643,7472,49937510,39716204
2022-06-25,835,6531,49938345,39722735
2022-06-26,128,523,49938473,39723258
2022-06-27,532,7119,49939005,39730377
2022-06-28,744,8208,49939749,39738585
2022-06-29,755,7718,49940504,39746303
2022-06-30,744,8131,49941248,39754434
2022-07-01,577,6436,49941825,39760870
2022-07-02,536,4765,49942361,39765635
2022-07-03,49,456,49942410,39766091
2022-07-04,470,6269,49942880,39772360
2022-07-05,622,8107,49943502,39780467
2022-07-06,626,7594,49944128,39788061
2022-07-07,565,8251,49944693,39796312
2022-07-08,670,8076,49945363,39804388
2022-07-09,549,6103,49945912,39810491
2022-07-10,58,533,49945970,39811024
2022-07-11,484,7629,49946454,39818653
2022-07-12,661,9000,49947115,39827653
2022-07-13,635,10058,49947750,39837711
2022-07-14,627,10219,49948377,39847930
2022-07-15,620,10660,49948997,39858590
2022-07-16,522,7207,49949519,39865797
2022-07-17,48,769,49949567,39866566
2022-07-18,498,9345,49950065,39875911
2022-07-19,573,10644,49950638,39886555
2022-07-20,576,11251,49951214,39897806
2022-07-21,623,12026,49951837,39909832
2022-07-22,579,11215,49952416,39921047
2022-07-23,377,6733,49952793,39927780
2022-07-24,76,834,49952869,39928614
2022-07-25,497,9026,49953366,39937640
2022-07-26,517,9718,49953883,39947358
2022-07-27,542,10145,49954425,39957503
2022-07-28,524,10462,49954949,39967965
2022-07-29,510,9406,49955459,39977371
2022-07-30,381,5849,49955840,39983220
2022-07-31,49,746,49955889,39983966
2022-08-01,385,6817,49956274,39990783
2022-08-02,536,7505,49956810,39998288
2022-08-03,497,7109,49957307,40005397
2022-08-04,448,7403,49957755,40012800
2022-08-05,414,6453,49958169,40019253
2022-08-06,299,3577,49958468,40022830
2022-08-07,44,549,49958512,40023379
2022-08-08,391,4857,49958903,40028236
2022-08-09,383,5261,49959286,40033497
2022-08-10,370,4758,49959656,40038255
2022-08-11,360,4743,49960016,40042998
2022-08-12,286,3681,49960302,40046679
2022-08-13,140,1595,49960442,40048274
2022-08-14,9,128,49960451,40048402
2022-08-15,1,24,49960452,40048426
2022-08-16,281,3010,49960733,40051436
2022-08-17,348,3490,49961081,40054926
2022-08-18,381,4117,49961462,40059043
2022-08-19,331,3297,49961793,40062340
2022-08-20,180,1698,49961973,40064038
2022-08-21,24,145,49961997,40064183
2022-08-22,326,2917,49962323,40067100
2022-08-23,368,3612,49962691,40070712
2022-08-24,374,3249,49963065,40073961
2022-08-25,401,3510,49963466,40077471
2022-08-26,266,1983,49963732,40079454