data_somministrazione,vaccinazioni,booster,cum_vaccinazioni,cum_booster
2020-12-27,16,0,16,0
2020-12-28,2,0,18,0
2020-12-29,1,0,19,0
2020-12-30,3,0,22,0
2020-12-31,34,0,56,0
2021-01-01,12,0,68,0
2021-01-02,54,0,122,0
2021-01-03,46,0,168,0
2021-01-04,124,0,292,0
2021-01-05,165,0,457,0
2021-01-06,135,0,592,0
2021-01-07,203,0,795,0
2021-01-08,247,0,1042,0
2021-01-09,175,0,1217,0
2021-01-10,110,0,1327,0
2021-01-11,200,0,1527,0
2021-01-12,208,0,1735,0
2021-01-13,314,0,2049,0
2021-01-14,414,0,2463,0
2021-01-15,255,0,2718,0
2021-01-16,168,0,2886,0
2021-01-17,3050,0,5936,0
2021-01-18,5186,0,11122,0
2021-01-19,1877,0,12999,0
2021-01-20,4649,0,17648,0
2021-01-21,20006,0,37654,0
2021-01-22,14198,0,51852,0
2021-01-23,33358,0,85210,0
2021-01-24,30794,0,116004,0
2021-01-25,64779,0,180783,0
2021-01-26,76552,0,257335,0
2021-01-27,64882,0,322217,0
2021-01-28,89345,0,411562,0
2021-01-29,94076,0,505638,0
2021-01-30,86619,0,592257,0
2021-01-31,57355,0,649612,0
2021-02-01,81909,0,731521,0
2021-02-02,82173,0,813694,0
2021-02-03,91218,0,904912,0
2021-02-04,95386,0,1000298,0
2021-02-05,90294,0,1090592,0
2021-02-06,63734,0,1154326,0
2021-02-07,32920,0,1187246,0
2021-02-08,40416,0,1227662,0
2021-02-09,32846,0,1260508,0
2021-02-10,28387,0,1288895,0
2021-02-11,20356,0,1309251,0
2021-02-12,16181,0,1325432,0
2021-02-13,7217,0,1332649,0
2021-02-14,2856,0,1335505,0
2021-02-15,6823,0,1342328,0
2021-02-16,6974,0,1349302,0
2021-02-17,10497,0,1359799,0
2021-02-18,9217,0,1369016,0
2021-02-19,8172,0,1377188,0
2021-02-20,5475,0,1382663,0
2021-02-21,2948,0,1385611,0
2021-02-22,6839,0,1392450,0
2021-02-23,7107,0,1399557,0
2021-02-24,9792,0,1409349,0
2021-02-25,14172,0,1423521,0
2021-02-26,17491,0,1441012,0
2021-02-27,13856,0,1454868,0
2021-02-28,9345,0,1464213,0
2021-03-01,26446,0,1490659,0
2021-03-02,33173,0,1523832,0
2021-03-03,44600,0,1568432,0
2021-03-04,50207,0,1618639,0
2021-03-05,55628,0,1674267,0
2021-03-06,41841,0,1716108,0
2021-03-07,22290,0,1738398,0
2021-03-08,50527,0,1788925,0
2021-03-09,52911,0,1841836,0
2021-03-10,58528,0,1900364,0
2021-03-11,63746,0,1964110,0
2021-03-12,65013,0,2029123,0
2021-03-13,51650,0,2080773,0
2021-03-14,35345,0,2116118,0
2021-03-15,73364,0,2189482,0
2021-03-16,73987,0,2263469,0
2021-03-17,83002,0,2346471,0
2021-03-18,81587,0,2428058,0
2021-03-19,81021,0,2509079,0
2021-03-20,64642,0,2573721,0
2021-03-21,47247,0,2620968,0
2021-03-22,69403,0,2690371,0
2021-03-23,75693,0,2766064,0
2021-03-24,90777,0,2856841,0
2021-03-25,89704,0,2946545,0
2021-03-26,83491,0,3030036,0
2021-03-27,71819,0,3101855,0
2021-03-28,44036,0,3145891,0
2021-03-29,70692,0,3216583,0
2021-03-30,81246,0,3297829,0
2021-03-31,96087,0,3393916,0
2021-04-01,95197,0,3489113,0
2021-04-02,83980,0,3573093,0
2021-04-03,64247,0,3637340,0
2021-04-04,21689,0,3659029,0
2021-04-05,40258,0,3699287,0
2021-04-06,81221,0,3780508,0
2021-04-07,95719,0,3876227,0
2021-04-08,95148,0,3971375,0
2021-04-09,88387,0,4059762,0
2021-04-10,73943,0,4133705,0
2021-04-11,44702,0,4178407,0
2021-04-12,66834,0,4245241,0
2021-04-13,72494,0,4317735,0
2021-04-14,85419,0,4403154,0
2021-04-15,105297,0,4508451,0
2021-04-16,106307,0,4614758,0
2021-04-17,90396,0,4705154,0
2021-04-18,58529,0,4763683,0
2021-04-19,93381,0,4857064,0
2021-04-20,103686,0,4960750,0
2021-04-21,125267,0,5086017,0
2021-04-22,143417,0,5229434,0
2021-04-23,138609,0,5368043,0
2021-04-24,124347,0,5492390,0
2021-04-25,61387,0,5553777,0
2021-04-26,97794,0,5651571,0
2021-04-27,128262,0,5779833,0
2021-04-28,156238,0,5936071,0
2021-04-29,195415,0,6131486,0
2021-04-30,214413,0,6345899,0
2021-05-01,173989,0,6519888,0
2021-05-02,135729,0,6655617,0
2021-05-03,141892,0,6797509,0
2021-05-04,158585,0,6956094,0
2021-05-05,170348,0,7126442,0
2021-05-06,197680,0,7324122,0
2021-05-07,213665,0,7537787,0
2021-05-08,213284,0,7751071,0
2021-05-09,143074,0,7894145,0
2021-05-10,164985,0,8059130,0
2021-05-11,174808,0,8233938,0
2021-05-12,178967,0,8412905,0
2021-05-13,203166,0,8616071,0
2021-05-14,222739,0,8838810,0
2021-05-15,210158,0,9048968,0
2021-05-16,159150,0,9208118,0
2021-05-17,219072,0,9427190,0
2021-05-18,212872,0,9640062,0
2021-05-19,206921,0,9846983,0
2021-05-20,270664,0,10117647,0
2021-05-21,270685,0,10388332,0
2021-05-22,245397,0,10633729,0
2021-05-23,197106,0,10830835,0
2021-05-24,228213,0,11059048,0
2021-05-25,245603,0,11304651,0
2021-05-26,277366,0,11582017,0
2021-05-27,310950,0,11892967,0
2021-05-28,299429,0,12192396,0
2021-05-29,231060,0,12423456,0
2021-05-30,170748,0,12594204,0
2021-05-31,216304,0,12810508,0
2021-06-01,207536,0,13018044,0
2021-06-02,115664,0,13133708,0
2021-06-03,179891,0,13313599,0
2021-06-04,184614,0,13498213,0
2021-06-05,185732,0,13683945,0
2021-06-06,139299,0,13823244,0
2021-06-07,161613,0,13984857,0
2021-06-08,170864,0,14155721,0
2021-06-09,171179,0,14326900,0
2021-06-10,173742,0,14500642,0
2021-06-11,169644,0,14670286,0
2021-06-12,128055,0,14798341,0
2021-06-13,91006,0,14889347,0
2021-06-14,214475,0,15103822,0
2021-06-15,228228,0,15332050,0
2021-06-16,252954,0,15585004,0
2021-06-17,301587,0,15886591,0
2021-06-18,306126,0,16192717,0
2021-06-19,275019,0,16467736,0
2021-06-20,220643,0,16688379,0
2021-06-21,287983,0,16976362,0
2021-06-22,296102,0,17272464,0
2021-06-23,302682,0,17575146,0
2021-06-24,332522,0,17907668,0
2021-06-25,348661,0,18256329,0
2021-06-26,300059,0,18556388,0
2021-06-27,228658,0,18785046,0
2021-06-28,306945,0,19091991,0
2021-06-29,329209,0,19421200,0
2021-06-30,342042,0,19763242,0
2021-07-01,363062,0,20126304,0
2021-07-02,368470,0,20494774,0
2021-07-03,371131,0,20865905,0
2021-07-04,283178,0,21149083,0
2021-07-05,384513,0,21533596,0
2021-07-06,385429,0,21919025,0
2021-07-07,412094,0,22331119,0
2021-07-08,479883,0,22811002,0
2021-07-09,498635,0,23309637,0
2021-07-10,475333,0,23784970,0
2021-07-11,357849,0,24142819,0
2021-07-12,486071,0,24628890,0
2021-07-13,492368,0,25121258,0
2021-07-14,480648,0,25601906,0
2021-07-15,523652,0,26125558,0
2021-07-16,509900,0,26635458,0
2021-07-17,464625,0,27100083,0
2021-07-18,364860,0,27464943,0
2021-07-19,463290,0,27928233,0
2021-07-20,458207,0,28386440,0
2021-07-21,462902,0,28849342,0
2021-07-22,475438,0,29324780,0
2021-07-23,441355,0,29766135,0
2021-07-24,386179,0,30152314,0
2021-07-25,287614,0,30439928,0
2021-07-26,430951,0,30870879,0
2021-07-27,440166,0,31311045,0
2021-07-28,391044,0,31702089,0
2021-07-29,372099,0,32074188,0
2021-07-30,341429,0,32415617,0
2021-07-31,286966,0,32702583,0
2021-08-01,190849,0,32893432,0
2021-08-02,333709,0,33227141,0
2021-08-03,323137,0,33550278,0
2021-08-04,310936,0,33861214,0
2021-08-05,292545,0,34153759,0
2021-08-06,259966,0,34413725,0
2021-08-07,198937,0,34612662,0
2021-08-08,153070,0,34765732,0
2021-08-09,234119,0,34999851,0
2021-08-10,205144,0,35204995,0
2021-08-11,193592,0,35398587,0
2021-08-12,167780,0,35566367,0
2021-08-13,148389,0,35714756,0
2021-08-14,66000,0,35780756,0
2021-08-15,26304,0,35807060,0
2021-08-16,114533,0,35921593,0
2021-08-17,129111,0,36050704,0
2021-08-18,128564,0,36179268,0
2021-08-19,124643,0,36303911,0
2021-08-20,123667,0,36427578,0
2021-08-21,83051,0,36510629,0
2021-08-22,68116,0,36578745,0
2021-08-23,176726,0,36755471,0
2021-08-24,156929,0,36912400,0
2021-08-25,177047,0,37089447,0
2021-08-26,172247,0,37261694,0
2021-08-27,185778,0,37447472,0
2021-08-28,140117,0,37587589,0
2021-08-29,98984,0,37686573,0
2021-08-30,209474,0,37896047,0
2021-08-31,194448,0,38090495,0
2021-09-01,192061,0,38282556,0
2021-09-02,189743,0,38472299,0
2021-09-03,191200,0,38663499,0
2021-09-04,131403,0,38794902,0
2021-09-05,87809,0,38882711,0
2021-09-06,193579,0,39076290,0
2021-09-07,195836,0,39272126,0
2021-09-08,187815,0,39459941,0
2021-09-09,201367,0,39661308,0
2021-09-10,197967,0,39859275,0
2021-09-11,141199,0,40000474,0
2021-09-12,89526,0,40090000,0
2021-09-13,191097,347,40281097,347
2021-09-14,177167,424,40458264,771
2021-09-15,162977,456,40621241,1227
2021-09-16,159953,788,40781194,2015
2021-09-17,149974,1006,40931168,3021
2021-09-18,127770,656,41058938,3677
2021-09-19,81037,442,41139975,4119
2021-09-20,179817,8957,41319792,13076
2021-09-21,166359,8729,41486151,21805
2021-09-22,158787,9364,41644938,31169
2021-09-23,137756,9242,41782694,40411
2021-09-24,140242,8861,41922936,49272
2021-09-25,119335,5560,42042271,54832
2021-09-26,71789,4294,42114060,59126
2021-09-27,135356,9979,42249416,69105
2021-09-28,117220,11315,42366636,80420
2021-09-29,112025,11759,42478661,92179
2021-09-30,109958,14855,42588619,107034
2021-10-01,94720,19035,42683339,126069
2021-10-02,78245,13988,42761584,140057
2021-10-03,47569,7632,42809153,147689
2021-10-04,88130,34364,42897283,182053
2021-10-05,80169,33906,42977452,215959
2021-10-06,71771,34077,43049223,250036
2021-10-07,71545,34290,43120768,284326
2021-10-08,80394,33498,43201162,317824
2021-10-09,75851,22111,43277013,339935
2021-10-10,45645,13591,43322658,353526
2021-10-11,87159,41007,43409817,394533
2021-10-12,84242,46800,43494059,441333
2021-10-13,87921,52008,43581980,493341
2021-10-14,91199,58394,43673179,551735
2021-10-15,93255,55483,43766434,607218
2021-10-16,82681,36715,43849115,643933
2021-10-17,51282,23783,43900397,667716
2021-10-18,90091,59337,43990488,727053
2021-10-19,78132,69293,44068620,796346
2021-10-20,74850,78049,44143470,874395
2021-10-21,78092,81613,44221562,956008
2021-10-22,73669,76900,44295231,1032908
2021-10-23,60644,51887,44355875,1084795
2021-10-24,33322,23400,44389197,1108195
2021-10-25,64786,81529,44453983,1189724
2021-10-26,58258,91635,44512241,1281359
2021-10-27,58169,103842,44570410,1385201
2021-10-28,61321,113913,44631731,1499114
2021-10-29,61586,102953,44693317,1602067
2021-10-30,50568,68010,44743885,1670077
2021-10-31,25128,28240,44769013,1698317
2021-11-01,19018,28120,44788031,1726437
2021-11-02,62710,89222,44850741,1815659
2021-11-03,60641,118510,44911382,1934169
2021-11-04,59125,126467,44970507,2060636
2021-11-05,62987,134986,45033494,2195622
2021-11-06,46364,90773,45079858,2286395
2021-11-07,22208,37837,45102066,2324232
2021-11-08,51387,131122,45153453,2455354
2021-11-09,45324,143940,45198777,2599294
2021-11-10,42484,156039,45241261,2755333
2021-11-11,44822,154973,45286083,2910306
2021-11-12,46242,158384,45332325,3068690
2021-11-13,33145,116477,45365470,3185167
2021-11-14,14443,52395,45379913,3237562
2021-11-15,36791,157190,45416704,3394752
2021-11-16,30446,171187,45447150,3565939
2021-11-17,28328,178287,45475478,3744226
2021-11-18,30114,193477,45505592,3937703
2021-11-19,28665,205577,45534257,4143280
2021-11-20,20882,156120,45555139,4299400
2021-11-21,10544,64708,45565683,4364108
2021-11-22,21818,212954,45587501,4577062
2021-11-23,23438,241460,45610939,4818522
2021-11-24,27675,270670,45638614,5089192
2021-11-25,23053,301584,45661667,5390776
2021-11-26,24399,317951,45686066,5708727
2021-11-27,21218,265847,45707284,5974574
2021-11-28,9825,136836,45717109,6111410
2021-11-29,22120,325693,45739229,6437103
2021-11-30,22877,365424,45762106,6802527
2021-12-01,21277,413018,45783383,7215545
2021-12-02,23530,440217,45806913,7655762
2021-12-03,24976,467223,45831889,8122985
2021-12-04,22145,418594,45854034,8541579
2021-12-05,11757,261251,45865791,8802830
2021-12-06,25481,457392,45891272,9260222
2021-12-07,23838,480026,45915110,9740248
2021-12-08,9852,249580,45924962,9989828
2021-12-09,31217,491763,45956179,10481591
2021-12-10,27746,517617,45983925,10999208
2021-12-11,23275,459062,46007200,11458270
2021-12-12,12119,293374,46019319,11751644
2021-12-13,25836,467432,46045155,12219076
2021-12-14,24842,493971,46069997,12713047
2021-12-15,24987,516939,46094984,13229986
2021-12-16,27435,520000,46122419,13749986
2021-12-17,28950,516860,46151369,14266846
2021-12-18,26623,468494,46177992,14735340
2021-12-19,14887,300360,46192879,15035700
2021-12-20,30215,477266,46223094,15512966
2021-12-21,30006,493123,46253100,16006089
2021-12-22,28997,484464,46282097,16490553
2021-12-23,27785,426717,46309882,16917270
2021-12-24,12947,210737,46322829,17128007
2021-12-25,2082,33041,46324911,17161048
2021-12-26,8635,159013,46333546,17320061
2021-12-27,46231,504445,46379777,17824506
2021-12-28,41761,553980,46421538,18378486
2021-12-29,33511,550384,46455049,18928870
2021-12-30,31076,499579,46486125,19428449
2021-12-31,13556,247311,46499681,19675760
2022-01-01,3405,64780,46503086,19740540
2022-01-02,22111,276649,46525197,20017189
2022-01-03,46547,520767,46571744,20537956
2022-01-04,44916,572774,46616660,21110730
2022-01-05,38979,561073,46655639,21671803
2022-01-06,22391,274353,46678030,21946156
2022-01-07,61455,554822,46739485,22500978
2022-01-08,58354,503169,46797839,23004147
2022-01-09,40738,319573,46838577,23323720
2022-01-10,58857,542893,46897434,23866613
2022-01-11,59007,587546,46956441,24454159
2022-01-12,55448,581804,47011889,25035963
2022-01-13,55708,580907,47067597,25616870
2022-01-14,43620,588788,47111217,26205658
2022-01-15,35281,568743,47146498,26774401
2022-01-16,28444,341328,47174942,27115729
2022-01-17,52360,490231,47227302,27605960
2022-01-18,55986,517989,47283288,28123949
2022-01-19,54873,503285,47338161,28627234
2022-01-20,52152,499241,47390313,29126475
2022-01-21,39808,494124,47430121,29620599
2022-01-22,28327,469214,47458448,30089813
2022-01-23,33339,275149,47491787,30364962
2022-01-24,54638,437699,47546425,30802661
2022-01-25,60148,452588,47606573,31255249
2022-01-26,57030,436231,47663603,31691480
2022-01-27,47329,432692,47710932,32124172
2022-01-28,57076,436979,47768008,32561151
2022-01-29,66239,411820,47834247,32972971
2022-01-30,49080,235564,47883327,33208535
2022-01-31,59084,357461,47942411,33565996
2022-02-01,64275,328892,48006686,33894888
2022-02-02,62028,297221,48068714,34192109
2022-02-03,59112,274767,48127826,34466876
2022-02-04,71331,268569,48199157,34735445
2022-02-05,82400,247966,48281557,34983411
2022-02-06,54554,115983,48336111,35099394
2022-02-07,64379,200322,48400490,35299716
2022-02-08,66029,186402,48466519,35486118
2022-02-09,57959,166466,48524478,35652584
2022-02-10,57756,163183,48582234,35815767
2022-02-11,61505,162288,48643739,35978055
2022-02-12,71098,151632,48714837,36129687
2022-02-13,40983,68552,48755820,36198239
2022-02-14,46113,116180,48801933,36314419
2022-02-15,47583,122301,48849516,36436720
2022-02-16,21812,54533,48871328,36491253