data_somministrazione,vaccinazioni,booster,cum_vaccinazioni,cum_booster
2020-12-27,20,0,20,0
2020-12-28,2,0,22,0
2020-12-29,1,0,23,0
2020-12-30,10,0,33,0
2020-12-31,77,0,110,0
2021-01-01,25,0,135,0
2021-01-02,143,0,278,0
2021-01-03,107,0,385,0
2021-01-04,237,0,622,0
2021-01-05,281,0,903,0
2021-01-06,250,0,1153,0
2021-01-07,323,0,1476,0
2021-01-08,378,0,1854,0
2021-01-09,282,0,2136,0
2021-01-10,165,0,2301,0
2021-01-11,308,0,2609,0
2021-01-12,283,0,2892,0
2021-01-13,417,0,3309,0
2021-01-14,504,0,3813,0
2021-01-15,319,0,4132,0
2021-01-16,224,0,4356,0
2021-01-17,3064,0,7420,0
2021-01-18,5220,0,12640,0
2021-01-19,1895,0,14535,0
2021-01-20,4659,0,19194,0
2021-01-21,20005,0,39199,0
2021-01-22,14220,0,53419,0
2021-01-23,33324,0,86743,0
2021-01-24,30774,0,117517,0
2021-01-25,64705,0,182222,0
2021-01-26,76465,0,258687,0
2021-01-27,64810,0,323497,0
2021-01-28,89257,0,412754,0
2021-01-29,93996,0,506750,0
2021-01-30,86548,0,593298,0
2021-01-31,57326,0,650624,0
2021-02-01,81836,0,732460,0
2021-02-02,82135,0,814595,0
2021-02-03,91107,0,905702,0
2021-02-04,95384,0,1001086,0
2021-02-05,90267,0,1091353,0
2021-02-06,63449,0,1154802,0
2021-02-07,32934,0,1187736,0
2021-02-08,40422,0,1228158,0
2021-02-09,32881,0,1261039,0
2021-02-10,28435,0,1289474,0
2021-02-11,20406,0,1309880,0
2021-02-12,16251,0,1326131,0
2021-02-13,7279,0,1333410,0
2021-02-14,2862,0,1336272,0
2021-02-15,6847,0,1343119,0
2021-02-16,7004,0,1350123,0
2021-02-17,10527,0,1360650,0
2021-02-18,9257,0,1369907,0
2021-02-19,8258,0,1378165,0
2021-02-20,5579,0,1383744,0
2021-02-21,3014,0,1386758,0
2021-02-22,6883,0,1393641,0
2021-02-23,7187,0,1400828,0
2021-02-24,9814,0,1410642,0
2021-02-25,14213,0,1424855,0
2021-02-26,17560,0,1442415,0
2021-02-27,13920,0,1456335,0
2021-02-28,9396,0,1465731,0
2021-03-01,26527,0,1492258,0
2021-03-02,33247,0,1525505,0
2021-03-03,44651,0,1570156,0
2021-03-04,50303,0,1620459,0
2021-03-05,55745,0,1676204,0
2021-03-06,41881,0,1718085,0
2021-03-07,22331,0,1740416,0
2021-03-08,50838,0,1791254,0
2021-03-09,53095,0,1844349,0
2021-03-10,58691,0,1903040,0
2021-03-11,63888,0,1966928,0
2021-03-12,65137,0,2032065,0
2021-03-13,51731,0,2083796,0
2021-03-14,35423,0,2119219,0
2021-03-15,73459,0,2192678,0
2021-03-16,74031,0,2266709,0
2021-03-17,83143,0,2349852,0
2021-03-18,81632,0,2431484,0
2021-03-19,81089,0,2512573,0
2021-03-20,64738,0,2577311,0
2021-03-21,47310,0,2624621,0
2021-03-22,69504,0,2694125,0
2021-03-23,75818,0,2769943,0
2021-03-24,90928,0,2860871,0
2021-03-25,89826,0,2950697,0
2021-03-26,83641,0,3034338,0
2021-03-27,71960,0,3106298,0
2021-03-28,44185,0,3150483,0
2021-03-29,70850,0,3221333,0
2021-03-30,81415,0,3302748,0
2021-03-31,96262,0,3399010,0
2021-04-01,95337,0,3494347,0
2021-04-02,84089,0,3578436,0
2021-04-03,64311,0,3642747,0
2021-04-04,21725,0,3664472,0
2021-04-05,40320,0,3704792,0
2021-04-06,81341,0,3786133,0
2021-04-07,95842,0,3881975,0
2021-04-08,95261,0,3977236,0
2021-04-09,88503,0,4065739,0
2021-04-10,74035,0,4139774,0
2021-04-11,44771,0,4184545,0
2021-04-12,66929,0,4251474,0
2021-04-13,72598,0,4324072,0
2021-04-14,85558,0,4409630,0
2021-04-15,105428,0,4515058,0
2021-04-16,106433,0,4621491,0
2021-04-17,90529,0,4712020,0
2021-04-18,58598,0,4770618,0
2021-04-19,93441,0,4864059,0
2021-04-20,103779,0,4967838,0
2021-04-21,125344,0,5093182,0
2021-04-22,143533,0,5236715,0
2021-04-23,138757,0,5375472,0
2021-04-24,124456,0,5499928,0
2021-04-25,61473,0,5561401,0
2021-04-26,97915,0,5659316,0
2021-04-27,128376,0,5787692,0
2021-04-28,156399,0,5944091,0
2021-04-29,195622,0,6139713,0
2021-04-30,214615,0,6354328,0
2021-05-01,174145,0,6528473,0
2021-05-02,135813,0,6664286,0
2021-05-03,142072,0,6806358,0
2021-05-04,158714,0,6965072,0
2021-05-05,170549,0,7135621,0
2021-05-06,197830,0,7333451,0
2021-05-07,213878,0,7547329,0
2021-05-08,213443,0,7760772,0
2021-05-09,143217,0,7903989,0
2021-05-10,165106,0,8069095,0
2021-05-11,175014,0,8244109,0
2021-05-12,179227,0,8423336,0
2021-05-13,203427,0,8626763,0
2021-05-14,222946,0,8849709,0
2021-05-15,210395,0,9060104,0
2021-05-16,159286,0,9219390,0
2021-05-17,219224,0,9438614,0
2021-05-18,213035,0,9651649,0
2021-05-19,207106,0,9858755,0
2021-05-20,270894,0,10129649,0
2021-05-21,270917,0,10400566,0
2021-05-22,245549,0,10646115,0
2021-05-23,197194,0,10843309,0
2021-05-24,228311,0,11071620,0
2021-05-25,245702,0,11317322,0
2021-05-26,277577,0,11594899,0
2021-05-27,311107,0,11906006,0
2021-05-28,299591,0,12205597,0
2021-05-29,231252,0,12436849,0
2021-05-30,170854,0,12607703,0
2021-05-31,216440,0,12824143,0
2021-06-01,207637,0,13031780,0
2021-06-02,115806,0,13147586,0
2021-06-03,180180,0,13327766,0
2021-06-04,184922,0,13512688,0
2021-06-05,186003,0,13698691,0
2021-06-06,139590,0,13838281,0
2021-06-07,161906,0,14000187,0
2021-06-08,171287,0,14171474,0
2021-06-09,171527,0,14343001,0
2021-06-10,174162,0,14517163,0
2021-06-11,170033,0,14687196,0
2021-06-12,128404,0,14815600,0
2021-06-13,91233,0,14906833,0
2021-06-14,214710,0,15121543,0
2021-06-15,228464,0,15350007,0
2021-06-16,253118,0,15603125,0
2021-06-17,301782,0,15904907,0
2021-06-18,306331,0,16211238,0
2021-06-19,275121,0,16486359,0
2021-06-20,220829,0,16707188,0
2021-06-21,288102,0,16995290,0
2021-06-22,296251,0,17291541,0
2021-06-23,302710,0,17594251,0
2021-06-24,332626,0,17926877,0
2021-06-25,348747,0,18275624,0
2021-06-26,300154,0,18575778,0
2021-06-27,228697,0,18804475,0
2021-06-28,307161,0,19111636,0
2021-06-29,329337,0,19440973,0
2021-06-30,342229,0,19783202,0
2021-07-01,363249,0,20146451,0
2021-07-02,368515,0,20514966,0
2021-07-03,371108,0,20886074,0
2021-07-04,283239,0,21169313,0
2021-07-05,384569,0,21553882,0
2021-07-06,385498,0,21939380,0
2021-07-07,412143,0,22351523,0
2021-07-08,479593,0,22831116,0
2021-07-09,498474,0,23329590,0
2021-07-10,475179,0,23804769,0
2021-07-11,357700,0,24162469,0
2021-07-12,485879,0,24648348,0
2021-07-13,492078,0,25140426,0
2021-07-14,480434,0,25620860,0
2021-07-15,523426,0,26144286,0
2021-07-16,509754,0,26654040,0
2021-07-17,464327,0,27118367,0
2021-07-18,364638,0,27483005,0
2021-07-19,463037,0,27946042,0
2021-07-20,458046,0,28404088,0
2021-07-21,462792,0,28866880,0
2021-07-22,475376,0,29342256,0
2021-07-23,441327,0,29783583,0
2021-07-24,386152,0,30169735,0
2021-07-25,287556,0,30457291,0
2021-07-26,430892,0,30888183,0
2021-07-27,440113,0,31328296,0
2021-07-28,391015,0,31719311,0
2021-07-29,372073,0,32091384,0
2021-07-30,341523,0,32432907,0
2021-07-31,287048,0,32719955,0
2021-08-01,190998,0,32910953,0
2021-08-02,333707,0,33244660,0
2021-08-03,323190,0,33567850,0
2021-08-04,310989,0,33878839,0
2021-08-05,292484,0,34171323,0
2021-08-06,260042,0,34431365,0
2021-08-07,199064,0,34630429,0
2021-08-08,153108,0,34783537,0
2021-08-09,234085,0,35017622,0
2021-08-10,205281,0,35222903,0
2021-08-11,193792,0,35416695,0
2021-08-12,168064,0,35584759,0
2021-08-13,148668,0,35733427,0
2021-08-14,66103,0,35799530,0
2021-08-15,26343,0,35825873,0
2021-08-16,114715,0,35940588,0
2021-08-17,129253,0,36069841,0
2021-08-18,128767,0,36198608,0
2021-08-19,124853,0,36323461,0
2021-08-20,123799,0,36447260,0
2021-08-21,83134,0,36530394,0
2021-08-22,68181,0,36598575,0
2021-08-23,176872,0,36775447,0
2021-08-24,156893,0,36932340,0
2021-08-25,177171,0,37109511,0
2021-08-26,172353,0,37281864,0
2021-08-27,185830,0,37467694,0
2021-08-28,140294,0,37607988,0
2021-08-29,98993,0,37706981,0
2021-08-30,209587,0,37916568,0
2021-08-31,194640,0,38111208,0
2021-09-01,192218,0,38303426,0
2021-09-02,189932,0,38493358,0
2021-09-03,191285,0,38684643,0
2021-09-04,131448,0,38816091,0
2021-09-05,87845,0,38903936,0
2021-09-06,193603,0,39097539,0
2021-09-07,196039,0,39293578,0
2021-09-08,187864,0,39481442,0
2021-09-09,201421,0,39682863,0
2021-09-10,198053,0,39880916,0
2021-09-11,141292,0,40022208,0
2021-09-12,89592,0,40111800,0
2021-09-13,191112,643,40302912,643
2021-09-14,177214,649,40480126,1292
2021-09-15,163078,649,40643204,1941
2021-09-16,160045,1000,40803249,2941
2021-09-17,150154,1170,40953403,4111
2021-09-18,127976,779,41081379,4890
2021-09-19,81144,508,41162523,5398
2021-09-20,180063,9129,41342586,14527
2021-09-21,166672,8862,41509258,23389
2021-09-22,159115,9463,41668373,32852
2021-09-23,138104,9357,41806477,42209
2021-09-24,140551,9013,41947028,51222
2021-09-25,119562,5673,42066590,56895
2021-09-26,71992,4365,42138582,61260
2021-09-27,135667,10084,42274249,71344
2021-09-28,117518,11426,42391767,82770
2021-09-29,112376,11850,42504143,94620
2021-09-30,110288,14980,42614431,109600
2021-10-01,94995,19144,42709426,128744
2021-10-02,78520,14045,42787946,142789
2021-10-03,47760,7669,42835706,150458
2021-10-04,88391,34486,42924097,184944
2021-10-05,80380,34022,43004477,218966
2021-10-06,72008,34213,43076485,253179
2021-10-07,71882,34373,43148367,287552
2021-10-08,80641,33622,43229008,321174
2021-10-09,76117,22194,43305125,343368
2021-10-10,45790,13631,43350915,356999
2021-10-11,87448,41132,43438363,398131
2021-10-12,84518,46934,43522881,445065
2021-10-13,88216,52165,43611097,497230
2021-10-14,91554,58559,43702651,555789
2021-10-15,93601,55677,43796252,611466
2021-10-16,82970,36827,43879222,648293
2021-10-17,51462,23861,43930684,672154
2021-10-18,90303,59520,44020987,731674
2021-10-19,78357,69414,44099344,801088
2021-10-20,75061,78211,44174405,879299
2021-10-21,78287,81816,44252692,961115
2021-10-22,73767,77082,44326459,1038197
2021-10-23,60836,51974,44387295,1090171
2021-10-24,33370,23480,44420665,1113651
2021-10-25,64897,81668,44485562,1195319
2021-10-26,58376,91837,44543938,1287156
2021-10-27,58317,104041,44602255,1391197
2021-10-28,61446,114159,44663701,1505356
2021-10-29,61633,103186,44725334,1608542
2021-10-30,50677,68149,44776011,1676691
2021-10-31,25161,28310,44801172,1705001
2021-11-01,19049,28159,44820221,1733160
2021-11-02,62741,89438,44882962,1822598
2021-11-03,60715,118702,44943677,1941300
2021-11-04,59237,126705,45002914,2068005
2021-11-05,63092,135229,45066006,2203234
2021-11-06,46491,90941,45112497,2294175
2021-11-07,22248,37906,45134745,2332081
2021-11-08,51527,131294,45186272,2463375
2021-11-09,45401,144237,45231673,2607612
2021-11-10,42594,156376,45274267,2763988
2021-11-11,44928,155174,45319195,2919162
2021-11-12,46294,158709,45365489,3077871
2021-11-13,33267,116684,45398756,3194555
2021-11-14,14491,52461,45413247,3247016
2021-11-15,36908,157445,45450155,3404461
2021-11-16,30567,171411,45480722,3575872
2021-11-17,28469,178467,45509191,3754339
2021-11-18,30293,193766,45539484,3948105
2021-11-19,28821,205888,45568305,4153993
2021-11-20,21011,156460,45589316,4310453
2021-11-21,10610,64872,45599926,4375325
2021-11-22,21959,213164,45621885,4588489
2021-11-23,23604,241804,45645489,4830293
2021-11-24,27768,271102,45673257,5101395
2021-11-25,23266,301951,45696523,5403346
2021-11-26,24599,318309,45721122,5721655
2021-11-27,21414,266174,45742536,5987829
2021-11-28,9909,137071,45752445,6124900
2021-11-29,22367,326080,45774812,6450980
2021-11-30,23119,365864,45797931,6816844
2021-12-01,21555,413542,45819486,7230386
2021-12-02,23795,440444,45843281,7670830
2021-12-03,25277,467540,45868558,8138370
2021-12-04,22392,418802,45890950,8557172
2021-12-05,11945,261367,45902895,8818539
2021-12-06,25847,457633,45928742,9276172
2021-12-07,24164,480306,45952906,9756478
2021-12-08,10031,249723,45962937,10006201
2021-12-09,31620,491968,45994557,10498169
2021-12-10,28103,517934,46022660,11016103
2021-12-11,23595,459284,46046255,11475387
2021-12-12,12323,293535,46058578,11768922
2021-12-13,26181,467657,46084759,12236579
2021-12-14,25204,494240,46109963,12730819
2021-12-15,25371,517193,46135334,13248012
2021-12-16,27927,520308,46163261,13768320
2021-12-17,29400,517225,46192661,14285545
2021-12-18,27118,468783,46219779,14754328
2021-12-19,15171,300543,46234950,15054871
2021-12-20,30672,477511,46265622,15532382
2021-12-21,30414,493446,46296036,16025828
2021-12-22,29491,484756,46325527,16510584
2021-12-23,28287,426966,46353814,16937550
2021-12-24,13126,210843,46366940,17148393
2021-12-25,2104,33053,46369044,17181446
2021-12-26,8780,159077,46377824,17340523
2021-12-27,46849,504696,46424673,17845219
2021-12-28,42512,554259,46467185,18399478
2021-12-29,34394,550682,46501579,18950160
2021-12-30,31893,499870,46533472,19450030
2021-12-31,14149,247410,46547621,19697440
2022-01-01,3500,64815,46551121,19762255
2022-01-02,22832,276726,46573953,20038981
2022-01-03,47944,520036,46621897,20559017
2022-01-04,46476,572105,46668373,21131122
2022-01-05,40845,560427,46709218,21691549
2022-01-06,23536,274491,46732754,21966040
2022-01-07,63801,554222,46796555,22520262
2022-01-08,60977,503422,46857532,23023684
2022-01-09,42966,319700,46900498,23343384
2022-01-10,61178,542326,46961676,23885710
2022-01-11,61842,587038,47023518,24472748
2022-01-12,58552,581309,47082070,25054057
2022-01-13,58713,580432,47140783,25634489
2022-01-14,46936,588621,47187719,26223110
2022-01-15,39567,569991,47227286,26793101
2022-01-16,31318,341892,47258604,27134993
2022-01-17,54854,489689,47313458,27624682
2022-01-18,58470,517057,47371928,28141739
2022-01-19,57267,502825,47429195,28644564
2022-01-20,54419,498863,47483614,29143427
2022-01-21,42181,493897,47525795,29637324
2022-01-22,31300,469619,47557095,30106943
2022-01-23,34984,275391,47592079,30382334
2022-01-24,56232,437249,47648311,30819583
2022-01-25,61606,452130,47709917,31271713
2022-01-26,58590,435848,47768507,31707561
2022-01-27,48890,432405,47817397,32139966
2022-01-28,58751,436563,47876148,32576529
2022-01-29,68193,412515,47944341,32989044
2022-01-30,50409,235987,47994750,33225031
2022-01-31,60709,356948,48055459,33581979
2022-02-01,65616,328465,48121075,33910444
2022-02-02,63250,296996,48184325,34207440
2022-02-03,60092,274533,48244417,34481973
2022-02-04,72412,268469,48316829,34750442
2022-02-05,83818,248551,48400647,34998993
2022-02-06,55309,116207,48455956,35115200
2022-02-07,65183,199945,48521139,35315145
2022-02-08,66957,186128,48588096,35501273
2022-02-09,58774,166353,48646870,35667626
2022-02-10,58600,163249,48705470,35830875
2022-02-11,62275,162477,48767745,35993352
2022-02-12,72010,152154,48839755,36145506
2022-02-13,41484,68855,48881239,36214361
2022-02-14,46712,116192,48927951,36330553
2022-02-15,48566,123481,48976517,36454034
2022-02-16,45688,106129,49022205,36560163
2022-02-17,42874,98120,49065079,36658283
2022-02-18,46634,112584,49111713,36770867
2022-02-19,52546,100339,49164259,36871206
2022-02-20,31416,40367,49195675,36911573
2022-02-21,37899,89659,49233574,37001232
2022-02-22,37225,83784,49270799,37085016
2022-02-23,33401,79410,49304200,37164426
2022-02-24,32561,78165,49336761,37242591
2022-02-25,34772,90715,49371533,37333306
2022-02-26,39164,89136,49410697,37422442
2022-02-27,22548,35857,49433245,37458299
2022-02-28,28488,81696,49461733,37539995
2022-03-01,22729,53942,49484462,37593937
2022-03-02,21934,50711,49506396,37644648
2022-03-03,22636,54947,49529032,37699595
2022-03-04,23242,62800,49552274,37762395
2022-03-05,23803,57952,49576077,37820347
2022-03-06,9474,17201,49585551,37837548
2022-03-07,15924,51391,49601475,37888939
2022-03-08,15482,48795,49616957,37937734
2022-03-09,13816,46517,49630773,37984251
2022-03-10,14057,52125,49644830,38036376
2022-03-11,15590,57272,49660420,38093648
2022-03-12,15511,56619,49675931,38150267
2022-03-13,5545,16852,49681476,38167119
2022-03-14,10529,46700,49692005,38213819
2022-03-15,10552,46895,49702557,38260714
2022-03-16,9482,41974,49712039,38302688
2022-03-17,9723,44876,49721762,38347564
2022-03-18,10161,49058,49731923,38396622
2022-03-19,9151,46539,49741074,38443161
2022-03-20,2608,11704,49743682,38454865
2022-03-21,7581,40229,49751263,38495094
2022-03-22,8447,37767,49759710,38532861
2022-03-23,7218,33700,49766928,38566561
2022-03-24,8259,38820,49775187,38605381
2022-03-25,8142,43671,49783329,38649052
2022-03-26,8128,41722,49791457,38690774
2022-03-27,2431,9683,49793888,38700457
2022-03-28,6112,35241,49800000,38735698
2022-03-29,5781,32531,49805781,38768229
2022-03-30,5567,30204,49811348,38798433
2022-03-31,5903,33186,49817251,38831619
2022-04-01,4349,25189,49821600,38856808
2022-04-02,4497,23275,49826097,38880083
2022-04-03,1049,4500,49827146,38884583
2022-04-04,3660,21545,49830806,38906128
2022-04-05,3758,22936,49834564,38929064
2022-04-06,4105,21852,49838669,38950916
2022-04-07,3970,23320,49842639,38974236
2022-04-08,4696,26714,49847335,39000950
2022-04-09,4382,23888,49851717,39024838
2022-04-10,893,4613,49852610,39029451
2022-04-11,3819,22689,49856429,39052140
2022-04-12,3365,21779,49859794,39073919
2022-04-13,3570,21336,49863364,39095255
2022-04-14,3488,23787,49866852,39119042
2022-04-15,3083,20621,49869935,39139663
2022-04-16,2151,11918,49872086,39151581
2022-04-17,63,348,49872149,39151929
2022-04-18,152,650,49872301,39152579
2022-04-19,3499,21983,49875800,39174562
2022-04-20,3512,20251,49879312,39194813
2022-04-21,2848,19791,49882160,39214604
2022-04-22,2928,20712,49885088,39235316
2022-04-23,2647,16221,49887735,39251537
2022-04-24,509,2334,49888244,39253871
2022-04-25,183,1165,49888427,39255036
2022-04-26,2759,17810,49891186,39272846
2022-04-27,2374,15795,49893560,39288641
2022-04-28,2361,15562,49895921,39304203
2022-04-29,2297,14850,49898218,39319053
2022-04-30,2123,11583,49900341,39330636
2022-05-01,113,531,49900454,39331167
2022-05-02,1451,9392,49901905,39340559
2022-05-03,1577,10322,49903482,39350881
2022-05-04,1745,10271,49905227,39361152
2022-05-05,1654,10296,49906881,39371448
2022-05-06,1702,10970,49908583,39382418
2022-05-07,1431,8570,49910014,39390988
2022-05-08,416,1526,49910430,39392514
2022-05-09,1028,8931,49911458,39401445
2022-05-10,1426,9549,49912884,39410994
2022-05-11,1484,10104,49914368,39421098
2022-05-12,1372,10137,49915740,39431235
2022-05-13,1596,10518,49917336,39441753
2022-05-14,1360,8239,49918696,39449992
2022-05-15,336,1135,49919032,39451127
2022-05-16,814,8404,49919846,39459531
2022-05-17,1244,8697,49921090,39468228
2022-05-18,1372,9235,49922462,39477463
2022-05-19,1500,9283,49923962,39486746
2022-05-20,1422,9532,49925384,39496278
2022-05-21,1301,7900,49926685,39504178
2022-05-22,231,1014,49926916,39505192
2022-05-23,830,8271,49927746,39513463
2022-05-24,1073,8672,49928819,39522135
2022-05-25,1372,9459,49930191,39531594
2022-05-26,1196,9480,49931387,39541074
2022-05-27,1233,9914,49932620,39550988
2022-05-28,1205,7887,49933825,39558875
2022-05-29,288,1265,49934113,39560140
2022-05-30,930,8057,49935043,39568197
2022-05-31,1038,8548,49936081,39576745
2022-06-01,895,7658,49936976,39584403
2022-06-02,35,474,49937011,39584877
2022-06-03,817,7334,49937828,39592211
2022-06-04,870,5162,49938698,39597373
2022-06-05,89,586,49938787,39597959
2022-06-06,678,7003,49939465,39604962
2022-06-07,952,7849,49940417,39612811
2022-06-08,981,7907,49941398,39620718
2022-06-09,1036,8417,49942434,39629135
2022-06-10,958,8563,49943392,39637698
2022-06-11,903,6207,49944295,39643905
2022-06-12,140,768,49944435,39644673
2022-06-13,602,6301,49945037,39650974
2022-06-14,832,7902,49945869,39658876
2022-06-15,960,7855,49946829,39666731
2022-06-16,733,7396,49947562,39674127
2022-06-17,724,7249,49948286,39681376
2022-06-18,777,5594,49949063,39686970
2022-06-19,49,521,49949112,39687491
2022-06-20,587,6699,49949699,39694190
2022-06-21,741,7663,49950440,39701853
2022-06-22,779,7313,49951219,39709166
2022-06-23,648,7472,49951867,39716638
2022-06-24,644,7474,49952511,39724112
2022-06-25,835,6533,49953346,39730645
2022-06-26,128,523,49953474,39731168
2022-06-27,534,7125,49954008,39738293
2022-06-28,747,8207,49954755,39746500
2022-06-29,756,7732,49955511,39754232
2022-06-30,747,8145,49956258,39762377
2022-07-01,577,6443,49956835,39768820
2022-07-02,536,4769,49957371,39773589
2022-07-03,49,456,49957420,39774045
2022-07-04,469,6277,49957889,39780322
2022-07-05,631,8120,49958520,39788442
2022-07-06,633,7611,49959153,39796053
2022-07-07,575,8271,49959728,39804324
2022-07-08,674,8083,49960402,39812407
2022-07-09,550,6105,49960952,39818512
2022-07-10,58,533,49961010,39819045
2022-07-11,491,7639,49961501,39826684
2022-07-12,667,9030,49962168,39835714
2022-07-13,644,10066,49962812,39845780
2022-07-14,637,10226,49963449,39856006
2022-07-15,626,10667,49964075,39866673
2022-07-16,522,7215,49964597,39873888
2022-07-17,48,770,49964645,39874658
2022-07-18,496,9372,49965141,39884030
2022-07-19,575,10683,49965716,39894713
2022-07-20,581,11274,49966297,39905987
2022-07-21,630,12089,49966927,39918076
2022-07-22,584,11258,49967511,39929334
2022-07-23,381,6775,49967892,39936109
2022-07-24,76,857,49967968,39936966
2022-07-25,503,9051,49968471,39946017
2022-07-26,520,9761,49968991,39955778
2022-07-27,552,10208,49969543,39965986
2022-07-28,532,10533,49970075,39976519
2022-07-29,511,9465,49970586,39985984
2022-07-30,383,5881,49970969,39991865
2022-07-31,49,764,49971018,39992629
2022-08-01,386,6864,49971404,39999493
2022-08-02,545,7589,49971949,40007082
2022-08-03,512,7179,49972461,40014261
2022-08-04,455,7489,49972916,40021750
2022-08-05,421,6527,49973337,40028277
2022-08-06,299,3613,49973636,40031890
2022-08-07,44,561,49973680,40032451
2022-08-08,403,4890,49974083,40037341
2022-08-09,381,5311,49974464,40042652
2022-08-10,385,4816,49974849,40047468
2022-08-11,369,4803,49975218,40052271
2022-08-12,293,3720,49975511,40055991
2022-08-13,143,1600,49975654,40057591
2022-08-14,9,129,49975663,40057720
2022-08-15,1,26,49975664,40057746
2022-08-16,282,3043,49975946,40060789
2022-08-17,352,3536,49976298,40064325
2022-08-18,392,4160,49976690,40068485
2022-08-19,341,3319,49977031,40071804
2022-08-20,183,1715,49977214,40073519
2022-08-21,24,149,49977238,40073668
2022-08-22,329,2952,49977567,40076620
2022-08-23,370,3674,49977937,40080294
2022-08-24,384,3360,49978321,40083654
2022-08-25,422,3774,49978743,40087428
2022-08-26,399,3575,49979142,40091003
2022-08-27,237,1769,49979379,40092772
2022-08-28,29,267,49979408,40093039
2022-08-29,354,3161,49979762,40096200
2022-08-30,403,3671,49980165,40099871
2022-08-31,438,3734,49980603,40103605
2022-09-01,353,3116,49980956,40106721
2022-09-02,296,2893,49981252,40109614
2022-09-03,200,1689,49981452,40111303
2022-09-04,24,149,49981476,40111452
2022-09-05,187,2656,49981663,40114108
2022-09-06,305,2981,49981968,40117089
2022-09-07,540,2937,49982508,40120026
2022-09-08,292,2962,49982800,40122988
2022-09-09,305,2886,49983105,40125874
2022-09-10,227,1326,49983332,40127200
2022-09-11,23,124,49983355,40127324
2022-09-12,267,2267,49983622,40129591
2022-09-13,252,2276,49983874,40131867
2022-09-14,266,2566,49984140,40134433
2022-09-15,282,2499,49984422,40136932
2022-09-16,254,2546,49984676,40139478
2022-09-17,239,1339,49984915,40140817
2022-09-18,20,170,49984935,40140987
2022-09-19,206,1970,49985141,40142957
2022-09-20,236,2391,49985377,40145348
2022-09-21,289,2526,49985666,40147874
2022-09-22,266,2662,49985932,40150536
2022-09-23,259,2543,49986191,40153079
2022-09-24,193,1427,49986384,40154506
2022-09-25,29,133,49986413,40154639
2022-09-26,280,2248,49986693,40156887
2022-09-27,287,2683,49986980,40159570
2022-09-28,310,2903,49987290,40162473
2022-09-29,257,3049,49987547,40165522
2022-09-30,292,2989,49987839,40168511
2022-10-01,195,1515,49988034,40170026
2022-10-02,12,187,49988046,40170213
2022-10-03,185,2474,49988231,40172687
2022-10-04,236,2863,49988467,40175550
2022-10-05,229,3249,49988696,40178799
2022-10-06,243,3874,49988939,40182673
2022-10-07,282,4187,49989221,40186860
2022-10-08,202,2270,49989423,40189130
2022-10-09,8,305,49989431,40189435
2022-10-10,210,3356,49989641,40192791
2022-10-11,192,4379,49989833,40197170
2022-10-12,209,4440,49990042,40201610
2022-10-13,201,5304,49990243,40206914
2022-10-14,232,5023,49990475,40211937
2022-10-15,190,2671,49990665,40214608
2022-10-16,6,360,49990671,40214968
2022-10-17,185,3871,49990856,40218839
2022-10-18,257,4964,49991113,40223803
2022-10-19,244,5478,49991357,40229281
2022-10-20,224,5993,49991581,40235274
2022-10-21,250,5476,49991831,40240750
2022-10-22,195,2910,49992026,40243660
2022-10-23,13,364,49992039,40244024
2022-10-24,171,3929,49992210,40247953
2022-10-25,253,4926,49992463,40252879
2022-10-26,345,5498,49992808,40258377
2022-10-27,241,5669,49993049,40264046
2022-10-28,199,5260,49993248,40269306
2022-10-29,128,2844,49993376,40272150
2022-10-30,3,328,49993379,40272478
2022-10-31,117,3037,49993496,40275515
2022-11-01,11,353,49993507,40275868
2022-11-02,143,3719,49993650,40279587
2022-11-03,173,4782,49993823,40284369
2022-11-04,224,4598,49994047,40288967
2022-11-05,144,2596,49994191,40291563
2022-11-06,10,259,49994201,40291822
2022-11-07,170,3221,49994371,40295043
2022-11-08,259,4239,49994630,40299282
2022-11-09,197,4325,49994827,40303607
2022-11-10,182,4581,49995009,40308188
2022-11-11,192,4215,49995201,40312403
2022-11-12,154,2363,49995355,40314766
2022-11-13,7,335,49995362,40315101
2022-11-14,149,2835,49995511,40317936
2022-11-15,202,3737,49995713,40321673
2022-11-16,216,3975,49995929,40325648
2022-11-17,192,4084,49996121,40329732
2022-11-18,247,4008,49996368,40333740
2022-11-19,112,2094,49996480,40335834
2022-11-20,24,314,49996504,40336148
2022-11-21,118,2611,49996622,40338759
2022-11-22,142,3202,49996764,40341961
2022-11-23,192,3613,49996956,40345574
2022-11-24,154,3804,49997110,40349378
2022-11-25,184,3741,49997294,40353119
2022-11-26,130,2088,49997424,40355207
2022-11-27,22,356,49997446,40355563
2022-11-28,177,2667,49997623,40358230
2022-11-29,183,3204,49997806,40361434
2022-11-30,174,3703,49997980,40365137
2022-12-01,222,3571,49998202,40368708
2022-12-02,156,3485,49998358,40372193
2022-12-03,101,1942,49998459,40374135
2022-12-04,5,290,49998464,40374425
2022-12-05,124,2793,49998588,40377218
2022-12-06,167,3535,49998755,40380753
2022-12-07,129,2945,49998884,40383698
2022-12-08,7,122,49998891,40383820
2022-12-09,133,2731,49999024,40386551
2022-12-10,61,1404,49999085,40387955
2022-12-11,3,139,49999088,40388094
2022-12-12,168,2188,49999256,40390282