data_somministrazione,vaccinazioni,booster,cum_vaccinazioni,cum_booster
2020-12-27,15,0,15,0
2020-12-28,2,0,17,0
2020-12-29,1,0,18,0
2020-12-30,2,0,20,0
2020-12-31,34,0,54,0
2021-01-01,12,0,66,0
2021-01-02,53,0,119,0
2021-01-03,45,0,164,0
2021-01-04,118,0,282,0
2021-01-05,156,0,438,0
2021-01-06,133,0,571,0
2021-01-07,193,0,764,0
2021-01-08,240,0,1004,0
2021-01-09,167,0,1171,0
2021-01-10,108,0,1279,0
2021-01-11,194,0,1473,0
2021-01-12,200,0,1673,0
2021-01-13,296,0,1969,0
2021-01-14,386,0,2355,0
2021-01-15,228,0,2583,0
2021-01-16,160,0,2743,0
2021-01-17,3044,0,5787,0
2021-01-18,5177,0,10964,0
2021-01-19,1866,0,12830,0
2021-01-20,4647,0,17477,0
2021-01-21,20000,0,37477,0
2021-01-22,14194,0,51671,0
2021-01-23,33351,0,85022,0
2021-01-24,30789,0,115811,0
2021-01-25,64764,0,180575,0
2021-01-26,76533,0,257108,0
2021-01-27,64871,0,321979,0
2021-01-28,89321,0,411300,0
2021-01-29,94069,0,505369,0
2021-01-30,86602,0,591971,0
2021-01-31,57336,0,649307,0
2021-02-01,81880,0,731187,0
2021-02-02,82151,0,813338,0
2021-02-03,91203,0,904541,0
2021-02-04,94510,0,999051,0
2021-02-05,90253,0,1089304,0
2021-02-06,63722,0,1153026,0
2021-02-07,32910,0,1185936,0
2021-02-08,40396,0,1226332,0
2021-02-09,32824,0,1259156,0
2021-02-10,28364,0,1287520,0
2021-02-11,20337,0,1307857,0
2021-02-12,16170,0,1324027,0
2021-02-13,7210,0,1331237,0
2021-02-14,2851,0,1334088,0
2021-02-15,6810,0,1340898,0
2021-02-16,6962,0,1347860,0
2021-02-17,10483,0,1358343,0
2021-02-18,9206,0,1367549,0
2021-02-19,8130,0,1375679,0
2021-02-20,5463,0,1381142,0
2021-02-21,2935,0,1384077,0
2021-02-22,6821,0,1390898,0
2021-02-23,7078,0,1397976,0
2021-02-24,9774,0,1407750,0
2021-02-25,14156,0,1421906,0
2021-02-26,17454,0,1439360,0
2021-02-27,13838,0,1453198,0
2021-02-28,9328,0,1462526,0
2021-03-01,26419,0,1488945,0
2021-03-02,33136,0,1522081,0
2021-03-03,44574,0,1566655,0
2021-03-04,50166,0,1616821,0
2021-03-05,55662,0,1672483,0
2021-03-06,41816,0,1714299,0
2021-03-07,22273,0,1736572,0
2021-03-08,50585,0,1787157,0
2021-03-09,52910,0,1840067,0
2021-03-10,58468,0,1898535,0
2021-03-11,63678,0,1962213,0
2021-03-12,64991,0,2027204,0
2021-03-13,51625,0,2078829,0
2021-03-14,35325,0,2114154,0
2021-03-15,73273,0,2187427,0
2021-03-16,73954,0,2261381,0
2021-03-17,83016,0,2344397,0
2021-03-18,81557,0,2425954,0
2021-03-19,80968,0,2506922,0
2021-03-20,64595,0,2571517,0
2021-03-21,47230,0,2618747,0
2021-03-22,69356,0,2688103,0
2021-03-23,75442,0,2763545,0
2021-03-24,90725,0,2854270,0
2021-03-25,89642,0,2943912,0
2021-03-26,83439,0,3027351,0
2021-03-27,71765,0,3099116,0
2021-03-28,44000,0,3143116,0
2021-03-29,70659,0,3213775,0
2021-03-30,81202,0,3294977,0
2021-03-31,95522,0,3390499,0
2021-04-01,95160,0,3485659,0
2021-04-02,83469,0,3569128,0
2021-04-03,64201,0,3633329,0
2021-04-04,21674,0,3655003,0
2021-04-05,40235,0,3695238,0
2021-04-06,81183,0,3776421,0
2021-04-07,95612,0,3872033,0
2021-04-08,95107,0,3967140,0
2021-04-09,87743,0,4054883,0
2021-04-10,73893,0,4128776,0
2021-04-11,44672,0,4173448,0
2021-04-12,66797,0,4240245,0
2021-04-13,72471,0,4312716,0
2021-04-14,85377,0,4398093,0
2021-04-15,105255,0,4503348,0
2021-04-16,106252,0,4609600,0
2021-04-17,90111,0,4699711,0
2021-04-18,58638,0,4758349,0
2021-04-19,93314,0,4851663,0
2021-04-20,102843,0,4954506,0
2021-04-21,124323,0,5078829,0
2021-04-22,143347,0,5222176,0
2021-04-23,138496,0,5360672,0
2021-04-24,124277,0,5484949,0
2021-04-25,61361,0,5546310,0
2021-04-26,97747,0,5644057,0
2021-04-27,128196,0,5772253,0
2021-04-28,156173,0,5928426,0
2021-04-29,195329,0,6123755,0
2021-04-30,213595,0,6337350,0
2021-05-01,174097,0,6511447,0
2021-05-02,135835,0,6647282,0
2021-05-03,141703,0,6788985,0
2021-05-04,158486,0,6947471,0
2021-05-05,170236,0,7117707,0
2021-05-06,197216,0,7314923,0
2021-05-07,213149,0,7528072,0
2021-05-08,212962,0,7741034,0
2021-05-09,142997,0,7884031,0
2021-05-10,164862,0,8048893,0
2021-05-11,174266,0,8223159,0
2021-05-12,178844,0,8402003,0
2021-05-13,202373,0,8604376,0
2021-05-14,222574,0,8826950,0
2021-05-15,210032,0,9036982,0
2021-05-16,159094,0,9196076,0
2021-05-17,218554,0,9414630,0
2021-05-18,212729,0,9627359,0
2021-05-19,206788,0,9834147,0
2021-05-20,270238,0,10104385,0
2021-05-21,269830,0,10374215,0
2021-05-22,245281,0,10619496,0
2021-05-23,197009,0,10816505,0
2021-05-24,228107,0,11044612,0
2021-05-25,245453,0,11290065,0
2021-05-26,277076,0,11567141,0
2021-05-27,310490,0,11877631,0
2021-05-28,298613,0,12176244,0
2021-05-29,230920,0,12407164,0
2021-05-30,170642,0,12577806,0
2021-05-31,216159,0,12793965,0
2021-06-01,207045,0,13001010,0
2021-06-02,115564,0,13116574,0
2021-06-03,179699,0,13296273,0
2021-06-04,183963,0,13480236,0
2021-06-05,185136,0,13665372,0
2021-06-06,139309,0,13804681,0
2021-06-07,161021,0,13965702,0
2021-06-08,170627,0,14136329,0
2021-06-09,170961,0,14307290,0
2021-06-10,173525,0,14480815,0
2021-06-11,168656,0,14649471,0
2021-06-12,127228,0,14776699,0
2021-06-13,90860,0,14867559,0
2021-06-14,214339,0,15081898,0
2021-06-15,227783,0,15309681,0
2021-06-16,252770,0,15562451,0
2021-06-17,301430,0,15863881,0
2021-06-18,305403,0,16169284,0
2021-06-19,274888,0,16444172,0
2021-06-20,220547,0,16664719,0
2021-06-21,287705,0,16952424,0
2021-06-22,295671,0,17248095,0
2021-06-23,302522,0,17550617,0
2021-06-24,332397,0,17883014,0
2021-06-25,347960,0,18230974,0
2021-06-26,300128,0,18531102,0
2021-06-27,228723,0,18759825,0
2021-06-28,306774,0,19066599,0
2021-06-29,328907,0,19395506,0
2021-06-30,341889,0,19737395,0
2021-07-01,362182,0,20099577,0
2021-07-02,368273,0,20467850,0
2021-07-03,371198,0,20839048,0
2021-07-04,283166,0,21122214,0
2021-07-05,384344,0,21506558,0
2021-07-06,384839,0,21891397,0
2021-07-07,411929,0,22303326,0
2021-07-08,479660,0,22782986,0
2021-07-09,498441,0,23281427,0
2021-07-10,475165,0,23756592,0
2021-07-11,357736,0,24114328,0
2021-07-12,485889,0,24600217,0
2021-07-13,492202,0,25092419,0
2021-07-14,480302,0,25572721,0
2021-07-15,523189,0,26095910,0
2021-07-16,509293,0,26605203,0
2021-07-17,464431,0,27069634,0
2021-07-18,364747,0,27434381,0
2021-07-19,463044,0,27897425,0
2021-07-20,457787,0,28355212,0
2021-07-21,462643,0,28817855,0
2021-07-22,475062,0,29292917,0
2021-07-23,441204,0,29734121,0
2021-07-24,386055,0,30120176,0
2021-07-25,287480,0,30407656,0
2021-07-26,430425,0,30838081,0
2021-07-27,440024,0,31278105,0
2021-07-28,390692,0,31668797,0
2021-07-29,371756,0,32040553,0
2021-07-30,340798,0,32381351,0
2021-07-31,286882,0,32668233,0
2021-08-01,190716,0,32858949,0
2021-08-02,333709,0,33192658,0
2021-08-03,322504,0,33515162,0
2021-08-04,310632,0,33825794,0
2021-08-05,291992,0,34117786,0
2021-08-06,259140,0,34376926,0
2021-08-07,198775,0,34575701,0
2021-08-08,153009,0,34728710,0
2021-08-09,233676,0,34962386,0
2021-08-10,204537,0,35166923,0
2021-08-11,193311,0,35360234,0
2021-08-12,167617,0,35527851,0
2021-08-13,148083,0,35675934,0
2021-08-14,65911,0,35741845,0
2021-08-15,26264,0,35768109,0
2021-08-16,114513,0,35882622,0
2021-08-17,128878,0,36011500,0
2021-08-18,128598,0,36140098,0
2021-08-19,124333,0,36264431,0
2021-08-20,123325,0,36387756,0
2021-08-21,82949,0,36470705,0
2021-08-22,68038,0,36538743,0
2021-08-23,176098,0,36714841,0
2021-08-24,156810,0,36871651,0
2021-08-25,176811,0,37048462,0
2021-08-26,172184,0,37220646,0
2021-08-27,185652,0,37406298,0
2021-08-28,139971,0,37546269,0
2021-08-29,98856,0,37645125,0
2021-08-30,209444,0,37854569,0
2021-08-31,194506,0,38049075,0
2021-09-01,191981,0,38241056,0
2021-09-02,189474,0,38430530,0
2021-09-03,190771,0,38621301,0
2021-09-04,131286,0,38752587,0
2021-09-05,87793,0,38840380,0
2021-09-06,193289,0,39033669,0
2021-09-07,195633,0,39229302,0
2021-09-08,187657,0,39416959,0
2021-09-09,201239,0,39618198,0
2021-09-10,197818,0,39816016,0
2021-09-11,141097,0,39957113,0
2021-09-12,89416,0,40046529,0
2021-09-13,190923,336,40237452,336
2021-09-14,177097,418,40414549,754
2021-09-15,162897,451,40577446,1205
2021-09-16,159560,784,40737006,1989
2021-09-17,149730,996,40886736,2985
2021-09-18,127743,652,41014479,3637
2021-09-19,80915,440,41095394,4077
2021-09-20,179704,8953,41275098,13030
2021-09-21,166172,8717,41441270,21747
2021-09-22,158478,9353,41599748,31100
2021-09-23,137536,9227,41737284,40327
2021-09-24,139734,8845,41877018,49172
2021-09-25,119214,5554,41996232,54726
2021-09-26,71711,4291,42067943,59017
2021-09-27,135132,9956,42203075,68973
2021-09-28,117062,11296,42320137,80269
2021-09-29,111862,11750,42431999,92019
2021-09-30,109777,14825,42541776,106844
2021-10-01,94559,19015,42636335,125859
2021-10-02,78138,13979,42714473,139838
2021-10-03,47476,7623,42761949,147461
2021-10-04,87924,34336,42849873,181797
2021-10-05,80022,33897,42929895,215694
2021-10-06,71673,34046,43001568,249740
2021-10-07,71412,34268,43072980,284008
2021-10-08,80275,33471,43153255,317479
2021-10-09,75730,22100,43228985,339579
2021-10-10,45579,13588,43274564,353167
2021-10-11,87010,40982,43361574,394149
2021-10-12,84086,46770,43445660,440919
2021-10-13,87775,51965,43533435,492884
2021-10-14,90861,58335,43624296,551219
2021-10-15,93084,55453,43717380,606672
2021-10-16,82567,36685,43799947,643357
2021-10-17,51185,23769,43851132,667126
2021-10-18,89979,59264,43941111,726390
2021-10-19,77992,69101,44019103,795491
2021-10-20,74825,77991,44093928,873482
2021-10-21,78015,81544,44171943,955026
2021-10-22,73502,76504,44245445,1031530
2021-10-23,60649,51833,44306094,1083363
2021-10-24,33268,23395,44339362,1106758
2021-10-25,64663,81458,44404025,1188216
2021-10-26,58183,91588,44462208,1279804
2021-10-27,58012,103568,44520220,1383372
2021-10-28,61252,113776,44581472,1497148
2021-10-29,61565,102850,44643037,1599998
2021-10-30,50520,67956,44693557,1667954
2021-10-31,25091,28227,44718648,1696181
2021-11-01,19001,28106,44737649,1724287
2021-11-02,62599,89171,44800248,1813458
2021-11-03,60441,118145,44860689,1931603
2021-11-04,58929,126203,44919618,2057806
2021-11-05,62926,134864,44982544,2192670
2021-11-06,46298,90768,45028842,2283438
2021-11-07,22184,37814,45051026,2321252
2021-11-08,51102,130691,45102128,2451943
2021-11-09,45156,143496,45147284,2595439
2021-11-10,42400,155570,45189684,2751009
2021-11-11,44678,154323,45234362,2905332
2021-11-12,46152,158203,45280514,3063535
2021-11-13,32973,116265,45313487,3179800
2021-11-14,14414,52366,45327901,3232166
2021-11-15,36605,156599,45364506,3388765
2021-11-16,30289,170716,45394795,3559481
2021-11-17,28214,178098,45423009,3737579
2021-11-18,30030,193290,45453039,3930869
2021-11-19,28550,205310,45481589,4136179
2021-11-20,20812,156032,45502401,4292211
2021-11-21,10497,64683,45512898,4356894
2021-11-22,21659,212535,45534557,4569429
2021-11-23,23253,240824,45557810,4810253
2021-11-24,27456,269942,45585266,5080195
2021-11-25,22753,300774,45608019,5380969
2021-11-26,24038,317068,45632057,5698037
2021-11-27,20970,265645,45653027,5963682
2021-11-28,9696,136771,45662723,6100453
2021-11-29,21686,325224,45684409,6425677
2021-11-30,22364,364403,45706773,6790080
2021-12-01,20786,412372,45727559,7202452
2021-12-02,22824,438735,45750383,7641187
2021-12-03,24177,465361,45774560,8106548
2021-12-04,21414,418044,45795974,8524592
2021-12-05,11224,261030,45807198,8785622
2021-12-06,24311,455902,45831509,9241524
2021-12-07,22601,478256,45854110,9719780
2021-12-08,9167,249381,45863277,9969161
2021-12-09,29740,490061,45893017,10459222
2021-12-10,26248,515731,45919265,10974953
2021-12-11,21948,458667,45941213,11433620
2021-12-12,11285,293102,45952498,11726722
2021-12-13,24290,465975,45976788,12192697
2021-12-14,23243,492702,46000031,12685399
2021-12-15,23457,515167,46023488,13200566
2021-12-16,25510,518396,46048998,13718962
2021-12-17,27208,514963,46076206,14233925
2021-12-18,24732,467895,46100938,14701820
2021-12-19,13423,300046,46114361,15001866
2021-12-20,28312,475499,46142673,15477365
2021-12-21,28064,491424,46170737,15968789
2021-12-22,26976,483082,46197713,16451871
2021-12-23,25722,425499,46223435,16877370
2021-12-24,12232,210259,46235667,17087629
2021-12-25,2022,32983,46237689,17120612
2021-12-26,7774,158894,46245463,17279506
2021-12-27,43428,503162,46288891,17782668
2021-12-28,38308,552442,46327199,18335110
2021-12-29,30146,548876,46357345,18883986
2021-12-30,27875,498041,46385220,19382027
2021-12-31,12272,246997,46397492,19629024
2022-01-01,3100,64670,46400592,19693694
2022-01-02,19553,276339,46420145,19970033
2022-01-03,42805,519221,46462950,20489254
2022-01-04,40916,570734,46503866,21059988
2022-01-05,35362,559380,46539228,21619368
2022-01-06,20438,273956,46559666,21893324
2022-01-07,58362,553412,46618028,22446736
2022-01-08,55239,502122,46673267,22948858
2022-01-09,38526,319049,46711793,23267907
2022-01-10,56696,539970,46768489,23807877
2022-01-11,57005,585440,46825494,24393317
2022-01-12,53635,577922,46879129,24971239
2022-01-13,54002,576568,46933131,25547807
2022-01-14,42415,584853,46975546,26132660
2022-01-15,33972,564122,47009518,26696782
2022-01-16,27701,338838,47037219,27035620
2022-01-17,51569,485869,47088788,27521489
2022-01-18,55128,511900,47143916,28033389
2022-01-19,53753,493902,47197669,28527291
2022-01-20,55198,475181,47252867,29002472