data_somministrazione,vaccinazioni,booster,cum_vaccinazioni,cum_booster
2020-12-27,18,0,18,0
2020-12-28,2,0,20,0
2020-12-29,1,0,21,0
2020-12-30,6,0,27,0
2020-12-31,53,0,80,0
2021-01-01,20,0,100,0
2021-01-02,88,0,188,0
2021-01-03,69,0,257,0
2021-01-04,184,0,441,0
2021-01-05,226,0,667,0
2021-01-06,177,0,844,0
2021-01-07,265,0,1109,0
2021-01-08,313,0,1422,0
2021-01-09,234,0,1656,0
2021-01-10,138,0,1794,0
2021-01-11,257,0,2051,0
2021-01-12,259,0,2310,0
2021-01-13,371,0,2681,0
2021-01-14,460,0,3141,0
2021-01-15,283,0,3424,0
2021-01-16,198,0,3622,0
2021-01-17,3055,0,6677,0
2021-01-18,5206,0,11883,0
2021-01-19,1890,0,13773,0
2021-01-20,4651,0,18424,0
2021-01-21,20008,0,38432,0
2021-01-22,14201,0,52633,0
2021-01-23,33341,0,85974,0
2021-01-24,30794,0,116768,0
2021-01-25,64743,0,181511,0
2021-01-26,76508,0,258019,0
2021-01-27,64853,0,322872,0
2021-01-28,89313,0,412185,0
2021-01-29,94045,0,506230,0
2021-01-30,86584,0,592814,0
2021-01-31,57345,0,650159,0
2021-02-01,81881,0,732040,0
2021-02-02,82149,0,814189,0
2021-02-03,91200,0,905389,0
2021-02-04,95405,0,1000794,0
2021-02-05,90291,0,1091085,0
2021-02-06,63451,0,1154536,0
2021-02-07,32925,0,1187461,0
2021-02-08,40432,0,1227893,0
2021-02-09,32864,0,1260757,0
2021-02-10,28413,0,1289170,0
2021-02-11,20380,0,1309550,0
2021-02-12,16219,0,1325769,0
2021-02-13,7243,0,1333012,0
2021-02-14,2861,0,1335873,0
2021-02-15,6835,0,1342708,0
2021-02-16,6990,0,1349698,0
2021-02-17,10516,0,1360214,0
2021-02-18,9241,0,1369455,0
2021-02-19,8231,0,1377686,0
2021-02-20,5532,0,1383218,0
2021-02-21,2976,0,1386194,0
2021-02-22,6876,0,1393070,0
2021-02-23,7154,0,1400224,0
2021-02-24,9822,0,1410046,0
2021-02-25,14199,0,1424245,0
2021-02-26,17545,0,1441790,0
2021-02-27,13894,0,1455684,0
2021-02-28,9384,0,1465068,0
2021-03-01,26505,0,1491573,0
2021-03-02,33231,0,1524804,0
2021-03-03,44642,0,1569446,0
2021-03-04,50287,0,1619733,0
2021-03-05,55734,0,1675467,0
2021-03-06,41870,0,1717337,0
2021-03-07,22319,0,1739656,0
2021-03-08,50786,0,1790442,0
2021-03-09,53055,0,1843497,0
2021-03-10,58619,0,1902116,0
2021-03-11,63822,0,1965938,0
2021-03-12,65086,0,2031024,0
2021-03-13,51696,0,2082720,0
2021-03-14,35382,0,2118102,0
2021-03-15,73420,0,2191522,0
2021-03-16,74021,0,2265543,0
2021-03-17,83128,0,2348671,0
2021-03-18,81617,0,2430288,0
2021-03-19,81079,0,2511367,0
2021-03-20,64700,0,2576067,0
2021-03-21,47284,0,2623351,0
2021-03-22,69467,0,2692818,0
2021-03-23,75774,0,2768592,0
2021-03-24,90873,0,2859465,0
2021-03-25,89776,0,2949241,0
2021-03-26,83590,0,3032831,0
2021-03-27,71902,0,3104733,0
2021-03-28,44112,0,3148845,0
2021-03-29,70795,0,3219640,0
2021-03-30,81345,0,3300985,0
2021-03-31,96199,0,3397184,0
2021-04-01,95285,0,3492469,0
2021-04-02,84060,0,3576529,0
2021-04-03,64294,0,3640823,0
2021-04-04,21715,0,3662538,0
2021-04-05,40294,0,3702832,0
2021-04-06,81290,0,3784122,0
2021-04-07,95790,0,3879912,0
2021-04-08,95218,0,3975130,0
2021-04-09,88467,0,4063597,0
2021-04-10,74018,0,4137615,0
2021-04-11,44743,0,4182358,0
2021-04-12,66900,0,4249258,0
2021-04-13,72551,0,4321809,0
2021-04-14,85513,0,4407322,0
2021-04-15,105395,0,4512717,0
2021-04-16,106401,0,4619118,0
2021-04-17,90476,0,4709594,0
2021-04-18,58580,0,4768174,0
2021-04-19,93426,0,4861600,0
2021-04-20,103753,0,4965353,0
2021-04-21,125318,0,5090671,0
2021-04-22,143499,0,5234170,0
2021-04-23,138705,0,5372875,0
2021-04-24,124427,0,5497302,0
2021-04-25,61448,0,5558750,0
2021-04-26,97869,0,5656619,0
2021-04-27,128343,0,5784962,0
2021-04-28,156344,0,5941306,0
2021-04-29,195564,0,6136870,0
2021-04-30,214546,0,6351416,0
2021-05-01,174083,0,6525499,0
2021-05-02,135786,0,6661285,0
2021-05-03,141990,0,6803275,0
2021-05-04,158675,0,6961950,0
2021-05-05,170458,0,7132408,0
2021-05-06,197780,0,7330188,0
2021-05-07,213796,0,7543984,0
2021-05-08,213367,0,7757351,0
2021-05-09,143189,0,7900540,0
2021-05-10,165066,0,8065606,0
2021-05-11,174941,0,8240547,0
2021-05-12,179125,0,8419672,0
2021-05-13,203342,0,8623014,0
2021-05-14,222880,0,8845894,0
2021-05-15,210319,0,9056213,0
2021-05-16,159250,0,9215463,0
2021-05-17,219166,0,9434629,0
2021-05-18,212989,0,9647618,0
2021-05-19,207048,0,9854666,0
2021-05-20,270831,0,10125497,0
2021-05-21,270844,0,10396341,0
2021-05-22,245505,0,10641846,0
2021-05-23,197167,0,10839013,0
2021-05-24,228279,0,11067292,0
2021-05-25,245670,0,11312962,0
2021-05-26,277468,0,11590430,0
2021-05-27,311064,0,11901494,0
2021-05-28,299542,0,12201036,0
2021-05-29,231183,0,12432219,0
2021-05-30,170807,0,12603026,0
2021-05-31,216387,0,12819413,0
2021-06-01,207619,0,13027032,0
2021-06-02,115754,0,13142786,0
2021-06-03,180077,0,13322863,0
2021-06-04,184822,0,13507685,0
2021-06-05,185897,0,13693582,0
2021-06-06,139486,0,13833068,0
2021-06-07,161798,0,13994866,0
2021-06-08,171126,0,14165992,0
2021-06-09,171388,0,14337380,0
2021-06-10,173989,0,14511369,0
2021-06-11,169902,0,14681271,0
2021-06-12,128275,0,14809546,0
2021-06-13,91113,0,14900659,0
2021-06-14,214616,0,15115275,0
2021-06-15,228349,0,15343624,0
2021-06-16,253011,0,15596635,0
2021-06-17,301673,0,15898308,0
2021-06-18,306230,0,16204538,0
2021-06-19,275026,0,16479564,0
2021-06-20,220695,0,16700259,0
2021-06-21,288011,0,16988270,0
2021-06-22,296161,0,17284431,0
2021-06-23,302650,0,17587081,0
2021-06-24,332528,0,17919609,0
2021-06-25,348677,0,18268286,0
2021-06-26,300074,0,18568360,0
2021-06-27,228593,0,18796953,0
2021-06-28,307012,0,19103965,0
2021-06-29,329201,0,19433166,0
2021-06-30,342072,0,19775238,0
2021-07-01,363132,0,20138370,0
2021-07-02,368415,0,20506785,0
2021-07-03,371054,0,20877839,0
2021-07-04,283180,0,21161019,0
2021-07-05,384494,0,21545513,0
2021-07-06,385420,0,21930933,0
2021-07-07,412045,0,22342978,0
2021-07-08,479630,0,22822608,0
2021-07-09,498506,0,23321114,0
2021-07-10,475179,0,23796293,0
2021-07-11,357703,0,24153996,0
2021-07-12,485920,0,24639916,0
2021-07-13,492155,0,25132071,0
2021-07-14,480484,0,25612555,0
2021-07-15,523519,0,26136074,0
2021-07-16,509792,0,26645866,0
2021-07-17,464377,0,27110243,0
2021-07-18,364703,0,27474946,0
2021-07-19,463084,0,27938030,0
2021-07-20,458098,0,28396128,0
2021-07-21,462819,0,28858947,0
2021-07-22,475395,0,29334342,0
2021-07-23,441308,0,29775650,0
2021-07-24,386188,0,30161838,0
2021-07-25,287610,0,30449448,0
2021-07-26,430905,0,30880353,0
2021-07-27,440131,0,31320484,0
2021-07-28,391024,0,31711508,0
2021-07-29,372082,0,32083590,0
2021-07-30,341484,0,32425074,0
2021-07-31,286997,0,32712071,0
2021-08-01,191016,0,32903087,0
2021-08-02,333725,0,33236812,0
2021-08-03,323180,0,33559992,0
2021-08-04,310965,0,33870957,0
2021-08-05,292514,0,34163471,0
2021-08-06,259989,0,34423460,0
2021-08-07,199034,0,34622494,0
2021-08-08,153102,0,34775596,0
2021-08-09,234069,0,35009665,0
2021-08-10,205239,0,35214904,0
2021-08-11,193737,0,35408641,0
2021-08-12,167950,0,35576591,0
2021-08-13,148577,0,35725168,0
2021-08-14,66081,0,35791249,0
2021-08-15,26329,0,35817578,0
2021-08-16,114664,0,35932242,0
2021-08-17,129232,0,36061474,0
2021-08-18,128722,0,36190196,0
2021-08-19,124774,0,36314970,0
2021-08-20,123776,0,36438746,0
2021-08-21,83103,0,36521849,0
2021-08-22,68158,0,36590007,0
2021-08-23,176868,0,36766875,0
2021-08-24,156896,0,36923771,0
2021-08-25,177162,0,37100933,0
2021-08-26,172346,0,37273279,0
2021-08-27,185857,0,37459136,0
2021-08-28,140264,0,37599400,0
2021-08-29,99008,0,37698408,0
2021-08-30,209634,0,37908042,0
2021-08-31,194624,0,38102666,0
2021-09-01,192212,0,38294878,0
2021-09-02,189938,0,38484816,0
2021-09-03,191355,0,38676171,0
2021-09-04,131491,0,38807662,0
2021-09-05,87876,0,38895538,0
2021-09-06,193665,0,39089203,0
2021-09-07,196073,0,39285276,0
2021-09-08,187916,0,39473192,0
2021-09-09,201480,0,39674672,0
2021-09-10,198120,0,39872792,0
2021-09-11,141333,0,40014125,0
2021-09-12,89606,0,40103731,0
2021-09-13,191189,520,40294920,520
2021-09-14,177277,552,40472197,1072
2021-09-15,163130,559,40635327,1631
2021-09-16,160101,901,40795428,2532
2021-09-17,150169,1095,40945597,3627
2021-09-18,127975,717,41073572,4344
2021-09-19,81133,479,41154705,4823
2021-09-20,180082,9051,41334787,13874
2021-09-21,166616,8817,41501403,22691
2021-09-22,159067,9417,41660470,32108
2021-09-23,138069,9308,41798539,41416
2021-09-24,140529,8942,41939068,50358
2021-09-25,119533,5624,42058601,55982
2021-09-26,71946,4333,42130547,60315
2021-09-27,135623,10032,42266170,70347
2021-09-28,117473,11370,42383643,81717
2021-09-29,112310,11820,42495953,93537
2021-09-30,110213,14929,42606166,108466
2021-10-01,94964,19097,42701130,127563
2021-10-02,78459,14010,42779589,141573
2021-10-03,47713,7651,42827302,149224
2021-10-04,88367,34436,42915669,183660
2021-10-05,80351,33962,42996020,217622
2021-10-06,71968,34149,43067988,251771
2021-10-07,71838,34334,43139826,286105
2021-10-08,80613,33581,43220439,319686
2021-10-09,76093,22159,43296532,341845
2021-10-10,45768,13609,43342300,355454
2021-10-11,87395,41093,43429695,396547
2021-10-12,84480,46885,43514175,443432
2021-10-13,88179,52097,43602354,495529
2021-10-14,91516,58488,43693870,554017
2021-10-15,93580,55605,43787450,609622
2021-10-16,82948,36770,43870398,646392
2021-10-17,51455,23820,43921853,670212
2021-10-18,90286,59467,44012139,729679
2021-10-19,78334,69363,44090473,799042
2021-10-20,75074,78141,44165547,877183
2021-10-21,78304,81736,44243851,958919
2021-10-22,73795,77005,44317646,1035924
2021-10-23,60813,51945,44378459,1087869
2021-10-24,33381,23440,44411840,1111309
2021-10-25,64902,81614,44476742,1192923
2021-10-26,58369,91767,44535111,1284690
2021-10-27,58328,103953,44593439,1388643
2021-10-28,61465,114093,44654904,1502736
2021-10-29,61666,103093,44716570,1605829
2021-10-30,50673,68106,44767243,1673935
2021-10-31,25168,28280,44792411,1702215
2021-11-01,19048,28145,44811459,1730360
2021-11-02,62775,89356,44874234,1819716
2021-11-03,60732,118652,44934966,1938368
2021-11-04,59245,126644,44994211,2065012
2021-11-05,63097,135159,45057308,2200171
2021-11-06,46470,90920,45103778,2291091
2021-11-07,22253,37891,45126031,2328982
2021-11-08,51527,131247,45177558,2460229
2021-11-09,45404,144182,45222962,2604411
2021-11-10,42576,156337,45265538,2760748
2021-11-11,44933,155126,45310471,2915874
2021-11-12,46371,158556,45356842,3074430
2021-11-13,33254,116639,45390096,3191069
2021-11-14,14476,52445,45404572,3243514
2021-11-15,36895,157411,45441467,3400925
2021-11-16,30542,171366,45472009,3572291
2021-11-17,28440,178426,45500449,3750717
2021-11-18,30275,193704,45530724,3944421
2021-11-19,28788,205838,45559512,4150259
2021-11-20,20986,156431,45580498,4306690
2021-11-21,10603,64853,45591101,4371543
2021-11-22,21922,213136,45613023,4584679
2021-11-23,23554,241735,45636577,4826414
2021-11-24,27821,270933,45664398,5097347
2021-11-25,23219,301891,45687617,5399238
2021-11-26,24558,318255,45712175,5717493
2021-11-27,21363,266144,45733538,5983637
2021-11-28,9888,137052,45743426,6120689
2021-11-29,22306,326053,45765732,6446742
2021-11-30,23065,365810,45788797,6812552
2021-12-01,21502,413487,45810299,7226039
2021-12-02,23737,440380,45834036,7666419
2021-12-03,25208,467440,45859244,8133859
2021-12-04,22330,418718,45881574,8552577
2021-12-05,11902,261328,45893476,8813905
2021-12-06,25790,457553,45919266,9271458
2021-12-07,24094,480237,45943360,9751695
2021-12-08,9983,249674,45953343,10001369
2021-12-09,31539,491904,45984882,10493273
2021-12-10,28026,517850,46012908,11011123
2021-12-11,23532,459235,46036440,11470358
2021-12-12,12285,293488,46048725,11763846
2021-12-13,26117,467611,46074842,12231457
2021-12-14,25139,494179,46099981,12725636
2021-12-15,25291,517120,46125272,13242756
2021-12-16,27841,520227,46153113,13762983
2021-12-17,29308,517146,46182421,14280129
2021-12-18,26996,468704,46209417,14748833
2021-12-19,15118,300508,46224535,15049341
2021-12-20,30585,477456,46255120,15526797
2021-12-21,30318,493363,46285438,16020160
2021-12-22,29397,484688,46314835,16504848
2021-12-23,28184,426885,46343019,16931733
2021-12-24,13098,210815,46356117,17142548
2021-12-25,2101,33052,46358218,17175600
2021-12-26,8744,159061,46366962,17334661
2021-12-27,46714,504638,46413676,17839299
2021-12-28,42388,554183,46456064,18393482
2021-12-29,34247,550629,46490311,18944111
2021-12-30,31755,499803,46522066,19443914
2021-12-31,14080,247388,46536146,19691302
2022-01-01,3488,64811,46539634,19756113
2022-01-02,22701,276715,46562335,20032828
2022-01-03,47707,520001,46610042,20552829
2022-01-04,46212,572062,46656254,21124891
2022-01-05,40608,560371,46696862,21685262
2022-01-06,23401,274477,46720263,21959739
2022-01-07,63523,554170,46783786,22513909
2022-01-08,60672,503365,46844458,23017274
2022-01-09,42689,319680,46887147,23336954
2022-01-10,60920,542263,46948067,23879217
2022-01-11,61533,586971,47009600,24466188
2022-01-12,58270,581265,47067870,25047453
2022-01-13,58415,580361,47126285,25627814
2022-01-14,46597,588547,47172882,26216361
2022-01-15,39134,569925,47212016,26786286
2022-01-16,31050,341847,47243066,27128133
2022-01-17,54629,489641,47297695,27617774
2022-01-18,58246,517000,47355941,28134774
2022-01-19,57067,502769,47413008,28637543
2022-01-20,54205,498798,47467213,29136341
2022-01-21,41919,493852,47509132,29630193
2022-01-22,31018,469583,47540150,30099776
2022-01-23,34823,275358,47574973,30375134
2022-01-24,56085,437201,47631058,30812335
2022-01-25,61446,452077,47692504,31264412
2022-01-26,58440,435804,47750944,31700216
2022-01-27,48754,432347,47799698,32132563
2022-01-28,58562,436517,47858260,32569080
2022-01-29,68000,412468,47926260,32981548
2022-01-30,50298,235959,47976558,33217507
2022-01-31,60489,356914,48037047,33574421
2022-02-01,65438,328419,48102485,33902840
2022-02-02,63093,296947,48165578,34199787
2022-02-03,59969,274504,48225547,34474291
2022-02-04,72282,268433,48297829,34742724
2022-02-05,83671,248517,48381500,34991241
2022-02-06,55226,116190,48436726,35107431
2022-02-07,65077,199925,48501803,35307356
2022-02-08,66868,186097,48568671,35493453
2022-02-09,58693,166327,48627364,35659780
2022-02-10,58489,163227,48685853,35823007
2022-02-11,62170,162446,48748023,35985453
2022-02-12,71914,152132,48819937,36137585
2022-02-13,41444,68848,48861381,36206433
2022-02-14,46634,116180,48908015,36322613
2022-02-15,48475,123477,48956490,36446090
2022-02-16,45633,106106,49002123,36552196
2022-02-17,42832,98094,49044955,36650290
2022-02-18,46574,112563,49091529,36762853
2022-02-19,52498,100324,49144027,36863177
2022-02-20,31404,40358,49175431,36903535
2022-02-21,37873,89637,49213304,36993172
2022-02-22,37183,83762,49250487,37076934
2022-02-23,33363,79400,49283850,37156334
2022-02-24,32536,78157,49316386,37234491
2022-02-25,34734,90700,49351120,37325191
2022-02-26,39132,89131,49390252,37414322
2022-02-27,22535,35855,49412787,37450177
2022-02-28,28453,81689,49441240,37531866
2022-03-01,22680,53932,49463920,37585798
2022-03-02,21976,50624,49485896,37636422
2022-03-03,22584,54938,49508480,37691360
2022-03-04,23200,62787,49531680,37754147
2022-03-05,23765,57949,49555445,37812096
2022-03-06,9468,17199,49564913,37829295
2022-03-07,15886,51387,49580799,37880682
2022-03-08,15435,48796,49596234,37929478
2022-03-09,13788,46511,49610022,37975989
2022-03-10,14016,52115,49624038,38028104
2022-03-11,15549,57245,49639587,38085349
2022-03-12,15478,56611,49655065,38141960
2022-03-13,5540,16848,49660605,38158808
2022-03-14,10513,46689,49671118,38205497
2022-03-15,10523,46892,49681641,38252389
2022-03-16,9463,41975,49691104,38294364
2022-03-17,9691,44874,49700795,38339238
2022-03-18,10144,49045,49710939,38388283
2022-03-19,9137,46531,49720076,38434814
2022-03-20,2603,11699,49722679,38446513
2022-03-21,7565,40217,49730244,38486730
2022-03-22,8430,37744,49738674,38524474
2022-03-23,7200,33695,49745874,38558169
2022-03-24,8239,38793,49754113,38596962
2022-03-25,8111,43660,49762224,38640622
2022-03-26,8117,41717,49770341,38682339
2022-03-27,2425,9683,49772766,38692022
2022-03-28,6093,35227,49778859,38727249
2022-03-29,5772,32522,49784631,38759771
2022-03-30,5550,30193,49790181,38789964
2022-03-31,5875,33164,49796056,38823128
2022-04-01,4339,25178,49800395,38848306
2022-04-02,4485,23270,49804880,38871576
2022-04-03,1045,4499,49805925,38876075
2022-04-04,3648,21532,49809573,38897607
2022-04-05,3743,22921,49813316,38920528
2022-04-06,4093,21836,49817409,38942364
2022-04-07,3948,23318,49821357,38965682
2022-04-08,4681,26707,49826038,38992389
2022-04-09,4373,23883,49830411,39016272
2022-04-10,892,4614,49831303,39020886
2022-04-11,3798,22681,49835101,39043567
2022-04-12,3350,21774,49838451,39065341
2022-04-13,3553,21333,49842004,39086674
2022-04-14,3476,23772,49845480,39110446
2022-04-15,3076,20613,49848556,39131059
2022-04-16,2145,11920,49850701,39142979
2022-04-17,63,348,49850764,39143327
2022-04-18,148,650,49850912,39143977
2022-04-19,3480,21976,49854392,39165953
2022-04-20,3491,20249,49857883,39186202
2022-04-21,2834,19774,49860717,39205976
2022-04-22,2912,20693,49863629,39226669
2022-04-23,2634,16204,49866263,39242873
2022-04-24,509,2335,49866772,39245208
2022-04-25,183,1165,49866955,39246373
2022-04-26,2756,17790,49869711,39264163
2022-04-27,2362,15777,49872073,39279940
2022-04-28,2345,15533,49874418,39295473
2022-04-29,2287,14831,49876705,39310304
2022-04-30,2116,11577,49878821,39321881
2022-05-01,113,530,49878934,39322411
2022-05-02,1443,9380,49880377,39331791
2022-05-03,1568,10307,49881945,39342098
2022-05-04,1744,10254,49883689,39352352
2022-05-05,1647,10273,49885336,39362625
2022-05-06,1693,10943,49887029,39373568
2022-05-07,1431,8561,49888460,39382129
2022-05-08,404,1514,49888864,39383643
2022-05-09,1023,8914,49889887,39392557
2022-05-10,1418,9536,49891305,39402093
2022-05-11,1476,10087,49892781,39412180
2022-05-12,1362,10117,49894143,39422297
2022-05-13,1587,10505,49895730,39432802
2022-05-14,1355,8226,49897085,39441028
2022-05-15,336,1129,49897421,39442157
2022-05-16,809,8388,49898230,39450545
2022-05-17,1239,8665,49899469,39459210
2022-05-18,1368,9208,49900837,39468418
2022-05-19,1496,9265,49902333,39477683
2022-05-20,1419,9488,49903752,39487171
2022-05-21,1299,7891,49905051,39495062
2022-05-22,232,1011,49905283,39496073
2022-05-23,824,8259,49906107,39504332
2022-05-24,1069,8663,49907176,39512995
2022-05-25,1363,9443,49908539,39522438
2022-05-26,1192,9452,49909731,39531890
2022-05-27,1223,9908,49910954,39541798
2022-05-28,1201,7873,49912155,39549671
2022-05-29,285,1263,49912440,39550934
2022-05-30,926,8023,49913366,39558957
2022-05-31,1032,8529,49914398,39567486
2022-06-01,890,7642,49915288,39575128
2022-06-02,34,474,49915322,39575602
2022-06-03,811,7327,49916133,39582929
2022-06-04,869,5155,49917002,39588084
2022-06-05,89,586,49917091,39588670
2022-06-06,670,6963,49917761,39595633
2022-06-07,928,7841,49918689,39603474
2022-06-08,977,7896,49919666,39611370
2022-06-09,1031,8398,49920697,39619768
2022-06-10,949,8534,49921646,39628302
2022-06-11,897,6208,49922543,39634510
2022-06-12,140,767,49922683,39635277
2022-06-13,601,6292,49923284,39641569
2022-06-14,824,7869,49924108,39649438
2022-06-15,949,7842,49925057,39657280
2022-06-16,726,7382,49925783,39664662
2022-06-17,715,7232,49926498,39671894
2022-06-18,775,5587,49927273,39677481
2022-06-19,47,522,49927320,39678003
2022-06-20,587,6694,49927907,39684697
2022-06-21,730,7636,49928637,39692333
2022-06-22,775,7299,49929412,39699632
2022-06-23,646,7454,49930058,39707086
2022-06-24,638,7454,49930696,39714540
2022-06-25,835,6531,49931531,39721071
2022-06-26,128,523,49931659,39721594
2022-06-27,528,7110,49932187,39728704
2022-06-28,741,8188,49932928,39736892
2022-06-29,754,7710,49933682,39744602
2022-06-30,740,8128,49934422,39752730
2022-07-01,576,6434,49934998,39759164
2022-07-02,535,4763,49935533,39763927
2022-07-03,49,456,49935582,39764383
2022-07-04,468,6258,49936050,39770641
2022-07-05,617,8104,49936667,39778745
2022-07-06,622,7576,49937289,39786321
2022-07-07,561,8244,49937850,39794565
2022-07-08,667,8065,49938517,39802630
2022-07-09,548,6101,49939065,39808731
2022-07-10,58,533,49939123,39809264
2022-07-11,473,7623,49939596,39816887
2022-07-12,648,8962,49940244,39825849
2022-07-13,624,10053,49940868,39835902
2022-07-14,618,10172,49941486,39846074
2022-07-15,616,10611,49942102,39856685
2022-07-16,511,7191,49942613,39863876
2022-07-17,48,767,49942661,39864643
2022-07-18,493,9324,49943154,39873967
2022-07-19,557,10604,49943711,39884571
2022-07-20,556,11196,49944267,39895767
2022-07-21,613,11945,49944880,39907712
2022-07-22,558,11151,49945438,39918863
2022-07-23,373,6691,49945811,39925554
2022-07-24,75,833,49945886,39926387
2022-07-25,488,8993,49946374,39935380
2022-07-26,513,9655,49946887,39945035
2022-07-27,521,9973,49947408,39955008
2022-07-28,514,10277,49947922,39965285
2022-07-29,484,9139,49948406,39974424
2022-07-30,373,5713,49948779,39980137
2022-07-31,50,732,49948829,39980869
2022-08-01,299,3890,49949128,39984759