data_somministrazione,vaccinazioni,booster,cum_vaccinazioni,cum_booster
2020-12-27,18,0,18,0
2020-12-28,2,0,20,0
2020-12-29,1,0,21,0
2020-12-30,6,0,27,0
2020-12-31,53,0,80,0
2021-01-01,20,0,100,0
2021-01-02,88,0,188,0
2021-01-03,69,0,257,0
2021-01-04,184,0,441,0
2021-01-05,226,0,667,0
2021-01-06,177,0,844,0
2021-01-07,265,0,1109,0
2021-01-08,313,0,1422,0
2021-01-09,234,0,1656,0
2021-01-10,138,0,1794,0
2021-01-11,255,0,2049,0
2021-01-12,259,0,2308,0
2021-01-13,371,0,2679,0
2021-01-14,460,0,3139,0
2021-01-15,283,0,3422,0
2021-01-16,198,0,3620,0
2021-01-17,3055,0,6675,0
2021-01-18,5206,0,11881,0
2021-01-19,1890,0,13771,0
2021-01-20,4651,0,18422,0
2021-01-21,20008,0,38430,0
2021-01-22,14201,0,52631,0
2021-01-23,33341,0,85972,0
2021-01-24,30794,0,116766,0
2021-01-25,64743,0,181509,0
2021-01-26,76508,0,258017,0
2021-01-27,64853,0,322870,0
2021-01-28,89313,0,412183,0
2021-01-29,94045,0,506228,0
2021-01-30,86584,0,592812,0
2021-01-31,57345,0,650157,0
2021-02-01,81880,0,732037,0
2021-02-02,82149,0,814186,0
2021-02-03,91200,0,905386,0
2021-02-04,95405,0,1000791,0
2021-02-05,90291,0,1091082,0
2021-02-06,63451,0,1154533,0
2021-02-07,32925,0,1187458,0
2021-02-08,40432,0,1227890,0
2021-02-09,32863,0,1260753,0
2021-02-10,28413,0,1289166,0
2021-02-11,20380,0,1309546,0
2021-02-12,16219,0,1325765,0
2021-02-13,7243,0,1333008,0
2021-02-14,2861,0,1335869,0
2021-02-15,6835,0,1342704,0
2021-02-16,6990,0,1349694,0
2021-02-17,10516,0,1360210,0
2021-02-18,9241,0,1369451,0
2021-02-19,8231,0,1377682,0
2021-02-20,5532,0,1383214,0
2021-02-21,2976,0,1386190,0
2021-02-22,6876,0,1393066,0
2021-02-23,7154,0,1400220,0
2021-02-24,9822,0,1410042,0
2021-02-25,14199,0,1424241,0
2021-02-26,17544,0,1441785,0
2021-02-27,13894,0,1455679,0
2021-02-28,9383,0,1465062,0
2021-03-01,26505,0,1491567,0
2021-03-02,33230,0,1524797,0
2021-03-03,44642,0,1569439,0
2021-03-04,50287,0,1619726,0
2021-03-05,55734,0,1675460,0
2021-03-06,41869,0,1717329,0
2021-03-07,22319,0,1739648,0
2021-03-08,50786,0,1790434,0
2021-03-09,53055,0,1843489,0
2021-03-10,58619,0,1902108,0
2021-03-11,63821,0,1965929,0
2021-03-12,65085,0,2031014,0
2021-03-13,51695,0,2082709,0
2021-03-14,35382,0,2118091,0
2021-03-15,73420,0,2191511,0
2021-03-16,74021,0,2265532,0
2021-03-17,83127,0,2348659,0
2021-03-18,81617,0,2430276,0
2021-03-19,81079,0,2511355,0
2021-03-20,64700,0,2576055,0
2021-03-21,47284,0,2623339,0
2021-03-22,69467,0,2692806,0
2021-03-23,75774,0,2768580,0
2021-03-24,90873,0,2859453,0
2021-03-25,89775,0,2949228,0
2021-03-26,83590,0,3032818,0
2021-03-27,71902,0,3104720,0
2021-03-28,44112,0,3148832,0
2021-03-29,70795,0,3219627,0
2021-03-30,81345,0,3300972,0
2021-03-31,96199,0,3397171,0
2021-04-01,95284,0,3492455,0
2021-04-02,84060,0,3576515,0
2021-04-03,64291,0,3640806,0
2021-04-04,21715,0,3662521,0
2021-04-05,40294,0,3702815,0
2021-04-06,81290,0,3784105,0
2021-04-07,95789,0,3879894,0
2021-04-08,95218,0,3975112,0
2021-04-09,88467,0,4063579,0
2021-04-10,74017,0,4137596,0
2021-04-11,44742,0,4182338,0
2021-04-12,66900,0,4249238,0
2021-04-13,72551,0,4321789,0
2021-04-14,85513,0,4407302,0
2021-04-15,105393,0,4512695,0
2021-04-16,106400,0,4619095,0
2021-04-17,90475,0,4709570,0
2021-04-18,58580,0,4768150,0
2021-04-19,93426,0,4861576,0
2021-04-20,103753,0,4965329,0
2021-04-21,125317,0,5090646,0
2021-04-22,143499,0,5234145,0
2021-04-23,138703,0,5372848,0
2021-04-24,124427,0,5497275,0
2021-04-25,61446,0,5558721,0
2021-04-26,97869,0,5656590,0
2021-04-27,128341,0,5784931,0
2021-04-28,156344,0,5941275,0
2021-04-29,195562,0,6136837,0
2021-04-30,214543,0,6351380,0
2021-05-01,174082,0,6525462,0
2021-05-02,135784,0,6661246,0
2021-05-03,141990,0,6803236,0
2021-05-04,158675,0,6961911,0
2021-05-05,170458,0,7132369,0
2021-05-06,197779,0,7330148,0
2021-05-07,213794,0,7543942,0
2021-05-08,213365,0,7757307,0
2021-05-09,143188,0,7900495,0
2021-05-10,165065,0,8065560,0
2021-05-11,174938,0,8240498,0
2021-05-12,179125,0,8419623,0
2021-05-13,203339,0,8622962,0
2021-05-14,222877,0,8845839,0
2021-05-15,210317,0,9056156,0
2021-05-16,159250,0,9215406,0
2021-05-17,219166,0,9434572,0
2021-05-18,212988,0,9647560,0
2021-05-19,207047,0,9854607,0
2021-05-20,270830,0,10125437,0
2021-05-21,270844,0,10396281,0
2021-05-22,245503,0,10641784,0
2021-05-23,197165,0,10838949,0
2021-05-24,228276,0,11067225,0
2021-05-25,245666,0,11312891,0
2021-05-26,277466,0,11590357,0
2021-05-27,311062,0,11901419,0
2021-05-28,299540,0,12200959,0
2021-05-29,231183,0,12432142,0
2021-05-30,170806,0,12602948,0
2021-05-31,216387,0,12819335,0
2021-06-01,207618,0,13026953,0
2021-06-02,115753,0,13142706,0
2021-06-03,180072,0,13322778,0
2021-06-04,184820,0,13507598,0
2021-06-05,185895,0,13693493,0
2021-06-06,139484,0,13832977,0
2021-06-07,161796,0,13994773,0
2021-06-08,171125,0,14165898,0
2021-06-09,171388,0,14337286,0
2021-06-10,173987,0,14511273,0
2021-06-11,169900,0,14681173,0
2021-06-12,128275,0,14809448,0
2021-06-13,91113,0,14900561,0
2021-06-14,214616,0,15115177,0
2021-06-15,228348,0,15343525,0
2021-06-16,253009,0,15596534,0
2021-06-17,301672,0,15898206,0
2021-06-18,306228,0,16204434,0
2021-06-19,275026,0,16479460,0
2021-06-20,220694,0,16700154,0
2021-06-21,288010,0,16988164,0
2021-06-22,296160,0,17284324,0
2021-06-23,302650,0,17586974,0
2021-06-24,332527,0,17919501,0
2021-06-25,348677,0,18268178,0
2021-06-26,300073,0,18568251,0
2021-06-27,228593,0,18796844,0
2021-06-28,307011,0,19103855,0
2021-06-29,329201,0,19433056,0
2021-06-30,342072,0,19775128,0
2021-07-01,363131,0,20138259,0
2021-07-02,368414,0,20506673,0
2021-07-03,371054,0,20877727,0
2021-07-04,283180,0,21160907,0
2021-07-05,384494,0,21545401,0
2021-07-06,385419,0,21930820,0
2021-07-07,412045,0,22342865,0
2021-07-08,479630,0,22822495,0
2021-07-09,498505,0,23321000,0
2021-07-10,475179,0,23796179,0
2021-07-11,357702,0,24153881,0
2021-07-12,485918,0,24639799,0
2021-07-13,492153,0,25131952,0
2021-07-14,480484,0,25612436,0
2021-07-15,523519,0,26135955,0
2021-07-16,509790,0,26645745,0
2021-07-17,464377,0,27110122,0
2021-07-18,364701,0,27474823,0
2021-07-19,463083,0,27937906,0
2021-07-20,458098,0,28396004,0
2021-07-21,462819,0,28858823,0
2021-07-22,475394,0,29334217,0
2021-07-23,441307,0,29775524,0
2021-07-24,386188,0,30161712,0
2021-07-25,287611,0,30449323,0
2021-07-26,430906,0,30880229,0
2021-07-27,440129,0,31320358,0
2021-07-28,391025,0,31711383,0
2021-07-29,372081,0,32083464,0
2021-07-30,341484,0,32424948,0
2021-07-31,286995,0,32711943,0
2021-08-01,191016,0,32902959,0
2021-08-02,333723,0,33236682,0
2021-08-03,323179,0,33559861,0
2021-08-04,310964,0,33870825,0
2021-08-05,292513,0,34163338,0
2021-08-06,259990,0,34423328,0
2021-08-07,199032,0,34622360,0
2021-08-08,153102,0,34775462,0
2021-08-09,234066,0,35009528,0
2021-08-10,205237,0,35214765,0
2021-08-11,193736,0,35408501,0
2021-08-12,167949,0,35576450,0
2021-08-13,148577,0,35725027,0
2021-08-14,66081,0,35791108,0
2021-08-15,26330,0,35817438,0
2021-08-16,114663,0,35932101,0
2021-08-17,129230,0,36061331,0
2021-08-18,128721,0,36190052,0
2021-08-19,124773,0,36314825,0
2021-08-20,123775,0,36438600,0
2021-08-21,83103,0,36521703,0
2021-08-22,68158,0,36589861,0
2021-08-23,176865,0,36766726,0
2021-08-24,156896,0,36923622,0
2021-08-25,177162,0,37100784,0
2021-08-26,172346,0,37273130,0
2021-08-27,185857,0,37458987,0
2021-08-28,140262,0,37599249,0
2021-08-29,99008,0,37698257,0
2021-08-30,209634,0,37907891,0
2021-08-31,194620,0,38102511,0
2021-09-01,192213,0,38294724,0
2021-09-02,189938,0,38484662,0
2021-09-03,191355,0,38676017,0
2021-09-04,131491,0,38807508,0
2021-09-05,87876,0,38895384,0
2021-09-06,193663,0,39089047,0
2021-09-07,196072,0,39285119,0
2021-09-08,187914,0,39473033,0
2021-09-09,201480,0,39674513,0
2021-09-10,198120,0,39872633,0
2021-09-11,141333,0,40013966,0
2021-09-12,89606,0,40103572,0
2021-09-13,191190,518,40294762,518
2021-09-14,177276,552,40472038,1070
2021-09-15,163127,559,40635165,1629
2021-09-16,160101,901,40795266,2530
2021-09-17,150169,1095,40945435,3625
2021-09-18,127974,717,41073409,4342
2021-09-19,81133,479,41154542,4821
2021-09-20,180080,9051,41334622,13872
2021-09-21,166617,8816,41501239,22688
2021-09-22,159065,9417,41660304,32105
2021-09-23,138067,9308,41798371,41413
2021-09-24,140529,8942,41938900,50355
2021-09-25,119531,5624,42058431,55979
2021-09-26,71946,4333,42130377,60312
2021-09-27,135621,10032,42265998,70344
2021-09-28,117472,11371,42383470,81715
2021-09-29,112309,11820,42495779,93535
2021-09-30,110212,14929,42605991,108464
2021-10-01,94962,19097,42700953,127561
2021-10-02,78459,14010,42779412,141571
2021-10-03,47713,7651,42827125,149222
2021-10-04,88367,34438,42915492,183660
2021-10-05,80350,33962,42995842,217622
2021-10-06,71967,34148,43067809,251770
2021-10-07,71838,34333,43139647,286103
2021-10-08,80612,33580,43220259,319683
2021-10-09,76093,22159,43296352,341842
2021-10-10,45768,13609,43342120,355451
2021-10-11,87394,41093,43429514,396544
2021-10-12,84480,46885,43513994,443429
2021-10-13,88178,52097,43602172,495526
2021-10-14,91513,58488,43693685,554014
2021-10-15,93579,55605,43787264,609619
2021-10-16,82947,36770,43870211,646389
2021-10-17,51453,23820,43921664,670209
2021-10-18,90284,59467,44011948,729676
2021-10-19,78334,69363,44090282,799039
2021-10-20,75073,78141,44165355,877180
2021-10-21,78303,81736,44243658,958916
2021-10-22,73795,77005,44317453,1035921
2021-10-23,60812,51945,44378265,1087866
2021-10-24,33381,23440,44411646,1111306
2021-10-25,64902,81614,44476548,1192920
2021-10-26,58368,91767,44534916,1284687
2021-10-27,58327,103953,44593243,1388640
2021-10-28,61465,114093,44654708,1502733
2021-10-29,61666,103093,44716374,1605826
2021-10-30,50673,68105,44767047,1673931
2021-10-31,25168,28280,44792215,1702211
2021-11-01,19047,28145,44811262,1730356
2021-11-02,62774,89356,44874036,1819712
2021-11-03,60731,118653,44934767,1938365
2021-11-04,59245,126643,44994012,2065008
2021-11-05,63097,135159,45057109,2200167
2021-11-06,46469,90920,45103578,2291087
2021-11-07,22253,37891,45125831,2328978
2021-11-08,51527,131247,45177358,2460225
2021-11-09,45405,144182,45222763,2604407
2021-11-10,42576,156337,45265339,2760744
2021-11-11,44932,155126,45310271,2915870
2021-11-12,46370,158555,45356641,3074425
2021-11-13,33253,116639,45389894,3191064
2021-11-14,14476,52445,45404370,3243509
2021-11-15,36895,157411,45441265,3400920
2021-11-16,30541,171366,45471806,3572286
2021-11-17,28439,178426,45500245,3750712
2021-11-18,30274,193704,45530519,3944416
2021-11-19,28788,205837,45559307,4150253
2021-11-20,20984,156431,45580291,4306684
2021-11-21,10603,64852,45590894,4371536
2021-11-22,21923,213136,45612817,4584672
2021-11-23,23554,241734,45636371,4826406
2021-11-24,27818,270933,45664189,5097339
2021-11-25,23216,301891,45687405,5399230
2021-11-26,24558,318255,45711963,5717485
2021-11-27,21361,266144,45733324,5983629
2021-11-28,9888,137052,45743212,6120681
2021-11-29,22305,326052,45765517,6446733
2021-11-30,23062,365808,45788579,6812541
2021-12-01,21500,413487,45810079,7226028
2021-12-02,23736,440379,45833815,7666407
2021-12-03,25203,467439,45859018,8133846
2021-12-04,22330,418717,45881348,8552563
2021-12-05,11900,261328,45893248,8813891
2021-12-06,25789,457553,45919037,9271444
2021-12-07,24094,480237,45943131,9751681
2021-12-08,9983,249674,45953114,10001355
2021-12-09,31533,491905,45984647,10493260
2021-12-10,28024,517850,46012671,11011110
2021-12-11,23527,459234,46036198,11470344
2021-12-12,12283,293488,46048481,11763832
2021-12-13,26116,467611,46074597,12231443
2021-12-14,25138,494179,46099735,12725622
2021-12-15,25289,517120,46125024,13242742
2021-12-16,27839,520227,46152863,13762969
2021-12-17,29304,517146,46182167,14280115
2021-12-18,26989,468704,46209156,14748819
2021-12-19,15118,300508,46224274,15049327
2021-12-20,30577,477455,46254851,15526782
2021-12-21,30315,493363,46285166,16020145
2021-12-22,29396,484687,46314562,16504832
2021-12-23,28179,426885,46342741,16931717
2021-12-24,13100,210814,46355841,17142531
2021-12-25,2101,33052,46357942,17175583
2021-12-26,8743,159060,46366685,17334643
2021-12-27,46709,504638,46413394,17839281
2021-12-28,42383,554182,46455777,18393463
2021-12-29,34241,550628,46490018,18944091
2021-12-30,31750,499803,46521768,19443894
2021-12-31,14078,247389,46535846,19691283
2022-01-01,3486,64811,46539332,19756094
2022-01-02,22698,276714,46562030,20032808
2022-01-03,47698,520001,46609728,20552809
2022-01-04,46202,572062,46655930,21124871
2022-01-05,40598,560371,46696528,21685242
2022-01-06,23392,274476,46719920,21959718
2022-01-07,63510,554170,46783430,22513888
2022-01-08,60659,503365,46844089,23017253
2022-01-09,42681,319680,46886770,23336933
2022-01-10,60908,542262,46947678,23879195
2022-01-11,61520,586971,47009198,24466166
2022-01-12,58258,581264,47067456,25047430
2022-01-13,58403,580361,47125859,25627791
2022-01-14,46580,588547,47172439,26216338
2022-01-15,39122,569925,47211561,26786263
2022-01-16,31039,341847,47242600,27128110
2022-01-17,54614,489641,47297214,27617751
2022-01-18,58240,516999,47355454,28134750
2022-01-19,57057,502769,47412511,28637519
2022-01-20,54199,498797,47466710,29136316
2022-01-21,41914,493852,47508624,29630168
2022-01-22,31006,469583,47539630,30099751
2022-01-23,34818,275359,47574448,30375110
2022-01-24,56076,437202,47630524,30812312
2022-01-25,61435,452077,47691959,31264389
2022-01-26,58433,435804,47750392,31700193
2022-01-27,48749,432347,47799141,32132540
2022-01-28,58555,436517,47857696,32569057
2022-01-29,67991,412468,47925687,32981525
2022-01-30,50296,235959,47975983,33217484
2022-01-31,60486,356914,48036469,33574398
2022-02-01,65429,328418,48101898,33902816
2022-02-02,63086,296947,48164984,34199763
2022-02-03,59964,274504,48224948,34474267
2022-02-04,72276,268433,48297224,34742700
2022-02-05,83666,248518,48380890,34991218
2022-02-06,55222,116190,48436112,35107408
2022-02-07,65070,199925,48501182,35307333
2022-02-08,66866,186097,48568048,35493430
2022-02-09,58689,166326,48626737,35659756
2022-02-10,58486,163227,48685223,35822983
2022-02-11,62165,162446,48747388,35985429
2022-02-12,71913,152132,48819301,36137561
2022-02-13,41443,68848,48860744,36206409
2022-02-14,46631,116180,48907375,36322589
2022-02-15,48469,123477,48955844,36446066
2022-02-16,45630,106106,49001474,36552172
2022-02-17,42830,98094,49044304,36650266
2022-02-18,46568,112563,49090872,36762829
2022-02-19,52495,100324,49143367,36863153
2022-02-20,31404,40358,49174771,36903511
2022-02-21,37872,89637,49212643,36993148
2022-02-22,37181,83762,49249824,37076910
2022-02-23,33363,79400,49283187,37156310
2022-02-24,32536,78156,49315723,37234466
2022-02-25,34730,90700,49350453,37325166
2022-02-26,39132,89130,49389585,37414296
2022-02-27,22535,35855,49412120,37450151
2022-02-28,28450,81689,49440570,37531840
2022-03-01,22678,53932,49463248,37585772
2022-03-02,21976,50624,49485224,37636396
2022-03-03,22580,54936,49507804,37691332
2022-03-04,23200,62787,49531004,37754119
2022-03-05,23765,57949,49554769,37812068
2022-03-06,9468,17199,49564237,37829267
2022-03-07,15884,51386,49580121,37880653
2022-03-08,15433,48796,49595554,37929449
2022-03-09,13786,46510,49609340,37975959
2022-03-10,14014,52115,49623354,38028074
2022-03-11,15548,57245,49638902,38085319
2022-03-12,15477,56612,49654379,38141931
2022-03-13,5540,16848,49659919,38158779
2022-03-14,10513,46688,49670432,38205467
2022-03-15,10521,46891,49680953,38252358
2022-03-16,9463,41975,49690416,38294333
2022-03-17,9690,44873,49700106,38339206
2022-03-18,10144,49044,49710250,38388250
2022-03-19,9137,46530,49719387,38434780
2022-03-20,2603,11699,49721990,38446479
2022-03-21,7564,40217,49729554,38486696
2022-03-22,8430,37744,49737984,38524440
2022-03-23,7199,33695,49745183,38558135
2022-03-24,8239,38793,49753422,38596928
2022-03-25,8111,43659,49761533,38640587
2022-03-26,8117,41715,49769650,38682302
2022-03-27,2424,9683,49772074,38691985
2022-03-28,6093,35227,49778167,38727212
2022-03-29,5772,32522,49783939,38759734
2022-03-30,5550,30193,49789489,38789927
2022-03-31,5874,33164,49795363,38823091
2022-04-01,4338,25178,49799701,38848269
2022-04-02,4485,23269,49804186,38871538
2022-04-03,1045,4499,49805231,38876037
2022-04-04,3648,21532,49808879,38897569
2022-04-05,3743,22921,49812622,38920490
2022-04-06,4092,21836,49816714,38942326
2022-04-07,3947,23317,49820661,38965643
2022-04-08,4681,26707,49825342,38992350
2022-04-09,4373,23881,49829715,39016231
2022-04-10,892,4614,49830607,39020845
2022-04-11,3798,22681,49834405,39043526
2022-04-12,3350,21774,49837755,39065300
2022-04-13,3553,21333,49841308,39086633
2022-04-14,3476,23772,49844784,39110405
2022-04-15,3076,20613,49847860,39131018
2022-04-16,2145,11920,49850005,39142938
2022-04-17,63,348,49850068,39143286
2022-04-18,148,650,49850216,39143936
2022-04-19,3480,21976,49853696,39165912
2022-04-20,3491,20249,49857187,39186161
2022-04-21,2834,19774,49860021,39205935
2022-04-22,2912,20693,49862933,39226628
2022-04-23,2634,16204,49865567,39242832
2022-04-24,509,2335,49866076,39245167
2022-04-25,183,1165,49866259,39246332
2022-04-26,2756,17790,49869015,39264122
2022-04-27,2362,15777,49871377,39279899
2022-04-28,2345,15533,49873722,39295432
2022-04-29,2287,14831,49876009,39310263
2022-04-30,2116,11576,49878125,39321839
2022-05-01,113,530,49878238,39322369
2022-05-02,1442,9380,49879680,39331749
2022-05-03,1568,10306,49881248,39342055
2022-05-04,1744,10254,49882992,39352309
2022-05-05,1647,10273,49884639,39362582
2022-05-06,1693,10943,49886332,39373525
2022-05-07,1431,8561,49887763,39382086
2022-05-08,404,1514,49888167,39383600
2022-05-09,1023,8914,49889190,39392514
2022-05-10,1418,9536,49890608,39402050
2022-05-11,1476,10087,49892084,39412137
2022-05-12,1362,10117,49893446,39422254
2022-05-13,1587,10505,49895033,39432759
2022-05-14,1355,8226,49896388,39440985
2022-05-15,336,1129,49896724,39442114
2022-05-16,809,8388,49897533,39450502
2022-05-17,1239,8665,49898772,39459167
2022-05-18,1368,9208,49900140,39468375
2022-05-19,1496,9265,49901636,39477640
2022-05-20,1419,9488,49903055,39487128
2022-05-21,1299,7891,49904354,39495019
2022-05-22,232,1011,49904586,39496030
2022-05-23,824,8259,49905410,39504289
2022-05-24,1069,8663,49906479,39512952
2022-05-25,1363,9443,49907842,39522395
2022-05-26,1192,9452,49909034,39531847
2022-05-27,1223,9907,49910257,39541754
2022-05-28,1201,7873,49911458,39549627
2022-05-29,285,1263,49911743,39550890
2022-05-30,926,8023,49912669,39558913
2022-05-31,1032,8529,49913701,39567442
2022-06-01,890,7641,49914591,39575083
2022-06-02,34,474,49914625,39575557
2022-06-03,810,7327,49915435,39582884
2022-06-04,869,5155,49916304,39588039
2022-06-05,89,586,49916393,39588625
2022-06-06,670,6963,49917063,39595588
2022-06-07,928,7841,49917991,39603429
2022-06-08,977,7896,49918968,39611325
2022-06-09,1031,8398,49919999,39619723
2022-06-10,949,8534,49920948,39628257
2022-06-11,897,6208,49921845,39634465
2022-06-12,140,767,49921985,39635232
2022-06-13,601,6292,49922586,39641524
2022-06-14,824,7869,49923410,39649393
2022-06-15,949,7842,49924359,39657235
2022-06-16,726,7382,49925085,39664617
2022-06-17,715,7232,49925800,39671849
2022-06-18,774,5587,49926574,39677436
2022-06-19,46,522,49926620,39677958
2022-06-20,586,6690,49927206,39684648
2022-06-21,730,7635,49927936,39692283
2022-06-22,775,7299,49928711,39699582
2022-06-23,646,7454,49929357,39707036
2022-06-24,638,7453,49929995,39714489
2022-06-25,835,6531,49930830,39721020
2022-06-26,128,523,49930958,39721543
2022-06-27,528,7110,49931486,39728653
2022-06-28,741,8187,49932227,39736840
2022-06-29,754,7710,49932981,39744550
2022-06-30,739,8127,49933720,39752677
2022-07-01,575,6434,49934295,39759111
2022-07-02,535,4763,49934830,39763874
2022-07-03,49,456,49934879,39764330
2022-07-04,468,6257,49935347,39770587
2022-07-05,617,8104,49935964,39778691
2022-07-06,621,7572,49936585,39786263
2022-07-07,561,8243,49937146,39794506
2022-07-08,667,8065,49937813,39802571
2022-07-09,548,6101,49938361,39808672
2022-07-10,59,533,49938420,39809205
2022-07-11,473,7622,49938893,39816827
2022-07-12,648,8960,49939541,39825787
2022-07-13,624,10049,49940165,39835836
2022-07-14,618,10168,49940783,39846004
2022-07-15,616,10579,49941399,39856583
2022-07-16,511,7191,49941910,39863774
2022-07-17,48,767,49941958,39864541
2022-07-18,493,9324,49942451,39873865
2022-07-19,557,10602,49943008,39884467
2022-07-20,556,11187,49943564,39895654
2022-07-21,613,11943,49944177,39907597
2022-07-22,557,11141,49944734,39918738
2022-07-23,373,6686,49945107,39925424
2022-07-24,75,833,49945182,39926257
2022-07-25,488,8978,49945670,39935235
2022-07-26,510,9634,49946180,39944869
2022-07-27,521,9934,49946701,39954803
2022-07-28,509,10206,49947210,39965009
2022-07-29,473,9006,49947683,39974015
2022-07-30,364,4559,49948047,39978574