data_somministrazione,vaccinazioni,booster,cum_vaccinazioni,cum_booster
2020-12-27,20,0,20,0
2020-12-28,2,0,22,0
2020-12-29,1,0,23,0
2020-12-30,9,0,32,0
2020-12-31,74,0,106,0
2021-01-01,24,0,130,0
2021-01-02,134,0,264,0
2021-01-03,97,0,361,0
2021-01-04,227,0,588,0
2021-01-05,269,0,857,0
2021-01-06,237,0,1094,0
2021-01-07,316,0,1410,0
2021-01-08,365,0,1775,0
2021-01-09,274,0,2049,0
2021-01-10,165,0,2214,0
2021-01-11,300,0,2514,0
2021-01-12,281,0,2795,0
2021-01-13,408,0,3203,0
2021-01-14,494,0,3697,0
2021-01-15,316,0,4013,0
2021-01-16,220,0,4233,0
2021-01-17,3063,0,7296,0
2021-01-18,5215,0,12511,0
2021-01-19,1894,0,14405,0
2021-01-20,4659,0,19064,0
2021-01-21,20008,0,39072,0
2021-01-22,14221,0,53293,0
2021-01-23,33328,0,86621,0
2021-01-24,30779,0,117400,0
2021-01-25,64716,0,182116,0
2021-01-26,76478,0,258594,0
2021-01-27,64822,0,323416,0
2021-01-28,89259,0,412675,0
2021-01-29,94006,0,506681,0
2021-01-30,86550,0,593231,0
2021-01-31,57325,0,650556,0
2021-02-01,81845,0,732401,0
2021-02-02,82137,0,814538,0
2021-02-03,91109,0,905647,0
2021-02-04,95394,0,1001041,0
2021-02-05,90266,0,1091307,0
2021-02-06,63447,0,1154754,0
2021-02-07,32934,0,1187688,0
2021-02-08,40422,0,1228110,0
2021-02-09,32879,0,1260989,0
2021-02-10,28433,0,1289422,0
2021-02-11,20405,0,1309827,0
2021-02-12,16244,0,1326071,0
2021-02-13,7277,0,1333348,0
2021-02-14,2862,0,1336210,0
2021-02-15,6845,0,1343055,0
2021-02-16,7004,0,1350059,0
2021-02-17,10526,0,1360585,0
2021-02-18,9252,0,1369837,0
2021-02-19,8253,0,1378090,0
2021-02-20,5575,0,1383665,0
2021-02-21,3010,0,1386675,0
2021-02-22,6882,0,1393557,0
2021-02-23,7183,0,1400740,0
2021-02-24,9812,0,1410552,0
2021-02-25,14212,0,1424764,0
2021-02-26,17557,0,1442321,0
2021-02-27,13917,0,1456238,0
2021-02-28,9392,0,1465630,0
2021-03-01,26520,0,1492150,0
2021-03-02,33247,0,1525397,0
2021-03-03,44648,0,1570045,0
2021-03-04,50296,0,1620341,0
2021-03-05,55735,0,1676076,0
2021-03-06,41876,0,1717952,0
2021-03-07,22326,0,1740278,0
2021-03-08,50831,0,1791109,0
2021-03-09,53084,0,1844193,0
2021-03-10,58672,0,1902865,0
2021-03-11,63878,0,1966743,0
2021-03-12,65127,0,2031870,0
2021-03-13,51729,0,2083599,0
2021-03-14,35415,0,2119014,0
2021-03-15,73455,0,2192469,0
2021-03-16,74030,0,2266499,0
2021-03-17,83136,0,2349635,0
2021-03-18,81629,0,2431264,0
2021-03-19,81091,0,2512355,0
2021-03-20,64734,0,2577089,0
2021-03-21,47311,0,2624400,0
2021-03-22,69494,0,2693894,0
2021-03-23,75807,0,2769701,0
2021-03-24,90918,0,2860619,0
2021-03-25,89818,0,2950437,0
2021-03-26,83640,0,3034077,0
2021-03-27,71952,0,3106029,0
2021-03-28,44169,0,3150198,0
2021-03-29,70843,0,3221041,0
2021-03-30,81400,0,3302441,0
2021-03-31,96257,0,3398698,0
2021-04-01,95320,0,3494018,0
2021-04-02,84080,0,3578098,0
2021-04-03,64303,0,3642401,0
2021-04-04,21723,0,3664124,0
2021-04-05,40318,0,3704442,0
2021-04-06,81334,0,3785776,0
2021-04-07,95837,0,3881613,0
2021-04-08,95254,0,3976867,0
2021-04-09,88499,0,4065366,0
2021-04-10,74032,0,4139398,0
2021-04-11,44767,0,4184165,0
2021-04-12,66920,0,4251085,0
2021-04-13,72587,0,4323672,0
2021-04-14,85552,0,4409224,0
2021-04-15,105421,0,4514645,0
2021-04-16,106427,0,4621072,0
2021-04-17,90522,0,4711594,0
2021-04-18,58597,0,4770191,0
2021-04-19,93434,0,4863625,0
2021-04-20,103774,0,4967399,0
2021-04-21,125344,0,5092743,0
2021-04-22,143525,0,5236268,0
2021-04-23,138751,0,5375019,0
2021-04-24,124454,0,5499473,0
2021-04-25,61469,0,5560942,0
2021-04-26,97907,0,5658849,0
2021-04-27,128368,0,5787217,0
2021-04-28,156387,0,5943604,0
2021-04-29,195613,0,6139217,0
2021-04-30,214603,0,6353820,0
2021-05-01,174133,0,6527953,0
2021-05-02,135804,0,6663757,0
2021-05-03,142063,0,6805820,0
2021-05-04,158709,0,6964529,0
2021-05-05,170531,0,7135060,0
2021-05-06,197819,0,7332879,0
2021-05-07,213865,0,7546744,0
2021-05-08,213439,0,7760183,0
2021-05-09,143217,0,7903400,0
2021-05-10,165100,0,8068500,0
2021-05-11,175004,0,8243504,0
2021-05-12,179207,0,8422711,0
2021-05-13,203412,0,8626123,0
2021-05-14,222939,0,8849062,0
2021-05-15,210387,0,9059449,0
2021-05-16,159284,0,9218733,0
2021-05-17,219213,0,9437946,0
2021-05-18,213030,0,9650976,0
2021-05-19,207096,0,9858072,0
2021-05-20,270886,0,10128958,0
2021-05-21,270906,0,10399864,0
2021-05-22,245541,0,10645405,0
2021-05-23,197188,0,10842593,0
2021-05-24,228308,0,11070901,0
2021-05-25,245701,0,11316602,0
2021-05-26,277511,0,11594113,0
2021-05-27,311090,0,11905203,0
2021-05-28,299582,0,12204785,0
2021-05-29,231244,0,12436029,0
2021-05-30,170851,0,12606880,0
2021-05-31,216435,0,12823315,0
2021-06-01,207637,0,13030952,0
2021-06-02,115802,0,13146754,0
2021-06-03,180165,0,13326919,0
2021-06-04,184906,0,13511825,0
2021-06-05,185985,0,13697810,0
2021-06-06,139575,0,13837385,0
2021-06-07,161897,0,13999282,0
2021-06-08,171270,0,14170552,0
2021-06-09,171515,0,14342067,0
2021-06-10,174138,0,14516205,0
2021-06-11,170010,0,14686215,0
2021-06-12,128363,0,14814578,0
2021-06-13,91216,0,14905794,0
2021-06-14,214706,0,15120500,0
2021-06-15,228444,0,15348944,0
2021-06-16,253105,0,15602049,0
2021-06-17,301767,0,15903816,0
2021-06-18,306317,0,16210133,0
2021-06-19,275111,0,16485244,0
2021-06-20,220812,0,16706056,0
2021-06-21,288087,0,16994143,0
2021-06-22,296240,0,17290383,0
2021-06-23,302700,0,17593083,0
2021-06-24,332611,0,17925694,0
2021-06-25,348728,0,18274422,0
2021-06-26,300136,0,18574558,0
2021-06-27,228683,0,18803241,0
2021-06-28,307140,0,19110381,0
2021-06-29,329323,0,19439704,0
2021-06-30,342201,0,19781905,0
2021-07-01,363243,0,20145148,0
2021-07-02,368488,0,20513636,0
2021-07-03,371102,0,20884738,0
2021-07-04,283230,0,21167968,0
2021-07-05,384559,0,21552527,0
2021-07-06,385488,0,21938015,0
2021-07-07,412132,0,22350147,0
2021-07-08,479594,0,22829741,0
2021-07-09,498476,0,23328217,0
2021-07-10,475173,0,23803390,0
2021-07-11,357698,0,24161088,0
2021-07-12,485887,0,24646975,0
2021-07-13,492087,0,25139062,0
2021-07-14,480448,0,25619510,0
2021-07-15,523438,0,26142948,0
2021-07-16,509758,0,26652706,0
2021-07-17,464331,0,27117037,0
2021-07-18,364639,0,27481676,0
2021-07-19,463038,0,27944714,0
2021-07-20,458060,0,28402774,0
2021-07-21,462793,0,28865567,0
2021-07-22,475385,0,29340952,0
2021-07-23,441328,0,29782280,0
2021-07-24,386152,0,30168432,0
2021-07-25,287560,0,30455992,0
2021-07-26,430889,0,30886881,0
2021-07-27,440123,0,31327004,0
2021-07-28,391025,0,31718029,0
2021-07-29,372081,0,32090110,0
2021-07-30,341518,0,32431628,0
2021-07-31,287038,0,32718666,0
2021-08-01,191001,0,32909667,0
2021-08-02,333705,0,33243372,0
2021-08-03,323189,0,33566561,0
2021-08-04,310983,0,33877544,0
2021-08-05,292489,0,34170033,0
2021-08-06,260031,0,34430064,0
2021-08-07,199060,0,34629124,0
2021-08-08,153109,0,34782233,0
2021-08-09,234086,0,35016319,0
2021-08-10,205267,0,35221586,0
2021-08-11,193781,0,35415367,0
2021-08-12,168056,0,35583423,0
2021-08-13,148648,0,35732071,0
2021-08-14,66099,0,35798170,0
2021-08-15,26340,0,35824510,0
2021-08-16,114707,0,35939217,0
2021-08-17,129256,0,36068473,0
2021-08-18,128765,0,36197238,0
2021-08-19,124841,0,36322079,0
2021-08-20,123797,0,36445876,0
2021-08-21,83136,0,36529012,0
2021-08-22,68177,0,36597189,0
2021-08-23,176869,0,36774058,0
2021-08-24,156897,0,36930955,0
2021-08-25,177180,0,37108135,0
2021-08-26,172360,0,37280495,0
2021-08-27,185833,0,37466328,0
2021-08-28,140285,0,37606613,0
2021-08-29,98990,0,37705603,0
2021-08-30,209591,0,37915194,0
2021-08-31,194644,0,38109838,0
2021-09-01,192211,0,38302049,0
2021-09-02,189930,0,38491979,0
2021-09-03,191287,0,38683266,0
2021-09-04,131455,0,38814721,0
2021-09-05,87854,0,38902575,0
2021-09-06,193618,0,39096193,0
2021-09-07,196037,0,39292230,0
2021-09-08,187876,0,39480106,0
2021-09-09,201437,0,39681543,0
2021-09-10,198067,0,39879610,0
2021-09-11,141293,0,40020903,0
2021-09-12,89592,0,40110495,0
2021-09-13,191116,629,40301611,629
2021-09-14,177224,632,40478835,1261
2021-09-15,163087,637,40641922,1898
2021-09-16,160055,983,40801977,2881
2021-09-17,150167,1158,40952144,4039
2021-09-18,127982,767,41080126,4806
2021-09-19,81139,506,41161265,5312
2021-09-20,180069,9116,41341334,14428
2021-09-21,166666,8854,41508000,23282
2021-09-22,159110,9456,41667110,32738
2021-09-23,138094,9351,41805204,42089
2021-09-24,140554,9000,41945758,51089
2021-09-25,119563,5664,42065321,56753
2021-09-26,71986,4359,42137307,61112
2021-09-27,135666,10074,42272973,71186
2021-09-28,117510,11418,42390483,82604
2021-09-29,112369,11848,42502852,94452
2021-09-30,110277,14977,42613129,109429
2021-10-01,94995,19136,42708124,128565
2021-10-02,78514,14039,42786638,142604
2021-10-03,47756,7668,42834394,150272
2021-10-04,88390,34475,42922784,184747
2021-10-05,80381,34011,43003165,218758
2021-10-06,72003,34199,43075168,252957
2021-10-07,71880,34366,43147048,287323
2021-10-08,80630,33621,43227678,320944
2021-10-09,76109,22190,43303787,343134
2021-10-10,45786,13630,43349573,356764
2021-10-11,87449,41126,43437022,397890
2021-10-12,84516,46928,43521538,444818
2021-10-13,88211,52155,43609749,496973
2021-10-14,91549,58550,43701298,555523
2021-10-15,93598,55669,43794896,611192
2021-10-16,82971,36818,43877867,648010
2021-10-17,51462,23856,43929329,671866
2021-10-18,90302,59512,44019631,731378
2021-10-19,78352,69400,44097983,800778
2021-10-20,75066,78202,44173049,878980
2021-10-21,78299,81801,44251348,960781
2021-10-22,73778,77068,44325126,1037849
2021-10-23,60834,51972,44385960,1089821
2021-10-24,33368,23477,44419328,1113298
2021-10-25,64903,81657,44484231,1194955
2021-10-26,58377,91829,44542608,1286784
2021-10-27,58320,104024,44600928,1390808
2021-10-28,61453,114149,44662381,1504957
2021-10-29,61638,103174,44724019,1608131
2021-10-30,50677,68136,44774696,1676267
2021-10-31,25163,28305,44799859,1704572
2021-11-01,19049,28157,44818908,1732729
2021-11-02,62742,89429,44881650,1822158
2021-11-03,60719,118696,44942369,1940854
2021-11-04,59241,126694,45001610,2067548
2021-11-05,63094,135216,45064704,2202764
2021-11-06,46487,90937,45111191,2293701
2021-11-07,22251,37904,45133442,2331605
2021-11-08,51530,131292,45184972,2462897
2021-11-09,45403,144234,45230375,2607131
2021-11-10,42594,156371,45272969,2763502
2021-11-11,44929,155166,45317898,2918668
2021-11-12,46314,158677,45364212,3077345
2021-11-13,33263,116675,45397475,3194020
2021-11-14,14492,52457,45411967,3246477
2021-11-15,36912,157440,45448879,3403917
2021-11-16,30564,171406,45479443,3575323
2021-11-17,28469,178460,45507912,3753783
2021-11-18,30293,193761,45538205,3947544
2021-11-19,28815,205878,45567020,4153422
2021-11-20,21003,156456,45588023,4309878
2021-11-21,10613,64869,45598636,4374747
2021-11-22,21954,213165,45620590,4587912
2021-11-23,23601,241793,45644191,4829705
2021-11-24,27802,271040,45671993,5100745
2021-11-25,23264,301929,45695257,5402674
2021-11-26,24595,318299,45719852,5720973
2021-11-27,21401,266167,45741253,5987140
2021-11-28,9906,137069,45751159,6124209
2021-11-29,22360,326075,45773519,6450284
2021-11-30,23113,365862,45796632,6816146
2021-12-01,21548,413529,45818180,7229675
2021-12-02,23788,440434,45841968,7670109
2021-12-03,25270,467524,45867238,8137633
2021-12-04,22390,418792,45889628,8556425
2021-12-05,11943,261365,45901571,8817790
2021-12-06,25839,457624,45927410,9275414
2021-12-07,24156,480299,45951566,9755713
2021-12-08,10025,249718,45961591,10005431
2021-12-09,31614,491958,45993205,10497389
2021-12-10,28094,517922,46021299,11015311
2021-12-11,23584,459270,46044883,11474581
2021-12-12,12317,293525,46057200,11768106
2021-12-13,26169,467653,46083369,12235759
2021-12-14,25201,494232,46108570,12729991
2021-12-15,25364,517189,46133934,13247180
2021-12-16,27919,520298,46161853,13767478
2021-12-17,29391,517212,46191244,14284690
2021-12-18,27098,468772,46218342,14753462
2021-12-19,15166,300540,46233508,15054002
2021-12-20,30667,477503,46264175,15531505
2021-12-21,30404,493423,46294579,16024928
2021-12-22,29475,484752,46324054,16509680
2021-12-23,28284,426953,46352338,16936633
2021-12-24,13125,210838,46365463,17147471
2021-12-25,2104,33053,46367567,17180524
2021-12-26,8773,159076,46376340,17339600
2021-12-27,46837,504690,46423177,17844290
2021-12-28,42501,554248,46465678,18398538
2021-12-29,34388,550673,46500066,18949211
2021-12-30,31883,499859,46531949,19449070
2021-12-31,14141,247406,46546090,19696476
2022-01-01,3498,64815,46549588,19761291
2022-01-02,22810,276724,46572398,20038015
2022-01-03,47917,520033,46620315,20558048
2022-01-04,46451,572100,46666766,21130148
2022-01-05,40815,560415,46707581,21690563
2022-01-06,23525,274491,46731106,21965054
2022-01-07,63778,554218,46794884,22519272
2022-01-08,60947,503408,46855831,23022680
2022-01-09,42934,319699,46898765,23342379
2022-01-10,61147,542321,46959912,23884700
2022-01-11,61820,587032,47021732,24471732
2022-01-12,58527,581301,47080259,25053033
2022-01-13,58688,580430,47138947,25633463
2022-01-14,46910,588605,47185857,26222068
2022-01-15,39520,569976,47225377,26792044
2022-01-16,31291,341887,47256668,27133931
2022-01-17,54832,489683,47311500,27623614
2022-01-18,58453,517044,47369953,28140658
2022-01-19,57251,502815,47427204,28643473
2022-01-20,54399,498854,47481603,29142327
2022-01-21,42153,493896,47523756,29636223
2022-01-22,31265,469613,47555021,30105836
2022-01-23,34972,275385,47589993,30381221
2022-01-24,56223,437241,47646216,30818462
2022-01-25,61587,452126,47707803,31270588
2022-01-26,58571,435847,47766374,31706435
2022-01-27,48878,432397,47815252,32138832
2022-01-28,58735,436554,47873987,32575386
2022-01-29,68169,412507,47942156,32987893
2022-01-30,50401,235984,47992557,33223877
2022-01-31,60683,356940,48053240,33580817
2022-02-01,65595,328461,48118835,33909278
2022-02-02,63237,296987,48182072,34206265
2022-02-03,60081,274527,48242153,34480792
2022-02-04,72397,268467,48314550,34749259
2022-02-05,83813,248547,48398363,34997806
2022-02-06,55306,116206,48453669,35114012
2022-02-07,65168,199945,48518837,35313957
2022-02-08,66947,186123,48585784,35500080
2022-02-09,58774,166346,48644558,35666426
2022-02-10,58595,163244,48703153,35829670
2022-02-11,62269,162474,48765422,35992144
2022-02-12,71999,152150,48837421,36144294
2022-02-13,41478,68854,48878899,36213148
2022-02-14,46705,116188,48925604,36329336
2022-02-15,48552,123481,48974156,36452817
2022-02-16,45685,106124,49019841,36558941
2022-02-17,42870,98117,49062711,36657058
2022-02-18,46630,112580,49109341,36769638
2022-02-19,52544,100337,49161885,36869975
2022-02-20,31411,40366,49193296,36910341
2022-02-21,37899,89657,49231195,36999998
2022-02-22,37225,83780,49268420,37083778
2022-02-23,33400,79409,49301820,37163187
2022-02-24,32562,78163,49334382,37241350
2022-02-25,34768,90713,49369150,37332063
2022-02-26,39159,89134,49408309,37421197
2022-02-27,22546,35857,49430855,37457054
2022-02-28,28482,81695,49459337,37538749
2022-03-01,22723,53942,49482060,37592691
2022-03-02,21956,50684,49504016,37643375
2022-03-03,22626,54946,49526642,37698321
2022-03-04,23239,62799,49549881,37761120
2022-03-05,23800,57951,49573681,37819071
2022-03-06,9472,17201,49583153,37836272
2022-03-07,15920,51391,49599073,37887663
2022-03-08,15480,48795,49614553,37936458
2022-03-09,13814,46519,49628367,37982977
2022-03-10,14053,52123,49642420,38035100
2022-03-11,15589,57268,49658009,38092368
2022-03-12,15507,56619,49673516,38148987
2022-03-13,5544,16852,49679060,38165839
2022-03-14,10526,46701,49689586,38212540
2022-03-15,10550,46895,49700136,38259435
2022-03-16,9482,41974,49709618,38301409
2022-03-17,9722,44874,49719340,38346283
2022-03-18,10159,49057,49729499,38395340
2022-03-19,9151,46535,49738650,38441875
2022-03-20,2608,11704,49741258,38453579
2022-03-21,7580,40225,49748838,38493804
2022-03-22,8447,37763,49757285,38531567
2022-03-23,7216,33700,49764501,38565267
2022-03-24,8258,38818,49772759,38604085
2022-03-25,8140,43669,49780899,38647754
2022-03-26,8127,41721,49789026,38689475
2022-03-27,2431,9682,49791457,38699157
2022-03-28,6112,35240,49797569,38734397
2022-03-29,5779,32530,49803348,38766927
2022-03-30,5566,30205,49808914,38797132
2022-03-31,5901,33184,49814815,38830316
2022-04-01,4349,25190,49819164,38855506
2022-04-02,4497,23275,49823661,38878781
2022-04-03,1049,4500,49824710,38883281
2022-04-04,3658,21544,49828368,38904825
2022-04-05,3756,22932,49832124,38927757
2022-04-06,4103,21852,49836227,38949609
2022-04-07,3968,23320,49840195,38972929
2022-04-08,4694,26713,49844889,38999642
2022-04-09,4383,23887,49849272,39023529
2022-04-10,892,4613,49850164,39028142
2022-04-11,3816,22689,49853980,39050831
2022-04-12,3365,21778,49857345,39072609
2022-04-13,3568,21335,49860913,39093944
2022-04-14,3486,23786,49864399,39117730
2022-04-15,3084,20620,49867483,39138350
2022-04-16,2149,11918,49869632,39150268
2022-04-17,63,348,49869695,39150616
2022-04-18,152,650,49869847,39151266
2022-04-19,3499,21981,49873346,39173247
2022-04-20,3510,20252,49876856,39193499
2022-04-21,2847,19790,49879703,39213289
2022-04-22,2927,20704,49882630,39233993
2022-04-23,2646,16221,49885276,39250214
2022-04-24,509,2334,49885785,39252548
2022-04-25,183,1165,49885968,39253713
2022-04-26,2759,17808,49888727,39271521
2022-04-27,2374,15793,49891101,39287314
2022-04-28,2360,15562,49893461,39302876
2022-04-29,2296,14848,49895757,39317724
2022-04-30,2123,11581,49897880,39329305
2022-05-01,113,531,49897993,39329836
2022-05-02,1451,9391,49899444,39339227
2022-05-03,1576,10320,49901020,39349547
2022-05-04,1745,10269,49902765,39359816
2022-05-05,1653,10286,49904418,39370102
2022-05-06,1702,10960,49906120,39381062
2022-05-07,1431,8568,49907551,39389630
2022-05-08,416,1522,49907967,39391152
2022-05-09,1027,8929,49908994,39400081
2022-05-10,1426,9548,49910420,39409629
2022-05-11,1483,10104,49911903,39419733
2022-05-12,1370,10131,49913273,39429864
2022-05-13,1596,10519,49914869,39440383
2022-05-14,1357,8237,49916226,39448620
2022-05-15,336,1133,49916562,39449753
2022-05-16,813,8405,49917375,39458158
2022-05-17,1243,8697,49918618,39466855
2022-05-18,1372,9233,49919990,39476088
2022-05-19,1500,9278,49921490,39485366
2022-05-20,1422,9532,49922912,39494898
2022-05-21,1300,7900,49924212,39502798
2022-05-22,231,1014,49924443,39503812
2022-05-23,830,8269,49925273,39512081
2022-05-24,1073,8672,49926346,39520753
2022-05-25,1370,9460,49927716,39530213
2022-05-26,1195,9479,49928911,39539692
2022-05-27,1232,9915,49930143,39549607
2022-05-28,1205,7887,49931348,39557494
2022-05-29,288,1265,49931636,39558759
2022-05-30,930,8055,49932566,39566814
2022-05-31,1036,8547,49933602,39575361
2022-06-01,892,7655,49934494,39583016
2022-06-02,35,474,49934529,39583490
2022-06-03,818,7333,49935347,39590823
2022-06-04,870,5163,49936217,39595986
2022-06-05,89,586,49936306,39596572
2022-06-06,678,6994,49936984,39603566
2022-06-07,952,7849,49937936,39611415
2022-06-08,981,7907,49938917,39619322
2022-06-09,1036,8416,49939953,39627738
2022-06-10,958,8564,49940911,39636302
2022-06-11,903,6207,49941814,39642509
2022-06-12,140,768,49941954,39643277
2022-06-13,602,6301,49942556,39649578
2022-06-14,831,7901,49943387,39657479
2022-06-15,958,7854,49944345,39665333
2022-06-16,730,7395,49945075,39672728
2022-06-17,723,7243,49945798,39679971
2022-06-18,777,5593,49946575,39685564
2022-06-19,48,522,49946623,39686086
2022-06-20,587,6699,49947210,39692785
2022-06-21,737,7665,49947947,39700450
2022-06-22,781,7308,49948728,39707758
2022-06-23,652,7468,49949380,39715226
2022-06-24,644,7473,49950024,39722699
2022-06-25,835,6535,49950859,39729234
2022-06-26,128,523,49950987,39729757
2022-06-27,533,7124,49951520,39736881
2022-06-28,746,8207,49952266,39745088
2022-06-29,756,7731,49953022,39752819
2022-06-30,745,8145,49953767,39760964
2022-07-01,577,6443,49954344,39767407
2022-07-02,536,4770,49954880,39772177
2022-07-03,49,456,49954929,39772633
2022-07-04,469,6276,49955398,39778909
2022-07-05,629,8118,49956027,39787027
2022-07-06,633,7611,49956660,39794638
2022-07-07,572,8271,49957232,39802909
2022-07-08,672,8083,49957904,39810992
2022-07-09,550,6104,49958454,39817096
2022-07-10,58,533,49958512,39817629
2022-07-11,487,7638,49958999,39825267
2022-07-12,667,9030,49959666,39834297
2022-07-13,644,10067,49960310,39844364
2022-07-14,636,10224,49960946,39854588
2022-07-15,625,10666,49961571,39865254
2022-07-16,522,7214,49962093,39872468
2022-07-17,48,770,49962141,39873238
2022-07-18,497,9368,49962638,39882606
2022-07-19,575,10683,49963213,39893289
2022-07-20,580,11274,49963793,39904563
2022-07-21,628,12088,49964421,39916651
2022-07-22,584,11257,49965005,39927908
2022-07-23,381,6772,49965386,39934680
2022-07-24,76,857,49965462,39935537
2022-07-25,503,9051,49965965,39944588
2022-07-26,519,9759,49966484,39954347
2022-07-27,553,10204,49967037,39964551
2022-07-28,531,10535,49967568,39975086
2022-07-29,510,9464,49968078,39984550
2022-07-30,382,5881,49968460,39990431
2022-07-31,49,764,49968509,39991195
2022-08-01,386,6863,49968895,39998058
2022-08-02,541,7587,49969436,40005645
2022-08-03,511,7177,49969947,40012822
2022-08-04,456,7488,49970403,40020310
2022-08-05,420,6525,49970823,40026835
2022-08-06,299,3612,49971122,40030447
2022-08-07,44,561,49971166,40031008
2022-08-08,402,4891,49971568,40035899
2022-08-09,381,5309,49971949,40041208
2022-08-10,383,4816,49972332,40046024
2022-08-11,369,4783,49972701,40050807
2022-08-12,293,3720,49972994,40054527
2022-08-13,143,1600,49973137,40056127
2022-08-14,9,129,49973146,40056256
2022-08-15,1,26,49973147,40056282
2022-08-16,283,3043,49973430,40059325
2022-08-17,352,3536,49973782,40062861
2022-08-18,391,4161,49974173,40067022
2022-08-19,341,3320,49974514,40070342
2022-08-20,183,1715,49974697,40072057
2022-08-21,24,149,49974721,40072206
2022-08-22,329,2952,49975050,40075158
2022-08-23,370,3674,49975420,40078832
2022-08-24,384,3359,49975804,40082191
2022-08-25,421,3773,49976225,40085964
2022-08-26,399,3573,49976624,40089537
2022-08-27,237,1769,49976861,40091306
2022-08-28,29,267,49976890,40091573
2022-08-29,354,3161,49977244,40094734
2022-08-30,403,3671,49977647,40098405
2022-08-31,437,3735,49978084,40102140
2022-09-01,353,3116,49978437,40105256
2022-09-02,296,2893,49978733,40108149
2022-09-03,200,1688,49978933,40109837
2022-09-04,23,149,49978956,40109986
2022-09-05,187,2656,49979143,40112642
2022-09-06,303,2982,49979446,40115624
2022-09-07,540,2936,49979986,40118560
2022-09-08,292,2962,49980278,40121522
2022-09-09,305,2884,49980583,40124406
2022-09-10,227,1326,49980810,40125732
2022-09-11,23,124,49980833,40125856
2022-09-12,267,2266,49981100,40128122
2022-09-13,252,2276,49981352,40130398
2022-09-14,266,2565,49981618,40132963
2022-09-15,281,2496,49981899,40135459
2022-09-16,254,2544,49982153,40138003
2022-09-17,239,1339,49982392,40139342
2022-09-18,20,170,49982412,40139512
2022-09-19,206,1970,49982618,40141482
2022-09-20,236,2385,49982854,40143867
2022-09-21,289,2526,49983143,40146393
2022-09-22,264,2653,49983407,40149046
2022-09-23,258,2540,49983665,40151586
2022-09-24,193,1427,49983858,40153013
2022-09-25,29,133,49983887,40153146
2022-09-26,280,2248,49984167,40155394
2022-09-27,287,2682,49984454,40158076
2022-09-28,309,2896,49984763,40160972
2022-09-29,256,3048,49985019,40164020
2022-09-30,290,2984,49985309,40167004
2022-10-01,195,1515,49985504,40168519
2022-10-02,12,187,49985516,40168706
2022-10-03,182,2473,49985698,40171179
2022-10-04,236,2865,49985934,40174044
2022-10-05,227,3236,49986161,40177280
2022-10-06,242,3864,49986403,40181144
2022-10-07,282,4180,49986685,40185324
2022-10-08,202,2249,49986887,40187573
2022-10-09,8,304,49986895,40187877
2022-10-10,208,3349,49987103,40191226
2022-10-11,192,4357,49987295,40195583
2022-10-12,209,4427,49987504,40200010
2022-10-13,200,5297,49987704,40205307
2022-10-14,231,5022,49987935,40210329
2022-10-15,189,2670,49988124,40212999
2022-10-16,6,360,49988130,40213359
2022-10-17,186,3865,49988316,40217224
2022-10-18,256,4956,49988572,40222180
2022-10-19,241,5464,49988813,40227644
2022-10-20,222,5987,49989035,40233631
2022-10-21,249,5467,49989284,40239098
2022-10-22,195,2909,49989479,40242007
2022-10-23,13,356,49989492,40242363
2022-10-24,171,3917,49989663,40246280
2022-10-25,252,4917,49989915,40251197
2022-10-26,341,5470,49990256,40256667
2022-10-27,239,5654,49990495,40262321
2022-10-28,199,5247,49990694,40267568
2022-10-29,127,2837,49990821,40270405
2022-10-30,3,326,49990824,40270731
2022-10-31,116,3034,49990940,40273765
2022-11-01,10,329,49990950,40274094
2022-11-02,143,3694,49991093,40277788
2022-11-03,172,4761,49991265,40282549
2022-11-04,224,4579,49991489,40287128
2022-11-05,143,2589,49991632,40289717
2022-11-06,10,258,49991642,40289975
2022-11-07,161,3211,49991803,40293186
2022-11-08,258,4211,49992061,40297397
2022-11-09,197,4291,49992258,40301688
2022-11-10,181,4538,49992439,40306226
2022-11-11,188,4199,49992627,40310425
2022-11-12,152,2347,49992779,40312772
2022-11-13,7,331,49992786,40313103
2022-11-14,148,2825,49992934,40315928
2022-11-15,198,3709,49993132,40319637
2022-11-16,204,3920,49993336,40323557
2022-11-17,188,4012,49993524,40327569
2022-11-18,245,3923,49993769,40331492
2022-11-19,111,2029,49993880,40333521
2022-11-20,23,307,49993903,40333828
2022-11-21,118,2512,49994021,40336340
2022-11-22,146,2950,49994167,40339290