data_somministrazione,vaccinazioni,booster,cum_vaccinazioni,cum_booster
2020-12-27,18,0,18,0
2020-12-28,2,0,20,0
2020-12-29,1,0,21,0
2020-12-30,6,0,27,0
2020-12-31,52,0,79,0
2021-01-01,20,0,99,0
2021-01-02,88,0,187,0
2021-01-03,68,0,255,0
2021-01-04,183,0,438,0
2021-01-05,224,0,662,0
2021-01-06,176,0,838,0
2021-01-07,264,0,1102,0
2021-01-08,311,0,1413,0
2021-01-09,232,0,1645,0
2021-01-10,138,0,1783,0
2021-01-11,254,0,2037,0
2021-01-12,258,0,2295,0
2021-01-13,370,0,2665,0
2021-01-14,460,0,3125,0
2021-01-15,283,0,3408,0
2021-01-16,196,0,3604,0
2021-01-17,3055,0,6659,0
2021-01-18,5206,0,11865,0
2021-01-19,1890,0,13755,0
2021-01-20,4651,0,18406,0
2021-01-21,20009,0,38415,0
2021-01-22,14201,0,52616,0
2021-01-23,33341,0,85957,0
2021-01-24,30794,0,116751,0
2021-01-25,64745,0,181496,0
2021-01-26,76508,0,258004,0
2021-01-27,64856,0,322860,0
2021-01-28,89315,0,412175,0
2021-01-29,94047,0,506222,0
2021-01-30,86586,0,592808,0
2021-01-31,57345,0,650153,0
2021-02-01,81881,0,732034,0
2021-02-02,82149,0,814183,0
2021-02-03,91201,0,905384,0
2021-02-04,95406,0,1000790,0
2021-02-05,90292,0,1091082,0
2021-02-06,63451,0,1154533,0
2021-02-07,32925,0,1187458,0
2021-02-08,40433,0,1227891,0
2021-02-09,32862,0,1260753,0
2021-02-10,28413,0,1289166,0
2021-02-11,20380,0,1309546,0
2021-02-12,16220,0,1325766,0
2021-02-13,7241,0,1333007,0
2021-02-14,2861,0,1335868,0
2021-02-15,6835,0,1342703,0
2021-02-16,6990,0,1349693,0
2021-02-17,10517,0,1360210,0
2021-02-18,9241,0,1369451,0
2021-02-19,8231,0,1377682,0
2021-02-20,5531,0,1383213,0
2021-02-21,2976,0,1386189,0
2021-02-22,6875,0,1393064,0
2021-02-23,7154,0,1400218,0
2021-02-24,9822,0,1410040,0
2021-02-25,14198,0,1424238,0
2021-02-26,17544,0,1441782,0
2021-02-27,13894,0,1455676,0
2021-02-28,9382,0,1465058,0
2021-03-01,26506,0,1491564,0
2021-03-02,33230,0,1524794,0
2021-03-03,44642,0,1569436,0
2021-03-04,50289,0,1619725,0
2021-03-05,55734,0,1675459,0
2021-03-06,41868,0,1717327,0
2021-03-07,22319,0,1739646,0
2021-03-08,50786,0,1790432,0
2021-03-09,53055,0,1843487,0
2021-03-10,58617,0,1902104,0
2021-03-11,63822,0,1965926,0
2021-03-12,65085,0,2031011,0
2021-03-13,51695,0,2082706,0
2021-03-14,35382,0,2118088,0
2021-03-15,73420,0,2191508,0
2021-03-16,74021,0,2265529,0
2021-03-17,83127,0,2348656,0
2021-03-18,81616,0,2430272,0
2021-03-19,81078,0,2511350,0
2021-03-20,64700,0,2576050,0
2021-03-21,47284,0,2623334,0
2021-03-22,69466,0,2692800,0
2021-03-23,75774,0,2768574,0
2021-03-24,90874,0,2859448,0
2021-03-25,89774,0,2949222,0
2021-03-26,83589,0,3032811,0
2021-03-27,71902,0,3104713,0
2021-03-28,44112,0,3148825,0
2021-03-29,70795,0,3219620,0
2021-03-30,81345,0,3300965,0
2021-03-31,96197,0,3397162,0
2021-04-01,95284,0,3492446,0
2021-04-02,84060,0,3576506,0
2021-04-03,64291,0,3640797,0
2021-04-04,21714,0,3662511,0
2021-04-05,40294,0,3702805,0
2021-04-06,81288,0,3784093,0
2021-04-07,95790,0,3879883,0
2021-04-08,95217,0,3975100,0
2021-04-09,88467,0,4063567,0
2021-04-10,74013,0,4137580,0
2021-04-11,44741,0,4182321,0
2021-04-12,66898,0,4249219,0
2021-04-13,72551,0,4321770,0
2021-04-14,85512,0,4407282,0
2021-04-15,105392,0,4512674,0
2021-04-16,106399,0,4619073,0
2021-04-17,90473,0,4709546,0
2021-04-18,58580,0,4768126,0
2021-04-19,93425,0,4861551,0
2021-04-20,103755,0,4965306,0
2021-04-21,125320,0,5090626,0
2021-04-22,143500,0,5234126,0
2021-04-23,138703,0,5372829,0
2021-04-24,124426,0,5497255,0
2021-04-25,61445,0,5558700,0
2021-04-26,97869,0,5656569,0
2021-04-27,128344,0,5784913,0
2021-04-28,156342,0,5941255,0
2021-04-29,195564,0,6136819,0
2021-04-30,214545,0,6351364,0
2021-05-01,174081,0,6525445,0
2021-05-02,135783,0,6661228,0
2021-05-03,141989,0,6803217,0
2021-05-04,158674,0,6961891,0
2021-05-05,170456,0,7132347,0
2021-05-06,197779,0,7330126,0
2021-05-07,213785,0,7543911,0
2021-05-08,213364,0,7757275,0
2021-05-09,143186,0,7900461,0
2021-05-10,165060,0,8065521,0
2021-05-11,174936,0,8240457,0
2021-05-12,179127,0,8419584,0
2021-05-13,203337,0,8622921,0
2021-05-14,222876,0,8845797,0
2021-05-15,210315,0,9056112,0
2021-05-16,159250,0,9215362,0
2021-05-17,219166,0,9434528,0
2021-05-18,212988,0,9647516,0
2021-05-19,207046,0,9854562,0
2021-05-20,270827,0,10125389,0
2021-05-21,270841,0,10396230,0
2021-05-22,245502,0,10641732,0
2021-05-23,197165,0,10838897,0
2021-05-24,228276,0,11067173,0
2021-05-25,245667,0,11312840,0
2021-05-26,277466,0,11590306,0
2021-05-27,311057,0,11901363,0
2021-05-28,299538,0,12200901,0
2021-05-29,231182,0,12432083,0
2021-05-30,170806,0,12602889,0
2021-05-31,216383,0,12819272,0
2021-06-01,207616,0,13026888,0
2021-06-02,115751,0,13142639,0
2021-06-03,180070,0,13322709,0
2021-06-04,184817,0,13507526,0
2021-06-05,185893,0,13693419,0
2021-06-06,139486,0,13832905,0
2021-06-07,161792,0,13994697,0
2021-06-08,171119,0,14165816,0
2021-06-09,171385,0,14337201,0
2021-06-10,173984,0,14511185,0
2021-06-11,169898,0,14681083,0
2021-06-12,128273,0,14809356,0
2021-06-13,91111,0,14900467,0
2021-06-14,214612,0,15115079,0
2021-06-15,228345,0,15343424,0
2021-06-16,253005,0,15596429,0
2021-06-17,301669,0,15898098,0
2021-06-18,306223,0,16204321,0
2021-06-19,275025,0,16479346,0
2021-06-20,220694,0,16700040,0
2021-06-21,288012,0,16988052,0
2021-06-22,296159,0,17284211,0
2021-06-23,302647,0,17586858,0
2021-06-24,332526,0,17919384,0
2021-06-25,348677,0,18268061,0
2021-06-26,300074,0,18568135,0
2021-06-27,228596,0,18796731,0
2021-06-28,307011,0,19103742,0
2021-06-29,329203,0,19432945,0
2021-06-30,342071,0,19775016,0
2021-07-01,363128,0,20138144,0
2021-07-02,368414,0,20506558,0
2021-07-03,371055,0,20877613,0
2021-07-04,283183,0,21160796,0
2021-07-05,384493,0,21545289,0
2021-07-06,385414,0,21930703,0
2021-07-07,412043,0,22342746,0
2021-07-08,479629,0,22822375,0
2021-07-09,498505,0,23320880,0
2021-07-10,475179,0,23796059,0
2021-07-11,357702,0,24153761,0
2021-07-12,485920,0,24639681,0
2021-07-13,492157,0,25131838,0
2021-07-14,480487,0,25612325,0
2021-07-15,523521,0,26135846,0
2021-07-16,509791,0,26645637,0
2021-07-17,464382,0,27110019,0
2021-07-18,364704,0,27474723,0
2021-07-19,463086,0,27937809,0
2021-07-20,458103,0,28395912,0
2021-07-21,462820,0,28858732,0
2021-07-22,475395,0,29334127,0
2021-07-23,441312,0,29775439,0
2021-07-24,386189,0,30161628,0
2021-07-25,287614,0,30449242,0
2021-07-26,430912,0,30880154,0
2021-07-27,440131,0,31320285,0
2021-07-28,391026,0,31711311,0
2021-07-29,372082,0,32083393,0
2021-07-30,341481,0,32424874,0
2021-07-31,286993,0,32711867,0
2021-08-01,191016,0,32902883,0
2021-08-02,333723,0,33236606,0
2021-08-03,323180,0,33559786,0
2021-08-04,310966,0,33870752,0
2021-08-05,292515,0,34163267,0
2021-08-06,259990,0,34423257,0
2021-08-07,199030,0,34622287,0
2021-08-08,153103,0,34775390,0
2021-08-09,234064,0,35009454,0
2021-08-10,205240,0,35214694,0
2021-08-11,193736,0,35408430,0
2021-08-12,167946,0,35576376,0
2021-08-13,148576,0,35724952,0
2021-08-14,66082,0,35791034,0
2021-08-15,26329,0,35817363,0
2021-08-16,114662,0,35932025,0
2021-08-17,129229,0,36061254,0
2021-08-18,128719,0,36189973,0
2021-08-19,124770,0,36314743,0
2021-08-20,123772,0,36438515,0
2021-08-21,83099,0,36521614,0
2021-08-22,68159,0,36589773,0
2021-08-23,176862,0,36766635,0
2021-08-24,156896,0,36923531,0
2021-08-25,177165,0,37100696,0
2021-08-26,172342,0,37273038,0
2021-08-27,185857,0,37458895,0
2021-08-28,140263,0,37599158,0
2021-08-29,99013,0,37698171,0
2021-08-30,209627,0,37907798,0
2021-08-31,194621,0,38102419,0
2021-09-01,192210,0,38294629,0
2021-09-02,189938,0,38484567,0
2021-09-03,191354,0,38675921,0
2021-09-04,131493,0,38807414,0
2021-09-05,87873,0,38895287,0
2021-09-06,193662,0,39088949,0
2021-09-07,196076,0,39285025,0
2021-09-08,187916,0,39472941,0
2021-09-09,201488,0,39674429,0
2021-09-10,198120,0,39872549,0
2021-09-11,141338,0,40013887,0
2021-09-12,89606,0,40103493,0
2021-09-13,191192,516,40294685,516
2021-09-14,177275,552,40471960,1068
2021-09-15,163130,553,40635090,1621
2021-09-16,160099,896,40795189,2517
2021-09-17,150168,1092,40945357,3609
2021-09-18,127974,714,41073331,4323
2021-09-19,81133,478,41154464,4801
2021-09-20,180075,9048,41334539,13849
2021-09-21,166612,8814,41501151,22663
2021-09-22,159064,9415,41660215,32078
2021-09-23,138066,9308,41798281,41386
2021-09-24,140530,8940,41938811,50326
2021-09-25,119534,5622,42058345,55948
2021-09-26,71944,4332,42130289,60280
2021-09-27,135617,10032,42265906,70312
2021-09-28,117469,11369,42383375,81681
2021-09-29,112306,11820,42495681,93501
2021-09-30,110214,14927,42605895,108428
2021-10-01,94955,19096,42700850,127524
2021-10-02,78458,14010,42779308,141534
2021-10-03,47712,7651,42827020,149185
2021-10-04,88369,34436,42915389,183621
2021-10-05,80351,33962,42995740,217583
2021-10-06,71967,34144,43067707,251727
2021-10-07,71835,34334,43139542,286061
2021-10-08,80610,33579,43220152,319640
2021-10-09,76091,22158,43296243,341798
2021-10-10,45769,13609,43342012,355407
2021-10-11,87394,41093,43429406,396500
2021-10-12,84479,46884,43513885,443384
2021-10-13,88181,52095,43602066,495479
2021-10-14,91506,58488,43693572,553967
2021-10-15,93575,55605,43787147,609572
2021-10-16,82952,36768,43870099,646340
2021-10-17,51456,23818,43921555,670158
2021-10-18,90278,59467,44011833,729625
2021-10-19,78333,69360,44090166,798985
2021-10-20,75071,78141,44165237,877126
2021-10-21,78303,81732,44243540,958858
2021-10-22,73795,77005,44317335,1035863
2021-10-23,60810,51945,44378145,1087808
2021-10-24,33387,23436,44411532,1111244
2021-10-25,64900,81614,44476432,1192858
2021-10-26,58369,91765,44534801,1284623
2021-10-27,58327,103947,44593128,1388570
2021-10-28,61462,114090,44654590,1502660
2021-10-29,61667,103089,44716257,1605749
2021-10-30,50672,68104,44766929,1673853
2021-10-31,25168,28280,44792097,1702133
2021-11-01,19046,28145,44811143,1730278
2021-11-02,62779,89350,44873922,1819628
2021-11-03,60732,118649,44934654,1938277
2021-11-04,59245,126642,44993899,2064919
2021-11-05,63101,135154,45057000,2200073
2021-11-06,46470,90918,45103470,2290991
2021-11-07,22253,37890,45125723,2328881
2021-11-08,51526,131247,45177249,2460128
2021-11-09,45402,144178,45222651,2604306
2021-11-10,42573,156340,45265224,2760646
2021-11-11,44932,155123,45310156,2915769
2021-11-12,46368,158551,45356524,3074320
2021-11-13,33252,116639,45389776,3190959
2021-11-14,14475,52445,45404251,3243404
2021-11-15,36892,157410,45441143,3400814
2021-11-16,30539,171364,45471682,3572178
2021-11-17,28439,178425,45500121,3750603
2021-11-18,30273,193699,45530394,3944302
2021-11-19,28790,205835,45559184,4150137
2021-11-20,20982,156431,45580166,4306568
2021-11-21,10603,64851,45590769,4371419
2021-11-22,21923,213135,45612692,4584554
2021-11-23,23552,241732,45636244,4826286
2021-11-24,27819,270933,45664063,5097219
2021-11-25,23210,301893,45687273,5399112
2021-11-26,24555,318253,45711828,5717365
2021-11-27,21362,266143,45733190,5983508
2021-11-28,9886,137052,45743076,6120560
2021-11-29,22302,326051,45765378,6446611
2021-11-30,23063,365811,45788441,6812422
2021-12-01,21500,413488,45809941,7225910
2021-12-02,23736,440379,45833677,7666289
2021-12-03,25198,467437,45858875,8133726
2021-12-04,22330,418719,45881205,8552445
2021-12-05,11900,261327,45893105,8813772
2021-12-06,25786,457555,45918891,9271327
2021-12-07,24094,480237,45942985,9751564
2021-12-08,9978,249674,45952963,10001238
2021-12-09,31533,491903,45984496,10493141
2021-12-10,28021,517851,46012517,11010992
2021-12-11,23522,459232,46036039,11470224
2021-12-12,12283,293487,46048322,11763711
2021-12-13,26115,467609,46074437,12231320
2021-12-14,25136,494179,46099573,12725499
2021-12-15,25288,517118,46124861,13242617
2021-12-16,27832,520220,46152693,13762837
2021-12-17,29299,517147,46181992,14279984
2021-12-18,26983,468703,46208975,14748687
2021-12-19,15115,300509,46224090,15049196
2021-12-20,30569,477456,46254659,15526652
2021-12-21,30309,493360,46284968,16020012
2021-12-22,29392,484686,46314360,16504698
2021-12-23,28179,426886,46342539,16931584
2021-12-24,13095,210812,46355634,17142396
2021-12-25,2101,33052,46357735,17175448
2021-12-26,8741,159060,46366476,17334508
2021-12-27,46702,504637,46413178,17839145
2021-12-28,42374,554181,46455552,18393326
2021-12-29,34234,550631,46489786,18943957
2021-12-30,31744,499803,46521530,19443760
2021-12-31,14076,247390,46535606,19691150
2022-01-01,3484,64811,46539090,19755961
2022-01-02,22694,276714,46561784,20032675
2022-01-03,47690,520001,46609474,20552676
2022-01-04,46192,572058,46655666,21124734
2022-01-05,40589,560372,46696255,21685106
2022-01-06,23382,274476,46719637,21959582
2022-01-07,63499,554168,46783136,22513750
2022-01-08,60646,503365,46843782,23017115
2022-01-09,42670,319682,46886452,23336797
2022-01-10,60899,542260,46947351,23879057
2022-01-11,61496,586967,47008847,24466024
2022-01-12,58242,581266,47067089,25047290
2022-01-13,58382,580360,47125471,25627650
2022-01-14,46572,588551,47172043,26216201
2022-01-15,39103,569923,47211146,26786124
2022-01-16,31026,341845,47242172,27127969
2022-01-17,54610,489639,47296782,27617608
2022-01-18,58229,516999,47355011,28134607
2022-01-19,57050,502768,47412061,28637375
2022-01-20,54189,498798,47466250,29136173
2022-01-21,41902,493853,47508152,29630026
2022-01-22,30996,469582,47539148,30099608
2022-01-23,34805,275360,47573953,30374968
2022-01-24,56073,437201,47630026,30812169
2022-01-25,61429,452079,47691455,31264248
2022-01-26,58431,435804,47749886,31700052
2022-01-27,48740,432346,47798626,32132398
2022-01-28,58547,436518,47857173,32568916
2022-01-29,67979,412470,47925152,32981386
2022-01-30,50291,235960,47975443,33217346
2022-01-31,60475,356913,48035918,33574259
2022-02-01,65423,328419,48101341,33902678
2022-02-02,63074,296949,48164415,34199627
2022-02-03,59957,274506,48224372,34474133
2022-02-04,72271,268433,48296643,34742566
2022-02-05,83662,248519,48380305,34991085
2022-02-06,55218,116191,48435523,35107276
2022-02-07,65065,199924,48500588,35307200
2022-02-08,66861,186099,48567449,35493299
2022-02-09,58686,166325,48626135,35659624
2022-02-10,58482,163227,48684617,35822851
2022-02-11,62160,162445,48746777,35985296
2022-02-12,71909,152131,48818686,36137427
2022-02-13,41441,68848,48860127,36206275
2022-02-14,46627,116178,48906754,36322453
2022-02-15,48465,123477,48955219,36445930
2022-02-16,45627,106105,49000846,36552035
2022-02-17,42826,98095,49043672,36650130
2022-02-18,46564,112564,49090236,36762694
2022-02-19,52493,100325,49142729,36863019
2022-02-20,31401,40358,49174130,36903377
2022-02-21,37870,89637,49212000,36993014
2022-02-22,37177,83764,49249177,37076778
2022-02-23,33360,79400,49282537,37156178
2022-02-24,32533,78157,49315070,37234335
2022-02-25,34729,90700,49349799,37325035
2022-02-26,39129,89129,49388928,37414164
2022-02-27,22535,35855,49411463,37450019
2022-02-28,28449,81686,49439912,37531705
2022-03-01,22673,53932,49462585,37585637
2022-03-02,21977,50625,49484562,37636262
2022-03-03,22580,54936,49507142,37691198
2022-03-04,23200,62788,49530342,37753986
2022-03-05,23763,57949,49554105,37811935
2022-03-06,9467,17199,49563572,37829134
2022-03-07,15883,51386,49579455,37880520
2022-03-08,15433,48795,49594888,37929315
2022-03-09,13784,46510,49608672,37975825
2022-03-10,14012,52113,49622684,38027938
2022-03-11,15547,57244,49638231,38085182
2022-03-12,15476,56612,49653707,38141794
2022-03-13,5539,16848,49659246,38158642
2022-03-14,10510,46690,49669756,38205332
2022-03-15,10518,46891,49680274,38252223
2022-03-16,9460,41975,49689734,38294198
2022-03-17,9689,44872,49699423,38339070
2022-03-18,10143,49044,49709566,38388114
2022-03-19,9135,46530,49718701,38434644
2022-03-20,2603,11699,49721304,38446343
2022-03-21,7563,40217,49728867,38486560
2022-03-22,8430,37743,49737297,38524303
2022-03-23,7196,33695,49744493,38557998
2022-03-24,8239,38789,49752732,38596787
2022-03-25,8109,43659,49760841,38640446
2022-03-26,8116,41715,49768957,38682161
2022-03-27,2424,9683,49771381,38691844
2022-03-28,6093,35227,49777474,38727071
2022-03-29,5769,32522,49783243,38759593
2022-03-30,5549,30193,49788792,38789786
2022-03-31,5874,33166,49794666,38822952
2022-04-01,4338,25178,49799004,38848130
2022-04-02,4485,23269,49803489,38871399
2022-04-03,1045,4499,49804534,38875898
2022-04-04,3647,21532,49808181,38897430
2022-04-05,3743,22922,49811924,38920352
2022-04-06,4091,21835,49816015,38942187
2022-04-07,3947,23317,49819962,38965504
2022-04-08,4679,26707,49824641,38992211
2022-04-09,4372,23879,49829013,39016090
2022-04-10,891,4614,49829904,39020704
2022-04-11,3797,22681,49833701,39043385
2022-04-12,3350,21774,49837051,39065159
2022-04-13,3553,21334,49840604,39086493
2022-04-14,3475,23771,49844079,39110264
2022-04-15,3075,20613,49847154,39130877
2022-04-16,2145,11920,49849299,39142797
2022-04-17,63,348,49849362,39143145
2022-04-18,148,650,49849510,39143795
2022-04-19,3479,21976,49852989,39165771
2022-04-20,3490,20249,49856479,39186020
2022-04-21,2832,19774,49859311,39205794
2022-04-22,2910,20694,49862221,39226488
2022-04-23,2633,16204,49864854,39242692
2022-04-24,509,2335,49865363,39245027
2022-04-25,183,1165,49865546,39246192
2022-04-26,2755,17789,49868301,39263981
2022-04-27,2362,15777,49870663,39279758
2022-04-28,2344,15533,49873007,39295291
2022-04-29,2287,14831,49875294,39310122
2022-04-30,2115,11576,49877409,39321698
2022-05-01,113,530,49877522,39322228
2022-05-02,1442,9380,49878964,39331608
2022-05-03,1569,10306,49880533,39341914
2022-05-04,1744,10254,49882277,39352168
2022-05-05,1645,10273,49883922,39362441
2022-05-06,1693,10942,49885615,39373383
2022-05-07,1430,8562,49887045,39381945
2022-05-08,404,1514,49887449,39383459
2022-05-09,1024,8914,49888473,39392373
2022-05-10,1418,9536,49889891,39401909
2022-05-11,1476,10087,49891367,39411996
2022-05-12,1362,10117,49892729,39422113
2022-05-13,1586,10505,49894315,39432618
2022-05-14,1356,8226,49895671,39440844
2022-05-15,336,1129,49896007,39441973
2022-05-16,808,8386,49896815,39450359
2022-05-17,1239,8665,49898054,39459024
2022-05-18,1368,9206,49899422,39468230
2022-05-19,1495,9265,49900917,39477495
2022-05-20,1419,9488,49902336,39486983
2022-05-21,1299,7891,49903635,39494874
2022-05-22,232,1011,49903867,39495885
2022-05-23,824,8259,49904691,39504144
2022-05-24,1069,8662,49905760,39512806
2022-05-25,1363,9443,49907123,39522249
2022-05-26,1192,9451,49908315,39531700
2022-05-27,1223,9907,49909538,39541607
2022-05-28,1201,7872,49910739,39549479
2022-05-29,285,1263,49911024,39550742
2022-05-30,926,8023,49911950,39558765
2022-05-31,1033,8528,49912983,39567293
2022-06-01,890,7641,49913873,39574934
2022-06-02,34,474,49913907,39575408
2022-06-03,811,7326,49914718,39582734
2022-06-04,869,5155,49915587,39587889
2022-06-05,89,586,49915676,39588475
2022-06-06,663,6960,49916339,39595435
2022-06-07,928,7841,49917267,39603276
2022-06-08,977,7895,49918244,39611171
2022-06-09,1031,8398,49919275,39619569
2022-06-10,949,8534,49920224,39628103
2022-06-11,897,6208,49921121,39634311
2022-06-12,140,767,49921261,39635078
2022-06-13,601,6292,49921862,39641370
2022-06-14,824,7869,49922686,39649239
2022-06-15,949,7842,49923635,39657081
2022-06-16,726,7381,49924361,39664462
2022-06-17,715,7229,49925076,39671691
2022-06-18,774,5587,49925850,39677278
2022-06-19,46,522,49925896,39677800
2022-06-20,587,6690,49926483,39684490
2022-06-21,730,7634,49927213,39692124
2022-06-22,773,7298,49927986,39699422
2022-06-23,646,7451,49928632,39706873
2022-06-24,636,7452,49929268,39714325
2022-06-25,835,6531,49930103,39720856
2022-06-26,128,523,49930231,39721379
2022-06-27,528,7110,49930759,39728489
2022-06-28,740,8188,49931499,39736677
2022-06-29,755,7707,49932254,39744384
2022-06-30,738,8122,49932992,39752506
2022-07-01,574,6436,49933566,39758942
2022-07-02,534,4763,49934100,39763705
2022-07-03,49,455,49934149,39764160
2022-07-04,468,6255,49934617,39770415
2022-07-05,616,8104,49935233,39778519
2022-07-06,622,7569,49935855,39786088
2022-07-07,558,8241,49936413,39794329
2022-07-08,667,8061,49937080,39802390
2022-07-09,548,6101,49937628,39808491
2022-07-10,59,533,49937687,39809024
2022-07-11,473,7622,49938160,39816646
2022-07-12,647,8959,49938807,39825605
2022-07-13,622,10042,49939429,39835647
2022-07-14,618,10162,49940047,39845809
2022-07-15,615,10584,49940662,39856393
2022-07-16,511,7188,49941173,39863581
2022-07-17,48,767,49941221,39864348
2022-07-18,492,9320,49941713,39873668
2022-07-19,557,10591,49942270,39884259
2022-07-20,556,11167,49942826,39895426
2022-07-21,613,11925,49943439,39907351
2022-07-22,552,11090,49943991,39918441
2022-07-23,372,6665,49944363,39925106
2022-07-24,75,831,49944438,39925937
2022-07-25,477,8928,49944915,39934865
2022-07-26,495,9523,49945410,39944388
2022-07-27,517,8487,49945927,39952875