data_somministrazione,vaccinazioni,booster,cum_vaccinazioni,cum_booster
2020-12-27,20,0,20,0
2020-12-28,2,0,22,0
2020-12-29,1,0,23,0
2020-12-30,8,0,31,0
2020-12-31,72,0,103,0
2021-01-01,23,0,126,0
2021-01-02,125,0,251,0
2021-01-03,88,0,339,0
2021-01-04,212,0,551,0
2021-01-05,255,0,806,0
2021-01-06,218,0,1024,0
2021-01-07,304,0,1328,0
2021-01-08,350,0,1678,0
2021-01-09,262,0,1940,0
2021-01-10,158,0,2098,0
2021-01-11,282,0,2380,0
2021-01-12,271,0,2651,0
2021-01-13,400,0,3051,0
2021-01-14,484,0,3535,0
2021-01-15,303,0,3838,0
2021-01-16,213,0,4051,0
2021-01-17,3060,0,7111,0
2021-01-18,5211,0,12322,0
2021-01-19,1893,0,14215,0
2021-01-20,4656,0,18871,0
2021-01-21,20004,0,38875,0
2021-01-22,14219,0,53094,0
2021-01-23,33329,0,86423,0
2021-01-24,30785,0,117208,0
2021-01-25,64724,0,181932,0
2021-01-26,76491,0,258423,0
2021-01-27,64826,0,323249,0
2021-01-28,89274,0,412523,0
2021-01-29,94013,0,506536,0
2021-01-30,86557,0,593093,0
2021-01-31,57330,0,650423,0
2021-02-01,81855,0,732278,0
2021-02-02,82143,0,814421,0
2021-02-03,91192,0,905613,0
2021-02-04,95395,0,1001008,0
2021-02-05,90271,0,1091279,0
2021-02-06,63445,0,1154724,0
2021-02-07,32931,0,1187655,0
2021-02-08,40427,0,1228082,0
2021-02-09,32866,0,1260948,0
2021-02-10,28423,0,1289371,0
2021-02-11,20399,0,1309770,0
2021-02-12,16237,0,1326007,0
2021-02-13,7268,0,1333275,0
2021-02-14,2861,0,1336136,0
2021-02-15,6840,0,1342976,0
2021-02-16,6999,0,1349975,0
2021-02-17,10522,0,1360497,0
2021-02-18,9252,0,1369749,0
2021-02-19,8247,0,1377996,0
2021-02-20,5561,0,1383557,0
2021-02-21,3000,0,1386557,0
2021-02-22,6883,0,1393440,0
2021-02-23,7168,0,1400608,0
2021-02-24,9832,0,1410440,0
2021-02-25,14211,0,1424651,0
2021-02-26,17555,0,1442206,0
2021-02-27,13911,0,1456117,0
2021-02-28,9388,0,1465505,0
2021-03-01,26518,0,1492023,0
2021-03-02,33240,0,1525263,0
2021-03-03,44645,0,1569908,0
2021-03-04,50292,0,1620200,0
2021-03-05,55732,0,1675932,0
2021-03-06,41870,0,1717802,0
2021-03-07,22323,0,1740125,0
2021-03-08,50823,0,1790948,0
2021-03-09,53074,0,1844022,0
2021-03-10,58650,0,1902672,0
2021-03-11,63863,0,1966535,0
2021-03-12,65110,0,2031645,0
2021-03-13,51718,0,2083363,0
2021-03-14,35398,0,2118761,0
2021-03-15,73442,0,2192203,0
2021-03-16,74028,0,2266231,0
2021-03-17,83133,0,2349364,0
2021-03-18,81622,0,2430986,0
2021-03-19,81082,0,2512068,0
2021-03-20,64723,0,2576791,0
2021-03-21,47297,0,2624088,0
2021-03-22,69478,0,2693566,0
2021-03-23,75800,0,2769366,0
2021-03-24,90914,0,2860280,0
2021-03-25,89800,0,2950080,0
2021-03-26,83621,0,3033701,0
2021-03-27,71938,0,3105639,0
2021-03-28,44147,0,3149786,0
2021-03-29,70824,0,3220610,0
2021-03-30,81386,0,3301996,0
2021-03-31,96237,0,3398233,0
2021-04-01,95308,0,3493541,0
2021-04-02,84072,0,3577613,0
2021-04-03,64305,0,3641918,0
2021-04-04,21719,0,3663637,0
2021-04-05,40311,0,3703948,0
2021-04-06,81313,0,3785261,0
2021-04-07,95830,0,3881091,0
2021-04-08,95235,0,3976326,0
2021-04-09,88489,0,4064815,0
2021-04-10,74030,0,4138845,0
2021-04-11,44764,0,4183609,0
2021-04-12,66918,0,4250527,0
2021-04-13,72573,0,4323100,0
2021-04-14,85539,0,4408639,0
2021-04-15,105418,0,4514057,0
2021-04-16,106417,0,4620474,0
2021-04-17,90514,0,4710988,0
2021-04-18,58589,0,4769577,0
2021-04-19,93431,0,4863008,0
2021-04-20,103770,0,4966778,0
2021-04-21,125339,0,5092117,0
2021-04-22,143518,0,5235635,0
2021-04-23,138740,0,5374375,0
2021-04-24,124446,0,5498821,0
2021-04-25,61457,0,5560278,0
2021-04-26,97895,0,5658173,0
2021-04-27,128362,0,5786535,0
2021-04-28,156369,0,5942904,0
2021-04-29,195595,0,6138499,0
2021-04-30,214578,0,6353077,0
2021-05-01,174117,0,6527194,0
2021-05-02,135801,0,6662995,0
2021-05-03,142038,0,6805033,0
2021-05-04,158697,0,6963730,0
2021-05-05,170500,0,7134230,0
2021-05-06,197810,0,7332040,0
2021-05-07,213848,0,7545888,0
2021-05-08,213413,0,7759301,0
2021-05-09,143201,0,7902502,0
2021-05-10,165087,0,8067589,0
2021-05-11,174988,0,8242577,0
2021-05-12,179184,0,8421761,0
2021-05-13,203383,0,8625144,0
2021-05-14,222914,0,8848058,0
2021-05-15,210359,0,9058417,0
2021-05-16,159275,0,9217692,0
2021-05-17,219193,0,9436885,0
2021-05-18,213018,0,9649903,0
2021-05-19,207087,0,9856990,0
2021-05-20,270862,0,10127852,0
2021-05-21,270887,0,10398739,0
2021-05-22,245524,0,10644263,0
2021-05-23,197179,0,10841442,0
2021-05-24,228305,0,11069747,0
2021-05-25,245695,0,11315442,0
2021-05-26,277493,0,11592935,0
2021-05-27,311084,0,11904019,0
2021-05-28,299571,0,12203590,0
2021-05-29,231221,0,12434811,0
2021-05-30,170840,0,12605651,0
2021-05-31,216420,0,12822071,0
2021-06-01,207632,0,13029703,0
2021-06-02,115792,0,13145495,0
2021-06-03,180139,0,13325634,0
2021-06-04,184876,0,13510510,0
2021-06-05,185957,0,13696467,0
2021-06-06,139549,0,13836016,0
2021-06-07,161870,0,13997886,0
2021-06-08,171220,0,14169106,0
2021-06-09,171479,0,14340585,0
2021-06-10,174099,0,14514684,0
2021-06-11,169972,0,14684656,0
2021-06-12,128322,0,14812978,0
2021-06-13,91183,0,14904161,0
2021-06-14,214678,0,15118839,0
2021-06-15,228419,0,15347258,0
2021-06-16,253075,0,15600333,0
2021-06-17,301733,0,15902066,0
2021-06-18,306296,0,16208362,0
2021-06-19,275088,0,16483450,0
2021-06-20,220782,0,16704232,0
2021-06-21,288077,0,16992309,0
2021-06-22,296222,0,17288531,0
2021-06-23,302689,0,17591220,0
2021-06-24,332595,0,17923815,0
2021-06-25,348715,0,18272530,0
2021-06-26,300122,0,18572652,0
2021-06-27,228663,0,18801315,0
2021-06-28,307091,0,19108406,0
2021-06-29,329287,0,19437693,0
2021-06-30,342165,0,19779858,0
2021-07-01,363205,0,20143063,0
2021-07-02,368473,0,20511536,0
2021-07-03,371090,0,20882626,0
2021-07-04,283212,0,21165838,0
2021-07-05,384544,0,21550382,0
2021-07-06,385471,0,21935853,0
2021-07-07,412118,0,22347971,0
2021-07-08,479611,0,22827582,0
2021-07-09,498481,0,23326063,0
2021-07-10,475185,0,23801248,0
2021-07-11,357700,0,24158948,0
2021-07-12,485901,0,24644849,0
2021-07-13,492120,0,25136969,0
2021-07-14,480468,0,25617437,0
2021-07-15,523460,0,26140897,0
2021-07-16,509767,0,26650664,0
2021-07-17,464349,0,27115013,0
2021-07-18,364655,0,27479668,0
2021-07-19,463060,0,27942728,0
2021-07-20,458065,0,28400793,0
2021-07-21,462800,0,28863593,0
2021-07-22,475394,0,29338987,0
2021-07-23,441319,0,29780306,0
2021-07-24,386170,0,30166476,0
2021-07-25,287560,0,30454036,0
2021-07-26,430878,0,30884914,0
2021-07-27,440131,0,31325045,0
2021-07-28,391012,0,31716057,0
2021-07-29,372077,0,32088134,0
2021-07-30,341516,0,32429650,0
2021-07-31,287029,0,32716679,0
2021-08-01,191004,0,32907683,0
2021-08-02,333712,0,33241395,0
2021-08-03,323191,0,33564586,0
2021-08-04,310978,0,33875564,0
2021-08-05,292506,0,34168070,0
2021-08-06,260011,0,34428081,0
2021-08-07,199048,0,34627129,0
2021-08-08,153111,0,34780240,0
2021-08-09,234067,0,35014307,0
2021-08-10,205249,0,35219556,0
2021-08-11,193769,0,35413325,0
2021-08-12,168025,0,35581350,0
2021-08-13,148634,0,35729984,0
2021-08-14,66093,0,35796077,0
2021-08-15,26338,0,35822415,0
2021-08-16,114700,0,35937115,0
2021-08-17,129247,0,36066362,0
2021-08-18,128749,0,36195111,0
2021-08-19,124816,0,36319927,0
2021-08-20,123796,0,36443723,0
2021-08-21,83128,0,36526851,0
2021-08-22,68172,0,36595023,0
2021-08-23,176872,0,36771895,0
2021-08-24,156897,0,36928792,0
2021-08-25,177170,0,37105962,0
2021-08-26,172362,0,37278324,0
2021-08-27,185836,0,37464160,0
2021-08-28,140274,0,37604434,0
2021-08-29,98993,0,37703427,0
2021-08-30,209604,0,37913031,0
2021-08-31,194640,0,38107671,0
2021-09-01,192209,0,38299880,0
2021-09-02,189929,0,38489809,0
2021-09-03,191304,0,38681113,0
2021-09-04,131468,0,38812581,0
2021-09-05,87858,0,38900439,0
2021-09-06,193633,0,39094072,0
2021-09-07,196043,0,39290115,0
2021-09-08,187882,0,39477997,0
2021-09-09,201448,0,39679445,0
2021-09-10,198079,0,39877524,0
2021-09-11,141306,0,40018830,0
2021-09-12,89596,0,40108426,0
2021-09-13,191132,595,40299558,595
2021-09-14,177234,609,40476792,1204
2021-09-15,163100,612,40639892,1816
2021-09-16,160077,958,40799969,2774
2021-09-17,150171,1136,40950140,3910
2021-09-18,127984,750,41078124,4660
2021-09-19,81135,499,41159259,5159
2021-09-20,180079,9095,41339338,14254
2021-09-21,166648,8843,41505986,23097
2021-09-22,159089,9447,41665075,32544
2021-09-23,138077,9340,41803152,41884
2021-09-24,140540,8976,41943692,50860
2021-09-25,119555,5652,42063247,56512
2021-09-26,71969,4351,42135216,60863
2021-09-27,135657,10060,42270873,70923
2021-09-28,117506,11403,42388379,82326
2021-09-29,112353,11834,42500732,94160
2021-09-30,110252,14961,42610984,109121
2021-10-01,94987,19119,42705971,128240
2021-10-02,78502,14030,42784473,142270
2021-10-03,47745,7663,42832218,149933
2021-10-04,88375,34465,42920593,184398
2021-10-05,80369,33992,43000962,218390
2021-10-06,71998,34183,43072960,252573
2021-10-07,71858,34361,43144818,286934
2021-10-08,80632,33601,43225450,320535
2021-10-09,76100,22183,43301550,342718
2021-10-10,45778,13620,43347328,356338
2021-10-11,87439,41114,43434767,397452
2021-10-12,84498,46918,43519265,444370
2021-10-13,88197,52130,43607462,496500
2021-10-14,91550,58527,43699012,555027
2021-10-15,93600,55643,43792612,610670
2021-10-16,82968,36799,43875580,647469
2021-10-17,51462,23840,43927042,671309
2021-10-18,90303,59495,44017345,730804
2021-10-19,78346,69387,44095691,800191
2021-10-20,75067,78188,44170758,878379
2021-10-21,78295,81775,44249053,960154
2021-10-22,73783,77048,44322836,1037202
2021-10-23,60827,51964,44383663,1089166
2021-10-24,33374,23466,44417037,1112632
2021-10-25,64906,81641,44481943,1194273
2021-10-26,58371,91814,44540314,1286087
2021-10-27,58333,104007,44598647,1390094
2021-10-28,61460,114128,44660107,1504222
2021-10-29,61641,103152,44721748,1607374
2021-10-30,50676,68124,44772424,1675498
2021-10-31,25162,28300,44797586,1703798
2021-11-01,19047,28155,44816633,1731953
2021-11-02,62746,89409,44879379,1821362
2021-11-03,60728,118675,44940107,1940037
2021-11-04,59247,126680,44999354,2066717
2021-11-05,63095,135198,45062449,2201915
2021-11-06,46483,90933,45108932,2292848
2021-11-07,22253,37898,45131185,2330746
2021-11-08,51531,131279,45182716,2462025
2021-11-09,45398,144222,45228114,2606247
2021-11-10,42584,156361,45270698,2762608
2021-11-11,44936,155142,45315634,2917750
2021-11-12,46369,158594,45362003,3076344
2021-11-13,33263,116657,45395266,3193001
2021-11-14,14490,52454,45409756,3245455
2021-11-15,36900,157438,45446656,3402893
2021-11-16,30559,171387,45477215,3574280
2021-11-17,28465,178447,45505680,3752727
2021-11-18,30281,193737,45535961,3946464
2021-11-19,28811,205862,45564772,4152326
2021-11-20,21001,156452,45585773,4308778
2021-11-21,10612,64860,45596385,4373638
2021-11-22,21945,213154,45618330,4586792
2021-11-23,23579,241765,45641909,4828557
2021-11-24,27846,270970,45669755,5099527
2021-11-25,23240,301920,45692995,5401447
2021-11-26,24586,318279,45717581,5719726
2021-11-27,21387,266161,45738968,5985887
2021-11-28,9903,137060,45748871,6122947
2021-11-29,22340,326076,45771211,6449023
2021-11-30,23101,365826,45794312,6814849
2021-12-01,21528,413521,45815840,7228370
2021-12-02,23774,440416,45839614,7668786
2021-12-03,25267,467488,45864881,8136274
2021-12-04,22378,418759,45887259,8555033
2021-12-05,11935,261350,45899194,8816383
2021-12-06,25824,457596,45925018,9273979
2021-12-07,24144,480272,45949162,9754251
2021-12-08,10008,249701,45959170,10003952
2021-12-09,31594,491943,45990764,10495895
2021-12-10,28078,517896,46018842,11013791
2021-12-11,23574,459258,46042416,11473049
2021-12-12,12310,293514,46054726,11766563
2021-12-13,26163,467638,46080889,12234201
2021-12-14,25178,494218,46106067,12728419
2021-12-15,25342,517160,46131409,13245579
2021-12-16,27893,520268,46159302,13765847
2021-12-17,29370,517189,46188672,14283036
2021-12-18,27075,468740,46215747,14751776
2021-12-19,15157,300533,46230904,15052309
2021-12-20,30644,477492,46261548,15529801
2021-12-21,30392,493393,46291940,16023194
2021-12-22,29459,484720,46321399,16507914
2021-12-23,28264,426918,46349663,16934832
2021-12-24,13115,210835,46362778,17145667
2021-12-25,2103,33054,46364881,17178721
2021-12-26,8768,159072,46373649,17337793
2021-12-27,46811,504670,46420460,17842463
2021-12-28,42466,554228,46462926,18396691
2021-12-29,34363,550654,46497289,18947345
2021-12-30,31856,499839,46529145,19447184
2021-12-31,14130,247396,46543275,19694580
2022-01-01,3497,64815,46546772,19759395
2022-01-02,22785,276723,46569557,20036118
2022-01-03,47874,520020,46617431,20556138
2022-01-04,46398,572089,46663829,21128227
2022-01-05,40779,560398,46704608,21688625
2022-01-06,23500,274489,46728108,21963114
2022-01-07,63723,554195,46791831,22517309
2022-01-08,60884,503394,46852715,23020703
2022-01-09,42881,319685,46895596,23340388
2022-01-10,61109,542292,46956705,23882680
2022-01-11,61745,586996,47018450,24469676
2022-01-12,58469,581278,47076919,25050954
2022-01-13,58628,580389,47135547,25631343
2022-01-14,46831,588570,47182378,26219913
2022-01-15,39437,569942,47221815,26789855
2022-01-16,31246,341859,47253061,27131714
2022-01-17,54798,489659,47307859,27621373
2022-01-18,58407,517019,47366266,28138392
2022-01-19,57207,502789,47423473,28641181
2022-01-20,54355,498826,47477828,29140007
2022-01-21,42107,493870,47519935,29633877
2022-01-22,31215,469594,47551150,30103471
2022-01-23,34944,275368,47586094,30378839
2022-01-24,56187,437226,47642281,30816065
2022-01-25,61559,452111,47703840,31268176
2022-01-26,58552,435830,47762392,31704006
2022-01-27,48847,432376,47811239,32136382
2022-01-28,58706,436536,47869945,32572918
2022-01-29,68140,412490,47938085,32985408
2022-01-30,50379,235965,47988464,33221373
2022-01-31,60633,356932,48049097,33578305
2022-02-01,65561,328445,48114658,33906750
2022-02-02,63202,296976,48177860,34203726
2022-02-03,60059,274515,48237919,34478241
2022-02-04,72382,268454,48310301,34746695
2022-02-05,83779,248529,48394080,34995224
2022-02-06,55290,116201,48449370,35111425
2022-02-07,65149,199938,48514519,35311363
2022-02-08,66927,186111,48581446,35497474
2022-02-09,58760,166333,48640206,35663807
2022-02-10,58577,163237,48698783,35827044
2022-02-11,62249,162465,48761032,35989509
2022-02-12,71977,152139,48833009,36141648
2022-02-13,41471,68849,48874480,36210497
2022-02-14,46690,116186,48921170,36326683
2022-02-15,48533,123477,48969703,36450160
2022-02-16,45679,106117,49015382,36556277
2022-02-17,42861,98106,49058243,36654383
2022-02-18,46621,112570,49104864,36766953
2022-02-19,52535,100329,49157399,36867282
2022-02-20,31411,40361,49188810,36907643
2022-02-21,37885,89647,49226695,36997290
2022-02-22,37217,83774,49263912,37081064
2022-02-23,33391,79405,49297303,37160469
2022-02-24,32550,78161,49329853,37238630
2022-02-25,34756,90708,49364609,37329338
2022-02-26,39155,89130,49403764,37418468
2022-02-27,22544,35856,49426308,37454324
2022-02-28,28477,81689,49454785,37536013
2022-03-01,22719,53939,49477504,37589952
2022-03-02,21992,50632,49499496,37640584
2022-03-03,22615,54941,49522111,37695525
2022-03-04,23230,62794,49545341,37758319
2022-03-05,23796,57949,49569137,37816268
2022-03-06,9471,17200,49578608,37833468
2022-03-07,15913,51387,49594521,37884855
2022-03-08,15472,48794,49609993,37933649
2022-03-09,13812,46517,49623805,37980166
2022-03-10,14046,52115,49637851,38032281
2022-03-11,15582,57260,49653433,38089541
2022-03-12,15501,56615,49668934,38146156
2022-03-13,5543,16850,49674477,38163006
2022-03-14,10521,46695,49684998,38209701
2022-03-15,10537,46890,49695535,38256591
2022-03-16,9477,41971,49705012,38298562
2022-03-17,9713,44871,49714725,38343433
2022-03-18,10157,49054,49724882,38392487
2022-03-19,9148,46531,49734030,38439018
2022-03-20,2608,11700,49736638,38450718
2022-03-21,7578,40224,49744216,38490942
2022-03-22,8447,37758,49752663,38528700
2022-03-23,7213,33699,49759876,38562399
2022-03-24,8257,38799,49768133,38601198
2022-03-25,8134,43662,49776267,38644860
2022-03-26,8125,41720,49784392,38686580
2022-03-27,2429,9681,49786821,38696261
2022-03-28,6106,35237,49792927,38731498
2022-03-29,5774,32527,49798701,38764025
2022-03-30,5564,30200,49804265,38794225
2022-03-31,5891,33180,49810156,38827405
2022-04-01,4347,25186,49814503,38852591
2022-04-02,4493,23274,49818996,38875865
2022-04-03,1049,4499,49820045,38880364
2022-04-04,3656,21537,49823701,38901901
2022-04-05,3756,22927,49827457,38924828
2022-04-06,4101,21848,49831558,38946676
2022-04-07,3965,23320,49835523,38969996
2022-04-08,4691,26709,49840214,38996705
2022-04-09,4381,23884,49844595,39020589
2022-04-10,891,4614,49845486,39025203
2022-04-11,3814,22685,49849300,39047888
2022-04-12,3359,21777,49852659,39069665
2022-04-13,3563,21331,49856222,39090996
2022-04-14,3486,23784,49859708,39114780
2022-04-15,3084,20617,49862792,39135397
2022-04-16,2149,11918,49864941,39147315
2022-04-17,63,348,49865004,39147663
2022-04-18,151,650,49865155,39148313
2022-04-19,3497,21977,49868652,39170290
2022-04-20,3508,20249,49872160,39190539
2022-04-21,2844,19783,49875004,39210322
2022-04-22,2927,20696,49877931,39231018
2022-04-23,2642,16217,49880573,39247235
2022-04-24,509,2334,49881082,39249569
2022-04-25,183,1165,49881265,39250734
2022-04-26,2756,17801,49884021,39268535
2022-04-27,2371,15789,49886392,39284324
2022-04-28,2356,15555,49888748,39299879
2022-04-29,2292,14836,49891040,39314715
2022-04-30,2122,11577,49893162,39326292
2022-05-01,113,530,49893275,39326822
2022-05-02,1450,9388,49894725,39336210
2022-05-03,1575,10314,49896300,39346524
2022-05-04,1746,10260,49898046,39356784
2022-05-05,1652,10278,49899698,39367062
2022-05-06,1700,10950,49901398,39378012
2022-05-07,1431,8563,49902829,39386575
2022-05-08,405,1514,49903234,39388089
2022-05-09,1027,8918,49904261,39397007
2022-05-10,1422,9541,49905683,39406548
2022-05-11,1483,10091,49907166,39416639
2022-05-12,1369,10121,49908535,39426760
2022-05-13,1591,10511,49910126,39437271
2022-05-14,1356,8230,49911482,39445501
2022-05-15,336,1130,49911818,39446631
2022-05-16,811,8395,49912629,39455026
2022-05-17,1243,8674,49913872,39463700
2022-05-18,1372,9224,49915244,39472924
2022-05-19,1500,9272,49916744,39482196
2022-05-20,1422,9498,49918166,39491694
2022-05-21,1299,7893,49919465,39499587
2022-05-22,231,1012,49919696,39500599
2022-05-23,829,8262,49920525,39508861
2022-05-24,1073,8664,49921598,39517525
2022-05-25,1369,9445,49922967,39526970
2022-05-26,1195,9455,49924162,39536425
2022-05-27,1227,9912,49925389,39546337
2022-05-28,1203,7874,49926592,39554211
2022-05-29,286,1264,49926878,39555475
2022-05-30,930,8031,49927808,39563506
2022-05-31,1035,8532,49928843,39572038
2022-06-01,890,7644,49929733,39579682
2022-06-02,35,474,49929768,39580156
2022-06-03,817,7328,49930585,39587484
2022-06-04,870,5157,49931455,39592641
2022-06-05,89,586,49931544,39593227
2022-06-06,675,6986,49932219,39600213
2022-06-07,951,7842,49933170,39608055
2022-06-08,983,7901,49934153,39615956
2022-06-09,1036,8400,49935189,39624356
2022-06-10,957,8552,49936146,39632908
2022-06-11,901,6206,49937047,39639114
2022-06-12,140,767,49937187,39639881
2022-06-13,602,6295,49937789,39646176
2022-06-14,828,7883,49938617,39654059
2022-06-15,954,7844,49939571,39661903
2022-06-16,729,7389,49940300,39669292
2022-06-17,720,7242,49941020,39676534
2022-06-18,777,5589,49941797,39682123
2022-06-19,47,522,49941844,39682645
2022-06-20,587,6695,49942431,39689340
2022-06-21,735,7656,49943166,39696996
2022-06-22,780,7307,49943946,39704303
2022-06-23,651,7459,49944597,39711762
2022-06-24,643,7472,49945240,39719234
2022-06-25,835,6532,49946075,39725766
2022-06-26,128,523,49946203,39726289
2022-06-27,531,7122,49946734,39733411
2022-06-28,745,8193,49947479,39741604
2022-06-29,756,7722,49948235,39749326
2022-06-30,745,8132,49948980,39757458
2022-07-01,576,6438,49949556,39763896
2022-07-02,536,4766,49950092,39768662
2022-07-03,49,456,49950141,39769118
2022-07-04,469,6276,49950610,39775394
2022-07-05,628,8112,49951238,39783506
2022-07-06,632,7607,49951870,39791113
2022-07-07,570,8264,49952440,39799377
2022-07-08,671,8079,49953111,39807456
2022-07-09,550,6103,49953661,39813559
2022-07-10,58,533,49953719,39814092
2022-07-11,487,7639,49954206,39821731
2022-07-12,665,9028,49954871,39830759
2022-07-13,640,10063,49955511,39840822
2022-07-14,636,10219,49956147,39851041
2022-07-15,624,10664,49956771,39861705
2022-07-16,522,7209,49957293,39868914
2022-07-17,48,769,49957341,39869683
2022-07-18,497,9350,49957838,39879033
2022-07-19,573,10657,49958411,39889690
2022-07-20,578,11259,49958989,39900949
2022-07-21,627,12040,49959616,39912989
2022-07-22,583,11227,49960199,39924216
2022-07-23,379,6744,49960578,39930960
2022-07-24,76,834,49960654,39931794
2022-07-25,502,9034,49961156,39940828
2022-07-26,519,9728,49961675,39950556
2022-07-27,550,10160,49962225,39960716
2022-07-28,527,10481,49962752,39971197
2022-07-29,510,9426,49963262,39980623
2022-07-30,382,5852,49963644,39986475
2022-07-31,49,745,49963693,39987220
2022-08-01,386,6824,49964079,39994044
2022-08-02,540,7526,49964619,40001570
2022-08-03,511,7142,49965130,40008712
2022-08-04,454,7439,49965584,40016151
2022-08-05,419,6489,49966003,40022640
2022-08-06,298,3582,49966301,40026222
2022-08-07,44,551,49966345,40026773
2022-08-08,401,4874,49966746,40031647
2022-08-09,383,5269,49967129,40036916
2022-08-10,378,4790,49967507,40041706
2022-08-11,365,4756,49967872,40046462
2022-08-12,292,3699,49968164,40050161
2022-08-13,143,1597,49968307,40051758
2022-08-14,9,128,49968316,40051886
2022-08-15,1,26,49968317,40051912
2022-08-16,283,3028,49968600,40054940
2022-08-17,351,3512,49968951,40058452
2022-08-18,389,4142,49969340,40062594
2022-08-19,341,3309,49969681,40065903
2022-08-20,183,1710,49969864,40067613
2022-08-21,24,146,49969888,40067759
2022-08-22,329,2940,49970217,40070699
2022-08-23,371,3656,49970588,40074355
2022-08-24,383,3343,49970971,40077698
2022-08-25,419,3753,49971390,40081451
2022-08-26,397,3560,49971787,40085011
2022-08-27,235,1769,49972022,40086780
2022-08-28,29,260,49972051,40087040
2022-08-29,353,3148,49972404,40090188
2022-08-30,403,3645,49972807,40093833
2022-08-31,436,3716,49973243,40097549
2022-09-01,352,3097,49973595,40100646
2022-09-02,295,2883,49973890,40103529
2022-09-03,199,1684,49974089,40105213
2022-09-04,23,147,49974112,40105360
2022-09-05,186,2646,49974298,40108006
2022-09-06,302,2984,49974600,40110990
2022-09-07,540,2913,49975140,40113903
2022-09-08,288,2947,49975428,40116850
2022-09-09,301,2854,49975729,40119704
2022-09-10,227,1325,49975956,40121029
2022-09-11,21,123,49975977,40121152
2022-09-12,267,2209,49976244,40123361
2022-09-13,248,2267,49976492,40125628
2022-09-14,262,2553,49976754,40128181
2022-09-15,279,2480,49977033,40130661
2022-09-16,253,2530,49977286,40133191
2022-09-17,239,1339,49977525,40134530
2022-09-18,20,170,49977545,40134700
2022-09-19,205,1965,49977750,40136665
2022-09-20,235,2371,49977985,40139036
2022-09-21,289,2509,49978274,40141545
2022-09-22,258,2629,49978532,40144174
2022-09-23,252,2387,49978784,40146561
2022-09-24,193,1426,49978977,40147987
2022-09-25,28,134,49979005,40148121
2022-09-26,280,2239,49979285,40150360
2022-09-27,281,2637,49979566,40152997
2022-09-28,308,2870,49979874,40155867
2022-09-29,251,3027,49980125,40158894
2022-09-30,289,2954,49980414,40161848
2022-10-01,193,1493,49980607,40163341
2022-10-02,11,187,49980618,40163528
2022-10-03,180,2453,49980798,40165981
2022-10-04,232,2818,49981030,40168799
2022-10-05,223,3183,49981253,40171982
2022-10-06,239,3769,49981492,40175751
2022-10-07,282,4082,49981774,40179833
2022-10-08,198,2208,49981972,40182041
2022-10-09,8,287,49981980,40182328
2022-10-10,205,3277,49982185,40185605
2022-10-11,189,4240,49982374,40189845
2022-10-12,199,4196,49982573,40194041
2022-10-13,177,5039,49982750,40199080
2022-10-14,211,4755,49982961,40203835
2022-10-15,185,2557,49983146,40206392
2022-10-16,6,342,49983152,40206734
2022-10-17,185,3709,49983337,40210443
2022-10-18,258,4460,49983595,40214903