data_somministrazione,vaccinazioni,booster,cum_vaccinazioni,cum_booster
2020-12-27,20,0,20,0
2020-12-28,2,0,22,0
2020-12-29,1,0,23,0
2020-12-30,10,0,33,0
2020-12-31,76,0,109,0
2021-01-01,25,0,134,0
2021-01-02,142,0,276,0
2021-01-03,105,0,381,0
2021-01-04,236,0,617,0
2021-01-05,278,0,895,0
2021-01-06,245,0,1140,0
2021-01-07,322,0,1462,0
2021-01-08,378,0,1840,0
2021-01-09,281,0,2121,0
2021-01-10,165,0,2286,0
2021-01-11,303,0,2589,0
2021-01-12,283,0,2872,0
2021-01-13,417,0,3289,0
2021-01-14,502,0,3791,0
2021-01-15,317,0,4108,0
2021-01-16,223,0,4331,0
2021-01-17,3063,0,7394,0
2021-01-18,5220,0,12614,0
2021-01-19,1894,0,14508,0
2021-01-20,4659,0,19167,0
2021-01-21,20006,0,39173,0
2021-01-22,14220,0,53393,0
2021-01-23,33323,0,86716,0
2021-01-24,30775,0,117491,0
2021-01-25,64706,0,182197,0
2021-01-26,76466,0,258663,0
2021-01-27,64813,0,323476,0
2021-01-28,89256,0,412732,0
2021-01-29,93997,0,506729,0
2021-01-30,86544,0,593273,0
2021-01-31,57325,0,650598,0
2021-02-01,81839,0,732437,0
2021-02-02,82134,0,814571,0
2021-02-03,91107,0,905678,0
2021-02-04,95384,0,1001062,0
2021-02-05,90269,0,1091331,0
2021-02-06,63447,0,1154778,0
2021-02-07,32935,0,1187713,0
2021-02-08,40422,0,1228135,0
2021-02-09,32879,0,1261014,0
2021-02-10,28435,0,1289449,0
2021-02-11,20405,0,1309854,0
2021-02-12,16251,0,1326105,0
2021-02-13,7279,0,1333384,0
2021-02-14,2862,0,1336246,0
2021-02-15,6846,0,1343092,0
2021-02-16,7004,0,1350096,0
2021-02-17,10526,0,1360622,0
2021-02-18,9255,0,1369877,0
2021-02-19,8255,0,1378132,0
2021-02-20,5577,0,1383709,0
2021-02-21,3014,0,1386723,0
2021-02-22,6882,0,1393605,0
2021-02-23,7187,0,1400792,0
2021-02-24,9812,0,1410604,0
2021-02-25,14213,0,1424817,0
2021-02-26,17559,0,1442376,0
2021-02-27,13918,0,1456294,0
2021-02-28,9394,0,1465688,0
2021-03-01,26526,0,1492214,0
2021-03-02,33248,0,1525462,0
2021-03-03,44646,0,1570108,0
2021-03-04,50302,0,1620410,0
2021-03-05,55743,0,1676153,0
2021-03-06,41878,0,1718031,0
2021-03-07,22330,0,1740361,0
2021-03-08,50833,0,1791194,0
2021-03-09,53090,0,1844284,0
2021-03-10,58683,0,1902967,0
2021-03-11,63883,0,1966850,0
2021-03-12,65136,0,2031986,0
2021-03-13,51729,0,2083715,0
2021-03-14,35423,0,2119138,0
2021-03-15,73461,0,2192599,0
2021-03-16,74028,0,2266627,0
2021-03-17,83140,0,2349767,0
2021-03-18,81628,0,2431395,0
2021-03-19,81089,0,2512484,0
2021-03-20,64736,0,2577220,0
2021-03-21,47311,0,2624531,0
2021-03-22,69500,0,2694031,0
2021-03-23,75815,0,2769846,0
2021-03-24,90923,0,2860769,0
2021-03-25,89820,0,2950589,0
2021-03-26,83639,0,3034228,0
2021-03-27,71955,0,3106183,0
2021-03-28,44184,0,3150367,0
2021-03-29,70847,0,3221214,0
2021-03-30,81403,0,3302617,0
2021-03-31,96260,0,3398877,0
2021-04-01,95326,0,3494203,0
2021-04-02,84084,0,3578287,0
2021-04-03,64304,0,3642591,0
2021-04-04,21724,0,3664315,0
2021-04-05,40317,0,3704632,0
2021-04-06,81335,0,3785967,0
2021-04-07,95841,0,3881808,0
2021-04-08,95259,0,3977067,0
2021-04-09,88503,0,4065570,0
2021-04-10,74032,0,4139602,0
2021-04-11,44768,0,4184370,0
2021-04-12,66921,0,4251291,0
2021-04-13,72594,0,4323885,0
2021-04-14,85551,0,4409436,0
2021-04-15,105425,0,4514861,0
2021-04-16,106430,0,4621291,0
2021-04-17,90528,0,4711819,0
2021-04-18,58596,0,4770415,0
2021-04-19,93434,0,4863849,0
2021-04-20,103776,0,4967625,0
2021-04-21,125342,0,5092967,0
2021-04-22,143524,0,5236491,0
2021-04-23,138750,0,5375241,0
2021-04-24,124454,0,5499695,0
2021-04-25,61470,0,5561165,0
2021-04-26,97908,0,5659073,0
2021-04-27,128374,0,5787447,0
2021-04-28,156392,0,5943839,0
2021-04-29,195621,0,6139460,0
2021-04-30,214608,0,6354068,0
2021-05-01,174141,0,6528209,0
2021-05-02,135806,0,6664015,0
2021-05-03,142066,0,6806081,0
2021-05-04,158711,0,6964792,0
2021-05-05,170539,0,7135331,0
2021-05-06,197818,0,7333149,0
2021-05-07,213873,0,7547022,0
2021-05-08,213439,0,7760461,0
2021-05-09,143218,0,7903679,0
2021-05-10,165102,0,8068781,0
2021-05-11,175006,0,8243787,0
2021-05-12,179221,0,8423008,0
2021-05-13,203420,0,8626428,0
2021-05-14,222939,0,8849367,0
2021-05-15,210388,0,9059755,0
2021-05-16,159285,0,9219040,0
2021-05-17,219219,0,9438259,0
2021-05-18,213032,0,9651291,0
2021-05-19,207100,0,9858391,0
2021-05-20,270886,0,10129277,0
2021-05-21,270914,0,10400191,0
2021-05-22,245544,0,10645735,0
2021-05-23,197188,0,10842923,0
2021-05-24,228311,0,11071234,0
2021-05-25,245700,0,11316934,0
2021-05-26,277516,0,11594450,0
2021-05-27,311103,0,11905553,0
2021-05-28,299585,0,12205138,0
2021-05-29,231248,0,12436386,0
2021-05-30,170852,0,12607238,0
2021-05-31,216437,0,12823675,0
2021-06-01,207639,0,13031314,0
2021-06-02,115804,0,13147118,0
2021-06-03,180171,0,13327289,0
2021-06-04,184921,0,13512210,0
2021-06-05,185997,0,13698207,0
2021-06-06,139586,0,13837793,0
2021-06-07,161904,0,13999697,0
2021-06-08,171283,0,14170980,0
2021-06-09,171524,0,14342504,0
2021-06-10,174153,0,14516657,0
2021-06-11,170022,0,14686679,0
2021-06-12,128388,0,14815067,0
2021-06-13,91230,0,14906297,0
2021-06-14,214706,0,15121003,0
2021-06-15,228460,0,15349463,0
2021-06-16,253113,0,15602576,0
2021-06-17,301772,0,15904348,0
2021-06-18,306327,0,16210675,0
2021-06-19,275116,0,16485791,0
2021-06-20,220819,0,16706610,0
2021-06-21,288100,0,16994710,0
2021-06-22,296249,0,17290959,0
2021-06-23,302702,0,17593661,0
2021-06-24,332622,0,17926283,0
2021-06-25,348730,0,18275013,0
2021-06-26,300153,0,18575166,0
2021-06-27,228692,0,18803858,0
2021-06-28,307147,0,19111005,0
2021-06-29,329330,0,19440335,0
2021-06-30,342216,0,19782551,0
2021-07-01,363240,0,20145791,0
2021-07-02,368504,0,20514295,0
2021-07-03,371105,0,20885400,0
2021-07-04,283239,0,21168639,0
2021-07-05,384567,0,21553206,0
2021-07-06,385493,0,21938699,0
2021-07-07,412139,0,22350838,0
2021-07-08,479591,0,22830429,0
2021-07-09,498463,0,23328892,0
2021-07-10,475169,0,23804061,0
2021-07-11,357695,0,24161756,0
2021-07-12,485877,0,24647633,0
2021-07-13,492078,0,25139711,0
2021-07-14,480433,0,25620144,0
2021-07-15,523428,0,26143572,0
2021-07-16,509754,0,26653326,0
2021-07-17,464320,0,27117646,0
2021-07-18,364640,0,27482286,0
2021-07-19,463035,0,27945321,0
2021-07-20,458044,0,28403365,0
2021-07-21,462786,0,28866151,0
2021-07-22,475379,0,29341530,0
2021-07-23,441318,0,29782848,0
2021-07-24,386149,0,30168997,0
2021-07-25,287551,0,30456548,0
2021-07-26,430889,0,30887437,0
2021-07-27,440110,0,31327547,0
2021-07-28,391022,0,31718569,0
2021-07-29,372073,0,32090642,0
2021-07-30,341514,0,32432156,0
2021-07-31,287042,0,32719198,0
2021-08-01,191000,0,32910198,0
2021-08-02,333706,0,33243904,0
2021-08-03,323183,0,33567087,0
2021-08-04,310983,0,33878070,0
2021-08-05,292487,0,34170557,0
2021-08-06,260038,0,34430595,0
2021-08-07,199063,0,34629658,0
2021-08-08,153107,0,34782765,0
2021-08-09,234083,0,35016848,0
2021-08-10,205272,0,35222120,0
2021-08-11,193786,0,35415906,0
2021-08-12,168058,0,35583964,0
2021-08-13,148663,0,35732627,0
2021-08-14,66102,0,35798729,0
2021-08-15,26343,0,35825072,0
2021-08-16,114711,0,35939783,0
2021-08-17,129252,0,36069035,0
2021-08-18,128767,0,36197802,0
2021-08-19,124848,0,36322650,0
2021-08-20,123796,0,36446446,0
2021-08-21,83133,0,36529579,0
2021-08-22,68178,0,36597757,0
2021-08-23,176874,0,36774631,0
2021-08-24,156895,0,36931526,0
2021-08-25,177172,0,37108698,0
2021-08-26,172354,0,37281052,0
2021-08-27,185832,0,37466884,0
2021-08-28,140288,0,37607172,0
2021-08-29,98992,0,37706164,0
2021-08-30,209584,0,37915748,0
2021-08-31,194644,0,38110392,0
2021-09-01,192216,0,38302608,0
2021-09-02,189929,0,38492537,0
2021-09-03,191284,0,38683821,0
2021-09-04,131450,0,38815271,0
2021-09-05,87846,0,38903117,0
2021-09-06,193607,0,39096724,0
2021-09-07,196042,0,39292766,0
2021-09-08,187865,0,39480631,0
2021-09-09,201421,0,39682052,0
2021-09-10,198056,0,39880108,0
2021-09-11,141289,0,40021397,0
2021-09-12,89592,0,40110989,0
2021-09-13,191112,638,40302101,638
2021-09-14,177218,643,40479319,1281
2021-09-15,163079,647,40642398,1928
2021-09-16,160048,995,40802446,2923
2021-09-17,150157,1167,40952603,4090
2021-09-18,127979,775,41080582,4865
2021-09-19,81142,508,41161724,5373
2021-09-20,180066,9122,41341790,14495
2021-09-21,166670,8861,41508460,23356
2021-09-22,159110,9461,41667570,32817
2021-09-23,138098,9356,41805668,42173
2021-09-24,140554,9009,41946222,51182
2021-09-25,119559,5673,42065781,56855
2021-09-26,71991,4363,42137772,61218
2021-09-27,135664,10081,42273436,71299
2021-09-28,117518,11422,42390954,82721
2021-09-29,112372,11850,42503326,94571
2021-09-30,110285,14979,42613611,109550
2021-10-01,94993,19144,42708604,128694
2021-10-02,78518,14043,42787122,142737
2021-10-03,47760,7668,42834882,150405
2021-10-04,88392,34479,42923274,184884
2021-10-05,80380,34016,43003654,218900
2021-10-06,72009,34206,43075663,253106
2021-10-07,71880,34369,43147543,287475
2021-10-08,80639,33621,43228182,321096
2021-10-09,76113,22192,43304295,343288
2021-10-10,45788,13631,43350083,356919
2021-10-11,87450,41130,43437533,398049
2021-10-12,84516,46933,43522049,444982
2021-10-13,88213,52163,43610262,497145
2021-10-14,91554,58554,43701816,555699
2021-10-15,93600,55673,43795416,611372
2021-10-16,82970,36823,43878386,648195
2021-10-17,51463,23859,43929849,672054
2021-10-18,90300,59519,44020149,731573
2021-10-19,78355,69406,44098504,800979
2021-10-20,75061,78208,44173565,879187
2021-10-21,78290,81808,44251855,960995
2021-10-22,73767,77081,44325622,1038076
2021-10-23,60834,51973,44386456,1090049
2021-10-24,33369,23478,44419825,1113527
2021-10-25,64896,81664,44484721,1195191
2021-10-26,58377,91830,44543098,1287021
2021-10-27,58314,104029,44601412,1391050
2021-10-28,61448,114155,44662860,1505205
2021-10-29,61634,103180,44724494,1608385
2021-10-30,50676,68142,44775170,1676527
2021-10-31,25160,28310,44800330,1704837
2021-11-01,19049,28158,44819379,1732995
2021-11-02,62741,89434,44882120,1822429
2021-11-03,60715,118699,44942835,1941128
2021-11-04,59237,126699,45002072,2067827
2021-11-05,63096,135218,45065168,2203045
2021-11-06,46489,90938,45111657,2293983
2021-11-07,22250,37904,45133907,2331887
2021-11-08,51528,131292,45185435,2463179
2021-11-09,45401,144237,45230836,2607416
2021-11-10,42593,156371,45273429,2763787
2021-11-11,44929,155168,45318358,2918955
2021-11-12,46311,158685,45364669,3077640
2021-11-13,33266,116678,45397935,3194318
2021-11-14,14492,52459,45412427,3246777
2021-11-15,36908,157445,45449335,3404222
2021-11-16,30566,171403,45479901,3575625
2021-11-17,28469,178460,45508370,3754085
2021-11-18,30293,193762,45538663,3947847
2021-11-19,28819,205882,45567482,4153729
2021-11-20,21006,156460,45588488,4310189
2021-11-21,10611,64871,45599099,4375060
2021-11-22,21957,213161,45621056,4588221
2021-11-23,23604,241799,45644660,4830020
2021-11-24,27807,271051,45672467,5101071
2021-11-25,23267,301934,45695734,5403005
2021-11-26,24596,318306,45720330,5721311
2021-11-27,21409,266170,45741739,5987481
2021-11-28,9908,137069,45751647,6124550
2021-11-29,22365,326072,45774012,6450622
2021-11-30,23116,365864,45797128,6816486
2021-12-01,21554,413528,45818682,7230014
2021-12-02,23792,440439,45842474,7670453
2021-12-03,25271,467530,45867745,8137983
2021-12-04,22392,418798,45890137,8556781
2021-12-05,11944,261366,45902081,8818147
2021-12-06,25843,457629,45927924,9275776
2021-12-07,24161,480304,45952085,9756080
2021-12-08,10030,249720,45962115,10005800
2021-12-09,31618,491962,45993733,10497762
2021-12-10,28097,517929,46021830,11015691
2021-12-11,23586,459276,46045416,11474967
2021-12-12,12320,293527,46057736,11768494
2021-12-13,26175,467653,46083911,12236147
2021-12-14,25203,494236,46109114,12730383
2021-12-15,25368,517188,46134482,13247571
2021-12-16,27923,520302,46162405,13767873
2021-12-17,29395,517217,46191800,14285090
2021-12-18,27111,468778,46218911,14753868
2021-12-19,15171,300540,46234082,15054408
2021-12-20,30670,477505,46264752,15531913
2021-12-21,30409,493436,46295161,16025349
2021-12-22,29483,484751,46324644,16510100
2021-12-23,28286,426957,46352930,16937057
2021-12-24,13125,210842,46366055,17147899
2021-12-25,2104,33053,46368159,17180952
2021-12-26,8774,159076,46376933,17340028
2021-12-27,46846,504692,46423779,17844720
2021-12-28,42507,554254,46466286,18398974
2021-12-29,34391,550677,46500677,18949651
2021-12-30,31888,499863,46532565,19449514
2021-12-31,14148,247407,46546713,19696921
2022-01-01,3499,64815,46550212,19761736
2022-01-02,22824,276727,46573036,20038463
2022-01-03,47932,520034,46620968,20558497
2022-01-04,46468,572100,46667436,21130597
2022-01-05,40837,560420,46708273,21691017
2022-01-06,23535,274491,46731808,21965508
2022-01-07,63793,554219,46795601,22519727
2022-01-08,60964,503411,46856565,23023138
2022-01-09,42948,319700,46899513,23342838
2022-01-10,61168,542324,46960681,23885162
2022-01-11,61835,587040,47022516,24472202
2022-01-12,58545,581305,47081061,25053507
2022-01-13,58706,580431,47139767,25633938
2022-01-14,46926,588607,47186693,26222545
2022-01-15,39547,569983,47226240,26792528
2022-01-16,31307,341890,47257547,27134418
2022-01-17,54850,489689,47312397,27624107
2022-01-18,58467,517051,47370864,28141158
2022-01-19,57261,502822,47428125,28643980
2022-01-20,54413,498860,47482538,29142840
2022-01-21,42169,493896,47524707,29636736
2022-01-22,31283,469617,47555990,30106353
2022-01-23,34980,275392,47590970,30381745
2022-01-24,56227,437245,47647197,30818990
2022-01-25,61595,452132,47708792,31271122
2022-01-26,58586,435848,47767378,31706970
2022-01-27,48884,432399,47816262,32139369
2022-01-28,58748,436559,47875010,32575928
2022-01-29,68185,412515,47943195,32988443
2022-01-30,50410,235984,47993605,33224427
2022-01-31,60700,356946,48054305,33581373
2022-02-01,65610,328463,48119915,33909836
2022-02-02,63245,296994,48183160,34206830
2022-02-03,60088,274533,48243248,34481363
2022-02-04,72403,268469,48315651,34749832
2022-02-05,83817,248550,48399468,34998382
2022-02-06,55307,116208,48454775,35114590
2022-02-07,65177,199946,48519952,35314536
2022-02-08,66954,186125,48586906,35500661
2022-02-09,58775,166352,48645681,35667013
2022-02-10,58597,163248,48704278,35830261
2022-02-11,62273,162475,48766551,35992736
2022-02-12,72004,152153,48838555,36144889
2022-02-13,41481,68855,48880036,36213744
2022-02-14,46712,116190,48926748,36329934
2022-02-15,48560,123483,48975308,36453417
2022-02-16,45685,106129,49020993,36559546
2022-02-17,42873,98118,49063866,36657664
2022-02-18,46632,112583,49110498,36770247
2022-02-19,52545,100340,49163043,36870587
2022-02-20,31414,40368,49194457,36910955
2022-02-21,37900,89659,49232357,37000614
2022-02-22,37225,83782,49269582,37084396
2022-02-23,33399,79410,49302981,37163806
2022-02-24,32562,78166,49335543,37241972
2022-02-25,34770,90713,49370313,37332685
2022-02-26,39162,89136,49409475,37421821
2022-02-27,22548,35857,49432023,37457678
2022-02-28,28486,81696,49460509,37539374
2022-03-01,22726,53942,49483235,37593316
2022-03-02,21959,50685,49505194,37644001
2022-03-03,22633,54948,49527827,37698949
2022-03-04,23241,62800,49551068,37761749
2022-03-05,23802,57952,49574870,37819701
2022-03-06,9474,17201,49584344,37836902
2022-03-07,15923,51390,49600267,37888292
2022-03-08,15481,48795,49615748,37937087
2022-03-09,13814,46519,49629562,37983606
2022-03-10,14054,52124,49643616,38035730
2022-03-11,15590,57270,49659206,38093000
2022-03-12,15510,56619,49674716,38149619
2022-03-13,5545,16852,49680261,38166471
2022-03-14,10526,46701,49690787,38213172
2022-03-15,10550,46895,49701337,38260067
2022-03-16,9482,41974,49710819,38302041
2022-03-17,9723,44876,49720542,38346917
2022-03-18,10161,49058,49730703,38395975
2022-03-19,9150,46538,49739853,38442513
2022-03-20,2608,11704,49742461,38454217
2022-03-21,7580,40226,49750041,38494443
2022-03-22,8447,37766,49758488,38532209
2022-03-23,7218,33700,49765706,38565909
2022-03-24,8258,38819,49773964,38604728
2022-03-25,8141,43671,49782105,38648399
2022-03-26,8127,41721,49790232,38690120
2022-03-27,2431,9683,49792663,38699803
2022-03-28,6112,35241,49798775,38735044
2022-03-29,5780,32531,49804555,38767575
2022-03-30,5567,30204,49810122,38797779
2022-03-31,5901,33187,49816023,38830966
2022-04-01,4350,25189,49820373,38856155
2022-04-02,4496,23275,49824869,38879430
2022-04-03,1049,4500,49825918,38883930
2022-04-04,3660,21545,49829578,38905475
2022-04-05,3757,22937,49833335,38928412
2022-04-06,4104,21853,49837439,38950265
2022-04-07,3970,23320,49841409,38973585
2022-04-08,4696,26713,49846105,39000298
2022-04-09,4383,23887,49850488,39024185
2022-04-10,892,4613,49851380,39028798
2022-04-11,3818,22689,49855198,39051487
2022-04-12,3365,21778,49858563,39073265
2022-04-13,3568,21336,49862131,39094601
2022-04-14,3487,23787,49865618,39118388
2022-04-15,3084,20620,49868702,39139008
2022-04-16,2150,11918,49870852,39150926
2022-04-17,63,348,49870915,39151274
2022-04-18,152,650,49871067,39151924
2022-04-19,3499,21984,49874566,39173908
2022-04-20,3511,20252,49878077,39194160
2022-04-21,2847,19790,49880924,39213950
2022-04-22,2928,20711,49883852,39234661
2022-04-23,2646,16220,49886498,39250881
2022-04-24,509,2334,49887007,39253215
2022-04-25,183,1165,49887190,39254380
2022-04-26,2759,17810,49889949,39272190
2022-04-27,2374,15795,49892323,39287985
2022-04-28,2361,15562,49894684,39303547
2022-04-29,2296,14849,49896980,39318396
2022-04-30,2123,11583,49899103,39329979
2022-05-01,113,531,49899216,39330510
2022-05-02,1451,9391,49900667,39339901
2022-05-03,1576,10321,49902243,39350222
2022-05-04,1745,10271,49903988,39360493
2022-05-05,1654,10296,49905642,39370789
2022-05-06,1702,10967,49907344,39381756
2022-05-07,1431,8570,49908775,39390326
2022-05-08,416,1523,49909191,39391849
2022-05-09,1028,8929,49910219,39400778
2022-05-10,1426,9548,49911645,39410326
2022-05-11,1483,10105,49913128,39420431
2022-05-12,1370,10131,49914498,39430562
2022-05-13,1596,10518,49916094,39441080
2022-05-14,1358,8238,49917452,39449318
2022-05-15,336,1134,49917788,39450452
2022-05-16,813,8405,49918601,39458857
2022-05-17,1243,8697,49919844,39467554
2022-05-18,1371,9233,49921215,39476787
2022-05-19,1500,9281,49922715,39486068
2022-05-20,1422,9532,49924137,39495600
2022-05-21,1300,7900,49925437,39503500
2022-05-22,231,1014,49925668,39504514
2022-05-23,830,8271,49926498,39512785
2022-05-24,1073,8672,49927571,39521457
2022-05-25,1371,9460,49928942,39530917
2022-05-26,1195,9480,49930137,39540397
2022-05-27,1232,9915,49931369,39550312
2022-05-28,1205,7887,49932574,39558199
2022-05-29,288,1265,49932862,39559464
2022-05-30,930,8057,49933792,39567521
2022-05-31,1037,8548,49934829,39576069
2022-06-01,893,7656,49935722,39583725
2022-06-02,35,474,49935757,39584199
2022-06-03,817,7334,49936574,39591533
2022-06-04,870,5162,49937444,39596695
2022-06-05,89,586,49937533,39597281
2022-06-06,678,7003,49938211,39604284
2022-06-07,951,7849,49939162,39612133
2022-06-08,981,7907,49940143,39620040
2022-06-09,1036,8417,49941179,39628457
2022-06-10,958,8564,49942137,39637021
2022-06-11,903,6207,49943040,39643228
2022-06-12,140,768,49943180,39643996
2022-06-13,602,6301,49943782,39650297
2022-06-14,832,7902,49944614,39658199
2022-06-15,960,7854,49945574,39666053
2022-06-16,732,7396,49946306,39673449
2022-06-17,724,7249,49947030,39680698
2022-06-18,777,5594,49947807,39686292
2022-06-19,48,522,49947855,39686814
2022-06-20,587,6699,49948442,39693513
2022-06-21,739,7665,49949181,39701178
2022-06-22,782,7308,49949963,39708486
2022-06-23,652,7468,49950615,39715954
2022-06-24,644,7473,49951259,39723427
2022-06-25,835,6535,49952094,39729962
2022-06-26,128,523,49952222,39730485
2022-06-27,533,7126,49952755,39737611
2022-06-28,747,8207,49953502,39745818
2022-06-29,756,7731,49954258,39753549
2022-06-30,746,8145,49955004,39761694
2022-07-01,577,6444,49955581,39768138
2022-07-02,536,4770,49956117,39772908
2022-07-03,49,456,49956166,39773364
2022-07-04,469,6277,49956635,39779641
2022-07-05,631,8118,49957266,39787759
2022-07-06,633,7611,49957899,39795370
2022-07-07,573,8272,49958472,39803642
2022-07-08,673,8083,49959145,39811725
2022-07-09,550,6105,49959695,39817830
2022-07-10,58,533,49959753,39818363
2022-07-11,490,7640,49960243,39826003
2022-07-12,667,9030,49960910,39835033
2022-07-13,643,10068,49961553,39845101
2022-07-14,637,10225,49962190,39855326
2022-07-15,625,10668,49962815,39865994
2022-07-16,522,7214,49963337,39873208
2022-07-17,48,770,49963385,39873978
2022-07-18,496,9372,49963881,39883350
2022-07-19,575,10683,49964456,39894033
2022-07-20,580,11274,49965036,39905307
2022-07-21,628,12088,49965664,39917395
2022-07-22,584,11257,49966248,39928652
2022-07-23,381,6773,49966629,39935425
2022-07-24,76,857,49966705,39936282
2022-07-25,503,9051,49967208,39945333
2022-07-26,519,9761,49967727,39955094
2022-07-27,552,10209,49968279,39965303
2022-07-28,532,10534,49968811,39975837
2022-07-29,510,9465,49969321,39985302
2022-07-30,382,5881,49969703,39991183
2022-07-31,49,764,49969752,39991947
2022-08-01,386,6864,49970138,39998811
2022-08-02,543,7590,49970681,40006401
2022-08-03,512,7179,49971193,40013580
2022-08-04,455,7488,49971648,40021068
2022-08-05,421,6528,49972069,40027596
2022-08-06,299,3613,49972368,40031209
2022-08-07,44,561,49972412,40031770
2022-08-08,403,4890,49972815,40036660
2022-08-09,381,5310,49973196,40041970
2022-08-10,384,4817,49973580,40046787
2022-08-11,369,4803,49973949,40051590
2022-08-12,293,3720,49974242,40055310
2022-08-13,143,1600,49974385,40056910
2022-08-14,9,129,49974394,40057039
2022-08-15,1,26,49974395,40057065
2022-08-16,282,3043,49974677,40060108
2022-08-17,352,3536,49975029,40063644
2022-08-18,392,4160,49975421,40067804
2022-08-19,341,3320,49975762,40071124
2022-08-20,183,1715,49975945,40072839
2022-08-21,24,149,49975969,40072988
2022-08-22,329,2952,49976298,40075940
2022-08-23,370,3674,49976668,40079614
2022-08-24,384,3360,49977052,40082974
2022-08-25,422,3774,49977474,40086748
2022-08-26,399,3574,49977873,40090322
2022-08-27,237,1769,49978110,40092091
2022-08-28,29,267,49978139,40092358
2022-08-29,354,3161,49978493,40095519
2022-08-30,403,3671,49978896,40099190
2022-08-31,438,3735,49979334,40102925
2022-09-01,353,3116,49979687,40106041
2022-09-02,296,2893,49979983,40108934
2022-09-03,200,1689,49980183,40110623
2022-09-04,23,149,49980206,40110772
2022-09-05,187,2656,49980393,40113428
2022-09-06,304,2982,49980697,40116410
2022-09-07,540,2937,49981237,40119347
2022-09-08,292,2962,49981529,40122309
2022-09-09,305,2884,49981834,40125193
2022-09-10,227,1326,49982061,40126519
2022-09-11,23,124,49982084,40126643
2022-09-12,267,2267,49982351,40128910
2022-09-13,252,2276,49982603,40131186
2022-09-14,266,2566,49982869,40133752
2022-09-15,282,2498,49983151,40136250
2022-09-16,254,2545,49983405,40138795
2022-09-17,239,1339,49983644,40140134
2022-09-18,20,170,49983664,40140304
2022-09-19,206,1970,49983870,40142274
2022-09-20,236,2391,49984106,40144665
2022-09-21,289,2526,49984395,40147191
2022-09-22,265,2662,49984660,40149853
2022-09-23,259,2543,49984919,40152396
2022-09-24,193,1427,49985112,40153823
2022-09-25,29,133,49985141,40153956
2022-09-26,280,2248,49985421,40156204
2022-09-27,287,2683,49985708,40158887
2022-09-28,310,2903,49986018,40161790
2022-09-29,257,3049,49986275,40164839
2022-09-30,291,2989,49986566,40167828
2022-10-01,195,1515,49986761,40169343
2022-10-02,12,187,49986773,40169530
2022-10-03,182,2474,49986955,40172004
2022-10-04,236,2864,49987191,40174868
2022-10-05,229,3249,49987420,40178117
2022-10-06,243,3874,49987663,40181991
2022-10-07,282,4187,49987945,40186178
2022-10-08,202,2270,49988147,40188448
2022-10-09,8,305,49988155,40188753
2022-10-10,210,3356,49988365,40192109
2022-10-11,192,4379,49988557,40196488
2022-10-12,209,4439,49988766,40200927
2022-10-13,201,5304,49988967,40206231
2022-10-14,232,5020,49989199,40211251
2022-10-15,190,2671,49989389,40213922
2022-10-16,6,360,49989395,40214282
2022-10-17,185,3871,49989580,40218153
2022-10-18,257,4964,49989837,40223117
2022-10-19,244,5478,49990081,40228595
2022-10-20,224,5993,49990305,40234588
2022-10-21,251,5472,49990556,40240060
2022-10-22,195,2910,49990751,40242970
2022-10-23,13,356,49990764,40243326
2022-10-24,171,3922,49990935,40247248
2022-10-25,253,4925,49991188,40252173
2022-10-26,343,5496,49991531,40257669
2022-10-27,240,5669,49991771,40263338
2022-10-28,198,5259,49991969,40268597
2022-10-29,128,2844,49992097,40271441
2022-10-30,3,327,49992100,40271768
2022-10-31,117,3035,49992217,40274803
2022-11-01,11,353,49992228,40275156
2022-11-02,143,3712,49992371,40278868
2022-11-03,174,4779,49992545,40283647
2022-11-04,224,4594,49992769,40288241
2022-11-05,143,2592,49992912,40290833
2022-11-06,10,259,49992922,40291092
2022-11-07,170,3220,49993092,40294312
2022-11-08,259,4237,49993351,40298549
2022-11-09,196,4318,49993547,40302867
2022-11-10,181,4568,49993728,40307435
2022-11-11,190,4212,49993918,40311647
2022-11-12,154,2354,49994072,40314001
2022-11-13,7,335,49994079,40314336
2022-11-14,150,2831,49994229,40317167
2022-11-15,200,3724,49994429,40320891
2022-11-16,215,3958,49994644,40324849
2022-11-17,192,4073,49994836,40328922
2022-11-18,246,3996,49995082,40332918
2022-11-19,113,2079,49995195,40334997
2022-11-20,24,314,49995219,40335311
2022-11-21,118,2602,49995337,40337913
2022-11-22,141,3185,49995478,40341098
2022-11-23,191,3593,49995669,40344691
2022-11-24,152,3775,49995821,40348466
2022-11-25,182,3690,49996003,40352156
2022-11-26,130,2084,49996133,40354240
2022-11-27,22,356,49996155,40354596
2022-11-28,176,2635,49996331,40357231
2022-11-29,180,3172,49996511,40360403
2022-11-30,171,3589,49996682,40363992
2022-12-01,213,3444,49996895,40367436
2022-12-02,153,3363,49997048,40370799
2022-12-03,92,1600,49997140,40372399
2022-12-04,4,192,49997144,40372591