data_somministrazione,vaccinazioni,booster,cum_vaccinazioni,cum_booster
2020-12-27,20,0,20,0
2020-12-28,2,0,22,0
2020-12-29,1,0,23,0
2020-12-30,8,0,31,0
2020-12-31,71,0,102,0
2021-01-01,23,0,125,0
2021-01-02,125,0,250,0
2021-01-03,87,0,337,0
2021-01-04,212,0,549,0
2021-01-05,253,0,802,0
2021-01-06,218,0,1020,0
2021-01-07,303,0,1323,0
2021-01-08,349,0,1672,0
2021-01-09,260,0,1932,0
2021-01-10,157,0,2089,0
2021-01-11,280,0,2369,0
2021-01-12,270,0,2639,0
2021-01-13,399,0,3038,0
2021-01-14,484,0,3522,0
2021-01-15,302,0,3824,0
2021-01-16,213,0,4037,0
2021-01-17,3060,0,7097,0
2021-01-18,5211,0,12308,0
2021-01-19,1893,0,14201,0
2021-01-20,4655,0,18856,0
2021-01-21,19999,0,38855,0
2021-01-22,14206,0,53061,0
2021-01-23,33319,0,86380,0
2021-01-24,30782,0,117162,0
2021-01-25,64723,0,181885,0
2021-01-26,76491,0,258376,0
2021-01-27,64825,0,323201,0
2021-01-28,89275,0,412476,0
2021-01-29,94012,0,506488,0
2021-01-30,86558,0,593046,0
2021-01-31,57329,0,650375,0
2021-02-01,81856,0,732231,0
2021-02-02,82141,0,814372,0
2021-02-03,91192,0,905564,0
2021-02-04,95395,0,1000959,0
2021-02-05,90272,0,1091231,0
2021-02-06,63444,0,1154675,0
2021-02-07,32929,0,1187604,0
2021-02-08,40426,0,1228030,0
2021-02-09,32865,0,1260895,0
2021-02-10,28422,0,1289317,0
2021-02-11,20398,0,1309715,0
2021-02-12,16237,0,1325952,0
2021-02-13,7267,0,1333219,0
2021-02-14,2861,0,1336080,0
2021-02-15,6840,0,1342920,0
2021-02-16,6998,0,1349918,0
2021-02-17,10522,0,1360440,0
2021-02-18,9252,0,1369692,0
2021-02-19,8246,0,1377938,0
2021-02-20,5559,0,1383497,0
2021-02-21,2999,0,1386496,0
2021-02-22,6884,0,1393380,0
2021-02-23,7168,0,1400548,0
2021-02-24,9831,0,1410379,0
2021-02-25,14211,0,1424590,0
2021-02-26,17555,0,1442145,0
2021-02-27,13910,0,1456055,0
2021-02-28,9388,0,1465443,0
2021-03-01,26515,0,1491958,0
2021-03-02,33238,0,1525196,0
2021-03-03,44644,0,1569840,0
2021-03-04,50291,0,1620131,0
2021-03-05,55731,0,1675862,0
2021-03-06,41871,0,1717733,0
2021-03-07,22323,0,1740056,0
2021-03-08,50823,0,1790879,0
2021-03-09,53072,0,1843951,0
2021-03-10,58649,0,1902600,0
2021-03-11,63861,0,1966461,0
2021-03-12,65109,0,2031570,0
2021-03-13,51716,0,2083286,0
2021-03-14,35396,0,2118682,0
2021-03-15,73440,0,2192122,0
2021-03-16,74028,0,2266150,0
2021-03-17,83132,0,2349282,0
2021-03-18,81622,0,2430904,0
2021-03-19,81082,0,2511986,0
2021-03-20,64721,0,2576707,0
2021-03-21,47296,0,2624003,0
2021-03-22,69476,0,2693479,0
2021-03-23,75799,0,2769278,0
2021-03-24,90912,0,2860190,0
2021-03-25,89799,0,2949989,0
2021-03-26,83620,0,3033609,0
2021-03-27,71937,0,3105546,0
2021-03-28,44145,0,3149691,0
2021-03-29,70824,0,3220515,0
2021-03-30,81383,0,3301898,0
2021-03-31,96236,0,3398134,0
2021-04-01,95308,0,3493442,0
2021-04-02,84072,0,3577514,0
2021-04-03,64305,0,3641819,0
2021-04-04,21718,0,3663537,0
2021-04-05,40310,0,3703847,0
2021-04-06,81311,0,3785158,0
2021-04-07,95830,0,3880988,0
2021-04-08,95233,0,3976221,0
2021-04-09,88488,0,4064709,0
2021-04-10,74030,0,4138739,0
2021-04-11,44762,0,4183501,0
2021-04-12,66918,0,4250419,0
2021-04-13,72573,0,4322992,0
2021-04-14,85538,0,4408530,0
2021-04-15,105417,0,4513947,0
2021-04-16,106416,0,4620363,0
2021-04-17,90514,0,4710877,0
2021-04-18,58588,0,4769465,0
2021-04-19,93430,0,4862895,0
2021-04-20,103768,0,4966663,0
2021-04-21,125338,0,5092001,0
2021-04-22,143516,0,5235517,0
2021-04-23,138737,0,5374254,0
2021-04-24,124444,0,5498698,0
2021-04-25,61455,0,5560153,0
2021-04-26,97894,0,5658047,0
2021-04-27,128361,0,5786408,0
2021-04-28,156369,0,5942777,0
2021-04-29,195593,0,6138370,0
2021-04-30,214576,0,6352946,0
2021-05-01,174114,0,6527060,0
2021-05-02,135803,0,6662863,0
2021-05-03,142034,0,6804897,0
2021-05-04,158695,0,6963592,0
2021-05-05,170499,0,7134091,0
2021-05-06,197806,0,7331897,0
2021-05-07,213845,0,7545742,0
2021-05-08,213409,0,7759151,0
2021-05-09,143199,0,7902350,0
2021-05-10,165086,0,8067436,0
2021-05-11,174986,0,8242422,0
2021-05-12,179181,0,8421603,0
2021-05-13,203380,0,8624983,0
2021-05-14,222909,0,8847892,0
2021-05-15,210357,0,9058249,0
2021-05-16,159272,0,9217521,0
2021-05-17,219191,0,9436712,0
2021-05-18,213017,0,9649729,0
2021-05-19,207084,0,9856813,0
2021-05-20,270858,0,10127671,0
2021-05-21,270886,0,10398557,0
2021-05-22,245524,0,10644081,0
2021-05-23,197178,0,10841259,0
2021-05-24,228303,0,11069562,0
2021-05-25,245694,0,11315256,0
2021-05-26,277491,0,11592747,0
2021-05-27,311082,0,11903829,0
2021-05-28,299571,0,12203400,0
2021-05-29,231218,0,12434618,0
2021-05-30,170839,0,12605457,0
2021-05-31,216420,0,12821877,0
2021-06-01,207630,0,13029507,0
2021-06-02,115789,0,13145296,0
2021-06-03,180137,0,13325433,0
2021-06-04,184875,0,13510308,0
2021-06-05,185955,0,13696263,0
2021-06-06,139544,0,13835807,0
2021-06-07,161868,0,13997675,0
2021-06-08,171211,0,14168886,0
2021-06-09,171470,0,14340356,0
2021-06-10,174092,0,14514448,0
2021-06-11,169972,0,14684420,0
2021-06-12,128322,0,14812742,0
2021-06-13,91183,0,14903925,0
2021-06-14,214673,0,15118598,0
2021-06-15,228417,0,15347015,0
2021-06-16,253074,0,15600089,0
2021-06-17,301732,0,15901821,0
2021-06-18,306295,0,16208116,0
2021-06-19,275084,0,16483200,0
2021-06-20,220775,0,16703975,0
2021-06-21,288074,0,16992049,0
2021-06-22,296218,0,17288267,0
2021-06-23,302687,0,17590954,0
2021-06-24,332593,0,17923547,0
2021-06-25,348710,0,18272257,0
2021-06-26,300120,0,18572377,0
2021-06-27,228661,0,18801038,0
2021-06-28,307090,0,19108128,0
2021-06-29,329281,0,19437409,0
2021-06-30,342162,0,19779571,0
2021-07-01,363205,0,20142776,0
2021-07-02,368467,0,20511243,0
2021-07-03,371088,0,20882331,0
2021-07-04,283210,0,21165541,0
2021-07-05,384544,0,21550085,0
2021-07-06,385465,0,21935550,0
2021-07-07,412120,0,22347670,0
2021-07-08,479613,0,22827283,0
2021-07-09,498478,0,23325761,0
2021-07-10,475186,0,23800947,0
2021-07-11,357698,0,24158645,0
2021-07-12,485900,0,24644545,0
2021-07-13,492125,0,25136670,0
2021-07-14,480468,0,25617138,0
2021-07-15,523463,0,26140601,0
2021-07-16,509763,0,26650364,0
2021-07-17,464348,0,27114712,0
2021-07-18,364655,0,27479367,0
2021-07-19,463061,0,27942428,0
2021-07-20,458065,0,28400493,0
2021-07-21,462793,0,28863286,0
2021-07-22,475394,0,29338680,0
2021-07-23,441316,0,29779996,0
2021-07-24,386169,0,30166165,0
2021-07-25,287562,0,30453727,0
2021-07-26,430877,0,30884604,0
2021-07-27,440126,0,31324730,0
2021-07-28,391013,0,31715743,0
2021-07-29,372077,0,32087820,0
2021-07-30,341508,0,32429328,0
2021-07-31,287023,0,32716351,0
2021-08-01,191000,0,32907351,0
2021-08-02,333711,0,33241062,0
2021-08-03,323189,0,33564251,0
2021-08-04,310975,0,33875226,0
2021-08-05,292503,0,34167729,0
2021-08-06,260007,0,34427736,0
2021-08-07,199046,0,34626782,0
2021-08-08,153111,0,34779893,0
2021-08-09,234067,0,35013960,0
2021-08-10,205247,0,35219207,0
2021-08-11,193767,0,35412974,0
2021-08-12,168025,0,35580999,0
2021-08-13,148627,0,35729626,0
2021-08-14,66093,0,35795719,0
2021-08-15,26337,0,35822056,0
2021-08-16,114698,0,35936754,0
2021-08-17,129242,0,36065996,0
2021-08-18,128747,0,36194743,0
2021-08-19,124811,0,36319554,0
2021-08-20,123795,0,36443349,0
2021-08-21,83128,0,36526477,0
2021-08-22,68172,0,36594649,0
2021-08-23,176869,0,36771518,0
2021-08-24,156896,0,36928414,0
2021-08-25,177169,0,37105583,0
2021-08-26,172358,0,37277941,0
2021-08-27,185834,0,37463775,0
2021-08-28,140274,0,37604049,0
2021-08-29,98993,0,37703042,0
2021-08-30,209603,0,37912645,0
2021-08-31,194636,0,38107281,0
2021-09-01,192207,0,38299488,0
2021-09-02,189934,0,38489422,0
2021-09-03,191306,0,38680728,0
2021-09-04,131467,0,38812195,0
2021-09-05,87857,0,38900052,0
2021-09-06,193632,0,39093684,0
2021-09-07,196039,0,39289723,0
2021-09-08,187883,0,39477606,0
2021-09-09,201449,0,39679055,0
2021-09-10,198080,0,39877135,0
2021-09-11,141305,0,40018440,0
2021-09-12,89600,0,40108040,0
2021-09-13,191137,590,40299177,590
2021-09-14,177235,607,40476412,1197
2021-09-15,163099,612,40639511,1809
2021-09-16,160076,954,40799587,2763
2021-09-17,150169,1134,40949756,3897
2021-09-18,127979,750,41077735,4647
2021-09-19,81134,499,41158869,5146
2021-09-20,180077,9095,41338946,14241
2021-09-21,166648,8842,41505594,23083
2021-09-22,159085,9447,41664679,32530
2021-09-23,138078,9338,41802757,41868
2021-09-24,140539,8976,41943296,50844
2021-09-25,119556,5651,42062852,56495
2021-09-26,71967,4350,42134819,60845
2021-09-27,135654,10058,42270473,70903
2021-09-28,117508,11401,42387981,82304
2021-09-29,112353,11834,42500334,94138
2021-09-30,110248,14961,42610582,109099
2021-10-01,94985,19119,42705567,128218
2021-10-02,78500,14030,42784067,142248
2021-10-03,47743,7663,42831810,149911
2021-10-04,88376,34465,42920186,184376
2021-10-05,80369,33992,43000555,218368
2021-10-06,71996,34183,43072551,252551
2021-10-07,71859,34360,43144410,286911
2021-10-08,80630,33599,43225040,320510
2021-10-09,76100,22183,43301140,342693
2021-10-10,45776,13620,43346916,356313
2021-10-11,87434,41115,43434350,397428
2021-10-12,84494,46917,43518844,444345
2021-10-13,88195,52130,43607039,496475
2021-10-14,91546,58525,43698585,555000
2021-10-15,93600,55643,43792185,610643
2021-10-16,82963,36799,43875148,647442
2021-10-17,51462,23840,43926610,671282
2021-10-18,90303,59495,44016913,730777
2021-10-19,78345,69386,44095258,800163
2021-10-20,75066,78186,44170324,878349
2021-10-21,78293,81775,44248617,960124
2021-10-22,73783,77044,44322400,1037168
2021-10-23,60825,51964,44383225,1089132
2021-10-24,33373,23466,44416598,1112598
2021-10-25,64904,81639,44481502,1194237
2021-10-26,58369,91813,44539871,1286050
2021-10-27,58327,103997,44598198,1390047
2021-10-28,61460,114126,44659658,1504173
2021-10-29,61642,103148,44721300,1607321
2021-10-30,50673,68124,44771973,1675445
2021-10-31,25162,28300,44797135,1703745
2021-11-01,19046,28152,44816181,1731897
2021-11-02,62747,89399,44878928,1821296
2021-11-03,60728,118673,44939656,1939969
2021-11-04,59243,126679,44998899,2066648
2021-11-05,63093,135195,45061992,2201843
2021-11-06,46481,90933,45108473,2292776
2021-11-07,22253,37897,45130726,2330673
2021-11-08,51531,131278,45182257,2461951
2021-11-09,45398,144216,45227655,2606167
2021-11-10,42583,156357,45270238,2762524
2021-11-11,44935,155141,45315173,2917665
2021-11-12,46375,158589,45361548,3076254
2021-11-13,33259,116658,45394807,3192912
2021-11-14,14488,52454,45409295,3245366
2021-11-15,36897,157437,45446192,3402803
2021-11-16,30557,171386,45476749,3574189
2021-11-17,28465,178445,45505214,3752634
2021-11-18,30281,193736,45535495,3946370
2021-11-19,28811,205860,45564306,4152230
2021-11-20,20997,156453,45585303,4308683
2021-11-21,10612,64860,45595915,4373543
2021-11-22,21942,213154,45617857,4586697
2021-11-23,23578,241760,45641435,4828457
2021-11-24,27844,270965,45669279,5099422
2021-11-25,23239,301916,45692518,5401338
2021-11-26,24583,318276,45717101,5719614
2021-11-27,21385,266156,45738486,5985770
2021-11-28,9903,137059,45748389,6122829
2021-11-29,22338,326076,45770727,6448905
2021-11-30,23098,365824,45793825,6814729
2021-12-01,21527,413520,45815352,7228249
2021-12-02,23767,440416,45839119,7668665
2021-12-03,25264,467483,45864383,8136148
2021-12-04,22373,418759,45886756,8554907
2021-12-05,11933,261349,45898689,8816256
2021-12-06,25818,457594,45924507,9273850
2021-12-07,24141,480270,45948648,9754120
2021-12-08,10006,249698,45958654,10003818
2021-12-09,31592,491941,45990246,10495759
2021-12-10,28078,517895,46018324,11013654
2021-12-11,23572,459259,46041896,11472913
2021-12-12,12309,293514,46054205,11766427
2021-12-13,26160,467639,46080365,12234066
2021-12-14,25175,494217,46105540,12728283
2021-12-15,25343,517159,46130883,13245442
2021-12-16,27890,520266,46158773,13765708
2021-12-17,29368,517188,46188141,14282896
2021-12-18,27073,468739,46215214,14751635
2021-12-19,15152,300532,46230366,15052167
2021-12-20,30638,477492,46261004,15529659
2021-12-21,30386,493393,46291390,16023052
2021-12-22,29457,484717,46320847,16507769
2021-12-23,28261,426916,46349108,16934685
2021-12-24,13114,210834,46362222,17145519
2021-12-25,2102,33053,46364324,17178572
2021-12-26,8764,159071,46373088,17337643
2021-12-27,46808,504668,46419896,17842311
2021-12-28,42460,554226,46462356,18396537
2021-12-29,34358,550652,46496714,18947189
2021-12-30,31852,499837,46528566,19447026
2021-12-31,14123,247396,46542689,19694422
2022-01-01,3496,64815,46546185,19759237
2022-01-02,22780,276723,46568965,20035960
2022-01-03,47867,520020,46616832,20555980
2022-01-04,46393,572090,46663225,21128070
2022-01-05,40772,560398,46703997,21688468
2022-01-06,23496,274487,46727493,21962955
2022-01-07,63719,554193,46791212,22517148
2022-01-08,60876,503393,46852088,23020541
2022-01-09,42874,319684,46894962,23340225
2022-01-10,61096,542291,46956058,23882516
2022-01-11,61739,586995,47017797,24469511
2022-01-12,58459,581278,47076256,25050789
2022-01-13,58619,580386,47134875,25631175
2022-01-14,46821,588569,47181696,26219744
2022-01-15,39427,569940,47221123,26789684
2022-01-16,31239,341859,47252362,27131543
2022-01-17,54787,489661,47307149,27621204
2022-01-18,58400,517016,47365549,28138220
2022-01-19,57201,502788,47422750,28641008
2022-01-20,54345,498826,47477095,29139834
2022-01-21,42096,493870,47519191,29633704
2022-01-22,31200,469593,47550391,30103297
2022-01-23,34939,275368,47585330,30378665
2022-01-24,56183,437223,47641513,30815888
2022-01-25,61556,452111,47703069,31267999
2022-01-26,58546,435829,47761615,31703828
2022-01-27,48841,432368,47810456,32136196
2022-01-28,58699,436536,47869155,32572732
2022-01-29,68132,412486,47937287,32985218
2022-01-30,50375,235964,47987662,33221182
2022-01-31,60624,356931,48048286,33578113
2022-02-01,65555,328442,48113841,33906555
2022-02-02,63199,296974,48177040,34203529
2022-02-03,60056,274515,48237096,34478044
2022-02-04,72379,268453,48309475,34746497
2022-02-05,83777,248528,48393252,34995025
2022-02-06,55288,116201,48448540,35111226
2022-02-07,65142,199937,48513682,35311163
2022-02-08,66925,186111,48580607,35497274
2022-02-09,58758,166334,48639365,35663608
2022-02-10,58572,163235,48697937,35826843
2022-02-11,62245,162464,48760182,35989307
2022-02-12,71975,152139,48832157,36141446
2022-02-13,41470,68850,48873627,36210296
2022-02-14,46688,116186,48920315,36326482
2022-02-15,48531,123477,48968846,36449959
2022-02-16,45676,106117,49014522,36556076
2022-02-17,42860,98105,49057382,36654181
2022-02-18,46619,112570,49104001,36766751
2022-02-19,52533,100329,49156534,36867080
2022-02-20,31410,40360,49187944,36907440
2022-02-21,37884,89647,49225828,36997087
2022-02-22,37217,83773,49263045,37080860
2022-02-23,33390,79405,49296435,37160265
2022-02-24,32547,78161,49328982,37238426
2022-02-25,34755,90708,49363737,37329134
2022-02-26,39155,89130,49402892,37418264
2022-02-27,22542,35856,49425434,37454120
2022-02-28,28477,81689,49453911,37535809
2022-03-01,22718,53939,49476629,37589748
2022-03-02,21995,50627,49498624,37640375
2022-03-03,22613,54940,49521237,37695315
2022-03-04,23227,62793,49544464,37758108
2022-03-05,23794,57951,49568258,37816059
2022-03-06,9469,17200,49577727,37833259
2022-03-07,15911,51387,49593638,37884646
2022-03-08,15471,48794,49609109,37933440
2022-03-09,13811,46517,49622920,37979957
2022-03-10,14047,52114,49636967,38032071
2022-03-11,15580,57260,49652547,38089331
2022-03-12,15501,56614,49668048,38145945
2022-03-13,5542,16850,49673590,38162795
2022-03-14,10520,46694,49684110,38209489
2022-03-15,10537,46890,49694647,38256379
2022-03-16,9476,41972,49704123,38298351
2022-03-17,9712,44871,49713835,38343222
2022-03-18,10157,49053,49723992,38392275
2022-03-19,9147,46531,49733139,38438806
2022-03-20,2608,11700,49735747,38450506
2022-03-21,7578,40223,49743325,38490729
2022-03-22,8447,37756,49751772,38528485
2022-03-23,7211,33699,49758983,38562184
2022-03-24,8255,38799,49767238,38600983
2022-03-25,8133,43660,49775371,38644643
2022-03-26,8125,41720,49783496,38686363
2022-03-27,2429,9681,49785925,38696044
2022-03-28,6105,35236,49792030,38731280
2022-03-29,5773,32527,49797803,38763807
2022-03-30,5564,30200,49803367,38794007
2022-03-31,5888,33181,49809255,38827188
2022-04-01,4347,25186,49813602,38852374
2022-04-02,4493,23274,49818095,38875648
2022-04-03,1049,4499,49819144,38880147
2022-04-04,3655,21535,49822799,38901682
2022-04-05,3755,22927,49826554,38924609
2022-04-06,4098,21848,49830652,38946457
2022-04-07,3964,23320,49834616,38969777
2022-04-08,4691,26709,49839307,38996486
2022-04-09,4381,23884,49843688,39020370
2022-04-10,891,4614,49844579,39024984
2022-04-11,3814,22685,49848393,39047669
2022-04-12,3359,21777,49851752,39069446
2022-04-13,3561,21333,49855313,39090779
2022-04-14,3485,23784,49858798,39114563
2022-04-15,3084,20616,49861882,39135179
2022-04-16,2149,11918,49864031,39147097
2022-04-17,63,348,49864094,39147445
2022-04-18,151,650,49864245,39148095
2022-04-19,3496,21977,49867741,39170072
2022-04-20,3507,20249,49871248,39190321
2022-04-21,2842,19783,49874090,39210104
2022-04-22,2926,20695,49877016,39230799
2022-04-23,2642,16217,49879658,39247016
2022-04-24,509,2334,49880167,39249350
2022-04-25,183,1165,49880350,39250515
2022-04-26,2756,17801,49883106,39268316
2022-04-27,2371,15788,49885477,39284104
2022-04-28,2356,15555,49887833,39299659
2022-04-29,2292,14836,49890125,39314495
2022-04-30,2122,11577,49892247,39326072
2022-05-01,113,530,49892360,39326602
2022-05-02,1450,9388,49893810,39335990
2022-05-03,1574,10312,49895384,39346302
2022-05-04,1746,10259,49897130,39356561
2022-05-05,1651,10278,49898781,39366839
2022-05-06,1700,10950,49900481,39377789
2022-05-07,1431,8563,49901912,39386352
2022-05-08,405,1514,49902317,39387866
2022-05-09,1027,8918,49903344,39396784
2022-05-10,1422,9541,49904766,39406325
2022-05-11,1483,10090,49906249,39416415
2022-05-12,1369,10121,49907618,39426536
2022-05-13,1590,10510,49909208,39437046
2022-05-14,1356,8228,49910564,39445274
2022-05-15,336,1129,49910900,39446403
2022-05-16,811,8392,49911711,39454795
2022-05-17,1243,8674,49912954,39463469
2022-05-18,1372,9224,49914326,39472693
2022-05-19,1500,9270,49915826,39481963
2022-05-20,1422,9498,49917248,39491461
2022-05-21,1299,7892,49918547,39499353
2022-05-22,231,1012,49918778,39500365
2022-05-23,829,8262,49919607,39508627
2022-05-24,1073,8664,49920680,39517291
2022-05-25,1369,9444,49922049,39526735
2022-05-26,1195,9455,49923244,39536190
2022-05-27,1227,9912,49924471,39546102
2022-05-28,1203,7874,49925674,39553976
2022-05-29,286,1264,49925960,39555240
2022-05-30,929,8031,49926889,39563271
2022-05-31,1033,8532,49927922,39571803
2022-06-01,890,7644,49928812,39579447
2022-06-02,35,474,49928847,39579921
2022-06-03,817,7328,49929664,39587249
2022-06-04,870,5156,49930534,39592405
2022-06-05,89,586,49930623,39592991
2022-06-06,675,6986,49931298,39599977
2022-06-07,951,7842,49932249,39607819
2022-06-08,983,7901,49933232,39615720
2022-06-09,1036,8400,49934268,39624120
2022-06-10,957,8552,49935225,39632672
2022-06-11,901,6206,49936126,39638878
2022-06-12,140,767,49936266,39639645
2022-06-13,602,6295,49936868,39645940
2022-06-14,827,7882,49937695,39653822
2022-06-15,954,7844,49938649,39661666
2022-06-16,729,7389,49939378,39669055
2022-06-17,720,7242,49940098,39676297
2022-06-18,777,5588,49940875,39681885
2022-06-19,47,522,49940922,39682407
2022-06-20,587,6695,49941509,39689102
2022-06-21,734,7654,49942243,39696756
2022-06-22,780,7307,49943023,39704063
2022-06-23,651,7459,49943674,39711522
2022-06-24,642,7472,49944316,39718994
2022-06-25,835,6532,49945151,39725526
2022-06-26,128,523,49945279,39726049
2022-06-27,531,7122,49945810,39733171
2022-06-28,745,8193,49946555,39741364
2022-06-29,756,7721,49947311,39749085
2022-06-30,745,8132,49948056,39757217
2022-07-01,576,6437,49948632,39763654
2022-07-02,536,4766,49949168,39768420
2022-07-03,49,456,49949217,39768876
2022-07-04,471,6274,49949688,39775150
2022-07-05,628,8112,49950316,39783262
2022-07-06,630,7607,49950946,39790869
2022-07-07,570,8264,49951516,39799133
2022-07-08,671,8079,49952187,39807212
2022-07-09,550,6103,49952737,39813315
2022-07-10,58,533,49952795,39813848
2022-07-11,487,7639,49953282,39821487
2022-07-12,665,9026,49953947,39830513
2022-07-13,640,10063,49954587,39840576
2022-07-14,636,10219,49955223,39850795
2022-07-15,624,10663,49955847,39861458
2022-07-16,522,7209,49956369,39868667
2022-07-17,48,769,49956417,39869436
2022-07-18,497,9350,49956914,39878786
2022-07-19,573,10657,49957487,39889443
2022-07-20,577,11258,49958064,39900701
2022-07-21,625,12040,49958689,39912741
2022-07-22,582,11228,49959271,39923969
2022-07-23,379,6744,49959650,39930713
2022-07-24,76,834,49959726,39931547
2022-07-25,501,9034,49960227,39940581
2022-07-26,519,9728,49960746,39950309
2022-07-27,550,10158,49961296,39960467
2022-07-28,527,10482,49961823,39970949
2022-07-29,510,9426,49962333,39980375
2022-07-30,381,5852,49962714,39986227
2022-07-31,49,745,49962763,39986972
2022-08-01,386,6824,49963149,39993796
2022-08-02,540,7526,49963689,40001322
2022-08-03,510,7142,49964199,40008464
2022-08-04,454,7439,49964653,40015903
2022-08-05,419,6489,49965072,40022392
2022-08-06,298,3582,49965370,40025974
2022-08-07,44,551,49965414,40026525
2022-08-08,401,4874,49965815,40031399
2022-08-09,383,5269,49966198,40036668
2022-08-10,377,4789,49966575,40041457
2022-08-11,364,4756,49966939,40046213
2022-08-12,291,3698,49967230,40049911
2022-08-13,143,1597,49967373,40051508
2022-08-14,9,128,49967382,40051636
2022-08-15,1,26,49967383,40051662
2022-08-16,283,3028,49967666,40054690
2022-08-17,351,3512,49968017,40058202
2022-08-18,389,4141,49968406,40062343
2022-08-19,341,3309,49968747,40065652
2022-08-20,183,1710,49968930,40067362
2022-08-21,24,146,49968954,40067508
2022-08-22,329,2940,49969283,40070448
2022-08-23,371,3656,49969654,40074104
2022-08-24,382,3344,49970036,40077448
2022-08-25,419,3753,49970455,40081201
2022-08-26,395,3562,49970850,40084763
2022-08-27,235,1769,49971085,40086532
2022-08-28,29,260,49971114,40086792
2022-08-29,353,3148,49971467,40089940
2022-08-30,402,3646,49971869,40093586
2022-08-31,436,3716,49972305,40097302
2022-09-01,351,3097,49972656,40100399
2022-09-02,293,2883,49972949,40103282
2022-09-03,199,1684,49973148,40104966
2022-09-04,22,147,49973170,40105113
2022-09-05,186,2646,49973356,40107759
2022-09-06,301,2984,49973657,40110743
2022-09-07,540,2912,49974197,40113655
2022-09-08,288,2946,49974485,40116601
2022-09-09,301,2852,49974786,40119453
2022-09-10,226,1324,49975012,40120777
2022-09-11,21,123,49975033,40120900
2022-09-12,267,2202,49975300,40123102
2022-09-13,248,2267,49975548,40125369
2022-09-14,261,2551,49975809,40127920
2022-09-15,279,2480,49976088,40130400
2022-09-16,252,2530,49976340,40132930
2022-09-17,239,1339,49976579,40134269
2022-09-18,20,170,49976599,40134439
2022-09-19,205,1965,49976804,40136404
2022-09-20,234,2371,49977038,40138775
2022-09-21,289,2508,49977327,40141283
2022-09-22,258,2625,49977585,40143908
2022-09-23,248,2317,49977833,40146225
2022-09-24,194,1426,49978027,40147651
2022-09-25,28,134,49978055,40147785
2022-09-26,280,2237,49978335,40150022
2022-09-27,280,2626,49978615,40152648
2022-09-28,307,2868,49978922,40155516
2022-09-29,250,3025,49979172,40158541
2022-09-30,287,2877,49979459,40161418
2022-10-01,193,1491,49979652,40162909
2022-10-02,11,187,49979663,40163096
2022-10-03,179,2451,49979842,40165547
2022-10-04,232,2808,49980074,40168355
2022-10-05,221,3173,49980295,40171528
2022-10-06,239,3760,49980534,40175288
2022-10-07,282,4083,49980816,40179371
2022-10-08,196,2206,49981012,40181577
2022-10-09,8,287,49981020,40181864
2022-10-10,204,3264,49981224,40185128
2022-10-11,189,4212,49981413,40189340
2022-10-12,197,4151,49981610,40193491
2022-10-13,165,4871,49981775,40198362
2022-10-14,122,2613,49981897,40200975