data_somministrazione,vaccinazioni,booster,cum_vaccinazioni,cum_booster
2020-12-27,20,0,20,0
2020-12-28,2,0,22,0
2020-12-29,1,0,23,0
2020-12-30,8,0,31,0
2020-12-31,71,0,102,0
2021-01-01,23,0,125,0
2021-01-02,119,0,244,0
2021-01-03,83,0,327,0
2021-01-04,209,0,536,0
2021-01-05,244,0,780,0
2021-01-06,211,0,991,0
2021-01-07,298,0,1289,0
2021-01-08,342,0,1631,0
2021-01-09,254,0,1885,0
2021-01-10,152,0,2037,0
2021-01-11,278,0,2315,0
2021-01-12,269,0,2584,0
2021-01-13,394,0,2978,0
2021-01-14,480,0,3458,0
2021-01-15,298,0,3756,0
2021-01-16,212,0,3968,0
2021-01-17,3059,0,7027,0
2021-01-18,5210,0,12237,0
2021-01-19,1893,0,14130,0
2021-01-20,4655,0,18785,0
2021-01-21,19999,0,38784,0
2021-01-22,14205,0,52989,0
2021-01-23,33324,0,86313,0
2021-01-24,30785,0,117098,0
2021-01-25,64722,0,181820,0
2021-01-26,76492,0,258312,0
2021-01-27,64829,0,323141,0
2021-01-28,89282,0,412423,0
2021-01-29,94014,0,506437,0
2021-01-30,86558,0,592995,0
2021-01-31,57329,0,650324,0
2021-02-01,81858,0,732182,0
2021-02-02,82144,0,814326,0
2021-02-03,91191,0,905517,0
2021-02-04,95398,0,1000915,0
2021-02-05,90275,0,1091190,0
2021-02-06,63444,0,1154634,0
2021-02-07,32928,0,1187562,0
2021-02-08,40428,0,1227990,0
2021-02-09,32865,0,1260855,0
2021-02-10,28422,0,1289277,0
2021-02-11,20393,0,1309670,0
2021-02-12,16231,0,1325901,0
2021-02-13,7264,0,1333165,0
2021-02-14,2861,0,1336026,0
2021-02-15,6840,0,1342866,0
2021-02-16,6997,0,1349863,0
2021-02-17,10520,0,1360383,0
2021-02-18,9251,0,1369634,0
2021-02-19,8245,0,1377879,0
2021-02-20,5552,0,1383431,0
2021-02-21,2996,0,1386427,0
2021-02-22,6883,0,1393310,0
2021-02-23,7165,0,1400475,0
2021-02-24,9828,0,1410303,0
2021-02-25,14206,0,1424509,0
2021-02-26,17555,0,1442064,0
2021-02-27,13909,0,1455973,0
2021-02-28,9387,0,1465360,0
2021-03-01,26514,0,1491874,0
2021-03-02,33239,0,1525113,0
2021-03-03,44642,0,1569755,0
2021-03-04,50290,0,1620045,0
2021-03-05,55735,0,1675780,0
2021-03-06,41871,0,1717651,0
2021-03-07,22323,0,1739974,0
2021-03-08,50804,0,1790778,0
2021-03-09,53063,0,1843841,0
2021-03-10,58637,0,1902478,0
2021-03-11,63853,0,1966331,0
2021-03-12,65106,0,2031437,0
2021-03-13,51715,0,2083152,0
2021-03-14,35392,0,2118544,0
2021-03-15,73433,0,2191977,0
2021-03-16,74024,0,2266001,0
2021-03-17,83129,0,2349130,0
2021-03-18,81621,0,2430751,0
2021-03-19,81077,0,2511828,0
2021-03-20,64715,0,2576543,0
2021-03-21,47294,0,2623837,0
2021-03-22,69467,0,2693304,0
2021-03-23,75789,0,2769093,0
2021-03-24,90898,0,2859991,0
2021-03-25,89794,0,2949785,0
2021-03-26,83616,0,3033401,0
2021-03-27,71929,0,3105330,0
2021-03-28,44140,0,3149470,0
2021-03-29,70815,0,3220285,0
2021-03-30,81375,0,3301660,0
2021-03-31,96224,0,3397884,0
2021-04-01,95298,0,3493182,0
2021-04-02,84066,0,3577248,0
2021-04-03,64301,0,3641549,0
2021-04-04,21718,0,3663267,0
2021-04-05,40303,0,3703570,0
2021-04-06,81306,0,3784876,0
2021-04-07,95819,0,3880695,0
2021-04-08,95233,0,3975928,0
2021-04-09,88485,0,4064413,0
2021-04-10,74032,0,4138445,0
2021-04-11,44760,0,4183205,0
2021-04-12,66911,0,4250116,0
2021-04-13,72568,0,4322684,0
2021-04-14,85525,0,4408209,0
2021-04-15,105405,0,4513614,0
2021-04-16,106415,0,4620029,0
2021-04-17,90507,0,4710536,0
2021-04-18,58582,0,4769118,0
2021-04-19,93426,0,4862544,0
2021-04-20,103758,0,4966302,0
2021-04-21,125334,0,5091636,0
2021-04-22,143502,0,5235138,0
2021-04-23,138723,0,5373861,0
2021-04-24,124439,0,5498300,0
2021-04-25,61454,0,5559754,0
2021-04-26,97882,0,5657636,0
2021-04-27,128354,0,5785990,0
2021-04-28,156361,0,5942351,0
2021-04-29,195587,0,6137938,0
2021-04-30,214559,0,6352497,0
2021-05-01,174100,0,6526597,0
2021-05-02,135795,0,6662392,0
2021-05-03,142013,0,6804405,0
2021-05-04,158680,0,6963085,0
2021-05-05,170484,0,7133569,0
2021-05-06,197791,0,7331360,0
2021-05-07,213826,0,7545186,0
2021-05-08,213394,0,7758580,0
2021-05-09,143196,0,7901776,0
2021-05-10,165081,0,8066857,0
2021-05-11,174974,0,8241831,0
2021-05-12,179171,0,8421002,0
2021-05-13,203372,0,8624374,0
2021-05-14,222902,0,8847276,0
2021-05-15,210352,0,9057628,0
2021-05-16,159270,0,9216898,0
2021-05-17,219185,0,9436083,0
2021-05-18,213002,0,9649085,0
2021-05-19,207074,0,9856159,0
2021-05-20,270843,0,10127002,0
2021-05-21,270870,0,10397872,0
2021-05-22,245518,0,10643390,0
2021-05-23,197171,0,10840561,0
2021-05-24,228299,0,11068860,0
2021-05-25,245690,0,11314550,0
2021-05-26,277480,0,11592030,0
2021-05-27,311077,0,11903107,0
2021-05-28,299568,0,12202675,0
2021-05-29,231215,0,12433890,0
2021-05-30,170834,0,12604724,0
2021-05-31,216416,0,12821140,0
2021-06-01,207624,0,13028764,0
2021-06-02,115780,0,13144544,0
2021-06-03,180137,0,13324681,0
2021-06-04,184866,0,13509547,0
2021-06-05,185951,0,13695498,0
2021-06-06,139534,0,13835032,0
2021-06-07,161860,0,13996892,0
2021-06-08,171199,0,14168091,0
2021-06-09,171457,0,14339548,0
2021-06-10,174081,0,14513629,0
2021-06-11,169960,0,14683589,0
2021-06-12,128317,0,14811906,0
2021-06-13,91169,0,14903075,0
2021-06-14,214664,0,15117739,0
2021-06-15,228402,0,15346141,0
2021-06-16,253063,0,15599204,0
2021-06-17,301721,0,15900925,0
2021-06-18,306287,0,16207212,0
2021-06-19,275072,0,16482284,0
2021-06-20,220760,0,16703044,0
2021-06-21,288061,0,16991105,0
2021-06-22,296199,0,17287304,0
2021-06-23,302668,0,17589972,0
2021-06-24,332579,0,17922551,0
2021-06-25,348697,0,18271248,0
2021-06-26,300091,0,18571339,0
2021-06-27,228638,0,18799977,0
2021-06-28,307061,0,19107038,0
2021-06-29,329258,0,19436296,0
2021-06-30,342119,0,19778415,0
2021-07-01,363178,0,20141593,0
2021-07-02,368441,0,20510034,0
2021-07-03,371075,0,20881109,0
2021-07-04,283203,0,21164312,0
2021-07-05,384519,0,21548831,0
2021-07-06,385442,0,21934273,0
2021-07-07,412080,0,22346353,0
2021-07-08,479602,0,22825955,0
2021-07-09,498476,0,23324431,0
2021-07-10,475168,0,23799599,0
2021-07-11,357688,0,24157287,0
2021-07-12,485883,0,24643170,0
2021-07-13,492124,0,25135294,0
2021-07-14,480464,0,25615758,0
2021-07-15,523453,0,26139211,0
2021-07-16,509767,0,26648978,0
2021-07-17,464353,0,27113331,0
2021-07-18,364666,0,27477997,0
2021-07-19,463058,0,27941055,0
2021-07-20,458069,0,28399124,0
2021-07-21,462794,0,28861918,0
2021-07-22,475395,0,29337313,0
2021-07-23,441295,0,29778608,0
2021-07-24,386166,0,30164774,0
2021-07-25,287565,0,30452339,0
2021-07-26,430866,0,30883205,0
2021-07-27,440121,0,31323326,0
2021-07-28,391005,0,31714331,0
2021-07-29,372073,0,32086404,0
2021-07-30,341505,0,32427909,0
2021-07-31,287028,0,32714937,0
2021-08-01,191009,0,32905946,0
2021-08-02,333714,0,33239660,0
2021-08-03,323184,0,33562844,0
2021-08-04,310970,0,33873814,0
2021-08-05,292508,0,34166322,0
2021-08-06,259999,0,34426321,0
2021-08-07,199045,0,34625366,0
2021-08-08,153109,0,34778475,0
2021-08-09,234073,0,35012548,0
2021-08-10,205244,0,35217792,0
2021-08-11,193757,0,35411549,0
2021-08-12,168016,0,35579565,0
2021-08-13,148620,0,35728185,0
2021-08-14,66092,0,35794277,0
2021-08-15,26337,0,35820614,0
2021-08-16,114691,0,35935305,0
2021-08-17,129249,0,36064554,0
2021-08-18,128744,0,36193298,0
2021-08-19,124806,0,36318104,0
2021-08-20,123799,0,36441903,0
2021-08-21,83123,0,36525026,0
2021-08-22,68169,0,36593195,0
2021-08-23,176866,0,36770061,0
2021-08-24,156902,0,36926963,0
2021-08-25,177170,0,37104133,0
2021-08-26,172352,0,37276485,0
2021-08-27,185838,0,37462323,0
2021-08-28,140274,0,37602597,0
2021-08-29,98995,0,37701592,0
2021-08-30,209622,0,37911214,0
2021-08-31,194638,0,38105852,0
2021-09-01,192210,0,38298062,0
2021-09-02,189934,0,38487996,0
2021-09-03,191319,0,38679315,0
2021-09-04,131468,0,38810783,0
2021-09-05,87861,0,38898644,0
2021-09-06,193638,0,39092282,0
2021-09-07,196044,0,39288326,0
2021-09-08,187889,0,39476215,0
2021-09-09,201455,0,39677670,0
2021-09-10,198088,0,39875758,0
2021-09-11,141312,0,40017070,0
2021-09-12,89599,0,40106669,0
2021-09-13,191144,580,40297813,580
2021-09-14,177238,598,40475051,1178
2021-09-15,163103,605,40638154,1783
2021-09-16,160083,944,40798237,2727
2021-09-17,150173,1128,40948410,3855
2021-09-18,127977,748,41076387,4603
2021-09-19,81135,498,41157522,5101
2021-09-20,180076,9090,41337598,14191
2021-09-21,166644,8841,41504242,23032
2021-09-22,159084,9447,41663326,32479
2021-09-23,138076,9336,41801402,41815
2021-09-24,140539,8971,41941941,50786
2021-09-25,119554,5645,42061495,56431
2021-09-26,71965,4345,42133460,60776
2021-09-27,135654,10053,42269114,70829
2021-09-28,117502,11396,42386616,82225
2021-09-29,112351,11831,42498967,94056
2021-09-30,110238,14958,42609205,109014
2021-10-01,94983,19115,42704188,128129
2021-10-02,78496,14021,42782684,142150
2021-10-03,47744,7659,42830428,149809
2021-10-04,88375,34452,42918803,184261
2021-10-05,80370,33974,42999173,218235
2021-10-06,71986,34170,43071159,252405
2021-10-07,71852,34354,43143011,286759
2021-10-08,80631,33594,43223642,320353
2021-10-09,76101,22176,43299743,342529
2021-10-10,45775,13619,43345518,356148
2021-10-11,87431,41108,43432949,397256
2021-10-12,84494,46910,43517443,444166
2021-10-13,88194,52127,43605637,496293
2021-10-14,91538,58518,43697175,554811
2021-10-15,93602,55637,43790777,610448
2021-10-16,82970,36785,43873747,647233
2021-10-17,51464,23832,43925211,671065
2021-10-18,90302,59491,44015513,730556
2021-10-19,78344,69383,44093857,799939
2021-10-20,75072,78175,44168929,878114
2021-10-21,78297,81766,44247226,959880
2021-10-22,73784,77036,44321010,1036916
2021-10-23,60821,51962,44381831,1088878
2021-10-24,33373,23462,44415204,1112340
2021-10-25,64907,81629,44480111,1193969
2021-10-26,58372,91791,44538483,1285760
2021-10-27,58328,103977,44596811,1389737
2021-10-28,61466,114109,44658277,1503846
2021-10-29,61644,103132,44719921,1606978
2021-10-30,50671,68121,44770592,1675099
2021-10-31,25163,28293,44795755,1703392
2021-11-01,19045,28151,44814800,1731543
2021-11-02,62754,89386,44877554,1820929
2021-11-03,60727,118665,44938281,1939594
2021-11-04,59243,126668,44997524,2066262
2021-11-05,63093,135185,45060617,2201447
2021-11-06,46479,90923,45107096,2292370
2021-11-07,22252,37896,45129348,2330266
2021-11-08,51527,131271,45180875,2461537
2021-11-09,45401,144206,45226276,2605743
2021-11-10,42584,156350,45268860,2762093
2021-11-11,44934,155140,45313794,2917233
2021-11-12,46374,158578,45360168,3075811
2021-11-13,33257,116655,45393425,3192466
2021-11-14,14486,52448,45407911,3244914
2021-11-15,36894,157431,45444805,3402345
2021-11-16,30553,171376,45475358,3573721
2021-11-17,28456,178442,45503814,3752163
2021-11-18,30285,193725,45534099,3945888
2021-11-19,28806,205856,45562905,4151744
2021-11-20,20994,156439,45583899,4308183
2021-11-21,10611,64859,45594510,4373042
2021-11-22,21939,213142,45616449,4586184
2021-11-23,23576,241749,45640025,4827933
2021-11-24,27844,270950,45667869,5098883
2021-11-25,23235,301911,45691104,5400794
2021-11-26,24586,318267,45715690,5719061
2021-11-27,21382,266151,45737072,5985212
2021-11-28,9901,137059,45746973,6122271
2021-11-29,22334,326064,45769307,6448335
2021-11-30,23091,365822,45792398,6814157
2021-12-01,21544,413504,45813942,7227661
2021-12-02,23764,440381,45837706,7668042
2021-12-03,25260,467463,45862966,8135505
2021-12-04,22372,418737,45885338,8554242
2021-12-05,11928,261332,45897266,8815574
2021-12-06,25814,457582,45923080,9273156
2021-12-07,24135,480254,45947215,9753410
2021-12-08,10005,249684,45957220,10003094
2021-12-09,31584,491916,45988804,10495010
2021-12-10,28068,517872,46016872,11012882
2021-12-11,23562,459243,46040434,11472125
2021-12-12,12309,293497,46052743,11765622
2021-12-13,26155,467622,46078898,12233244
2021-12-14,25171,494194,46104069,12727438
2021-12-15,25338,517140,46129407,13244578
2021-12-16,27884,520241,46157291,13764819
2021-12-17,29367,517164,46186658,14281983
2021-12-18,27062,468717,46213720,14750700
2021-12-19,15144,300517,46228864,15051217
2021-12-20,30631,477483,46259495,15528700
2021-12-21,30372,493380,46289867,16022080
2021-12-22,29450,484702,46319317,16506782
2021-12-23,28249,426896,46347566,16933678
2021-12-24,13111,210825,46360677,17144503
2021-12-25,2102,33053,46362779,17177556
2021-12-26,8763,159068,46371542,17336624
2021-12-27,46791,504658,46418333,17841282
2021-12-28,42452,554212,46460785,18395494
2021-12-29,34350,550640,46495135,18946134
2021-12-30,31843,499821,46526978,19445955
2021-12-31,14121,247389,46541099,19693344
2022-01-01,3496,64814,46544595,19758158
2022-01-02,22770,276721,46567365,20034879
2022-01-03,47855,520012,46615220,20554891
2022-01-04,46368,572081,46661588,21126972
2022-01-05,40750,560391,46702338,21687363
2022-01-06,23484,274482,46725822,21961845
2022-01-07,63693,554186,46789515,22516031
2022-01-08,60853,503378,46850368,23019409
2022-01-09,42852,319685,46893220,23339094
2022-01-10,61076,542290,46954296,23881384
2022-01-11,61708,586985,47016004,24468369
2022-01-12,58437,581274,47074441,25049643
2022-01-13,58600,580380,47133041,25630023
2022-01-14,46787,588567,47179828,26218590
2022-01-15,39403,569936,47219231,26788526
2022-01-16,31217,341853,47250448,27130379
2022-01-17,54773,489654,47305221,27620033
2022-01-18,58390,517007,47363611,28137040
2022-01-19,57188,502781,47420799,28639821
2022-01-20,54334,498816,47475133,29138637
2022-01-21,42075,493869,47517208,29632506
2022-01-22,31185,469593,47548393,30102099
2022-01-23,34922,275362,47583315,30377461
2022-01-24,56179,437212,47639494,30814673
2022-01-25,61540,452100,47701034,31266773
2022-01-26,58536,435824,47759570,31702597
2022-01-27,48837,432357,47808407,32134954
2022-01-28,58689,436531,47867096,32571485
2022-01-29,68117,412485,47935213,32983970
2022-01-30,50370,235967,47985583,33219937
2022-01-31,60618,356928,48046201,33576865
2022-02-01,65543,328437,48111744,33905302
2022-02-02,63194,296970,48174938,34202272
2022-02-03,60048,274513,48234986,34476785
2022-02-04,72375,268451,48307361,34745236
2022-02-05,83764,248530,48391125,34993766
2022-02-06,55282,116200,48446407,35109966
2022-02-07,65136,199936,48511543,35309902
2022-02-08,66924,186108,48578467,35496010
2022-02-09,58755,166335,48637222,35662345
2022-02-10,58561,163235,48695783,35825580
2022-02-11,62240,162456,48758023,35988036
2022-02-12,71975,152141,48829998,36140177
2022-02-13,41468,68849,48871466,36209026
2022-02-14,46683,116187,48918149,36325213
2022-02-15,48522,123479,48966671,36448692
2022-02-16,45670,106117,49012341,36554809
2022-02-17,42857,98106,49055198,36652915
2022-02-18,46614,112569,49101812,36765484
2022-02-19,52524,100329,49154336,36865813
2022-02-20,31410,40361,49185746,36906174
2022-02-21,37883,89645,49223629,36995819
2022-02-22,37217,83770,49260846,37079589
2022-02-23,33387,79403,49294233,37158992
2022-02-24,32548,78160,49326781,37237152
2022-02-25,34755,90708,49361536,37327860
2022-02-26,39151,89132,49400687,37416992
2022-02-27,22541,35856,49423228,37452848
2022-02-28,28473,81688,49451701,37534536
2022-03-01,22716,53940,49474417,37588476
2022-03-02,21991,50629,49496408,37639105
2022-03-03,22608,54939,49519016,37694044
2022-03-04,23223,62792,49542239,37756836
2022-03-05,23792,57952,49566031,37814788
2022-03-06,9470,17200,49575501,37831988
2022-03-07,15908,51386,49591409,37883374
2022-03-08,15470,48793,49606879,37932167
2022-03-09,13809,46514,49620688,37978681
2022-03-10,14043,52116,49634731,38030797
2022-03-11,15578,57257,49650309,38088054
2022-03-12,15497,56614,49665806,38144668
2022-03-13,5544,16849,49671350,38161517
2022-03-14,10521,46694,49681871,38208211
2022-03-15,10536,46890,49692407,38255101
2022-03-16,9475,41976,49701882,38297077
2022-03-17,9708,44871,49711590,38341948
2022-03-18,10154,49052,49721744,38391000
2022-03-19,9146,46530,49730890,38437530
2022-03-20,2608,11700,49733498,38449230
2022-03-21,7577,40223,49741075,38489453
2022-03-22,8446,37755,49749521,38527208
2022-03-23,7210,33699,49756731,38560907
2022-03-24,8254,38797,49764985,38599704
2022-03-25,8131,43661,49773116,38643365
2022-03-26,8124,41721,49781240,38685086
2022-03-27,2429,9681,49783669,38694767
2022-03-28,6104,35234,49789773,38730001
2022-03-29,5773,32524,49795546,38762525
2022-03-30,5560,30199,49801106,38792724
2022-03-31,5887,33177,49806993,38825901
2022-04-01,4345,25187,49811338,38851088
2022-04-02,4490,23274,49815828,38874362
2022-04-03,1049,4499,49816877,38878861
2022-04-04,3654,21533,49820531,38900394
2022-04-05,3753,22926,49824284,38923320
2022-04-06,4098,21848,49828382,38945168
2022-04-07,3964,23320,49832346,38968488
2022-04-08,4688,26709,49837034,38995197
2022-04-09,4380,23884,49841414,39019081
2022-04-10,891,4614,49842305,39023695
2022-04-11,3813,22685,49846118,39046380
2022-04-12,3358,21778,49849476,39068158
2022-04-13,3561,21333,49853037,39089491
2022-04-14,3485,23782,49856522,39113273
2022-04-15,3081,20616,49859603,39133889
2022-04-16,2149,11919,49861752,39145808
2022-04-17,63,348,49861815,39146156
2022-04-18,151,650,49861966,39146806
2022-04-19,3493,21978,49865459,39168784
2022-04-20,3505,20248,49868964,39189032
2022-04-21,2841,19780,49871805,39208812
2022-04-22,2925,20696,49874730,39229508
2022-04-23,2638,16212,49877368,39245720
2022-04-24,509,2335,49877877,39248055
2022-04-25,183,1165,49878060,39249220
2022-04-26,2758,17797,49880818,39267017
2022-04-27,2371,15785,49883189,39282802
2022-04-28,2356,15553,49885545,39298355
2022-04-29,2292,14835,49887837,39313190
2022-04-30,2121,11577,49889958,39324767
2022-05-01,113,530,49890071,39325297
2022-05-02,1451,9386,49891522,39334683
2022-05-03,1574,10310,49893096,39344993
2022-05-04,1746,10258,49894842,39355251
2022-05-05,1651,10277,49896493,39365528
2022-05-06,1700,10946,49898193,39376474
2022-05-07,1431,8562,49899624,39385036
2022-05-08,404,1514,49900028,39386550
2022-05-09,1026,8918,49901054,39395468
2022-05-10,1422,9540,49902476,39405008
2022-05-11,1482,10089,49903958,39415097
2022-05-12,1367,10119,49905325,39425216
2022-05-13,1588,10510,49906913,39435726
2022-05-14,1356,8228,49908269,39443954
2022-05-15,336,1129,49908605,39445083
2022-05-16,811,8392,49909416,39453475
2022-05-17,1243,8674,49910659,39462149
2022-05-18,1372,9221,49912031,39471370
2022-05-19,1500,9270,49913531,39480640
2022-05-20,1421,9495,49914952,39490135
2022-05-21,1299,7892,49916251,39498027
2022-05-22,231,1012,49916482,39499039
2022-05-23,827,8261,49917309,39507300
2022-05-24,1071,8666,49918380,39515966
2022-05-25,1367,9446,49919747,39525412
2022-05-26,1194,9454,49920941,39534866
2022-05-27,1226,9910,49922167,39544776
2022-05-28,1203,7873,49923370,39552649
2022-05-29,286,1264,49923656,39553913
2022-05-30,929,8029,49924585,39561942
2022-05-31,1033,8532,49925618,39570474
2022-06-01,891,7644,49926509,39578118
2022-06-02,35,474,49926544,39578592
2022-06-03,816,7328,49927360,39585920
2022-06-04,870,5155,49928230,39591075
2022-06-05,89,586,49928319,39591661
2022-06-06,675,6984,49928994,39598645
2022-06-07,932,7842,49929926,39606487
2022-06-08,982,7900,49930908,39614387
2022-06-09,1036,8400,49931944,39622787
2022-06-10,957,8552,49932901,39631339
2022-06-11,900,6206,49933801,39637545
2022-06-12,140,767,49933941,39638312
2022-06-13,603,6295,49934544,39644607
2022-06-14,826,7882,49935370,39652489
2022-06-15,954,7844,49936324,39660333
2022-06-16,729,7389,49937053,39667722
2022-06-17,720,7241,49937773,39674963
2022-06-18,777,5588,49938550,39680551
2022-06-19,47,522,49938597,39681073
2022-06-20,588,6694,49939185,39687767
2022-06-21,733,7652,49939918,39695419
2022-06-22,780,7305,49940698,39702724
2022-06-23,651,7459,49941349,39710183
2022-06-24,642,7473,49941991,39717656
2022-06-25,835,6532,49942826,39724188
2022-06-26,128,523,49942954,39724711
2022-06-27,532,7120,49943486,39731831
2022-06-28,746,8192,49944232,39740023
2022-06-29,756,7720,49944988,39747743
2022-06-30,745,8132,49945733,39755875
2022-07-01,576,6438,49946309,39762313
2022-07-02,536,4766,49946845,39767079
2022-07-03,49,456,49946894,39767535
2022-07-04,470,6274,49947364,39773809
2022-07-05,628,8112,49947992,39781921
2022-07-06,630,7606,49948622,39789527
2022-07-07,568,8261,49949190,39797788
2022-07-08,670,8078,49949860,39805866
2022-07-09,550,6103,49950410,39811969
2022-07-10,58,533,49950468,39812502
2022-07-11,487,7639,49950955,39820141
2022-07-12,664,9026,49951619,39829167
2022-07-13,639,10060,49952258,39839227
2022-07-14,636,10219,49952894,39849446
2022-07-15,623,10664,49953517,39860110
2022-07-16,522,7209,49954039,39867319
2022-07-17,48,769,49954087,39868088
2022-07-18,497,9350,49954584,39877438
2022-07-19,574,10653,49955158,39888091
2022-07-20,576,11258,49955734,39899349
2022-07-21,625,12040,49956359,39911389
2022-07-22,582,11227,49956941,39922616
2022-07-23,379,6743,49957320,39929359
2022-07-24,76,834,49957396,39930193
2022-07-25,501,9033,49957897,39939226
2022-07-26,519,9728,49958416,39948954
2022-07-27,549,10155,49958965,39959109
2022-07-28,527,10482,49959492,39969591
2022-07-29,510,9424,49960002,39979015
2022-07-30,380,5852,49960382,39984867
2022-07-31,49,745,49960431,39985612
2022-08-01,386,6823,49960817,39992435
2022-08-02,539,7518,49961356,39999953
2022-08-03,511,7143,49961867,40007096
2022-08-04,452,7427,49962319,40014523
2022-08-05,417,6487,49962736,40021010
2022-08-06,298,3582,49963034,40024592
2022-08-07,44,551,49963078,40025143
2022-08-08,401,4874,49963479,40030017
2022-08-09,383,5267,49963862,40035284
2022-08-10,376,4788,49964238,40040072
2022-08-11,364,4756,49964602,40044828
2022-08-12,288,3700,49964890,40048528
2022-08-13,143,1596,49965033,40050124
2022-08-14,9,128,49965042,40050252
2022-08-15,1,26,49965043,40050278
2022-08-16,283,3027,49965326,40053305
2022-08-17,351,3513,49965677,40056818
2022-08-18,388,4142,49966065,40060960
2022-08-19,341,3305,49966406,40064265
2022-08-20,182,1710,49966588,40065975
2022-08-21,24,146,49966612,40066121
2022-08-22,329,2935,49966941,40069056
2022-08-23,371,3648,49967312,40072704
2022-08-24,381,3332,49967693,40076036
2022-08-25,419,3731,49968112,40079767
2022-08-26,394,3545,49968506,40083312
2022-08-27,235,1767,49968741,40085079
2022-08-28,29,260,49968770,40085339
2022-08-29,353,3138,49969123,40088477
2022-08-30,401,3636,49969524,40092113
2022-08-31,434,3703,49969958,40095816
2022-09-01,352,3072,49970310,40098888
2022-09-02,292,2866,49970602,40101754
2022-09-03,199,1683,49970801,40103437
2022-09-04,22,147,49970823,40103584
2022-09-05,186,2625,49971009,40106209
2022-09-06,301,2961,49971310,40109170
2022-09-07,538,2907,49971848,40112077
2022-09-08,288,2942,49972136,40115019
2022-09-09,297,2848,49972433,40117867
2022-09-10,226,1324,49972659,40119191
2022-09-11,21,123,49972680,40119314
2022-09-12,264,2210,49972944,40121524
2022-09-13,245,2245,49973189,40123769
2022-09-14,258,2529,49973447,40126298
2022-09-15,275,2446,49973722,40128744
2022-09-16,251,2480,49973973,40131224
2022-09-17,237,1317,49974210,40132541
2022-09-18,19,170,49974229,40132711
2022-09-19,206,1963,49974435,40134674
2022-09-20,232,2362,49974667,40137036
2022-09-21,288,2503,49974955,40139539
2022-09-22,258,2583,49975213,40142122
2022-09-23,244,2259,49975457,40144381
2022-09-24,195,1423,49975652,40145804
2022-09-25,28,134,49975680,40145938
2022-09-26,269,2217,49975949,40148155
2022-09-27,282,2572,49976231,40150727
2022-09-28,300,2799,49976531,40153526
2022-09-29,242,2729,49976773,40156255
2022-09-30,255,2487,49977028,40158742
2022-10-01,176,1321,49977204,40160063
2022-10-02,10,158,49977214,40160221
2022-10-03,164,2223,49977378,40162444
2022-10-04,99,1408,49977477,40163852