data_somministrazione,vaccinazioni,booster,cum_vaccinazioni,cum_booster
2020-12-27,19,0,19,0
2020-12-28,2,0,21,0
2020-12-29,1,0,22,0
2020-12-30,6,0,28,0
2020-12-31,67,0,95,0
2021-01-01,22,0,117,0
2021-01-02,107,0,224,0
2021-01-03,79,0,303,0
2021-01-04,200,0,503,0
2021-01-05,236,0,739,0
2021-01-06,197,0,936,0
2021-01-07,289,0,1225,0
2021-01-08,335,0,1560,0
2021-01-09,246,0,1806,0
2021-01-10,145,0,1951,0
2021-01-11,268,0,2219,0
2021-01-12,265,0,2484,0
2021-01-13,388,0,2872,0
2021-01-14,476,0,3348,0
2021-01-15,298,0,3646,0
2021-01-16,203,0,3849,0
2021-01-17,3057,0,6906,0
2021-01-18,5209,0,12115,0
2021-01-19,1892,0,14007,0
2021-01-20,4653,0,18660,0
2021-01-21,19998,0,38658,0
2021-01-22,14200,0,52858,0
2021-01-23,33330,0,86188,0
2021-01-24,30788,0,116976,0
2021-01-25,64726,0,181702,0
2021-01-26,76498,0,258200,0
2021-01-27,64837,0,323037,0
2021-01-28,89291,0,412328,0
2021-01-29,94021,0,506349,0
2021-01-30,86566,0,592915,0
2021-01-31,57336,0,650251,0
2021-02-01,81869,0,732120,0
2021-02-02,82146,0,814266,0
2021-02-03,91191,0,905457,0
2021-02-04,95396,0,1000853,0
2021-02-05,90274,0,1091127,0
2021-02-06,63450,0,1154577,0
2021-02-07,32928,0,1187505,0
2021-02-08,40431,0,1227936,0
2021-02-09,32864,0,1260800,0
2021-02-10,28422,0,1289222,0
2021-02-11,20391,0,1309613,0
2021-02-12,16230,0,1325843,0
2021-02-13,7252,0,1333095,0
2021-02-14,2861,0,1335956,0
2021-02-15,6837,0,1342793,0
2021-02-16,6994,0,1349787,0
2021-02-17,10519,0,1360306,0
2021-02-18,9247,0,1369553,0
2021-02-19,8241,0,1377794,0
2021-02-20,5544,0,1383338,0
2021-02-21,2986,0,1386324,0
2021-02-22,6883,0,1393207,0
2021-02-23,7164,0,1400371,0
2021-02-24,9825,0,1410196,0
2021-02-25,14203,0,1424399,0
2021-02-26,17553,0,1441952,0
2021-02-27,13904,0,1455856,0
2021-02-28,9386,0,1465242,0
2021-03-01,26507,0,1491749,0
2021-03-02,33238,0,1524987,0
2021-03-03,44642,0,1569629,0
2021-03-04,50288,0,1619917,0
2021-03-05,55734,0,1675651,0
2021-03-06,41878,0,1717529,0
2021-03-07,22325,0,1739854,0
2021-03-08,50796,0,1790650,0
2021-03-09,53061,0,1843711,0
2021-03-10,58631,0,1902342,0
2021-03-11,63844,0,1966186,0
2021-03-12,65098,0,2031284,0
2021-03-13,51707,0,2082991,0
2021-03-14,35387,0,2118378,0
2021-03-15,73424,0,2191802,0
2021-03-16,74023,0,2265825,0
2021-03-17,83129,0,2348954,0
2021-03-18,81620,0,2430574,0
2021-03-19,81080,0,2511654,0
2021-03-20,64712,0,2576366,0
2021-03-21,47285,0,2623651,0
2021-03-22,69473,0,2693124,0
2021-03-23,75781,0,2768905,0
2021-03-24,90892,0,2859797,0
2021-03-25,89787,0,2949584,0
2021-03-26,83602,0,3033186,0
2021-03-27,71924,0,3105110,0
2021-03-28,44131,0,3149241,0
2021-03-29,70809,0,3220050,0
2021-03-30,81366,0,3301416,0
2021-03-31,96216,0,3397632,0
2021-04-01,95294,0,3492926,0
2021-04-02,84066,0,3576992,0
2021-04-03,64297,0,3641289,0
2021-04-04,21717,0,3663006,0
2021-04-05,40300,0,3703306,0
2021-04-06,81303,0,3784609,0
2021-04-07,95809,0,3880418,0
2021-04-08,95227,0,3975645,0
2021-04-09,88484,0,4064129,0
2021-04-10,74026,0,4138155,0
2021-04-11,44756,0,4182911,0
2021-04-12,66908,0,4249819,0
2021-04-13,72562,0,4322381,0
2021-04-14,85521,0,4407902,0
2021-04-15,105403,0,4513305,0
2021-04-16,106411,0,4619716,0
2021-04-17,90494,0,4710210,0
2021-04-18,58582,0,4768792,0
2021-04-19,93424,0,4862216,0
2021-04-20,103759,0,4965975,0
2021-04-21,125330,0,5091305,0
2021-04-22,143501,0,5234806,0
2021-04-23,138716,0,5373522,0
2021-04-24,124436,0,5497958,0
2021-04-25,61451,0,5559409,0
2021-04-26,97878,0,5657287,0
2021-04-27,128353,0,5785640,0
2021-04-28,156353,0,5941993,0
2021-04-29,195580,0,6137573,0
2021-04-30,214555,0,6352128,0
2021-05-01,174089,0,6526217,0
2021-05-02,135796,0,6662013,0
2021-05-03,142005,0,6804018,0
2021-05-04,158676,0,6962694,0
2021-05-05,170473,0,7133167,0
2021-05-06,197792,0,7330959,0
2021-05-07,213809,0,7544768,0
2021-05-08,213385,0,7758153,0
2021-05-09,143194,0,7901347,0
2021-05-10,165082,0,8066429,0
2021-05-11,174961,0,8241390,0
2021-05-12,179160,0,8420550,0
2021-05-13,203361,0,8623911,0
2021-05-14,222893,0,8846804,0
2021-05-15,210341,0,9057145,0
2021-05-16,159265,0,9216410,0
2021-05-17,219176,0,9435586,0
2021-05-18,213001,0,9648587,0
2021-05-19,207065,0,9855652,0
2021-05-20,270834,0,10126486,0
2021-05-21,270861,0,10397347,0
2021-05-22,245516,0,10642863,0
2021-05-23,197171,0,10840034,0
2021-05-24,228293,0,11068327,0
2021-05-25,245685,0,11314012,0
2021-05-26,277476,0,11591488,0
2021-05-27,311075,0,11902563,0
2021-05-28,299562,0,12202125,0
2021-05-29,231198,0,12433323,0
2021-05-30,170827,0,12604150,0
2021-05-31,216411,0,12820561,0
2021-06-01,207624,0,13028185,0
2021-06-02,115774,0,13143959,0
2021-06-03,180111,0,13324070,0
2021-06-04,184857,0,13508927,0
2021-06-05,185936,0,13694863,0
2021-06-06,139515,0,13834378,0
2021-06-07,161840,0,13996218,0
2021-06-08,171170,0,14167388,0
2021-06-09,171442,0,14338830,0
2021-06-10,174043,0,14512873,0
2021-06-11,169941,0,14682814,0
2021-06-12,128306,0,14811120,0
2021-06-13,91141,0,14902261,0
2021-06-14,214644,0,15116905,0
2021-06-15,228389,0,15345294,0
2021-06-16,253036,0,15598330,0
2021-06-17,301699,0,15900029,0
2021-06-18,306266,0,16206295,0
2021-06-19,275055,0,16481350,0
2021-06-20,220730,0,16702080,0
2021-06-21,288036,0,16990116,0
2021-06-22,296179,0,17286295,0
2021-06-23,302660,0,17588955,0
2021-06-24,332559,0,17921514,0
2021-06-25,348689,0,18270203,0
2021-06-26,300083,0,18570286,0
2021-06-27,228615,0,18798901,0
2021-06-28,307040,0,19105941,0
2021-06-29,329238,0,19435179,0
2021-06-30,342104,0,19777283,0
2021-07-01,363158,0,20140441,0
2021-07-02,368423,0,20508864,0
2021-07-03,371070,0,20879934,0
2021-07-04,283192,0,21163126,0
2021-07-05,384504,0,21547630,0
2021-07-06,385429,0,21933059,0
2021-07-07,412063,0,22345122,0
2021-07-08,479612,0,22824734,0
2021-07-09,498477,0,23323211,0
2021-07-10,475175,0,23798386,0
2021-07-11,357695,0,24156081,0
2021-07-12,485899,0,24641980,0
2021-07-13,492139,0,25134119,0
2021-07-14,480470,0,25614589,0
2021-07-15,523474,0,26138063,0
2021-07-16,509776,0,26647839,0
2021-07-17,464361,0,27112200,0
2021-07-18,364688,0,27476888,0
2021-07-19,463064,0,27939952,0
2021-07-20,458080,0,28398032,0
2021-07-21,462809,0,28860841,0
2021-07-22,475396,0,29336237,0
2021-07-23,441302,0,29777539,0
2021-07-24,386185,0,30163724,0
2021-07-25,287580,0,30451304,0
2021-07-26,430884,0,30882188,0
2021-07-27,440120,0,31322308,0
2021-07-28,391013,0,31713321,0
2021-07-29,372078,0,32085399,0
2021-07-30,341515,0,32426914,0
2021-07-31,287018,0,32713932,0
2021-08-01,191014,0,32904946,0
2021-08-02,333722,0,33238668,0
2021-08-03,323185,0,33561853,0
2021-08-04,310963,0,33872816,0
2021-08-05,292508,0,34165324,0
2021-08-06,260009,0,34425333,0
2021-08-07,199049,0,34624382,0
2021-08-08,153103,0,34777485,0
2021-08-09,234074,0,35011559,0
2021-08-10,205244,0,35216803,0
2021-08-11,193758,0,35410561,0
2021-08-12,167985,0,35578546,0
2021-08-13,148599,0,35727145,0
2021-08-14,66089,0,35793234,0
2021-08-15,26335,0,35819569,0
2021-08-16,114678,0,35934247,0
2021-08-17,129239,0,36063486,0
2021-08-18,128740,0,36192226,0
2021-08-19,124795,0,36317021,0
2021-08-20,123793,0,36440814,0
2021-08-21,83117,0,36523931,0
2021-08-22,68166,0,36592097,0
2021-08-23,176868,0,36768965,0
2021-08-24,156905,0,36925870,0
2021-08-25,177167,0,37103037,0
2021-08-26,172340,0,37275377,0
2021-08-27,185836,0,37461213,0
2021-08-28,140266,0,37601479,0
2021-08-29,98999,0,37700478,0
2021-08-30,209625,0,37910103,0
2021-08-31,194631,0,38104734,0
2021-09-01,192212,0,38296946,0
2021-09-02,189937,0,38486883,0
2021-09-03,191331,0,38678214,0
2021-09-04,131475,0,38809689,0
2021-09-05,87866,0,38897555,0
2021-09-06,193650,0,39091205,0
2021-09-07,196058,0,39287263,0
2021-09-08,187903,0,39475166,0
2021-09-09,201461,0,39676627,0
2021-09-10,198098,0,39874725,0
2021-09-11,141322,0,40016047,0
2021-09-12,89596,0,40105643,0
2021-09-13,191161,558,40296804,558
2021-09-14,177257,578,40474061,1136
2021-09-15,163117,582,40637178,1718
2021-09-16,160091,926,40797269,2644
2021-09-17,150176,1114,40947445,3758
2021-09-18,127974,739,41075419,4497
2021-09-19,81131,493,41156550,4990
2021-09-20,180077,9074,41336627,14064
2021-09-21,166636,8831,41503263,22895
2021-09-22,159082,9437,41662345,32332
2021-09-23,138084,9321,41800429,41653
2021-09-24,140537,8954,41940966,50607
2021-09-25,119557,5635,42060523,56242
2021-09-26,71958,4340,42132481,60582
2021-09-27,135640,10048,42268121,70630
2021-09-28,117496,11385,42385617,82015
2021-09-29,112334,11826,42497951,93841
2021-09-30,110233,14948,42608184,108789
2021-10-01,94978,19108,42703162,127897
2021-10-02,78485,14013,42781647,141910
2021-10-03,47738,7656,42829385,149566
2021-10-04,88376,34445,42917761,184011
2021-10-05,80367,33970,42998128,217981
2021-10-06,71984,34162,43070112,252143
2021-10-07,71855,34346,43141967,286489
2021-10-08,80624,33589,43222591,320078
2021-10-09,76101,22169,43298692,342247
2021-10-10,45775,13615,43344467,355862
2021-10-11,87418,41105,43431885,396967
2021-10-12,84492,46896,43516377,443863
2021-10-13,88192,52115,43604569,495978
2021-10-14,91529,58510,43696098,554488
2021-10-15,93591,55625,43789689,610113
2021-10-16,82968,36780,43872657,646893
2021-10-17,51464,23827,43924121,670720
2021-10-18,90294,59482,44014415,730202
2021-10-19,78344,69372,44092759,799574
2021-10-20,75076,78165,44167835,877739
2021-10-21,78299,81752,44246134,959491
2021-10-22,73785,77021,44319919,1036512
2021-10-23,60817,51954,44380736,1088466
2021-10-24,33378,23455,44414114,1111921
2021-10-25,64907,81621,44479021,1193542
2021-10-26,58375,91777,44537396,1285319
2021-10-27,58330,103969,44595726,1389288
2021-10-28,61467,114100,44657193,1503388
2021-10-29,61656,103114,44718849,1606502
2021-10-30,50670,68115,44769519,1674617
2021-10-31,25164,28289,44794683,1702906
2021-11-01,19046,28148,44813729,1731054
2021-11-02,62762,89373,44876491,1820427
2021-11-03,60739,118656,44937230,1939083
2021-11-04,59242,126661,44996472,2065744
2021-11-05,63094,135169,45059566,2200913
2021-11-06,46474,90924,45106040,2291837
2021-11-07,22251,37895,45128291,2329732
2021-11-08,51530,131262,45179821,2460994
2021-11-09,45401,144199,45225222,2605193
2021-11-10,42580,156345,45267802,2761538
2021-11-11,44932,155134,45312734,2916672
2021-11-12,46370,158574,45359104,3075246
2021-11-13,33253,116649,45392357,3191895
2021-11-14,14481,52445,45406838,3244340
2021-11-15,36892,157426,45443730,3401766
2021-11-16,30548,171375,45474278,3573141
2021-11-17,28449,178434,45502727,3751575
2021-11-18,30283,193717,45533010,3945292
2021-11-19,28800,205850,45561810,4151142
2021-11-20,20994,156435,45582804,4307577
2021-11-21,10609,64857,45593413,4372434
2021-11-22,21935,213137,45615348,4585571
2021-11-23,23568,241743,45638916,4827314
2021-11-24,27839,270944,45666755,5098258
2021-11-25,23234,301901,45689989,5400159
2021-11-26,24582,318261,45714571,5718420
2021-11-27,21380,266149,45735951,5984569
2021-11-28,9899,137056,45745850,6121625
2021-11-29,22323,326060,45768173,6447685
2021-11-30,23086,365821,45791259,6813506
2021-12-01,21518,413497,45812777,7227003
2021-12-02,23757,440373,45836534,7667376
2021-12-03,25250,467453,45861784,8134829
2021-12-04,22355,418730,45884139,8553559
2021-12-05,11917,261328,45896056,8814887
2021-12-06,25816,457562,45921872,9272449
2021-12-07,24124,480249,45945996,9752698
2021-12-08,10003,249679,45955999,10002377
2021-12-09,31574,491907,45987573,10494284
2021-12-10,28060,517862,46015633,11012146
2021-12-11,23557,459238,46039190,11471384
2021-12-12,12303,293493,46051493,11764877
2021-12-13,26146,467617,46077639,12232494
2021-12-14,25168,494187,46102807,12726681
2021-12-15,25326,517125,46128133,13243806
2021-12-16,27875,520235,46156008,13764041
2021-12-17,29354,517157,46185362,14281198
2021-12-18,27039,468712,46212401,14749910
2021-12-19,15137,300514,46227538,15050424
2021-12-20,30612,477475,46258150,15527899
2021-12-21,30360,493376,46288510,16021275
2021-12-22,29435,484696,46317945,16505971
2021-12-23,28234,426890,46346179,16932861
2021-12-24,13112,210821,46359291,17143682
2021-12-25,2101,33053,46361392,17176735
2021-12-26,8759,159064,46370151,17335799
2021-12-27,46776,504646,46416927,17840445
2021-12-28,42439,554202,46459366,18394647
2021-12-29,34330,550623,46493696,18945270
2021-12-30,31815,499818,46525511,19445088
2021-12-31,14110,247389,46539621,19692477
2022-01-01,3493,64814,46543114,19757291
2022-01-02,22750,276716,46565864,20034007
2022-01-03,47832,520004,46613696,20554011
2022-01-04,46327,572074,46660023,21126085
2022-01-05,40711,560388,46700734,21686473
2022-01-06,23465,274480,46724199,21960953
2022-01-07,63664,554173,46787863,22515126
2022-01-08,60811,503372,46848674,23018498
2022-01-09,42799,319682,46891473,23338180
2022-01-10,61040,542275,46952513,23880455
2022-01-11,61674,586976,47014187,24467431
2022-01-12,58398,581272,47072585,25048703
2022-01-13,58565,580370,47131150,25629073
2022-01-14,46738,588556,47177888,26217629
2022-01-15,39350,569931,47217238,26787560
2022-01-16,31155,341845,47248393,27129405
2022-01-17,54740,489645,47303133,27619050
2022-01-18,58356,517006,47361489,28136056
2022-01-19,57157,502772,47418646,28638828
2022-01-20,54307,498805,47472953,29137633
2022-01-21,42045,493861,47514998,29631494
2022-01-22,31134,469583,47546132,30101077
2022-01-23,34904,275358,47581036,30376435
2022-01-24,56147,437202,47637183,30813637
2022-01-25,61528,452081,47698711,31265718
2022-01-26,58510,435816,47757221,31701534
2022-01-27,48805,432348,47806026,32133882
2022-01-28,58664,436526,47864690,32570408
2022-01-29,68089,412479,47932779,32982887
2022-01-30,50352,235962,47983131,33218849
2022-01-31,60598,356919,48043729,33575768
2022-02-01,65519,328431,48109248,33904199
2022-02-02,63164,296963,48172412,34201162
2022-02-03,60031,274512,48232443,34475674
2022-02-04,72353,268447,48304796,34744121
2022-02-05,83740,248523,48388536,34992644
2022-02-06,55272,116198,48443808,35108842
2022-02-07,65118,199932,48508926,35308774
2022-02-08,66913,186104,48575839,35494878
2022-02-09,58742,166332,48634581,35661210
2022-02-10,58544,163230,48693125,35824440
2022-02-11,62225,162452,48755350,35986892
2022-02-12,71955,152133,48827305,36139025
2022-02-13,41464,68846,48868769,36207871
2022-02-14,46669,116187,48915438,36324058
2022-02-15,48513,123476,48963951,36447534
2022-02-16,45667,106113,49009618,36553647
2022-02-17,42851,98102,49052469,36651749
2022-02-18,46602,112567,49099071,36764316
2022-02-19,52518,100324,49151589,36864640
2022-02-20,31409,40356,49182998,36904996
2022-02-21,37885,89641,49220883,36994637
2022-02-22,37212,83768,49258095,37078405
2022-02-23,33379,79403,49291474,37157808
2022-02-24,32550,78157,49324024,37235965
2022-02-25,34749,90705,49358773,37326670
2022-02-26,39147,89130,49397920,37415800
2022-02-27,22540,35855,49420460,37451655
2022-02-28,28468,81684,49448928,37533339
2022-03-01,22706,53937,49471634,37587276
2022-03-02,21990,50625,49493624,37637901
2022-03-03,22604,54939,49516228,37692840
2022-03-04,23216,62787,49539444,37755627
2022-03-05,23782,57950,49563226,37813577
2022-03-06,9470,17200,49572696,37830777
2022-03-07,15900,51386,49588596,37882163
2022-03-08,15461,48794,49604057,37930957
2022-03-09,13807,46512,49617864,37977469
2022-03-10,14040,52114,49631904,38029583
2022-03-11,15570,57253,49647474,38086836
2022-03-12,15491,56614,49662965,38143450
2022-03-13,5542,16848,49668507,38160298
2022-03-14,10518,46692,49679025,38206990
2022-03-15,10534,46892,49689559,38253882
2022-03-16,9472,41975,49699031,38295857
2022-03-17,9703,44874,49708734,38340731
2022-03-18,10151,49051,49718885,38389782
2022-03-19,9146,46531,49728031,38436313
2022-03-20,2607,11700,49730638,38448013
2022-03-21,7576,40222,49738214,38488235
2022-03-22,8444,37752,49746658,38525987
2022-03-23,7209,33699,49753867,38559686
2022-03-24,8251,38797,49762118,38598483
2022-03-25,8129,43660,49770247,38642143
2022-03-26,8120,41720,49778367,38683863
2022-03-27,2428,9682,49780795,38693545
2022-03-28,6100,35231,49786895,38728776
2022-03-29,5773,32523,49792668,38761299
2022-03-30,5557,30194,49798225,38791493
2022-03-31,5887,33176,49804112,38824669
2022-04-01,4343,25187,49808455,38849856
2022-04-02,4489,23273,49812944,38873129
2022-04-03,1049,4499,49813993,38877628
2022-04-04,3653,21532,49817646,38899160
2022-04-05,3748,22924,49821394,38922084
2022-04-06,4098,21846,49825492,38943930
2022-04-07,3960,23320,49829452,38967250
2022-04-08,4688,26708,49834140,38993958
2022-04-09,4376,23884,49838516,39017842
2022-04-10,893,4614,49839409,39022456
2022-04-11,3812,22685,49843221,39045141
2022-04-12,3357,21779,49846578,39066920
2022-04-13,3559,21332,49850137,39088252
2022-04-14,3481,23774,49853618,39112026
2022-04-15,3078,20618,49856696,39132644
2022-04-16,2147,11919,49858843,39144563
2022-04-17,63,348,49858906,39144911
2022-04-18,149,650,49859055,39145561
2022-04-19,3490,21978,49862545,39167539
2022-04-20,3500,20248,49866045,39187787
2022-04-21,2840,19780,49868885,39207567
2022-04-22,2920,20693,49871805,39228260
2022-04-23,2637,16210,49874442,39244470
2022-04-24,509,2335,49874951,39246805
2022-04-25,183,1165,49875134,39247970
2022-04-26,2759,17792,49877893,39265762
2022-04-27,2368,15784,49880261,39281546
2022-04-28,2353,15553,49882614,39297099
2022-04-29,2291,14835,49884905,39311934
2022-04-30,2121,11576,49887026,39323510
2022-05-01,113,530,49887139,39324040
2022-05-02,1445,9384,49888584,39333424
2022-05-03,1573,10309,49890157,39343733
2022-05-04,1744,10257,49891901,39353990
2022-05-05,1650,10273,49893551,39364263
2022-05-06,1698,10945,49895249,39375208
2022-05-07,1431,8562,49896680,39383770
2022-05-08,404,1514,49897084,39385284
2022-05-09,1024,8917,49898108,39394201
2022-05-10,1422,9536,49899530,39403737
2022-05-11,1480,10087,49901010,39413824
2022-05-12,1368,10118,49902378,39423942
2022-05-13,1587,10510,49903965,39434452
2022-05-14,1357,8227,49905322,39442679
2022-05-15,336,1129,49905658,39443808
2022-05-16,812,8388,49906470,39452196
2022-05-17,1242,8673,49907712,39460869
2022-05-18,1368,9216,49909080,39470085
2022-05-19,1498,9268,49910578,39479353
2022-05-20,1419,9494,49911997,39488847
2022-05-21,1299,7892,49913296,39496739
2022-05-22,231,1012,49913527,39497751
2022-05-23,826,8261,49914353,39506012
2022-05-24,1070,8666,49915423,39514678
2022-05-25,1365,9445,49916788,39524123
2022-05-26,1194,9455,49917982,39533578
2022-05-27,1225,9911,49919207,39543489
2022-05-28,1202,7873,49920409,39551362
2022-05-29,285,1264,49920694,39552626
2022-05-30,930,8026,49921624,39560652
2022-05-31,1033,8531,49922657,39569183
2022-06-01,891,7644,49923548,39576827
2022-06-02,35,474,49923583,39577301
2022-06-03,814,7328,49924397,39584629
2022-06-04,870,5155,49925267,39589784
2022-06-05,89,586,49925356,39590370
2022-06-06,672,6984,49926028,39597354
2022-06-07,931,7841,49926959,39605195
2022-06-08,982,7898,49927941,39613093
2022-06-09,1034,8400,49928975,39621493
2022-06-10,957,8550,49929932,39630043
2022-06-11,900,6206,49930832,39636249
2022-06-12,140,767,49930972,39637016
2022-06-13,603,6295,49931575,39643311
2022-06-14,826,7881,49932401,39651192
2022-06-15,951,7843,49933352,39659035
2022-06-16,728,7387,49934080,39666422
2022-06-17,720,7239,49934800,39673661
2022-06-18,777,5588,49935577,39679249
2022-06-19,47,522,49935624,39679771
2022-06-20,588,6694,49936212,39686465
2022-06-21,733,7645,49936945,39694110
2022-06-22,780,7304,49937725,39701414
2022-06-23,649,7457,49938374,39708871
2022-06-24,644,7473,49939018,39716344
2022-06-25,835,6532,49939853,39722876
2022-06-26,128,523,49939981,39723399
2022-06-27,532,7119,49940513,39730518
2022-06-28,745,8208,49941258,39738726
2022-06-29,754,7717,49942012,39746443
2022-06-30,744,8131,49942756,39754574
2022-07-01,576,6437,49943332,39761011
2022-07-02,536,4765,49943868,39765776
2022-07-03,49,456,49943917,39766232
2022-07-04,470,6270,49944387,39772502
2022-07-05,627,8112,49945014,39780614
2022-07-06,629,7605,49945643,39788219
2022-07-07,567,8255,49946210,39796474
2022-07-08,670,8078,49946880,39804552
2022-07-09,549,6103,49947429,39810655
2022-07-10,58,533,49947487,39811188
2022-07-11,486,7637,49947973,39818825
2022-07-12,663,9001,49948636,39827826
2022-07-13,638,10058,49949274,39837884
2022-07-14,636,10219,49949910,39848103
2022-07-15,623,10663,49950533,39858766
2022-07-16,521,7207,49951054,39865973
2022-07-17,48,769,49951102,39866742
2022-07-18,497,9349,49951599,39876091
2022-07-19,574,10649,49952173,39886740
2022-07-20,576,11256,49952749,39897996
2022-07-21,625,12033,49953374,39910029
2022-07-22,581,11222,49953955,39921251
2022-07-23,379,6740,49954334,39927991
2022-07-24,76,834,49954410,39928825
2022-07-25,500,9031,49954910,39937856
2022-07-26,518,9724,49955428,39947580
2022-07-27,546,10149,49955974,39957729
2022-07-28,527,10475,49956501,39968204
2022-07-29,510,9417,49957011,39977621
2022-07-30,380,5851,49957391,39983472
2022-07-31,49,745,49957440,39984217
2022-08-01,386,6822,49957826,39991039
2022-08-02,537,7513,49958363,39998552
2022-08-03,509,7140,49958872,40005692
2022-08-04,451,7415,49959323,40013107
2022-08-05,416,6479,49959739,40019586
2022-08-06,297,3580,49960036,40023166
2022-08-07,44,550,49960080,40023716
2022-08-08,396,4872,49960476,40028588
2022-08-09,382,5266,49960858,40033854
2022-08-10,373,4779,49961231,40038633
2022-08-11,364,4753,49961595,40043386
2022-08-12,287,3698,49961882,40047084
2022-08-13,143,1595,49962025,40048679
2022-08-14,9,128,49962034,40048807
2022-08-15,1,24,49962035,40048831
2022-08-16,281,3022,49962316,40051853
2022-08-17,351,3513,49962667,40055366
2022-08-18,384,4138,49963051,40059504
2022-08-19,338,3301,49963389,40062805
2022-08-20,182,1711,49963571,40064516
2022-08-21,24,146,49963595,40064662
2022-08-22,326,2928,49963921,40067590
2022-08-23,371,3644,49964292,40071234
2022-08-24,380,3327,49964672,40074561
2022-08-25,417,3700,49965089,40078261
2022-08-26,392,3537,49965481,40081798
2022-08-27,233,1767,49965714,40083565
2022-08-28,29,260,49965743,40083825
2022-08-29,353,3133,49966096,40086958
2022-08-30,398,3631,49966494,40090589
2022-08-31,427,3691,49966921,40094280
2022-09-01,352,3056,49967273,40097336
2022-09-02,288,2860,49967561,40100196
2022-09-03,197,1682,49967758,40101878
2022-09-04,22,147,49967780,40102025
2022-09-05,185,2614,49967965,40104639
2022-09-06,298,2926,49968263,40107565
2022-09-07,522,2812,49968785,40110377
2022-09-08,265,2855,49969050,40113232
2022-09-09,286,2696,49969336,40115928
2022-09-10,226,1276,49969562,40117204