data_somministrazione,vaccinazioni,booster,cum_vaccinazioni,cum_booster
2020-12-27,18,0,18,0
2020-12-28,2,0,20,0
2020-12-29,1,0,21,0
2020-12-30,6,0,27,0
2020-12-31,51,0,78,0
2021-01-01,20,0,98,0
2021-01-02,85,0,183,0
2021-01-03,67,0,250,0
2021-01-04,179,0,429,0
2021-01-05,220,0,649,0
2021-01-06,176,0,825,0
2021-01-07,261,0,1086,0
2021-01-08,311,0,1397,0
2021-01-09,231,0,1628,0
2021-01-10,138,0,1766,0
2021-01-11,253,0,2019,0
2021-01-12,257,0,2276,0
2021-01-13,368,0,2644,0
2021-01-14,458,0,3102,0
2021-01-15,281,0,3383,0
2021-01-16,195,0,3578,0
2021-01-17,3054,0,6632,0
2021-01-18,5205,0,11837,0
2021-01-19,1890,0,13727,0
2021-01-20,4651,0,18378,0
2021-01-21,20009,0,38387,0
2021-01-22,14199,0,52586,0
2021-01-23,33344,0,85930,0
2021-01-24,30794,0,116724,0
2021-01-25,64748,0,181472,0
2021-01-26,76514,0,257986,0
2021-01-27,64857,0,322843,0
2021-01-28,89320,0,412163,0
2021-01-29,94047,0,506210,0
2021-01-30,86586,0,592796,0
2021-01-31,57345,0,650141,0
2021-02-01,81882,0,732023,0
2021-02-02,82150,0,814173,0
2021-02-03,91202,0,905375,0
2021-02-04,95407,0,1000782,0
2021-02-05,90294,0,1091076,0
2021-02-06,63452,0,1154528,0
2021-02-07,32925,0,1187453,0
2021-02-08,40434,0,1227887,0
2021-02-09,32863,0,1260750,0
2021-02-10,28412,0,1289162,0
2021-02-11,20379,0,1309541,0
2021-02-12,16218,0,1325759,0
2021-02-13,7239,0,1332998,0
2021-02-14,2861,0,1335859,0
2021-02-15,6834,0,1342693,0
2021-02-16,6990,0,1349683,0
2021-02-17,10517,0,1360200,0
2021-02-18,9241,0,1369441,0
2021-02-19,8230,0,1377671,0
2021-02-20,5530,0,1383201,0
2021-02-21,2975,0,1386176,0
2021-02-22,6873,0,1393049,0
2021-02-23,7153,0,1400202,0
2021-02-24,9822,0,1410024,0
2021-02-25,14196,0,1424220,0
2021-02-26,17544,0,1441764,0
2021-02-27,13893,0,1455657,0
2021-02-28,9380,0,1465037,0
2021-03-01,26504,0,1491541,0
2021-03-02,33229,0,1524770,0
2021-03-03,44643,0,1569413,0
2021-03-04,50287,0,1619700,0
2021-03-05,55731,0,1675431,0
2021-03-06,41866,0,1717297,0
2021-03-07,22319,0,1739616,0
2021-03-08,50787,0,1790403,0
2021-03-09,53054,0,1843457,0
2021-03-10,58613,0,1902070,0
2021-03-11,63819,0,1965889,0
2021-03-12,65082,0,2030971,0
2021-03-13,51693,0,2082664,0
2021-03-14,35382,0,2118046,0
2021-03-15,73419,0,2191465,0
2021-03-16,74021,0,2265486,0
2021-03-17,83127,0,2348613,0
2021-03-18,81616,0,2430229,0
2021-03-19,81078,0,2511307,0
2021-03-20,64699,0,2576006,0
2021-03-21,47284,0,2623290,0
2021-03-22,69464,0,2692754,0
2021-03-23,75773,0,2768527,0
2021-03-24,90871,0,2859398,0
2021-03-25,89777,0,2949175,0
2021-03-26,83586,0,3032761,0
2021-03-27,71900,0,3104661,0
2021-03-28,44110,0,3148771,0
2021-03-29,70791,0,3219562,0
2021-03-30,81343,0,3300905,0
2021-03-31,96192,0,3397097,0
2021-04-01,95281,0,3492378,0
2021-04-02,84058,0,3576436,0
2021-04-03,64290,0,3640726,0
2021-04-04,21712,0,3662438,0
2021-04-05,40291,0,3702729,0
2021-04-06,81286,0,3784015,0
2021-04-07,95787,0,3879802,0
2021-04-08,95212,0,3975014,0
2021-04-09,88463,0,4063477,0
2021-04-10,74008,0,4137485,0
2021-04-11,44740,0,4182225,0
2021-04-12,66894,0,4249119,0
2021-04-13,72551,0,4321670,0
2021-04-14,85509,0,4407179,0
2021-04-15,105391,0,4512570,0
2021-04-16,106393,0,4618963,0
2021-04-17,90474,0,4709437,0
2021-04-18,58577,0,4768014,0
2021-04-19,93425,0,4861439,0
2021-04-20,103750,0,4965189,0
2021-04-21,125317,0,5090506,0
2021-04-22,143495,0,5234001,0
2021-04-23,138701,0,5372702,0
2021-04-24,124424,0,5497126,0
2021-04-25,61444,0,5558570,0
2021-04-26,97867,0,5656437,0
2021-04-27,128338,0,5784775,0
2021-04-28,156340,0,5941115,0
2021-04-29,195565,0,6136680,0
2021-04-30,214542,0,6351222,0
2021-05-01,174079,0,6525301,0
2021-05-02,135783,0,6661084,0
2021-05-03,141984,0,6803068,0
2021-05-04,158671,0,6961739,0
2021-05-05,170453,0,7132192,0
2021-05-06,197774,0,7329966,0
2021-05-07,213782,0,7543748,0
2021-05-08,213363,0,7757111,0
2021-05-09,143180,0,7900291,0
2021-05-10,165062,0,8065353,0
2021-05-11,174932,0,8240285,0
2021-05-12,179118,0,8419403,0
2021-05-13,203327,0,8622730,0
2021-05-14,222875,0,8845605,0
2021-05-15,210309,0,9055914,0
2021-05-16,159246,0,9215160,0
2021-05-17,219165,0,9434325,0
2021-05-18,212986,0,9647311,0
2021-05-19,207042,0,9854353,0
2021-05-20,270825,0,10125178,0
2021-05-21,270838,0,10396016,0
2021-05-22,245500,0,10641516,0
2021-05-23,197162,0,10838678,0
2021-05-24,228275,0,11066953,0
2021-05-25,245665,0,11312618,0
2021-05-26,277464,0,11590082,0
2021-05-27,311053,0,11901135,0
2021-05-28,299534,0,12200669,0
2021-05-29,231171,0,12431840,0
2021-05-30,170804,0,12602644,0
2021-05-31,216377,0,12819021,0
2021-06-01,207611,0,13026632,0
2021-06-02,115746,0,13142378,0
2021-06-03,180070,0,13322448,0
2021-06-04,184812,0,13507260,0
2021-06-05,185886,0,13693146,0
2021-06-06,139481,0,13832627,0
2021-06-07,161787,0,13994414,0
2021-06-08,171111,0,14165525,0
2021-06-09,171379,0,14336904,0
2021-06-10,173976,0,14510880,0
2021-06-11,169888,0,14680768,0
2021-06-12,128264,0,14809032,0
2021-06-13,91107,0,14900139,0
2021-06-14,214608,0,15114747,0
2021-06-15,228336,0,15343083,0
2021-06-16,253002,0,15596085,0
2021-06-17,301667,0,15897752,0
2021-06-18,306222,0,16203974,0
2021-06-19,275020,0,16478994,0
2021-06-20,220691,0,16699685,0
2021-06-21,288003,0,16987688,0
2021-06-22,296153,0,17283841,0
2021-06-23,302646,0,17586487,0
2021-06-24,332523,0,17919010,0
2021-06-25,348671,0,18267681,0
2021-06-26,300069,0,18567750,0
2021-06-27,228592,0,18796342,0
2021-06-28,307002,0,19103344,0
2021-06-29,329197,0,19432541,0
2021-06-30,342068,0,19774609,0
2021-07-01,363125,0,20137734,0
2021-07-02,368414,0,20506148,0
2021-07-03,371056,0,20877204,0
2021-07-04,283176,0,21160380,0
2021-07-05,384491,0,21544871,0
2021-07-06,385406,0,21930277,0
2021-07-07,412045,0,22342322,0
2021-07-08,479635,0,22821957,0
2021-07-09,498506,0,23320463,0
2021-07-10,475179,0,23795642,0
2021-07-11,357701,0,24153343,0
2021-07-12,485922,0,24639265,0
2021-07-13,492156,0,25131421,0
2021-07-14,480489,0,25611910,0
2021-07-15,523524,0,26135434,0
2021-07-16,509794,0,26645228,0
2021-07-17,464382,0,27109610,0
2021-07-18,364709,0,27474319,0
2021-07-19,463081,0,27937400,0
2021-07-20,458109,0,28395509,0
2021-07-21,462821,0,28858330,0
2021-07-22,475397,0,29333727,0
2021-07-23,441315,0,29775042,0
2021-07-24,386187,0,30161229,0
2021-07-25,287614,0,30448843,0
2021-07-26,430912,0,30879755,0
2021-07-27,440129,0,31319884,0
2021-07-28,391024,0,31710908,0
2021-07-29,372082,0,32082990,0
2021-07-30,341483,0,32424473,0
2021-07-31,286992,0,32711465,0
2021-08-01,191021,0,32902486,0
2021-08-02,333719,0,33236205,0
2021-08-03,323180,0,33559385,0
2021-08-04,310956,0,33870341,0
2021-08-05,292519,0,34162860,0
2021-08-06,259986,0,34422846,0
2021-08-07,199030,0,34621876,0
2021-08-08,153101,0,34774977,0
2021-08-09,234060,0,35009037,0
2021-08-10,205239,0,35214276,0
2021-08-11,193734,0,35408010,0
2021-08-12,167938,0,35575948,0
2021-08-13,148576,0,35724524,0
2021-08-14,66081,0,35790605,0
2021-08-15,26330,0,35816935,0
2021-08-16,114663,0,35931598,0
2021-08-17,129225,0,36060823,0
2021-08-18,128719,0,36189542,0
2021-08-19,124765,0,36314307,0
2021-08-20,123770,0,36438077,0
2021-08-21,83095,0,36521172,0
2021-08-22,68159,0,36589331,0
2021-08-23,176858,0,36766189,0
2021-08-24,156893,0,36923082,0
2021-08-25,177169,0,37100251,0
2021-08-26,172340,0,37272591,0
2021-08-27,185858,0,37458449,0
2021-08-28,140263,0,37598712,0
2021-08-29,99011,0,37697723,0
2021-08-30,209629,0,37907352,0
2021-08-31,194620,0,38101972,0
2021-09-01,192211,0,38294183,0
2021-09-02,189932,0,38484115,0
2021-09-03,191356,0,38675471,0
2021-09-04,131494,0,38806965,0
2021-09-05,87874,0,38894839,0
2021-09-06,193665,0,39088504,0
2021-09-07,196079,0,39284583,0
2021-09-08,187925,0,39472508,0
2021-09-09,201486,0,39673994,0
2021-09-10,198115,0,39872109,0
2021-09-11,141337,0,40013446,0
2021-09-12,89610,0,40103056,0
2021-09-13,191189,512,40294245,512
2021-09-14,177278,547,40471523,1059
2021-09-15,163127,552,40634650,1611
2021-09-16,160103,891,40794753,2502
2021-09-17,150170,1087,40944923,3589
2021-09-18,127973,711,41072896,4300
2021-09-19,81129,477,41154025,4777
2021-09-20,180077,9044,41334102,13821
2021-09-21,166607,8811,41500709,22632
2021-09-22,159058,9414,41659767,32046
2021-09-23,138062,9308,41797829,41354
2021-09-24,140520,8940,41938349,50294
2021-09-25,119529,5621,42057878,55915
2021-09-26,71942,4332,42129820,60247
2021-09-27,135613,10030,42265433,70277
2021-09-28,117466,11367,42382899,81644
2021-09-29,112303,11818,42495202,93462
2021-09-30,110214,14922,42605416,108384
2021-10-01,94946,19096,42700362,127480
2021-10-02,78454,14009,42778816,141489
2021-10-03,47710,7651,42826526,149140
2021-10-04,88368,34435,42914894,183575
2021-10-05,80350,33961,42995244,217536
2021-10-06,71964,34143,43067208,251679
2021-10-07,71831,34334,43139039,286013
2021-10-08,80607,33577,43219646,319590
2021-10-09,76091,22156,43295737,341746
2021-10-10,45766,13608,43341503,355354
2021-10-11,87393,41091,43428896,396445
2021-10-12,84473,46883,43513369,443328
2021-10-13,88183,52090,43601552,495418
2021-10-14,91502,58484,43693054,553902
2021-10-15,93577,55597,43786631,609499
2021-10-16,82952,36766,43869583,646265
2021-10-17,51458,23817,43921041,670082
2021-10-18,90277,59467,44011318,729549
2021-10-19,78332,69361,44089650,798910
2021-10-20,75071,78139,44164721,877049
2021-10-21,78304,81728,44243025,958777
2021-10-22,73794,77004,44316819,1035781
2021-10-23,60807,51945,44377626,1087726
2021-10-24,33387,23435,44411013,1111161
2021-10-25,64899,81611,44475912,1192772
2021-10-26,58367,91763,44534279,1284535
2021-10-27,58325,103943,44592604,1388478
2021-10-28,61459,114088,44654063,1502566
2021-10-29,61672,103084,44715735,1605650
2021-10-30,50674,68101,44766409,1673751
2021-10-31,25168,28279,44791577,1702030
2021-11-01,19046,28145,44810623,1730175
2021-11-02,62777,89347,44873400,1819522
2021-11-03,60734,118644,44934134,1938166
2021-11-04,59251,126636,44993385,2064802
2021-11-05,63102,135152,45056487,2199954
2021-11-06,46472,90915,45102959,2290869
2021-11-07,22253,37889,45125212,2328758
2021-11-08,51526,131243,45176738,2460001
2021-11-09,45401,144177,45222139,2604178
2021-11-10,42573,156340,45264712,2760518
2021-11-11,44932,155121,45309644,2915639
2021-11-12,46369,158550,45356013,3074189
2021-11-13,33250,116638,45389263,3190827
2021-11-14,14477,52442,45403740,3243269
2021-11-15,36893,157408,45440633,3400677
2021-11-16,30536,171361,45471169,3572038
2021-11-17,28435,178425,45499604,3750463
2021-11-18,30272,193700,45529876,3944163
2021-11-19,28786,205829,45558662,4149992
2021-11-20,20980,156431,45579642,4306423
2021-11-21,10604,64860,45590246,4371283
2021-11-22,21925,213131,45612171,4584414
2021-11-23,23550,241731,45635721,4826145
2021-11-24,27815,270929,45663536,5097074
2021-11-25,23211,301888,45686747,5398962
2021-11-26,24553,318253,45711300,5717215
2021-11-27,21355,266139,45732655,5983354
2021-11-28,9885,137048,45742540,6120402
2021-11-29,22297,326050,45764837,6446452
2021-11-30,23059,365812,45787896,6812264
2021-12-01,21495,413489,45809391,7225753
2021-12-02,23736,440374,45833127,7666127
2021-12-03,25194,467431,45858321,8133558
2021-12-04,22326,418715,45880647,8552273
2021-12-05,11896,261326,45892543,8813599
2021-12-06,25778,457552,45918321,9271151
2021-12-07,24089,480233,45942410,9751384
2021-12-08,9976,249673,45952386,10001057
2021-12-09,31522,491903,45983908,10492960
2021-12-10,28014,517850,46011922,11010810
2021-12-11,23515,459229,46035437,11470039
2021-12-12,12281,293485,46047718,11763524
2021-12-13,26106,467606,46073824,12231130
2021-12-14,25125,494176,46098949,12725306
2021-12-15,25289,517116,46124238,13242422
2021-12-16,27823,520216,46152061,13762638
2021-12-17,29294,517141,46181355,14279779
2021-12-18,26971,468700,46208326,14748479
2021-12-19,15107,300506,46223433,15048985
2021-12-20,30558,477453,46253991,15526438
2021-12-21,30297,493356,46284288,16019794
2021-12-22,29382,484680,46313670,16504474
2021-12-23,28167,426883,46341837,16931357
2021-12-24,13089,210812,46354926,17142169
2021-12-25,2100,33053,46357026,17175222
2021-12-26,8736,159060,46365762,17334282
2021-12-27,46696,504635,46412458,17838917
2021-12-28,42356,554182,46454814,18393099
2021-12-29,34214,550628,46489028,18943727
2021-12-30,31722,499800,46520750,19443527
2021-12-31,14070,247389,46534820,19690916
2022-01-01,3480,64811,46538300,19755727
2022-01-02,22679,276714,46560979,20032441
2022-01-03,47664,519998,46608643,20552439
2022-01-04,46153,572057,46654796,21124496
2022-01-05,40561,560370,46695357,21684866
2022-01-06,23364,274475,46718721,21959341
2022-01-07,63470,554168,46782191,22513509
2022-01-08,60626,503360,46842817,23016869
2022-01-09,42638,319679,46885455,23336548
2022-01-10,60868,542255,46946323,23878803
2022-01-11,61456,586966,47007779,24465769
2022-01-12,58190,581264,47065969,25047033
2022-01-13,58344,580357,47124313,25627390
2022-01-14,46539,588548,47170852,26215938
2022-01-15,39056,569920,47209908,26785858
2022-01-16,30998,341846,47240906,27127704
2022-01-17,54584,489636,47295490,27617340
2022-01-18,58199,516998,47353689,28134338
2022-01-19,57016,502766,47410705,28637104
2022-01-20,54163,498797,47464868,29135901
2022-01-21,41879,493847,47506747,29629748
2022-01-22,30960,469581,47537707,30099329
2022-01-23,34786,275360,47572493,30374689
2022-01-24,56049,437197,47628542,30811886
2022-01-25,61401,452075,47689943,31263961
2022-01-26,58413,435803,47748356,31699764
2022-01-27,48719,432340,47797075,32132104
2022-01-28,58531,436513,47855606,32568617
2022-01-29,67960,412468,47923566,32981085
2022-01-30,50273,235959,47973839,33217044
2022-01-31,60450,356915,48034289,33573959
2022-02-01,65404,328416,48099693,33902375
2022-02-02,63055,296948,48162748,34199323
2022-02-03,59940,274506,48222688,34473829
2022-02-04,72257,268433,48294945,34742262
2022-02-05,83659,248517,48378604,34990779
2022-02-06,55211,116190,48433815,35106969
2022-02-07,65054,199923,48498869,35306892
2022-02-08,66838,186096,48565707,35492988
2022-02-09,58681,166322,48624388,35659310
2022-02-10,58474,163226,48682862,35822536
2022-02-11,62151,162445,48745013,35984981
2022-02-12,71897,152132,48816910,36137113
2022-02-13,41435,68848,48858345,36205961
2022-02-14,46614,116178,48904959,36322139
2022-02-15,48457,123474,48953416,36445613
2022-02-16,45621,106104,48999037,36551717
2022-02-17,42820,98093,49041857,36649810
2022-02-18,46557,112561,49088414,36762371
2022-02-19,52489,100320,49140903,36862691
2022-02-20,31395,40358,49172298,36903049
2022-02-21,37860,89636,49210158,36992685
2022-02-22,37172,83764,49247330,37076449
2022-02-23,33354,79397,49280684,37155846
2022-02-24,32528,78154,49313212,37234000
2022-02-25,34723,90699,49347935,37324699
2022-02-26,39129,89127,49387064,37413826
2022-02-27,22535,35853,49409599,37449679
2022-02-28,28445,81688,49438044,37531367
2022-03-01,22666,53931,49460710,37585298
2022-03-02,21972,50623,49482682,37635921
2022-03-03,22572,54933,49505254,37690854
2022-03-04,23195,62787,49528449,37753641
2022-03-05,23758,57949,49552207,37811590
2022-03-06,9464,17199,49561671,37828789
2022-03-07,15882,51386,49577553,37880175
2022-03-08,15432,48793,49592985,37928968
2022-03-09,13776,46509,49606761,37975477
2022-03-10,14006,52111,49620767,38027588
2022-03-11,15542,57243,49636309,38084831
2022-03-12,15475,56611,49651784,38141442
2022-03-13,5539,16848,49657323,38158290
2022-03-14,10502,46689,49667825,38204979
2022-03-15,10515,46890,49678340,38251869
2022-03-16,9458,41973,49687798,38293842
2022-03-17,9683,44870,49697481,38338712
2022-03-18,10142,49044,49707623,38387756
2022-03-19,9133,46529,49716756,38434285
2022-03-20,2603,11699,49719359,38445984
2022-03-21,7561,40210,49726920,38486194
2022-03-22,8426,37743,49735346,38523937
2022-03-23,7193,33694,49742539,38557631
2022-03-24,8235,38789,49750774,38596420
2022-03-25,8108,43657,49758882,38640077
2022-03-26,8113,41716,49766995,38681793
2022-03-27,2424,9683,49769419,38691476
2022-03-28,6093,35225,49775512,38726701
2022-03-29,5768,32521,49781280,38759222
2022-03-30,5548,30188,49786828,38789410
2022-03-31,5872,33166,49792700,38822576
2022-04-01,4337,25176,49797037,38847752
2022-04-02,4485,23268,49801522,38871020
2022-04-03,1045,4498,49802567,38875518
2022-04-04,3647,21530,49806214,38897048
2022-04-05,3743,22920,49809957,38919968
2022-04-06,4091,21830,49814048,38941798
2022-04-07,3946,23316,49817994,38965114
2022-04-08,4679,26707,49822673,38991821
2022-04-09,4371,23879,49827044,39015700
2022-04-10,891,4614,49827935,39020314
2022-04-11,3793,22679,49831728,39042993
2022-04-12,3350,21773,49835078,39064766
2022-04-13,3550,21333,49838628,39086099
2022-04-14,3474,23769,49842102,39109868
2022-04-15,3074,20612,49845176,39130480
2022-04-16,2144,11920,49847320,39142400
2022-04-17,63,348,49847383,39142748
2022-04-18,148,650,49847531,39143398
2022-04-19,3479,21976,49851010,39165374
2022-04-20,3488,20249,49854498,39185623
2022-04-21,2833,19774,49857331,39205397
2022-04-22,2907,20695,49860238,39226092
2022-04-23,2633,16204,49862871,39242296
2022-04-24,508,2335,49863379,39244631
2022-04-25,183,1165,49863562,39245796
2022-04-26,2751,17790,49866313,39263586
2022-04-27,2362,15776,49868675,39279362
2022-04-28,2343,15530,49871018,39294892
2022-04-29,2287,14831,49873305,39309723
2022-04-30,2115,11575,49875420,39321298
2022-05-01,113,530,49875533,39321828
2022-05-02,1440,9380,49876973,39331208
2022-05-03,1568,10304,49878541,39341512
2022-05-04,1744,10254,49880285,39351766
2022-05-05,1644,10261,49881929,39362027
2022-05-06,1692,10942,49883621,39372969
2022-05-07,1429,8562,49885050,39381531
2022-05-08,404,1514,49885454,39383045
2022-05-09,1024,8913,49886478,39391958
2022-05-10,1418,9536,49887896,39401494
2022-05-11,1476,10086,49889372,39411580
2022-05-12,1361,10116,49890733,39421696
2022-05-13,1586,10504,49892319,39432200
2022-05-14,1356,8226,49893675,39440426
2022-05-15,336,1129,49894011,39441555
2022-05-16,807,8385,49894818,39449940
2022-05-17,1241,8665,49896059,39458605
2022-05-18,1368,9203,49897427,39467808
2022-05-19,1493,9264,49898920,39477072
2022-05-20,1419,9488,49900339,39486560
2022-05-21,1298,7892,49901637,39494452
2022-05-22,232,1012,49901869,39495464
2022-05-23,824,8259,49902693,39503723
2022-05-24,1069,8660,49903762,39512383
2022-05-25,1363,9443,49905125,39521826
2022-05-26,1191,9452,49906316,39531278
2022-05-27,1222,9906,49907538,39541184
2022-05-28,1201,7870,49908739,39549054
2022-05-29,285,1263,49909024,39550317
2022-05-30,926,8023,49909950,39558340
2022-05-31,1032,8528,49910982,39566868
2022-06-01,889,7641,49911871,39574509
2022-06-02,34,474,49911905,39574983
2022-06-03,810,7325,49912715,39582308
2022-06-04,869,5155,49913584,39587463
2022-06-05,89,586,49913673,39588049
2022-06-06,662,6961,49914335,39595010
2022-06-07,927,7841,49915262,39602851
2022-06-08,977,7895,49916239,39610746
2022-06-09,1029,8398,49917268,39619144
2022-06-10,948,8534,49918216,39627678
2022-06-11,897,6208,49919113,39633886
2022-06-12,140,767,49919253,39634653
2022-06-13,600,6292,49919853,39640945
2022-06-14,823,7868,49920676,39648813
2022-06-15,948,7844,49921624,39656657
2022-06-16,725,7381,49922349,39664038
2022-06-17,715,7229,49923064,39671267
2022-06-18,774,5588,49923838,39676855
2022-06-19,45,522,49923883,39677377
2022-06-20,585,6690,49924468,39684067
2022-06-21,728,7633,49925196,39691700
2022-06-22,773,7298,49925969,39698998
2022-06-23,642,7451,49926611,39706449
2022-06-24,634,7450,49927245,39713899
2022-06-25,833,6529,49928078,39720428
2022-06-26,128,523,49928206,39720951
2022-06-27,527,7105,49928733,39728056
2022-06-28,739,8185,49929472,39736241
2022-06-29,754,7697,49930226,39743938
2022-06-30,739,8117,49930965,39752055
2022-07-01,574,6431,49931539,39758486
2022-07-02,535,4763,49932074,39763249
2022-07-03,49,463,49932123,39763712
2022-07-04,469,6248,49932592,39769960
2022-07-05,616,8101,49933208,39778061
2022-07-06,619,7560,49933827,39785621
2022-07-07,556,8235,49934383,39793856
2022-07-08,665,8052,49935048,39801908
2022-07-09,546,6096,49935594,39808004
2022-07-10,59,534,49935653,39808538
2022-07-11,473,7614,49936126,39816152
2022-07-12,636,8928,49936762,39825080
2022-07-13,618,10023,49937380,39835103
2022-07-14,617,10119,49937997,39845222
2022-07-15,626,10552,49938623,39855774
2022-07-16,510,7182,49939133,39862956
2022-07-17,47,764,49939180,39863720
2022-07-18,487,9293,49939667,39873013
2022-07-19,555,10460,49940222,39883473
2022-07-20,542,11009,49940764,39894482
2022-07-21,702,10942,49941466,39905424