data_somministrazione,vaccinazioni,booster,cum_vaccinazioni,cum_booster
2020-12-27,18,0,18,0
2020-12-28,2,0,20,0
2020-12-29,1,0,21,0
2020-12-30,6,0,27,0
2020-12-31,51,0,78,0
2021-01-01,20,0,98,0
2021-01-02,85,0,183,0
2021-01-03,67,0,250,0
2021-01-04,179,0,429,0
2021-01-05,221,0,650,0
2021-01-06,176,0,826,0
2021-01-07,261,0,1087,0
2021-01-08,311,0,1398,0
2021-01-09,231,0,1629,0
2021-01-10,138,0,1767,0
2021-01-11,253,0,2020,0
2021-01-12,258,0,2278,0
2021-01-13,368,0,2646,0
2021-01-14,459,0,3105,0
2021-01-15,281,0,3386,0
2021-01-16,195,0,3581,0
2021-01-17,3054,0,6635,0
2021-01-18,5205,0,11840,0
2021-01-19,1890,0,13730,0
2021-01-20,4650,0,18380,0
2021-01-21,20009,0,38389,0
2021-01-22,14199,0,52588,0
2021-01-23,33344,0,85932,0
2021-01-24,30794,0,116726,0
2021-01-25,64747,0,181473,0
2021-01-26,76508,0,257981,0
2021-01-27,64856,0,322837,0
2021-01-28,89317,0,412154,0
2021-01-29,94047,0,506201,0
2021-01-30,86586,0,592787,0
2021-01-31,57345,0,650132,0
2021-02-01,81881,0,732013,0
2021-02-02,82149,0,814162,0
2021-02-03,91202,0,905364,0
2021-02-04,95406,0,1000770,0
2021-02-05,90294,0,1091064,0
2021-02-06,63451,0,1154515,0
2021-02-07,32925,0,1187440,0
2021-02-08,40433,0,1227873,0
2021-02-09,32863,0,1260736,0
2021-02-10,28412,0,1289148,0
2021-02-11,20379,0,1309527,0
2021-02-12,16219,0,1325746,0
2021-02-13,7239,0,1332985,0
2021-02-14,2861,0,1335846,0
2021-02-15,6834,0,1342680,0
2021-02-16,6990,0,1349670,0
2021-02-17,10517,0,1360187,0
2021-02-18,9241,0,1369428,0
2021-02-19,8230,0,1377658,0
2021-02-20,5530,0,1383188,0
2021-02-21,2975,0,1386163,0
2021-02-22,6874,0,1393037,0
2021-02-23,7153,0,1400190,0
2021-02-24,9822,0,1410012,0
2021-02-25,14197,0,1424209,0
2021-02-26,17544,0,1441753,0
2021-02-27,13893,0,1455646,0
2021-02-28,9380,0,1465026,0
2021-03-01,26504,0,1491530,0
2021-03-02,33228,0,1524758,0
2021-03-03,44642,0,1569400,0
2021-03-04,50289,0,1619689,0
2021-03-05,55730,0,1675419,0
2021-03-06,41867,0,1717286,0
2021-03-07,22318,0,1739604,0
2021-03-08,50787,0,1790391,0
2021-03-09,53054,0,1843445,0
2021-03-10,58613,0,1902058,0
2021-03-11,63819,0,1965877,0
2021-03-12,65082,0,2030959,0
2021-03-13,51693,0,2082652,0
2021-03-14,35382,0,2118034,0
2021-03-15,73418,0,2191452,0
2021-03-16,74021,0,2265473,0
2021-03-17,83126,0,2348599,0
2021-03-18,81616,0,2430215,0
2021-03-19,81078,0,2511293,0
2021-03-20,64700,0,2575993,0
2021-03-21,47284,0,2623277,0
2021-03-22,69464,0,2692741,0
2021-03-23,75773,0,2768514,0
2021-03-24,90872,0,2859386,0
2021-03-25,89775,0,2949161,0
2021-03-26,83586,0,3032747,0
2021-03-27,71901,0,3104648,0
2021-03-28,44109,0,3148757,0
2021-03-29,70793,0,3219550,0
2021-03-30,81343,0,3300893,0
2021-03-31,96193,0,3397086,0
2021-04-01,95283,0,3492369,0
2021-04-02,84059,0,3576428,0
2021-04-03,64290,0,3640718,0
2021-04-04,21712,0,3662430,0
2021-04-05,40293,0,3702723,0
2021-04-06,81287,0,3784010,0
2021-04-07,95791,0,3879801,0
2021-04-08,95214,0,3975015,0
2021-04-09,88463,0,4063478,0
2021-04-10,74010,0,4137488,0
2021-04-11,44740,0,4182228,0
2021-04-12,66897,0,4249125,0
2021-04-13,72551,0,4321676,0
2021-04-14,85511,0,4407187,0
2021-04-15,105390,0,4512577,0
2021-04-16,106394,0,4618971,0
2021-04-17,90473,0,4709444,0
2021-04-18,58579,0,4768023,0
2021-04-19,93424,0,4861447,0
2021-04-20,103751,0,4965198,0
2021-04-21,125319,0,5090517,0
2021-04-22,143498,0,5234015,0
2021-04-23,138700,0,5372715,0
2021-04-24,124425,0,5497140,0
2021-04-25,61444,0,5558584,0
2021-04-26,97867,0,5656451,0
2021-04-27,128341,0,5784792,0
2021-04-28,156341,0,5941133,0
2021-04-29,195564,0,6136697,0
2021-04-30,214542,0,6351239,0
2021-05-01,174078,0,6525317,0
2021-05-02,135783,0,6661100,0
2021-05-03,141986,0,6803086,0
2021-05-04,158671,0,6961757,0
2021-05-05,170453,0,7132210,0
2021-05-06,197776,0,7329986,0
2021-05-07,213782,0,7543768,0
2021-05-08,213363,0,7757131,0
2021-05-09,143180,0,7900311,0
2021-05-10,165061,0,8065372,0
2021-05-11,174933,0,8240305,0
2021-05-12,179119,0,8419424,0
2021-05-13,203334,0,8622758,0
2021-05-14,222875,0,8845633,0
2021-05-15,210312,0,9055945,0
2021-05-16,159245,0,9215190,0
2021-05-17,219165,0,9434355,0
2021-05-18,212988,0,9647343,0
2021-05-19,207044,0,9854387,0
2021-05-20,270825,0,10125212,0
2021-05-21,270838,0,10396050,0
2021-05-22,245498,0,10641548,0
2021-05-23,197163,0,10838711,0
2021-05-24,228275,0,11066986,0
2021-05-25,245665,0,11312651,0
2021-05-26,277464,0,11590115,0
2021-05-27,311055,0,11901170,0
2021-05-28,299534,0,12200704,0
2021-05-29,231177,0,12431881,0
2021-05-30,170805,0,12602686,0
2021-05-31,216382,0,12819068,0
2021-06-01,207613,0,13026681,0
2021-06-02,115747,0,13142428,0
2021-06-03,180071,0,13322499,0
2021-06-04,184811,0,13507310,0
2021-06-05,185887,0,13693197,0
2021-06-06,139483,0,13832680,0
2021-06-07,161788,0,13994468,0
2021-06-08,171113,0,14165581,0
2021-06-09,171379,0,14336960,0
2021-06-10,173980,0,14510940,0
2021-06-11,169892,0,14680832,0
2021-06-12,128267,0,14809099,0
2021-06-13,91108,0,14900207,0
2021-06-14,214608,0,15114815,0
2021-06-15,228340,0,15343155,0
2021-06-16,253000,0,15596155,0
2021-06-17,301665,0,15897820,0
2021-06-18,306222,0,16204042,0
2021-06-19,275024,0,16479066,0
2021-06-20,220691,0,16699757,0
2021-06-21,288006,0,16987763,0
2021-06-22,296154,0,17283917,0
2021-06-23,302646,0,17586563,0
2021-06-24,332523,0,17919086,0
2021-06-25,348673,0,18267759,0
2021-06-26,300069,0,18567828,0
2021-06-27,228593,0,18796421,0
2021-06-28,307004,0,19103425,0
2021-06-29,329198,0,19432623,0
2021-06-30,342068,0,19774691,0
2021-07-01,363121,0,20137812,0
2021-07-02,368415,0,20506227,0
2021-07-03,371054,0,20877281,0
2021-07-04,283180,0,21160461,0
2021-07-05,384490,0,21544951,0
2021-07-06,385409,0,21930360,0
2021-07-07,412043,0,22342403,0
2021-07-08,479631,0,22822034,0
2021-07-09,498506,0,23320540,0
2021-07-10,475179,0,23795719,0
2021-07-11,357700,0,24153419,0
2021-07-12,485920,0,24639339,0
2021-07-13,492156,0,25131495,0
2021-07-14,480489,0,25611984,0
2021-07-15,523520,0,26135504,0
2021-07-16,509794,0,26645298,0
2021-07-17,464380,0,27109678,0
2021-07-18,364706,0,27474384,0
2021-07-19,463079,0,27937463,0
2021-07-20,458106,0,28395569,0
2021-07-21,462817,0,28858386,0
2021-07-22,475396,0,29333782,0
2021-07-23,441312,0,29775094,0
2021-07-24,386188,0,30161282,0
2021-07-25,287614,0,30448896,0
2021-07-26,430909,0,30879805,0
2021-07-27,440128,0,31319933,0
2021-07-28,391028,0,31710961,0
2021-07-29,372081,0,32083042,0
2021-07-30,341481,0,32424523,0
2021-07-31,286990,0,32711513,0
2021-08-01,191018,0,32902531,0
2021-08-02,333717,0,33236248,0
2021-08-03,323179,0,33559427,0
2021-08-04,310958,0,33870385,0
2021-08-05,292515,0,34162900,0
2021-08-06,259983,0,34422883,0
2021-08-07,199028,0,34621911,0
2021-08-08,153101,0,34775012,0
2021-08-09,234061,0,35009073,0
2021-08-10,205236,0,35214309,0
2021-08-11,193730,0,35408039,0
2021-08-12,167938,0,35575977,0
2021-08-13,148573,0,35724550,0
2021-08-14,66081,0,35790631,0
2021-08-15,26329,0,35816960,0
2021-08-16,114661,0,35931621,0
2021-08-17,129225,0,36060846,0
2021-08-18,128719,0,36189565,0
2021-08-19,124765,0,36314330,0
2021-08-20,123771,0,36438101,0
2021-08-21,83097,0,36521198,0
2021-08-22,68159,0,36589357,0
2021-08-23,176858,0,36766215,0
2021-08-24,156895,0,36923110,0
2021-08-25,177167,0,37100277,0
2021-08-26,172338,0,37272615,0
2021-08-27,185855,0,37458470,0
2021-08-28,140263,0,37598733,0
2021-08-29,99010,0,37697743,0
2021-08-30,209626,0,37907369,0
2021-08-31,194620,0,38101989,0
2021-09-01,192209,0,38294198,0
2021-09-02,189936,0,38484134,0
2021-09-03,191350,0,38675484,0
2021-09-04,131492,0,38806976,0
2021-09-05,87874,0,38894850,0
2021-09-06,193663,0,39088513,0
2021-09-07,196075,0,39284588,0
2021-09-08,187920,0,39472508,0
2021-09-09,201486,0,39673994,0
2021-09-10,198116,0,39872110,0
2021-09-11,141337,0,40013447,0
2021-09-12,89606,0,40103053,0
2021-09-13,191187,514,40294240,514
2021-09-14,177277,548,40471517,1062
2021-09-15,163127,552,40634644,1614
2021-09-16,160103,892,40794747,2506
2021-09-17,150170,1088,40944917,3594
2021-09-18,127972,714,41072889,4308
2021-09-19,81131,478,41154020,4786
2021-09-20,180079,9045,41334099,13831
2021-09-21,166609,8812,41500708,22643
2021-09-22,159060,9414,41659768,32057
2021-09-23,138064,9308,41797832,41365
2021-09-24,140524,8940,41938356,50305
2021-09-25,119531,5621,42057887,55926
2021-09-26,71942,4332,42129829,60258
2021-09-27,135613,10030,42265442,70288
2021-09-28,117465,11369,42382907,81657
2021-09-29,112303,11819,42495210,93476
2021-09-30,110213,14926,42605423,108402
2021-10-01,94948,19096,42700371,127498
2021-10-02,78454,14010,42778825,141508
2021-10-03,47711,7651,42826536,149159
2021-10-04,88368,34435,42914904,183594
2021-10-05,80350,33961,42995254,217555
2021-10-06,71966,34143,43067220,251698
2021-10-07,71833,34334,43139053,286032
2021-10-08,80606,33579,43219659,319611
2021-10-09,76090,22157,43295749,341768
2021-10-10,45768,13608,43341517,355376
2021-10-11,87394,41092,43428911,396468
2021-10-12,84475,46883,43513386,443351
2021-10-13,88180,52093,43601566,495444
2021-10-14,91504,58485,43693070,553929
2021-10-15,93576,55601,43786646,609530
2021-10-16,82951,36767,43869597,646297
2021-10-17,51457,23818,43921054,670115
2021-10-18,90278,59466,44011332,729581
2021-10-19,78332,69361,44089664,798942
2021-10-20,75073,78139,44164737,877081
2021-10-21,78303,81729,44243040,958810
2021-10-22,73795,77004,44316835,1035814
2021-10-23,60808,51945,44377643,1087759
2021-10-24,33388,23435,44411031,1111194
2021-10-25,64899,81612,44475930,1192806
2021-10-26,58367,91765,44534297,1284571
2021-10-27,58325,103944,44592622,1388515
2021-10-28,61459,114088,44654081,1502603
2021-10-29,61668,103088,44715749,1605691
2021-10-30,50673,68102,44766422,1673793
2021-10-31,25167,28280,44791589,1702073
2021-11-01,19046,28145,44810635,1730218
2021-11-02,62780,89347,44873415,1819565
2021-11-03,60731,118647,44934146,1938212
2021-11-04,59246,126641,44993392,2064853
2021-11-05,63100,135153,45056492,2200006
2021-11-06,46471,90916,45102963,2290922
2021-11-07,22253,37889,45125216,2328811
2021-11-08,51524,131247,45176740,2460058
2021-11-09,45400,144176,45222140,2604234
2021-11-10,42573,156340,45264713,2760574
2021-11-11,44932,155121,45309645,2915695
2021-11-12,46368,158550,45356013,3074245
2021-11-13,33252,116638,45389265,3190883
2021-11-14,14475,52445,45403740,3243328
2021-11-15,36892,157409,45440632,3400737
2021-11-16,30536,171361,45471168,3572098
2021-11-17,28436,178425,45499604,3750523
2021-11-18,30271,193699,45529875,3944222
2021-11-19,28788,205830,45558663,4150052
2021-11-20,20981,156430,45579644,4306482
2021-11-21,10604,64860,45590248,4371342
2021-11-22,21924,213133,45612172,4584475
2021-11-23,23550,241731,45635722,4826206
2021-11-24,27820,270931,45663542,5097137
2021-11-25,23209,301891,45686751,5399028
2021-11-26,24554,318251,45711305,5717279
2021-11-27,21361,266140,45732666,5983419
2021-11-28,9885,137050,45742551,6120469
2021-11-29,22300,326051,45764851,6446520
2021-11-30,23061,365812,45787912,6812332
2021-12-01,21496,413488,45809408,7225820
2021-12-02,23737,440374,45833145,7666194
2021-12-03,25196,467433,45858341,8133627
2021-12-04,22327,418717,45880668,8552344
2021-12-05,11897,261326,45892565,8813670
2021-12-06,25781,457553,45918346,9271223
2021-12-07,24091,480235,45942437,9751458
2021-12-08,9977,249673,45952414,10001131
2021-12-09,31526,491901,45983940,10493032
2021-12-10,28015,517850,46011955,11010882
2021-12-11,23516,459229,46035471,11470111
2021-12-12,12281,293487,46047752,11763598
2021-12-13,26109,467606,46073861,12231204
2021-12-14,25129,494178,46098990,12725382
2021-12-15,25289,517115,46124279,13242497
2021-12-16,27828,520217,46152107,13762714
2021-12-17,29295,517147,46181402,14279861
2021-12-18,26976,468700,46208378,14748561
2021-12-19,15109,300507,46223487,15049068
2021-12-20,30558,477454,46254045,15526522
2021-12-21,30304,493359,46284349,16019881
2021-12-22,29383,484682,46313732,16504563
2021-12-23,28176,426884,46341908,16931447
2021-12-24,13091,210812,46354999,17142259
2021-12-25,2101,33053,46357100,17175312
2021-12-26,8737,159060,46365837,17334372
2021-12-27,46699,504636,46412536,17839008
2021-12-28,42364,554181,46454900,18393189
2021-12-29,34226,550630,46489126,18943819
2021-12-30,31724,499802,46520850,19443621
2021-12-31,14072,247389,46534922,19691010
2022-01-01,3481,64811,46538403,19755821
2022-01-02,22682,276715,46561085,20032536
2022-01-03,47672,519999,46608757,20552535
2022-01-04,46164,572059,46654921,21124594
2022-01-05,40577,560371,46695498,21684965
2022-01-06,23371,274476,46718869,21959441
2022-01-07,63478,554168,46782347,22513609
2022-01-08,60634,503360,46842981,23016969
2022-01-09,42648,319681,46885629,23336650
2022-01-10,60881,542258,46946510,23878908
2022-01-11,61474,586967,47007984,24465875
2022-01-12,58206,581266,47066190,25047141
2022-01-13,58359,580361,47124549,25627502
2022-01-14,46554,588550,47171103,26216052
2022-01-15,39066,569923,47210169,26785975
2022-01-16,31011,341846,47241180,27127821
2022-01-17,54590,489638,47295770,27617459
2022-01-18,58205,516998,47353975,28134457
2022-01-19,57030,502766,47411005,28637223
2022-01-20,54174,498797,47465179,29136020
2022-01-21,41893,493847,47507072,29629867
2022-01-22,30976,469584,47538048,30099451
2022-01-23,34795,275360,47572843,30374811
2022-01-24,56058,437197,47628901,30812008
2022-01-25,61418,452076,47690319,31264084
2022-01-26,58423,435803,47748742,31699887
2022-01-27,48725,432342,47797467,32132229
2022-01-28,58540,436515,47856007,32568744
2022-01-29,67965,412470,47923972,32981214
2022-01-30,50280,235960,47974252,33217174
2022-01-31,60461,356915,48034713,33574089
2022-02-01,65410,328417,48100123,33902506
2022-02-02,63063,296949,48163186,34199455
2022-02-03,59948,274506,48223134,34473961
2022-02-04,72261,268435,48295395,34742396
2022-02-05,83662,248517,48379057,34990913
2022-02-06,55213,116190,48434270,35107103
2022-02-07,65059,199923,48499329,35307026
2022-02-08,66852,186096,48566181,35493122
2022-02-09,58684,166322,48624865,35659444
2022-02-10,58478,163227,48683343,35822671
2022-02-11,62155,162445,48745498,35985116
2022-02-12,71902,152132,48817400,36137248
2022-02-13,41435,68848,48858835,36206096
2022-02-14,46621,116178,48905456,36322274
2022-02-15,48460,123475,48953916,36445749
2022-02-16,45623,106105,48999539,36551854
2022-02-17,42822,98093,49042361,36649947
2022-02-18,46562,112563,49088923,36762510
2022-02-19,52490,100324,49141413,36862834
2022-02-20,31397,40358,49172810,36903192
2022-02-21,37865,89636,49210675,36992828
2022-02-22,37174,83764,49247849,37076592
2022-02-23,33356,79399,49281205,37155991
2022-02-24,32530,78155,49313735,37234146
2022-02-25,34726,90700,49348461,37324846
2022-02-26,39129,89128,49387590,37413974
2022-02-27,22534,35854,49410124,37449828
2022-02-28,28445,81688,49438569,37531516
2022-03-01,22670,53932,49461239,37585448
2022-03-02,21973,50623,49483212,37636071
2022-03-03,22575,54934,49505787,37691005
2022-03-04,23196,62787,49528983,37753792
2022-03-05,23759,57949,49552742,37811741
2022-03-06,9466,17199,49562208,37828940
2022-03-07,15883,51386,49578091,37880326
2022-03-08,15433,48793,49593524,37929119
2022-03-09,13780,46510,49607304,37975629
2022-03-10,14009,52111,49621313,38027740
2022-03-11,15542,57244,49636855,38084984
2022-03-12,15476,56612,49652331,38141596
2022-03-13,5539,16848,49657870,38158444
2022-03-14,10503,46689,49668373,38205133
2022-03-15,10516,46891,49678889,38252024
2022-03-16,9459,41975,49688348,38293999
2022-03-17,9684,44872,49698032,38338871
2022-03-18,10141,49044,49708173,38387915
2022-03-19,9134,46530,49717307,38434445
2022-03-20,2603,11699,49719910,38446144
2022-03-21,7562,40212,49727472,38486356
2022-03-22,8426,37743,49735898,38524099
2022-03-23,7194,33694,49743092,38557793
2022-03-24,8239,38789,49751331,38596582
2022-03-25,8109,43658,49759440,38640240
2022-03-26,8114,41717,49767554,38681957
2022-03-27,2424,9683,49769978,38691640
2022-03-28,6093,35225,49776071,38726865
2022-03-29,5768,32521,49781839,38759386
2022-03-30,5549,30188,49787388,38789574
2022-03-31,5873,33166,49793261,38822740
2022-04-01,4337,25177,49797598,38847917
2022-04-02,4485,23269,49802083,38871186
2022-04-03,1045,4498,49803128,38875684
2022-04-04,3647,21531,49806775,38897215
2022-04-05,3744,22920,49810519,38920135
2022-04-06,4091,21830,49814610,38941965
2022-04-07,3946,23317,49818556,38965282
2022-04-08,4679,26707,49823235,38991989
2022-04-09,4372,23879,49827607,39015868
2022-04-10,891,4614,49828498,39020482
2022-04-11,3795,22679,49832293,39043161
2022-04-12,3350,21773,49835643,39064934
2022-04-13,3550,21334,49839193,39086268
2022-04-14,3474,23769,49842667,39110037
2022-04-15,3075,20612,49845742,39130649
2022-04-16,2145,11920,49847887,39142569
2022-04-17,63,348,49847950,39142917
2022-04-18,148,650,49848098,39143567
2022-04-19,3479,21976,49851577,39165543
2022-04-20,3489,20249,49855066,39185792
2022-04-21,2833,19774,49857899,39205566
2022-04-22,2908,20694,49860807,39226260
2022-04-23,2633,16204,49863440,39242464
2022-04-24,509,2335,49863949,39244799
2022-04-25,183,1165,49864132,39245964
2022-04-26,2752,17790,49866884,39263754
2022-04-27,2362,15777,49869246,39279531
2022-04-28,2343,15530,49871589,39295061
2022-04-29,2287,14831,49873876,39309892
2022-04-30,2115,11576,49875991,39321468
2022-05-01,113,530,49876104,39321998
2022-05-02,1440,9380,49877544,39331378
2022-05-03,1568,10305,49879112,39341683
2022-05-04,1745,10254,49880857,39351937
2022-05-05,1645,10261,49882502,39362198
2022-05-06,1692,10942,49884194,39373140
2022-05-07,1429,8562,49885623,39381702
2022-05-08,404,1514,49886027,39383216
2022-05-09,1024,8913,49887051,39392129
2022-05-10,1418,9536,49888469,39401665
2022-05-11,1476,10085,49889945,39411750
2022-05-12,1361,10116,49891306,39421866
2022-05-13,1586,10505,49892892,39432371
2022-05-14,1356,8226,49894248,39440597
2022-05-15,336,1129,49894584,39441726
2022-05-16,807,8386,49895391,39450112
2022-05-17,1241,8665,49896632,39458777
2022-05-18,1368,9206,49898000,39467983
2022-05-19,1493,9264,49899493,39477247
2022-05-20,1419,9488,49900912,39486735
2022-05-21,1299,7892,49902211,39494627
2022-05-22,232,1012,49902443,39495639
2022-05-23,824,8259,49903267,39503898
2022-05-24,1069,8662,49904336,39512560
2022-05-25,1363,9443,49905699,39522003
2022-05-26,1191,9452,49906890,39531455
2022-05-27,1223,9906,49908113,39541361
2022-05-28,1201,7870,49909314,39549231
2022-05-29,285,1263,49909599,39550494
2022-05-30,926,8023,49910525,39558517
2022-05-31,1032,8528,49911557,39567045
2022-06-01,890,7641,49912447,39574686
2022-06-02,34,474,49912481,39575160
2022-06-03,811,7326,49913292,39582486
2022-06-04,869,5155,49914161,39587641
2022-06-05,89,586,49914250,39588227
2022-06-06,662,6961,49914912,39595188
2022-06-07,927,7841,49915839,39603029
2022-06-08,977,7895,49916816,39610924
2022-06-09,1031,8398,49917847,39619322
2022-06-10,948,8534,49918795,39627856
2022-06-11,897,6208,49919692,39634064
2022-06-12,140,767,49919832,39634831
2022-06-13,600,6292,49920432,39641123
2022-06-14,823,7868,49921255,39648991
2022-06-15,948,7842,49922203,39656833
2022-06-16,726,7381,49922929,39664214
2022-06-17,715,7229,49923644,39671443
2022-06-18,774,5587,49924418,39677030
2022-06-19,45,522,49924463,39677552
2022-06-20,586,6690,49925049,39684242
2022-06-21,728,7634,49925777,39691876
2022-06-22,773,7298,49926550,39699174
2022-06-23,642,7451,49927192,39706625
2022-06-24,634,7450,49927826,39714075
2022-06-25,832,6530,49928658,39720605
2022-06-26,128,523,49928786,39721128
2022-06-27,527,7108,49929313,39728236
2022-06-28,739,8186,49930052,39736422
2022-06-29,755,7704,49930807,39744126
2022-06-30,738,8117,49931545,39752243
2022-07-01,573,6432,49932118,39758675
2022-07-02,535,4763,49932653,39763438
2022-07-03,49,455,49932702,39763893
2022-07-04,468,6250,49933170,39770143
2022-07-05,616,8103,49933786,39778246
2022-07-06,620,7566,49934406,39785812
2022-07-07,555,8237,49934961,39794049
2022-07-08,665,8058,49935626,39802107
2022-07-09,546,6096,49936172,39808203
2022-07-10,59,533,49936231,39808736
2022-07-11,473,7616,49936704,39816352
2022-07-12,636,8945,49937340,39825297
2022-07-13,619,10032,49937959,39835329
2022-07-14,616,10151,49938575,39845480
2022-07-15,610,10569,49939185,39856049
2022-07-16,510,7185,49939695,39863234
2022-07-17,47,764,49939742,39863998
2022-07-18,488,9302,49940230,39873300
2022-07-19,556,10497,49940786,39883797
2022-07-20,551,11109,49941337,39894906
2022-07-21,599,11793,49941936,39906699
2022-07-22,540,10834,49942476,39917533
2022-07-23,365,6511,49942841,39924044
2022-07-24,59,699,49942900,39924743