data_somministrazione,vaccinazioni,booster,cum_vaccinazioni,cum_booster
2020-12-27,20,0,20,0
2020-12-28,2,0,22,0
2020-12-29,1,0,23,0
2020-12-30,8,0,31,0
2020-12-31,72,0,103,0
2021-01-01,23,0,126,0
2021-01-02,126,0,252,0
2021-01-03,89,0,341,0
2021-01-04,212,0,553,0
2021-01-05,255,0,808,0
2021-01-06,221,0,1029,0
2021-01-07,305,0,1334,0
2021-01-08,350,0,1684,0
2021-01-09,263,0,1947,0
2021-01-10,158,0,2105,0
2021-01-11,282,0,2387,0
2021-01-12,275,0,2662,0
2021-01-13,401,0,3063,0
2021-01-14,485,0,3548,0
2021-01-15,304,0,3852,0
2021-01-16,213,0,4065,0
2021-01-17,3060,0,7125,0
2021-01-18,5213,0,12338,0
2021-01-19,1893,0,14231,0
2021-01-20,4656,0,18887,0
2021-01-21,20005,0,38892,0
2021-01-22,14220,0,53112,0
2021-01-23,33329,0,86441,0
2021-01-24,30785,0,117226,0
2021-01-25,64724,0,181950,0
2021-01-26,76491,0,258441,0
2021-01-27,64825,0,323266,0
2021-01-28,89273,0,412539,0
2021-01-29,94013,0,506552,0
2021-01-30,86555,0,593107,0
2021-01-31,57330,0,650437,0
2021-02-01,81856,0,732293,0
2021-02-02,82141,0,814434,0
2021-02-03,91116,0,905550,0
2021-02-04,95396,0,1000946,0
2021-02-05,90272,0,1091218,0
2021-02-06,63449,0,1154667,0
2021-02-07,32931,0,1187598,0
2021-02-08,40426,0,1228024,0
2021-02-09,32867,0,1260891,0
2021-02-10,28424,0,1289315,0
2021-02-11,20399,0,1309714,0
2021-02-12,16237,0,1325951,0
2021-02-13,7271,0,1333222,0
2021-02-14,2862,0,1336084,0
2021-02-15,6841,0,1342925,0
2021-02-16,6999,0,1349924,0
2021-02-17,10524,0,1360448,0
2021-02-18,9252,0,1369700,0
2021-02-19,8248,0,1377948,0
2021-02-20,5561,0,1383509,0
2021-02-21,3001,0,1386510,0
2021-02-22,6884,0,1393394,0
2021-02-23,7170,0,1400564,0
2021-02-24,9804,0,1410368,0
2021-02-25,14211,0,1424579,0
2021-02-26,17556,0,1442135,0
2021-02-27,13912,0,1456047,0
2021-02-28,9388,0,1465435,0
2021-03-01,26518,0,1491953,0
2021-03-02,33244,0,1525197,0
2021-03-03,44644,0,1569841,0
2021-03-04,50294,0,1620135,0
2021-03-05,55733,0,1675868,0
2021-03-06,41870,0,1717738,0
2021-03-07,22323,0,1740061,0
2021-03-08,50822,0,1790883,0
2021-03-09,53075,0,1843958,0
2021-03-10,58652,0,1902610,0
2021-03-11,63866,0,1966476,0
2021-03-12,65113,0,2031589,0
2021-03-13,51719,0,2083308,0
2021-03-14,35400,0,2118708,0
2021-03-15,73445,0,2192153,0
2021-03-16,74028,0,2266181,0
2021-03-17,83131,0,2349312,0
2021-03-18,81624,0,2430936,0
2021-03-19,81081,0,2512017,0
2021-03-20,64723,0,2576740,0
2021-03-21,47300,0,2624040,0
2021-03-22,69480,0,2693520,0
2021-03-23,75799,0,2769319,0
2021-03-24,90918,0,2860237,0
2021-03-25,89802,0,2950039,0
2021-03-26,83625,0,3033664,0
2021-03-27,71940,0,3105604,0
2021-03-28,44147,0,3149751,0
2021-03-29,70828,0,3220579,0
2021-03-30,81387,0,3301966,0
2021-03-31,96239,0,3398205,0
2021-04-01,95309,0,3493514,0
2021-04-02,84071,0,3577585,0
2021-04-03,64305,0,3641890,0
2021-04-04,21718,0,3663608,0
2021-04-05,40313,0,3703921,0
2021-04-06,81318,0,3785239,0
2021-04-07,95831,0,3881070,0
2021-04-08,95242,0,3976312,0
2021-04-09,88493,0,4064805,0
2021-04-10,74031,0,4138836,0
2021-04-11,44764,0,4183600,0
2021-04-12,66918,0,4250518,0
2021-04-13,72574,0,4323092,0
2021-04-14,85541,0,4408633,0
2021-04-15,105419,0,4514052,0
2021-04-16,106417,0,4620469,0
2021-04-17,90516,0,4710985,0
2021-04-18,58590,0,4769575,0
2021-04-19,93430,0,4863005,0
2021-04-20,103770,0,4966775,0
2021-04-21,125338,0,5092113,0
2021-04-22,143518,0,5235631,0
2021-04-23,138742,0,5374373,0
2021-04-24,124446,0,5498819,0
2021-04-25,61457,0,5560276,0
2021-04-26,97894,0,5658170,0
2021-04-27,128362,0,5786532,0
2021-04-28,156370,0,5942902,0
2021-04-29,195596,0,6138498,0
2021-04-30,214582,0,6353080,0
2021-05-01,174120,0,6527200,0
2021-05-02,135802,0,6663002,0
2021-05-03,142040,0,6805042,0
2021-05-04,158698,0,6963740,0
2021-05-05,170501,0,7134241,0
2021-05-06,197809,0,7332050,0
2021-05-07,213848,0,7545898,0
2021-05-08,213412,0,7759310,0
2021-05-09,143202,0,7902512,0
2021-05-10,165080,0,8067592,0
2021-05-11,174987,0,8242579,0
2021-05-12,179182,0,8421761,0
2021-05-13,203385,0,8625146,0
2021-05-14,222917,0,8848063,0
2021-05-15,210367,0,9058430,0
2021-05-16,159275,0,9217705,0
2021-05-17,219196,0,9436901,0
2021-05-18,213021,0,9649922,0
2021-05-19,207088,0,9857010,0
2021-05-20,270867,0,10127877,0
2021-05-21,270889,0,10398766,0
2021-05-22,245526,0,10644292,0
2021-05-23,197183,0,10841475,0
2021-05-24,228311,0,11069786,0
2021-05-25,245698,0,11315484,0
2021-05-26,277503,0,11592987,0
2021-05-27,311086,0,11904073,0
2021-05-28,299573,0,12203646,0
2021-05-29,231223,0,12434869,0
2021-05-30,170842,0,12605711,0
2021-05-31,216423,0,12822134,0
2021-06-01,207635,0,13029769,0
2021-06-02,115799,0,13145568,0
2021-06-03,180143,0,13325711,0
2021-06-04,184882,0,13510593,0
2021-06-05,185961,0,13696554,0
2021-06-06,139552,0,13836106,0
2021-06-07,161874,0,13997980,0
2021-06-08,171227,0,14169207,0
2021-06-09,171489,0,14340696,0
2021-06-10,174109,0,14514805,0
2021-06-11,169984,0,14684789,0
2021-06-12,128326,0,14813115,0
2021-06-13,91189,0,14904304,0
2021-06-14,214684,0,15118988,0
2021-06-15,228423,0,15347411,0
2021-06-16,253082,0,15600493,0
2021-06-17,301737,0,15902230,0
2021-06-18,306302,0,16208532,0
2021-06-19,275088,0,16483620,0
2021-06-20,220788,0,16704408,0
2021-06-21,288075,0,16992483,0
2021-06-22,296225,0,17288708,0
2021-06-23,302689,0,17591397,0
2021-06-24,332606,0,17924003,0
2021-06-25,348717,0,18272720,0
2021-06-26,300123,0,18572843,0
2021-06-27,228666,0,18801509,0
2021-06-28,307098,0,19108607,0
2021-06-29,329289,0,19437896,0
2021-06-30,342169,0,19780065,0
2021-07-01,363212,0,20143277,0
2021-07-02,368476,0,20511753,0
2021-07-03,371093,0,20882846,0
2021-07-04,283215,0,21166061,0
2021-07-05,384546,0,21550607,0
2021-07-06,385474,0,21936081,0
2021-07-07,412120,0,22348201,0
2021-07-08,479607,0,22827808,0
2021-07-09,498485,0,23326293,0
2021-07-10,475186,0,23801479,0
2021-07-11,357698,0,24159177,0
2021-07-12,485905,0,24645082,0
2021-07-13,492117,0,25137199,0
2021-07-14,480464,0,25617663,0
2021-07-15,523460,0,26141123,0
2021-07-16,509766,0,26650889,0
2021-07-17,464346,0,27115235,0
2021-07-18,364657,0,27479892,0
2021-07-19,463057,0,27942949,0
2021-07-20,458064,0,28401013,0
2021-07-21,462801,0,28863814,0
2021-07-22,475395,0,29339209,0
2021-07-23,441319,0,29780528,0
2021-07-24,386165,0,30166693,0
2021-07-25,287558,0,30454251,0
2021-07-26,430882,0,30885133,0
2021-07-27,440132,0,31325265,0
2021-07-28,391013,0,31716278,0
2021-07-29,372075,0,32088353,0
2021-07-30,341520,0,32429873,0
2021-07-31,287030,0,32716903,0
2021-08-01,191004,0,32907907,0
2021-08-02,333711,0,33241618,0
2021-08-03,323194,0,33564812,0
2021-08-04,310977,0,33875789,0
2021-08-05,292506,0,34168295,0
2021-08-06,260012,0,34428307,0
2021-08-07,199050,0,34627357,0
2021-08-08,153108,0,34780465,0
2021-08-09,234076,0,35014541,0
2021-08-10,205250,0,35219791,0
2021-08-11,193770,0,35413561,0
2021-08-12,168028,0,35581589,0
2021-08-13,148634,0,35730223,0
2021-08-14,66093,0,35796316,0
2021-08-15,26338,0,35822654,0
2021-08-16,114703,0,35937357,0
2021-08-17,129253,0,36066610,0
2021-08-18,128751,0,36195361,0
2021-08-19,124817,0,36320178,0
2021-08-20,123793,0,36443971,0
2021-08-21,83130,0,36527101,0
2021-08-22,68172,0,36595273,0
2021-08-23,176873,0,36772146,0
2021-08-24,156897,0,36929043,0
2021-08-25,177171,0,37106214,0
2021-08-26,172363,0,37278577,0
2021-08-27,185837,0,37464414,0
2021-08-28,140281,0,37604695,0
2021-08-29,98996,0,37703691,0
2021-08-30,209602,0,37913293,0
2021-08-31,194640,0,38107933,0
2021-09-01,192211,0,38300144,0
2021-09-02,189931,0,38490075,0
2021-09-03,191303,0,38681378,0
2021-09-04,131466,0,38812844,0
2021-09-05,87858,0,38900702,0
2021-09-06,193632,0,39094334,0
2021-09-07,196044,0,39290378,0
2021-09-08,187882,0,39478260,0
2021-09-09,201447,0,39679707,0
2021-09-10,198080,0,39877787,0
2021-09-11,141302,0,40019089,0
2021-09-12,89595,0,40108684,0
2021-09-13,191130,599,40299814,599
2021-09-14,177236,610,40477050,1209
2021-09-15,163101,615,40640151,1824
2021-09-16,160078,960,40800229,2784
2021-09-17,150172,1138,40950401,3922
2021-09-18,127984,751,41078385,4673
2021-09-19,81137,499,41159522,5172
2021-09-20,180077,9098,41339599,14270
2021-09-21,166646,8846,41506245,23116
2021-09-22,159091,9447,41665336,32563
2021-09-23,138080,9341,41803416,41904
2021-09-24,140542,8977,41943958,50881
2021-09-25,119557,5652,42063515,56533
2021-09-26,71969,4351,42135484,60884
2021-09-27,135659,10062,42271143,70946
2021-09-28,117509,11406,42388652,82352
2021-09-29,112350,11838,42501002,94190
2021-09-30,110257,14962,42611259,109152
2021-10-01,94990,19120,42706249,128272
2021-10-02,78505,14030,42784754,142302
2021-10-03,47746,7663,42832500,149965
2021-10-04,88379,34465,42920879,184430
2021-10-05,80368,33994,43001247,218424
2021-10-06,71997,34185,43073244,252609
2021-10-07,71863,34361,43145107,286970
2021-10-08,80634,33602,43225741,320572
2021-10-09,76103,22183,43301844,342755
2021-10-10,45779,13621,43347623,356376
2021-10-11,87440,41118,43435063,397494
2021-10-12,84501,46918,43519564,444412
2021-10-13,88200,52135,43607764,496547
2021-10-14,91551,58530,43699315,555077
2021-10-15,93598,55646,43792913,610723
2021-10-16,82968,36799,43875881,647522
2021-10-17,51462,23840,43927343,671362
2021-10-18,90307,59498,44017650,730860
2021-10-19,78348,69389,44095998,800249
2021-10-20,75067,78189,44171065,878438
2021-10-21,78297,81774,44249362,960212
2021-10-22,73784,77054,44323146,1037266
2021-10-23,60827,51965,44383973,1089231
2021-10-24,33373,23468,44417346,1112699
2021-10-25,64906,81641,44482252,1194340
2021-10-26,58373,91819,44540625,1286159
2021-10-27,58332,104007,44598957,1390166
2021-10-28,61456,114133,44660413,1504299
2021-10-29,61640,103153,44722053,1607452
2021-10-30,50675,68126,44772728,1675578
2021-10-31,25161,28301,44797889,1703879
2021-11-01,19047,28155,44816936,1732034
2021-11-02,62747,89411,44879683,1821445
2021-11-03,60727,118676,44940410,1940121
2021-11-04,59247,126681,44999657,2066802
2021-11-05,63095,135202,45062752,2202004
2021-11-06,46484,90932,45109236,2292936
2021-11-07,22252,37900,45131488,2330836
2021-11-08,51530,131281,45183018,2462117
2021-11-09,45398,144222,45228416,2606339
2021-11-10,42586,156361,45271002,2762700
2021-11-11,44937,155143,45315939,2917843
2021-11-12,46326,158640,45362265,3076483
2021-11-13,33263,116658,45395528,3193141
2021-11-14,14490,52454,45410018,3245595
2021-11-15,36900,157438,45446918,3403033
2021-11-16,30562,171388,45477480,3574421
2021-11-17,28467,178445,45505947,3752866
2021-11-18,30284,193737,45536231,3946603
2021-11-19,28813,205866,45565044,4152469
2021-11-20,21001,156452,45586045,4308921
2021-11-21,10612,64862,45596657,4373783
2021-11-22,21945,213158,45618602,4586941
2021-11-23,23581,241766,45642183,4828707
2021-11-24,27814,271001,45669997,5099708
2021-11-25,23243,301921,45693240,5401629
2021-11-26,24586,318282,45717826,5719911
2021-11-27,21387,266158,45739213,5986069
2021-11-28,9904,137057,45749117,6123126
2021-11-29,22343,326072,45771460,6449198
2021-11-30,23102,365839,45794562,6815037
2021-12-01,21525,413509,45816087,7228546
2021-12-02,23776,440419,45839863,7668965
2021-12-03,25271,467488,45865134,8136453
2021-12-04,22380,418778,45887514,8555231
2021-12-05,11935,261355,45899449,8816586
2021-12-06,25828,457613,45925277,9274199
2021-12-07,24144,480277,45949421,9754476
2021-12-08,10011,249704,45959432,10004180
2021-12-09,31597,491947,45991029,10496127
2021-12-10,28082,517901,46019111,11014028
2021-12-11,23576,459258,46042687,11473286
2021-12-12,12310,293515,46054997,11766801
2021-12-13,26166,467639,46081163,12234440
2021-12-14,25184,494218,46106347,12728658
2021-12-15,25343,517163,46131690,13245821
2021-12-16,27895,520273,46159585,13766094
2021-12-17,29372,517189,46188957,14283283
2021-12-18,27080,468743,46216037,14752026
2021-12-19,15157,300532,46231194,15052558
2021-12-20,30645,477496,46261839,15530054
2021-12-21,30395,493400,46292234,16023454
2021-12-22,29461,484725,46321695,16508179
2021-12-23,28262,426923,46349957,16935102
2021-12-24,13115,210836,46363072,17145938
2021-12-25,2103,33053,46365175,17178991
2021-12-26,8768,159073,46373943,17338064
2021-12-27,46813,504673,46420756,17842737
2021-12-28,42476,554229,46463232,18396966
2021-12-29,34364,550657,46497596,18947623
2021-12-30,31858,499841,46529454,19447464
2021-12-31,14131,247398,46543585,19694862
2022-01-01,3497,64815,46547082,19759677
2022-01-02,22790,276723,46569872,20036400
2022-01-03,47877,520022,46617749,20556422
2022-01-04,46402,572090,46664151,21128512
2022-01-05,40782,560399,46704933,21688911
2022-01-06,23502,274488,46728435,21963399
2022-01-07,63726,554198,46792161,22517597
2022-01-08,60887,503398,46853048,23020995
2022-01-09,42886,319686,46895934,23340681
2022-01-10,61113,542294,46957047,23882975
2022-01-11,61753,586997,47018800,24469972
2022-01-12,58475,581281,47077275,25051253
2022-01-13,58633,580392,47135908,25631645
2022-01-14,46836,588575,47182744,26220220
2022-01-15,39452,569945,47222196,26790165
2022-01-16,31252,341862,47253448,27132027
2022-01-17,54800,489665,47308248,27621692
2022-01-18,58415,517020,47366663,28138712
2022-01-19,57217,502788,47423880,28641500
2022-01-20,54360,498824,47478240,29140324
2022-01-21,42109,493878,47520349,29634202
2022-01-22,31224,469595,47551573,30103797
2022-01-23,34945,275373,47586518,30379170
2022-01-24,56190,437225,47642708,30816395
2022-01-25,61562,452112,47704270,31268507
2022-01-26,58556,435834,47762826,31704341
2022-01-27,48849,432377,47811675,32136718
2022-01-28,58711,436541,47870386,32573259
2022-01-29,68145,412495,47938531,32985754
2022-01-30,50383,235967,47988914,33221721
2022-01-31,60637,356933,48049551,33578654
2022-02-01,65563,328444,48115114,33907098
2022-02-02,63209,296977,48178323,34204075
2022-02-03,60060,274518,48238383,34478593
2022-02-04,72383,268457,48310766,34747050
2022-02-05,83781,248532,48394547,34995582
2022-02-06,55293,116203,48449840,35111785
2022-02-07,65154,199940,48514994,35311725
2022-02-08,66930,186113,48581924,35497838
2022-02-09,58762,166334,48640686,35664172
2022-02-10,58582,163239,48699268,35827411
2022-02-11,62253,162465,48761521,35989876
2022-02-12,71982,152140,48833503,36142016
2022-02-13,41472,68851,48874975,36210867
2022-02-14,46690,116185,48921665,36327052
2022-02-15,48539,123478,48970204,36450530
2022-02-16,45679,106120,49015883,36556650
2022-02-17,42862,98106,49058745,36654756
2022-02-18,46621,112571,49105366,36767327
2022-02-19,52534,100332,49157900,36867659
2022-02-20,31411,40362,49189311,36908021
2022-02-21,37885,89649,49227196,36997670
2022-02-22,37218,83774,49264414,37081444
2022-02-23,33392,79407,49297806,37160851
2022-02-24,32552,78160,49330358,37239011
2022-02-25,34758,90709,49365116,37329720
2022-02-26,39156,89132,49404272,37418852
2022-02-27,22545,35856,49426817,37454708
2022-02-28,28479,81689,49455296,37536397
2022-03-01,22720,53939,49478016,37590336
2022-03-02,21976,50650,49499992,37640986
2022-03-03,22616,54945,49522608,37695931
2022-03-04,23229,62795,49545837,37758726
2022-03-05,23797,57951,49569634,37816677
2022-03-06,9471,17200,49579105,37833877
2022-03-07,15914,51387,49595019,37885264
2022-03-08,15473,48794,49610492,37934058
2022-03-09,13811,46518,49624303,37980576
2022-03-10,14048,52117,49638351,38032693
2022-03-11,15582,57261,49653933,38089954
2022-03-12,15502,56617,49669435,38146571
2022-03-13,5543,16850,49674978,38163421
2022-03-14,10522,46697,49685500,38210118
2022-03-15,10539,46890,49696039,38257008
2022-03-16,9478,41973,49705517,38298981
2022-03-17,9714,44871,49715231,38343852
2022-03-18,10158,49054,49725389,38392906
2022-03-19,9148,46532,49734537,38439438
2022-03-20,2609,11701,49737146,38451139
2022-03-21,7578,40224,49744724,38491363
2022-03-22,8446,37758,49753170,38529121
2022-03-23,7213,33700,49760383,38562821
2022-03-24,8257,38799,49768640,38601620
2022-03-25,8135,43662,49776775,38645282
2022-03-26,8124,41721,49784899,38687003
2022-03-27,2429,9681,49787328,38696684
2022-03-28,6108,35237,49793436,38731921
2022-03-29,5774,32527,49799210,38764448
2022-03-30,5564,30202,49804774,38794650
2022-03-31,5891,33181,49810665,38827831
2022-04-01,4347,25187,49815012,38853018
2022-04-02,4493,23274,49819505,38876292
2022-04-03,1049,4500,49820554,38880792
2022-04-04,3656,21538,49824210,38902330
2022-04-05,3756,22929,49827966,38925259
2022-04-06,4101,21850,49832067,38947109
2022-04-07,3965,23320,49836032,38970429
2022-04-08,4691,26710,49840723,38997139
2022-04-09,4381,23884,49845104,39021023
2022-04-10,891,4614,49845995,39025637
2022-04-11,3814,22685,49849809,39048322
2022-04-12,3361,21776,49853170,39070098
2022-04-13,3563,21332,49856733,39091430
2022-04-14,3486,23786,49860219,39115216
2022-04-15,3084,20617,49863303,39135833
2022-04-16,2149,11918,49865452,39147751
2022-04-17,63,348,49865515,39148099
2022-04-18,151,650,49865666,39148749
2022-04-19,3497,21977,49869163,39170726
2022-04-20,3509,20249,49872672,39190975
2022-04-21,2844,19783,49875516,39210758
2022-04-22,2927,20697,49878443,39231455
2022-04-23,2642,16217,49881085,39247672
2022-04-24,509,2334,49881594,39250006
2022-04-25,183,1165,49881777,39251171
2022-04-26,2757,17801,49884534,39268972
2022-04-27,2372,15789,49886906,39284761
2022-04-28,2357,15557,49889263,39300318
2022-04-29,2293,14837,49891556,39315155
2022-04-30,2122,11578,49893678,39326733
2022-05-01,113,530,49893791,39327263
2022-05-02,1450,9389,49895241,39336652
2022-05-03,1575,10314,49896816,39346966
2022-05-04,1746,10260,49898562,39357226
2022-05-05,1652,10278,49900214,39367504
2022-05-06,1700,10952,49901914,39378456
2022-05-07,1431,8563,49903345,39387019
2022-05-08,418,1515,49903763,39388534
2022-05-09,1027,8918,49904790,39397452
2022-05-10,1422,9542,49906212,39406994
2022-05-11,1483,10091,49907695,39417085
2022-05-12,1369,10122,49909064,39427207
2022-05-13,1592,10511,49910656,39437718
2022-05-14,1356,8230,49912012,39445948
2022-05-15,336,1130,49912348,39447078
2022-05-16,813,8394,49913161,39455472
2022-05-17,1243,8677,49914404,39464149
2022-05-18,1374,9225,49915778,39473374
2022-05-19,1500,9272,49917278,39482646
2022-05-20,1422,9498,49918700,39492144
2022-05-21,1300,7893,49920000,39500037
2022-05-22,231,1012,49920231,39501049
2022-05-23,830,8262,49921061,39509311
2022-05-24,1073,8664,49922134,39517975
2022-05-25,1369,9446,49923503,39527421
2022-05-26,1195,9455,49924698,39536876
2022-05-27,1227,9912,49925925,39546788
2022-05-28,1203,7874,49927128,39554662
2022-05-29,286,1264,49927414,39555926
2022-05-30,930,8031,49928344,39563957
2022-05-31,1035,8532,49929379,39572489
2022-06-01,890,7644,49930269,39580133
2022-06-02,35,474,49930304,39580607
2022-06-03,817,7330,49931121,39587937
2022-06-04,870,5157,49931991,39593094
2022-06-05,89,586,49932080,39593680
2022-06-06,676,6986,49932756,39600666
2022-06-07,951,7842,49933707,39608508
2022-06-08,983,7901,49934690,39616409
2022-06-09,1037,8399,49935727,39624808
2022-06-10,958,8552,49936685,39633360
2022-06-11,903,6206,49937588,39639566
2022-06-12,140,767,49937728,39640333
2022-06-13,602,6296,49938330,39646629
2022-06-14,828,7883,49939158,39654512
2022-06-15,954,7844,49940112,39662356
2022-06-16,730,7390,49940842,39669746
2022-06-17,722,7242,49941564,39676988
2022-06-18,777,5589,49942341,39682577
2022-06-19,47,522,49942388,39683099
2022-06-20,587,6695,49942975,39689794
2022-06-21,735,7656,49943710,39697450
2022-06-22,780,7307,49944490,39704757
2022-06-23,651,7459,49945141,39712216
2022-06-24,643,7472,49945784,39719688
2022-06-25,835,6532,49946619,39726220
2022-06-26,128,523,49946747,39726743
2022-06-27,531,7123,49947278,39733866
2022-06-28,745,8195,49948023,39742061
2022-06-29,756,7723,49948779,39749784
2022-06-30,746,8131,49949525,39757915
2022-07-01,576,6438,49950101,39764353
2022-07-02,536,4767,49950637,39769120
2022-07-03,49,456,49950686,39769576
2022-07-04,469,6275,49951155,39775851
2022-07-05,628,8112,49951783,39783963
2022-07-06,632,7607,49952415,39791570
2022-07-07,570,8265,49952985,39799835
2022-07-08,671,8080,49953656,39807915
2022-07-09,550,6103,49954206,39814018
2022-07-10,58,533,49954264,39814551
2022-07-11,487,7639,49954751,39822190
2022-07-12,665,9028,49955416,39831218
2022-07-13,640,10062,49956056,39841280
2022-07-14,636,10219,49956692,39851499
2022-07-15,625,10664,49957317,39862163
2022-07-16,522,7209,49957839,39869372
2022-07-17,48,769,49957887,39870141
2022-07-18,497,9350,49958384,39879491
2022-07-19,573,10657,49958957,39890148
2022-07-20,578,11258,49959535,39901406
2022-07-21,627,12040,49960162,39913446
2022-07-22,583,11227,49960745,39924673
2022-07-23,379,6744,49961124,39931417
2022-07-24,76,834,49961200,39932251
2022-07-25,503,9033,49961703,39941284
2022-07-26,521,9727,49962224,39951011
2022-07-27,550,10160,49962774,39961171
2022-07-28,529,10482,49963303,39971653
2022-07-29,510,9427,49963813,39981080
2022-07-30,382,5853,49964195,39986933
2022-07-31,49,745,49964244,39987678
2022-08-01,386,6824,49964630,39994502
2022-08-02,540,7526,49965170,40002028
2022-08-03,511,7142,49965681,40009170
2022-08-04,454,7439,49966135,40016609
2022-08-05,419,6491,49966554,40023100
2022-08-06,298,3582,49966852,40026682
2022-08-07,44,551,49966896,40027233
2022-08-08,401,4874,49967297,40032107
2022-08-09,383,5269,49967680,40037376
2022-08-10,379,4789,49968059,40042165
2022-08-11,366,4757,49968425,40046922
2022-08-12,292,3699,49968717,40050621
2022-08-13,143,1597,49968860,40052218
2022-08-14,9,128,49968869,40052346
2022-08-15,1,26,49968870,40052372
2022-08-16,283,3028,49969153,40055400
2022-08-17,351,3512,49969504,40058912
2022-08-18,389,4142,49969893,40063054
2022-08-19,341,3309,49970234,40066363
2022-08-20,183,1710,49970417,40068073
2022-08-21,24,146,49970441,40068219
2022-08-22,329,2940,49970770,40071159
2022-08-23,371,3656,49971141,40074815
2022-08-24,383,3344,49971524,40078159
2022-08-25,420,3752,49971944,40081911
2022-08-26,397,3560,49972341,40085471
2022-08-27,235,1769,49972576,40087240
2022-08-28,29,260,49972605,40087500
2022-08-29,354,3148,49972959,40090648
2022-08-30,403,3645,49973362,40094293
2022-08-31,436,3716,49973798,40098009
2022-09-01,352,3098,49974150,40101107
2022-09-02,296,2882,49974446,40103989
2022-09-03,199,1684,49974645,40105673
2022-09-04,23,147,49974668,40105820
2022-09-05,186,2646,49974854,40108466
2022-09-06,302,2984,49975156,40111450
2022-09-07,541,2912,49975697,40114362
2022-09-08,289,2951,49975986,40117313
2022-09-09,301,2854,49976287,40120167
2022-09-10,227,1325,49976514,40121492
2022-09-11,21,123,49976535,40121615
2022-09-12,268,2246,49976803,40123861
2022-09-13,250,2267,49977053,40126128
2022-09-14,263,2554,49977316,40128682
2022-09-15,279,2480,49977595,40131162
2022-09-16,253,2532,49977848,40133694
2022-09-17,239,1339,49978087,40135033
2022-09-18,20,170,49978107,40135203
2022-09-19,205,1965,49978312,40137168
2022-09-20,236,2373,49978548,40139541
2022-09-21,289,2512,49978837,40142053
2022-09-22,260,2638,49979097,40144691
2022-09-23,256,2516,49979353,40147207
2022-09-24,193,1426,49979546,40148633
2022-09-25,28,134,49979574,40148767
2022-09-26,280,2239,49979854,40151006
2022-09-27,281,2638,49980135,40153644
2022-09-28,310,2874,49980445,40156518
2022-09-29,251,3029,49980696,40159547
2022-09-30,289,2964,49980985,40162511
2022-10-01,193,1505,49981178,40164016
2022-10-02,11,187,49981189,40164203
2022-10-03,180,2453,49981369,40166656
2022-10-04,233,2823,49981602,40169479
2022-10-05,223,3194,49981825,40172673
2022-10-06,239,3773,49982064,40176446
2022-10-07,282,4108,49982346,40180554
2022-10-08,198,2209,49982544,40182763
2022-10-09,8,287,49982552,40183050
2022-10-10,205,3301,49982757,40186351
2022-10-11,191,4262,49982948,40190613
2022-10-12,207,4361,49983155,40194974
2022-10-13,192,5204,49983347,40200178
2022-10-14,224,4923,49983571,40205101
2022-10-15,184,2574,49983755,40207675
2022-10-16,6,344,49983761,40208019
2022-10-17,185,3758,49983946,40211777
2022-10-18,251,4806,49984197,40216583
2022-10-19,228,5137,49984425,40221720
2022-10-20,229,5413,49984654,40227133