data_somministrazione,vaccinazioni,booster,cum_vaccinazioni,cum_booster
2020-12-27,22,0,22,0
2020-12-28,2,0,24,0
2020-12-29,1,0,25,0
2020-12-30,8,0,33,0
2020-12-31,81,0,114,0
2021-01-01,27,0,141,0
2021-01-02,150,0,291,0
2021-01-03,117,0,408,0
2021-01-04,248,0,656,0
2021-01-05,292,0,948,0
2021-01-06,265,0,1213,0
2021-01-07,333,0,1546,0
2021-01-08,388,0,1934,0
2021-01-09,296,0,2230,0
2021-01-10,173,0,2403,0
2021-01-11,314,0,2717,0
2021-01-12,294,0,3011,0
2021-01-13,428,0,3439,0
2021-01-14,509,0,3948,0
2021-01-15,329,0,4277,0
2021-01-16,225,0,4502,0
2021-01-17,3065,0,7567,0
2021-01-18,5221,0,12788,0
2021-01-19,1896,0,14684,0
2021-01-20,4660,0,19344,0
2021-01-21,20004,0,39348,0
2021-01-22,14220,0,53568,0
2021-01-23,33317,0,86885,0
2021-01-24,30774,0,117659,0
2021-01-25,64697,0,182356,0
2021-01-26,76454,0,258810,0
2021-01-27,64805,0,323615,0
2021-01-28,89242,0,412857,0
2021-01-29,93988,0,506845,0
2021-01-30,86538,0,593383,0
2021-01-31,57319,0,650702,0
2021-02-01,81833,0,732535,0
2021-02-02,82124,0,814659,0
2021-02-03,91097,0,905756,0
2021-02-04,95379,0,1001135,0
2021-02-05,90263,0,1091398,0
2021-02-06,63451,0,1154849,0
2021-02-07,32935,0,1187784,0
2021-02-08,40421,0,1228205,0
2021-02-09,32880,0,1261085,0
2021-02-10,28441,0,1289526,0
2021-02-11,20408,0,1309934,0
2021-02-12,16254,0,1326188,0
2021-02-13,7286,0,1333474,0
2021-02-14,2862,0,1336336,0
2021-02-15,6852,0,1343188,0
2021-02-16,7008,0,1350196,0
2021-02-17,10528,0,1360724,0
2021-02-18,9259,0,1369983,0
2021-02-19,8259,0,1378242,0
2021-02-20,5591,0,1383833,0
2021-02-21,3017,0,1386850,0
2021-02-22,6884,0,1393734,0
2021-02-23,7192,0,1400926,0
2021-02-24,9816,0,1410742,0
2021-02-25,14216,0,1424958,0
2021-02-26,17566,0,1442524,0
2021-02-27,13927,0,1456451,0
2021-02-28,9399,0,1465850,0
2021-03-01,26533,0,1492383,0
2021-03-02,33248,0,1525631,0
2021-03-03,44655,0,1570286,0
2021-03-04,50306,0,1620592,0
2021-03-05,55746,0,1676338,0
2021-03-06,41886,0,1718224,0
2021-03-07,22332,0,1740556,0
2021-03-08,50839,0,1791395,0
2021-03-09,53096,0,1844491,0
2021-03-10,58701,0,1903192,0
2021-03-11,63896,0,1967088,0
2021-03-12,65148,0,2032236,0
2021-03-13,51731,0,2083967,0
2021-03-14,35428,0,2119395,0
2021-03-15,73466,0,2192861,0
2021-03-16,74032,0,2266893,0
2021-03-17,83149,0,2350042,0
2021-03-18,81636,0,2431678,0
2021-03-19,81091,0,2512769,0
2021-03-20,64747,0,2577516,0
2021-03-21,47315,0,2624831,0
2021-03-22,69507,0,2694338,0
2021-03-23,75823,0,2770161,0
2021-03-24,90942,0,2861103,0
2021-03-25,89830,0,2950933,0
2021-03-26,83648,0,3034581,0
2021-03-27,71965,0,3106546,0
2021-03-28,44195,0,3150741,0
2021-03-29,70854,0,3221595,0
2021-03-30,81422,0,3303017,0
2021-03-31,96271,0,3399288,0
2021-04-01,95345,0,3494633,0
2021-04-02,84089,0,3578722,0
2021-04-03,64315,0,3643037,0
2021-04-04,21726,0,3664763,0
2021-04-05,40327,0,3705090,0
2021-04-06,81356,0,3786446,0
2021-04-07,95850,0,3882296,0
2021-04-08,95268,0,3977564,0
2021-04-09,88509,0,4066073,0
2021-04-10,74042,0,4140115,0
2021-04-11,44774,0,4184889,0
2021-04-12,66928,0,4251817,0
2021-04-13,72606,0,4324423,0
2021-04-14,85561,0,4409984,0
2021-04-15,105426,0,4515410,0
2021-04-16,106438,0,4621848,0
2021-04-17,90535,0,4712383,0
2021-04-18,58601,0,4770984,0
2021-04-19,93449,0,4864433,0
2021-04-20,103784,0,4968217,0
2021-04-21,125343,0,5093560,0
2021-04-22,143540,0,5237100,0
2021-04-23,138769,0,5375869,0
2021-04-24,124455,0,5500324,0
2021-04-25,61471,0,5561795,0
2021-04-26,97921,0,5659716,0
2021-04-27,128384,0,5788100,0
2021-04-28,156405,0,5944505,0
2021-04-29,195630,0,6140135,0
2021-04-30,214624,0,6354759,0
2021-05-01,174152,0,6528911,0
2021-05-02,135819,0,6664730,0
2021-05-03,142087,0,6806817,0
2021-05-04,158723,0,6965540,0
2021-05-05,170558,0,7136098,0
2021-05-06,197839,0,7333937,0
2021-05-07,213891,0,7547828,0
2021-05-08,213445,0,7761273,0
2021-05-09,143225,0,7904498,0
2021-05-10,165107,0,8069605,0
2021-05-11,175020,0,8244625,0
2021-05-12,179241,0,8423866,0
2021-05-13,203439,0,8627305,0
2021-05-14,222954,0,8850259,0
2021-05-15,210402,0,9060661,0
2021-05-16,159297,0,9219958,0
2021-05-17,219229,0,9439187,0
2021-05-18,213033,0,9652220,0
2021-05-19,207109,0,9859329,0
2021-05-20,270917,0,10130246,0
2021-05-21,270920,0,10401166,0
2021-05-22,245552,0,10646718,0
2021-05-23,197199,0,10843917,0
2021-05-24,228315,0,11072232,0
2021-05-25,245703,0,11317935,0
2021-05-26,277579,0,11595514,0
2021-05-27,311111,0,11906625,0
2021-05-28,299594,0,12206219,0
2021-05-29,231261,0,12437480,0
2021-05-30,170859,0,12608339,0
2021-05-31,216447,0,12824786,0
2021-06-01,207649,0,13032435,0
2021-06-02,115812,0,13148247,0
2021-06-03,180194,0,13328441,0
2021-06-04,184941,0,13513382,0
2021-06-05,186023,0,13699405,0
2021-06-06,139609,0,13839014,0
2021-06-07,161929,0,14000943,0
2021-06-08,171319,0,14172262,0
2021-06-09,171545,0,14343807,0
2021-06-10,174188,0,14517995,0
2021-06-11,170069,0,14688064,0
2021-06-12,128423,0,14816487,0
2021-06-13,91260,0,14907747,0
2021-06-14,214723,0,15122470,0
2021-06-15,228480,0,15350950,0
2021-06-16,253125,0,15604075,0
2021-06-17,301806,0,15905881,0
2021-06-18,306356,0,16212237,0
2021-06-19,275150,0,16487387,0
2021-06-20,220841,0,16708228,0
2021-06-21,288128,0,16996356,0
2021-06-22,296278,0,17292634,0
2021-06-23,302723,0,17595357,0
2021-06-24,332641,0,17927998,0
2021-06-25,348749,0,18276747,0
2021-06-26,300158,0,18576905,0
2021-06-27,228712,0,18805617,0
2021-06-28,307174,0,19112791,0
2021-06-29,329367,0,19442158,0
2021-06-30,342243,0,19784401,0
2021-07-01,363265,0,20147666,0
2021-07-02,368522,0,20516188,0
2021-07-03,371109,0,20887297,0
2021-07-04,283256,0,21170553,0
2021-07-05,384573,0,21555126,0
2021-07-06,385499,0,21940625,0
2021-07-07,412151,0,22352776,0
2021-07-08,479585,0,22832361,0
2021-07-09,498460,0,23330821,0
2021-07-10,475175,0,23805996,0
2021-07-11,357687,0,24163683,0
2021-07-12,485869,0,24649552,0
2021-07-13,492056,0,25141608,0
2021-07-14,480430,0,25622038,0
2021-07-15,523400,0,26145438,0
2021-07-16,509735,0,26655173,0
2021-07-17,464316,0,27119489,0
2021-07-18,364623,0,27484112,0
2021-07-19,463031,0,27947143,0
2021-07-20,458038,0,28405181,0
2021-07-21,462792,0,28867973,0
2021-07-22,475371,0,29343344,0
2021-07-23,441326,0,29784670,0
2021-07-24,386143,0,30170813,0
2021-07-25,287533,0,30458346,0
2021-07-26,430886,0,30889232,0
2021-07-27,440103,0,31329335,0
2021-07-28,391013,0,31720348,0
2021-07-29,372069,0,32092417,0
2021-07-30,341532,0,32433949,0
2021-07-31,287060,0,32721009,0
2021-08-01,190999,0,32912008,0
2021-08-02,333709,0,33245717,0
2021-08-03,323184,0,33568901,0
2021-08-04,311003,0,33879904,0
2021-08-05,292479,0,34172383,0
2021-08-06,260048,0,34432431,0
2021-08-07,199076,0,34631507,0
2021-08-08,153109,0,34784616,0
2021-08-09,234084,0,35018700,0
2021-08-10,205298,0,35223998,0
2021-08-11,193804,0,35417802,0
2021-08-12,168081,0,35585883,0
2021-08-13,148679,0,35734562,0
2021-08-14,66106,0,35800668,0
2021-08-15,26345,0,35827013,0
2021-08-16,114724,0,35941737,0
2021-08-17,129263,0,36071000,0
2021-08-18,128765,0,36199765,0
2021-08-19,124869,0,36324634,0
2021-08-20,123798,0,36448432,0
2021-08-21,83138,0,36531570,0
2021-08-22,68182,0,36599752,0
2021-08-23,176872,0,36776624,0
2021-08-24,156888,0,36933512,0
2021-08-25,177168,0,37110680,0
2021-08-26,172348,0,37283028,0
2021-08-27,185827,0,37468855,0
2021-08-28,140296,0,37609151,0
2021-08-29,98999,0,37708150,0
2021-08-30,209583,0,37917733,0
2021-08-31,194640,0,38112373,0
2021-09-01,192217,0,38304590,0
2021-09-02,189930,0,38494520,0
2021-09-03,191274,0,38685794,0
2021-09-04,131432,0,38817226,0
2021-09-05,87838,0,38905064,0
2021-09-06,193598,0,39098662,0
2021-09-07,196035,0,39294697,0
2021-09-08,187849,0,39482546,0
2021-09-09,201411,0,39683957,0
2021-09-10,198043,0,39882000,0
2021-09-11,141286,0,40023286,0
2021-09-12,89589,0,40112875,0
2021-09-13,191092,670,40303967,670
2021-09-14,177204,666,40481171,1336
2021-09-15,163079,659,40644250,1995
2021-09-16,160034,1018,40804284,3013
2021-09-17,150153,1178,40954437,4191
2021-09-18,127986,787,41082423,4978
2021-09-19,81141,514,41163564,5492
2021-09-20,180053,9144,41343617,14636
2021-09-21,166676,8867,41510293,23503
2021-09-22,159121,9470,41669414,32973
2021-09-23,138111,9364,41807525,42337
2021-09-24,140553,9023,41948078,51360
2021-09-25,119564,5681,42067642,57041
2021-09-26,71993,4371,42139635,61412
2021-09-27,135673,10094,42275308,71506
2021-09-28,117523,11439,42392831,82945
2021-09-29,112386,11857,42505217,94802
2021-09-30,110296,14990,42615513,109792
2021-10-01,95007,19145,42710520,128937
2021-10-02,78531,14048,42789051,142985
2021-10-03,47761,7672,42836812,150657
2021-10-04,88393,34491,42925205,185148
2021-10-05,80390,34023,43005595,219171
2021-10-06,72006,34223,43077601,253394
2021-10-07,71883,34382,43149484,287776
2021-10-08,80651,33630,43230135,321406
2021-10-09,76120,22203,43306255,343609
2021-10-10,45795,13632,43352050,357241
2021-10-11,87450,41138,43439500,398379
2021-10-12,84514,46941,43524014,445320
2021-10-13,88227,52176,43612241,497496
2021-10-14,91558,58565,43703799,556061
2021-10-15,93604,55689,43797403,611750
2021-10-16,82977,36835,43880380,648585
2021-10-17,51461,23864,43931841,672449
2021-10-18,90302,59530,44022143,731979
2021-10-19,78352,69426,44100495,801405
2021-10-20,75059,78217,44175554,879622
2021-10-21,78283,81826,44253837,961448
2021-10-22,73765,77093,44327602,1038541
2021-10-23,60839,51977,44388441,1090518
2021-10-24,33366,23486,44421807,1114004
2021-10-25,64896,81673,44486703,1195677
2021-10-26,58367,91851,44545070,1287528
2021-10-27,58317,104044,44603387,1391572
2021-10-28,61444,114167,44664831,1505739
2021-10-29,61619,103204,44726450,1608943
2021-10-30,50669,68165,44777119,1677108
2021-10-31,25158,28315,44802277,1705423
2021-11-01,19051,28159,44821328,1733582
2021-11-02,62739,89448,44884067,1823030
2021-11-03,60714,118709,44944781,1941739
2021-11-04,59239,126708,45004020,2068447
2021-11-05,63092,135235,45067112,2203682
2021-11-06,46495,90947,45113607,2294629
2021-11-07,22248,37908,45135855,2332537
2021-11-08,51520,131304,45187375,2463841
2021-11-09,45404,144238,45232779,2608079
2021-11-10,42594,156382,45275373,2764461
2021-11-11,44929,155184,45320302,2919645
2021-11-12,46302,158714,45366604,3078359
2021-11-13,33273,116683,45399877,3195042
2021-11-14,14490,52462,45414367,3247504
2021-11-15,36907,157449,45451274,3404953
2021-11-16,30567,171417,45481841,3576370
2021-11-17,28468,178470,45510309,3754840
2021-11-18,30296,193771,45540605,3948611
2021-11-19,28825,205889,45569430,4154500
2021-11-20,21013,156463,45590443,4310963
2021-11-21,10612,64871,45601055,4375834
2021-11-22,21960,213165,45623015,4588999
2021-11-23,23608,241805,45646623,4830804
2021-11-24,27770,271107,45674393,5101911
2021-11-25,23268,301954,45697661,5403865
2021-11-26,24599,318315,45722260,5722180
2021-11-27,21419,266177,45743679,5988357
2021-11-28,9911,137071,45753590,6125428
2021-11-29,22372,326081,45775962,6451509
2021-11-30,23122,365863,45799084,6817372
2021-12-01,21566,413548,45820650,7230920
2021-12-02,23802,440443,45844452,7671363
2021-12-03,25286,467546,45869738,8138909
2021-12-04,22394,418813,45892132,8557722
2021-12-05,11944,261369,45904076,8819091
2021-12-06,25853,457637,45929929,9276728
2021-12-07,24172,480314,45954101,9757042
2021-12-08,10034,249725,45964135,10006767
2021-12-09,31631,491969,45995766,10498736
2021-12-10,28112,517942,46023878,11016678
2021-12-11,23597,459287,46047475,11475965
2021-12-12,12328,293539,46059803,11769504
2021-12-13,26188,467665,46085991,12237169
2021-12-14,25213,494245,46111204,12731414
2021-12-15,25384,517191,46136588,13248605
2021-12-16,27941,520313,46164529,13768918
2021-12-17,29405,517230,46193934,14286148
2021-12-18,27117,468788,46221051,14754936
2021-12-19,15174,300547,46236225,15055483
2021-12-20,30685,477512,46266910,15532995
2021-12-21,30426,493452,46297336,16026447
2021-12-22,29496,484760,46326832,16511207
2021-12-23,28291,426973,46355123,16938180
2021-12-24,13129,210845,46368252,17149025
2021-12-25,2104,33053,46370356,17182078
2021-12-26,8784,159077,46379140,17341155
2021-12-27,46852,504704,46425992,17845859
2021-12-28,42512,554271,46468504,18400130
2021-12-29,34408,550688,46502912,18950818
2021-12-30,31906,499870,46534818,19450688
2021-12-31,14153,247410,46548971,19698098
2022-01-01,3503,64815,46552474,19762913
2022-01-02,22845,276727,46575319,20039640
2022-01-03,47969,520042,46623288,20559682
2022-01-04,46497,572107,46669785,21131789
2022-01-05,40868,560428,46710653,21692217
2022-01-06,23548,274489,46734201,21966706
2022-01-07,63820,554229,46798021,22520935
2022-01-08,61009,503427,46859030,23024362
2022-01-09,42983,319710,46902013,23344072
2022-01-10,61191,542332,46963204,23886404
2022-01-11,61883,587042,47025087,24473446
2022-01-12,58577,581317,47083664,25054763
2022-01-13,58733,580437,47142397,25635200
2022-01-14,46965,588625,47189362,26223825
2022-01-15,39617,570002,47228979,26793827
2022-01-16,31336,341898,47260315,27135725
2022-01-17,54867,489701,47315182,27625426
2022-01-18,58486,517059,47373668,28142485
2022-01-19,57286,502826,47430954,28645311
2022-01-20,54438,498864,47485392,29144175
2022-01-21,42198,493905,47527590,29638080
2022-01-22,31323,469624,47558913,30107704
2022-01-23,34990,275393,47593903,30383097
2022-01-24,56238,437256,47650141,30820353
2022-01-25,61610,452135,47711751,31272488
2022-01-26,58606,435851,47770357,31708339
2022-01-27,48904,432420,47819261,32140759
2022-01-28,58773,436568,47878034,32577327
2022-01-29,68201,412522,47946235,32989849
2022-01-30,50416,235993,47996651,33225842
2022-01-31,60728,356954,48057379,33582796
2022-02-01,65627,328472,48123006,33911268
2022-02-02,63258,297003,48186264,34208271
2022-02-03,60100,274542,48246364,34482813
2022-02-04,72417,268478,48318781,34751291
2022-02-05,83822,248560,48402603,34999851
2022-02-06,55309,116208,48457912,35116059
2022-02-07,65193,199949,48523105,35316008
2022-02-08,66960,186134,48590065,35502142
2022-02-09,58783,166356,48648848,35668498
2022-02-10,58605,163255,48707453,35831753
2022-02-11,62282,162482,48769735,35994235
2022-02-12,72018,152157,48841753,36146392
2022-02-13,41488,68859,48883241,36215251
2022-02-14,46713,116196,48929954,36331447
2022-02-15,48573,123482,48978527,36454929
2022-02-16,45702,106132,49024229,36561061
2022-02-17,42876,98128,49067105,36659189
2022-02-18,46638,112591,49113743,36771780
2022-02-19,52547,100342,49166290,36872122
2022-02-20,31417,40366,49197707,36912488
2022-02-21,37903,89660,49235610,37002148
2022-02-22,37228,83786,49272838,37085934
2022-02-23,33404,79407,49306242,37165341
2022-02-24,32563,78169,49338805,37243510
2022-02-25,34775,90714,49373580,37334224
2022-02-26,39164,89140,49412744,37423364
2022-02-27,22548,35859,49435292,37459223
2022-02-28,28491,81698,49463783,37540921
2022-03-01,22735,53944,49486518,37594865
2022-03-02,21936,50713,49508454,37645578
2022-03-03,22641,54947,49531095,37700525
2022-03-04,23244,62803,49554339,37763328
2022-03-05,23805,57953,49578144,37821281
2022-03-06,9473,17201,49587617,37838482
2022-03-07,15928,51391,49603545,37889873
2022-03-08,15481,48797,49619026,37938670
2022-03-09,13815,46518,49632841,37985188
2022-03-10,14061,52128,49646902,38037316
2022-03-11,15594,57275,49662496,38094591
2022-03-12,15514,56620,49678010,38151211
2022-03-13,5545,16852,49683555,38168063
2022-03-14,10528,46703,49694083,38214766
2022-03-15,10555,46895,49704638,38261661
2022-03-16,9486,41979,49714124,38303640
2022-03-17,9727,44877,49723851,38348517
2022-03-18,10164,49059,49734015,38397576
2022-03-19,9152,46541,49743167,38444117
2022-03-20,2608,11704,49745775,38455821
2022-03-21,7587,40233,49753362,38496054
2022-03-22,8448,37769,49761810,38533823
2022-03-23,7221,33701,49769031,38567524
2022-03-24,8261,38821,49777292,38606345
2022-03-25,8145,43672,49785437,38650017
2022-03-26,8129,41722,49793566,38691739
2022-03-27,2432,9683,49795998,38701422
2022-03-28,6113,35245,49802111,38736667
2022-03-29,5783,32532,49807894,38769199
2022-03-30,5567,30205,49813461,38799404
2022-03-31,5906,33186,49819367,38832590
2022-04-01,4351,25189,49823718,38857779
2022-04-02,4498,23275,49828216,38881054
2022-04-03,1049,4500,49829265,38885554
2022-04-04,3662,21547,49832927,38907101
2022-04-05,3759,22938,49836686,38930039
2022-04-06,4105,21853,49840791,38951892
2022-04-07,3970,23321,49844761,38975213
2022-04-08,4696,26716,49849457,39001929
2022-04-09,4382,23889,49853839,39025818
2022-04-10,893,4613,49854732,39030431
2022-04-11,3820,22689,49858552,39053120
2022-04-12,3364,21780,49861916,39074900
2022-04-13,3574,21337,49865490,39096237
2022-04-14,3487,23789,49868977,39120026
2022-04-15,3086,20621,49872063,39140647
2022-04-16,2152,11918,49874215,39152565
2022-04-17,63,348,49874278,39152913
2022-04-18,152,650,49874430,39153563
2022-04-19,3500,21988,49877930,39175551
2022-04-20,3513,20250,49881443,39195801
2022-04-21,2848,19793,49884291,39215594
2022-04-22,2928,20714,49887219,39236308
2022-04-23,2648,16222,49889867,39252530
2022-04-24,509,2334,49890376,39254864
2022-04-25,183,1165,49890559,39256029
2022-04-26,2761,17813,49893320,39273842
2022-04-27,2375,15795,49895695,39289637
2022-04-28,2363,15567,49898058,39305204
2022-04-29,2298,14850,49900356,39320054
2022-04-30,2123,11585,49902479,39331639
2022-05-01,113,531,49902592,39332170
2022-05-02,1451,9394,49904043,39341564
2022-05-03,1577,10326,49905620,39351890
2022-05-04,1747,10276,49907367,39362166
2022-05-05,1654,10301,49909021,39372467
2022-05-06,1702,10972,49910723,39383439
2022-05-07,1431,8574,49912154,39392013
2022-05-08,417,1526,49912571,39393539
2022-05-09,1028,8935,49913599,39402474
2022-05-10,1427,9554,49915026,39412028
2022-05-11,1485,10109,49916511,39422137
2022-05-12,1371,10137,49917882,39432274
2022-05-13,1595,10527,49919477,39442801
2022-05-14,1361,8248,49920838,39451049
2022-05-15,336,1138,49921174,39452187
2022-05-16,814,8409,49921988,39460596
2022-05-17,1244,8707,49923232,39469303
2022-05-18,1373,9256,49924605,39478559
2022-05-19,1501,9287,49926106,39487846
2022-05-20,1426,9535,49927532,39497381
2022-05-21,1302,7902,49928834,39505283
2022-05-22,231,1013,49929065,39506296
2022-05-23,830,8274,49929895,39514570
2022-05-24,1073,8673,49930968,39523243
2022-05-25,1372,9460,49932340,39532703
2022-05-26,1198,9480,49933538,39542183
2022-05-27,1232,9917,49934770,39552100
2022-05-28,1205,7890,49935975,39559990
2022-05-29,288,1265,49936263,39561255
2022-05-30,931,8058,49937194,39569313
2022-05-31,1039,8549,49938233,39577862
2022-06-01,895,7657,49939128,39585519
2022-06-02,35,474,49939163,39585993
2022-06-03,817,7334,49939980,39593327
2022-06-04,870,5162,49940850,39598489
2022-06-05,88,586,49940938,39599075
2022-06-06,679,7004,49941617,39606079
2022-06-07,952,7850,49942569,39613929
2022-06-08,981,7906,49943550,39621835
2022-06-09,1037,8418,49944587,39630253
2022-06-10,958,8563,49945545,39638816
2022-06-11,904,6206,49946449,39645022
2022-06-12,140,768,49946589,39645790
2022-06-13,602,6301,49947191,39652091
2022-06-14,832,7904,49948023,39659995
2022-06-15,960,7856,49948983,39667851
2022-06-16,733,7398,49949716,39675249
2022-06-17,723,7248,49950439,39682497
2022-06-18,778,5596,49951217,39688093
2022-06-19,49,521,49951266,39688614
2022-06-20,587,6699,49951853,39695313
2022-06-21,741,7664,49952594,39702977
2022-06-22,779,7313,49953373,39710290
2022-06-23,648,7472,49954021,39717762
2022-06-24,644,7474,49954665,39725236
2022-06-25,835,6533,49955500,39731769
2022-06-26,128,523,49955628,39732292
2022-06-27,534,7126,49956162,39739418
2022-06-28,748,8207,49956910,39747625
2022-06-29,756,7733,49957666,39755358
2022-06-30,747,8145,49958413,39763503
2022-07-01,577,6443,49958990,39769946
2022-07-02,536,4769,49959526,39774715
2022-07-03,49,456,49959575,39775171
2022-07-04,469,6278,49960044,39781449
2022-07-05,631,8122,49960675,39789571
2022-07-06,634,7611,49961309,39797182
2022-07-07,576,8273,49961885,39805455
2022-07-08,677,8086,49962562,39813541
2022-07-09,550,6105,49963112,39819646
2022-07-10,58,533,49963170,39820179
2022-07-11,493,7642,49963663,39827821
2022-07-12,669,9030,49964332,39836851
2022-07-13,645,10067,49964977,39846918
2022-07-14,637,10225,49965614,39857143
2022-07-15,627,10674,49966241,39867817
2022-07-16,523,7215,49966764,39875032
2022-07-17,48,770,49966812,39875802
2022-07-18,496,9375,49967308,39885177
2022-07-19,576,10684,49967884,39895861
2022-07-20,582,11277,49968466,39907138
2022-07-21,631,12093,49969097,39919231
2022-07-22,584,11262,49969681,39930493
2022-07-23,381,6775,49970062,39937268
2022-07-24,76,857,49970138,39938125
2022-07-25,504,9055,49970642,39947180
2022-07-26,522,9764,49971164,39956944
2022-07-27,554,10210,49971718,39967154
2022-07-28,532,10535,49972250,39977689
2022-07-29,511,9466,49972761,39987155
2022-07-30,383,5883,49973144,39993038
2022-07-31,49,764,49973193,39993802
2022-08-01,386,6865,49973579,40000667
2022-08-02,548,7590,49974127,40008257
2022-08-03,513,7179,49974640,40015436
2022-08-04,455,7493,49975095,40022929
2022-08-05,421,6527,49975516,40029456
2022-08-06,300,3613,49975816,40033069
2022-08-07,44,563,49975860,40033632
2022-08-08,403,4890,49976263,40038522
2022-08-09,381,5313,49976644,40043835
2022-08-10,385,4816,49977029,40048651
2022-08-11,369,4804,49977398,40053455
2022-08-12,294,3719,49977692,40057174
2022-08-13,143,1600,49977835,40058774
2022-08-14,9,129,49977844,40058903
2022-08-15,1,26,49977845,40058929
2022-08-16,283,3043,49978128,40061972
2022-08-17,352,3536,49978480,40065508
2022-08-18,394,4160,49978874,40069668
2022-08-19,341,3319,49979215,40072987
2022-08-20,183,1715,49979398,40074702
2022-08-21,24,149,49979422,40074851
2022-08-22,330,2952,49979752,40077803
2022-08-23,370,3674,49980122,40081477
2022-08-24,384,3360,49980506,40084837
2022-08-25,423,3773,49980929,40088610
2022-08-26,400,3574,49981329,40092184
2022-08-27,237,1770,49981566,40093954
2022-08-28,29,267,49981595,40094221
2022-08-29,354,3161,49981949,40097382
2022-08-30,405,3672,49982354,40101054
2022-08-31,438,3734,49982792,40104788
2022-09-01,353,3116,49983145,40107904
2022-09-02,297,2894,49983442,40110798
2022-09-03,200,1689,49983642,40112487
2022-09-04,24,149,49983666,40112636
2022-09-05,187,2656,49983853,40115292
2022-09-06,306,2984,49984159,40118276
2022-09-07,542,2936,49984701,40121212
2022-09-08,293,2963,49984994,40124175
2022-09-09,307,2886,49985301,40127061
2022-09-10,228,1326,49985529,40128387
2022-09-11,23,124,49985552,40128511
2022-09-12,267,2269,49985819,40130780
2022-09-13,253,2277,49986072,40133057
2022-09-14,266,2566,49986338,40135623
2022-09-15,282,2501,49986620,40138124
2022-09-16,256,2546,49986876,40140670
2022-09-17,239,1339,49987115,40142009
2022-09-18,20,170,49987135,40142179
2022-09-19,206,1971,49987341,40144150
2022-09-20,235,2392,49987576,40146542
2022-09-21,289,2526,49987865,40149068
2022-09-22,267,2663,49988132,40151731
2022-09-23,259,2545,49988391,40154276
2022-09-24,193,1427,49988584,40155703
2022-09-25,29,133,49988613,40155836
2022-09-26,280,2248,49988893,40158084
2022-09-27,287,2683,49989180,40160767
2022-09-28,310,2906,49989490,40163673
2022-09-29,257,3049,49989747,40166722
2022-09-30,292,2989,49990039,40169711
2022-10-01,195,1515,49990234,40171226
2022-10-02,12,187,49990246,40171413
2022-10-03,185,2475,49990431,40173888
2022-10-04,236,2862,49990667,40176750
2022-10-05,228,3253,49990895,40180003
2022-10-06,243,3874,49991138,40183877
2022-10-07,283,4189,49991421,40188066
2022-10-08,204,2270,49991625,40190336
2022-10-09,8,305,49991633,40190641
2022-10-10,214,3357,49991847,40193998
2022-10-11,194,4379,49992041,40198377
2022-10-12,207,4441,49992248,40202818
2022-10-13,204,5304,49992452,40208122
2022-10-14,233,5026,49992685,40213148
2022-10-15,191,2671,49992876,40215819
2022-10-16,6,360,49992882,40216179
2022-10-17,186,3875,49993068,40220054
2022-10-18,256,4967,49993324,40225021
2022-10-19,244,5478,49993568,40230499
2022-10-20,224,5998,49993792,40236497
2022-10-21,250,5477,49994042,40241974
2022-10-22,195,2911,49994237,40244885
2022-10-23,13,364,49994250,40245249
2022-10-24,171,3931,49994421,40249180
2022-10-25,254,4927,49994675,40254107
2022-10-26,347,5503,49995022,40259610
2022-10-27,241,5672,49995263,40265282
2022-10-28,200,5263,49995463,40270545
2022-10-29,128,2844,49995591,40273389
2022-10-30,3,328,49995594,40273717
2022-10-31,117,3042,49995711,40276759
2022-11-01,11,353,49995722,40277112
2022-11-02,146,3723,49995868,40280835
2022-11-03,172,4790,49996040,40285625
2022-11-04,227,4602,49996267,40290227
2022-11-05,144,2598,49996411,40292825
2022-11-06,10,261,49996421,40293086
2022-11-07,169,3225,49996590,40296311
2022-11-08,260,4254,49996850,40300565
2022-11-09,197,4331,49997047,40304896
2022-11-10,183,4598,49997230,40309494
2022-11-11,193,4226,49997423,40313720
2022-11-12,158,2378,49997581,40316098
2022-11-13,7,338,49997588,40316436
2022-11-14,150,2838,49997738,40319274
2022-11-15,202,3748,49997940,40323022
2022-11-16,217,3997,49998157,40327019
2022-11-17,192,4107,49998349,40331126
2022-11-18,246,4034,49998595,40335160
2022-11-19,113,2106,49998708,40337266
2022-11-20,24,317,49998732,40337583
2022-11-21,119,2621,49998851,40340204
2022-11-22,143,3217,49998994,40343421
2022-11-23,191,3625,49999185,40347046
2022-11-24,158,3844,49999343,40350890
2022-11-25,184,3785,49999527,40354675
2022-11-26,133,2093,49999660,40356768
2022-11-27,22,356,49999682,40357124
2022-11-28,182,2687,49999864,40359811
2022-11-29,257,3231,50000121,40363042
2022-11-30,182,3737,50000303,40366779
2022-12-01,151,3627,50000454,40370406
2022-12-02,158,3531,50000612,40373937
2022-12-03,106,1969,50000718,40375906
2022-12-04,5,290,50000723,40376196
2022-12-05,130,2855,50000853,40379051
2022-12-06,177,3658,50001030,40382709
2022-12-07,136,3137,50001166,40385846
2022-12-08,8,169,50001174,40386015
2022-12-09,161,3036,50001335,40389051
2022-12-10,78,1607,50001413,40390658
2022-12-11,7,193,50001420,40390851
2022-12-12,171,2535,50001591,40393386
2022-12-13,253,3055,50001844,40396441
2022-12-14,228,3225,50002072,40399666
2022-12-15,205,3276,50002277,40402942
2022-12-16,161,3180,50002438,40406122
2022-12-17,95,1690,50002533,40407812
2022-12-18,10,270,50002543,40408082
2022-12-19,143,2165,50002686,40410247
2022-12-20,211,2516,50002897,40412763
2022-12-21,157,2246,50003054,40415009
2022-12-22,141,1873,50003195,40416882
2022-12-23,151,1216,50003346,40418098
2022-12-24,32,160,50003378,40418258
2022-12-25,0,6,50003378,40418264
2022-12-26,6,41,50003384,40418305
2022-12-27,132,1555,50003516,40419860
2022-12-28,132,1774,50003648,40421634
2022-12-29,93,1700,50003741,40423334
2022-12-30,116,1609,50003857,40424943
2022-12-31,21,275,50003878,40425218
2023-01-01,0,6,50003878,40425224
2023-01-02,47,1120,50003925,40426344
2023-01-03,97,1888,50004022,40428232
2023-01-04,108,1983,50004130,40430215
2023-01-05,95,1890,50004225,40432105
2023-01-06,0,68,50004225,40432173
2023-01-07,51,674,50004276,40432847
2023-01-08,2,96,50004278,40432943
2023-01-09,126,1348,50004404,40434291