data_somministrazione,vaccinazioni,booster,cum_vaccinazioni,cum_booster
2020-12-27,20,0,20,0
2020-12-28,2,0,22,0
2020-12-29,1,0,23,0
2020-12-30,8,0,31,0
2020-12-31,72,0,103,0
2021-01-01,23,0,126,0
2021-01-02,125,0,251,0
2021-01-03,87,0,338,0
2021-01-04,212,0,550,0
2021-01-05,254,0,804,0
2021-01-06,218,0,1022,0
2021-01-07,303,0,1325,0
2021-01-08,350,0,1675,0
2021-01-09,260,0,1935,0
2021-01-10,157,0,2092,0
2021-01-11,280,0,2372,0
2021-01-12,270,0,2642,0
2021-01-13,399,0,3041,0
2021-01-14,484,0,3525,0
2021-01-15,302,0,3827,0
2021-01-16,213,0,4040,0
2021-01-17,3060,0,7100,0
2021-01-18,5211,0,12311,0
2021-01-19,1893,0,14204,0
2021-01-20,4655,0,18859,0
2021-01-21,19998,0,38857,0
2021-01-22,14206,0,53063,0
2021-01-23,33319,0,86382,0
2021-01-24,30782,0,117164,0
2021-01-25,64723,0,181887,0
2021-01-26,76491,0,258378,0
2021-01-27,64825,0,323203,0
2021-01-28,89274,0,412477,0
2021-01-29,94012,0,506489,0
2021-01-30,86558,0,593047,0
2021-01-31,57329,0,650376,0
2021-02-01,81856,0,732232,0
2021-02-02,82142,0,814374,0
2021-02-03,91192,0,905566,0
2021-02-04,95395,0,1000961,0
2021-02-05,90272,0,1091233,0
2021-02-06,63444,0,1154677,0
2021-02-07,32929,0,1187606,0
2021-02-08,40427,0,1228033,0
2021-02-09,32866,0,1260899,0
2021-02-10,28422,0,1289321,0
2021-02-11,20398,0,1309719,0
2021-02-12,16237,0,1325956,0
2021-02-13,7268,0,1333224,0
2021-02-14,2861,0,1336085,0
2021-02-15,6840,0,1342925,0
2021-02-16,6998,0,1349923,0
2021-02-17,10522,0,1360445,0
2021-02-18,9252,0,1369697,0
2021-02-19,8246,0,1377943,0
2021-02-20,5560,0,1383503,0
2021-02-21,2999,0,1386502,0
2021-02-22,6884,0,1393386,0
2021-02-23,7168,0,1400554,0
2021-02-24,9831,0,1410385,0
2021-02-25,14211,0,1424596,0
2021-02-26,17555,0,1442151,0
2021-02-27,13910,0,1456061,0
2021-02-28,9388,0,1465449,0
2021-03-01,26517,0,1491966,0
2021-03-02,33238,0,1525204,0
2021-03-03,44644,0,1569848,0
2021-03-04,50291,0,1620139,0
2021-03-05,55731,0,1675870,0
2021-03-06,41870,0,1717740,0
2021-03-07,22323,0,1740063,0
2021-03-08,50823,0,1790886,0
2021-03-09,53072,0,1843958,0
2021-03-10,58649,0,1902607,0
2021-03-11,63862,0,1966469,0
2021-03-12,65109,0,2031578,0
2021-03-13,51718,0,2083296,0
2021-03-14,35396,0,2118692,0
2021-03-15,73440,0,2192132,0
2021-03-16,74028,0,2266160,0
2021-03-17,83132,0,2349292,0
2021-03-18,81622,0,2430914,0
2021-03-19,81082,0,2511996,0
2021-03-20,64721,0,2576717,0
2021-03-21,47296,0,2624013,0
2021-03-22,69477,0,2693490,0
2021-03-23,75799,0,2769289,0
2021-03-24,90913,0,2860202,0
2021-03-25,89799,0,2950001,0
2021-03-26,83621,0,3033622,0
2021-03-27,71938,0,3105560,0
2021-03-28,44145,0,3149705,0
2021-03-29,70824,0,3220529,0
2021-03-30,81384,0,3301913,0
2021-03-31,96237,0,3398150,0
2021-04-01,95308,0,3493458,0
2021-04-02,84072,0,3577530,0
2021-04-03,64305,0,3641835,0
2021-04-04,21719,0,3663554,0
2021-04-05,40310,0,3703864,0
2021-04-06,81312,0,3785176,0
2021-04-07,95830,0,3881006,0
2021-04-08,95234,0,3976240,0
2021-04-09,88488,0,4064728,0
2021-04-10,74030,0,4138758,0
2021-04-11,44762,0,4183520,0
2021-04-12,66918,0,4250438,0
2021-04-13,72573,0,4323011,0
2021-04-14,85538,0,4408549,0
2021-04-15,105417,0,4513966,0
2021-04-16,106416,0,4620382,0
2021-04-17,90514,0,4710896,0
2021-04-18,58590,0,4769486,0
2021-04-19,93430,0,4862916,0
2021-04-20,103768,0,4966684,0
2021-04-21,125340,0,5092024,0
2021-04-22,143518,0,5235542,0
2021-04-23,138738,0,5374280,0
2021-04-24,124444,0,5498724,0
2021-04-25,61456,0,5560180,0
2021-04-26,97894,0,5658074,0
2021-04-27,128361,0,5786435,0
2021-04-28,156369,0,5942804,0
2021-04-29,195595,0,6138399,0
2021-04-30,214576,0,6352975,0
2021-05-01,174115,0,6527090,0
2021-05-02,135803,0,6662893,0
2021-05-03,142037,0,6804930,0
2021-05-04,158695,0,6963625,0
2021-05-05,170499,0,7134124,0
2021-05-06,197808,0,7331932,0
2021-05-07,213845,0,7545777,0
2021-05-08,213410,0,7759187,0
2021-05-09,143200,0,7902387,0
2021-05-10,165088,0,8067475,0
2021-05-11,174987,0,8242462,0
2021-05-12,179182,0,8421644,0
2021-05-13,203384,0,8625028,0
2021-05-14,222912,0,8847940,0
2021-05-15,210358,0,9058298,0
2021-05-16,159272,0,9217570,0
2021-05-17,219192,0,9436762,0
2021-05-18,213017,0,9649779,0
2021-05-19,207085,0,9856864,0
2021-05-20,270861,0,10127725,0
2021-05-21,270887,0,10398612,0
2021-05-22,245524,0,10644136,0
2021-05-23,197178,0,10841314,0
2021-05-24,228304,0,11069618,0
2021-05-25,245694,0,11315312,0
2021-05-26,277491,0,11592803,0
2021-05-27,311084,0,11903887,0
2021-05-28,299571,0,12203458,0
2021-05-29,231219,0,12434677,0
2021-05-30,170840,0,12605517,0
2021-05-31,216421,0,12821938,0
2021-06-01,207631,0,13029569,0
2021-06-02,115789,0,13145358,0
2021-06-03,180137,0,13325495,0
2021-06-04,184876,0,13510371,0
2021-06-05,185956,0,13696327,0
2021-06-06,139548,0,13835875,0
2021-06-07,161869,0,13997744,0
2021-06-08,171215,0,14168959,0
2021-06-09,171473,0,14340432,0
2021-06-10,174093,0,14514525,0
2021-06-11,169972,0,14684497,0
2021-06-12,128322,0,14812819,0
2021-06-13,91183,0,14904002,0
2021-06-14,214674,0,15118676,0
2021-06-15,228418,0,15347094,0
2021-06-16,253073,0,15600167,0
2021-06-17,301732,0,15901899,0
2021-06-18,306295,0,16208194,0
2021-06-19,275085,0,16483279,0
2021-06-20,220777,0,16704056,0
2021-06-21,288075,0,16992131,0
2021-06-22,296218,0,17288349,0
2021-06-23,302688,0,17591037,0
2021-06-24,332592,0,17923629,0
2021-06-25,348710,0,18272339,0
2021-06-26,300120,0,18572459,0
2021-06-27,228662,0,18801121,0
2021-06-28,307089,0,19108210,0
2021-06-29,329282,0,19437492,0
2021-06-30,342163,0,19779655,0
2021-07-01,363205,0,20142860,0
2021-07-02,368466,0,20511326,0
2021-07-03,371089,0,20882415,0
2021-07-04,283210,0,21165625,0
2021-07-05,384544,0,21550169,0
2021-07-06,385465,0,21935634,0
2021-07-07,412119,0,22347753,0
2021-07-08,479613,0,22827366,0
2021-07-09,498479,0,23325845,0
2021-07-10,475186,0,23801031,0
2021-07-11,357699,0,24158730,0
2021-07-12,485901,0,24644631,0
2021-07-13,492121,0,25136752,0
2021-07-14,480468,0,25617220,0
2021-07-15,523463,0,26140683,0
2021-07-16,509762,0,26650445,0
2021-07-17,464350,0,27114795,0
2021-07-18,364655,0,27479450,0
2021-07-19,463060,0,27942510,0
2021-07-20,458063,0,28400573,0
2021-07-21,462793,0,28863366,0
2021-07-22,475393,0,29338759,0
2021-07-23,441317,0,29780076,0
2021-07-24,386169,0,30166245,0
2021-07-25,287562,0,30453807,0
2021-07-26,430876,0,30884683,0
2021-07-27,440129,0,31324812,0
2021-07-28,391013,0,31715825,0
2021-07-29,372078,0,32087903,0
2021-07-30,341510,0,32429413,0
2021-07-31,287025,0,32716438,0
2021-08-01,191001,0,32907439,0
2021-08-02,333712,0,33241151,0
2021-08-03,323191,0,33564342,0
2021-08-04,310976,0,33875318,0
2021-08-05,292503,0,34167821,0
2021-08-06,260007,0,34427828,0
2021-08-07,199046,0,34626874,0
2021-08-08,153111,0,34779985,0
2021-08-09,234067,0,35014052,0
2021-08-10,205247,0,35219299,0
2021-08-11,193766,0,35413065,0
2021-08-12,168025,0,35581090,0
2021-08-13,148632,0,35729722,0
2021-08-14,66093,0,35795815,0
2021-08-15,26338,0,35822153,0
2021-08-16,114698,0,35936851,0
2021-08-17,129243,0,36066094,0
2021-08-18,128748,0,36194842,0
2021-08-19,124812,0,36319654,0
2021-08-20,123795,0,36443449,0
2021-08-21,83128,0,36526577,0
2021-08-22,68172,0,36594749,0
2021-08-23,176872,0,36771621,0
2021-08-24,156897,0,36928518,0
2021-08-25,177172,0,37105690,0
2021-08-26,172358,0,37278048,0
2021-08-27,185837,0,37463885,0
2021-08-28,140274,0,37604159,0
2021-08-29,98993,0,37703152,0
2021-08-30,209605,0,37912757,0
2021-08-31,194637,0,38107394,0
2021-09-01,192207,0,38299601,0
2021-09-02,189932,0,38489533,0
2021-09-03,191305,0,38680838,0
2021-09-04,131468,0,38812306,0
2021-09-05,87857,0,38900163,0
2021-09-06,193632,0,39093795,0
2021-09-07,196041,0,39289836,0
2021-09-08,187884,0,39477720,0
2021-09-09,201449,0,39679169,0
2021-09-10,198079,0,39877248,0
2021-09-11,141305,0,40018553,0
2021-09-12,89600,0,40108153,0
2021-09-13,191135,592,40299288,592
2021-09-14,177235,608,40476523,1200
2021-09-15,163099,612,40639622,1812
2021-09-16,160079,955,40799701,2767
2021-09-17,150169,1135,40949870,3902
2021-09-18,127983,751,41077853,4653
2021-09-19,81135,499,41158988,5152
2021-09-20,180078,9095,41339066,14247
2021-09-21,166649,8843,41505715,23090
2021-09-22,159086,9447,41664801,32537
2021-09-23,138077,9339,41802878,41876
2021-09-24,140541,8976,41943419,50852
2021-09-25,119556,5651,42062975,56503
2021-09-26,71968,4350,42134943,60853
2021-09-27,135654,10059,42270597,70912
2021-09-28,117508,11401,42388105,82313
2021-09-29,112354,11834,42500459,94147
2021-09-30,110250,14961,42610709,109108
2021-10-01,94986,19119,42705695,128227
2021-10-02,78502,14030,42784197,142257
2021-10-03,47745,7663,42831942,149920
2021-10-04,88375,34465,42920317,184385
2021-10-05,80370,33992,43000687,218377
2021-10-06,71997,34183,43072684,252560
2021-10-07,71859,34360,43144543,286920
2021-10-08,80632,33600,43225175,320520
2021-10-09,76100,22183,43301275,342703
2021-10-10,45777,13620,43347052,356323
2021-10-11,87435,41115,43434487,397438
2021-10-12,84498,46917,43518985,444355
2021-10-13,88197,52130,43607182,496485
2021-10-14,91548,58526,43698730,555011
2021-10-15,93600,55643,43792330,610654
2021-10-16,82965,36799,43875295,647453
2021-10-17,51461,23840,43926756,671293
2021-10-18,90303,59495,44017059,730788
2021-10-19,78346,69387,44095405,800175
2021-10-20,75067,78186,44170472,878361
2021-10-21,78294,81775,44248766,960136
2021-10-22,73784,77046,44322550,1037182
2021-10-23,60827,51963,44383377,1089145
2021-10-24,33374,23466,44416751,1112611
2021-10-25,64906,81640,44481657,1194251
2021-10-26,58370,91813,44540027,1286064
2021-10-27,58332,103997,44598359,1390061
2021-10-28,61460,114125,44659819,1504186
2021-10-29,61642,103148,44721461,1607334
2021-10-30,50676,68124,44772137,1675458
2021-10-31,25161,28300,44797298,1703758
2021-11-01,19047,28152,44816345,1731910
2021-11-02,62746,89400,44879091,1821310
2021-11-03,60728,118673,44939819,1939983
2021-11-04,59247,126679,44999066,2066662
2021-11-05,63094,135195,45062160,2201857
2021-11-06,46483,90933,45108643,2292790
2021-11-07,22253,37897,45130896,2330687
2021-11-08,51531,131278,45182427,2461965
2021-11-09,45397,144217,45227824,2606182
2021-11-10,42583,156360,45270407,2762542
2021-11-11,44935,155142,45315342,2917684
2021-11-12,46377,158587,45361719,3076271
2021-11-13,33262,116658,45394981,3192929
2021-11-14,14489,52454,45409470,3245383
2021-11-15,36900,157437,45446370,3402820
2021-11-16,30559,171386,45476929,3574206
2021-11-17,28465,178446,45505394,3752652
2021-11-18,30281,193736,45535675,3946388
2021-11-19,28810,205861,45564485,4152249
2021-11-20,20999,156453,45585484,4308702
2021-11-21,10611,64860,45596095,4373562
2021-11-22,21944,213155,45618039,4586717
2021-11-23,23579,241761,45641618,4828478
2021-11-24,27846,270969,45669464,5099447
2021-11-25,23240,301918,45692704,5401365
2021-11-26,24585,318275,45717289,5719640
2021-11-27,21386,266156,45738675,5985796
2021-11-28,9903,137059,45748578,6122855
2021-11-29,22339,326076,45770917,6448931
2021-11-30,23102,365824,45794019,6814755
2021-12-01,21528,413520,45815547,7228275
2021-12-02,23773,440416,45839320,7668691
2021-12-03,25267,467483,45864587,8136174
2021-12-04,22377,418760,45886964,8554934
2021-12-05,11933,261349,45898897,8816283
2021-12-06,25822,457595,45924719,9273878
2021-12-07,24144,480269,45948863,9754147
2021-12-08,10008,249698,45958871,10003845
2021-12-09,31593,491941,45990464,10495786
2021-12-10,28078,517895,46018542,11013681
2021-12-11,23573,459259,46042115,11472940
2021-12-12,12309,293514,46054424,11766454
2021-12-13,26162,467639,46080586,12234093
2021-12-14,25177,494217,46105763,12728310
2021-12-15,25343,517159,46131106,13245469
2021-12-16,27893,520267,46158999,13765736
2021-12-17,29368,517188,46188367,14282924
2021-12-18,27073,468740,46215440,14751664
2021-12-19,15156,300532,46230596,15052196
2021-12-20,30644,477492,46261240,15529688
2021-12-21,30392,493393,46291632,16023081
2021-12-22,29458,484718,46321090,16507799
2021-12-23,28263,426916,46349353,16934715
2021-12-24,13115,210835,46362468,17145550
2021-12-25,2103,33053,46364571,17178603
2021-12-26,8765,159071,46373336,17337674
2021-12-27,46809,504668,46420145,17842342
2021-12-28,42463,554226,46462608,18396568
2021-12-29,34361,550653,46496969,18947221
2021-12-30,31855,499837,46528824,19447058
2021-12-31,14128,247396,46542952,19694454
2022-01-01,3496,64815,46546448,19759269
2022-01-02,22783,276723,46569231,20035992
2022-01-03,47872,520020,46617103,20556012
2022-01-04,46396,572089,46663499,21128101
2022-01-05,40776,560398,46704275,21688499
2022-01-06,23497,274487,46727772,21962986
2022-01-07,63722,554194,46791494,22517180
2022-01-08,60882,503393,46852376,23020573
2022-01-09,42881,319684,46895257,23340257
2022-01-10,61105,542291,46956362,23882548
2022-01-11,61745,586995,47018107,24469543
2022-01-12,58465,581278,47076572,25050821
2022-01-13,58623,580387,47135195,25631208
2022-01-14,46830,588569,47182025,26219777
2022-01-15,39432,569940,47221457,26789717
2022-01-16,31241,341859,47252698,27131576
2022-01-17,54795,489661,47307493,27621237
2022-01-18,58405,517016,47365898,28138253
2022-01-19,57206,502788,47423104,28641041
2022-01-20,54352,498826,47477456,29139867
2022-01-21,42101,493870,47519557,29633737
2022-01-22,31210,469593,47550767,30103330
2022-01-23,34942,275368,47585709,30378698
2022-01-24,56188,437223,47641897,30815921
2022-01-25,61559,452111,47703456,31268032
2022-01-26,58551,435829,47762007,31703861
2022-01-27,48847,432368,47810854,32136229
2022-01-28,58703,436537,47869557,32572766
2022-01-29,68135,412486,47937692,32985252
2022-01-30,50377,235964,47988069,33221216
2022-01-31,60630,356931,48048699,33578147
2022-02-01,65559,328443,48114258,33906590
2022-02-02,63202,296974,48177460,34203564
2022-02-03,60057,274515,48237517,34478079
2022-02-04,72381,268453,48309898,34746532
2022-02-05,83777,248529,48393675,34995061
2022-02-06,55288,116201,48448963,35111262
2022-02-07,65147,199937,48514110,35311199
2022-02-08,66928,186111,48581038,35497310
2022-02-09,58760,166334,48639798,35663644
2022-02-10,58577,163236,48698375,35826880
2022-02-11,62248,162464,48760623,35989344
2022-02-12,71977,152139,48832600,36141483
2022-02-13,41471,68850,48874071,36210333
2022-02-14,46689,116186,48920760,36326519
2022-02-15,48532,123476,48969292,36449995
2022-02-16,45678,106117,49014970,36556112
2022-02-17,42860,98105,49057830,36654217
2022-02-18,46621,112570,49104451,36766787
2022-02-19,52533,100329,49156984,36867116
2022-02-20,31411,40360,49188395,36907476
2022-02-21,37885,89647,49226280,36997123
2022-02-22,37217,83772,49263497,37080895
2022-02-23,33391,79405,49296888,37160300
2022-02-24,32548,78161,49329436,37238461
2022-02-25,34755,90708,49364191,37329169
2022-02-26,39155,89130,49403346,37418299
2022-02-27,22543,35856,49425889,37454155
2022-02-28,28478,81689,49454367,37535844
2022-03-01,22718,53939,49477085,37589783
2022-03-02,21997,50626,49499082,37640409
2022-03-03,22615,54940,49521697,37695349
2022-03-04,23230,62794,49544927,37758143
2022-03-05,23795,57951,49568722,37816094
2022-03-06,9470,17200,49578192,37833294
2022-03-07,15912,51387,49594104,37884681
2022-03-08,15472,48794,49609576,37933475
2022-03-09,13812,46517,49623388,37979992
2022-03-10,14048,52115,49637436,38032107
2022-03-11,15580,57260,49653016,38089367
2022-03-12,15501,56615,49668517,38145982
2022-03-13,5543,16850,49674060,38162832
2022-03-14,10520,46694,49684580,38209526
2022-03-15,10537,46890,49695117,38256416
2022-03-16,9476,41972,49704593,38298388
2022-03-17,9711,44871,49714304,38343259
2022-03-18,10157,49054,49724461,38392313
2022-03-19,9148,46531,49733609,38438844
2022-03-20,2608,11700,49736217,38450544
2022-03-21,7578,40223,49743795,38490767
2022-03-22,8447,37756,49752242,38528523
2022-03-23,7212,33699,49759454,38562222
2022-03-24,8256,38799,49767710,38601021
2022-03-25,8133,43660,49775843,38644681
2022-03-26,8125,41720,49783968,38686401
2022-03-27,2429,9681,49786397,38696082
2022-03-28,6106,35236,49792503,38731318
2022-03-29,5774,32527,49798277,38763845
2022-03-30,5564,30200,49803841,38794045
2022-03-31,5890,33181,49809731,38827226
2022-04-01,4347,25186,49814078,38852412
2022-04-02,4493,23274,49818571,38875686
2022-04-03,1049,4499,49819620,38880185
2022-04-04,3656,21535,49823276,38901720
2022-04-05,3755,22927,49827031,38924647
2022-04-06,4101,21848,49831132,38946495
2022-04-07,3964,23320,49835096,38969815
2022-04-08,4691,26709,49839787,38996524
2022-04-09,4381,23884,49844168,39020408
2022-04-10,891,4614,49845059,39025022
2022-04-11,3814,22685,49848873,39047707
2022-04-12,3359,21777,49852232,39069484
2022-04-13,3562,21333,49855794,39090817
2022-04-14,3485,23784,49859279,39114601
2022-04-15,3084,20617,49862363,39135218
2022-04-16,2149,11918,49864512,39147136
2022-04-17,63,348,49864575,39147484
2022-04-18,151,650,49864726,39148134
2022-04-19,3496,21977,49868222,39170111
2022-04-20,3507,20249,49871729,39190360
2022-04-21,2843,19783,49874572,39210143
2022-04-22,2926,20695,49877498,39230838
2022-04-23,2642,16217,49880140,39247055
2022-04-24,509,2334,49880649,39249389
2022-04-25,183,1165,49880832,39250554
2022-04-26,2756,17801,49883588,39268355
2022-04-27,2371,15788,49885959,39284143
2022-04-28,2356,15555,49888315,39299698
2022-04-29,2292,14836,49890607,39314534
2022-04-30,2122,11577,49892729,39326111
2022-05-01,113,530,49892842,39326641
2022-05-02,1450,9388,49894292,39336029
2022-05-03,1575,10312,49895867,39346341
2022-05-04,1746,10259,49897613,39356600
2022-05-05,1652,10278,49899265,39366878
2022-05-06,1700,10950,49900965,39377828
2022-05-07,1431,8563,49902396,39386391
2022-05-08,405,1514,49902801,39387905
2022-05-09,1027,8918,49903828,39396823
2022-05-10,1422,9541,49905250,39406364
2022-05-11,1483,10090,49906733,39416454
2022-05-12,1369,10121,49908102,39426575
2022-05-13,1590,10510,49909692,39437085
2022-05-14,1356,8228,49911048,39445313
2022-05-15,336,1129,49911384,39446442
2022-05-16,811,8393,49912195,39454835
2022-05-17,1243,8674,49913438,39463509
2022-05-18,1372,9224,49914810,39472733
2022-05-19,1500,9270,49916310,39482003
2022-05-20,1422,9498,49917732,39491501
2022-05-21,1299,7892,49919031,39499393
2022-05-22,231,1012,49919262,39500405
2022-05-23,829,8262,49920091,39508667
2022-05-24,1073,8664,49921164,39517331
2022-05-25,1369,9444,49922533,39526775
2022-05-26,1195,9455,49923728,39536230
2022-05-27,1227,9912,49924955,39546142
2022-05-28,1203,7874,49926158,39554016
2022-05-29,286,1264,49926444,39555280
2022-05-30,929,8031,49927373,39563311
2022-05-31,1034,8532,49928407,39571843
2022-06-01,890,7644,49929297,39579487
2022-06-02,35,474,49929332,39579961
2022-06-03,817,7328,49930149,39587289
2022-06-04,870,5156,49931019,39592445
2022-06-05,89,586,49931108,39593031
2022-06-06,675,6986,49931783,39600017
2022-06-07,951,7842,49932734,39607859
2022-06-08,983,7901,49933717,39615760
2022-06-09,1036,8400,49934753,39624160
2022-06-10,957,8552,49935710,39632712
2022-06-11,901,6206,49936611,39638918
2022-06-12,140,767,49936751,39639685
2022-06-13,602,6295,49937353,39645980
2022-06-14,827,7882,49938180,39653862
2022-06-15,954,7844,49939134,39661706
2022-06-16,729,7389,49939863,39669095
2022-06-17,720,7242,49940583,39676337
2022-06-18,777,5588,49941360,39681925
2022-06-19,47,522,49941407,39682447
2022-06-20,587,6695,49941994,39689142
2022-06-21,734,7654,49942728,39696796
2022-06-22,780,7307,49943508,39704103
2022-06-23,651,7459,49944159,39711562
2022-06-24,643,7472,49944802,39719034
2022-06-25,835,6532,49945637,39725566
2022-06-26,128,523,49945765,39726089
2022-06-27,531,7122,49946296,39733211
2022-06-28,745,8193,49947041,39741404
2022-06-29,756,7722,49947797,39749126
2022-06-30,745,8132,49948542,39757258
2022-07-01,576,6437,49949118,39763695
2022-07-02,536,4766,49949654,39768461
2022-07-03,49,456,49949703,39768917
2022-07-04,471,6274,49950174,39775191
2022-07-05,628,8112,49950802,39783303
2022-07-06,630,7607,49951432,39790910
2022-07-07,570,8264,49952002,39799174
2022-07-08,671,8079,49952673,39807253
2022-07-09,550,6103,49953223,39813356
2022-07-10,58,533,49953281,39813889
2022-07-11,487,7639,49953768,39821528
2022-07-12,665,9027,49954433,39830555
2022-07-13,640,10063,49955073,39840618
2022-07-14,636,10219,49955709,39850837
2022-07-15,624,10663,49956333,39861500
2022-07-16,522,7209,49956855,39868709
2022-07-17,48,769,49956903,39869478
2022-07-18,497,9350,49957400,39878828
2022-07-19,573,10657,49957973,39889485
2022-07-20,578,11258,49958551,39900743
2022-07-21,627,12040,49959178,39912783
2022-07-22,582,11228,49959760,39924011
2022-07-23,379,6744,49960139,39930755
2022-07-24,76,834,49960215,39931589
2022-07-25,501,9034,49960716,39940623
2022-07-26,519,9728,49961235,39950351
2022-07-27,550,10158,49961785,39960509
2022-07-28,527,10481,49962312,39970990
2022-07-29,510,9426,49962822,39980416
2022-07-30,381,5852,49963203,39986268
2022-07-31,49,745,49963252,39987013
2022-08-01,386,6824,49963638,39993837
2022-08-02,540,7526,49964178,40001363
2022-08-03,511,7142,49964689,40008505
2022-08-04,454,7439,49965143,40015944
2022-08-05,419,6489,49965562,40022433
2022-08-06,298,3582,49965860,40026015
2022-08-07,44,551,49965904,40026566
2022-08-08,401,4874,49966305,40031440
2022-08-09,383,5269,49966688,40036709
2022-08-10,378,4789,49967066,40041498
2022-08-11,364,4756,49967430,40046254
2022-08-12,292,3698,49967722,40049952
2022-08-13,143,1597,49967865,40051549
2022-08-14,9,128,49967874,40051677
2022-08-15,1,26,49967875,40051703
2022-08-16,283,3028,49968158,40054731
2022-08-17,351,3512,49968509,40058243
2022-08-18,389,4142,49968898,40062385
2022-08-19,341,3309,49969239,40065694
2022-08-20,183,1710,49969422,40067404
2022-08-21,24,146,49969446,40067550
2022-08-22,329,2940,49969775,40070490
2022-08-23,371,3656,49970146,40074146
2022-08-24,382,3344,49970528,40077490
2022-08-25,419,3753,49970947,40081243
2022-08-26,395,3562,49971342,40084805
2022-08-27,235,1769,49971577,40086574
2022-08-28,29,260,49971606,40086834
2022-08-29,353,3148,49971959,40089982
2022-08-30,402,3646,49972361,40093628
2022-08-31,436,3716,49972797,40097344
2022-09-01,352,3097,49973149,40100441
2022-09-02,294,2883,49973443,40103324
2022-09-03,199,1684,49973642,40105008
2022-09-04,22,147,49973664,40105155
2022-09-05,186,2646,49973850,40107801
2022-09-06,301,2984,49974151,40110785
2022-09-07,540,2912,49974691,40113697
2022-09-08,288,2946,49974979,40116643
2022-09-09,301,2852,49975280,40119495
2022-09-10,227,1325,49975507,40120820
2022-09-11,21,123,49975528,40120943
2022-09-12,267,2206,49975795,40123149
2022-09-13,248,2267,49976043,40125416
2022-09-14,261,2551,49976304,40127967
2022-09-15,279,2480,49976583,40130447
2022-09-16,252,2530,49976835,40132977
2022-09-17,239,1339,49977074,40134316
2022-09-18,20,170,49977094,40134486
2022-09-19,205,1965,49977299,40136451
2022-09-20,235,2371,49977534,40138822
2022-09-21,289,2508,49977823,40141330
2022-09-22,258,2625,49978081,40143955
2022-09-23,248,2317,49978329,40146272
2022-09-24,193,1426,49978522,40147698
2022-09-25,28,134,49978550,40147832
2022-09-26,280,2238,49978830,40150070
2022-09-27,280,2629,49979110,40152699
2022-09-28,307,2869,49979417,40155568
2022-09-29,250,3025,49979667,40158593
2022-09-30,289,2942,49979956,40161535
2022-10-01,193,1492,49980149,40163027
2022-10-02,11,187,49980160,40163214
2022-10-03,179,2451,49980339,40165665
2022-10-04,232,2811,49980571,40168476
2022-10-05,222,3175,49980793,40171651
2022-10-06,240,3767,49981033,40175418
2022-10-07,282,4082,49981315,40179500
2022-10-08,196,2206,49981511,40181706
2022-10-09,8,287,49981519,40181993
2022-10-10,205,3274,49981724,40185267
2022-10-11,190,4212,49981914,40189479
2022-10-12,198,4167,49982112,40193646
2022-10-13,166,4948,49982278,40198594
2022-10-14,208,4652,49982486,40203246
2022-10-15,182,2527,49982668,40205773
2022-10-16,7,336,49982675,40206109