data_somministrazione,vaccinazioni,booster,cum_vaccinazioni,cum_booster
2020-12-27,20,0,20,0
2020-12-28,2,0,22,0
2020-12-29,1,0,23,0
2020-12-30,6,0,29,0
2020-12-31,67,0,96,0
2021-01-01,22,0,118,0
2021-01-02,106,0,224,0
2021-01-03,75,0,299,0
2021-01-04,199,0,498,0
2021-01-05,234,0,732,0
2021-01-06,193,0,925,0
2021-01-07,288,0,1213,0
2021-01-08,332,0,1545,0
2021-01-09,242,0,1787,0
2021-01-10,144,0,1931,0
2021-01-11,268,0,2199,0
2021-01-12,265,0,2464,0
2021-01-13,385,0,2849,0
2021-01-14,473,0,3322,0
2021-01-15,296,0,3618,0
2021-01-16,203,0,3821,0
2021-01-17,3057,0,6878,0
2021-01-18,5209,0,12087,0
2021-01-19,1892,0,13979,0
2021-01-20,4653,0,18632,0
2021-01-21,19998,0,38630,0
2021-01-22,14200,0,52830,0
2021-01-23,33330,0,86160,0
2021-01-24,30791,0,116951,0
2021-01-25,64731,0,181682,0
2021-01-26,76502,0,258184,0
2021-01-27,64839,0,323023,0
2021-01-28,89294,0,412317,0
2021-01-29,94027,0,506344,0
2021-01-30,86571,0,592915,0
2021-01-31,57339,0,650254,0
2021-02-01,81874,0,732128,0
2021-02-02,82146,0,814274,0
2021-02-03,91194,0,905468,0
2021-02-04,95401,0,1000869,0
2021-02-05,90280,0,1091149,0
2021-02-06,63450,0,1154599,0
2021-02-07,32927,0,1187526,0
2021-02-08,40429,0,1227955,0
2021-02-09,32864,0,1260819,0
2021-02-10,28422,0,1289241,0
2021-02-11,20391,0,1309632,0
2021-02-12,16229,0,1325861,0
2021-02-13,7252,0,1333113,0
2021-02-14,2861,0,1335974,0
2021-02-15,6837,0,1342811,0
2021-02-16,6992,0,1349803,0
2021-02-17,10519,0,1360322,0
2021-02-18,9246,0,1369568,0
2021-02-19,8238,0,1377806,0
2021-02-20,5544,0,1383350,0
2021-02-21,2986,0,1386336,0
2021-02-22,6882,0,1393218,0
2021-02-23,7163,0,1400381,0
2021-02-24,9824,0,1410205,0
2021-02-25,14200,0,1424405,0
2021-02-26,17551,0,1441956,0
2021-02-27,13902,0,1455858,0
2021-02-28,9386,0,1465244,0
2021-03-01,26509,0,1491753,0
2021-03-02,33238,0,1524991,0
2021-03-03,44642,0,1569633,0
2021-03-04,50288,0,1619921,0
2021-03-05,55733,0,1675654,0
2021-03-06,41876,0,1717530,0
2021-03-07,22324,0,1739854,0
2021-03-08,50795,0,1790649,0
2021-03-09,53059,0,1843708,0
2021-03-10,58629,0,1902337,0
2021-03-11,63842,0,1966179,0
2021-03-12,65099,0,2031278,0
2021-03-13,51706,0,2082984,0
2021-03-14,35386,0,2118370,0
2021-03-15,73424,0,2191794,0
2021-03-16,74023,0,2265817,0
2021-03-17,83130,0,2348947,0
2021-03-18,81623,0,2430570,0
2021-03-19,81081,0,2511651,0
2021-03-20,64711,0,2576362,0
2021-03-21,47287,0,2623649,0
2021-03-22,69473,0,2693122,0
2021-03-23,75779,0,2768901,0
2021-03-24,90887,0,2859788,0
2021-03-25,89787,0,2949575,0
2021-03-26,83603,0,3033178,0
2021-03-27,71920,0,3105098,0
2021-03-28,44131,0,3149229,0
2021-03-29,70808,0,3220037,0
2021-03-30,81364,0,3301401,0
2021-03-31,96218,0,3397619,0
2021-04-01,95294,0,3492913,0
2021-04-02,84066,0,3576979,0
2021-04-03,64294,0,3641273,0
2021-04-04,21717,0,3662990,0
2021-04-05,40299,0,3703289,0
2021-04-06,81302,0,3784591,0
2021-04-07,95809,0,3880400,0
2021-04-08,95227,0,3975627,0
2021-04-09,88481,0,4064108,0
2021-04-10,74027,0,4138135,0
2021-04-11,44755,0,4182890,0
2021-04-12,66910,0,4249800,0
2021-04-13,72563,0,4322363,0
2021-04-14,85521,0,4407884,0
2021-04-15,105403,0,4513287,0
2021-04-16,106410,0,4619697,0
2021-04-17,90493,0,4710190,0
2021-04-18,58584,0,4768774,0
2021-04-19,93425,0,4862199,0
2021-04-20,103763,0,4965962,0
2021-04-21,125332,0,5091294,0
2021-04-22,143501,0,5234795,0
2021-04-23,138717,0,5373512,0
2021-04-24,124436,0,5497948,0
2021-04-25,61452,0,5559400,0
2021-04-26,97876,0,5657276,0
2021-04-27,128350,0,5785626,0
2021-04-28,156352,0,5941978,0
2021-04-29,195577,0,6137555,0
2021-04-30,214557,0,6352112,0
2021-05-01,174090,0,6526202,0
2021-05-02,135790,0,6661992,0
2021-05-03,142000,0,6803992,0
2021-05-04,158675,0,6962667,0
2021-05-05,170472,0,7133139,0
2021-05-06,197790,0,7330929,0
2021-05-07,213808,0,7544737,0
2021-05-08,213384,0,7758121,0
2021-05-09,143195,0,7901316,0
2021-05-10,165082,0,8066398,0
2021-05-11,174959,0,8241357,0
2021-05-12,179156,0,8420513,0
2021-05-13,203360,0,8623873,0
2021-05-14,222894,0,8846767,0
2021-05-15,210340,0,9057107,0
2021-05-16,159265,0,9216372,0
2021-05-17,219177,0,9435549,0
2021-05-18,213001,0,9648550,0
2021-05-19,207070,0,9855620,0
2021-05-20,270837,0,10126457,0
2021-05-21,270861,0,10397318,0
2021-05-22,245518,0,10642836,0
2021-05-23,197173,0,10840009,0
2021-05-24,228292,0,11068301,0
2021-05-25,245686,0,11313987,0
2021-05-26,277477,0,11591464,0
2021-05-27,311075,0,11902539,0
2021-05-28,299561,0,12202100,0
2021-05-29,231196,0,12433296,0
2021-05-30,170826,0,12604122,0
2021-05-31,216411,0,12820533,0
2021-06-01,207630,0,13028163,0
2021-06-02,115771,0,13143934,0
2021-06-03,180112,0,13324046,0
2021-06-04,184854,0,13508900,0
2021-06-05,185931,0,13694831,0
2021-06-06,139512,0,13834343,0
2021-06-07,161841,0,13996184,0
2021-06-08,171166,0,14167350,0
2021-06-09,171443,0,14338793,0
2021-06-10,174043,0,14512836,0
2021-06-11,169937,0,14682773,0
2021-06-12,128302,0,14811075,0
2021-06-13,91139,0,14902214,0
2021-06-14,214640,0,15116854,0
2021-06-15,228386,0,15345240,0
2021-06-16,253037,0,15598277,0
2021-06-17,301694,0,15899971,0
2021-06-18,306259,0,16206230,0
2021-06-19,275051,0,16481281,0
2021-06-20,220730,0,16702011,0
2021-06-21,288036,0,16990047,0
2021-06-22,296181,0,17286228,0
2021-06-23,302665,0,17588893,0
2021-06-24,332553,0,17921446,0
2021-06-25,348690,0,18270136,0
2021-06-26,300083,0,18570219,0
2021-06-27,228616,0,18798835,0
2021-06-28,307038,0,19105873,0
2021-06-29,329239,0,19435112,0
2021-06-30,342104,0,19777216,0
2021-07-01,363159,0,20140375,0
2021-07-02,368429,0,20508804,0
2021-07-03,371069,0,20879873,0
2021-07-04,283195,0,21163068,0
2021-07-05,384501,0,21547569,0
2021-07-06,385433,0,21933002,0
2021-07-07,412064,0,22345066,0
2021-07-08,479619,0,22824685,0
2021-07-09,498481,0,23323166,0
2021-07-10,475179,0,23798345,0
2021-07-11,357703,0,24156048,0
2021-07-12,485907,0,24641955,0
2021-07-13,492144,0,25134099,0
2021-07-14,480473,0,25614572,0
2021-07-15,523485,0,26138057,0
2021-07-16,509785,0,26647842,0
2021-07-17,464368,0,27112210,0
2021-07-18,364695,0,27476905,0
2021-07-19,463071,0,27939976,0
2021-07-20,458086,0,28398062,0
2021-07-21,462817,0,28860879,0
2021-07-22,475401,0,29336280,0
2021-07-23,441308,0,29777588,0
2021-07-24,386196,0,30163784,0
2021-07-25,287596,0,30451380,0
2021-07-26,430886,0,30882266,0
2021-07-27,440132,0,31322398,0
2021-07-28,391019,0,31713417,0
2021-07-29,372085,0,32085502,0
2021-07-30,341521,0,32427023,0
2021-07-31,287022,0,32714045,0
2021-08-01,191017,0,32905062,0
2021-08-02,333727,0,33238789,0
2021-08-03,323182,0,33561971,0
2021-08-04,310976,0,33872947,0
2021-08-05,292512,0,34165459,0
2021-08-06,260015,0,34425474,0
2021-08-07,199051,0,34624525,0
2021-08-08,153104,0,34777629,0
2021-08-09,234081,0,35011710,0
2021-08-10,205248,0,35216958,0
2021-08-11,193764,0,35410722,0
2021-08-12,167981,0,35578703,0
2021-08-13,148601,0,35727304,0
2021-08-14,66090,0,35793394,0
2021-08-15,26335,0,35819729,0
2021-08-16,114675,0,35934404,0
2021-08-17,129241,0,36063645,0
2021-08-18,128739,0,36192384,0
2021-08-19,124793,0,36317177,0
2021-08-20,123795,0,36440972,0
2021-08-21,83118,0,36524090,0
2021-08-22,68166,0,36592256,0
2021-08-23,176872,0,36769128,0
2021-08-24,156909,0,36926037,0
2021-08-25,177169,0,37103206,0
2021-08-26,172351,0,37275557,0
2021-08-27,185842,0,37461399,0
2021-08-28,140267,0,37601666,0
2021-08-29,98999,0,37700665,0
2021-08-30,209631,0,37910296,0
2021-08-31,194630,0,38104926,0
2021-09-01,192214,0,38297140,0
2021-09-02,189941,0,38487081,0
2021-09-03,191338,0,38678419,0
2021-09-04,131481,0,38809900,0
2021-09-05,87867,0,38897767,0
2021-09-06,193659,0,39091426,0
2021-09-07,196065,0,39287491,0
2021-09-08,187910,0,39475401,0
2021-09-09,201473,0,39676874,0
2021-09-10,198106,0,39874980,0
2021-09-11,141325,0,40016305,0
2021-09-12,89601,0,40105906,0
2021-09-13,191168,553,40297074,553
2021-09-14,177264,575,40474338,1128
2021-09-15,163127,580,40637465,1708
2021-09-16,160098,923,40797563,2631
2021-09-17,150179,1113,40947742,3744
2021-09-18,127981,735,41075723,4479
2021-09-19,81132,491,41156855,4970
2021-09-20,180081,9073,41336936,14043
2021-09-21,166634,8832,41503570,22875
2021-09-22,159080,9435,41662650,32310
2021-09-23,138086,9320,41800736,41630
2021-09-24,140543,8952,41941279,50582
2021-09-25,119558,5633,42060837,56215
2021-09-26,71958,4339,42132795,60554
2021-09-27,135640,10047,42268435,70601
2021-09-28,117493,11383,42385928,81984
2021-09-29,112337,11825,42498265,93809
2021-09-30,110234,14944,42608499,108753
2021-10-01,94978,19105,42703477,127858
2021-10-02,78486,14012,42781963,141870
2021-10-03,47738,7656,42829701,149526
2021-10-04,88379,34443,42918080,183969
2021-10-05,80366,33970,42998446,217939
2021-10-06,71982,34161,43070428,252100
2021-10-07,71853,34346,43142281,286446
2021-10-08,80627,33589,43222908,320035
2021-10-09,76104,22169,43299012,342204
2021-10-10,45774,13615,43344786,355819
2021-10-11,87419,41101,43432205,396920
2021-10-12,84492,46896,43516697,443816
2021-10-13,88194,52113,43604891,495929
2021-10-14,91532,58506,43696423,554435
2021-10-15,93592,55625,43790015,610060
2021-10-16,82967,36780,43872982,646840
2021-10-17,51464,23827,43924446,670667
2021-10-18,90292,59482,44014738,730149
2021-10-19,78347,69371,44093085,799520
2021-10-20,75078,78163,44168163,877683
2021-10-21,78301,81750,44246464,959433
2021-10-22,73793,77019,44320257,1036452
2021-10-23,60814,51954,44381071,1088406
2021-10-24,33379,23453,44414450,1111859
2021-10-25,64905,81622,44479355,1193481
2021-10-26,58375,91777,44537730,1285258
2021-10-27,58331,103967,44596061,1389225
2021-10-28,61467,114101,44657528,1503326
2021-10-29,61661,103111,44719189,1606437
2021-10-30,50672,68113,44769861,1674550
2021-10-31,25165,28288,44795026,1702838
2021-11-01,19046,28148,44814072,1730986
2021-11-02,62769,89372,44876841,1820358
2021-11-03,60742,118656,44937583,1939014
2021-11-04,59245,126663,44996828,2065677
2021-11-05,63094,135169,45059922,2200846
2021-11-06,46475,90922,45106397,2291768
2021-11-07,22254,37893,45128651,2329661
2021-11-08,51529,131262,45180180,2460923
2021-11-09,45402,144198,45225582,2605121
2021-11-10,42580,156345,45268162,2761466
2021-11-11,44936,155135,45313098,2916601
2021-11-12,46372,158575,45359470,3075176
2021-11-13,33253,116649,45392723,3191825
2021-11-14,14480,52446,45407203,3244271
2021-11-15,36895,157425,45444098,3401696
2021-11-16,30546,171376,45474644,3573072
2021-11-17,28449,178435,45503093,3751507
2021-11-18,30283,193715,45533376,3945222
2021-11-19,28799,205850,45562175,4151072
2021-11-20,20994,156434,45583169,4307506
2021-11-21,10613,64856,45593782,4372362
2021-11-22,21936,213137,45615718,4585499
2021-11-23,23567,241741,45639285,4827240
2021-11-24,27839,270947,45667124,5098187
2021-11-25,23232,301901,45690356,5400088
2021-11-26,24578,318264,45714934,5718352
2021-11-27,21381,266150,45736315,5984502
2021-11-28,9898,137056,45746213,6121558
2021-11-29,22320,326063,45768533,6447621
2021-11-30,23084,365822,45791617,6813443
2021-12-01,21515,413500,45813132,7226943
2021-12-02,23754,440379,45836886,7667322
2021-12-03,25242,467455,45862128,8134777
2021-12-04,22355,418730,45884483,8553507
2021-12-05,11911,261331,45896394,8814838
2021-12-06,25815,457564,45922209,9272402
2021-12-07,24124,480250,45946333,9752652
2021-12-08,10002,249680,45956335,10002332
2021-12-09,31569,491917,45987904,10494249
2021-12-10,28057,517867,46015961,11012116
2021-12-11,23552,459241,46039513,11471357
2021-12-12,12302,293497,46051815,11764854
2021-12-13,26141,467624,46077956,12232478
2021-12-14,25166,494190,46103122,12726668
2021-12-15,25321,517130,46128443,13243798
2021-12-16,27872,520239,46156315,13764037
2021-12-17,29353,517162,46185668,14281199
2021-12-18,27034,468715,46212702,14749914
2021-12-19,15136,300514,46227838,15050428
2021-12-20,30614,477473,46258452,15527901
2021-12-21,30356,493382,46288808,16021283
2021-12-22,29434,484698,46318242,16505981
2021-12-23,28231,426894,46346473,16932875
2021-12-24,13112,210820,46359585,17143695
2021-12-25,2101,33052,46361686,17176747
2021-12-26,8756,159065,46370442,17335812
2021-12-27,46767,504651,46417209,17840463
2021-12-28,42434,554204,46459643,18394667
2021-12-29,34326,550627,46493969,18945294
2021-12-30,31809,499822,46525778,19445116
2021-12-31,14107,247394,46539885,19692510
2022-01-01,3493,64813,46543378,19757323
2022-01-02,22745,276718,46566123,20034041
2022-01-03,47820,520007,46613943,20554048
2022-01-04,46317,572077,46660260,21126125
2022-01-05,40701,560387,46700961,21686512
2022-01-06,23460,274483,46724421,21960995
2022-01-07,63652,554179,46788073,22515174
2022-01-08,60798,503378,46848871,23018552
2022-01-09,42789,319688,46891660,23338240
2022-01-10,61025,542276,46952685,23880516
2022-01-11,61668,586982,47014353,24467498
2022-01-12,58391,581274,47072744,25048772
2022-01-13,58559,580377,47131303,25629149
2022-01-14,46725,588565,47178028,26217714
2022-01-15,39327,569938,47217355,26787652
2022-01-16,31141,341848,47248496,27129500
2022-01-17,54730,489647,47303226,27619147
2022-01-18,58347,517012,47361573,28136159
2022-01-19,57155,502782,47418728,28638941
2022-01-20,54296,498812,47473024,29137753
2022-01-21,42029,493868,47515053,29631621
2022-01-22,31122,469594,47546175,30101215
2022-01-23,34901,275365,47581076,30376580
2022-01-24,56147,437212,47637223,30813792
2022-01-25,61523,452088,47698746,31265880
2022-01-26,58508,435816,47757254,31701696
2022-01-27,48803,432353,47806057,32134049
2022-01-28,58658,436531,47864715,32570580
2022-01-29,68077,412484,47932792,32983064
2022-01-30,50356,235969,47983148,33219033
2022-01-31,60590,356922,48043738,33575955
2022-02-01,65513,328433,48109251,33904388
2022-02-02,63161,296966,48172412,34201354
2022-02-03,60024,274513,48232436,34475867
2022-02-04,72346,268451,48304782,34744318
2022-02-05,83731,248529,48388513,34992847
2022-02-06,55271,116197,48443784,35109044
2022-02-07,65119,199931,48508903,35308975
2022-02-08,66910,186102,48575813,35495077
2022-02-09,58739,166332,48634552,35661409
2022-02-10,58536,163233,48693088,35824642
2022-02-11,62223,162455,48755311,35987097
2022-02-12,71954,152138,48827265,36139235
2022-02-13,41464,68849,48868729,36208084
2022-02-14,46669,116185,48915398,36324269
2022-02-15,48512,123479,48963910,36447748
2022-02-16,45663,106112,49009573,36553860
2022-02-17,42852,98103,49052425,36651963
2022-02-18,46596,112569,49099021,36764532
2022-02-19,52519,100327,49151540,36864859
2022-02-20,31410,40360,49182950,36905219
2022-02-21,37886,89643,49220836,36994862
2022-02-22,37212,83769,49258048,37078631
2022-02-23,33376,79404,49291424,37158035
2022-02-24,32551,78160,49323975,37236195
2022-02-25,34747,90706,49358722,37326901
2022-02-26,39147,89132,49397869,37416033
2022-02-27,22540,35855,49420409,37451888
2022-02-28,28468,81691,49448877,37533579
2022-03-01,22704,53937,49471581,37587516
2022-03-02,21991,50627,49493572,37638143
2022-03-03,22604,54941,49516176,37693084
2022-03-04,23216,62793,49539392,37755877
2022-03-05,23783,57953,49563175,37813830
2022-03-06,9471,17200,49572646,37831030
2022-03-07,15899,51390,49588545,37882420
2022-03-08,15456,48796,49604001,37931216
2022-03-09,13804,46515,49617805,37977731
2022-03-10,14036,52115,49631841,38029846
2022-03-11,15569,57252,49647410,38087098
2022-03-12,15492,56614,49662902,38143712
2022-03-13,5542,16849,49668444,38160561
2022-03-14,10518,46691,49678962,38207252
2022-03-15,10534,46892,49689496,38254144
2022-03-16,9472,41978,49698968,38296122
2022-03-17,9701,44875,49708669,38340997
2022-03-18,10152,49053,49718821,38390050
2022-03-19,9145,46532,49727966,38436582
2022-03-20,2607,11700,49730573,38448282
2022-03-21,7574,40223,49738147,38488505
2022-03-22,8441,37749,49746588,38526254
2022-03-23,7206,33698,49753794,38559952
2022-03-24,8251,38797,49762045,38598749
2022-03-25,8129,43665,49770174,38642414
2022-03-26,8120,41723,49778294,38684137
2022-03-27,2428,9683,49780722,38693820
2022-03-28,6099,35230,49786821,38729050
2022-03-29,5773,32523,49792594,38761573
2022-03-30,5556,30193,49798150,38791766
2022-03-31,5885,33176,49804035,38824942
2022-04-01,4341,25187,49808376,38850129
2022-04-02,4489,23273,49812865,38873402
2022-04-03,1048,4499,49813913,38877901
2022-04-04,3654,21532,49817567,38899433
2022-04-05,3746,22925,49821313,38922358
2022-04-06,4098,21845,49825411,38944203
2022-04-07,3958,23320,49829369,38967523
2022-04-08,4687,26710,49834056,38994233
2022-04-09,4375,23885,49838431,39018118
2022-04-10,893,4614,49839324,39022732
2022-04-11,3806,22685,49843130,39045417
2022-04-12,3356,21777,49846486,39067194
2022-04-13,3560,21334,49850046,39088528
2022-04-14,3483,23776,49853529,39112304
2022-04-15,3077,20618,49856606,39132922
2022-04-16,2149,11921,49858755,39144843
2022-04-17,63,348,49858818,39145191
2022-04-18,149,650,49858967,39145841
2022-04-19,3490,21978,49862457,39167819
2022-04-20,3500,20248,49865957,39188067
2022-04-21,2839,19781,49868796,39207848
2022-04-22,2920,20696,49871716,39228544
2022-04-23,2637,16210,49874353,39244754
2022-04-24,509,2335,49874862,39247089
2022-04-25,183,1165,49875045,39248254
2022-04-26,2760,17791,49877805,39266045
2022-04-27,2365,15784,49880170,39281829
2022-04-28,2353,15533,49882523,39297362
2022-04-29,2291,14835,49884814,39312197
2022-04-30,2121,11577,49886935,39323774
2022-05-01,113,530,49887048,39324304
2022-05-02,1445,9384,49888493,39333688
2022-05-03,1573,10309,49890066,39343997
2022-05-04,1744,10256,49891810,39354253
2022-05-05,1649,10273,49893459,39364526
2022-05-06,1695,10945,49895154,39375471
2022-05-07,1431,8563,49896585,39384034
2022-05-08,404,1514,49896989,39385548
2022-05-09,1024,8917,49898013,39394465
2022-05-10,1421,9536,49899434,39404001
2022-05-11,1480,10087,49900914,39414088
2022-05-12,1369,10119,49902283,39424207
2022-05-13,1587,10510,49903870,39434717
2022-05-14,1357,8228,49905227,39442945
2022-05-15,336,1129,49905563,39444074
2022-05-16,812,8388,49906375,39452462
2022-05-17,1241,8671,49907616,39461133
2022-05-18,1368,9216,49908984,39470349
2022-05-19,1498,9268,49910482,39479617
2022-05-20,1419,9493,49911901,39489110
2022-05-21,1299,7892,49913200,39497002
2022-05-22,231,1012,49913431,39498014
2022-05-23,826,8262,49914257,39506276
2022-05-24,1070,8665,49915327,39514941
2022-05-25,1364,9445,49916691,39524386
2022-05-26,1194,9454,49917885,39533840
2022-05-27,1225,9911,49919110,39543751
2022-05-28,1202,7873,49920312,39551624
2022-05-29,285,1264,49920597,39552888
2022-05-30,930,8026,49921527,39560914
2022-05-31,1033,8531,49922560,39569445
2022-06-01,892,7644,49923452,39577089
2022-06-02,35,474,49923487,39577563
2022-06-03,814,7327,49924301,39584890
2022-06-04,870,5155,49925171,39590045
2022-06-05,89,586,49925260,39590631
2022-06-06,672,6979,49925932,39597610
2022-06-07,930,7842,49926862,39605452
2022-06-08,982,7898,49927844,39613350
2022-06-09,1034,8400,49928878,39621750
2022-06-10,957,8550,49929835,39630300
2022-06-11,900,6207,49930735,39636507
2022-06-12,140,767,49930875,39637274
2022-06-13,603,6295,49931478,39643569
2022-06-14,826,7881,49932304,39651450
2022-06-15,950,7845,49933254,39659295
2022-06-16,728,7386,49933982,39666681
2022-06-17,719,7239,49934701,39673920
2022-06-18,777,5589,49935478,39679509
2022-06-19,47,522,49935525,39680031
2022-06-20,588,6694,49936113,39686725
2022-06-21,732,7644,49936845,39694369
2022-06-22,780,7303,49937625,39701672
2022-06-23,649,7455,49938274,39709127
2022-06-24,644,7472,49938918,39716599
2022-06-25,835,6531,49939753,39723130
2022-06-26,128,523,49939881,39723653
2022-06-27,532,7119,49940413,39730772
2022-06-28,744,8208,49941157,39738980
2022-06-29,755,7718,49941912,39746698
2022-06-30,744,8131,49942656,39754829
2022-07-01,576,6437,49943232,39761266
2022-07-02,536,4765,49943768,39766031
2022-07-03,49,456,49943817,39766487
2022-07-04,470,6269,49944287,39772756
2022-07-05,622,8107,49944909,39780863
2022-07-06,627,7596,49945536,39788459
2022-07-07,567,8252,49946103,39796711
2022-07-08,670,8078,49946773,39804789
2022-07-09,549,6104,49947322,39810893
2022-07-10,58,533,49947380,39811426
2022-07-11,486,7633,49947866,39819059
2022-07-12,661,9001,49948527,39828060
2022-07-13,637,10057,49949164,39838117
2022-07-14,632,10219,49949796,39848336
2022-07-15,622,10662,49950418,39858998
2022-07-16,521,7207,49950939,39866205
2022-07-17,48,769,49950987,39866974
2022-07-18,498,9348,49951485,39876322
2022-07-19,573,10648,49952058,39886970
2022-07-20,576,11254,49952634,39898224
2022-07-21,625,12032,49953259,39910256
2022-07-22,582,11216,49953841,39921472
2022-07-23,378,6740,49954219,39928212
2022-07-24,76,834,49954295,39929046
2022-07-25,500,9031,49954795,39938077
2022-07-26,517,9724,49955312,39947801
2022-07-27,542,10148,49955854,39957949
2022-07-28,526,10468,49956380,39968417
2022-07-29,509,9414,49956889,39977831
2022-07-30,380,5852,49957269,39983683
2022-07-31,49,745,49957318,39984428
2022-08-01,386,6821,49957704,39991249
2022-08-02,537,7510,49958241,39998759
2022-08-03,497,7135,49958738,40005894
2022-08-04,449,7411,49959187,40013305
2022-08-05,415,6473,49959602,40019778
2022-08-06,297,3580,49959899,40023358
2022-08-07,44,550,49959943,40023908
2022-08-08,392,4871,49960335,40028779
2022-08-09,383,5265,49960718,40034044
2022-08-10,372,4776,49961090,40038820
2022-08-11,361,4752,49961451,40043572
2022-08-12,284,3690,49961735,40047262
2022-08-13,141,1595,49961876,40048857
2022-08-14,9,128,49961885,40048985
2022-08-15,1,24,49961886,40049009
2022-08-16,281,3021,49962167,40052030
2022-08-17,351,3513,49962518,40055543
2022-08-18,383,4128,49962901,40059671
2022-08-19,335,3299,49963236,40062970
2022-08-20,182,1711,49963418,40064681
2022-08-21,24,146,49963442,40064827
2022-08-22,326,2924,49963768,40067751
2022-08-23,370,3637,49964138,40071388
2022-08-24,380,3307,49964518,40074695
2022-08-25,413,3696,49964931,40078391
2022-08-26,391,3521,49965322,40081912
2022-08-27,226,1763,49965548,40083675
2022-08-28,29,260,49965577,40083935
2022-08-29,351,3126,49965928,40087061
2022-08-30,398,3619,49966326,40090680
2022-08-31,421,3652,49966747,40094332
2022-09-01,348,3025,49967095,40097357
2022-09-02,282,2793,49967377,40100150
2022-09-03,195,1677,49967572,40101827
2022-09-04,21,145,49967593,40101972
2022-09-05,135,1498,49967728,40103470