data_somministrazione,vaccinazioni,booster,cum_vaccinazioni,cum_booster
2020-12-27,19,0,19,0
2020-12-28,2,0,21,0
2020-12-29,1,0,22,0
2020-12-30,6,0,28,0
2020-12-31,66,0,94,0
2021-01-01,22,0,116,0
2021-01-02,104,0,220,0
2021-01-03,74,0,294,0
2021-01-04,198,0,492,0
2021-01-05,233,0,725,0
2021-01-06,188,0,913,0
2021-01-07,281,0,1194,0
2021-01-08,328,0,1522,0
2021-01-09,239,0,1761,0
2021-01-10,144,0,1905,0
2021-01-11,265,0,2170,0
2021-01-12,265,0,2435,0
2021-01-13,383,0,2818,0
2021-01-14,469,0,3287,0
2021-01-15,292,0,3579,0
2021-01-16,203,0,3782,0
2021-01-17,3057,0,6839,0
2021-01-18,5208,0,12047,0
2021-01-19,1890,0,13937,0
2021-01-20,4653,0,18590,0
2021-01-21,19999,0,38589,0
2021-01-22,14200,0,52789,0
2021-01-23,33332,0,86121,0
2021-01-24,30791,0,116912,0
2021-01-25,64732,0,181644,0
2021-01-26,76501,0,258145,0
2021-01-27,64844,0,322989,0
2021-01-28,89301,0,412290,0
2021-01-29,94030,0,506320,0
2021-01-30,86575,0,592895,0
2021-01-31,57339,0,650234,0
2021-02-01,81876,0,732110,0
2021-02-02,82144,0,814254,0
2021-02-03,91196,0,905450,0
2021-02-04,95404,0,1000854,0
2021-02-05,90281,0,1091135,0
2021-02-06,63450,0,1154585,0
2021-02-07,32927,0,1187512,0
2021-02-08,40430,0,1227942,0
2021-02-09,32864,0,1260806,0
2021-02-10,28420,0,1289226,0
2021-02-11,20389,0,1309615,0
2021-02-12,16227,0,1325842,0
2021-02-13,7251,0,1333093,0
2021-02-14,2861,0,1335954,0
2021-02-15,6837,0,1342791,0
2021-02-16,6993,0,1349784,0
2021-02-17,10519,0,1360303,0
2021-02-18,9246,0,1369549,0
2021-02-19,8239,0,1377788,0
2021-02-20,5540,0,1383328,0
2021-02-21,2986,0,1386314,0
2021-02-22,6881,0,1393195,0
2021-02-23,7160,0,1400355,0
2021-02-24,9824,0,1410179,0
2021-02-25,14201,0,1424380,0
2021-02-26,17551,0,1441931,0
2021-02-27,13901,0,1455832,0
2021-02-28,9387,0,1465219,0
2021-03-01,26508,0,1491727,0
2021-03-02,33239,0,1524966,0
2021-03-03,44645,0,1569611,0
2021-03-04,50289,0,1619900,0
2021-03-05,55734,0,1675634,0
2021-03-06,41876,0,1717510,0
2021-03-07,22322,0,1739832,0
2021-03-08,50795,0,1790627,0
2021-03-09,53056,0,1843683,0
2021-03-10,58623,0,1902306,0
2021-03-11,63839,0,1966145,0
2021-03-12,65097,0,2031242,0
2021-03-13,51707,0,2082949,0
2021-03-14,35384,0,2118333,0
2021-03-15,73424,0,2191757,0
2021-03-16,74022,0,2265779,0
2021-03-17,83130,0,2348909,0
2021-03-18,81621,0,2430530,0
2021-03-19,81079,0,2511609,0
2021-03-20,64707,0,2576316,0
2021-03-21,47286,0,2623602,0
2021-03-22,69470,0,2693072,0
2021-03-23,75776,0,2768848,0
2021-03-24,90887,0,2859735,0
2021-03-25,89785,0,2949520,0
2021-03-26,83600,0,3033120,0
2021-03-27,71916,0,3105036,0
2021-03-28,44127,0,3149163,0
2021-03-29,70806,0,3219969,0
2021-03-30,81358,0,3301327,0
2021-03-31,96220,0,3397547,0
2021-04-01,95291,0,3492838,0
2021-04-02,84065,0,3576903,0
2021-04-03,64296,0,3641199,0
2021-04-04,21717,0,3662916,0
2021-04-05,40297,0,3703213,0
2021-04-06,81299,0,3784512,0
2021-04-07,95804,0,3880316,0
2021-04-08,95228,0,3975544,0
2021-04-09,88480,0,4064024,0
2021-04-10,74025,0,4138049,0
2021-04-11,44752,0,4182801,0
2021-04-12,66908,0,4249709,0
2021-04-13,72562,0,4322271,0
2021-04-14,85518,0,4407789,0
2021-04-15,105399,0,4513188,0
2021-04-16,106409,0,4619597,0
2021-04-17,90489,0,4710086,0
2021-04-18,58584,0,4768670,0
2021-04-19,93423,0,4862093,0
2021-04-20,103763,0,4965856,0
2021-04-21,125329,0,5091185,0
2021-04-22,143501,0,5234686,0
2021-04-23,138717,0,5373403,0
2021-04-24,124435,0,5497838,0
2021-04-25,61452,0,5559290,0
2021-04-26,97874,0,5657164,0
2021-04-27,128347,0,5785511,0
2021-04-28,156349,0,5941860,0
2021-04-29,195578,0,6137438,0
2021-04-30,214556,0,6351994,0
2021-05-01,174090,0,6526084,0
2021-05-02,135789,0,6661873,0
2021-05-03,142002,0,6803875,0
2021-05-04,158674,0,6962549,0
2021-05-05,170471,0,7133020,0
2021-05-06,197788,0,7330808,0
2021-05-07,213803,0,7544611,0
2021-05-08,213382,0,7757993,0
2021-05-09,143188,0,7901181,0
2021-05-10,165081,0,8066262,0
2021-05-11,174957,0,8241219,0
2021-05-12,179147,0,8420366,0
2021-05-13,203356,0,8623722,0
2021-05-14,222891,0,8846613,0
2021-05-15,210333,0,9056946,0
2021-05-16,159262,0,9216208,0
2021-05-17,219179,0,9435387,0
2021-05-18,212999,0,9648386,0
2021-05-19,207067,0,9855453,0
2021-05-20,270834,0,10126287,0
2021-05-21,270862,0,10397149,0
2021-05-22,245515,0,10642664,0
2021-05-23,197175,0,10839839,0
2021-05-24,228287,0,11068126,0
2021-05-25,245683,0,11313809,0
2021-05-26,277475,0,11591284,0
2021-05-27,311079,0,11902363,0
2021-05-28,299557,0,12201920,0
2021-05-29,231192,0,12433112,0
2021-05-30,170823,0,12603935,0
2021-05-31,216406,0,12820341,0
2021-06-01,207629,0,13027970,0
2021-06-02,115768,0,13143738,0
2021-06-03,180100,0,13323838,0
2021-06-04,184848,0,13508686,0
2021-06-05,185925,0,13694611,0
2021-06-06,139508,0,13834119,0
2021-06-07,161837,0,13995956,0
2021-06-08,171158,0,14167114,0
2021-06-09,171427,0,14338541,0
2021-06-10,174039,0,14512580,0
2021-06-11,169932,0,14682512,0
2021-06-12,128301,0,14810813,0
2021-06-13,91134,0,14901947,0
2021-06-14,214637,0,15116584,0
2021-06-15,228382,0,15344966,0
2021-06-16,253033,0,15597999,0
2021-06-17,301695,0,15899694,0
2021-06-18,306254,0,16205948,0
2021-06-19,275051,0,16480999,0
2021-06-20,220730,0,16701729,0
2021-06-21,288034,0,16989763,0
2021-06-22,296176,0,17285939,0
2021-06-23,302661,0,17588600,0
2021-06-24,332551,0,17921151,0
2021-06-25,348689,0,18269840,0
2021-06-26,300081,0,18569921,0
2021-06-27,228611,0,18798532,0
2021-06-28,307036,0,19105568,0
2021-06-29,329238,0,19434806,0
2021-06-30,342107,0,19776913,0
2021-07-01,363155,0,20140068,0
2021-07-02,368429,0,20508497,0
2021-07-03,371064,0,20879561,0
2021-07-04,283190,0,21162751,0
2021-07-05,384497,0,21547248,0
2021-07-06,385428,0,21932676,0
2021-07-07,412063,0,22344739,0
2021-07-08,479624,0,22824363,0
2021-07-09,498481,0,23322844,0
2021-07-10,475180,0,23798024,0
2021-07-11,357706,0,24155730,0
2021-07-12,485908,0,24641638,0
2021-07-13,492143,0,25133781,0
2021-07-14,480479,0,25614260,0
2021-07-15,523490,0,26137750,0
2021-07-16,509788,0,26647538,0
2021-07-17,464369,0,27111907,0
2021-07-18,364702,0,27476609,0
2021-07-19,463071,0,27939680,0
2021-07-20,458089,0,28397769,0
2021-07-21,462820,0,28860589,0
2021-07-22,475400,0,29335989,0
2021-07-23,441310,0,29777299,0
2021-07-24,386192,0,30163491,0
2021-07-25,287595,0,30451086,0
2021-07-26,430893,0,30881979,0
2021-07-27,440129,0,31322108,0
2021-07-28,391016,0,31713124,0
2021-07-29,372082,0,32085206,0
2021-07-30,341514,0,32426720,0
2021-07-31,287016,0,32713736,0
2021-08-01,191023,0,32904759,0
2021-08-02,333727,0,33238486,0
2021-08-03,323183,0,33561669,0
2021-08-04,310975,0,33872644,0
2021-08-05,292511,0,34165155,0
2021-08-06,260007,0,34425162,0
2021-08-07,199049,0,34624211,0
2021-08-08,153107,0,34777318,0
2021-08-09,234078,0,35011396,0
2021-08-10,205249,0,35216645,0
2021-08-11,193758,0,35410403,0
2021-08-12,167976,0,35578379,0
2021-08-13,148599,0,35726978,0
2021-08-14,66087,0,35793065,0
2021-08-15,26334,0,35819399,0
2021-08-16,114675,0,35934074,0
2021-08-17,129238,0,36063312,0
2021-08-18,128735,0,36192047,0
2021-08-19,124787,0,36316834,0
2021-08-20,123791,0,36440625,0
2021-08-21,83116,0,36523741,0
2021-08-22,68163,0,36591904,0
2021-08-23,176869,0,36768773,0
2021-08-24,156906,0,36925679,0
2021-08-25,177170,0,37102849,0
2021-08-26,172351,0,37275200,0
2021-08-27,185840,0,37461040,0
2021-08-28,140268,0,37601308,0
2021-08-29,99001,0,37700309,0
2021-08-30,209634,0,37909943,0
2021-08-31,194629,0,38104572,0
2021-09-01,192214,0,38296786,0
2021-09-02,189941,0,38486727,0
2021-09-03,191339,0,38678066,0
2021-09-04,131481,0,38809547,0
2021-09-05,87868,0,38897415,0
2021-09-06,193661,0,39091076,0
2021-09-07,196064,0,39287140,0
2021-09-08,187908,0,39475048,0
2021-09-09,201473,0,39676521,0
2021-09-10,198110,0,39874631,0
2021-09-11,141329,0,40015960,0
2021-09-12,89602,0,40105562,0
2021-09-13,191164,550,40296726,550
2021-09-14,177265,573,40473991,1123
2021-09-15,163126,575,40637117,1698
2021-09-16,160101,918,40797218,2616
2021-09-17,150175,1111,40947393,3727
2021-09-18,127982,731,41075375,4458
2021-09-19,81129,491,41156504,4949
2021-09-20,180078,9070,41336582,14019
2021-09-21,166634,8828,41503216,22847
2021-09-22,159081,9429,41662297,32276
2021-09-23,138083,9319,41800380,41595
2021-09-24,140543,8948,41940923,50543
2021-09-25,119551,5633,42060474,56176
2021-09-26,71954,4338,42132428,60514
2021-09-27,135635,10043,42268063,70557
2021-09-28,117491,11381,42385554,81938
2021-09-29,112332,11824,42497886,93762
2021-09-30,110226,14944,42608112,108706
2021-10-01,94974,19104,42703086,127810
2021-10-02,78484,14011,42781570,141821
2021-10-03,47735,7656,42829305,149477
2021-10-04,88376,34442,42917681,183919
2021-10-05,80367,33968,42998048,217887
2021-10-06,71981,34156,43070029,252043
2021-10-07,71853,34343,43141882,286386
2021-10-08,80626,33588,43222508,319974
2021-10-09,76103,22168,43298611,342142
2021-10-10,45774,13614,43344385,355756
2021-10-11,87413,41101,43431798,396857
2021-10-12,84492,46894,43516290,443751
2021-10-13,88189,52110,43604479,495861
2021-10-14,91527,58503,43696006,554364
2021-10-15,93589,55623,43789595,609987
2021-10-16,82962,36779,43872557,646766
2021-10-17,51461,23824,43924018,670590
2021-10-18,90292,59481,44014310,730071
2021-10-19,78347,69369,44092657,799440
2021-10-20,75076,78161,44167733,877601
2021-10-21,78301,81749,44246034,959350
2021-10-22,73793,77017,44319827,1036367
2021-10-23,60815,51951,44380642,1088318
2021-10-24,33377,23452,44414019,1111770
2021-10-25,64905,81622,44478924,1193392
2021-10-26,58376,91774,44537300,1285166
2021-10-27,58332,103965,44595632,1389131
2021-10-28,61469,114097,44657101,1503228
2021-10-29,61662,103109,44718763,1606337
2021-10-30,50671,68113,44769434,1674450
2021-10-31,25164,28288,44794598,1702738
2021-11-01,19046,28148,44813644,1730886
2021-11-02,62767,89370,44876411,1820256
2021-11-03,60739,118656,44937150,1938912
2021-11-04,59245,126659,44996395,2065571
2021-11-05,63095,135167,45059490,2200738
2021-11-06,46474,90922,45105964,2291660
2021-11-07,22254,37893,45128218,2329553
2021-11-08,51530,131259,45179748,2460812
2021-11-09,45402,144195,45225150,2605007
2021-11-10,42580,156345,45267730,2761352
2021-11-11,44935,155136,45312665,2916488
2021-11-12,46374,158571,45359039,3075059
2021-11-13,33252,116647,45392291,3191706
2021-11-14,14480,52446,45406771,3244152
2021-11-15,36896,157422,45443667,3401574
2021-11-16,30545,171375,45474212,3572949
2021-11-17,28449,178435,45502661,3751384
2021-11-18,30281,193712,45532942,3945096
2021-11-19,28801,205849,45561743,4150945
2021-11-20,20993,156434,45582736,4307379
2021-11-21,10610,64855,45593346,4372234
2021-11-22,21935,213139,45615281,4585373
2021-11-23,23563,241741,45638844,4827114
2021-11-24,27838,270943,45666682,5098057
2021-11-25,23232,301897,45689914,5399954
2021-11-26,24579,318263,45714493,5718217
2021-11-27,21377,266151,45735870,5984368
2021-11-28,9896,137054,45745766,6121422
2021-11-29,22319,326061,45768085,6447483
2021-11-30,23081,365820,45791166,6813303
2021-12-01,21513,413500,45812679,7226803
2021-12-02,23754,440378,45836433,7667181
2021-12-03,25236,467452,45861669,8134633
2021-12-04,22353,418727,45884022,8553360
2021-12-05,11910,261329,45895932,8814689
2021-12-06,25807,457563,45921739,9272252
2021-12-07,24116,480249,45945855,9752501
2021-12-08,10000,249678,45955855,10002179
2021-12-09,31568,491916,45987423,10494095
2021-12-10,28057,517866,46015480,11011961
2021-12-11,23548,459241,46039028,11471202
2021-12-12,12300,293496,46051328,11764698
2021-12-13,26134,467620,46077462,12232318
2021-12-14,25159,494188,46102621,12726506
2021-12-15,25309,517129,46127930,13243635
2021-12-16,27867,520239,46155797,13763874
2021-12-17,29349,517162,46185146,14281036
2021-12-18,27029,468712,46212175,14749748
2021-12-19,15131,300513,46227306,15050261
2021-12-20,30613,477472,46257919,15527733
2021-12-21,30350,493380,46288269,16021113
2021-12-22,29431,484698,46317700,16505811
2021-12-23,28225,426896,46345925,16932707
2021-12-24,13109,210820,46359034,17143527
2021-12-25,2101,33052,46361135,17176579
2021-12-26,8752,159065,46369887,17335644
2021-12-27,46759,504651,46416646,17840295
2021-12-28,42425,554204,46459071,18394499
2021-12-29,34316,550626,46493387,18945125
2021-12-30,31801,499819,46525188,19444944
2021-12-31,14105,247394,46539293,19692338
2022-01-01,3493,64813,46542786,19757151
2022-01-02,22740,276717,46565526,20033868
2022-01-03,47800,520006,46613326,20553874
2022-01-04,46299,572074,46659625,21125948
2022-01-05,40686,560381,46700311,21686329
2022-01-06,23449,274481,46723760,21960810
2022-01-07,63629,554178,46787389,22514988
2022-01-08,60783,503377,46848172,23018365
2022-01-09,42774,319685,46890946,23338050
2022-01-10,61002,542277,46951948,23880327
2022-01-11,61643,586981,47013591,24467308
2022-01-12,58371,581271,47071962,25048579
2022-01-13,58538,580374,47130500,25628953
2022-01-14,46710,588562,47177210,26217515
2022-01-15,39288,569936,47216498,26787451
2022-01-16,31128,341849,47247626,27129300
2022-01-17,54718,489645,47302344,27618945
2022-01-18,58326,517010,47360670,28135955
2022-01-19,57138,502783,47417808,28638738
2022-01-20,54284,498809,47472092,29137547
2022-01-21,42012,493867,47514104,29631414
2022-01-22,31098,469592,47545202,30101006
2022-01-23,34891,275365,47580093,30376371
2022-01-24,56130,437209,47636223,30813580
2022-01-25,61507,452086,47697730,31265666
2022-01-26,58495,435817,47756225,31701483
2022-01-27,48791,432353,47805016,32133836
2022-01-28,58644,436528,47863660,32570364
2022-01-29,68058,412480,47931718,32982844
2022-01-30,50342,235966,47982060,33218810
2022-01-31,60582,356921,48042642,33575731
2022-02-01,65500,328431,48108142,33904162
2022-02-02,63145,296966,48171287,34201128
2022-02-03,60015,274513,48231302,34475641
2022-02-04,72334,268448,48303636,34744089
2022-02-05,83719,248526,48387355,34992615
2022-02-06,55265,116194,48442620,35108809
2022-02-07,65111,199930,48507731,35308739
2022-02-08,66905,186101,48574636,35494840
2022-02-09,58732,166331,48633368,35661171
2022-02-10,58528,163231,48691896,35824402
2022-02-11,62217,162453,48754113,35986855
2022-02-12,71947,152136,48826060,36138991
2022-02-13,41462,68849,48867522,36207840
2022-02-14,46659,116183,48914181,36324023
2022-02-15,48506,123476,48962687,36447499
2022-02-16,45661,106111,49008348,36553610
2022-02-17,42851,98100,49051199,36651710
2022-02-18,46597,112569,49097796,36764279
2022-02-19,52516,100327,49150312,36864606
2022-02-20,31409,40360,49181721,36904966
2022-02-21,37885,89643,49219606,36994609
2022-02-22,37209,83769,49256815,37078378
2022-02-23,33373,79404,49290188,37157782
2022-02-24,32546,78160,49322734,37235942
2022-02-25,34745,90705,49357479,37326647
2022-02-26,39144,89132,49396623,37415779
2022-02-27,22540,35855,49419163,37451634
2022-02-28,28466,81691,49447629,37533325
2022-03-01,22701,53936,49470330,37587261
2022-03-02,21987,50627,49492317,37637888
2022-03-03,22600,54941,49514917,37692829
2022-03-04,23211,62792,49538128,37755621
2022-03-05,23783,57951,49561911,37813572
2022-03-06,9471,17200,49571382,37830772
2022-03-07,15898,51390,49587280,37882162
2022-03-08,15452,48795,49602732,37930957
2022-03-09,13802,46514,49616534,37977471
2022-03-10,14030,52115,49630564,38029586
2022-03-11,15567,57251,49646131,38086837
2022-03-12,15491,56614,49661622,38143451
2022-03-13,5542,16849,49667164,38160300
2022-03-14,10517,46691,49677681,38206991
2022-03-15,10535,46892,49688216,38253883
2022-03-16,9472,41978,49697688,38295861
2022-03-17,9699,44874,49707387,38340735
2022-03-18,10150,49051,49717537,38389786
2022-03-19,9144,46532,49726681,38436318
2022-03-20,2607,11699,49729288,38448017
2022-03-21,7573,40223,49736861,38488240
2022-03-22,8440,37748,49745301,38525988
2022-03-23,7204,33695,49752505,38559683
2022-03-24,8247,38795,49760752,38598478
2022-03-25,8128,43665,49768880,38642143
2022-03-26,8120,41723,49777000,38683866
2022-03-27,2428,9683,49779428,38693549
2022-03-28,6099,35230,49785527,38728779
2022-03-29,5773,32523,49791300,38761302
2022-03-30,5556,30193,49796856,38791495
2022-03-31,5883,33174,49802739,38824669
2022-04-01,4340,25187,49807079,38849856
2022-04-02,4489,23272,49811568,38873128
2022-04-03,1048,4499,49812616,38877627
2022-04-04,3655,21530,49816271,38899157
2022-04-05,3747,22925,49820018,38922082
2022-04-06,4098,21845,49824116,38943927
2022-04-07,3956,23317,49828072,38967244
2022-04-08,4684,26709,49832756,38993953
2022-04-09,4375,23885,49837131,39017838
2022-04-10,893,4614,49838024,39022452
2022-04-11,3802,22683,49841826,39045135
2022-04-12,3356,21777,49845182,39066912
2022-04-13,3560,21333,49848742,39088245
2022-04-14,3484,23776,49852226,39112021
2022-04-15,3078,20615,49855304,39132636
2022-04-16,2149,11921,49857453,39144557
2022-04-17,63,348,49857516,39144905
2022-04-18,149,650,49857665,39145555
2022-04-19,3489,21978,49861154,39167533
2022-04-20,3500,20249,49864654,39187782
2022-04-21,2839,19781,49867493,39207563
2022-04-22,2917,20696,49870410,39228259
2022-04-23,2637,16209,49873047,39244468
2022-04-24,509,2335,49873556,39246803
2022-04-25,183,1165,49873739,39247968
2022-04-26,2759,17791,49876498,39265759
2022-04-27,2365,15783,49878863,39281542
2022-04-28,2350,15534,49881213,39297076
2022-04-29,2291,14836,49883504,39311912
2022-04-30,2121,11576,49885625,39323488
2022-05-01,113,530,49885738,39324018
2022-05-02,1443,9382,49887181,39333400
2022-05-03,1572,10309,49888753,39343709
2022-05-04,1743,10255,49890496,39353964
2022-05-05,1647,10272,49892143,39364236
2022-05-06,1694,10944,49893837,39375180
2022-05-07,1431,8563,49895268,39383743
2022-05-08,404,1514,49895672,39385257
2022-05-09,1024,8917,49896696,39394174
2022-05-10,1418,9536,49898114,39403710
2022-05-11,1479,10087,49899593,39413797
2022-05-12,1368,10119,49900961,39423916
2022-05-13,1587,10509,49902548,39434425
2022-05-14,1357,8226,49903905,39442651
2022-05-15,336,1129,49904241,39443780
2022-05-16,812,8388,49905053,39452168
2022-05-17,1241,8671,49906294,39460839
2022-05-18,1368,9216,49907662,39470055
2022-05-19,1498,9267,49909160,39479322
2022-05-20,1419,9492,49910579,39488814
2022-05-21,1299,7892,49911878,39496706
2022-05-22,231,1012,49912109,39497718
2022-05-23,826,8261,49912935,39505979
2022-05-24,1070,8665,49914005,39514644
2022-05-25,1364,9444,49915369,39524088
2022-05-26,1194,9453,49916563,39533541
2022-05-27,1225,9910,49917788,39543451
2022-05-28,1202,7873,49918990,39551324
2022-05-29,285,1264,49919275,39552588
2022-05-30,930,8026,49920205,39560614
2022-05-31,1033,8531,49921238,39569145
2022-06-01,892,7644,49922130,39576789
2022-06-02,35,474,49922165,39577263
2022-06-03,813,7327,49922978,39584590
2022-06-04,870,5155,49923848,39589745
2022-06-05,89,586,49923937,39590331
2022-06-06,672,6964,49924609,39597295
2022-06-07,930,7841,49925539,39605136
2022-06-08,982,7897,49926521,39613033
2022-06-09,1034,8400,49927555,39621433
2022-06-10,955,8545,49928510,39629978
2022-06-11,900,6207,49929410,39636185
2022-06-12,140,767,49929550,39636952
2022-06-13,603,6295,49930153,39643247
2022-06-14,825,7881,49930978,39651128
2022-06-15,950,7845,49931928,39658973
2022-06-16,728,7383,49932656,39666356
2022-06-17,719,7239,49933375,39673595
2022-06-18,776,5589,49934151,39679184
2022-06-19,47,522,49934198,39679706
2022-06-20,587,6694,49934785,39686400
2022-06-21,732,7643,49935517,39694043
2022-06-22,780,7303,49936297,39701346
2022-06-23,649,7455,49936946,39708801
2022-06-24,643,7472,49937589,39716273
2022-06-25,835,6531,49938424,39722804
2022-06-26,128,523,49938552,39723327
2022-06-27,532,7119,49939084,39730446
2022-06-28,744,8208,49939828,39738654
2022-06-29,755,7718,49940583,39746372
2022-06-30,744,8131,49941327,39754503
2022-07-01,577,6436,49941904,39760939
2022-07-02,536,4765,49942440,39765704
2022-07-03,49,456,49942489,39766160
2022-07-04,470,6269,49942959,39772429
2022-07-05,622,8107,49943581,39780536
2022-07-06,626,7594,49944207,39788130
2022-07-07,566,8252,49944773,39796382
2022-07-08,670,8076,49945443,39804458
2022-07-09,549,6103,49945992,39810561
2022-07-10,58,533,49946050,39811094
2022-07-11,484,7629,49946534,39818723
2022-07-12,661,8999,49947195,39827722
2022-07-13,636,10058,49947831,39837780
2022-07-14,630,10219,49948461,39847999
2022-07-15,620,10659,49949081,39858658
2022-07-16,521,7207,49949602,39865865
2022-07-17,48,769,49949650,39866634
2022-07-18,498,9345,49950148,39875979
2022-07-19,573,10644,49950721,39886623
2022-07-20,576,11251,49951297,39897874
2022-07-21,623,12029,49951920,39909903
2022-07-22,580,11215,49952500,39921118
2022-07-23,377,6734,49952877,39927852
2022-07-24,76,834,49952953,39928686
2022-07-25,497,9026,49953450,39937712
2022-07-26,517,9719,49953967,39947431
2022-07-27,542,10145,49954509,39957576
2022-07-28,524,10462,49955033,39968038
2022-07-29,510,9406,49955543,39977444
2022-07-30,381,5849,49955924,39983293
2022-07-31,49,745,49955973,39984038
2022-08-01,385,6817,49956358,39990855
2022-08-02,536,7505,49956894,39998360
2022-08-03,497,7119,49957391,40005479
2022-08-04,448,7404,49957839,40012883
2022-08-05,414,6454,49958253,40019337
2022-08-06,297,3579,49958550,40022916
2022-08-07,44,549,49958594,40023465
2022-08-08,391,4858,49958985,40028323
2022-08-09,383,5263,49959368,40033586
2022-08-10,371,4762,49959739,40038348
2022-08-11,360,4744,49960099,40043092
2022-08-12,285,3684,49960384,40046776
2022-08-13,141,1595,49960525,40048371
2022-08-14,9,128,49960534,40048499
2022-08-15,1,24,49960535,40048523
2022-08-16,281,3018,49960816,40051541
2022-08-17,349,3493,49961165,40055034
2022-08-18,379,4119,49961544,40059153
2022-08-19,332,3297,49961876,40062450
2022-08-20,181,1709,49962057,40064159
2022-08-21,24,145,49962081,40064304
2022-08-22,326,2926,49962407,40067230
2022-08-23,368,3620,49962775,40070850
2022-08-24,377,3267,49963152,40074117
2022-08-25,407,3596,49963559,40077713
2022-08-26,354,3440,49963913,40081153
2022-08-27,224,1731,49964137,40082884
2022-08-28,29,259,49964166,40083143
2022-08-29,224,1957,49964390,40085100