data_somministrazione,vaccinazioni,booster,cum_vaccinazioni,cum_booster
2020-12-27,21,0,21,0
2020-12-28,2,0,23,0
2020-12-29,1,0,24,0
2020-12-30,9,0,33,0
2020-12-31,80,0,113,0
2021-01-01,26,0,139,0
2021-01-02,148,0,287,0
2021-01-03,112,0,399,0
2021-01-04,245,0,644,0
2021-01-05,286,0,930,0
2021-01-06,260,0,1190,0
2021-01-07,328,0,1518,0
2021-01-08,383,0,1901,0
2021-01-09,287,0,2188,0
2021-01-10,170,0,2358,0
2021-01-11,311,0,2669,0
2021-01-12,289,0,2958,0
2021-01-13,421,0,3379,0
2021-01-14,505,0,3884,0
2021-01-15,323,0,4207,0
2021-01-16,225,0,4432,0
2021-01-17,3065,0,7497,0
2021-01-18,5220,0,12717,0
2021-01-19,1895,0,14612,0
2021-01-20,4659,0,19271,0
2021-01-21,20004,0,39275,0
2021-01-22,14220,0,53495,0
2021-01-23,33319,0,86814,0
2021-01-24,30775,0,117589,0
2021-01-25,64698,0,182287,0
2021-01-26,76459,0,258746,0
2021-01-27,64804,0,323550,0
2021-01-28,89247,0,412797,0
2021-01-29,93992,0,506789,0
2021-01-30,86541,0,593330,0
2021-01-31,57322,0,650652,0
2021-02-01,81834,0,732486,0
2021-02-02,82130,0,814616,0
2021-02-03,91104,0,905720,0
2021-02-04,95382,0,1001102,0
2021-02-05,90267,0,1091369,0
2021-02-06,63450,0,1154819,0
2021-02-07,32935,0,1187754,0
2021-02-08,40421,0,1228175,0
2021-02-09,32881,0,1261056,0
2021-02-10,28439,0,1289495,0
2021-02-11,20407,0,1309902,0
2021-02-12,16252,0,1326154,0
2021-02-13,7280,0,1333434,0
2021-02-14,2862,0,1336296,0
2021-02-15,6850,0,1343146,0
2021-02-16,7007,0,1350153,0
2021-02-17,10527,0,1360680,0
2021-02-18,9257,0,1369937,0
2021-02-19,8259,0,1378196,0
2021-02-20,5581,0,1383777,0
2021-02-21,3015,0,1386792,0
2021-02-22,6883,0,1393675,0
2021-02-23,7190,0,1400865,0
2021-02-24,9815,0,1410680,0
2021-02-25,14213,0,1424893,0
2021-02-26,17561,0,1442454,0
2021-02-27,13925,0,1456379,0
2021-02-28,9397,0,1465776,0
2021-03-01,26530,0,1492306,0
2021-03-02,33248,0,1525554,0
2021-03-03,44652,0,1570206,0
2021-03-04,50300,0,1620506,0
2021-03-05,55744,0,1676250,0
2021-03-06,41885,0,1718135,0
2021-03-07,22332,0,1740467,0
2021-03-08,50841,0,1791308,0
2021-03-09,53095,0,1844403,0
2021-03-10,58697,0,1903100,0
2021-03-11,63895,0,1966995,0
2021-03-12,65142,0,2032137,0
2021-03-13,51733,0,2083870,0
2021-03-14,35425,0,2119295,0
2021-03-15,73464,0,2192759,0
2021-03-16,74029,0,2266788,0
2021-03-17,83143,0,2349931,0
2021-03-18,81632,0,2431563,0
2021-03-19,81090,0,2512653,0
2021-03-20,64741,0,2577394,0
2021-03-21,47310,0,2624704,0
2021-03-22,69507,0,2694211,0
2021-03-23,75819,0,2770030,0
2021-03-24,90938,0,2860968,0
2021-03-25,89829,0,2950797,0
2021-03-26,83644,0,3034441,0
2021-03-27,71961,0,3106402,0
2021-03-28,44190,0,3150592,0
2021-03-29,70849,0,3221441,0
2021-03-30,81419,0,3302860,0
2021-03-31,96268,0,3399128,0
2021-04-01,95339,0,3494467,0
2021-04-02,84090,0,3578557,0
2021-04-03,64313,0,3642870,0
2021-04-04,21726,0,3664596,0
2021-04-05,40323,0,3704919,0
2021-04-06,81346,0,3786265,0
2021-04-07,95847,0,3882112,0
2021-04-08,95263,0,3977375,0
2021-04-09,88509,0,4065884,0
2021-04-10,74038,0,4139922,0
2021-04-11,44774,0,4184696,0
2021-04-12,66928,0,4251624,0
2021-04-13,72600,0,4324224,0
2021-04-14,85561,0,4409785,0
2021-04-15,105428,0,4515213,0
2021-04-16,106435,0,4621648,0
2021-04-17,90533,0,4712181,0
2021-04-18,58597,0,4770778,0
2021-04-19,93445,0,4864223,0
2021-04-20,103782,0,4968005,0
2021-04-21,125344,0,5093349,0
2021-04-22,143538,0,5236887,0
2021-04-23,138764,0,5375651,0
2021-04-24,124453,0,5500104,0
2021-04-25,61470,0,5561574,0
2021-04-26,97917,0,5659491,0
2021-04-27,128381,0,5787872,0
2021-04-28,156403,0,5944275,0
2021-04-29,195625,0,6139900,0
2021-04-30,214621,0,6354521,0
2021-05-01,174150,0,6528671,0
2021-05-02,135816,0,6664487,0
2021-05-03,142077,0,6806564,0
2021-05-04,158719,0,6965283,0
2021-05-05,170555,0,7135838,0
2021-05-06,197834,0,7333672,0
2021-05-07,213881,0,7547553,0
2021-05-08,213445,0,7760998,0
2021-05-09,143221,0,7904219,0
2021-05-10,165108,0,8069327,0
2021-05-11,175015,0,8244342,0
2021-05-12,179236,0,8423578,0
2021-05-13,203424,0,8627002,0
2021-05-14,222949,0,8849951,0
2021-05-15,210397,0,9060348,0
2021-05-16,159292,0,9219640,0
2021-05-17,219226,0,9438866,0
2021-05-18,213036,0,9651902,0
2021-05-19,207106,0,9859008,0
2021-05-20,270901,0,10129909,0
2021-05-21,270916,0,10400825,0
2021-05-22,245554,0,10646379,0
2021-05-23,197197,0,10843576,0
2021-05-24,228312,0,11071888,0
2021-05-25,245702,0,11317590,0
2021-05-26,277577,0,11595167,0
2021-05-27,311107,0,11906274,0
2021-05-28,299591,0,12205865,0
2021-05-29,231260,0,12437125,0
2021-05-30,170858,0,12607983,0
2021-05-31,216442,0,12824425,0
2021-06-01,207644,0,13032069,0
2021-06-02,115807,0,13147876,0
2021-06-03,180182,0,13328058,0
2021-06-04,184930,0,13512988,0
2021-06-05,186010,0,13698998,0
2021-06-06,139600,0,13838598,0
2021-06-07,161917,0,14000515,0
2021-06-08,171300,0,14171815,0
2021-06-09,171534,0,14343349,0
2021-06-10,174176,0,14517525,0
2021-06-11,170055,0,14687580,0
2021-06-12,128411,0,14815991,0
2021-06-13,91244,0,14907235,0
2021-06-14,214715,0,15121950,0
2021-06-15,228471,0,15350421,0
2021-06-16,253122,0,15603543,0
2021-06-17,301797,0,15905340,0
2021-06-18,306342,0,16211682,0
2021-06-19,275136,0,16486818,0
2021-06-20,220835,0,16707653,0
2021-06-21,288114,0,16995767,0
2021-06-22,296268,0,17292035,0
2021-06-23,302716,0,17594751,0
2021-06-24,332629,0,17927380,0
2021-06-25,348746,0,18276126,0
2021-06-26,300154,0,18576280,0
2021-06-27,228703,0,18804983,0
2021-06-28,307166,0,19112149,0
2021-06-29,329356,0,19441505,0
2021-06-30,342235,0,19783740,0
2021-07-01,363258,0,20146998,0
2021-07-02,368515,0,20515513,0
2021-07-03,371107,0,20886620,0
2021-07-04,283247,0,21169867,0
2021-07-05,384570,0,21554437,0
2021-07-06,385495,0,21939932,0
2021-07-07,412141,0,22352073,0
2021-07-08,479592,0,22831665,0
2021-07-09,498464,0,23330129,0
2021-07-10,475177,0,23805306,0
2021-07-11,357689,0,24162995,0
2021-07-12,485874,0,24648869,0
2021-07-13,492072,0,25140941,0
2021-07-14,480431,0,25621372,0
2021-07-15,523412,0,26144784,0
2021-07-16,509741,0,26654525,0
2021-07-17,464323,0,27118848,0
2021-07-18,364627,0,27483475,0
2021-07-19,463035,0,27946510,0
2021-07-20,458043,0,28404553,0
2021-07-21,462787,0,28867340,0
2021-07-22,475373,0,29342713,0
2021-07-23,441326,0,29784039,0
2021-07-24,386145,0,30170184,0
2021-07-25,287542,0,30457726,0
2021-07-26,430891,0,30888617,0
2021-07-27,440105,0,31328722,0
2021-07-28,391014,0,31719736,0
2021-07-29,372074,0,32091810,0
2021-07-30,341524,0,32433334,0
2021-07-31,287049,0,32720383,0
2021-08-01,190994,0,32911377,0
2021-08-02,333713,0,33245090,0
2021-08-03,323189,0,33568279,0
2021-08-04,310994,0,33879273,0
2021-08-05,292477,0,34171750,0
2021-08-06,260043,0,34431793,0
2021-08-07,199066,0,34630859,0
2021-08-08,153108,0,34783967,0
2021-08-09,234083,0,35018050,0
2021-08-10,205293,0,35223343,0
2021-08-11,193798,0,35417141,0
2021-08-12,168075,0,35585216,0
2021-08-13,148677,0,35733893,0
2021-08-14,66104,0,35799997,0
2021-08-15,26344,0,35826341,0
2021-08-16,114720,0,35941061,0
2021-08-17,129256,0,36070317,0
2021-08-18,128764,0,36199081,0
2021-08-19,124863,0,36323944,0
2021-08-20,123798,0,36447742,0
2021-08-21,83134,0,36530876,0
2021-08-22,68182,0,36599058,0
2021-08-23,176869,0,36775927,0
2021-08-24,156888,0,36932815,0
2021-08-25,177170,0,37109985,0
2021-08-26,172350,0,37282335,0
2021-08-27,185830,0,37468165,0
2021-08-28,140292,0,37608457,0
2021-08-29,98997,0,37707454,0
2021-08-30,209582,0,37917036,0
2021-08-31,194642,0,38111678,0
2021-09-01,192216,0,38303894,0
2021-09-02,189925,0,38493819,0
2021-09-03,191278,0,38685097,0
2021-09-04,131440,0,38816537,0
2021-09-05,87839,0,38904376,0
2021-09-06,193601,0,39097977,0
2021-09-07,196036,0,39294013,0
2021-09-08,187858,0,39481871,0
2021-09-09,201419,0,39683290,0
2021-09-10,198051,0,39881341,0
2021-09-11,141291,0,40022632,0
2021-09-12,89591,0,40112223,0
2021-09-13,191101,659,40303324,659
2021-09-14,177206,658,40480530,1317
2021-09-15,163079,654,40643609,1971
2021-09-16,160037,1014,40803646,2985
2021-09-17,150152,1174,40953798,4159
2021-09-18,127983,783,41081781,4942
2021-09-19,81142,512,41162923,5454
2021-09-20,180058,9137,41342981,14591
2021-09-21,166674,8865,41509655,23456
2021-09-22,159119,9465,41668774,32921
2021-09-23,138108,9358,41806882,42279
2021-09-24,140550,9020,41947432,51299
2021-09-25,119563,5676,42066995,56975
2021-09-26,71993,4367,42138988,61342
2021-09-27,135673,10086,42274661,71428
2021-09-28,117523,11432,42392184,82860
2021-09-29,112380,11855,42504564,94715
2021-09-30,110294,14985,42614858,109700
2021-10-01,95004,19144,42709862,128844
2021-10-02,78526,14047,42788388,142891
2021-10-03,47761,7671,42836149,150562
2021-10-04,88390,34490,42924539,185052
2021-10-05,80384,34023,43004923,219075
2021-10-06,72010,34217,43076933,253292
2021-10-07,71882,34380,43148815,287672
2021-10-08,80649,33626,43229464,321298
2021-10-09,76114,22202,43305578,343500
2021-10-10,45792,13632,43351370,357132
2021-10-11,87446,41136,43438816,398268
2021-10-12,84518,46937,43523334,445205
2021-10-13,88225,52172,43611559,497377
2021-10-14,91558,58562,43703117,555939
2021-10-15,93599,55686,43796716,611625
2021-10-16,82978,36829,43879694,648454
2021-10-17,51460,23864,43931154,672318
2021-10-18,90301,59526,44021455,731844
2021-10-19,78355,69420,44099810,801264
2021-10-20,75061,78214,44174871,879478
2021-10-21,78282,81824,44253153,961302
2021-10-22,73767,77090,44326920,1038392
2021-10-23,60838,51976,44387758,1090368
2021-10-24,33372,23480,44421130,1113848
2021-10-25,64893,81672,44486023,1195520
2021-10-26,58372,91843,44544395,1287363
2021-10-27,58318,104042,44602713,1391405
2021-10-28,61443,114165,44664156,1505570
2021-10-29,61626,103197,44725782,1608767
2021-10-30,50672,68159,44776454,1676926
2021-10-31,25160,28313,44801614,1705239
2021-11-01,19050,28159,44820664,1733398
2021-11-02,62737,89446,44883401,1822844
2021-11-03,60716,118705,44944117,1941549
2021-11-04,59237,126708,45003354,2068257
2021-11-05,63090,135232,45066444,2203489
2021-11-06,46496,90943,45112940,2294432
2021-11-07,22248,37908,45135188,2332340
2021-11-08,51525,131299,45186713,2463639
2021-11-09,45403,144237,45232116,2607876
2021-11-10,42593,156380,45274709,2764256
2021-11-11,44928,155176,45319637,2919432
2021-11-12,46296,158711,45365933,3078143
2021-11-13,33272,116683,45399205,3194826
2021-11-14,14490,52462,45413695,3247288
2021-11-15,36908,157446,45450603,3404734
2021-11-16,30569,171414,45481172,3576148
2021-11-17,28469,178470,45509641,3754618
2021-11-18,30296,193771,45539937,3948389
2021-11-19,28823,205890,45568760,4154279
2021-11-20,21014,156460,45589774,4310739
2021-11-21,10613,64870,45600387,4375609
2021-11-22,21960,213164,45622347,4588773
2021-11-23,23608,241803,45645955,4830576
2021-11-24,27768,271104,45673723,5101680
2021-11-25,23272,301951,45696995,5403631
2021-11-26,24601,318312,45721596,5721943
2021-11-27,21418,266172,45743014,5988115
2021-11-28,9909,137072,45752923,6125187
2021-11-29,22368,326082,45775291,6451269
2021-11-30,23121,365862,45798412,6817131
2021-12-01,21561,413546,45819973,7230677
2021-12-02,23799,440445,45843772,7671122
2021-12-03,25283,467546,45869055,8138668
2021-12-04,22388,418811,45891443,8557479
2021-12-05,11944,261369,45903387,8818848
2021-12-06,25848,457636,45929235,9276484
2021-12-07,24168,480309,45953403,9756793
2021-12-08,10032,249723,45963435,10006516
2021-12-09,31624,491967,45995059,10498483
2021-12-10,28108,517938,46023167,11016421
2021-12-11,23595,459286,46046762,11475707
2021-12-12,12327,293536,46059089,11769243
2021-12-13,26185,467661,46085274,12236904
2021-12-14,25207,494244,46110481,12731148
2021-12-15,25379,517191,46135860,13248339
2021-12-16,27934,520311,46163794,13768650
2021-12-17,29402,517229,46193196,14285879
2021-12-18,27118,468786,46220314,14754665
2021-12-19,15173,300546,46235487,15055211
2021-12-20,30679,477513,46266166,15532724
2021-12-21,30420,493450,46296586,16026174
2021-12-22,29492,484759,46326078,16510933
2021-12-23,28290,426971,46354368,16937904
2021-12-24,13123,210846,46367491,17148750
2021-12-25,2104,33053,46369595,17181803
2021-12-26,8780,159078,46378375,17340881
2021-12-27,46851,504702,46425226,17845583
2021-12-28,42514,554267,46467740,18399850
2021-12-29,34406,550685,46502146,18950535
2021-12-30,31903,499870,46534049,19450405
2021-12-31,14150,247410,46548199,19697815
2022-01-01,3502,64814,46551701,19762629
2022-01-02,22836,276728,46574537,20039357
2022-01-03,47958,520037,46622495,20559394
2022-01-04,46488,572107,46668983,21131501
2022-01-05,40860,560430,46709843,21691931
2022-01-06,23542,274491,46733385,21966422
2022-01-07,63808,554226,46797193,22520648
2022-01-08,60990,503426,46858183,23024074
2022-01-09,42977,319706,46901160,23343780
2022-01-10,61184,542330,46962344,23886110
2022-01-11,61874,587040,47024218,24473150
2022-01-12,58569,581316,47082787,25054466
2022-01-13,58723,580434,47141510,25634900
2022-01-14,46952,588625,47188462,26223525
2022-01-15,39585,570001,47228047,26793526
2022-01-16,31330,341897,47259377,27135423
2022-01-17,54863,489693,47314240,27625116
2022-01-18,58477,517057,47372717,28142173
2022-01-19,57275,502827,47429992,28645000
2022-01-20,54430,498866,47484422,29143866
2022-01-21,42189,493899,47526611,29637765
2022-01-22,31306,469623,47557917,30107388
2022-01-23,34983,275391,47592900,30382779
2022-01-24,56230,437255,47649130,30820034
2022-01-25,61606,452136,47710736,31272170
2022-01-26,58599,435852,47769335,31708022
2022-01-27,48898,432413,47818233,32140435
2022-01-28,58761,436566,47876994,32577001
2022-01-29,68197,412520,47945191,32989521
2022-01-30,50413,235990,47995604,33225511
2022-01-31,60718,356951,48056322,33582462
2022-02-01,65614,328474,48121936,33910936
2022-02-02,63251,297000,48185187,34207936
2022-02-03,60094,274539,48245281,34482475
2022-02-04,72417,268474,48317698,34750949
2022-02-05,83817,248559,48401515,34999508
2022-02-06,55309,116207,48456824,35115715
2022-02-07,65192,199947,48522016,35315662
2022-02-08,66958,186132,48588974,35501794
2022-02-09,58777,166356,48647751,35668150
2022-02-10,58603,163256,48706354,35831406
2022-02-11,62278,162480,48768632,35993886
2022-02-12,72015,152157,48840647,36146043
2022-02-13,41483,68859,48882130,36214902
2022-02-14,46711,116194,48928841,36331096
2022-02-15,48572,123482,48977413,36454578
2022-02-16,45693,106130,49023106,36560708
2022-02-17,42876,98124,49065982,36658832
2022-02-18,46639,112589,49112621,36771421
2022-02-19,52546,100340,49165167,36871761
2022-02-20,31416,40367,49196583,36912128
2022-02-21,37900,89659,49234483,37001787
2022-02-22,37227,83785,49271710,37085572
2022-02-23,33402,79409,49305112,37164981
2022-02-24,32561,78168,49337673,37243149
2022-02-25,34775,90714,49372448,37333863
2022-02-26,39164,89138,49411612,37423001
2022-02-27,22548,35858,49434160,37458859
2022-02-28,28489,81700,49462649,37540559
2022-03-01,22731,53943,49485380,37594502
2022-03-02,21936,50713,49507316,37645215
2022-03-03,22640,54947,49529956,37700162
2022-03-04,23244,62801,49553200,37762963
2022-03-05,23802,57953,49577002,37820916
2022-03-06,9474,17201,49586476,37838117
2022-03-07,15927,51391,49602403,37889508
2022-03-08,15481,48797,49617884,37938305
2022-03-09,13816,46517,49631700,37984822
2022-03-10,14061,52127,49645761,38036949
2022-03-11,15592,57274,49661353,38094223
2022-03-12,15513,56620,49676866,38150843
2022-03-13,5545,16852,49682411,38167695
2022-03-14,10529,46701,49692940,38214396
2022-03-15,10553,46895,49703493,38261291
2022-03-16,9483,41977,49712976,38303268
2022-03-17,9725,44876,49722701,38348144
2022-03-18,10162,49059,49732863,38397203
2022-03-19,9151,46539,49742014,38443742
2022-03-20,2608,11704,49744622,38455446
2022-03-21,7581,40231,49752203,38495677
2022-03-22,8448,37767,49760651,38533444
2022-03-23,7219,33701,49767870,38567145
2022-03-24,8260,38821,49776130,38605966
2022-03-25,8143,43673,49784273,38649639
2022-03-26,8128,41722,49792401,38691361
2022-03-27,2431,9683,49794832,38701044
2022-03-28,6112,35244,49800944,38736288
2022-03-29,5783,32532,49806727,38768820
2022-03-30,5567,30204,49812294,38799024
2022-03-31,5905,33187,49818199,38832211
2022-04-01,4351,25188,49822550,38857399
2022-04-02,4497,23275,49827047,38880674
2022-04-03,1049,4500,49828096,38885174
2022-04-04,3660,21545,49831756,38906719
2022-04-05,3758,22938,49835514,38929657
2022-04-06,4105,21852,49839619,38951509
2022-04-07,3970,23321,49843589,38974830
2022-04-08,4696,26714,49848285,39001544
2022-04-09,4381,23889,49852666,39025433
2022-04-10,893,4613,49853559,39030046
2022-04-11,3819,22689,49857378,39052735
2022-04-12,3365,21779,49860743,39074514
2022-04-13,3574,21337,49864317,39095851
2022-04-14,3487,23789,49867804,39119640
2022-04-15,3085,20621,49870889,39140261
2022-04-16,2151,11918,49873040,39152179
2022-04-17,63,348,49873103,39152527
2022-04-18,152,650,49873255,39153177
2022-04-19,3499,21984,49876754,39175161
2022-04-20,3513,20250,49880267,39195411
2022-04-21,2848,19792,49883115,39215203
2022-04-22,2928,20714,49886043,39235917
2022-04-23,2648,16222,49888691,39252139
2022-04-24,509,2334,49889200,39254473
2022-04-25,183,1165,49889383,39255638
2022-04-26,2760,17810,49892143,39273448
2022-04-27,2374,15795,49894517,39289243
2022-04-28,2362,15564,49896879,39304807
2022-04-29,2298,14850,49899177,39319657
2022-04-30,2123,11584,49901300,39331241
2022-05-01,113,531,49901413,39331772
2022-05-02,1451,9393,49902864,39341165
2022-05-03,1577,10323,49904441,39351488
2022-05-04,1747,10273,49906188,39361761
2022-05-05,1654,10297,49907842,39372058
2022-05-06,1702,10971,49909544,39383029
2022-05-07,1431,8570,49910975,39391599
2022-05-08,416,1526,49911391,39393125
2022-05-09,1029,8930,49912420,39402055
2022-05-10,1426,9549,49913846,39411604
2022-05-11,1484,10108,49915330,39421712
2022-05-12,1371,10137,49916701,39431849
2022-05-13,1597,10520,49918298,39442369
2022-05-14,1360,8240,49919658,39450609
2022-05-15,336,1136,49919994,39451745
2022-05-16,814,8405,49920808,39460150
2022-05-17,1244,8698,49922052,39468848
2022-05-18,1373,9237,49923425,39478085
2022-05-19,1501,9283,49924926,39487368
2022-05-20,1426,9532,49926352,39496900
2022-05-21,1302,7900,49927654,39504800
2022-05-22,231,1013,49927885,39505813
2022-05-23,830,8272,49928715,39514085
2022-05-24,1073,8673,49929788,39522758
2022-05-25,1372,9460,49931160,39532218
2022-05-26,1198,9480,49932358,39541698
2022-05-27,1232,9915,49933590,39551613
2022-05-28,1205,7887,49934795,39559500
2022-05-29,288,1265,49935083,39560765
2022-05-30,931,8058,49936014,39568823
2022-05-31,1039,8548,49937053,39577371
2022-06-01,895,7658,49937948,39585029
2022-06-02,35,474,49937983,39585503
2022-06-03,817,7334,49938800,39592837
2022-06-04,870,5162,49939670,39597999
2022-06-05,89,586,49939759,39598585
2022-06-06,679,7004,49940438,39605589
2022-06-07,952,7850,49941390,39613439
2022-06-08,981,7906,49942371,39621345
2022-06-09,1037,8418,49943408,39629763
2022-06-10,958,8563,49944366,39638326
2022-06-11,904,6206,49945270,39644532
2022-06-12,140,768,49945410,39645300
2022-06-13,602,6301,49946012,39651601
2022-06-14,832,7904,49946844,39659505
2022-06-15,960,7856,49947804,39667361
2022-06-16,733,7397,49948537,39674758
2022-06-17,724,7249,49949261,39682007
2022-06-18,778,5594,49950039,39687601
2022-06-19,49,521,49950088,39688122
2022-06-20,587,6699,49950675,39694821
2022-06-21,741,7664,49951416,39702485
2022-06-22,779,7312,49952195,39709797
2022-06-23,648,7472,49952843,39717269
2022-06-24,644,7474,49953487,39724743
2022-06-25,835,6533,49954322,39731276
2022-06-26,128,523,49954450,39731799
2022-06-27,534,7125,49954984,39738924
2022-06-28,747,8207,49955731,39747131
2022-06-29,756,7732,49956487,39754863
2022-06-30,747,8146,49957234,39763009
2022-07-01,577,6443,49957811,39769452
2022-07-02,536,4769,49958347,39774221
2022-07-03,49,456,49958396,39774677
2022-07-04,469,6277,49958865,39780954
2022-07-05,631,8122,49959496,39789076
2022-07-06,634,7611,49960130,39796687
2022-07-07,576,8272,49960706,39804959
2022-07-08,674,8085,49961380,39813044
2022-07-09,550,6105,49961930,39819149
2022-07-10,58,533,49961988,39819682
2022-07-11,491,7641,49962479,39827323
2022-07-12,668,9031,49963147,39836354
2022-07-13,644,10067,49963791,39846421
2022-07-14,637,10225,49964428,39856646
2022-07-15,627,10672,49965055,39867318
2022-07-16,523,7215,49965578,39874533
2022-07-17,48,770,49965626,39875303
2022-07-18,496,9374,49966122,39884677
2022-07-19,575,10682,49966697,39895359
2022-07-20,582,11276,49967279,39906635
2022-07-21,630,12091,49967909,39918726
2022-07-22,585,11260,49968494,39929986
2022-07-23,381,6775,49968875,39936761
2022-07-24,76,857,49968951,39937618
2022-07-25,503,9052,49969454,39946670
2022-07-26,522,9762,49969976,39956432
2022-07-27,553,10210,49970529,39966642
2022-07-28,532,10535,49971061,39977177
2022-07-29,511,9466,49971572,39986643
2022-07-30,383,5882,49971955,39992525
2022-07-31,49,764,49972004,39993289
2022-08-01,386,6865,49972390,40000154
2022-08-02,546,7590,49972936,40007744
2022-08-03,513,7179,49973449,40014923
2022-08-04,455,7491,49973904,40022414
2022-08-05,421,6526,49974325,40028940
2022-08-06,299,3613,49974624,40032553
2022-08-07,44,563,49974668,40033116
2022-08-08,403,4890,49975071,40038006
2022-08-09,381,5312,49975452,40043318
2022-08-10,385,4816,49975837,40048134
2022-08-11,369,4803,49976206,40052937
2022-08-12,293,3720,49976499,40056657
2022-08-13,143,1600,49976642,40058257
2022-08-14,9,129,49976651,40058386
2022-08-15,1,26,49976652,40058412
2022-08-16,283,3043,49976935,40061455
2022-08-17,352,3536,49977287,40064991
2022-08-18,392,4160,49977679,40069151
2022-08-19,342,3319,49978021,40072470
2022-08-20,183,1715,49978204,40074185
2022-08-21,24,149,49978228,40074334
2022-08-22,329,2952,49978557,40077286
2022-08-23,370,3674,49978927,40080960
2022-08-24,384,3360,49979311,40084320
2022-08-25,422,3774,49979733,40088094
2022-08-26,399,3575,49980132,40091669
2022-08-27,237,1769,49980369,40093438
2022-08-28,29,267,49980398,40093705
2022-08-29,354,3161,49980752,40096866
2022-08-30,405,3671,49981157,40100537
2022-08-31,438,3734,49981595,40104271
2022-09-01,353,3116,49981948,40107387
2022-09-02,296,2893,49982244,40110280
2022-09-03,200,1689,49982444,40111969
2022-09-04,24,149,49982468,40112118
2022-09-05,187,2656,49982655,40114774
2022-09-06,306,2983,49982961,40117757
2022-09-07,541,2937,49983502,40120694
2022-09-08,293,2963,49983795,40123657
2022-09-09,305,2886,49984100,40126543
2022-09-10,228,1326,49984328,40127869
2022-09-11,23,124,49984351,40127993
2022-09-12,267,2267,49984618,40130260
2022-09-13,252,2276,49984870,40132536
2022-09-14,266,2566,49985136,40135102
2022-09-15,282,2501,49985418,40137603
2022-09-16,255,2546,49985673,40140149
2022-09-17,239,1339,49985912,40141488
2022-09-18,20,170,49985932,40141658
2022-09-19,206,1971,49986138,40143629
2022-09-20,237,2392,49986375,40146021
2022-09-21,289,2526,49986664,40148547
2022-09-22,267,2663,49986931,40151210
2022-09-23,259,2545,49987190,40153755
2022-09-24,193,1427,49987383,40155182
2022-09-25,29,133,49987412,40155315
2022-09-26,280,2248,49987692,40157563
2022-09-27,287,2683,49987979,40160246
2022-09-28,310,2904,49988289,40163150
2022-09-29,257,3048,49988546,40166198
2022-09-30,292,2989,49988838,40169187
2022-10-01,195,1515,49989033,40170702
2022-10-02,12,187,49989045,40170889
2022-10-03,185,2474,49989230,40173363
2022-10-04,236,2862,49989466,40176225
2022-10-05,229,3252,49989695,40179477
2022-10-06,243,3874,49989938,40183351
2022-10-07,282,4189,49990220,40187540
2022-10-08,203,2270,49990423,40189810
2022-10-09,8,305,49990431,40190115
2022-10-10,210,3356,49990641,40193471
2022-10-11,194,4378,49990835,40197849
2022-10-12,209,4441,49991044,40202290
2022-10-13,203,5304,49991247,40207594
2022-10-14,232,5024,49991479,40212618
2022-10-15,190,2671,49991669,40215289
2022-10-16,6,360,49991675,40215649
2022-10-17,186,3871,49991861,40219520
2022-10-18,257,4966,49992118,40224486
2022-10-19,244,5477,49992362,40229963
2022-10-20,224,5995,49992586,40235958
2022-10-21,250,5477,49992836,40241435
2022-10-22,195,2911,49993031,40244346
2022-10-23,13,364,49993044,40244710
2022-10-24,171,3930,49993215,40248640
2022-10-25,253,4926,49993468,40253566
2022-10-26,347,5502,49993815,40259068
2022-10-27,241,5671,49994056,40264739
2022-10-28,199,5262,49994255,40270001
2022-10-29,128,2844,49994383,40272845
2022-10-30,3,328,49994386,40273173
2022-10-31,117,3040,49994503,40276213
2022-11-01,11,353,49994514,40276566
2022-11-02,143,3721,49994657,40280287
2022-11-03,174,4786,49994831,40285073
2022-11-04,226,4603,49995057,40289676
2022-11-05,144,2597,49995201,40292273
2022-11-06,10,261,49995211,40292534
2022-11-07,169,3225,49995380,40295759
2022-11-08,260,4247,49995640,40300006
2022-11-09,197,4331,49995837,40304337
2022-11-10,183,4586,49996020,40308923
2022-11-11,193,4219,49996213,40313142
2022-11-12,152,2370,49996365,40315512
2022-11-13,7,335,49996372,40315847
2022-11-14,149,2838,49996521,40318685
2022-11-15,202,3747,49996723,40322432
2022-11-16,217,3983,49996940,40326415
2022-11-17,191,4099,49997131,40330514
2022-11-18,247,4030,49997378,40334544
2022-11-19,112,2104,49997490,40336648
2022-11-20,24,317,49997514,40336965
2022-11-21,119,2620,49997633,40339585
2022-11-22,142,3212,49997775,40342797
2022-11-23,191,3618,49997966,40346415
2022-11-24,156,3830,49998122,40350245
2022-11-25,185,3778,49998307,40354023
2022-11-26,131,2092,49998438,40356115
2022-11-27,22,356,49998460,40356471
2022-11-28,181,2673,49998641,40359144
2022-11-29,183,3222,49998824,40362366
2022-11-30,181,3724,49999005,40366090
2022-12-01,222,3617,49999227,40369707
2022-12-02,156,3516,49999383,40373223
2022-12-03,105,1958,49999488,40375181
2022-12-04,5,290,49999493,40375471
2022-12-05,128,2849,49999621,40378320
2022-12-06,176,3641,49999797,40381961
2022-12-07,135,3120,49999932,40385081
2022-12-08,8,169,49999940,40385250
2022-12-09,159,3010,50000099,40388260
2022-12-10,78,1599,50000177,40389859
2022-12-11,7,193,50000184,40390052
2022-12-12,169,2517,50000353,40392569
2022-12-13,254,3020,50000607,40395589
2022-12-14,222,3187,50000829,40398776
2022-12-15,203,3219,50001032,40401995
2022-12-16,162,3123,50001194,40405118
2022-12-17,94,1664,50001288,40406782
2022-12-18,10,270,50001298,40407052
2022-12-19,140,2127,50001438,40409179
2022-12-20,211,2443,50001649,40411622
2022-12-21,150,2116,50001799,40413738
2022-12-22,135,1771,50001934,40415509
2022-12-23,72,663,50002006,40416172