data_somministrazione,vaccinazioni,booster,cum_vaccinazioni,cum_booster
2020-12-27,16,0,16,0
2020-12-28,2,0,18,0
2020-12-29,1,0,19,0
2020-12-30,3,0,22,0
2020-12-31,34,0,56,0
2021-01-01,12,0,68,0
2021-01-02,53,0,121,0
2021-01-03,46,0,167,0
2021-01-04,124,0,291,0
2021-01-05,165,0,456,0
2021-01-06,135,0,591,0
2021-01-07,203,0,794,0
2021-01-08,247,0,1041,0
2021-01-09,174,0,1215,0
2021-01-10,110,0,1325,0
2021-01-11,200,0,1525,0
2021-01-12,207,0,1732,0
2021-01-13,313,0,2045,0
2021-01-14,414,0,2459,0
2021-01-15,252,0,2711,0
2021-01-16,168,0,2879,0
2021-01-17,3050,0,5929,0
2021-01-18,5186,0,11115,0
2021-01-19,1876,0,12991,0
2021-01-20,4650,0,17641,0
2021-01-21,20007,0,37648,0
2021-01-22,14195,0,51843,0
2021-01-23,33356,0,85199,0
2021-01-24,30793,0,115992,0
2021-01-25,64774,0,180766,0
2021-01-26,76548,0,257314,0
2021-01-27,64875,0,322189,0
2021-01-28,89340,0,411529,0
2021-01-29,94072,0,505601,0
2021-01-30,86615,0,592216,0
2021-01-31,57349,0,649565,0
2021-02-01,81903,0,731468,0
2021-02-02,82168,0,813636,0
2021-02-03,91215,0,904851,0
2021-02-04,95376,0,1000227,0
2021-02-05,90295,0,1090522,0
2021-02-06,63729,0,1154251,0
2021-02-07,32919,0,1187170,0
2021-02-08,40410,0,1227580,0
2021-02-09,32842,0,1260422,0
2021-02-10,28387,0,1288809,0
2021-02-11,20353,0,1309162,0
2021-02-12,16179,0,1325341,0
2021-02-13,7217,0,1332558,0
2021-02-14,2856,0,1335414,0
2021-02-15,6823,0,1342237,0
2021-02-16,6974,0,1349211,0
2021-02-17,10493,0,1359704,0
2021-02-18,9215,0,1368919,0
2021-02-19,8163,0,1377082,0
2021-02-20,5474,0,1382556,0
2021-02-21,2947,0,1385503,0
2021-02-22,6836,0,1392339,0
2021-02-23,7104,0,1399443,0
2021-02-24,9789,0,1409232,0
2021-02-25,14171,0,1423403,0
2021-02-26,17486,0,1440889,0
2021-02-27,13855,0,1454744,0
2021-02-28,9345,0,1464089,0
2021-03-01,26441,0,1490530,0
2021-03-02,33172,0,1523702,0
2021-03-03,44592,0,1568294,0
2021-03-04,50203,0,1618497,0
2021-03-05,55625,0,1674122,0
2021-03-06,41841,0,1715963,0
2021-03-07,22290,0,1738253,0
2021-03-08,50526,0,1788779,0
2021-03-09,52909,0,1841688,0
2021-03-10,58525,0,1900213,0
2021-03-11,63742,0,1963955,0
2021-03-12,65011,0,2028966,0
2021-03-13,51649,0,2080615,0
2021-03-14,35344,0,2115959,0
2021-03-15,73363,0,2189322,0
2021-03-16,73986,0,2263308,0
2021-03-17,83000,0,2346308,0
2021-03-18,81584,0,2427892,0
2021-03-19,81015,0,2508907,0
2021-03-20,64640,0,2573547,0
2021-03-21,47246,0,2620793,0
2021-03-22,69403,0,2690196,0
2021-03-23,75692,0,2765888,0
2021-03-24,90777,0,2856665,0
2021-03-25,89701,0,2946366,0
2021-03-26,83487,0,3029853,0
2021-03-27,71816,0,3101669,0
2021-03-28,44035,0,3145704,0
2021-03-29,70687,0,3216391,0
2021-03-30,81243,0,3297634,0
2021-03-31,96086,0,3393720,0
2021-04-01,95193,0,3488913,0
2021-04-02,83976,0,3572889,0
2021-04-03,64245,0,3637134,0
2021-04-04,21687,0,3658821,0
2021-04-05,40256,0,3699077,0
2021-04-06,81217,0,3780294,0
2021-04-07,95717,0,3876011,0
2021-04-08,95147,0,3971158,0
2021-04-09,88376,0,4059534,0
2021-04-10,73941,0,4133475,0
2021-04-11,44699,0,4178174,0
2021-04-12,66836,0,4245010,0
2021-04-13,72494,0,4317504,0
2021-04-14,85418,0,4402922,0
2021-04-15,105292,0,4508214,0
2021-04-16,106301,0,4614515,0
2021-04-17,90392,0,4704907,0
2021-04-18,58528,0,4763435,0
2021-04-19,93379,0,4856814,0
2021-04-20,103681,0,4960495,0
2021-04-21,125263,0,5085758,0
2021-04-22,143416,0,5229174,0
2021-04-23,138589,0,5367763,0
2021-04-24,124342,0,5492105,0
2021-04-25,61385,0,5553490,0
2021-04-26,97791,0,5651281,0
2021-04-27,128260,0,5779541,0
2021-04-28,156237,0,5935778,0
2021-04-29,195408,0,6131186,0
2021-04-30,214401,0,6345587,0
2021-05-01,173989,0,6519576,0
2021-05-02,135728,0,6655304,0
2021-05-03,141888,0,6797192,0
2021-05-04,158581,0,6955773,0
2021-05-05,170344,0,7126117,0
2021-05-06,197676,0,7323793,0
2021-05-07,213643,0,7537436,0
2021-05-08,213278,0,7750714,0
2021-05-09,143071,0,7893785,0
2021-05-10,164982,0,8058767,0
2021-05-11,174799,0,8233566,0
2021-05-12,178960,0,8412526,0
2021-05-13,203157,0,8615683,0
2021-05-14,222732,0,8838415,0
2021-05-15,210147,0,9048562,0
2021-05-16,159149,0,9207711,0
2021-05-17,219065,0,9426776,0
2021-05-18,212860,0,9639636,0
2021-05-19,206913,0,9846549,0
2021-05-20,270653,0,10117202,0
2021-05-21,270666,0,10387868,0
2021-05-22,245390,0,10633258,0
2021-05-23,197102,0,10830360,0
2021-05-24,228205,0,11058565,0
2021-05-25,245597,0,11304162,0
2021-05-26,277351,0,11581513,0
2021-05-27,310944,0,11892457,0
2021-05-28,299420,0,12191877,0
2021-05-29,231056,0,12422933,0
2021-05-30,170744,0,12593677,0
2021-05-31,216294,0,12809971,0
2021-06-01,207532,0,13017503,0
2021-06-02,115661,0,13133164,0
2021-06-03,179886,0,13313050,0
2021-06-04,184603,0,13497653,0
2021-06-05,185725,0,13683378,0
2021-06-06,139299,0,13822677,0
2021-06-07,161609,0,13984286,0
2021-06-08,170845,0,14155131,0
2021-06-09,171174,0,14326305,0
2021-06-10,173717,0,14500022,0
2021-06-11,169635,0,14669657,0
2021-06-12,128052,0,14797709,0
2021-06-13,91003,0,14888712,0
2021-06-14,214467,0,15103179,0
2021-06-15,228224,0,15331403,0
2021-06-16,252951,0,15584354,0
2021-06-17,301576,0,15885930,0
2021-06-18,306113,0,16192043,0
2021-06-19,275014,0,16467057,0
2021-06-20,220640,0,16687697,0
2021-06-21,287974,0,16975671,0
2021-06-22,296098,0,17271769,0
2021-06-23,302669,0,17574438,0
2021-06-24,332515,0,17906953,0
2021-06-25,348655,0,18255608,0
2021-06-26,300055,0,18555663,0
2021-06-27,228657,0,18784320,0
2021-06-28,306941,0,19091261,0
2021-06-29,329200,0,19420461,0
2021-06-30,342035,0,19762496,0
2021-07-01,363059,0,20125555,0
2021-07-02,368466,0,20494021,0
2021-07-03,371128,0,20865149,0
2021-07-04,283176,0,21148325,0
2021-07-05,384506,0,21532831,0
2021-07-06,385416,0,21918247,0
2021-07-07,412090,0,22330337,0
2021-07-08,479872,0,22810209,0
2021-07-09,498623,0,23308832,0
2021-07-10,475318,0,23784150,0
2021-07-11,357847,0,24141997,0
2021-07-12,486059,0,24628056,0
2021-07-13,492364,0,25120420,0
2021-07-14,480647,0,25601067,0
2021-07-15,523642,0,26124709,0
2021-07-16,509893,0,26634602,0
2021-07-17,464620,0,27099222,0
2021-07-18,364857,0,27464079,0
2021-07-19,463286,0,27927365,0
2021-07-20,458198,0,28385563,0
2021-07-21,462894,0,28848457,0
2021-07-22,475427,0,29323884,0
2021-07-23,441338,0,29765222,0
2021-07-24,386177,0,30151399,0
2021-07-25,287607,0,30439006,0
2021-07-26,430940,0,30869946,0
2021-07-27,440154,0,31310100,0
2021-07-28,391032,0,31701132,0
2021-07-29,372095,0,32073227,0
2021-07-30,341423,0,32414650,0
2021-07-31,286961,0,32701611,0
2021-08-01,190844,0,32892455,0
2021-08-02,333713,0,33226168,0
2021-08-03,323133,0,33549301,0
2021-08-04,310927,0,33860228,0
2021-08-05,292537,0,34152765,0
2021-08-06,259953,0,34412718,0
2021-08-07,198937,0,34611655,0
2021-08-08,153063,0,34764718,0
2021-08-09,234108,0,34998826,0
2021-08-10,205134,0,35203960,0
2021-08-11,193583,0,35397543,0
2021-08-12,167775,0,35565318,0
2021-08-13,148388,0,35713706,0
2021-08-14,65993,0,35779699,0
2021-08-15,26302,0,35806001,0
2021-08-16,114523,0,35920524,0
2021-08-17,129098,0,36049622,0
2021-08-18,128558,0,36178180,0
2021-08-19,124621,0,36302801,0
2021-08-20,123638,0,36426439,0
2021-08-21,83046,0,36509485,0
2021-08-22,68114,0,36577599,0
2021-08-23,176712,0,36754311,0
2021-08-24,156915,0,36911226,0
2021-08-25,177028,0,37088254,0
2021-08-26,172226,0,37260480,0
2021-08-27,185751,0,37446231,0
2021-08-28,140108,0,37586339,0
2021-08-29,98978,0,37685317,0
2021-08-30,209447,0,37894764,0
2021-08-31,194423,0,38089187,0
2021-09-01,192049,0,38281236,0
2021-09-02,189722,0,38470958,0
2021-09-03,191186,0,38662144,0
2021-09-04,131391,0,38793535,0
2021-09-05,87802,0,38881337,0
2021-09-06,193565,0,39074902,0
2021-09-07,195812,0,39270714,0
2021-09-08,187802,0,39458516,0
2021-09-09,201340,0,39659856,0
2021-09-10,197940,0,39857796,0
2021-09-11,141190,0,39998986,0
2021-09-12,89513,0,40088499,0
2021-09-13,191090,346,40279589,346
2021-09-14,177155,422,40456744,768
2021-09-15,162970,455,40619714,1223
2021-09-16,159930,788,40779644,2011
2021-09-17,149957,1005,40929601,3016
2021-09-18,127754,655,41057355,3671
2021-09-19,81028,442,41138383,4113
2021-09-20,179801,8956,41318184,13069
2021-09-21,166337,8728,41484521,21797
2021-09-22,158766,9365,41643287,31162
2021-09-23,137743,9241,41781030,40403
2021-09-24,140220,8860,41921250,49263
2021-09-25,119325,5561,42040575,54824
2021-09-26,71789,4294,42112364,59118
2021-09-27,135344,9978,42247708,69096
2021-09-28,117203,11313,42364911,80409
2021-09-29,112012,11759,42476923,92168
2021-09-30,109930,14852,42586853,107020
2021-10-01,94706,19032,42681559,126052
2021-10-02,78236,13987,42759795,140039
2021-10-03,47565,7631,42807360,147670
2021-10-04,88116,34360,42895476,182030
2021-10-05,80145,33907,42975621,215937
2021-10-06,71757,34076,43047378,250013
2021-10-07,71528,34288,43118906,284301
2021-10-08,80385,33495,43199291,317796
2021-10-09,75842,22110,43275133,339906
2021-10-10,45637,13591,43320770,353497
2021-10-11,87141,41004,43407911,394501
2021-10-12,84230,46794,43492141,441295
2021-10-13,87897,52003,43580038,493298
2021-10-14,91178,58393,43671216,551691
2021-10-15,93227,55480,43764443,607171
2021-10-16,82662,36712,43847105,643883
2021-10-17,51269,23783,43898374,667666
2021-10-18,90066,59335,43988440,727001
2021-10-19,78115,69290,44066555,796291
2021-10-20,74829,78044,44141384,874335
2021-10-21,78077,81604,44219461,955939
2021-10-22,73655,76897,44293116,1032836
2021-10-23,60633,51888,44353749,1084724
2021-10-24,33315,23400,44387064,1108124
2021-10-25,64777,81520,44451841,1189644
2021-10-26,58245,91628,44510086,1281272
2021-10-27,58156,103833,44568242,1385105
2021-10-28,61298,113899,44629540,1499004
2021-10-29,61573,102946,44691113,1601950
2021-10-30,50552,68008,44741665,1669958
2021-10-31,25117,28237,44766782,1698195
2021-11-01,19014,28119,44785796,1726314
2021-11-02,62693,89213,44848489,1815527
2021-11-03,60626,118496,44909115,1934023
2021-11-04,59117,126460,44968232,2060483
2021-11-05,62975,134981,45031207,2195464
2021-11-06,46360,90769,45077567,2286233
2021-11-07,22203,37838,45099770,2324071
2021-11-08,51375,131115,45151145,2455186
2021-11-09,45317,143933,45196462,2599119
2021-11-10,42471,156029,45238933,2755148
2021-11-11,44814,154962,45283747,2910110
2021-11-12,46225,158376,45329972,3068486
2021-11-13,33123,116474,45363095,3184960
2021-11-14,14437,52395,45377532,3237355
2021-11-15,36785,157173,45414317,3394528
2021-11-16,30437,171172,45444754,3565700
2021-11-17,28321,178260,45473075,3743960
2021-11-18,30108,193467,45503183,3937427
2021-11-19,28655,205554,45531838,4142981
2021-11-20,20878,156113,45552716,4299094
2021-11-21,10537,64700,45563253,4363794
2021-11-22,21806,212925,45585059,4576719
2021-11-23,23429,241446,45608488,4818165
2021-11-24,27660,270623,45636148,5088788
2021-11-25,23044,301567,45659192,5390355
2021-11-26,24391,317921,45683583,5708276
2021-11-27,21211,265832,45704794,5974108
2021-11-28,9823,136831,45714617,6110939
2021-11-29,22116,325667,45736733,6436606
2021-11-30,22866,365373,45759599,6801979
2021-12-01,21269,412959,45780868,7214938
2021-12-02,23530,440170,45804398,7655108
2021-12-03,24962,467116,45829360,8122224
2021-12-04,22130,418562,45851490,8540786
2021-12-05,11751,261234,45863241,8802020
2021-12-06,25469,457349,45888710,9259369
2021-12-07,23819,479970,45912529,9739339
2021-12-08,9847,249562,45922376,9988901
2021-12-09,31205,491708,45953581,10480609
2021-12-10,27728,517536,45981309,10998145
2021-12-11,23265,459037,46004574,11457182
2021-12-12,12110,293344,46016684,11750526
2021-12-13,25824,467386,46042508,12217912
2021-12-14,24828,493929,46067336,12711841
2021-12-15,24976,516881,46092312,13228722
2021-12-16,27414,519942,46119726,13748664
2021-12-17,28944,516741,46148670,14265405
2021-12-18,26618,468472,46175288,14733877
2021-12-19,14880,300345,46190168,15034222
2021-12-20,30194,477198,46220362,15511420
2021-12-21,29991,493069,46250353,16004489
2021-12-22,28982,484402,46279335,16488891
2021-12-23,27765,426669,46307100,16915560
2021-12-24,12939,210718,46320039,17126278
2021-12-25,2081,33036,46322120,17159314
2021-12-26,8626,159011,46330746,17318325
2021-12-27,46206,504406,46376952,17822731
2021-12-28,41706,553868,46418658,18376599
2021-12-29,33444,550292,46452102,18926891
2021-12-30,31025,499528,46483127,19426419
2021-12-31,13531,247293,46496658,19673712
2022-01-01,3397,64779,46500055,19738491
2022-01-02,22065,276640,46522120,20015131
2022-01-03,46438,520743,46568558,20535874
2022-01-04,44799,572730,46613357,21108604
2022-01-05,38835,561025,46652192,21669629
2022-01-06,22304,274326,46674496,21943955
2022-01-07,61273,554681,46735769,22498636
2022-01-08,58178,503156,46793947,23001792
2022-01-09,40597,319555,46834544,23321347
2022-01-10,58709,542692,46893253,23864039
2022-01-11,58801,587427,46952054,24451466
2022-01-12,55246,581605,47007300,25033071
2022-01-13,55515,580788,47062815,25613859
2022-01-14,43430,588594,47106245,26202453
2022-01-15,35029,568419,47141274,26770872
2022-01-16,28278,341106,47169552,27111978
2022-01-17,52272,490055,47221824,27602033
2022-01-18,55929,517899,47277753,28119932
2022-01-19,54848,503186,47332601,28623118
2022-01-20,52123,499103,47384724,29122221
2022-01-21,39797,494037,47424521,29616258
2022-01-22,28315,469162,47452836,30085420
2022-01-23,33329,275102,47486165,30360522
2022-01-24,54614,437625,47540779,30798147
2022-01-25,60126,452468,47600905,31250615
2022-01-26,57016,436162,47657921,31686777
2022-01-27,47304,432546,47705225,32119323
2022-01-28,57031,436845,47762256,32556168
2022-01-29,66225,411785,47828481,32967953
2022-01-30,49070,235532,47877551,33203485
2022-01-31,59049,357305,47936600,33560790
2022-02-01,64260,328742,48000860,33889532
2022-02-02,62005,297082,48062865,34186614
2022-02-03,59066,274643,48121931,34461257
2022-02-04,71284,268395,48193215,34729652
2022-02-05,82372,247871,48275587,34977523
2022-02-06,54537,115891,48330124,35093414
2022-02-07,64313,200075,48394437,35293489
2022-02-08,65940,186037,48460377,35479526
2022-02-09,57862,166097,48518239,35645623
2022-02-10,57559,162567,48575798,35808190
2022-02-11,61024,160991,48636822,35969181
2022-02-12,68053,143943,48704875,36113124
2022-02-13,41013,67737,48745888,36180861