data_somministrazione,vaccinazioni,booster,cum_vaccinazioni,cum_booster
2020-12-27,22,0,22,0
2020-12-28,2,0,24,0
2020-12-29,1,0,25,0
2020-12-30,9,0,34,0
2020-12-31,86,0,120,0
2021-01-01,28,0,148,0
2021-01-02,159,0,307,0
2021-01-03,120,0,427,0
2021-01-04,260,0,687,0
2021-01-05,297,0,984,0
2021-01-06,272,0,1256,0
2021-01-07,342,0,1598,0
2021-01-08,398,0,1996,0
2021-01-09,304,0,2300,0
2021-01-10,184,0,2484,0
2021-01-11,318,0,2802,0
2021-01-12,296,0,3098,0
2021-01-13,431,0,3529,0
2021-01-14,508,0,4037,0
2021-01-15,330,0,4367,0
2021-01-16,228,0,4595,0
2021-01-17,3066,0,7661,0
2021-01-18,5228,0,12889,0
2021-01-19,1898,0,14787,0
2021-01-20,4660,0,19447,0
2021-01-21,20001,0,39448,0
2021-01-22,14246,0,53694,0
2021-01-23,33311,0,87005,0
2021-01-24,30774,0,117779,0
2021-01-25,64698,0,182477,0
2021-01-26,76461,0,258938,0
2021-01-27,64811,0,323749,0
2021-01-28,89235,0,412984,0
2021-01-29,93993,0,506977,0
2021-01-30,86533,0,593510,0
2021-01-31,57312,0,650822,0
2021-02-01,81837,0,732659,0
2021-02-02,82145,0,814804,0
2021-02-03,91104,0,905908,0
2021-02-04,95387,0,1001295,0
2021-02-05,89118,0,1090413,0
2021-02-06,63451,0,1153864,0
2021-02-07,32934,0,1186798,0
2021-02-08,40428,0,1227226,0
2021-02-09,32891,0,1260117,0
2021-02-10,28449,0,1288566,0
2021-02-11,20418,0,1308984,0
2021-02-12,16263,0,1325247,0
2021-02-13,7295,0,1332542,0
2021-02-14,2864,0,1335406,0
2021-02-15,6855,0,1342261,0
2021-02-16,7011,0,1349272,0
2021-02-17,10529,0,1359801,0
2021-02-18,9266,0,1369067,0
2021-02-19,8264,0,1377331,0
2021-02-20,5595,0,1382926,0
2021-02-21,3023,0,1385949,0
2021-02-22,6891,0,1392840,0
2021-02-23,7195,0,1400035,0
2021-02-24,9828,0,1409863,0
2021-02-25,14222,0,1424085,0
2021-02-26,17572,0,1441657,0
2021-02-27,13942,0,1455599,0
2021-02-28,9399,0,1464998,0
2021-03-01,26541,0,1491539,0
2021-03-02,33252,0,1524791,0
2021-03-03,44663,0,1569454,0
2021-03-04,50318,0,1619772,0
2021-03-05,55761,0,1675533,0
2021-03-06,41891,0,1717424,0
2021-03-07,22334,0,1739758,0
2021-03-08,50850,0,1790608,0
2021-03-09,53105,0,1843713,0
2021-03-10,58714,0,1902427,0
2021-03-11,63928,0,1966355,0
2021-03-12,65173,0,2031528,0
2021-03-13,51738,0,2083266,0
2021-03-14,35436,0,2118702,0
2021-03-15,73477,0,2192179,0
2021-03-16,74036,0,2266215,0
2021-03-17,83162,0,2349377,0
2021-03-18,81659,0,2431036,0
2021-03-19,81114,0,2512150,0
2021-03-20,64755,0,2576905,0
2021-03-21,47319,0,2624224,0
2021-03-22,69528,0,2693752,0
2021-03-23,75842,0,2769594,0
2021-03-24,90963,0,2860557,0
2021-03-25,89787,0,2950344,0
2021-03-26,83667,0,3034011,0
2021-03-27,71977,0,3105988,0
2021-03-28,44200,0,3150188,0
2021-03-29,70867,0,3221055,0
2021-03-30,81436,0,3302491,0
2021-03-31,96293,0,3398784,0
2021-04-01,95371,0,3494155,0
2021-04-02,83821,0,3577976,0
2021-04-03,64318,0,3642294,0
2021-04-04,21727,0,3664021,0
2021-04-05,40330,0,3704351,0
2021-04-06,81370,0,3785721,0
2021-04-07,95861,0,3881582,0
2021-04-08,95290,0,3976872,0
2021-04-09,88525,0,4065397,0
2021-04-10,74052,0,4139449,0
2021-04-11,44773,0,4184222,0
2021-04-12,66935,0,4251157,0
2021-04-13,72614,0,4323771,0
2021-04-14,85576,0,4409347,0
2021-04-15,105440,0,4514787,0
2021-04-16,106447,0,4621234,0
2021-04-17,90541,0,4711775,0
2021-04-18,58602,0,4770377,0
2021-04-19,93452,0,4863829,0
2021-04-20,103788,0,4967617,0
2021-04-21,125347,0,5092964,0
2021-04-22,143538,0,5236502,0
2021-04-23,138774,0,5375276,0
2021-04-24,124465,0,5499741,0
2021-04-25,61475,0,5561216,0
2021-04-26,97929,0,5659145,0
2021-04-27,128400,0,5787545,0
2021-04-28,156415,0,5943960,0
2021-04-29,195640,0,6139600,0
2021-04-30,214632,0,6354232,0
2021-05-01,174158,0,6528390,0
2021-05-02,135826,0,6664216,0
2021-05-03,142107,0,6806323,0
2021-05-04,158736,0,6965059,0
2021-05-05,170571,0,7135630,0
2021-05-06,196142,0,7331772,0
2021-05-07,212018,0,7543790,0
2021-05-08,213467,0,7757257,0
2021-05-09,143247,0,7900504,0
2021-05-10,165121,0,8065625,0
2021-05-11,175044,0,8240669,0
2021-05-12,179277,0,8419946,0
2021-05-13,203472,0,8623418,0
2021-05-14,222985,0,8846403,0
2021-05-15,210417,0,9056820,0
2021-05-16,159313,0,9216133,0
2021-05-17,218879,0,9435012,0
2021-05-18,213042,0,9648054,0
2021-05-19,207134,0,9855188,0
2021-05-20,270956,0,10126144,0
2021-05-21,270961,0,10397105,0
2021-05-22,245583,0,10642688,0
2021-05-23,197212,0,10839900,0
2021-05-24,228372,0,11068272,0
2021-05-25,245734,0,11314006,0
2021-05-26,277598,0,11591604,0
2021-05-27,311142,0,11902746,0
2021-05-28,299434,0,12202180,0
2021-05-29,231288,0,12433468,0
2021-05-30,170866,0,12604334,0
2021-05-31,216479,0,12820813,0
2021-06-01,207688,0,13028501,0
2021-06-02,115836,0,13144337,0
2021-06-03,180242,0,13324579,0
2021-06-04,184989,0,13509568,0
2021-06-05,186082,0,13695650,0
2021-06-06,139653,0,13835303,0
2021-06-07,161982,0,13997285,0
2021-06-08,171390,0,14168675,0
2021-06-09,171591,0,14340266,0
2021-06-10,174262,0,14514528,0
2021-06-11,170154,0,14684682,0
2021-06-12,128495,0,14813177,0
2021-06-13,91326,0,14904503,0
2021-06-14,214766,0,15119269,0
2021-06-15,228534,0,15347803,0
2021-06-16,253190,0,15600993,0
2021-06-17,301863,0,15902856,0
2021-06-18,306426,0,16209282,0
2021-06-19,275200,0,16484482,0
2021-06-20,220876,0,16705358,0
2021-06-21,288171,0,16993529,0
2021-06-22,296317,0,17289846,0
2021-06-23,302750,0,17592596,0
2021-06-24,332659,0,17925255,0
2021-06-25,348809,0,18274064,0
2021-06-26,300181,0,18574245,0
2021-06-27,228746,0,18802991,0
2021-06-28,307234,0,19110225,0
2021-06-29,329418,0,19439643,0
2021-06-30,342296,0,19781939,0
2021-07-01,363323,0,20145262,0
2021-07-02,368586,0,20513848,0
2021-07-03,371140,0,20884988,0
2021-07-04,283265,0,21168253,0
2021-07-05,384601,0,21552854,0
2021-07-06,385531,0,21938385,0
2021-07-07,412176,0,22350561,0
2021-07-08,478986,0,22829547,0
2021-07-09,498475,0,23328022,0
2021-07-10,475180,0,23803202,0
2021-07-11,357677,0,24160879,0
2021-07-12,485886,0,24646765,0
2021-07-13,492057,0,25138822,0
2021-07-14,480455,0,25619277,0
2021-07-15,523424,0,26142701,0
2021-07-16,509766,0,26652467,0
2021-07-17,464315,0,27116782,0
2021-07-18,364613,0,27481395,0
2021-07-19,463088,0,27944483,0
2021-07-20,458064,0,28402547,0
2021-07-21,462839,0,28865386,0
2021-07-22,475404,0,29340790,0
2021-07-23,441362,0,29782152,0
2021-07-24,386132,0,30168284,0
2021-07-25,287534,0,30455818,0
2021-07-26,430913,0,30886731,0
2021-07-27,440156,0,31326887,0
2021-07-28,391043,0,31717930,0
2021-07-29,371925,0,32089855,0
2021-07-30,341594,0,32431449,0
2021-07-31,287054,0,32718503,0
2021-08-01,190992,0,32909495,0
2021-08-02,333754,0,33243249,0
2021-08-03,323242,0,33566491,0
2021-08-04,311058,0,33877549,0
2021-08-05,292539,0,34170088,0
2021-08-06,260119,0,34430207,0
2021-08-07,199094,0,34629301,0
2021-08-08,153120,0,34782421,0
2021-08-09,234137,0,35016558,0
2021-08-10,205369,0,35221927,0
2021-08-11,193856,0,35415783,0
2021-08-12,168166,0,35583949,0
2021-08-13,148781,0,35732730,0
2021-08-14,66117,0,35798847,0
2021-08-15,26346,0,35825193,0
2021-08-16,114791,0,35939984,0
2021-08-17,129327,0,36069311,0
2021-08-18,128821,0,36198132,0
2021-08-19,124931,0,36323063,0
2021-08-20,123885,0,36446948,0
2021-08-21,83153,0,36530101,0
2021-08-22,68184,0,36598285,0
2021-08-23,176932,0,36775217,0
2021-08-24,156960,0,36932177,0
2021-08-25,177235,0,37109412,0
2021-08-26,172413,0,37281825,0
2021-08-27,185733,0,37467558,0
2021-08-28,140307,0,37607865,0
2021-08-29,99003,0,37706868,0
2021-08-30,209640,0,37916508,0
2021-08-31,194703,0,38111211,0
2021-09-01,192295,0,38303506,0
2021-09-02,189973,0,38493479,0
2021-09-03,191311,0,38684790,0
2021-09-04,131429,0,38816219,0
2021-09-05,87835,0,38904054,0
2021-09-06,193629,0,39097683,0
2021-09-07,196091,0,39293774,0
2021-09-08,187867,0,39481641,0
2021-09-09,201432,0,39683073,0
2021-09-10,197874,0,39880947,0
2021-09-11,141284,0,40022231,0
2021-09-12,89582,0,40111813,0
2021-09-13,191124,688,40302937,688
2021-09-14,177221,679,40480158,1367
2021-09-15,163101,672,40643259,2039
2021-09-16,160062,1034,40803321,3073
2021-09-17,150194,1190,40953515,4263
2021-09-18,128012,794,41081527,5057
2021-09-19,81144,518,41162671,5575
2021-09-20,180094,9158,41342765,14733
2021-09-21,166711,8878,41509476,23611
2021-09-22,159150,9474,41668626,33085
2021-09-23,138148,9369,41806774,42454
2021-09-24,140587,9031,41947361,51485
2021-09-25,119585,5689,42066946,57174
2021-09-26,72007,4373,42138953,61547
2021-09-27,135710,10114,42274663,71661
2021-09-28,117545,11455,42392208,83116
2021-09-29,112408,11875,42504616,94991
2021-09-30,110320,15008,42614936,109999
2021-10-01,95024,19152,42709960,129151
2021-10-02,78552,14052,42788512,143203
2021-10-03,47763,7675,42836275,150878
2021-10-04,88423,34507,42924698,185385
2021-10-05,80414,34042,43005112,219427
2021-10-06,72011,34235,43077123,253662
2021-10-07,71895,34390,43149018,288052
2021-10-08,80665,33645,43229683,321697
2021-10-09,76126,22207,43305809,343904
2021-10-10,45798,13634,43351607,357538
2021-10-11,87492,41154,43439099,398692
2021-10-12,84541,46959,43523640,445651
2021-10-13,88257,52192,43611897,497843
2021-10-14,91591,58572,43703488,556415
2021-10-15,93613,55711,43797101,612126
2021-10-16,82994,36843,43880095,648969
2021-10-17,51462,23870,43931557,672839
2021-10-18,90329,59553,44021886,732392
2021-10-19,78381,69445,44100267,801837
2021-10-20,75079,78247,44175346,880084
2021-10-21,78311,81870,44253657,961954
2021-10-22,73787,77119,44327444,1039073
2021-10-23,60844,51984,44388288,1091057
2021-10-24,33364,23490,44421652,1114547
2021-10-25,64930,81689,44486582,1196236
2021-10-26,58398,91881,44544980,1288117
2021-10-27,58323,104059,44603303,1392176
2021-10-28,61472,114200,44664775,1506376
2021-10-29,61625,103227,44726400,1609603
2021-10-30,50672,68166,44777072,1677769
2021-10-31,25158,28315,44802230,1706084
2021-11-01,19049,28162,44821279,1734246
2021-11-02,62769,89467,44884048,1823713
2021-11-03,60721,118736,44944769,1942449
2021-11-04,59248,126732,45004017,2069181
2021-11-05,63111,135253,45067128,2204434
2021-11-06,46491,90953,45113619,2295387
2021-11-07,22248,37909,45135867,2333296
2021-11-08,51531,131321,45187398,2464617
2021-11-09,45416,144250,45232814,2608867
2021-11-10,42600,156405,45275414,2765272
2021-11-11,44938,155218,45320352,2920490
2021-11-12,46312,158741,45366664,3079231
2021-11-13,33270,116696,45399934,3195927
2021-11-14,14490,52464,45414424,3248391
2021-11-15,36912,157476,45451336,3405867
2021-11-16,30579,171449,45481915,3577316
2021-11-17,28477,178500,45510392,3755816
2021-11-18,30314,193807,45540706,3949623
2021-11-19,28837,205921,45569543,4155544
2021-11-20,21015,156474,45590558,4312018
2021-11-21,10615,64877,45601173,4376895
2021-11-22,21963,213185,45623136,4590080
2021-11-23,23620,241859,45646756,4831939
2021-11-24,27743,270649,45674499,5102588
2021-11-25,23252,300994,45697751,5403582
2021-11-26,24611,318335,45722362,5721917
2021-11-27,21423,266201,45743785,5988118
2021-11-28,9910,137085,45753695,6125203
2021-11-29,22372,326115,45776067,6451318
2021-11-30,23131,365911,45799198,6817229
2021-12-01,21571,413586,45820769,7230815
2021-12-02,23810,440502,45844579,7671317
2021-12-03,25295,467602,45869874,8138919
2021-12-04,22403,419038,45892277,8557957
2021-12-05,11952,261537,45904229,8819494
2021-12-06,25862,457780,45930091,9277274
2021-12-07,24149,479668,45954240,9756942
2021-12-08,10037,249857,45964277,10006799
2021-12-09,31642,492018,45995919,10498817
2021-12-10,28121,517966,46024040,11016783
2021-12-11,23600,459305,46047640,11476088
2021-12-12,12327,293546,46059967,11769634
2021-12-13,26197,467696,46086164,12237330
2021-12-14,25226,494293,46111390,12731623
2021-12-15,25392,517216,46136782,13248839
2021-12-16,27953,520375,46164735,13769214
2021-12-17,29415,517275,46194150,14286489
2021-12-18,27124,468812,46221274,14755301
2021-12-19,15175,300265,46236449,15055566
2021-12-20,30690,477555,46267139,15533121
2021-12-21,30438,493510,46297577,16026631
2021-12-22,29508,484792,46327085,16511423
2021-12-23,28260,426710,46355345,16938133
2021-12-24,13135,210871,46368480,17149004
2021-12-25,2104,33053,46370584,17182057
2021-12-26,8790,159080,46379374,17341137
2021-12-27,46876,504789,46426250,17845926
2021-12-28,42531,554329,46468781,18400255
2021-12-29,34432,550749,46503213,18951004
2021-12-30,31915,499935,46535128,19450939
2021-12-31,14158,247420,46549286,19698359
2022-01-01,3503,64817,46552789,19763176
2022-01-02,22847,276748,46575636,20039924
2022-01-03,47975,520085,46623611,20560009
2022-01-04,46424,571670,46670035,21131679
2022-01-05,40888,560464,46710923,21692143
2022-01-06,23554,274496,46734477,21966639
2022-01-07,63828,554260,46798305,22520899
2022-01-08,61028,502749,46859333,23023648
2022-01-09,42992,319725,46902325,23343373
2022-01-10,61209,542377,46963534,23885750
2022-01-11,61769,586574,47025303,24472324
2022-01-12,58585,581396,47083888,25053720
2022-01-13,58650,580033,47142538,25633753
2022-01-14,46979,588671,47189517,26222424
2022-01-15,39652,570230,47229169,26792654
2022-01-16,31352,341905,47260521,27134559
2022-01-17,54764,489506,47315285,27624065
2022-01-18,58518,517120,47373803,28141185
2022-01-19,57301,502890,47431104,28644075
2022-01-20,54325,498503,47485429,29142578
2022-01-21,42157,493424,47527586,29636002
2022-01-22,31309,469141,47558895,30105143
2022-01-23,34999,275434,47593894,30380577
2022-01-24,56253,437322,47650147,30817899
2022-01-25,61528,451807,47711675,31269706
2022-01-26,58628,435887,47770303,31705593
2022-01-27,48949,432494,47819252,32138087
2022-01-28,58779,436633,47878031,32574720
2022-01-29,68239,412682,47946270,32987402
2022-01-30,50427,236110,47996697,33223512
2022-01-31,60739,357007,48057436,33580519
2022-02-01,65658,328520,48123094,33909039
2022-02-02,63266,297042,48186360,34206081
2022-02-03,60138,274586,48246498,34480667
2022-02-04,72105,268284,48318603,34748951
2022-02-05,83833,248601,48402436,34997552
2022-02-06,55312,116238,48457748,35113790
2022-02-07,65209,199971,48522957,35313761
2022-02-08,66980,186177,48589937,35499938
2022-02-09,58800,166390,48648737,35666328
2022-02-10,58627,163293,48707364,35829621
2022-02-11,62296,162515,48769660,35992136
2022-02-12,72039,152176,48841699,36144312
2022-02-13,41486,68865,48883185,36213177
2022-02-14,46720,116217,48929905,36329394
2022-02-15,48584,123502,48978489,36452896
2022-02-16,45723,106160,49024212,36559056
2022-02-17,42886,98155,49067098,36657211
2022-02-18,46645,112615,49113743,36769826
2022-02-19,52556,100359,49166299,36870185
2022-02-20,31416,40381,49197715,36910566
2022-02-21,37911,89688,49235626,37000254
2022-02-22,37236,83816,49272862,37084070
2022-02-23,33415,79432,49306277,37163502
2022-02-24,32569,78196,49338846,37241698
2022-02-25,34783,90752,49373629,37332450
2022-02-26,39171,89153,49412800,37421603
2022-02-27,22548,35861,49435348,37457464
2022-02-28,28495,81717,49463843,37539181
2022-03-01,22738,53980,49486581,37593161
2022-03-02,21944,50734,49508525,37643895
2022-03-03,22649,54959,49531174,37698854
2022-03-04,23252,62821,49554426,37761675
2022-03-05,23807,57959,49578233,37819634
2022-03-06,9473,17204,49587706,37836838
2022-03-07,15937,51415,49603643,37888253
2022-03-08,15492,48819,49619135,37937072
2022-03-09,13816,46524,49632951,37983596
2022-03-10,14061,52074,49647012,38035670
2022-03-11,15449,57197,49662461,38092867
2022-03-12,15514,56625,49677975,38149492
2022-03-13,5546,16853,49683521,38166345
2022-03-14,10533,46714,49694054,38213059
2022-03-15,10560,46920,49704614,38259979
2022-03-16,9490,41988,49714104,38301967
2022-03-17,9732,44895,49723836,38346862
2022-03-18,10168,49080,49734004,38395942
2022-03-19,9155,46554,49743159,38442496
2022-03-20,2608,11704,49745767,38454200
2022-03-21,7589,40249,49753356,38494449
2022-03-22,8450,37788,49761806,38532237
2022-03-23,7227,33708,49769033,38565945
2022-03-24,8265,38842,49777298,38604787
2022-03-25,8145,43699,49785443,38648486
2022-03-26,8128,41724,49793571,38690210
2022-03-27,2431,9685,49796002,38699895
2022-03-28,6113,35256,49802115,38735151
2022-03-29,5786,32545,49807901,38767696
2022-03-30,5569,30218,49813470,38797914
2022-03-31,5908,33210,49819378,38831124
2022-04-01,4354,25202,49823732,38856326
2022-04-02,4498,23276,49828230,38879602
2022-04-03,1049,4500,49829279,38884102
2022-04-04,3664,21556,49832943,38905658
2022-04-05,3759,22950,49836702,38928608
2022-04-06,4106,21856,49840808,38950464
2022-04-07,3973,23328,49844781,38973792
2022-04-08,4698,26730,49849479,39000522
2022-04-09,4383,23888,49853862,39024410
2022-04-10,893,4613,49854755,39029023
2022-04-11,3819,22697,49858574,39051720
2022-04-12,3364,21791,49861938,39073511
2022-04-13,3577,21348,49865515,39094859
2022-04-14,3487,23800,49869002,39118659
2022-04-15,3086,20635,49872088,39139294
2022-04-16,2153,11922,49874241,39151216
2022-04-17,63,348,49874304,39151564
2022-04-18,152,650,49874456,39152214
2022-04-19,3500,22001,49877956,39174215
2022-04-20,3514,20255,49881470,39194470
2022-04-21,2849,19802,49884319,39214272
2022-04-22,2929,20720,49887248,39234992
2022-04-23,2648,16222,49889896,39251214
2022-04-24,509,2335,49890405,39253549
2022-04-25,183,1165,49890588,39254714
2022-04-26,2762,17814,49893350,39272528
2022-04-27,2376,15798,49895726,39288326
2022-04-28,2366,15570,49898092,39303896
2022-04-29,2300,14860,49900392,39318756
2022-04-30,2123,11585,49902515,39330341
2022-05-01,113,531,49902628,39330872
2022-05-02,1451,9394,49904079,39340266
2022-05-03,1578,10332,49905657,39350598
2022-05-04,1749,10283,49907406,39360881
2022-05-05,1655,10306,49909061,39371187
2022-05-06,1702,10979,49910763,39382166
2022-05-07,1432,8575,49912195,39390741
2022-05-08,417,1527,49912612,39392268
2022-05-09,1028,8938,49913640,39401206
2022-05-10,1427,9558,49915067,39410764
2022-05-11,1486,10109,49916553,39420873
2022-05-12,1373,10140,49917926,39431013
2022-05-13,1600,10530,49919526,39441543
2022-05-14,1362,8249,49920888,39449792
2022-05-15,336,1138,49921224,39450930
2022-05-16,814,8411,49922038,39459341
2022-05-17,1244,8708,49923282,39468049
2022-05-18,1373,9256,49924655,39477305
2022-05-19,1502,9290,49926157,39486595
2022-05-20,1429,9538,49927586,39496133
2022-05-21,1302,7903,49928888,39504036
2022-05-22,231,1013,49929119,39505049
2022-05-23,831,8275,49929950,39513324
2022-05-24,1073,8675,49931023,39521999
2022-05-25,1372,9460,49932395,39531459
2022-05-26,1201,9484,49933596,39540943
2022-05-27,1235,9919,49934831,39550862
2022-05-28,1205,7890,49936036,39558752
2022-05-29,288,1265,49936324,39560017
2022-05-30,931,8063,49937255,39568080
2022-05-31,1039,8552,49938294,39576632
2022-06-01,897,7657,49939191,39584289
2022-06-02,35,474,49939226,39584763
2022-06-03,819,7334,49940045,39592097
2022-06-04,870,5162,49940915,39597259
2022-06-05,88,586,49941003,39597845
2022-06-06,679,7007,49941682,39604852
2022-06-07,951,7852,49942633,39612704
2022-06-08,981,7911,49943614,39620615
2022-06-09,1037,8421,49944651,39629036
2022-06-10,958,8564,49945609,39637600
2022-06-11,903,6206,49946512,39643806
2022-06-12,140,768,49946652,39644574
2022-06-13,603,6307,49947255,39650881
2022-06-14,833,7908,49948088,39658789
2022-06-15,960,7856,49949048,39666645
2022-06-16,734,7404,49949782,39674049
2022-06-17,724,7250,49950506,39681299
2022-06-18,779,5596,49951285,39686895
2022-06-19,49,521,49951334,39687416
2022-06-20,587,6700,49951921,39694116
2022-06-21,741,7664,49952662,39701780
2022-06-22,779,7314,49953441,39709094
2022-06-23,650,7475,49954091,39716569
2022-06-24,644,7475,49954735,39724044
2022-06-25,836,6533,49955571,39730577
2022-06-26,128,523,49955699,39731100
2022-06-27,534,7128,49956233,39738228
2022-06-28,748,8208,49956981,39746436
2022-06-29,757,7737,49957738,39754173
2022-06-30,748,8146,49958486,39762319
2022-07-01,577,6446,49959063,39768765
2022-07-02,536,4770,49959599,39773535
2022-07-03,49,456,49959648,39773991
2022-07-04,470,6279,49960118,39780270
2022-07-05,631,8122,49960749,39788392
2022-07-06,634,7611,49961383,39796003
2022-07-07,576,8278,49961959,39804281
2022-07-08,677,8087,49962636,39812368
2022-07-09,549,6105,49963185,39818473
2022-07-10,58,533,49963243,39819006
2022-07-11,493,7646,49963736,39826652
2022-07-12,669,9031,49964405,39835683
2022-07-13,645,10068,49965050,39845751
2022-07-14,639,10226,49965689,39855977
2022-07-15,627,10674,49966316,39866651
2022-07-16,523,7215,49966839,39873866
2022-07-17,48,770,49966887,39874636
2022-07-18,496,9378,49967383,39884014
2022-07-19,576,10688,49967959,39894702
2022-07-20,582,11277,49968541,39905979
2022-07-21,633,12096,49969174,39918075
2022-07-22,584,11268,49969758,39929343
2022-07-23,381,6778,49970139,39936121
2022-07-24,76,857,49970215,39936978
2022-07-25,504,9059,49970719,39946037
2022-07-26,522,9765,49971241,39955802
2022-07-27,555,10216,49971796,39966018
2022-07-28,534,10538,49972330,39976556
2022-07-29,510,9468,49972840,39986024
2022-07-30,383,5884,49973223,39991908
2022-07-31,49,764,49973272,39992672
2022-08-01,386,6866,49973658,39999538
2022-08-02,548,7594,49974206,40007132
2022-08-03,515,7188,49974721,40014320
2022-08-04,455,7495,49975176,40021815
2022-08-05,421,6530,49975597,40028345
2022-08-06,300,3613,49975897,40031958
2022-08-07,44,563,49975941,40032521
2022-08-08,403,4890,49976344,40037411
2022-08-09,381,5316,49976725,40042727
2022-08-10,385,4817,49977110,40047544
2022-08-11,370,4806,49977480,40052350
2022-08-12,295,3721,49977775,40056071
2022-08-13,143,1600,49977918,40057671
2022-08-14,9,129,49977927,40057800
2022-08-15,1,26,49977928,40057826
2022-08-16,284,3043,49978212,40060869
2022-08-17,352,3533,49978564,40064402
2022-08-18,395,4165,49978959,40068567
2022-08-19,341,3322,49979300,40071889
2022-08-20,184,1716,49979484,40073605
2022-08-21,24,149,49979508,40073754
2022-08-22,333,2952,49979841,40076706
2022-08-23,370,3674,49980211,40080380
2022-08-24,384,3363,49980595,40083743
2022-08-25,424,3774,49981019,40087517
2022-08-26,400,3586,49981419,40091103
2022-08-27,237,1770,49981656,40092873
2022-08-28,29,267,49981685,40093140
2022-08-29,354,3161,49982039,40096301
2022-08-30,406,3676,49982445,40099977
2022-08-31,438,3734,49982883,40103711
2022-09-01,353,3119,49983236,40106830
2022-09-02,298,2894,49983534,40109724
2022-09-03,200,1692,49983734,40111416
2022-09-04,24,149,49983758,40111565
2022-09-05,187,2657,49983945,40114222
2022-09-06,307,2981,49984252,40117203
2022-09-07,541,2938,49984793,40120141
2022-09-08,293,2965,49985086,40123106
2022-09-09,308,2886,49985394,40125992
2022-09-10,228,1327,49985622,40127319
2022-09-11,23,124,49985645,40127443
2022-09-12,267,2269,49985912,40129712
2022-09-13,255,2280,49986167,40131992
2022-09-14,266,2566,49986433,40134558
2022-09-15,284,2501,49986717,40137059
2022-09-16,255,2544,49986972,40139603
2022-09-17,239,1339,49987211,40140942
2022-09-18,20,170,49987231,40141112
2022-09-19,206,1973,49987437,40143085
2022-09-20,237,2392,49987674,40145477
2022-09-21,289,2528,49987963,40148005
2022-09-22,267,2663,49988230,40150668
2022-09-23,261,2547,49988491,40153215
2022-09-24,193,1427,49988684,40154642
2022-09-25,29,133,49988713,40154775
2022-09-26,281,2249,49988994,40157024
2022-09-27,287,2680,49989281,40159704
2022-09-28,311,2905,49989592,40162609
2022-09-29,257,3051,49989849,40165660
2022-09-30,292,2987,49990141,40168647
2022-10-01,196,1515,49990337,40170162
2022-10-02,12,187,49990349,40170349
2022-10-03,186,2478,49990535,40172827
2022-10-04,236,2865,49990771,40175692
2022-10-05,233,3255,49991004,40178947
2022-10-06,244,3875,49991248,40182822
2022-10-07,285,4186,49991533,40187008
2022-10-08,206,2267,49991739,40189275
2022-10-09,8,305,49991747,40189580
2022-10-10,214,3348,49991961,40192928
2022-10-11,195,4380,49992156,40197308
2022-10-12,211,4436,49992367,40201744
2022-10-13,207,5299,49992574,40207043
2022-10-14,234,5010,49992808,40212053
2022-10-15,191,2669,49992999,40214722
2022-10-16,6,360,49993005,40215082
2022-10-17,187,3873,49993192,40218955
2022-10-18,257,4960,49993449,40223915
2022-10-19,247,5479,49993696,40229394
2022-10-20,227,5997,49993923,40235391
2022-10-21,257,5478,49994180,40240869
2022-10-22,196,2911,49994376,40243780
2022-10-23,13,364,49994389,40244144
2022-10-24,171,3930,49994560,40248074
2022-10-25,256,4927,49994816,40253001
2022-10-26,350,5505,49995166,40258506
2022-10-27,239,5678,49995405,40264184
2022-10-28,202,5265,49995607,40269449
2022-10-29,128,2844,49995735,40272293
2022-10-30,4,328,49995739,40272621
2022-10-31,118,3038,49995857,40275659
2022-11-01,11,353,49995868,40276012
2022-11-02,146,3721,49996014,40279733
2022-11-03,172,4794,49996186,40284527
2022-11-04,228,4602,49996414,40289129
2022-11-05,145,2601,49996559,40291730
2022-11-06,10,261,49996569,40291991
2022-11-07,169,3227,49996738,40295218
2022-11-08,262,4258,49997000,40299476
2022-11-09,202,4336,49997202,40303812
2022-11-10,184,4603,49997386,40308415
2022-11-11,194,4236,49997580,40312651
2022-11-12,161,2378,49997741,40315029
2022-11-13,7,338,49997748,40315367
2022-11-14,150,2843,49997898,40318210
2022-11-15,204,3750,49998102,40321960
2022-11-16,217,4002,49998319,40325962
2022-11-17,195,4113,49998514,40330075
2022-11-18,252,4050,49998766,40334125
2022-11-19,112,2087,49998878,40336212
2022-11-20,24,317,49998902,40336529
2022-11-21,119,2624,49999021,40339153
2022-11-22,140,3224,49999161,40342377
2022-11-23,191,3635,49999352,40346012
2022-11-24,158,3848,49999510,40349860
2022-11-25,184,3781,49999694,40353641
2022-11-26,134,2096,49999828,40355737
2022-11-27,22,356,49999850,40356093
2022-11-28,182,2691,50000032,40358784
2022-11-29,258,3235,50000290,40362019
2022-11-30,182,3738,50000472,40365757
2022-12-01,151,3635,50000623,40369392
2022-12-02,161,3532,50000784,40372924
2022-12-03,106,1999,50000890,40374923
2022-12-04,5,290,50000895,40375213
2022-12-05,129,2861,50001024,40378074
2022-12-06,177,3658,50001201,40381732
2022-12-07,136,3134,50001337,40384866
2022-12-08,8,169,50001345,40385035
2022-12-09,165,3036,50001510,40388071
2022-12-10,71,1602,50001581,40389673
2022-12-11,7,193,50001588,40389866
2022-12-12,172,2534,50001760,40392400
2022-12-13,253,3052,50002013,40395452
2022-12-14,232,3240,50002245,40398692
2022-12-15,207,3298,50002452,40401990
2022-12-16,163,3223,50002615,40405213
2022-12-17,95,1691,50002710,40406904
2022-12-18,10,270,50002720,40407174
2022-12-19,149,2170,50002869,40409344
2022-12-20,212,2532,50003081,40411876
2022-12-21,160,2252,50003241,40414128
2022-12-22,140,1878,50003381,40416006
2022-12-23,154,1223,50003535,40417229
2022-12-24,32,162,50003567,40417391
2022-12-25,0,6,50003567,40417397
2022-12-26,6,42,50003573,40417439
2022-12-27,133,1555,50003706,40418994
2022-12-28,138,1782,50003844,40420776
2022-12-29,92,1710,50003936,40422486
2022-12-30,116,1614,50004052,40424100
2022-12-31,21,273,50004073,40424373
2023-01-01,0,6,50004073,40424379
2023-01-02,48,1129,50004121,40425508
2023-01-03,99,1898,50004220,40427406
2023-01-04,111,2009,50004331,40429415
2023-01-05,99,1913,50004430,40431328
2023-01-06,0,70,50004430,40431398
2023-01-07,53,687,50004483,40432085
2023-01-08,2,97,50004485,40432182
2023-01-09,129,1430,50004614,40433612
2023-01-10,128,1789,50004742,40435401
2023-01-11,119,1771,50004861,40437172
2023-01-12,115,2007,50004976,40439179
2023-01-13,108,1889,50005084,40441068
2023-01-14,66,977,50005150,40442045
2023-01-15,1,67,50005151,40442112
2023-01-16,37,1153,50005188,40443265
2023-01-17,109,1304,50005297,40444569
2023-01-18,81,1416,50005378,40445985
2023-01-19,111,1603,50005489,40447588
2023-01-20,158,1402,50005647,40448990
2023-01-21,46,635,50005693,40449625
2023-01-22,2,57,50005695,40449682
2023-01-23,75,781,50005770,40450463
2023-01-24,115,1189,50005885,40451652
2023-01-25,98,1066,50005983,40452718
2023-01-26,54,533,50006037,40453251