data_somministrazione,vaccinazioni,booster,cum_vaccinazioni,cum_booster
2020-12-27,22,0,22,0
2020-12-28,2,0,24,0
2020-12-29,1,0,25,0
2020-12-30,9,0,34,0
2020-12-31,86,0,120,0
2021-01-01,28,0,148,0
2021-01-02,161,0,309,0
2021-01-03,122,0,431,0
2021-01-04,261,0,692,0
2021-01-05,299,0,991,0
2021-01-06,276,0,1267,0
2021-01-07,343,0,1610,0
2021-01-08,398,0,2008,0
2021-01-09,306,0,2314,0
2021-01-10,186,0,2500,0
2021-01-11,319,0,2819,0
2021-01-12,298,0,3117,0
2021-01-13,432,0,3549,0
2021-01-14,512,0,4061,0
2021-01-15,332,0,4393,0
2021-01-16,228,0,4621,0
2021-01-17,3066,0,7687,0
2021-01-18,5228,0,12915,0
2021-01-19,1898,0,14813,0
2021-01-20,4660,0,19473,0
2021-01-21,20001,0,39474,0
2021-01-22,14249,0,53723,0
2021-01-23,33311,0,87034,0
2021-01-24,30774,0,117808,0
2021-01-25,64699,0,182507,0
2021-01-26,76460,0,258967,0
2021-01-27,64811,0,323778,0
2021-01-28,89234,0,413012,0
2021-01-29,93997,0,507009,0
2021-01-30,86532,0,593541,0
2021-01-31,57312,0,650853,0
2021-02-01,81838,0,732691,0
2021-02-02,82143,0,814834,0
2021-02-03,91103,0,905937,0
2021-02-04,95385,0,1001322,0
2021-02-05,89116,0,1090438,0
2021-02-06,63451,0,1153889,0
2021-02-07,32934,0,1186823,0
2021-02-08,40429,0,1227252,0
2021-02-09,32894,0,1260146,0
2021-02-10,28453,0,1288599,0
2021-02-11,20419,0,1309018,0
2021-02-12,16265,0,1325283,0
2021-02-13,7296,0,1332579,0
2021-02-14,2864,0,1335443,0
2021-02-15,6855,0,1342298,0
2021-02-16,7011,0,1349309,0
2021-02-17,10529,0,1359838,0
2021-02-18,9266,0,1369104,0
2021-02-19,8266,0,1377370,0
2021-02-20,5597,0,1382967,0
2021-02-21,3023,0,1385990,0
2021-02-22,6891,0,1392881,0
2021-02-23,7196,0,1400077,0
2021-02-24,9828,0,1409905,0
2021-02-25,14222,0,1424127,0
2021-02-26,17572,0,1441699,0
2021-02-27,13946,0,1455645,0
2021-02-28,9399,0,1465044,0
2021-03-01,26542,0,1491586,0
2021-03-02,33252,0,1524838,0
2021-03-03,44662,0,1569500,0
2021-03-04,50319,0,1619819,0
2021-03-05,55761,0,1675580,0
2021-03-06,41894,0,1717474,0
2021-03-07,22334,0,1739808,0
2021-03-08,50852,0,1790660,0
2021-03-09,53105,0,1843765,0
2021-03-10,58723,0,1902488,0
2021-03-11,63934,0,1966422,0
2021-03-12,65177,0,2031599,0
2021-03-13,51739,0,2083338,0
2021-03-14,35440,0,2118778,0
2021-03-15,73479,0,2192257,0
2021-03-16,74037,0,2266294,0
2021-03-17,83166,0,2349460,0
2021-03-18,81661,0,2431121,0
2021-03-19,81123,0,2512244,0
2021-03-20,64759,0,2577003,0
2021-03-21,47320,0,2624323,0
2021-03-22,69533,0,2693856,0
2021-03-23,75845,0,2769701,0
2021-03-24,90969,0,2860670,0
2021-03-25,89790,0,2950460,0
2021-03-26,83673,0,3034133,0
2021-03-27,71982,0,3106115,0
2021-03-28,44201,0,3150316,0
2021-03-29,70874,0,3221190,0
2021-03-30,81441,0,3302631,0
2021-03-31,96295,0,3398926,0
2021-04-01,95379,0,3494305,0
2021-04-02,83823,0,3578128,0
2021-04-03,64318,0,3642446,0
2021-04-04,21727,0,3664173,0
2021-04-05,40330,0,3704503,0
2021-04-06,81373,0,3785876,0
2021-04-07,95863,0,3881739,0
2021-04-08,95294,0,3977033,0
2021-04-09,88521,0,4065554,0
2021-04-10,74051,0,4139605,0
2021-04-11,44772,0,4184377,0
2021-04-12,66936,0,4251313,0
2021-04-13,72615,0,4323928,0
2021-04-14,85578,0,4409506,0
2021-04-15,105439,0,4514945,0
2021-04-16,106448,0,4621393,0
2021-04-17,90542,0,4711935,0
2021-04-18,58602,0,4770537,0
2021-04-19,93450,0,4863987,0
2021-04-20,103787,0,4967774,0
2021-04-21,125346,0,5093120,0
2021-04-22,143537,0,5236657,0
2021-04-23,138777,0,5375434,0
2021-04-24,124463,0,5499897,0
2021-04-25,61476,0,5561373,0
2021-04-26,97929,0,5659302,0
2021-04-27,128401,0,5787703,0
2021-04-28,156417,0,5944120,0
2021-04-29,195640,0,6139760,0
2021-04-30,214635,0,6354395,0
2021-05-01,174160,0,6528555,0
2021-05-02,135827,0,6664382,0
2021-05-03,142108,0,6806490,0
2021-05-04,158740,0,6965230,0
2021-05-05,170572,0,7135802,0
2021-05-06,196146,0,7331948,0
2021-05-07,212021,0,7543969,0
2021-05-08,213470,0,7757439,0
2021-05-09,143249,0,7900688,0
2021-05-10,165127,0,8065815,0
2021-05-11,175045,0,8240860,0
2021-05-12,179279,0,8420139,0
2021-05-13,203473,0,8623612,0
2021-05-14,222991,0,8846603,0
2021-05-15,210420,0,9057023,0
2021-05-16,159316,0,9216339,0
2021-05-17,218878,0,9435217,0
2021-05-18,213043,0,9648260,0
2021-05-19,207142,0,9855402,0
2021-05-20,270958,0,10126360,0
2021-05-21,270966,0,10397326,0
2021-05-22,245591,0,10642917,0
2021-05-23,197211,0,10840128,0
2021-05-24,228372,0,11068500,0
2021-05-25,245735,0,11314235,0
2021-05-26,277600,0,11591835,0
2021-05-27,311144,0,11902979,0
2021-05-28,299440,0,12202419,0
2021-05-29,231291,0,12433710,0
2021-05-30,170867,0,12604577,0
2021-05-31,216491,0,12821068,0
2021-06-01,207694,0,13028762,0
2021-06-02,115839,0,13144601,0
2021-06-03,180247,0,13324848,0
2021-06-04,184998,0,13509846,0
2021-06-05,186088,0,13695934,0
2021-06-06,139660,0,13835594,0
2021-06-07,161996,0,13997590,0
2021-06-08,171397,0,14168987,0
2021-06-09,171602,0,14340589,0
2021-06-10,174276,0,14514865,0
2021-06-11,170166,0,14685031,0
2021-06-12,128507,0,14813538,0
2021-06-13,91334,0,14904872,0
2021-06-14,214778,0,15119650,0
2021-06-15,228543,0,15348193,0
2021-06-16,253195,0,15601388,0
2021-06-17,301877,0,15903265,0
2021-06-18,306441,0,16209706,0
2021-06-19,275209,0,16484915,0
2021-06-20,220876,0,16705791,0
2021-06-21,288180,0,16993971,0
2021-06-22,296321,0,17290292,0
2021-06-23,302756,0,17593048,0
2021-06-24,332660,0,17925708,0
2021-06-25,348815,0,18274523,0
2021-06-26,300181,0,18574704,0
2021-06-27,228750,0,18803454,0
2021-06-28,307244,0,19110698,0
2021-06-29,329427,0,19440125,0
2021-06-30,342310,0,19782435,0
2021-07-01,363332,0,20145767,0
2021-07-02,368591,0,20514358,0
2021-07-03,371141,0,20885499,0
2021-07-04,283266,0,21168765,0
2021-07-05,384611,0,21553376,0
2021-07-06,385541,0,21938917,0
2021-07-07,412179,0,22351096,0
2021-07-08,478987,0,22830083,0
2021-07-09,498475,0,23328558,0
2021-07-10,475178,0,23803736,0
2021-07-11,357674,0,24161410,0
2021-07-12,485883,0,24647293,0
2021-07-13,492059,0,25139352,0
2021-07-14,480451,0,25619803,0
2021-07-15,523429,0,26143232,0
2021-07-16,509767,0,26652999,0
2021-07-17,464316,0,27117315,0
2021-07-18,364611,0,27481926,0
2021-07-19,463094,0,27945020,0
2021-07-20,458066,0,28403086,0
2021-07-21,462843,0,28865929,0
2021-07-22,475404,0,29341333,0
2021-07-23,441363,0,29782696,0
2021-07-24,386131,0,30168827,0
2021-07-25,287536,0,30456363,0
2021-07-26,430920,0,30887283,0
2021-07-27,440166,0,31327449,0
2021-07-28,391055,0,31718504,0
2021-07-29,371936,0,32090440,0
2021-07-30,341607,0,32432047,0
2021-07-31,287064,0,32719111,0
2021-08-01,190990,0,32910101,0
2021-08-02,333767,0,33243868,0
2021-08-03,323245,0,33567113,0
2021-08-04,311071,0,33878184,0
2021-08-05,292543,0,34170727,0
2021-08-06,260131,0,34430858,0
2021-08-07,199096,0,34629954,0
2021-08-08,153121,0,34783075,0
2021-08-09,234139,0,35017214,0
2021-08-10,205380,0,35222594,0
2021-08-11,193864,0,35416458,0
2021-08-12,168177,0,35584635,0
2021-08-13,148788,0,35733423,0
2021-08-14,66118,0,35799541,0
2021-08-15,26346,0,35825887,0
2021-08-16,114798,0,35940685,0
2021-08-17,129333,0,36070018,0
2021-08-18,128835,0,36198853,0
2021-08-19,124934,0,36323787,0
2021-08-20,123895,0,36447682,0
2021-08-21,83154,0,36530836,0
2021-08-22,68185,0,36599021,0
2021-08-23,176946,0,36775967,0
2021-08-24,156971,0,36932938,0
2021-08-25,177251,0,37110189,0
2021-08-26,172418,0,37282607,0
2021-08-27,185739,0,37468346,0
2021-08-28,140313,0,37608659,0
2021-08-29,99003,0,37707662,0
2021-08-30,209644,0,37917306,0
2021-08-31,194714,0,38112020,0
2021-09-01,192304,0,38304324,0
2021-09-02,189976,0,38494300,0
2021-09-03,191313,0,38685613,0
2021-09-04,131427,0,38817040,0
2021-09-05,87836,0,38904876,0
2021-09-06,193631,0,39098507,0
2021-09-07,196091,0,39294598,0
2021-09-08,187863,0,39482461,0
2021-09-09,201432,0,39683893,0
2021-09-10,197875,0,39881768,0
2021-09-11,141284,0,40023052,0
2021-09-12,89582,0,40112634,0
2021-09-13,191127,689,40303761,689
2021-09-14,177220,682,40480981,1371
2021-09-15,163103,674,40644084,2045
2021-09-16,160056,1041,40804140,3086
2021-09-17,150196,1192,40954336,4278
2021-09-18,128016,795,41082352,5073
2021-09-19,81144,518,41163496,5591
2021-09-20,180095,9161,41343591,14752
2021-09-21,166716,8882,41510307,23634
2021-09-22,159151,9478,41669458,33112
2021-09-23,138151,9369,41807609,42481
2021-09-24,140594,9032,41948203,51513
2021-09-25,119585,5689,42067788,57202
2021-09-26,72008,4374,42139796,61576
2021-09-27,135712,10118,42275508,71694
2021-09-28,117545,11457,42393053,83151
2021-09-29,112405,11877,42505458,95028
2021-09-30,110328,15010,42615786,110038
2021-10-01,95030,19152,42710816,129190
2021-10-02,78553,14053,42789369,143243
2021-10-03,47763,7675,42837132,150918
2021-10-04,88426,34509,42925558,185427
2021-10-05,80416,34044,43005974,219471
2021-10-06,72013,34236,43077987,253707
2021-10-07,71900,34391,43149887,288098
2021-10-08,80668,33647,43230555,321745
2021-10-09,76124,22209,43306679,343954
2021-10-10,45798,13634,43352477,357588
2021-10-11,87497,41157,43439974,398745
2021-10-12,84546,46962,43524520,445707
2021-10-13,88258,52196,43612778,497903
2021-10-14,91594,58576,43704372,556479
2021-10-15,93617,55712,43797989,612191
2021-10-16,82996,36843,43880985,649034
2021-10-17,51461,23871,43932446,672905
2021-10-18,90332,59555,44022778,732460
2021-10-19,78383,69447,44101161,801907
2021-10-20,75078,78253,44176239,880160
2021-10-21,78315,81877,44254554,962037
2021-10-22,73785,77126,44328339,1039163
2021-10-23,60845,51984,44389184,1091147
2021-10-24,33364,23490,44422548,1114637
2021-10-25,64930,81692,44487478,1196329
2021-10-26,58402,91887,44545880,1288216
2021-10-27,58322,104062,44604202,1392278
2021-10-28,61472,114210,44665674,1506488
2021-10-29,61627,103231,44727301,1609719
2021-10-30,50672,68168,44777973,1677887
2021-10-31,25159,28314,44803132,1706201
2021-11-01,19049,28162,44822181,1734363
2021-11-02,62771,89471,44884952,1823834
2021-11-03,60722,118736,44945674,1942570
2021-11-04,59246,126735,45004920,2069305
2021-11-05,63110,135255,45068030,2204560
2021-11-06,46491,90953,45114521,2295513
2021-11-07,22248,37909,45136769,2333422
2021-11-08,51530,131323,45188299,2464745
2021-11-09,45417,144252,45233716,2608997
2021-11-10,42603,156410,45276319,2765407
2021-11-11,44939,155222,45321258,2920629
2021-11-12,46313,158743,45367571,3079372
2021-11-13,33270,116696,45400841,3196068
2021-11-14,14492,52464,45415333,3248532
2021-11-15,36912,157478,45452245,3406010
2021-11-16,30580,171450,45482825,3577460
2021-11-17,28478,178501,45511303,3755961
2021-11-18,30314,193812,45541617,3949773
2021-11-19,28838,205923,45570455,4155696
2021-11-20,21015,156474,45591470,4312170
2021-11-21,10615,64877,45602085,4377047
2021-11-22,21963,213186,45624048,4590233
2021-11-23,23620,241861,45647668,4832094
2021-11-24,27743,270651,45675411,5102745
2021-11-25,23251,300997,45698662,5403742
2021-11-26,24614,318339,45723276,5722081
2021-11-27,21421,266209,45744697,5988290
2021-11-28,9910,137087,45754607,6125377
2021-11-29,22373,326117,45776980,6451494
2021-11-30,23132,365916,45800112,6817410
2021-12-01,21574,413590,45821686,7231000
2021-12-02,23811,440506,45845497,7671506
2021-12-03,25295,467611,45870792,8139117
2021-12-04,22406,419068,45893198,8558185
2021-12-05,11953,261553,45905151,8819738
2021-12-06,25861,457801,45931012,9277539
2021-12-07,24152,479695,45955164,9757234
2021-12-08,10037,249879,45965201,10007113
2021-12-09,31645,492026,45996846,10499139
2021-12-10,28125,517965,46024971,11017104
2021-12-11,23600,459308,46048571,11476412
2021-12-12,12326,293548,46060897,11769960
2021-12-13,26197,467697,46087094,12237657
2021-12-14,25227,494297,46112321,12731954
2021-12-15,25394,517220,46137715,13249174
2021-12-16,27957,520385,46165672,13769559
2021-12-17,29418,517282,46195090,14286841
2021-12-18,27124,468814,46222214,14755655
2021-12-19,15175,300267,46237389,15055922
2021-12-20,30691,477559,46268080,15533481
2021-12-21,30439,493514,46298519,16026995
2021-12-22,29508,484794,46328027,16511789
2021-12-23,28260,426715,46356287,16938504
2021-12-24,13135,210873,46369422,17149377
2021-12-25,2104,33053,46371526,17182430
2021-12-26,8790,159080,46380316,17341510
2021-12-27,46879,504800,46427195,17846310
2021-12-28,42533,554335,46469728,18400645
2021-12-29,34435,550754,46504163,18951399
2021-12-30,31916,499947,46536079,19451346
2021-12-31,14160,247421,46550239,19698767
2022-01-01,3503,64817,46553742,19763584
2022-01-02,22847,276752,46576589,20040336
2022-01-03,47977,520091,46624566,20560427
2022-01-04,46427,571674,46670993,21132101
2022-01-05,40893,560469,46711886,21692570
2022-01-06,23554,274497,46735440,21967067
2022-01-07,63831,554261,46799271,22521328
2022-01-08,61037,502751,46860308,23024079
2022-01-09,42995,319728,46903303,23343807
2022-01-10,61213,542381,46964516,23886188
2022-01-11,61776,586587,47026292,24472775
2022-01-12,58584,581398,47084876,25054173
2022-01-13,58653,580041,47143529,25634214
2022-01-14,46981,588673,47190510,26222887
2022-01-15,39654,570263,47230164,26793150
2022-01-16,31352,341930,47261516,27135080
2022-01-17,54763,489515,47316279,27624595
2022-01-18,58530,517134,47374809,28141729
2022-01-19,57303,502903,47432112,28644632
2022-01-20,54332,498507,47486444,29143139
2022-01-21,42157,493440,47528601,29636579
2022-01-22,31308,469150,47559909,30105729
2022-01-23,35000,275437,47594909,30381166
2022-01-24,56251,437330,47651160,30818496
2022-01-25,61528,451815,47712688,31270311
2022-01-26,58632,435890,47771320,31706201
2022-01-27,48957,432506,47820277,32138707
2022-01-28,58781,436641,47879058,32575348
2022-01-29,68241,412705,47947299,32988053
2022-01-30,50428,236123,47997727,33224176
2022-01-31,60740,357011,48058467,33581187
2022-02-01,65663,328523,48124130,33909710
2022-02-02,63266,297054,48187396,34206764
2022-02-03,60151,274589,48247547,34481353
2022-02-04,72106,268288,48319653,34749641
2022-02-05,83832,248607,48403485,34998248
2022-02-06,55312,116245,48458797,35114493
2022-02-07,65210,199972,48524007,35314465
2022-02-08,66981,186180,48590988,35500645
2022-02-09,58799,166400,48649787,35667045
2022-02-10,58633,163297,48708420,35830342
2022-02-11,62301,162524,48770721,35992866
2022-02-12,72042,152179,48842763,36145045
2022-02-13,41487,68867,48884250,36213912
2022-02-14,46722,116217,48930972,36330129
2022-02-15,48586,123502,48979558,36453631
2022-02-16,45728,106160,49025286,36559791
2022-02-17,42887,98158,49068173,36657949
2022-02-18,46646,112620,49114819,36770569
2022-02-19,52561,100359,49167380,36870928
2022-02-20,31416,40384,49198796,36911312
2022-02-21,37911,89691,49236707,37001003
2022-02-22,37237,83823,49273944,37084826
2022-02-23,33416,79438,49307360,37164264
2022-02-24,32570,78199,49339930,37242463
2022-02-25,34783,90756,49374713,37333219
2022-02-26,39171,89154,49413884,37422373
2022-02-27,22548,35861,49436432,37458234
2022-02-28,28495,81720,49464927,37539954
2022-03-01,22739,53988,49487666,37593942
2022-03-02,21946,50734,49509612,37644676
2022-03-03,22649,54965,49532261,37699641
2022-03-04,23253,62824,49555514,37762465
2022-03-05,23808,57961,49579322,37820426
2022-03-06,9473,17204,49588795,37837630
2022-03-07,15940,51417,49604735,37889047
2022-03-08,15492,48820,49620227,37937867
2022-03-09,13816,46525,49634043,37984392
2022-03-10,14060,52077,49648103,38036469
2022-03-11,15451,57198,49663554,38093667
2022-03-12,15514,56625,49679068,38150292
2022-03-13,5546,16853,49684614,38167145
2022-03-14,10534,46714,49695148,38213859
2022-03-15,10559,46923,49705707,38260782
2022-03-16,9491,41991,49715198,38302773
2022-03-17,9732,44896,49724930,38347669
2022-03-18,10168,49085,49735098,38396754
2022-03-19,9155,46556,49744253,38443310
2022-03-20,2608,11704,49746861,38455014
2022-03-21,7590,40251,49754451,38495265
2022-03-22,8450,37789,49762901,38533054
2022-03-23,7227,33710,49770128,38566764
2022-03-24,8265,38842,49778393,38605606
2022-03-25,8146,43700,49786539,38649306
2022-03-26,8127,41723,49794666,38691029
2022-03-27,2431,9685,49797097,38700714
2022-03-28,6115,35256,49803212,38735970
2022-03-29,5786,32548,49808998,38768518
2022-03-30,5569,30218,49814567,38798736
2022-03-31,5910,33210,49820477,38831946
2022-04-01,4354,25202,49824831,38857148
2022-04-02,4498,23276,49829329,38880424
2022-04-03,1049,4500,49830378,38884924
2022-04-04,3665,21558,49834043,38906482
2022-04-05,3759,22951,49837802,38929433
2022-04-06,4106,21856,49841908,38951289
2022-04-07,3974,23329,49845882,38974618
2022-04-08,4698,26730,49850580,39001348
2022-04-09,4383,23888,49854963,39025236
2022-04-10,893,4613,49855856,39029849
2022-04-11,3820,22698,49859676,39052547
2022-04-12,3364,21794,49863040,39074341
2022-04-13,3577,21349,49866617,39095690
2022-04-14,3487,23800,49870104,39119490
2022-04-15,3086,20635,49873190,39140125
2022-04-16,2153,11922,49875343,39152047
2022-04-17,63,348,49875406,39152395
2022-04-18,152,650,49875558,39153045
2022-04-19,3500,22003,49879058,39175048
2022-04-20,3514,20257,49882572,39195305
2022-04-21,2850,19803,49885422,39215108
2022-04-22,2929,20721,49888351,39235829
2022-04-23,2648,16223,49890999,39252052
2022-04-24,509,2335,49891508,39254387
2022-04-25,183,1165,49891691,39255552
2022-04-26,2762,17815,49894453,39273367
2022-04-27,2376,15798,49896829,39289165
2022-04-28,2367,15570,49899196,39304735
2022-04-29,2300,14860,49901496,39319595
2022-04-30,2123,11585,49903619,39331180
2022-05-01,113,531,49903732,39331711
2022-05-02,1451,9394,49905183,39341105
2022-05-03,1578,10332,49906761,39351437
2022-05-04,1749,10283,49908510,39361720
2022-05-05,1655,10307,49910165,39372027
2022-05-06,1702,10981,49911867,39383008
2022-05-07,1432,8575,49913299,39391583
2022-05-08,417,1527,49913716,39393110
2022-05-09,1030,8938,49914746,39402048
2022-05-10,1427,9558,49916173,39411606
2022-05-11,1487,10109,49917660,39421715
2022-05-12,1373,10141,49919033,39431856
2022-05-13,1600,10530,49920633,39442386
2022-05-14,1362,8249,49921995,39450635
2022-05-15,336,1138,49922331,39451773
2022-05-16,814,8411,49923145,39460184
2022-05-17,1244,8708,49924389,39468892
2022-05-18,1373,9256,49925762,39478148
2022-05-19,1502,9290,49927264,39487438
2022-05-20,1431,9538,49928695,39496976
2022-05-21,1302,7903,49929997,39504879
2022-05-22,231,1013,49930228,39505892
2022-05-23,831,8275,49931059,39514167
2022-05-24,1073,8675,49932132,39522842
2022-05-25,1373,9460,49933505,39532302
2022-05-26,1201,9484,49934706,39541786
2022-05-27,1235,9919,49935941,39551705
2022-05-28,1205,7890,49937146,39559595
2022-05-29,288,1265,49937434,39560860
2022-05-30,931,8064,49938365,39568924
2022-05-31,1040,8553,49939405,39577477
2022-06-01,897,7657,49940302,39585134
2022-06-02,35,474,49940337,39585608
2022-06-03,819,7334,49941156,39592942
2022-06-04,870,5162,49942026,39598104
2022-06-05,88,586,49942114,39598690
2022-06-06,679,7008,49942793,39605698
2022-06-07,951,7852,49943744,39613550
2022-06-08,981,7911,49944725,39621461
2022-06-09,1037,8421,49945762,39629882
2022-06-10,958,8564,49946720,39638446
2022-06-11,903,6206,49947623,39644652
2022-06-12,140,768,49947763,39645420
2022-06-13,603,6307,49948366,39651727
2022-06-14,833,7908,49949199,39659635
2022-06-15,960,7856,49950159,39667491
2022-06-16,734,7404,49950893,39674895
2022-06-17,724,7251,49951617,39682146
2022-06-18,778,5597,49952395,39687743
2022-06-19,49,521,49952444,39688264
2022-06-20,587,6700,49953031,39694964
2022-06-21,741,7664,49953772,39702628
2022-06-22,780,7314,49954552,39709942
2022-06-23,650,7475,49955202,39717417
2022-06-24,644,7475,49955846,39724892
2022-06-25,835,6533,49956681,39731425
2022-06-26,129,523,49956810,39731948
2022-06-27,534,7128,49957344,39739076
2022-06-28,748,8208,49958092,39747284
2022-06-29,757,7738,49958849,39755022
2022-06-30,748,8146,49959597,39763168
2022-07-01,577,6446,49960174,39769614
2022-07-02,536,4770,49960710,39774384
2022-07-03,49,456,49960759,39774840
2022-07-04,470,6279,49961229,39781119
2022-07-05,630,8124,49961859,39789243
2022-07-06,634,7612,49962493,39796855
2022-07-07,576,8279,49963069,39805134
2022-07-08,677,8087,49963746,39813221
2022-07-09,549,6105,49964295,39819326
2022-07-10,58,533,49964353,39819859
2022-07-11,493,7646,49964846,39827505
2022-07-12,669,9031,49965515,39836536
2022-07-13,645,10068,49966160,39846604
2022-07-14,639,10227,49966799,39856831
2022-07-15,627,10675,49967426,39867506
2022-07-16,522,7215,49967948,39874721
2022-07-17,48,770,49967996,39875491
2022-07-18,496,9378,49968492,39884869
2022-07-19,576,10685,49969068,39895554
2022-07-20,582,11277,49969650,39906831
2022-07-21,633,12096,49970283,39918927
2022-07-22,584,11269,49970867,39930196
2022-07-23,381,6778,49971248,39936974
2022-07-24,76,858,49971324,39937832
2022-07-25,505,9059,49971829,39946891
2022-07-26,522,9766,49972351,39956657
2022-07-27,555,10216,49972906,39966873
2022-07-28,534,10538,49973440,39977411
2022-07-29,510,9468,49973950,39986879
2022-07-30,383,5884,49974333,39992763
2022-07-31,49,764,49974382,39993527
2022-08-01,386,6866,49974768,40000393
2022-08-02,548,7594,49975316,40007987
2022-08-03,515,7189,49975831,40015176
2022-08-04,455,7495,49976286,40022671
2022-08-05,421,6531,49976707,40029202
2022-08-06,300,3613,49977007,40032815
2022-08-07,44,563,49977051,40033378
2022-08-08,403,4890,49977454,40038268
2022-08-09,381,5316,49977835,40043584
2022-08-10,385,4817,49978220,40048401
2022-08-11,370,4806,49978590,40053207
2022-08-12,295,3721,49978885,40056928
2022-08-13,143,1600,49979028,40058528
2022-08-14,9,129,49979037,40058657
2022-08-15,1,26,49979038,40058683
2022-08-16,284,3043,49979322,40061726
2022-08-17,352,3533,49979674,40065259
2022-08-18,395,4165,49980069,40069424
2022-08-19,341,3323,49980410,40072747
2022-08-20,184,1717,49980594,40074464
2022-08-21,24,149,49980618,40074613
2022-08-22,333,2952,49980951,40077565
2022-08-23,370,3674,49981321,40081239
2022-08-24,384,3363,49981705,40084602
2022-08-25,425,3776,49982130,40088378
2022-08-26,400,3586,49982530,40091964
2022-08-27,237,1770,49982767,40093734
2022-08-28,29,267,49982796,40094001
2022-08-29,354,3161,49983150,40097162
2022-08-30,406,3676,49983556,40100838
2022-08-31,438,3734,49983994,40104572
2022-09-01,353,3119,49984347,40107691
2022-09-02,298,2894,49984645,40110585
2022-09-03,200,1692,49984845,40112277
2022-09-04,24,149,49984869,40112426
2022-09-05,187,2657,49985056,40115083
2022-09-06,307,2981,49985363,40118064
2022-09-07,541,2937,49985904,40121001
2022-09-08,293,2965,49986197,40123966
2022-09-09,308,2886,49986505,40126852
2022-09-10,228,1327,49986733,40128179
2022-09-11,23,124,49986756,40128303
2022-09-12,267,2269,49987023,40130572
2022-09-13,255,2280,49987278,40132852
2022-09-14,266,2567,49987544,40135419
2022-09-15,285,2501,49987829,40137920
2022-09-16,255,2544,49988084,40140464
2022-09-17,239,1339,49988323,40141803
2022-09-18,20,170,49988343,40141973
2022-09-19,206,1973,49988549,40143946
2022-09-20,237,2392,49988786,40146338
2022-09-21,289,2528,49989075,40148866
2022-09-22,267,2663,49989342,40151529
2022-09-23,261,2547,49989603,40154076
2022-09-24,193,1427,49989796,40155503
2022-09-25,29,133,49989825,40155636
2022-09-26,281,2249,49990106,40157885
2022-09-27,287,2680,49990393,40160565
2022-09-28,311,2905,49990704,40163470
2022-09-29,257,3051,49990961,40166521
2022-09-30,292,2987,49991253,40169508
2022-10-01,196,1515,49991449,40171023
2022-10-02,12,187,49991461,40171210
2022-10-03,186,2478,49991647,40173688
2022-10-04,236,2865,49991883,40176553
2022-10-05,233,3255,49992116,40179808
2022-10-06,244,3875,49992360,40183683
2022-10-07,285,4186,49992645,40187869
2022-10-08,206,2267,49992851,40190136
2022-10-09,8,305,49992859,40190441
2022-10-10,214,3348,49993073,40193789
2022-10-11,195,4380,49993268,40198169
2022-10-12,212,4437,49993480,40202606
2022-10-13,207,5299,49993687,40207905
2022-10-14,234,5010,49993921,40212915
2022-10-15,191,2669,49994112,40215584
2022-10-16,6,360,49994118,40215944
2022-10-17,187,3873,49994305,40219817
2022-10-18,257,4960,49994562,40224777
2022-10-19,247,5479,49994809,40230256
2022-10-20,227,5997,49995036,40236253
2022-10-21,257,5478,49995293,40241731
2022-10-22,196,2911,49995489,40244642
2022-10-23,13,364,49995502,40245006
2022-10-24,171,3931,49995673,40248937
2022-10-25,256,4927,49995929,40253864
2022-10-26,350,5505,49996279,40259369
2022-10-27,239,5678,49996518,40265047
2022-10-28,202,5265,49996720,40270312
2022-10-29,128,2844,49996848,40273156
2022-10-30,4,328,49996852,40273484
2022-10-31,118,3038,49996970,40276522
2022-11-01,11,353,49996981,40276875
2022-11-02,146,3721,49997127,40280596
2022-11-03,172,4794,49997299,40285390
2022-11-04,228,4603,49997527,40289993
2022-11-05,145,2601,49997672,40292594
2022-11-06,10,261,49997682,40292855
2022-11-07,169,3227,49997851,40296082
2022-11-08,262,4258,49998113,40300340
2022-11-09,202,4336,49998315,40304676
2022-11-10,184,4603,49998499,40309279
2022-11-11,194,4236,49998693,40313515
2022-11-12,161,2378,49998854,40315893
2022-11-13,7,338,49998861,40316231
2022-11-14,150,2843,49999011,40319074
2022-11-15,204,3750,49999215,40322824
2022-11-16,217,4002,49999432,40326826
2022-11-17,195,4114,49999627,40330940
2022-11-18,252,4050,49999879,40334990
2022-11-19,112,2087,49999991,40337077
2022-11-20,24,317,50000015,40337394
2022-11-21,119,2624,50000134,40340018
2022-11-22,140,3224,50000274,40343242
2022-11-23,191,3635,50000465,40346877
2022-11-24,158,3849,50000623,40350726
2022-11-25,184,3781,50000807,40354507
2022-11-26,135,2096,50000942,40356603
2022-11-27,22,356,50000964,40356959
2022-11-28,182,2691,50001146,40359650
2022-11-29,258,3234,50001404,40362884
2022-11-30,183,3740,50001587,40366624
2022-12-01,151,3635,50001738,40370259
2022-12-02,161,3532,50001899,40373791
2022-12-03,106,1999,50002005,40375790
2022-12-04,5,290,50002010,40376080
2022-12-05,129,2861,50002139,40378941
2022-12-06,177,3658,50002316,40382599
2022-12-07,136,3135,50002452,40385734
2022-12-08,8,169,50002460,40385903
2022-12-09,165,3036,50002625,40388939
2022-12-10,71,1602,50002696,40390541
2022-12-11,7,193,50002703,40390734
2022-12-12,172,2534,50002875,40393268
2022-12-13,254,3052,50003129,40396320
2022-12-14,232,3240,50003361,40399560
2022-12-15,207,3299,50003568,40402859
2022-12-16,163,3224,50003731,40406083
2022-12-17,95,1691,50003826,40407774
2022-12-18,10,270,50003836,40408044
2022-12-19,149,2170,50003985,40410214
2022-12-20,212,2533,50004197,40412747
2022-12-21,160,2252,50004357,40414999
2022-12-22,140,1880,50004497,40416879
2022-12-23,154,1223,50004651,40418102
2022-12-24,32,162,50004683,40418264
2022-12-25,0,6,50004683,40418270
2022-12-26,6,42,50004689,40418312
2022-12-27,133,1556,50004822,40419868
2022-12-28,138,1782,50004960,40421650
2022-12-29,92,1711,50005052,40423361
2022-12-30,116,1614,50005168,40424975
2022-12-31,21,273,50005189,40425248
2023-01-01,0,6,50005189,40425254
2023-01-02,48,1129,50005237,40426383
2023-01-03,99,1899,50005336,40428282
2023-01-04,111,2015,50005447,40430297
2023-01-05,99,1915,50005546,40432212
2023-01-06,0,70,50005546,40432282
2023-01-07,53,687,50005599,40432969
2023-01-08,2,97,50005601,40433066
2023-01-09,129,1430,50005730,40434496
2023-01-10,128,1789,50005858,40436285
2023-01-11,119,1772,50005977,40438057
2023-01-12,115,2008,50006092,40440065
2023-01-13,108,1889,50006200,40441954
2023-01-14,67,978,50006267,40442932
2023-01-15,1,67,50006268,40442999
2023-01-16,37,1155,50006305,40444154
2023-01-17,109,1304,50006414,40445458
2023-01-18,81,1420,50006495,40446878
2023-01-19,111,1608,50006606,40448486
2023-01-20,160,1407,50006766,40449893
2023-01-21,46,649,50006812,40450542
2023-01-22,2,57,50006814,40450599
2023-01-23,75,782,50006889,40451381
2023-01-24,114,1194,50007003,40452575
2023-01-25,97,1087,50007100,40453662
2023-01-26,111,1102,50007211,40454764
2023-01-27,51,838,50007262,40455602
2023-01-28,122,292,50007384,40455894