data_somministrazione,vaccinazioni,booster,cum_vaccinazioni,cum_booster
2020-12-27,20,0,20,0
2020-12-28,2,0,22,0
2020-12-29,1,0,23,0
2020-12-30,9,0,32,0
2020-12-31,79,0,111,0
2021-01-01,26,0,137,0
2021-01-02,145,0,282,0
2021-01-03,110,0,392,0
2021-01-04,241,0,633,0
2021-01-05,283,0,916,0
2021-01-06,254,0,1170,0
2021-01-07,326,0,1496,0
2021-01-08,381,0,1877,0
2021-01-09,283,0,2160,0
2021-01-10,166,0,2326,0
2021-01-11,310,0,2636,0
2021-01-12,285,0,2921,0
2021-01-13,418,0,3339,0
2021-01-14,505,0,3844,0
2021-01-15,320,0,4164,0
2021-01-16,224,0,4388,0
2021-01-17,3065,0,7453,0
2021-01-18,5220,0,12673,0
2021-01-19,1896,0,14569,0
2021-01-20,4659,0,19228,0
2021-01-21,20005,0,39233,0
2021-01-22,14220,0,53453,0
2021-01-23,33323,0,86776,0
2021-01-24,30774,0,117550,0
2021-01-25,64703,0,182253,0
2021-01-26,76462,0,258715,0
2021-01-27,64808,0,323523,0
2021-01-28,89254,0,412777,0
2021-01-29,93994,0,506771,0
2021-01-30,86546,0,593317,0
2021-01-31,57326,0,650643,0
2021-02-01,81834,0,732477,0
2021-02-02,82133,0,814610,0
2021-02-03,91106,0,905716,0
2021-02-04,95384,0,1001100,0
2021-02-05,90268,0,1091368,0
2021-02-06,63450,0,1154818,0
2021-02-07,32934,0,1187752,0
2021-02-08,40422,0,1228174,0
2021-02-09,32881,0,1261055,0
2021-02-10,28437,0,1289492,0
2021-02-11,20406,0,1309898,0
2021-02-12,16251,0,1326149,0
2021-02-13,7279,0,1333428,0
2021-02-14,2862,0,1336290,0
2021-02-15,6847,0,1343137,0
2021-02-16,7004,0,1350141,0
2021-02-17,10527,0,1360668,0
2021-02-18,9257,0,1369925,0
2021-02-19,8258,0,1378183,0
2021-02-20,5581,0,1383764,0
2021-02-21,3015,0,1386779,0
2021-02-22,6883,0,1393662,0
2021-02-23,7188,0,1400850,0
2021-02-24,9815,0,1410665,0
2021-02-25,14213,0,1424878,0
2021-02-26,17561,0,1442439,0
2021-02-27,13921,0,1456360,0
2021-02-28,9398,0,1465758,0
2021-03-01,26528,0,1492286,0
2021-03-02,33248,0,1525534,0
2021-03-03,44652,0,1570186,0
2021-03-04,50301,0,1620487,0
2021-03-05,55745,0,1676232,0
2021-03-06,41883,0,1718115,0
2021-03-07,22332,0,1740447,0
2021-03-08,50840,0,1791287,0
2021-03-09,53097,0,1844384,0
2021-03-10,58696,0,1903080,0
2021-03-11,63890,0,1966970,0
2021-03-12,65137,0,2032107,0
2021-03-13,51731,0,2083838,0
2021-03-14,35423,0,2119261,0
2021-03-15,73463,0,2192724,0
2021-03-16,74033,0,2266757,0
2021-03-17,83142,0,2349899,0
2021-03-18,81632,0,2431531,0
2021-03-19,81090,0,2512621,0
2021-03-20,64740,0,2577361,0
2021-03-21,47310,0,2624671,0
2021-03-22,69505,0,2694176,0
2021-03-23,75819,0,2769995,0
2021-03-24,90932,0,2860927,0
2021-03-25,89827,0,2950754,0
2021-03-26,83641,0,3034395,0
2021-03-27,71961,0,3106356,0
2021-03-28,44186,0,3150542,0
2021-03-29,70848,0,3221390,0
2021-03-30,81415,0,3302805,0
2021-03-31,96264,0,3399069,0
2021-04-01,95339,0,3494408,0
2021-04-02,84090,0,3578498,0
2021-04-03,64312,0,3642810,0
2021-04-04,21725,0,3664535,0
2021-04-05,40321,0,3704856,0
2021-04-06,81342,0,3786198,0
2021-04-07,95844,0,3882042,0
2021-04-08,95261,0,3977303,0
2021-04-09,88505,0,4065808,0
2021-04-10,74035,0,4139843,0
2021-04-11,44773,0,4184616,0
2021-04-12,66929,0,4251545,0
2021-04-13,72600,0,4324145,0
2021-04-14,85559,0,4409704,0
2021-04-15,105429,0,4515133,0
2021-04-16,106434,0,4621567,0
2021-04-17,90527,0,4712094,0
2021-04-18,58598,0,4770692,0
2021-04-19,93442,0,4864134,0
2021-04-20,103780,0,4967914,0
2021-04-21,125344,0,5093258,0
2021-04-22,143536,0,5236794,0
2021-04-23,138758,0,5375552,0
2021-04-24,124454,0,5500006,0
2021-04-25,61472,0,5561478,0
2021-04-26,97915,0,5659393,0
2021-04-27,128378,0,5787771,0
2021-04-28,156401,0,5944172,0
2021-04-29,195622,0,6139794,0
2021-04-30,214617,0,6354411,0
2021-05-01,174148,0,6528559,0
2021-05-02,135814,0,6664373,0
2021-05-03,142073,0,6806446,0
2021-05-04,158716,0,6965162,0
2021-05-05,170549,0,7135711,0
2021-05-06,197833,0,7333544,0
2021-05-07,213880,0,7547424,0
2021-05-08,213447,0,7760871,0
2021-05-09,143219,0,7904090,0
2021-05-10,165108,0,8069198,0
2021-05-11,175015,0,8244213,0
2021-05-12,179231,0,8423444,0
2021-05-13,203428,0,8626872,0
2021-05-14,222949,0,8849821,0
2021-05-15,210399,0,9060220,0
2021-05-16,159288,0,9219508,0
2021-05-17,219225,0,9438733,0
2021-05-18,213037,0,9651770,0
2021-05-19,207107,0,9858877,0
2021-05-20,270899,0,10129776,0
2021-05-21,270919,0,10400695,0
2021-05-22,245549,0,10646244,0
2021-05-23,197194,0,10843438,0
2021-05-24,228314,0,11071752,0
2021-05-25,245703,0,11317455,0
2021-05-26,277574,0,11595029,0
2021-05-27,311108,0,11906137,0
2021-05-28,299593,0,12205730,0
2021-05-29,231255,0,12436985,0
2021-05-30,170856,0,12607841,0
2021-05-31,216443,0,12824284,0
2021-06-01,207640,0,13031924,0
2021-06-02,115808,0,13147732,0
2021-06-03,180179,0,13327911,0
2021-06-04,184930,0,13512841,0
2021-06-05,186007,0,13698848,0
2021-06-06,139597,0,13838445,0
2021-06-07,161911,0,14000356,0
2021-06-08,171295,0,14171651,0
2021-06-09,171529,0,14343180,0
2021-06-10,174171,0,14517351,0
2021-06-11,170042,0,14687393,0
2021-06-12,128406,0,14815799,0
2021-06-13,91237,0,14907036,0
2021-06-14,214712,0,15121748,0
2021-06-15,228468,0,15350216,0
2021-06-16,253120,0,15603336,0
2021-06-17,301791,0,15905127,0
2021-06-18,306338,0,16211465,0
2021-06-19,275121,0,16486586,0
2021-06-20,220827,0,16707413,0
2021-06-21,288108,0,16995521,0
2021-06-22,296257,0,17291778,0
2021-06-23,302715,0,17594493,0
2021-06-24,332626,0,17927119,0
2021-06-25,348746,0,18275865,0
2021-06-26,300155,0,18576020,0
2021-06-27,228703,0,18804723,0
2021-06-28,307160,0,19111883,0
2021-06-29,329343,0,19441226,0
2021-06-30,342233,0,19783459,0
2021-07-01,363252,0,20146711,0
2021-07-02,368515,0,20515226,0
2021-07-03,371108,0,20886334,0
2021-07-04,283243,0,21169577,0
2021-07-05,384569,0,21554146,0
2021-07-06,385500,0,21939646,0
2021-07-07,412141,0,22351787,0
2021-07-08,479594,0,22831381,0
2021-07-09,498472,0,23329853,0
2021-07-10,475176,0,23805029,0
2021-07-11,357695,0,24162724,0
2021-07-12,485879,0,24648603,0
2021-07-13,492075,0,25140678,0
2021-07-14,480433,0,25621111,0
2021-07-15,523421,0,26144532,0
2021-07-16,509752,0,26654284,0
2021-07-17,464326,0,27118610,0
2021-07-18,364635,0,27483245,0
2021-07-19,463033,0,27946278,0
2021-07-20,458046,0,28404324,0
2021-07-21,462787,0,28867111,0
2021-07-22,475375,0,29342486,0
2021-07-23,441329,0,29783815,0
2021-07-24,386152,0,30169967,0
2021-07-25,287551,0,30457518,0
2021-07-26,430892,0,30888410,0
2021-07-27,440115,0,31328525,0
2021-07-28,391017,0,31719542,0
2021-07-29,372079,0,32091621,0
2021-07-30,341524,0,32433145,0
2021-07-31,287053,0,32720198,0
2021-08-01,190997,0,32911195,0
2021-08-02,333706,0,33244901,0
2021-08-03,323195,0,33568096,0
2021-08-04,310997,0,33879093,0
2021-08-05,292482,0,34171575,0
2021-08-06,260043,0,34431618,0
2021-08-07,199066,0,34630684,0
2021-08-08,153108,0,34783792,0
2021-08-09,234089,0,35017881,0
2021-08-10,205287,0,35223168,0
2021-08-11,193795,0,35416963,0
2021-08-12,168068,0,35585031,0
2021-08-13,148674,0,35733705,0
2021-08-14,66104,0,35799809,0
2021-08-15,26344,0,35826153,0
2021-08-16,114716,0,35940869,0
2021-08-17,129255,0,36070124,0
2021-08-18,128768,0,36198892,0
2021-08-19,124858,0,36323750,0
2021-08-20,123800,0,36447550,0
2021-08-21,83135,0,36530685,0
2021-08-22,68179,0,36598864,0
2021-08-23,176876,0,36775740,0
2021-08-24,156893,0,36932633,0
2021-08-25,177170,0,37109803,0
2021-08-26,172352,0,37282155,0
2021-08-27,185832,0,37467987,0
2021-08-28,140292,0,37608279,0
2021-08-29,98994,0,37707273,0
2021-08-30,209585,0,37916858,0
2021-08-31,194639,0,38111497,0
2021-09-01,192217,0,38303714,0
2021-09-02,189930,0,38493644,0
2021-09-03,191286,0,38684930,0
2021-09-04,131448,0,38816378,0
2021-09-05,87843,0,38904221,0
2021-09-06,193602,0,39097823,0
2021-09-07,196039,0,39293862,0
2021-09-08,187862,0,39481724,0
2021-09-09,201418,0,39683142,0
2021-09-10,198054,0,39881196,0
2021-09-11,141289,0,40022485,0
2021-09-12,89593,0,40112078,0
2021-09-13,191108,648,40303186,648
2021-09-14,177212,652,40480398,1300
2021-09-15,163078,652,40643476,1952
2021-09-16,160045,1003,40803521,2955
2021-09-17,150152,1172,40953673,4127
2021-09-18,127980,781,41081653,4908
2021-09-19,81144,508,41162797,5416
2021-09-20,180062,9133,41342859,14549
2021-09-21,166672,8862,41509531,23411
2021-09-22,159114,9465,41668645,32876
2021-09-23,138108,9357,41806753,42233
2021-09-24,140551,9017,41947304,51250
2021-09-25,119562,5673,42066866,56923
2021-09-26,71991,4367,42138857,61290
2021-09-27,135670,10084,42274527,71374
2021-09-28,117519,11428,42392046,82802
2021-09-29,112378,11850,42504424,94652
2021-09-30,110292,14982,42614716,109634
2021-10-01,95002,19144,42709718,128778
2021-10-02,78522,14045,42788240,142823
2021-10-03,47758,7671,42835998,150494
2021-10-04,88391,34487,42924389,184981
2021-10-05,80380,34022,43004769,219003
2021-10-06,72009,34213,43076778,253216
2021-10-07,71883,34376,43148661,287592
2021-10-08,80643,33623,43229304,321215
2021-10-09,76117,22197,43305421,343412
2021-10-10,45791,13631,43351212,357043
2021-10-11,87448,41134,43438660,398177
2021-10-12,84517,46936,43523177,445113
2021-10-13,88221,52167,43611398,497280
2021-10-14,91556,58560,43702954,555840
2021-10-15,93598,55680,43796552,611520
2021-10-16,82976,36828,43879528,648348
2021-10-17,51462,23861,43930990,672209
2021-10-18,90302,59522,44021292,731731
2021-10-19,78357,69416,44099649,801147
2021-10-20,75062,78212,44174711,879359
2021-10-21,78288,81818,44252999,961177
2021-10-22,73769,77083,44326768,1038260
2021-10-23,60839,51974,44387607,1090234
2021-10-24,33369,23480,44420976,1113714
2021-10-25,64896,81669,44485872,1195383
2021-10-26,58376,91838,44544248,1287221
2021-10-27,58318,104041,44602566,1391262
2021-10-28,61446,114160,44664012,1505422
2021-10-29,61632,103188,44725644,1608610
2021-10-30,50677,68153,44776321,1676763
2021-10-31,25161,28312,44801482,1705075
2021-11-01,19050,28159,44820532,1733234
2021-11-02,62737,89443,44883269,1822677
2021-11-03,60716,118703,44943985,1941380
2021-11-04,59237,126706,45003222,2068086
2021-11-05,63092,135230,45066314,2203316
2021-11-06,46493,90941,45112807,2294257
2021-11-07,22247,37907,45135054,2332164
2021-11-08,51526,131296,45186580,2463460
2021-11-09,45401,144238,45231981,2607698
2021-11-10,42594,156375,45274575,2764073
2021-11-11,44927,155176,45319502,2919249
2021-11-12,46295,158708,45365797,3077957
2021-11-13,33272,116683,45399069,3194640
2021-11-14,14491,52461,45413560,3247101
2021-11-15,36911,157445,45450471,3404546
2021-11-16,30567,171413,45481038,3575959
2021-11-17,28468,178470,45509506,3754429
2021-11-18,30294,193768,45539800,3948197
2021-11-19,28822,205887,45568622,4154084
2021-11-20,21012,156460,45589634,4310544
2021-11-21,10610,64872,45600244,4375416
2021-11-22,21959,213164,45622203,4588580
2021-11-23,23606,241803,45645809,4830383
2021-11-24,27766,271104,45673575,5101487
2021-11-25,23269,301950,45696844,5403437
2021-11-26,24599,318311,45721443,5721748
2021-11-27,21414,266174,45742857,5987922
2021-11-28,9908,137073,45752765,6124995
2021-11-29,22367,326082,45775132,6451077
2021-11-30,23121,365861,45798253,6816938
2021-12-01,21558,413546,45819811,7230484
2021-12-02,23795,440445,45843606,7670929
2021-12-03,25279,467542,45868885,8138471
2021-12-04,22391,418804,45891276,8557275
2021-12-05,11944,261369,45903220,8818644
2021-12-06,25845,457637,45929065,9276281
2021-12-07,24165,480309,45953230,9756590
2021-12-08,10032,249723,45963262,10006313
2021-12-09,31621,491967,45994883,10498280
2021-12-10,28104,517937,46022987,11016217
2021-12-11,23594,459284,46046581,11475501
2021-12-12,12326,293536,46058907,11769037
2021-12-13,26183,467656,46085090,12236693
2021-12-14,25205,494243,46110295,12730936
2021-12-15,25374,517192,46135669,13248128
2021-12-16,27932,520308,46163601,13768436
2021-12-17,29401,517228,46193002,14285664
2021-12-18,27121,468784,46220123,14754448
2021-12-19,15172,300543,46235295,15054991
2021-12-20,30677,477512,46265972,15532503
2021-12-21,30414,493446,46296386,16025949
2021-12-22,29493,484757,46325879,16510706
2021-12-23,28289,426969,46354168,16937675
2021-12-24,13125,210845,46367293,17148520
2021-12-25,2104,33053,46369397,17181573
2021-12-26,8780,159078,46378177,17340651
2021-12-27,46850,504696,46425027,17845347
2021-12-28,42513,554263,46467540,18399610
2021-12-29,34397,550683,46501937,18950293
2021-12-30,31896,499869,46533833,19450162
2021-12-31,14150,247409,46547983,19697571
2022-01-01,3500,64815,46551483,19762386
2022-01-02,22833,276727,46574316,20039113
2022-01-03,47951,520036,46622267,20559149
2022-01-04,46482,572105,46668749,21131254
2022-01-05,40851,560428,46709600,21691682
2022-01-06,23537,274490,46733137,21966172
2022-01-07,63805,554223,46796942,22520395
2022-01-08,60984,503423,46857926,23023818
2022-01-09,42968,319705,46900894,23343523
2022-01-10,61181,542325,46962075,23885848
2022-01-11,61850,587039,47023925,24472887
2022-01-12,58560,581310,47082485,25054197
2022-01-13,58719,580433,47141204,25634630
2022-01-14,46941,588621,47188145,26223251
2022-01-15,39573,569994,47227718,26793245
2022-01-16,31323,341893,47259041,27135138
2022-01-17,54858,489691,47313899,27624829
2022-01-18,58474,517056,47372373,28141885
2022-01-19,57271,502827,47429644,28644712
2022-01-20,54425,498864,47484069,29143576
2022-01-21,42187,493898,47526256,29637474
2022-01-22,31303,469619,47557559,30107093
2022-01-23,34988,275387,47592547,30382480
2022-01-24,56232,437250,47648779,30819730
2022-01-25,61603,452134,47710382,31271864
2022-01-26,58594,435851,47768976,31707715
2022-01-27,48895,432407,47817871,32140122
2022-01-28,58758,436565,47876629,32576687
2022-01-29,68192,412517,47944821,32989204
2022-01-30,50410,235988,47995231,33225192
2022-01-31,60713,356950,48055944,33582142
2022-02-01,65616,328468,48121560,33910610
2022-02-02,63252,296998,48184812,34207608
2022-02-03,60092,274534,48244904,34482142
2022-02-04,72414,268471,48317318,34750613
2022-02-05,83818,248556,48401136,34999169
2022-02-06,55310,116207,48456446,35115376
2022-02-07,65186,199946,48521632,35315322
2022-02-08,66956,186129,48588588,35501451
2022-02-09,58774,166353,48647362,35667804
2022-02-10,58601,163252,48705963,35831056
2022-02-11,62276,162476,48768239,35993532
2022-02-12,72011,152155,48840250,36145687
2022-02-13,41484,68856,48881734,36214543
2022-02-14,46712,116193,48928446,36330736
2022-02-15,48568,123482,48977014,36454218
2022-02-16,45689,106129,49022703,36560347
2022-02-17,42874,98119,49065577,36658466
2022-02-18,46634,112586,49112211,36771052
2022-02-19,52548,100338,49164759,36871390
2022-02-20,31416,40367,49196175,36911757
2022-02-21,37899,89659,49234074,37001416
2022-02-22,37226,83785,49271300,37085201
2022-02-23,33402,79409,49304702,37164610
2022-02-24,32561,78168,49337263,37242778
2022-02-25,34773,90716,49372036,37333494
2022-02-26,39163,89138,49411199,37422632
2022-02-27,22549,35857,49433748,37458489
2022-02-28,28490,81699,49462238,37540188
2022-03-01,22730,53943,49484968,37594131
2022-03-02,21935,50713,49506903,37644844
2022-03-03,22638,54947,49529541,37699791
2022-03-04,23245,62800,49552786,37762591
2022-03-05,23804,57952,49576590,37820543
2022-03-06,9474,17201,49586064,37837744
2022-03-07,15926,51390,49601990,37889134
2022-03-08,15481,48796,49617471,37937930
2022-03-09,13816,46517,49631287,37984447
2022-03-10,14058,52125,49645345,38036572
2022-03-11,15591,57274,49660936,38093846
2022-03-12,15512,56619,49676448,38150465
2022-03-13,5545,16852,49681993,38167317
2022-03-14,10529,46701,49692522,38214018
2022-03-15,10552,46895,49703074,38260913
2022-03-16,9482,41977,49712556,38302890
2022-03-17,9724,44876,49722280,38347766
2022-03-18,10162,49058,49732442,38396824
2022-03-19,9151,46539,49741593,38443363
2022-03-20,2608,11704,49744201,38455067
2022-03-21,7581,40229,49751782,38495296
2022-03-22,8448,37767,49760230,38533063
2022-03-23,7218,33701,49767448,38566764
2022-03-24,8259,38821,49775707,38605585
2022-03-25,8142,43672,49783849,38649257
2022-03-26,8128,41722,49791977,38690979
2022-03-27,2431,9683,49794408,38700662
2022-03-28,6112,35242,49800520,38735904
2022-03-29,5781,32531,49806301,38768435
2022-03-30,5567,30204,49811868,38798639
2022-03-31,5903,33187,49817771,38831826
2022-04-01,4350,25189,49822121,38857015
2022-04-02,4497,23275,49826618,38880290
2022-04-03,1049,4500,49827667,38884790
2022-04-04,3660,21545,49831327,38906335
2022-04-05,3758,22936,49835085,38929271
2022-04-06,4105,21852,49839190,38951123
2022-04-07,3970,23321,49843160,38974444
2022-04-08,4696,26714,49847856,39001158
2022-04-09,4381,23888,49852237,39025046
2022-04-10,893,4613,49853130,39029659
2022-04-11,3819,22689,49856949,39052348
2022-04-12,3365,21779,49860314,39074127
2022-04-13,3571,21337,49863885,39095464
2022-04-14,3488,23787,49867373,39119251
2022-04-15,3083,20621,49870456,39139872
2022-04-16,2151,11918,49872607,39151790
2022-04-17,63,348,49872670,39152138
2022-04-18,152,650,49872822,39152788
2022-04-19,3499,21984,49876321,39174772
2022-04-20,3512,20251,49879833,39195023
2022-04-21,2849,19790,49882682,39214813
2022-04-22,2928,20712,49885610,39235525
2022-04-23,2647,16222,49888257,39251747
2022-04-24,509,2334,49888766,39254081
2022-04-25,183,1165,49888949,39255246
2022-04-26,2759,17810,49891708,39273056
2022-04-27,2374,15795,49894082,39288851
2022-04-28,2361,15565,49896443,39304416
2022-04-29,2297,14850,49898740,39319266
2022-04-30,2123,11584,49900863,39330850
2022-05-01,113,531,49900976,39331381
2022-05-02,1451,9392,49902427,39340773
2022-05-03,1576,10323,49904003,39351096
2022-05-04,1745,10272,49905748,39361368
2022-05-05,1654,10296,49907402,39371664
2022-05-06,1702,10970,49909104,39382634
2022-05-07,1431,8570,49910535,39391204
2022-05-08,416,1526,49910951,39392730
2022-05-09,1029,8930,49911980,39401660
2022-05-10,1426,9549,49913406,39411209
2022-05-11,1484,10104,49914890,39421313
2022-05-12,1372,10137,49916262,39431450
2022-05-13,1596,10517,49917858,39441967
2022-05-14,1360,8240,49919218,39450207
2022-05-15,336,1136,49919554,39451343
2022-05-16,814,8405,49920368,39459748
2022-05-17,1244,8697,49921612,39468445
2022-05-18,1372,9236,49922984,39477681
2022-05-19,1500,9283,49924484,39486964
2022-05-20,1423,9532,49925907,39496496
2022-05-21,1301,7900,49927208,39504396
2022-05-22,231,1014,49927439,39505410
2022-05-23,830,8271,49928269,39513681
2022-05-24,1073,8672,49929342,39522353
2022-05-25,1372,9460,49930714,39531813
2022-05-26,1196,9480,49931910,39541293
2022-05-27,1232,9915,49933142,39551208
2022-05-28,1205,7887,49934347,39559095
2022-05-29,288,1265,49934635,39560360
2022-05-30,931,8057,49935566,39568417
2022-05-31,1038,8548,49936604,39576965
2022-06-01,895,7658,49937499,39584623
2022-06-02,35,474,49937534,39585097
2022-06-03,817,7334,49938351,39592431
2022-06-04,870,5162,49939221,39597593
2022-06-05,89,586,49939310,39598179
2022-06-06,679,7004,49939989,39605183
2022-06-07,952,7849,49940941,39613032
2022-06-08,981,7907,49941922,39620939
2022-06-09,1036,8417,49942958,39629356
2022-06-10,958,8563,49943916,39637919
2022-06-11,903,6207,49944819,39644126
2022-06-12,140,768,49944959,39644894
2022-06-13,602,6301,49945561,39651195
2022-06-14,832,7903,49946393,39659098
2022-06-15,960,7856,49947353,39666954
2022-06-16,733,7397,49948086,39674351
2022-06-17,724,7249,49948810,39681600
2022-06-18,777,5594,49949587,39687194
2022-06-19,49,521,49949636,39687715
2022-06-20,587,6699,49950223,39694414
2022-06-21,741,7663,49950964,39702077
2022-06-22,779,7312,49951743,39709389
2022-06-23,648,7472,49952391,39716861
2022-06-24,644,7474,49953035,39724335
2022-06-25,835,6533,49953870,39730868
2022-06-26,128,523,49953998,39731391
2022-06-27,534,7125,49954532,39738516
2022-06-28,747,8207,49955279,39746723
2022-06-29,756,7732,49956035,39754455
2022-06-30,747,8145,49956782,39762600
2022-07-01,577,6443,49957359,39769043
2022-07-02,536,4769,49957895,39773812
2022-07-03,49,456,49957944,39774268
2022-07-04,469,6277,49958413,39780545
2022-07-05,631,8120,49959044,39788665
2022-07-06,633,7611,49959677,39796276
2022-07-07,575,8271,49960252,39804547
2022-07-08,674,8085,49960926,39812632
2022-07-09,549,6105,49961475,39818737
2022-07-10,58,533,49961533,39819270
2022-07-11,491,7640,49962024,39826910
2022-07-12,667,9031,49962691,39835941
2022-07-13,644,10067,49963335,39846008
2022-07-14,637,10226,49963972,39856234
2022-07-15,626,10669,49964598,39866903
2022-07-16,522,7215,49965120,39874118
2022-07-17,48,770,49965168,39874888
2022-07-18,496,9372,49965664,39884260
2022-07-19,575,10683,49966239,39894943
2022-07-20,581,11276,49966820,39906219
2022-07-21,630,12090,49967450,39918309
2022-07-22,584,11259,49968034,39929568
2022-07-23,381,6775,49968415,39936343
2022-07-24,76,857,49968491,39937200
2022-07-25,503,9052,49968994,39946252
2022-07-26,522,9761,49969516,39956013
2022-07-27,553,10209,49970069,39966222
2022-07-28,532,10534,49970601,39976756
2022-07-29,511,9465,49971112,39986221
2022-07-30,383,5881,49971495,39992102
2022-07-31,49,764,49971544,39992866
2022-08-01,386,6864,49971930,39999730
2022-08-02,545,7590,49972475,40007320
2022-08-03,512,7179,49972987,40014499
2022-08-04,455,7490,49973442,40021989
2022-08-05,421,6527,49973863,40028516
2022-08-06,299,3613,49974162,40032129
2022-08-07,44,561,49974206,40032690
2022-08-08,403,4890,49974609,40037580
2022-08-09,381,5312,49974990,40042892
2022-08-10,385,4816,49975375,40047708
2022-08-11,369,4803,49975744,40052511
2022-08-12,293,3720,49976037,40056231
2022-08-13,143,1600,49976180,40057831
2022-08-14,9,129,49976189,40057960
2022-08-15,1,26,49976190,40057986
2022-08-16,283,3043,49976473,40061029
2022-08-17,352,3536,49976825,40064565
2022-08-18,392,4160,49977217,40068725
2022-08-19,341,3319,49977558,40072044
2022-08-20,183,1715,49977741,40073759
2022-08-21,24,149,49977765,40073908
2022-08-22,329,2952,49978094,40076860
2022-08-23,370,3674,49978464,40080534
2022-08-24,384,3360,49978848,40083894
2022-08-25,422,3774,49979270,40087668
2022-08-26,399,3575,49979669,40091243
2022-08-27,237,1769,49979906,40093012
2022-08-28,29,267,49979935,40093279
2022-08-29,354,3161,49980289,40096440
2022-08-30,403,3671,49980692,40100111
2022-08-31,438,3734,49981130,40103845
2022-09-01,353,3116,49981483,40106961
2022-09-02,296,2893,49981779,40109854
2022-09-03,200,1689,49981979,40111543
2022-09-04,24,149,49982003,40111692
2022-09-05,187,2656,49982190,40114348
2022-09-06,305,2982,49982495,40117330
2022-09-07,540,2937,49983035,40120267
2022-09-08,292,2963,49983327,40123230
2022-09-09,305,2886,49983632,40126116
2022-09-10,227,1327,49983859,40127443
2022-09-11,23,124,49983882,40127567
2022-09-12,267,2267,49984149,40129834
2022-09-13,252,2276,49984401,40132110
2022-09-14,266,2566,49984667,40134676
2022-09-15,282,2500,49984949,40137176
2022-09-16,254,2546,49985203,40139722
2022-09-17,239,1339,49985442,40141061
2022-09-18,20,170,49985462,40141231
2022-09-19,206,1971,49985668,40143202
2022-09-20,236,2391,49985904,40145593
2022-09-21,289,2526,49986193,40148119
2022-09-22,266,2662,49986459,40150781
2022-09-23,259,2545,49986718,40153326
2022-09-24,193,1427,49986911,40154753
2022-09-25,29,133,49986940,40154886
2022-09-26,280,2248,49987220,40157134
2022-09-27,287,2682,49987507,40159816
2022-09-28,310,2905,49987817,40162721
2022-09-29,257,3049,49988074,40165770
2022-09-30,292,2989,49988366,40168759
2022-10-01,195,1515,49988561,40170274
2022-10-02,12,187,49988573,40170461
2022-10-03,185,2474,49988758,40172935
2022-10-04,236,2862,49988994,40175797
2022-10-05,229,3249,49989223,40179046
2022-10-06,243,3874,49989466,40182920
2022-10-07,282,4187,49989748,40187107
2022-10-08,202,2270,49989950,40189377
2022-10-09,8,305,49989958,40189682
2022-10-10,210,3356,49990168,40193038
2022-10-11,193,4378,49990361,40197416
2022-10-12,209,4441,49990570,40201857
2022-10-13,203,5304,49990773,40207161
2022-10-14,232,5023,49991005,40212184
2022-10-15,190,2671,49991195,40214855
2022-10-16,6,360,49991201,40215215
2022-10-17,185,3871,49991386,40219086
2022-10-18,257,4965,49991643,40224051
2022-10-19,244,5477,49991887,40229528
2022-10-20,224,5993,49992111,40235521
2022-10-21,250,5476,49992361,40240997
2022-10-22,195,2911,49992556,40243908
2022-10-23,13,364,49992569,40244272
2022-10-24,171,3929,49992740,40248201
2022-10-25,253,4926,49992993,40253127
2022-10-26,347,5500,49993340,40258627
2022-10-27,241,5671,49993581,40264298
2022-10-28,199,5261,49993780,40269559
2022-10-29,128,2844,49993908,40272403
2022-10-30,3,328,49993911,40272731
2022-10-31,117,3037,49994028,40275768
2022-11-01,11,353,49994039,40276121
2022-11-02,143,3720,49994182,40279841
2022-11-03,173,4785,49994355,40284626
2022-11-04,225,4600,49994580,40289226
2022-11-05,144,2597,49994724,40291823
2022-11-06,10,261,49994734,40292084
2022-11-07,169,3224,49994903,40295308
2022-11-08,260,4241,49995163,40299549
2022-11-09,197,4327,49995360,40303876
2022-11-10,182,4584,49995542,40308460
2022-11-11,192,4218,49995734,40312678
2022-11-12,152,2367,49995886,40315045
2022-11-13,7,335,49995893,40315380
2022-11-14,149,2837,49996042,40318217
2022-11-15,202,3740,49996244,40321957
2022-11-16,215,3978,49996459,40325935
2022-11-17,191,4090,49996650,40330025
2022-11-18,247,4015,49996897,40334040
2022-11-19,112,2096,49997009,40336136
2022-11-20,24,317,49997033,40336453
2022-11-21,118,2613,49997151,40339066
2022-11-22,142,3206,49997293,40342272
2022-11-23,192,3615,49997485,40345887
2022-11-24,155,3816,49997640,40349703
2022-11-25,184,3766,49997824,40353469
2022-11-26,130,2088,49997954,40355557
2022-11-27,22,356,49997976,40355913
2022-11-28,180,2669,49998156,40358582
2022-11-29,183,3213,49998339,40361795
2022-11-30,179,3716,49998518,40365511
2022-12-01,223,3602,49998741,40369113
2022-12-02,156,3500,49998897,40372613
2022-12-03,104,1950,49999001,40374563
2022-12-04,5,290,49999006,40374853
2022-12-05,127,2829,49999133,40377682
2022-12-06,176,3627,49999309,40381309
2022-12-07,134,3081,49999443,40384390
2022-12-08,8,169,49999451,40384559
2022-12-09,153,2994,49999604,40387553
2022-12-10,78,1592,49999682,40389145
2022-12-11,7,192,49999689,40389337
2022-12-12,168,2486,49999857,40391823
2022-12-13,167,2936,50000024,40394759
2022-12-14,210,3074,50000234,40397833
2022-12-15,202,2888,50000436,40400721