data_somministrazione,vaccinazioni,booster,cum_vaccinazioni,cum_booster
2020-12-27,21,0,21,0
2020-12-28,2,0,23,0
2020-12-29,1,0,24,0
2020-12-30,9,0,33,0
2020-12-31,80,0,113,0
2021-01-01,26,0,139,0
2021-01-02,146,0,285,0
2021-01-03,111,0,396,0
2021-01-04,243,0,639,0
2021-01-05,286,0,925,0
2021-01-06,258,0,1183,0
2021-01-07,327,0,1510,0
2021-01-08,383,0,1893,0
2021-01-09,286,0,2179,0
2021-01-10,168,0,2347,0
2021-01-11,311,0,2658,0
2021-01-12,287,0,2945,0
2021-01-13,420,0,3365,0
2021-01-14,505,0,3870,0
2021-01-15,323,0,4193,0
2021-01-16,225,0,4418,0
2021-01-17,3065,0,7483,0
2021-01-18,5220,0,12703,0
2021-01-19,1895,0,14598,0
2021-01-20,4659,0,19257,0
2021-01-21,20004,0,39261,0
2021-01-22,14220,0,53481,0
2021-01-23,33320,0,86801,0
2021-01-24,30775,0,117576,0
2021-01-25,64702,0,182278,0
2021-01-26,76460,0,258738,0
2021-01-27,64806,0,323544,0
2021-01-28,89250,0,412794,0
2021-01-29,93993,0,506787,0
2021-01-30,86543,0,593330,0
2021-01-31,57326,0,650656,0
2021-02-01,81833,0,732489,0
2021-02-02,82133,0,814622,0
2021-02-03,91107,0,905729,0
2021-02-04,95382,0,1001111,0
2021-02-05,90267,0,1091378,0
2021-02-06,63450,0,1154828,0
2021-02-07,32934,0,1187762,0
2021-02-08,40421,0,1228183,0
2021-02-09,32881,0,1261064,0
2021-02-10,28437,0,1289501,0
2021-02-11,20407,0,1309908,0
2021-02-12,16251,0,1326159,0
2021-02-13,7280,0,1333439,0
2021-02-14,2862,0,1336301,0
2021-02-15,6848,0,1343149,0
2021-02-16,7006,0,1350155,0
2021-02-17,10527,0,1360682,0
2021-02-18,9257,0,1369939,0
2021-02-19,8259,0,1378198,0
2021-02-20,5581,0,1383779,0
2021-02-21,3015,0,1386794,0
2021-02-22,6883,0,1393677,0
2021-02-23,7189,0,1400866,0
2021-02-24,9815,0,1410681,0
2021-02-25,14213,0,1424894,0
2021-02-26,17562,0,1442456,0
2021-02-27,13923,0,1456379,0
2021-02-28,9398,0,1465777,0
2021-03-01,26528,0,1492305,0
2021-03-02,33247,0,1525552,0
2021-03-03,44652,0,1570204,0
2021-03-04,50301,0,1620505,0
2021-03-05,55745,0,1676250,0
2021-03-06,41885,0,1718135,0
2021-03-07,22332,0,1740467,0
2021-03-08,50843,0,1791310,0
2021-03-09,53098,0,1844408,0
2021-03-10,58696,0,1903104,0
2021-03-11,63893,0,1966997,0
2021-03-12,65140,0,2032137,0
2021-03-13,51731,0,2083868,0
2021-03-14,35423,0,2119291,0
2021-03-15,73463,0,2192754,0
2021-03-16,74030,0,2266784,0
2021-03-17,83143,0,2349927,0
2021-03-18,81632,0,2431559,0
2021-03-19,81091,0,2512650,0
2021-03-20,64740,0,2577390,0
2021-03-21,47309,0,2624699,0
2021-03-22,69508,0,2694207,0
2021-03-23,75819,0,2770026,0
2021-03-24,90934,0,2860960,0
2021-03-25,89829,0,2950789,0
2021-03-26,83642,0,3034431,0
2021-03-27,71960,0,3106391,0
2021-03-28,44188,0,3150579,0
2021-03-29,70849,0,3221428,0
2021-03-30,81419,0,3302847,0
2021-03-31,96265,0,3399112,0
2021-04-01,95338,0,3494450,0
2021-04-02,84091,0,3578541,0
2021-04-03,64312,0,3642853,0
2021-04-04,21726,0,3664579,0
2021-04-05,40321,0,3704900,0
2021-04-06,81343,0,3786243,0
2021-04-07,95846,0,3882089,0
2021-04-08,95262,0,3977351,0
2021-04-09,88509,0,4065860,0
2021-04-10,74038,0,4139898,0
2021-04-11,44775,0,4184673,0
2021-04-12,66929,0,4251602,0
2021-04-13,72600,0,4324202,0
2021-04-14,85560,0,4409762,0
2021-04-15,105430,0,4515192,0
2021-04-16,106434,0,4621626,0
2021-04-17,90530,0,4712156,0
2021-04-18,58597,0,4770753,0
2021-04-19,93445,0,4864198,0
2021-04-20,103781,0,4967979,0
2021-04-21,125345,0,5093324,0
2021-04-22,143537,0,5236861,0
2021-04-23,138761,0,5375622,0
2021-04-24,124453,0,5500075,0
2021-04-25,61471,0,5561546,0
2021-04-26,97917,0,5659463,0
2021-04-27,128381,0,5787844,0
2021-04-28,156402,0,5944246,0
2021-04-29,195623,0,6139869,0
2021-04-30,214621,0,6354490,0
2021-05-01,174150,0,6528640,0
2021-05-02,135814,0,6664454,0
2021-05-03,142077,0,6806531,0
2021-05-04,158720,0,6965251,0
2021-05-05,170555,0,7135806,0
2021-05-06,197834,0,7333640,0
2021-05-07,213880,0,7547520,0
2021-05-08,213449,0,7760969,0
2021-05-09,143221,0,7904190,0
2021-05-10,165107,0,8069297,0
2021-05-11,175014,0,8244311,0
2021-05-12,179233,0,8423544,0
2021-05-13,203426,0,8626970,0
2021-05-14,222949,0,8849919,0
2021-05-15,210400,0,9060319,0
2021-05-16,159292,0,9219611,0
2021-05-17,219223,0,9438834,0
2021-05-18,213035,0,9651869,0
2021-05-19,207108,0,9858977,0
2021-05-20,270900,0,10129877,0
2021-05-21,270917,0,10400794,0
2021-05-22,245552,0,10646346,0
2021-05-23,197197,0,10843543,0
2021-05-24,228314,0,11071857,0
2021-05-25,245704,0,11317561,0
2021-05-26,277577,0,11595138,0
2021-05-27,311106,0,11906244,0
2021-05-28,299594,0,12205838,0
2021-05-29,231257,0,12437095,0
2021-05-30,170858,0,12607953,0
2021-05-31,216441,0,12824394,0
2021-06-01,207643,0,13032037,0
2021-06-02,115807,0,13147844,0
2021-06-03,180180,0,13328024,0
2021-06-04,184930,0,13512954,0
2021-06-05,186008,0,13698962,0
2021-06-06,139600,0,13838562,0
2021-06-07,161916,0,14000478,0
2021-06-08,171301,0,14171779,0
2021-06-09,171534,0,14343313,0
2021-06-10,174174,0,14517487,0
2021-06-11,170052,0,14687539,0
2021-06-12,128413,0,14815952,0
2021-06-13,91240,0,14907192,0
2021-06-14,214713,0,15121905,0
2021-06-15,228471,0,15350376,0
2021-06-16,253121,0,15603497,0
2021-06-17,301795,0,15905292,0
2021-06-18,306340,0,16211632,0
2021-06-19,275131,0,16486763,0
2021-06-20,220831,0,16707594,0
2021-06-21,288113,0,16995707,0
2021-06-22,296264,0,17291971,0
2021-06-23,302715,0,17594686,0
2021-06-24,332629,0,17927315,0
2021-06-25,348745,0,18276060,0
2021-06-26,300152,0,18576212,0
2021-06-27,228705,0,18804917,0
2021-06-28,307165,0,19112082,0
2021-06-29,329348,0,19441430,0
2021-06-30,342239,0,19783669,0
2021-07-01,363256,0,20146925,0
2021-07-02,368515,0,20515440,0
2021-07-03,371106,0,20886546,0
2021-07-04,283245,0,21169791,0
2021-07-05,384570,0,21554361,0
2021-07-06,385500,0,21939861,0
2021-07-07,412143,0,22352004,0
2021-07-08,479593,0,22831597,0
2021-07-09,498466,0,23330063,0
2021-07-10,475177,0,23805240,0
2021-07-11,357692,0,24162932,0
2021-07-12,485874,0,24648806,0
2021-07-13,492073,0,25140879,0
2021-07-14,480432,0,25621311,0
2021-07-15,523415,0,26144726,0
2021-07-16,509747,0,26654473,0
2021-07-17,464324,0,27118797,0
2021-07-18,364630,0,27483427,0
2021-07-19,463036,0,27946463,0
2021-07-20,458045,0,28404508,0
2021-07-21,462788,0,28867296,0
2021-07-22,475374,0,29342670,0
2021-07-23,441329,0,29783999,0
2021-07-24,386153,0,30170152,0
2021-07-25,287547,0,30457699,0
2021-07-26,430891,0,30888590,0
2021-07-27,440110,0,31328700,0
2021-07-28,391018,0,31719718,0
2021-07-29,372075,0,32091793,0
2021-07-30,341523,0,32433316,0
2021-07-31,287051,0,32720367,0
2021-08-01,190997,0,32911364,0
2021-08-02,333706,0,33245070,0
2021-08-03,323193,0,33568263,0
2021-08-04,310998,0,33879261,0
2021-08-05,292478,0,34171739,0
2021-08-06,260043,0,34431782,0
2021-08-07,199068,0,34630850,0
2021-08-08,153108,0,34783958,0
2021-08-09,234084,0,35018042,0
2021-08-10,205293,0,35223335,0
2021-08-11,193799,0,35417134,0
2021-08-12,168074,0,35585208,0
2021-08-13,148675,0,35733883,0
2021-08-14,66105,0,35799988,0
2021-08-15,26343,0,35826331,0
2021-08-16,114719,0,35941050,0
2021-08-17,129258,0,36070308,0
2021-08-18,128766,0,36199074,0
2021-08-19,124863,0,36323937,0
2021-08-20,123800,0,36447737,0
2021-08-21,83135,0,36530872,0
2021-08-22,68182,0,36599054,0
2021-08-23,176871,0,36775925,0
2021-08-24,156891,0,36932816,0
2021-08-25,177169,0,37109985,0
2021-08-26,172353,0,37282338,0
2021-08-27,185832,0,37468170,0
2021-08-28,140292,0,37608462,0
2021-08-29,98994,0,37707456,0
2021-08-30,209586,0,37917042,0
2021-08-31,194641,0,38111683,0
2021-09-01,192218,0,38303901,0
2021-09-02,189925,0,38493826,0
2021-09-03,191282,0,38685108,0
2021-09-04,131442,0,38816550,0
2021-09-05,87840,0,38904390,0
2021-09-06,193602,0,39097992,0
2021-09-07,196036,0,39294028,0
2021-09-08,187859,0,39481887,0
2021-09-09,201419,0,39683306,0
2021-09-10,198052,0,39881358,0
2021-09-11,141289,0,40022647,0
2021-09-12,89592,0,40112239,0
2021-09-13,191102,655,40303341,655
2021-09-14,177208,656,40480549,1311
2021-09-15,163078,654,40643627,1965
2021-09-16,160039,1009,40803666,2974
2021-09-17,150153,1172,40953819,4146
2021-09-18,127981,783,41081800,4929
2021-09-19,81142,511,41162942,5440
2021-09-20,180061,9135,41343003,14575
2021-09-21,166674,8864,41509677,23439
2021-09-22,159116,9465,41668793,32904
2021-09-23,138109,9357,41806902,42261
2021-09-24,140547,9020,41947449,51281
2021-09-25,119561,5676,42067010,56957
2021-09-26,71993,4367,42139003,61324
2021-09-27,135673,10085,42274676,71409
2021-09-28,117523,11429,42392199,82838
2021-09-29,112382,11853,42504581,94691
2021-09-30,110294,14982,42614875,109673
2021-10-01,95003,19144,42709878,128817
2021-10-02,78524,14046,42788402,142863
2021-10-03,47759,7671,42836161,150534
2021-10-04,88393,34487,42924554,185021
2021-10-05,80383,34022,43004937,219043
2021-10-06,72010,34215,43076947,253258
2021-10-07,71881,34379,43148828,287637
2021-10-08,80648,33624,43229476,321261
2021-10-09,76114,22201,43305590,343462
2021-10-10,45792,13632,43351382,357094
2021-10-11,87447,41135,43438829,398229
2021-10-12,84518,46936,43523347,445165
2021-10-13,88225,52169,43611572,497334
2021-10-14,91559,58561,43703131,555895
2021-10-15,93598,55684,43796729,611579
2021-10-16,82977,36829,43879706,648408
2021-10-17,51462,23862,43931168,672270
2021-10-18,90301,59526,44021469,731796
2021-10-19,78355,69419,44099824,801215
2021-10-20,75062,78211,44174886,879426
2021-10-21,78285,81821,44253171,961247
2021-10-22,73769,77086,44326940,1038333
2021-10-23,60838,51976,44387778,1090309
2021-10-24,33371,23480,44421149,1113789
2021-10-25,64894,81670,44486043,1195459
2021-10-26,58376,91838,44544419,1287297
2021-10-27,58318,104042,44602737,1391339
2021-10-28,61444,114164,44664181,1505503
2021-10-29,61626,103196,44725807,1608699
2021-10-30,50675,68155,44776482,1676854
2021-10-31,25161,28312,44801643,1705166
2021-11-01,19050,28159,44820693,1733325
2021-11-02,62736,89446,44883429,1822771
2021-11-03,60718,118703,44944147,1941474
2021-11-04,59236,126708,45003383,2068182
2021-11-05,63091,135231,45066474,2203413
2021-11-06,46496,90943,45112970,2294356
2021-11-07,22248,37907,45135218,2332263
2021-11-08,51525,131299,45186743,2463562
2021-11-09,45403,144236,45232146,2607798
2021-11-10,42595,156376,45274741,2764174
2021-11-11,44928,155176,45319669,2919350
2021-11-12,46296,158711,45365965,3078061
2021-11-13,33272,116682,45399237,3194743
2021-11-14,14491,52461,45413728,3247204
2021-11-15,36909,157445,45450637,3404649
2021-11-16,30569,171414,45481206,3576063
2021-11-17,28469,178470,45509675,3754533
2021-11-18,30296,193768,45539971,3948301
2021-11-19,28823,205889,45568794,4154190
2021-11-20,21013,156460,45589807,4310650
2021-11-21,10612,64870,45600419,4375520
2021-11-22,21960,213164,45622379,4588684
2021-11-23,23607,241804,45645986,4830488
2021-11-24,27768,271103,45673754,5101591
2021-11-25,23273,301950,45697027,5403541
2021-11-26,24601,318313,45721628,5721854
2021-11-27,21417,266172,45743045,5988026
2021-11-28,9909,137071,45752954,6125097
2021-11-29,22368,326082,45775322,6451179
2021-11-30,23123,365860,45798445,6817039
2021-12-01,21561,413546,45820006,7230585
2021-12-02,23798,440445,45843804,7671030
2021-12-03,25282,467546,45869086,8138576
2021-12-04,22389,418809,45891475,8557385
2021-12-05,11944,261369,45903419,8818754
2021-12-06,25847,457637,45929266,9276391
2021-12-07,24168,480309,45953434,9756700
2021-12-08,10033,249720,45963467,10006420
2021-12-09,31625,491965,45995092,10498385
2021-12-10,28106,517938,46023198,11016323
2021-12-11,23595,459285,46046793,11475608
2021-12-12,12327,293536,46059120,11769144
2021-12-13,26183,467660,46085303,12236804
2021-12-14,25206,494243,46110509,12731047
2021-12-15,25378,517191,46135887,13248238
2021-12-16,27933,520309,46163820,13768547
2021-12-17,29400,517229,46193220,14285776
2021-12-18,27120,468785,46220340,14754561
2021-12-19,15173,300545,46235513,15055106
2021-12-20,30679,477512,46266192,15532618
2021-12-21,30420,493448,46296612,16026066
2021-12-22,29492,484759,46326104,16510825
2021-12-23,28290,426969,46354394,16937794
2021-12-24,13124,210846,46367518,17148640
2021-12-25,2104,33052,46369622,17181692
2021-12-26,8780,159078,46378402,17340770
2021-12-27,46852,504698,46425254,17845468
2021-12-28,42513,554265,46467767,18399733
2021-12-29,34402,550684,46502169,18950417
2021-12-30,31901,499870,46534070,19450287
2021-12-31,14151,247410,46548221,19697697
2022-01-01,3501,64814,46551722,19762511
2022-01-02,22835,276728,46574557,20039239
2022-01-03,47954,520038,46622511,20559277
2022-01-04,46485,572107,46668996,21131384
2022-01-05,40857,560430,46709853,21691814
2022-01-06,23539,274492,46733392,21966306
2022-01-07,63804,554225,46797196,22520531
2022-01-08,60988,503424,46858184,23023955
2022-01-09,42972,319706,46901156,23343661
2022-01-10,61185,542328,46962341,23885989
2022-01-11,61867,587037,47024208,24473026
2022-01-12,58565,581315,47082773,25054341
2022-01-13,58723,580433,47141496,25634774
2022-01-14,46953,588620,47188449,26223394
2022-01-15,39581,569996,47228030,26793390
2022-01-16,31328,341896,47259358,27135286
2022-01-17,54859,489692,47314217,27624978
2022-01-18,58476,517056,47372693,28142034
2022-01-19,57271,502828,47429964,28644862
2022-01-20,54428,498866,47484392,29143728
2022-01-21,42190,493899,47526582,29637627
2022-01-22,31304,469623,47557886,30107250
2022-01-23,34985,275389,47592871,30382639
2022-01-24,56231,437255,47649102,30819894
2022-01-25,61604,452135,47710706,31272029
2022-01-26,58598,435851,47769304,31707880
2022-01-27,48896,432410,47818200,32140290
2022-01-28,58759,436566,47876959,32576856
2022-01-29,68198,412518,47945157,32989374
2022-01-30,50413,235988,47995570,33225362
2022-01-31,60717,356950,48056287,33582312
2022-02-01,65615,328472,48121902,33910784
2022-02-02,63252,297000,48185154,34207784
2022-02-03,60094,274538,48245248,34482322
2022-02-04,72416,268472,48317664,34750794
2022-02-05,83817,248559,48401481,34999353
2022-02-06,55310,116207,48456791,35115560
2022-02-07,65191,199946,48521982,35315506
2022-02-08,66959,186132,48588941,35501638
2022-02-09,58777,166353,48647718,35667991
2022-02-10,58604,163253,48706322,35831244
2022-02-11,62277,162476,48768599,35993720
2022-02-12,72016,152154,48840615,36145874
2022-02-13,41483,68858,48882098,36214732
2022-02-14,46711,116194,48928809,36330926
2022-02-15,48571,123482,48977380,36454408
2022-02-16,45692,106130,49023072,36560538
2022-02-17,42874,98121,49065946,36658659
2022-02-18,46637,112586,49112583,36771245
2022-02-19,52547,100339,49165130,36871584
2022-02-20,31416,40367,49196546,36911951
2022-02-21,37900,89659,49234446,37001610
2022-02-22,37227,83784,49271673,37085394
2022-02-23,33402,79409,49305075,37164803
2022-02-24,32561,78168,49337636,37242971
2022-02-25,34774,90715,49372410,37333686
2022-02-26,39164,89138,49411574,37422824
2022-02-27,22548,35857,49434122,37458681
2022-02-28,28489,81700,49462611,37540381
2022-03-01,22730,53943,49485341,37594324
2022-03-02,21936,50713,49507277,37645037
2022-03-03,22639,54947,49529916,37699984
2022-03-04,23245,62800,49553161,37762784
2022-03-05,23803,57953,49576964,37820737
2022-03-06,9474,17201,49586438,37837938
2022-03-07,15927,51391,49602365,37889329
2022-03-08,15481,48797,49617846,37938126
2022-03-09,13816,46517,49631662,37984643
2022-03-10,14060,52125,49645722,38036768
2022-03-11,15592,57274,49661314,38094042
2022-03-12,15513,56619,49676827,38150661
2022-03-13,5545,16852,49682372,38167513
2022-03-14,10529,46702,49692901,38214215
2022-03-15,10553,46895,49703454,38261110
2022-03-16,9482,41977,49712936,38303087
2022-03-17,9725,44875,49722661,38347962
2022-03-18,10162,49059,49732823,38397021
2022-03-19,9151,46539,49741974,38443560
2022-03-20,2608,11704,49744582,38455264
2022-03-21,7581,40230,49752163,38495494
2022-03-22,8448,37767,49760611,38533261
2022-03-23,7219,33701,49767830,38566962
2022-03-24,8260,38821,49776090,38605783
2022-03-25,8143,43671,49784233,38649454
2022-03-26,8128,41722,49792361,38691176
2022-03-27,2431,9683,49794792,38700859
2022-03-28,6112,35244,49800904,38736103
2022-03-29,5782,32532,49806686,38768635
2022-03-30,5567,30204,49812253,38798839
2022-03-31,5905,33187,49818158,38832026
2022-04-01,4351,25188,49822509,38857214
2022-04-02,4497,23275,49827006,38880489
2022-04-03,1049,4500,49828055,38884989
2022-04-04,3660,21545,49831715,38906534
2022-04-05,3758,22936,49835473,38929470
2022-04-06,4105,21852,49839578,38951322
2022-04-07,3970,23321,49843548,38974643
2022-04-08,4696,26714,49848244,39001357
2022-04-09,4381,23889,49852625,39025246
2022-04-10,893,4613,49853518,39029859
2022-04-11,3819,22689,49857337,39052548
2022-04-12,3365,21779,49860702,39074327
2022-04-13,3571,21337,49864273,39095664
2022-04-14,3488,23787,49867761,39119451
2022-04-15,3085,20621,49870846,39140072
2022-04-16,2151,11918,49872997,39151990
2022-04-17,63,348,49873060,39152338
2022-04-18,152,650,49873212,39152988
2022-04-19,3498,21984,49876710,39174972
2022-04-20,3513,20249,49880223,39195221
2022-04-21,2848,19792,49883071,39215013
2022-04-22,2928,20713,49885999,39235726
2022-04-23,2648,16222,49888647,39251948
2022-04-24,509,2334,49889156,39254282
2022-04-25,183,1165,49889339,39255447
2022-04-26,2759,17811,49892098,39273258
2022-04-27,2374,15795,49894472,39289053
2022-04-28,2362,15564,49896834,39304617
2022-04-29,2298,14850,49899132,39319467
2022-04-30,2123,11584,49901255,39331051
2022-05-01,113,531,49901368,39331582
2022-05-02,1451,9392,49902819,39340974
2022-05-03,1577,10323,49904396,39351297
2022-05-04,1745,10273,49906141,39361570
2022-05-05,1654,10297,49907795,39371867
2022-05-06,1702,10971,49909497,39382838
2022-05-07,1431,8570,49910928,39391408
2022-05-08,416,1526,49911344,39392934
2022-05-09,1029,8930,49912373,39401864
2022-05-10,1426,9549,49913799,39411413
2022-05-11,1484,10105,49915283,39421518
2022-05-12,1371,10137,49916654,39431655
2022-05-13,1597,10519,49918251,39442174
2022-05-14,1360,8240,49919611,39450414
2022-05-15,336,1136,49919947,39451550
2022-05-16,814,8405,49920761,39459955
2022-05-17,1244,8697,49922005,39468652
2022-05-18,1372,9237,49923377,39477889
2022-05-19,1500,9283,49924877,39487172
2022-05-20,1425,9532,49926302,39496704
2022-05-21,1302,7900,49927604,39504604
2022-05-22,231,1013,49927835,39505617
2022-05-23,830,8272,49928665,39513889
2022-05-24,1073,8673,49929738,39522562
2022-05-25,1372,9460,49931110,39532022
2022-05-26,1197,9480,49932307,39541502
2022-05-27,1232,9915,49933539,39551417
2022-05-28,1205,7887,49934744,39559304
2022-05-29,288,1265,49935032,39560569
2022-05-30,931,8058,49935963,39568627
2022-05-31,1039,8548,49937002,39577175
2022-06-01,895,7658,49937897,39584833
2022-06-02,35,474,49937932,39585307
2022-06-03,817,7334,49938749,39592641
2022-06-04,870,5162,49939619,39597803
2022-06-05,89,586,49939708,39598389
2022-06-06,679,7004,49940387,39605393
2022-06-07,952,7850,49941339,39613243
2022-06-08,981,7907,49942320,39621150
2022-06-09,1036,8418,49943356,39629568
2022-06-10,958,8563,49944314,39638131
2022-06-11,904,6206,49945218,39644337
2022-06-12,140,768,49945358,39645105
2022-06-13,602,6301,49945960,39651406
2022-06-14,832,7903,49946792,39659309
2022-06-15,960,7856,49947752,39667165
2022-06-16,733,7397,49948485,39674562
2022-06-17,724,7249,49949209,39681811
2022-06-18,778,5594,49949987,39687405
2022-06-19,49,521,49950036,39687926
2022-06-20,587,6699,49950623,39694625
2022-06-21,741,7664,49951364,39702289
2022-06-22,779,7312,49952143,39709601
2022-06-23,648,7472,49952791,39717073
2022-06-24,644,7474,49953435,39724547
2022-06-25,835,6533,49954270,39731080
2022-06-26,128,523,49954398,39731603
2022-06-27,534,7125,49954932,39738728
2022-06-28,747,8207,49955679,39746935
2022-06-29,756,7733,49956435,39754668
2022-06-30,747,8145,49957182,39762813
2022-07-01,577,6443,49957759,39769256
2022-07-02,536,4769,49958295,39774025
2022-07-03,49,456,49958344,39774481
2022-07-04,469,6277,49958813,39780758
2022-07-05,631,8122,49959444,39788880
2022-07-06,633,7611,49960077,39796491
2022-07-07,576,8271,49960653,39804762
2022-07-08,674,8085,49961327,39812847
2022-07-09,550,6105,49961877,39818952
2022-07-10,58,533,49961935,39819485
2022-07-11,491,7641,49962426,39827126
2022-07-12,668,9031,49963094,39836157
2022-07-13,644,10067,49963738,39846224
2022-07-14,637,10225,49964375,39856449
2022-07-15,627,10672,49965002,39867121
2022-07-16,523,7215,49965525,39874336
2022-07-17,48,770,49965573,39875106
2022-07-18,496,9374,49966069,39884480
2022-07-19,575,10682,49966644,39895162
2022-07-20,582,11276,49967226,39906438
2022-07-21,630,12091,49967856,39918529
2022-07-22,585,11260,49968441,39929789
2022-07-23,381,6775,49968822,39936564
2022-07-24,76,857,49968898,39937421
2022-07-25,503,9052,49969401,39946473
2022-07-26,522,9762,49969923,39956235
2022-07-27,553,10210,49970476,39966445
2022-07-28,532,10534,49971008,39976979
2022-07-29,511,9466,49971519,39986445
2022-07-30,383,5882,49971902,39992327
2022-07-31,49,764,49971951,39993091
2022-08-01,386,6865,49972337,39999956
2022-08-02,545,7590,49972882,40007546
2022-08-03,513,7179,49973395,40014725
2022-08-04,455,7490,49973850,40022215
2022-08-05,421,6526,49974271,40028741
2022-08-06,299,3613,49974570,40032354
2022-08-07,44,563,49974614,40032917
2022-08-08,403,4890,49975017,40037807
2022-08-09,381,5312,49975398,40043119
2022-08-10,385,4816,49975783,40047935
2022-08-11,369,4803,49976152,40052738
2022-08-12,293,3720,49976445,40056458
2022-08-13,143,1600,49976588,40058058
2022-08-14,9,129,49976597,40058187
2022-08-15,1,26,49976598,40058213
2022-08-16,283,3043,49976881,40061256
2022-08-17,352,3536,49977233,40064792
2022-08-18,392,4160,49977625,40068952
2022-08-19,342,3319,49977967,40072271
2022-08-20,183,1715,49978150,40073986
2022-08-21,24,149,49978174,40074135
2022-08-22,329,2952,49978503,40077087
2022-08-23,370,3674,49978873,40080761
2022-08-24,384,3360,49979257,40084121
2022-08-25,422,3774,49979679,40087895
2022-08-26,399,3575,49980078,40091470
2022-08-27,237,1769,49980315,40093239
2022-08-28,29,267,49980344,40093506
2022-08-29,354,3161,49980698,40096667
2022-08-30,404,3671,49981102,40100338
2022-08-31,438,3734,49981540,40104072
2022-09-01,353,3116,49981893,40107188
2022-09-02,296,2893,49982189,40110081
2022-09-03,200,1689,49982389,40111770
2022-09-04,24,149,49982413,40111919
2022-09-05,187,2656,49982600,40114575
2022-09-06,306,2983,49982906,40117558
2022-09-07,541,2937,49983447,40120495
2022-09-08,293,2963,49983740,40123458
2022-09-09,305,2886,49984045,40126344
2022-09-10,228,1326,49984273,40127670
2022-09-11,23,124,49984296,40127794
2022-09-12,267,2267,49984563,40130061
2022-09-13,252,2276,49984815,40132337
2022-09-14,266,2566,49985081,40134903
2022-09-15,282,2501,49985363,40137404
2022-09-16,255,2546,49985618,40139950
2022-09-17,239,1339,49985857,40141289
2022-09-18,20,170,49985877,40141459
2022-09-19,206,1971,49986083,40143430
2022-09-20,237,2391,49986320,40145821
2022-09-21,289,2526,49986609,40148347
2022-09-22,266,2662,49986875,40151009
2022-09-23,259,2545,49987134,40153554
2022-09-24,193,1427,49987327,40154981
2022-09-25,29,133,49987356,40155114
2022-09-26,280,2248,49987636,40157362
2022-09-27,287,2682,49987923,40160044
2022-09-28,310,2904,49988233,40162948
2022-09-29,257,3049,49988490,40165997
2022-09-30,292,2989,49988782,40168986
2022-10-01,195,1515,49988977,40170501
2022-10-02,12,187,49988989,40170688
2022-10-03,185,2474,49989174,40173162
2022-10-04,236,2862,49989410,40176024
2022-10-05,229,3252,49989639,40179276
2022-10-06,243,3874,49989882,40183150
2022-10-07,282,4189,49990164,40187339
2022-10-08,203,2270,49990367,40189609
2022-10-09,8,305,49990375,40189914
2022-10-10,210,3356,49990585,40193270
2022-10-11,193,4378,49990778,40197648
2022-10-12,209,4441,49990987,40202089
2022-10-13,203,5304,49991190,40207393
2022-10-14,232,5024,49991422,40212417
2022-10-15,190,2671,49991612,40215088
2022-10-16,6,360,49991618,40215448
2022-10-17,186,3871,49991804,40219319
2022-10-18,257,4965,49992061,40224284
2022-10-19,244,5477,49992305,40229761
2022-10-20,224,5993,49992529,40235754
2022-10-21,250,5476,49992779,40241230
2022-10-22,195,2911,49992974,40244141
2022-10-23,13,364,49992987,40244505
2022-10-24,171,3929,49993158,40248434
2022-10-25,253,4926,49993411,40253360
2022-10-26,347,5502,49993758,40258862
2022-10-27,241,5671,49993999,40264533
2022-10-28,199,5261,49994198,40269794
2022-10-29,128,2844,49994326,40272638
2022-10-30,3,328,49994329,40272966
2022-10-31,117,3039,49994446,40276005
2022-11-01,11,353,49994457,40276358
2022-11-02,143,3721,49994600,40280079
2022-11-03,173,4786,49994773,40284865
2022-11-04,225,4603,49994998,40289468
2022-11-05,144,2597,49995142,40292065
2022-11-06,10,261,49995152,40292326
2022-11-07,169,3225,49995321,40295551
2022-11-08,260,4244,49995581,40299795
2022-11-09,197,4331,49995778,40304126
2022-11-10,183,4586,49995961,40308712
2022-11-11,193,4219,49996154,40312931
2022-11-12,152,2370,49996306,40315301
2022-11-13,7,335,49996313,40315636
2022-11-14,149,2837,49996462,40318473
2022-11-15,202,3743,49996664,40322216
2022-11-16,216,3982,49996880,40326198
2022-11-17,191,4096,49997071,40330294
2022-11-18,247,4022,49997318,40334316
2022-11-19,112,2099,49997430,40336415
2022-11-20,24,317,49997454,40336732
2022-11-21,118,2613,49997572,40339345
2022-11-22,142,3209,49997714,40342554
2022-11-23,191,3617,49997905,40346171
2022-11-24,156,3821,49998061,40349992
2022-11-25,185,3771,49998246,40353763
2022-11-26,130,2091,49998376,40355854
2022-11-27,22,356,49998398,40356210
2022-11-28,181,2673,49998579,40358883
2022-11-29,183,3213,49998762,40362096
2022-11-30,181,3720,49998943,40365816
2022-12-01,222,3614,49999165,40369430
2022-12-02,156,3512,49999321,40372942
2022-12-03,105,1959,49999426,40374901
2022-12-04,5,290,49999431,40375191
2022-12-05,127,2842,49999558,40378033
2022-12-06,176,3637,49999734,40381670
2022-12-07,136,3116,49999870,40384786
2022-12-08,8,169,49999878,40384955
2022-12-09,159,3006,50000037,40387961
2022-12-10,78,1600,50000115,40389561
2022-12-11,7,192,50000122,40389753
2022-12-12,169,2513,50000291,40392266
2022-12-13,254,3014,50000545,40395280
2022-12-14,221,3173,50000766,40398453
2022-12-15,199,3171,50000965,40401624
2022-12-16,160,3086,50001125,40404710
2022-12-17,94,1639,50001219,40406349
2022-12-18,10,270,50001229,40406619
2022-12-19,136,2047,50001365,40408666
2022-12-20,177,2249,50001542,40410915