data_somministrazione,vaccinazioni,booster,cum_vaccinazioni,cum_booster
2020-12-27,19,0,19,0
2020-12-28,2,0,21,0
2020-12-29,1,0,22,0
2020-12-30,6,0,28,0
2020-12-31,67,0,95,0
2021-01-01,22,0,117,0
2021-01-02,107,0,224,0
2021-01-03,80,0,304,0
2021-01-04,201,0,505,0
2021-01-05,237,0,742,0
2021-01-06,199,0,941,0
2021-01-07,291,0,1232,0
2021-01-08,336,0,1568,0
2021-01-09,249,0,1817,0
2021-01-10,145,0,1962,0
2021-01-11,269,0,2231,0
2021-01-12,264,0,2495,0
2021-01-13,389,0,2884,0
2021-01-14,476,0,3360,0
2021-01-15,299,0,3659,0
2021-01-16,206,0,3865,0
2021-01-17,3057,0,6922,0
2021-01-18,5209,0,12131,0
2021-01-19,1893,0,14024,0
2021-01-20,4653,0,18677,0
2021-01-21,19998,0,38675,0
2021-01-22,14200,0,52875,0
2021-01-23,33330,0,86205,0
2021-01-24,30788,0,116993,0
2021-01-25,64726,0,181719,0
2021-01-26,76499,0,258218,0
2021-01-27,64836,0,323054,0
2021-01-28,89290,0,412344,0
2021-01-29,94021,0,506365,0
2021-01-30,86564,0,592929,0
2021-01-31,57334,0,650263,0
2021-02-01,81868,0,732131,0
2021-02-02,82146,0,814277,0
2021-02-03,91190,0,905467,0
2021-02-04,95396,0,1000863,0
2021-02-05,90274,0,1091137,0
2021-02-06,63449,0,1154586,0
2021-02-07,32928,0,1187514,0
2021-02-08,40432,0,1227946,0
2021-02-09,32864,0,1260810,0
2021-02-10,28422,0,1289232,0
2021-02-11,20392,0,1309624,0
2021-02-12,16230,0,1325854,0
2021-02-13,7252,0,1333106,0
2021-02-14,2861,0,1335967,0
2021-02-15,6837,0,1342804,0
2021-02-16,6994,0,1349798,0
2021-02-17,10520,0,1360318,0
2021-02-18,9248,0,1369566,0
2021-02-19,8242,0,1377808,0
2021-02-20,5546,0,1383354,0
2021-02-21,2988,0,1386342,0
2021-02-22,6883,0,1393225,0
2021-02-23,7165,0,1400390,0
2021-02-24,9825,0,1410215,0
2021-02-25,14203,0,1424418,0
2021-02-26,17555,0,1441973,0
2021-02-27,13905,0,1455878,0
2021-02-28,9386,0,1465264,0
2021-03-01,26507,0,1491771,0
2021-03-02,33238,0,1525009,0
2021-03-03,44639,0,1569648,0
2021-03-04,50288,0,1619936,0
2021-03-05,55734,0,1675670,0
2021-03-06,41879,0,1717549,0
2021-03-07,22324,0,1739873,0
2021-03-08,50797,0,1790670,0
2021-03-09,53062,0,1843732,0
2021-03-10,58630,0,1902362,0
2021-03-11,63844,0,1966206,0
2021-03-12,65100,0,2031306,0
2021-03-13,51708,0,2083014,0
2021-03-14,35387,0,2118401,0
2021-03-15,73428,0,2191829,0
2021-03-16,74023,0,2265852,0
2021-03-17,83129,0,2348981,0
2021-03-18,81621,0,2430602,0
2021-03-19,81080,0,2511682,0
2021-03-20,64712,0,2576394,0
2021-03-21,47288,0,2623682,0
2021-03-22,69472,0,2693154,0
2021-03-23,75782,0,2768936,0
2021-03-24,90893,0,2859829,0
2021-03-25,89788,0,2949617,0
2021-03-26,83604,0,3033221,0
2021-03-27,71925,0,3105146,0
2021-03-28,44131,0,3149277,0
2021-03-29,70810,0,3220087,0
2021-03-30,81366,0,3301453,0
2021-03-31,96218,0,3397671,0
2021-04-01,95296,0,3492967,0
2021-04-02,84066,0,3577033,0
2021-04-03,64297,0,3641330,0
2021-04-04,21717,0,3663047,0
2021-04-05,40300,0,3703347,0
2021-04-06,81304,0,3784651,0
2021-04-07,95813,0,3880464,0
2021-04-08,95227,0,3975691,0
2021-04-09,88484,0,4064175,0
2021-04-10,74027,0,4138202,0
2021-04-11,44757,0,4182959,0
2021-04-12,66908,0,4249867,0
2021-04-13,72565,0,4322432,0
2021-04-14,85521,0,4407953,0
2021-04-15,105403,0,4513356,0
2021-04-16,106411,0,4619767,0
2021-04-17,90494,0,4710261,0
2021-04-18,58581,0,4768842,0
2021-04-19,93423,0,4862265,0
2021-04-20,103760,0,4966025,0
2021-04-21,125331,0,5091356,0
2021-04-22,143501,0,5234857,0
2021-04-23,138717,0,5373574,0
2021-04-24,124436,0,5498010,0
2021-04-25,61451,0,5559461,0
2021-04-26,97878,0,5657339,0
2021-04-27,128353,0,5785692,0
2021-04-28,156352,0,5942044,0
2021-04-29,195580,0,6137624,0
2021-04-30,214555,0,6352179,0
2021-05-01,174091,0,6526270,0
2021-05-02,135796,0,6662066,0
2021-05-03,142006,0,6804072,0
2021-05-04,158678,0,6962750,0
2021-05-05,170475,0,7133225,0
2021-05-06,197792,0,7331017,0
2021-05-07,213813,0,7544830,0
2021-05-08,213389,0,7758219,0
2021-05-09,143194,0,7901413,0
2021-05-10,165083,0,8066496,0
2021-05-11,174962,0,8241458,0
2021-05-12,179160,0,8420618,0
2021-05-13,203364,0,8623982,0
2021-05-14,222894,0,8846876,0
2021-05-15,210341,0,9057217,0
2021-05-16,159265,0,9216482,0
2021-05-17,219178,0,9435660,0
2021-05-18,213001,0,9648661,0
2021-05-19,207066,0,9855727,0
2021-05-20,270835,0,10126562,0
2021-05-21,270862,0,10397424,0
2021-05-22,245516,0,10642940,0
2021-05-23,197171,0,10840111,0
2021-05-24,228293,0,11068404,0
2021-05-25,245687,0,11314091,0
2021-05-26,277477,0,11591568,0
2021-05-27,311076,0,11902644,0
2021-05-28,299564,0,12202208,0
2021-05-29,231203,0,12433411,0
2021-05-30,170828,0,12604239,0
2021-05-31,216411,0,12820650,0
2021-06-01,207625,0,13028275,0
2021-06-02,115775,0,13144050,0
2021-06-03,180115,0,13324165,0
2021-06-04,184858,0,13509023,0
2021-06-05,185939,0,13694962,0
2021-06-06,139518,0,13834480,0
2021-06-07,161843,0,13996323,0
2021-06-08,171173,0,14167496,0
2021-06-09,171443,0,14338939,0
2021-06-10,174050,0,14512989,0
2021-06-11,169943,0,14682932,0
2021-06-12,128312,0,14811244,0
2021-06-13,91146,0,14902390,0
2021-06-14,214648,0,15117038,0
2021-06-15,228391,0,15345429,0
2021-06-16,253038,0,15598467,0
2021-06-17,301706,0,15900173,0
2021-06-18,306269,0,16206442,0
2021-06-19,275060,0,16481502,0
2021-06-20,220733,0,16702235,0
2021-06-21,288042,0,16990277,0
2021-06-22,296184,0,17286461,0
2021-06-23,302662,0,17589123,0
2021-06-24,332558,0,17921681,0
2021-06-25,348689,0,18270370,0
2021-06-26,300086,0,18570456,0
2021-06-27,228619,0,18799075,0
2021-06-28,307042,0,19106117,0
2021-06-29,329240,0,19435357,0
2021-06-30,342106,0,19777463,0
2021-07-01,363161,0,20140624,0
2021-07-02,368432,0,20509056,0
2021-07-03,371071,0,20880127,0
2021-07-04,283193,0,21163320,0
2021-07-05,384507,0,21547827,0
2021-07-06,385431,0,21933258,0
2021-07-07,412067,0,22345325,0
2021-07-08,479611,0,22824936,0
2021-07-09,498477,0,23323413,0
2021-07-10,475176,0,23798589,0
2021-07-11,357695,0,24156284,0
2021-07-12,485897,0,24642181,0
2021-07-13,492139,0,25134320,0
2021-07-14,480471,0,25614791,0
2021-07-15,523474,0,26138265,0
2021-07-16,509775,0,26648040,0
2021-07-17,464360,0,27112400,0
2021-07-18,364689,0,27477089,0
2021-07-19,463068,0,27940157,0
2021-07-20,458081,0,28398238,0
2021-07-21,462809,0,28861047,0
2021-07-22,475399,0,29336446,0
2021-07-23,441300,0,29777746,0
2021-07-24,386185,0,30163931,0
2021-07-25,287580,0,30451511,0
2021-07-26,430884,0,30882395,0
2021-07-27,440123,0,31322518,0
2021-07-28,391012,0,31713530,0
2021-07-29,372080,0,32085610,0
2021-07-30,341515,0,32427125,0
2021-07-31,287022,0,32714147,0
2021-08-01,191016,0,32905163,0
2021-08-02,333724,0,33238887,0
2021-08-03,323189,0,33562076,0
2021-08-04,310965,0,33873041,0
2021-08-05,292506,0,34165547,0
2021-08-06,260007,0,34425554,0
2021-08-07,199051,0,34624605,0
2021-08-08,153105,0,34777710,0
2021-08-09,234075,0,35011785,0
2021-08-10,205245,0,35217030,0
2021-08-11,193756,0,35410786,0
2021-08-12,167985,0,35578771,0
2021-08-13,148598,0,35727369,0
2021-08-14,66088,0,35793457,0
2021-08-15,26335,0,35819792,0
2021-08-16,114681,0,35934473,0
2021-08-17,129239,0,36063712,0
2021-08-18,128741,0,36192453,0
2021-08-19,124796,0,36317249,0
2021-08-20,123795,0,36441044,0
2021-08-21,83121,0,36524165,0
2021-08-22,68166,0,36592331,0
2021-08-23,176870,0,36769201,0
2021-08-24,156905,0,36926106,0
2021-08-25,177168,0,37103274,0
2021-08-26,172344,0,37275618,0
2021-08-27,185838,0,37461456,0
2021-08-28,140269,0,37601725,0
2021-08-29,98997,0,37700722,0
2021-08-30,209626,0,37910348,0
2021-08-31,194632,0,38104980,0
2021-09-01,192215,0,38297195,0
2021-09-02,189938,0,38487133,0
2021-09-03,191331,0,38678464,0
2021-09-04,131475,0,38809939,0
2021-09-05,87867,0,38897806,0
2021-09-06,193651,0,39091457,0
2021-09-07,196058,0,39287515,0
2021-09-08,187904,0,39475419,0
2021-09-09,201459,0,39676878,0
2021-09-10,198099,0,39874977,0
2021-09-11,141321,0,40016298,0
2021-09-12,89599,0,40105897,0
2021-09-13,191160,559,40297057,559
2021-09-14,177257,578,40474314,1137
2021-09-15,163118,582,40637432,1719
2021-09-16,160091,927,40797523,2646
2021-09-17,150175,1115,40947698,3761
2021-09-18,127978,739,41075676,4500
2021-09-19,81132,493,41156808,4993
2021-09-20,180078,9074,41336886,14067
2021-09-21,166637,8832,41503523,22899
2021-09-22,159083,9437,41662606,32336
2021-09-23,138086,9322,41800692,41658
2021-09-24,140540,8955,41941232,50613
2021-09-25,119558,5636,42060790,56249
2021-09-26,71960,4340,42132750,60589
2021-09-27,135643,10048,42268393,70637
2021-09-28,117498,11385,42385891,82022
2021-09-29,112335,11827,42498226,93849
2021-09-30,110233,14950,42608459,108799
2021-10-01,94978,19108,42703437,127907
2021-10-02,78488,14014,42781925,141921
2021-10-03,47740,7656,42829665,149577
2021-10-04,88378,34445,42918043,184022
2021-10-05,80368,33970,42998411,217992
2021-10-06,71985,34163,43070396,252155
2021-10-07,71855,34347,43142251,286502
2021-10-08,80624,33589,43222875,320091
2021-10-09,76102,22170,43298977,342261
2021-10-10,45775,13616,43344752,355877
2021-10-11,87419,41106,43432171,396983
2021-10-12,84491,46897,43516662,443880
2021-10-13,88193,52115,43604855,495995
2021-10-14,91530,58511,43696385,554506
2021-10-15,93595,55626,43789980,610132
2021-10-16,82967,36781,43872947,646913
2021-10-17,51466,23827,43924413,670740
2021-10-18,90297,59482,44014710,730222
2021-10-19,78344,69371,44093054,799593
2021-10-20,75074,78165,44168128,877758
2021-10-21,78300,81751,44246428,959509
2021-10-22,73786,77022,44320214,1036531
2021-10-23,60818,51954,44381032,1088485
2021-10-24,33378,23456,44414410,1111941
2021-10-25,64907,81622,44479317,1193563
2021-10-26,58374,91778,44537691,1285341
2021-10-27,58329,103970,44596020,1389311
2021-10-28,61467,114100,44657487,1503411
2021-10-29,61656,103114,44719143,1606525
2021-10-30,50671,68115,44769814,1674640
2021-10-31,25163,28290,44794977,1702930
2021-11-01,19046,28148,44814023,1731078
2021-11-02,62763,89373,44876786,1820451
2021-11-03,60733,118654,44937519,1939105
2021-11-04,59241,126663,44996760,2065768
2021-11-05,63094,135170,45059854,2200938
2021-11-06,46477,90925,45106331,2291863
2021-11-07,22251,37895,45128582,2329758
2021-11-08,51530,131262,45180112,2461020
2021-11-09,45404,144199,45225516,2605219
2021-11-10,42582,156344,45268098,2761563
2021-11-11,44933,155133,45313031,2916696
2021-11-12,46370,158574,45359401,3075270
2021-11-13,33252,116650,45392653,3191920
2021-11-14,14481,52444,45407134,3244364
2021-11-15,36894,157425,45444028,3401789
2021-11-16,30549,171375,45474577,3573164
2021-11-17,28449,178434,45503026,3751598
2021-11-18,30284,193715,45533310,3945313
2021-11-19,28802,205849,45562112,4151162
2021-11-20,20993,156436,45583105,4307598
2021-11-21,10609,64858,45593714,4372456
2021-11-22,21935,213137,45615649,4585593
2021-11-23,23571,241742,45639220,4827335
2021-11-24,27842,270945,45667062,5098280
2021-11-25,23233,301903,45690295,5400183
2021-11-26,24585,318261,45714880,5718444
2021-11-27,21380,266149,45736260,5984593
2021-11-28,9899,137056,45746159,6121649
2021-11-29,22324,326059,45768483,6447708
2021-11-30,23086,365821,45791569,6813529
2021-12-01,21522,413496,45813091,7227025
2021-12-02,23758,440375,45836849,7667400
2021-12-03,25251,467454,45862100,8134854
2021-12-04,22357,418731,45884457,8553585
2021-12-05,11918,261328,45896375,8814913
2021-12-06,25819,457563,45922194,9272476
2021-12-07,24126,480249,45946320,9752725
2021-12-08,10003,249681,45956323,10002406
2021-12-09,31576,491906,45987899,10494312
2021-12-10,28063,517862,46015962,11012174
2021-12-11,23558,459242,46039520,11471416
2021-12-12,12304,293492,46051824,11764908
2021-12-13,26147,467617,46077971,12232525
2021-12-14,25169,494186,46103140,12726711
2021-12-15,25331,517122,46128471,13243833
2021-12-16,27877,520235,46156348,13764068
2021-12-17,29356,517157,46185704,14281225
2021-12-18,27047,468712,46212751,14749937
2021-12-19,15137,300514,46227888,15050451
2021-12-20,30614,477478,46258502,15527929
2021-12-21,30361,493376,46288863,16021305
2021-12-22,29436,484697,46318299,16506002
2021-12-23,28236,426890,46346535,16932892
2021-12-24,13113,210821,46359648,17143713
2021-12-25,2101,33053,46361749,17176766
2021-12-26,8758,159065,46370507,17335831
2021-12-27,46780,504646,46417287,17840477
2021-12-28,42439,554203,46459726,18394680
2021-12-29,34332,550624,46494058,18945304
2021-12-30,31817,499818,46525875,19445122
2021-12-31,14114,247388,46539989,19692510
2022-01-01,3494,64814,46543483,19757324
2022-01-02,22753,276716,46566236,20034040
2022-01-03,47837,520004,46614073,20554044
2022-01-04,46334,572074,46660407,21126118
2022-01-05,40716,560388,46701123,21686506
2022-01-06,23465,274480,46724588,21960986
2022-01-07,63669,554174,46788257,22515160
2022-01-08,60816,503373,46849073,23018533
2022-01-09,42805,319681,46891878,23338214
2022-01-10,61043,542276,46952921,23880490
2022-01-11,61677,586976,47014598,24467466
2022-01-12,58403,581272,47073001,25048738
2022-01-13,58570,580370,47131571,25629108
2022-01-14,46740,588558,47178311,26217666
2022-01-15,39352,569929,47217663,26787595
2022-01-16,31163,341847,47248826,27129442
2022-01-17,54744,489647,47303570,27619089
2022-01-18,58360,517005,47361930,28136094
2022-01-19,57163,502773,47419093,28638867
2022-01-20,54309,498811,47473402,29137678
2022-01-21,42048,493861,47515450,29631539
2022-01-22,31142,469586,47546592,30101125
2022-01-23,34909,275358,47581501,30376483
2022-01-24,56151,437204,47637652,30813687
2022-01-25,61530,452088,47699182,31265775
2022-01-26,58514,435818,47757696,31701593
2022-01-27,48808,432348,47806504,32133941
2022-01-28,58668,436527,47865172,32570468
2022-01-29,68099,412481,47933271,32982949
2022-01-30,50355,235962,47983626,33218911
2022-01-31,60599,356918,48044225,33575829
2022-02-01,65521,328432,48109746,33904261
2022-02-02,63166,296964,48172912,34201225
2022-02-03,60036,274512,48232948,34475737
2022-02-04,72354,268449,48305302,34744186
2022-02-05,83742,248527,48389044,34992713
2022-02-06,55273,116198,48444317,35108911
2022-02-07,65119,199932,48509436,35308843
2022-02-08,66917,186105,48576353,35494948
2022-02-09,58748,166333,48635101,35661281
2022-02-10,58548,163230,48693649,35824511
2022-02-11,62226,162453,48755875,35986964
2022-02-12,71957,152133,48827832,36139097
2022-02-13,41467,68846,48869299,36207943
2022-02-14,46673,116187,48915972,36324130
2022-02-15,48514,123477,48964486,36447607
2022-02-16,45668,106113,49010154,36553720
2022-02-17,42851,98102,49053005,36651822
2022-02-18,46603,112568,49099608,36764390
2022-02-19,52519,100324,49152127,36864714
2022-02-20,31409,40357,49183536,36905071
2022-02-21,37885,89641,49221421,36994712
2022-02-22,37214,83768,49258635,37078480
2022-02-23,33381,79403,49292016,37157883
2022-02-24,32550,78157,49324566,37236040
2022-02-25,34751,90705,49359317,37326745
2022-02-26,39148,89131,49398465,37415876
2022-02-27,22540,35855,49421005,37451731
2022-02-28,28469,81683,49449474,37533414
2022-03-01,22708,53937,49472182,37587351
2022-03-02,21991,50625,49494173,37637976
2022-03-03,22604,54940,49516777,37692916
2022-03-04,23215,62788,49539992,37755704
2022-03-05,23786,57950,49563778,37813654
2022-03-06,9470,17201,49573248,37830855
2022-03-07,15900,51386,49589148,37882241
2022-03-08,15464,48794,49604612,37931035
2022-03-09,13806,46512,49618418,37977547
2022-03-10,14040,52115,49632458,38029662
2022-03-11,15571,57253,49648029,38086915
2022-03-12,15491,56614,49663520,38143529
2022-03-13,5542,16849,49669062,38160378
2022-03-14,10519,46692,49679581,38207070
2022-03-15,10534,46890,49690115,38253960
2022-03-16,9473,41976,49699588,38295936
2022-03-17,9703,44874,49709291,38340810
2022-03-18,10152,49051,49719443,38389861
2022-03-19,9146,46530,49728589,38436391
2022-03-20,2607,11700,49731196,38448091
2022-03-21,7575,40221,49738771,38488312
2022-03-22,8444,37752,49747215,38526064
2022-03-23,7209,33699,49754424,38559763
2022-03-24,8251,38797,49762675,38598560
2022-03-25,8129,43659,49770804,38642219
2022-03-26,8120,41720,49778924,38683939
2022-03-27,2429,9681,49781353,38693620
2022-03-28,6100,35231,49787453,38728851
2022-03-29,5773,32523,49793226,38761374
2022-03-30,5557,30195,49798783,38791569
2022-03-31,5887,33175,49804670,38824744
2022-04-01,4342,25187,49809012,38849931
2022-04-02,4489,23273,49813501,38873204
2022-04-03,1049,4499,49814550,38877703
2022-04-04,3653,21532,49818203,38899235
2022-04-05,3750,22924,49821953,38922159
2022-04-06,4098,21846,49826051,38944005
2022-04-07,3961,23320,49830012,38967325
2022-04-08,4689,26709,49834701,38994034
2022-04-09,4376,23884,49839077,39017918
2022-04-10,892,4614,49839969,39022532
2022-04-11,3812,22684,49843781,39045216
2022-04-12,3356,21779,49847137,39066995
2022-04-13,3559,21332,49850696,39088327
2022-04-14,3481,23775,49854177,39112102
2022-04-15,3079,20618,49857256,39132720
2022-04-16,2147,11919,49859403,39144639
2022-04-17,63,348,49859466,39144987
2022-04-18,149,650,49859615,39145637
2022-04-19,3490,21978,49863105,39167615
2022-04-20,3503,20248,49866608,39187863
2022-04-21,2840,19781,49869448,39207644
2022-04-22,2920,20694,49872368,39228338
2022-04-23,2636,16211,49875004,39244549
2022-04-24,509,2335,49875513,39246884
2022-04-25,183,1165,49875696,39248049
2022-04-26,2759,17791,49878455,39265840
2022-04-27,2368,15784,49880823,39281624
2022-04-28,2355,15553,49883178,39297177
2022-04-29,2291,14836,49885469,39312013
2022-04-30,2121,11576,49887590,39323589
2022-05-01,113,530,49887703,39324119
2022-05-02,1445,9385,49889148,39333504
2022-05-03,1573,10309,49890721,39343813
2022-05-04,1746,10257,49892467,39354070
2022-05-05,1650,10273,49894117,39364343
2022-05-06,1699,10944,49895816,39375287
2022-05-07,1431,8562,49897247,39383849
2022-05-08,404,1514,49897651,39385363
2022-05-09,1024,8917,49898675,39394280
2022-05-10,1422,9537,49900097,39403817
2022-05-11,1481,10087,49901578,39413904
2022-05-12,1368,10118,49902946,39424022
2022-05-13,1587,10510,49904533,39434532
2022-05-14,1357,8227,49905890,39442759
2022-05-15,336,1129,49906226,39443888
2022-05-16,812,8388,49907038,39452276
2022-05-17,1242,8673,49908280,39460949
2022-05-18,1369,9216,49909649,39470165
2022-05-19,1498,9269,49911147,39479434
2022-05-20,1419,9494,49912566,39488928
2022-05-21,1299,7892,49913865,39496820
2022-05-22,231,1012,49914096,39497832
2022-05-23,826,8261,49914922,39506093
2022-05-24,1070,8666,49915992,39514759
2022-05-25,1366,9445,49917358,39524204
2022-05-26,1194,9455,49918552,39533659
2022-05-27,1225,9911,49919777,39543570
2022-05-28,1202,7873,49920979,39551443
2022-05-29,285,1264,49921264,39552707
2022-05-30,930,8026,49922194,39560733
2022-05-31,1033,8531,49923227,39569264
2022-06-01,891,7644,49924118,39576908
2022-06-02,35,474,49924153,39577382
2022-06-03,814,7328,49924967,39584710
2022-06-04,870,5155,49925837,39589865
2022-06-05,89,586,49925926,39590451
2022-06-06,672,6984,49926598,39597435
2022-06-07,931,7841,49927529,39605276
2022-06-08,983,7899,49928512,39613175
2022-06-09,1034,8400,49929546,39621575
2022-06-10,957,8550,49930503,39630125
2022-06-11,900,6206,49931403,39636331
2022-06-12,140,767,49931543,39637098
2022-06-13,603,6295,49932146,39643393
2022-06-14,826,7881,49932972,39651274
2022-06-15,952,7843,49933924,39659117
2022-06-16,728,7389,49934652,39666506
2022-06-17,720,7239,49935372,39673745
2022-06-18,777,5588,49936149,39679333
2022-06-19,47,522,49936196,39679855
2022-06-20,588,6694,49936784,39686549
2022-06-21,733,7646,49937517,39694195
2022-06-22,780,7305,49938297,39701500
2022-06-23,649,7458,49938946,39708958
2022-06-24,643,7473,49939589,39716431
2022-06-25,835,6532,49940424,39722963
2022-06-26,128,523,49940552,39723486
2022-06-27,532,7120,49941084,39730606
2022-06-28,745,8208,49941829,39738814
2022-06-29,754,7718,49942583,39746532
2022-06-30,744,8131,49943327,39754663
2022-07-01,576,6437,49943903,39761100
2022-07-02,536,4765,49944439,39765865
2022-07-03,49,456,49944488,39766321
2022-07-04,470,6273,49944958,39772594
2022-07-05,627,8112,49945585,39780706
2022-07-06,629,7606,49946214,39788312
2022-07-07,567,8256,49946781,39796568
2022-07-08,670,8078,49947451,39804646
2022-07-09,549,6103,49948000,39810749
2022-07-10,58,533,49948058,39811282
2022-07-11,487,7638,49948545,39818920
2022-07-12,663,9001,49949208,39827921
2022-07-13,638,10058,49949846,39837979
2022-07-14,636,10221,49950482,39848200
2022-07-15,623,10664,49951105,39858864
2022-07-16,521,7208,49951626,39866072
2022-07-17,48,769,49951674,39866841
2022-07-18,497,9349,49952171,39876190
2022-07-19,574,10649,49952745,39886839
2022-07-20,576,11258,49953321,39898097
2022-07-21,625,12033,49953946,39910130
2022-07-22,581,11224,49954527,39921354
2022-07-23,379,6739,49954906,39928093
2022-07-24,76,834,49954982,39928927
2022-07-25,500,9031,49955482,39937958
2022-07-26,518,9724,49956000,39947682
2022-07-27,545,10150,49956545,39957832
2022-07-28,527,10477,49957072,39968309
2022-07-29,511,9418,49957583,39977727
2022-07-30,380,5851,49957963,39983578
2022-07-31,49,745,49958012,39984323
2022-08-01,386,6822,49958398,39991145
2022-08-02,538,7515,49958936,39998660
2022-08-03,509,7141,49959445,40005801
2022-08-04,451,7418,49959896,40013219
2022-08-05,416,6479,49960312,40019698
2022-08-06,297,3580,49960609,40023278
2022-08-07,44,551,49960653,40023829
2022-08-08,396,4872,49961049,40028701
2022-08-09,382,5267,49961431,40033968
2022-08-10,374,4780,49961805,40038748
2022-08-11,365,4756,49962170,40043504
2022-08-12,287,3699,49962457,40047203
2022-08-13,143,1595,49962600,40048798
2022-08-14,9,128,49962609,40048926
2022-08-15,1,24,49962610,40048950
2022-08-16,281,3022,49962891,40051972
2022-08-17,351,3513,49963242,40055485
2022-08-18,384,4142,49963626,40059627
2022-08-19,338,3301,49963964,40062928
2022-08-20,182,1711,49964146,40064639
2022-08-21,24,146,49964170,40064785
2022-08-22,326,2928,49964496,40067713
2022-08-23,371,3644,49964867,40071357
2022-08-24,380,3329,49965247,40074686
2022-08-25,417,3703,49965664,40078389
2022-08-26,393,3539,49966057,40081928
2022-08-27,233,1767,49966290,40083695
2022-08-28,29,260,49966319,40083955
2022-08-29,353,3133,49966672,40087088
2022-08-30,399,3633,49967071,40090721
2022-08-31,428,3691,49967499,40094412
2022-09-01,351,3058,49967850,40097470
2022-09-02,289,2861,49968139,40100331
2022-09-03,197,1683,49968336,40102014
2022-09-04,22,147,49968358,40102161
2022-09-05,185,2622,49968543,40104783
2022-09-06,298,2936,49968841,40107719
2022-09-07,535,2876,49969376,40110595
2022-09-08,276,2898,49969652,40113493
2022-09-09,296,2799,49969948,40116292
2022-09-10,224,1312,49970172,40117604
2022-09-11,21,121,49970193,40117725
2022-09-12,255,1854,49970448,40119579
2022-09-13,232,1794,49970680,40121373