data_somministrazione,vaccinazioni,booster,cum_vaccinazioni,cum_booster
2020-12-27,16,0,16,0
2020-12-28,2,0,18,0
2020-12-29,1,0,19,0
2020-12-30,3,0,22,0
2020-12-31,36,0,58,0
2021-01-01,12,0,70,0
2021-01-02,55,0,125,0
2021-01-03,46,0,171,0
2021-01-04,124,0,295,0
2021-01-05,165,0,460,0
2021-01-06,135,0,595,0
2021-01-07,204,0,799,0
2021-01-08,248,0,1047,0
2021-01-09,175,0,1222,0
2021-01-10,110,0,1332,0
2021-01-11,203,0,1535,0
2021-01-12,209,0,1744,0
2021-01-13,314,0,2058,0
2021-01-14,415,0,2473,0
2021-01-15,255,0,2728,0
2021-01-16,169,0,2897,0
2021-01-17,3050,0,5947,0
2021-01-18,5186,0,11133,0
2021-01-19,1878,0,13011,0
2021-01-20,4648,0,17659,0
2021-01-21,20007,0,37666,0
2021-01-22,14198,0,51864,0
2021-01-23,33358,0,85222,0
2021-01-24,30794,0,116016,0
2021-01-25,64781,0,180797,0
2021-01-26,76552,0,257349,0
2021-01-27,64882,0,322231,0
2021-01-28,89344,0,411575,0
2021-01-29,94077,0,505652,0
2021-01-30,86620,0,592272,0
2021-01-31,57355,0,649627,0
2021-02-01,81912,0,731539,0
2021-02-02,82173,0,813712,0
2021-02-03,91218,0,904930,0
2021-02-04,95390,0,1000320,0
2021-02-05,90295,0,1090615,0
2021-02-06,63734,0,1154349,0
2021-02-07,32920,0,1187269,0
2021-02-08,40417,0,1227686,0
2021-02-09,32846,0,1260532,0
2021-02-10,28387,0,1288919,0
2021-02-11,20356,0,1309275,0
2021-02-12,16181,0,1325456,0
2021-02-13,7216,0,1332672,0
2021-02-14,2856,0,1335528,0
2021-02-15,6825,0,1342353,0
2021-02-16,6974,0,1349327,0
2021-02-17,10498,0,1359825,0
2021-02-18,9218,0,1369043,0
2021-02-19,8175,0,1377218,0
2021-02-20,5477,0,1382695,0
2021-02-21,2949,0,1385644,0
2021-02-22,6841,0,1392485,0
2021-02-23,7110,0,1399595,0
2021-02-24,9793,0,1409388,0
2021-02-25,14171,0,1423559,0
2021-02-26,17496,0,1441055,0
2021-02-27,13857,0,1454912,0
2021-02-28,9346,0,1464258,0
2021-03-01,26446,0,1490704,0
2021-03-02,33173,0,1523877,0
2021-03-03,44602,0,1568479,0
2021-03-04,50213,0,1618692,0
2021-03-05,55629,0,1674321,0
2021-03-06,41842,0,1716163,0
2021-03-07,22292,0,1738455,0
2021-03-08,50531,0,1788986,0
2021-03-09,52913,0,1841899,0
2021-03-10,58532,0,1900431,0
2021-03-11,63751,0,1964182,0
2021-03-12,65013,0,2029195,0
2021-03-13,51654,0,2080849,0
2021-03-14,35346,0,2116195,0
2021-03-15,73370,0,2189565,0
2021-03-16,73987,0,2263552,0
2021-03-17,83002,0,2346554,0
2021-03-18,81588,0,2428142,0
2021-03-19,81023,0,2509165,0
2021-03-20,64644,0,2573809,0
2021-03-21,47246,0,2621055,0
2021-03-22,69405,0,2690460,0
2021-03-23,75695,0,2766155,0
2021-03-24,90783,0,2856938,0
2021-03-25,89708,0,2946646,0
2021-03-26,83493,0,3030139,0
2021-03-27,71822,0,3101961,0
2021-03-28,44038,0,3145999,0
2021-03-29,70700,0,3216699,0
2021-03-30,81248,0,3297947,0
2021-03-31,96091,0,3394038,0
2021-04-01,95200,0,3489238,0
2021-04-02,83986,0,3573224,0
2021-04-03,64249,0,3637473,0
2021-04-04,21690,0,3659163,0
2021-04-05,40259,0,3699422,0
2021-04-06,81224,0,3780646,0
2021-04-07,95722,0,3876368,0
2021-04-08,95152,0,3971520,0
2021-04-09,88387,0,4059907,0
2021-04-10,73949,0,4133856,0
2021-04-11,44703,0,4178559,0
2021-04-12,66837,0,4245396,0
2021-04-13,72499,0,4317895,0
2021-04-14,85426,0,4403321,0
2021-04-15,105298,0,4508619,0
2021-04-16,106307,0,4614926,0
2021-04-17,90402,0,4705328,0
2021-04-18,58530,0,4763858,0
2021-04-19,93387,0,4857245,0
2021-04-20,103691,0,4960936,0
2021-04-21,125273,0,5086209,0
2021-04-22,143422,0,5229631,0
2021-04-23,138618,0,5368249,0
2021-04-24,124355,0,5492604,0
2021-04-25,61389,0,5553993,0
2021-04-26,97795,0,5651788,0
2021-04-27,128270,0,5780058,0
2021-04-28,156246,0,5936304,0
2021-04-29,195425,0,6131729,0
2021-04-30,214422,0,6346151,0
2021-05-01,174001,0,6520152,0
2021-05-02,135732,0,6655884,0
2021-05-03,141897,0,6797781,0
2021-05-04,158586,0,6956367,0
2021-05-05,170356,0,7126723,0
2021-05-06,197684,0,7324407,0
2021-05-07,213674,0,7538081,0
2021-05-08,213294,0,7751375,0
2021-05-09,143086,0,7894461,0
2021-05-10,164992,0,8059453,0
2021-05-11,174819,0,8234272,0
2021-05-12,178978,0,8413250,0
2021-05-13,203176,0,8616426,0
2021-05-14,222751,0,8839177,0
2021-05-15,210168,0,9049345,0
2021-05-16,159155,0,9208500,0
2021-05-17,219077,0,9427577,0
2021-05-18,212886,0,9640463,0
2021-05-19,206931,0,9847394,0
2021-05-20,270680,0,10118074,0
2021-05-21,270693,0,10388767,0
2021-05-22,245410,0,10634177,0
2021-05-23,197115,0,10831292,0
2021-05-24,228222,0,11059514,0
2021-05-25,245613,0,11305127,0
2021-05-26,277379,0,11582506,0
2021-05-27,310964,0,11893470,0
2021-05-28,299438,0,12192908,0
2021-05-29,231075,0,12423983,0
2021-05-30,170756,0,12594739,0
2021-05-31,216313,0,12811052,0
2021-06-01,207547,0,13018599,0
2021-06-02,115667,0,13134266,0
2021-06-03,179899,0,13314165,0
2021-06-04,184632,0,13498797,0
2021-06-05,185744,0,13684541,0
2021-06-06,139311,0,13823852,0
2021-06-07,161629,0,13985481,0
2021-06-08,170879,0,14156360,0
2021-06-09,171197,0,14327557,0
2021-06-10,173759,0,14501316,0
2021-06-11,169662,0,14670978,0
2021-06-12,128061,0,14799039,0
2021-06-13,91009,0,14890048,0
2021-06-14,214484,0,15104532,0
2021-06-15,228236,0,15332768,0
2021-06-16,252961,0,15585729,0
2021-06-17,301592,0,15887321,0
2021-06-18,306137,0,16193458,0
2021-06-19,275026,0,16468484,0
2021-06-20,220649,0,16689133,0
2021-06-21,287994,0,16977127,0
2021-06-22,296115,0,17273242,0
2021-06-23,302692,0,17575934,0
2021-06-24,332523,0,17908457,0
2021-06-25,348670,0,18257127,0
2021-06-26,300069,0,18557196,0
2021-06-27,228664,0,18785860,0
2021-06-28,306945,0,19092805,0
2021-06-29,329233,0,19422038,0
2021-06-30,342138,0,19764176,0
2021-07-01,363067,0,20127243,0
2021-07-02,368474,0,20495717,0
2021-07-03,371138,0,20866855,0
2021-07-04,283185,0,21150040,0
2021-07-05,384524,0,21534564,0
2021-07-06,385439,0,21920003,0
2021-07-07,412102,0,22332105,0
2021-07-08,479892,0,22811997,0
2021-07-09,498646,0,23310643,0
2021-07-10,475341,0,23785984,0
2021-07-11,357859,0,24143843,0
2021-07-12,486075,0,24629918,0
2021-07-13,492369,0,25122287,0
2021-07-14,480656,0,25602943,0
2021-07-15,523663,0,26126606,0
2021-07-16,509927,0,26636533,0
2021-07-17,464635,0,27101168,0
2021-07-18,364860,0,27466028,0
2021-07-19,463296,0,27929324,0
2021-07-20,458218,0,28387542,0
2021-07-21,462914,0,28850456,0
2021-07-22,475441,0,29325897,0
2021-07-23,441373,0,29767270,0
2021-07-24,386187,0,30153457,0
2021-07-25,287620,0,30441077,0
2021-07-26,430965,0,30872042,0
2021-07-27,440175,0,31312217,0
2021-07-28,391057,0,31703274,0
2021-07-29,372111,0,32075385,0
2021-07-30,341440,0,32416825,0
2021-07-31,286982,0,32703807,0
2021-08-01,190856,0,32894663,0
2021-08-02,333694,0,33228357,0
2021-08-03,323159,0,33551516,0
2021-08-04,310957,0,33862473,0
2021-08-05,292559,0,34155032,0
2021-08-06,259979,0,34415011,0
2021-08-07,198948,0,34613959,0
2021-08-08,153082,0,34767041,0
2021-08-09,234137,0,35001178,0
2021-08-10,205156,0,35206334,0
2021-08-11,193608,0,35399942,0
2021-08-12,167801,0,35567743,0
2021-08-13,148400,0,35716143,0
2021-08-14,66003,0,35782146,0
2021-08-15,26305,0,35808451,0
2021-08-16,114542,0,35922993,0
2021-08-17,129123,0,36052116,0
2021-08-18,128584,0,36180700,0
2021-08-19,124653,0,36305353,0
2021-08-20,123674,0,36429027,0
2021-08-21,83057,0,36512084,0
2021-08-22,68122,0,36580206,0
2021-08-23,176737,0,36756943,0
2021-08-24,156935,0,36913878,0
2021-08-25,177065,0,37090943,0
2021-08-26,172266,0,37263209,0
2021-08-27,185792,0,37449001,0
2021-08-28,140129,0,37589130,0
2021-08-29,98993,0,37688123,0
2021-08-30,209491,0,37897614,0
2021-08-31,194476,0,38092090,0
2021-09-01,192077,0,38284167,0
2021-09-02,189773,0,38473940,0
2021-09-03,191233,0,38665173,0
2021-09-04,131416,0,38796589,0
2021-09-05,87818,0,38884407,0
2021-09-06,193598,0,39078005,0
2021-09-07,195914,0,39273919,0
2021-09-08,187827,0,39461746,0
2021-09-09,201381,0,39663127,0
2021-09-10,197984,0,39861111,0
2021-09-11,141216,0,40002327,0
2021-09-12,89535,0,40091862,0
2021-09-13,191127,347,40282989,347
2021-09-14,177191,429,40460180,776
2021-09-15,162998,456,40623178,1232
2021-09-16,159975,787,40783153,2019
2021-09-17,149990,1005,40933143,3024
2021-09-18,127789,656,41060932,3680
2021-09-19,81051,443,41141983,4123
2021-09-20,179836,8953,41321819,13076
2021-09-21,166375,8726,41488194,21802
2021-09-22,158804,9363,41646998,31165
2021-09-23,137775,9238,41784773,40403
2021-09-24,140260,8860,41925033,49263
2021-09-25,119350,5552,42044383,54815
2021-09-26,71799,4295,42116182,59110
2021-09-27,135372,9972,42251554,69082
2021-09-28,117229,11315,42368783,80397
2021-09-29,112048,11760,42480831,92157
2021-09-30,109975,14850,42590806,107007
2021-10-01,94741,19031,42685547,126038
2021-10-02,78251,13983,42763798,140021
2021-10-03,47579,7630,42811377,147651
2021-10-04,88141,34366,42899518,182017
2021-10-05,80184,33905,42979702,215922
2021-10-06,71781,34078,43051483,250000
2021-10-07,71557,34289,43123040,284289
2021-10-08,80401,33496,43203441,317785
2021-10-09,75869,22112,43279310,339897
2021-10-10,45651,13590,43324961,353487
2021-10-11,87180,41005,43412141,394492
2021-10-12,84264,46799,43496405,441291
2021-10-13,87941,52010,43584346,493301
2021-10-14,91233,58385,43675579,551686
2021-10-15,93287,55488,43768866,607174
2021-10-16,82698,36713,43851564,643887
2021-10-17,51296,23784,43902860,667671
2021-10-18,90105,59337,43992965,727008
2021-10-19,78149,69293,44071114,796301
2021-10-20,74866,78044,44145980,874345
2021-10-21,78105,81616,44224085,955961
2021-10-22,73673,76905,44297758,1032866
2021-10-23,60653,51887,44358411,1084753
2021-10-24,33327,23402,44391738,1108155
2021-10-25,64798,81534,44456536,1189689
2021-10-26,58263,91638,44514799,1281327
2021-10-27,58193,103846,44572992,1385173
2021-10-28,61329,113915,44634321,1499088
2021-10-29,61590,102948,44695911,1602036
2021-10-30,50569,68011,44746480,1670047
2021-10-31,25131,28239,44771611,1698286
2021-11-01,19021,28121,44790632,1726407
2021-11-02,62721,89225,44853353,1815632
2021-11-03,60643,118509,44913996,1934141
2021-11-04,59140,126473,44973136,2060614
2021-11-05,62994,134988,45036130,2195602
2021-11-06,46373,90777,45082503,2286379
2021-11-07,22209,37838,45104712,2324217
2021-11-08,51403,131129,45156115,2455346
2021-11-09,45332,143952,45201447,2599298
2021-11-10,42501,156067,45243948,2755365
2021-11-11,44828,154974,45288776,2910339
2021-11-12,46253,158388,45335029,3068727
2021-11-13,33153,116477,45368182,3185204
2021-11-14,14446,52394,45382628,3237598
2021-11-15,36800,157196,45419428,3394794
2021-11-16,30451,171185,45449879,3565979
2021-11-17,28337,178269,45478216,3744248
2021-11-18,30117,193478,45508333,3937726
2021-11-19,28674,205588,45537007,4143314
2021-11-20,20888,156120,45557895,4299434
2021-11-21,10550,64713,45568445,4364147
2021-11-22,21827,212936,45590272,4577083
2021-11-23,23451,241465,45613723,4818548
2021-11-24,27685,270683,45641408,5089231
2021-11-25,23065,301586,45664473,5390817
2021-11-26,24415,317958,45688888,5708775
2021-11-27,21229,265851,45710117,5974626
2021-11-28,9831,136841,45719948,6111467
2021-11-29,22141,325696,45742089,6437163
2021-11-30,22895,365426,45764984,6802589
2021-12-01,21297,413040,45786281,7215629
2021-12-02,23552,440221,45809833,7655850
2021-12-03,24997,467244,45834830,8123094
2021-12-04,22165,418602,45856995,8541696
2021-12-05,11771,261255,45868766,8802951
2021-12-06,25518,457408,45894284,9260359
2021-12-07,23867,480038,45918151,9740397
2021-12-08,9872,249586,45928023,9989983
2021-12-09,31267,491775,45959290,10481758
2021-12-10,27803,517633,45987093,10999391
2021-12-11,23308,459095,46010401,11458486
2021-12-12,12140,293380,46022541,11751866
2021-12-13,25884,467447,46048425,12219313
2021-12-14,24897,493985,46073322,12713298
2021-12-15,25056,516945,46098378,13230243
2021-12-16,27499,520013,46125877,13750256
2021-12-17,29016,516900,46154893,14267156
2021-12-18,26679,468526,46181572,14735682
2021-12-19,14921,300366,46196493,15036048
2021-12-20,30272,477283,46226765,15513331
2021-12-21,30053,493138,46256818,16006469
2021-12-22,29070,484482,46285888,16490951
2021-12-23,27870,426734,46313758,16917685
2021-12-24,12968,210741,46326726,17128426
2021-12-25,2087,33042,46328813,17161468
2021-12-26,8652,159019,46337465,17320487
2021-12-27,46360,504464,46383825,17824951
2021-12-28,41905,554005,46425730,18378956
2021-12-29,33719,550432,46459449,18929388
2021-12-30,31291,499613,46490740,19429001
2021-12-31,13635,247318,46504375,19676319
2022-01-01,3424,64785,46507799,19741104
2022-01-02,22317,276662,46530116,20017766
2022-01-03,46944,520795,46577060,20538561
2022-01-04,45406,572810,46622466,21111371
2022-01-05,39574,561091,46662040,21672462
2022-01-06,22739,274359,46684779,21946821
2022-01-07,62191,554849,46746970,22501670
2022-01-08,59152,503200,46806122,23004870
2022-01-09,41376,319584,46847498,23324454
2022-01-10,59617,542925,46907115,23867379
2022-01-11,59934,587632,46967049,24455011
2022-01-12,56469,581898,47023518,25036909
2022-01-13,56656,580983,47080174,25617892
2022-01-14,44627,588860,47124801,26206752
2022-01-15,36620,568785,47161421,26775537
2022-01-16,29351,341364,47190772,27116901
2022-01-17,53006,490279,47243778,27607180
2022-01-18,56595,518053,47300373,28125233
2022-01-19,55319,503351,47355692,28628584
2022-01-20,52492,499329,47408184,29127913
2022-01-21,40027,494339,47448211,29622252
2022-01-22,28537,469286,47476748,30091538
2022-01-23,33419,275183,47510167,30366721
2022-01-24,54688,437794,47564855,30804515
2022-01-25,60167,452685,47625022,31257200
2022-01-26,57042,436337,47682064,31693537
2022-01-27,47370,432846,47729434,32126383
2022-01-28,57106,437073,47786540,32563456
2022-01-29,66266,411890,47852806,32975346
2022-01-30,49096,235638,47901902,33210984
2022-01-31,59099,357555,47961001,33568539
2022-02-01,64318,329006,48025319,33897545
2022-02-02,62060,297330,48087379,34194875
2022-02-03,59128,274918,48146507,34469793
2022-02-04,71399,268742,48217906,34738535
2022-02-05,82440,248087,48300346,34986622
2022-02-06,54572,116029,48354918,35102651
2022-02-07,64404,200403,48419322,35303054
2022-02-08,66072,186536,48485394,35489590
2022-02-09,58004,166640,48543398,35656230
2022-02-10,57826,163406,48601224,35819636
2022-02-11,61540,162552,48662764,35982188
2022-02-12,71164,151818,48733928,36134006
2022-02-13,41009,68615,48774937,36202621
2022-02-14,46168,116483,48821105,36319104
2022-02-15,47868,123506,48868973,36442610
2022-02-16,45047,105943,48914020,36548553
2022-02-17,42217,97583,48956237,36646136
2022-02-18,45717,111210,49001954,36757346
2022-02-19,51795,99731,49053749,36857077
2022-02-20,23416,27995,49077165,36885072