data_somministrazione,vaccinazioni,booster,cum_vaccinazioni,cum_booster
2020-12-27,22,0,22,0
2020-12-28,2,0,24,0
2020-12-29,1,0,25,0
2020-12-30,8,0,33,0
2020-12-31,86,0,119,0
2021-01-01,28,0,147,0
2021-01-02,157,0,304,0
2021-01-03,118,0,422,0
2021-01-04,259,0,681,0
2021-01-05,297,0,978,0
2021-01-06,272,0,1250,0
2021-01-07,341,0,1591,0
2021-01-08,397,0,1988,0
2021-01-09,301,0,2289,0
2021-01-10,183,0,2472,0
2021-01-11,318,0,2790,0
2021-01-12,295,0,3085,0
2021-01-13,431,0,3516,0
2021-01-14,512,0,4028,0
2021-01-15,330,0,4358,0
2021-01-16,226,0,4584,0
2021-01-17,3066,0,7650,0
2021-01-18,5227,0,12877,0
2021-01-19,1898,0,14775,0
2021-01-20,4661,0,19436,0
2021-01-21,20001,0,39437,0
2021-01-22,14239,0,53676,0
2021-01-23,33311,0,86987,0
2021-01-24,30774,0,117761,0
2021-01-25,64693,0,182454,0
2021-01-26,76456,0,258910,0
2021-01-27,64810,0,323720,0
2021-01-28,89233,0,412953,0
2021-01-29,93991,0,506944,0
2021-01-30,86533,0,593477,0
2021-01-31,57313,0,650790,0
2021-02-01,81832,0,732622,0
2021-02-02,82133,0,814755,0
2021-02-03,91099,0,905854,0
2021-02-04,95383,0,1001237,0
2021-02-05,90269,0,1091506,0
2021-02-06,63451,0,1154957,0
2021-02-07,32934,0,1187891,0
2021-02-08,40427,0,1228318,0
2021-02-09,32887,0,1261205,0
2021-02-10,28447,0,1289652,0
2021-02-11,20415,0,1310067,0
2021-02-12,16261,0,1326328,0
2021-02-13,7291,0,1333619,0
2021-02-14,2863,0,1336482,0
2021-02-15,6853,0,1343335,0
2021-02-16,7011,0,1350346,0
2021-02-17,10529,0,1360875,0
2021-02-18,9263,0,1370138,0
2021-02-19,8262,0,1378400,0
2021-02-20,5594,0,1383994,0
2021-02-21,3023,0,1387017,0
2021-02-22,6889,0,1393906,0
2021-02-23,7195,0,1401101,0
2021-02-24,9825,0,1410926,0
2021-02-25,14223,0,1425149,0
2021-02-26,17569,0,1442718,0
2021-02-27,13937,0,1456655,0
2021-02-28,9399,0,1466054,0
2021-03-01,26539,0,1492593,0
2021-03-02,33248,0,1525841,0
2021-03-03,44663,0,1570504,0
2021-03-04,50312,0,1620816,0
2021-03-05,55759,0,1676575,0
2021-03-06,41889,0,1718464,0
2021-03-07,22332,0,1740796,0
2021-03-08,50847,0,1791643,0
2021-03-09,53102,0,1844745,0
2021-03-10,58711,0,1903456,0
2021-03-11,63915,0,1967371,0
2021-03-12,65165,0,2032536,0
2021-03-13,51737,0,2084273,0
2021-03-14,35434,0,2119707,0
2021-03-15,73473,0,2193180,0
2021-03-16,74034,0,2267214,0
2021-03-17,83159,0,2350373,0
2021-03-18,81649,0,2432022,0
2021-03-19,81109,0,2513131,0
2021-03-20,64753,0,2577884,0
2021-03-21,47317,0,2625201,0
2021-03-22,69525,0,2694726,0
2021-03-23,75842,0,2770568,0
2021-03-24,90955,0,2861523,0
2021-03-25,89786,0,2951309,0
2021-03-26,83657,0,3034966,0
2021-03-27,71970,0,3106936,0
2021-03-28,44199,0,3151135,0
2021-03-29,70861,0,3221996,0
2021-03-30,81429,0,3303425,0
2021-03-31,96284,0,3399709,0
2021-04-01,95359,0,3495068,0
2021-04-02,83818,0,3578886,0
2021-04-03,64316,0,3643202,0
2021-04-04,21727,0,3664929,0
2021-04-05,40329,0,3705258,0
2021-04-06,81367,0,3786625,0
2021-04-07,95856,0,3882481,0
2021-04-08,95283,0,3977764,0
2021-04-09,88518,0,4066282,0
2021-04-10,74050,0,4140332,0
2021-04-11,44773,0,4185105,0
2021-04-12,66929,0,4252034,0
2021-04-13,72609,0,4324643,0
2021-04-14,85569,0,4410212,0
2021-04-15,105436,0,4515648,0
2021-04-16,106447,0,4622095,0
2021-04-17,90539,0,4712634,0
2021-04-18,58602,0,4771236,0
2021-04-19,93453,0,4864689,0
2021-04-20,103787,0,4968476,0
2021-04-21,125348,0,5093824,0
2021-04-22,143540,0,5237364,0
2021-04-23,138770,0,5376134,0
2021-04-24,124463,0,5500597,0
2021-04-25,61474,0,5562071,0
2021-04-26,97927,0,5659998,0
2021-04-27,128393,0,5788391,0
2021-04-28,156414,0,5944805,0
2021-04-29,195635,0,6140440,0
2021-04-30,214630,0,6355070,0
2021-05-01,174157,0,6529227,0
2021-05-02,135823,0,6665050,0
2021-05-03,142101,0,6807151,0
2021-05-04,158730,0,6965881,0
2021-05-05,170567,0,7136448,0
2021-05-06,196136,0,7332584,0
2021-05-07,212009,0,7544593,0
2021-05-08,213460,0,7758053,0
2021-05-09,143240,0,7901293,0
2021-05-10,165116,0,8066409,0
2021-05-11,175038,0,8241447,0
2021-05-12,179261,0,8420708,0
2021-05-13,203463,0,8624171,0
2021-05-14,222975,0,8847146,0
2021-05-15,210409,0,9057555,0
2021-05-16,159308,0,9216863,0
2021-05-17,218865,0,9435728,0
2021-05-18,213041,0,9648769,0
2021-05-19,207118,0,9855887,0
2021-05-20,270939,0,10126826,0
2021-05-21,270942,0,10397768,0
2021-05-22,245568,0,10643336,0
2021-05-23,197209,0,10840545,0
2021-05-24,228359,0,11068904,0
2021-05-25,245720,0,11314624,0
2021-05-26,277593,0,11592217,0
2021-05-27,311132,0,11903349,0
2021-05-28,299424,0,12202773,0
2021-05-29,231277,0,12434050,0
2021-05-30,170864,0,12604914,0
2021-05-31,216467,0,12821381,0
2021-06-01,207669,0,13029050,0
2021-06-02,115828,0,13144878,0
2021-06-03,180220,0,13325098,0
2021-06-04,184972,0,13510070,0
2021-06-05,186064,0,13696134,0
2021-06-06,139637,0,13835771,0
2021-06-07,161963,0,13997734,0
2021-06-08,171356,0,14169090,0
2021-06-09,171570,0,14340660,0
2021-06-10,174235,0,14514895,0
2021-06-11,170124,0,14685019,0
2021-06-12,128462,0,14813481,0
2021-06-13,91301,0,14904782,0
2021-06-14,214749,0,15119531,0
2021-06-15,228515,0,15348046,0
2021-06-16,253169,0,15601215,0
2021-06-17,301843,0,15903058,0
2021-06-18,306404,0,16209462,0
2021-06-19,275185,0,16484647,0
2021-06-20,220865,0,16705512,0
2021-06-21,288153,0,16993665,0
2021-06-22,296299,0,17289964,0
2021-06-23,302743,0,17592707,0
2021-06-24,332652,0,17925359,0
2021-06-25,348785,0,18274144,0
2021-06-26,300171,0,18574315,0
2021-06-27,228740,0,18803055,0
2021-06-28,307212,0,19110267,0
2021-06-29,329406,0,19439673,0
2021-06-30,342283,0,19781956,0
2021-07-01,363299,0,20145255,0
2021-07-02,368561,0,20513816,0
2021-07-03,371136,0,20884952,0
2021-07-04,283262,0,21168214,0
2021-07-05,384585,0,21552799,0
2021-07-06,385521,0,21938320,0
2021-07-07,412166,0,22350486,0
2021-07-08,478978,0,22829464,0
2021-07-09,498467,0,23327931,0
2021-07-10,475169,0,23803100,0
2021-07-11,357680,0,24160780,0
2021-07-12,485879,0,24646659,0
2021-07-13,492053,0,25138712,0
2021-07-14,480446,0,25619158,0
2021-07-15,523416,0,26142574,0
2021-07-16,509748,0,26652322,0
2021-07-17,464313,0,27116635,0
2021-07-18,364617,0,27481252,0
2021-07-19,463058,0,27944310,0
2021-07-20,458049,0,28402359,0
2021-07-21,462817,0,28865176,0
2021-07-22,475390,0,29340566,0
2021-07-23,441343,0,29781909,0
2021-07-24,386132,0,30168041,0
2021-07-25,287530,0,30455571,0
2021-07-26,430899,0,30886470,0
2021-07-27,440138,0,31326608,0
2021-07-28,391023,0,31717631,0
2021-07-29,371902,0,32089533,0
2021-07-30,341565,0,32431098,0
2021-07-31,287050,0,32718148,0
2021-08-01,190991,0,32909139,0
2021-08-02,333724,0,33242863,0
2021-08-03,323219,0,33566082,0
2021-08-04,311035,0,33877117,0
2021-08-05,292511,0,34169628,0
2021-08-06,260082,0,34429710,0
2021-08-07,199087,0,34628797,0
2021-08-08,153115,0,34781912,0
2021-08-09,234111,0,35016023,0
2021-08-10,205327,0,35221350,0
2021-08-11,193828,0,35415178,0
2021-08-12,168127,0,35583305,0
2021-08-13,148742,0,35732047,0
2021-08-14,66114,0,35798161,0
2021-08-15,26346,0,35824507,0
2021-08-16,114765,0,35939272,0
2021-08-17,129306,0,36068578,0
2021-08-18,128800,0,36197378,0
2021-08-19,124906,0,36322284,0
2021-08-20,123846,0,36446130,0
2021-08-21,83147,0,36529277,0
2021-08-22,68185,0,36597462,0
2021-08-23,176894,0,36774356,0
2021-08-24,156926,0,36931282,0
2021-08-25,177212,0,37108494,0
2021-08-26,172385,0,37280879,0
2021-08-27,185717,0,37466596,0
2021-08-28,140297,0,37606893,0
2021-08-29,99000,0,37705893,0
2021-08-30,209621,0,37915514,0
2021-08-31,194679,0,38110193,0
2021-09-01,192257,0,38302450,0
2021-09-02,189955,0,38492405,0
2021-09-03,191292,0,38683697,0
2021-09-04,131430,0,38815127,0
2021-09-05,87838,0,38902965,0
2021-09-06,193618,0,39096583,0
2021-09-07,196058,0,39292641,0
2021-09-08,187858,0,39480499,0
2021-09-09,201425,0,39681924,0
2021-09-10,197855,0,39879779,0
2021-09-11,141283,0,40021062,0
2021-09-12,89583,0,40110645,0
2021-09-13,191099,687,40301744,687
2021-09-14,177209,679,40478953,1366
2021-09-15,163092,669,40642045,2035
2021-09-16,160043,1032,40802088,3067
2021-09-17,150182,1188,40952270,4255
2021-09-18,128001,791,41080271,5046
2021-09-19,81141,517,41161412,5563
2021-09-20,180080,9155,41341492,14718
2021-09-21,166698,8873,41508190,23591
2021-09-22,159147,9472,41667337,33063
2021-09-23,138136,9368,41805473,42431
2021-09-24,140579,9026,41946052,51457
2021-09-25,119580,5687,42065632,57144
2021-09-26,72003,4373,42137635,61517
2021-09-27,135693,10109,42273328,71626
2021-09-28,117540,11449,42390868,83075
2021-09-29,112400,11866,42503268,94941
2021-09-30,110313,15002,42613581,109943
2021-10-01,95020,19149,42708601,129092
2021-10-02,78545,14050,42787146,143142
2021-10-03,47762,7675,42834908,150817
2021-10-04,88404,34504,42923312,185321
2021-10-05,80402,34033,43003714,219354
2021-10-06,72008,34234,43075722,253588
2021-10-07,71891,34390,43147613,287978
2021-10-08,80652,33643,43228265,321621
2021-10-09,76124,22206,43304389,343827
2021-10-10,45797,13633,43350186,357460
2021-10-11,87473,41152,43437659,398612
2021-10-12,84530,46954,43522189,445566
2021-10-13,88247,52189,43610436,497755
2021-10-14,91581,58571,43702017,556326
2021-10-15,93607,55705,43795624,612031
2021-10-16,82985,36842,43878609,648873
2021-10-17,51461,23870,43930070,672743
2021-10-18,90321,59549,44020391,732292
2021-10-19,78376,69439,44098767,801731
2021-10-20,75073,78237,44173840,879968
2021-10-21,78295,81856,44252135,961824
2021-10-22,73780,77107,44325915,1038931
2021-10-23,60842,51980,44386757,1090911
2021-10-24,33364,23488,44420121,1114399
2021-10-25,64917,81683,44485038,1196082
2021-10-26,58387,91872,44543425,1287954
2021-10-27,58322,104054,44601747,1392008
2021-10-28,61461,114192,44663208,1506200
2021-10-29,61626,103216,44724834,1609416
2021-10-30,50671,68165,44775505,1677581
2021-10-31,25157,28315,44800662,1705896
2021-11-01,19049,28162,44819711,1734058
2021-11-02,62755,89460,44882466,1823518
2021-11-03,60719,118729,44943185,1942247
2021-11-04,59245,126728,45002430,2068975
2021-11-05,63105,135246,45065535,2204221
2021-11-06,46491,90952,45112026,2295173
2021-11-07,22247,37909,45134273,2333082
2021-11-08,51526,131318,45185799,2464400
2021-11-09,45413,144246,45231212,2608646
2021-11-10,42600,156398,45273812,2765044
2021-11-11,44932,155205,45318744,2920249
2021-11-12,46313,158733,45365057,3078982
2021-11-13,33272,116691,45398329,3195673
2021-11-14,14490,52463,45412819,3248136
2021-11-15,36912,157470,45449731,3405606
2021-11-16,30579,171436,45480310,3577042
2021-11-17,28475,178483,45508785,3755525
2021-11-18,30309,193797,45539094,3949322
2021-11-19,28838,205909,45567932,4155231
2021-11-20,21014,156468,45588946,4311699
2021-11-21,10614,64876,45599560,4376575
2021-11-22,21962,213180,45621522,4589755
2021-11-23,23616,241835,45645138,4831590
2021-11-24,27738,270645,45672876,5102235
2021-11-25,23247,300981,45696123,5403216
2021-11-26,24610,318325,45720733,5721541
2021-11-27,21423,266193,45742156,5987734
2021-11-28,9912,137078,45752068,6124812
2021-11-29,22372,326098,45774440,6450910
2021-11-30,23129,365890,45797569,6816800
2021-12-01,21575,413569,45819144,7230369
2021-12-02,23810,440479,45842954,7670848
2021-12-03,25292,467580,45868246,8138428
2021-12-04,22402,418950,45890648,8557378
2021-12-05,11960,261458,45902608,8818836
2021-12-06,25864,457705,45928472,9276541
2021-12-07,24183,480399,45952655,9756940
2021-12-08,10035,249790,45962690,10006730
2021-12-09,31637,491999,45994327,10498729
2021-12-10,28119,517955,46022446,11016684
2021-12-11,23599,459299,46046045,11475983
2021-12-12,12326,293543,46058371,11769526
2021-12-13,26197,467678,46084568,12237204
2021-12-14,25226,494271,46109794,12731475
2021-12-15,25389,517199,46135183,13248674
2021-12-16,27947,520344,46163130,13769018
2021-12-17,29411,517255,46192541,14286273
2021-12-18,27122,468804,46219663,14755077
2021-12-19,15172,300262,46234835,15055339
2021-12-20,30688,477530,46265523,15532869
2021-12-21,30433,493480,46295956,16026349
2021-12-22,29506,484777,46325462,16511126
2021-12-23,28256,426688,46353718,16937814
2021-12-24,13134,210860,46366852,17148674
2021-12-25,2104,33053,46368956,17181727
2021-12-26,8789,159080,46377745,17340807
2021-12-27,46868,504760,46424613,17845567
2021-12-28,42520,554308,46467133,18399875
2021-12-29,34428,550721,46501561,18950596
2021-12-30,31911,499908,46533472,19450504
2021-12-31,14159,247418,46547631,19697922
2022-01-01,3503,64816,46551134,19762738
2022-01-02,22846,276738,46573980,20039476
2022-01-03,47972,520068,46621952,20559544
2022-01-04,46419,571645,46668371,21131189
2022-01-05,40882,560453,46709253,21691642
2022-01-06,23551,274495,46732804,21966137
2022-01-07,63826,554245,46796630,22520382
2022-01-08,61019,502738,46857649,23023120
2022-01-09,42993,319716,46900642,23342836
2022-01-10,61204,542360,46961846,23885196
2022-01-11,61759,586549,47023605,24471745
2022-01-12,58585,581359,47082190,25053104
2022-01-13,58642,580003,47140832,25633107
2022-01-14,46973,588654,47187805,26221761
2022-01-15,39648,570137,47227453,26791898
2022-01-16,31354,342029,47258807,27133927
2022-01-17,54877,489731,47313684,27623658
2022-01-18,58500,517095,47372184,28140753
2022-01-19,57295,502855,47429479,28643608
2022-01-20,54317,498476,47483796,29142084
2022-01-21,42208,493936,47526004,29636020
2022-01-22,31310,469125,47557314,30105145
2022-01-23,34997,275418,47592311,30380563
2022-01-24,56242,437284,47648553,30817847
2022-01-25,61524,451788,47710077,31269635
2022-01-26,58621,435870,47768698,31705505
2022-01-27,48935,432464,47817633,32137969
2022-01-28,58779,436606,47876412,32574575
2022-01-29,68225,412608,47944637,32987183
2022-01-30,50423,236062,47995060,33223245
2022-01-31,60737,356979,48055797,33580224
2022-02-01,65648,328495,48121445,33908719
2022-02-02,63257,297027,48184702,34205746
2022-02-03,60119,274569,48244821,34480315
2022-02-04,72431,268492,48317252,34748807
2022-02-05,83830,248586,48401082,34997393
2022-02-06,55314,116223,48456396,35113616
2022-02-07,65199,199965,48521595,35313581
2022-02-08,66975,186159,48588570,35499740
2022-02-09,58794,166373,48647364,35666113
2022-02-10,58613,163275,48705977,35829388
2022-02-11,62292,162501,48768269,35991889
2022-02-12,72032,152166,48840301,36144055
2022-02-13,41484,68863,48881785,36212918
2022-02-14,46717,116211,48928502,36329129
2022-02-15,48581,123495,48977083,36452624
2022-02-16,45717,106148,49022800,36558772
2022-02-17,42881,98143,49065681,36656915
2022-02-18,46645,112603,49112326,36769518
2022-02-19,52551,100354,49164877,36869872
2022-02-20,31415,40374,49196292,36910246
2022-02-21,37910,89676,49234202,36999922
2022-02-22,37235,83804,49271437,37083726
2022-02-23,33413,79424,49304850,37163150
2022-02-24,32566,78183,49337416,37241333
2022-02-25,34779,90736,49372195,37332069
2022-02-26,39169,89148,49411364,37421217
2022-02-27,22548,35861,49433912,37457078
2022-02-28,28495,81711,49462407,37538789
2022-03-01,22737,53965,49485144,37592754
2022-03-02,21943,50727,49507087,37643481
2022-03-03,22644,54952,49529731,37698433
2022-03-04,23249,62812,49552980,37761245
2022-03-05,23807,57955,49576787,37819200
2022-03-06,9472,17204,49586259,37836404
2022-03-07,15932,51404,49602191,37887808
2022-03-08,15488,48809,49617679,37936617
2022-03-09,13815,46520,49631494,37983137
2022-03-10,14058,52068,49645552,38035205
2022-03-11,15449,57189,49661001,38092394
2022-03-12,15514,56622,49676515,38149016
2022-03-13,5546,16853,49682061,38165869
2022-03-14,10531,46709,49692592,38212578
2022-03-15,10557,46913,49703149,38259491
2022-03-16,9489,41982,49712638,38301473
2022-03-17,9729,44888,49722367,38346361
2022-03-18,10168,49073,49732535,38395434
2022-03-19,9153,46551,49741688,38441985
2022-03-20,2608,11704,49744296,38453689
2022-03-21,7589,40240,49751885,38493929
2022-03-22,8449,37784,49760334,38531713
2022-03-23,7226,33706,49767560,38565419
2022-03-24,8264,38831,49775824,38604250
2022-03-25,8146,43689,49783970,38647939
2022-03-26,8128,41724,49792098,38689663
2022-03-27,2431,9685,49794529,38699348
2022-03-28,6113,35253,49800642,38734601
2022-03-29,5784,32540,49806426,38767141
2022-03-30,5569,30212,49811995,38797353
2022-03-31,5906,33196,49817901,38830549
2022-04-01,4352,25199,49822253,38855748
2022-04-02,4498,23276,49826751,38879024
2022-04-03,1049,4500,49827800,38883524
2022-04-04,3664,21553,49831464,38905077
2022-04-05,3759,22944,49835223,38928021
2022-04-06,4106,21855,49839329,38949876
2022-04-07,3972,23326,49843301,38973202
2022-04-08,4699,26724,49848000,38999926
2022-04-09,4382,23888,49852382,39023814
2022-04-10,893,4613,49853275,39028427
2022-04-11,3819,22695,49857094,39051122
2022-04-12,3364,21786,49860458,39072908
2022-04-13,3575,21343,49864033,39094251
2022-04-14,3487,23794,49867520,39118045
2022-04-15,3085,20631,49870605,39138676
2022-04-16,2153,11922,49872758,39150598
2022-04-17,63,348,49872821,39150946
2022-04-18,152,650,49872973,39151596
2022-04-19,3500,21993,49876473,39173589
2022-04-20,3513,20254,49879986,39193843
2022-04-21,2848,19797,49882834,39213640
2022-04-22,2929,20719,49885763,39234359
2022-04-23,2648,16222,49888411,39250581
2022-04-24,509,2335,49888920,39252916
2022-04-25,183,1165,49889103,39254081
2022-04-26,2761,17814,49891864,39271895
2022-04-27,2376,15798,49894240,39287693
2022-04-28,2364,15568,49896604,39303261
2022-04-29,2299,14856,49898903,39318117
2022-04-30,2123,11585,49901026,39329702
2022-05-01,113,531,49901139,39330233
2022-05-02,1451,9394,49902590,39339627
2022-05-03,1578,10332,49904168,39349959
2022-05-04,1748,10280,49905916,39360239
2022-05-05,1654,10304,49907570,39370543
2022-05-06,1703,10977,49909273,39381520
2022-05-07,1432,8575,49910705,39390095
2022-05-08,417,1526,49911122,39391621
2022-05-09,1028,8936,49912150,39400557
2022-05-10,1428,9556,49913578,39410113
2022-05-11,1486,10109,49915064,39420222
2022-05-12,1372,10138,49916436,39430360
2022-05-13,1598,10530,49918034,39440890
2022-05-14,1362,8248,49919396,39449138
2022-05-15,336,1138,49919732,39450276
2022-05-16,814,8411,49920546,39458687
2022-05-17,1244,8708,49921790,39467395
2022-05-18,1373,9256,49923163,39476651
2022-05-19,1502,9290,49924665,39485941
2022-05-20,1429,9537,49926094,39495478
2022-05-21,1302,7903,49927396,39503381
2022-05-22,231,1013,49927627,39504394
2022-05-23,830,8275,49928457,39512669
2022-05-24,1073,8675,49929530,39521344
2022-05-25,1372,9460,49930902,39530804
2022-05-26,1198,9483,49932100,39540287
2022-05-27,1235,9917,49933335,39550204
2022-05-28,1205,7890,49934540,39558094
2022-05-29,288,1265,49934828,39559359
2022-05-30,931,8063,49935759,39567422
2022-05-31,1039,8551,49936798,39575973
2022-06-01,897,7657,49937695,39583630
2022-06-02,35,474,49937730,39584104
2022-06-03,819,7334,49938549,39591438
2022-06-04,870,5162,49939419,39596600
2022-06-05,88,586,49939507,39597186
2022-06-06,679,7006,49940186,39604192
2022-06-07,952,7851,49941138,39612043
2022-06-08,981,7909,49942119,39619952
2022-06-09,1037,8421,49943156,39628373
2022-06-10,958,8563,49944114,39636936
2022-06-11,903,6206,49945017,39643142
2022-06-12,140,768,49945157,39643910
2022-06-13,602,6305,49945759,39650215
2022-06-14,833,7908,49946592,39658123
2022-06-15,960,7856,49947552,39665979
2022-06-16,734,7400,49948286,39673379
2022-06-17,724,7250,49949010,39680629
2022-06-18,779,5596,49949789,39686225
2022-06-19,49,521,49949838,39686746
2022-06-20,587,6699,49950425,39693445
2022-06-21,741,7664,49951166,39701109
2022-06-22,779,7314,49951945,39708423
2022-06-23,650,7474,49952595,39715897
2022-06-24,644,7475,49953239,39723372
2022-06-25,836,6533,49954075,39729905
2022-06-26,128,523,49954203,39730428
2022-06-27,534,7128,49954737,39737556
2022-06-28,748,8208,49955485,39745764
2022-06-29,757,7734,49956242,39753498
2022-06-30,748,8146,49956990,39761644
2022-07-01,577,6445,49957567,39768089
2022-07-02,536,4770,49958103,39772859
2022-07-03,49,456,49958152,39773315
2022-07-04,470,6278,49958622,39779593
2022-07-05,631,8122,49959253,39787715
2022-07-06,634,7611,49959887,39795326
2022-07-07,577,8276,49960464,39803602
2022-07-08,677,8086,49961141,39811688
2022-07-09,550,6105,49961691,39817793
2022-07-10,58,533,49961749,39818326
2022-07-11,493,7644,49962242,39825970
2022-07-12,669,9031,49962911,39835001
2022-07-13,645,10067,49963556,39845068
2022-07-14,638,10226,49964194,39855294
2022-07-15,627,10674,49964821,39865968
2022-07-16,523,7215,49965344,39873183
2022-07-17,48,770,49965392,39873953
2022-07-18,496,9378,49965888,39883331
2022-07-19,576,10685,49966464,39894016
2022-07-20,582,11277,49967046,39905293
2022-07-21,633,12096,49967679,39917389
2022-07-22,584,11265,49968263,39928654
2022-07-23,381,6777,49968644,39935431
2022-07-24,76,857,49968720,39936288
2022-07-25,504,9059,49969224,39945347
2022-07-26,522,9768,49969746,39955115
2022-07-27,555,10215,49970301,39965330
2022-07-28,534,10536,49970835,39975866
2022-07-29,510,9468,49971345,39985334
2022-07-30,383,5884,49971728,39991218
2022-07-31,49,764,49971777,39991982
2022-08-01,386,6865,49972163,39998847
2022-08-02,548,7594,49972711,40006441
2022-08-03,513,7184,49973224,40013625
2022-08-04,455,7494,49973679,40021119
2022-08-05,421,6530,49974100,40027649
2022-08-06,300,3613,49974400,40031262
2022-08-07,44,563,49974444,40031825
2022-08-08,403,4890,49974847,40036715
2022-08-09,381,5315,49975228,40042030
2022-08-10,385,4817,49975613,40046847
2022-08-11,370,4805,49975983,40051652
2022-08-12,295,3720,49976278,40055372
2022-08-13,143,1600,49976421,40056972
2022-08-14,9,129,49976430,40057101
2022-08-15,1,26,49976431,40057127
2022-08-16,284,3043,49976715,40060170
2022-08-17,352,3533,49977067,40063703
2022-08-18,395,4161,49977462,40067864
2022-08-19,341,3322,49977803,40071186
2022-08-20,184,1715,49977987,40072901
2022-08-21,24,149,49978011,40073050
2022-08-22,333,2952,49978344,40076002
2022-08-23,370,3674,49978714,40079676
2022-08-24,384,3363,49979098,40083039
2022-08-25,424,3774,49979522,40086813
2022-08-26,399,3586,49979921,40090399
2022-08-27,237,1770,49980158,40092169
2022-08-28,29,267,49980187,40092436
2022-08-29,354,3161,49980541,40095597
2022-08-30,406,3674,49980947,40099271
2022-08-31,438,3734,49981385,40103005
2022-09-01,353,3119,49981738,40106124
2022-09-02,298,2894,49982036,40109018
2022-09-03,200,1692,49982236,40110710
2022-09-04,24,149,49982260,40110859
2022-09-05,187,2656,49982447,40113515
2022-09-06,307,2985,49982754,40116500
2022-09-07,541,2938,49983295,40119438
2022-09-08,293,2964,49983588,40122402
2022-09-09,308,2886,49983896,40125288
2022-09-10,228,1327,49984124,40126615
2022-09-11,23,124,49984147,40126739
2022-09-12,267,2269,49984414,40129008
2022-09-13,253,2279,49984667,40131287
2022-09-14,266,2566,49984933,40133853
2022-09-15,284,2501,49985217,40136354
2022-09-16,255,2544,49985472,40138898
2022-09-17,239,1339,49985711,40140237
2022-09-18,20,170,49985731,40140407
2022-09-19,206,1973,49985937,40142380
2022-09-20,237,2392,49986174,40144772
2022-09-21,289,2526,49986463,40147298
2022-09-22,267,2663,49986730,40149961
2022-09-23,261,2547,49986991,40152508
2022-09-24,193,1427,49987184,40153935
2022-09-25,29,133,49987213,40154068
2022-09-26,281,2249,49987494,40156317
2022-09-27,287,2680,49987781,40158997
2022-09-28,310,2905,49988091,40161902
2022-09-29,257,3050,49988348,40164952
2022-09-30,292,2987,49988640,40167939
2022-10-01,195,1515,49988835,40169454
2022-10-02,12,187,49988847,40169641
2022-10-03,186,2475,49989033,40172116
2022-10-04,236,2864,49989269,40174980
2022-10-05,233,3255,49989502,40178235
2022-10-06,244,3873,49989746,40182108
2022-10-07,284,4186,49990030,40186294
2022-10-08,206,2268,49990236,40188562
2022-10-09,8,305,49990244,40188867
2022-10-10,214,3348,49990458,40192215
2022-10-11,195,4380,49990653,40196595
2022-10-12,211,4436,49990864,40201031
2022-10-13,207,5299,49991071,40206330
2022-10-14,233,5007,49991304,40211337
2022-10-15,191,2669,49991495,40214006
2022-10-16,6,360,49991501,40214366
2022-10-17,187,3873,49991688,40218239
2022-10-18,257,4960,49991945,40223199
2022-10-19,246,5477,49992191,40228676
2022-10-20,226,5997,49992417,40234673
2022-10-21,257,5477,49992674,40240150
2022-10-22,196,2911,49992870,40243061
2022-10-23,13,364,49992883,40243425
2022-10-24,171,3930,49993054,40247355
2022-10-25,256,4927,49993310,40252282
2022-10-26,350,5505,49993660,40257787
2022-10-27,240,5678,49993900,40263465
2022-10-28,202,5265,49994102,40268730
2022-10-29,128,2844,49994230,40271574
2022-10-30,3,328,49994233,40271902
2022-10-31,118,3039,49994351,40274941
2022-11-01,11,353,49994362,40275294
2022-11-02,146,3721,49994508,40279015
2022-11-03,172,4793,49994680,40283808
2022-11-04,228,4601,49994908,40288409
2022-11-05,145,2601,49995053,40291010
2022-11-06,10,261,49995063,40291271
2022-11-07,169,3227,49995232,40294498
2022-11-08,262,4255,49995494,40298753
2022-11-09,202,4336,49995696,40303089
2022-11-10,184,4603,49995880,40307692
2022-11-11,194,4232,49996074,40311924
2022-11-12,161,2378,49996235,40314302
2022-11-13,7,338,49996242,40314640
2022-11-14,150,2842,49996392,40317482
2022-11-15,204,3749,49996596,40321231
2022-11-16,217,4001,49996813,40325232
2022-11-17,194,4111,49997007,40329343
2022-11-18,253,4048,49997260,40333391
2022-11-19,112,2087,49997372,40335478
2022-11-20,24,317,49997396,40335795
2022-11-21,119,2622,49997515,40338417
2022-11-22,141,3223,49997656,40341640
2022-11-23,191,3635,49997847,40345275
2022-11-24,158,3846,49998005,40349121
2022-11-25,184,3781,49998189,40352902
2022-11-26,134,2095,49998323,40354997
2022-11-27,22,356,49998345,40355353
2022-11-28,182,2691,49998527,40358044
2022-11-29,257,3231,49998784,40361275
2022-11-30,183,3736,49998967,40365011
2022-12-01,151,3635,49999118,40368646
2022-12-02,161,3530,49999279,40372176
2022-12-03,106,1999,49999385,40374175
2022-12-04,5,290,49999390,40374465
2022-12-05,129,2861,49999519,40377326
2022-12-06,177,3657,49999696,40380983
2022-12-07,136,3134,49999832,40384117
2022-12-08,8,168,49999840,40384285
2022-12-09,164,3035,50000004,40387320
2022-12-10,71,1602,50000075,40388922
2022-12-11,7,193,50000082,40389115
2022-12-12,172,2534,50000254,40391649
2022-12-13,251,3049,50000505,40394698
2022-12-14,232,3237,50000737,40397935
2022-12-15,207,3294,50000944,40401229
2022-12-16,163,3217,50001107,40404446
2022-12-17,95,1691,50001202,40406137
2022-12-18,10,270,50001212,40406407
2022-12-19,149,2170,50001361,40408577
2022-12-20,213,2530,50001574,40411107
2022-12-21,160,2250,50001734,40413357
2022-12-22,140,1875,50001874,40415232
2022-12-23,153,1222,50002027,40416454
2022-12-24,32,162,50002059,40416616
2022-12-25,0,6,50002059,40416622
2022-12-26,6,42,50002065,40416664
2022-12-27,133,1555,50002198,40418219
2022-12-28,138,1779,50002336,40419998
2022-12-29,93,1709,50002429,40421707
2022-12-30,116,1613,50002545,40423320
2022-12-31,21,273,50002566,40423593
2023-01-01,0,6,50002566,40423599
2023-01-02,48,1126,50002614,40424725
2023-01-03,99,1900,50002713,40426625
2023-01-04,111,2009,50002824,40428634
2023-01-05,98,1911,50002922,40430545
2023-01-06,0,69,50002922,40430614
2023-01-07,51,686,50002973,40431300
2023-01-08,2,97,50002975,40431397
2023-01-09,129,1429,50003104,40432826
2023-01-10,128,1784,50003232,40434610
2023-01-11,117,1768,50003349,40436378
2023-01-12,115,2005,50003464,40438383
2023-01-13,106,1887,50003570,40440270
2023-01-14,64,950,50003634,40441220
2023-01-15,1,67,50003635,40441287
2023-01-16,37,1151,50003672,40442438
2023-01-17,108,1297,50003780,40443735
2023-01-18,78,1401,50003858,40445136
2023-01-19,108,1572,50003966,40446708
2023-01-20,143,1367,50004109,40448075
2023-01-21,45,623,50004154,40448698
2023-01-22,2,57,50004156,40448755
2023-01-23,33,409,50004189,40449164