data_somministrazione,vaccinazioni,booster,cum_vaccinazioni,cum_booster
2020-12-27,15,0,15,0
2020-12-28,2,0,17,0
2020-12-29,1,0,18,0
2020-12-30,2,0,20,0
2020-12-31,34,0,54,0
2021-01-01,12,0,66,0
2021-01-02,53,0,119,0
2021-01-03,45,0,164,0
2021-01-04,120,0,284,0
2021-01-05,156,0,440,0
2021-01-06,133,0,573,0
2021-01-07,193,0,766,0
2021-01-08,240,0,1006,0
2021-01-09,168,0,1174,0
2021-01-10,108,0,1282,0
2021-01-11,195,0,1477,0
2021-01-12,200,0,1677,0
2021-01-13,296,0,1973,0
2021-01-14,387,0,2360,0
2021-01-15,228,0,2588,0
2021-01-16,162,0,2750,0
2021-01-17,3046,0,5796,0
2021-01-18,5178,0,10974,0
2021-01-19,1866,0,12840,0
2021-01-20,4649,0,17489,0
2021-01-21,20001,0,37490,0
2021-01-22,14194,0,51684,0
2021-01-23,33351,0,85035,0
2021-01-24,30789,0,115824,0
2021-01-25,64764,0,180588,0
2021-01-26,76534,0,257122,0
2021-01-27,64871,0,321993,0
2021-01-28,89324,0,411317,0
2021-01-29,94070,0,505387,0
2021-01-30,86601,0,591988,0
2021-01-31,57337,0,649325,0
2021-02-01,81880,0,731205,0
2021-02-02,82151,0,813356,0
2021-02-03,91205,0,904561,0
2021-02-04,94509,0,999070,0
2021-02-05,90253,0,1089323,0
2021-02-06,63722,0,1153045,0
2021-02-07,32910,0,1185955,0
2021-02-08,40398,0,1226353,0
2021-02-09,32825,0,1259178,0
2021-02-10,28364,0,1287542,0
2021-02-11,20337,0,1307879,0
2021-02-12,16170,0,1324049,0
2021-02-13,7211,0,1331260,0
2021-02-14,2851,0,1334111,0
2021-02-15,6810,0,1340921,0
2021-02-16,6966,0,1347887,0
2021-02-17,10482,0,1358369,0
2021-02-18,9206,0,1367575,0
2021-02-19,8130,0,1375705,0
2021-02-20,5463,0,1381168,0
2021-02-21,2936,0,1384104,0
2021-02-22,6822,0,1390926,0
2021-02-23,7079,0,1398005,0
2021-02-24,9778,0,1407783,0
2021-02-25,14157,0,1421940,0
2021-02-26,17456,0,1439396,0
2021-02-27,13838,0,1453234,0
2021-02-28,9328,0,1462562,0
2021-03-01,26422,0,1488984,0
2021-03-02,33137,0,1522121,0
2021-03-03,44575,0,1566696,0
2021-03-04,50167,0,1616863,0
2021-03-05,55662,0,1672525,0
2021-03-06,41816,0,1714341,0
2021-03-07,22277,0,1736618,0
2021-03-08,50590,0,1787208,0
2021-03-09,52911,0,1840119,0
2021-03-10,58063,0,1898182,0
2021-03-11,63679,0,1961861,0
2021-03-12,64992,0,2026853,0
2021-03-13,51626,0,2078479,0
2021-03-14,35326,0,2113805,0
2021-03-15,73275,0,2187080,0
2021-03-16,73956,0,2261036,0
2021-03-17,83016,0,2344052,0
2021-03-18,81556,0,2425608,0
2021-03-19,80308,0,2505916,0
2021-03-20,64598,0,2570514,0
2021-03-21,47232,0,2617746,0
2021-03-22,69357,0,2687103,0
2021-03-23,75443,0,2762546,0
2021-03-24,90726,0,2853272,0
2021-03-25,89644,0,2942916,0
2021-03-26,83440,0,3026356,0
2021-03-27,71767,0,3098123,0
2021-03-28,44005,0,3142128,0
2021-03-29,70664,0,3212792,0
2021-03-30,81211,0,3294003,0
2021-03-31,95525,0,3389528,0
2021-04-01,95165,0,3484693,0
2021-04-02,83470,0,3568163,0
2021-04-03,64203,0,3632366,0
2021-04-04,21677,0,3654043,0
2021-04-05,40236,0,3694279,0
2021-04-06,81187,0,3775466,0
2021-04-07,95614,0,3871080,0
2021-04-08,94554,0,3965634,0
2021-04-09,87746,0,4053380,0
2021-04-10,73560,0,4126940,0
2021-04-11,44675,0,4171615,0
2021-04-12,66803,0,4238418,0
2021-04-13,72473,0,4310891,0
2021-04-14,85378,0,4396269,0
2021-04-15,104719,0,4500988,0
2021-04-16,106252,0,4607240,0
2021-04-17,90113,0,4697353,0
2021-04-18,58638,0,4755991,0
2021-04-19,93208,0,4849199,0
2021-04-20,102845,0,4952044,0
2021-04-21,124326,0,5076370,0
2021-04-22,142896,0,5219266,0
2021-04-23,137806,0,5357072,0
2021-04-24,123818,0,5480890,0
2021-04-25,61365,0,5542255,0
2021-04-26,97751,0,5640006,0
2021-04-27,128198,0,5768204,0
2021-04-28,155987,0,5924191,0
2021-04-29,195333,0,6119524,0
2021-04-30,213598,0,6333122,0
2021-05-01,174106,0,6507228,0
2021-05-02,135822,0,6643050,0
2021-05-03,141708,0,6784758,0
2021-05-04,158321,0,6943079,0
2021-05-05,170147,0,7113226,0
2021-05-06,197224,0,7310450,0
2021-05-07,213158,0,7523608,0
2021-05-08,212971,0,7736579,0
2021-05-09,143003,0,7879582,0
2021-05-10,164674,0,8044256,0
2021-05-11,174266,0,8218522,0
2021-05-12,178844,0,8397366,0
2021-05-13,202387,0,8599753,0
2021-05-14,222584,0,8822337,0
2021-05-15,209834,0,9032171,0
2021-05-16,159103,0,9191274,0
2021-05-17,218561,0,9409835,0
2021-05-18,212349,0,9622184,0
2021-05-19,206388,0,9828572,0
2021-05-20,270242,0,10098814,0
2021-05-21,269836,0,10368650,0
2021-05-22,244662,0,10613312,0
2021-05-23,197018,0,10810330,0
2021-05-24,228116,0,11038446,0
2021-05-25,245461,0,11283907,0
2021-05-26,277081,0,11560988,0
2021-05-27,310495,0,11871483,0
2021-05-28,298624,0,12170107,0
2021-05-29,230483,0,12400590,0
2021-05-30,170648,0,12571238,0
2021-05-31,215942,0,12787180,0
2021-06-01,207052,0,12994232,0
2021-06-02,115576,0,13109808,0
2021-06-03,179643,0,13289451,0
2021-06-04,183978,0,13473429,0
2021-06-05,185152,0,13658581,0
2021-06-06,139314,0,13797895,0
2021-06-07,161034,0,13958929,0
2021-06-08,170346,0,14129275,0
2021-06-09,170775,0,14300050,0
2021-06-10,173540,0,14473590,0
2021-06-11,168668,0,14642258,0
2021-06-12,127241,0,14769499,0
2021-06-13,90867,0,14860366,0
2021-06-14,214076,0,15074442,0
2021-06-15,227791,0,15302233,0
2021-06-16,252785,0,15555018,0
2021-06-17,301138,0,15856156,0
2021-06-18,305403,0,16161559,0
2021-06-19,274738,0,16436297,0
2021-06-20,220549,0,16656846,0
2021-06-21,287712,0,16944558,0
2021-06-22,295679,0,17240237,0
2021-06-23,302288,0,17542525,0
2021-06-24,332077,0,17874602,0
2021-06-25,347967,0,18222569,0
2021-06-26,299900,0,18522469,0
2021-06-27,228727,0,18751196,0
2021-06-28,306788,0,19057984,0
2021-06-29,328284,0,19386268,0
2021-06-30,341901,0,19728169,0
2021-07-01,362191,0,20090360,0
2021-07-02,367863,0,20458223,0
2021-07-03,371205,0,20829428,0
2021-07-04,283169,0,21112597,0
2021-07-05,384145,0,21496742,0
2021-07-06,384851,0,21881593,0
2021-07-07,411854,0,22293447,0
2021-07-08,479130,0,22772577,0
2021-07-09,497506,0,23270083,0
2021-07-10,475171,0,23745254,0
2021-07-11,357722,0,24102976,0
2021-07-12,485891,0,24588867,0
2021-07-13,491467,0,25080334,0
2021-07-14,480308,0,25560642,0
2021-07-15,523187,0,26083829,0
2021-07-16,509297,0,26593126,0
2021-07-17,464367,0,27057493,0
2021-07-18,364753,0,27422246,0
2021-07-19,463032,0,27885278,0
2021-07-20,457797,0,28343075,0
2021-07-21,462656,0,28805731,0
2021-07-22,475058,0,29280789,0
2021-07-23,440510,0,29721299,0
2021-07-24,386060,0,30107359,0
2021-07-25,287490,0,30394849,0
2021-07-26,430433,0,30825282,0
2021-07-27,439566,0,31264848,0
2021-07-28,390704,0,31655552,0
2021-07-29,371765,0,32027317,0
2021-07-30,340784,0,32368101,0
2021-07-31,286853,0,32654954,0
2021-08-01,190721,0,32845675,0
2021-08-02,333681,0,33179356,0
2021-08-03,322518,0,33501874,0
2021-08-04,310646,0,33812520,0
2021-08-05,292000,0,34104520,0
2021-08-06,259157,0,34363677,0
2021-08-07,198779,0,34562456,0
2021-08-08,153013,0,34715469,0
2021-08-09,233680,0,34949149,0
2021-08-10,204547,0,35153696,0
2021-08-11,193324,0,35347020,0
2021-08-12,167630,0,35514650,0
2021-08-13,148093,0,35662743,0
2021-08-14,65920,0,35728663,0
2021-08-15,26270,0,35754933,0
2021-08-16,114485,0,35869418,0
2021-08-17,128885,0,35998303,0
2021-08-18,128462,0,36126765,0
2021-08-19,124334,0,36251099,0
2021-08-20,123331,0,36374430,0
2021-08-21,82949,0,36457379,0
2021-08-22,68041,0,36525420,0
2021-08-23,176106,0,36701526,0
2021-08-24,156261,0,36857787,0
2021-08-25,176816,0,37034603,0
2021-08-26,172074,0,37206677,0
2021-08-27,185660,0,37392337,0
2021-08-28,139974,0,37532311,0
2021-08-29,98858,0,37631169,0
2021-08-30,209287,0,37840456,0
2021-08-31,194296,0,38034752,0
2021-09-01,191983,0,38226735,0
2021-09-02,189480,0,38416215,0
2021-09-03,190784,0,38606999,0
2021-09-04,131296,0,38738295,0
2021-09-05,87800,0,38826095,0
2021-09-06,193295,0,39019390,0
2021-09-07,195548,0,39214938,0
2021-09-08,187530,0,39402468,0
2021-09-09,201094,0,39603562,0
2021-09-10,197682,0,39801244,0
2021-09-11,141100,0,39942344,0
2021-09-12,89421,0,40031765,0
2021-09-13,190937,336,40222702,336
2021-09-14,177102,418,40399804,754
2021-09-15,162901,451,40562705,1205
2021-09-16,159568,784,40722273,1989
2021-09-17,149737,998,40872010,2987
2021-09-18,127744,652,40999754,3639
2021-09-19,80921,440,41080675,4079
2021-09-20,179357,8951,41260032,13030
2021-09-21,166185,8718,41426217,21748
2021-09-22,158488,9353,41584705,31101
2021-09-23,137354,9219,41722059,40320
2021-09-24,139750,8845,41861809,49165
2021-09-25,119222,5553,41981031,54718
2021-09-26,71718,4293,42052749,59011
2021-09-27,135140,9956,42187889,68967
2021-09-28,116878,11281,42304767,80248
2021-09-29,111877,11751,42416644,91999
2021-09-30,109786,14826,42526430,106825
2021-10-01,94429,18967,42620859,125792
2021-10-02,78147,13980,42699006,139772
2021-10-03,47481,7624,42746487,147396
2021-10-04,87928,34340,42834415,181736
2021-10-05,79963,33864,42914378,215600
2021-10-06,71462,34036,42985840,249636
2021-10-07,71361,34243,43057201,283879
2021-10-08,80168,33361,43137369,317240
2021-10-09,75733,22100,43213102,339340
2021-10-10,45582,13588,43258684,352928
2021-10-11,87020,40982,43345704,393910
2021-10-12,84095,46771,43429799,440681
2021-10-13,87759,51959,43517558,492640
2021-10-14,90875,58335,43608433,550975
2021-10-15,92941,55249,43701374,606224
2021-10-16,82575,36689,43783949,642913
2021-10-17,51197,23771,43835146,666684
2021-10-18,89878,59138,43925024,725822
2021-10-19,78011,69102,44003035,794924
2021-10-20,74764,77796,44077799,872720
2021-10-21,77952,81441,44155751,954161
2021-10-22,73509,76508,44229260,1030669
2021-10-23,60654,51837,44289914,1082506
2021-10-24,33269,23395,44323183,1105901
2021-10-25,64668,81464,44387851,1187365
2021-10-26,58100,91421,44445951,1278786
2021-10-27,58015,103577,44503966,1382363
2021-10-28,61192,113530,44565158,1495893
2021-10-29,61408,102515,44626566,1598408
2021-10-30,50525,67959,44677091,1666367
2021-10-31,25095,28228,44702186,1694595
2021-11-01,19002,28107,44721188,1722702
2021-11-02,62514,89038,44783702,1811740
2021-11-03,60448,118153,44844150,1929893
2021-11-04,58935,126210,44903085,2056103
2021-11-05,62771,134618,44965856,2190721
2021-11-06,46302,90768,45012158,2281489
2021-11-07,22186,37815,45034344,2319304
2021-11-08,51113,130693,45085457,2449997
2021-11-09,45161,143520,45130618,2593517
2021-11-10,42413,155598,45173031,2749115
2021-11-11,44685,154336,45217716,2903451
2021-11-12,46033,157851,45263749,3061302
2021-11-13,32980,116276,45296729,3177578
2021-11-14,14415,52372,45311144,3229950
2021-11-15,36615,156643,45347759,3386593
2021-11-16,30298,170743,45378057,3557336
2021-11-17,28190,177854,45406247,3735190
2021-11-18,30040,193313,45436287,3928503
2021-11-19,28509,204927,45464796,4133430
2021-11-20,20826,155980,45485622,4289410
2021-11-21,10504,64685,45496126,4354095
2021-11-22,21644,212041,45517770,4566136
2021-11-23,23275,240844,45541045,4806980
2021-11-24,27481,269961,45568526,5076941
2021-11-25,22799,300818,45591325,5377759
2021-11-26,24108,317178,45615433,5694937
2021-11-27,21011,265566,45636444,5960503
2021-11-28,9719,136789,45646163,6097292
2021-11-29,21731,324874,45667894,6422166
2021-11-30,22469,364450,45690363,6786616
2021-12-01,20842,411913,45711205,7198529
2021-12-02,22955,438829,45734160,7637358
2021-12-03,24346,465464,45758506,8102822
2021-12-04,21564,418108,45780070,8520930
2021-12-05,11343,261060,45791413,8781990
2021-12-06,24567,455951,45815980,9237941
2021-12-07,22880,478354,45838860,9716295
2021-12-08,9310,249398,45848170,9965693
2021-12-09,30002,490145,45878172,10455838
2021-12-10,26505,515811,45904677,10971649
2021-12-11,22196,458686,45926873,11430335
2021-12-12,11422,293126,45938295,11723461
2021-12-13,24544,466029,45962839,12189490
2021-12-14,23497,492771,45986336,12682261
2021-12-15,23676,515241,46010012,13197502
2021-12-16,25797,518465,46035809,13715967
2021-12-17,27470,515058,46063279,14231025
2021-12-18,25013,467977,46088292,14699002
2021-12-19,13654,300079,46101946,14999081
2021-12-20,28559,475558,46130505,15474639
2021-12-21,28284,491498,46158789,15966137
2021-12-22,27141,483192,46185930,16449329
2021-12-23,25930,425578,46211860,16874907
2021-12-24,12273,210273,46224133,17085180
2021-12-25,2031,32987,46226164,17118167
2021-12-26,7792,158915,46233956,17277082
2021-12-27,43446,503223,46277402,17780305
2021-12-28,38325,552514,46315727,18332819
2021-12-29,30164,548974,46345891,18881793
2021-12-30,27900,498139,46373791,19379932
2021-12-31,12272,246646,46386063,19626578
2022-01-01,3103,64683,46389166,19691261
2022-01-02,19552,276377,46408718,19967638
2022-01-03,42809,519328,46451527,20486966
2022-01-04,40925,570885,46492452,21057851
2022-01-05,35368,559508,46527820,21617359
2022-01-06,20444,274008,46548264,21891367
2022-01-07,58376,553532,46606640,22444899
2022-01-08,55246,502266,46661886,22947165
2022-01-09,38527,319120,46700413,23266285
2022-01-10,56710,540210,46757123,23806495
2022-01-11,56970,584898,46814093,24391393
2022-01-12,53691,578524,46867784,24969917
2022-01-13,54112,577589,46921896,25547506
2022-01-14,42478,585549,46964374,26133055
2022-01-15,34095,565715,46998469,26698770
2022-01-16,27716,339625,47026185,27038395
2022-01-17,51717,487162,47077902,27525557
2022-01-18,55394,513396,47133296,28038953
2022-01-19,54161,497960,47187457,28536913
2022-01-20,51361,492177,47238818,29029090
2022-01-21,39016,484169,47277834,29513259
2022-01-22,30226,441881,47308060,29955140