data_somministrazione,vaccinazioni,booster,cum_vaccinazioni,cum_booster
2020-12-27,20,0,20,0
2020-12-28,2,0,22,0
2020-12-29,1,0,23,0
2020-12-30,6,0,29,0
2020-12-31,66,0,95,0
2021-01-01,22,0,117,0
2021-01-02,105,0,222,0
2021-01-03,75,0,297,0
2021-01-04,198,0,495,0
2021-01-05,234,0,729,0
2021-01-06,192,0,921,0
2021-01-07,286,0,1207,0
2021-01-08,331,0,1538,0
2021-01-09,242,0,1780,0
2021-01-10,144,0,1924,0
2021-01-11,267,0,2191,0
2021-01-12,265,0,2456,0
2021-01-13,384,0,2840,0
2021-01-14,472,0,3312,0
2021-01-15,293,0,3605,0
2021-01-16,203,0,3808,0
2021-01-17,3057,0,6865,0
2021-01-18,5209,0,12074,0
2021-01-19,1891,0,13965,0
2021-01-20,4653,0,18618,0
2021-01-21,19999,0,38617,0
2021-01-22,14200,0,52817,0
2021-01-23,33331,0,86148,0
2021-01-24,30791,0,116939,0
2021-01-25,64731,0,181670,0
2021-01-26,76502,0,258172,0
2021-01-27,64840,0,323012,0
2021-01-28,89295,0,412307,0
2021-01-29,94028,0,506335,0
2021-01-30,86571,0,592906,0
2021-01-31,57339,0,650245,0
2021-02-01,81875,0,732120,0
2021-02-02,82146,0,814266,0
2021-02-03,91195,0,905461,0
2021-02-04,95401,0,1000862,0
2021-02-05,90281,0,1091143,0
2021-02-06,63450,0,1154593,0
2021-02-07,32926,0,1187519,0
2021-02-08,40429,0,1227948,0
2021-02-09,32865,0,1260813,0
2021-02-10,28421,0,1289234,0
2021-02-11,20391,0,1309625,0
2021-02-12,16227,0,1325852,0
2021-02-13,7253,0,1333105,0
2021-02-14,2861,0,1335966,0
2021-02-15,6837,0,1342803,0
2021-02-16,6992,0,1349795,0
2021-02-17,10519,0,1360314,0
2021-02-18,9246,0,1369560,0
2021-02-19,8239,0,1377799,0
2021-02-20,5542,0,1383341,0
2021-02-21,2986,0,1386327,0
2021-02-22,6882,0,1393209,0
2021-02-23,7163,0,1400372,0
2021-02-24,9824,0,1410196,0
2021-02-25,14201,0,1424397,0
2021-02-26,17551,0,1441948,0
2021-02-27,13902,0,1455850,0
2021-02-28,9387,0,1465237,0
2021-03-01,26509,0,1491746,0
2021-03-02,33239,0,1524985,0
2021-03-03,44643,0,1569628,0
2021-03-04,50288,0,1619916,0
2021-03-05,55735,0,1675651,0
2021-03-06,41875,0,1717526,0
2021-03-07,22324,0,1739850,0
2021-03-08,50795,0,1790645,0
2021-03-09,53058,0,1843703,0
2021-03-10,58628,0,1902331,0
2021-03-11,63841,0,1966172,0
2021-03-12,65099,0,2031271,0
2021-03-13,51708,0,2082979,0
2021-03-14,35385,0,2118364,0
2021-03-15,73424,0,2191788,0
2021-03-16,74023,0,2265811,0
2021-03-17,83130,0,2348941,0
2021-03-18,81622,0,2430563,0
2021-03-19,81080,0,2511643,0
2021-03-20,64710,0,2576353,0
2021-03-21,47287,0,2623640,0
2021-03-22,69472,0,2693112,0
2021-03-23,75778,0,2768890,0
2021-03-24,90887,0,2859777,0
2021-03-25,89787,0,2949564,0
2021-03-26,83601,0,3033165,0
2021-03-27,71919,0,3105084,0
2021-03-28,44129,0,3149213,0
2021-03-29,70807,0,3220020,0
2021-03-30,81364,0,3301384,0
2021-03-31,96217,0,3397601,0
2021-04-01,95294,0,3492895,0
2021-04-02,84066,0,3576961,0
2021-04-03,64294,0,3641255,0
2021-04-04,21717,0,3662972,0
2021-04-05,40297,0,3703269,0
2021-04-06,81300,0,3784569,0
2021-04-07,95808,0,3880377,0
2021-04-08,95229,0,3975606,0
2021-04-09,88480,0,4064086,0
2021-04-10,74027,0,4138113,0
2021-04-11,44753,0,4182866,0
2021-04-12,66909,0,4249775,0
2021-04-13,72562,0,4322337,0
2021-04-14,85519,0,4407856,0
2021-04-15,105402,0,4513258,0
2021-04-16,106410,0,4619668,0
2021-04-17,90492,0,4710160,0
2021-04-18,58584,0,4768744,0
2021-04-19,93424,0,4862168,0
2021-04-20,103762,0,4965930,0
2021-04-21,125330,0,5091260,0
2021-04-22,143501,0,5234761,0
2021-04-23,138718,0,5373479,0
2021-04-24,124436,0,5497915,0
2021-04-25,61452,0,5559367,0
2021-04-26,97875,0,5657242,0
2021-04-27,128348,0,5785590,0
2021-04-28,156352,0,5941942,0
2021-04-29,195577,0,6137519,0
2021-04-30,214558,0,6352077,0
2021-05-01,174089,0,6526166,0
2021-05-02,135790,0,6661956,0
2021-05-03,142001,0,6803957,0
2021-05-04,158674,0,6962631,0
2021-05-05,170473,0,7133104,0
2021-05-06,197790,0,7330894,0
2021-05-07,213805,0,7544699,0
2021-05-08,213384,0,7758083,0
2021-05-09,143195,0,7901278,0
2021-05-10,165081,0,8066359,0
2021-05-11,174958,0,8241317,0
2021-05-12,179150,0,8420467,0
2021-05-13,203358,0,8623825,0
2021-05-14,222894,0,8846719,0
2021-05-15,210338,0,9057057,0
2021-05-16,159264,0,9216321,0
2021-05-17,219176,0,9435497,0
2021-05-18,213002,0,9648499,0
2021-05-19,207068,0,9855567,0
2021-05-20,270837,0,10126404,0
2021-05-21,270861,0,10397265,0
2021-05-22,245517,0,10642782,0
2021-05-23,197173,0,10839955,0
2021-05-24,228290,0,11068245,0
2021-05-25,245686,0,11313931,0
2021-05-26,277477,0,11591408,0
2021-05-27,311073,0,11902481,0
2021-05-28,299560,0,12202041,0
2021-05-29,231193,0,12433234,0
2021-05-30,170826,0,12604060,0
2021-05-31,216410,0,12820470,0
2021-06-01,207630,0,13028100,0
2021-06-02,115769,0,13143869,0
2021-06-03,180111,0,13323980,0
2021-06-04,184853,0,13508833,0
2021-06-05,185929,0,13694762,0
2021-06-06,139511,0,13834273,0
2021-06-07,161841,0,13996114,0
2021-06-08,171165,0,14167279,0
2021-06-09,171438,0,14338717,0
2021-06-10,174040,0,14512757,0
2021-06-11,169935,0,14682692,0
2021-06-12,128302,0,14810994,0
2021-06-13,91138,0,14902132,0
2021-06-14,214639,0,15116771,0
2021-06-15,228384,0,15345155,0
2021-06-16,253035,0,15598190,0
2021-06-17,301694,0,15899884,0
2021-06-18,306259,0,16206143,0
2021-06-19,275052,0,16481195,0
2021-06-20,220730,0,16701925,0
2021-06-21,288035,0,16989960,0
2021-06-22,296179,0,17286139,0
2021-06-23,302663,0,17588802,0
2021-06-24,332550,0,17921352,0
2021-06-25,348690,0,18270042,0
2021-06-26,300080,0,18570122,0
2021-06-27,228615,0,18798737,0
2021-06-28,307036,0,19105773,0
2021-06-29,329238,0,19435011,0
2021-06-30,342105,0,19777116,0
2021-07-01,363158,0,20140274,0
2021-07-02,368430,0,20508704,0
2021-07-03,371068,0,20879772,0
2021-07-04,283196,0,21162968,0
2021-07-05,384500,0,21547468,0
2021-07-06,385432,0,21932900,0
2021-07-07,412065,0,22344965,0
2021-07-08,479620,0,22824585,0
2021-07-09,498481,0,23323066,0
2021-07-10,475179,0,23798245,0
2021-07-11,357704,0,24155949,0
2021-07-12,485908,0,24641857,0
2021-07-13,492143,0,25134000,0
2021-07-14,480475,0,25614475,0
2021-07-15,523487,0,26137962,0
2021-07-16,509786,0,26647748,0
2021-07-17,464369,0,27112117,0
2021-07-18,364698,0,27476815,0
2021-07-19,463070,0,27939885,0
2021-07-20,458086,0,28397971,0
2021-07-21,462818,0,28860789,0
2021-07-22,475399,0,29336188,0
2021-07-23,441308,0,29777496,0
2021-07-24,386195,0,30163691,0
2021-07-25,287597,0,30451288,0
2021-07-26,430891,0,30882179,0
2021-07-27,440131,0,31322310,0
2021-07-28,391018,0,31713328,0
2021-07-29,372086,0,32085414,0
2021-07-30,341519,0,32426933,0
2021-07-31,287023,0,32713956,0
2021-08-01,191018,0,32904974,0
2021-08-02,333728,0,33238702,0
2021-08-03,323183,0,33561885,0
2021-08-04,310976,0,33872861,0
2021-08-05,292511,0,34165372,0
2021-08-06,260013,0,34425385,0
2021-08-07,199050,0,34624435,0
2021-08-08,153104,0,34777539,0
2021-08-09,234082,0,35011621,0
2021-08-10,205248,0,35216869,0
2021-08-11,193763,0,35410632,0
2021-08-12,167981,0,35578613,0
2021-08-13,148599,0,35727212,0
2021-08-14,66089,0,35793301,0
2021-08-15,26334,0,35819635,0
2021-08-16,114674,0,35934309,0
2021-08-17,129239,0,36063548,0
2021-08-18,128736,0,36192284,0
2021-08-19,124790,0,36317074,0
2021-08-20,123794,0,36440868,0
2021-08-21,83117,0,36523985,0
2021-08-22,68166,0,36592151,0
2021-08-23,176873,0,36769024,0
2021-08-24,156908,0,36925932,0
2021-08-25,177169,0,37103101,0
2021-08-26,172351,0,37275452,0
2021-08-27,185842,0,37461294,0
2021-08-28,140267,0,37601561,0
2021-08-29,98999,0,37700560,0
2021-08-30,209631,0,37910191,0
2021-08-31,194631,0,38104822,0
2021-09-01,192214,0,38297036,0
2021-09-02,189941,0,38486977,0
2021-09-03,191338,0,38678315,0
2021-09-04,131480,0,38809795,0
2021-09-05,87867,0,38897662,0
2021-09-06,193661,0,39091323,0
2021-09-07,196066,0,39287389,0
2021-09-08,187907,0,39475296,0
2021-09-09,201474,0,39676770,0
2021-09-10,198107,0,39874877,0
2021-09-11,141327,0,40016204,0
2021-09-12,89601,0,40105805,0
2021-09-13,191166,553,40296971,553
2021-09-14,177265,574,40474236,1127
2021-09-15,163126,579,40637362,1706
2021-09-16,160098,922,40797460,2628
2021-09-17,150177,1113,40947637,3741
2021-09-18,127983,733,41075620,4474
2021-09-19,81130,491,41156750,4965
2021-09-20,180077,9073,41336827,14038
2021-09-21,166634,8831,41503461,22869
2021-09-22,159081,9432,41662542,32301
2021-09-23,138085,9320,41800627,41621
2021-09-24,140543,8950,41941170,50571
2021-09-25,119556,5633,42060726,56204
2021-09-26,71956,4338,42132682,60542
2021-09-27,135636,10047,42268318,70589
2021-09-28,117494,11382,42385812,81971
2021-09-29,112336,11825,42498148,93796
2021-09-30,110232,14944,42608380,108740
2021-10-01,94975,19105,42703355,127845
2021-10-02,78486,14011,42781841,141856
2021-10-03,47737,7656,42829578,149512
2021-10-04,88376,34443,42917954,183955
2021-10-05,80366,33970,42998320,217925
2021-10-06,71983,34159,43070303,252084
2021-10-07,71852,34346,43142155,286430
2021-10-08,80627,33589,43222782,320019
2021-10-09,76103,22169,43298885,342188
2021-10-10,45774,13614,43344659,355802
2021-10-11,87417,41101,43432076,396903
2021-10-12,84493,46895,43516569,443798
2021-10-13,88191,52113,43604760,495911
2021-10-14,91529,58506,43696289,554417
2021-10-15,93590,55625,43789879,610042
2021-10-16,82966,36780,43872845,646822
2021-10-17,51462,23827,43924307,670649
2021-10-18,90291,59482,44014598,730131
2021-10-19,78348,69370,44092946,799501
2021-10-20,75077,78162,44168023,877663
2021-10-21,78299,81750,44246322,959413
2021-10-22,73792,77018,44320114,1036431
2021-10-23,60814,51953,44380928,1088384
2021-10-24,33379,23453,44414307,1111837
2021-10-25,64905,81622,44479212,1193459
2021-10-26,58376,91776,44537588,1285235
2021-10-27,58331,103966,44595919,1389201
2021-10-28,61467,114101,44657386,1503302
2021-10-29,61661,103111,44719047,1606413
2021-10-30,50671,68113,44769718,1674526
2021-10-31,25164,28288,44794882,1702814
2021-11-01,19046,28148,44813928,1730962
2021-11-02,62767,89372,44876695,1820334
2021-11-03,60741,118656,44937436,1938990
2021-11-04,59246,126660,44996682,2065650
2021-11-05,63094,135168,45059776,2200818
2021-11-06,46474,90922,45106250,2291740
2021-11-07,22254,37893,45128504,2329633
2021-11-08,51530,131260,45180034,2460893
2021-11-09,45401,144198,45225435,2605091
2021-11-10,42580,156344,45268015,2761435
2021-11-11,44936,155135,45312951,2916570
2021-11-12,46371,158574,45359322,3075144
2021-11-13,33253,116648,45392575,3191792
2021-11-14,14480,52446,45407055,3244238
2021-11-15,36895,157425,45443950,3401663
2021-11-16,30545,171374,45474495,3573037
2021-11-17,28448,178435,45502943,3751472
2021-11-18,30281,193715,45533224,3945187
2021-11-19,28799,205850,45562023,4151037
2021-11-20,20993,156434,45583016,4307471
2021-11-21,10612,64856,45593628,4372327
2021-11-22,21936,213138,45615564,4585465
2021-11-23,23566,241741,45639130,4827206
2021-11-24,27838,270947,45666968,5098153
2021-11-25,23232,301901,45690200,5400054
2021-11-26,24578,318263,45714778,5718317
2021-11-27,21380,266150,45736158,5984467
2021-11-28,9896,137056,45746054,6121523
2021-11-29,22319,326063,45768373,6447586
2021-11-30,23081,365822,45791454,6813408
2021-12-01,21515,413500,45812969,7226908
2021-12-02,23753,440379,45836722,7667287
2021-12-03,25240,467455,45861962,8134742
2021-12-04,22355,418728,45884317,8553470
2021-12-05,11910,261331,45896227,8814801
2021-12-06,25812,457564,45922039,9272365
2021-12-07,24120,480250,45946159,9752615
2021-12-08,10001,249680,45956160,10002295
2021-12-09,31568,491917,45987728,10494212
2021-12-10,28057,517866,46015785,11012078
2021-12-11,23552,459241,46039337,11471319
2021-12-12,12300,293497,46051637,11764816
2021-12-13,26140,467621,46077777,12232437
2021-12-14,25166,494189,46102943,12726626
2021-12-15,25317,517130,46128260,13243756
2021-12-16,27869,520240,46156129,13763996
2021-12-17,29352,517162,46185481,14281158
2021-12-18,27031,468713,46212512,14749871
2021-12-19,15136,300513,46227648,15050384
2021-12-20,30613,477473,46258261,15527857
2021-12-21,30356,493381,46288617,16021238
2021-12-22,29434,484698,46318051,16505936
2021-12-23,28229,426894,46346280,16932830
2021-12-24,13111,210820,46359391,17143650
2021-12-25,2102,33052,46361493,17176702
2021-12-26,8756,159065,46370249,17335767
2021-12-27,46763,504651,46417012,17840418
2021-12-28,42429,554204,46459441,18394622
2021-12-29,34326,550625,46493767,18945247
2021-12-30,31803,499822,46525570,19445069
2021-12-31,14105,247394,46539675,19692463
2022-01-01,3493,64813,46543168,19757276
2022-01-02,22745,276717,46565913,20033993
2022-01-03,47817,520006,46613730,20553999
2022-01-04,46309,572078,46660039,21126077
2022-01-05,40696,560386,46700735,21686463
2022-01-06,23456,274482,46724191,21960945
2022-01-07,63646,554179,46787837,22515124
2022-01-08,60794,503377,46848631,23018501
2022-01-09,42786,319688,46891417,23338189
2022-01-10,61022,542276,46952439,23880465
2022-01-11,61659,586983,47014098,24467448
2022-01-12,58381,581273,47072479,25048721
2022-01-13,58551,580376,47131030,25629097
2022-01-14,46719,588564,47177749,26217661
2022-01-15,39312,569938,47217061,26787599
2022-01-16,31140,341848,47248201,27129447
2022-01-17,54727,489647,47302928,27619094
2022-01-18,58334,517012,47361262,28136106
2022-01-19,57149,502783,47418411,28638889
2022-01-20,54292,498810,47472703,29137699
2022-01-21,42025,493867,47514728,29631566
2022-01-22,31114,469594,47545842,30101160
2022-01-23,34898,275365,47580740,30376525
2022-01-24,56143,437211,47636883,30813736
2022-01-25,61520,452088,47698403,31265824
2022-01-26,58501,435817,47756904,31701641
2022-01-27,48800,432353,47805704,32133994
2022-01-28,58654,436530,47864358,32570524
2022-01-29,68074,412484,47932432,32983008
2022-01-30,50351,235967,47982783,33218975
2022-01-31,60585,356922,48043368,33575897
2022-02-01,65511,328432,48108879,33904329
2022-02-02,63154,296966,48172033,34201295
2022-02-03,60018,274513,48232051,34475808
2022-02-04,72341,268450,48304392,34744258
2022-02-05,83724,248528,48388116,34992786
2022-02-06,55270,116195,48443386,35108981
2022-02-07,65118,199930,48508504,35308911
2022-02-08,66908,186102,48575412,35495013
2022-02-09,58734,166332,48634146,35661345
2022-02-10,58535,163233,48692681,35824578
2022-02-11,62220,162454,48754901,35987032
2022-02-12,71951,152138,48826852,36139170
2022-02-13,41464,68849,48868316,36208019
2022-02-14,46665,116185,48914981,36324204
2022-02-15,48511,123477,48963492,36447681
2022-02-16,45662,106112,49009154,36553793
2022-02-17,42852,98102,49052006,36651895
2022-02-18,46596,112569,49098602,36764464
2022-02-19,52518,100328,49151120,36864792
2022-02-20,31409,40360,49182529,36905152
2022-02-21,37886,89643,49220415,36994795
2022-02-22,37212,83769,49257627,37078564
2022-02-23,33376,79404,49291003,37157968
2022-02-24,32549,78160,49323552,37236128
2022-02-25,34747,90706,49358299,37326834
2022-02-26,39146,89132,49397445,37415966
2022-02-27,22540,35855,49419985,37451821
2022-02-28,28467,81691,49448452,37533512
2022-03-01,22702,53937,49471154,37587449
2022-03-02,21988,50627,49493142,37638076
2022-03-03,22601,54941,49515743,37693017
2022-03-04,23215,62793,49538958,37755810
2022-03-05,23783,57952,49562741,37813762
2022-03-06,9471,17200,49572212,37830962
2022-03-07,15899,51390,49588111,37882352
2022-03-08,15454,48795,49603565,37931147
2022-03-09,13804,46514,49617369,37977661
2022-03-10,14033,52115,49631402,38029776
2022-03-11,15567,57251,49646969,38087027
2022-03-12,15492,56614,49662461,38143641
2022-03-13,5542,16849,49668003,38160490
2022-03-14,10518,46691,49678521,38207181
2022-03-15,10534,46892,49689055,38254073
2022-03-16,9472,41978,49698527,38296051
2022-03-17,9701,44875,49708228,38340926
2022-03-18,10152,49052,49718380,38389978
2022-03-19,9145,46532,49727525,38436510
2022-03-20,2607,11700,49730132,38448210
2022-03-21,7574,40223,49737706,38488433
2022-03-22,8441,37749,49746147,38526182
2022-03-23,7205,33697,49753352,38559879
2022-03-24,8250,38796,49761602,38598675
2022-03-25,8129,43665,49769731,38642340
2022-03-26,8120,41723,49777851,38684063
2022-03-27,2428,9683,49780279,38693746
2022-03-28,6099,35230,49786378,38728976
2022-03-29,5773,32523,49792151,38761499
2022-03-30,5556,30193,49797707,38791692
2022-03-31,5885,33175,49803592,38824867
2022-04-01,4341,25187,49807933,38850054
2022-04-02,4489,23273,49812422,38873327
2022-04-03,1048,4499,49813470,38877826
2022-04-04,3654,21531,49817124,38899357
2022-04-05,3746,22925,49820870,38922282
2022-04-06,4098,21845,49824968,38944127
2022-04-07,3956,23317,49828924,38967444
2022-04-08,4687,26710,49833611,38994154
2022-04-09,4375,23885,49837986,39018039
2022-04-10,893,4614,49838879,39022653
2022-04-11,3806,22684,49842685,39045337
2022-04-12,3356,21777,49846041,39067114
2022-04-13,3560,21334,49849601,39088448
2022-04-14,3484,23776,49853085,39112224
2022-04-15,3078,20617,49856163,39132841
2022-04-16,2149,11921,49858312,39144762
2022-04-17,63,348,49858375,39145110
2022-04-18,149,650,49858524,39145760
2022-04-19,3490,21978,49862014,39167738
2022-04-20,3499,20248,49865513,39187986
2022-04-21,2839,19781,49868352,39207767
2022-04-22,2919,20696,49871271,39228463
2022-04-23,2637,16210,49873908,39244673
2022-04-24,509,2335,49874417,39247008
2022-04-25,183,1165,49874600,39248173
2022-04-26,2759,17791,49877359,39265964
2022-04-27,2365,15784,49879724,39281748
2022-04-28,2353,15533,49882077,39297281
2022-04-29,2291,14835,49884368,39312116
2022-04-30,2121,11577,49886489,39323693
2022-05-01,113,530,49886602,39324223
2022-05-02,1445,9384,49888047,39333607
2022-05-03,1573,10309,49889620,39343916
2022-05-04,1745,10255,49891365,39354171
2022-05-05,1647,10272,49893012,39364443
2022-05-06,1694,10945,49894706,39375388
2022-05-07,1431,8563,49896137,39383951
2022-05-08,404,1514,49896541,39385465
2022-05-09,1024,8917,49897565,39394382
2022-05-10,1421,9536,49898986,39403918
2022-05-11,1480,10087,49900466,39414005
2022-05-12,1369,10119,49901835,39424124
2022-05-13,1587,10509,49903422,39434633
2022-05-14,1357,8228,49904779,39442861
2022-05-15,336,1129,49905115,39443990
2022-05-16,812,8388,49905927,39452378
2022-05-17,1241,8671,49907168,39461049
2022-05-18,1368,9216,49908536,39470265
2022-05-19,1498,9268,49910034,39479533
2022-05-20,1419,9493,49911453,39489026
2022-05-21,1299,7892,49912752,39496918
2022-05-22,231,1012,49912983,39497930
2022-05-23,826,8261,49913809,39506191
2022-05-24,1070,8665,49914879,39514856
2022-05-25,1364,9445,49916243,39524301
2022-05-26,1194,9454,49917437,39533755
2022-05-27,1225,9911,49918662,39543666
2022-05-28,1202,7873,49919864,39551539
2022-05-29,285,1264,49920149,39552803
2022-05-30,930,8026,49921079,39560829
2022-05-31,1033,8531,49922112,39569360
2022-06-01,892,7644,49923004,39577004
2022-06-02,35,474,49923039,39577478
2022-06-03,813,7327,49923852,39584805
2022-06-04,870,5155,49924722,39589960
2022-06-05,89,586,49924811,39590546
2022-06-06,672,6965,49925483,39597511
2022-06-07,930,7842,49926413,39605353
2022-06-08,982,7898,49927395,39613251
2022-06-09,1034,8400,49928429,39621651
2022-06-10,955,8550,49929384,39630201
2022-06-11,900,6207,49930284,39636408
2022-06-12,140,767,49930424,39637175
2022-06-13,603,6295,49931027,39643470
2022-06-14,826,7881,49931853,39651351
2022-06-15,950,7845,49932803,39659196
2022-06-16,728,7386,49933531,39666582
2022-06-17,719,7239,49934250,39673821
2022-06-18,777,5589,49935027,39679410
2022-06-19,47,522,49935074,39679932
2022-06-20,588,6694,49935662,39686626
2022-06-21,733,7644,49936395,39694270
2022-06-22,780,7303,49937175,39701573
2022-06-23,649,7455,49937824,39709028
2022-06-24,644,7472,49938468,39716500
2022-06-25,835,6531,49939303,39723031
2022-06-26,128,523,49939431,39723554
2022-06-27,532,7119,49939963,39730673
2022-06-28,744,8208,49940707,39738881
2022-06-29,755,7718,49941462,39746599
2022-06-30,744,8131,49942206,39754730
2022-07-01,576,6437,49942782,39761167
2022-07-02,536,4765,49943318,39765932
2022-07-03,49,456,49943367,39766388
2022-07-04,470,6269,49943837,39772657
2022-07-05,622,8107,49944459,39780764
2022-07-06,627,7595,49945086,39788359
2022-07-07,567,8252,49945653,39796611
2022-07-08,670,8078,49946323,39804689
2022-07-09,549,6104,49946872,39810793
2022-07-10,58,533,49946930,39811326
2022-07-11,486,7632,49947416,39818958
2022-07-12,661,9001,49948077,39827959
2022-07-13,637,10057,49948714,39838016
2022-07-14,632,10219,49949346,39848235
2022-07-15,621,10662,49949967,39858897
2022-07-16,521,7207,49950488,39866104
2022-07-17,48,769,49950536,39866873
2022-07-18,498,9350,49951034,39876223
2022-07-19,573,10648,49951607,39886871
2022-07-20,576,11254,49952183,39898125
2022-07-21,625,12032,49952808,39910157
2022-07-22,581,11215,49953389,39921372
2022-07-23,378,6740,49953767,39928112
2022-07-24,76,834,49953843,39928946
2022-07-25,500,9030,49954343,39937976
2022-07-26,517,9723,49954860,39947699
2022-07-27,542,10148,49955402,39957847
2022-07-28,525,10468,49955927,39968315
2022-07-29,509,9414,49956436,39977729
2022-07-30,380,5852,49956816,39983581
2022-07-31,49,745,49956865,39984326
2022-08-01,385,6820,49957250,39991146
2022-08-02,537,7509,49957787,39998655
2022-08-03,497,7129,49958284,40005784
2022-08-04,448,7410,49958732,40013194
2022-08-05,415,6471,49959147,40019665
2022-08-06,296,3579,49959443,40023244
2022-08-07,44,550,49959487,40023794
2022-08-08,392,4871,49959879,40028665
2022-08-09,383,5264,49960262,40033929
2022-08-10,372,4775,49960634,40038704
2022-08-11,361,4751,49960995,40043455
2022-08-12,284,3689,49961279,40047144
2022-08-13,141,1595,49961420,40048739
2022-08-14,9,128,49961429,40048867
2022-08-15,1,24,49961430,40048891
2022-08-16,281,3019,49961711,40051910
2022-08-17,350,3509,49962061,40055419
2022-08-18,383,4127,49962444,40059546
2022-08-19,335,3299,49962779,40062845
2022-08-20,182,1711,49962961,40064556
2022-08-21,24,146,49962985,40064702
2022-08-22,326,2923,49963311,40067625
2022-08-23,370,3634,49963681,40071259
2022-08-24,377,3306,49964058,40074565
2022-08-25,412,3673,49964470,40078238
2022-08-26,391,3517,49964861,40081755
2022-08-27,225,1743,49965086,40083498
2022-08-28,29,260,49965115,40083758
2022-08-29,349,3106,49965464,40086864
2022-08-30,393,3583,49965857,40090447
2022-08-31,415,3623,49966272,40094070
2022-09-01,343,2984,49966615,40097054
2022-09-02,194,1666,49966809,40098720