data_somministrazione,vaccinazioni,booster,cum_vaccinazioni,cum_booster
2020-12-27,20,0,20,0
2020-12-28,2,0,22,0
2020-12-29,1,0,23,0
2020-12-30,6,0,29,0
2020-12-31,67,0,96,0
2021-01-01,22,0,118,0
2021-01-02,106,0,224,0
2021-01-03,75,0,299,0
2021-01-04,199,0,498,0
2021-01-05,234,0,732,0
2021-01-06,193,0,925,0
2021-01-07,288,0,1213,0
2021-01-08,332,0,1545,0
2021-01-09,242,0,1787,0
2021-01-10,144,0,1931,0
2021-01-11,268,0,2199,0
2021-01-12,265,0,2464,0
2021-01-13,385,0,2849,0
2021-01-14,473,0,3322,0
2021-01-15,296,0,3618,0
2021-01-16,203,0,3821,0
2021-01-17,3057,0,6878,0
2021-01-18,5209,0,12087,0
2021-01-19,1892,0,13979,0
2021-01-20,4653,0,18632,0
2021-01-21,19998,0,38630,0
2021-01-22,14200,0,52830,0
2021-01-23,33330,0,86160,0
2021-01-24,30791,0,116951,0
2021-01-25,64731,0,181682,0
2021-01-26,76502,0,258184,0
2021-01-27,64839,0,323023,0
2021-01-28,89294,0,412317,0
2021-01-29,94027,0,506344,0
2021-01-30,86571,0,592915,0
2021-01-31,57339,0,650254,0
2021-02-01,81874,0,732128,0
2021-02-02,82146,0,814274,0
2021-02-03,91194,0,905468,0
2021-02-04,95401,0,1000869,0
2021-02-05,90279,0,1091148,0
2021-02-06,63450,0,1154598,0
2021-02-07,32927,0,1187525,0
2021-02-08,40429,0,1227954,0
2021-02-09,32864,0,1260818,0
2021-02-10,28422,0,1289240,0
2021-02-11,20391,0,1309631,0
2021-02-12,16229,0,1325860,0
2021-02-13,7253,0,1333113,0
2021-02-14,2861,0,1335974,0
2021-02-15,6837,0,1342811,0
2021-02-16,6992,0,1349803,0
2021-02-17,10519,0,1360322,0
2021-02-18,9246,0,1369568,0
2021-02-19,8238,0,1377806,0
2021-02-20,5544,0,1383350,0
2021-02-21,2986,0,1386336,0
2021-02-22,6882,0,1393218,0
2021-02-23,7163,0,1400381,0
2021-02-24,9824,0,1410205,0
2021-02-25,14200,0,1424405,0
2021-02-26,17551,0,1441956,0
2021-02-27,13902,0,1455858,0
2021-02-28,9386,0,1465244,0
2021-03-01,26509,0,1491753,0
2021-03-02,33238,0,1524991,0
2021-03-03,44642,0,1569633,0
2021-03-04,50288,0,1619921,0
2021-03-05,55733,0,1675654,0
2021-03-06,41876,0,1717530,0
2021-03-07,22324,0,1739854,0
2021-03-08,50795,0,1790649,0
2021-03-09,53059,0,1843708,0
2021-03-10,58629,0,1902337,0
2021-03-11,63842,0,1966179,0
2021-03-12,65099,0,2031278,0
2021-03-13,51706,0,2082984,0
2021-03-14,35386,0,2118370,0
2021-03-15,73424,0,2191794,0
2021-03-16,74023,0,2265817,0
2021-03-17,83130,0,2348947,0
2021-03-18,81623,0,2430570,0
2021-03-19,81081,0,2511651,0
2021-03-20,64711,0,2576362,0
2021-03-21,47287,0,2623649,0
2021-03-22,69473,0,2693122,0
2021-03-23,75779,0,2768901,0
2021-03-24,90886,0,2859787,0
2021-03-25,89788,0,2949575,0
2021-03-26,83603,0,3033178,0
2021-03-27,71920,0,3105098,0
2021-03-28,44130,0,3149228,0
2021-03-29,70808,0,3220036,0
2021-03-30,81364,0,3301400,0
2021-03-31,96217,0,3397617,0
2021-04-01,95294,0,3492911,0
2021-04-02,84066,0,3576977,0
2021-04-03,64294,0,3641271,0
2021-04-04,21717,0,3662988,0
2021-04-05,40299,0,3703287,0
2021-04-06,81301,0,3784588,0
2021-04-07,95809,0,3880397,0
2021-04-08,95227,0,3975624,0
2021-04-09,88481,0,4064105,0
2021-04-10,74027,0,4138132,0
2021-04-11,44755,0,4182887,0
2021-04-12,66910,0,4249797,0
2021-04-13,72563,0,4322360,0
2021-04-14,85520,0,4407880,0
2021-04-15,105403,0,4513283,0
2021-04-16,106410,0,4619693,0
2021-04-17,90493,0,4710186,0
2021-04-18,58584,0,4768770,0
2021-04-19,93425,0,4862195,0
2021-04-20,103763,0,4965958,0
2021-04-21,125332,0,5091290,0
2021-04-22,143501,0,5234791,0
2021-04-23,138717,0,5373508,0
2021-04-24,124436,0,5497944,0
2021-04-25,61452,0,5559396,0
2021-04-26,97876,0,5657272,0
2021-04-27,128350,0,5785622,0
2021-04-28,156352,0,5941974,0
2021-04-29,195577,0,6137551,0
2021-04-30,214557,0,6352108,0
2021-05-01,174090,0,6526198,0
2021-05-02,135790,0,6661988,0
2021-05-03,142000,0,6803988,0
2021-05-04,158675,0,6962663,0
2021-05-05,170472,0,7133135,0
2021-05-06,197790,0,7330925,0
2021-05-07,213808,0,7544733,0
2021-05-08,213384,0,7758117,0
2021-05-09,143195,0,7901312,0
2021-05-10,165082,0,8066394,0
2021-05-11,174959,0,8241353,0
2021-05-12,179155,0,8420508,0
2021-05-13,203358,0,8623866,0
2021-05-14,222894,0,8846760,0
2021-05-15,210340,0,9057100,0
2021-05-16,159264,0,9216364,0
2021-05-17,219177,0,9435541,0
2021-05-18,213001,0,9648542,0
2021-05-19,207070,0,9855612,0
2021-05-20,270837,0,10126449,0
2021-05-21,270861,0,10397310,0
2021-05-22,245518,0,10642828,0
2021-05-23,197173,0,10840001,0
2021-05-24,228292,0,11068293,0
2021-05-25,245686,0,11313979,0
2021-05-26,277477,0,11591456,0
2021-05-27,311075,0,11902531,0
2021-05-28,299561,0,12202092,0
2021-05-29,231195,0,12433287,0
2021-05-30,170826,0,12604113,0
2021-05-31,216411,0,12820524,0
2021-06-01,207630,0,13028154,0
2021-06-02,115770,0,13143924,0
2021-06-03,180112,0,13324036,0
2021-06-04,184854,0,13508890,0
2021-06-05,185931,0,13694821,0
2021-06-06,139512,0,13834333,0
2021-06-07,161841,0,13996174,0
2021-06-08,171165,0,14167339,0
2021-06-09,171443,0,14338782,0
2021-06-10,174043,0,14512825,0
2021-06-11,169937,0,14682762,0
2021-06-12,128302,0,14811064,0
2021-06-13,91139,0,14902203,0
2021-06-14,214640,0,15116843,0
2021-06-15,228386,0,15345229,0
2021-06-16,253037,0,15598266,0
2021-06-17,301694,0,15899960,0
2021-06-18,306259,0,16206219,0
2021-06-19,275052,0,16481271,0
2021-06-20,220730,0,16702001,0
2021-06-21,288036,0,16990037,0
2021-06-22,296181,0,17286218,0
2021-06-23,302665,0,17588883,0
2021-06-24,332553,0,17921436,0
2021-06-25,348690,0,18270126,0
2021-06-26,300083,0,18570209,0
2021-06-27,228616,0,18798825,0
2021-06-28,307038,0,19105863,0
2021-06-29,329239,0,19435102,0
2021-06-30,342104,0,19777206,0
2021-07-01,363159,0,20140365,0
2021-07-02,368429,0,20508794,0
2021-07-03,371069,0,20879863,0
2021-07-04,283194,0,21163057,0
2021-07-05,384501,0,21547558,0
2021-07-06,385433,0,21932991,0
2021-07-07,412064,0,22345055,0
2021-07-08,479619,0,22824674,0
2021-07-09,498481,0,23323155,0
2021-07-10,475179,0,23798334,0
2021-07-11,357703,0,24156037,0
2021-07-12,485907,0,24641944,0
2021-07-13,492143,0,25134087,0
2021-07-14,480473,0,25614560,0
2021-07-15,523485,0,26138045,0
2021-07-16,509785,0,26647830,0
2021-07-17,464368,0,27112198,0
2021-07-18,364695,0,27476893,0
2021-07-19,463071,0,27939964,0
2021-07-20,458086,0,28398050,0
2021-07-21,462817,0,28860867,0
2021-07-22,475401,0,29336268,0
2021-07-23,441308,0,29777576,0
2021-07-24,386196,0,30163772,0
2021-07-25,287597,0,30451369,0
2021-07-26,430886,0,30882255,0
2021-07-27,440131,0,31322386,0
2021-07-28,391019,0,31713405,0
2021-07-29,372085,0,32085490,0
2021-07-30,341520,0,32427010,0
2021-07-31,287021,0,32714031,0
2021-08-01,191017,0,32905048,0
2021-08-02,333726,0,33238774,0
2021-08-03,323182,0,33561956,0
2021-08-04,310976,0,33872932,0
2021-08-05,292512,0,34165444,0
2021-08-06,260015,0,34425459,0
2021-08-07,199051,0,34624510,0
2021-08-08,153104,0,34777614,0
2021-08-09,234081,0,35011695,0
2021-08-10,205248,0,35216943,0
2021-08-11,193763,0,35410706,0
2021-08-12,167981,0,35578687,0
2021-08-13,148600,0,35727287,0
2021-08-14,66090,0,35793377,0
2021-08-15,26335,0,35819712,0
2021-08-16,114675,0,35934387,0
2021-08-17,129241,0,36063628,0
2021-08-18,128738,0,36192366,0
2021-08-19,124793,0,36317159,0
2021-08-20,123795,0,36440954,0
2021-08-21,83118,0,36524072,0
2021-08-22,68166,0,36592238,0
2021-08-23,176872,0,36769110,0
2021-08-24,156909,0,36926019,0
2021-08-25,177169,0,37103188,0
2021-08-26,172351,0,37275539,0
2021-08-27,185842,0,37461381,0
2021-08-28,140267,0,37601648,0
2021-08-29,98999,0,37700647,0
2021-08-30,209631,0,37910278,0
2021-08-31,194630,0,38104908,0
2021-09-01,192214,0,38297122,0
2021-09-02,189941,0,38487063,0
2021-09-03,191338,0,38678401,0
2021-09-04,131481,0,38809882,0
2021-09-05,87867,0,38897749,0
2021-09-06,193659,0,39091408,0
2021-09-07,196065,0,39287473,0
2021-09-08,187910,0,39475383,0
2021-09-09,201473,0,39676856,0
2021-09-10,198106,0,39874962,0
2021-09-11,141325,0,40016287,0
2021-09-12,89601,0,40105888,0
2021-09-13,191167,553,40297055,553
2021-09-14,177264,575,40474319,1128
2021-09-15,163128,579,40637447,1707
2021-09-16,160097,923,40797544,2630
2021-09-17,150179,1113,40947723,3743
2021-09-18,127981,735,41075704,4478
2021-09-19,81131,491,41156835,4969
2021-09-20,180080,9073,41336915,14042
2021-09-21,166633,8832,41503548,22874
2021-09-22,159078,9435,41662626,32309
2021-09-23,138086,9320,41800712,41629
2021-09-24,140542,8951,41941254,50580
2021-09-25,119558,5633,42060812,56213
2021-09-26,71956,4339,42132768,60552
2021-09-27,135638,10047,42268406,70599
2021-09-28,117492,11383,42385898,81982
2021-09-29,112335,11825,42498233,93807
2021-09-30,110233,14944,42608466,108751
2021-10-01,94977,19105,42703443,127856
2021-10-02,78485,14012,42781928,141868
2021-10-03,47737,7656,42829665,149524
2021-10-04,88376,34444,42918041,183968
2021-10-05,80366,33970,42998407,217938
2021-10-06,71982,34161,43070389,252099
2021-10-07,71852,34346,43142241,286445
2021-10-08,80627,33589,43222868,320034
2021-10-09,76103,22169,43298971,342203
2021-10-10,45773,13615,43344744,355818
2021-10-11,87417,41101,43432161,396919
2021-10-12,84493,46895,43516654,443814
2021-10-13,88194,52113,43604848,495927
2021-10-14,91532,58506,43696380,554433
2021-10-15,93591,55625,43789971,610058
2021-10-16,82966,36780,43872937,646838
2021-10-17,51462,23827,43924399,670665
2021-10-18,90291,59482,44014690,730147
2021-10-19,78347,69371,44093037,799518
2021-10-20,75077,78162,44168114,877680
2021-10-21,78299,81750,44246413,959430
2021-10-22,73791,77019,44320204,1036449
2021-10-23,60814,51953,44381018,1088402
2021-10-24,33379,23453,44414397,1111855
2021-10-25,64906,81622,44479303,1193477
2021-10-26,58375,91777,44537678,1285254
2021-10-27,58331,103967,44596009,1389221
2021-10-28,61467,114101,44657476,1503322
2021-10-29,61661,103111,44719137,1606433
2021-10-30,50671,68113,44769808,1674546
2021-10-31,25164,28288,44794972,1702834
2021-11-01,19046,28148,44814018,1730982
2021-11-02,62768,89372,44876786,1820354
2021-11-03,60741,118656,44937527,1939010
2021-11-04,59245,126662,44996772,2065672
2021-11-05,63093,135169,45059865,2200841
2021-11-06,46475,90922,45106340,2291763
2021-11-07,22254,37893,45128594,2329656
2021-11-08,51530,131260,45180124,2460916
2021-11-09,45401,144198,45225525,2605114
2021-11-10,42579,156345,45268104,2761459
2021-11-11,44936,155135,45313040,2916594
2021-11-12,46371,158574,45359411,3075168
2021-11-13,33253,116649,45392664,3191817
2021-11-14,14480,52446,45407144,3244263
2021-11-15,36895,157425,45444039,3401688
2021-11-16,30545,171376,45474584,3573064
2021-11-17,28449,178435,45503033,3751499
2021-11-18,30283,193715,45533316,3945214
2021-11-19,28799,205850,45562115,4151064
2021-11-20,20994,156434,45583109,4307498
2021-11-21,10612,64856,45593721,4372354
2021-11-22,21936,213137,45615657,4585491
2021-11-23,23567,241741,45639224,4827232
2021-11-24,27839,270947,45667063,5098179
2021-11-25,23232,301901,45690295,5400080
2021-11-26,24578,318264,45714873,5718344
2021-11-27,21381,266150,45736254,5984494
2021-11-28,9897,137056,45746151,6121550
2021-11-29,22320,326063,45768471,6447613
2021-11-30,23083,365822,45791554,6813435
2021-12-01,21515,413500,45813069,7226935
2021-12-02,23753,440379,45836822,7667314
2021-12-03,25243,467455,45862065,8134769
2021-12-04,22355,418730,45884420,8553499
2021-12-05,11911,261331,45896331,8814830
2021-12-06,25816,457564,45922147,9272394
2021-12-07,24123,480250,45946270,9752644
2021-12-08,10002,249680,45956272,10002324
2021-12-09,31569,491917,45987841,10494241
2021-12-10,28058,517867,46015899,11012108
2021-12-11,23552,459241,46039451,11471349
2021-12-12,12302,293497,46051753,11764846
2021-12-13,26141,467623,46077894,12232469
2021-12-14,25165,494190,46103059,12726659
2021-12-15,25320,517130,46128379,13243789
2021-12-16,27872,520239,46156251,13764028
2021-12-17,29352,517162,46185603,14281190
2021-12-18,27033,468714,46212636,14749904
2021-12-19,15136,300514,46227772,15050418
2021-12-20,30614,477473,46258386,15527891
2021-12-21,30356,493382,46288742,16021273
2021-12-22,29434,484698,46318176,16505971
2021-12-23,28231,426894,46346407,16932865
2021-12-24,13112,210820,46359519,17143685
2021-12-25,2101,33052,46361620,17176737
2021-12-26,8756,159065,46370376,17335802
2021-12-27,46765,504651,46417141,17840453
2021-12-28,42434,554204,46459575,18394657
2021-12-29,34326,550627,46493901,18945284
2021-12-30,31808,499822,46525709,19445106
2021-12-31,14106,247394,46539815,19692500
2022-01-01,3493,64813,46543308,19757313
2022-01-02,22744,276718,46566052,20034031
2022-01-03,47819,520006,46613871,20554037
2022-01-04,46314,572078,46660185,21126115
2022-01-05,40700,560386,46700885,21686501
2022-01-06,23460,274482,46724345,21960983
2022-01-07,63652,554179,46787997,22515162
2022-01-08,60798,503377,46848795,23018539
2022-01-09,42789,319688,46891584,23338227
2022-01-10,61025,542276,46952609,23880503
2022-01-11,61667,586982,47014276,24467485
2022-01-12,58388,581273,47072664,25048758
2022-01-13,58557,580377,47131221,25629135
2022-01-14,46724,588564,47177945,26217699
2022-01-15,39326,569938,47217271,26787637
2022-01-16,31141,341848,47248412,27129485
2022-01-17,54728,489647,47303140,27619132
2022-01-18,58344,517012,47361484,28136144
2022-01-19,57155,502783,47418639,28638927
2022-01-20,54296,498811,47472935,29137738
2022-01-21,42028,493868,47514963,29631606
2022-01-22,31122,469594,47546085,30101200
2022-01-23,34900,275365,47580985,30376565
2022-01-24,56147,437211,47637132,30813776
2022-01-25,61521,452088,47698653,31265864
2022-01-26,58507,435816,47757160,31701680
2022-01-27,48803,432353,47805963,32134033
2022-01-28,58658,436531,47864621,32570564
2022-01-29,68077,412484,47932698,32983048
2022-01-30,50354,235969,47983052,33219017
2022-01-31,60587,356922,48043639,33575939
2022-02-01,65513,328433,48109152,33904372
2022-02-02,63160,296966,48172312,34201338
2022-02-03,60022,274513,48232334,34475851
2022-02-04,72346,268450,48304680,34744301
2022-02-05,83727,248529,48388407,34992830
2022-02-06,55271,116195,48443678,35109025
2022-02-07,65118,199930,48508796,35308955
2022-02-08,66910,186102,48575706,35495057
2022-02-09,58737,166332,48634443,35661389
2022-02-10,58536,163233,48692979,35824622
2022-02-11,62222,162454,48755201,35987076
2022-02-12,71954,152138,48827155,36139214
2022-02-13,41464,68849,48868619,36208063
2022-02-14,46668,116185,48915287,36324248
2022-02-15,48512,123478,48963799,36447726
2022-02-16,45662,106112,49009461,36553838
2022-02-17,42852,98102,49052313,36651940
2022-02-18,46596,112569,49098909,36764509
2022-02-19,52519,100327,49151428,36864836
2022-02-20,31410,40360,49182838,36905196
2022-02-21,37886,89643,49220724,36994839
2022-02-22,37212,83769,49257936,37078608
2022-02-23,33376,79404,49291312,37158012
2022-02-24,32550,78160,49323862,37236172
2022-02-25,34747,90706,49358609,37326878
2022-02-26,39146,89132,49397755,37416010
2022-02-27,22540,35855,49420295,37451865
2022-02-28,28468,81691,49448763,37533556
2022-03-01,22704,53936,49471467,37587492
2022-03-02,21990,50627,49493457,37638119
2022-03-03,22602,54941,49516059,37693060
2022-03-04,23216,62793,49539275,37755853
2022-03-05,23783,57952,49563058,37813805
2022-03-06,9471,17200,49572529,37831005
2022-03-07,15899,51390,49588428,37882395
2022-03-08,15454,48795,49603882,37931190
2022-03-09,13804,46514,49617686,37977704
2022-03-10,14036,52115,49631722,38029819
2022-03-11,15568,57251,49647290,38087070
2022-03-12,15492,56614,49662782,38143684
2022-03-13,5542,16849,49668324,38160533
2022-03-14,10518,46691,49678842,38207224
2022-03-15,10534,46892,49689376,38254116
2022-03-16,9472,41978,49698848,38296094
2022-03-17,9701,44875,49708549,38340969
2022-03-18,10152,49052,49718701,38390021
2022-03-19,9145,46532,49727846,38436553
2022-03-20,2607,11700,49730453,38448253
2022-03-21,7574,40223,49738027,38488476
2022-03-22,8441,37749,49746468,38526225
2022-03-23,7206,33697,49753674,38559922
2022-03-24,8251,38796,49761925,38598718
2022-03-25,8129,43665,49770054,38642383
2022-03-26,8120,41723,49778174,38684106
2022-03-27,2428,9683,49780602,38693789
2022-03-28,6099,35230,49786701,38729019
2022-03-29,5773,32523,49792474,38761542
2022-03-30,5556,30193,49798030,38791735
2022-03-31,5885,33175,49803915,38824910
2022-04-01,4341,25187,49808256,38850097
2022-04-02,4489,23273,49812745,38873370
2022-04-03,1048,4499,49813793,38877869
2022-04-04,3654,21531,49817447,38899400
2022-04-05,3746,22925,49821193,38922325
2022-04-06,4098,21845,49825291,38944170
2022-04-07,3956,23318,49829247,38967488
2022-04-08,4687,26710,49833934,38994198
2022-04-09,4375,23885,49838309,39018083
2022-04-10,893,4614,49839202,39022697
2022-04-11,3806,22685,49843008,39045382
2022-04-12,3356,21777,49846364,39067159
2022-04-13,3560,21334,49849924,39088493
2022-04-14,3483,23776,49853407,39112269
2022-04-15,3077,20618,49856484,39132887
2022-04-16,2149,11921,49858633,39144808
2022-04-17,63,348,49858696,39145156
2022-04-18,149,650,49858845,39145806
2022-04-19,3490,21978,49862335,39167784
2022-04-20,3499,20248,49865834,39188032
2022-04-21,2839,19781,49868673,39207813
2022-04-22,2919,20696,49871592,39228509
2022-04-23,2637,16210,49874229,39244719
2022-04-24,509,2335,49874738,39247054
2022-04-25,183,1165,49874921,39248219
2022-04-26,2760,17791,49877681,39266010
2022-04-27,2365,15784,49880046,39281794
2022-04-28,2353,15533,49882399,39297327
2022-04-29,2291,14835,49884690,39312162
2022-04-30,2121,11577,49886811,39323739
2022-05-01,113,530,49886924,39324269
2022-05-02,1445,9384,49888369,39333653
2022-05-03,1573,10309,49889942,39343962
2022-05-04,1744,10255,49891686,39354217
2022-05-05,1649,10272,49893335,39364489
2022-05-06,1695,10945,49895030,39375434
2022-05-07,1431,8563,49896461,39383997
2022-05-08,404,1514,49896865,39385511
2022-05-09,1024,8917,49897889,39394428
2022-05-10,1421,9536,49899310,39403964
2022-05-11,1480,10087,49900790,39414051
2022-05-12,1369,10119,49902159,39424170
2022-05-13,1587,10509,49903746,39434679
2022-05-14,1357,8228,49905103,39442907
2022-05-15,336,1129,49905439,39444036
2022-05-16,812,8388,49906251,39452424
2022-05-17,1241,8671,49907492,39461095
2022-05-18,1368,9216,49908860,39470311
2022-05-19,1498,9268,49910358,39479579
2022-05-20,1419,9493,49911777,39489072
2022-05-21,1299,7892,49913076,39496964
2022-05-22,231,1012,49913307,39497976
2022-05-23,826,8261,49914133,39506237
2022-05-24,1070,8665,49915203,39514902
2022-05-25,1364,9445,49916567,39524347
2022-05-26,1194,9454,49917761,39533801
2022-05-27,1225,9911,49918986,39543712
2022-05-28,1202,7873,49920188,39551585
2022-05-29,285,1264,49920473,39552849
2022-05-30,930,8026,49921403,39560875
2022-05-31,1033,8531,49922436,39569406
2022-06-01,892,7644,49923328,39577050
2022-06-02,35,474,49923363,39577524
2022-06-03,814,7327,49924177,39584851
2022-06-04,870,5155,49925047,39590006
2022-06-05,89,586,49925136,39590592
2022-06-06,672,6979,49925808,39597571
2022-06-07,930,7842,49926738,39605413
2022-06-08,982,7898,49927720,39613311
2022-06-09,1034,8400,49928754,39621711
2022-06-10,955,8550,49929709,39630261
2022-06-11,900,6207,49930609,39636468
2022-06-12,140,767,49930749,39637235
2022-06-13,603,6295,49931352,39643530
2022-06-14,826,7881,49932178,39651411
2022-06-15,950,7845,49933128,39659256
2022-06-16,728,7386,49933856,39666642
2022-06-17,719,7239,49934575,39673881
2022-06-18,777,5589,49935352,39679470
2022-06-19,47,522,49935399,39679992
2022-06-20,588,6694,49935987,39686686
2022-06-21,732,7644,49936719,39694330
2022-06-22,780,7303,49937499,39701633
2022-06-23,649,7455,49938148,39709088
2022-06-24,644,7472,49938792,39716560
2022-06-25,835,6531,49939627,39723091
2022-06-26,128,523,49939755,39723614
2022-06-27,532,7119,49940287,39730733
2022-06-28,744,8208,49941031,39738941
2022-06-29,755,7718,49941786,39746659
2022-06-30,744,8131,49942530,39754790
2022-07-01,576,6437,49943106,39761227
2022-07-02,536,4765,49943642,39765992
2022-07-03,49,456,49943691,39766448
2022-07-04,470,6269,49944161,39772717
2022-07-05,622,8107,49944783,39780824
2022-07-06,627,7595,49945410,39788419
2022-07-07,567,8252,49945977,39796671
2022-07-08,669,8078,49946646,39804749
2022-07-09,549,6104,49947195,39810853
2022-07-10,58,533,49947253,39811386
2022-07-11,486,7632,49947739,39819018
2022-07-12,661,9001,49948400,39828019
2022-07-13,637,10057,49949037,39838076
2022-07-14,632,10219,49949669,39848295
2022-07-15,621,10662,49950290,39858957
2022-07-16,521,7207,49950811,39866164
2022-07-17,48,769,49950859,39866933
2022-07-18,498,9351,49951357,39876284
2022-07-19,573,10648,49951930,39886932
2022-07-20,576,11254,49952506,39898186
2022-07-21,625,12032,49953131,39910218
2022-07-22,582,11215,49953713,39921433
2022-07-23,378,6740,49954091,39928173
2022-07-24,76,834,49954167,39929007
2022-07-25,500,9031,49954667,39938038
2022-07-26,517,9724,49955184,39947762
2022-07-27,542,10148,49955726,39957910
2022-07-28,526,10468,49956252,39968378
2022-07-29,509,9414,49956761,39977792
2022-07-30,380,5852,49957141,39983644
2022-07-31,49,745,49957190,39984389
2022-08-01,386,6821,49957576,39991210
2022-08-02,537,7510,49958113,39998720
2022-08-03,497,7131,49958610,40005851
2022-08-04,449,7410,49959059,40013261
2022-08-05,415,6471,49959474,40019732
2022-08-06,296,3580,49959770,40023312
2022-08-07,44,550,49959814,40023862
2022-08-08,392,4871,49960206,40028733
2022-08-09,383,5265,49960589,40033998
2022-08-10,372,4775,49960961,40038773
2022-08-11,361,4752,49961322,40043525
2022-08-12,284,3689,49961606,40047214
2022-08-13,141,1595,49961747,40048809
2022-08-14,9,128,49961756,40048937
2022-08-15,1,24,49961757,40048961
2022-08-16,281,3020,49962038,40051981
2022-08-17,350,3511,49962388,40055492
2022-08-18,383,4128,49962771,40059620
2022-08-19,335,3299,49963106,40062919
2022-08-20,182,1711,49963288,40064630
2022-08-21,24,146,49963312,40064776
2022-08-22,326,2924,49963638,40067700
2022-08-23,370,3634,49964008,40071334
2022-08-24,377,3307,49964385,40074641
2022-08-25,413,3695,49964798,40078336
2022-08-26,391,3519,49965189,40081855
2022-08-27,226,1763,49965415,40083618
2022-08-28,29,260,49965444,40083878
2022-08-29,351,3114,49965795,40086992
2022-08-30,393,3584,49966188,40090576
2022-08-31,420,3647,49966608,40094223
2022-09-01,345,3013,49966953,40097236
2022-09-02,276,2737,49967229,40099973
2022-09-03,195,1650,49967424,40101623
2022-09-04,22,144,49967446,40101767