data_somministrazione,vaccinazioni,booster,cum_vaccinazioni,cum_booster
2020-12-27,22,0,22,0
2020-12-28,2,0,24,0
2020-12-29,1,0,25,0
2020-12-30,9,0,34,0
2020-12-31,86,0,120,0
2021-01-01,28,0,148,0
2021-01-02,161,0,309,0
2021-01-03,122,0,431,0
2021-01-04,261,0,692,0
2021-01-05,299,0,991,0
2021-01-06,276,0,1267,0
2021-01-07,343,0,1610,0
2021-01-08,398,0,2008,0
2021-01-09,306,0,2314,0
2021-01-10,186,0,2500,0
2021-01-11,319,0,2819,0
2021-01-12,298,0,3117,0
2021-01-13,432,0,3549,0
2021-01-14,512,0,4061,0
2021-01-15,332,0,4393,0
2021-01-16,228,0,4621,0
2021-01-17,3066,0,7687,0
2021-01-18,5228,0,12915,0
2021-01-19,1898,0,14813,0
2021-01-20,4660,0,19473,0
2021-01-21,20001,0,39474,0
2021-01-22,14251,0,53725,0
2021-01-23,33311,0,87036,0
2021-01-24,30773,0,117809,0
2021-01-25,64701,0,182510,0
2021-01-26,76461,0,258971,0
2021-01-27,64812,0,323783,0
2021-01-28,89235,0,413018,0
2021-01-29,93999,0,507017,0
2021-01-30,86532,0,593549,0
2021-01-31,57312,0,650861,0
2021-02-01,81840,0,732701,0
2021-02-02,82143,0,814844,0
2021-02-03,91105,0,905949,0
2021-02-04,95384,0,1001333,0
2021-02-05,89116,0,1090449,0
2021-02-06,63451,0,1153900,0
2021-02-07,32934,0,1186834,0
2021-02-08,40429,0,1227263,0
2021-02-09,32894,0,1260157,0
2021-02-10,28453,0,1288610,0
2021-02-11,20419,0,1309029,0
2021-02-12,16265,0,1325294,0
2021-02-13,7296,0,1332590,0
2021-02-14,2864,0,1335454,0
2021-02-15,6855,0,1342309,0
2021-02-16,7012,0,1349321,0
2021-02-17,10529,0,1359850,0
2021-02-18,9266,0,1369116,0
2021-02-19,8266,0,1377382,0
2021-02-20,5597,0,1382979,0
2021-02-21,3023,0,1386002,0
2021-02-22,6891,0,1392893,0
2021-02-23,7196,0,1400089,0
2021-02-24,9828,0,1409917,0
2021-02-25,14222,0,1424139,0
2021-02-26,17572,0,1441711,0
2021-02-27,13947,0,1455658,0
2021-02-28,9399,0,1465057,0
2021-03-01,26542,0,1491599,0
2021-03-02,33254,0,1524853,0
2021-03-03,44662,0,1569515,0
2021-03-04,50319,0,1619834,0
2021-03-05,55761,0,1675595,0
2021-03-06,41894,0,1717489,0
2021-03-07,22334,0,1739823,0
2021-03-08,50852,0,1790675,0
2021-03-09,53105,0,1843780,0
2021-03-10,58725,0,1902505,0
2021-03-11,63938,0,1966443,0
2021-03-12,65179,0,2031622,0
2021-03-13,51739,0,2083361,0
2021-03-14,35440,0,2118801,0
2021-03-15,73481,0,2192282,0
2021-03-16,74038,0,2266320,0
2021-03-17,83168,0,2349488,0
2021-03-18,81665,0,2431153,0
2021-03-19,81127,0,2512280,0
2021-03-20,64759,0,2577039,0
2021-03-21,47319,0,2624358,0
2021-03-22,69535,0,2693893,0
2021-03-23,75848,0,2769741,0
2021-03-24,90970,0,2860711,0
2021-03-25,89792,0,2950503,0
2021-03-26,83673,0,3034176,0
2021-03-27,71984,0,3106160,0
2021-03-28,44201,0,3150361,0
2021-03-29,70878,0,3221239,0
2021-03-30,81441,0,3302680,0
2021-03-31,96295,0,3398975,0
2021-04-01,95383,0,3494358,0
2021-04-02,83825,0,3578183,0
2021-04-03,64318,0,3642501,0
2021-04-04,21727,0,3664228,0
2021-04-05,40330,0,3704558,0
2021-04-06,81374,0,3785932,0
2021-04-07,95862,0,3881794,0
2021-04-08,95296,0,3977090,0
2021-04-09,88522,0,4065612,0
2021-04-10,74053,0,4139665,0
2021-04-11,44772,0,4184437,0
2021-04-12,66937,0,4251374,0
2021-04-13,72616,0,4323990,0
2021-04-14,85577,0,4409567,0
2021-04-15,105440,0,4515007,0
2021-04-16,106448,0,4621455,0
2021-04-17,90543,0,4711998,0
2021-04-18,58602,0,4770600,0
2021-04-19,93450,0,4864050,0
2021-04-20,103787,0,4967837,0
2021-04-21,125347,0,5093184,0
2021-04-22,143537,0,5236721,0
2021-04-23,138778,0,5375499,0
2021-04-24,124463,0,5499962,0
2021-04-25,61476,0,5561438,0
2021-04-26,97929,0,5659367,0
2021-04-27,128402,0,5787769,0
2021-04-28,156417,0,5944186,0
2021-04-29,195640,0,6139826,0
2021-04-30,214635,0,6354461,0
2021-05-01,174162,0,6528623,0
2021-05-02,135827,0,6664450,0
2021-05-03,142110,0,6806560,0
2021-05-04,158740,0,6965300,0
2021-05-05,170573,0,7135873,0
2021-05-06,196148,0,7332021,0
2021-05-07,212022,0,7544043,0
2021-05-08,213470,0,7757513,0
2021-05-09,143250,0,7900763,0
2021-05-10,165127,0,8065890,0
2021-05-11,175047,0,8240937,0
2021-05-12,179280,0,8420217,0
2021-05-13,203475,0,8623692,0
2021-05-14,222994,0,8846686,0
2021-05-15,210422,0,9057108,0
2021-05-16,159318,0,9216426,0
2021-05-17,218878,0,9435304,0
2021-05-18,213043,0,9648347,0
2021-05-19,207146,0,9855493,0
2021-05-20,270959,0,10126452,0
2021-05-21,270972,0,10397424,0
2021-05-22,245593,0,10643017,0
2021-05-23,197212,0,10840229,0
2021-05-24,228378,0,11068607,0
2021-05-25,245739,0,11314346,0
2021-05-26,277605,0,11591951,0
2021-05-27,311147,0,11903098,0
2021-05-28,299444,0,12202542,0
2021-05-29,231294,0,12433836,0
2021-05-30,170867,0,12604703,0
2021-05-31,216495,0,12821198,0
2021-06-01,207698,0,13028896,0
2021-06-02,115838,0,13144734,0
2021-06-03,180249,0,13324983,0
2021-06-04,185001,0,13509984,0
2021-06-05,186096,0,13696080,0
2021-06-06,139662,0,13835742,0
2021-06-07,162004,0,13997746,0
2021-06-08,171405,0,14169151,0
2021-06-09,171607,0,14340758,0
2021-06-10,174279,0,14515037,0
2021-06-11,170169,0,14685206,0
2021-06-12,128511,0,14813717,0
2021-06-13,91345,0,14905062,0
2021-06-14,214782,0,15119844,0
2021-06-15,228551,0,15348395,0
2021-06-16,253201,0,15601596,0
2021-06-17,301879,0,15903475,0
2021-06-18,306449,0,16209924,0
2021-06-19,275209,0,16485133,0
2021-06-20,220883,0,16706016,0
2021-06-21,288179,0,16994195,0
2021-06-22,296327,0,17290522,0
2021-06-23,302759,0,17593281,0
2021-06-24,332663,0,17925944,0
2021-06-25,348822,0,18274766,0
2021-06-26,300183,0,18574949,0
2021-06-27,228752,0,18803701,0
2021-06-28,307250,0,19110951,0
2021-06-29,329430,0,19440381,0
2021-06-30,342313,0,19782694,0
2021-07-01,363333,0,20146027,0
2021-07-02,368597,0,20514624,0
2021-07-03,371142,0,20885766,0
2021-07-04,283267,0,21169033,0
2021-07-05,384611,0,21553644,0
2021-07-06,385545,0,21939189,0
2021-07-07,412181,0,22351370,0
2021-07-08,478991,0,22830361,0
2021-07-09,498472,0,23328833,0
2021-07-10,475179,0,23804012,0
2021-07-11,357675,0,24161687,0
2021-07-12,485882,0,24647569,0
2021-07-13,492060,0,25139629,0
2021-07-14,480454,0,25620083,0
2021-07-15,523431,0,26143514,0
2021-07-16,509770,0,26653284,0
2021-07-17,464318,0,27117602,0
2021-07-18,364611,0,27482213,0
2021-07-19,463096,0,27945309,0
2021-07-20,458068,0,28403377,0
2021-07-21,462849,0,28866226,0
2021-07-22,475409,0,29341635,0
2021-07-23,441366,0,29783001,0
2021-07-24,386130,0,30169131,0
2021-07-25,287535,0,30456666,0
2021-07-26,430924,0,30887590,0
2021-07-27,440168,0,31327758,0
2021-07-28,391052,0,31718810,0
2021-07-29,371939,0,32090749,0
2021-07-30,341614,0,32432363,0
2021-07-31,287065,0,32719428,0
2021-08-01,190989,0,32910417,0
2021-08-02,333776,0,33244193,0
2021-08-03,323251,0,33567444,0
2021-08-04,311074,0,33878518,0
2021-08-05,292552,0,34171070,0
2021-08-06,260145,0,34431215,0
2021-08-07,199097,0,34630312,0
2021-08-08,153121,0,34783433,0
2021-08-09,234142,0,35017575,0
2021-08-10,205382,0,35222957,0
2021-08-11,193868,0,35416825,0
2021-08-12,168191,0,35585016,0
2021-08-13,148791,0,35733807,0
2021-08-14,66118,0,35799925,0
2021-08-15,26346,0,35826271,0
2021-08-16,114806,0,35941077,0
2021-08-17,129338,0,36070415,0
2021-08-18,128841,0,36199256,0
2021-08-19,124939,0,36324195,0
2021-08-20,123903,0,36448098,0
2021-08-21,83155,0,36531253,0
2021-08-22,68184,0,36599437,0
2021-08-23,176952,0,36776389,0
2021-08-24,156976,0,36933365,0
2021-08-25,177262,0,37110627,0
2021-08-26,172424,0,37283051,0
2021-08-27,185743,0,37468794,0
2021-08-28,140314,0,37609108,0
2021-08-29,99003,0,37708111,0
2021-08-30,209648,0,37917759,0
2021-08-31,194718,0,38112477,0
2021-09-01,192307,0,38304784,0
2021-09-02,189981,0,38494765,0
2021-09-03,191319,0,38686084,0
2021-09-04,131425,0,38817509,0
2021-09-05,87836,0,38905345,0
2021-09-06,193631,0,39098976,0
2021-09-07,196094,0,39295070,0
2021-09-08,187866,0,39482936,0
2021-09-09,201437,0,39684373,0
2021-09-10,197878,0,39882251,0
2021-09-11,141284,0,40023535,0
2021-09-12,89582,0,40113117,0
2021-09-13,191127,689,40304244,689
2021-09-14,177226,682,40481470,1371
2021-09-15,163106,674,40644576,2045
2021-09-16,160062,1043,40804638,3088
2021-09-17,150198,1192,40954836,4280
2021-09-18,128018,796,41082854,5076
2021-09-19,81143,518,41163997,5594
2021-09-20,180097,9162,41344094,14756
2021-09-21,166722,8882,41510816,23638
2021-09-22,159154,9478,41669970,33116
2021-09-23,138154,9369,41808124,42485
2021-09-24,140595,9033,41948719,51518
2021-09-25,119586,5689,42068305,57207
2021-09-26,72008,4374,42140313,61581
2021-09-27,135714,10121,42276027,71702
2021-09-28,117550,11459,42393577,83161
2021-09-29,112408,11878,42505985,95039
2021-09-30,110335,15011,42616320,110050
2021-10-01,95034,19153,42711354,129203
2021-10-02,78557,14054,42789911,143257
2021-10-03,47763,7675,42837674,150932
2021-10-04,88429,34510,42926103,185442
2021-10-05,80422,34046,43006525,219488
2021-10-06,72014,34236,43078539,253724
2021-10-07,71901,34392,43150440,288116
2021-10-08,80669,33647,43231109,321763
2021-10-09,76125,22209,43307234,343972
2021-10-10,45797,13634,43353031,357606
2021-10-11,87500,41157,43440531,398763
2021-10-12,84546,46963,43525077,445726
2021-10-13,88258,52199,43613335,497925
2021-10-14,91596,58578,43704931,556503
2021-10-15,93615,55715,43798546,612218
2021-10-16,82996,36843,43881542,649061
2021-10-17,51461,23871,43933003,672932
2021-10-18,90334,59557,44023337,732489
2021-10-19,78386,69447,44101723,801936
2021-10-20,75077,78257,44176800,880193
2021-10-21,78315,81882,44255115,962075
2021-10-22,73786,77129,44328901,1039204
2021-10-23,60846,51984,44389747,1091188
2021-10-24,33364,23490,44423111,1114678
2021-10-25,64933,81695,44488044,1196373
2021-10-26,58406,91889,44546450,1288262
2021-10-27,58323,104064,44604773,1392326
2021-10-28,61475,114210,44666248,1506536
2021-10-29,61628,103233,44727876,1609769
2021-10-30,50672,68168,44778548,1677937
2021-10-31,25158,28315,44803706,1706252
2021-11-01,19049,28162,44822755,1734414
2021-11-02,62773,89473,44885528,1823887
2021-11-03,60723,118741,44946251,1942628
2021-11-04,59246,126735,45005497,2069363
2021-11-05,63113,135256,45068610,2204619
2021-11-06,46491,90953,45115101,2295572
2021-11-07,22248,37909,45137349,2333481
2021-11-08,51530,131324,45188879,2464805
2021-11-09,45419,144253,45234298,2609058
2021-11-10,42604,156413,45276902,2765471
2021-11-11,44942,155229,45321844,2920700
2021-11-12,46312,158745,45368156,3079445
2021-11-13,33270,116696,45401426,3196141
2021-11-14,14492,52464,45415918,3248605
2021-11-15,36915,157479,45452833,3406084
2021-11-16,30579,171454,45483412,3577538
2021-11-17,28479,178501,45511891,3756039
2021-11-18,30314,193816,45542205,3949855
2021-11-19,28840,205924,45571045,4155779
2021-11-20,21015,156475,45592060,4312254
2021-11-21,10615,64877,45602675,4377131
2021-11-22,21963,213186,45624638,4590317
2021-11-23,23620,241864,45648258,4832181
2021-11-24,27743,270653,45676001,5102834
2021-11-25,23252,301000,45699253,5403834
2021-11-26,24614,318342,45723867,5722176
2021-11-27,21421,266213,45745288,5988389
2021-11-28,9910,137087,45755198,6125476
2021-11-29,22375,326120,45777573,6451596
2021-11-30,23133,365924,45800706,6817520
2021-12-01,21574,413593,45822280,7231113
2021-12-02,23811,440510,45846091,7671623
2021-12-03,25294,467616,45871385,8139239
2021-12-04,22406,419103,45893791,8558342
2021-12-05,11952,261567,45905743,8819909
2021-12-06,25862,457813,45931605,9277722
2021-12-07,24153,479719,45955758,9757441
2021-12-08,10039,249893,45965797,10007334
2021-12-09,31646,492029,45997443,10499363
2021-12-10,28126,517966,46025569,11017329
2021-12-11,23600,459310,46049169,11476639
2021-12-12,12327,293549,46061496,11770188
2021-12-13,26197,467698,46087693,12237886
2021-12-14,25227,494303,46112920,12732189
2021-12-15,25395,517223,46138315,13249412
2021-12-16,27959,520395,46166274,13769807
2021-12-17,29417,517288,46195691,14287095
2021-12-18,27125,468816,46222816,14755911
2021-12-19,15175,300268,46237991,15056179
2021-12-20,30694,477566,46268685,15533745
2021-12-21,30438,493524,46299123,16027269
2021-12-22,29508,484797,46328631,16512066
2021-12-23,28261,426719,46356892,16938785
2021-12-24,13135,210873,46370027,17149658
2021-12-25,2104,33053,46372131,17182711
2021-12-26,8790,159080,46380921,17341791
2021-12-27,46881,504811,46427802,17846602
2021-12-28,42534,554339,46470336,18400941
2021-12-29,34436,550761,46504772,18951702
2021-12-30,31916,499954,46536688,19451656
2021-12-31,14160,247423,46550848,19699079
2022-01-01,3503,64816,46554351,19763895
2022-01-02,22847,276753,46577198,20040648
2022-01-03,47978,520096,46625176,20560744
2022-01-04,46426,571683,46671602,21132427
2022-01-05,40894,560471,46712496,21692898
2022-01-06,23555,274498,46736051,21967396
2022-01-07,63830,554266,46799881,22521662
2022-01-08,61044,502751,46860925,23024413
2022-01-09,42995,319731,46903920,23344144
2022-01-10,61213,542383,46965133,23886527
2022-01-11,61781,586594,47026914,24473121
2022-01-12,58583,581401,47085497,25054522
2022-01-13,58653,580044,47144150,25634566
2022-01-14,46981,588677,47191131,26223243
2022-01-15,39658,570290,47230789,26793533
2022-01-16,31353,341944,47262142,27135477
2022-01-17,54764,489520,47316906,27624997
2022-01-18,58533,517140,47375439,28142137
2022-01-19,57305,502909,47432744,28645046
2022-01-20,54335,498509,47487079,29143555
2022-01-21,42158,493447,47529237,29637002
2022-01-22,31309,469151,47560546,30106153
2022-01-23,35003,275439,47595549,30381592
2022-01-24,56251,437334,47651800,30818926
2022-01-25,61530,451817,47713330,31270743
2022-01-26,58631,435893,47771961,31706636
2022-01-27,48960,432509,47820921,32139145
2022-01-28,58781,436642,47879702,32575787
2022-01-29,68250,412721,47947952,32988508
2022-01-30,50430,236134,47998382,33224642
2022-01-31,60740,357013,48059122,33581655
2022-02-01,65664,328525,48124786,33910180
2022-02-02,63269,297066,48188055,34207246
2022-02-03,60152,274594,48248207,34481840
2022-02-04,72108,268290,48320315,34750130
2022-02-05,83832,248608,48404147,34998738
2022-02-06,55313,116244,48459460,35114982
2022-02-07,65210,199975,48524670,35314957
2022-02-08,66981,186183,48591651,35501140
2022-02-09,58577,166306,48650228,35667446
2022-02-10,58633,163302,48708861,35830748
2022-02-11,62300,162527,48771161,35993275
2022-02-12,72043,152182,48843204,36145457
2022-02-13,41487,68867,48884691,36214324
2022-02-14,46722,116220,48931413,36330544
2022-02-15,48586,123506,48979999,36454050
2022-02-16,45729,106162,49025728,36560212
2022-02-17,42888,98159,49068616,36658371
2022-02-18,46646,112620,49115262,36770991
2022-02-19,52560,100364,49167822,36871355
2022-02-20,31416,40386,49199238,36911741
2022-02-21,37911,89691,49237149,37001432
2022-02-22,37237,83827,49274386,37085259
2022-02-23,33418,79439,49307804,37164698
2022-02-24,32570,78201,49340374,37242899
2022-02-25,34783,90759,49375157,37333658
2022-02-26,39171,89156,49414328,37422814
2022-02-27,22548,35861,49436876,37458675
2022-02-28,28496,81719,49465372,37540394
2022-03-01,22739,53989,49488111,37594383
2022-03-02,21946,50734,49510057,37645117
2022-03-03,22650,54967,49532707,37700084
2022-03-04,23253,62825,49555960,37762909
2022-03-05,23807,57963,49579767,37820872
2022-03-06,9473,17204,49589240,37838076
2022-03-07,15940,51419,49605180,37889495
2022-03-08,15492,48821,49620672,37938316
2022-03-09,13816,46525,49634488,37984841
2022-03-10,14060,52078,49648548,38036919
2022-03-11,15450,57201,49663998,38094120
2022-03-12,15514,56626,49679512,38150746
2022-03-13,5546,16853,49685058,38167599
2022-03-14,10534,46716,49695592,38214315
2022-03-15,10559,46924,49706151,38261239
2022-03-16,9491,41991,49715642,38303230
2022-03-17,9732,44896,49725374,38348126
2022-03-18,10168,49088,49735542,38397214
2022-03-19,9155,46556,49744697,38443770
2022-03-20,2608,11705,49747305,38455475
2022-03-21,7590,40253,49754895,38495728
2022-03-22,8450,37790,49763345,38533518
2022-03-23,7227,33714,49770572,38567232
2022-03-24,8266,38844,49778838,38606076
2022-03-25,8146,43702,49786984,38649778
2022-03-26,8127,41723,49795111,38691501
2022-03-27,2431,9685,49797542,38701186
2022-03-28,6115,35256,49803657,38736442
2022-03-29,5788,32549,49809445,38768991
2022-03-30,5569,30220,49815014,38799211
2022-03-31,5910,33210,49820924,38832421
2022-04-01,4354,25201,49825278,38857622
2022-04-02,4498,23276,49829776,38880898
2022-04-03,1049,4500,49830825,38885398
2022-04-04,3666,21560,49834491,38906958
2022-04-05,3759,22952,49838250,38929910
2022-04-06,4106,21857,49842356,38951767
2022-04-07,3974,23329,49846330,38975096
2022-04-08,4698,26730,49851028,39001826
2022-04-09,4383,23888,49855411,39025714
2022-04-10,893,4613,49856304,39030327
2022-04-11,3820,22698,49860124,39053025
2022-04-12,3364,21796,49863488,39074821
2022-04-13,3577,21349,49867065,39096170
2022-04-14,3487,23801,49870552,39119971
2022-04-15,3086,20636,49873638,39140607
2022-04-16,2153,11922,49875791,39152529
2022-04-17,63,348,49875854,39152877
2022-04-18,152,650,49876006,39153527
2022-04-19,3500,22005,49879506,39175532
2022-04-20,3514,20260,49883020,39195792
2022-04-21,2850,19805,49885870,39215597
2022-04-22,2929,20722,49888799,39236319
2022-04-23,2648,16223,49891447,39252542
2022-04-24,509,2335,49891956,39254877
2022-04-25,183,1165,49892139,39256042
2022-04-26,2762,17815,49894901,39273857
2022-04-27,2376,15798,49897277,39289655
2022-04-28,2367,15570,49899644,39305225
2022-04-29,2300,14861,49901944,39320086
2022-04-30,2123,11585,49904067,39331671
2022-05-01,113,531,49904180,39332202
2022-05-02,1451,9394,49905631,39341596
2022-05-03,1578,10332,49907209,39351928
2022-05-04,1749,10283,49908958,39362211
2022-05-05,1655,10309,49910613,39372520
2022-05-06,1702,10984,49912315,39383504
2022-05-07,1432,8575,49913747,39392079
2022-05-08,417,1527,49914164,39393606
2022-05-09,1029,8939,49915193,39402545
2022-05-10,1428,9558,49916621,39412103
2022-05-11,1487,10109,49918108,39422212
2022-05-12,1373,10141,49919481,39432353
2022-05-13,1600,10530,49921081,39442883
2022-05-14,1362,8249,49922443,39451132
2022-05-15,336,1138,49922779,39452270
2022-05-16,814,8411,49923593,39460681
2022-05-17,1244,8708,49924837,39469389
2022-05-18,1373,9256,49926210,39478645
2022-05-19,1502,9290,49927712,39487935
2022-05-20,1431,9538,49929143,39497473
2022-05-21,1302,7903,49930445,39505376
2022-05-22,231,1013,49930676,39506389
2022-05-23,831,8275,49931507,39514664
2022-05-24,1073,8675,49932580,39523339
2022-05-25,1373,9460,49933953,39532799
2022-05-26,1201,9484,49935154,39542283
2022-05-27,1235,9919,49936389,39552202
2022-05-28,1205,7890,49937594,39560092
2022-05-29,288,1265,49937882,39561357
2022-05-30,931,8064,49938813,39569421
2022-05-31,1040,8553,49939853,39577974
2022-06-01,897,7657,49940750,39585631
2022-06-02,35,474,49940785,39586105
2022-06-03,819,7334,49941604,39593439
2022-06-04,870,5162,49942474,39598601
2022-06-05,88,586,49942562,39599187
2022-06-06,679,7008,49943241,39606195
2022-06-07,951,7852,49944192,39614047
2022-06-08,981,7911,49945173,39621958
2022-06-09,1037,8421,49946210,39630379
2022-06-10,958,8564,49947168,39638943
2022-06-11,903,6206,49948071,39645149
2022-06-12,140,768,49948211,39645917
2022-06-13,603,6307,49948814,39652224
2022-06-14,833,7908,49949647,39660132
2022-06-15,960,7857,49950607,39667989
2022-06-16,734,7404,49951341,39675393
2022-06-17,724,7251,49952065,39682644
2022-06-18,778,5597,49952843,39688241
2022-06-19,49,521,49952892,39688762
2022-06-20,587,6700,49953479,39695462
2022-06-21,741,7664,49954220,39703126
2022-06-22,779,7315,49954999,39710441
2022-06-23,650,7475,49955649,39717916
2022-06-24,644,7475,49956293,39725391
2022-06-25,835,6533,49957128,39731924
2022-06-26,129,523,49957257,39732447
2022-06-27,534,7128,49957791,39739575
2022-06-28,748,8207,49958539,39747782
2022-06-29,757,7739,49959296,39755521
2022-06-30,748,8146,49960044,39763667
2022-07-01,577,6446,49960621,39770113
2022-07-02,536,4770,49961157,39774883
2022-07-03,49,456,49961206,39775339
2022-07-04,471,6280,49961677,39781619
2022-07-05,630,8124,49962307,39789743
2022-07-06,634,7612,49962941,39797355
2022-07-07,576,8279,49963517,39805634
2022-07-08,677,8087,49964194,39813721
2022-07-09,548,6105,49964742,39819826
2022-07-10,58,533,49964800,39820359
2022-07-11,493,7646,49965293,39828005
2022-07-12,669,9031,49965962,39837036
2022-07-13,645,10068,49966607,39847104
2022-07-14,639,10228,49967246,39857332
2022-07-15,627,10676,49967873,39868008
2022-07-16,522,7215,49968395,39875223
2022-07-17,48,770,49968443,39875993
2022-07-18,496,9378,49968939,39885371
2022-07-19,576,10685,49969515,39896056
2022-07-20,582,11277,49970097,39907333
2022-07-21,633,12096,49970730,39919429
2022-07-22,584,11270,49971314,39930699
2022-07-23,381,6778,49971695,39937477
2022-07-24,76,858,49971771,39938335
2022-07-25,505,9059,49972276,39947394
2022-07-26,522,9767,49972798,39957161
2022-07-27,555,10216,49973353,39967377
2022-07-28,534,10538,49973887,39977915
2022-07-29,510,9468,49974397,39987383
2022-07-30,383,5884,49974780,39993267
2022-07-31,49,764,49974829,39994031
2022-08-01,386,6866,49975215,40000897
2022-08-02,548,7594,49975763,40008491
2022-08-03,515,7189,49976278,40015680
2022-08-04,455,7495,49976733,40023175
2022-08-05,421,6531,49977154,40029706
2022-08-06,300,3613,49977454,40033319
2022-08-07,44,563,49977498,40033882
2022-08-08,403,4890,49977901,40038772
2022-08-09,381,5316,49978282,40044088
2022-08-10,385,4817,49978667,40048905
2022-08-11,370,4806,49979037,40053711
2022-08-12,295,3721,49979332,40057432
2022-08-13,143,1600,49979475,40059032
2022-08-14,9,129,49979484,40059161
2022-08-15,1,26,49979485,40059187
2022-08-16,284,3043,49979769,40062230
2022-08-17,352,3533,49980121,40065763
2022-08-18,395,4165,49980516,40069928
2022-08-19,341,3323,49980857,40073251
2022-08-20,184,1717,49981041,40074968
2022-08-21,24,149,49981065,40075117
2022-08-22,333,2952,49981398,40078069
2022-08-23,370,3674,49981768,40081743
2022-08-24,384,3363,49982152,40085106
2022-08-25,425,3776,49982577,40088882
2022-08-26,400,3586,49982977,40092468
2022-08-27,237,1770,49983214,40094238
2022-08-28,29,267,49983243,40094505
2022-08-29,354,3161,49983597,40097666
2022-08-30,406,3676,49984003,40101342
2022-08-31,438,3734,49984441,40105076
2022-09-01,353,3119,49984794,40108195
2022-09-02,298,2894,49985092,40111089
2022-09-03,200,1692,49985292,40112781
2022-09-04,24,149,49985316,40112930
2022-09-05,187,2657,49985503,40115587
2022-09-06,307,2981,49985810,40118568
2022-09-07,541,2937,49986351,40121505
2022-09-08,293,2965,49986644,40124470
2022-09-09,308,2886,49986952,40127356
2022-09-10,228,1327,49987180,40128683
2022-09-11,23,124,49987203,40128807
2022-09-12,267,2269,49987470,40131076
2022-09-13,255,2280,49987725,40133356
2022-09-14,266,2567,49987991,40135923
2022-09-15,285,2501,49988276,40138424
2022-09-16,255,2544,49988531,40140968
2022-09-17,239,1339,49988770,40142307
2022-09-18,20,170,49988790,40142477
2022-09-19,206,1973,49988996,40144450
2022-09-20,237,2392,49989233,40146842
2022-09-21,289,2528,49989522,40149370
2022-09-22,267,2663,49989789,40152033
2022-09-23,261,2547,49990050,40154580
2022-09-24,193,1427,49990243,40156007
2022-09-25,29,133,49990272,40156140
2022-09-26,281,2250,49990553,40158390
2022-09-27,287,2680,49990840,40161070
2022-09-28,311,2905,49991151,40163975
2022-09-29,257,3051,49991408,40167026
2022-09-30,292,2987,49991700,40170013
2022-10-01,196,1515,49991896,40171528
2022-10-02,12,187,49991908,40171715
2022-10-03,186,2478,49992094,40174193
2022-10-04,236,2865,49992330,40177058
2022-10-05,233,3255,49992563,40180313
2022-10-06,244,3875,49992807,40184188
2022-10-07,285,4186,49993092,40188374
2022-10-08,206,2267,49993298,40190641
2022-10-09,8,305,49993306,40190946
2022-10-10,214,3348,49993520,40194294
2022-10-11,195,4381,49993715,40198675
2022-10-12,212,4437,49993927,40203112
2022-10-13,207,5299,49994134,40208411
2022-10-14,234,5010,49994368,40213421
2022-10-15,191,2669,49994559,40216090
2022-10-16,6,360,49994565,40216450
2022-10-17,186,3873,49994751,40220323
2022-10-18,257,4960,49995008,40225283
2022-10-19,247,5479,49995255,40230762
2022-10-20,227,5999,49995482,40236761
2022-10-21,257,5478,49995739,40242239
2022-10-22,196,2911,49995935,40245150
2022-10-23,13,364,49995948,40245514
2022-10-24,171,3931,49996119,40249445
2022-10-25,256,4927,49996375,40254372
2022-10-26,350,5505,49996725,40259877
2022-10-27,239,5678,49996964,40265555
2022-10-28,202,5265,49997166,40270820
2022-10-29,128,2844,49997294,40273664
2022-10-30,4,328,49997298,40273992
2022-10-31,118,3038,49997416,40277030
2022-11-01,11,353,49997427,40277383
2022-11-02,146,3721,49997573,40281104
2022-11-03,172,4793,49997745,40285897
2022-11-04,228,4604,49997973,40290501
2022-11-05,145,2601,49998118,40293102
2022-11-06,10,261,49998128,40293363
2022-11-07,169,3227,49998297,40296590
2022-11-08,262,4258,49998559,40300848
2022-11-09,202,4337,49998761,40305185
2022-11-10,184,4608,49998945,40309793
2022-11-11,194,4236,49999139,40314029
2022-11-12,161,2378,49999300,40316407
2022-11-13,7,338,49999307,40316745
2022-11-14,150,2844,49999457,40319589
2022-11-15,204,3754,49999661,40323343
2022-11-16,217,4002,49999878,40327345
2022-11-17,195,4116,50000073,40331461
2022-11-18,252,4050,50000325,40335511
2022-11-19,112,2087,50000437,40337598
2022-11-20,24,317,50000461,40337915
2022-11-21,119,2625,50000580,40340540
2022-11-22,140,3224,50000720,40343764
2022-11-23,191,3635,50000911,40347399
2022-11-24,158,3851,50001069,40351250
2022-11-25,184,3781,50001253,40355031
2022-11-26,135,2096,50001388,40357127
2022-11-27,22,356,50001410,40357483
2022-11-28,182,2691,50001592,40360174
2022-11-29,258,3234,50001850,40363408
2022-11-30,183,3740,50002033,40367148
2022-12-01,151,3637,50002184,40370785
2022-12-02,161,3532,50002345,40374317
2022-12-03,106,1999,50002451,40376316
2022-12-04,5,290,50002456,40376606
2022-12-05,129,2861,50002585,40379467
2022-12-06,177,3658,50002762,40383125
2022-12-07,136,3135,50002898,40386260
2022-12-08,8,169,50002906,40386429
2022-12-09,165,3035,50003071,40389464
2022-12-10,71,1602,50003142,40391066
2022-12-11,7,193,50003149,40391259
2022-12-12,172,2534,50003321,40393793
2022-12-13,254,3053,50003575,40396846
2022-12-14,232,3241,50003807,40400087
2022-12-15,207,3299,50004014,40403386
2022-12-16,164,3223,50004178,40406609
2022-12-17,95,1691,50004273,40408300
2022-12-18,10,270,50004283,40408570
2022-12-19,149,2171,50004432,40410741
2022-12-20,214,2533,50004646,40413274
2022-12-21,160,2254,50004806,40415528
2022-12-22,140,1880,50004946,40417408
2022-12-23,154,1224,50005100,40418632
2022-12-24,32,162,50005132,40418794
2022-12-25,0,6,50005132,40418800
2022-12-26,6,42,50005138,40418842
2022-12-27,133,1556,50005271,40420398
2022-12-28,138,1783,50005409,40422181
2022-12-29,92,1711,50005501,40423892
2022-12-30,117,1616,50005618,40425508
2022-12-31,21,273,50005639,40425781
2023-01-01,0,6,50005639,40425787
2023-01-02,48,1129,50005687,40426916
2023-01-03,99,1899,50005786,40428815
2023-01-04,111,2016,50005897,40430831
2023-01-05,99,1915,50005996,40432746
2023-01-06,0,70,50005996,40432816
2023-01-07,53,687,50006049,40433503
2023-01-08,2,97,50006051,40433600
2023-01-09,127,1430,50006178,40435030
2023-01-10,128,1792,50006306,40436822
2023-01-11,119,1772,50006425,40438594
2023-01-12,115,2010,50006540,40440604
2023-01-13,108,1889,50006648,40442493
2023-01-14,67,978,50006715,40443471
2023-01-15,1,67,50006716,40443538
2023-01-16,37,1156,50006753,40444694
2023-01-17,109,1307,50006862,40446001
2023-01-18,81,1425,50006943,40447426
2023-01-19,111,1609,50007054,40449035
2023-01-20,160,1409,50007214,40450444
2023-01-21,46,650,50007260,40451094
2023-01-22,2,57,50007262,40451151
2023-01-23,75,783,50007337,40451934
2023-01-24,115,1196,50007452,40453130
2023-01-25,98,1102,50007550,40454232
2023-01-26,107,1126,50007657,40455358
2023-01-27,57,1021,50007714,40456379
2023-01-28,131,477,50007845,40456856
2023-01-29,6,52,50007851,40456908
2023-01-30,42,321,50007893,40457229