data_somministrazione,vaccinazioni,booster,cum_vaccinazioni,cum_booster
2020-12-27,20,0,20,0
2020-12-28,2,0,22,0
2020-12-29,1,0,23,0
2020-12-30,9,0,32,0
2020-12-31,73,0,105,0
2021-01-01,23,0,128,0
2021-01-02,127,0,255,0
2021-01-03,93,0,348,0
2021-01-04,219,0,567,0
2021-01-05,256,0,823,0
2021-01-06,225,0,1048,0
2021-01-07,306,0,1354,0
2021-01-08,353,0,1707,0
2021-01-09,265,0,1972,0
2021-01-10,159,0,2131,0
2021-01-11,289,0,2420,0
2021-01-12,275,0,2695,0
2021-01-13,404,0,3099,0
2021-01-14,488,0,3587,0
2021-01-15,305,0,3892,0
2021-01-16,214,0,4106,0
2021-01-17,3060,0,7166,0
2021-01-18,5215,0,12381,0
2021-01-19,1893,0,14274,0
2021-01-20,4657,0,18931,0
2021-01-21,20005,0,38936,0
2021-01-22,14220,0,53156,0
2021-01-23,33328,0,86484,0
2021-01-24,30783,0,117267,0
2021-01-25,64722,0,181989,0
2021-01-26,76489,0,258478,0
2021-01-27,64825,0,323303,0
2021-01-28,89270,0,412573,0
2021-01-29,94018,0,506591,0
2021-01-30,86554,0,593145,0
2021-01-31,57329,0,650474,0
2021-02-01,81853,0,732327,0
2021-02-02,82140,0,814467,0
2021-02-03,91115,0,905582,0
2021-02-04,95394,0,1000976,0
2021-02-05,90272,0,1091248,0
2021-02-06,63449,0,1154697,0
2021-02-07,32932,0,1187629,0
2021-02-08,40423,0,1228052,0
2021-02-09,32870,0,1260922,0
2021-02-10,28428,0,1289350,0
2021-02-11,20403,0,1309753,0
2021-02-12,16239,0,1325992,0
2021-02-13,7273,0,1333265,0
2021-02-14,2862,0,1336127,0
2021-02-15,6842,0,1342969,0
2021-02-16,7002,0,1349971,0
2021-02-17,10525,0,1360496,0
2021-02-18,9252,0,1369748,0
2021-02-19,8250,0,1377998,0
2021-02-20,5567,0,1383565,0
2021-02-21,3003,0,1386568,0
2021-02-22,6884,0,1393452,0
2021-02-23,7178,0,1400630,0
2021-02-24,9808,0,1410438,0
2021-02-25,14211,0,1424649,0
2021-02-26,17554,0,1442203,0
2021-02-27,13914,0,1456117,0
2021-02-28,9389,0,1465506,0
2021-03-01,26519,0,1492025,0
2021-03-02,33244,0,1525269,0
2021-03-03,44649,0,1569918,0
2021-03-04,50292,0,1620210,0
2021-03-05,55734,0,1675944,0
2021-03-06,41871,0,1717815,0
2021-03-07,22322,0,1740137,0
2021-03-08,50823,0,1790960,0
2021-03-09,53076,0,1844036,0
2021-03-10,58656,0,1902692,0
2021-03-11,63869,0,1966561,0
2021-03-12,65112,0,2031673,0
2021-03-13,51724,0,2083397,0
2021-03-14,35402,0,2118799,0
2021-03-15,73446,0,2192245,0
2021-03-16,74026,0,2266271,0
2021-03-17,83129,0,2349400,0
2021-03-18,81629,0,2431029,0
2021-03-19,81084,0,2512113,0
2021-03-20,64725,0,2576838,0
2021-03-21,47302,0,2624140,0
2021-03-22,69485,0,2693625,0
2021-03-23,75804,0,2769429,0
2021-03-24,90917,0,2860346,0
2021-03-25,89810,0,2950156,0
2021-03-26,83629,0,3033785,0
2021-03-27,71946,0,3105731,0
2021-03-28,44148,0,3149879,0
2021-03-29,70830,0,3220709,0
2021-03-30,81391,0,3302100,0
2021-03-31,96242,0,3398342,0
2021-04-01,95311,0,3493653,0
2021-04-02,84075,0,3577728,0
2021-04-03,64305,0,3642033,0
2021-04-04,21718,0,3663751,0
2021-04-05,40315,0,3704066,0
2021-04-06,81323,0,3785389,0
2021-04-07,95834,0,3881223,0
2021-04-08,95243,0,3976466,0
2021-04-09,88493,0,4064959,0
2021-04-10,74032,0,4138991,0
2021-04-11,44766,0,4183757,0
2021-04-12,66918,0,4250675,0
2021-04-13,72580,0,4323255,0
2021-04-14,85544,0,4408799,0
2021-04-15,105415,0,4514214,0
2021-04-16,106420,0,4620634,0
2021-04-17,90517,0,4711151,0
2021-04-18,58595,0,4769746,0
2021-04-19,93432,0,4863178,0
2021-04-20,103771,0,4966949,0
2021-04-21,125342,0,5092291,0
2021-04-22,143521,0,5235812,0
2021-04-23,138745,0,5374557,0
2021-04-24,124445,0,5499002,0
2021-04-25,61458,0,5560460,0
2021-04-26,97893,0,5658353,0
2021-04-27,128360,0,5786713,0
2021-04-28,156375,0,5943088,0
2021-04-29,195595,0,6138683,0
2021-04-30,214586,0,6353269,0
2021-05-01,174122,0,6527391,0
2021-05-02,135803,0,6663194,0
2021-05-03,142048,0,6805242,0
2021-05-04,158695,0,6963937,0
2021-05-05,170508,0,7134445,0
2021-05-06,197810,0,7332255,0
2021-05-07,213851,0,7546106,0
2021-05-08,213418,0,7759524,0
2021-05-09,143204,0,7902728,0
2021-05-10,165084,0,8067812,0
2021-05-11,174990,0,8242802,0
2021-05-12,179190,0,8421992,0
2021-05-13,203395,0,8625387,0
2021-05-14,222923,0,8848310,0
2021-05-15,210375,0,9058685,0
2021-05-16,159280,0,9217965,0
2021-05-17,219205,0,9437170,0
2021-05-18,213023,0,9650193,0
2021-05-19,207089,0,9857282,0
2021-05-20,270870,0,10128152,0
2021-05-21,270896,0,10399048,0
2021-05-22,245528,0,10644576,0
2021-05-23,197183,0,10841759,0
2021-05-24,228310,0,11070069,0
2021-05-25,245697,0,11315766,0
2021-05-26,277509,0,11593275,0
2021-05-27,311088,0,11904363,0
2021-05-28,299575,0,12203938,0
2021-05-29,231230,0,12435168,0
2021-05-30,170843,0,12606011,0
2021-05-31,216428,0,12822439,0
2021-06-01,207638,0,13030077,0
2021-06-02,115805,0,13145882,0
2021-06-03,180155,0,13326037,0
2021-06-04,184890,0,13510927,0
2021-06-05,185970,0,13696897,0
2021-06-06,139556,0,13836453,0
2021-06-07,161883,0,13998336,0
2021-06-08,171239,0,14169575,0
2021-06-09,171494,0,14341069,0
2021-06-10,174118,0,14515187,0
2021-06-11,169996,0,14685183,0
2021-06-12,128340,0,14813523,0
2021-06-13,91198,0,14904721,0
2021-06-14,214691,0,15119412,0
2021-06-15,228429,0,15347841,0
2021-06-16,253085,0,15600926,0
2021-06-17,301740,0,15902666,0
2021-06-18,306303,0,16208969,0
2021-06-19,275098,0,16484067,0
2021-06-20,220798,0,16704865,0
2021-06-21,288076,0,16992941,0
2021-06-22,296230,0,17289171,0
2021-06-23,302694,0,17591865,0
2021-06-24,332615,0,17924480,0
2021-06-25,348715,0,18273195,0
2021-06-26,300128,0,18573323,0
2021-06-27,228677,0,18802000,0
2021-06-28,307104,0,19109104,0
2021-06-29,329304,0,19438408,0
2021-06-30,342173,0,19780581,0
2021-07-01,363227,0,20143808,0
2021-07-02,368483,0,20512291,0
2021-07-03,371098,0,20883389,0
2021-07-04,283218,0,21166607,0
2021-07-05,384549,0,21551156,0
2021-07-06,385480,0,21936636,0
2021-07-07,412118,0,22348754,0
2021-07-08,479601,0,22828355,0
2021-07-09,498483,0,23326838,0
2021-07-10,475179,0,23802017,0
2021-07-11,357701,0,24159718,0
2021-07-12,485897,0,24645615,0
2021-07-13,492111,0,25137726,0
2021-07-14,480457,0,25618183,0
2021-07-15,523451,0,26141634,0
2021-07-16,509763,0,26651397,0
2021-07-17,464337,0,27115734,0
2021-07-18,364650,0,27480384,0
2021-07-19,463052,0,27943436,0
2021-07-20,458060,0,28401496,0
2021-07-21,462798,0,28864294,0
2021-07-22,475389,0,29339683,0
2021-07-23,441328,0,29781011,0
2021-07-24,386162,0,30167173,0
2021-07-25,287555,0,30454728,0
2021-07-26,430884,0,30885612,0
2021-07-27,440131,0,31325743,0
2021-07-28,391013,0,31716756,0
2021-07-29,372082,0,32088838,0
2021-07-30,341514,0,32430352,0
2021-07-31,287036,0,32717388,0
2021-08-01,191003,0,32908391,0
2021-08-02,333705,0,33242096,0
2021-08-03,323198,0,33565294,0
2021-08-04,310979,0,33876273,0
2021-08-05,292495,0,34168768,0
2021-08-06,260016,0,34428784,0
2021-08-07,199055,0,34627839,0
2021-08-08,153108,0,34780947,0
2021-08-09,234078,0,35015025,0
2021-08-10,205260,0,35220285,0
2021-08-11,193780,0,35414065,0
2021-08-12,168038,0,35582103,0
2021-08-13,148638,0,35730741,0
2021-08-14,66095,0,35796836,0
2021-08-15,26338,0,35823174,0
2021-08-16,114704,0,35937878,0
2021-08-17,129252,0,36067130,0
2021-08-18,128752,0,36195882,0
2021-08-19,124826,0,36320708,0
2021-08-20,123788,0,36444496,0
2021-08-21,83127,0,36527623,0
2021-08-22,68172,0,36595795,0
2021-08-23,176872,0,36772667,0
2021-08-24,156898,0,36929565,0
2021-08-25,177171,0,37106736,0
2021-08-26,172367,0,37279103,0
2021-08-27,185836,0,37464939,0
2021-08-28,140282,0,37605221,0
2021-08-29,98993,0,37704214,0
2021-08-30,209600,0,37913814,0
2021-08-31,194643,0,38108457,0
2021-09-01,192208,0,38300665,0
2021-09-02,189928,0,38490593,0
2021-09-03,191295,0,38681888,0
2021-09-04,131466,0,38813354,0
2021-09-05,87853,0,38901207,0
2021-09-06,193625,0,39094832,0
2021-09-07,196034,0,39290866,0
2021-09-08,187883,0,39478749,0
2021-09-09,201446,0,39680195,0
2021-09-10,198076,0,39878271,0
2021-09-11,141294,0,40019565,0
2021-09-12,89597,0,40109162,0
2021-09-13,191123,609,40300285,609
2021-09-14,177226,621,40477511,1230
2021-09-15,163096,622,40640607,1852
2021-09-16,160072,965,40800679,2817
2021-09-17,150174,1142,40950853,3959
2021-09-18,127983,757,41078836,4716
2021-09-19,81138,502,41159974,5218
2021-09-20,180072,9107,41340046,14325
2021-09-21,166656,8847,41506702,23172
2021-09-22,159098,9448,41665800,32620
2021-09-23,138084,9343,41803884,41963
2021-09-24,140550,8984,41944434,50947
2021-09-25,119560,5656,42063994,56603
2021-09-26,71977,4351,42135971,60954
2021-09-27,135663,10066,42271634,71020
2021-09-28,117511,11409,42389145,82429
2021-09-29,112355,11841,42501500,94270
2021-09-30,110265,14966,42611765,109236
2021-10-01,94992,19122,42706757,128358
2021-10-02,78512,14031,42785269,142389
2021-10-03,47750,7665,42833019,150054
2021-10-04,88383,34467,42921402,184521
2021-10-05,80375,33997,43001777,218518
2021-10-06,71997,34189,43073774,252707
2021-10-07,71868,34362,43145642,287069
2021-10-08,80631,33607,43226273,320676
2021-10-09,76108,22184,43302381,342860
2021-10-10,45781,13624,43348162,356484
2021-10-11,87441,41121,43435603,397605
2021-10-12,84506,46921,43520109,444526
2021-10-13,88205,52138,43608314,496664
2021-10-14,91548,58540,43699862,555204
2021-10-15,93593,55655,43793455,610859
2021-10-16,82971,36806,43876426,647665
2021-10-17,51462,23845,43927888,671510
2021-10-18,90303,59502,44018191,731012
2021-10-19,78348,69396,44096539,800408
2021-10-20,75070,78193,44171609,878601
2021-10-21,78302,81779,44249911,960380
2021-10-22,73782,77058,44323693,1037438
2021-10-23,60831,51966,44384524,1089404
2021-10-24,33373,23471,44417897,1112875
2021-10-25,64910,81644,44482807,1194519
2021-10-26,58376,91817,44541183,1286336
2021-10-27,58331,104012,44599514,1390348
2021-10-28,61455,114135,44660969,1504483
2021-10-29,61638,103159,44722607,1607642
2021-10-30,50674,68132,44773281,1675774
2021-10-31,25161,28303,44798442,1704077
2021-11-01,19048,28156,44817490,1732233
2021-11-02,62742,89420,44880232,1821653
2021-11-03,60728,118677,44940960,1940330
2021-11-04,59246,126681,45000206,2067011
2021-11-05,63097,135206,45063303,2202217
2021-11-06,46481,90935,45109784,2293152
2021-11-07,22253,37900,45132037,2331052
2021-11-08,51530,131282,45183567,2462334
2021-11-09,45400,144222,45228967,2606556
2021-11-10,42591,156360,45271558,2762916
2021-11-11,44932,155154,45316490,2918070
2021-11-12,46318,158654,45362808,3076724
2021-11-13,33263,116664,45396071,3193388
2021-11-14,14491,52456,45410562,3245844
2021-11-15,36909,157439,45447471,3403283
2021-11-16,30563,171393,45478034,3574676
2021-11-17,28468,178449,45506502,3753125
2021-11-18,30289,193741,45536791,3946866
2021-11-19,28812,205871,45565603,4152737
2021-11-20,21003,156453,45586606,4309190
2021-11-21,10612,64863,45597218,4374053
2021-11-22,21946,213161,45619164,4587214
2021-11-23,23590,241761,45642754,4828975
2021-11-24,27796,271024,45670550,5099999
2021-11-25,23247,301930,45693797,5401929
2021-11-26,24590,318285,45718387,5720214
2021-11-27,21390,266163,45739777,5986377
2021-11-28,9903,137064,45749680,6123441
2021-11-29,22348,326073,45772028,6449514
2021-11-30,23105,365846,45795133,6815360
2021-12-01,21530,413511,45816663,7228871
2021-12-02,23775,440423,45840438,7669294
2021-12-03,25270,467498,45865708,8136792
2021-12-04,22382,418783,45888090,8555575
2021-12-05,11937,261356,45900027,8816931
2021-12-06,25832,457618,45925859,9274549
2021-12-07,24152,480283,45950011,9754832
2021-12-08,10019,249710,45960030,10004542
2021-12-09,31607,491948,45991637,10496490
2021-12-10,28083,517911,46019720,11014401
2021-12-11,23582,459262,46043302,11473663
2021-12-12,12312,293517,46055614,11767180
2021-12-13,26168,467641,46081782,12234821
2021-12-14,25188,494219,46106970,12729040
2021-12-15,25354,517173,46132324,13246213
2021-12-16,27901,520284,46160225,13766497
2021-12-17,29378,517197,46189603,14283694
2021-12-18,27079,468756,46216682,14752450
2021-12-19,15161,300537,46231843,15052987
2021-12-20,30648,477498,46262491,15530485
2021-12-21,30403,493407,46292894,16023892
2021-12-22,29469,484729,46322363,16508621
2021-12-23,28266,426927,46350629,16935548
2021-12-24,13118,210835,46363747,17146383
2021-12-25,2103,33053,46365850,17179436
2021-12-26,8770,159074,46374620,17338510
2021-12-27,46820,504674,46421440,17843184
2021-12-28,42484,554230,46463924,18397414
2021-12-29,34372,550661,46498296,18948075
2021-12-30,31863,499847,46530159,19447922
2021-12-31,14131,247399,46544290,19695321
2022-01-01,3499,64815,46547789,19760136
2022-01-02,22797,276724,46570586,20036860
2022-01-03,47894,520023,46618480,20556883
2022-01-04,46417,572095,46664897,21128978
2022-01-05,40790,560402,46705687,21689380
2022-01-06,23511,274489,46729198,21963869
2022-01-07,63743,554201,46792941,22518070
2022-01-08,60905,503404,46853846,23021474
2022-01-09,42899,319687,46896745,23341161
2022-01-10,61126,542299,46957871,23883460
2022-01-11,61775,586998,47019646,24470458
2022-01-12,58494,581281,47078140,25051739
2022-01-13,58650,580395,47136790,25632134
2022-01-14,46859,588580,47183649,26220714
2022-01-15,39469,569948,47223118,26790662
2022-01-16,31266,341868,47254384,27132530
2022-01-17,54810,489668,47309194,27622198
2022-01-18,58429,517024,47367623,28139222
2022-01-19,57234,502797,47424857,28642019
2022-01-20,54366,498828,47479223,29140847
2022-01-21,42123,493878,47521346,29634725
2022-01-22,31234,469598,47552580,30104323
2022-01-23,34952,275375,47587532,30379698
2022-01-24,56196,437230,47643728,30816928
2022-01-25,61570,452115,47705298,31269043
2022-01-26,58565,435835,47763863,31704878
2022-01-27,48854,432381,47812717,32137259
2022-01-28,58717,436544,47871434,32573803
2022-01-29,68154,412499,47939588,32986302
2022-01-30,50395,235968,47989983,33222270
2022-01-31,60653,356938,48050636,33579208
2022-02-01,65573,328448,48116209,33907656
2022-02-02,63215,296979,48179424,34204635
2022-02-03,60066,274520,48239490,34479155
2022-02-04,72390,268459,48311880,34747614
2022-02-05,83790,248537,48395670,34996151
2022-02-06,55299,116204,48450969,35112355
2022-02-07,65160,199939,48516129,35312294
2022-02-08,66932,186115,48583061,35498409
2022-02-09,58764,166336,48641825,35664745
2022-02-10,58585,163239,48700410,35827984
2022-02-11,62257,162465,48762667,35990449
2022-02-12,71985,152144,48834652,36142593
2022-02-13,41475,68852,48876127,36211445
2022-02-14,46696,116187,48922823,36327632
2022-02-15,48541,123479,48971364,36451111
2022-02-16,45677,106122,49017041,36557233
2022-02-17,42864,98112,49059905,36655345
2022-02-18,46624,112574,49106529,36767919
2022-02-19,52540,100333,49159069,36868252
2022-02-20,31409,40366,49190478,36908618
2022-02-21,37888,89651,49228366,36998269
2022-02-22,37223,83775,49265589,37082044
2022-02-23,33396,79409,49298985,37161453
2022-02-24,32555,78161,49331540,37239614
2022-02-25,34761,90710,49366301,37330324
2022-02-26,39158,89134,49405459,37419458
2022-02-27,22545,35857,49428004,37455315
2022-02-28,28481,81690,49456485,37537005
2022-03-01,22722,53939,49479207,37590944
2022-03-02,21950,50680,49501157,37641624
2022-03-03,22620,54947,49523777,37696571
2022-03-04,23234,62798,49547011,37759369
2022-03-05,23797,57951,49570808,37817320
2022-03-06,9471,17201,49580279,37834521
2022-03-07,15916,51389,49596195,37885910
2022-03-08,15477,48796,49611672,37934706
2022-03-09,13812,46518,49625484,37981224
2022-03-10,14049,52119,49639533,38033343
2022-03-11,15583,57264,49655116,38090607
2022-03-12,15504,56618,49670620,38147225
2022-03-13,5544,16850,49676164,38164075
2022-03-14,10525,46698,49686689,38210773
2022-03-15,10546,46893,49697235,38257666
2022-03-16,9480,41973,49706715,38299639
2022-03-17,9717,44872,49716432,38344511
2022-03-18,10158,49056,49726590,38393567
2022-03-19,9149,46534,49735739,38440101
2022-03-20,2609,11702,49738348,38451803
2022-03-21,7579,40224,49745927,38492027
2022-03-22,8448,37758,49754375,38529785
2022-03-23,7213,33700,49761588,38563485
2022-03-24,8258,38803,49769846,38602288
2022-03-25,8138,43666,49777984,38645954
2022-03-26,8124,41721,49786108,38687675
2022-03-27,2430,9681,49788538,38697356
2022-03-28,6108,35238,49794646,38732594
2022-03-29,5777,32527,49800423,38765121
2022-03-30,5566,30202,49805989,38795323
2022-03-31,5895,33181,49811884,38828504
2022-04-01,4348,25189,49816232,38853693
2022-04-02,4494,23273,49820726,38876966
2022-04-03,1049,4500,49821775,38881466
2022-04-04,3656,21539,49825431,38903005
2022-04-05,3756,22931,49829187,38925936
2022-04-06,4102,21853,49833289,38947789
2022-04-07,3965,23320,49837254,38971109
2022-04-08,4692,26712,49841946,38997821
2022-04-09,4382,23885,49846328,39021706
2022-04-10,891,4614,49847219,39026320
2022-04-11,3815,22685,49851034,39049005
2022-04-12,3363,21777,49854397,39070782
2022-04-13,3566,21334,49857963,39092116
2022-04-14,3486,23786,49861449,39115902
2022-04-15,3084,20617,49864533,39136519
2022-04-16,2149,11918,49866682,39148437
2022-04-17,63,348,49866745,39148785
2022-04-18,151,650,49866896,39149435
2022-04-19,3500,21979,49870396,39171414
2022-04-20,3510,20250,49873906,39191664
2022-04-21,2847,19786,49876753,39211450
2022-04-22,2927,20702,49879680,39232152
2022-04-23,2644,16218,49882324,39248370
2022-04-24,509,2334,49882833,39250704
2022-04-25,183,1165,49883016,39251869
2022-04-26,2759,17804,49885775,39269673
2022-04-27,2374,15792,49888149,39285465
2022-04-28,2358,15558,49890507,39301023
2022-04-29,2293,14843,49892800,39315866
2022-04-30,2123,11580,49894923,39327446
2022-05-01,113,531,49895036,39327977
2022-05-02,1450,9391,49896486,39337368
2022-05-03,1576,10318,49898062,39347686
2022-05-04,1746,10264,49899808,39357950
2022-05-05,1653,10284,49901461,39368234
2022-05-06,1702,10955,49903163,39379189
2022-05-07,1431,8566,49904594,39387755
2022-05-08,416,1519,49905010,39389274
2022-05-09,1027,8928,49906037,39398202
2022-05-10,1422,9545,49907459,39407747
2022-05-11,1483,10098,49908942,39417845
2022-05-12,1370,10131,49910312,39427976
2022-05-13,1594,10517,49911906,39438493
2022-05-14,1357,8234,49913263,39446727
2022-05-15,336,1131,49913599,39447858
2022-05-16,813,8405,49914412,39456263
2022-05-17,1243,8696,49915655,39464959
2022-05-18,1373,9230,49917028,39474189
2022-05-19,1500,9277,49918528,39483466
2022-05-20,1421,9514,49919949,39492980
2022-05-21,1300,7899,49921249,39500879
2022-05-22,231,1013,49921480,39501892
2022-05-23,830,8267,49922310,39510159
2022-05-24,1073,8672,49923383,39518831
2022-05-25,1369,9459,49924752,39528290
2022-05-26,1195,9471,49925947,39537761
2022-05-27,1232,9912,49927179,39547673
2022-05-28,1205,7885,49928384,39555558
2022-05-29,286,1266,49928670,39556824
2022-05-30,931,8054,49929601,39564878
2022-05-31,1036,8544,49930637,39573422
2022-06-01,891,7655,49931528,39581077
2022-06-02,35,474,49931563,39581551
2022-06-03,818,7331,49932381,39588882
2022-06-04,870,5162,49933251,39594044
2022-06-05,89,586,49933340,39594630
2022-06-06,678,6991,49934018,39601621
2022-06-07,951,7847,49934969,39609468
2022-06-08,982,7908,49935951,39617376
2022-06-09,1037,8412,49936988,39625788
2022-06-10,958,8564,49937946,39634352
2022-06-11,903,6206,49938849,39640558
2022-06-12,140,768,49938989,39641326
2022-06-13,602,6301,49939591,39647627
2022-06-14,827,7896,49940418,39655523
2022-06-15,955,7852,49941373,39663375
2022-06-16,730,7393,49942103,39670768
2022-06-17,723,7243,49942826,39678011
2022-06-18,777,5593,49943603,39683604
2022-06-19,47,522,49943650,39684126
2022-06-20,587,6698,49944237,39690824
2022-06-21,736,7665,49944973,39698489
2022-06-22,780,7308,49945753,39705797
2022-06-23,651,7465,49946404,39713262
2022-06-24,644,7474,49947048,39720736
2022-06-25,835,6534,49947883,39727270
2022-06-26,128,523,49948011,39727793
2022-06-27,532,7123,49948543,39734916
2022-06-28,745,8206,49949288,39743122
2022-06-29,756,7728,49950044,39750850
2022-06-30,746,8143,49950790,39758993
2022-07-01,577,6443,49951367,39765436
2022-07-02,536,4769,49951903,39770205
2022-07-03,49,456,49951952,39770661
2022-07-04,469,6277,49952421,39776938
2022-07-05,628,8117,49953049,39785055
2022-07-06,633,7610,49953682,39792665
2022-07-07,571,8269,49954253,39800934
2022-07-08,673,8082,49954926,39809016
2022-07-09,550,6104,49955476,39815120
2022-07-10,58,533,49955534,39815653
2022-07-11,487,7640,49956021,39823293
2022-07-12,667,9027,49956688,39832320
2022-07-13,641,10067,49957329,39842387
2022-07-14,636,10225,49957965,39852612
2022-07-15,625,10666,49958590,39863278
2022-07-16,522,7214,49959112,39870492
2022-07-17,48,770,49959160,39871262
2022-07-18,497,9369,49959657,39880631
2022-07-19,573,10682,49960230,39891313
2022-07-20,580,11272,49960810,39902585
2022-07-21,627,12085,49961437,39914670
2022-07-22,583,11256,49962020,39925926
2022-07-23,379,6771,49962399,39932697
2022-07-24,76,857,49962475,39933554
2022-07-25,503,9052,49962978,39942606
2022-07-26,519,9758,49963497,39952364
2022-07-27,550,10200,49964047,39962564
2022-07-28,530,10528,49964577,39973092
2022-07-29,510,9465,49965087,39982557
2022-07-30,382,5881,49965469,39988438
2022-07-31,49,764,49965518,39989202
2022-08-01,386,6864,49965904,39996066
2022-08-02,539,7583,49966443,40003649
2022-08-03,513,7174,49966956,40010823
2022-08-04,455,7489,49967411,40018312
2022-08-05,420,6520,49967831,40024832
2022-08-06,298,3611,49968129,40028443
2022-08-07,44,562,49968173,40029005
2022-08-08,402,4893,49968575,40033898
2022-08-09,382,5307,49968957,40039205
2022-08-10,381,4814,49969338,40044019
2022-08-11,366,4777,49969704,40048796
2022-08-12,292,3721,49969996,40052517
2022-08-13,143,1600,49970139,40054117
2022-08-14,9,129,49970148,40054246
2022-08-15,1,26,49970149,40054272
2022-08-16,283,3043,49970432,40057315
2022-08-17,352,3536,49970784,40060851
2022-08-18,390,4159,49971174,40065010
2022-08-19,341,3319,49971515,40068329
2022-08-20,183,1714,49971698,40070043
2022-08-21,24,149,49971722,40070192
2022-08-22,329,2950,49972051,40073142
2022-08-23,370,3672,49972421,40076814
2022-08-24,383,3358,49972804,40080172
2022-08-25,421,3772,49973225,40083944
2022-08-26,396,3571,49973621,40087515
2022-08-27,237,1769,49973858,40089284
2022-08-28,29,267,49973887,40089551
2022-08-29,355,3161,49974242,40092712
2022-08-30,403,3669,49974645,40096381
2022-08-31,437,3734,49975082,40100115
2022-09-01,352,3117,49975434,40103232
2022-09-02,296,2890,49975730,40106122
2022-09-03,199,1688,49975929,40107810
2022-09-04,23,149,49975952,40107959
2022-09-05,186,2653,49976138,40110612
2022-09-06,303,2988,49976441,40113600
2022-09-07,540,2935,49976981,40116535
2022-09-08,289,2956,49977270,40119491
2022-09-09,304,2885,49977574,40122376
2022-09-10,227,1326,49977801,40123702
2022-09-11,21,124,49977822,40123826
2022-09-12,267,2262,49978089,40126088
2022-09-13,251,2274,49978340,40128362
2022-09-14,263,2564,49978603,40130926
2022-09-15,280,2491,49978883,40133417
2022-09-16,253,2542,49979136,40135959
2022-09-17,239,1339,49979375,40137298
2022-09-18,20,170,49979395,40137468
2022-09-19,205,1969,49979600,40139437
2022-09-20,236,2383,49979836,40141820
2022-09-21,289,2525,49980125,40144345
2022-09-22,261,2647,49980386,40146992
2022-09-23,256,2530,49980642,40149522
2022-09-24,193,1427,49980835,40150949
2022-09-25,28,133,49980863,40151082
2022-09-26,280,2247,49981143,40153329
2022-09-27,286,2668,49981429,40155997
2022-09-28,308,2885,49981737,40158882
2022-09-29,252,3040,49981989,40161922
2022-09-30,290,2969,49982279,40164891
2022-10-01,193,1509,49982472,40166400
2022-10-02,11,187,49982483,40166587
2022-10-03,181,2469,49982664,40169056
2022-10-04,235,2853,49982899,40171909
2022-10-05,223,3214,49983122,40175123
2022-10-06,241,3832,49983363,40178955
2022-10-07,281,4156,49983644,40183111
2022-10-08,200,2234,49983844,40185345
2022-10-09,8,304,49983852,40185649
2022-10-10,206,3336,49984058,40188985
2022-10-11,191,4341,49984249,40193326
2022-10-12,207,4408,49984456,40197734
2022-10-13,200,5284,49984656,40203018
2022-10-14,228,4989,49984884,40208007
2022-10-15,185,2609,49985069,40210616
2022-10-16,6,358,49985075,40210974
2022-10-17,185,3845,49985260,40214819
2022-10-18,255,4942,49985515,40219761
2022-10-19,235,5417,49985750,40225178
2022-10-20,220,5909,49985970,40231087
2022-10-21,250,5370,49986220,40236457
2022-10-22,194,2861,49986414,40239318
2022-10-23,13,355,49986427,40239673
2022-10-24,167,3856,49986594,40243529
2022-10-25,247,4820,49986841,40248349
2022-10-26,276,5260,49987117,40253609
2022-10-27,222,5356,49987339,40258965
2022-10-28,197,4826,49987536,40263791
2022-10-29,125,1992,49987661,40265783