data_somministrazione,vaccinazioni,booster,cum_vaccinazioni,cum_booster
2020-12-27,22,0,22,0
2020-12-28,2,0,24,0
2020-12-29,1,0,25,0
2020-12-30,8,0,33,0
2020-12-31,84,0,117,0
2021-01-01,27,0,144,0
2021-01-02,154,0,298,0
2021-01-03,118,0,416,0
2021-01-04,250,0,666,0
2021-01-05,295,0,961,0
2021-01-06,267,0,1228,0
2021-01-07,336,0,1564,0
2021-01-08,391,0,1955,0
2021-01-09,299,0,2254,0
2021-01-10,179,0,2433,0
2021-01-11,315,0,2748,0
2021-01-12,295,0,3043,0
2021-01-13,427,0,3470,0
2021-01-14,509,0,3979,0
2021-01-15,330,0,4309,0
2021-01-16,226,0,4535,0
2021-01-17,3065,0,7600,0
2021-01-18,5222,0,12822,0
2021-01-19,1897,0,14719,0
2021-01-20,4660,0,19379,0
2021-01-21,20003,0,39382,0
2021-01-22,14219,0,53601,0
2021-01-23,33314,0,86915,0
2021-01-24,30771,0,117686,0
2021-01-25,64694,0,182380,0
2021-01-26,76452,0,258832,0
2021-01-27,64804,0,323636,0
2021-01-28,89237,0,412873,0
2021-01-29,93985,0,506858,0
2021-01-30,86534,0,593392,0
2021-01-31,57316,0,650708,0
2021-02-01,81829,0,732537,0
2021-02-02,82125,0,814662,0
2021-02-03,91097,0,905759,0
2021-02-04,95378,0,1001137,0
2021-02-05,90264,0,1091401,0
2021-02-06,63451,0,1154852,0
2021-02-07,32936,0,1187788,0
2021-02-08,40420,0,1228208,0
2021-02-09,32882,0,1261090,0
2021-02-10,28443,0,1289533,0
2021-02-11,20410,0,1309943,0
2021-02-12,16254,0,1326197,0
2021-02-13,7287,0,1333484,0
2021-02-14,2862,0,1336346,0
2021-02-15,6852,0,1343198,0
2021-02-16,7009,0,1350207,0
2021-02-17,10528,0,1360735,0
2021-02-18,9261,0,1369996,0
2021-02-19,8259,0,1378255,0
2021-02-20,5593,0,1383848,0
2021-02-21,3017,0,1386865,0
2021-02-22,6885,0,1393750,0
2021-02-23,7191,0,1400941,0
2021-02-24,9817,0,1410758,0
2021-02-25,14218,0,1424976,0
2021-02-26,17563,0,1442539,0
2021-02-27,13929,0,1456468,0
2021-02-28,9401,0,1465869,0
2021-03-01,26535,0,1492404,0
2021-03-02,33246,0,1525650,0
2021-03-03,44653,0,1570303,0
2021-03-04,50304,0,1620607,0
2021-03-05,55747,0,1676354,0
2021-03-06,41885,0,1718239,0
2021-03-07,22331,0,1740570,0
2021-03-08,50839,0,1791409,0
2021-03-09,53095,0,1844504,0
2021-03-10,58702,0,1903206,0
2021-03-11,63898,0,1967104,0
2021-03-12,65154,0,2032258,0
2021-03-13,51733,0,2083991,0
2021-03-14,35429,0,2119420,0
2021-03-15,73467,0,2192887,0
2021-03-16,74031,0,2266918,0
2021-03-17,83150,0,2350068,0
2021-03-18,81632,0,2431700,0
2021-03-19,81092,0,2512792,0
2021-03-20,64749,0,2577541,0
2021-03-21,47316,0,2624857,0
2021-03-22,69509,0,2694366,0
2021-03-23,75826,0,2770192,0
2021-03-24,90945,0,2861137,0
2021-03-25,89832,0,2950969,0
2021-03-26,83650,0,3034619,0
2021-03-27,71965,0,3106584,0
2021-03-28,44197,0,3150781,0
2021-03-29,70853,0,3221634,0
2021-03-30,81423,0,3303057,0
2021-03-31,96273,0,3399330,0
2021-04-01,95345,0,3494675,0
2021-04-02,84089,0,3578764,0
2021-04-03,64315,0,3643079,0
2021-04-04,21727,0,3664806,0
2021-04-05,40330,0,3705136,0
2021-04-06,81361,0,3786497,0
2021-04-07,95854,0,3882351,0
2021-04-08,95271,0,3977622,0
2021-04-09,88509,0,4066131,0
2021-04-10,74044,0,4140175,0
2021-04-11,44771,0,4184946,0
2021-04-12,66928,0,4251874,0
2021-04-13,72606,0,4324480,0
2021-04-14,85560,0,4410040,0
2021-04-15,105427,0,4515467,0
2021-04-16,106441,0,4621908,0
2021-04-17,90538,0,4712446,0
2021-04-18,58601,0,4771047,0
2021-04-19,93448,0,4864495,0
2021-04-20,103784,0,4968279,0
2021-04-21,125345,0,5093624,0
2021-04-22,143540,0,5237164,0
2021-04-23,138769,0,5375933,0
2021-04-24,124456,0,5500389,0
2021-04-25,61471,0,5561860,0
2021-04-26,97921,0,5659781,0
2021-04-27,128386,0,5788167,0
2021-04-28,156408,0,5944575,0
2021-04-29,195630,0,6140205,0
2021-04-30,214626,0,6354831,0
2021-05-01,174153,0,6528984,0
2021-05-02,135820,0,6664804,0
2021-05-03,142092,0,6806896,0
2021-05-04,158724,0,6965620,0
2021-05-05,170559,0,7136179,0
2021-05-06,197843,0,7334022,0
2021-05-07,213890,0,7547912,0
2021-05-08,213449,0,7761361,0
2021-05-09,143228,0,7904589,0
2021-05-10,165110,0,8069699,0
2021-05-11,175019,0,8244718,0
2021-05-12,179244,0,8423962,0
2021-05-13,203445,0,8627407,0
2021-05-14,222958,0,8850365,0
2021-05-15,210400,0,9060765,0
2021-05-16,159300,0,9220065,0
2021-05-17,219232,0,9439297,0
2021-05-18,213035,0,9652332,0
2021-05-19,207107,0,9859439,0
2021-05-20,270919,0,10130358,0
2021-05-21,270918,0,10401276,0
2021-05-22,245551,0,10646827,0
2021-05-23,197199,0,10844026,0
2021-05-24,228313,0,11072339,0
2021-05-25,245703,0,11318042,0
2021-05-26,277578,0,11595620,0
2021-05-27,311112,0,11906732,0
2021-05-28,299594,0,12206326,0
2021-05-29,231265,0,12437591,0
2021-05-30,170860,0,12608451,0
2021-05-31,216450,0,12824901,0
2021-06-01,207649,0,13032550,0
2021-06-02,115815,0,13148365,0
2021-06-03,180198,0,13328563,0
2021-06-04,184946,0,13513509,0
2021-06-05,186030,0,13699539,0
2021-06-06,139610,0,13839149,0
2021-06-07,161931,0,14001080,0
2021-06-08,171323,0,14172403,0
2021-06-09,171549,0,14343952,0
2021-06-10,174194,0,14518146,0
2021-06-11,170077,0,14688223,0
2021-06-12,128428,0,14816651,0
2021-06-13,91265,0,14907916,0
2021-06-14,214725,0,15122641,0
2021-06-15,228483,0,15351124,0
2021-06-16,253128,0,15604252,0
2021-06-17,301810,0,15906062,0
2021-06-18,306364,0,16212426,0
2021-06-19,275156,0,16487582,0
2021-06-20,220839,0,16708421,0
2021-06-21,288128,0,16996549,0
2021-06-22,296281,0,17292830,0
2021-06-23,302726,0,17595556,0
2021-06-24,332636,0,17928192,0
2021-06-25,348747,0,18276939,0
2021-06-26,300160,0,18577099,0
2021-06-27,228717,0,18805816,0
2021-06-28,307179,0,19112995,0
2021-06-29,329370,0,19442365,0
2021-06-30,342247,0,19784612,0
2021-07-01,363268,0,20147880,0
2021-07-02,368524,0,20516404,0
2021-07-03,371110,0,20887514,0
2021-07-04,283257,0,21170771,0
2021-07-05,384575,0,21555346,0
2021-07-06,385501,0,21940847,0
2021-07-07,412151,0,22352998,0
2021-07-08,479581,0,22832579,0
2021-07-09,498449,0,23331028,0
2021-07-10,475172,0,23806200,0
2021-07-11,357686,0,24163886,0
2021-07-12,485870,0,24649756,0
2021-07-13,492053,0,25141809,0
2021-07-14,480427,0,25622236,0
2021-07-15,523398,0,26145634,0
2021-07-16,509731,0,26655365,0
2021-07-17,464311,0,27119676,0
2021-07-18,364620,0,27484296,0
2021-07-19,463029,0,27947325,0
2021-07-20,458033,0,28405358,0
2021-07-21,462787,0,28868145,0
2021-07-22,475369,0,29343514,0
2021-07-23,441321,0,29784835,0
2021-07-24,386142,0,30170977,0
2021-07-25,287530,0,30458507,0
2021-07-26,430879,0,30889386,0
2021-07-27,440102,0,31329488,0
2021-07-28,391011,0,31720499,0
2021-07-29,372066,0,32092565,0
2021-07-30,341534,0,32434099,0
2021-07-31,287055,0,32721154,0
2021-08-01,190998,0,32912152,0
2021-08-02,333708,0,33245860,0
2021-08-03,323183,0,33569043,0
2021-08-04,311007,0,33880050,0
2021-08-05,292477,0,34172527,0
2021-08-06,260046,0,34432573,0
2021-08-07,199078,0,34631651,0
2021-08-08,153111,0,34784762,0
2021-08-09,234080,0,35018842,0
2021-08-10,205296,0,35224138,0
2021-08-11,193803,0,35417941,0
2021-08-12,168083,0,35586024,0
2021-08-13,148686,0,35734710,0
2021-08-14,66106,0,35800816,0
2021-08-15,26346,0,35827162,0
2021-08-16,114725,0,35941887,0
2021-08-17,129265,0,36071152,0
2021-08-18,128766,0,36199918,0
2021-08-19,124869,0,36324787,0
2021-08-20,123800,0,36448587,0
2021-08-21,83139,0,36531726,0
2021-08-22,68181,0,36599907,0
2021-08-23,176861,0,36776768,0
2021-08-24,156887,0,36933655,0
2021-08-25,177168,0,37110823,0
2021-08-26,172344,0,37283167,0
2021-08-27,185828,0,37468995,0
2021-08-28,140294,0,37609289,0
2021-08-29,98998,0,37708287,0
2021-08-30,209581,0,37917868,0
2021-08-31,194637,0,38112505,0
2021-09-01,192217,0,38304722,0
2021-09-02,189931,0,38494653,0
2021-09-03,191271,0,38685924,0
2021-09-04,131428,0,38817352,0
2021-09-05,87839,0,38905191,0
2021-09-06,193590,0,39098781,0
2021-09-07,196028,0,39294809,0
2021-09-08,187848,0,39482657,0
2021-09-09,201408,0,39684065,0
2021-09-10,198038,0,39882103,0
2021-09-11,141283,0,40023386,0
2021-09-12,89588,0,40112974,0
2021-09-13,191088,675,40304062,675
2021-09-14,177201,671,40481263,1346
2021-09-15,163079,665,40644342,2011
2021-09-16,160038,1024,40804380,3035
2021-09-17,150160,1182,40954540,4217
2021-09-18,127985,789,41082525,5006
2021-09-19,81140,515,41163665,5521
2021-09-20,180058,9148,41343723,14669
2021-09-21,166679,8868,41510402,23537
2021-09-22,159127,9472,41669529,33009
2021-09-23,138117,9366,41807646,42375
2021-09-24,140555,9026,41948201,51401
2021-09-25,119562,5683,42067763,57084
2021-09-26,71993,4371,42139756,61455
2021-09-27,135672,10099,42275428,71554
2021-09-28,117523,11439,42392951,82993
2021-09-29,112385,11859,42505336,94852
2021-09-30,110297,14993,42615633,109845
2021-10-01,95010,19146,42710643,128991
2021-10-02,78534,14048,42789177,143039
2021-10-03,47761,7673,42836938,150712
2021-10-04,88394,34492,42925332,185204
2021-10-05,80394,34024,43005726,219228
2021-10-06,72001,34228,43077727,253456
2021-10-07,71883,34385,43149610,287841
2021-10-08,80649,33633,43230259,321474
2021-10-09,76119,22204,43306378,343678
2021-10-10,45796,13632,43352174,357310
2021-10-11,87457,41140,43439631,398450
2021-10-12,84519,46943,43524150,445393
2021-10-13,88229,52179,43612379,497572
2021-10-14,91559,58565,43703938,556137
2021-10-15,93604,55693,43797542,611830
2021-10-16,82976,36837,43880518,648667
2021-10-17,51460,23866,43931978,672533
2021-10-18,90305,59534,44022283,732067
2021-10-19,78354,69429,44100637,801496
2021-10-20,75060,78223,44175697,879719
2021-10-21,78286,81830,44253983,961549
2021-10-22,73767,77094,44327750,1038643
2021-10-23,60840,51977,44388590,1090620
2021-10-24,33365,23487,44421955,1114107
2021-10-25,64902,81677,44486857,1195784
2021-10-26,58370,91852,44545227,1287636
2021-10-27,58317,104048,44603544,1391684
2021-10-28,61443,114176,44664987,1505860
2021-10-29,61619,103209,44726606,1609069
2021-10-30,50670,68165,44777276,1677234
2021-10-31,25158,28314,44802434,1705548
2021-11-01,19050,28160,44821484,1733708
2021-11-02,62738,89453,44884222,1823161
2021-11-03,60711,118719,44944933,1941880
2021-11-04,59237,126719,45004170,2068599
2021-11-05,63091,135240,45067261,2203839
2021-11-06,46494,90946,45113755,2294785
2021-11-07,22248,37908,45136003,2332693
2021-11-08,51522,131309,45187525,2464002
2021-11-09,45407,144240,45232932,2608242
2021-11-10,42594,156387,45275526,2764629
2021-11-11,44927,155191,45320453,2919820
2021-11-12,46304,158722,45366757,3078542
2021-11-13,33272,116683,45400029,3195225
2021-11-14,14491,52463,45414520,3247688
2021-11-15,36907,157459,45451427,3405147
2021-11-16,30567,171425,45481994,3576572
2021-11-17,28467,178472,45510461,3755044
2021-11-18,30297,193777,45540758,3948821
2021-11-19,28823,205898,45569581,4154719
2021-11-20,21013,156461,45590594,4311180
2021-11-21,10611,64872,45601205,4376052
2021-11-22,21961,213170,45623166,4589222
2021-11-23,23610,241805,45646776,4831027
2021-11-24,27770,271105,45674546,5102132
2021-11-25,23267,301955,45697813,5404087
2021-11-26,24604,318314,45722417,5722401
2021-11-27,21421,266177,45743838,5988578
2021-11-28,9912,137069,45753750,6125647
2021-11-29,22370,326081,45776120,6451728
2021-11-30,23121,365865,45799241,6817593
2021-12-01,21566,413547,45820807,7231140
2021-12-02,23800,440444,45844607,7671584
2021-12-03,25287,467546,45869894,8139130
2021-12-04,22397,418813,45892291,8557943
2021-12-05,11945,261369,45904236,8819312
2021-12-06,25854,457638,45930090,9276950
2021-12-07,24173,480314,45954263,9757264
2021-12-08,10033,249726,45964296,10006990
2021-12-09,31634,491970,45995930,10498960
2021-12-10,28111,517942,46024041,11016902
2021-12-11,23597,459288,46047638,11476190
2021-12-12,12328,293539,46059966,11769729
2021-12-13,26188,467665,46086154,12237394
2021-12-14,25212,494248,46111366,12731642
2021-12-15,25385,517190,46136751,13248832
2021-12-16,27944,520312,46164695,13769144
2021-12-17,29405,517232,46194100,14286376
2021-12-18,27117,468788,46221217,14755164
2021-12-19,15177,300548,46236394,15055712
2021-12-20,30687,477512,46267081,15533224
2021-12-21,30426,493452,46297507,16026676
2021-12-22,29499,484760,46327006,16511436
2021-12-23,28291,426974,46355297,16938410
2021-12-24,13129,210846,46368426,17149256
2021-12-25,2104,33053,46370530,17182309
2021-12-26,8785,159077,46379315,17341386
2021-12-27,46852,504706,46426167,17846092
2021-12-28,42513,554272,46468680,18400364
2021-12-29,34407,550689,46503087,18951053
2021-12-30,31904,499874,46534991,19450927
2021-12-31,14155,247409,46549146,19698336
2022-01-01,3503,64815,46552649,19763151
2022-01-02,22844,276728,46575493,20039879
2022-01-03,47963,520049,46623456,20559928
2022-01-04,46497,572109,46669953,21132037
2022-01-05,40870,560429,46710823,21692466
2022-01-06,23548,274489,46734371,21966955
2022-01-07,63817,554231,46798188,22521186
2022-01-08,61014,503427,46859202,23024613
2022-01-09,42988,319709,46902190,23344322
2022-01-10,61193,542332,46963383,23886654
2022-01-11,61882,587041,47025265,24473695
2022-01-12,58574,581318,47083839,25055013
2022-01-13,58736,580438,47142575,25635451
2022-01-14,46968,588626,47189543,26224077
2022-01-15,39620,570003,47229163,26794080
2022-01-16,31335,341899,47260498,27135979
2022-01-17,54866,489701,47315364,27625680
2022-01-18,58485,517061,47373849,28142741
2022-01-19,57285,502826,47431134,28645567
2022-01-20,54441,498866,47485575,29144433
2022-01-21,42198,493907,47527773,29638340
2022-01-22,31323,469625,47559096,30107965
2022-01-23,34992,275394,47594088,30383359
2022-01-24,56237,437258,47650325,30820617
2022-01-25,61514,451760,47711839,31272377
2022-01-26,58608,435850,47770447,31708227
2022-01-27,48906,432421,47819353,32140648
2022-01-28,58773,436571,47878126,32577219
2022-01-29,68203,412523,47946329,32989742
2022-01-30,50414,235994,47996743,33225736
2022-01-31,60730,356956,48057473,33582692
2022-02-01,65627,328473,48123100,33911165
2022-02-02,63254,297004,48186354,34208169
2022-02-03,60102,274543,48246456,34482712
2022-02-04,72419,268478,48318875,34751190
2022-02-05,83823,248561,48402698,34999751
2022-02-06,55309,116208,48458007,35115959
2022-02-07,65194,199947,48523201,35315906
2022-02-08,66960,186134,48590161,35502040
2022-02-09,58783,166356,48648944,35668396
2022-02-10,58602,163257,48707546,35831653
2022-02-11,62282,162483,48769828,35994136
2022-02-12,72018,152157,48841846,36146293
2022-02-13,41488,68860,48883334,36215153
2022-02-14,46713,116196,48930047,36331349
2022-02-15,48573,123483,48978620,36454832
2022-02-16,45702,106132,49024322,36560964
2022-02-17,42878,98128,49067200,36659092
2022-02-18,46638,112591,49113838,36771683
2022-02-19,52547,100342,49166385,36872025
2022-02-20,31415,40368,49197800,36912393
2022-02-21,37903,89661,49235703,37002054
2022-02-22,37228,83786,49272931,37085840
2022-02-23,33405,79409,49306336,37165249
2022-02-24,32563,78169,49338899,37243418
2022-02-25,34777,90715,49373676,37334133
2022-02-26,39166,89139,49412842,37423272
2022-02-27,22548,35860,49435390,37459132
2022-02-28,28492,81701,49463882,37540833
2022-03-01,22735,53944,49486617,37594777
2022-03-02,21938,50713,49508555,37645490
2022-03-03,22641,54947,49531196,37700437
2022-03-04,23245,62803,49554441,37763240
2022-03-05,23805,57952,49578246,37821192
2022-03-06,9473,17200,49587719,37838392
2022-03-07,15929,51390,49603648,37889782
2022-03-08,15482,48797,49619130,37938579
2022-03-09,13815,46518,49632945,37985097
2022-03-10,14055,52056,49647000,38037153
2022-03-11,15594,57276,49662594,38094429
2022-03-12,15513,56620,49678107,38151049
2022-03-13,5546,16851,49683653,38167900
2022-03-14,10528,46703,49694181,38214603
2022-03-15,10555,46895,49704736,38261498
2022-03-16,9487,41980,49714223,38303478
2022-03-17,9727,44877,49723950,38348355
2022-03-18,10164,49059,49734114,38397414
2022-03-19,9153,46541,49743267,38443955
2022-03-20,2608,11704,49745875,38455659
2022-03-21,7588,40233,49753463,38495892
2022-03-22,8448,37769,49761911,38533661
2022-03-23,7221,33701,49769132,38567362
2022-03-24,8262,38820,49777394,38606182
2022-03-25,8144,43672,49785538,38649854
2022-03-26,8129,41722,49793667,38691576
2022-03-27,2432,9683,49796099,38701259
2022-03-28,6113,35245,49802212,38736504
2022-03-29,5783,32532,49807995,38769036
2022-03-30,5567,30205,49813562,38799241
2022-03-31,5906,33187,49819468,38832428
2022-04-01,4351,25191,49823819,38857619
2022-04-02,4498,23275,49828317,38880894
2022-04-03,1049,4500,49829366,38885394
2022-04-04,3662,21547,49833028,38906941
2022-04-05,3759,22938,49836787,38929879
2022-04-06,4105,21853,49840892,38951732
2022-04-07,3971,23321,49844863,38975053
2022-04-08,4696,26716,49849559,39001769
2022-04-09,4382,23888,49853941,39025657
2022-04-10,893,4613,49854834,39030270
2022-04-11,3819,22691,49858653,39052961
2022-04-12,3364,21781,49862017,39074742
2022-04-13,3574,21337,49865591,39096079
2022-04-14,3487,23789,49869078,39119868
2022-04-15,3085,20623,49872163,39140491
2022-04-16,2152,11918,49874315,39152409
2022-04-17,63,348,49874378,39152757
2022-04-18,152,650,49874530,39153407
2022-04-19,3500,21988,49878030,39175395
2022-04-20,3513,20250,49881543,39195645
2022-04-21,2848,19793,49884391,39215438
2022-04-22,2928,20715,49887319,39236153
2022-04-23,2648,16222,49889967,39252375
2022-04-24,509,2335,49890476,39254710
2022-04-25,183,1165,49890659,39255875
2022-04-26,2761,17813,49893420,39273688
2022-04-27,2375,15795,49895795,39289483
2022-04-28,2363,15567,49898158,39305050
2022-04-29,2299,14850,49900457,39319900
2022-04-30,2123,11585,49902580,39331485
2022-05-01,113,531,49902693,39332016
2022-05-02,1451,9394,49904144,39341410
2022-05-03,1577,10326,49905721,39351736
2022-05-04,1747,10276,49907468,39362012
2022-05-05,1654,10301,49909122,39372313
2022-05-06,1702,10972,49910824,39383285
2022-05-07,1431,8575,49912255,39391860
2022-05-08,417,1526,49912672,39393386
2022-05-09,1028,8935,49913700,39402321
2022-05-10,1427,9554,49915127,39411875
2022-05-11,1485,10109,49916612,39421984
2022-05-12,1371,10137,49917983,39432121
2022-05-13,1596,10527,49919579,39442648
2022-05-14,1361,8248,49920940,39450896
2022-05-15,336,1138,49921276,39452034
2022-05-16,814,8409,49922090,39460443
2022-05-17,1244,8708,49923334,39469151
2022-05-18,1373,9256,49924707,39478407
2022-05-19,1501,9287,49926208,39487694
2022-05-20,1426,9535,49927634,39497229
2022-05-21,1302,7902,49928936,39505131
2022-05-22,231,1013,49929167,39506144
2022-05-23,830,8274,49929997,39514418
2022-05-24,1073,8673,49931070,39523091
2022-05-25,1372,9460,49932442,39532551
2022-05-26,1198,9480,49933640,39542031
2022-05-27,1232,9917,49934872,39551948
2022-05-28,1205,7890,49936077,39559838
2022-05-29,288,1265,49936365,39561103
2022-05-30,931,8060,49937296,39569163
2022-05-31,1039,8549,49938335,39577712
2022-06-01,896,7657,49939231,39585369
2022-06-02,35,474,49939266,39585843
2022-06-03,817,7334,49940083,39593177
2022-06-04,870,5162,49940953,39598339
2022-06-05,88,586,49941041,39598925
2022-06-06,679,7004,49941720,39605929
2022-06-07,952,7850,49942672,39613779
2022-06-08,981,7906,49943653,39621685
2022-06-09,1037,8418,49944690,39630103
2022-06-10,958,8563,49945648,39638666
2022-06-11,904,6207,49946552,39644873
2022-06-12,140,768,49946692,39645641
2022-06-13,602,6301,49947294,39651942
2022-06-14,832,7905,49948126,39659847
2022-06-15,960,7856,49949086,39667703
2022-06-16,733,7399,49949819,39675102
2022-06-17,723,7248,49950542,39682350
2022-06-18,778,5596,49951320,39687946
2022-06-19,49,521,49951369,39688467
2022-06-20,587,6699,49951956,39695166
2022-06-21,741,7664,49952697,39702830
2022-06-22,779,7313,49953476,39710143
2022-06-23,649,7472,49954125,39717615
2022-06-24,644,7474,49954769,39725089
2022-06-25,835,6533,49955604,39731622
2022-06-26,128,523,49955732,39732145
2022-06-27,534,7126,49956266,39739271
2022-06-28,748,8208,49957014,39747479
2022-06-29,756,7733,49957770,39755212
2022-06-30,747,8145,49958517,39763357
2022-07-01,577,6443,49959094,39769800
2022-07-02,536,4769,49959630,39774569
2022-07-03,49,456,49959679,39775025
2022-07-04,469,6278,49960148,39781303
2022-07-05,631,8122,49960779,39789425
2022-07-06,634,7611,49961413,39797036
2022-07-07,576,8274,49961989,39805310
2022-07-08,677,8086,49962666,39813396
2022-07-09,550,6105,49963216,39819501
2022-07-10,58,533,49963274,39820034
2022-07-11,493,7642,49963767,39827676
2022-07-12,669,9029,49964436,39836705
2022-07-13,645,10066,49965081,39846771
2022-07-14,637,10225,49965718,39856996
2022-07-15,627,10674,49966345,39867670
2022-07-16,523,7215,49966868,39874885
2022-07-17,48,770,49966916,39875655
2022-07-18,496,9375,49967412,39885030
2022-07-19,576,10684,49967988,39895714
2022-07-20,582,11277,49968570,39906991
2022-07-21,632,12093,49969202,39919084
2022-07-22,584,11262,49969786,39930346
2022-07-23,381,6775,49970167,39937121
2022-07-24,76,857,49970243,39937978
2022-07-25,504,9056,49970747,39947034
2022-07-26,522,9766,49971269,39956800
2022-07-27,554,10210,49971823,39967010
2022-07-28,533,10533,49972356,39977543
2022-07-29,510,9467,49972866,39987010
2022-07-30,383,5884,49973249,39992894
2022-07-31,49,763,49973298,39993657
2022-08-01,386,6865,49973684,40000522
2022-08-02,548,7590,49974232,40008112
2022-08-03,513,7182,49974745,40015294
2022-08-04,455,7493,49975200,40022787
2022-08-05,421,6527,49975621,40029314
2022-08-06,300,3613,49975921,40032927
2022-08-07,44,563,49975965,40033490
2022-08-08,403,4890,49976368,40038380
2022-08-09,381,5313,49976749,40043693
2022-08-10,385,4816,49977134,40048509
2022-08-11,369,4804,49977503,40053313
2022-08-12,294,3719,49977797,40057032
2022-08-13,143,1600,49977940,40058632
2022-08-14,9,129,49977949,40058761
2022-08-15,1,26,49977950,40058787
2022-08-16,283,3043,49978233,40061830
2022-08-17,352,3536,49978585,40065366
2022-08-18,394,4160,49978979,40069526
2022-08-19,341,3319,49979320,40072845
2022-08-20,184,1715,49979504,40074560
2022-08-21,24,149,49979528,40074709
2022-08-22,330,2952,49979858,40077661
2022-08-23,370,3674,49980228,40081335
2022-08-24,384,3360,49980612,40084695
2022-08-25,423,3773,49981035,40088468
2022-08-26,399,3585,49981434,40092053
2022-08-27,237,1770,49981671,40093823
2022-08-28,29,267,49981700,40094090
2022-08-29,354,3161,49982054,40097251
2022-08-30,406,3672,49982460,40100923
2022-08-31,438,3734,49982898,40104657
2022-09-01,353,3117,49983251,40107774
2022-09-02,297,2894,49983548,40110668
2022-09-03,200,1692,49983748,40112360
2022-09-04,24,149,49983772,40112509
2022-09-05,187,2656,49983959,40115165
2022-09-06,306,2985,49984265,40118150
2022-09-07,542,2936,49984807,40121086
2022-09-08,293,2964,49985100,40124050
2022-09-09,308,2886,49985408,40126936
2022-09-10,228,1327,49985636,40128263
2022-09-11,23,124,49985659,40128387
2022-09-12,267,2269,49985926,40130656
2022-09-13,253,2279,49986179,40132935
2022-09-14,266,2566,49986445,40135501
2022-09-15,283,2501,49986728,40138002
2022-09-16,255,2542,49986983,40140544
2022-09-17,239,1339,49987222,40141883
2022-09-18,20,170,49987242,40142053
2022-09-19,206,1971,49987448,40144024
2022-09-20,237,2392,49987685,40146416
2022-09-21,289,2526,49987974,40148942
2022-09-22,267,2663,49988241,40151605
2022-09-23,261,2546,49988502,40154151
2022-09-24,193,1427,49988695,40155578
2022-09-25,29,133,49988724,40155711
2022-09-26,281,2249,49989005,40157960
2022-09-27,287,2680,49989292,40160640
2022-09-28,310,2905,49989602,40163545
2022-09-29,257,3050,49989859,40166595
2022-09-30,292,2987,49990151,40169582
2022-10-01,195,1515,49990346,40171097
2022-10-02,12,187,49990358,40171284
2022-10-03,186,2475,49990544,40173759
2022-10-04,236,2861,49990780,40176620
2022-10-05,233,3253,49991013,40179873
2022-10-06,243,3872,49991256,40183745
2022-10-07,283,4184,49991539,40187929
2022-10-08,206,2268,49991745,40190197
2022-10-09,8,305,49991753,40190502
2022-10-10,214,3347,49991967,40193849
2022-10-11,195,4378,49992162,40198227
2022-10-12,207,4436,49992369,40202663
2022-10-13,206,5299,49992575,40207962
2022-10-14,233,5006,49992808,40212968
2022-10-15,191,2669,49992999,40215637
2022-10-16,6,360,49993005,40215997
2022-10-17,187,3873,49993192,40219870
2022-10-18,257,4959,49993449,40224829
2022-10-19,246,5476,49993695,40230305
2022-10-20,224,5995,49993919,40236300
2022-10-21,257,5475,49994176,40241775
2022-10-22,195,2911,49994371,40244686
2022-10-23,13,364,49994384,40245050
2022-10-24,171,3929,49994555,40248979
2022-10-25,256,4925,49994811,40253904
2022-10-26,350,5501,49995161,40259405
2022-10-27,240,5675,49995401,40265080
2022-10-28,199,5264,49995600,40270344
2022-10-29,128,2844,49995728,40273188
2022-10-30,3,328,49995731,40273516
2022-10-31,117,3039,49995848,40276555
2022-11-01,11,353,49995859,40276908
2022-11-02,146,3721,49996005,40280629
2022-11-03,172,4788,49996177,40285417
2022-11-04,228,4600,49996405,40290017
2022-11-05,144,2598,49996549,40292615
2022-11-06,10,261,49996559,40292876
2022-11-07,169,3226,49996728,40296102
2022-11-08,261,4252,49996989,40300354
2022-11-09,202,4334,49997191,40304688
2022-11-10,184,4596,49997375,40309284
2022-11-11,194,4230,49997569,40313514
2022-11-12,161,2378,49997730,40315892
2022-11-13,7,338,49997737,40316230
2022-11-14,150,2836,49997887,40319066
2022-11-15,204,3748,49998091,40322814
2022-11-16,217,3999,49998308,40326813
2022-11-17,194,4107,49998502,40330920
2022-11-18,248,4034,49998750,40334954
2022-11-19,112,2087,49998862,40337041
2022-11-20,24,317,49998886,40337358
2022-11-21,119,2621,49999005,40339979
2022-11-22,142,3220,49999147,40343199
2022-11-23,191,3625,49999338,40346824
2022-11-24,158,3845,49999496,40350669
2022-11-25,184,3778,49999680,40354447
2022-11-26,134,2094,49999814,40356541
2022-11-27,22,356,49999836,40356897
2022-11-28,182,2690,50000018,40359587
2022-11-29,257,3233,50000275,40362820
2022-11-30,183,3734,50000458,40366554
2022-12-01,151,3629,50000609,40370183
2022-12-02,158,3528,50000767,40373711
2022-12-03,106,1972,50000873,40375683
2022-12-04,5,290,50000878,40375973
2022-12-05,129,2856,50001007,40378829
2022-12-06,177,3659,50001184,40382488
2022-12-07,136,3128,50001320,40385616
2022-12-08,8,168,50001328,40385784
2022-12-09,164,3035,50001492,40388819
2022-12-10,71,1601,50001563,40390420
2022-12-11,7,193,50001570,40390613
2022-12-12,171,2534,50001741,40393147
2022-12-13,251,3049,50001992,40396196
2022-12-14,232,3234,50002224,40399430
2022-12-15,206,3287,50002430,40402717
2022-12-16,161,3210,50002591,40405927
2022-12-17,95,1692,50002686,40407619
2022-12-18,10,270,50002696,40407889
2022-12-19,147,2164,50002843,40410053
2022-12-20,213,2518,50003056,40412571
2022-12-21,159,2247,50003215,40414818
2022-12-22,141,1868,50003356,40416686
2022-12-23,154,1219,50003510,40417905
2022-12-24,32,161,50003542,40418066
2022-12-25,0,6,50003542,40418072
2022-12-26,6,41,50003548,40418113
2022-12-27,133,1557,50003681,40419670
2022-12-28,136,1774,50003817,40421444
2022-12-29,93,1703,50003910,40423147
2022-12-30,116,1610,50004026,40424757
2022-12-31,21,273,50004047,40425030
2023-01-01,0,6,50004047,40425036
2023-01-02,48,1122,50004095,40426158
2023-01-03,97,1893,50004192,40428051
2023-01-04,109,1996,50004301,40430047
2023-01-05,98,1900,50004399,40431947
2023-01-06,0,69,50004399,40432016
2023-01-07,52,681,50004451,40432697
2023-01-08,2,97,50004453,40432794
2023-01-09,124,1397,50004577,40434191
2023-01-10,123,1748,50004700,40435939
2023-01-11,114,1696,50004814,40437635
2023-01-12,116,1855,50004930,40439490