data_somministrazione,vaccinazioni,booster,cum_vaccinazioni,cum_booster
2020-12-27,20,0,20,0
2020-12-28,2,0,22,0
2020-12-29,1,0,23,0
2020-12-30,9,0,32,0
2020-12-31,73,0,105,0
2021-01-01,24,0,129,0
2021-01-02,131,0,260,0
2021-01-03,94,0,354,0
2021-01-04,223,0,577,0
2021-01-05,259,0,836,0
2021-01-06,228,0,1064,0
2021-01-07,311,0,1375,0
2021-01-08,359,0,1734,0
2021-01-09,268,0,2002,0
2021-01-10,162,0,2164,0
2021-01-11,290,0,2454,0
2021-01-12,275,0,2729,0
2021-01-13,405,0,3134,0
2021-01-14,489,0,3623,0
2021-01-15,309,0,3932,0
2021-01-16,216,0,4148,0
2021-01-17,3060,0,7208,0
2021-01-18,5215,0,12423,0
2021-01-19,1893,0,14316,0
2021-01-20,4656,0,18972,0
2021-01-21,20006,0,38978,0
2021-01-22,14220,0,53198,0
2021-01-23,33329,0,86527,0
2021-01-24,30781,0,117308,0
2021-01-25,64719,0,182027,0
2021-01-26,76485,0,258512,0
2021-01-27,64825,0,323337,0
2021-01-28,89269,0,412606,0
2021-01-29,94014,0,506620,0
2021-01-30,86549,0,593169,0
2021-01-31,57327,0,650496,0
2021-02-01,81851,0,732347,0
2021-02-02,82139,0,814486,0
2021-02-03,91112,0,905598,0
2021-02-04,95394,0,1000992,0
2021-02-05,90269,0,1091261,0
2021-02-06,63448,0,1154709,0
2021-02-07,32933,0,1187642,0
2021-02-08,40425,0,1228067,0
2021-02-09,32872,0,1260939,0
2021-02-10,28431,0,1289370,0
2021-02-11,20402,0,1309772,0
2021-02-12,16241,0,1326013,0
2021-02-13,7274,0,1333287,0
2021-02-14,2862,0,1336149,0
2021-02-15,6844,0,1342993,0
2021-02-16,7002,0,1349995,0
2021-02-17,10525,0,1360520,0
2021-02-18,9252,0,1369772,0
2021-02-19,8251,0,1378023,0
2021-02-20,5571,0,1383594,0
2021-02-21,3007,0,1386601,0
2021-02-22,6885,0,1393486,0
2021-02-23,7180,0,1400666,0
2021-02-24,9808,0,1410474,0
2021-02-25,14211,0,1424685,0
2021-02-26,17558,0,1442243,0
2021-02-27,13915,0,1456158,0
2021-02-28,9390,0,1465548,0
2021-03-01,26517,0,1492065,0
2021-03-02,33245,0,1525310,0
2021-03-03,44646,0,1569956,0
2021-03-04,50294,0,1620250,0
2021-03-05,55733,0,1675983,0
2021-03-06,41872,0,1717855,0
2021-03-07,22323,0,1740178,0
2021-03-08,50828,0,1791006,0
2021-03-09,53079,0,1844085,0
2021-03-10,58659,0,1902744,0
2021-03-11,63872,0,1966616,0
2021-03-12,65115,0,2031731,0
2021-03-13,51727,0,2083458,0
2021-03-14,35406,0,2118864,0
2021-03-15,73449,0,2192313,0
2021-03-16,74026,0,2266339,0
2021-03-17,83134,0,2349473,0
2021-03-18,81629,0,2431102,0
2021-03-19,81084,0,2512186,0
2021-03-20,64728,0,2576914,0
2021-03-21,47307,0,2624221,0
2021-03-22,69490,0,2693711,0
2021-03-23,75807,0,2769518,0
2021-03-24,90916,0,2860434,0
2021-03-25,89816,0,2950250,0
2021-03-26,83635,0,3033885,0
2021-03-27,71946,0,3105831,0
2021-03-28,44155,0,3149986,0
2021-03-29,70835,0,3220821,0
2021-03-30,81394,0,3302215,0
2021-03-31,96247,0,3398462,0
2021-04-01,95315,0,3493777,0
2021-04-02,84079,0,3577856,0
2021-04-03,64306,0,3642162,0
2021-04-04,21718,0,3663880,0
2021-04-05,40317,0,3704197,0
2021-04-06,81325,0,3785522,0
2021-04-07,95836,0,3881358,0
2021-04-08,95247,0,3976605,0
2021-04-09,88494,0,4065099,0
2021-04-10,74031,0,4139130,0
2021-04-11,44765,0,4183895,0
2021-04-12,66919,0,4250814,0
2021-04-13,72582,0,4323396,0
2021-04-14,85547,0,4408943,0
2021-04-15,105415,0,4514358,0
2021-04-16,106422,0,4620780,0
2021-04-17,90521,0,4711301,0
2021-04-18,58596,0,4769897,0
2021-04-19,93433,0,4863330,0
2021-04-20,103773,0,4967103,0
2021-04-21,125344,0,5092447,0
2021-04-22,143521,0,5235968,0
2021-04-23,138748,0,5374716,0
2021-04-24,124448,0,5499164,0
2021-04-25,61457,0,5560621,0
2021-04-26,97897,0,5658518,0
2021-04-27,128365,0,5786883,0
2021-04-28,156379,0,5943262,0
2021-04-29,195601,0,6138863,0
2021-04-30,214593,0,6353456,0
2021-05-01,174127,0,6527583,0
2021-05-02,135808,0,6663391,0
2021-05-03,142051,0,6805442,0
2021-05-04,158696,0,6964138,0
2021-05-05,170517,0,7134655,0
2021-05-06,197815,0,7332470,0
2021-05-07,213852,0,7546322,0
2021-05-08,213428,0,7759750,0
2021-05-09,143207,0,7902957,0
2021-05-10,165089,0,8068046,0
2021-05-11,174999,0,8243045,0
2021-05-12,179198,0,8422243,0
2021-05-13,203400,0,8625643,0
2021-05-14,222929,0,8848572,0
2021-05-15,210375,0,9058947,0
2021-05-16,159281,0,9218228,0
2021-05-17,219207,0,9437435,0
2021-05-18,213025,0,9650460,0
2021-05-19,207098,0,9857558,0
2021-05-20,270876,0,10128434,0
2021-05-21,270905,0,10399339,0
2021-05-22,245531,0,10644870,0
2021-05-23,197184,0,10842054,0
2021-05-24,228310,0,11070364,0
2021-05-25,245699,0,11316063,0
2021-05-26,277512,0,11593575,0
2021-05-27,311092,0,11904667,0
2021-05-28,299579,0,12204246,0
2021-05-29,231235,0,12435481,0
2021-05-30,170844,0,12606325,0
2021-05-31,216430,0,12822755,0
2021-06-01,207640,0,13030395,0
2021-06-02,115806,0,13146201,0
2021-06-03,180162,0,13326363,0
2021-06-04,184896,0,13511259,0
2021-06-05,185975,0,13697234,0
2021-06-06,139563,0,13836797,0
2021-06-07,161883,0,13998680,0
2021-06-08,171250,0,14169930,0
2021-06-09,171501,0,14341431,0
2021-06-10,174123,0,14515554,0
2021-06-11,169999,0,14685553,0
2021-06-12,128346,0,14813899,0
2021-06-13,91206,0,14905105,0
2021-06-14,214696,0,15119801,0
2021-06-15,228433,0,15348234,0
2021-06-16,253090,0,15601324,0
2021-06-17,301749,0,15903073,0
2021-06-18,306319,0,16209392,0
2021-06-19,275105,0,16484497,0
2021-06-20,220801,0,16705298,0
2021-06-21,288080,0,16993378,0
2021-06-22,296237,0,17289615,0
2021-06-23,302695,0,17592310,0
2021-06-24,332613,0,17924923,0
2021-06-25,348719,0,18273642,0
2021-06-26,300133,0,18573775,0
2021-06-27,228680,0,18802455,0
2021-06-28,307123,0,19109578,0
2021-06-29,329313,0,19438891,0
2021-06-30,342183,0,19781074,0
2021-07-01,363232,0,20144306,0
2021-07-02,368488,0,20512794,0
2021-07-03,371100,0,20883894,0
2021-07-04,283225,0,21167119,0
2021-07-05,384554,0,21551673,0
2021-07-06,385483,0,21937156,0
2021-07-07,412123,0,22349279,0
2021-07-08,479601,0,22828880,0
2021-07-09,498482,0,23327362,0
2021-07-10,475178,0,23802540,0
2021-07-11,357699,0,24160239,0
2021-07-12,485897,0,24646136,0
2021-07-13,492103,0,25138239,0
2021-07-14,480454,0,25618693,0
2021-07-15,523446,0,26142139,0
2021-07-16,509767,0,26651906,0
2021-07-17,464337,0,27116243,0
2021-07-18,364646,0,27480889,0
2021-07-19,463053,0,27943942,0
2021-07-20,458065,0,28402007,0
2021-07-21,462797,0,28864804,0
2021-07-22,475390,0,29340194,0
2021-07-23,441327,0,29781521,0
2021-07-24,386158,0,30167679,0
2021-07-25,287564,0,30455243,0
2021-07-26,430893,0,30886136,0
2021-07-27,440133,0,31326269,0
2021-07-28,391024,0,31717293,0
2021-07-29,372081,0,32089374,0
2021-07-30,341517,0,32430891,0
2021-07-31,287039,0,32717930,0
2021-08-01,191000,0,32908930,0
2021-08-02,333704,0,33242634,0
2021-08-03,323199,0,33565833,0
2021-08-04,310984,0,33876817,0
2021-08-05,292497,0,34169314,0
2021-08-06,260019,0,34429333,0
2021-08-07,199055,0,34628388,0
2021-08-08,153108,0,34781496,0
2021-08-09,234080,0,35015576,0
2021-08-10,205261,0,35220837,0
2021-08-11,193781,0,35414618,0
2021-08-12,168042,0,35582660,0
2021-08-13,148647,0,35731307,0
2021-08-14,66096,0,35797403,0
2021-08-15,26339,0,35823742,0
2021-08-16,114708,0,35938450,0
2021-08-17,129256,0,36067706,0
2021-08-18,128756,0,36196462,0
2021-08-19,124832,0,36321294,0
2021-08-20,123794,0,36445088,0
2021-08-21,83133,0,36528221,0
2021-08-22,68175,0,36596396,0
2021-08-23,176870,0,36773266,0
2021-08-24,156894,0,36930160,0
2021-08-25,177172,0,37107332,0
2021-08-26,172367,0,37279699,0
2021-08-27,185835,0,37465534,0
2021-08-28,140283,0,37605817,0
2021-08-29,98992,0,37704809,0
2021-08-30,209598,0,37914407,0
2021-08-31,194643,0,38109050,0
2021-09-01,192206,0,38301256,0
2021-09-02,189934,0,38491190,0
2021-09-03,191293,0,38682483,0
2021-09-04,131460,0,38813943,0
2021-09-05,87856,0,38901799,0
2021-09-06,193623,0,39095422,0
2021-09-07,196033,0,39291455,0
2021-09-08,187878,0,39479333,0
2021-09-09,201441,0,39680774,0
2021-09-10,198073,0,39878847,0
2021-09-11,141298,0,40020145,0
2021-09-12,89595,0,40109740,0
2021-09-13,191122,614,40300862,614
2021-09-14,177225,625,40478087,1239
2021-09-15,163094,627,40641181,1866
2021-09-16,160067,971,40801248,2837
2021-09-17,150174,1146,40951422,3983
2021-09-18,127983,761,41079405,4744
2021-09-19,81139,503,41160544,5247
2021-09-20,180068,9112,41340612,14359
2021-09-21,166660,8849,41507272,23208
2021-09-22,159101,9452,41666373,32660
2021-09-23,138084,9346,41804457,42006
2021-09-24,140551,8990,41945008,50996
2021-09-25,119563,5659,42064571,56655
2021-09-26,71981,4355,42136552,61010
2021-09-27,135665,10068,42272217,71078
2021-09-28,117508,11414,42389725,82492
2021-09-29,112359,11844,42502084,94336
2021-09-30,110267,14973,42612351,109309
2021-10-01,94993,19126,42707344,128435
2021-10-02,78512,14035,42785856,142470
2021-10-03,47753,7666,42833609,150136
2021-10-04,88387,34470,42921996,184606
2021-10-05,80381,34005,43002377,218611
2021-10-06,71999,34192,43074376,252803
2021-10-07,71874,34365,43146250,287168
2021-10-08,80629,33616,43226879,320784
2021-10-09,76109,22189,43302988,342973
2021-10-10,45782,13625,43348770,356598
2021-10-11,87446,41122,43436216,397720
2021-10-12,84510,46923,43520726,444643
2021-10-13,88210,52142,43608936,496785
2021-10-14,91548,58543,43700484,555328
2021-10-15,93597,55661,43794081,610989
2021-10-16,82973,36811,43877054,647800
2021-10-17,51461,23849,43928515,671649
2021-10-18,90304,59504,44018819,731153
2021-10-19,78350,69396,44097169,800549
2021-10-20,75069,78196,44172238,878745
2021-10-21,78304,81787,44250542,960532
2021-10-22,73782,77060,44324324,1037592
2021-10-23,60831,51967,44385155,1089559
2021-10-24,33371,23474,44418526,1113033
2021-10-25,64905,81652,44483431,1194685
2021-10-26,58373,91823,44541804,1286508
2021-10-27,58329,104016,44600133,1390524
2021-10-28,61455,114142,44661588,1504666
2021-10-29,61637,103165,44723225,1607831
2021-10-30,50677,68133,44773902,1675964
2021-10-31,25162,28305,44799064,1704269
2021-11-01,19048,28157,44818112,1732426
2021-11-02,62743,89422,44880855,1821848
2021-11-03,60728,118686,44941583,1940534
2021-11-04,59245,126689,45000828,2067223
2021-11-05,63096,135210,45063924,2202433
2021-11-06,46484,90935,45110408,2293368
2021-11-07,22253,37900,45132661,2331268
2021-11-08,51528,131292,45184189,2462560
2021-11-09,45402,144227,45229591,2606787
2021-11-10,42590,156371,45272181,2763158
2021-11-11,44931,155160,45317112,2918318
2021-11-12,46315,158664,45363427,3076982
2021-11-13,33267,116667,45396694,3193649
2021-11-14,14492,52457,45411186,3246106
2021-11-15,36908,157440,45448094,3403546
2021-11-16,30562,171399,45478656,3574945
2021-11-17,28469,178453,45507125,3753398
2021-11-18,30288,193751,45537413,3947149
2021-11-19,28813,205876,45566226,4153025
2021-11-20,21004,156455,45587230,4309480
2021-11-21,10612,64866,45597842,4374346
2021-11-22,21949,213161,45619791,4587507
2021-11-23,23591,241776,45643382,4829283
2021-11-24,27795,271035,45671177,5100318
2021-11-25,23249,301931,45694426,5402249
2021-11-26,24589,318293,45719015,5720542
2021-11-27,21394,266172,45740409,5986714
2021-11-28,9905,137066,45750314,6123780
2021-11-29,22355,326074,45772669,6449854
2021-11-30,23110,365857,45795779,6815711
2021-12-01,21535,413516,45817314,7229227
2021-12-02,23775,440432,45841089,7669659
2021-12-03,25268,467506,45866357,8137165
2021-12-04,22384,418790,45888741,8555955
2021-12-05,11941,261358,45900682,8817313
2021-12-06,25833,457621,45926515,9274934
2021-12-07,24153,480294,45950668,9755228
2021-12-08,10023,249715,45960691,10004943
2021-12-09,31611,491950,45992302,10496893
2021-12-10,28088,517917,46020390,11014810
2021-12-11,23581,459269,46043971,11474079
2021-12-12,12314,293521,46056285,11767600
2021-12-13,26169,467643,46082454,12235243
2021-12-14,25195,494227,46107649,12729470
2021-12-15,25360,517184,46133009,13246654
2021-12-16,27911,520289,46160920,13766943
2021-12-17,29386,517200,46190306,14284143
2021-12-18,27084,468767,46217390,14752910
2021-12-19,15162,300539,46232552,15053449
2021-12-20,30657,477499,46263209,15530948
2021-12-21,30405,493417,46293614,16024365
2021-12-22,29473,484736,46323087,16509101
2021-12-23,28272,426933,46351359,16936034
2021-12-24,13123,210835,46364482,17146869
2021-12-25,2103,33053,46366585,17179922
2021-12-26,8770,159075,46375355,17338997
2021-12-27,46825,504683,46422180,17843680
2021-12-28,42491,554237,46464671,18397917
2021-12-29,34382,550664,46499053,18948581
2021-12-30,31871,499851,46530924,19448432
2021-12-31,14135,247405,46545059,19695837
2022-01-01,3499,64815,46548558,19760652
2022-01-02,22805,276720,46571363,20037372
2022-01-03,47904,520028,46619267,20557400
2022-01-04,46429,572101,46665696,21129501
2022-01-05,40801,560408,46706497,21689909
2022-01-06,23516,274491,46730013,21964400
2022-01-07,63757,554208,46793770,22518608
2022-01-08,60928,503406,46854698,23022014
2022-01-09,42917,319695,46897615,23341709
2022-01-10,61136,542315,46958751,23884024
2022-01-11,61792,587021,47020543,24471045
2022-01-12,58510,581298,47079053,25052343
2022-01-13,58669,580419,47137722,25632762
2022-01-14,46879,588604,47184601,26221366
2022-01-15,39488,569967,47224089,26791333
2022-01-16,31282,341886,47255371,27133219
2022-01-17,54825,489680,47310196,27622899
2022-01-18,58440,517043,47368636,28139942
2022-01-19,57241,502813,47425877,28642755
2022-01-20,54386,498843,47480263,29141598
2022-01-21,42140,493888,47522403,29635486
2022-01-22,31245,469608,47553648,30105094
2022-01-23,34957,275384,47588605,30380478
2022-01-24,56204,437237,47644809,30817715
2022-01-25,61580,452120,47706389,31269835
2022-01-26,58565,435840,47764954,31705675
2022-01-27,48869,432390,47813823,32138065
2022-01-28,58732,436551,47872555,32574616
2022-01-29,68157,412503,47940712,32987119
2022-01-30,50398,235979,47991110,33223098
2022-01-31,60666,356939,48051776,33580037
2022-02-01,65580,328458,48117356,33908495
2022-02-02,63224,296982,48180580,34205477
2022-02-03,60075,274523,48240655,34480000
2022-02-04,72393,268465,48313048,34748465
2022-02-05,83803,248540,48396851,34997005
2022-02-06,55299,116208,48452150,35113213
2022-02-07,65167,199940,48517317,35313153
2022-02-08,66936,186118,48584253,35499271
2022-02-09,58769,166336,48643022,35665607
2022-02-10,58590,163241,48701612,35828848
2022-02-11,62263,162467,48763875,35991315
2022-02-12,71992,152147,48835867,36143462
2022-02-13,41476,68853,48877343,36212315
2022-02-14,46702,116187,48924045,36328502
2022-02-15,48544,123479,48972589,36451981
2022-02-16,45681,106123,49018270,36558104
2022-02-17,42869,98114,49061139,36656218
2022-02-18,46627,112579,49107766,36768797
2022-02-19,52541,100336,49160307,36869133
2022-02-20,31410,40366,49191717,36909499
2022-02-21,37891,89656,49229608,36999155
2022-02-22,37224,83777,49266832,37082932
2022-02-23,33398,79409,49300230,37162341
2022-02-24,32557,78160,49332787,37240501
2022-02-25,34764,90710,49367551,37331211
2022-02-26,39158,89134,49406709,37420345
2022-02-27,22545,35857,49429254,37456202
2022-02-28,28481,81693,49457735,37537895
2022-03-01,22722,53942,49480457,37591837
2022-03-02,21955,50683,49502412,37642520
2022-03-03,22621,54947,49525033,37697467
2022-03-04,23235,62800,49548268,37760267
2022-03-05,23800,57951,49572068,37818218
2022-03-06,9471,17201,49581539,37835419
2022-03-07,15919,51389,49597458,37886808
2022-03-08,15477,48796,49612935,37935604
2022-03-09,13812,46519,49626747,37982123
2022-03-10,14051,52119,49640798,38034242
2022-03-11,15586,57266,49656384,38091508
2022-03-12,15506,56619,49671890,38148127
2022-03-13,5544,16851,49677434,38164978
2022-03-14,10526,46699,49687960,38211677
2022-03-15,10548,46894,49698508,38258571
2022-03-16,9482,41973,49707990,38300544
2022-03-17,9717,44874,49717707,38345418
2022-03-18,10158,49057,49727865,38394475
2022-03-19,9150,46533,49737015,38441008
2022-03-20,2609,11702,49739624,38452710
2022-03-21,7579,40223,49747203,38492933
2022-03-22,8448,37758,49755651,38530691
2022-03-23,7214,33700,49762865,38564391
2022-03-24,8258,38806,49771123,38603197
2022-03-25,8139,43667,49779262,38646864
2022-03-26,8126,41721,49787388,38688585
2022-03-27,2430,9682,49789818,38698267
2022-03-28,6109,35238,49795927,38733505
2022-03-29,5777,32529,49801704,38766034
2022-03-30,5566,30205,49807270,38796239
2022-03-31,5897,33179,49813167,38829418
2022-04-01,4348,25189,49817515,38854607
2022-04-02,4495,23274,49822010,38877881
2022-04-03,1049,4500,49823059,38882381
2022-04-04,3657,21544,49826716,38903925
2022-04-05,3756,22931,49830472,38926856
2022-04-06,4103,21853,49834575,38948709
2022-04-07,3965,23320,49838540,38972029
2022-04-08,4692,26712,49843232,38998741
2022-04-09,4383,23886,49847615,39022627
2022-04-10,892,4613,49848507,39027240
2022-04-11,3816,22686,49852323,39049926
2022-04-12,3364,21777,49855687,39071703
2022-04-13,3567,21335,49859254,39093038
2022-04-14,3485,23786,49862739,39116824
2022-04-15,3084,20617,49865823,39137441
2022-04-16,2149,11918,49867972,39149359
2022-04-17,63,348,49868035,39149707
2022-04-18,152,650,49868187,39150357
2022-04-19,3499,21979,49871686,39172336
2022-04-20,3511,20251,49875197,39192587
2022-04-21,2847,19787,49878044,39212374
2022-04-22,2927,20703,49880971,39233077
2022-04-23,2645,16219,49883616,39249296
2022-04-24,509,2334,49884125,39251630
2022-04-25,183,1165,49884308,39252795
2022-04-26,2759,17807,49887067,39270602
2022-04-27,2374,15793,49889441,39286395
2022-04-28,2359,15559,49891800,39301954
2022-04-29,2294,14846,49894094,39316800
2022-04-30,2123,11581,49896217,39328381
2022-05-01,113,531,49896330,39328912
2022-05-02,1450,9391,49897780,39338303
2022-05-03,1576,10318,49899356,39348621
2022-05-04,1745,10268,49901101,39358889
2022-05-05,1653,10285,49902754,39369174
2022-05-06,1701,10957,49904455,39380131
2022-05-07,1431,8568,49905886,39388699
2022-05-08,416,1519,49906302,39390218
2022-05-09,1027,8928,49907329,39399146
2022-05-10,1424,9546,49908753,39408692
2022-05-11,1483,10098,49910236,39418790
2022-05-12,1369,10131,49911605,39428921
2022-05-13,1594,10518,49913199,39439439
2022-05-14,1357,8235,49914556,39447674
2022-05-15,336,1131,49914892,39448805
2022-05-16,813,8405,49915705,39457210
2022-05-17,1243,8696,49916948,39465906
2022-05-18,1372,9234,49918320,39475140
2022-05-19,1500,9277,49919820,39484417
2022-05-20,1421,9515,49921241,39493932
2022-05-21,1301,7899,49922542,39501831
2022-05-22,231,1013,49922773,39502844
2022-05-23,830,8267,49923603,39511111
2022-05-24,1073,8672,49924676,39519783
2022-05-25,1369,9459,49926045,39529242
2022-05-26,1195,9475,49927240,39538717
2022-05-27,1232,9914,49928472,39548631
2022-05-28,1205,7886,49929677,39556517
2022-05-29,288,1264,49929965,39557781
2022-05-30,931,8055,49930896,39565836
2022-05-31,1036,8547,49931932,39574383
2022-06-01,891,7655,49932823,39582038
2022-06-02,35,474,49932858,39582512
2022-06-03,818,7333,49933676,39589845
2022-06-04,870,5161,49934546,39595006
2022-06-05,89,586,49934635,39595592
2022-06-06,678,6992,49935313,39602584
2022-06-07,952,7848,49936265,39610432
2022-06-08,981,7908,49937246,39618340
2022-06-09,1037,8414,49938283,39626754
2022-06-10,958,8564,49939241,39635318
2022-06-11,903,6207,49940144,39641525
2022-06-12,140,768,49940284,39642293
2022-06-13,602,6301,49940886,39648594
2022-06-14,830,7896,49941716,39656490
2022-06-15,955,7852,49942671,39664342
2022-06-16,730,7392,49943401,39671734
2022-06-17,723,7243,49944124,39678977
2022-06-18,777,5593,49944901,39684570
2022-06-19,47,522,49944948,39685092
2022-06-20,587,6699,49945535,39691791
2022-06-21,736,7665,49946271,39699456
2022-06-22,781,7308,49947052,39706764
2022-06-23,651,7467,49947703,39714231
2022-06-24,644,7474,49948347,39721705
2022-06-25,835,6534,49949182,39728239
2022-06-26,128,523,49949310,39728762
2022-06-27,533,7123,49949843,39735885
2022-06-28,745,8207,49950588,39744092
2022-06-29,756,7730,49951344,39751822
2022-06-30,745,8143,49952089,39759965
2022-07-01,577,6443,49952666,39766408
2022-07-02,536,4769,49953202,39771177
2022-07-03,49,456,49953251,39771633
2022-07-04,469,6277,49953720,39777910
2022-07-05,629,8118,49954349,39786028
2022-07-06,633,7610,49954982,39793638
2022-07-07,572,8270,49955554,39801908
2022-07-08,673,8082,49956227,39809990
2022-07-09,550,6104,49956777,39816094
2022-07-10,58,533,49956835,39816627
2022-07-11,487,7638,49957322,39824265
2022-07-12,667,9028,49957989,39833293
2022-07-13,641,10067,49958630,39843360
2022-07-14,635,10224,49959265,39853584
2022-07-15,625,10668,49959890,39864252
2022-07-16,522,7214,49960412,39871466
2022-07-17,48,770,49960460,39872236
2022-07-18,497,9369,49960957,39881605
2022-07-19,574,10682,49961531,39892287
2022-07-20,580,11272,49962111,39903559
2022-07-21,627,12085,49962738,39915644
2022-07-22,583,11258,49963321,39926902
2022-07-23,380,6772,49963701,39933674
2022-07-24,76,857,49963777,39934531
2022-07-25,503,9052,49964280,39943583
2022-07-26,519,9759,49964799,39953342
2022-07-27,552,10199,49965351,39963541
2022-07-28,530,10530,49965881,39974071
2022-07-29,511,9464,49966392,39983535
2022-07-30,382,5881,49966774,39989416
2022-07-31,49,764,49966823,39990180
2022-08-01,386,6864,49967209,39997044
2022-08-02,540,7584,49967749,40004628
2022-08-03,512,7175,49968261,40011803
2022-08-04,455,7488,49968716,40019291
2022-08-05,420,6523,49969136,40025814
2022-08-06,299,3612,49969435,40029426
2022-08-07,44,562,49969479,40029988
2022-08-08,402,4893,49969881,40034881
2022-08-09,382,5307,49970263,40040188
2022-08-10,381,4815,49970644,40045003
2022-08-11,366,4778,49971010,40049781
2022-08-12,292,3721,49971302,40053502
2022-08-13,143,1600,49971445,40055102
2022-08-14,9,129,49971454,40055231
2022-08-15,1,26,49971455,40055257
2022-08-16,283,3043,49971738,40058300
2022-08-17,352,3536,49972090,40061836
2022-08-18,390,4160,49972480,40065996
2022-08-19,341,3318,49972821,40069314
2022-08-20,183,1715,49973004,40071029
2022-08-21,24,149,49973028,40071178
2022-08-22,329,2951,49973357,40074129
2022-08-23,370,3674,49973727,40077803
2022-08-24,383,3359,49974110,40081162
2022-08-25,421,3772,49974531,40084934
2022-08-26,398,3571,49974929,40088505
2022-08-27,237,1769,49975166,40090274
2022-08-28,29,267,49975195,40090541
2022-08-29,354,3161,49975549,40093702
2022-08-30,402,3670,49975951,40097372
2022-08-31,437,3734,49976388,40101106
2022-09-01,352,3117,49976740,40104223
2022-09-02,296,2890,49977036,40107113
2022-09-03,200,1688,49977236,40108801
2022-09-04,23,149,49977259,40108950
2022-09-05,186,2655,49977445,40111605
2022-09-06,303,2988,49977748,40114593
2022-09-07,540,2936,49978288,40117529
2022-09-08,291,2960,49978579,40120489
2022-09-09,305,2884,49978884,40123373
2022-09-10,227,1326,49979111,40124699
2022-09-11,21,124,49979132,40124823
2022-09-12,267,2263,49979399,40127086
2022-09-13,252,2274,49979651,40129360
2022-09-14,265,2564,49979916,40131924
2022-09-15,280,2491,49980196,40134415
2022-09-16,253,2544,49980449,40136959
2022-09-17,239,1339,49980688,40138298
2022-09-18,20,170,49980708,40138468
2022-09-19,205,1969,49980913,40140437
2022-09-20,236,2384,49981149,40142821
2022-09-21,289,2526,49981438,40145347
2022-09-22,263,2647,49981701,40147994
2022-09-23,258,2536,49981959,40150530
2022-09-24,193,1427,49982152,40151957
2022-09-25,29,133,49982181,40152090
2022-09-26,280,2247,49982461,40154337
2022-09-27,286,2671,49982747,40157008
2022-09-28,309,2888,49983056,40159896
2022-09-29,256,3045,49983312,40162941
2022-09-30,290,2973,49983602,40165914
2022-10-01,194,1513,49983796,40167427
2022-10-02,12,187,49983808,40167614
2022-10-03,182,2473,49983990,40170087
2022-10-04,236,2858,49984226,40172945
2022-10-05,226,3217,49984452,40176162
2022-10-06,241,3839,49984693,40180001
2022-10-07,282,4159,49984975,40184160
2022-10-08,201,2235,49985176,40186395
2022-10-09,8,304,49985184,40186699
2022-10-10,206,3336,49985390,40190035
2022-10-11,191,4348,49985581,40194383
2022-10-12,208,4412,49985789,40198795
2022-10-13,200,5291,49985989,40204086
2022-10-14,229,5017,49986218,40209103
2022-10-15,188,2665,49986406,40211768
2022-10-16,6,360,49986412,40212128
2022-10-17,186,3858,49986598,40215986
2022-10-18,256,4948,49986854,40220934
2022-10-19,237,5454,49987091,40226388
2022-10-20,221,5970,49987312,40232358
2022-10-21,250,5442,49987562,40237800
2022-10-22,194,2904,49987756,40240704
2022-10-23,13,356,49987769,40241060
2022-10-24,170,3901,49987939,40244961
2022-10-25,249,4897,49988188,40249858
2022-10-26,310,5420,49988498,40255278
2022-10-27,237,5598,49988735,40260876
2022-10-28,198,5135,49988933,40266011
2022-10-29,125,2559,49989058,40268570
2022-10-30,3,282,49989061,40268852
2022-10-31,115,3016,49989176,40271868
2022-11-01,10,326,49989186,40272194
2022-11-02,140,3598,49989326,40275792
2022-11-03,166,4687,49989492,40280479
2022-11-04,215,4449,49989707,40284928
2022-11-05,142,2546,49989849,40287474
2022-11-06,10,254,49989859,40287728
2022-11-07,151,3049,49990010,40290777
2022-11-08,231,3723,49990241,40294500