data_somministrazione,vaccinazioni,booster,cum_vaccinazioni,cum_booster
2020-12-27,20,0,20,0
2020-12-28,2,0,22,0
2020-12-29,1,0,23,0
2020-12-30,10,0,33,0
2020-12-31,77,0,110,0
2021-01-01,25,0,135,0
2021-01-02,143,0,278,0
2021-01-03,107,0,385,0
2021-01-04,237,0,622,0
2021-01-05,281,0,903,0
2021-01-06,250,0,1153,0
2021-01-07,323,0,1476,0
2021-01-08,378,0,1854,0
2021-01-09,282,0,2136,0
2021-01-10,165,0,2301,0
2021-01-11,308,0,2609,0
2021-01-12,283,0,2892,0
2021-01-13,417,0,3309,0
2021-01-14,504,0,3813,0
2021-01-15,319,0,4132,0
2021-01-16,224,0,4356,0
2021-01-17,3064,0,7420,0
2021-01-18,5220,0,12640,0
2021-01-19,1895,0,14535,0
2021-01-20,4659,0,19194,0
2021-01-21,20005,0,39199,0
2021-01-22,14220,0,53419,0
2021-01-23,33324,0,86743,0
2021-01-24,30774,0,117517,0
2021-01-25,64704,0,182221,0
2021-01-26,76464,0,258685,0
2021-01-27,64810,0,323495,0
2021-01-28,89257,0,412752,0
2021-01-29,93996,0,506748,0
2021-01-30,86548,0,593296,0
2021-01-31,57326,0,650622,0
2021-02-01,81836,0,732458,0
2021-02-02,82135,0,814593,0
2021-02-03,91107,0,905700,0
2021-02-04,95384,0,1001084,0
2021-02-05,90268,0,1091352,0
2021-02-06,63449,0,1154801,0
2021-02-07,32934,0,1187735,0
2021-02-08,40422,0,1228157,0
2021-02-09,32881,0,1261038,0
2021-02-10,28435,0,1289473,0
2021-02-11,20406,0,1309879,0
2021-02-12,16251,0,1326130,0
2021-02-13,7279,0,1333409,0
2021-02-14,2862,0,1336271,0
2021-02-15,6847,0,1343118,0
2021-02-16,7004,0,1350122,0
2021-02-17,10527,0,1360649,0
2021-02-18,9257,0,1369906,0
2021-02-19,8258,0,1378164,0
2021-02-20,5579,0,1383743,0
2021-02-21,3014,0,1386757,0
2021-02-22,6883,0,1393640,0
2021-02-23,7187,0,1400827,0
2021-02-24,9814,0,1410641,0
2021-02-25,14213,0,1424854,0
2021-02-26,17560,0,1442414,0
2021-02-27,13920,0,1456334,0
2021-02-28,9396,0,1465730,0
2021-03-01,26526,0,1492256,0
2021-03-02,33247,0,1525503,0
2021-03-03,44651,0,1570154,0
2021-03-04,50302,0,1620456,0
2021-03-05,55745,0,1676201,0
2021-03-06,41881,0,1718082,0
2021-03-07,22331,0,1740413,0
2021-03-08,50838,0,1791251,0
2021-03-09,53095,0,1844346,0
2021-03-10,58691,0,1903037,0
2021-03-11,63888,0,1966925,0
2021-03-12,65137,0,2032062,0
2021-03-13,51730,0,2083792,0
2021-03-14,35423,0,2119215,0
2021-03-15,73459,0,2192674,0
2021-03-16,74031,0,2266705,0
2021-03-17,83142,0,2349847,0
2021-03-18,81632,0,2431479,0
2021-03-19,81090,0,2512569,0
2021-03-20,64738,0,2577307,0
2021-03-21,47310,0,2624617,0
2021-03-22,69504,0,2694121,0
2021-03-23,75818,0,2769939,0
2021-03-24,90928,0,2860867,0
2021-03-25,89826,0,2950693,0
2021-03-26,83641,0,3034334,0
2021-03-27,71960,0,3106294,0
2021-03-28,44185,0,3150479,0
2021-03-29,70850,0,3221329,0
2021-03-30,81414,0,3302743,0
2021-03-31,96261,0,3399004,0
2021-04-01,95337,0,3494341,0
2021-04-02,84088,0,3578429,0
2021-04-03,64310,0,3642739,0
2021-04-04,21725,0,3664464,0
2021-04-05,40320,0,3704784,0
2021-04-06,81341,0,3786125,0
2021-04-07,95842,0,3881967,0
2021-04-08,95260,0,3977227,0
2021-04-09,88503,0,4065730,0
2021-04-10,74035,0,4139765,0
2021-04-11,44771,0,4184536,0
2021-04-12,66929,0,4251465,0
2021-04-13,72598,0,4324063,0
2021-04-14,85557,0,4409620,0
2021-04-15,105428,0,4515048,0
2021-04-16,106433,0,4621481,0
2021-04-17,90528,0,4712009,0
2021-04-18,58597,0,4770606,0
2021-04-19,93441,0,4864047,0
2021-04-20,103779,0,4967826,0
2021-04-21,125344,0,5093170,0
2021-04-22,143532,0,5236702,0
2021-04-23,138757,0,5375459,0
2021-04-24,124455,0,5499914,0
2021-04-25,61473,0,5561387,0
2021-04-26,97915,0,5659302,0
2021-04-27,128376,0,5787678,0
2021-04-28,156399,0,5944077,0
2021-04-29,195622,0,6139699,0
2021-04-30,214614,0,6354313,0
2021-05-01,174145,0,6528458,0
2021-05-02,135813,0,6664271,0
2021-05-03,142072,0,6806343,0
2021-05-04,158713,0,6965056,0
2021-05-05,170549,0,7135605,0
2021-05-06,197830,0,7333435,0
2021-05-07,213878,0,7547313,0
2021-05-08,213444,0,7760757,0
2021-05-09,143217,0,7903974,0
2021-05-10,165106,0,8069080,0
2021-05-11,175014,0,8244094,0
2021-05-12,179227,0,8423321,0
2021-05-13,203427,0,8626748,0
2021-05-14,222946,0,8849694,0
2021-05-15,210394,0,9060088,0
2021-05-16,159287,0,9219375,0
2021-05-17,219224,0,9438599,0
2021-05-18,213035,0,9651634,0
2021-05-19,207106,0,9858740,0
2021-05-20,270894,0,10129634,0
2021-05-21,270917,0,10400551,0
2021-05-22,245549,0,10646100,0
2021-05-23,197194,0,10843294,0
2021-05-24,228311,0,11071605,0
2021-05-25,245702,0,11317307,0
2021-05-26,277576,0,11594883,0
2021-05-27,311107,0,11905990,0
2021-05-28,299591,0,12205581,0
2021-05-29,231253,0,12436834,0
2021-05-30,170854,0,12607688,0
2021-05-31,216440,0,12824128,0
2021-06-01,207636,0,13031764,0
2021-06-02,115806,0,13147570,0
2021-06-03,180180,0,13327750,0
2021-06-04,184922,0,13512672,0
2021-06-05,186003,0,13698675,0
2021-06-06,139590,0,13838265,0
2021-06-07,161906,0,14000171,0
2021-06-08,171287,0,14171458,0
2021-06-09,171527,0,14342985,0
2021-06-10,174162,0,14517147,0
2021-06-11,170032,0,14687179,0
2021-06-12,128404,0,14815583,0
2021-06-13,91233,0,14906816,0
2021-06-14,214710,0,15121526,0
2021-06-15,228465,0,15349991,0
2021-06-16,253117,0,15603108,0
2021-06-17,301782,0,15904890,0
2021-06-18,306331,0,16211221,0
2021-06-19,275120,0,16486341,0
2021-06-20,220827,0,16707168,0
2021-06-21,288102,0,16995270,0
2021-06-22,296251,0,17291521,0
2021-06-23,302710,0,17594231,0
2021-06-24,332626,0,17926857,0
2021-06-25,348745,0,18275602,0
2021-06-26,300152,0,18575754,0
2021-06-27,228697,0,18804451,0
2021-06-28,307160,0,19111611,0
2021-06-29,329337,0,19440948,0
2021-06-30,342229,0,19783177,0
2021-07-01,363250,0,20146427,0
2021-07-02,368514,0,20514941,0
2021-07-03,371109,0,20886050,0
2021-07-04,283237,0,21169287,0
2021-07-05,384569,0,21553856,0
2021-07-06,385498,0,21939354,0
2021-07-07,412142,0,22351496,0
2021-07-08,479593,0,22831089,0
2021-07-09,498472,0,23329561,0
2021-07-10,475180,0,23804741,0
2021-07-11,357700,0,24162441,0
2021-07-12,485878,0,24648319,0
2021-07-13,492079,0,25140398,0
2021-07-14,480434,0,25620832,0
2021-07-15,523426,0,26144258,0
2021-07-16,509753,0,26654011,0
2021-07-17,464324,0,27118335,0
2021-07-18,364637,0,27482972,0
2021-07-19,463034,0,27946006,0
2021-07-20,458046,0,28404052,0
2021-07-21,462791,0,28866843,0
2021-07-22,475374,0,29342217,0
2021-07-23,441325,0,29783542,0
2021-07-24,386150,0,30169692,0
2021-07-25,287553,0,30457245,0
2021-07-26,430891,0,30888136,0
2021-07-27,440111,0,31328247,0
2021-07-28,391015,0,31719262,0
2021-07-29,372072,0,32091334,0
2021-07-30,341522,0,32432856,0
2021-07-31,287049,0,32719905,0
2021-08-01,190996,0,32910901,0
2021-08-02,333704,0,33244605,0
2021-08-03,323191,0,33567796,0
2021-08-04,310988,0,33878784,0
2021-08-05,292482,0,34171266,0
2021-08-06,260042,0,34431308,0
2021-08-07,199064,0,34630372,0
2021-08-08,153108,0,34783480,0
2021-08-09,234087,0,35017567,0
2021-08-10,205282,0,35222849,0
2021-08-11,193791,0,35416640,0
2021-08-12,168067,0,35584707,0
2021-08-13,148668,0,35733375,0
2021-08-14,66103,0,35799478,0
2021-08-15,26343,0,35825821,0
2021-08-16,114716,0,35940537,0
2021-08-17,129253,0,36069790,0
2021-08-18,128765,0,36198555,0
2021-08-19,124856,0,36323411,0
2021-08-20,123798,0,36447209,0
2021-08-21,83134,0,36530343,0
2021-08-22,68180,0,36598523,0
2021-08-23,176873,0,36775396,0
2021-08-24,156893,0,36932289,0
2021-08-25,177172,0,37109461,0
2021-08-26,172353,0,37281814,0
2021-08-27,185834,0,37467648,0
2021-08-28,140294,0,37607942,0
2021-08-29,98994,0,37706936,0
2021-08-30,209587,0,37916523,0
2021-08-31,194641,0,38111164,0
2021-09-01,192218,0,38303382,0
2021-09-02,189933,0,38493315,0
2021-09-03,191285,0,38684600,0
2021-09-04,131448,0,38816048,0
2021-09-05,87845,0,38903893,0
2021-09-06,193602,0,39097495,0
2021-09-07,196038,0,39293533,0
2021-09-08,187863,0,39481396,0
2021-09-09,201419,0,39682815,0
2021-09-10,198055,0,39880870,0
2021-09-11,141292,0,40022162,0
2021-09-12,89592,0,40111754,0
2021-09-13,191113,643,40302867,643
2021-09-14,177213,650,40480080,1293
2021-09-15,163077,650,40643157,1943
2021-09-16,160046,1001,40803203,2944
2021-09-17,150154,1170,40953357,4114
2021-09-18,127976,780,41081333,4894
2021-09-19,81144,508,41162477,5402
2021-09-20,180064,9130,41342541,14532
2021-09-21,166672,8862,41509213,23394
2021-09-22,159115,9463,41668328,32857
2021-09-23,138106,9357,41806434,42214
2021-09-24,140552,9013,41946986,51227
2021-09-25,119562,5673,42066548,56900
2021-09-26,71993,4365,42138541,61265
2021-09-27,135667,10084,42274208,71349
2021-09-28,117516,11428,42391724,82777
2021-09-29,112377,11850,42504101,94627
2021-09-30,110289,14980,42614390,109607
2021-10-01,94995,19144,42709385,128751
2021-10-02,78521,14045,42787906,142796
2021-10-03,47760,7669,42835666,150465
2021-10-04,88391,34486,42924057,184951
2021-10-05,80380,34022,43004437,218973
2021-10-06,72008,34213,43076445,253186
2021-10-07,71882,34374,43148327,287560
2021-10-08,80642,33622,43228969,321182
2021-10-09,76117,22194,43305086,343376
2021-10-10,45791,13631,43350877,357007
2021-10-11,87447,41133,43438324,398140
2021-10-12,84518,46934,43522842,445074
2021-10-13,88219,52165,43611061,497239
2021-10-14,91554,58559,43702615,555798
2021-10-15,93598,55680,43796213,611478
2021-10-16,82972,36827,43879185,648305
2021-10-17,51462,23861,43930647,672166
2021-10-18,90303,59520,44020950,731686
2021-10-19,78357,69414,44099307,801100
2021-10-20,75061,78212,44174368,879312
2021-10-21,78289,81817,44252657,961129
2021-10-22,73768,77082,44326425,1038211
2021-10-23,60838,51974,44387263,1090185
2021-10-24,33370,23480,44420633,1113665
2021-10-25,64896,81670,44485529,1195335
2021-10-26,58376,91837,44543905,1287172
2021-10-27,58317,104041,44602222,1391213
2021-10-28,61446,114159,44663668,1505372
2021-10-29,61632,103187,44725300,1608559
2021-10-30,50677,68150,44775977,1676709
2021-10-31,25160,28311,44801137,1705020
2021-11-01,19049,28159,44820186,1733179
2021-11-02,62740,89439,44882926,1822618
2021-11-03,60714,118703,44943640,1941321
2021-11-04,59237,126706,45002877,2068027
2021-11-05,63093,135229,45065970,2203256
2021-11-06,46491,90941,45112461,2294197
2021-11-07,22247,37907,45134708,2332104
2021-11-08,51527,131294,45186235,2463398
2021-11-09,45401,144237,45231636,2607635
2021-11-10,42594,156376,45274230,2764011
2021-11-11,44928,155175,45319158,2919186
2021-11-12,46294,158710,45365452,3077896
2021-11-13,33268,116684,45398720,3194580
2021-11-14,14491,52461,45413211,3247041
2021-11-15,36908,157445,45450119,3404486
2021-11-16,30567,171412,45480686,3575898
2021-11-17,28469,178467,45509155,3754365
2021-11-18,30293,193767,45539448,3948132
2021-11-19,28821,205888,45568269,4154020
2021-11-20,21011,156460,45589280,4310480
2021-11-21,10610,64872,45599890,4375352
2021-11-22,21959,213164,45621849,4588516
2021-11-23,23606,241803,45645455,4830319
2021-11-24,27768,271102,45673223,5101421
2021-11-25,23266,301952,45696489,5403373
2021-11-26,24599,318310,45721088,5721683
2021-11-27,21413,266174,45742501,5987857
2021-11-28,9909,137071,45752410,6124928
2021-11-29,22366,326083,45774776,6451011
2021-11-30,23119,365864,45797895,6816875
2021-12-01,21557,413543,45819452,7230418
2021-12-02,23796,440445,45843248,7670863
2021-12-03,25277,467540,45868525,8138403
2021-12-04,22390,418803,45890915,8557206
2021-12-05,11945,261367,45902860,8818573
2021-12-06,25847,457636,45928707,9276209
2021-12-07,24166,480307,45952873,9756516
2021-12-08,10032,249723,45962905,10006239
2021-12-09,31620,491967,45994525,10498206
2021-12-10,28103,517934,46022628,11016140
2021-12-11,23594,459285,46046222,11475425
2021-12-12,12323,293535,46058545,11768960
2021-12-13,26179,467658,46084724,12236618
2021-12-14,25204,494241,46109928,12730859
2021-12-15,25372,517194,46135300,13248053
2021-12-16,27927,520308,46163227,13768361
2021-12-17,29399,517226,46192626,14285587
2021-12-18,27118,468784,46219744,14754371
2021-12-19,15171,300543,46234915,15054914
2021-12-20,30673,477511,46265588,15532425
2021-12-21,30414,493446,46296002,16025871
2021-12-22,29490,484759,46325492,16510630
2021-12-23,28288,426967,46353780,16937597
2021-12-24,13126,210843,46366906,17148440
2021-12-25,2104,33053,46369010,17181493
2021-12-26,8779,159078,46377789,17340571
2021-12-27,46849,504696,46424638,17845267
2021-12-28,42511,554261,46467149,18399528
2021-12-29,34394,550683,46501543,18950211
2021-12-30,31894,499869,46533437,19450080
2021-12-31,14149,247410,46547586,19697490
2022-01-01,3500,64815,46551086,19762305
2022-01-02,22831,276727,46573917,20039032
2022-01-03,47944,520036,46621861,20559068
2022-01-04,46477,572105,46668338,21131173
2022-01-05,40845,560428,46709183,21691601
2022-01-06,23536,274491,46732719,21966092
2022-01-07,63802,554224,46796521,22520316
2022-01-08,60977,503423,46857498,23023739
2022-01-09,42964,319702,46900462,23343441
2022-01-10,61177,542326,46961639,23885767
2022-01-11,61843,587038,47023482,24472805
2022-01-12,58552,581310,47082034,25054115
2022-01-13,58713,580432,47140747,25634547
2022-01-14,46936,588621,47187683,26223168
2022-01-15,39567,569993,47227250,26793161
2022-01-16,31317,341893,47258567,27135054
2022-01-17,54853,489690,47313420,27624744
2022-01-18,58470,517057,47371890,28141801
2022-01-19,57267,502826,47429157,28644627
2022-01-20,54420,498863,47483577,29143490
2022-01-21,42181,493898,47525758,29637388
2022-01-22,31300,469620,47557058,30107008
2022-01-23,34984,275390,47592042,30382398
2022-01-24,56232,437250,47648274,30819648
2022-01-25,61601,452133,47709875,31271781
2022-01-26,58590,435849,47768465,31707630
2022-01-27,48890,432407,47817355,32140037
2022-01-28,58752,436563,47876107,32576600
2022-01-29,68192,412516,47944299,32989116
2022-01-30,50409,235988,47994708,33225104
2022-01-31,60709,356950,48055417,33582054
2022-02-01,65616,328467,48121033,33910521
2022-02-02,63250,296999,48184283,34207520
2022-02-03,60089,274537,48244372,34482057
2022-02-04,72413,268471,48316785,34750528
2022-02-05,83817,248555,48400602,34999083
2022-02-06,55307,116208,48455909,35115291
2022-02-07,65183,199945,48521092,35315236
2022-02-08,66957,186128,48588049,35501364
2022-02-09,58774,166353,48646823,35667717
2022-02-10,58599,163251,48705422,35830968
2022-02-11,62275,162478,48767697,35993446
2022-02-12,72010,152155,48839707,36145601
2022-02-13,41484,68856,48881191,36214457
2022-02-14,46712,116192,48927903,36330649
2022-02-15,48567,123482,48976470,36454131
2022-02-16,45688,106129,49022158,36560260
2022-02-17,42874,98120,49065032,36658380
2022-02-18,46634,112585,49111666,36770965
2022-02-19,52546,100339,49164212,36871304
2022-02-20,31416,40367,49195628,36911671
2022-02-21,37899,89659,49233527,37001330
2022-02-22,37225,83785,49270752,37085115
2022-02-23,33401,79410,49304153,37164525
2022-02-24,32561,78166,49336714,37242691
2022-02-25,34772,90715,49371486,37333406
2022-02-26,39163,89138,49410649,37422544
2022-02-27,22548,35857,49433197,37458401
2022-02-28,28489,81698,49461686,37540099
2022-03-01,22729,53943,49484415,37594042
2022-03-02,21934,50712,49506349,37644754
2022-03-03,22636,54947,49528985,37699701
2022-03-04,23242,62800,49552227,37762501
2022-03-05,23803,57952,49576030,37820453
2022-03-06,9474,17201,49585504,37837654
2022-03-07,15925,51390,49601429,37889044
2022-03-08,15481,48796,49616910,37937840
2022-03-09,13816,46517,49630726,37984357
2022-03-10,14058,52125,49644784,38036482
2022-03-11,15590,57274,49660374,38093756
2022-03-12,15511,56619,49675885,38150375
2022-03-13,5545,16852,49681430,38167227
2022-03-14,10529,46701,49691959,38213928
2022-03-15,10552,46895,49702511,38260823
2022-03-16,9482,41975,49711993,38302798
2022-03-17,9724,44876,49721717,38347674
2022-03-18,10162,49058,49731879,38396732
2022-03-19,9151,46539,49741030,38443271
2022-03-20,2608,11704,49743638,38454975
2022-03-21,7581,40229,49751219,38495204
2022-03-22,8447,37767,49759666,38532971
2022-03-23,7218,33701,49766884,38566672
2022-03-24,8259,38820,49775143,38605492
2022-03-25,8142,43671,49783285,38649163
2022-03-26,8128,41722,49791413,38690885
2022-03-27,2431,9683,49793844,38700568
2022-03-28,6112,35243,49799956,38735811
2022-03-29,5781,32531,49805737,38768342
2022-03-30,5567,30204,49811304,38798546
2022-03-31,5903,33187,49817207,38831733
2022-04-01,4350,25189,49821557,38856922
2022-04-02,4497,23275,49826054,38880197
2022-04-03,1049,4500,49827103,38884697
2022-04-04,3660,21545,49830763,38906242
2022-04-05,3758,22936,49834521,38929178
2022-04-06,4105,21852,49838626,38951030
2022-04-07,3970,23321,49842596,38974351
2022-04-08,4696,26714,49847292,39001065
2022-04-09,4381,23888,49851673,39024953
2022-04-10,893,4613,49852566,39029566
2022-04-11,3819,22689,49856385,39052255
2022-04-12,3365,21779,49859750,39074034
2022-04-13,3571,21337,49863321,39095371
2022-04-14,3488,23787,49866809,39119158
2022-04-15,3083,20621,49869892,39139779
2022-04-16,2151,11918,49872043,39151697
2022-04-17,63,348,49872106,39152045
2022-04-18,152,650,49872258,39152695
2022-04-19,3499,21984,49875757,39174679
2022-04-20,3512,20251,49879269,39194930
2022-04-21,2848,19791,49882117,39214721
2022-04-22,2928,20712,49885045,39235433
2022-04-23,2647,16222,49887692,39251655
2022-04-24,509,2334,49888201,39253989
2022-04-25,183,1165,49888384,39255154
2022-04-26,2759,17810,49891143,39272964
2022-04-27,2374,15795,49893517,39288759
2022-04-28,2361,15564,49895878,39304323
2022-04-29,2297,14850,49898175,39319173
2022-04-30,2123,11584,49900298,39330757
2022-05-01,113,531,49900411,39331288
2022-05-02,1451,9392,49901862,39340680
2022-05-03,1577,10323,49903439,39351003
2022-05-04,1745,10271,49905184,39361274
2022-05-05,1654,10296,49906838,39371570
2022-05-06,1702,10970,49908540,39382540
2022-05-07,1431,8570,49909971,39391110
2022-05-08,416,1526,49910387,39392636
2022-05-09,1028,8931,49911415,39401567
2022-05-10,1426,9549,49912841,39411116
2022-05-11,1484,10104,49914325,39421220
2022-05-12,1372,10137,49915697,39431357
2022-05-13,1596,10518,49917293,39441875
2022-05-14,1360,8239,49918653,39450114
2022-05-15,336,1135,49918989,39451249
2022-05-16,814,8404,49919803,39459653
2022-05-17,1244,8697,49921047,39468350
2022-05-18,1372,9235,49922419,39477585
2022-05-19,1500,9283,49923919,39486868
2022-05-20,1422,9532,49925341,39496400
2022-05-21,1301,7900,49926642,39504300
2022-05-22,231,1014,49926873,39505314
2022-05-23,830,8271,49927703,39513585
2022-05-24,1073,8672,49928776,39522257
2022-05-25,1372,9459,49930148,39531716
2022-05-26,1196,9480,49931344,39541196
2022-05-27,1232,9915,49932576,39551111
2022-05-28,1205,7887,49933781,39558998
2022-05-29,288,1265,49934069,39560263
2022-05-30,930,8057,49934999,39568320
2022-05-31,1038,8548,49936037,39576868
2022-06-01,894,7658,49936931,39584526
2022-06-02,35,474,49936966,39585000
2022-06-03,817,7334,49937783,39592334
2022-06-04,870,5162,49938653,39597496
2022-06-05,89,586,49938742,39598082
2022-06-06,679,7003,49939421,39605085
2022-06-07,952,7849,49940373,39612934
2022-06-08,981,7907,49941354,39620841
2022-06-09,1036,8417,49942390,39629258
2022-06-10,958,8563,49943348,39637821
2022-06-11,903,6207,49944251,39644028
2022-06-12,140,768,49944391,39644796
2022-06-13,602,6301,49944993,39651097
2022-06-14,832,7903,49945825,39659000
2022-06-15,960,7855,49946785,39666855
2022-06-16,733,7396,49947518,39674251
2022-06-17,724,7249,49948242,39681500
2022-06-18,777,5594,49949019,39687094
2022-06-19,49,521,49949068,39687615
2022-06-20,587,6699,49949655,39694314
2022-06-21,741,7663,49950396,39701977
2022-06-22,779,7313,49951175,39709290
2022-06-23,648,7472,49951823,39716762
2022-06-24,644,7474,49952467,39724236
2022-06-25,835,6533,49953302,39730769
2022-06-26,128,523,49953430,39731292
2022-06-27,534,7125,49953964,39738417
2022-06-28,747,8207,49954711,39746624
2022-06-29,756,7732,49955467,39754356
2022-06-30,747,8145,49956214,39762501
2022-07-01,577,6443,49956791,39768944
2022-07-02,536,4769,49957327,39773713
2022-07-03,49,456,49957376,39774169
2022-07-04,469,6277,49957845,39780446
2022-07-05,631,8120,49958476,39788566
2022-07-06,633,7611,49959109,39796177
2022-07-07,575,8271,49959684,39804448
2022-07-08,674,8084,49960358,39812532
2022-07-09,550,6105,49960908,39818637
2022-07-10,58,533,49960966,39819170
2022-07-11,491,7639,49961457,39826809
2022-07-12,667,9030,49962124,39835839
2022-07-13,644,10066,49962768,39845905
2022-07-14,637,10226,49963405,39856131
2022-07-15,626,10667,49964031,39866798
2022-07-16,522,7215,49964553,39874013
2022-07-17,48,770,49964601,39874783
2022-07-18,496,9372,49965097,39884155
2022-07-19,575,10683,49965672,39894838
2022-07-20,581,11274,49966253,39906112
2022-07-21,630,12089,49966883,39918201
2022-07-22,584,11258,49967467,39929459
2022-07-23,381,6775,49967848,39936234
2022-07-24,76,857,49967924,39937091
2022-07-25,503,9051,49968427,39946142
2022-07-26,522,9761,49968949,39955903
2022-07-27,552,10208,49969501,39966111
2022-07-28,532,10534,49970033,39976645
2022-07-29,511,9465,49970544,39986110
2022-07-30,383,5881,49970927,39991991
2022-07-31,49,764,49970976,39992755
2022-08-01,386,6864,49971362,39999619
2022-08-02,545,7589,49971907,40007208
2022-08-03,512,7179,49972419,40014387
2022-08-04,455,7489,49972874,40021876
2022-08-05,421,6527,49973295,40028403
2022-08-06,299,3613,49973594,40032016
2022-08-07,44,561,49973638,40032577
2022-08-08,403,4890,49974041,40037467
2022-08-09,381,5311,49974422,40042778
2022-08-10,385,4816,49974807,40047594
2022-08-11,369,4803,49975176,40052397
2022-08-12,293,3720,49975469,40056117
2022-08-13,143,1600,49975612,40057717
2022-08-14,9,129,49975621,40057846
2022-08-15,1,26,49975622,40057872
2022-08-16,282,3043,49975904,40060915
2022-08-17,352,3536,49976256,40064451
2022-08-18,392,4160,49976648,40068611
2022-08-19,341,3319,49976989,40071930
2022-08-20,183,1715,49977172,40073645
2022-08-21,24,149,49977196,40073794
2022-08-22,329,2952,49977525,40076746
2022-08-23,370,3674,49977895,40080420
2022-08-24,384,3360,49978279,40083780
2022-08-25,422,3774,49978701,40087554
2022-08-26,399,3575,49979100,40091129
2022-08-27,237,1769,49979337,40092898
2022-08-28,29,267,49979366,40093165
2022-08-29,354,3161,49979720,40096326
2022-08-30,403,3671,49980123,40099997
2022-08-31,438,3734,49980561,40103731
2022-09-01,353,3116,49980914,40106847
2022-09-02,296,2893,49981210,40109740
2022-09-03,200,1689,49981410,40111429
2022-09-04,24,149,49981434,40111578
2022-09-05,187,2656,49981621,40114234
2022-09-06,305,2981,49981926,40117215
2022-09-07,540,2937,49982466,40120152
2022-09-08,292,2962,49982758,40123114
2022-09-09,305,2886,49983063,40126000
2022-09-10,227,1326,49983290,40127326
2022-09-11,23,124,49983313,40127450
2022-09-12,267,2267,49983580,40129717
2022-09-13,252,2276,49983832,40131993
2022-09-14,266,2566,49984098,40134559
2022-09-15,282,2499,49984380,40137058
2022-09-16,254,2546,49984634,40139604
2022-09-17,239,1339,49984873,40140943
2022-09-18,20,170,49984893,40141113
2022-09-19,206,1970,49985099,40143083
2022-09-20,236,2391,49985335,40145474
2022-09-21,289,2526,49985624,40148000
2022-09-22,266,2663,49985890,40150663
2022-09-23,259,2544,49986149,40153207
2022-09-24,193,1427,49986342,40154634
2022-09-25,29,133,49986371,40154767
2022-09-26,280,2248,49986651,40157015
2022-09-27,287,2683,49986938,40159698
2022-09-28,310,2905,49987248,40162603
2022-09-29,257,3049,49987505,40165652
2022-09-30,292,2989,49987797,40168641
2022-10-01,195,1515,49987992,40170156
2022-10-02,12,187,49988004,40170343
2022-10-03,185,2474,49988189,40172817
2022-10-04,236,2863,49988425,40175680
2022-10-05,229,3249,49988654,40178929
2022-10-06,243,3874,49988897,40182803
2022-10-07,282,4187,49989179,40186990
2022-10-08,202,2270,49989381,40189260
2022-10-09,8,305,49989389,40189565
2022-10-10,210,3356,49989599,40192921
2022-10-11,193,4379,49989792,40197300
2022-10-12,209,4440,49990001,40201740
2022-10-13,203,5304,49990204,40207044
2022-10-14,232,5023,49990436,40212067
2022-10-15,190,2671,49990626,40214738
2022-10-16,6,360,49990632,40215098
2022-10-17,185,3871,49990817,40218969
2022-10-18,257,4965,49991074,40223934
2022-10-19,244,5478,49991318,40229412
2022-10-20,224,5993,49991542,40235405
2022-10-21,250,5476,49991792,40240881
2022-10-22,195,2910,49991987,40243791
2022-10-23,13,364,49992000,40244155
2022-10-24,171,3929,49992171,40248084
2022-10-25,253,4927,49992424,40253011
2022-10-26,347,5498,49992771,40258509
2022-10-27,241,5669,49993012,40264178
2022-10-28,199,5260,49993211,40269438
2022-10-29,128,2844,49993339,40272282
2022-10-30,3,328,49993342,40272610
2022-10-31,117,3037,49993459,40275647
2022-11-01,11,353,49993470,40276000
2022-11-02,143,3719,49993613,40279719
2022-11-03,173,4782,49993786,40284501
2022-11-04,224,4599,49994010,40289100
2022-11-05,144,2596,49994154,40291696
2022-11-06,10,259,49994164,40291955
2022-11-07,169,3223,49994333,40295178
2022-11-08,259,4240,49994592,40299418
2022-11-09,197,4326,49994789,40303744
2022-11-10,182,4580,49994971,40308324
2022-11-11,192,4215,49995163,40312539
2022-11-12,154,2363,49995317,40314902
2022-11-13,7,335,49995324,40315237
2022-11-14,149,2835,49995473,40318072
2022-11-15,202,3737,49995675,40321809
2022-11-16,216,3975,49995891,40325784
2022-11-17,192,4085,49996083,40329869
2022-11-18,247,4013,49996330,40333882
2022-11-19,112,2096,49996442,40335978
2022-11-20,24,314,49996466,40336292
2022-11-21,118,2612,49996584,40338904
2022-11-22,142,3204,49996726,40342108
2022-11-23,192,3612,49996918,40345720
2022-11-24,154,3807,49997072,40349527
2022-11-25,184,3747,49997256,40353274
2022-11-26,130,2091,49997386,40355365
2022-11-27,22,356,49997408,40355721
2022-11-28,180,2669,49997588,40358390
2022-11-29,183,3205,49997771,40361595
2022-11-30,174,3703,49997945,40365298
2022-12-01,222,3577,49998167,40368875
2022-12-02,156,3486,49998323,40372361
2022-12-03,101,1943,49998424,40374304
2022-12-04,5,290,49998429,40374594
2022-12-05,124,2797,49998553,40377391
2022-12-06,167,3544,49998720,40380935
2022-12-07,129,2968,49998849,40383903
2022-12-08,7,122,49998856,40384025
2022-12-09,132,2735,49998988,40386760
2022-12-10,61,1406,49999049,40388166
2022-12-11,3,139,49999052,40388305
2022-12-12,156,2224,49999208,40390529
2022-12-13,101,1312,49999309,40391841