data_somministrazione,vaccinazioni,booster,cum_vaccinazioni,cum_booster
2020-12-27,22,0,22,0
2020-12-28,2,0,24,0
2020-12-29,1,0,25,0
2020-12-30,9,0,34,0
2020-12-31,80,0,114,0
2021-01-01,26,0,140,0
2021-01-02,151,0,291,0
2021-01-03,112,0,403,0
2021-01-04,245,0,648,0
2021-01-05,290,0,938,0
2021-01-06,262,0,1200,0
2021-01-07,331,0,1531,0
2021-01-08,384,0,1915,0
2021-01-09,290,0,2205,0
2021-01-10,171,0,2376,0
2021-01-11,312,0,2688,0
2021-01-12,292,0,2980,0
2021-01-13,424,0,3404,0
2021-01-14,507,0,3911,0
2021-01-15,327,0,4238,0
2021-01-16,225,0,4463,0
2021-01-17,3065,0,7528,0
2021-01-18,5220,0,12748,0
2021-01-19,1896,0,14644,0
2021-01-20,4659,0,19303,0
2021-01-21,20004,0,39307,0
2021-01-22,14220,0,53527,0
2021-01-23,33316,0,86843,0
2021-01-24,30775,0,117618,0
2021-01-25,64698,0,182316,0
2021-01-26,76457,0,258773,0
2021-01-27,64803,0,323576,0
2021-01-28,89244,0,412820,0
2021-01-29,93992,0,506812,0
2021-01-30,86540,0,593352,0
2021-01-31,57321,0,650673,0
2021-02-01,81833,0,732506,0
2021-02-02,82128,0,814634,0
2021-02-03,91102,0,905736,0
2021-02-04,95381,0,1001117,0
2021-02-05,90265,0,1091382,0
2021-02-06,63450,0,1154832,0
2021-02-07,32935,0,1187767,0
2021-02-08,40422,0,1228189,0
2021-02-09,32880,0,1261069,0
2021-02-10,28439,0,1289508,0
2021-02-11,20408,0,1309916,0
2021-02-12,16252,0,1326168,0
2021-02-13,7280,0,1333448,0
2021-02-14,2862,0,1336310,0
2021-02-15,6851,0,1343161,0
2021-02-16,7007,0,1350168,0
2021-02-17,10527,0,1360695,0
2021-02-18,9258,0,1369953,0
2021-02-19,8259,0,1378212,0
2021-02-20,5585,0,1383797,0
2021-02-21,3015,0,1386812,0
2021-02-22,6883,0,1393695,0
2021-02-23,7191,0,1400886,0
2021-02-24,9815,0,1410701,0
2021-02-25,14215,0,1424916,0
2021-02-26,17563,0,1442479,0
2021-02-27,13925,0,1456404,0
2021-02-28,9398,0,1465802,0
2021-03-01,26532,0,1492334,0
2021-03-02,33247,0,1525581,0
2021-03-03,44653,0,1570234,0
2021-03-04,50303,0,1620537,0
2021-03-05,55745,0,1676282,0
2021-03-06,41886,0,1718168,0
2021-03-07,22332,0,1740500,0
2021-03-08,50840,0,1791340,0
2021-03-09,53095,0,1844435,0
2021-03-10,58700,0,1903135,0
2021-03-11,63895,0,1967030,0
2021-03-12,65145,0,2032175,0
2021-03-13,51733,0,2083908,0
2021-03-14,35427,0,2119335,0
2021-03-15,73463,0,2192798,0
2021-03-16,74029,0,2266827,0
2021-03-17,83144,0,2349971,0
2021-03-18,81632,0,2431603,0
2021-03-19,81091,0,2512694,0
2021-03-20,64744,0,2577438,0
2021-03-21,47310,0,2624748,0
2021-03-22,69507,0,2694255,0
2021-03-23,75820,0,2770075,0
2021-03-24,90940,0,2861015,0
2021-03-25,89829,0,2950844,0
2021-03-26,83645,0,3034489,0
2021-03-27,71964,0,3106453,0
2021-03-28,44192,0,3150645,0
2021-03-29,70852,0,3221497,0
2021-03-30,81420,0,3302917,0
2021-03-31,96268,0,3399185,0
2021-04-01,95341,0,3494526,0
2021-04-02,84088,0,3578614,0
2021-04-03,64314,0,3642928,0
2021-04-04,21726,0,3664654,0
2021-04-05,40325,0,3704979,0
2021-04-06,81351,0,3786330,0
2021-04-07,95850,0,3882180,0
2021-04-08,95267,0,3977447,0
2021-04-09,88510,0,4065957,0
2021-04-10,74039,0,4139996,0
2021-04-11,44773,0,4184769,0
2021-04-12,66928,0,4251697,0
2021-04-13,72600,0,4324297,0
2021-04-14,85560,0,4409857,0
2021-04-15,105429,0,4515286,0
2021-04-16,106436,0,4621722,0
2021-04-17,90532,0,4712254,0
2021-04-18,58599,0,4770853,0
2021-04-19,93446,0,4864299,0
2021-04-20,103783,0,4968082,0
2021-04-21,125346,0,5093428,0
2021-04-22,143538,0,5236966,0
2021-04-23,138765,0,5375731,0
2021-04-24,124454,0,5500185,0
2021-04-25,61471,0,5561656,0
2021-04-26,97919,0,5659575,0
2021-04-27,128379,0,5787954,0
2021-04-28,156402,0,5944356,0
2021-04-29,195627,0,6139983,0
2021-04-30,214622,0,6354605,0
2021-05-01,174151,0,6528756,0
2021-05-02,135817,0,6664573,0
2021-05-03,142082,0,6806655,0
2021-05-04,158720,0,6965375,0
2021-05-05,170556,0,7135931,0
2021-05-06,197834,0,7333765,0
2021-05-07,213889,0,7547654,0
2021-05-08,213445,0,7761099,0
2021-05-09,143222,0,7904321,0
2021-05-10,165110,0,8069431,0
2021-05-11,175018,0,8244449,0
2021-05-12,179237,0,8423686,0
2021-05-13,203427,0,8627113,0
2021-05-14,222950,0,8850063,0
2021-05-15,210399,0,9060462,0
2021-05-16,159292,0,9219754,0
2021-05-17,219226,0,9438980,0
2021-05-18,213036,0,9652016,0
2021-05-19,207107,0,9859123,0
2021-05-20,270911,0,10130034,0
2021-05-21,270916,0,10400950,0
2021-05-22,245556,0,10646506,0
2021-05-23,197199,0,10843705,0
2021-05-24,228314,0,11072019,0
2021-05-25,245705,0,11317724,0
2021-05-26,277577,0,11595301,0
2021-05-27,311110,0,11906411,0
2021-05-28,299590,0,12206001,0
2021-05-29,231262,0,12437263,0
2021-05-30,170858,0,12608121,0
2021-05-31,216444,0,12824565,0
2021-06-01,207649,0,13032214,0
2021-06-02,115810,0,13148024,0
2021-06-03,180186,0,13328210,0
2021-06-04,184935,0,13513145,0
2021-06-05,186015,0,13699160,0
2021-06-06,139604,0,13838764,0
2021-06-07,161922,0,14000686,0
2021-06-08,171310,0,14171996,0
2021-06-09,171541,0,14343537,0
2021-06-10,174180,0,14517717,0
2021-06-11,170062,0,14687779,0
2021-06-12,128419,0,14816198,0
2021-06-13,91252,0,14907450,0
2021-06-14,214717,0,15122167,0
2021-06-15,228473,0,15350640,0
2021-06-16,253121,0,15603761,0
2021-06-17,301800,0,15905561,0
2021-06-18,306345,0,16211906,0
2021-06-19,275143,0,16487049,0
2021-06-20,220837,0,16707886,0
2021-06-21,288121,0,16996007,0
2021-06-22,296274,0,17292281,0
2021-06-23,302715,0,17594996,0
2021-06-24,332633,0,17927629,0
2021-06-25,348749,0,18276378,0
2021-06-26,300158,0,18576536,0
2021-06-27,228708,0,18805244,0
2021-06-28,307170,0,19112414,0
2021-06-29,329359,0,19441773,0
2021-06-30,342238,0,19784011,0
2021-07-01,363260,0,20147271,0
2021-07-02,368515,0,20515786,0
2021-07-03,371107,0,20886893,0
2021-07-04,283249,0,21170142,0
2021-07-05,384571,0,21554713,0
2021-07-06,385496,0,21940209,0
2021-07-07,412142,0,22352351,0
2021-07-08,479588,0,22831939,0
2021-07-09,498464,0,23330403,0
2021-07-10,475175,0,23805578,0
2021-07-11,357689,0,24163267,0
2021-07-12,485872,0,24649139,0
2021-07-13,492064,0,25141203,0
2021-07-14,480428,0,25621631,0
2021-07-15,523409,0,26145040,0
2021-07-16,509741,0,26654781,0
2021-07-17,464319,0,27119100,0
2021-07-18,364625,0,27483725,0
2021-07-19,463034,0,27946759,0
2021-07-20,458045,0,28404804,0
2021-07-21,462787,0,28867591,0
2021-07-22,475372,0,29342963,0
2021-07-23,441326,0,29784289,0
2021-07-24,386144,0,30170433,0
2021-07-25,287538,0,30457971,0
2021-07-26,430890,0,30888861,0
2021-07-27,440103,0,31328964,0
2021-07-28,391013,0,31719977,0
2021-07-29,372074,0,32092051,0
2021-07-30,341523,0,32433574,0
2021-07-31,287049,0,32720623,0
2021-08-01,190994,0,32911617,0
2021-08-02,333713,0,33245330,0
2021-08-03,323185,0,33568515,0
2021-08-04,310997,0,33879512,0
2021-08-05,292479,0,34171991,0
2021-08-06,260048,0,34432039,0
2021-08-07,199069,0,34631108,0
2021-08-08,153110,0,34784218,0
2021-08-09,234081,0,35018299,0
2021-08-10,205297,0,35223596,0
2021-08-11,193798,0,35417394,0
2021-08-12,168080,0,35585474,0
2021-08-13,148677,0,35734151,0
2021-08-14,66104,0,35800255,0
2021-08-15,26345,0,35826600,0
2021-08-16,114724,0,35941324,0
2021-08-17,129258,0,36070582,0
2021-08-18,128764,0,36199346,0
2021-08-19,124865,0,36324211,0
2021-08-20,123797,0,36448008,0
2021-08-21,83135,0,36531143,0
2021-08-22,68182,0,36599325,0
2021-08-23,176870,0,36776195,0
2021-08-24,156891,0,36933086,0
2021-08-25,177169,0,37110255,0
2021-08-26,172347,0,37282602,0
2021-08-27,185830,0,37468432,0
2021-08-28,140294,0,37608726,0
2021-08-29,98995,0,37707721,0
2021-08-30,209582,0,37917303,0
2021-08-31,194640,0,38111943,0
2021-09-01,192217,0,38304160,0
2021-09-02,189924,0,38494084,0
2021-09-03,191277,0,38685361,0
2021-09-04,131440,0,38816801,0
2021-09-05,87841,0,38904642,0
2021-09-06,193598,0,39098240,0
2021-09-07,196038,0,39294278,0
2021-09-08,187857,0,39482135,0
2021-09-09,201416,0,39683551,0
2021-09-10,198051,0,39881602,0
2021-09-11,141289,0,40022891,0
2021-09-12,89592,0,40112483,0
2021-09-13,191097,664,40303580,664
2021-09-14,177206,661,40480786,1325
2021-09-15,163079,656,40643865,1981
2021-09-16,160033,1016,40803898,2997
2021-09-17,150154,1174,40954052,4171
2021-09-18,127984,783,41082036,4954
2021-09-19,81142,512,41163178,5466
2021-09-20,180058,9137,41343236,14603
2021-09-21,166677,8865,41509913,23468
2021-09-22,159122,9465,41669035,32933
2021-09-23,138107,9360,41807142,42293
2021-09-24,140551,9021,41947693,51314
2021-09-25,119564,5677,42067257,56991
2021-09-26,71992,4369,42139249,61360
2021-09-27,135670,10090,42274919,71450
2021-09-28,117521,11435,42392440,82885
2021-09-29,112382,11856,42504822,94741
2021-09-30,110296,14986,42615118,109727
2021-10-01,95004,19144,42710122,128871
2021-10-02,78526,14048,42788648,142919
2021-10-03,47760,7671,42836408,150590
2021-10-04,88390,34491,42924798,185081
2021-10-05,80385,34023,43005183,219104
2021-10-06,72008,34219,43077191,253323
2021-10-07,71883,34380,43149074,287703
2021-10-08,80650,33628,43229724,321331
2021-10-09,76115,22202,43305839,343533
2021-10-10,45793,13632,43351632,357165
2021-10-11,87447,41136,43439079,398301
2021-10-12,84515,46939,43523594,445240
2021-10-13,88227,52173,43611821,497413
2021-10-14,91560,58563,43703381,555976
2021-10-15,93599,55687,43796980,611663
2021-10-16,82977,36832,43879957,648495
2021-10-17,51461,23864,43931418,672359
2021-10-18,90301,59526,44021719,731885
2021-10-19,78355,69421,44100074,801306
2021-10-20,75062,78214,44175136,879520
2021-10-21,78280,81826,44253416,961346
2021-10-22,73766,77091,44327182,1038437
2021-10-23,60839,51976,44388021,1090413
2021-10-24,33370,23482,44421391,1113895
2021-10-25,64894,81673,44486285,1195568
2021-10-26,58372,91844,44544657,1287412
2021-10-27,58318,104044,44602975,1391456
2021-10-28,61442,114166,44664417,1505622
2021-10-29,61623,103199,44726040,1608821
2021-10-30,50672,68160,44776712,1676981
2021-10-31,25159,28314,44801871,1705295
2021-11-01,19050,28159,44820921,1733454
2021-11-02,62737,89446,44883658,1822900
2021-11-03,60715,118706,44944373,1941606
2021-11-04,59239,126708,45003612,2068314
2021-11-05,63091,135233,45066703,2203547
2021-11-06,46495,90944,45113198,2294491
2021-11-07,22248,37908,45135446,2332399
2021-11-08,51523,131301,45186969,2463700
2021-11-09,45402,144237,45232371,2607937
2021-11-10,42593,156381,45274964,2764318
2021-11-11,44930,155177,45319894,2919495
2021-11-12,46300,158712,45366194,3078207
2021-11-13,33273,116683,45399467,3194890
2021-11-14,14490,52462,45413957,3247352
2021-11-15,36907,157448,45450864,3404800
2021-11-16,30569,171414,45481433,3576214
2021-11-17,28469,178470,45509902,3754684
2021-11-18,30297,193770,45540199,3948454
2021-11-19,28824,205888,45569023,4154342
2021-11-20,21015,156462,45590038,4310804
2021-11-21,10613,64870,45600651,4375674
2021-11-22,21960,213165,45622611,4588839
2021-11-23,23608,241802,45646219,4830641
2021-11-24,27769,271103,45673988,5101744
2021-11-25,23271,301951,45697259,5403695
2021-11-26,24600,318313,45721859,5722008
2021-11-27,21419,266174,45743278,5988182
2021-11-28,9911,137072,45753189,6125254
2021-11-29,22368,326082,45775557,6451336
2021-11-30,23121,365862,45798678,6817198
2021-12-01,21562,413547,45820240,7230745
2021-12-02,23799,440445,45844039,7671190
2021-12-03,25283,467546,45869322,8138736
2021-12-04,22390,418810,45891712,8557546
2021-12-05,11943,261370,45903655,8818916
2021-12-06,25849,457637,45929504,9276553
2021-12-07,24169,480309,45953673,9756862
2021-12-08,10032,249723,45963705,10006585
2021-12-09,31627,491969,45995332,10498554
2021-12-10,28109,517939,46023441,11016493
2021-12-11,23595,459288,46047036,11475781
2021-12-12,12327,293536,46059363,11769317
2021-12-13,26186,467663,46085549,12236980
2021-12-14,25207,494247,46110756,12731227
2021-12-15,25382,517191,46136138,13248418
2021-12-16,27939,520308,46164077,13768726
2021-12-17,29403,517229,46193480,14285955
2021-12-18,27118,468787,46220598,14754742
2021-12-19,15174,300546,46235772,15055288
2021-12-20,30683,477513,46266455,15532801
2021-12-21,30422,493450,46296877,16026251
2021-12-22,29494,484759,46326371,16511010
2021-12-23,28290,426971,46354661,16937981
2021-12-24,13125,210846,46367786,17148827
2021-12-25,2104,33054,46369890,17181881
2021-12-26,8782,159077,46378672,17340958
2021-12-27,46851,504703,46425523,17845661
2021-12-28,42514,554269,46468037,18399930
2021-12-29,34409,550685,46502446,18950615
2021-12-30,31905,499870,46534351,19450485
2021-12-31,14151,247410,46548502,19697895
2022-01-01,3502,64814,46552004,19762709
2022-01-02,22839,276728,46574843,20039437
2022-01-03,47964,520037,46622807,20559474
2022-01-04,46492,572107,46669299,21131581
2022-01-05,40864,560430,46710163,21692011
2022-01-06,23544,274490,46733707,21966501
2022-01-07,63813,554227,46797520,22520728
2022-01-08,61003,503426,46858523,23024154
2022-01-09,42980,319710,46901503,23343864
2022-01-10,61186,542330,46962689,23886194
2022-01-11,61877,587040,47024566,24473234
2022-01-12,58574,581316,47083140,25054550
2022-01-13,58731,580436,47141871,25634986
2022-01-14,46956,588626,47188827,26223612
2022-01-15,39599,570001,47228426,26793613
2022-01-16,31333,341898,47259759,27135511
2022-01-17,54862,489699,47314621,27625210
2022-01-18,58479,517059,47373100,28142269
2022-01-19,57280,502826,47430380,28645095
2022-01-20,54432,498867,47484812,29143962
2022-01-21,42195,493903,47527007,29637865
2022-01-22,31314,469623,47558321,30107488
2022-01-23,34984,275392,47593305,30382880
2022-01-24,56231,437255,47649536,30820135
2022-01-25,61606,452135,47711142,31272270
2022-01-26,58602,435851,47769744,31708121
2022-01-27,48901,432419,47818645,32140540
2022-01-28,58768,436567,47877413,32577107
2022-01-29,68200,412519,47945613,32989626
2022-01-30,50413,235990,47996026,33225616
2022-01-31,60728,356952,48056754,33582568
2022-02-01,65622,328473,48122376,33911041
2022-02-02,63255,297001,48185631,34208042
2022-02-03,60097,274541,48245728,34482583
2022-02-04,72418,268474,48318146,34751057
2022-02-05,83818,248560,48401964,34999617
2022-02-06,55309,116207,48457273,35115824
2022-02-07,65192,199947,48522465,35315771
2022-02-08,66960,186132,48589425,35501903
2022-02-09,58777,166356,48648202,35668259
2022-02-10,58604,163256,48706806,35831515
2022-02-11,62277,162481,48769083,35993996
2022-02-12,72016,152157,48841099,36146153
2022-02-13,41487,68859,48882586,36215012
2022-02-14,46712,116195,48929298,36331207
2022-02-15,48573,123482,48977871,36454689
2022-02-16,45698,106132,49023569,36560821
2022-02-17,42877,98127,49066446,36658948
2022-02-18,46639,112590,49113085,36771538
2022-02-19,52547,100341,49165632,36871879
2022-02-20,31416,40367,49197048,36912246
2022-02-21,37903,89658,49234951,37001904
2022-02-22,37228,83785,49272179,37085689
2022-02-23,33403,79409,49305582,37165098
2022-02-24,32562,78168,49338144,37243266
2022-02-25,34775,90714,49372919,37333980
2022-02-26,39163,89139,49412082,37423119
2022-02-27,22548,35859,49434630,37458978
2022-02-28,28491,81698,49463121,37540676
2022-03-01,22733,53943,49485854,37594619
2022-03-02,21935,50714,49507789,37645333
2022-03-03,22641,54947,49530430,37700280
2022-03-04,23244,62801,49553674,37763081
2022-03-05,23804,57953,49577478,37821034
2022-03-06,9473,17201,49586951,37838235
2022-03-07,15927,51391,49602878,37889626
2022-03-08,15481,48797,49618359,37938423
2022-03-09,13816,46517,49632175,37984940
2022-03-10,14061,52127,49646236,38037067
2022-03-11,15593,57273,49661829,38094340
2022-03-12,15513,56620,49677342,38150960
2022-03-13,5545,16852,49682887,38167812
2022-03-14,10529,46701,49693416,38214513
2022-03-15,10554,46895,49703970,38261408
2022-03-16,9484,41977,49713454,38303385
2022-03-17,9725,44875,49723179,38348260
2022-03-18,10164,49059,49733343,38397319
2022-03-19,9151,46539,49742494,38443858
2022-03-20,2608,11704,49745102,38455562
2022-03-21,7587,40231,49752689,38495793
2022-03-22,8448,37768,49761137,38533561
2022-03-23,7220,33701,49768357,38567262
2022-03-24,8260,38821,49776617,38606083
2022-03-25,8143,43673,49784760,38649756
2022-03-26,8129,41722,49792889,38691478
2022-03-27,2432,9683,49795321,38701161
2022-03-28,6112,35244,49801433,38736405
2022-03-29,5783,32532,49807216,38768937
2022-03-30,5567,30205,49812783,38799142
2022-03-31,5905,33187,49818688,38832329
2022-04-01,4351,25189,49823039,38857518
2022-04-02,4497,23275,49827536,38880793
2022-04-03,1049,4500,49828585,38885293
2022-04-04,3661,21545,49832246,38906838
2022-04-05,3758,22938,49836004,38929776
2022-04-06,4105,21853,49840109,38951629
2022-04-07,3970,23321,49844079,38974950
2022-04-08,4697,26715,49848776,39001665
2022-04-09,4381,23889,49853157,39025554
2022-04-10,893,4613,49854050,39030167
2022-04-11,3819,22689,49857869,39052856
2022-04-12,3365,21779,49861234,39074635
2022-04-13,3574,21337,49864808,39095972
2022-04-14,3487,23789,49868295,39119761
2022-04-15,3086,20621,49871381,39140382
2022-04-16,2151,11918,49873532,39152300
2022-04-17,63,348,49873595,39152648
2022-04-18,152,650,49873747,39153298
2022-04-19,3499,21985,49877246,39175283
2022-04-20,3513,20250,49880759,39195533
2022-04-21,2848,19793,49883607,39215326
2022-04-22,2928,20715,49886535,39236041
2022-04-23,2648,16222,49889183,39252263
2022-04-24,509,2334,49889692,39254597
2022-04-25,183,1165,49889875,39255762
2022-04-26,2760,17810,49892635,39273572
2022-04-27,2374,15795,49895009,39289367
2022-04-28,2362,15566,49897371,39304933
2022-04-29,2298,14850,49899669,39319783
2022-04-30,2123,11584,49901792,39331367
2022-05-01,113,531,49901905,39331898
2022-05-02,1451,9393,49903356,39341291
2022-05-03,1577,10325,49904933,39351616
2022-05-04,1747,10276,49906680,39361892
2022-05-05,1654,10297,49908334,39372189
2022-05-06,1702,10972,49910036,39383161
2022-05-07,1431,8573,49911467,39391734
2022-05-08,417,1526,49911884,39393260
2022-05-09,1029,8931,49912913,39402191
2022-05-10,1426,9550,49914339,39411741
2022-05-11,1484,10109,49915823,39421850
2022-05-12,1371,10137,49917194,39431987
2022-05-13,1597,10520,49918791,39442507
2022-05-14,1360,8240,49920151,39450747
2022-05-15,336,1136,49920487,39451883
2022-05-16,814,8408,49921301,39460291
2022-05-17,1244,8707,49922545,39468998
2022-05-18,1373,9256,49923918,39478254
2022-05-19,1501,9287,49925419,39487541
2022-05-20,1426,9532,49926845,39497073
2022-05-21,1302,7901,49928147,39504974
2022-05-22,231,1013,49928378,39505987
2022-05-23,830,8273,49929208,39514260
2022-05-24,1073,8673,49930281,39522933
2022-05-25,1372,9460,49931653,39532393
2022-05-26,1198,9480,49932851,39541873
2022-05-27,1232,9916,49934083,39551789
2022-05-28,1205,7889,49935288,39559678
2022-05-29,288,1265,49935576,39560943
2022-05-30,931,8058,49936507,39569001
2022-05-31,1039,8548,49937546,39577549
2022-06-01,895,7656,49938441,39585205
2022-06-02,35,474,49938476,39585679
2022-06-03,817,7334,49939293,39593013
2022-06-04,870,5162,49940163,39598175
2022-06-05,89,586,49940252,39598761
2022-06-06,679,7004,49940931,39605765
2022-06-07,952,7850,49941883,39613615
2022-06-08,981,7906,49942864,39621521
2022-06-09,1037,8418,49943901,39629939
2022-06-10,958,8563,49944859,39638502
2022-06-11,904,6206,49945763,39644708
2022-06-12,140,768,49945903,39645476
2022-06-13,602,6301,49946505,39651777
2022-06-14,832,7904,49947337,39659681
2022-06-15,960,7856,49948297,39667537
2022-06-16,733,7397,49949030,39674934
2022-06-17,724,7248,49949754,39682182
2022-06-18,778,5594,49950532,39687776
2022-06-19,49,521,49950581,39688297
2022-06-20,587,6699,49951168,39694996
2022-06-21,741,7664,49951909,39702660
2022-06-22,779,7312,49952688,39709972
2022-06-23,648,7472,49953336,39717444
2022-06-24,644,7474,49953980,39724918
2022-06-25,835,6533,49954815,39731451
2022-06-26,128,523,49954943,39731974
2022-06-27,534,7126,49955477,39739100
2022-06-28,747,8207,49956224,39747307
2022-06-29,756,7732,49956980,39755039
2022-06-30,747,8145,49957727,39763184
2022-07-01,577,6443,49958304,39769627
2022-07-02,536,4769,49958840,39774396
2022-07-03,49,456,49958889,39774852
2022-07-04,469,6277,49959358,39781129
2022-07-05,631,8122,49959989,39789251
2022-07-06,634,7611,49960623,39796862
2022-07-07,576,8273,49961199,39805135
2022-07-08,674,8086,49961873,39813221
2022-07-09,550,6105,49962423,39819326
2022-07-10,58,533,49962481,39819859
2022-07-11,491,7641,49962972,39827500
2022-07-12,668,9031,49963640,39836531
2022-07-13,644,10067,49964284,39846598
2022-07-14,637,10225,49964921,39856823
2022-07-15,627,10673,49965548,39867496
2022-07-16,523,7215,49966071,39874711
2022-07-17,48,770,49966119,39875481
2022-07-18,496,9374,49966615,39884855
2022-07-19,575,10683,49967190,39895538
2022-07-20,582,11277,49967772,39906815
2022-07-21,630,12093,49968402,39918908
2022-07-22,585,11260,49968987,39930168
2022-07-23,381,6775,49969368,39936943
2022-07-24,76,857,49969444,39937800
2022-07-25,503,9053,49969947,39946853
2022-07-26,522,9763,49970469,39956616
2022-07-27,554,10210,49971023,39966826
2022-07-28,532,10535,49971555,39977361
2022-07-29,511,9466,49972066,39986827
2022-07-30,383,5882,49972449,39992709
2022-07-31,49,764,49972498,39993473
2022-08-01,386,6865,49972884,40000338
2022-08-02,548,7590,49973432,40007928
2022-08-03,513,7179,49973945,40015107
2022-08-04,455,7491,49974400,40022598
2022-08-05,421,6526,49974821,40029124
2022-08-06,299,3613,49975120,40032737
2022-08-07,44,563,49975164,40033300
2022-08-08,403,4890,49975567,40038190
2022-08-09,381,5312,49975948,40043502
2022-08-10,385,4816,49976333,40048318
2022-08-11,369,4803,49976702,40053121
2022-08-12,294,3720,49976996,40056841
2022-08-13,143,1600,49977139,40058441
2022-08-14,9,129,49977148,40058570
2022-08-15,1,26,49977149,40058596
2022-08-16,283,3043,49977432,40061639
2022-08-17,352,3536,49977784,40065175
2022-08-18,393,4160,49978177,40069335
2022-08-19,342,3319,49978519,40072654
2022-08-20,183,1715,49978702,40074369
2022-08-21,24,149,49978726,40074518
2022-08-22,330,2952,49979056,40077470
2022-08-23,370,3674,49979426,40081144
2022-08-24,384,3360,49979810,40084504
2022-08-25,422,3773,49980232,40088277
2022-08-26,399,3575,49980631,40091852
2022-08-27,237,1769,49980868,40093621
2022-08-28,29,267,49980897,40093888
2022-08-29,354,3161,49981251,40097049
2022-08-30,405,3671,49981656,40100720
2022-08-31,438,3734,49982094,40104454
2022-09-01,353,3116,49982447,40107570
2022-09-02,296,2893,49982743,40110463
2022-09-03,200,1689,49982943,40112152
2022-09-04,24,149,49982967,40112301
2022-09-05,187,2656,49983154,40114957
2022-09-06,306,2983,49983460,40117940
2022-09-07,541,2937,49984001,40120877
2022-09-08,293,2963,49984294,40123840
2022-09-09,305,2886,49984599,40126726
2022-09-10,228,1326,49984827,40128052
2022-09-11,23,124,49984850,40128176
2022-09-12,267,2268,49985117,40130444
2022-09-13,252,2277,49985369,40132721
2022-09-14,266,2566,49985635,40135287
2022-09-15,282,2501,49985917,40137788
2022-09-16,256,2546,49986173,40140334
2022-09-17,239,1339,49986412,40141673
2022-09-18,20,170,49986432,40141843
2022-09-19,206,1971,49986638,40143814
2022-09-20,235,2392,49986873,40146206
2022-09-21,289,2526,49987162,40148732
2022-09-22,267,2663,49987429,40151395
2022-09-23,259,2545,49987688,40153940
2022-09-24,193,1427,49987881,40155367
2022-09-25,29,133,49987910,40155500
2022-09-26,280,2248,49988190,40157748
2022-09-27,287,2683,49988477,40160431
2022-09-28,310,2904,49988787,40163335
2022-09-29,257,3049,49989044,40166384
2022-09-30,292,2989,49989336,40169373
2022-10-01,195,1515,49989531,40170888
2022-10-02,12,187,49989543,40171075
2022-10-03,185,2474,49989728,40173549
2022-10-04,236,2862,49989964,40176411
2022-10-05,229,3252,49990193,40179663
2022-10-06,243,3874,49990436,40183537
2022-10-07,283,4189,49990719,40187726
2022-10-08,204,2270,49990923,40189996
2022-10-09,8,305,49990931,40190301
2022-10-10,211,3356,49991142,40193657
2022-10-11,194,4378,49991336,40198035
2022-10-12,209,4441,49991545,40202476
2022-10-13,204,5304,49991749,40207780
2022-10-14,232,5026,49991981,40212806
2022-10-15,191,2671,49992172,40215477
2022-10-16,6,360,49992178,40215837
2022-10-17,186,3873,49992364,40219710
2022-10-18,257,4967,49992621,40224677
2022-10-19,244,5478,49992865,40230155
2022-10-20,224,5997,49993089,40236152
2022-10-21,250,5477,49993339,40241629
2022-10-22,195,2911,49993534,40244540
2022-10-23,13,364,49993547,40244904
2022-10-24,171,3930,49993718,40248834
2022-10-25,253,4926,49993971,40253760
2022-10-26,347,5503,49994318,40259263
2022-10-27,241,5671,49994559,40264934
2022-10-28,200,5262,49994759,40270196
2022-10-29,128,2844,49994887,40273040
2022-10-30,3,328,49994890,40273368
2022-10-31,117,3042,49995007,40276410
2022-11-01,11,353,49995018,40276763
2022-11-02,145,3721,49995163,40280484
2022-11-03,174,4788,49995337,40285272
2022-11-04,225,4603,49995562,40289875
2022-11-05,144,2598,49995706,40292473
2022-11-06,10,261,49995716,40292734
2022-11-07,169,3225,49995885,40295959
2022-11-08,260,4251,49996145,40300210
2022-11-09,197,4331,49996342,40304541
2022-11-10,183,4597,49996525,40309138
2022-11-11,193,4221,49996718,40313359
2022-11-12,152,2377,49996870,40315736
2022-11-13,7,338,49996877,40316074
2022-11-14,149,2838,49997026,40318912
2022-11-15,202,3748,49997228,40322660
2022-11-16,217,3991,49997445,40326651
2022-11-17,191,4104,49997636,40330755
2022-11-18,247,4031,49997883,40334786
2022-11-19,112,2104,49997995,40336890
2022-11-20,24,317,49998019,40337207
2022-11-21,119,2620,49998138,40339827
2022-11-22,143,3214,49998281,40343041
2022-11-23,190,3624,49998471,40346665
2022-11-24,156,3835,49998627,40350500
2022-11-25,184,3785,49998811,40354285
2022-11-26,132,2093,49998943,40356378
2022-11-27,22,356,49998965,40356734
2022-11-28,182,2682,49999147,40359416
2022-11-29,257,3229,49999404,40362645
2022-11-30,182,3731,49999586,40366376
2022-12-01,150,3621,49999736,40369997
2022-12-02,156,3524,49999892,40373521
2022-12-03,105,1968,49999997,40375489
2022-12-04,5,290,50000002,40375779
2022-12-05,128,2851,50000130,40378630
2022-12-06,176,3649,50000306,40382279
2022-12-07,135,3129,50000441,40385408
2022-12-08,8,169,50000449,40385577
2022-12-09,160,3019,50000609,40388596
2022-12-10,78,1603,50000687,40390199
2022-12-11,7,193,50000694,40390392
2022-12-12,170,2529,50000864,40392921
2022-12-13,254,3032,50001118,40395953
2022-12-14,226,3203,50001344,40399156
2022-12-15,204,3241,50001548,40402397
2022-12-16,162,3155,50001710,40405552
2022-12-17,94,1676,50001804,40407228
2022-12-18,10,270,50001814,40407498
2022-12-19,144,2150,50001958,40409648
2022-12-20,210,2489,50002168,40412137
2022-12-21,153,2188,50002321,40414325
2022-12-22,140,1855,50002461,40416180
2022-12-23,149,1201,50002610,40417381
2022-12-24,32,160,50002642,40417541
2022-12-25,0,6,50002642,40417547
2022-12-26,6,41,50002648,40417588
2022-12-27,131,1546,50002779,40419134
2022-12-28,130,1736,50002909,40420870
2022-12-29,93,1597,50003002,40422467