data_somministrazione,vaccinazioni,booster,cum_vaccinazioni,cum_booster
2020-12-27,20,0,20,0
2020-12-28,2,0,22,0
2020-12-29,1,0,23,0
2020-12-30,10,0,33,0
2020-12-31,74,0,107,0
2021-01-01,25,0,132,0
2021-01-02,138,0,270,0
2021-01-03,100,0,370,0
2021-01-04,231,0,601,0
2021-01-05,277,0,878,0
2021-01-06,243,0,1121,0
2021-01-07,319,0,1440,0
2021-01-08,373,0,1813,0
2021-01-09,280,0,2093,0
2021-01-10,165,0,2258,0
2021-01-11,301,0,2559,0
2021-01-12,281,0,2840,0
2021-01-13,412,0,3252,0
2021-01-14,501,0,3753,0
2021-01-15,316,0,4069,0
2021-01-16,222,0,4291,0
2021-01-17,3063,0,7354,0
2021-01-18,5219,0,12573,0
2021-01-19,1894,0,14467,0
2021-01-20,4659,0,19126,0
2021-01-21,20008,0,39134,0
2021-01-22,14220,0,53354,0
2021-01-23,33325,0,86679,0
2021-01-24,30777,0,117456,0
2021-01-25,64712,0,182168,0
2021-01-26,76468,0,258636,0
2021-01-27,64815,0,323451,0
2021-01-28,89257,0,412708,0
2021-01-29,94001,0,506709,0
2021-01-30,86545,0,593254,0
2021-01-31,57325,0,650579,0
2021-02-01,81840,0,732419,0
2021-02-02,82135,0,814554,0
2021-02-03,91107,0,905661,0
2021-02-04,95387,0,1001048,0
2021-02-05,90265,0,1091313,0
2021-02-06,63446,0,1154759,0
2021-02-07,32934,0,1187693,0
2021-02-08,40424,0,1228117,0
2021-02-09,32878,0,1260995,0
2021-02-10,28434,0,1289429,0
2021-02-11,20405,0,1309834,0
2021-02-12,16248,0,1326082,0
2021-02-13,7279,0,1333361,0
2021-02-14,2862,0,1336223,0
2021-02-15,6846,0,1343069,0
2021-02-16,7004,0,1350073,0
2021-02-17,10526,0,1360599,0
2021-02-18,9254,0,1369853,0
2021-02-19,8254,0,1378107,0
2021-02-20,5577,0,1383684,0
2021-02-21,3012,0,1386696,0
2021-02-22,6882,0,1393578,0
2021-02-23,7186,0,1400764,0
2021-02-24,9812,0,1410576,0
2021-02-25,14213,0,1424789,0
2021-02-26,17557,0,1442346,0
2021-02-27,13916,0,1456262,0
2021-02-28,9394,0,1465656,0
2021-03-01,26521,0,1492177,0
2021-03-02,33246,0,1525423,0
2021-03-03,44645,0,1570068,0
2021-03-04,50299,0,1620367,0
2021-03-05,55740,0,1676107,0
2021-03-06,41877,0,1717984,0
2021-03-07,22329,0,1740313,0
2021-03-08,50831,0,1791144,0
2021-03-09,53087,0,1844231,0
2021-03-10,58680,0,1902911,0
2021-03-11,63878,0,1966789,0
2021-03-12,65130,0,2031919,0
2021-03-13,51728,0,2083647,0
2021-03-14,35420,0,2119067,0
2021-03-15,73458,0,2192525,0
2021-03-16,74027,0,2266552,0
2021-03-17,83138,0,2349690,0
2021-03-18,81627,0,2431317,0
2021-03-19,81090,0,2512407,0
2021-03-20,64735,0,2577142,0
2021-03-21,47311,0,2624453,0
2021-03-22,69496,0,2693949,0
2021-03-23,75810,0,2769759,0
2021-03-24,90920,0,2860679,0
2021-03-25,89820,0,2950499,0
2021-03-26,83642,0,3034141,0
2021-03-27,71953,0,3106094,0
2021-03-28,44176,0,3150270,0
2021-03-29,70845,0,3221115,0
2021-03-30,81401,0,3302516,0
2021-03-31,96258,0,3398774,0
2021-04-01,95325,0,3494099,0
2021-04-02,84084,0,3578183,0
2021-04-03,64302,0,3642485,0
2021-04-04,21724,0,3664209,0
2021-04-05,40319,0,3704528,0
2021-04-06,81335,0,3785863,0
2021-04-07,95839,0,3881702,0
2021-04-08,95256,0,3976958,0
2021-04-09,88501,0,4065459,0
2021-04-10,74033,0,4139492,0
2021-04-11,44768,0,4184260,0
2021-04-12,66918,0,4251178,0
2021-04-13,72588,0,4323766,0
2021-04-14,85550,0,4409316,0
2021-04-15,105423,0,4514739,0
2021-04-16,106425,0,4621164,0
2021-04-17,90526,0,4711690,0
2021-04-18,58597,0,4770287,0
2021-04-19,93434,0,4863721,0
2021-04-20,103775,0,4967496,0
2021-04-21,125341,0,5092837,0
2021-04-22,143523,0,5236360,0
2021-04-23,138749,0,5375109,0
2021-04-24,124454,0,5499563,0
2021-04-25,61468,0,5561031,0
2021-04-26,97907,0,5658938,0
2021-04-27,128369,0,5787307,0
2021-04-28,156385,0,5943692,0
2021-04-29,195614,0,6139306,0
2021-04-30,214605,0,6353911,0
2021-05-01,174136,0,6528047,0
2021-05-02,135803,0,6663850,0
2021-05-03,142067,0,6805917,0
2021-05-04,158709,0,6964626,0
2021-05-05,170538,0,7135164,0
2021-05-06,197819,0,7332983,0
2021-05-07,213870,0,7546853,0
2021-05-08,213439,0,7760292,0
2021-05-09,143218,0,7903510,0
2021-05-10,165102,0,8068612,0
2021-05-11,175003,0,8243615,0
2021-05-12,179216,0,8422831,0
2021-05-13,203416,0,8626247,0
2021-05-14,222939,0,8849186,0
2021-05-15,210387,0,9059573,0
2021-05-16,159285,0,9218858,0
2021-05-17,219217,0,9438075,0
2021-05-18,213030,0,9651105,0
2021-05-19,207097,0,9858202,0
2021-05-20,270886,0,10129088,0
2021-05-21,270907,0,10399995,0
2021-05-22,245542,0,10645537,0
2021-05-23,197188,0,10842725,0
2021-05-24,228308,0,11071033,0
2021-05-25,245699,0,11316732,0
2021-05-26,277513,0,11594245,0
2021-05-27,311098,0,11905343,0
2021-05-28,299583,0,12204926,0
2021-05-29,231243,0,12436169,0
2021-05-30,170849,0,12607018,0
2021-05-31,216436,0,12823454,0
2021-06-01,207640,0,13031094,0
2021-06-02,115804,0,13146898,0
2021-06-03,180169,0,13327067,0
2021-06-04,184917,0,13511984,0
2021-06-05,185991,0,13697975,0
2021-06-06,139579,0,13837554,0
2021-06-07,161901,0,13999455,0
2021-06-08,171276,0,14170731,0
2021-06-09,171517,0,14342248,0
2021-06-10,174145,0,14516393,0
2021-06-11,170014,0,14686407,0
2021-06-12,128374,0,14814781,0
2021-06-13,91223,0,14906004,0
2021-06-14,214709,0,15120713,0
2021-06-15,228452,0,15349165,0
2021-06-16,253109,0,15602274,0
2021-06-17,301769,0,15904043,0
2021-06-18,306325,0,16210368,0
2021-06-19,275117,0,16485485,0
2021-06-20,220811,0,16706296,0
2021-06-21,288096,0,16994392,0
2021-06-22,296248,0,17290640,0
2021-06-23,302703,0,17593343,0
2021-06-24,332617,0,17925960,0
2021-06-25,348727,0,18274687,0
2021-06-26,300144,0,18574831,0
2021-06-27,228689,0,18803520,0
2021-06-28,307144,0,19110664,0
2021-06-29,329325,0,19439989,0
2021-06-30,342208,0,19782197,0
2021-07-01,363243,0,20145440,0
2021-07-02,368495,0,20513935,0
2021-07-03,371099,0,20885034,0
2021-07-04,283237,0,21168271,0
2021-07-05,384560,0,21552831,0
2021-07-06,385487,0,21938318,0
2021-07-07,412138,0,22350456,0
2021-07-08,479593,0,22830049,0
2021-07-09,498466,0,23328515,0
2021-07-10,475171,0,23803686,0
2021-07-11,357696,0,24161382,0
2021-07-12,485879,0,24647261,0
2021-07-13,492084,0,25139345,0
2021-07-14,480443,0,25619788,0
2021-07-15,523436,0,26143224,0
2021-07-16,509758,0,26652982,0
2021-07-17,464328,0,27117310,0
2021-07-18,364640,0,27481950,0
2021-07-19,463032,0,27944982,0
2021-07-20,458050,0,28403032,0
2021-07-21,462787,0,28865819,0
2021-07-22,475384,0,29341203,0
2021-07-23,441319,0,29782522,0
2021-07-24,386146,0,30168668,0
2021-07-25,287557,0,30456225,0
2021-07-26,430890,0,30887115,0
2021-07-27,440111,0,31327226,0
2021-07-28,391018,0,31718244,0
2021-07-29,372073,0,32090317,0
2021-07-30,341514,0,32431831,0
2021-07-31,287039,0,32718870,0
2021-08-01,191000,0,32909870,0
2021-08-02,333707,0,33243577,0
2021-08-03,323182,0,33566759,0
2021-08-04,310983,0,33877742,0
2021-08-05,292486,0,34170228,0
2021-08-06,260036,0,34430264,0
2021-08-07,199061,0,34629325,0
2021-08-08,153107,0,34782432,0
2021-08-09,234084,0,35016516,0
2021-08-10,205271,0,35221787,0
2021-08-11,193785,0,35415572,0
2021-08-12,168056,0,35583628,0
2021-08-13,148656,0,35732284,0
2021-08-14,66101,0,35798385,0
2021-08-15,26341,0,35824726,0
2021-08-16,114709,0,35939435,0
2021-08-17,129251,0,36068686,0
2021-08-18,128765,0,36197451,0
2021-08-19,124839,0,36322290,0
2021-08-20,123798,0,36446088,0
2021-08-21,83134,0,36529222,0
2021-08-22,68178,0,36597400,0
2021-08-23,176871,0,36774271,0
2021-08-24,156896,0,36931167,0
2021-08-25,177172,0,37108339,0
2021-08-26,172354,0,37280693,0
2021-08-27,185828,0,37466521,0
2021-08-28,140285,0,37606806,0
2021-08-29,98992,0,37705798,0
2021-08-30,209586,0,37915384,0
2021-08-31,194643,0,38110027,0
2021-09-01,192214,0,38302241,0
2021-09-02,189934,0,38492175,0
2021-09-03,191289,0,38683464,0
2021-09-04,131451,0,38814915,0
2021-09-05,87850,0,38902765,0
2021-09-06,193607,0,39096372,0
2021-09-07,196039,0,39292411,0
2021-09-08,187867,0,39480278,0
2021-09-09,201431,0,39681709,0
2021-09-10,198062,0,39879771,0
2021-09-11,141289,0,40021060,0
2021-09-12,89591,0,40110651,0
2021-09-13,191114,633,40301765,633
2021-09-14,177220,638,40478985,1271
2021-09-15,163081,643,40642066,1914
2021-09-16,160050,989,40802116,2903
2021-09-17,150162,1161,40952278,4064
2021-09-18,127981,772,41080259,4836
2021-09-19,81141,507,41161400,5343
2021-09-20,180067,9118,41341467,14461
2021-09-21,166670,8856,41508137,23317
2021-09-22,159109,9461,41667246,32778
2021-09-23,138091,9355,41805337,42133
2021-09-24,140555,9004,41945892,51137
2021-09-25,119560,5668,42065452,56805
2021-09-26,71991,4361,42137443,61166
2021-09-27,135666,10075,42273109,71241
2021-09-28,117517,11419,42390626,82660
2021-09-29,112370,11850,42502996,94510
2021-09-30,110281,14979,42613277,109489
2021-10-01,94992,19140,42708269,128629
2021-10-02,78518,14041,42786787,142670
2021-10-03,47758,7668,42834545,150338
2021-10-04,88391,34478,42922936,184816
2021-10-05,80382,34012,43003318,218828
2021-10-06,72005,34203,43075323,253031
2021-10-07,71876,34370,43147199,287401
2021-10-08,80633,33621,43227832,321022
2021-10-09,76112,22190,43303944,343212
2021-10-10,45788,13630,43349732,356842
2021-10-11,87446,41129,43437178,397971
2021-10-12,84517,46929,43521695,444900
2021-10-13,88209,52162,43609904,497062
2021-10-14,91549,58553,43701453,555615
2021-10-15,93600,55671,43795053,611286
2021-10-16,82968,36822,43878021,648108
2021-10-17,51463,23857,43929484,671965
2021-10-18,90301,59515,44019785,731480
2021-10-19,78350,69402,44098135,800882
2021-10-20,75064,78203,44173199,879085
2021-10-21,78294,81805,44251493,960890
2021-10-22,73770,77076,44325263,1037966
2021-10-23,60834,51973,44386097,1089939
2021-10-24,33367,23479,44419464,1113418
2021-10-25,64898,81662,44484362,1195080
2021-10-26,58374,91830,44542736,1286910
2021-10-27,58315,104028,44601051,1390938
2021-10-28,61450,114152,44662501,1505090
2021-10-29,61638,103175,44724139,1608265
2021-10-30,50678,68139,44774817,1676404
2021-10-31,25160,28308,44799977,1704712
2021-11-01,19048,28158,44819025,1732870
2021-11-02,62740,89431,44881765,1822301
2021-11-03,60716,118696,44942481,1940997
2021-11-04,59237,126697,45001718,2067694
2021-11-05,63095,135216,45064813,2202910
2021-11-06,46486,90938,45111299,2293848
2021-11-07,22250,37904,45133549,2331752
2021-11-08,51529,131292,45185078,2463044
2021-11-09,45401,144236,45230479,2607280
2021-11-10,42593,156370,45273072,2763650
2021-11-11,44928,155167,45318000,2918817
2021-11-12,46311,158679,45364311,3077496
2021-11-13,33264,116676,45397575,3194172
2021-11-14,14491,52459,45412066,3246631
2021-11-15,36909,157443,45448975,3404074
2021-11-16,30567,171401,45479542,3575475
2021-11-17,28469,178460,45508011,3753935
2021-11-18,30294,193761,45538305,3947696
2021-11-19,28814,205882,45567119,4153578
2021-11-20,21003,156459,45588122,4310037
2021-11-21,10611,64871,45598733,4374908
2021-11-22,21956,213161,45620689,4588069
2021-11-23,23603,241795,45644292,4829864
2021-11-24,27807,271045,45672099,5100909
2021-11-25,23265,301932,45695364,5402841
2021-11-26,24598,318303,45719962,5721144
2021-11-27,21402,266167,45741364,5987311
2021-11-28,9908,137067,45751272,6124378
2021-11-29,22363,326074,45773635,6450452
2021-11-30,23114,365863,45796749,6816315
2021-12-01,21551,413528,45818300,7229843
2021-12-02,23790,440438,45842090,7670281
2021-12-03,25270,467529,45867360,8137810
2021-12-04,22393,418793,45889753,8556603
2021-12-05,11944,261365,45901697,8817968
2021-12-06,25839,457628,45927536,9275596
2021-12-07,24155,480303,45951691,9755899
2021-12-08,10028,249719,45961719,10005618
2021-12-09,31618,491959,45993337,10497577
2021-12-10,28096,517926,46021433,11015503
2021-12-11,23583,459275,46045016,11474778
2021-12-12,12318,293525,46057334,11768303
2021-12-13,26172,467653,46083506,12235956
2021-12-14,25201,494235,46108707,12730191
2021-12-15,25367,517190,46134074,13247381
2021-12-16,27919,520301,46161993,13767682
2021-12-17,29394,517216,46191387,14284898
2021-12-18,27103,468776,46218490,14753674
2021-12-19,15169,300540,46233659,15054214
2021-12-20,30669,477502,46264328,15531716
2021-12-21,30405,493431,46294733,16025147
2021-12-22,29476,484750,46324209,16509897
2021-12-23,28285,426954,46352494,16936851
2021-12-24,13123,210841,46365617,17147692
2021-12-25,2104,33053,46367721,17180745
2021-12-26,8775,159076,46376496,17339821
2021-12-27,46843,504690,46423339,17844511
2021-12-28,42505,554252,46465844,18398763
2021-12-29,34393,550675,46500237,18949438
2021-12-30,31885,499862,46532122,19449300
2021-12-31,14142,247406,46546264,19696706
2022-01-01,3498,64815,46549762,19761521
2022-01-02,22818,276726,46572580,20038247
2022-01-03,47923,520035,46620503,20558282
2022-01-04,46456,572100,46666959,21130382
2022-01-05,40827,560415,46707786,21690797
2022-01-06,23531,274491,46731317,21965288
2022-01-07,63786,554219,46795103,22519507
2022-01-08,60956,503411,46856059,23022918
2022-01-09,42944,319701,46899003,23342619
2022-01-10,61155,542324,46960158,23884943
2022-01-11,61825,587036,47021983,24471979
2022-01-12,58531,581303,47080514,25053282
2022-01-13,58692,580429,47139206,25633711
2022-01-14,46914,588609,47186120,26222320
2022-01-15,39536,569980,47225656,26792300
2022-01-16,31299,341887,47256955,27134187
2022-01-17,54841,489685,47311796,27623872
2022-01-18,58460,517048,47370256,28140920
2022-01-19,57254,502821,47427510,28643741
2022-01-20,54407,498858,47481917,29142599
2022-01-21,42162,493898,47524079,29636497
2022-01-22,31274,469615,47555353,30106112
2022-01-23,34974,275387,47590327,30381499
2022-01-24,56223,437242,47646550,30818741
2022-01-25,61588,452130,47708138,31270871
2022-01-26,58574,435845,47766712,31706716
2022-01-27,48882,432398,47815594,32139114
2022-01-28,58740,436556,47874334,32575670
2022-01-29,68177,412509,47942511,32988179
2022-01-30,50404,235985,47992915,33224164
2022-01-31,60690,356943,48053605,33581107
2022-02-01,65601,328462,48119206,33909569
2022-02-02,63239,296990,48182445,34206559
2022-02-03,60086,274528,48242531,34481087
2022-02-04,72400,268467,48314931,34749554
2022-02-05,83813,248548,48398744,34998102
2022-02-06,55305,116207,48454049,35114309
2022-02-07,65174,199946,48519223,35314255
2022-02-08,66952,186124,48586175,35500379
2022-02-09,58773,166350,48644948,35666729
2022-02-10,58594,163245,48703542,35829974
2022-02-11,62273,162473,48765815,35992447
2022-02-12,72001,152153,48837816,36144600
2022-02-13,41478,68854,48879294,36213454
2022-02-14,46707,116190,48926001,36329644
2022-02-15,48556,123481,48974557,36453125
2022-02-16,45684,106127,49020241,36559252
2022-02-17,42869,98118,49063110,36657370
2022-02-18,46630,112583,49109740,36769953
2022-02-19,52543,100338,49162283,36870291
2022-02-20,31412,40368,49193695,36910659
2022-02-21,37900,89658,49231595,37000317
2022-02-22,37226,83780,49268821,37084097
2022-02-23,33400,79409,49302221,37163506
2022-02-24,32562,78164,49334783,37241670
2022-02-25,34769,90713,49369552,37332383
2022-02-26,39160,89136,49408712,37421519
2022-02-27,22548,35857,49431260,37457376
2022-02-28,28483,81695,49459743,37539071
2022-03-01,22724,53942,49482467,37593013
2022-03-02,21957,50685,49504424,37643698
2022-03-03,22630,54947,49527054,37698645
2022-03-04,23240,62799,49550294,37761444
2022-03-05,23802,57952,49574096,37819396
2022-03-06,9473,17201,49583569,37836597
2022-03-07,15921,51392,49599490,37887989
2022-03-08,15480,48795,49614970,37936784
2022-03-09,13814,46519,49628784,37983303
2022-03-10,14053,52123,49642837,38035426
2022-03-11,15589,57270,49658426,38092696
2022-03-12,15509,56619,49673935,38149315
2022-03-13,5545,16852,49679480,38166167
2022-03-14,10526,46701,49690006,38212868
2022-03-15,10550,46895,49700556,38259763
2022-03-16,9482,41974,49710038,38301737
2022-03-17,9722,44874,49719760,38346611
2022-03-18,10160,49058,49729920,38395669
2022-03-19,9151,46536,49739071,38442205
2022-03-20,2608,11704,49741679,38453909
2022-03-21,7580,40226,49749259,38494135
2022-03-22,8447,37764,49757706,38531899
2022-03-23,7216,33700,49764922,38565599
2022-03-24,8258,38819,49773180,38604418
2022-03-25,8141,43670,49781321,38648088
2022-03-26,8126,41721,49789447,38689809
2022-03-27,2431,9682,49791878,38699491
2022-03-28,6112,35241,49797990,38734732
2022-03-29,5779,32531,49803769,38767263
2022-03-30,5566,30205,49809335,38797468
2022-03-31,5901,33185,49815236,38830653
2022-04-01,4349,25190,49819585,38855843
2022-04-02,4496,23274,49824081,38879117
2022-04-03,1049,4500,49825130,38883617
2022-04-04,3658,21544,49828788,38905161
2022-04-05,3756,22934,49832544,38928095
2022-04-06,4103,21853,49836647,38949948
2022-04-07,3971,23320,49840618,38973268
2022-04-08,4696,26713,49845314,38999981
2022-04-09,4383,23887,49849697,39023868
2022-04-10,892,4613,49850589,39028481
2022-04-11,3818,22689,49854407,39051170
2022-04-12,3365,21778,49857772,39072948
2022-04-13,3568,21335,49861340,39094283
2022-04-14,3486,23786,49864826,39118069
2022-04-15,3084,20620,49867910,39138689
2022-04-16,2149,11918,49870059,39150607
2022-04-17,63,348,49870122,39150955
2022-04-18,152,650,49870274,39151605
2022-04-19,3499,21982,49873773,39173587
2022-04-20,3510,20252,49877283,39193839
2022-04-21,2847,19790,49880130,39213629
2022-04-22,2928,20704,49883058,39234333
2022-04-23,2646,16220,49885704,39250553
2022-04-24,509,2334,49886213,39252887
2022-04-25,183,1165,49886396,39254052
2022-04-26,2759,17809,49889155,39271861
2022-04-27,2374,15793,49891529,39287654
2022-04-28,2361,15562,49893890,39303216
2022-04-29,2296,14848,49896186,39318064
2022-04-30,2123,11582,49898309,39329646
2022-05-01,113,531,49898422,39330177
2022-05-02,1451,9391,49899873,39339568
2022-05-03,1576,10321,49901449,39349889
2022-05-04,1745,10270,49903194,39360159
2022-05-05,1654,10296,49904848,39370455
2022-05-06,1702,10965,49906550,39381420
2022-05-07,1431,8570,49907981,39389990
2022-05-08,416,1523,49908397,39391513
2022-05-09,1027,8929,49909424,39400442
2022-05-10,1426,9548,49910850,39409990
2022-05-11,1483,10105,49912333,39420095
2022-05-12,1370,10131,49913703,39430226
2022-05-13,1596,10518,49915299,39440744
2022-05-14,1358,8237,49916657,39448981
2022-05-15,336,1134,49916993,39450115
2022-05-16,813,8405,49917806,39458520
2022-05-17,1243,8697,49919049,39467217
2022-05-18,1372,9233,49920421,39476450
2022-05-19,1500,9278,49921921,39485728
2022-05-20,1422,9532,49923343,39495260
2022-05-21,1300,7900,49924643,39503160
2022-05-22,231,1014,49924874,39504174
2022-05-23,830,8270,49925704,39512444
2022-05-24,1073,8672,49926777,39521116
2022-05-25,1370,9460,49928147,39530576
2022-05-26,1195,9479,49929342,39540055
2022-05-27,1232,9915,49930574,39549970
2022-05-28,1205,7887,49931779,39557857
2022-05-29,288,1265,49932067,39559122
2022-05-30,930,8057,49932997,39567179
2022-05-31,1037,8547,49934034,39575726
2022-06-01,893,7655,49934927,39583381
2022-06-02,35,474,49934962,39583855
2022-06-03,818,7333,49935780,39591188
2022-06-04,870,5163,49936650,39596351
2022-06-05,89,586,49936739,39596937
2022-06-06,678,7003,49937417,39603940
2022-06-07,952,7849,49938369,39611789
2022-06-08,981,7908,49939350,39619697
2022-06-09,1036,8416,49940386,39628113
2022-06-10,958,8564,49941344,39636677
2022-06-11,903,6207,49942247,39642884
2022-06-12,140,768,49942387,39643652
2022-06-13,602,6301,49942989,39649953
2022-06-14,831,7902,49943820,39657855
2022-06-15,960,7854,49944780,39665709
2022-06-16,730,7396,49945510,39673105
2022-06-17,724,7247,49946234,39680352
2022-06-18,777,5593,49947011,39685945
2022-06-19,48,522,49947059,39686467
2022-06-20,587,6699,49947646,39693166
2022-06-21,737,7665,49948383,39700831
2022-06-22,781,7308,49949164,39708139
2022-06-23,652,7468,49949816,39715607
2022-06-24,644,7473,49950460,39723080
2022-06-25,835,6535,49951295,39729615
2022-06-26,128,523,49951423,39730138
2022-06-27,533,7126,49951956,39737264
2022-06-28,746,8207,49952702,39745471
2022-06-29,756,7731,49953458,39753202
2022-06-30,746,8145,49954204,39761347
2022-07-01,577,6443,49954781,39767790
2022-07-02,536,4770,49955317,39772560
2022-07-03,49,456,49955366,39773016
2022-07-04,469,6277,49955835,39779293
2022-07-05,630,8118,49956465,39787411
2022-07-06,633,7611,49957098,39795022
2022-07-07,573,8270,49957671,39803292
2022-07-08,673,8083,49958344,39811375
2022-07-09,550,6104,49958894,39817479
2022-07-10,58,533,49958952,39818012
2022-07-11,488,7638,49959440,39825650
2022-07-12,667,9030,49960107,39834680
2022-07-13,643,10068,49960750,39844748
2022-07-14,636,10225,49961386,39854973
2022-07-15,625,10666,49962011,39865639
2022-07-16,522,7214,49962533,39872853
2022-07-17,48,770,49962581,39873623
2022-07-18,496,9369,49963077,39882992
2022-07-19,575,10683,49963652,39893675
2022-07-20,580,11274,49964232,39904949
2022-07-21,628,12088,49964860,39917037
2022-07-22,584,11257,49965444,39928294
2022-07-23,381,6773,49965825,39935067
2022-07-24,76,857,49965901,39935924
2022-07-25,503,9051,49966404,39944975
2022-07-26,519,9760,49966923,39954735
2022-07-27,553,10207,49967476,39964942
2022-07-28,532,10535,49968008,39975477
2022-07-29,509,9464,49968517,39984941
2022-07-30,382,5881,49968899,39990822
2022-07-31,49,764,49968948,39991586
2022-08-01,386,6863,49969334,39998449
2022-08-02,543,7588,49969877,40006037
2022-08-03,511,7177,49970388,40013214
2022-08-04,456,7488,49970844,40020702
2022-08-05,420,6528,49971264,40027230
2022-08-06,299,3613,49971563,40030843
2022-08-07,44,561,49971607,40031404
2022-08-08,402,4891,49972009,40036295
2022-08-09,380,5310,49972389,40041605
2022-08-10,384,4816,49972773,40046421
2022-08-11,369,4783,49973142,40051204
2022-08-12,293,3720,49973435,40054924
2022-08-13,143,1600,49973578,40056524
2022-08-14,9,129,49973587,40056653
2022-08-15,1,26,49973588,40056679
2022-08-16,283,3043,49973871,40059722
2022-08-17,352,3536,49974223,40063258
2022-08-18,392,4161,49974615,40067419
2022-08-19,341,3320,49974956,40070739
2022-08-20,183,1715,49975139,40072454
2022-08-21,24,149,49975163,40072603
2022-08-22,329,2952,49975492,40075555
2022-08-23,370,3674,49975862,40079229
2022-08-24,384,3359,49976246,40082588
2022-08-25,421,3773,49976667,40086361
2022-08-26,399,3573,49977066,40089934
2022-08-27,237,1769,49977303,40091703
2022-08-28,29,267,49977332,40091970
2022-08-29,354,3161,49977686,40095131
2022-08-30,403,3671,49978089,40098802
2022-08-31,437,3735,49978526,40102537
2022-09-01,353,3116,49978879,40105653
2022-09-02,296,2893,49979175,40108546
2022-09-03,200,1688,49979375,40110234
2022-09-04,23,149,49979398,40110383
2022-09-05,187,2656,49979585,40113039
2022-09-06,303,2983,49979888,40116022
2022-09-07,540,2937,49980428,40118959
2022-09-08,292,2962,49980720,40121921
2022-09-09,305,2884,49981025,40124805
2022-09-10,227,1326,49981252,40126131
2022-09-11,23,124,49981275,40126255
2022-09-12,267,2267,49981542,40128522
2022-09-13,253,2276,49981795,40130798
2022-09-14,266,2565,49982061,40133363
2022-09-15,281,2497,49982342,40135860
2022-09-16,254,2544,49982596,40138404
2022-09-17,239,1339,49982835,40139743
2022-09-18,20,170,49982855,40139913
2022-09-19,206,1970,49983061,40141883
2022-09-20,236,2387,49983297,40144270
2022-09-21,289,2526,49983586,40146796
2022-09-22,264,2662,49983850,40149458
2022-09-23,258,2542,49984108,40152000
2022-09-24,193,1427,49984301,40153427
2022-09-25,29,133,49984330,40153560
2022-09-26,280,2248,49984610,40155808
2022-09-27,287,2683,49984897,40158491
2022-09-28,309,2896,49985206,40161387
2022-09-29,257,3048,49985463,40164435
2022-09-30,291,2988,49985754,40167423
2022-10-01,195,1515,49985949,40168938
2022-10-02,12,187,49985961,40169125
2022-10-03,182,2474,49986143,40171599
2022-10-04,236,2865,49986379,40174464
2022-10-05,229,3249,49986608,40177713
2022-10-06,243,3874,49986851,40181587
2022-10-07,282,4186,49987133,40185773
2022-10-08,202,2270,49987335,40188043
2022-10-09,8,304,49987343,40188347
2022-10-10,210,3354,49987553,40191701
2022-10-11,192,4374,49987745,40196075
2022-10-12,209,4435,49987954,40200510
2022-10-13,201,5301,49988155,40205811
2022-10-14,231,5022,49988386,40210833
2022-10-15,189,2671,49988575,40213504
2022-10-16,6,360,49988581,40213864
2022-10-17,185,3868,49988766,40217732
2022-10-18,257,4958,49989023,40222690
2022-10-19,242,5466,49989265,40228156
2022-10-20,224,5988,49989489,40234144
2022-10-21,249,5471,49989738,40239615
2022-10-22,195,2909,49989933,40242524
2022-10-23,13,356,49989946,40242880
2022-10-24,171,3918,49990117,40246798
2022-10-25,251,4919,49990368,40251717
2022-10-26,342,5479,49990710,40257196
2022-10-27,239,5661,49990949,40262857
2022-10-28,198,5254,49991147,40268111
2022-10-29,128,2844,49991275,40270955
2022-10-30,3,326,49991278,40271281
2022-10-31,117,3035,49991395,40274316
2022-11-01,10,330,49991405,40274646
2022-11-02,143,3703,49991548,40278349
2022-11-03,172,4771,49991720,40283120
2022-11-04,224,4589,49991944,40287709
2022-11-05,143,2590,49992087,40290299
2022-11-06,10,258,49992097,40290557
2022-11-07,161,3217,49992258,40293774
2022-11-08,259,4213,49992517,40297987
2022-11-09,197,4306,49992714,40302293
2022-11-10,181,4569,49992895,40306862
2022-11-11,189,4204,49993084,40311066
2022-11-12,153,2353,49993237,40313419
2022-11-13,7,335,49993244,40313754
2022-11-14,150,2827,49993394,40316581
2022-11-15,200,3716,49993594,40320297
2022-11-16,210,3942,49993804,40324239
2022-11-17,191,4051,49993995,40328290
2022-11-18,247,3972,49994242,40332262
2022-11-19,112,2064,49994354,40334326
2022-11-20,24,312,49994378,40334638
2022-11-21,119,2592,49994497,40337230
2022-11-22,141,3154,49994638,40340384
2022-11-23,187,3567,49994825,40343951
2022-11-24,126,3372,49994951,40347323
2022-11-25,170,3539,49995121,40350862
2022-11-26,130,2051,49995251,40352913
2022-11-27,22,353,49995273,40353266
2022-11-28,94,1453,49995367,40354719