data_somministrazione,vaccinazioni,booster,cum_vaccinazioni,cum_booster
2020-12-27,20,0,20,0
2020-12-28,2,0,22,0
2020-12-29,1,0,23,0
2020-12-30,8,0,31,0
2020-12-31,72,0,103,0
2021-01-01,23,0,126,0
2021-01-02,127,0,253,0
2021-01-03,89,0,342,0
2021-01-04,215,0,557,0
2021-01-05,255,0,812,0
2021-01-06,223,0,1035,0
2021-01-07,306,0,1341,0
2021-01-08,350,0,1691,0
2021-01-09,263,0,1954,0
2021-01-10,158,0,2112,0
2021-01-11,286,0,2398,0
2021-01-12,275,0,2673,0
2021-01-13,401,0,3074,0
2021-01-14,486,0,3560,0
2021-01-15,305,0,3865,0
2021-01-16,213,0,4078,0
2021-01-17,3060,0,7138,0
2021-01-18,5215,0,12353,0
2021-01-19,1893,0,14246,0
2021-01-20,4656,0,18902,0
2021-01-21,20005,0,38907,0
2021-01-22,14220,0,53127,0
2021-01-23,33327,0,86454,0
2021-01-24,30785,0,117239,0
2021-01-25,64723,0,181962,0
2021-01-26,76491,0,258453,0
2021-01-27,64824,0,323277,0
2021-01-28,89271,0,412548,0
2021-01-29,94012,0,506560,0
2021-01-30,86556,0,593116,0
2021-01-31,57330,0,650446,0
2021-02-01,81853,0,732299,0
2021-02-02,82141,0,814440,0
2021-02-03,91114,0,905554,0
2021-02-04,95395,0,1000949,0
2021-02-05,90272,0,1091221,0
2021-02-06,63449,0,1154670,0
2021-02-07,32932,0,1187602,0
2021-02-08,40424,0,1228026,0
2021-02-09,32867,0,1260893,0
2021-02-10,28427,0,1289320,0
2021-02-11,20401,0,1309721,0
2021-02-12,16237,0,1325958,0
2021-02-13,7271,0,1333229,0
2021-02-14,2862,0,1336091,0
2021-02-15,6841,0,1342932,0
2021-02-16,7000,0,1349932,0
2021-02-17,10524,0,1360456,0
2021-02-18,9252,0,1369708,0
2021-02-19,8250,0,1377958,0
2021-02-20,5563,0,1383521,0
2021-02-21,3002,0,1386523,0
2021-02-22,6884,0,1393407,0
2021-02-23,7173,0,1400580,0
2021-02-24,9808,0,1410388,0
2021-02-25,14211,0,1424599,0
2021-02-26,17554,0,1442153,0
2021-02-27,13914,0,1456067,0
2021-02-28,9388,0,1465455,0
2021-03-01,26518,0,1491973,0
2021-03-02,33245,0,1525218,0
2021-03-03,44644,0,1569862,0
2021-03-04,50293,0,1620155,0
2021-03-05,55734,0,1675889,0
2021-03-06,41871,0,1717760,0
2021-03-07,22322,0,1740082,0
2021-03-08,50824,0,1790906,0
2021-03-09,53075,0,1843981,0
2021-03-10,58651,0,1902632,0
2021-03-11,63868,0,1966500,0
2021-03-12,65110,0,2031610,0
2021-03-13,51720,0,2083330,0
2021-03-14,35402,0,2118732,0
2021-03-15,73447,0,2192179,0
2021-03-16,74027,0,2266206,0
2021-03-17,83130,0,2349336,0
2021-03-18,81626,0,2430962,0
2021-03-19,81081,0,2512043,0
2021-03-20,64726,0,2576769,0
2021-03-21,47301,0,2624070,0
2021-03-22,69482,0,2693552,0
2021-03-23,75800,0,2769352,0
2021-03-24,90916,0,2860268,0
2021-03-25,89803,0,2950071,0
2021-03-26,83625,0,3033696,0
2021-03-27,71941,0,3105637,0
2021-03-28,44148,0,3149785,0
2021-03-29,70827,0,3220612,0
2021-03-30,81388,0,3302000,0
2021-03-31,96240,0,3398240,0
2021-04-01,95308,0,3493548,0
2021-04-02,84073,0,3577621,0
2021-04-03,64305,0,3641926,0
2021-04-04,21718,0,3663644,0
2021-04-05,40313,0,3703957,0
2021-04-06,81319,0,3785276,0
2021-04-07,95831,0,3881107,0
2021-04-08,95242,0,3976349,0
2021-04-09,88492,0,4064841,0
2021-04-10,74032,0,4138873,0
2021-04-11,44765,0,4183638,0
2021-04-12,66917,0,4250555,0
2021-04-13,72575,0,4323130,0
2021-04-14,85542,0,4408672,0
2021-04-15,105416,0,4514088,0
2021-04-16,106418,0,4620506,0
2021-04-17,90516,0,4711022,0
2021-04-18,58592,0,4769614,0
2021-04-19,93430,0,4863044,0
2021-04-20,103769,0,4966813,0
2021-04-21,125338,0,5092151,0
2021-04-22,143518,0,5235669,0
2021-04-23,138744,0,5374413,0
2021-04-24,124445,0,5498858,0
2021-04-25,61458,0,5560316,0
2021-04-26,97895,0,5658211,0
2021-04-27,128361,0,5786572,0
2021-04-28,156372,0,5942944,0
2021-04-29,195597,0,6138541,0
2021-04-30,214586,0,6353127,0
2021-05-01,174122,0,6527249,0
2021-05-02,135802,0,6663051,0
2021-05-03,142042,0,6805093,0
2021-05-04,158696,0,6963789,0
2021-05-05,170503,0,7134292,0
2021-05-06,197811,0,7332103,0
2021-05-07,213850,0,7545953,0
2021-05-08,213415,0,7759368,0
2021-05-09,143204,0,7902572,0
2021-05-10,165082,0,8067654,0
2021-05-11,174987,0,8242641,0
2021-05-12,179184,0,8421825,0
2021-05-13,203393,0,8625218,0
2021-05-14,222923,0,8848141,0
2021-05-15,210371,0,9058512,0
2021-05-16,159277,0,9217789,0
2021-05-17,219196,0,9436985,0
2021-05-18,213022,0,9650007,0
2021-05-19,207090,0,9857097,0
2021-05-20,270867,0,10127964,0
2021-05-21,270892,0,10398856,0
2021-05-22,245524,0,10644380,0
2021-05-23,197182,0,10841562,0
2021-05-24,228310,0,11069872,0
2021-05-25,245696,0,11315568,0
2021-05-26,277503,0,11593071,0
2021-05-27,311088,0,11904159,0
2021-05-28,299574,0,12203733,0
2021-05-29,231223,0,12434956,0
2021-05-30,170840,0,12605796,0
2021-05-31,216426,0,12822222,0
2021-06-01,207635,0,13029857,0
2021-06-02,115801,0,13145658,0
2021-06-03,180148,0,13325806,0
2021-06-04,184888,0,13510694,0
2021-06-05,185964,0,13696658,0
2021-06-06,139553,0,13836211,0
2021-06-07,161876,0,13998087,0
2021-06-08,171232,0,14169319,0
2021-06-09,171491,0,14340810,0
2021-06-10,174113,0,14514923,0
2021-06-11,169990,0,14684913,0
2021-06-12,128331,0,14813244,0
2021-06-13,91190,0,14904434,0
2021-06-14,214687,0,15119121,0
2021-06-15,228424,0,15347545,0
2021-06-16,253080,0,15600625,0
2021-06-17,301737,0,15902362,0
2021-06-18,306302,0,16208664,0
2021-06-19,275089,0,16483753,0
2021-06-20,220792,0,16704545,0
2021-06-21,288074,0,16992619,0
2021-06-22,296228,0,17288847,0
2021-06-23,302695,0,17591542,0
2021-06-24,332611,0,17924153,0
2021-06-25,348713,0,18272866,0
2021-06-26,300125,0,18572991,0
2021-06-27,228669,0,18801660,0
2021-06-28,307101,0,19108761,0
2021-06-29,329294,0,19438055,0
2021-06-30,342171,0,19780226,0
2021-07-01,363216,0,20143442,0
2021-07-02,368481,0,20511923,0
2021-07-03,371097,0,20883020,0
2021-07-04,283217,0,21166237,0
2021-07-05,384547,0,21550784,0
2021-07-06,385476,0,21936260,0
2021-07-07,412114,0,22348374,0
2021-07-08,479605,0,22827979,0
2021-07-09,498482,0,23326461,0
2021-07-10,475182,0,23801643,0
2021-07-11,357697,0,24159340,0
2021-07-12,485901,0,24645241,0
2021-07-13,492115,0,25137356,0
2021-07-14,480462,0,25617818,0
2021-07-15,523455,0,26141273,0
2021-07-16,509761,0,26651034,0
2021-07-17,464343,0,27115377,0
2021-07-18,364652,0,27480029,0
2021-07-19,463057,0,27943086,0
2021-07-20,458061,0,28401147,0
2021-07-21,462797,0,28863944,0
2021-07-22,475392,0,29339336,0
2021-07-23,441323,0,29780659,0
2021-07-24,386162,0,30166821,0
2021-07-25,287557,0,30454378,0
2021-07-26,430885,0,30885263,0
2021-07-27,440129,0,31325392,0
2021-07-28,391009,0,31716401,0
2021-07-29,372074,0,32088475,0
2021-07-30,341513,0,32429988,0
2021-07-31,287031,0,32717019,0
2021-08-01,191005,0,32908024,0
2021-08-02,333704,0,33241728,0
2021-08-03,323198,0,33564926,0
2021-08-04,310975,0,33875901,0
2021-08-05,292503,0,34168404,0
2021-08-06,260016,0,34428420,0
2021-08-07,199050,0,34627470,0
2021-08-08,153110,0,34780580,0
2021-08-09,234073,0,35014653,0
2021-08-10,205252,0,35219905,0
2021-08-11,193774,0,35413679,0
2021-08-12,168035,0,35581714,0
2021-08-13,148638,0,35730352,0
2021-08-14,66093,0,35796445,0
2021-08-15,26338,0,35822783,0
2021-08-16,114702,0,35937485,0
2021-08-17,129251,0,36066736,0
2021-08-18,128749,0,36195485,0
2021-08-19,124820,0,36320305,0
2021-08-20,123789,0,36444094,0
2021-08-21,83127,0,36527221,0
2021-08-22,68169,0,36595390,0
2021-08-23,176873,0,36772263,0
2021-08-24,156897,0,36929160,0
2021-08-25,177169,0,37106329,0
2021-08-26,172364,0,37278693,0
2021-08-27,185837,0,37464530,0
2021-08-28,140281,0,37604811,0
2021-08-29,98994,0,37703805,0
2021-08-30,209600,0,37913405,0
2021-08-31,194643,0,38108048,0
2021-09-01,192209,0,38300257,0
2021-09-02,189929,0,38490186,0
2021-09-03,191294,0,38681480,0
2021-09-04,131465,0,38812945,0
2021-09-05,87858,0,38900803,0
2021-09-06,193627,0,39094430,0
2021-09-07,196036,0,39290466,0
2021-09-08,187882,0,39478348,0
2021-09-09,201446,0,39679794,0
2021-09-10,198078,0,39877872,0
2021-09-11,141297,0,40019169,0
2021-09-12,89598,0,40108767,0
2021-09-13,191127,602,40299894,602
2021-09-14,177233,614,40477127,1216
2021-09-15,163101,616,40640228,1832
2021-09-16,160074,964,40800302,2796
2021-09-17,150168,1141,40950470,3937
2021-09-18,127980,755,41078450,4692
2021-09-19,81137,501,41159587,5193
2021-09-20,180075,9102,41339662,14295
2021-09-21,166652,8846,41506314,23141
2021-09-22,159095,9447,41665409,32588
2021-09-23,138082,9342,41803491,41930
2021-09-24,140546,8980,41944037,50910
2021-09-25,119555,5654,42063592,56564
2021-09-26,71969,4351,42135561,60915
2021-09-27,135659,10063,42271220,70978
2021-09-28,117508,11408,42388728,82386
2021-09-29,112352,11838,42501080,94224
2021-09-30,110258,14964,42611338,109188
2021-10-01,94992,19121,42706330,128309
2021-10-02,78510,14030,42784840,142339
2021-10-03,47747,7665,42832587,150004
2021-10-04,88381,34466,42920968,184470
2021-10-05,80370,33996,43001338,218466
2021-10-06,71995,34187,43073333,252653
2021-10-07,71865,34361,43145198,287014
2021-10-08,80630,33606,43225828,320620
2021-10-09,76103,22183,43301931,342803
2021-10-10,45780,13623,43347711,356426
2021-10-11,87440,41118,43435151,397544
2021-10-12,84501,46921,43519652,444465
2021-10-13,88203,52137,43607855,496602
2021-10-14,91549,58533,43699404,555135
2021-10-15,93595,55649,43792999,610784
2021-10-16,82966,36802,43875965,647586
2021-10-17,51462,23842,43927427,671428
2021-10-18,90305,59499,44017732,730927
2021-10-19,78347,69392,44096079,800319
2021-10-20,75069,78191,44171148,878510
2021-10-21,78298,81775,44249446,960285
2021-10-22,73783,77056,44323229,1037341
2021-10-23,60829,51965,44384058,1089306
2021-10-24,33372,23469,44417430,1112775
2021-10-25,64908,81640,44482338,1194415
2021-10-26,58374,91819,44540712,1286234
2021-10-27,58331,104008,44599043,1390242
2021-10-28,61455,114134,44660498,1504376
2021-10-29,61638,103156,44722136,1607532
2021-10-30,50672,68131,44772808,1675663
2021-10-31,25160,28303,44797968,1703966
2021-11-01,19047,28156,44817015,1732122
2021-11-02,62743,89416,44879758,1821538
2021-11-03,60727,118677,44940485,1940215
2021-11-04,59245,126681,44999730,2066896
2021-11-05,63094,135203,45062824,2202099
2021-11-06,46483,90932,45109307,2293031
2021-11-07,22252,37900,45131559,2330931
2021-11-08,51529,131282,45183088,2462213
2021-11-09,45398,144222,45228486,2606435
2021-11-10,42586,156360,45271072,2762795
2021-11-11,44935,155149,45316007,2917944
2021-11-12,46316,158652,45362323,3076596
2021-11-13,33264,116661,45395587,3193257
2021-11-14,14490,52454,45410077,3245711
2021-11-15,36900,157438,45446977,3403149
2021-11-16,30559,171393,45477536,3574542
2021-11-17,28468,178446,45506004,3752988
2021-11-18,30285,193739,45536289,3946727
2021-11-19,28811,205868,45565100,4152595
2021-11-20,21001,156453,45586101,4309048
2021-11-21,10612,64862,45596713,4373910
2021-11-22,21944,213158,45618657,4587068
2021-11-23,23589,241759,45642246,4828827
2021-11-24,27796,271018,45670042,5099845
2021-11-25,23241,301925,45693283,5401770
2021-11-26,24589,318283,45717872,5720053
2021-11-27,21389,266160,45739261,5986213
2021-11-28,9904,137060,45749165,6123273
2021-11-29,22344,326074,45771509,6449347
2021-11-30,23105,365841,45794614,6815188
2021-12-01,21527,413508,45816141,7228696
2021-12-02,23773,440424,45839914,7669120
2021-12-03,25269,467492,45865183,8136612
2021-12-04,22379,418781,45887562,8555393
2021-12-05,11936,261355,45899498,8816748
2021-12-06,25828,457613,45925326,9274361
2021-12-07,24149,480280,45949475,9754641
2021-12-08,10013,249706,45959488,10004347
2021-12-09,31602,491948,45991090,10496295
2021-12-10,28079,517906,46019169,11014201
2021-12-11,23578,459260,46042747,11473461
2021-12-12,12311,293515,46055058,11766976
2021-12-13,26166,467639,46081224,12234615
2021-12-14,25185,494219,46106409,12728834
2021-12-15,25349,517167,46131758,13246001
2021-12-16,27898,520275,46159656,13766276
2021-12-17,29374,517194,46189030,14283470
2021-12-18,27080,468748,46216110,14752218
2021-12-19,15155,300534,46231265,15052752
2021-12-20,30643,477498,46261908,15530250
2021-12-21,30396,493402,46292304,16023652
2021-12-22,29462,484727,46321766,16508379
2021-12-23,28263,426925,46350029,16935304
2021-12-24,13116,210836,46363145,17146140
2021-12-25,2103,33053,46365248,17179193
2021-12-26,8768,159074,46374016,17338267
2021-12-27,46816,504673,46420832,17842940
2021-12-28,42477,554229,46463309,18397169
2021-12-29,34368,550658,46497677,18947827
2021-12-30,31860,499842,46529537,19447669
2021-12-31,14131,247398,46543668,19695067
2022-01-01,3498,64815,46547166,19759882
2022-01-02,22795,276723,46569961,20036605
2022-01-03,47885,520022,46617846,20556627
2022-01-04,46410,572092,46664256,21128719
2022-01-05,40787,560400,46705043,21689119
2022-01-06,23502,274489,46728545,21963608
2022-01-07,63734,554198,46792279,22517806
2022-01-08,60898,503401,46853177,23021207
2022-01-09,42889,319686,46896066,23340893
2022-01-10,61120,542295,46957186,23883188
2022-01-11,61769,586997,47018955,24470185
2022-01-12,58483,581280,47077438,25051465
2022-01-13,58641,580395,47136079,25631860
2022-01-14,46843,588579,47182922,26220439
2022-01-15,39456,569947,47222378,26790386
2022-01-16,31256,341863,47253634,27132249
2022-01-17,54802,489664,47308436,27621913
2022-01-18,58423,517019,47366859,28138932
2022-01-19,57223,502790,47424082,28641722
2022-01-20,54360,498829,47478442,29140551
2022-01-21,42115,493878,47520557,29634429
2022-01-22,31225,469598,47551782,30104027
2022-01-23,34951,275375,47586733,30379402
2022-01-24,56193,437227,47642926,30816629
2022-01-25,61563,452113,47704489,31268742
2022-01-26,58562,435834,47763051,31704576
2022-01-27,48847,432379,47811898,32136955
2022-01-28,58711,436541,47870609,32573496
2022-01-29,68147,412498,47938756,32985994
2022-01-30,50391,235968,47989147,33221962
2022-01-31,60641,356936,48049788,33578898
2022-02-01,65566,328445,48115354,33907343
2022-02-02,63215,296978,48178569,34204321
2022-02-03,60063,274517,48238632,34478838
2022-02-04,72384,268458,48311016,34747296
2022-02-05,83787,248532,48394803,34995828
2022-02-06,55297,116204,48450100,35112032
2022-02-07,65157,199940,48515257,35311972
2022-02-08,66931,186113,48582188,35498085
2022-02-09,58764,166334,48640952,35664419
2022-02-10,58581,163240,48699533,35827659
2022-02-11,62254,162465,48761787,35990124
2022-02-12,71983,152141,48833770,36142265
2022-02-13,41474,68852,48875244,36211117
2022-02-14,46694,116186,48921938,36327303
2022-02-15,48541,123478,48970479,36450781
2022-02-16,45677,106122,49016156,36556903
2022-02-17,42862,98106,49059018,36655009
2022-02-18,46624,112570,49105642,36767579
2022-02-19,52536,100333,49158178,36867912
2022-02-20,31409,40364,49189587,36908276
2022-02-21,37887,89651,49227474,36997927
2022-02-22,37219,83775,49264693,37081702
2022-02-23,33395,79408,49298088,37161110
2022-02-24,32552,78161,49330640,37239271
2022-02-25,34759,90709,49365399,37329980
2022-02-26,39157,89134,49404556,37419114
2022-02-27,22545,35856,49427101,37454970
2022-02-28,28480,81690,49455581,37536660
2022-03-01,22722,53939,49478303,37590599
2022-03-02,21949,50679,49500252,37641278
2022-03-03,22618,54945,49522870,37696223
2022-03-04,23230,62795,49546100,37759018
2022-03-05,23797,57951,49569897,37816969
2022-03-06,9471,17200,49579368,37834169
2022-03-07,15914,51387,49595282,37885556
2022-03-08,15475,48795,49610757,37934351
2022-03-09,13811,46518,49624568,37980869
2022-03-10,14048,52117,49638616,38032986
2022-03-11,15582,57261,49654198,38090247
2022-03-12,15500,56618,49669698,38146865
2022-03-13,5543,16850,49675241,38163715
2022-03-14,10523,46697,49685764,38210412
2022-03-15,10540,46890,49696304,38257302
2022-03-16,9479,41973,49705783,38299275
2022-03-17,9715,44871,49715498,38344146
2022-03-18,10158,49055,49725656,38393201
2022-03-19,9149,46532,49734805,38439733
2022-03-20,2609,11701,49737414,38451434
2022-03-21,7579,40224,49744993,38491658
2022-03-22,8448,37758,49753441,38529416
2022-03-23,7213,33700,49760654,38563116
2022-03-24,8257,38801,49768911,38601917
2022-03-25,8135,43662,49777046,38645579
2022-03-26,8124,41721,49785170,38687300
2022-03-27,2430,9681,49787600,38696981
2022-03-28,6108,35238,49793708,38732219
2022-03-29,5776,32527,49799484,38764746
2022-03-30,5565,30201,49805049,38794947
2022-03-31,5893,33181,49810942,38828128
2022-04-01,4347,25187,49815289,38853315
2022-04-02,4493,23274,49819782,38876589
2022-04-03,1049,4500,49820831,38881089
2022-04-04,3656,21538,49824487,38902627
2022-04-05,3756,22931,49828243,38925558
2022-04-06,4101,21852,49832344,38947410
2022-04-07,3965,23320,49836309,38970730
2022-04-08,4691,26710,49841000,38997440
2022-04-09,4381,23885,49845381,39021325
2022-04-10,891,4614,49846272,39025939
2022-04-11,3814,22685,49850086,39048624
2022-04-12,3362,21776,49853448,39070400
2022-04-13,3564,21332,49857012,39091732
2022-04-14,3486,23786,49860498,39115518
2022-04-15,3084,20617,49863582,39136135
2022-04-16,2149,11918,49865731,39148053
2022-04-17,63,348,49865794,39148401
2022-04-18,151,650,49865945,39149051
2022-04-19,3497,21979,49869442,39171030
2022-04-20,3509,20249,49872951,39191279
2022-04-21,2844,19785,49875795,39211064
2022-04-22,2927,20701,49878722,39231765
2022-04-23,2642,16218,49881364,39247983
2022-04-24,509,2334,49881873,39250317
2022-04-25,183,1165,49882056,39251482
2022-04-26,2759,17802,49884815,39269284
2022-04-27,2372,15790,49887187,39285074
2022-04-28,2357,15558,49889544,39300632
2022-04-29,2293,14840,49891837,39315472
2022-04-30,2122,11580,49893959,39327052
2022-05-01,113,531,49894072,39327583
2022-05-02,1450,9391,49895522,39336974
2022-05-03,1575,10317,49897097,39347291
2022-05-04,1746,10263,49898843,39357554
2022-05-05,1653,10284,49900496,39367838
2022-05-06,1700,10955,49902196,39378793
2022-05-07,1431,8565,49903627,39387358
2022-05-08,416,1519,49904043,39388877
2022-05-09,1027,8926,49905070,39397803
2022-05-10,1422,9544,49906492,39407347
2022-05-11,1483,10097,49907975,39417444
2022-05-12,1370,10130,49909345,39427574
2022-05-13,1592,10516,49910937,39438090
2022-05-14,1356,8234,49912293,39446324
2022-05-15,336,1131,49912629,39447455
2022-05-16,813,8405,49913442,39455860
2022-05-17,1243,8696,49914685,39464556
2022-05-18,1374,9229,49916059,39473785
2022-05-19,1500,9276,49917559,39483061
2022-05-20,1421,9514,49918980,39492575
2022-05-21,1300,7899,49920280,39500474
2022-05-22,231,1013,49920511,39501487
2022-05-23,830,8267,49921341,39509754
2022-05-24,1073,8672,49922414,39518426
2022-05-25,1369,9459,49923783,39527885
2022-05-26,1195,9469,49924978,39537354
2022-05-27,1231,9913,49926209,39547267
2022-05-28,1204,7884,49927413,39555151
2022-05-29,286,1266,49927699,39556417
2022-05-30,930,8053,49928629,39564470
2022-05-31,1035,8544,49929664,39573014
2022-06-01,890,7655,49930554,39580669
2022-06-02,35,474,49930589,39581143
2022-06-03,818,7331,49931407,39588474
2022-06-04,870,5162,49932277,39593636
2022-06-05,89,586,49932366,39594222
2022-06-06,678,6990,49933044,39601212
2022-06-07,951,7847,49933995,39609059
2022-06-08,982,7908,49934977,39616967
2022-06-09,1037,8412,49936014,39625379
2022-06-10,959,8563,49936973,39633942
2022-06-11,903,6206,49937876,39640148
2022-06-12,140,768,49938016,39640916
2022-06-13,602,6300,49938618,39647216
2022-06-14,827,7896,49939445,39655112
2022-06-15,954,7850,49940399,39662962
2022-06-16,730,7393,49941129,39670355
2022-06-17,722,7243,49941851,39677598
2022-06-18,777,5593,49942628,39683191
2022-06-19,47,522,49942675,39683713
2022-06-20,587,6698,49943262,39690411
2022-06-21,735,7659,49943997,39698070
2022-06-22,780,7308,49944777,39705378
2022-06-23,651,7465,49945428,39712843
2022-06-24,644,7474,49946072,39720317
2022-06-25,835,6534,49946907,39726851
2022-06-26,128,523,49947035,39727374
2022-06-27,531,7123,49947566,39734497
2022-06-28,745,8205,49948311,39742702
2022-06-29,756,7727,49949067,39750429
2022-06-30,746,8142,49949813,39758571
2022-07-01,576,6443,49950389,39765014
2022-07-02,536,4769,49950925,39769783
2022-07-03,49,456,49950974,39770239
2022-07-04,469,6277,49951443,39776516
2022-07-05,628,8117,49952071,39784633
2022-07-06,633,7610,49952704,39792243
2022-07-07,571,8269,49953275,39800512
2022-07-08,671,8080,49953946,39808592
2022-07-09,550,6104,49954496,39814696
2022-07-10,58,533,49954554,39815229
2022-07-11,487,7641,49955041,39822870
2022-07-12,667,9028,49955708,39831898
2022-07-13,641,10067,49956349,39841965
2022-07-14,636,10224,49956985,39852189
2022-07-15,625,10667,49957610,39862856
2022-07-16,522,7214,49958132,39870070
2022-07-17,48,770,49958180,39870840
2022-07-18,497,9368,49958677,39880208
2022-07-19,573,10683,49959250,39890891
2022-07-20,579,11272,49959829,39902163
2022-07-21,627,12084,49960456,39914247
2022-07-22,582,11256,49961038,39925503
2022-07-23,379,6771,49961417,39932274
2022-07-24,76,857,49961493,39933131
2022-07-25,503,9052,49961996,39942183
2022-07-26,521,9758,49962517,39951941
2022-07-27,550,10199,49963067,39962140
2022-07-28,529,10529,49963596,39972669
2022-07-29,510,9465,49964106,39982134
2022-07-30,382,5882,49964488,39988016
2022-07-31,49,764,49964537,39988780
2022-08-01,386,6864,49964923,39995644
2022-08-02,540,7583,49965463,40003227
2022-08-03,513,7174,49965976,40010401
2022-08-04,454,7489,49966430,40017890
2022-08-05,419,6521,49966849,40024411
2022-08-06,298,3611,49967147,40028022
2022-08-07,44,562,49967191,40028584
2022-08-08,401,4893,49967592,40033477
2022-08-09,382,5306,49967974,40038783
2022-08-10,380,4815,49968354,40043598
2022-08-11,366,4777,49968720,40048375
2022-08-12,292,3721,49969012,40052096
2022-08-13,143,1600,49969155,40053696
2022-08-14,9,129,49969164,40053825
2022-08-15,1,26,49969165,40053851
2022-08-16,283,3043,49969448,40056894
2022-08-17,352,3537,49969800,40060431
2022-08-18,389,4159,49970189,40064590
2022-08-19,341,3316,49970530,40067906
2022-08-20,183,1714,49970713,40069620
2022-08-21,24,149,49970737,40069769
2022-08-22,329,2950,49971066,40072719
2022-08-23,371,3672,49971437,40076391
2022-08-24,383,3359,49971820,40079750
2022-08-25,420,3771,49972240,40083521
2022-08-26,397,3570,49972637,40087091
2022-08-27,235,1769,49972872,40088860
2022-08-28,29,267,49972901,40089127
2022-08-29,354,3161,49973255,40092288
2022-08-30,403,3669,49973658,40095957
2022-08-31,436,3734,49974094,40099691
2022-09-01,352,3117,49974446,40102808
2022-09-02,296,2890,49974742,40105698
2022-09-03,199,1688,49974941,40107386
2022-09-04,23,149,49974964,40107535
2022-09-05,186,2653,49975150,40110188
2022-09-06,302,2988,49975452,40113176
2022-09-07,540,2935,49975992,40116111
2022-09-08,289,2956,49976281,40119067
2022-09-09,304,2885,49976585,40121952
2022-09-10,227,1326,49976812,40123278
2022-09-11,21,124,49976833,40123402
2022-09-12,267,2261,49977100,40125663
2022-09-13,250,2274,49977350,40127937
2022-09-14,263,2560,49977613,40130497
2022-09-15,279,2491,49977892,40132988
2022-09-16,253,2540,49978145,40135528
2022-09-17,239,1339,49978384,40136867
2022-09-18,20,170,49978404,40137037
2022-09-19,205,1969,49978609,40139006
2022-09-20,236,2383,49978845,40141389
2022-09-21,289,2524,49979134,40143913
2022-09-22,260,2644,49979394,40146557
2022-09-23,256,2526,49979650,40149083
2022-09-24,193,1427,49979843,40150510
2022-09-25,28,133,49979871,40150643
2022-09-26,281,2246,49980152,40152889
2022-09-27,282,2664,49980434,40155553
2022-09-28,309,2885,49980743,40158438
2022-09-29,251,3033,49980994,40161471
2022-09-30,289,2970,49981283,40164441
2022-10-01,193,1508,49981476,40165949
2022-10-02,11,187,49981487,40166136
2022-10-03,180,2468,49981667,40168604
2022-10-04,233,2851,49981900,40171455
2022-10-05,224,3212,49982124,40174667
2022-10-06,240,3825,49982364,40178492
2022-10-07,281,4153,49982645,40182645
2022-10-08,199,2233,49982844,40184878
2022-10-09,8,304,49982852,40185182
2022-10-10,206,3336,49983058,40188518
2022-10-11,193,4326,49983251,40192844
2022-10-12,206,4404,49983457,40197248
2022-10-13,196,5267,49983653,40202515
2022-10-14,224,4986,49983877,40207501
2022-10-15,185,2606,49984062,40210107
2022-10-16,6,357,49984068,40210464
2022-10-17,185,3838,49984253,40214302
2022-10-18,254,4914,49984507,40219216
2022-10-19,234,5350,49984741,40224566
2022-10-20,216,5845,49984957,40230411
2022-10-21,222,5176,49985179,40235587
2022-10-22,194,2845,49985373,40238432
2022-10-23,13,353,49985386,40238785
2022-10-24,166,3706,49985552,40242491
2022-10-25,136,2371,49985688,40244862