data_somministrazione,vaccinazioni,booster,cum_vaccinazioni,cum_booster
2020-12-27,19,0,19,0
2020-12-28,2,0,21,0
2020-12-29,1,0,22,0
2020-12-30,6,0,28,0
2020-12-31,62,0,90,0
2021-01-01,22,0,112,0
2021-01-02,100,0,212,0
2021-01-03,74,0,286,0
2021-01-04,192,0,478,0
2021-01-05,232,0,710,0
2021-01-06,185,0,895,0
2021-01-07,278,0,1173,0
2021-01-08,322,0,1495,0
2021-01-09,237,0,1732,0
2021-01-10,143,0,1875,0
2021-01-11,265,0,2140,0
2021-01-12,262,0,2402,0
2021-01-13,383,0,2785,0
2021-01-14,467,0,3252,0
2021-01-15,291,0,3543,0
2021-01-16,202,0,3745,0
2021-01-17,3057,0,6802,0
2021-01-18,5206,0,12008,0
2021-01-19,1889,0,13897,0
2021-01-20,4652,0,18549,0
2021-01-21,20001,0,38550,0
2021-01-22,14201,0,52751,0
2021-01-23,33334,0,86085,0
2021-01-24,30791,0,116876,0
2021-01-25,64739,0,181615,0
2021-01-26,76503,0,258118,0
2021-01-27,64849,0,322967,0
2021-01-28,89302,0,412269,0
2021-01-29,94039,0,506308,0
2021-01-30,86579,0,592887,0
2021-01-31,57341,0,650228,0
2021-02-01,81877,0,732105,0
2021-02-02,82147,0,814252,0
2021-02-03,91197,0,905449,0
2021-02-04,95403,0,1000852,0
2021-02-05,90285,0,1091137,0
2021-02-06,63451,0,1154588,0
2021-02-07,32926,0,1187514,0
2021-02-08,40432,0,1227946,0
2021-02-09,32865,0,1260811,0
2021-02-10,28420,0,1289231,0
2021-02-11,20388,0,1309619,0
2021-02-12,16225,0,1325844,0
2021-02-13,7250,0,1333094,0
2021-02-14,2861,0,1335955,0
2021-02-15,6836,0,1342791,0
2021-02-16,6993,0,1349784,0
2021-02-17,10518,0,1360302,0
2021-02-18,9245,0,1369547,0
2021-02-19,8238,0,1377785,0
2021-02-20,5536,0,1383321,0
2021-02-21,2985,0,1386306,0
2021-02-22,6881,0,1393187,0
2021-02-23,7159,0,1400346,0
2021-02-24,9824,0,1410170,0
2021-02-25,14200,0,1424370,0
2021-02-26,17551,0,1441921,0
2021-02-27,13898,0,1455819,0
2021-02-28,9387,0,1465206,0
2021-03-01,26508,0,1491714,0
2021-03-02,33236,0,1524950,0
2021-03-03,44643,0,1569593,0
2021-03-04,50289,0,1619882,0
2021-03-05,55734,0,1675616,0
2021-03-06,41871,0,1717487,0
2021-03-07,22321,0,1739808,0
2021-03-08,50795,0,1790603,0
2021-03-09,53055,0,1843658,0
2021-03-10,58621,0,1902279,0
2021-03-11,63836,0,1966115,0
2021-03-12,65094,0,2031209,0
2021-03-13,51706,0,2082915,0
2021-03-14,35384,0,2118299,0
2021-03-15,73425,0,2191724,0
2021-03-16,74022,0,2265746,0
2021-03-17,83130,0,2348876,0
2021-03-18,81621,0,2430497,0
2021-03-19,81077,0,2511574,0
2021-03-20,64708,0,2576282,0
2021-03-21,47285,0,2623567,0
2021-03-22,69470,0,2693037,0
2021-03-23,75777,0,2768814,0
2021-03-24,90887,0,2859701,0
2021-03-25,89785,0,2949486,0
2021-03-26,83601,0,3033087,0
2021-03-27,71916,0,3105003,0
2021-03-28,44124,0,3149127,0
2021-03-29,70805,0,3219932,0
2021-03-30,81355,0,3301287,0
2021-03-31,96218,0,3397505,0
2021-04-01,95291,0,3492796,0
2021-04-02,84061,0,3576857,0
2021-04-03,64295,0,3641152,0
2021-04-04,21716,0,3662868,0
2021-04-05,40295,0,3703163,0
2021-04-06,81297,0,3784460,0
2021-04-07,95804,0,3880264,0
2021-04-08,95226,0,3975490,0
2021-04-09,88477,0,4063967,0
2021-04-10,74026,0,4137993,0
2021-04-11,44749,0,4182742,0
2021-04-12,66908,0,4249650,0
2021-04-13,72560,0,4322210,0
2021-04-14,85515,0,4407725,0
2021-04-15,105399,0,4513124,0
2021-04-16,106408,0,4619532,0
2021-04-17,90489,0,4710021,0
2021-04-18,58582,0,4768603,0
2021-04-19,93423,0,4862026,0
2021-04-20,103762,0,4965788,0
2021-04-21,125325,0,5091113,0
2021-04-22,143501,0,5234614,0
2021-04-23,138716,0,5373330,0
2021-04-24,124433,0,5497763,0
2021-04-25,61453,0,5559216,0
2021-04-26,97875,0,5657091,0
2021-04-27,128349,0,5785440,0
2021-04-28,156347,0,5941787,0
2021-04-29,195577,0,6137364,0
2021-04-30,214556,0,6351920,0
2021-05-01,174088,0,6526008,0
2021-05-02,135791,0,6661799,0
2021-05-03,142000,0,6803799,0
2021-05-04,158673,0,6962472,0
2021-05-05,170467,0,7132939,0
2021-05-06,197785,0,7330724,0
2021-05-07,213800,0,7544524,0
2021-05-08,213382,0,7757906,0
2021-05-09,143189,0,7901095,0
2021-05-10,165081,0,8066176,0
2021-05-11,174953,0,8241129,0
2021-05-12,179142,0,8420271,0
2021-05-13,203356,0,8623627,0
2021-05-14,222888,0,8846515,0
2021-05-15,210328,0,9056843,0
2021-05-16,159260,0,9216103,0
2021-05-17,219177,0,9435280,0
2021-05-18,212996,0,9648276,0
2021-05-19,207067,0,9855343,0
2021-05-20,270837,0,10126180,0
2021-05-21,270859,0,10397039,0
2021-05-22,245513,0,10642552,0
2021-05-23,197173,0,10839725,0
2021-05-24,228288,0,11068013,0
2021-05-25,245685,0,11313698,0
2021-05-26,277478,0,11591176,0
2021-05-27,311079,0,11902255,0
2021-05-28,299556,0,12201811,0
2021-05-29,231190,0,12433001,0
2021-05-30,170821,0,12603822,0
2021-05-31,216405,0,12820227,0
2021-06-01,207628,0,13027855,0
2021-06-02,115767,0,13143622,0
2021-06-03,180097,0,13323719,0
2021-06-04,184843,0,13508562,0
2021-06-05,185917,0,13694479,0
2021-06-06,139504,0,13833983,0
2021-06-07,161832,0,13995815,0
2021-06-08,171152,0,14166967,0
2021-06-09,171423,0,14338390,0
2021-06-10,174037,0,14512427,0
2021-06-11,169925,0,14682352,0
2021-06-12,128297,0,14810649,0
2021-06-13,91132,0,14901781,0
2021-06-14,214631,0,15116412,0
2021-06-15,228377,0,15344789,0
2021-06-16,253029,0,15597818,0
2021-06-17,301691,0,15899509,0
2021-06-18,306249,0,16205758,0
2021-06-19,275047,0,16480805,0
2021-06-20,220734,0,16701539,0
2021-06-21,288030,0,16989569,0
2021-06-22,296178,0,17285747,0
2021-06-23,302658,0,17588405,0
2021-06-24,332549,0,17920954,0
2021-06-25,348686,0,18269640,0
2021-06-26,300083,0,18569723,0
2021-06-27,228608,0,18798331,0
2021-06-28,307027,0,19105358,0
2021-06-29,329233,0,19434591,0
2021-06-30,342100,0,19776691,0
2021-07-01,363148,0,20139839,0
2021-07-02,368429,0,20508268,0
2021-07-03,371063,0,20879331,0
2021-07-04,283187,0,21162518,0
2021-07-05,384497,0,21547015,0
2021-07-06,385425,0,21932440,0
2021-07-07,412064,0,22344504,0
2021-07-08,479626,0,22824130,0
2021-07-09,498490,0,23322620,0
2021-07-10,475182,0,23797802,0
2021-07-11,357706,0,24155508,0
2021-07-12,485917,0,24641425,0
2021-07-13,492148,0,25133573,0
2021-07-14,480482,0,25614055,0
2021-07-15,523495,0,26137550,0
2021-07-16,509793,0,26647343,0
2021-07-17,464372,0,27111715,0
2021-07-18,364701,0,27476416,0
2021-07-19,463079,0,27939495,0
2021-07-20,458092,0,28397587,0
2021-07-21,462824,0,28860411,0
2021-07-22,475397,0,29335808,0
2021-07-23,441315,0,29777123,0
2021-07-24,386196,0,30163319,0
2021-07-25,287601,0,30450920,0
2021-07-26,430898,0,30881818,0
2021-07-27,440130,0,31321948,0
2021-07-28,391019,0,31712967,0
2021-07-29,372079,0,32085046,0
2021-07-30,341511,0,32426557,0
2021-07-31,287016,0,32713573,0
2021-08-01,191026,0,32904599,0
2021-08-02,333736,0,33238335,0
2021-08-03,323189,0,33561524,0
2021-08-04,310971,0,33872495,0
2021-08-05,292513,0,34165008,0
2021-08-06,260005,0,34425013,0
2021-08-07,199050,0,34624063,0
2021-08-08,153107,0,34777170,0
2021-08-09,234073,0,35011243,0
2021-08-10,205248,0,35216491,0
2021-08-11,193758,0,35410249,0
2021-08-12,167971,0,35578220,0
2021-08-13,148597,0,35726817,0
2021-08-14,66086,0,35792903,0
2021-08-15,26333,0,35819236,0
2021-08-16,114673,0,35933909,0
2021-08-17,129237,0,36063146,0
2021-08-18,128731,0,36191877,0
2021-08-19,124784,0,36316661,0
2021-08-20,123787,0,36440448,0
2021-08-21,83112,0,36523560,0
2021-08-22,68163,0,36591723,0
2021-08-23,176866,0,36768589,0
2021-08-24,156909,0,36925498,0
2021-08-25,177169,0,37102667,0
2021-08-26,172356,0,37275023,0
2021-08-27,185845,0,37460868,0
2021-08-28,140272,0,37601140,0
2021-08-29,99006,0,37700146,0
2021-08-30,209639,0,37909785,0
2021-08-31,194630,0,38104415,0
2021-09-01,192217,0,38296632,0
2021-09-02,189944,0,38486576,0
2021-09-03,191340,0,38677916,0
2021-09-04,131487,0,38809403,0
2021-09-05,87870,0,38897273,0
2021-09-06,193660,0,39090933,0
2021-09-07,196071,0,39287004,0
2021-09-08,187911,0,39474915,0
2021-09-09,201483,0,39676398,0
2021-09-10,198116,0,39874514,0
2021-09-11,141326,0,40015840,0
2021-09-12,89604,0,40105444,0
2021-09-13,191167,545,40296611,545
2021-09-14,177269,568,40473880,1113
2021-09-15,163132,564,40637012,1677
2021-09-16,160104,912,40797116,2589
2021-09-17,150168,1108,40947284,3697
2021-09-18,127978,730,41075262,4427
2021-09-19,81130,489,41156392,4916
2021-09-20,180078,9064,41336470,13980
2021-09-21,166628,8826,41503098,22806
2021-09-22,159077,9426,41662175,32232
2021-09-23,138080,9316,41800255,41548
2021-09-24,140541,8947,41940796,50495
2021-09-25,119546,5629,42060342,56124
2021-09-26,71948,4338,42132290,60462
2021-09-27,135631,10037,42267921,70499
2021-09-28,117484,11377,42385405,81876
2021-09-29,112328,11822,42497733,93698
2021-09-30,110222,14939,42607955,108637
2021-10-01,94971,19102,42702926,127739
2021-10-02,78472,14010,42781398,141749
2021-10-03,47729,7655,42829127,149404
2021-10-04,88374,34439,42917501,183843
2021-10-05,80359,33968,42997860,217811
2021-10-06,71978,34156,43069838,251967
2021-10-07,71848,34340,43141686,286307
2021-10-08,80622,33587,43222308,319894
2021-10-09,76101,22163,43298409,342057
2021-10-10,45772,13614,43344181,355671
2021-10-11,87410,41097,43431591,396768
2021-10-12,84490,46891,43516081,443659
2021-10-13,88185,52104,43604266,495763
2021-10-14,91522,58500,43695788,554263
2021-10-15,93580,55619,43789368,609882
2021-10-16,82957,36778,43872325,646660
2021-10-17,51459,23823,43923784,670483
2021-10-18,90289,59475,44014073,729958
2021-10-19,78340,69369,44092413,799327
2021-10-20,75073,78159,44167486,877486
2021-10-21,78299,81746,44245785,959232
2021-10-22,73792,77014,44319577,1036246
2021-10-23,60810,51949,44380387,1088195
2021-10-24,33381,23447,44413768,1111642
2021-10-25,64901,81622,44478669,1193264
2021-10-26,58375,91772,44537044,1285036
2021-10-27,58329,103959,44595373,1388995
2021-10-28,61467,114095,44656840,1503090
2021-10-29,61660,103105,44718500,1606195
2021-10-30,50669,68110,44769169,1674305
2021-10-31,25167,28284,44794336,1702589
2021-11-01,19047,28146,44813383,1730735
2021-11-02,62768,89368,44876151,1820103
2021-11-03,60734,118656,44936885,1938759
2021-11-04,59244,126654,44996129,2065413
2021-11-05,63093,135166,45059222,2200579
2021-11-06,46472,90921,45105694,2291500
2021-11-07,22253,37892,45127947,2329392
2021-11-08,51526,131260,45179473,2460652
2021-11-09,45404,144192,45224877,2604844
2021-11-10,42578,156343,45267455,2761187
2021-11-11,44935,155135,45312390,2916322
2021-11-12,46372,158569,45358762,3074891
2021-11-13,33250,116643,45392012,3191534
2021-11-14,14478,52446,45406490,3243980
2021-11-15,36894,157420,45443384,3401400
2021-11-16,30546,171371,45473930,3572771
2021-11-17,28448,178432,45502378,3751203
2021-11-18,30281,193709,45532659,3944912
2021-11-19,28798,205847,45561457,4150759
2021-11-20,20989,156434,45582446,4307193
2021-11-21,10609,64855,45593055,4372048
2021-11-22,21928,213136,45614983,4585184
2021-11-23,23563,241739,45638546,4826923
2021-11-24,27829,270941,45666375,5097864
2021-11-25,23230,301893,45689605,5399757
2021-11-26,24574,318261,45714179,5718018
2021-11-27,21375,266148,45735554,5984166
2021-11-28,9895,137053,45745449,6121219
2021-11-29,22314,326060,45767763,6447279
2021-11-30,23076,365819,45790839,6813098
2021-12-01,21509,413498,45812348,7226596
2021-12-02,23749,440376,45836097,7666972
2021-12-03,25226,467450,45861323,8134422
2021-12-04,22351,418723,45883674,8553145
2021-12-05,11903,261328,45895577,8814473
2021-12-06,25803,457560,45921380,9272033
2021-12-07,24108,480243,45945488,9752276
2021-12-08,9994,249678,45955482,10001954
2021-12-09,31560,491911,45987042,10493865
2021-12-10,28042,517864,46015084,11011729
2021-12-11,23541,459239,46038625,11470968
2021-12-12,12292,293495,46050917,11764463
2021-12-13,26128,467617,46077045,12232080
2021-12-14,25151,494187,46102196,12726267
2021-12-15,25305,517126,46127501,13243393
2021-12-16,27864,520238,46155365,13763631
2021-12-17,29342,517160,46184707,14280791
2021-12-18,27024,468710,46211731,14749501
2021-12-19,15126,300514,46226857,15050015
2021-12-20,30607,477467,46257464,15527482
2021-12-21,30349,493377,46287813,16020859
2021-12-22,29429,484694,46317242,16505553
2021-12-23,28220,426890,46345462,16932443
2021-12-24,13106,210820,46358568,17143263
2021-12-25,2101,33052,46360669,17176315
2021-12-26,8752,159064,46369421,17335379
2021-12-27,46748,504650,46416169,17840029
2021-12-28,42420,554197,46458589,18394226
2021-12-29,34311,550625,46492900,18944851
2021-12-30,31793,499818,46524693,19444669
2021-12-31,14097,247394,46538790,19692063
2022-01-01,3493,64812,46542283,19756875
2022-01-02,22734,276716,46565017,20033591
2022-01-03,47786,520007,46612803,20553598
2022-01-04,46291,572070,46659094,21125668
2022-01-05,40680,560376,46699774,21686044
2022-01-06,23441,274480,46723215,21960524
2022-01-07,63618,554176,46786833,22514700
2022-01-08,60770,503376,46847603,23018076
2022-01-09,42765,319681,46890368,23337757
2022-01-10,61001,542271,46951369,23880028
2022-01-11,61632,586979,47013001,24467007
2022-01-12,58365,581271,47071366,25048278
2022-01-13,58520,580371,47129886,25628649
2022-01-14,46701,588559,47176587,26217208
2022-01-15,39262,569934,47215849,26787142
2022-01-16,31120,341849,47246969,27128991
2022-01-17,54716,489641,47301685,27618632
2022-01-18,58319,517007,47360004,28135639
2022-01-19,57130,502781,47417134,28638420
2022-01-20,54272,498810,47471406,29137230
2022-01-21,41996,493865,47513402,29631095
2022-01-22,31088,469590,47544490,30100685
2022-01-23,34877,275365,47579367,30376050
2022-01-24,56123,437208,47635490,30813258
2022-01-25,61499,452086,47696989,31265344
2022-01-26,58489,435814,47755478,31701158
2022-01-27,48783,432351,47804261,32133509
2022-01-28,58624,436527,47862885,32570036
2022-01-29,68049,412477,47930934,32982513
2022-01-30,50337,235965,47981271,33218478
2022-01-31,60571,356920,48041842,33575398
2022-02-01,65492,328430,48107334,33903828
2022-02-02,63138,296960,48170472,34200788
2022-02-03,60011,274512,48230483,34475300
2022-02-04,72323,268445,48302806,34743745
2022-02-05,83709,248523,48386515,34992268
2022-02-06,55257,116192,48441772,35108460
2022-02-07,65102,199927,48506874,35308387
2022-02-08,66898,186101,48573772,35494488
2022-02-09,58730,166329,48632502,35660817
2022-02-10,58528,163231,48691030,35824048
2022-02-11,62215,162451,48753245,35986499
2022-02-12,71943,152135,48825188,36138634
2022-02-13,41461,68849,48866649,36207483
2022-02-14,46653,116182,48913302,36323665
2022-02-15,48500,123478,48961802,36447143
2022-02-16,45659,106110,49007461,36553253
2022-02-17,42847,98100,49050308,36651353
2022-02-18,46593,112565,49096901,36763918
2022-02-19,52514,100326,49149415,36864244
2022-02-20,31409,40360,49180824,36904604
2022-02-21,37884,89641,49218708,36994245
2022-02-22,37208,83769,49255916,37078014
2022-02-23,33373,79404,49289289,37157418
2022-02-24,32545,78160,49321834,37235578
2022-02-25,34745,90703,49356579,37326281
2022-02-26,39143,89131,49395722,37415412
2022-02-27,22539,35855,49418261,37451267
2022-02-28,28464,81690,49446725,37532957
2022-03-01,22698,53934,49469423,37586891
2022-03-02,21987,50627,49491410,37637518
2022-03-03,22599,54940,49514009,37692458
2022-03-04,23208,62790,49537217,37755248
2022-03-05,23782,57948,49560999,37813196
2022-03-06,9470,17199,49570469,37830395
2022-03-07,15897,51389,49586366,37881784
2022-03-08,15448,48795,49601814,37930579
2022-03-09,13801,46513,49615615,37977092
2022-03-10,14030,52115,49629645,38029207
2022-03-11,15566,57251,49645211,38086458
2022-03-12,15490,56614,49660701,38143072
2022-03-13,5542,16848,49666243,38159920
2022-03-14,10516,46691,49676759,38206611
2022-03-15,10534,46892,49687293,38253503
2022-03-16,9471,41977,49696764,38295480
2022-03-17,9698,44875,49706462,38340355
2022-03-18,10150,49052,49716612,38389407
2022-03-19,9142,46531,49725754,38435938
2022-03-20,2606,11699,49728360,38447637
2022-03-21,7571,40221,49735931,38487858
2022-03-22,8439,37747,49744370,38525605
2022-03-23,7205,33695,49751575,38559300
2022-03-24,8245,38796,49759820,38598096
2022-03-25,8127,43665,49767947,38641761
2022-03-26,8120,41719,49776067,38683480
2022-03-27,2428,9682,49778495,38693162
2022-03-28,6097,35230,49784592,38728392
2022-03-29,5773,32523,49790365,38760915
2022-03-30,5556,30193,49795921,38791108
2022-03-31,5884,33171,49801805,38824279
2022-04-01,4340,25185,49806145,38849464
2022-04-02,4486,23272,49810631,38872736
2022-04-03,1048,4499,49811679,38877235
2022-04-04,3652,21531,49815331,38898766
2022-04-05,3746,22923,49819077,38921689
2022-04-06,4097,21844,49823174,38943533
2022-04-07,3954,23317,49827128,38966850
2022-04-08,4682,26709,49831810,38993559
2022-04-09,4374,23884,49836184,39017443
2022-04-10,892,4614,49837076,39022057
2022-04-11,3801,22683,49840877,39044740
2022-04-12,3356,21776,49844233,39066516
2022-04-13,3558,21333,49847791,39087849
2022-04-14,3483,23775,49851274,39111624
2022-04-15,3076,20614,49854350,39132238
2022-04-16,2148,11921,49856498,39144159
2022-04-17,63,348,49856561,39144507
2022-04-18,149,650,49856710,39145157
2022-04-19,3487,21978,49860197,39167135
2022-04-20,3498,20248,49863695,39187383
2022-04-21,2838,19780,49866533,39207163
2022-04-22,2916,20693,49869449,39227856
2022-04-23,2637,16205,49872086,39244061
2022-04-24,509,2335,49872595,39246396
2022-04-25,183,1165,49872778,39247561
2022-04-26,2759,17793,49875537,39265354
2022-04-27,2364,15782,49877901,39281136
2022-04-28,2349,15534,49880250,39296670
2022-04-29,2292,14835,49882542,39311505
2022-04-30,2120,11576,49884662,39323081
2022-05-01,113,530,49884775,39323611
2022-05-02,1443,9382,49886218,39332993
2022-05-03,1572,10309,49887790,39343302
2022-05-04,1743,10255,49889533,39353557
2022-05-05,1647,10272,49891180,39363829
2022-05-06,1693,10944,49892873,39374773
2022-05-07,1431,8563,49894304,39383336
2022-05-08,404,1514,49894708,39384850
2022-05-09,1023,8917,49895731,39393767
2022-05-10,1418,9536,49897149,39403303
2022-05-11,1477,10087,49898626,39413390
2022-05-12,1366,10119,49899992,39423509
2022-05-13,1587,10509,49901579,39434018
2022-05-14,1356,8226,49902935,39442244
2022-05-15,336,1129,49903271,39443373
2022-05-16,809,8388,49904080,39451761
2022-05-17,1241,8668,49905321,39460429
2022-05-18,1368,9214,49906689,39469643
2022-05-19,1498,9267,49908187,39478910
2022-05-20,1419,9492,49909606,39488402
2022-05-21,1299,7892,49910905,39496294
2022-05-22,230,1012,49911135,39497306
2022-05-23,826,8260,49911961,39505566
2022-05-24,1070,8665,49913031,39514231
2022-05-25,1365,9444,49914396,39523675
2022-05-26,1192,9452,49915588,39533127
2022-05-27,1223,9909,49916811,39543036
2022-05-28,1202,7873,49918013,39550909
2022-05-29,285,1264,49918298,39552173
2022-05-30,929,8026,49919227,39560199
2022-05-31,1033,8529,49920260,39568728
2022-06-01,891,7644,49921151,39576372
2022-06-02,35,474,49921186,39576846
2022-06-03,813,7327,49921999,39584173
2022-06-04,870,5155,49922869,39589328
2022-06-05,89,586,49922958,39589914
2022-06-06,670,6964,49923628,39596878
2022-06-07,930,7841,49924558,39604719
2022-06-08,981,7897,49925539,39612616
2022-06-09,1034,8399,49926573,39621015
2022-06-10,954,8537,49927527,39629552
2022-06-11,899,6207,49928426,39635759
2022-06-12,140,767,49928566,39636526
2022-06-13,602,6295,49929168,39642821
2022-06-14,825,7880,49929993,39650701
2022-06-15,950,7845,49930943,39658546
2022-06-16,729,7383,49931672,39665929
2022-06-17,719,7238,49932391,39673167
2022-06-18,776,5588,49933167,39678755
2022-06-19,47,522,49933214,39679277
2022-06-20,587,6694,49933801,39685971
2022-06-21,732,7638,49934533,39693609
2022-06-22,780,7303,49935313,39700912
2022-06-23,649,7455,49935962,39708367
2022-06-24,643,7472,49936605,39715839
2022-06-25,835,6531,49937440,39722370
2022-06-26,128,523,49937568,39722893
2022-06-27,532,7118,49938100,39730011
2022-06-28,744,8208,49938844,39738219
2022-06-29,755,7718,49939599,39745937
2022-06-30,743,8131,49940342,39754068
2022-07-01,577,6436,49940919,39760504
2022-07-02,536,4765,49941455,39765269
2022-07-03,49,456,49941504,39765725
2022-07-04,470,6269,49941974,39771994
2022-07-05,623,8107,49942597,39780101
2022-07-06,625,7594,49943222,39787695
2022-07-07,561,8250,49943783,39795945
2022-07-08,670,8076,49944453,39804021
2022-07-09,549,6103,49945002,39810124
2022-07-10,58,533,49945060,39810657
2022-07-11,480,7629,49945540,39818286
2022-07-12,653,8981,49946193,39827267
2022-07-13,629,10065,49946822,39837332
2022-07-14,618,10219,49947440,39847551
2022-07-15,616,10650,49948056,39858201
2022-07-16,513,7207,49948569,39865408
2022-07-17,48,769,49948617,39866177
2022-07-18,495,9340,49949112,39875517
2022-07-19,562,10644,49949674,39886161
2022-07-20,565,11248,49950239,39897409
2022-07-21,620,12014,49950859,39909423
2022-07-22,572,11208,49951431,39920631
2022-07-23,377,6731,49951808,39927362
2022-07-24,75,834,49951883,39928196
2022-07-25,493,9021,49952376,39937217
2022-07-26,517,9713,49952893,39946930
2022-07-27,540,10138,49953433,39957068
2022-07-28,525,10457,49953958,39967525
2022-07-29,506,9399,49954464,39976924
2022-07-30,380,5848,49954844,39982772
2022-07-31,49,746,49954893,39983518
2022-08-01,383,6808,49955276,39990326
2022-08-02,535,7498,49955811,39997824
2022-08-03,495,7098,49956306,40004922
2022-08-04,448,7392,49956754,40012314
2022-08-05,410,6447,49957164,40018761
2022-08-06,297,3576,49957461,40022337
2022-08-07,44,547,49957505,40022884
2022-08-08,392,4848,49957897,40027732
2022-08-09,376,5233,49958273,40032965
2022-08-10,370,4750,49958643,40037715
2022-08-11,360,4728,49959003,40042443
2022-08-12,286,3672,49959289,40046115
2022-08-13,139,1595,49959428,40047710
2022-08-14,9,127,49959437,40047837
2022-08-15,1,24,49959438,40047861
2022-08-16,280,2999,49959718,40050860
2022-08-17,339,3462,49960057,40054322
2022-08-18,379,4011,49960436,40058333
2022-08-19,318,3160,49960754,40061493
2022-08-20,180,1683,49960934,40063176
2022-08-21,24,145,49960958,40063321
2022-08-22,343,2819,49961301,40066140