data_somministrazione,vaccinazioni,booster,cum_vaccinazioni,cum_booster
2020-12-27,19,0,19,0
2020-12-28,2,0,21,0
2020-12-29,1,0,22,0
2020-12-30,6,0,28,0
2020-12-31,56,0,84,0
2021-01-01,22,0,106,0
2021-01-02,94,0,200,0
2021-01-03,73,0,273,0
2021-01-04,188,0,461,0
2021-01-05,229,0,690,0
2021-01-06,181,0,871,0
2021-01-07,273,0,1144,0
2021-01-08,318,0,1462,0
2021-01-09,235,0,1697,0
2021-01-10,141,0,1838,0
2021-01-11,258,0,2096,0
2021-01-12,260,0,2356,0
2021-01-13,379,0,2735,0
2021-01-14,466,0,3201,0
2021-01-15,287,0,3488,0
2021-01-16,200,0,3688,0
2021-01-17,3056,0,6744,0
2021-01-18,5206,0,11950,0
2021-01-19,1890,0,13840,0
2021-01-20,4651,0,18491,0
2021-01-21,20005,0,38496,0
2021-01-22,14201,0,52697,0
2021-01-23,33338,0,86035,0
2021-01-24,30792,0,116827,0
2021-01-25,64742,0,181569,0
2021-01-26,76503,0,258072,0
2021-01-27,64851,0,322923,0
2021-01-28,89308,0,412231,0
2021-01-29,94040,0,506271,0
2021-01-30,86581,0,592852,0
2021-01-31,57342,0,650194,0
2021-02-01,81880,0,732074,0
2021-02-02,82149,0,814223,0
2021-02-03,91199,0,905422,0
2021-02-04,95403,0,1000825,0
2021-02-05,90286,0,1091111,0
2021-02-06,63452,0,1154563,0
2021-02-07,32926,0,1187489,0
2021-02-08,40431,0,1227920,0
2021-02-09,32865,0,1260785,0
2021-02-10,28417,0,1289202,0
2021-02-11,20382,0,1309584,0
2021-02-12,16223,0,1325807,0
2021-02-13,7247,0,1333054,0
2021-02-14,2861,0,1335915,0
2021-02-15,6836,0,1342751,0
2021-02-16,6992,0,1349743,0
2021-02-17,10518,0,1360261,0
2021-02-18,9243,0,1369504,0
2021-02-19,8234,0,1377738,0
2021-02-20,5534,0,1383272,0
2021-02-21,2982,0,1386254,0
2021-02-22,6878,0,1393132,0
2021-02-23,7156,0,1400288,0
2021-02-24,9822,0,1410110,0
2021-02-25,14200,0,1424310,0
2021-02-26,17550,0,1441860,0
2021-02-27,13894,0,1455754,0
2021-02-28,9385,0,1465139,0
2021-03-01,26505,0,1491644,0
2021-03-02,33232,0,1524876,0
2021-03-03,44641,0,1569517,0
2021-03-04,50290,0,1619807,0
2021-03-05,55732,0,1675539,0
2021-03-06,41872,0,1717411,0
2021-03-07,22319,0,1739730,0
2021-03-08,50789,0,1790519,0
2021-03-09,53055,0,1843574,0
2021-03-10,58620,0,1902194,0
2021-03-11,63829,0,1966023,0
2021-03-12,65089,0,2031112,0
2021-03-13,51701,0,2082813,0
2021-03-14,35383,0,2118196,0
2021-03-15,73423,0,2191619,0
2021-03-16,74022,0,2265641,0
2021-03-17,83128,0,2348769,0
2021-03-18,81621,0,2430390,0
2021-03-19,81077,0,2511467,0
2021-03-20,64704,0,2576171,0
2021-03-21,47286,0,2623457,0
2021-03-22,69468,0,2692925,0
2021-03-23,75778,0,2768703,0
2021-03-24,90882,0,2859585,0
2021-03-25,89780,0,2949365,0
2021-03-26,83602,0,3032967,0
2021-03-27,71910,0,3104877,0
2021-03-28,44119,0,3148996,0
2021-03-29,70801,0,3219797,0
2021-03-30,81350,0,3301147,0
2021-03-31,96209,0,3397356,0
2021-04-01,95289,0,3492645,0
2021-04-02,84060,0,3576705,0
2021-04-03,64294,0,3640999,0
2021-04-04,21715,0,3662714,0
2021-04-05,40294,0,3703008,0
2021-04-06,81293,0,3784301,0
2021-04-07,95797,0,3880098,0
2021-04-08,95222,0,3975320,0
2021-04-09,88477,0,4063797,0
2021-04-10,74022,0,4137819,0
2021-04-11,44746,0,4182565,0
2021-04-12,66902,0,4249467,0
2021-04-13,72559,0,4322026,0
2021-04-14,85517,0,4407543,0
2021-04-15,105396,0,4512939,0
2021-04-16,106405,0,4619344,0
2021-04-17,90488,0,4709832,0
2021-04-18,58581,0,4768413,0
2021-04-19,93427,0,4861840,0
2021-04-20,103760,0,4965600,0
2021-04-21,125324,0,5090924,0
2021-04-22,143503,0,5234427,0
2021-04-23,138711,0,5373138,0
2021-04-24,124428,0,5497566,0
2021-04-25,61452,0,5559018,0
2021-04-26,97873,0,5656891,0
2021-04-27,128347,0,5785238,0
2021-04-28,156346,0,5941584,0
2021-04-29,195573,0,6137157,0
2021-04-30,214552,0,6351709,0
2021-05-01,174086,0,6525795,0
2021-05-02,135791,0,6661586,0
2021-05-03,141996,0,6803582,0
2021-05-04,158671,0,6962253,0
2021-05-05,170461,0,7132714,0
2021-05-06,197783,0,7330497,0
2021-05-07,213800,0,7544297,0
2021-05-08,213376,0,7757673,0
2021-05-09,143187,0,7900860,0
2021-05-10,165076,0,8065936,0
2021-05-11,174947,0,8240883,0
2021-05-12,179134,0,8420017,0
2021-05-13,203348,0,8623365,0
2021-05-14,222884,0,8846249,0
2021-05-15,210327,0,9056576,0
2021-05-16,159255,0,9215831,0
2021-05-17,219175,0,9435006,0
2021-05-18,212993,0,9647999,0
2021-05-19,207062,0,9855061,0
2021-05-20,270832,0,10125893,0
2021-05-21,270856,0,10396749,0
2021-05-22,245509,0,10642258,0
2021-05-23,197169,0,10839427,0
2021-05-24,228287,0,11067714,0
2021-05-25,245680,0,11313394,0
2021-05-26,277477,0,11590871,0
2021-05-27,311072,0,11901943,0
2021-05-28,299550,0,12201493,0
2021-05-29,231187,0,12432680,0
2021-05-30,170815,0,12603495,0
2021-05-31,216395,0,12819890,0
2021-06-01,207624,0,13027514,0
2021-06-02,115763,0,13143277,0
2021-06-03,180091,0,13323368,0
2021-06-04,184827,0,13508195,0
2021-06-05,185908,0,13694103,0
2021-06-06,139498,0,13833601,0
2021-06-07,161818,0,13995419,0
2021-06-08,171137,0,14166556,0
2021-06-09,171408,0,14337964,0
2021-06-10,174014,0,14511978,0
2021-06-11,169916,0,14681894,0
2021-06-12,128286,0,14810180,0
2021-06-13,91123,0,14901303,0
2021-06-14,214626,0,15115929,0
2021-06-15,228369,0,15344298,0
2021-06-16,253018,0,15597316,0
2021-06-17,301684,0,15899000,0
2021-06-18,306241,0,16205241,0
2021-06-19,275034,0,16480275,0
2021-06-20,220721,0,16700996,0
2021-06-21,288022,0,16989018,0
2021-06-22,296174,0,17285192,0
2021-06-23,302649,0,17587841,0
2021-06-24,332544,0,17920385,0
2021-06-25,348681,0,18269066,0
2021-06-26,300079,0,18569145,0
2021-06-27,228606,0,18797751,0
2021-06-28,307019,0,19104770,0
2021-06-29,329217,0,19433987,0
2021-06-30,342084,0,19776071,0
2021-07-01,363137,0,20139208,0
2021-07-02,368425,0,20507633,0
2021-07-03,371060,0,20878693,0
2021-07-04,283188,0,21161881,0
2021-07-05,384494,0,21546375,0
2021-07-06,385424,0,21931799,0
2021-07-07,412052,0,22343851,0
2021-07-08,479628,0,22823479,0
2021-07-09,498504,0,23321983,0
2021-07-10,475183,0,23797166,0
2021-07-11,357708,0,24154874,0
2021-07-12,485919,0,24640793,0
2021-07-13,492162,0,25132955,0
2021-07-14,480486,0,25613441,0
2021-07-15,523509,0,26136950,0
2021-07-16,509794,0,26646744,0
2021-07-17,464378,0,27111122,0
2021-07-18,364703,0,27475825,0
2021-07-19,463080,0,27938905,0
2021-07-20,458085,0,28396990,0
2021-07-21,462820,0,28859810,0
2021-07-22,475396,0,29335206,0
2021-07-23,441311,0,29776517,0
2021-07-24,386191,0,30162708,0
2021-07-25,287602,0,30450310,0
2021-07-26,430900,0,30881210,0
2021-07-27,440129,0,31321339,0
2021-07-28,391023,0,31712362,0
2021-07-29,372075,0,32084437,0
2021-07-30,341501,0,32425938,0
2021-07-31,287005,0,32712943,0
2021-08-01,191023,0,32903966,0
2021-08-02,333735,0,33237701,0
2021-08-03,323187,0,33560888,0
2021-08-04,310970,0,33871858,0
2021-08-05,292511,0,34164369,0
2021-08-06,260001,0,34424370,0
2021-08-07,199036,0,34623406,0
2021-08-08,153103,0,34776509,0
2021-08-09,234075,0,35010584,0
2021-08-10,205245,0,35215829,0
2021-08-11,193745,0,35409574,0
2021-08-12,167963,0,35577537,0
2021-08-13,148588,0,35726125,0
2021-08-14,66083,0,35792208,0
2021-08-15,26333,0,35818541,0
2021-08-16,114669,0,35933210,0
2021-08-17,129234,0,36062444,0
2021-08-18,128721,0,36191165,0
2021-08-19,124782,0,36315947,0
2021-08-20,123782,0,36439729,0
2021-08-21,83111,0,36522840,0
2021-08-22,68161,0,36591001,0
2021-08-23,176865,0,36767866,0
2021-08-24,156902,0,36924768,0
2021-08-25,177165,0,37101933,0
2021-08-26,172349,0,37274282,0
2021-08-27,185853,0,37460135,0
2021-08-28,140273,0,37600408,0
2021-08-29,99001,0,37699409,0
2021-08-30,209637,0,37909046,0
2021-08-31,194629,0,38103675,0
2021-09-01,192213,0,38295888,0
2021-09-02,189943,0,38485831,0
2021-09-03,191350,0,38677181,0
2021-09-04,131491,0,38808672,0
2021-09-05,87877,0,38896549,0
2021-09-06,193666,0,39090215,0
2021-09-07,196075,0,39286290,0
2021-09-08,187916,0,39474206,0
2021-09-09,201478,0,39675684,0
2021-09-10,198116,0,39873800,0
2021-09-11,141329,0,40015129,0
2021-09-12,89604,0,40104733,0
2021-09-13,191184,528,40295917,528
2021-09-14,177271,563,40473188,1091
2021-09-15,163134,559,40636322,1650
2021-09-16,160105,905,40796427,2555
2021-09-17,150175,1100,40946602,3655
2021-09-18,127976,724,41074578,4379
2021-09-19,81133,484,41155711,4863
2021-09-20,180075,9059,41335786,13922
2021-09-21,166618,8823,41502404,22745
2021-09-22,159075,9421,41661479,32166
2021-09-23,138074,9311,41799553,41477
2021-09-24,140536,8944,41940089,50421
2021-09-25,119541,5627,42059630,56048
2021-09-26,71950,4334,42131580,60382
2021-09-27,135631,10033,42267211,70415
2021-09-28,117481,11375,42384692,81790
2021-09-29,112324,11821,42497016,93611
2021-09-30,110222,14932,42607238,108543
2021-10-01,94970,19099,42702208,127642
2021-10-02,78468,14011,42780676,141653
2021-10-03,47724,7652,42828400,149305
2021-10-04,88373,34438,42916773,183743
2021-10-05,80355,33967,42997128,217710
2021-10-06,71976,34153,43069104,251863
2021-10-07,71846,34339,43140950,286202
2021-10-08,80619,33583,43221569,319785
2021-10-09,76097,22161,43297666,341946
2021-10-10,45770,13613,43343436,355559
2021-10-11,87404,41094,43430840,396653
2021-10-12,84485,46892,43515325,443545
2021-10-13,88188,52097,43603513,495642
2021-10-14,91517,58497,43695030,554139
2021-10-15,93583,55610,43788613,609749
2021-10-16,82953,36773,43871566,646522
2021-10-17,51457,23823,43923023,670345
2021-10-18,90289,59472,44013312,729817
2021-10-19,78339,69366,44091651,799183
2021-10-20,75071,78153,44166722,877336
2021-10-21,78305,81739,44245027,959075
2021-10-22,73795,77009,44318822,1036084
2021-10-23,60814,51944,44379636,1088028
2021-10-24,33379,23444,44413015,1111472
2021-10-25,64902,81618,44477917,1193090
2021-10-26,58370,91769,44536287,1284859
2021-10-27,58329,103956,44594616,1388815
2021-10-28,61467,114093,44656083,1502908
2021-10-29,61660,103101,44717743,1606009
2021-10-30,50672,68109,44768415,1674118
2021-10-31,25169,28281,44793584,1702399
2021-11-01,19048,28145,44812632,1730544
2021-11-02,62771,89362,44875403,1819906
2021-11-03,60731,118655,44936134,1938561
2021-11-04,59244,126651,44995378,2065212
2021-11-05,63094,135165,45058472,2200377
2021-11-06,46472,90919,45104944,2291296
2021-11-07,22253,37891,45127197,2329187
2021-11-08,51527,131257,45178724,2460444
2021-11-09,45402,144186,45224126,2604630
2021-11-10,42575,156341,45266701,2760971
2021-11-11,44932,155131,45311633,2916102
2021-11-12,46369,158566,45358002,3074668
2021-11-13,33254,116639,45391256,3191307
2021-11-14,14479,52445,45405735,3243752
2021-11-15,36894,157417,45442629,3401169
2021-11-16,30543,171369,45473172,3572538
2021-11-17,28444,178430,45501616,3750968
2021-11-18,30276,193705,45531892,3944673
2021-11-19,28791,205845,45560683,4150518
2021-11-20,20990,156433,45581673,4306951
2021-11-21,10606,64854,45592279,4371805
2021-11-22,21923,213135,45614202,4584940
2021-11-23,23560,241738,45637762,4826678
2021-11-24,27828,270939,45665590,5097617
2021-11-25,23225,301892,45688815,5399509
2021-11-26,24568,318258,45713383,5717767
2021-11-27,21368,266146,45734751,5983913
2021-11-28,9893,137052,45744644,6120965
2021-11-29,22310,326059,45766954,6447024
2021-11-30,23074,365818,45790028,6812842
2021-12-01,21507,413492,45811535,7226334
2021-12-02,23748,440374,45835283,7666708
2021-12-03,25220,467445,45860503,8134153
2021-12-04,22340,418720,45882843,8552873
2021-12-05,11903,261330,45894746,8814203
2021-12-06,25795,457557,45920541,9271760
2021-12-07,24099,480239,45944640,9751999
2021-12-08,9989,249677,45954629,10001676
2021-12-09,31549,491907,45986178,10493583
2021-12-10,28039,517857,46014217,11011440
2021-12-11,23538,459235,46037755,11470675
2021-12-12,12289,293493,46050044,11764168
2021-12-13,26124,467614,46076168,12231782
2021-12-14,25148,494184,46101316,12725966
2021-12-15,25299,517126,46126615,13243092
2021-12-16,27856,520233,46154471,13763325
2021-12-17,29326,517154,46183797,14280479
2021-12-18,27020,468709,46210817,14749188
2021-12-19,15128,300509,46225945,15049697
2021-12-20,30596,477463,46256541,15527160
2021-12-21,30339,493367,46286880,16020527
2021-12-22,29419,484690,46316299,16505217
2021-12-23,28204,426889,46344503,16932106
2021-12-24,13102,210816,46357605,17142922
2021-12-25,2101,33052,46359706,17175974
2021-12-26,8749,159062,46368455,17335036
2021-12-27,46738,504644,46415193,17839680
2021-12-28,42407,554191,46457600,18393871
2021-12-29,34282,550625,46491882,18944496
2021-12-30,31775,499815,46523657,19444311
2021-12-31,14091,247393,46537748,19691704
2022-01-01,3492,64812,46541240,19756516
2022-01-02,22723,276715,46563963,20033231
2022-01-03,47754,520008,46611717,20553239
2022-01-04,46256,572067,46657973,21125306
2022-01-05,40647,560374,46698620,21685680
2022-01-06,23424,274477,46722044,21960157
2022-01-07,63577,554174,46785621,22514331
2022-01-08,60728,503372,46846349,23017703
2022-01-09,42737,319681,46889086,23337384
2022-01-10,60966,542267,46950052,23879651
2022-01-11,61592,586978,47011644,24466629
2022-01-12,58316,581270,47069960,25047899
2022-01-13,58473,580367,47128433,25628266
2022-01-14,46652,588555,47175085,26216821
2022-01-15,39203,569927,47214288,26786748
2022-01-16,31093,341846,47245381,27128594
2022-01-17,54687,489641,47300068,27618235
2022-01-18,58281,517002,47358349,28135237
2022-01-19,57107,502776,47415456,28638013
2022-01-20,54240,498807,47469696,29136820
2022-01-21,41957,493860,47511653,29630680
2022-01-22,31066,469586,47542719,30100266
2022-01-23,34855,275363,47577574,30375629
2022-01-24,56105,437203,47633679,30812832
2022-01-25,61475,452082,47695154,31264914
2022-01-26,58467,435809,47753621,31700723
2022-01-27,48772,432350,47802393,32133073
2022-01-28,58602,436520,47860995,32569593
2022-01-29,68024,412475,47929019,32982068
2022-01-30,50322,235964,47979341,33218032
2022-01-31,60536,356915,48039877,33574947
2022-02-01,65465,328426,48105342,33903373
2022-02-02,63112,296958,48168454,34200331
2022-02-03,59988,274508,48228442,34474839
2022-02-04,72307,268440,48300749,34743279
2022-02-05,83689,248520,48384438,34991799
2022-02-06,55239,116193,48439677,35107992
2022-02-07,65089,199927,48504766,35307919
2022-02-08,66882,186101,48571648,35494020
2022-02-09,58718,166327,48630366,35660347
2022-02-10,58507,163231,48688873,35823578
2022-02-11,62198,162450,48751071,35986028
2022-02-12,71930,152133,48823001,36138161
2022-02-13,41452,68848,48864453,36207009
2022-02-14,46649,116180,48911102,36323189
2022-02-15,48486,123477,48959588,36446666
2022-02-16,45648,106106,49005236,36552772
2022-02-17,42840,98097,49048076,36650869
2022-02-18,46584,112565,49094660,36763434
2022-02-19,52509,100324,49147169,36863758
2022-02-20,31405,40359,49178574,36904117
2022-02-21,37879,89639,49216453,36993756
2022-02-22,37195,83767,49253648,37077523
2022-02-23,33369,79402,49287017,37156925
2022-02-24,32542,78160,49319559,37235085
2022-02-25,34739,90702,49354298,37325787
2022-02-26,39139,89131,49393437,37414918
2022-02-27,22537,35855,49415974,37450773
2022-02-28,28460,81689,49444434,37532462
2022-03-01,22691,53934,49467125,37586396
2022-03-02,21982,50626,49489107,37637022
2022-03-03,22593,54940,49511700,37691962
2022-03-04,23203,62789,49534903,37754751
2022-03-05,23777,57949,49558680,37812700
2022-03-06,9468,17199,49568148,37829899
2022-03-07,15894,51389,49584042,37881288
2022-03-08,15442,48795,49599484,37930083
2022-03-09,13796,46512,49613280,37976595
2022-03-10,14022,52115,49627302,38028710
2022-03-11,15560,57248,49642862,38085958
2022-03-12,15484,56614,49658346,38142572
2022-03-13,5541,16848,49663887,38159420
2022-03-14,10515,46691,49674402,38206111
2022-03-15,10525,46892,49684927,38253003
2022-03-16,9468,41975,49694395,38294978
2022-03-17,9696,44875,49704091,38339853
2022-03-18,10148,49051,49714239,38388904
2022-03-19,9140,46531,49723379,38435435
2022-03-20,2607,11698,49725986,38447133
2022-03-21,7569,40221,49733555,38487354
2022-03-22,8434,37745,49741989,38525099
2022-03-23,7204,33695,49749193,38558794
2022-03-24,8244,38796,49757437,38597590
2022-03-25,8119,43664,49765556,38641254
2022-03-26,8118,41719,49773674,38682973
2022-03-27,2427,9682,49776101,38692655
2022-03-28,6094,35229,49782195,38727884
2022-03-29,5772,32524,49787967,38760408
2022-03-30,5552,30192,49793519,38790600
2022-03-31,5879,33168,49799398,38823768
2022-04-01,4340,25180,49803738,38848948
2022-04-02,4486,23271,49808224,38872219
2022-04-03,1047,4499,49809271,38876718
2022-04-04,3649,21532,49812920,38898250
2022-04-05,3746,22922,49816666,38921172
2022-04-06,4095,21837,49820761,38943009
2022-04-07,3952,23317,49824713,38966326
2022-04-08,4681,26709,49829394,38993035
2022-04-09,4374,23882,49833768,39016917
2022-04-10,892,4614,49834660,39021531
2022-04-11,3800,22682,49838460,39044213
2022-04-12,3354,21775,49841814,39065988
2022-04-13,3555,21333,49845369,39087321
2022-04-14,3481,23774,49848850,39111095
2022-04-15,3074,20613,49851924,39131708
2022-04-16,2146,11920,49854070,39143628
2022-04-17,63,348,49854133,39143976
2022-04-18,148,650,49854281,39144626
2022-04-19,3480,21976,49857761,39166602
2022-04-20,3493,20249,49861254,39186851
2022-04-21,2835,19776,49864089,39206627
2022-04-22,2913,20695,49867002,39227322
2022-04-23,2635,16205,49869637,39243527
2022-04-24,509,2335,49870146,39245862
2022-04-25,183,1165,49870329,39247027
2022-04-26,2757,17791,49873086,39264818
2022-04-27,2363,15780,49875449,39280598
2022-04-28,2348,15533,49877797,39296131
2022-04-29,2289,14832,49880086,39310963
2022-04-30,2117,11577,49882203,39322540
2022-05-01,113,530,49882316,39323070
2022-05-02,1443,9381,49883759,39332451
2022-05-03,1569,10307,49885328,39342758
2022-05-04,1744,10256,49887072,39353014
2022-05-05,1647,10273,49888719,39363287
2022-05-06,1690,10944,49890409,39374231
2022-05-07,1431,8563,49891840,39382794
2022-05-08,404,1514,49892244,39384308
2022-05-09,1023,8915,49893267,39393223
2022-05-10,1418,9536,49894685,39402759
2022-05-11,1476,10087,49896161,39412846
2022-05-12,1365,10118,49897526,39422964
2022-05-13,1587,10508,49899113,39433472
2022-05-14,1355,8226,49900468,39441698
2022-05-15,336,1129,49900804,39442827
2022-05-16,809,8388,49901613,39451215
2022-05-17,1239,8666,49902852,39459881
2022-05-18,1369,9212,49904221,39469093
2022-05-19,1498,9266,49905719,39478359
2022-05-20,1420,9491,49907139,39487850
2022-05-21,1299,7891,49908438,39495741
2022-05-22,231,1012,49908669,39496753
2022-05-23,825,8260,49909494,39505013
2022-05-24,1070,8663,49910564,39513676
2022-05-25,1365,9444,49911929,39523120
2022-05-26,1192,9452,49913121,39532572
2022-05-27,1224,9908,49914345,39542480
2022-05-28,1202,7872,49915547,39550352
2022-05-29,285,1264,49915832,39551616
2022-05-30,928,8024,49916760,39559640
2022-05-31,1033,8529,49917793,39568169
2022-06-01,891,7643,49918684,39575812
2022-06-02,35,474,49918719,39576286
2022-06-03,812,7328,49919531,39583614
2022-06-04,869,5155,49920400,39588769
2022-06-05,89,586,49920489,39589355
2022-06-06,671,6964,49921160,39596319
2022-06-07,929,7841,49922089,39604160
2022-06-08,981,7896,49923070,39612056
2022-06-09,1034,8398,49924104,39620454
2022-06-10,950,8537,49925054,39628991
2022-06-11,898,6207,49925952,39635198
2022-06-12,140,767,49926092,39635965
2022-06-13,602,6295,49926694,39642260
2022-06-14,824,7878,49927518,39650138
2022-06-15,949,7842,49928467,39657980
2022-06-16,728,7383,49929195,39665363
2022-06-17,717,7235,49929912,39672598
2022-06-18,776,5587,49930688,39678185
2022-06-19,47,522,49930735,39678707
2022-06-20,587,6694,49931322,39685401
2022-06-21,730,7637,49932052,39693038
2022-06-22,776,7299,49932828,39700337
2022-06-23,648,7456,49933476,39707793
2022-06-24,642,7467,49934118,39715260
2022-06-25,835,6531,49934953,39721791
2022-06-26,128,523,49935081,39722314
2022-06-27,532,7116,49935613,39729430
2022-06-28,743,8207,49936356,39737637
2022-06-29,754,7716,49937110,39745353
2022-06-30,740,8132,49937850,39753485
2022-07-01,577,6436,49938427,39759921
2022-07-02,536,4764,49938963,39764685
2022-07-03,49,456,49939012,39765141
2022-07-04,468,6268,49939480,39771409
2022-07-05,621,8106,49940101,39779515
2022-07-06,624,7591,49940725,39787106
2022-07-07,562,8249,49941287,39795355
2022-07-08,669,8073,49941956,39803428
2022-07-09,548,6103,49942504,39809531
2022-07-10,58,533,49942562,39810064
2022-07-11,476,7625,49943038,39817689
2022-07-12,651,8976,49943689,39826665
2022-07-13,626,10061,49944315,39836726
2022-07-14,619,10217,49944934,39846943
2022-07-15,616,10642,49945550,39857585
2022-07-16,512,7204,49946062,39864789
2022-07-17,48,769,49946110,39865558
2022-07-18,495,9339,49946605,39874897
2022-07-19,559,10635,49947164,39885532
2022-07-20,562,11238,49947726,39896770
2022-07-21,619,11993,49948345,39908763
2022-07-22,567,11195,49948912,39919958
2022-07-23,375,6731,49949287,39926689
2022-07-24,75,834,49949362,39927523
2022-07-25,492,9018,49949854,39936541
2022-07-26,515,9696,49950369,39946237
2022-07-27,531,10105,49950900,39956342
2022-07-28,523,10440,49951423,39966782
2022-07-29,504,9375,49951927,39976157
2022-07-30,380,5843,49952307,39982000
2022-07-31,49,741,49952356,39982741
2022-08-01,383,6802,49952739,39989543
2022-08-02,534,7474,49953273,39997017
2022-08-03,487,7063,49953760,40004080
2022-08-04,441,7369,49954201,40011449
2022-08-05,409,6428,49954610,40017877
2022-08-06,297,3557,49954907,40021434
2022-08-07,43,546,49954950,40021980
2022-08-08,388,4809,49955338,40026789
2022-08-09,371,5166,49955709,40031955
2022-08-10,386,4408,49956095,40036363