data_somministrazione,vaccinazioni,booster,cum_vaccinazioni,cum_booster
2020-12-27,20,0,20,0
2020-12-28,2,0,22,0
2020-12-29,1,0,23,0
2020-12-30,9,0,32,0
2020-12-31,78,0,110,0
2021-01-01,25,0,135,0
2021-01-02,143,0,278,0
2021-01-03,108,0,386,0
2021-01-04,239,0,625,0
2021-01-05,283,0,908,0
2021-01-06,250,0,1158,0
2021-01-07,324,0,1482,0
2021-01-08,379,0,1861,0
2021-01-09,282,0,2143,0
2021-01-10,166,0,2309,0
2021-01-11,308,0,2617,0
2021-01-12,284,0,2901,0
2021-01-13,418,0,3319,0
2021-01-14,504,0,3823,0
2021-01-15,319,0,4142,0
2021-01-16,224,0,4366,0
2021-01-17,3064,0,7430,0
2021-01-18,5220,0,12650,0
2021-01-19,1896,0,14546,0
2021-01-20,4659,0,19205,0
2021-01-21,20005,0,39210,0
2021-01-22,14220,0,53430,0
2021-01-23,33324,0,86754,0
2021-01-24,30774,0,117528,0
2021-01-25,64702,0,182230,0
2021-01-26,76462,0,258692,0
2021-01-27,64809,0,323501,0
2021-01-28,89256,0,412757,0
2021-01-29,93995,0,506752,0
2021-01-30,86547,0,593299,0
2021-01-31,57326,0,650625,0
2021-02-01,81836,0,732461,0
2021-02-02,82134,0,814595,0
2021-02-03,91106,0,905701,0
2021-02-04,95384,0,1001085,0
2021-02-05,90268,0,1091353,0
2021-02-06,63449,0,1154802,0
2021-02-07,32934,0,1187736,0
2021-02-08,40422,0,1228158,0
2021-02-09,32880,0,1261038,0
2021-02-10,28435,0,1289473,0
2021-02-11,20406,0,1309879,0
2021-02-12,16251,0,1326130,0
2021-02-13,7279,0,1333409,0
2021-02-14,2862,0,1336271,0
2021-02-15,6847,0,1343118,0
2021-02-16,7004,0,1350122,0
2021-02-17,10527,0,1360649,0
2021-02-18,9257,0,1369906,0
2021-02-19,8258,0,1378164,0
2021-02-20,5579,0,1383743,0
2021-02-21,3014,0,1386757,0
2021-02-22,6883,0,1393640,0
2021-02-23,7187,0,1400827,0
2021-02-24,9814,0,1410641,0
2021-02-25,14213,0,1424854,0
2021-02-26,17560,0,1442414,0
2021-02-27,13921,0,1456335,0
2021-02-28,9396,0,1465731,0
2021-03-01,26526,0,1492257,0
2021-03-02,33247,0,1525504,0
2021-03-03,44652,0,1570156,0
2021-03-04,50302,0,1620458,0
2021-03-05,55745,0,1676203,0
2021-03-06,41882,0,1718085,0
2021-03-07,22331,0,1740416,0
2021-03-08,50838,0,1791254,0
2021-03-09,53095,0,1844349,0
2021-03-10,58692,0,1903041,0
2021-03-11,63888,0,1966929,0
2021-03-12,65137,0,2032066,0
2021-03-13,51730,0,2083796,0
2021-03-14,35423,0,2119219,0
2021-03-15,73460,0,2192679,0
2021-03-16,74032,0,2266711,0
2021-03-17,83142,0,2349853,0
2021-03-18,81632,0,2431485,0
2021-03-19,81090,0,2512575,0
2021-03-20,64739,0,2577314,0
2021-03-21,47310,0,2624624,0
2021-03-22,69505,0,2694129,0
2021-03-23,75818,0,2769947,0
2021-03-24,90930,0,2860877,0
2021-03-25,89827,0,2950704,0
2021-03-26,83641,0,3034345,0
2021-03-27,71960,0,3106305,0
2021-03-28,44185,0,3150490,0
2021-03-29,70850,0,3221340,0
2021-03-30,81414,0,3302754,0
2021-03-31,96263,0,3399017,0
2021-04-01,95338,0,3494355,0
2021-04-02,84089,0,3578444,0
2021-04-03,64312,0,3642756,0
2021-04-04,21725,0,3664481,0
2021-04-05,40320,0,3704801,0
2021-04-06,81341,0,3786142,0
2021-04-07,95843,0,3881985,0
2021-04-08,95261,0,3977246,0
2021-04-09,88503,0,4065749,0
2021-04-10,74035,0,4139784,0
2021-04-11,44771,0,4184555,0
2021-04-12,66928,0,4251483,0
2021-04-13,72598,0,4324081,0
2021-04-14,85557,0,4409638,0
2021-04-15,105428,0,4515066,0
2021-04-16,106434,0,4621500,0
2021-04-17,90529,0,4712029,0
2021-04-18,58597,0,4770626,0
2021-04-19,93441,0,4864067,0
2021-04-20,103779,0,4967846,0
2021-04-21,125343,0,5093189,0
2021-04-22,143532,0,5236721,0
2021-04-23,138757,0,5375478,0
2021-04-24,124454,0,5499932,0
2021-04-25,61473,0,5561405,0
2021-04-26,97915,0,5659320,0
2021-04-27,128377,0,5787697,0
2021-04-28,156400,0,5944097,0
2021-04-29,195622,0,6139719,0
2021-04-30,214615,0,6354334,0
2021-05-01,174146,0,6528480,0
2021-05-02,135813,0,6664293,0
2021-05-03,142072,0,6806365,0
2021-05-04,158714,0,6965079,0
2021-05-05,170549,0,7135628,0
2021-05-06,197831,0,7333459,0
2021-05-07,213878,0,7547337,0
2021-05-08,213444,0,7760781,0
2021-05-09,143216,0,7903997,0
2021-05-10,165106,0,8069103,0
2021-05-11,175014,0,8244117,0
2021-05-12,179227,0,8423344,0
2021-05-13,203427,0,8626771,0
2021-05-14,222945,0,8849716,0
2021-05-15,210395,0,9060111,0
2021-05-16,159287,0,9219398,0
2021-05-17,219224,0,9438622,0
2021-05-18,213035,0,9651657,0
2021-05-19,207106,0,9858763,0
2021-05-20,270896,0,10129659,0
2021-05-21,270917,0,10400576,0
2021-05-22,245550,0,10646126,0
2021-05-23,197194,0,10843320,0
2021-05-24,228311,0,11071631,0
2021-05-25,245701,0,11317332,0
2021-05-26,277575,0,11594907,0
2021-05-27,311107,0,11906014,0
2021-05-28,299591,0,12205605,0
2021-05-29,231253,0,12436858,0
2021-05-30,170854,0,12607712,0
2021-05-31,216441,0,12824153,0
2021-06-01,207637,0,13031790,0
2021-06-02,115806,0,13147596,0
2021-06-03,180180,0,13327776,0
2021-06-04,184923,0,13512699,0
2021-06-05,186005,0,13698704,0
2021-06-06,139591,0,13838295,0
2021-06-07,161906,0,14000201,0
2021-06-08,171290,0,14171491,0
2021-06-09,171527,0,14343018,0
2021-06-10,174163,0,14517181,0
2021-06-11,170037,0,14687218,0
2021-06-12,128402,0,14815620,0
2021-06-13,91234,0,14906854,0
2021-06-14,214710,0,15121564,0
2021-06-15,228465,0,15350029,0
2021-06-16,253119,0,15603148,0
2021-06-17,301785,0,15904933,0
2021-06-18,306331,0,16211264,0
2021-06-19,275121,0,16486385,0
2021-06-20,220828,0,16707213,0
2021-06-21,288102,0,16995315,0
2021-06-22,296253,0,17291568,0
2021-06-23,302710,0,17594278,0
2021-06-24,332624,0,17926902,0
2021-06-25,348747,0,18275649,0
2021-06-26,300151,0,18575800,0
2021-06-27,228699,0,18804499,0
2021-06-28,307160,0,19111659,0
2021-06-29,329337,0,19440996,0
2021-06-30,342229,0,19783225,0
2021-07-01,363250,0,20146475,0
2021-07-02,368515,0,20514990,0
2021-07-03,371107,0,20886097,0
2021-07-04,283238,0,21169335,0
2021-07-05,384567,0,21553902,0
2021-07-06,385498,0,21939400,0
2021-07-07,412141,0,22351541,0
2021-07-08,479593,0,22831134,0
2021-07-09,498472,0,23329606,0
2021-07-10,475176,0,23804782,0
2021-07-11,357699,0,24162481,0
2021-07-12,485878,0,24648359,0
2021-07-13,492076,0,25140435,0
2021-07-14,480434,0,25620869,0
2021-07-15,523425,0,26144294,0
2021-07-16,509751,0,26654045,0
2021-07-17,464324,0,27118369,0
2021-07-18,364636,0,27483005,0
2021-07-19,463034,0,27946039,0
2021-07-20,458047,0,28404086,0
2021-07-21,462789,0,28866875,0
2021-07-22,475373,0,29342248,0
2021-07-23,441327,0,29783575,0
2021-07-24,386150,0,30169725,0
2021-07-25,287551,0,30457276,0
2021-07-26,430891,0,30888167,0
2021-07-27,440111,0,31328278,0
2021-07-28,391015,0,31719293,0
2021-07-29,372071,0,32091364,0
2021-07-30,341523,0,32432887,0
2021-07-31,287051,0,32719938,0
2021-08-01,190995,0,32910933,0
2021-08-02,333704,0,33244637,0
2021-08-03,323187,0,33567824,0
2021-08-04,310991,0,33878815,0
2021-08-05,292482,0,34171297,0
2021-08-06,260042,0,34431339,0
2021-08-07,199065,0,34630404,0
2021-08-08,153109,0,34783513,0
2021-08-09,234088,0,35017601,0
2021-08-10,205284,0,35222885,0
2021-08-11,193791,0,35416676,0
2021-08-12,168068,0,35584744,0
2021-08-13,148669,0,35733413,0
2021-08-14,66103,0,35799516,0
2021-08-15,26344,0,35825860,0
2021-08-16,114716,0,35940576,0
2021-08-17,129253,0,36069829,0
2021-08-18,128766,0,36198595,0
2021-08-19,124857,0,36323452,0
2021-08-20,123797,0,36447249,0
2021-08-21,83135,0,36530384,0
2021-08-22,68180,0,36598564,0
2021-08-23,176873,0,36775437,0
2021-08-24,156892,0,36932329,0
2021-08-25,177172,0,37109501,0
2021-08-26,172354,0,37281855,0
2021-08-27,185834,0,37467689,0
2021-08-28,140292,0,37607981,0
2021-08-29,98994,0,37706975,0
2021-08-30,209587,0,37916562,0
2021-08-31,194640,0,38111202,0
2021-09-01,192218,0,38303420,0
2021-09-02,189930,0,38493350,0
2021-09-03,191285,0,38684635,0
2021-09-04,131447,0,38816082,0
2021-09-05,87844,0,38903926,0
2021-09-06,193603,0,39097529,0
2021-09-07,196038,0,39293567,0
2021-09-08,187861,0,39481428,0
2021-09-09,201420,0,39682848,0
2021-09-10,198055,0,39880903,0
2021-09-11,141290,0,40022193,0
2021-09-12,89593,0,40111786,0
2021-09-13,191109,647,40302895,647
2021-09-14,177212,651,40480107,1298
2021-09-15,163076,651,40643183,1949
2021-09-16,160045,1002,40803228,2951
2021-09-17,150154,1170,40953382,4121
2021-09-18,127979,781,41081361,4902
2021-09-19,81144,508,41162505,5410
2021-09-20,180064,9131,41342569,14541
2021-09-21,166672,8862,41509241,23403
2021-09-22,159115,9464,41668356,32867
2021-09-23,138106,9357,41806462,42224
2021-09-24,140550,9015,41947012,51239
2021-09-25,119562,5673,42066574,56912
2021-09-26,71991,4367,42138565,61279
2021-09-27,135667,10084,42274232,71363
2021-09-28,117517,11428,42391749,82791
2021-09-29,112378,11850,42504127,94641
2021-09-30,110288,14983,42614415,109624
2021-10-01,94996,19144,42709411,128768
2021-10-02,78522,14045,42787933,142813
2021-10-03,47758,7671,42835691,150484
2021-10-04,88391,34487,42924082,184971
2021-10-05,80379,34022,43004461,218993
2021-10-06,72008,34213,43076469,253206
2021-10-07,71882,34374,43148351,287580
2021-10-08,80643,33622,43228994,321202
2021-10-09,76116,22196,43305110,343398
2021-10-10,45791,13631,43350901,357029
2021-10-11,87448,41133,43438349,398162
2021-10-12,84516,46936,43522865,445098
2021-10-13,88221,52167,43611086,497265
2021-10-14,91553,58560,43702639,555825
2021-10-15,93598,55680,43796237,611505
2021-10-16,82972,36828,43879209,648333
2021-10-17,51462,23861,43930671,672194
2021-10-18,90303,59521,44020974,731715
2021-10-19,78357,69416,44099331,801131
2021-10-20,75062,78212,44174393,879343
2021-10-21,78288,81818,44252681,961161
2021-10-22,73769,77082,44326450,1038243
2021-10-23,60838,51974,44387288,1090217
2021-10-24,33370,23480,44420658,1113697
2021-10-25,64895,81670,44485553,1195367
2021-10-26,58376,91837,44543929,1287204
2021-10-27,58318,104041,44602247,1391245
2021-10-28,61446,114159,44663693,1505404
2021-10-29,61632,103187,44725325,1608591
2021-10-30,50676,68153,44776001,1676744
2021-10-31,25161,28311,44801162,1705055
2021-11-01,19050,28159,44820212,1733214
2021-11-02,62739,89441,44882951,1822655
2021-11-03,60715,118703,44943666,1941358
2021-11-04,59237,126706,45002903,2068064
2021-11-05,63092,135230,45065995,2203294
2021-11-06,46491,90942,45112486,2294236
2021-11-07,22247,37907,45134733,2332143
2021-11-08,51527,131295,45186260,2463438
2021-11-09,45400,144239,45231660,2607677
2021-11-10,42594,156375,45274254,2764052
2021-11-11,44927,155175,45319181,2919227
2021-11-12,46294,158709,45365475,3077936
2021-11-13,33269,116683,45398744,3194619
2021-11-14,14491,52461,45413235,3247080
2021-11-15,36910,157445,45450145,3404525
2021-11-16,30567,171412,45480712,3575937
2021-11-17,28467,178467,45509179,3754404
2021-11-18,30292,193768,45539471,3948172
2021-11-19,28821,205888,45568292,4154060
2021-11-20,21011,156460,45589303,4310520
2021-11-21,10610,64872,45599913,4375392
2021-11-22,21959,213164,45621872,4588556
2021-11-23,23606,241803,45645478,4830359
2021-11-24,27766,271104,45673244,5101463
2021-11-25,23266,301952,45696510,5403415
2021-11-26,24599,318311,45721109,5721726
2021-11-27,21413,266173,45742522,5987899
2021-11-28,9908,137073,45752430,6124972
2021-11-29,22366,326081,45774796,6451053
2021-11-30,23120,365862,45797916,6816915
2021-12-01,21555,413543,45819471,7230458
2021-12-02,23796,440445,45843267,7670903
2021-12-03,25278,467540,45868545,8138443
2021-12-04,22391,418803,45890936,8557246
2021-12-05,11945,261367,45902881,8818613
2021-12-06,25844,457637,45928725,9276250
2021-12-07,24166,480307,45952891,9756557
2021-12-08,10031,249723,45962922,10006280
2021-12-09,31621,491967,45994543,10498247
2021-12-10,28103,517934,46022646,11016181
2021-12-11,23594,459285,46046240,11475466
2021-12-12,12324,293535,46058564,11769001
2021-12-13,26180,467656,46084744,12236657
2021-12-14,25204,494242,46109948,12730899
2021-12-15,25371,517194,46135319,13248093
2021-12-16,27927,520308,46163246,13768401
2021-12-17,29399,517227,46192645,14285628
2021-12-18,27118,468785,46219763,14754413
2021-12-19,15171,300543,46234934,15054956
2021-12-20,30674,477511,46265608,15532467
2021-12-21,30414,493446,46296022,16025913
2021-12-22,29490,484759,46325512,16510672
2021-12-23,28287,426967,46353799,16937639
2021-12-24,13126,210843,46366925,17148482
2021-12-25,2104,33053,46369029,17181535
2021-12-26,8779,159078,46377808,17340613
2021-12-27,46849,504696,46424657,17845309
2021-12-28,42510,554263,46467167,18399572
2021-12-29,34394,550683,46501561,18950255
2021-12-30,31894,499869,46533455,19450124
2021-12-31,14149,247410,46547604,19697534
2022-01-01,3500,64815,46551104,19762349
2022-01-02,22833,276727,46573937,20039076
2022-01-03,47944,520036,46621881,20559112
2022-01-04,46477,572105,46668358,21131217
2022-01-05,40845,560428,46709203,21691645
2022-01-06,23536,274491,46732739,21966136
2022-01-07,63802,554224,46796541,22520360
2022-01-08,60976,503423,46857517,23023783
2022-01-09,42964,319703,46900481,23343486
2022-01-10,61176,542327,46961657,23885813
2022-01-11,61843,587039,47023500,24472852
2022-01-12,58552,581310,47082052,25054162
2022-01-13,58713,580432,47140765,25634594
2022-01-14,46936,588621,47187701,26223215
2022-01-15,39567,569994,47227268,26793209
2022-01-16,31317,341893,47258585,27135102
2022-01-17,54853,489691,47313438,27624793
2022-01-18,58471,517056,47371909,28141849
2022-01-19,57267,502826,47429176,28644675
2022-01-20,54419,498863,47483595,29143538
2022-01-21,42182,493898,47525777,29637436
2022-01-22,31300,469620,47557077,30107056
2022-01-23,34982,275390,47592059,30382446
2022-01-24,56232,437250,47648291,30819696
2022-01-25,61601,452133,47709892,31271829
2022-01-26,58590,435849,47768482,31707678
2022-01-27,48890,432408,47817372,32140086
2022-01-28,58752,436563,47876124,32576649
2022-01-29,68192,412516,47944316,32989165
2022-01-30,50408,235988,47994724,33225153
2022-01-31,60709,356950,48055433,33582103
2022-02-01,65616,328468,48121049,33910571
2022-02-02,63250,296999,48184299,34207570
2022-02-03,60089,274537,48244388,34482107
2022-02-04,72413,268470,48316801,34750577
2022-02-05,83816,248556,48400617,34999133
2022-02-06,55308,116207,48455925,35115340
2022-02-07,65183,199945,48521108,35315285
2022-02-08,66957,186128,48588065,35501413
2022-02-09,58774,166353,48646839,35667766
2022-02-10,58599,163251,48705438,35831017
2022-02-11,62276,162477,48767714,35993494
2022-02-12,72010,152155,48839724,36145649
2022-02-13,41484,68856,48881208,36214505
2022-02-14,46712,116192,48927920,36330697
2022-02-15,48567,123482,48976487,36454179
2022-02-16,45688,106129,49022175,36560308
2022-02-17,42873,98120,49065048,36658428
2022-02-18,46633,112586,49111681,36771014
2022-02-19,52546,100339,49164227,36871353
2022-02-20,31416,40367,49195643,36911720
2022-02-21,37899,89659,49233542,37001379
2022-02-22,37225,83785,49270767,37085164
2022-02-23,33401,79410,49304168,37164574
2022-02-24,32561,78167,49336729,37242741
2022-02-25,34772,90715,49371501,37333456
2022-02-26,39163,89138,49410664,37422594
2022-02-27,22548,35857,49433212,37458451
2022-02-28,28489,81697,49461701,37540148
2022-03-01,22729,53943,49484430,37594091
2022-03-02,21934,50712,49506364,37644803
2022-03-03,22636,54947,49529000,37699750
2022-03-04,23242,62801,49552242,37762551
2022-03-05,23803,57952,49576045,37820503
2022-03-06,9474,17201,49585519,37837704
2022-03-07,15925,51390,49601444,37889094
2022-03-08,15481,48796,49616925,37937890
2022-03-09,13816,46517,49630741,37984407
2022-03-10,14058,52125,49644799,38036532
2022-03-11,15591,57274,49660390,38093806
2022-03-12,15511,56619,49675901,38150425
2022-03-13,5545,16852,49681446,38167277
2022-03-14,10529,46701,49691975,38213978
2022-03-15,10552,46895,49702527,38260873
2022-03-16,9482,41975,49712009,38302848
2022-03-17,9724,44876,49721733,38347724
2022-03-18,10162,49058,49731895,38396782
2022-03-19,9151,46539,49741046,38443321
2022-03-20,2608,11704,49743654,38455025
2022-03-21,7581,40229,49751235,38495254
2022-03-22,8447,37767,49759682,38533021
2022-03-23,7218,33701,49766900,38566722
2022-03-24,8259,38821,49775159,38605543
2022-03-25,8142,43671,49783301,38649214
2022-03-26,8128,41722,49791429,38690936
2022-03-27,2431,9683,49793860,38700619
2022-03-28,6112,35243,49799972,38735862
2022-03-29,5781,32531,49805753,38768393
2022-03-30,5567,30204,49811320,38798597
2022-03-31,5903,33187,49817223,38831784
2022-04-01,4350,25189,49821573,38856973
2022-04-02,4497,23275,49826070,38880248
2022-04-03,1049,4500,49827119,38884748
2022-04-04,3660,21545,49830779,38906293
2022-04-05,3758,22936,49834537,38929229
2022-04-06,4105,21852,49838642,38951081
2022-04-07,3970,23321,49842612,38974402
2022-04-08,4696,26714,49847308,39001116
2022-04-09,4381,23888,49851689,39025004
2022-04-10,893,4613,49852582,39029617
2022-04-11,3819,22689,49856401,39052306
2022-04-12,3365,21779,49859766,39074085
2022-04-13,3571,21337,49863337,39095422
2022-04-14,3488,23787,49866825,39119209
2022-04-15,3083,20621,49869908,39139830
2022-04-16,2151,11918,49872059,39151748
2022-04-17,63,348,49872122,39152096
2022-04-18,152,650,49872274,39152746
2022-04-19,3499,21984,49875773,39174730
2022-04-20,3512,20251,49879285,39194981
2022-04-21,2848,19791,49882133,39214772
2022-04-22,2928,20712,49885061,39235484
2022-04-23,2647,16222,49887708,39251706
2022-04-24,509,2334,49888217,39254040
2022-04-25,183,1165,49888400,39255205
2022-04-26,2759,17810,49891159,39273015
2022-04-27,2374,15795,49893533,39288810
2022-04-28,2361,15564,49895894,39304374
2022-04-29,2297,14850,49898191,39319224
2022-04-30,2123,11584,49900314,39330808
2022-05-01,113,531,49900427,39331339
2022-05-02,1451,9392,49901878,39340731
2022-05-03,1576,10323,49903454,39351054
2022-05-04,1745,10271,49905199,39361325
2022-05-05,1654,10296,49906853,39371621
2022-05-06,1702,10970,49908555,39382591
2022-05-07,1431,8570,49909986,39391161
2022-05-08,416,1526,49910402,39392687
2022-05-09,1029,8930,49911431,39401617
2022-05-10,1426,9549,49912857,39411166
2022-05-11,1484,10104,49914341,39421270
2022-05-12,1372,10137,49915713,39431407
2022-05-13,1596,10518,49917309,39441925
2022-05-14,1360,8240,49918669,39450165
2022-05-15,336,1136,49919005,39451301
2022-05-16,814,8404,49919819,39459705
2022-05-17,1244,8697,49921063,39468402
2022-05-18,1372,9235,49922435,39477637
2022-05-19,1500,9283,49923935,39486920
2022-05-20,1423,9532,49925358,39496452
2022-05-21,1301,7900,49926659,39504352
2022-05-22,231,1014,49926890,39505366
2022-05-23,830,8271,49927720,39513637
2022-05-24,1073,8672,49928793,39522309
2022-05-25,1372,9460,49930165,39531769
2022-05-26,1196,9480,49931361,39541249
2022-05-27,1232,9915,49932593,39551164
2022-05-28,1205,7887,49933798,39559051
2022-05-29,288,1265,49934086,39560316
2022-05-30,930,8057,49935016,39568373
2022-05-31,1038,8548,49936054,39576921
2022-06-01,895,7658,49936949,39584579
2022-06-02,35,474,49936984,39585053
2022-06-03,817,7334,49937801,39592387
2022-06-04,870,5162,49938671,39597549
2022-06-05,89,586,49938760,39598135
2022-06-06,679,7003,49939439,39605138
2022-06-07,952,7849,49940391,39612987
2022-06-08,981,7907,49941372,39620894
2022-06-09,1036,8417,49942408,39629311
2022-06-10,958,8563,49943366,39637874
2022-06-11,903,6207,49944269,39644081
2022-06-12,140,768,49944409,39644849
2022-06-13,602,6301,49945011,39651150
2022-06-14,832,7903,49945843,39659053
2022-06-15,960,7855,49946803,39666908
2022-06-16,733,7396,49947536,39674304
2022-06-17,724,7249,49948260,39681553
2022-06-18,777,5594,49949037,39687147
2022-06-19,49,521,49949086,39687668
2022-06-20,587,6699,49949673,39694367
2022-06-21,741,7663,49950414,39702030
2022-06-22,779,7312,49951193,39709342
2022-06-23,648,7472,49951841,39716814
2022-06-24,644,7474,49952485,39724288
2022-06-25,835,6533,49953320,39730821
2022-06-26,128,523,49953448,39731344
2022-06-27,534,7125,49953982,39738469
2022-06-28,747,8207,49954729,39746676
2022-06-29,756,7732,49955485,39754408
2022-06-30,747,8145,49956232,39762553
2022-07-01,577,6443,49956809,39768996
2022-07-02,536,4769,49957345,39773765
2022-07-03,49,456,49957394,39774221
2022-07-04,469,6277,49957863,39780498
2022-07-05,631,8120,49958494,39788618
2022-07-06,633,7611,49959127,39796229
2022-07-07,575,8271,49959702,39804500
2022-07-08,674,8084,49960376,39812584
2022-07-09,550,6105,49960926,39818689
2022-07-10,58,533,49960984,39819222
2022-07-11,491,7640,49961475,39826862
2022-07-12,667,9030,49962142,39835892
2022-07-13,644,10066,49962786,39845958
2022-07-14,637,10226,49963423,39856184
2022-07-15,626,10667,49964049,39866851
2022-07-16,522,7215,49964571,39874066
2022-07-17,48,770,49964619,39874836
2022-07-18,496,9372,49965115,39884208
2022-07-19,575,10683,49965690,39894891
2022-07-20,581,11275,49966271,39906166
2022-07-21,630,12090,49966901,39918256
2022-07-22,584,11258,49967485,39929514
2022-07-23,381,6775,49967866,39936289
2022-07-24,76,857,49967942,39937146
2022-07-25,503,9051,49968445,39946197
2022-07-26,522,9761,49968967,39955958
2022-07-27,552,10208,49969519,39966166
2022-07-28,532,10534,49970051,39976700
2022-07-29,511,9465,49970562,39986165
2022-07-30,383,5881,49970945,39992046
2022-07-31,49,764,49970994,39992810
2022-08-01,386,6864,49971380,39999674
2022-08-02,545,7589,49971925,40007263
2022-08-03,512,7179,49972437,40014442
2022-08-04,455,7489,49972892,40021931
2022-08-05,421,6527,49973313,40028458
2022-08-06,299,3613,49973612,40032071
2022-08-07,44,561,49973656,40032632
2022-08-08,403,4890,49974059,40037522
2022-08-09,381,5311,49974440,40042833
2022-08-10,385,4816,49974825,40047649
2022-08-11,369,4803,49975194,40052452
2022-08-12,293,3720,49975487,40056172
2022-08-13,143,1600,49975630,40057772
2022-08-14,9,129,49975639,40057901
2022-08-15,1,26,49975640,40057927
2022-08-16,282,3043,49975922,40060970
2022-08-17,352,3536,49976274,40064506
2022-08-18,392,4160,49976666,40068666
2022-08-19,341,3319,49977007,40071985
2022-08-20,183,1715,49977190,40073700
2022-08-21,24,149,49977214,40073849
2022-08-22,329,2952,49977543,40076801
2022-08-23,370,3674,49977913,40080475
2022-08-24,384,3360,49978297,40083835
2022-08-25,422,3774,49978719,40087609
2022-08-26,399,3575,49979118,40091184
2022-08-27,237,1769,49979355,40092953
2022-08-28,29,267,49979384,40093220
2022-08-29,354,3161,49979738,40096381
2022-08-30,403,3671,49980141,40100052
2022-08-31,438,3734,49980579,40103786
2022-09-01,353,3116,49980932,40106902
2022-09-02,296,2893,49981228,40109795
2022-09-03,200,1689,49981428,40111484
2022-09-04,24,149,49981452,40111633
2022-09-05,187,2656,49981639,40114289
2022-09-06,305,2981,49981944,40117270
2022-09-07,540,2937,49982484,40120207
2022-09-08,292,2962,49982776,40123169
2022-09-09,305,2886,49983081,40126055
2022-09-10,227,1326,49983308,40127381
2022-09-11,23,124,49983331,40127505
2022-09-12,267,2267,49983598,40129772
2022-09-13,252,2276,49983850,40132048
2022-09-14,266,2566,49984116,40134614
2022-09-15,282,2499,49984398,40137113
2022-09-16,254,2546,49984652,40139659
2022-09-17,239,1339,49984891,40140998
2022-09-18,20,170,49984911,40141168
2022-09-19,206,1971,49985117,40143139
2022-09-20,236,2391,49985353,40145530
2022-09-21,289,2526,49985642,40148056
2022-09-22,266,2663,49985908,40150719
2022-09-23,259,2544,49986167,40153263
2022-09-24,193,1427,49986360,40154690
2022-09-25,29,133,49986389,40154823
2022-09-26,280,2248,49986669,40157071
2022-09-27,287,2682,49986956,40159753
2022-09-28,310,2905,49987266,40162658
2022-09-29,257,3049,49987523,40165707
2022-09-30,292,2989,49987815,40168696
2022-10-01,195,1515,49988010,40170211
2022-10-02,12,187,49988022,40170398
2022-10-03,185,2474,49988207,40172872
2022-10-04,236,2863,49988443,40175735
2022-10-05,229,3249,49988672,40178984
2022-10-06,243,3874,49988915,40182858
2022-10-07,282,4187,49989197,40187045
2022-10-08,202,2270,49989399,40189315
2022-10-09,8,305,49989407,40189620
2022-10-10,210,3356,49989617,40192976
2022-10-11,193,4378,49989810,40197354
2022-10-12,209,4441,49990019,40201795
2022-10-13,203,5304,49990222,40207099
2022-10-14,232,5023,49990454,40212122
2022-10-15,190,2671,49990644,40214793
2022-10-16,6,360,49990650,40215153
2022-10-17,185,3871,49990835,40219024
2022-10-18,257,4965,49991092,40223989
2022-10-19,244,5478,49991336,40229467
2022-10-20,224,5993,49991560,40235460
2022-10-21,250,5476,49991810,40240936
2022-10-22,195,2911,49992005,40243847
2022-10-23,13,364,49992018,40244211
2022-10-24,171,3929,49992189,40248140
2022-10-25,253,4926,49992442,40253066
2022-10-26,347,5498,49992789,40258564
2022-10-27,241,5669,49993030,40264233
2022-10-28,199,5260,49993229,40269493
2022-10-29,128,2844,49993357,40272337
2022-10-30,3,328,49993360,40272665
2022-10-31,117,3037,49993477,40275702
2022-11-01,11,353,49993488,40276055
2022-11-02,143,3719,49993631,40279774
2022-11-03,173,4784,49993804,40284558
2022-11-04,224,4600,49994028,40289158
2022-11-05,144,2596,49994172,40291754
2022-11-06,10,259,49994182,40292013
2022-11-07,169,3223,49994351,40295236
2022-11-08,259,4241,49994610,40299477
2022-11-09,197,4327,49994807,40303804
2022-11-10,182,4583,49994989,40308387
2022-11-11,192,4217,49995181,40312604
2022-11-12,154,2363,49995335,40314967
2022-11-13,7,335,49995342,40315302
2022-11-14,149,2836,49995491,40318138
2022-11-15,202,3737,49995693,40321875
2022-11-16,216,3977,49995909,40325852
2022-11-17,192,4088,49996101,40329940
2022-11-18,246,4015,49996347,40333955
2022-11-19,112,2096,49996459,40336051
2022-11-20,24,316,49996483,40336367
2022-11-21,118,2612,49996601,40338979
2022-11-22,142,3205,49996743,40342184
2022-11-23,192,3613,49996935,40345797
2022-11-24,155,3810,49997090,40349607
2022-11-25,184,3754,49997274,40353361
2022-11-26,130,2088,49997404,40355449
2022-11-27,22,356,49997426,40355805
2022-11-28,180,2670,49997606,40358475
2022-11-29,183,3207,49997789,40361682
2022-11-30,176,3712,49997965,40365394
2022-12-01,222,3585,49998187,40368979
2022-12-02,156,3492,49998343,40372471
2022-12-03,101,1946,49998444,40374417
2022-12-04,5,290,49998449,40374707
2022-12-05,126,2804,49998575,40377511
2022-12-06,169,3562,49998744,40381073
2022-12-07,129,2980,49998873,40384053
2022-12-08,7,123,49998880,40384176
2022-12-09,132,2751,49999012,40386927
2022-12-10,68,1412,49999080,40388339
2022-12-11,3,139,49999083,40388478
2022-12-12,160,2298,49999243,40390776
2022-12-13,143,2616,49999386,40393392
2022-12-14,122,1503,49999508,40394895