data_somministrazione,vaccinazioni,booster,cum_vaccinazioni,cum_booster
2020-12-27,15,0,15,0
2020-12-28,2,0,17,0
2020-12-29,1,0,18,0
2020-12-30,2,0,20,0
2020-12-31,34,0,54,0
2021-01-01,12,0,66,0
2021-01-02,53,0,119,0
2021-01-03,45,0,164,0
2021-01-04,120,0,284,0
2021-01-05,157,0,441,0
2021-01-06,132,0,573,0
2021-01-07,194,0,767,0
2021-01-08,242,0,1009,0
2021-01-09,170,0,1179,0
2021-01-10,109,0,1288,0
2021-01-11,196,0,1484,0
2021-01-12,201,0,1685,0
2021-01-13,304,0,1989,0
2021-01-14,391,0,2380,0
2021-01-15,233,0,2613,0
2021-01-16,163,0,2776,0
2021-01-17,3046,0,5822,0
2021-01-18,5178,0,11000,0
2021-01-19,1868,0,12868,0
2021-01-20,4649,0,17517,0
2021-01-21,20002,0,37519,0
2021-01-22,14194,0,51713,0
2021-01-23,33353,0,85066,0
2021-01-24,30791,0,115857,0
2021-01-25,64766,0,180623,0
2021-01-26,76535,0,257158,0
2021-01-27,64871,0,322029,0
2021-01-28,89327,0,411356,0
2021-01-29,94062,0,505418,0
2021-01-30,86603,0,592021,0
2021-01-31,57339,0,649360,0
2021-02-01,81889,0,731249,0
2021-02-02,82152,0,813401,0
2021-02-03,91206,0,904607,0
2021-02-04,95357,0,999964,0
2021-02-05,90262,0,1090226,0
2021-02-06,63724,0,1153950,0
2021-02-07,32913,0,1186863,0
2021-02-08,40403,0,1227266,0
2021-02-09,32826,0,1260092,0
2021-02-10,28371,0,1288463,0
2021-02-11,20340,0,1308803,0
2021-02-12,16172,0,1324975,0
2021-02-13,7215,0,1332190,0
2021-02-14,2855,0,1335045,0
2021-02-15,6816,0,1341861,0
2021-02-16,6968,0,1348829,0
2021-02-17,10486,0,1359315,0
2021-02-18,9208,0,1368523,0
2021-02-19,8141,0,1376664,0
2021-02-20,5466,0,1382130,0
2021-02-21,2938,0,1385068,0
2021-02-22,6825,0,1391893,0
2021-02-23,7085,0,1398978,0
2021-02-24,9781,0,1408759,0
2021-02-25,14159,0,1422918,0
2021-02-26,17464,0,1440382,0
2021-02-27,13841,0,1454223,0
2021-02-28,9334,0,1463557,0
2021-03-01,26424,0,1489981,0
2021-03-02,33142,0,1523123,0
2021-03-03,44578,0,1567701,0
2021-03-04,50181,0,1617882,0
2021-03-05,55671,0,1673553,0
2021-03-06,41823,0,1715376,0
2021-03-07,22279,0,1737655,0
2021-03-08,50597,0,1788252,0
2021-03-09,52926,0,1841178,0
2021-03-10,58483,0,1899661,0
2021-03-11,63688,0,1963349,0
2021-03-12,65001,0,2028350,0
2021-03-13,51636,0,2079986,0
2021-03-14,35332,0,2115318,0
2021-03-15,73280,0,2188598,0
2021-03-16,73959,0,2262557,0
2021-03-17,82971,0,2345528,0
2021-03-18,81569,0,2427097,0
2021-03-19,80982,0,2508079,0
2021-03-20,64612,0,2572691,0
2021-03-21,47237,0,2619928,0
2021-03-22,69364,0,2689292,0
2021-03-23,75661,0,2764953,0
2021-03-24,90740,0,2855693,0
2021-03-25,89661,0,2945354,0
2021-03-26,83456,0,3028810,0
2021-03-27,71788,0,3100598,0
2021-03-28,44018,0,3144616,0
2021-03-29,70673,0,3215289,0
2021-03-30,81220,0,3296509,0
2021-03-31,96057,0,3392566,0
2021-04-01,95168,0,3487734,0
2021-04-02,83949,0,3571683,0
2021-04-03,64215,0,3635898,0
2021-04-04,21679,0,3657577,0
2021-04-05,40247,0,3697824,0
2021-04-06,81201,0,3779025,0
2021-04-07,95620,0,3874645,0
2021-04-08,95122,0,3969767,0
2021-04-09,88344,0,4058111,0
2021-04-10,73911,0,4132022,0
2021-04-11,44682,0,4176704,0
2021-04-12,66811,0,4243515,0
2021-04-13,72485,0,4316000,0
2021-04-14,85388,0,4401388,0
2021-04-15,105269,0,4506657,0
2021-04-16,106267,0,4612924,0
2021-04-17,90516,0,4703440,0
2021-04-18,58647,0,4762087,0
2021-04-19,93332,0,4855419,0
2021-04-20,103638,0,4959057,0
2021-04-21,125226,0,5084283,0
2021-04-22,143370,0,5227653,0
2021-04-23,138527,0,5366180,0
2021-04-24,124292,0,5490472,0
2021-04-25,61371,0,5551843,0
2021-04-26,97759,0,5649602,0
2021-04-27,128218,0,5777820,0
2021-04-28,156191,0,5934011,0
2021-04-29,195352,0,6129363,0
2021-04-30,214339,0,6343702,0
2021-05-01,174119,0,6517821,0
2021-05-02,135854,0,6653675,0
2021-05-03,141826,0,6795501,0
2021-05-04,158513,0,6954014,0
2021-05-05,170264,0,7124278,0
2021-05-06,197593,0,7321871,0
2021-05-07,213514,0,7535385,0
2021-05-08,213172,0,7748557,0
2021-05-09,143014,0,7891571,0
2021-05-10,164898,0,8056469,0
2021-05-11,174725,0,8231194,0
2021-05-12,178879,0,8410073,0
2021-05-13,203058,0,8613131,0
2021-05-14,222616,0,8835747,0
2021-05-15,210060,0,9045807,0
2021-05-16,159127,0,9204934,0
2021-05-17,218985,0,9423919,0
2021-05-18,212772,0,9636691,0
2021-05-19,206818,0,9843509,0
2021-05-20,270526,0,10114035,0
2021-05-21,270567,0,10384602,0
2021-05-22,245321,0,10629923,0
2021-05-23,197053,0,10826976,0
2021-05-24,228141,0,11055117,0
2021-05-25,245501,0,11300618,0
2021-05-26,277239,0,11577857,0
2021-05-27,310820,0,11888677,0
2021-05-28,299333,0,12188010,0
2021-05-29,230958,0,12418968,0
2021-05-30,170674,0,12589642,0
2021-05-31,216206,0,12805848,0
2021-06-01,207445,0,13013293,0
2021-06-02,115613,0,13128906,0
2021-06-03,179772,0,13308678,0
2021-06-04,184481,0,13493159,0
2021-06-05,185705,0,13678864,0
2021-06-06,139360,0,13818224,0
2021-06-07,161510,0,13979734,0
2021-06-08,170752,0,14150486,0
2021-06-09,171042,0,14321528,0
2021-06-10,173617,0,14495145,0
2021-06-11,169550,0,14664695,0
2021-06-12,127948,0,14792643,0
2021-06-13,90907,0,14883550,0
2021-06-14,214384,0,15097934,0
2021-06-15,228148,0,15326082,0
2021-06-16,252862,0,15578944,0
2021-06-17,301484,0,15880428,0
2021-06-18,306018,0,16186446,0
2021-06-19,274936,0,16461382,0
2021-06-20,220573,0,16681955,0
2021-06-21,287895,0,16969850,0
2021-06-22,296004,0,17265854,0
2021-06-23,302576,0,17568430,0
2021-06-24,332450,0,17900880,0
2021-06-25,348569,0,18249449,0
2021-06-26,300165,0,18549614,0
2021-06-27,228761,0,18778375,0
2021-06-28,306834,0,19085209,0
2021-06-29,329017,0,19414226,0
2021-06-30,341953,0,19756179,0
2021-07-01,362953,0,20119132,0
2021-07-02,368348,0,20487480,0
2021-07-03,371247,0,20858727,0
2021-07-04,283203,0,21141930,0
2021-07-05,384397,0,21526327,0
2021-07-06,385270,0,21911597,0
2021-07-07,411980,0,22323577,0
2021-07-08,479720,0,22803297,0
2021-07-09,498494,0,23301791,0
2021-07-10,475210,0,23777001,0
2021-07-11,357771,0,24134772,0
2021-07-12,485951,0,24620723,0
2021-07-13,492251,0,25112974,0
2021-07-14,480517,0,25593491,0
2021-07-15,523631,0,26117122,0
2021-07-16,509869,0,26626991,0
2021-07-17,464471,0,27091462,0
2021-07-18,364784,0,27456246,0
2021-07-19,463365,0,27919611,0
2021-07-20,458222,0,28377833,0
2021-07-21,462862,0,28840695,0
2021-07-22,475338,0,29316033,0
2021-07-23,441265,0,29757298,0
2021-07-24,386098,0,30143396,0
2021-07-25,287520,0,30430916,0
2021-07-26,430833,0,30861749,0
2021-07-27,440103,0,31301852,0
2021-07-28,390917,0,31692769,0
2021-07-29,371979,0,32064748,0
2021-07-30,341429,0,32406177,0
2021-07-31,286922,0,32693099,0
2021-08-01,190773,0,32883872,0
2021-08-02,333740,0,33217612,0
2021-08-03,323066,0,33540678,0
2021-08-04,310775,0,33851453,0
2021-08-05,292402,0,34143855,0
2021-08-06,259846,0,34403701,0
2021-08-07,198818,0,34602519,0
2021-08-08,153031,0,34755550,0
2021-08-09,234085,0,34989635,0
2021-08-10,205040,0,35194675,0
2021-08-11,193491,0,35388166,0
2021-08-12,167735,0,35555901,0
2021-08-13,148317,0,35704218,0
2021-08-14,65948,0,35770166,0
2021-08-15,26284,0,35796450,0
2021-08-16,114525,0,35910975,0
2021-08-17,129054,0,36040029,0
2021-08-18,128623,0,36168652,0
2021-08-19,124599,0,36293251,0
2021-08-20,123593,0,36416844,0
2021-08-21,82975,0,36499819,0
2021-08-22,68051,0,36567870,0
2021-08-23,176608,0,36744478,0
2021-08-24,156839,0,36901317,0
2021-08-25,176922,0,37078239,0
2021-08-26,172190,0,37250429,0
2021-08-27,185699,0,37436128,0
2021-08-28,140021,0,37576149,0
2021-08-29,98893,0,37675042,0
2021-08-30,209484,0,37884526,0
2021-08-31,194546,0,38079072,0
2021-09-01,192025,0,38271097,0
2021-09-02,189753,0,38460850,0
2021-09-03,191146,0,38651996,0
2021-09-04,131336,0,38783332,0
2021-09-05,87833,0,38871165,0
2021-09-06,193513,0,39064678,0
2021-09-07,195711,0,39260389,0
2021-09-08,187704,0,39448093,0
2021-09-09,201282,0,39649375,0
2021-09-10,197882,0,39847257,0
2021-09-11,141130,0,39988387,0
2021-09-12,89453,0,40077840,0
2021-09-13,191002,335,40268842,335
2021-09-14,177234,420,40446076,755
2021-09-15,162948,452,40609024,1207
2021-09-16,159929,785,40768953,1992
2021-09-17,149975,1001,40918928,2993
2021-09-18,127779,654,41046707,3647
2021-09-19,80940,439,41127647,4086
2021-09-20,179751,8951,41307398,13037
2021-09-21,166229,8723,41473627,21760
2021-09-22,158663,9356,41632290,31116
2021-09-23,137608,9235,41769898,40351
2021-09-24,140116,8849,41910014,49200
2021-09-25,119259,5555,42029273,54755
2021-09-26,71739,4293,42101012,59048
2021-09-27,135317,9964,42236329,69012
2021-09-28,117105,11300,42353434,80312
2021-09-29,111913,11754,42465347,92066
2021-09-30,109836,14835,42575183,106901
2021-10-01,94593,19022,42669776,125923
2021-10-02,78178,13982,42747954,139905
2021-10-03,47500,7626,42795454,147531
2021-10-04,88046,34356,42883500,181887
2021-10-05,80065,33908,42963565,215795
2021-10-06,71710,34052,43035275,249847
2021-10-07,71468,34270,43106743,284117
2021-10-08,80330,33483,43187073,317600
2021-10-09,75769,22104,43262842,339704
2021-10-10,45607,13589,43308449,353293
2021-10-11,87057,40985,43395506,394278
2021-10-12,84146,46779,43479652,441057
2021-10-13,87847,51972,43567499,493029
2021-10-14,91054,58373,43658553,551402
2021-10-15,93174,55459,43751727,606861
2021-10-16,82618,36695,43834345,643556
2021-10-17,51214,23773,43885559,667329
2021-10-18,90026,59320,43975585,726649
2021-10-19,78107,69273,44053692,795922
2021-10-20,74868,78009,44128560,873931
2021-10-21,78058,81556,44206618,955487
2021-10-22,73705,76849,44280323,1032336
2021-10-23,60691,51878,44341014,1084214
2021-10-24,33289,23396,44374303,1107610
2021-10-25,64719,81485,44439022,1189095
2021-10-26,58226,91597,44497248,1280692
2021-10-27,58099,103806,44555347,1384498
2021-10-28,61272,113811,44616619,1498309
2021-10-29,61593,102896,44678212,1601205
2021-10-30,50540,67971,44728752,1669176
2021-10-31,25101,28230,44753853,1697406
2021-11-01,19006,28115,44772859,1725521
2021-11-02,62629,89187,44835488,1814708
2021-11-03,60589,118461,44896077,1933169
2021-11-04,59072,126418,44955149,2059587
2021-11-05,62947,134938,45018096,2194525
2021-11-06,46319,90787,45064415,2285312
2021-11-07,22196,37822,45086611,2323134
2021-11-08,51333,131073,45137944,2454207
2021-11-09,45271,143837,45183215,2598044
2021-11-10,42491,155942,45225706,2753986
2021-11-11,44770,154871,45270476,2908857
2021-11-12,46196,158292,45316672,3067149
2021-11-13,33129,116424,45349801,3183573
2021-11-14,14433,52381,45364234,3235954
2021-11-15,36734,157111,45400968,3393065
2021-11-16,30394,171077,45431362,3564142
2021-11-17,28266,178198,45459628,3742340
2021-11-18,30086,193373,45489714,3935713
2021-11-19,28619,205446,45518333,4141159
2021-11-20,20850,156099,45539183,4297258
2021-11-21,10520,64696,45549703,4361954
2021-11-22,21746,212730,45571449,4574684
2021-11-23,23359,241358,45594808,4816042
2021-11-24,27594,270434,45622402,5086476
2021-11-25,22944,301374,45645346,5387850
2021-11-26,24294,317747,45669640,5705597
2021-11-27,21146,265745,45690786,5971342
2021-11-28,9763,136813,45700549,6108155
2021-11-29,21961,325482,45722510,6433637
2021-11-30,22733,365126,45745243,6798763
2021-12-01,21110,412717,45766353,7211480
2021-12-02,23297,439857,45789650,7651337
2021-12-03,24694,466699,45814344,8118036
2021-12-04,21912,418351,45836256,8536387
2021-12-05,11583,261141,45847839,8797528
2021-12-06,25088,457064,45872927,9254592
2021-12-07,23440,479642,45896367,9734234
2021-12-08,9627,249458,45905994,9983692
2021-12-09,30720,491426,45936714,10475118
2021-12-10,27260,517112,45963974,10992230
2021-12-11,22831,458852,45986805,11451082
2021-12-12,11808,293199,45998613,11744281
2021-12-13,25261,467059,46023874,12211340
2021-12-14,24223,493615,46048097,12704955
2021-12-15,24399,516519,46072496,13221474
2021-12-16,26664,519501,46099160,13740975
2021-12-17,28260,516127,46127420,14257102
2021-12-18,25900,468231,46153320,14725333
2021-12-19,14329,300231,46167649,15025564
2021-12-20,29422,476910,46197071,15502474
2021-12-21,29156,492647,46226227,15995121
2021-12-22,28037,484058,46254264,16479179
2021-12-23,26830,426338,46281094,16905517
2021-12-24,12561,210583,46293655,17116100
2021-12-25,2060,33006,46295715,17149106
2021-12-26,8131,158966,46303846,17308072
2021-12-27,44390,504185,46348236,17812257
2021-12-28,39235,553571,46387471,18365828
2021-12-29,30878,549964,46418349,18915792
2021-12-30,28402,499139,46446751,19414931
2021-12-31,12460,247141,46459211,19662072
2022-01-01,3139,64746,46462350,19726818
2022-01-02,19710,276524,46482060,20003342
2022-01-03,43071,520437,46525131,20523779
2022-01-04,41162,572431,46566293,21096210
2022-01-05,35565,560692,46601858,21656902
2022-01-06,20651,274187,46622509,21931089
2022-01-07,58531,554084,46681040,22485173
2022-01-08,55363,502706,46736403,22987879
2022-01-09,38622,319350,46775025,23307229
2022-01-10,56971,542102,46831996,23849331
2022-01-11,57133,586615,46889129,24435946
2022-01-12,53946,580934,46943075,25016880
2022-01-13,54464,579914,46997539,25596794
2022-01-14,42607,587832,47040146,26184626
2022-01-15,34217,567510,47074363,26752136
2022-01-16,27775,340691,47102138,27092827
2022-01-17,52036,489336,47154174,27582163
2022-01-18,55712,516418,47209886,28098581
2022-01-19,54681,502218,47264567,28600799
2022-01-20,51986,497919,47316553,29098718
2022-01-21,39615,492447,47356168,29591165
2022-01-22,28219,468041,47384387,30059206
2022-01-23,33208,274445,47417595,30333651
2022-01-24,54502,435969,47472097,30769620
2022-01-25,59922,450385,47532019,31220005
2022-01-26,56592,433024,47588611,31653029
2022-01-27,48361,425809,47636972,32078838
2022-01-28,57080,430348,47694052,32509186
2022-01-29,65329,406886,47759381,32916072
2022-01-30,32938,141204,47792319,33057276