data_somministrazione,vaccinazioni,booster,cum_vaccinazioni,cum_booster
2020-12-27,16,0,16,0
2020-12-28,2,0,18,0
2020-12-29,1,0,19,0
2020-12-30,3,0,22,0
2020-12-31,37,0,59,0
2021-01-01,13,0,72,0
2021-01-02,59,0,131,0
2021-01-03,46,0,177,0
2021-01-04,129,0,306,0
2021-01-05,170,0,476,0
2021-01-06,140,0,616,0
2021-01-07,208,0,824,0
2021-01-08,253,0,1077,0
2021-01-09,184,0,1261,0
2021-01-10,110,0,1371,0
2021-01-11,207,0,1578,0
2021-01-12,213,0,1791,0
2021-01-13,317,0,2108,0
2021-01-14,417,0,2525,0
2021-01-15,256,0,2781,0
2021-01-16,172,0,2953,0
2021-01-17,3050,0,6003,0
2021-01-18,5189,0,11192,0
2021-01-19,1878,0,13070,0
2021-01-20,4650,0,17720,0
2021-01-21,20010,0,37730,0
2021-01-22,14199,0,51929,0
2021-01-23,33358,0,85287,0
2021-01-24,30797,0,116084,0
2021-01-25,64778,0,180862,0
2021-01-26,76548,0,257410,0
2021-01-27,64880,0,322290,0
2021-01-28,89349,0,411639,0
2021-01-29,94076,0,505715,0
2021-01-30,86618,0,592333,0
2021-01-31,57355,0,649688,0
2021-02-01,81911,0,731599,0
2021-02-02,82170,0,813769,0
2021-02-03,91217,0,904986,0
2021-02-04,95391,0,1000377,0
2021-02-05,90297,0,1090674,0
2021-02-06,63738,0,1154412,0
2021-02-07,32917,0,1187329,0
2021-02-08,40415,0,1227744,0
2021-02-09,32848,0,1260592,0
2021-02-10,28395,0,1288987,0
2021-02-11,20357,0,1309344,0
2021-02-12,16185,0,1325529,0
2021-02-13,7217,0,1332746,0
2021-02-14,2856,0,1335602,0
2021-02-15,6828,0,1342430,0
2021-02-16,6975,0,1349405,0
2021-02-17,10500,0,1359905,0
2021-02-18,9223,0,1369128,0
2021-02-19,8185,0,1377313,0
2021-02-20,5482,0,1382795,0
2021-02-21,2952,0,1385747,0
2021-02-22,6842,0,1392589,0
2021-02-23,7115,0,1399704,0
2021-02-24,9800,0,1409504,0
2021-02-25,14174,0,1423678,0
2021-02-26,17508,0,1441186,0
2021-02-27,13866,0,1455052,0
2021-02-28,9353,0,1464405,0
2021-03-01,26456,0,1490861,0
2021-03-02,33182,0,1524043,0
2021-03-03,44613,0,1568656,0
2021-03-04,50227,0,1618883,0
2021-03-05,55759,0,1674642,0
2021-03-06,41851,0,1716493,0
2021-03-07,22299,0,1738792,0
2021-03-08,50547,0,1789339,0
2021-03-09,52918,0,1842257,0
2021-03-10,58537,0,1900794,0
2021-03-11,63757,0,1964551,0
2021-03-12,65024,0,2029575,0
2021-03-13,51663,0,2081238,0
2021-03-14,35350,0,2116588,0
2021-03-15,73368,0,2189956,0
2021-03-16,73991,0,2263947,0
2021-03-17,83098,0,2347045,0
2021-03-18,81594,0,2428639,0
2021-03-19,81026,0,2509665,0
2021-03-20,64649,0,2574314,0
2021-03-21,47250,0,2621564,0
2021-03-22,69408,0,2690972,0
2021-03-23,75708,0,2766680,0
2021-03-24,90791,0,2857471,0
2021-03-25,89711,0,2947182,0
2021-03-26,83502,0,3030684,0
2021-03-27,71826,0,3102510,0
2021-03-28,44047,0,3146557,0
2021-03-29,70702,0,3217259,0
2021-03-30,81264,0,3298523,0
2021-03-31,96108,0,3394631,0
2021-04-01,95208,0,3489839,0
2021-04-02,83984,0,3573823,0
2021-04-03,64248,0,3638071,0
2021-04-04,21694,0,3659765,0
2021-04-05,40266,0,3700031,0
2021-04-06,81235,0,3781266,0
2021-04-07,95736,0,3877002,0
2021-04-08,95159,0,3972161,0
2021-04-09,88404,0,4060565,0
2021-04-10,73948,0,4134513,0
2021-04-11,44703,0,4179216,0
2021-04-12,66846,0,4246062,0
2021-04-13,72502,0,4318564,0
2021-04-14,85431,0,4403995,0
2021-04-15,105312,0,4509307,0
2021-04-16,106311,0,4615618,0
2021-04-17,90412,0,4706030,0
2021-04-18,58530,0,4764560,0
2021-04-19,93385,0,4857945,0
2021-04-20,103690,0,4961635,0
2021-04-21,125267,0,5086902,0
2021-04-22,143424,0,5230326,0
2021-04-23,138610,0,5368936,0
2021-04-24,124352,0,5493288,0
2021-04-25,61398,0,5554686,0
2021-04-26,97799,0,5652485,0
2021-04-27,128263,0,5780748,0
2021-04-28,156238,0,5936986,0
2021-04-29,195437,0,6132423,0
2021-04-30,214423,0,6346846,0
2021-05-01,174003,0,6520849,0
2021-05-02,135719,0,6656568,0
2021-05-03,141887,0,6798455,0
2021-05-04,158590,0,6957045,0
2021-05-05,170348,0,7127393,0
2021-05-06,197675,0,7325068,0
2021-05-07,213660,0,7538728,0
2021-05-08,213277,0,7752005,0
2021-05-09,143078,0,7895083,0
2021-05-10,164986,0,8060069,0
2021-05-11,174818,0,8234887,0
2021-05-12,178987,0,8413874,0
2021-05-13,203171,0,8617045,0
2021-05-14,222745,0,8839790,0
2021-05-15,210150,0,9049940,0
2021-05-16,159148,0,9209088,0
2021-05-17,219069,0,9428157,0
2021-05-18,212886,0,9641043,0
2021-05-19,206937,0,9847980,0
2021-05-20,270697,0,10118677,0
2021-05-21,270697,0,10389374,0
2021-05-22,245390,0,10634764,0
2021-05-23,197095,0,10831859,0
2021-05-24,228212,0,11060071,0
2021-05-25,245579,0,11305650,0
2021-05-26,277379,0,11583029,0
2021-05-27,310917,0,11893946,0
2021-05-28,299433,0,12193379,0
2021-05-29,231051,0,12424430,0
2021-05-30,170728,0,12595158,0
2021-05-31,216274,0,12811432,0
2021-06-01,207525,0,13018957,0
2021-06-02,115667,0,13134624,0
2021-06-03,179911,0,13314535,0
2021-06-04,184610,0,13499145,0
2021-06-05,185761,0,13684906,0
2021-06-06,139329,0,13824235,0
2021-06-07,161616,0,13985851,0
2021-06-08,170904,0,14156755,0
2021-06-09,171206,0,14327961,0
2021-06-10,173782,0,14501743,0
2021-06-11,169674,0,14671417,0
2021-06-12,128085,0,14799502,0
2021-06-13,90989,0,14890491,0
2021-06-14,214483,0,15104974,0
2021-06-15,228208,0,15333182,0
2021-06-16,252886,0,15586068,0
2021-06-17,301513,0,15887581,0
2021-06-18,306086,0,16193667,0
2021-06-19,274918,0,16468585,0
2021-06-20,220536,0,16689121,0
2021-06-21,287894,0,16977015,0
2021-06-22,296016,0,17273031,0
2021-06-23,302584,0,17575615,0
2021-06-24,332408,0,17908023,0
2021-06-25,348575,0,18256598,0
2021-06-26,299953,0,18556551,0
2021-06-27,228515,0,18785066,0
2021-06-28,306859,0,19091925,0
2021-06-29,329040,0,19420965,0
2021-06-30,341946,0,19762911,0
2021-07-01,362982,0,20125893,0
2021-07-02,368304,0,20494197,0
2021-07-03,370981,0,20865178,0
2021-07-04,283070,0,21148248,0
2021-07-05,384400,0,21532648,0
2021-07-06,385286,0,21917934,0
2021-07-07,411956,0,22329890,0
2021-07-08,479615,0,22809505,0
2021-07-09,498491,0,23307996,0
2021-07-10,475155,0,23783151,0
2021-07-11,357692,0,24140843,0
2021-07-12,485899,0,24626742,0
2021-07-13,492145,0,25118887,0
2021-07-14,480464,0,25599351,0
2021-07-15,523506,0,26122857,0
2021-07-16,509774,0,26632631,0
2021-07-17,464425,0,27097056,0
2021-07-18,364702,0,27461758,0
2021-07-19,463077,0,27924835,0
2021-07-20,458088,0,28382923,0
2021-07-21,462754,0,28845677,0
2021-07-22,475355,0,29321032,0
2021-07-23,441224,0,29762256,0
2021-07-24,386120,0,30148376,0
2021-07-25,287575,0,30435951,0
2021-07-26,430840,0,30866791,0
2021-07-27,440047,0,31306838,0
2021-07-28,390926,0,31697764,0
2021-07-29,371988,0,32069752,0
2021-07-30,341298,0,32411050,0
2021-07-31,286889,0,32697939,0
2021-08-01,190821,0,32888760,0
2021-08-02,333536,0,33222296,0
2021-08-03,323069,0,33545365,0
2021-08-04,310818,0,33856183,0
2021-08-05,292450,0,34148633,0
2021-08-06,259882,0,34408515,0
2021-08-07,198926,0,34607441,0
2021-08-08,153023,0,34760464,0
2021-08-09,233951,0,34994415,0
2021-08-10,205125,0,35199540,0
2021-08-11,193570,0,35393110,0
2021-08-12,167760,0,35560870,0
2021-08-13,148427,0,35709297,0
2021-08-14,66016,0,35775313,0
2021-08-15,26311,0,35801624,0
2021-08-16,114559,0,35916183,0
2021-08-17,129138,0,36045321,0
2021-08-18,128614,0,36173935,0
2021-08-19,124652,0,36298587,0
2021-08-20,123670,0,36422257,0
2021-08-21,83027,0,36505284,0
2021-08-22,68098,0,36573382,0
2021-08-23,176749,0,36750131,0
2021-08-24,156813,0,36906944,0
2021-08-25,177055,0,37083999,0
2021-08-26,172244,0,37256243,0
2021-08-27,185790,0,37442033,0
2021-08-28,140159,0,37582192,0
2021-08-29,98985,0,37681177,0
2021-08-30,209547,0,37890724,0
2021-08-31,194482,0,38085206,0
2021-09-01,192086,0,38277292,0
2021-09-02,189812,0,38467104,0
2021-09-03,191275,0,38658379,0
2021-09-04,131434,0,38789813,0
2021-09-05,87830,0,38877643,0
2021-09-06,193635,0,39071278,0
2021-09-07,195972,0,39267250,0
2021-09-08,187851,0,39455101,0
2021-09-09,201416,0,39656517,0
2021-09-10,198013,0,39854530,0
2021-09-11,141237,0,39995767,0
2021-09-12,89540,0,40085307,0
2021-09-13,191163,358,40276470,358
2021-09-14,177222,438,40453692,796
2021-09-15,163041,464,40616733,1260
2021-09-16,160010,797,40776743,2057
2021-09-17,150025,1009,40926768,3066
2021-09-18,127830,660,41054598,3726
2021-09-19,81048,446,41135646,4172
2021-09-20,179894,8958,41315540,13130
2021-09-21,166433,8732,41481973,21862
2021-09-22,158852,9368,41640825,31230
2021-09-23,137839,9242,41778664,40472
2021-09-24,140326,8866,41918990,49338
2021-09-25,119402,5556,42038392,54894
2021-09-26,71816,4299,42110208,59193
2021-09-27,135423,9980,42245631,69173
2021-09-28,117285,11321,42362916,80494
2021-09-29,112099,11766,42475015,92260
2021-09-30,110004,14858,42585019,107118
2021-10-01,94772,19048,42679791,126166
2021-10-02,78280,13987,42758071,140153
2021-10-03,47594,7632,42805665,147785
2021-10-04,88189,34374,42893854,182159
2021-10-05,80219,33922,42974073,216081
2021-10-06,71827,34082,43045900,250163
2021-10-07,71607,34293,43117507,284456
2021-10-08,80435,33513,43197942,317969
2021-10-09,75905,22118,43273847,340087
2021-10-10,45678,13590,43319525,353677
2021-10-11,87213,41018,43406738,394695
2021-10-12,84325,46814,43491063,441509
2021-10-13,87983,52029,43579046,493538
2021-10-14,91284,58398,43670330,551936
2021-10-15,93358,55500,43763688,607436
2021-10-16,82762,36723,43846450,644159
2021-10-17,51318,23785,43897768,667944
2021-10-18,90155,59351,43987923,727295
2021-10-19,78186,69320,44066109,796615
2021-10-20,74912,78050,44141021,874665
2021-10-21,78149,81653,44219170,956318
2021-10-22,73703,76925,44292873,1033243
2021-10-23,60677,51909,44353550,1085152
2021-10-24,33338,23410,44386888,1108562
2021-10-25,64795,81560,44451683,1190122
2021-10-26,58279,91689,44509962,1281811
2021-10-27,58234,103887,44568196,1385698
2021-10-28,61356,114005,44629552,1499703
2021-10-29,61605,102998,44691157,1602701
2021-10-30,50590,68048,44741747,1670749
2021-10-31,25139,28253,44766886,1699002
2021-11-01,19023,28128,44785909,1727130
2021-11-02,62716,89260,44848625,1816390
2021-11-03,60657,118565,44909282,1934955
2021-11-04,59157,126537,44968439,2061492
2021-11-05,63006,135073,45031445,2196565
2021-11-06,46396,90903,45077841,2287468
2021-11-07,22219,37859,45100060,2325327
2021-11-08,51425,131198,45151485,2456525
2021-11-09,45347,144077,45196832,2600602
2021-11-10,42516,156243,45239348,2756845
2021-11-11,44845,155061,45284193,2911906
2021-11-12,46270,158490,45330463,3070396
2021-11-13,33169,116638,45363632,3187034
2021-11-14,14448,52415,45378080,3239449
2021-11-15,36813,157302,45414893,3396751
2021-11-16,30465,171315,45445358,3568066
2021-11-17,28347,178378,45473705,3746444
2021-11-18,30138,193602,45503843,3940046
2021-11-19,28685,205725,45532528,4145771
2021-11-20,20902,156447,45553430,4302218
2021-11-21,10559,64815,45563989,4367033
2021-11-22,21848,213082,45585837,4580115
2021-11-23,23462,241639,45609299,4821754
2021-11-24,27713,270856,45637012,5092610
2021-11-25,23096,301821,45660108,5394431
2021-11-26,24443,318178,45684551,5712609
2021-11-27,21261,266057,45705812,5978666
2021-11-28,9847,136998,45715659,6115664
2021-11-29,22171,325954,45737830,6441618
2021-11-30,22936,365729,45760766,6807347
2021-12-01,21332,413446,45782098,7220793
2021-12-02,23593,440283,45805691,7661076
2021-12-03,25047,467315,45830738,8128391
2021-12-04,22196,418658,45852934,8547049
2021-12-05,11799,261285,45864733,8808334
2021-12-06,25569,457459,45890302,9265793
2021-12-07,23922,480112,45914224,9745905
2021-12-08,9898,249615,45924122,9995520
2021-12-09,31325,491843,45955447,10487363
2021-12-10,27860,517752,45983307,11005115
2021-12-11,23373,459205,46006680,11464320
2021-12-12,12174,293433,46018854,11757753
2021-12-13,25940,467519,46044794,12225272
2021-12-14,24959,494083,46069753,12719355
2021-12-15,25115,517021,46094868,13236376
2021-12-16,27574,520088,46122442,13756464
2021-12-17,29091,517008,46151533,14273472
2021-12-18,26745,468619,46178278,14742091
2021-12-19,14976,300452,46193254,15042543
2021-12-20,30365,477350,46223619,15519893
2021-12-21,30138,493198,46253757,16013091
2021-12-22,29161,484547,46282918,16497638
2021-12-23,27950,426798,46310868,16924436
2021-12-24,12998,210760,46323866,17135196
2021-12-25,2092,33048,46325958,17168244
2021-12-26,8670,159034,46334628,17327278
2021-12-27,46458,504533,46381086,17831811
2021-12-28,42065,554075,46423151,18385886
2021-12-29,33920,550527,46457071,18936413
2021-12-30,31456,499705,46488527,19436118
2021-12-31,13920,247336,46502447,19683454
2022-01-01,3448,64791,46505895,19748245
2022-01-02,22482,276682,46528377,20024927
2022-01-03,47286,520860,46575663,20545787
2022-01-04,45813,572904,46621476,21118691
2022-01-05,40041,561191,46661517,21679882
2022-01-06,23015,274402,46684532,21954284
2022-01-07,62876,554978,46747408,22509262
2022-01-08,59851,503257,46807259,23012519
2022-01-09,41962,319617,46849221,23332136
2022-01-10,60334,543044,46909555,23875180
2022-01-11,60815,587769,46970370,24462949
2022-01-12,57464,582037,47027834,25044986
2022-01-13,57670,581094,47085504,25626080
2022-01-14,45693,589121,47131197,26215201
2022-01-15,38016,569474,47169213,26784675
2022-01-16,30350,341427,47199563,27126102
2022-01-17,53932,490374,47253495,27616476
2022-01-18,57620,517674,47311115,28134150
2022-01-19,56395,503440,47367510,28637590
2022-01-20,53575,499469,47421085,29137059
2022-01-21,41144,494531,47462229,29631590
2022-01-22,29997,469403,47492226,30100993
2022-01-23,34271,275241,47526497,30376234
2022-01-24,55464,437945,47581961,30814179
2022-01-25,60887,452832,47642848,31267011
2022-01-26,57705,436500,47700553,31703511
2022-01-27,47994,432993,47748547,32136504
2022-01-28,57722,437232,47806269,32573736
2022-01-29,66967,411982,47873236,32985718
2022-01-30,49563,235712,47922799,33221430
2022-01-31,59468,357701,47982267,33579131
2022-02-01,64563,329189,48046830,33908320
2022-02-02,62255,297535,48109085,34205855
2022-02-03,59302,275102,48168387,34480957
2022-02-04,71540,268989,48239927,34749946
2022-02-05,82576,248262,48322503,34998208
2022-02-06,54658,116106,48377161,35114314
2022-02-07,64464,200585,48441625,35314899
2022-02-08,66156,186733,48507781,35501632
2022-02-09,58122,166871,48565903,35668503
2022-02-10,57958,163684,48623861,35832187
2022-02-11,61627,162843,48685488,35995030
2022-02-12,71253,152008,48756741,36147038
2022-02-13,41085,68740,48797826,36215778
2022-02-14,46267,116672,48844093,36332450
2022-02-15,48026,123910,48892119,36456360
2022-02-16,45214,106469,48937333,36562829
2022-02-17,42516,98209,48979849,36661038
2022-02-18,46242,112607,49026091,36773645
2022-02-19,52123,100243,49078214,36873888
2022-02-20,31237,40258,49109451,36914146
2022-02-21,37683,89689,49147134,37003835
2022-02-22,36930,83750,49184064,37087585
2022-02-23,33155,79337,49217219,37166922
2022-02-24,32282,78036,49249501,37244958
2022-02-25,34466,90566,49283967,37335524
2022-02-26,38756,88663,49322723,37424187
2022-02-27,22399,35715,49345122,37459902
2022-02-28,28157,81525,49373279,37541427
2022-03-01,22321,53882,49395600,37595309
2022-03-02,21671,50355,49417271,37645664
2022-03-03,22150,54368,49439421,37700032
2022-03-04,22961,60694,49462382,37760726