data_somministrazione,vaccinazioni,booster,cum_vaccinazioni,cum_booster
2020-12-27,20,0,20,0
2020-12-28,2,0,22,0
2020-12-29,1,0,23,0
2020-12-30,8,0,31,0
2020-12-31,72,0,103,0
2021-01-01,23,0,126,0
2021-01-02,127,0,253,0
2021-01-03,91,0,344,0
2021-01-04,217,0,561,0
2021-01-05,255,0,816,0
2021-01-06,225,0,1041,0
2021-01-07,306,0,1347,0
2021-01-08,351,0,1698,0
2021-01-09,264,0,1962,0
2021-01-10,158,0,2120,0
2021-01-11,287,0,2407,0
2021-01-12,275,0,2682,0
2021-01-13,403,0,3085,0
2021-01-14,488,0,3573,0
2021-01-15,305,0,3878,0
2021-01-16,214,0,4092,0
2021-01-17,3060,0,7152,0
2021-01-18,5215,0,12367,0
2021-01-19,1893,0,14260,0
2021-01-20,4657,0,18917,0
2021-01-21,20005,0,38922,0
2021-01-22,14220,0,53142,0
2021-01-23,33327,0,86469,0
2021-01-24,30785,0,117254,0
2021-01-25,64722,0,181976,0
2021-01-26,76491,0,258467,0
2021-01-27,64825,0,323292,0
2021-01-28,89270,0,412562,0
2021-01-29,94019,0,506581,0
2021-01-30,86556,0,593137,0
2021-01-31,57330,0,650467,0
2021-02-01,81853,0,732320,0
2021-02-02,82141,0,814461,0
2021-02-03,91113,0,905574,0
2021-02-04,95394,0,1000968,0
2021-02-05,90271,0,1091239,0
2021-02-06,63449,0,1154688,0
2021-02-07,32932,0,1187620,0
2021-02-08,40424,0,1228044,0
2021-02-09,32869,0,1260913,0
2021-02-10,28427,0,1289340,0
2021-02-11,20403,0,1309743,0
2021-02-12,16237,0,1325980,0
2021-02-13,7272,0,1333252,0
2021-02-14,2862,0,1336114,0
2021-02-15,6842,0,1342956,0
2021-02-16,7001,0,1349957,0
2021-02-17,10525,0,1360482,0
2021-02-18,9252,0,1369734,0
2021-02-19,8250,0,1377984,0
2021-02-20,5565,0,1383549,0
2021-02-21,3002,0,1386551,0
2021-02-22,6884,0,1393435,0
2021-02-23,7176,0,1400611,0
2021-02-24,9808,0,1410419,0
2021-02-25,14211,0,1424630,0
2021-02-26,17554,0,1442184,0
2021-02-27,13914,0,1456098,0
2021-02-28,9388,0,1465486,0
2021-03-01,26519,0,1492005,0
2021-03-02,33244,0,1525249,0
2021-03-03,44648,0,1569897,0
2021-03-04,50293,0,1620190,0
2021-03-05,55734,0,1675924,0
2021-03-06,41871,0,1717795,0
2021-03-07,22322,0,1740117,0
2021-03-08,50823,0,1790940,0
2021-03-09,53075,0,1844015,0
2021-03-10,58654,0,1902669,0
2021-03-11,63869,0,1966538,0
2021-03-12,65112,0,2031650,0
2021-03-13,51723,0,2083373,0
2021-03-14,35402,0,2118775,0
2021-03-15,73446,0,2192221,0
2021-03-16,74026,0,2266247,0
2021-03-17,83130,0,2349377,0
2021-03-18,81627,0,2431004,0
2021-03-19,81083,0,2512087,0
2021-03-20,64725,0,2576812,0
2021-03-21,47302,0,2624114,0
2021-03-22,69485,0,2693599,0
2021-03-23,75801,0,2769400,0
2021-03-24,90916,0,2860316,0
2021-03-25,89807,0,2950123,0
2021-03-26,83626,0,3033749,0
2021-03-27,71946,0,3105695,0
2021-03-28,44148,0,3149843,0
2021-03-29,70829,0,3220672,0
2021-03-30,81389,0,3302061,0
2021-03-31,96241,0,3398302,0
2021-04-01,95311,0,3493613,0
2021-04-02,84074,0,3577687,0
2021-04-03,64306,0,3641993,0
2021-04-04,21718,0,3663711,0
2021-04-05,40315,0,3704026,0
2021-04-06,81321,0,3785347,0
2021-04-07,95834,0,3881181,0
2021-04-08,95244,0,3976425,0
2021-04-09,88493,0,4064918,0
2021-04-10,74032,0,4138950,0
2021-04-11,44766,0,4183716,0
2021-04-12,66918,0,4250634,0
2021-04-13,72579,0,4323213,0
2021-04-14,85545,0,4408758,0
2021-04-15,105417,0,4514175,0
2021-04-16,106419,0,4620594,0
2021-04-17,90518,0,4711112,0
2021-04-18,58593,0,4769705,0
2021-04-19,93431,0,4863136,0
2021-04-20,103769,0,4966905,0
2021-04-21,125342,0,5092247,0
2021-04-22,143519,0,5235766,0
2021-04-23,138746,0,5374512,0
2021-04-24,124446,0,5498958,0
2021-04-25,61458,0,5560416,0
2021-04-26,97894,0,5658310,0
2021-04-27,128361,0,5786671,0
2021-04-28,156372,0,5943043,0
2021-04-29,195597,0,6138640,0
2021-04-30,214586,0,6353226,0
2021-05-01,174121,0,6527347,0
2021-05-02,135804,0,6663151,0
2021-05-03,142045,0,6805196,0
2021-05-04,158697,0,6963893,0
2021-05-05,170505,0,7134398,0
2021-05-06,197810,0,7332208,0
2021-05-07,213852,0,7546060,0
2021-05-08,213417,0,7759477,0
2021-05-09,143205,0,7902682,0
2021-05-10,165082,0,8067764,0
2021-05-11,174989,0,8242753,0
2021-05-12,179188,0,8421941,0
2021-05-13,203394,0,8625335,0
2021-05-14,222923,0,8848258,0
2021-05-15,210375,0,9058633,0
2021-05-16,159279,0,9217912,0
2021-05-17,219202,0,9437114,0
2021-05-18,213023,0,9650137,0
2021-05-19,207089,0,9857226,0
2021-05-20,270868,0,10128094,0
2021-05-21,270893,0,10398987,0
2021-05-22,245528,0,10644515,0
2021-05-23,197184,0,10841699,0
2021-05-24,228311,0,11070010,0
2021-05-25,245697,0,11315707,0
2021-05-26,277505,0,11593212,0
2021-05-27,311087,0,11904299,0
2021-05-28,299574,0,12203873,0
2021-05-29,231226,0,12435099,0
2021-05-30,170841,0,12605940,0
2021-05-31,216429,0,12822369,0
2021-06-01,207636,0,13030005,0
2021-06-02,115803,0,13145808,0
2021-06-03,180155,0,13325963,0
2021-06-04,184889,0,13510852,0
2021-06-05,185967,0,13696819,0
2021-06-06,139555,0,13836374,0
2021-06-07,161881,0,13998255,0
2021-06-08,171232,0,14169487,0
2021-06-09,171492,0,14340979,0
2021-06-10,174114,0,14515093,0
2021-06-11,169995,0,14685088,0
2021-06-12,128335,0,14813423,0
2021-06-13,91195,0,14904618,0
2021-06-14,214690,0,15119308,0
2021-06-15,228429,0,15347737,0
2021-06-16,253086,0,15600823,0
2021-06-17,301741,0,15902564,0
2021-06-18,306304,0,16208868,0
2021-06-19,275092,0,16483960,0
2021-06-20,220796,0,16704756,0
2021-06-21,288074,0,16992830,0
2021-06-22,296229,0,17289059,0
2021-06-23,302694,0,17591753,0
2021-06-24,332614,0,17924367,0
2021-06-25,348714,0,18273081,0
2021-06-26,300129,0,18573210,0
2021-06-27,228674,0,18801884,0
2021-06-28,307104,0,19108988,0
2021-06-29,329300,0,19438288,0
2021-06-30,342172,0,19780460,0
2021-07-01,363225,0,20143685,0
2021-07-02,368483,0,20512168,0
2021-07-03,371096,0,20883264,0
2021-07-04,283218,0,21166482,0
2021-07-05,384546,0,21551028,0
2021-07-06,385477,0,21936505,0
2021-07-07,412111,0,22348616,0
2021-07-08,479603,0,22828219,0
2021-07-09,498483,0,23326702,0
2021-07-10,475180,0,23801882,0
2021-07-11,357701,0,24159583,0
2021-07-12,485899,0,24645482,0
2021-07-13,492117,0,25137599,0
2021-07-14,480460,0,25618059,0
2021-07-15,523454,0,26141513,0
2021-07-16,509761,0,26651274,0
2021-07-17,464342,0,27115616,0
2021-07-18,364652,0,27480268,0
2021-07-19,463053,0,27943321,0
2021-07-20,458062,0,28401383,0
2021-07-21,462801,0,28864184,0
2021-07-22,475391,0,29339575,0
2021-07-23,441326,0,29780901,0
2021-07-24,386161,0,30167062,0
2021-07-25,287557,0,30454619,0
2021-07-26,430888,0,30885507,0
2021-07-27,440132,0,31325639,0
2021-07-28,391012,0,31716651,0
2021-07-29,372079,0,32088730,0
2021-07-30,341515,0,32430245,0
2021-07-31,287037,0,32717282,0
2021-08-01,191005,0,32908287,0
2021-08-02,333707,0,33241994,0
2021-08-03,323194,0,33565188,0
2021-08-04,310975,0,33876163,0
2021-08-05,292500,0,34168663,0
2021-08-06,260015,0,34428678,0
2021-08-07,199055,0,34627733,0
2021-08-08,153111,0,34780844,0
2021-08-09,234078,0,35014922,0
2021-08-10,205257,0,35220179,0
2021-08-11,193779,0,35413958,0
2021-08-12,168039,0,35581997,0
2021-08-13,148640,0,35730637,0
2021-08-14,66095,0,35796732,0
2021-08-15,26338,0,35823070,0
2021-08-16,114705,0,35937775,0
2021-08-17,129251,0,36067026,0
2021-08-18,128753,0,36195779,0
2021-08-19,124825,0,36320604,0
2021-08-20,123790,0,36444394,0
2021-08-21,83127,0,36527521,0
2021-08-22,68170,0,36595691,0
2021-08-23,176874,0,36772565,0
2021-08-24,156898,0,36929463,0
2021-08-25,177171,0,37106634,0
2021-08-26,172367,0,37279001,0
2021-08-27,185838,0,37464839,0
2021-08-28,140281,0,37605120,0
2021-08-29,98993,0,37704113,0
2021-08-30,209600,0,37913713,0
2021-08-31,194644,0,38108357,0
2021-09-01,192208,0,38300565,0
2021-09-02,189930,0,38490495,0
2021-09-03,191293,0,38681788,0
2021-09-04,131464,0,38813252,0
2021-09-05,87857,0,38901109,0
2021-09-06,193628,0,39094737,0
2021-09-07,196036,0,39290773,0
2021-09-08,187881,0,39478654,0
2021-09-09,201447,0,39680101,0
2021-09-10,198078,0,39878179,0
2021-09-11,141297,0,40019476,0
2021-09-12,89600,0,40109076,0
2021-09-13,191124,607,40300200,607
2021-09-14,177230,617,40477430,1224
2021-09-15,163099,619,40640529,1843
2021-09-16,160073,965,40800602,2808
2021-09-17,150171,1142,40950773,3950
2021-09-18,127983,757,41078756,4707
2021-09-19,81138,502,41159894,5209
2021-09-20,180074,9105,41339968,14314
2021-09-21,166655,8846,41506623,23160
2021-09-22,159095,9448,41665718,32608
2021-09-23,138083,9341,41803801,41949
2021-09-24,140548,8983,41944349,50932
2021-09-25,119559,5655,42063908,56587
2021-09-26,71974,4351,42135882,60938
2021-09-27,135662,10064,42271544,71002
2021-09-28,117510,11409,42389054,82411
2021-09-29,112356,11839,42501410,94250
2021-09-30,110265,14964,42611675,109214
2021-10-01,94992,19122,42706667,128336
2021-10-02,78509,14031,42785176,142367
2021-10-03,47749,7665,42832925,150032
2021-10-04,88382,34466,42921307,184498
2021-10-05,80372,33997,43001679,218495
2021-10-06,71995,34187,43073674,252682
2021-10-07,71866,34361,43145540,287043
2021-10-08,80632,33606,43226172,320649
2021-10-09,76109,22183,43302281,342832
2021-10-10,45780,13623,43348061,356455
2021-10-11,87441,41120,43435502,397575
2021-10-12,84506,46921,43520008,444496
2021-10-13,88203,52138,43608211,496634
2021-10-14,91550,58536,43699761,555170
2021-10-15,93595,55651,43793356,610821
2021-10-16,82971,36803,43876327,647624
2021-10-17,51464,23843,43927791,671467
2021-10-18,90304,59500,44018095,730967
2021-10-19,78350,69392,44096445,800359
2021-10-20,75071,78192,44171516,878551
2021-10-21,78300,81777,44249816,960328
2021-10-22,73782,77058,44323598,1037386
2021-10-23,60831,51965,44384429,1089351
2021-10-24,33373,23470,44417802,1112821
2021-10-25,64912,81640,44482714,1194461
2021-10-26,58375,91816,44541089,1286277
2021-10-27,58331,104009,44599420,1390286
2021-10-28,61457,114135,44660877,1504421
2021-10-29,61639,103159,44722516,1607580
2021-10-30,50674,68133,44773190,1675713
2021-10-31,25161,28303,44798351,1704016
2021-11-01,19048,28156,44817399,1732172
2021-11-02,62743,89417,44880142,1821589
2021-11-03,60728,118677,44940870,1940266
2021-11-04,59245,126683,45000115,2066949
2021-11-05,63094,135206,45063209,2202155
2021-11-06,46483,90932,45109692,2293087
2021-11-07,22252,37900,45131944,2330987
2021-11-08,51530,131281,45183474,2462268
2021-11-09,45399,144222,45228873,2606490
2021-11-10,42591,156360,45271464,2762850
2021-11-11,44934,155150,45316398,2918000
2021-11-12,46318,158653,45362716,3076653
2021-11-13,33263,116662,45395979,3193315
2021-11-14,14492,52456,45410471,3245771
2021-11-15,36909,157439,45447380,3403210
2021-11-16,30563,171393,45477943,3574603
2021-11-17,28469,178445,45506412,3753048
2021-11-18,30288,193741,45536700,3946789
2021-11-19,28813,205869,45565513,4152658
2021-11-20,21003,156454,45586516,4309112
2021-11-21,10612,64863,45597128,4373975
2021-11-22,21946,213158,45619074,4587133
2021-11-23,23589,241760,45642663,4828893
2021-11-24,27796,271021,45670459,5099914
2021-11-25,23244,301929,45693703,5401843
2021-11-26,24591,318281,45718294,5720124
2021-11-27,21390,266162,45739684,5986286
2021-11-28,9904,137060,45749588,6123346
2021-11-29,22347,326074,45771935,6449420
2021-11-30,23106,365846,45795041,6815266
2021-12-01,21530,413509,45816571,7228775
2021-12-02,23776,440443,45840347,7669218
2021-12-03,25271,467492,45865618,8136710
2021-12-04,22381,418782,45887999,8555492
2021-12-05,11937,261356,45899936,8816848
2021-12-06,25829,457616,45925765,9274464
2021-12-07,24153,480278,45949918,9754742
2021-12-08,10020,249709,45959938,10004451
2021-12-09,31605,491948,45991543,10496399
2021-12-10,28082,517907,46019625,11014306
2021-12-11,23578,459260,46043203,11473566
2021-12-12,12311,293516,46055514,11767082
2021-12-13,26167,467640,46081681,12234722
2021-12-14,25186,494221,46106867,12728943
2021-12-15,25353,517166,46132220,13246109
2021-12-16,27901,520277,46160121,13766386
2021-12-17,29375,517198,46189496,14283584
2021-12-18,27079,468752,46216575,14752336
2021-12-19,15160,300536,46231735,15052872
2021-12-20,30645,477498,46262380,15530370
2021-12-21,30406,493402,46292786,16023772
2021-12-22,29464,484729,46322250,16508501
2021-12-23,28268,426923,46350518,16935424
2021-12-24,13118,210836,46363636,17146260
2021-12-25,2103,33053,46365739,17179313
2021-12-26,8769,159074,46374508,17338387
2021-12-27,46818,504673,46421326,17843060
2021-12-28,42480,554228,46463806,18397288
2021-12-29,34371,550659,46498177,18947947
2021-12-30,31861,499843,46530038,19447790
2021-12-31,14130,247399,46544168,19695189
2022-01-01,3499,64815,46547667,19760004
2022-01-02,22798,276722,46570465,20036726
2022-01-03,47892,520022,46618357,20556748
2022-01-04,46415,572094,46664772,21128842
2022-01-05,40789,560401,46705561,21689243
2022-01-06,23505,274490,46729066,21963733
2022-01-07,63738,554201,46792804,22517934
2022-01-08,60904,503402,46853708,23021336
2022-01-09,42896,319687,46896604,23341023
2022-01-10,61123,542296,46957727,23883319
2022-01-11,61774,586997,47019501,24470316
2022-01-12,58489,581281,47077990,25051597
2022-01-13,58643,580395,47136633,25631992
2022-01-14,46850,588581,47183483,26220573
2022-01-15,39466,569947,47222949,26790520
2022-01-16,31262,341866,47254211,27132386
2022-01-17,54803,489665,47309014,27622051
2022-01-18,58426,517023,47367440,28139074
2022-01-19,57227,502792,47424667,28641866
2022-01-20,54365,498829,47479032,29140695
2022-01-21,42116,493879,47521148,29634574
2022-01-22,31232,469596,47552380,30104170
2022-01-23,34951,275375,47587331,30379545
2022-01-24,56194,437232,47643525,30816777
2022-01-25,61570,452115,47705095,31268892
2022-01-26,58564,435835,47763659,31704727
2022-01-27,48850,432380,47812509,32137107
2022-01-28,58716,436541,47871225,32573648
2022-01-29,68152,412500,47939377,32986148
2022-01-30,50392,235967,47989769,33222115
2022-01-31,60647,356938,48050416,33579053
2022-02-01,65573,328445,48115989,33907498
2022-02-02,63215,296978,48179204,34204476
2022-02-03,60064,274519,48239268,34478995
2022-02-04,72387,268458,48311655,34747453
2022-02-05,83787,248534,48395442,34995987
2022-02-06,55298,116204,48450740,35112191
2022-02-07,65159,199940,48515899,35312131
2022-02-08,66932,186115,48582831,35498246
2022-02-09,58765,166334,48641596,35664580
2022-02-10,58584,163240,48700180,35827820
2022-02-11,62254,162465,48762434,35990285
2022-02-12,71986,152142,48834420,36142427
2022-02-13,41475,68852,48875895,36211279
2022-02-14,46695,116186,48922590,36327465
2022-02-15,48541,123479,48971131,36450944
2022-02-16,45678,106121,49016809,36557065
2022-02-17,42863,98110,49059672,36655175
2022-02-18,46624,112572,49106296,36767747
2022-02-19,52538,100334,49158834,36868081
2022-02-20,31409,40364,49190243,36908445
2022-02-21,37887,89651,49228130,36998096
2022-02-22,37220,83775,49265350,37081871
2022-02-23,33396,79408,49298746,37161279
2022-02-24,32553,78161,49331299,37239440
2022-02-25,34759,90709,49366058,37330149
2022-02-26,39157,89134,49405215,37419283
2022-02-27,22545,35856,49427760,37455139
2022-02-28,28481,81690,49456241,37536829
2022-03-01,22722,53939,49478963,37590768
2022-03-02,21950,50680,49500913,37641448
2022-03-03,22619,54947,49523532,37696395
2022-03-04,23232,62798,49546764,37759193
2022-03-05,23797,57951,49570561,37817144
2022-03-06,9471,17201,49580032,37834345
2022-03-07,15916,51387,49595948,37885732
2022-03-08,15477,48796,49611425,37934528
2022-03-09,13812,46517,49625237,37981045
2022-03-10,14048,52119,49639285,38033164
2022-03-11,15583,57264,49654868,38090428
2022-03-12,15503,56618,49670371,38147046
2022-03-13,5544,16850,49675915,38163896
2022-03-14,10525,46698,49686440,38210594
2022-03-15,10546,46893,49696986,38257487
2022-03-16,9480,41973,49706466,38299460
2022-03-17,9716,44872,49716182,38344332
2022-03-18,10158,49056,49726340,38393388
2022-03-19,9149,46534,49735489,38439922
2022-03-20,2609,11702,49738098,38451624
2022-03-21,7579,40224,49745677,38491848
2022-03-22,8448,37758,49754125,38529606
2022-03-23,7213,33700,49761338,38563306
2022-03-24,8257,38803,49769595,38602109
2022-03-25,8135,43667,49777730,38645776
2022-03-26,8124,41721,49785854,38687497
2022-03-27,2430,9681,49788284,38697178
2022-03-28,6108,35237,49794392,38732415
2022-03-29,5776,32527,49800168,38764942
2022-03-30,5566,30202,49805734,38795144
2022-03-31,5893,33181,49811627,38828325
2022-04-01,4347,25188,49815974,38853513
2022-04-02,4493,23274,49820467,38876787
2022-04-03,1049,4500,49821516,38881287
2022-04-04,3656,21537,49825172,38902824
2022-04-05,3756,22931,49828928,38925755
2022-04-06,4102,21853,49833030,38947608
2022-04-07,3965,23320,49836995,38970928
2022-04-08,4692,26712,49841687,38997640
2022-04-09,4382,23885,49846069,39021525
2022-04-10,891,4614,49846960,39026139
2022-04-11,3815,22685,49850775,39048824
2022-04-12,3362,21777,49854137,39070601
2022-04-13,3565,21333,49857702,39091934
2022-04-14,3486,23786,49861188,39115720
2022-04-15,3084,20617,49864272,39136337
2022-04-16,2149,11918,49866421,39148255
2022-04-17,63,348,49866484,39148603
2022-04-18,151,650,49866635,39149253
2022-04-19,3499,21979,49870134,39171232
2022-04-20,3510,20250,49873644,39191482
2022-04-21,2847,19785,49876491,39211267
2022-04-22,2927,20702,49879418,39231969
2022-04-23,2643,16218,49882061,39248187
2022-04-24,509,2334,49882570,39250521
2022-04-25,183,1165,49882753,39251686
2022-04-26,2759,17802,49885512,39269488
2022-04-27,2374,15791,49887886,39285279
2022-04-28,2357,15558,49890243,39300837
2022-04-29,2293,14840,49892536,39315677
2022-04-30,2123,11580,49894659,39327257
2022-05-01,113,531,49894772,39327788
2022-05-02,1450,9391,49896222,39337179
2022-05-03,1575,10318,49897797,39347497
2022-05-04,1746,10264,49899543,39357761
2022-05-05,1653,10284,49901196,39368045
2022-05-06,1700,10955,49902896,39379000
2022-05-07,1431,8565,49904327,39387565
2022-05-08,416,1519,49904743,39389084
2022-05-09,1027,8927,49905770,39398011
2022-05-10,1422,9544,49907192,39407555
2022-05-11,1483,10097,49908675,39417652
2022-05-12,1370,10131,49910045,39427783
2022-05-13,1594,10516,49911639,39438299
2022-05-14,1357,8234,49912996,39446533
2022-05-15,336,1131,49913332,39447664
2022-05-16,813,8405,49914145,39456069
2022-05-17,1243,8696,49915388,39464765
2022-05-18,1374,9229,49916762,39473994
2022-05-19,1500,9276,49918262,39483270
2022-05-20,1421,9514,49919683,39492784
2022-05-21,1300,7899,49920983,39500683
2022-05-22,231,1013,49921214,39501696
2022-05-23,830,8267,49922044,39509963
2022-05-24,1073,8672,49923117,39518635
2022-05-25,1369,9459,49924486,39528094
2022-05-26,1195,9470,49925681,39537564
2022-05-27,1232,9912,49926913,39547476
2022-05-28,1205,7884,49928118,39555360
2022-05-29,286,1266,49928404,39556626
2022-05-30,931,8053,49929335,39564679
2022-05-31,1035,8544,49930370,39573223
2022-06-01,891,7655,49931261,39580878
2022-06-02,35,474,49931296,39581352
2022-06-03,818,7331,49932114,39588683
2022-06-04,870,5162,49932984,39593845
2022-06-05,89,586,49933073,39594431
2022-06-06,678,6990,49933751,39601421
2022-06-07,951,7847,49934702,39609268
2022-06-08,982,7908,49935684,39617176
2022-06-09,1037,8412,49936721,39625588
2022-06-10,958,8564,49937679,39634152
2022-06-11,903,6206,49938582,39640358
2022-06-12,140,768,49938722,39641126
2022-06-13,602,6301,49939324,39647427
2022-06-14,827,7896,49940151,39655323
2022-06-15,955,7850,49941106,39663173
2022-06-16,730,7392,49941836,39670565
2022-06-17,722,7243,49942558,39677808
2022-06-18,777,5593,49943335,39683401
2022-06-19,47,522,49943382,39683923
2022-06-20,587,6698,49943969,39690621
2022-06-21,736,7659,49944705,39698280
2022-06-22,780,7308,49945485,39705588
2022-06-23,651,7465,49946136,39713053
2022-06-24,643,7474,49946779,39720527
2022-06-25,835,6534,49947614,39727061
2022-06-26,128,523,49947742,39727584
2022-06-27,532,7123,49948274,39734707
2022-06-28,745,8206,49949019,39742913
2022-06-29,756,7727,49949775,39750640
2022-06-30,746,8143,49950521,39758783
2022-07-01,577,6443,49951098,39765226
2022-07-02,536,4769,49951634,39769995
2022-07-03,49,456,49951683,39770451
2022-07-04,469,6277,49952152,39776728
2022-07-05,628,8117,49952780,39784845
2022-07-06,633,7610,49953413,39792455
2022-07-07,571,8269,49953984,39800724
2022-07-08,671,8080,49954655,39808804
2022-07-09,550,6104,49955205,39814908
2022-07-10,58,533,49955263,39815441
2022-07-11,487,7641,49955750,39823082
2022-07-12,667,9027,49956417,39832109
2022-07-13,641,10067,49957058,39842176
2022-07-14,636,10224,49957694,39852400
2022-07-15,625,10666,49958319,39863066
2022-07-16,522,7214,49958841,39870280
2022-07-17,48,770,49958889,39871050
2022-07-18,497,9368,49959386,39880418
2022-07-19,573,10682,49959959,39891100
2022-07-20,579,11272,49960538,39902372
2022-07-21,627,12086,49961165,39914458
2022-07-22,583,11256,49961748,39925714
2022-07-23,379,6771,49962127,39932485
2022-07-24,76,857,49962203,39933342
2022-07-25,503,9052,49962706,39942394
2022-07-26,521,9758,49963227,39952152
2022-07-27,550,10199,49963777,39962351
2022-07-28,530,10528,49964307,39972879
2022-07-29,510,9465,49964817,39982344
2022-07-30,382,5882,49965199,39988226
2022-07-31,49,764,49965248,39988990
2022-08-01,386,6864,49965634,39995854
2022-08-02,539,7583,49966173,40003437
2022-08-03,513,7174,49966686,40010611
2022-08-04,454,7489,49967140,40018100
2022-08-05,420,6521,49967560,40024621
2022-08-06,298,3611,49967858,40028232
2022-08-07,44,562,49967902,40028794
2022-08-08,401,4893,49968303,40033687
2022-08-09,382,5306,49968685,40038993
2022-08-10,381,4815,49969066,40043808
2022-08-11,366,4777,49969432,40048585
2022-08-12,292,3721,49969724,40052306
2022-08-13,143,1600,49969867,40053906
2022-08-14,9,129,49969876,40054035
2022-08-15,1,26,49969877,40054061
2022-08-16,283,3043,49970160,40057104
2022-08-17,352,3536,49970512,40060640
2022-08-18,390,4159,49970902,40064799
2022-08-19,341,3317,49971243,40068116
2022-08-20,183,1714,49971426,40069830
2022-08-21,24,149,49971450,40069979
2022-08-22,329,2950,49971779,40072929
2022-08-23,370,3672,49972149,40076601
2022-08-24,383,3359,49972532,40079960
2022-08-25,421,3773,49972953,40083733
2022-08-26,397,3570,49973350,40087303
2022-08-27,236,1769,49973586,40089072
2022-08-28,29,267,49973615,40089339
2022-08-29,354,3161,49973969,40092500
2022-08-30,403,3669,49974372,40096169
2022-08-31,436,3734,49974808,40099903
2022-09-01,352,3118,49975160,40103021
2022-09-02,297,2889,49975457,40105910
2022-09-03,199,1688,49975656,40107598
2022-09-04,23,149,49975679,40107747
2022-09-05,186,2653,49975865,40110400
2022-09-06,302,2988,49976167,40113388
2022-09-07,540,2935,49976707,40116323
2022-09-08,289,2956,49976996,40119279
2022-09-09,304,2885,49977300,40122164
2022-09-10,227,1326,49977527,40123490
2022-09-11,21,124,49977548,40123614
2022-09-12,267,2262,49977815,40125876
2022-09-13,251,2274,49978066,40128150
2022-09-14,263,2563,49978329,40130713
2022-09-15,280,2491,49978609,40133204
2022-09-16,253,2540,49978862,40135744
2022-09-17,239,1339,49979101,40137083
2022-09-18,20,170,49979121,40137253
2022-09-19,205,1969,49979326,40139222
2022-09-20,236,2383,49979562,40141605
2022-09-21,289,2524,49979851,40144129
2022-09-22,260,2644,49980111,40146773
2022-09-23,256,2528,49980367,40149301
2022-09-24,193,1427,49980560,40150728
2022-09-25,28,133,49980588,40150861
2022-09-26,281,2247,49980869,40153108
2022-09-27,286,2669,49981155,40155777
2022-09-28,309,2885,49981464,40158662
2022-09-29,252,3040,49981716,40161702
2022-09-30,289,2970,49982005,40164672
2022-10-01,193,1509,49982198,40166181
2022-10-02,11,187,49982209,40166368
2022-10-03,181,2469,49982390,40168837
2022-10-04,234,2854,49982624,40171691
2022-10-05,224,3213,49982848,40174904
2022-10-06,241,3827,49983089,40178731
2022-10-07,281,4155,49983370,40182886
2022-10-08,199,2233,49983569,40185119
2022-10-09,8,304,49983577,40185423
2022-10-10,206,3336,49983783,40188759
2022-10-11,191,4333,49983974,40193092
2022-10-12,206,4406,49984180,40197498
2022-10-13,196,5273,49984376,40202771
2022-10-14,228,4987,49984604,40207758
2022-10-15,185,2607,49984789,40210365
2022-10-16,6,357,49984795,40210722
2022-10-17,185,3838,49984980,40214560
2022-10-18,255,4938,49985235,40219498
2022-10-19,236,5404,49985471,40224902
2022-10-20,218,5881,49985689,40230783
2022-10-21,229,5278,49985918,40236061
2022-10-22,194,2849,49986112,40238910
2022-10-23,13,355,49986125,40239265
2022-10-24,166,3769,49986291,40243034
2022-10-25,240,4696,49986531,40247730
2022-10-26,257,4818,49986788,40252548