data_somministrazione,vaccinazioni,booster,cum_vaccinazioni,cum_booster
2020-12-27,22,0,22,0
2020-12-28,2,0,24,0
2020-12-29,1,0,25,0
2020-12-30,9,0,34,0
2020-12-31,80,0,114,0
2021-01-01,26,0,140,0
2021-01-02,148,0,288,0
2021-01-03,112,0,400,0
2021-01-04,245,0,645,0
2021-01-05,289,0,934,0
2021-01-06,261,0,1195,0
2021-01-07,330,0,1525,0
2021-01-08,383,0,1908,0
2021-01-09,288,0,2196,0
2021-01-10,170,0,2366,0
2021-01-11,312,0,2678,0
2021-01-12,289,0,2967,0
2021-01-13,421,0,3388,0
2021-01-14,506,0,3894,0
2021-01-15,324,0,4218,0
2021-01-16,225,0,4443,0
2021-01-17,3065,0,7508,0
2021-01-18,5220,0,12728,0
2021-01-19,1896,0,14624,0
2021-01-20,4659,0,19283,0
2021-01-21,20004,0,39287,0
2021-01-22,14220,0,53507,0
2021-01-23,33319,0,86826,0
2021-01-24,30775,0,117601,0
2021-01-25,64698,0,182299,0
2021-01-26,76459,0,258758,0
2021-01-27,64804,0,323562,0
2021-01-28,89245,0,412807,0
2021-01-29,93992,0,506799,0
2021-01-30,86542,0,593341,0
2021-01-31,57322,0,650663,0
2021-02-01,81834,0,732497,0
2021-02-02,82129,0,814626,0
2021-02-03,91104,0,905730,0
2021-02-04,95381,0,1001111,0
2021-02-05,90266,0,1091377,0
2021-02-06,63451,0,1154828,0
2021-02-07,32935,0,1187763,0
2021-02-08,40421,0,1228184,0
2021-02-09,32880,0,1261064,0
2021-02-10,28439,0,1289503,0
2021-02-11,20407,0,1309910,0
2021-02-12,16252,0,1326162,0
2021-02-13,7280,0,1333442,0
2021-02-14,2862,0,1336304,0
2021-02-15,6851,0,1343155,0
2021-02-16,7007,0,1350162,0
2021-02-17,10527,0,1360689,0
2021-02-18,9258,0,1369947,0
2021-02-19,8259,0,1378206,0
2021-02-20,5582,0,1383788,0
2021-02-21,3015,0,1386803,0
2021-02-22,6883,0,1393686,0
2021-02-23,7190,0,1400876,0
2021-02-24,9815,0,1410691,0
2021-02-25,14213,0,1424904,0
2021-02-26,17563,0,1442467,0
2021-02-27,13925,0,1456392,0
2021-02-28,9397,0,1465789,0
2021-03-01,26531,0,1492320,0
2021-03-02,33247,0,1525567,0
2021-03-03,44652,0,1570219,0
2021-03-04,50303,0,1620522,0
2021-03-05,55745,0,1676267,0
2021-03-06,41885,0,1718152,0
2021-03-07,22332,0,1740484,0
2021-03-08,50841,0,1791325,0
2021-03-09,53095,0,1844420,0
2021-03-10,58697,0,1903117,0
2021-03-11,63894,0,1967011,0
2021-03-12,65144,0,2032155,0
2021-03-13,51733,0,2083888,0
2021-03-14,35427,0,2119315,0
2021-03-15,73464,0,2192779,0
2021-03-16,74029,0,2266808,0
2021-03-17,83143,0,2349951,0
2021-03-18,81632,0,2431583,0
2021-03-19,81091,0,2512674,0
2021-03-20,64741,0,2577415,0
2021-03-21,47311,0,2624726,0
2021-03-22,69507,0,2694233,0
2021-03-23,75820,0,2770053,0
2021-03-24,90939,0,2860992,0
2021-03-25,89831,0,2950823,0
2021-03-26,83645,0,3034468,0
2021-03-27,71962,0,3106430,0
2021-03-28,44192,0,3150622,0
2021-03-29,70849,0,3221471,0
2021-03-30,81420,0,3302891,0
2021-03-31,96268,0,3399159,0
2021-04-01,95339,0,3494498,0
2021-04-02,84090,0,3578588,0
2021-04-03,64314,0,3642902,0
2021-04-04,21726,0,3664628,0
2021-04-05,40323,0,3704951,0
2021-04-06,81348,0,3786299,0
2021-04-07,95849,0,3882148,0
2021-04-08,95264,0,3977412,0
2021-04-09,88510,0,4065922,0
2021-04-10,74039,0,4139961,0
2021-04-11,44774,0,4184735,0
2021-04-12,66928,0,4251663,0
2021-04-13,72600,0,4324263,0
2021-04-14,85561,0,4409824,0
2021-04-15,105428,0,4515252,0
2021-04-16,106435,0,4621687,0
2021-04-17,90532,0,4712219,0
2021-04-18,58597,0,4770816,0
2021-04-19,93448,0,4864264,0
2021-04-20,103782,0,4968046,0
2021-04-21,125344,0,5093390,0
2021-04-22,143539,0,5236929,0
2021-04-23,138764,0,5375693,0
2021-04-24,124453,0,5500146,0
2021-04-25,61471,0,5561617,0
2021-04-26,97918,0,5659535,0
2021-04-27,128381,0,5787916,0
2021-04-28,156404,0,5944320,0
2021-04-29,195625,0,6139945,0
2021-04-30,214622,0,6354567,0
2021-05-01,174149,0,6528716,0
2021-05-02,135817,0,6664533,0
2021-05-03,142078,0,6806611,0
2021-05-04,158720,0,6965331,0
2021-05-05,170556,0,7135887,0
2021-05-06,197834,0,7333721,0
2021-05-07,213885,0,7547606,0
2021-05-08,213445,0,7761051,0
2021-05-09,143221,0,7904272,0
2021-05-10,165109,0,8069381,0
2021-05-11,175018,0,8244399,0
2021-05-12,179238,0,8423637,0
2021-05-13,203427,0,8627064,0
2021-05-14,222950,0,8850014,0
2021-05-15,210398,0,9060412,0
2021-05-16,159292,0,9219704,0
2021-05-17,219227,0,9438931,0
2021-05-18,213036,0,9651967,0
2021-05-19,207107,0,9859074,0
2021-05-20,270902,0,10129976,0
2021-05-21,270917,0,10400893,0
2021-05-22,245555,0,10646448,0
2021-05-23,197200,0,10843648,0
2021-05-24,228314,0,11071962,0
2021-05-25,245705,0,11317667,0
2021-05-26,277578,0,11595245,0
2021-05-27,311110,0,11906355,0
2021-05-28,299592,0,12205947,0
2021-05-29,231262,0,12437209,0
2021-05-30,170858,0,12608067,0
2021-05-31,216442,0,12824509,0
2021-06-01,207647,0,13032156,0
2021-06-02,115809,0,13147965,0
2021-06-03,180185,0,13328150,0
2021-06-04,184934,0,13513084,0
2021-06-05,186014,0,13699098,0
2021-06-06,139604,0,13838702,0
2021-06-07,161918,0,14000620,0
2021-06-08,171307,0,14171927,0
2021-06-09,171536,0,14343463,0
2021-06-10,174179,0,14517642,0
2021-06-11,170056,0,14687698,0
2021-06-12,128414,0,14816112,0
2021-06-13,91248,0,14907360,0
2021-06-14,214716,0,15122076,0
2021-06-15,228474,0,15350550,0
2021-06-16,253120,0,15603670,0
2021-06-17,301800,0,15905470,0
2021-06-18,306346,0,16211816,0
2021-06-19,275140,0,16486956,0
2021-06-20,220838,0,16707794,0
2021-06-21,288117,0,16995911,0
2021-06-22,296271,0,17292182,0
2021-06-23,302717,0,17594899,0
2021-06-24,332633,0,17927532,0
2021-06-25,348749,0,18276281,0
2021-06-26,300159,0,18576440,0
2021-06-27,228705,0,18805145,0
2021-06-28,307168,0,19112313,0
2021-06-29,329358,0,19441671,0
2021-06-30,342238,0,19783909,0
2021-07-01,363258,0,20147167,0
2021-07-02,368515,0,20515682,0
2021-07-03,371107,0,20886789,0
2021-07-04,283247,0,21170036,0
2021-07-05,384569,0,21554605,0
2021-07-06,385495,0,21940100,0
2021-07-07,412143,0,22352243,0
2021-07-08,479589,0,22831832,0
2021-07-09,498464,0,23330296,0
2021-07-10,475176,0,23805472,0
2021-07-11,357688,0,24163160,0
2021-07-12,485874,0,24649034,0
2021-07-13,492072,0,25141106,0
2021-07-14,480430,0,25621536,0
2021-07-15,523412,0,26144948,0
2021-07-16,509743,0,26654691,0
2021-07-17,464322,0,27119013,0
2021-07-18,364626,0,27483639,0
2021-07-19,463034,0,27946673,0
2021-07-20,458044,0,28404717,0
2021-07-21,462786,0,28867503,0
2021-07-22,475373,0,29342876,0
2021-07-23,441325,0,29784201,0
2021-07-24,386146,0,30170347,0
2021-07-25,287542,0,30457889,0
2021-07-26,430890,0,30888779,0
2021-07-27,440104,0,31328883,0
2021-07-28,391014,0,31719897,0
2021-07-29,372073,0,32091970,0
2021-07-30,341525,0,32433495,0
2021-07-31,287050,0,32720545,0
2021-08-01,190994,0,32911539,0
2021-08-02,333716,0,33245255,0
2021-08-03,323190,0,33568445,0
2021-08-04,310994,0,33879439,0
2021-08-05,292482,0,34171921,0
2021-08-06,260044,0,34431965,0
2021-08-07,199067,0,34631032,0
2021-08-08,153108,0,34784140,0
2021-08-09,234083,0,35018223,0
2021-08-10,205296,0,35223519,0
2021-08-11,193798,0,35417317,0
2021-08-12,168077,0,35585394,0
2021-08-13,148676,0,35734070,0
2021-08-14,66103,0,35800173,0
2021-08-15,26344,0,35826517,0
2021-08-16,114719,0,35941236,0
2021-08-17,129257,0,36070493,0
2021-08-18,128764,0,36199257,0
2021-08-19,124864,0,36324121,0
2021-08-20,123798,0,36447919,0
2021-08-21,83134,0,36531053,0
2021-08-22,68183,0,36599236,0
2021-08-23,176869,0,36776105,0
2021-08-24,156892,0,36932997,0
2021-08-25,177169,0,37110166,0
2021-08-26,172350,0,37282516,0
2021-08-27,185829,0,37468345,0
2021-08-28,140293,0,37608638,0
2021-08-29,98996,0,37707634,0
2021-08-30,209583,0,37917217,0
2021-08-31,194642,0,38111859,0
2021-09-01,192216,0,38304075,0
2021-09-02,189926,0,38494001,0
2021-09-03,191280,0,38685281,0
2021-09-04,131440,0,38816721,0
2021-09-05,87841,0,38904562,0
2021-09-06,193602,0,39098164,0
2021-09-07,196037,0,39294201,0
2021-09-08,187859,0,39482060,0
2021-09-09,201419,0,39683479,0
2021-09-10,198053,0,39881532,0
2021-09-11,141291,0,40022823,0
2021-09-12,89592,0,40112415,0
2021-09-13,191099,661,40303514,661
2021-09-14,177208,658,40480722,1319
2021-09-15,163079,655,40643801,1974
2021-09-16,160035,1014,40803836,2988
2021-09-17,150152,1174,40953988,4162
2021-09-18,127984,782,41081972,4944
2021-09-19,81142,512,41163114,5456
2021-09-20,180058,9137,41343172,14593
2021-09-21,166676,8865,41509848,23458
2021-09-22,159120,9466,41668968,32924
2021-09-23,138107,9359,41807075,42283
2021-09-24,140551,9020,41947626,51303
2021-09-25,119564,5676,42067190,56979
2021-09-26,71993,4368,42139183,61347
2021-09-27,135671,10088,42274854,71435
2021-09-28,117522,11434,42392376,82869
2021-09-29,112382,11855,42504758,94724
2021-09-30,110294,14985,42615052,109709
2021-10-01,95004,19144,42710056,128853
2021-10-02,78526,14047,42788582,142900
2021-10-03,47761,7671,42836343,150571
2021-10-04,88391,34490,42924734,185061
2021-10-05,80385,34023,43005119,219084
2021-10-06,72010,34217,43077129,253301
2021-10-07,71882,34380,43149011,287681
2021-10-08,80649,33627,43229660,321308
2021-10-09,76114,22202,43305774,343510
2021-10-10,45793,13632,43351567,357142
2021-10-11,87447,41136,43439014,398278
2021-10-12,84516,46939,43523530,445217
2021-10-13,88224,52173,43611754,497390
2021-10-14,91561,58562,43703315,555952
2021-10-15,93600,55686,43796915,611638
2021-10-16,82977,36830,43879892,648468
2021-10-17,51461,23864,43931353,672332
2021-10-18,90301,59526,44021654,731858
2021-10-19,78355,69420,44100009,801278
2021-10-20,75062,78214,44175071,879492
2021-10-21,78281,81825,44253352,961317
2021-10-22,73767,77090,44327119,1038407
2021-10-23,60839,51976,44387958,1090383
2021-10-24,33371,23481,44421329,1113864
2021-10-25,64894,81673,44486223,1195537
2021-10-26,58371,91844,44544594,1287381
2021-10-27,58318,104042,44602912,1391423
2021-10-28,61443,114166,44664355,1505589
2021-10-29,61625,103197,44725980,1608786
2021-10-30,50672,68159,44776652,1676945
2021-10-31,25160,28313,44801812,1705258
2021-11-01,19050,28159,44820862,1733417
2021-11-02,62737,89446,44883599,1822863
2021-11-03,60716,118706,44944315,1941569
2021-11-04,59238,126708,45003553,2068277
2021-11-05,63092,135232,45066645,2203509
2021-11-06,46495,90944,45113140,2294453
2021-11-07,22248,37908,45135388,2332361
2021-11-08,51525,131299,45186913,2463660
2021-11-09,45403,144237,45232316,2607897
2021-11-10,42592,156380,45274908,2764277
2021-11-11,44929,155175,45319837,2919452
2021-11-12,46298,158712,45366135,3078164
2021-11-13,33272,116683,45399407,3194847
2021-11-14,14490,52462,45413897,3247309
2021-11-15,36908,157446,45450805,3404755
2021-11-16,30569,171414,45481374,3576169
2021-11-17,28469,178470,45509843,3754639
2021-11-18,30296,193770,45540139,3948409
2021-11-19,28823,205890,45568962,4154299
2021-11-20,21015,156460,45589977,4310759
2021-11-21,10613,64870,45600590,4375629
2021-11-22,21960,213164,45622550,4588793
2021-11-23,23607,241803,45646157,4830596
2021-11-24,27769,271102,45673926,5101698
2021-11-25,23271,301951,45697197,5403649
2021-11-26,24600,318313,45721797,5721962
2021-11-27,21418,266174,45743215,5988136
2021-11-28,9910,137072,45753125,6125208
2021-11-29,22368,326082,45775493,6451290
2021-11-30,23122,365863,45798615,6817153
2021-12-01,21561,413547,45820176,7230700
2021-12-02,23802,440442,45843978,7671142
2021-12-03,25283,467546,45869261,8138688
2021-12-04,22390,418810,45891651,8557498
2021-12-05,11943,261370,45903594,8818868
2021-12-06,25848,457637,45929442,9276505
2021-12-07,24169,480308,45953611,9756813
2021-12-08,10032,249723,45963643,10006536
2021-12-09,31625,491968,45995268,10498504
2021-12-10,28109,517938,46023377,11016442
2021-12-11,23597,459286,46046974,11475728
2021-12-12,12327,293536,46059301,11769264
2021-12-13,26185,467663,46085486,12236927
2021-12-14,25207,494245,46110693,12731172
2021-12-15,25382,517190,46136075,13248362
2021-12-16,27934,520311,46164009,13768673
2021-12-17,29403,517227,46193412,14285900
2021-12-18,27118,468788,46220530,14754688
2021-12-19,15174,300546,46235704,15055234
2021-12-20,30682,477512,46266386,15532746
2021-12-21,30424,493448,46296810,16026194
2021-12-22,29493,484759,46326303,16510953
2021-12-23,28290,426970,46354593,16937923
2021-12-24,13124,210846,46367717,17148769
2021-12-25,2104,33053,46369821,17181822
2021-12-26,8782,159077,46378603,17340899
2021-12-27,46852,504702,46425455,17845601
2021-12-28,42513,554268,46467968,18399869
2021-12-29,34407,550685,46502375,18950554
2021-12-30,31903,499870,46534278,19450424
2021-12-31,14150,247410,46548428,19697834
2022-01-01,3502,64814,46551930,19762648
2022-01-02,22839,276728,46574769,20039376
2022-01-03,47961,520037,46622730,20559413
2022-01-04,46490,572105,46669220,21131518
2022-01-05,40864,560430,46710084,21691948
2022-01-06,23543,274491,46733627,21966439
2022-01-07,63815,554225,46797442,22520664
2022-01-08,60998,503426,46858440,23024090
2022-01-09,42977,319707,46901417,23343797
2022-01-10,61184,542330,46962601,23886127
2022-01-11,61876,587039,47024477,24473166
2022-01-12,58572,581316,47083049,25054482
2022-01-13,58729,580434,47141778,25634916
2022-01-14,46955,588625,47188733,26223541
2022-01-15,39594,570001,47228327,26793542
2022-01-16,31332,341898,47259659,27135440
2022-01-17,54865,489693,47314524,27625133
2022-01-18,58479,517057,47373003,28142190
2022-01-19,57278,502827,47430281,28645017
2022-01-20,54430,498865,47484711,29143882
2022-01-21,42195,493900,47526906,29637782
2022-01-22,31314,469623,47558220,30107405
2022-01-23,34983,275391,47593203,30382796
2022-01-24,56232,437256,47649435,30820052
2022-01-25,61606,452134,47711041,31272186
2022-01-26,58601,435853,47769642,31708039
2022-01-27,48900,432417,47818542,32140456
2022-01-28,58767,436566,47877309,32577022
2022-01-29,68202,412517,47945511,32989539
2022-01-30,50414,235990,47995925,33225529
2022-01-31,60725,356952,48056650,33582481
2022-02-01,65619,328474,48122269,33910955
2022-02-02,63254,297000,48185523,34207955
2022-02-03,60097,274540,48245620,34482495
2022-02-04,72418,268473,48318038,34750968
2022-02-05,83817,248559,48401855,34999527
2022-02-06,55309,116207,48457164,35115734
2022-02-07,65193,199947,48522357,35315681
2022-02-08,66959,186132,48589316,35501813
2022-02-09,58778,166356,48648094,35668169
2022-02-10,58604,163257,48706698,35831426
2022-02-11,62277,162480,48768975,35993906
2022-02-12,72015,152157,48840990,36146063
2022-02-13,41487,68859,48882477,36214922
2022-02-14,46711,116194,48929188,36331116
2022-02-15,48573,123482,48977761,36454598
2022-02-16,45694,106132,49023455,36560730
2022-02-17,42875,98127,49066330,36658857
2022-02-18,46639,112590,49112969,36771447
2022-02-19,52548,100340,49165517,36871787
2022-02-20,31416,40367,49196933,36912154
2022-02-21,37902,89658,49234835,37001812
2022-02-22,37227,83785,49272062,37085597
2022-02-23,33403,79409,49305465,37165006
2022-02-24,32562,78167,49338027,37243173
2022-02-25,34775,90714,49372802,37333887
2022-02-26,39165,89138,49411967,37423025
2022-02-27,22548,35858,49434515,37458883
2022-02-28,28489,81700,49463004,37540583
2022-03-01,22732,53943,49485736,37594526
2022-03-02,21936,50713,49507672,37645239
2022-03-03,22641,54947,49530313,37700186
2022-03-04,23244,62800,49553557,37762986
2022-03-05,23804,57953,49577361,37820939
2022-03-06,9473,17201,49586834,37838140
2022-03-07,15927,51391,49602761,37889531
2022-03-08,15481,48797,49618242,37938328
2022-03-09,13816,46517,49632058,37984845
2022-03-10,14061,52127,49646119,38036972
2022-03-11,15593,57273,49661712,38094245
2022-03-12,15513,56620,49677225,38150865
2022-03-13,5545,16852,49682770,38167717
2022-03-14,10529,46700,49693299,38214417
2022-03-15,10552,46895,49703851,38261312
2022-03-16,9484,41977,49713335,38303289
2022-03-17,9725,44876,49723060,38348165
2022-03-18,10163,49059,49733223,38397224
2022-03-19,9152,46538,49742375,38443762
2022-03-20,2608,11704,49744983,38455466
2022-03-21,7585,40231,49752568,38495697
2022-03-22,8448,37767,49761016,38533464
2022-03-23,7220,33701,49768236,38567165
2022-03-24,8260,38821,49776496,38605986
2022-03-25,8143,43673,49784639,38649659
2022-03-26,8129,41722,49792768,38691381
2022-03-27,2432,9683,49795200,38701064
2022-03-28,6112,35244,49801312,38736308
2022-03-29,5783,32532,49807095,38768840
2022-03-30,5567,30204,49812662,38799044
2022-03-31,5905,33187,49818567,38832231
2022-04-01,4351,25188,49822918,38857419
2022-04-02,4497,23275,49827415,38880694
2022-04-03,1049,4500,49828464,38885194
2022-04-04,3661,21545,49832125,38906739
2022-04-05,3758,22938,49835883,38929677
2022-04-06,4105,21852,49839988,38951529
2022-04-07,3970,23321,49843958,38974850
2022-04-08,4696,26714,49848654,39001564
2022-04-09,4381,23889,49853035,39025453
2022-04-10,893,4613,49853928,39030066
2022-04-11,3819,22689,49857747,39052755
2022-04-12,3365,21779,49861112,39074534
2022-04-13,3574,21337,49864686,39095871
2022-04-14,3487,23789,49868173,39119660
2022-04-15,3086,20621,49871259,39140281
2022-04-16,2151,11918,49873410,39152199
2022-04-17,63,348,49873473,39152547
2022-04-18,152,650,49873625,39153197
2022-04-19,3499,21985,49877124,39175182
2022-04-20,3513,20250,49880637,39195432
2022-04-21,2848,19792,49883485,39215224
2022-04-22,2928,20714,49886413,39235938
2022-04-23,2648,16222,49889061,39252160
2022-04-24,509,2334,49889570,39254494
2022-04-25,183,1165,49889753,39255659
2022-04-26,2760,17810,49892513,39273469
2022-04-27,2374,15795,49894887,39289264
2022-04-28,2362,15565,49897249,39304829
2022-04-29,2298,14850,49899547,39319679
2022-04-30,2123,11584,49901670,39331263
2022-05-01,113,531,49901783,39331794
2022-05-02,1451,9393,49903234,39341187
2022-05-03,1577,10324,49904811,39351511
2022-05-04,1747,10273,49906558,39361784
2022-05-05,1654,10297,49908212,39372081
2022-05-06,1702,10972,49909914,39383053
2022-05-07,1431,8573,49911345,39391626
2022-05-08,417,1526,49911762,39393152
2022-05-09,1029,8931,49912791,39402083
2022-05-10,1426,9549,49914217,39411632
2022-05-11,1484,10108,49915701,39421740
2022-05-12,1371,10137,49917072,39431877
2022-05-13,1597,10520,49918669,39442397
2022-05-14,1360,8240,49920029,39450637
2022-05-15,336,1136,49920365,39451773
2022-05-16,814,8406,49921179,39460179
2022-05-17,1244,8707,49922423,39468886
2022-05-18,1373,9255,49923796,39478141
2022-05-19,1501,9287,49925297,39487428
2022-05-20,1426,9532,49926723,39496960
2022-05-21,1302,7900,49928025,39504860
2022-05-22,231,1013,49928256,39505873
2022-05-23,830,8273,49929086,39514146
2022-05-24,1073,8673,49930159,39522819
2022-05-25,1372,9460,49931531,39532279
2022-05-26,1198,9480,49932729,39541759
2022-05-27,1232,9915,49933961,39551674
2022-05-28,1205,7887,49935166,39559561
2022-05-29,288,1265,49935454,39560826
2022-05-30,931,8058,49936385,39568884
2022-05-31,1039,8548,49937424,39577432
2022-06-01,895,7658,49938319,39585090
2022-06-02,35,474,49938354,39585564
2022-06-03,817,7334,49939171,39592898
2022-06-04,870,5162,49940041,39598060
2022-06-05,89,586,49940130,39598646
2022-06-06,679,7004,49940809,39605650
2022-06-07,952,7850,49941761,39613500
2022-06-08,981,7906,49942742,39621406
2022-06-09,1037,8418,49943779,39629824
2022-06-10,958,8563,49944737,39638387
2022-06-11,904,6206,49945641,39644593
2022-06-12,140,768,49945781,39645361
2022-06-13,602,6301,49946383,39651662
2022-06-14,832,7904,49947215,39659566
2022-06-15,960,7856,49948175,39667422
2022-06-16,733,7397,49948908,39674819
2022-06-17,724,7248,49949632,39682067
2022-06-18,778,5594,49950410,39687661
2022-06-19,49,521,49950459,39688182
2022-06-20,587,6699,49951046,39694881
2022-06-21,741,7664,49951787,39702545
2022-06-22,779,7312,49952566,39709857
2022-06-23,648,7472,49953214,39717329
2022-06-24,644,7474,49953858,39724803
2022-06-25,835,6533,49954693,39731336
2022-06-26,128,523,49954821,39731859
2022-06-27,534,7125,49955355,39738984
2022-06-28,747,8207,49956102,39747191
2022-06-29,756,7732,49956858,39754923
2022-06-30,747,8145,49957605,39763068
2022-07-01,577,6443,49958182,39769511
2022-07-02,536,4769,49958718,39774280
2022-07-03,49,456,49958767,39774736
2022-07-04,469,6277,49959236,39781013
2022-07-05,631,8122,49959867,39789135
2022-07-06,634,7611,49960501,39796746
2022-07-07,576,8272,49961077,39805018
2022-07-08,674,8085,49961751,39813103
2022-07-09,550,6105,49962301,39819208
2022-07-10,58,533,49962359,39819741
2022-07-11,491,7641,49962850,39827382
2022-07-12,668,9031,49963518,39836413
2022-07-13,644,10067,49964162,39846480
2022-07-14,637,10225,49964799,39856705
2022-07-15,627,10674,49965426,39867379
2022-07-16,523,7215,49965949,39874594
2022-07-17,48,770,49965997,39875364
2022-07-18,496,9374,49966493,39884738
2022-07-19,575,10683,49967068,39895421
2022-07-20,582,11276,49967650,39906697
2022-07-21,630,12091,49968280,39918788
2022-07-22,585,11260,49968865,39930048
2022-07-23,381,6775,49969246,39936823
2022-07-24,76,857,49969322,39937680
2022-07-25,503,9052,49969825,39946732
2022-07-26,522,9762,49970347,39956494
2022-07-27,553,10210,49970900,39966704
2022-07-28,532,10535,49971432,39977239
2022-07-29,511,9466,49971943,39986705
2022-07-30,383,5882,49972326,39992587
2022-07-31,49,764,49972375,39993351
2022-08-01,386,6865,49972761,40000216
2022-08-02,546,7590,49973307,40007806
2022-08-03,513,7179,49973820,40014985
2022-08-04,455,7491,49974275,40022476
2022-08-05,421,6526,49974696,40029002
2022-08-06,299,3613,49974995,40032615
2022-08-07,44,563,49975039,40033178
2022-08-08,403,4890,49975442,40038068
2022-08-09,381,5312,49975823,40043380
2022-08-10,385,4816,49976208,40048196
2022-08-11,369,4803,49976577,40052999
2022-08-12,294,3720,49976871,40056719
2022-08-13,143,1600,49977014,40058319
2022-08-14,9,129,49977023,40058448
2022-08-15,1,26,49977024,40058474
2022-08-16,283,3043,49977307,40061517
2022-08-17,352,3536,49977659,40065053
2022-08-18,392,4160,49978051,40069213
2022-08-19,342,3319,49978393,40072532
2022-08-20,183,1715,49978576,40074247
2022-08-21,24,149,49978600,40074396
2022-08-22,329,2952,49978929,40077348
2022-08-23,370,3674,49979299,40081022
2022-08-24,384,3360,49979683,40084382
2022-08-25,422,3774,49980105,40088156
2022-08-26,399,3575,49980504,40091731
2022-08-27,237,1769,49980741,40093500
2022-08-28,29,267,49980770,40093767
2022-08-29,354,3161,49981124,40096928
2022-08-30,405,3671,49981529,40100599
2022-08-31,438,3734,49981967,40104333
2022-09-01,353,3116,49982320,40107449
2022-09-02,296,2893,49982616,40110342
2022-09-03,200,1689,49982816,40112031
2022-09-04,24,149,49982840,40112180
2022-09-05,187,2656,49983027,40114836
2022-09-06,306,2983,49983333,40117819
2022-09-07,541,2937,49983874,40120756
2022-09-08,293,2963,49984167,40123719
2022-09-09,305,2886,49984472,40126605
2022-09-10,228,1326,49984700,40127931
2022-09-11,23,124,49984723,40128055
2022-09-12,267,2267,49984990,40130322
2022-09-13,252,2276,49985242,40132598
2022-09-14,266,2566,49985508,40135164
2022-09-15,282,2501,49985790,40137665
2022-09-16,255,2546,49986045,40140211
2022-09-17,239,1339,49986284,40141550
2022-09-18,20,170,49986304,40141720
2022-09-19,206,1971,49986510,40143691
2022-09-20,237,2392,49986747,40146083
2022-09-21,289,2526,49987036,40148609
2022-09-22,267,2663,49987303,40151272
2022-09-23,259,2545,49987562,40153817
2022-09-24,193,1427,49987755,40155244
2022-09-25,29,133,49987784,40155377
2022-09-26,280,2248,49988064,40157625
2022-09-27,287,2683,49988351,40160308
2022-09-28,310,2904,49988661,40163212
2022-09-29,257,3048,49988918,40166260
2022-09-30,292,2989,49989210,40169249
2022-10-01,195,1515,49989405,40170764
2022-10-02,12,187,49989417,40170951
2022-10-03,185,2474,49989602,40173425
2022-10-04,236,2862,49989838,40176287
2022-10-05,229,3252,49990067,40179539
2022-10-06,243,3874,49990310,40183413
2022-10-07,283,4189,49990593,40187602
2022-10-08,203,2270,49990796,40189872
2022-10-09,8,305,49990804,40190177
2022-10-10,211,3356,49991015,40193533
2022-10-11,194,4378,49991209,40197911
2022-10-12,209,4441,49991418,40202352
2022-10-13,203,5304,49991621,40207656
2022-10-14,232,5026,49991853,40212682
2022-10-15,191,2671,49992044,40215353
2022-10-16,6,360,49992050,40215713
2022-10-17,186,3871,49992236,40219584
2022-10-18,257,4966,49992493,40224550
2022-10-19,244,5477,49992737,40230027
2022-10-20,224,5995,49992961,40236022
2022-10-21,250,5477,49993211,40241499
2022-10-22,195,2911,49993406,40244410
2022-10-23,13,364,49993419,40244774
2022-10-24,171,3930,49993590,40248704
2022-10-25,253,4926,49993843,40253630
2022-10-26,347,5502,49994190,40259132
2022-10-27,241,5671,49994431,40264803
2022-10-28,200,5262,49994631,40270065
2022-10-29,128,2844,49994759,40272909
2022-10-30,3,328,49994762,40273237
2022-10-31,117,3041,49994879,40276278
2022-11-01,11,353,49994890,40276631
2022-11-02,145,3721,49995035,40280352
2022-11-03,174,4788,49995209,40285140
2022-11-04,225,4603,49995434,40289743
2022-11-05,144,2597,49995578,40292340
2022-11-06,10,261,49995588,40292601
2022-11-07,169,3225,49995757,40295826
2022-11-08,260,4251,49996017,40300077
2022-11-09,197,4331,49996214,40304408
2022-11-10,183,4589,49996397,40308997
2022-11-11,193,4221,49996590,40313218
2022-11-12,152,2374,49996742,40315592
2022-11-13,7,335,49996749,40315927
2022-11-14,149,2838,49996898,40318765
2022-11-15,202,3747,49997100,40322512
2022-11-16,217,3985,49997317,40326497
2022-11-17,191,4101,49997508,40330598
2022-11-18,247,4031,49997755,40334629
2022-11-19,112,2104,49997867,40336733
2022-11-20,24,317,49997891,40337050
2022-11-21,119,2620,49998010,40339670
2022-11-22,143,3214,49998153,40342884
2022-11-23,191,3622,49998344,40346506
2022-11-24,156,3832,49998500,40350338
2022-11-25,184,3784,49998684,40354122
2022-11-26,132,2094,49998816,40356216
2022-11-27,22,356,49998838,40356572
2022-11-28,181,2676,49999019,40359248
2022-11-29,257,3228,49999276,40362476
2022-11-30,182,3726,49999458,40366202
2022-12-01,150,3618,49999608,40369820
2022-12-02,156,3518,49999764,40373338
2022-12-03,105,1965,49999869,40375303
2022-12-04,5,290,49999874,40375593
2022-12-05,128,2851,50000002,40378444
2022-12-06,176,3646,50000178,40382090
2022-12-07,135,3125,50000313,40385215
2022-12-08,8,169,50000321,40385384
2022-12-09,160,3017,50000481,40388401
2022-12-10,78,1601,50000559,40390002
2022-12-11,7,193,50000566,40390195
2022-12-12,170,2524,50000736,40392719
2022-12-13,254,3026,50000990,40395745
2022-12-14,225,3196,50001215,40398941
2022-12-15,204,3234,50001419,40402175
2022-12-16,162,3139,50001581,40405314
2022-12-17,94,1673,50001675,40406987
2022-12-18,10,270,50001685,40407257
2022-12-19,144,2150,50001829,40409407
2022-12-20,211,2476,50002040,40411883
2022-12-21,153,2150,50002193,40414033
2022-12-22,140,1838,50002333,40415871
2022-12-23,147,1196,50002480,40417067
2022-12-24,32,160,50002512,40417227
2022-12-25,0,6,50002512,40417233
2022-12-26,6,41,50002518,40417274
2022-12-27,139,1482,50002657,40418756