data_somministrazione,vaccinazioni,booster,cum_vaccinazioni,cum_booster
2020-12-27,19,0,19,0
2020-12-28,2,0,21,0
2020-12-29,1,0,22,0
2020-12-30,6,0,28,0
2020-12-31,57,0,85,0
2021-01-01,22,0,107,0
2021-01-02,96,0,203,0
2021-01-03,73,0,276,0
2021-01-04,188,0,464,0
2021-01-05,229,0,693,0
2021-01-06,182,0,875,0
2021-01-07,273,0,1148,0
2021-01-08,319,0,1467,0
2021-01-09,235,0,1702,0
2021-01-10,141,0,1843,0
2021-01-11,259,0,2102,0
2021-01-12,260,0,2362,0
2021-01-13,380,0,2742,0
2021-01-14,466,0,3208,0
2021-01-15,287,0,3495,0
2021-01-16,200,0,3695,0
2021-01-17,3056,0,6751,0
2021-01-18,5206,0,11957,0
2021-01-19,1889,0,13846,0
2021-01-20,4652,0,18498,0
2021-01-21,20004,0,38502,0
2021-01-22,14201,0,52703,0
2021-01-23,33337,0,86040,0
2021-01-24,30792,0,116832,0
2021-01-25,64740,0,181572,0
2021-01-26,76503,0,258075,0
2021-01-27,64851,0,322926,0
2021-01-28,89307,0,412233,0
2021-01-29,94039,0,506272,0
2021-01-30,86580,0,592852,0
2021-01-31,57342,0,650194,0
2021-02-01,81880,0,732074,0
2021-02-02,82149,0,814223,0
2021-02-03,91199,0,905422,0
2021-02-04,95403,0,1000825,0
2021-02-05,90285,0,1091110,0
2021-02-06,63452,0,1154562,0
2021-02-07,32926,0,1187488,0
2021-02-08,40431,0,1227919,0
2021-02-09,32866,0,1260785,0
2021-02-10,28417,0,1289202,0
2021-02-11,20382,0,1309584,0
2021-02-12,16222,0,1325806,0
2021-02-13,7248,0,1333054,0
2021-02-14,2861,0,1335915,0
2021-02-15,6836,0,1342751,0
2021-02-16,6992,0,1349743,0
2021-02-17,10518,0,1360261,0
2021-02-18,9244,0,1369505,0
2021-02-19,8234,0,1377739,0
2021-02-20,5536,0,1383275,0
2021-02-21,2985,0,1386260,0
2021-02-22,6879,0,1393139,0
2021-02-23,7156,0,1400295,0
2021-02-24,9822,0,1410117,0
2021-02-25,14200,0,1424317,0
2021-02-26,17550,0,1441867,0
2021-02-27,13895,0,1455762,0
2021-02-28,9385,0,1465147,0
2021-03-01,26506,0,1491653,0
2021-03-02,33232,0,1524885,0
2021-03-03,44642,0,1569527,0
2021-03-04,50290,0,1619817,0
2021-03-05,55733,0,1675550,0
2021-03-06,41871,0,1717421,0
2021-03-07,22320,0,1739741,0
2021-03-08,50790,0,1790531,0
2021-03-09,53055,0,1843586,0
2021-03-10,58621,0,1902207,0
2021-03-11,63830,0,1966037,0
2021-03-12,65091,0,2031128,0
2021-03-13,51702,0,2082830,0
2021-03-14,35383,0,2118213,0
2021-03-15,73424,0,2191637,0
2021-03-16,74021,0,2265658,0
2021-03-17,83128,0,2348786,0
2021-03-18,81621,0,2430407,0
2021-03-19,81077,0,2511484,0
2021-03-20,64704,0,2576188,0
2021-03-21,47284,0,2623472,0
2021-03-22,69469,0,2692941,0
2021-03-23,75777,0,2768718,0
2021-03-24,90883,0,2859601,0
2021-03-25,89782,0,2949383,0
2021-03-26,83602,0,3032985,0
2021-03-27,71913,0,3104898,0
2021-03-28,44120,0,3149018,0
2021-03-29,70803,0,3219821,0
2021-03-30,81352,0,3301173,0
2021-03-31,96214,0,3397387,0
2021-04-01,95289,0,3492676,0
2021-04-02,84060,0,3576736,0
2021-04-03,64295,0,3641031,0
2021-04-04,21715,0,3662746,0
2021-04-05,40296,0,3703042,0
2021-04-06,81294,0,3784336,0
2021-04-07,95799,0,3880135,0
2021-04-08,95224,0,3975359,0
2021-04-09,88477,0,4063836,0
2021-04-10,74027,0,4137863,0
2021-04-11,44747,0,4182610,0
2021-04-12,66903,0,4249513,0
2021-04-13,72559,0,4322072,0
2021-04-14,85514,0,4407586,0
2021-04-15,105395,0,4512981,0
2021-04-16,106407,0,4619388,0
2021-04-17,90488,0,4709876,0
2021-04-18,58581,0,4768457,0
2021-04-19,93424,0,4861881,0
2021-04-20,103760,0,4965641,0
2021-04-21,125323,0,5090964,0
2021-04-22,143502,0,5234466,0
2021-04-23,138712,0,5373178,0
2021-04-24,124428,0,5497606,0
2021-04-25,61453,0,5559059,0
2021-04-26,97874,0,5656933,0
2021-04-27,128347,0,5785280,0
2021-04-28,156346,0,5941626,0
2021-04-29,195574,0,6137200,0
2021-04-30,214549,0,6351749,0
2021-05-01,174085,0,6525834,0
2021-05-02,135791,0,6661625,0
2021-05-03,141999,0,6803624,0
2021-05-04,158670,0,6962294,0
2021-05-05,170463,0,7132757,0
2021-05-06,197786,0,7330543,0
2021-05-07,213800,0,7544343,0
2021-05-08,213375,0,7757718,0
2021-05-09,143186,0,7900904,0
2021-05-10,165077,0,8065981,0
2021-05-11,174950,0,8240931,0
2021-05-12,179136,0,8420067,0
2021-05-13,203350,0,8623417,0
2021-05-14,222885,0,8846302,0
2021-05-15,210326,0,9056628,0
2021-05-16,159256,0,9215884,0
2021-05-17,219175,0,9435059,0
2021-05-18,212993,0,9648052,0
2021-05-19,207065,0,9855117,0
2021-05-20,270833,0,10125950,0
2021-05-21,270858,0,10396808,0
2021-05-22,245512,0,10642320,0
2021-05-23,197170,0,10839490,0
2021-05-24,228287,0,11067777,0
2021-05-25,245683,0,11313460,0
2021-05-26,277477,0,11590937,0
2021-05-27,311073,0,11902010,0
2021-05-28,299552,0,12201562,0
2021-05-29,231187,0,12432749,0
2021-05-30,170819,0,12603568,0
2021-05-31,216401,0,12819969,0
2021-06-01,207625,0,13027594,0
2021-06-02,115764,0,13143358,0
2021-06-03,180093,0,13323451,0
2021-06-04,184835,0,13508286,0
2021-06-05,185911,0,13694197,0
2021-06-06,139500,0,13833697,0
2021-06-07,161821,0,13995518,0
2021-06-08,171141,0,14166659,0
2021-06-09,171413,0,14338072,0
2021-06-10,174020,0,14512092,0
2021-06-11,169916,0,14682008,0
2021-06-12,128291,0,14810299,0
2021-06-13,91124,0,14901423,0
2021-06-14,214625,0,15116048,0
2021-06-15,228372,0,15344420,0
2021-06-16,253020,0,15597440,0
2021-06-17,301688,0,15899128,0
2021-06-18,306242,0,16205370,0
2021-06-19,275035,0,16480405,0
2021-06-20,220726,0,16701131,0
2021-06-21,288024,0,16989155,0
2021-06-22,296174,0,17285329,0
2021-06-23,302650,0,17587979,0
2021-06-24,332547,0,17920526,0
2021-06-25,348684,0,18269210,0
2021-06-26,300081,0,18569291,0
2021-06-27,228606,0,18797897,0
2021-06-28,307023,0,19104920,0
2021-06-29,329222,0,19434142,0
2021-06-30,342083,0,19776225,0
2021-07-01,363139,0,20139364,0
2021-07-02,368426,0,20507790,0
2021-07-03,371059,0,20878849,0
2021-07-04,283187,0,21162036,0
2021-07-05,384491,0,21546527,0
2021-07-06,385424,0,21931951,0
2021-07-07,412055,0,22344006,0
2021-07-08,479629,0,22823635,0
2021-07-09,498497,0,23322132,0
2021-07-10,475180,0,23797312,0
2021-07-11,357708,0,24155020,0
2021-07-12,485918,0,24640938,0
2021-07-13,492158,0,25133096,0
2021-07-14,480487,0,25613583,0
2021-07-15,523506,0,26137089,0
2021-07-16,509793,0,26646882,0
2021-07-17,464375,0,27111257,0
2021-07-18,364705,0,27475962,0
2021-07-19,463081,0,27939043,0
2021-07-20,458088,0,28397131,0
2021-07-21,462821,0,28859952,0
2021-07-22,475391,0,29335343,0
2021-07-23,441308,0,29776651,0
2021-07-24,386191,0,30162842,0
2021-07-25,287597,0,30450439,0
2021-07-26,430897,0,30881336,0
2021-07-27,440128,0,31321464,0
2021-07-28,391020,0,31712484,0
2021-07-29,372078,0,32084562,0
2021-07-30,341499,0,32426061,0
2021-07-31,287009,0,32713070,0
2021-08-01,191025,0,32904095,0
2021-08-02,333732,0,33237827,0
2021-08-03,323184,0,33561011,0
2021-08-04,310973,0,33871984,0
2021-08-05,292514,0,34164498,0
2021-08-06,259999,0,34424497,0
2021-08-07,199042,0,34623539,0
2021-08-08,153104,0,34776643,0
2021-08-09,234075,0,35010718,0
2021-08-10,205246,0,35215964,0
2021-08-11,193749,0,35409713,0
2021-08-12,167965,0,35577678,0
2021-08-13,148591,0,35726269,0
2021-08-14,66083,0,35792352,0
2021-08-15,26333,0,35818685,0
2021-08-16,114670,0,35933355,0
2021-08-17,129237,0,36062592,0
2021-08-18,128724,0,36191316,0
2021-08-19,124782,0,36316098,0
2021-08-20,123781,0,36439879,0
2021-08-21,83111,0,36522990,0
2021-08-22,68161,0,36591151,0
2021-08-23,176863,0,36768014,0
2021-08-24,156905,0,36924919,0
2021-08-25,177167,0,37102086,0
2021-08-26,172351,0,37274437,0
2021-08-27,185853,0,37460290,0
2021-08-28,140273,0,37600563,0
2021-08-29,99003,0,37699566,0
2021-08-30,209635,0,37909201,0
2021-08-31,194629,0,38103830,0
2021-09-01,192214,0,38296044,0
2021-09-02,189943,0,38485987,0
2021-09-03,191348,0,38677335,0
2021-09-04,131492,0,38808827,0
2021-09-05,87874,0,38896701,0
2021-09-06,193664,0,39090365,0
2021-09-07,196071,0,39286436,0
2021-09-08,187914,0,39474350,0
2021-09-09,201480,0,39675830,0
2021-09-10,198115,0,39873945,0
2021-09-11,141328,0,40015273,0
2021-09-12,89605,0,40104878,0
2021-09-13,191182,531,40296060,531
2021-09-14,177270,565,40473330,1096
2021-09-15,163134,561,40636464,1657
2021-09-16,160105,907,40796569,2564
2021-09-17,150172,1104,40946741,3668
2021-09-18,127976,726,41074717,4394
2021-09-19,81133,485,41155850,4879
2021-09-20,180076,9060,41335926,13939
2021-09-21,166624,8825,41502550,22764
2021-09-22,159076,9424,41661626,32188
2021-09-23,138078,9312,41799704,41500
2021-09-24,140539,8944,41940243,50444
2021-09-25,119540,5628,42059783,56072
2021-09-26,71949,4336,42131732,60408
2021-09-27,135633,10034,42267365,70442
2021-09-28,117482,11376,42384847,81818
2021-09-29,112327,11821,42497174,93639
2021-09-30,110224,14933,42607398,108572
2021-10-01,94970,19101,42702368,127673
2021-10-02,78469,14011,42780837,141684
2021-10-03,47725,7653,42828562,149337
2021-10-04,88375,34438,42916937,183775
2021-10-05,80359,33967,42997296,217742
2021-10-06,71975,34155,43069271,251897
2021-10-07,71846,34338,43141117,286235
2021-10-08,80620,33584,43221737,319819
2021-10-09,76098,22161,43297835,341980
2021-10-10,45770,13614,43343605,355594
2021-10-11,87405,41096,43431010,396690
2021-10-12,84486,46892,43515496,443582
2021-10-13,88186,52102,43603682,495684
2021-10-14,91519,58498,43695201,554182
2021-10-15,93580,55614,43788781,609796
2021-10-16,82956,36774,43871737,646570
2021-10-17,51459,23823,43923196,670393
2021-10-18,90289,59473,44013485,729866
2021-10-19,78340,69367,44091825,799233
2021-10-20,75073,78156,44166898,877389
2021-10-21,78301,81744,44245199,959133
2021-10-22,73794,77010,44318993,1036143
2021-10-23,60813,51945,44379806,1088088
2021-10-24,33380,23446,44413186,1111534
2021-10-25,64902,81619,44478088,1193153
2021-10-26,58374,91770,44536462,1284923
2021-10-27,58329,103957,44594791,1388880
2021-10-28,61467,114094,44656258,1502974
2021-10-29,61658,103104,44717916,1606078
2021-10-30,50672,68109,44768588,1674187
2021-10-31,25168,28282,44793756,1702469
2021-11-01,19047,28146,44812803,1730615
2021-11-02,62770,89364,44875573,1819979
2021-11-03,60733,118655,44936306,1938634
2021-11-04,59244,126653,44995550,2065287
2021-11-05,63093,135165,45058643,2200452
2021-11-06,46470,90921,45105113,2291373
2021-11-07,22253,37892,45127366,2329265
2021-11-08,51526,131259,45178892,2460524
2021-11-09,45404,144187,45224296,2604711
2021-11-10,42579,156341,45266875,2761052
2021-11-11,44932,155133,45311807,2916185
2021-11-12,46369,158569,45358176,3074754
2021-11-13,33253,116639,45391429,3191393
2021-11-14,14479,52446,45405908,3243839
2021-11-15,36895,157418,45442803,3401257
2021-11-16,30543,171370,45473346,3572627
2021-11-17,28447,178430,45501793,3751057
2021-11-18,30277,193705,45532070,3944762
2021-11-19,28794,205846,45560864,4150608
2021-11-20,20990,156432,45581854,4307040
2021-11-21,10606,64854,45592460,4371894
2021-11-22,21924,213136,45614384,4585030
2021-11-23,23562,241738,45637946,4826768
2021-11-24,27828,270941,45665774,5097709
2021-11-25,23228,301893,45689002,5399602
2021-11-26,24571,318260,45713573,5717862
2021-11-27,21372,266148,45734945,5984010
2021-11-28,9894,137053,45744839,6121063
2021-11-29,22309,326059,45767148,6447122
2021-11-30,23076,365818,45790224,6812940
2021-12-01,21508,413495,45811732,7226435
2021-12-02,23748,440375,45835480,7666810
2021-12-03,25222,467447,45860702,8134257
2021-12-04,22342,418722,45883044,8552979
2021-12-05,11903,261330,45894947,8814309
2021-12-06,25798,457561,45920745,9271870
2021-12-07,24102,480241,45944847,9752111
2021-12-08,9992,249677,45954839,10001788
2021-12-09,31556,491909,45986395,10493697
2021-12-10,28040,517861,46014435,11011558
2021-12-11,23543,459235,46037978,11470793
2021-12-12,12292,293494,46050270,11764287
2021-12-13,26126,467616,46076396,12231903
2021-12-14,25150,494184,46101546,12726087
2021-12-15,25303,517127,46126849,13243214
2021-12-16,27859,520236,46154708,13763450
2021-12-17,29331,517156,46184039,14280606
2021-12-18,27023,468709,46211062,14749315
2021-12-19,15128,300511,46226190,15049826
2021-12-20,30601,477465,46256791,15527291
2021-12-21,30342,493373,46287133,16020664
2021-12-22,29423,484694,46316556,16505358
2021-12-23,28215,426890,46344771,16932248
2021-12-24,13103,210817,46357874,17143065
2021-12-25,2101,33052,46359975,17176117
2021-12-26,8750,159063,46368725,17335180
2021-12-27,46744,504646,46415469,17839826
2021-12-28,42415,554194,46457884,18394020
2021-12-29,34291,550625,46492175,18944645
2021-12-30,31785,499815,46523960,19444460
2021-12-31,14093,247393,46538053,19691853
2022-01-01,3493,64812,46541546,19756665
2022-01-02,22729,276715,46564275,20033380
2022-01-03,47770,520007,46612045,20553387
2022-01-04,46275,572067,46658320,21125454
2022-01-05,40660,560377,46698980,21685831
2022-01-06,23434,274477,46722414,21960308
2022-01-07,63598,554173,46786012,22514481
2022-01-08,60747,503373,46846759,23017854
2022-01-09,42752,319683,46889511,23337537
2022-01-10,60987,542267,46950498,23879804
2022-01-11,61611,586979,47012109,24466783
2022-01-12,58345,581268,47070454,25048051
2022-01-13,58497,580368,47128951,25628419
2022-01-14,46677,588557,47175628,26216976
2022-01-15,39232,569933,47214860,26786909
2022-01-16,31101,341848,47245961,27128757
2022-01-17,54700,489642,47300661,27618399
2022-01-18,58299,517003,47358960,28135402
2022-01-19,57117,502778,47416077,28638180
2022-01-20,54254,498807,47470331,29136987
2022-01-21,41971,493864,47512302,29630851
2022-01-22,31075,469587,47543377,30100438
2022-01-23,34865,275364,47578242,30375802
2022-01-24,56122,437205,47634364,30813007
2022-01-25,61487,452084,47695851,31265091
2022-01-26,58473,435813,47754324,31700904
2022-01-27,48774,432351,47803098,32133255
2022-01-28,58613,436521,47861711,32569776
2022-01-29,68036,412477,47929747,32982253
2022-01-30,50327,235965,47980074,33218218
2022-01-31,60553,356917,48040627,33575135
2022-02-01,65475,328428,48106102,33903563
2022-02-02,63122,296959,48169224,34200522
2022-02-03,59995,274511,48229219,34475033
2022-02-04,72316,268442,48301535,34743475
2022-02-05,83700,248521,48385235,34991996
2022-02-06,55251,116193,48440486,35108189
2022-02-07,65096,199929,48505582,35308118
2022-02-08,66888,186101,48572470,35494219
2022-02-09,58722,166329,48631192,35660548
2022-02-10,58518,163231,48689710,35823779
2022-02-11,62209,162450,48751919,35986229
2022-02-12,71935,152133,48823854,36138362
2022-02-13,41456,68848,48865310,36207210
2022-02-14,46651,116180,48911961,36323390
2022-02-15,48491,123477,48960452,36446867
2022-02-16,45651,106106,49006103,36552973
2022-02-17,42843,98099,49048946,36651072
2022-02-18,46587,112565,49095533,36763637
2022-02-19,52512,100324,49148045,36863961
2022-02-20,31408,40359,49179453,36904320
2022-02-21,37880,89639,49217333,36993959
2022-02-22,37203,83767,49254536,37077726
2022-02-23,33368,79404,49287904,37157130
2022-02-24,32544,78160,49320448,37235290
2022-02-25,34740,90702,49355188,37325992
2022-02-26,39140,89131,49394328,37415123
2022-02-27,22538,35855,49416866,37450978
2022-02-28,28462,81689,49445328,37532667
2022-03-01,22693,53934,49468021,37586601
2022-03-02,21985,50627,49490006,37637228
2022-03-03,22596,54940,49512602,37692168
2022-03-04,23204,62789,49535806,37754957
2022-03-05,23779,57950,49559585,37812907
2022-03-06,9469,17199,49569054,37830106
2022-03-07,15895,51389,49584949,37881495
2022-03-08,15444,48796,49600393,37930291
2022-03-09,13796,46512,49614189,37976803
2022-03-10,14027,52115,49628216,38028918
2022-03-11,15563,57249,49643779,38086167
2022-03-12,15485,56614,49659264,38142781
2022-03-13,5541,16848,49664805,38159629
2022-03-14,10516,46691,49675321,38206320
2022-03-15,10530,46892,49685851,38253212
2022-03-16,9470,41975,49695321,38295187
2022-03-17,9696,44875,49705017,38340062
2022-03-18,10149,49052,49715166,38389114
2022-03-19,9141,46531,49724307,38435645
2022-03-20,2606,11699,49726913,38447344
2022-03-21,7569,40221,49734482,38487565
2022-03-22,8438,37745,49742920,38525310
2022-03-23,7202,33695,49750122,38559005
2022-03-24,8245,38796,49758367,38597801
2022-03-25,8122,43664,49766489,38641465
2022-03-26,8118,41719,49774607,38683184
2022-03-27,2428,9682,49777035,38692866
2022-03-28,6097,35230,49783132,38728096
2022-03-29,5772,32523,49788904,38760619
2022-03-30,5554,30192,49794458,38790811
2022-03-31,5883,33170,49800341,38823981
2022-04-01,4340,25180,49804681,38849161
2022-04-02,4486,23272,49809167,38872433
2022-04-03,1047,4499,49810214,38876932
2022-04-04,3649,21532,49813863,38898464
2022-04-05,3746,22923,49817609,38921387
2022-04-06,4095,21839,49821704,38943226
2022-04-07,3954,23317,49825658,38966543
2022-04-08,4682,26709,49830340,38993252
2022-04-09,4374,23882,49834714,39017134
2022-04-10,892,4614,49835606,39021748
2022-04-11,3801,22682,49839407,39044430
2022-04-12,3355,21776,49842762,39066206
2022-04-13,3557,21333,49846319,39087539
2022-04-14,3481,23774,49849800,39111313
2022-04-15,3076,20613,49852876,39131926
2022-04-16,2147,11920,49855023,39143846
2022-04-17,63,348,49855086,39144194
2022-04-18,148,650,49855234,39144844
2022-04-19,3481,21977,49858715,39166821
2022-04-20,3495,20249,49862210,39187070
2022-04-21,2838,19781,49865048,39206851
2022-04-22,2914,20695,49867962,39227546
2022-04-23,2635,16205,49870597,39243751
2022-04-24,509,2335,49871106,39246086
2022-04-25,183,1165,49871289,39247251
2022-04-26,2758,17792,49874047,39265043
2022-04-27,2364,15782,49876411,39280825
2022-04-28,2348,15534,49878759,39296359
2022-04-29,2290,14834,49881049,39311193
2022-04-30,2117,11577,49883166,39322770
2022-05-01,113,530,49883279,39323300
2022-05-02,1443,9381,49884722,39332681
2022-05-03,1571,10307,49886293,39342988
2022-05-04,1744,10256,49888037,39353244
2022-05-05,1647,10273,49889684,39363517
2022-05-06,1692,10944,49891376,39374461
2022-05-07,1431,8563,49892807,39383024
2022-05-08,404,1514,49893211,39384538
2022-05-09,1023,8915,49894234,39393453
2022-05-10,1418,9536,49895652,39402989
2022-05-11,1477,10087,49897129,39413076
2022-05-12,1365,10119,49898494,39423195
2022-05-13,1588,10508,49900082,39433703
2022-05-14,1355,8226,49901437,39441929
2022-05-15,336,1129,49901773,39443058
2022-05-16,809,8388,49902582,39451446
2022-05-17,1239,8667,49903821,39460113
2022-05-18,1368,9213,49905189,39469326
2022-05-19,1498,9267,49906687,39478593
2022-05-20,1420,9491,49908107,39488084
2022-05-21,1299,7891,49909406,39495975
2022-05-22,231,1012,49909637,39496987
2022-05-23,825,8260,49910462,39505247
2022-05-24,1070,8663,49911532,39513910
2022-05-25,1365,9444,49912897,39523354
2022-05-26,1192,9452,49914089,39532806
2022-05-27,1223,9908,49915312,39542714
2022-05-28,1202,7872,49916514,39550586
2022-05-29,285,1264,49916799,39551850
2022-05-30,928,8026,49917727,39559876
2022-05-31,1033,8529,49918760,39568405
2022-06-01,891,7643,49919651,39576048
2022-06-02,35,474,49919686,39576522
2022-06-03,813,7327,49920499,39583849
2022-06-04,869,5155,49921368,39589004
2022-06-05,89,586,49921457,39589590
2022-06-06,671,6964,49922128,39596554
2022-06-07,930,7841,49923058,39604395
2022-06-08,981,7896,49924039,39612291
2022-06-09,1034,8398,49925073,39620689
2022-06-10,950,8537,49926023,39629226
2022-06-11,898,6207,49926921,39635433
2022-06-12,140,767,49927061,39636200
2022-06-13,602,6295,49927663,39642495
2022-06-14,824,7880,49928487,39650375
2022-06-15,949,7842,49929436,39658217
2022-06-16,728,7383,49930164,39665600
2022-06-17,717,7235,49930881,39672835
2022-06-18,776,5588,49931657,39678423
2022-06-19,47,522,49931704,39678945
2022-06-20,587,6694,49932291,39685639
2022-06-21,731,7637,49933022,39693276
2022-06-22,779,7300,49933801,39700576
2022-06-23,648,7455,49934449,39708031
2022-06-24,643,7468,49935092,39715499
2022-06-25,835,6531,49935927,39722030
2022-06-26,128,523,49936055,39722553
2022-06-27,532,7116,49936587,39729669
2022-06-28,743,8208,49937330,39737877
2022-06-29,755,7717,49938085,39745594
2022-06-30,743,8132,49938828,39753726
2022-07-01,577,6436,49939405,39760162
2022-07-02,536,4765,49939941,39764927
2022-07-03,49,456,49939990,39765383
2022-07-04,470,6269,49940460,39771652
2022-07-05,622,8107,49941082,39779759
2022-07-06,624,7595,49941706,39787354
2022-07-07,562,8249,49942268,39795603
2022-07-08,670,8074,49942938,39803677
2022-07-09,548,6103,49943486,39809780
2022-07-10,58,533,49943544,39810313
2022-07-11,477,7626,49944021,39817939
2022-07-12,652,8980,49944673,39826919
2022-07-13,627,10060,49945300,39836979
2022-07-14,618,10218,49945918,39847197
2022-07-15,616,10643,49946534,39857840
2022-07-16,512,7206,49947046,39865046
2022-07-17,48,769,49947094,39865815
2022-07-18,495,9339,49947589,39875154
2022-07-19,560,10640,49948149,39885794
2022-07-20,562,11236,49948711,39897030
2022-07-21,620,11996,49949331,39909026
2022-07-22,568,11197,49949899,39920223
2022-07-23,375,6730,49950274,39926953
2022-07-24,75,834,49950349,39927787
2022-07-25,492,9019,49950841,39936806
2022-07-26,516,9698,49951357,39946504
2022-07-27,531,10114,49951888,39956618
2022-07-28,525,10449,49952413,39967067
2022-07-29,505,9383,49952918,39976450
2022-07-30,380,5844,49953298,39982294
2022-07-31,49,745,49953347,39983039
2022-08-01,383,6804,49953730,39989843
2022-08-02,534,7487,49954264,39997330
2022-08-03,488,7075,49954752,40004405
2022-08-04,443,7381,49955195,40011786
2022-08-05,410,6441,49955605,40018227
2022-08-06,295,3566,49955900,40021793
2022-08-07,44,547,49955944,40022340
2022-08-08,389,4829,49956333,40027169
2022-08-09,373,5214,49956706,40032383
2022-08-10,366,4700,49957072,40037083
2022-08-11,360,4642,49957432,40041725
2022-08-12,275,3560,49957707,40045285
2022-08-13,135,1537,49957842,40046822
2022-08-14,9,125,49957851,40046947
2022-08-15,1,15,49957852,40046962