data_somministrazione,vaccinazioni,booster,cum_vaccinazioni,cum_booster
2020-12-27,19,0,19,0
2020-12-28,2,0,21,0
2020-12-29,1,0,22,0
2020-12-30,6,0,28,0
2020-12-31,66,0,94,0
2021-01-01,22,0,116,0
2021-01-02,104,0,220,0
2021-01-03,74,0,294,0
2021-01-04,198,0,492,0
2021-01-05,233,0,725,0
2021-01-06,188,0,913,0
2021-01-07,281,0,1194,0
2021-01-08,328,0,1522,0
2021-01-09,239,0,1761,0
2021-01-10,144,0,1905,0
2021-01-11,265,0,2170,0
2021-01-12,264,0,2434,0
2021-01-13,383,0,2817,0
2021-01-14,469,0,3286,0
2021-01-15,292,0,3578,0
2021-01-16,203,0,3781,0
2021-01-17,3057,0,6838,0
2021-01-18,5208,0,12046,0
2021-01-19,1890,0,13936,0
2021-01-20,4653,0,18589,0
2021-01-21,19999,0,38588,0
2021-01-22,14200,0,52788,0
2021-01-23,33332,0,86120,0
2021-01-24,30791,0,116911,0
2021-01-25,64732,0,181643,0
2021-01-26,76501,0,258144,0
2021-01-27,64844,0,322988,0
2021-01-28,89301,0,412289,0
2021-01-29,94030,0,506319,0
2021-01-30,86575,0,592894,0
2021-01-31,57339,0,650233,0
2021-02-01,81876,0,732109,0
2021-02-02,82144,0,814253,0
2021-02-03,91196,0,905449,0
2021-02-04,95404,0,1000853,0
2021-02-05,90282,0,1091135,0
2021-02-06,63450,0,1154585,0
2021-02-07,32927,0,1187512,0
2021-02-08,40430,0,1227942,0
2021-02-09,32864,0,1260806,0
2021-02-10,28420,0,1289226,0
2021-02-11,20389,0,1309615,0
2021-02-12,16227,0,1325842,0
2021-02-13,7251,0,1333093,0
2021-02-14,2861,0,1335954,0
2021-02-15,6837,0,1342791,0
2021-02-16,6993,0,1349784,0
2021-02-17,10519,0,1360303,0
2021-02-18,9246,0,1369549,0
2021-02-19,8239,0,1377788,0
2021-02-20,5540,0,1383328,0
2021-02-21,2986,0,1386314,0
2021-02-22,6881,0,1393195,0
2021-02-23,7160,0,1400355,0
2021-02-24,9824,0,1410179,0
2021-02-25,14201,0,1424380,0
2021-02-26,17551,0,1441931,0
2021-02-27,13901,0,1455832,0
2021-02-28,9387,0,1465219,0
2021-03-01,26508,0,1491727,0
2021-03-02,33239,0,1524966,0
2021-03-03,44644,0,1569610,0
2021-03-04,50289,0,1619899,0
2021-03-05,55734,0,1675633,0
2021-03-06,41876,0,1717509,0
2021-03-07,22322,0,1739831,0
2021-03-08,50795,0,1790626,0
2021-03-09,53056,0,1843682,0
2021-03-10,58623,0,1902305,0
2021-03-11,63837,0,1966142,0
2021-03-12,65097,0,2031239,0
2021-03-13,51707,0,2082946,0
2021-03-14,35384,0,2118330,0
2021-03-15,73424,0,2191754,0
2021-03-16,74022,0,2265776,0
2021-03-17,83130,0,2348906,0
2021-03-18,81621,0,2430527,0
2021-03-19,81079,0,2511606,0
2021-03-20,64707,0,2576313,0
2021-03-21,47286,0,2623599,0
2021-03-22,69470,0,2693069,0
2021-03-23,75776,0,2768845,0
2021-03-24,90887,0,2859732,0
2021-03-25,89785,0,2949517,0
2021-03-26,83600,0,3033117,0
2021-03-27,71916,0,3105033,0
2021-03-28,44127,0,3149160,0
2021-03-29,70806,0,3219966,0
2021-03-30,81357,0,3301323,0
2021-03-31,96218,0,3397541,0
2021-04-01,95291,0,3492832,0
2021-04-02,84066,0,3576898,0
2021-04-03,64296,0,3641194,0
2021-04-04,21716,0,3662910,0
2021-04-05,40297,0,3703207,0
2021-04-06,81299,0,3784506,0
2021-04-07,95804,0,3880310,0
2021-04-08,95227,0,3975537,0
2021-04-09,88480,0,4064017,0
2021-04-10,74025,0,4138042,0
2021-04-11,44752,0,4182794,0
2021-04-12,66908,0,4249702,0
2021-04-13,72562,0,4322264,0
2021-04-14,85519,0,4407783,0
2021-04-15,105399,0,4513182,0
2021-04-16,106409,0,4619591,0
2021-04-17,90490,0,4710081,0
2021-04-18,58583,0,4768664,0
2021-04-19,93423,0,4862087,0
2021-04-20,103763,0,4965850,0
2021-04-21,125329,0,5091179,0
2021-04-22,143501,0,5234680,0
2021-04-23,138717,0,5373397,0
2021-04-24,124435,0,5497832,0
2021-04-25,61452,0,5559284,0
2021-04-26,97874,0,5657158,0
2021-04-27,128347,0,5785505,0
2021-04-28,156349,0,5941854,0
2021-04-29,195579,0,6137433,0
2021-04-30,214556,0,6351989,0
2021-05-01,174090,0,6526079,0
2021-05-02,135789,0,6661868,0
2021-05-03,142002,0,6803870,0
2021-05-04,158674,0,6962544,0
2021-05-05,170470,0,7133014,0
2021-05-06,197787,0,7330801,0
2021-05-07,213803,0,7544604,0
2021-05-08,213383,0,7757987,0
2021-05-09,143189,0,7901176,0
2021-05-10,165081,0,8066257,0
2021-05-11,174957,0,8241214,0
2021-05-12,179147,0,8420361,0
2021-05-13,203356,0,8623717,0
2021-05-14,222891,0,8846608,0
2021-05-15,210333,0,9056941,0
2021-05-16,159262,0,9216203,0
2021-05-17,219179,0,9435382,0
2021-05-18,212999,0,9648381,0
2021-05-19,207067,0,9855448,0
2021-05-20,270834,0,10126282,0
2021-05-21,270862,0,10397144,0
2021-05-22,245515,0,10642659,0
2021-05-23,197175,0,10839834,0
2021-05-24,228287,0,11068121,0
2021-05-25,245682,0,11313803,0
2021-05-26,277475,0,11591278,0
2021-05-27,311079,0,11902357,0
2021-05-28,299558,0,12201915,0
2021-05-29,231192,0,12433107,0
2021-05-30,170823,0,12603930,0
2021-05-31,216406,0,12820336,0
2021-06-01,207629,0,13027965,0
2021-06-02,115768,0,13143733,0
2021-06-03,180101,0,13323834,0
2021-06-04,184848,0,13508682,0
2021-06-05,185925,0,13694607,0
2021-06-06,139508,0,13834115,0
2021-06-07,161837,0,13995952,0
2021-06-08,171158,0,14167110,0
2021-06-09,171427,0,14338537,0
2021-06-10,174039,0,14512576,0
2021-06-11,169932,0,14682508,0
2021-06-12,128301,0,14810809,0
2021-06-13,91134,0,14901943,0
2021-06-14,214637,0,15116580,0
2021-06-15,228382,0,15344962,0
2021-06-16,253033,0,15597995,0
2021-06-17,301695,0,15899690,0
2021-06-18,306255,0,16205945,0
2021-06-19,275048,0,16480993,0
2021-06-20,220729,0,16701722,0
2021-06-21,288034,0,16989756,0
2021-06-22,296176,0,17285932,0
2021-06-23,302662,0,17588594,0
2021-06-24,332551,0,17921145,0
2021-06-25,348689,0,18269834,0
2021-06-26,300081,0,18569915,0
2021-06-27,228611,0,18798526,0
2021-06-28,307036,0,19105562,0
2021-06-29,329238,0,19434800,0
2021-06-30,342107,0,19776907,0
2021-07-01,363154,0,20140061,0
2021-07-02,368429,0,20508490,0
2021-07-03,371064,0,20879554,0
2021-07-04,283190,0,21162744,0
2021-07-05,384498,0,21547242,0
2021-07-06,385428,0,21932670,0
2021-07-07,412063,0,22344733,0
2021-07-08,479624,0,22824357,0
2021-07-09,498481,0,23322838,0
2021-07-10,475179,0,23798017,0
2021-07-11,357707,0,24155724,0
2021-07-12,485908,0,24641632,0
2021-07-13,492142,0,25133774,0
2021-07-14,480478,0,25614252,0
2021-07-15,523490,0,26137742,0
2021-07-16,509788,0,26647530,0
2021-07-17,464368,0,27111898,0
2021-07-18,364702,0,27476600,0
2021-07-19,463071,0,27939671,0
2021-07-20,458088,0,28397759,0
2021-07-21,462819,0,28860578,0
2021-07-22,475399,0,29335977,0
2021-07-23,441310,0,29777287,0
2021-07-24,386194,0,30163481,0
2021-07-25,287597,0,30451078,0
2021-07-26,430893,0,30881971,0
2021-07-27,440130,0,31322101,0
2021-07-28,391016,0,31713117,0
2021-07-29,372082,0,32085199,0
2021-07-30,341513,0,32426712,0
2021-07-31,287016,0,32713728,0
2021-08-01,191023,0,32904751,0
2021-08-02,333727,0,33238478,0
2021-08-03,323183,0,33561661,0
2021-08-04,310975,0,33872636,0
2021-08-05,292511,0,34165147,0
2021-08-06,260007,0,34425154,0
2021-08-07,199049,0,34624203,0
2021-08-08,153107,0,34777310,0
2021-08-09,234078,0,35011388,0
2021-08-10,205249,0,35216637,0
2021-08-11,193757,0,35410394,0
2021-08-12,167975,0,35578369,0
2021-08-13,148599,0,35726968,0
2021-08-14,66087,0,35793055,0
2021-08-15,26334,0,35819389,0
2021-08-16,114674,0,35934063,0
2021-08-17,129238,0,36063301,0
2021-08-18,128735,0,36192036,0
2021-08-19,124787,0,36316823,0
2021-08-20,123791,0,36440614,0
2021-08-21,83116,0,36523730,0
2021-08-22,68163,0,36591893,0
2021-08-23,176869,0,36768762,0
2021-08-24,156906,0,36925668,0
2021-08-25,177169,0,37102837,0
2021-08-26,172352,0,37275189,0
2021-08-27,185840,0,37461029,0
2021-08-28,140268,0,37601297,0
2021-08-29,99001,0,37700298,0
2021-08-30,209634,0,37909932,0
2021-08-31,194629,0,38104561,0
2021-09-01,192214,0,38296775,0
2021-09-02,189940,0,38486715,0
2021-09-03,191338,0,38678053,0
2021-09-04,131481,0,38809534,0
2021-09-05,87868,0,38897402,0
2021-09-06,193661,0,39091063,0
2021-09-07,196064,0,39287127,0
2021-09-08,187908,0,39475035,0
2021-09-09,201475,0,39676510,0
2021-09-10,198109,0,39874619,0
2021-09-11,141329,0,40015948,0
2021-09-12,89602,0,40105550,0
2021-09-13,191164,550,40296714,550
2021-09-14,177264,573,40473978,1123
2021-09-15,163128,573,40637106,1696
2021-09-16,160101,917,40797207,2613
2021-09-17,150174,1111,40947381,3724
2021-09-18,127982,731,41075363,4455
2021-09-19,81129,491,41156492,4946
2021-09-20,180077,9070,41336569,14016
2021-09-21,166633,8828,41503202,22844
2021-09-22,159081,9429,41662283,32273
2021-09-23,138083,9319,41800366,41592
2021-09-24,140543,8948,41940909,50540
2021-09-25,119551,5633,42060460,56173
2021-09-26,71954,4338,42132414,60511
2021-09-27,135637,10042,42268051,70553
2021-09-28,117491,11381,42385542,81934
2021-09-29,112333,11824,42497875,93758
2021-09-30,110226,14944,42608101,108702
2021-10-01,94974,19104,42703075,127806
2021-10-02,78483,14011,42781558,141817
2021-10-03,47735,7656,42829293,149473
2021-10-04,88376,34442,42917669,183915
2021-10-05,80367,33968,42998036,217883
2021-10-06,71981,34156,43070017,252039
2021-10-07,71853,34342,43141870,286381
2021-10-08,80626,33588,43222496,319969
2021-10-09,76103,22168,43298599,342137
2021-10-10,45774,13614,43344373,355751
2021-10-11,87412,41101,43431785,396852
2021-10-12,84492,46894,43516277,443746
2021-10-13,88189,52110,43604466,495856
2021-10-14,91527,58503,43695993,554359
2021-10-15,93589,55623,43789582,609982
2021-10-16,82962,36779,43872544,646761
2021-10-17,51461,23824,43924005,670585
2021-10-18,90292,59481,44014297,730066
2021-10-19,78347,69369,44092644,799435
2021-10-20,75076,78161,44167720,877596
2021-10-21,78301,81749,44246021,959345
2021-10-22,73793,77017,44319814,1036362
2021-10-23,60815,51951,44380629,1088313
2021-10-24,33377,23452,44414006,1111765
2021-10-25,64906,81621,44478912,1193386
2021-10-26,58376,91774,44537288,1285160
2021-10-27,58332,103965,44595620,1389125
2021-10-28,61469,114097,44657089,1503222
2021-10-29,61662,103109,44718751,1606331
2021-10-30,50671,68113,44769422,1674444
2021-10-31,25164,28288,44794586,1702732
2021-11-01,19046,28148,44813632,1730880
2021-11-02,62768,89370,44876400,1820250
2021-11-03,60739,118656,44937139,1938906
2021-11-04,59245,126659,44996384,2065565
2021-11-05,63094,135168,45059478,2200733
2021-11-06,46474,90922,45105952,2291655
2021-11-07,22254,37893,45128206,2329548
2021-11-08,51529,131259,45179735,2460807
2021-11-09,45402,144195,45225137,2605002
2021-11-10,42580,156345,45267717,2761347
2021-11-11,44935,155136,45312652,2916483
2021-11-12,46374,158571,45359026,3075054
2021-11-13,33251,116647,45392277,3191701
2021-11-14,14480,52446,45406757,3244147
2021-11-15,36895,157422,45443652,3401569
2021-11-16,30545,171375,45474197,3572944
2021-11-17,28449,178435,45502646,3751379
2021-11-18,30282,193711,45532928,3945090
2021-11-19,28801,205849,45561729,4150939
2021-11-20,20991,156434,45582720,4307373
2021-11-21,10610,64855,45593330,4372228
2021-11-22,21935,213139,45615265,4585367
2021-11-23,23563,241741,45638828,4827108
2021-11-24,27837,270942,45666665,5098050
2021-11-25,23232,301897,45689897,5399947
2021-11-26,24579,318262,45714476,5718209
2021-11-27,21377,266151,45735853,5984360
2021-11-28,9896,137054,45745749,6121414
2021-11-29,22319,326061,45768068,6447475
2021-11-30,23079,365820,45791147,6813295
2021-12-01,21513,413500,45812660,7226795
2021-12-02,23754,440378,45836414,7667173
2021-12-03,25236,467451,45861650,8134624
2021-12-04,22353,418727,45884003,8553351
2021-12-05,11910,261329,45895913,8814680
2021-12-06,25807,457563,45921720,9272243
2021-12-07,24116,480248,45945836,9752491
2021-12-08,10000,249678,45955836,10002169
2021-12-09,31568,491916,45987404,10494085
2021-12-10,28057,517866,46015461,11011951
2021-12-11,23548,459241,46039009,11471192
2021-12-12,12300,293496,46051309,11764688
2021-12-13,26134,467619,46077443,12232307
2021-12-14,25159,494187,46102602,12726494
2021-12-15,25309,517129,46127911,13243623
2021-12-16,27867,520239,46155778,13763862
2021-12-17,29349,517161,46185127,14281023
2021-12-18,27029,468712,46212156,14749735
2021-12-19,15130,300513,46227286,15050248
2021-12-20,30613,477471,46257899,15527719
2021-12-21,30350,493380,46288249,16021099
2021-12-22,29431,484698,46317680,16505797
2021-12-23,28225,426895,46345905,16932692
2021-12-24,13109,210820,46359014,17143512
2021-12-25,2101,33052,46361115,17176564
2021-12-26,8752,159065,46369867,17335629
2021-12-27,46758,504651,46416625,17840280
2021-12-28,42425,554204,46459050,18394484
2021-12-29,34316,550628,46493366,18945112
2021-12-30,31801,499819,46525167,19444931
2021-12-31,14105,247394,46539272,19692325
2022-01-01,3493,64813,46542765,19757138
2022-01-02,22740,276717,46565505,20033855
2022-01-03,47800,520006,46613305,20553861
2022-01-04,46300,572073,46659605,21125934
2022-01-05,40686,560381,46700291,21686315
2022-01-06,23449,274481,46723740,21960796
2022-01-07,63629,554178,46787369,22514974
2022-01-08,60782,503377,46848151,23018351
2022-01-09,42774,319686,46890925,23338037
2022-01-10,61002,542277,46951927,23880314
2022-01-11,61643,586981,47013570,24467295
2022-01-12,58371,581272,47071941,25048567
2022-01-13,58536,580374,47130477,25628941
2022-01-14,46710,588562,47177187,26217503
2022-01-15,39288,569936,47216475,26787439
2022-01-16,31128,341849,47247603,27129288
2022-01-17,54718,489645,47302321,27618933
2022-01-18,58326,517010,47360647,28135943
2022-01-19,57138,502783,47417785,28638726
2022-01-20,54284,498809,47472069,29137535
2022-01-21,42012,493867,47514081,29631402
2022-01-22,31098,469592,47545179,30100994
2022-01-23,34890,275365,47580069,30376359
2022-01-24,56130,437209,47636199,30813568
2022-01-25,61507,452086,47697706,31265654
2022-01-26,58495,435817,47756201,31701471
2022-01-27,48793,432353,47804994,32133824
2022-01-28,58644,436529,47863638,32570353
2022-01-29,68059,412479,47931697,32982832
2022-01-30,50342,235966,47982039,33218798
2022-01-31,60582,356920,48042621,33575718
2022-02-01,65500,328431,48108121,33904149
2022-02-02,63145,296966,48171266,34201115
2022-02-03,60015,274513,48231281,34475628
2022-02-04,72334,268448,48303615,34744076
2022-02-05,83719,248526,48387334,34992602
2022-02-06,55265,116194,48442599,35108796
2022-02-07,65111,199930,48507710,35308726
2022-02-08,66904,186102,48574614,35494828
2022-02-09,58732,166329,48633346,35661157
2022-02-10,58528,163231,48691874,35824388
2022-02-11,62217,162453,48754091,35986841
2022-02-12,71947,152136,48826038,36138977
2022-02-13,41462,68849,48867500,36207826
2022-02-14,46659,116183,48914159,36324009
2022-02-15,48507,123476,48962666,36447485
2022-02-16,45662,106111,49008328,36553596
2022-02-17,42851,98101,49051179,36651697
2022-02-18,46597,112567,49097776,36764264
2022-02-19,52516,100327,49150292,36864591
2022-02-20,31409,40360,49181701,36904951
2022-02-21,37885,89643,49219586,36994594
2022-02-22,37209,83769,49256795,37078363
2022-02-23,33373,79404,49290168,37157767
2022-02-24,32546,78160,49322714,37235927
2022-02-25,34745,90705,49357459,37326632
2022-02-26,39144,89132,49396603,37415764
2022-02-27,22540,35855,49419143,37451619
2022-02-28,28465,81691,49447608,37533310
2022-03-01,22701,53936,49470309,37587246
2022-03-02,21987,50627,49492296,37637873
2022-03-03,22600,54940,49514896,37692813
2022-03-04,23211,62791,49538107,37755604
2022-03-05,23783,57951,49561890,37813555
2022-03-06,9471,17200,49571361,37830755
2022-03-07,15898,51389,49587259,37882144
2022-03-08,15452,48795,49602711,37930939
2022-03-09,13802,46514,49616513,37977453
2022-03-10,14030,52115,49630543,38029568
2022-03-11,15567,57251,49646110,38086819
2022-03-12,15491,56614,49661601,38143433
2022-03-13,5542,16849,49667143,38160282
2022-03-14,10517,46691,49677660,38206973
2022-03-15,10533,46892,49688193,38253865
2022-03-16,9472,41978,49697665,38295843
2022-03-17,9699,44874,49707364,38340717
2022-03-18,10150,49051,49717514,38389768
2022-03-19,9144,46531,49726658,38436299
2022-03-20,2607,11699,49729265,38447998
2022-03-21,7573,40223,49736838,38488221
2022-03-22,8440,37748,49745278,38525969
2022-03-23,7204,33695,49752482,38559664
2022-03-24,8247,38795,49760729,38598459
2022-03-25,8128,43665,49768857,38642124
2022-03-26,8120,41723,49776977,38683847
2022-03-27,2428,9682,49779405,38693529
2022-03-28,6100,35230,49785505,38728759
2022-03-29,5773,32523,49791278,38761282
2022-03-30,5556,30193,49796834,38791475
2022-03-31,5884,33173,49802718,38824648
2022-04-01,4340,25187,49807058,38849835
2022-04-02,4489,23272,49811547,38873107
2022-04-03,1048,4499,49812595,38877606
2022-04-04,3653,21530,49816248,38899136
2022-04-05,3747,22923,49819995,38922059
2022-04-06,4098,21845,49824093,38943904
2022-04-07,3956,23317,49828049,38967221
2022-04-08,4683,26709,49832732,38993930
2022-04-09,4375,23885,49837107,39017815
2022-04-10,893,4614,49838000,39022429
2022-04-11,3802,22683,49841802,39045112
2022-04-12,3356,21777,49845158,39066889
2022-04-13,3560,21333,49848718,39088222
2022-04-14,3484,23777,49852202,39111999
2022-04-15,3078,20615,49855280,39132614
2022-04-16,2149,11921,49857429,39144535
2022-04-17,63,348,49857492,39144883
2022-04-18,149,650,49857641,39145533
2022-04-19,3489,21978,49861130,39167511
2022-04-20,3500,20249,49864630,39187760
2022-04-21,2839,19781,49867469,39207541
2022-04-22,2917,20696,49870386,39228237
2022-04-23,2637,16209,49873023,39244446
2022-04-24,509,2335,49873532,39246781
2022-04-25,183,1165,49873715,39247946
2022-04-26,2759,17791,49876474,39265737
2022-04-27,2364,15783,49878838,39281520
2022-04-28,2349,15534,49881187,39297054
2022-04-29,2291,14836,49883478,39311890
2022-04-30,2121,11576,49885599,39323466
2022-05-01,113,530,49885712,39323996
2022-05-02,1443,9382,49887155,39333378
2022-05-03,1572,10309,49888727,39343687
2022-05-04,1743,10255,49890470,39353942
2022-05-05,1647,10272,49892117,39364214
2022-05-06,1694,10944,49893811,39375158
2022-05-07,1431,8563,49895242,39383721
2022-05-08,404,1514,49895646,39385235
2022-05-09,1024,8917,49896670,39394152
2022-05-10,1418,9536,49898088,39403688
2022-05-11,1479,10087,49899567,39413775
2022-05-12,1368,10119,49900935,39423894
2022-05-13,1587,10509,49902522,39434403
2022-05-14,1357,8226,49903879,39442629
2022-05-15,336,1129,49904215,39443758
2022-05-16,812,8388,49905027,39452146
2022-05-17,1241,8670,49906268,39460816
2022-05-18,1368,9216,49907636,39470032
2022-05-19,1498,9267,49909134,39479299
2022-05-20,1419,9492,49910553,39488791
2022-05-21,1299,7892,49911852,39496683
2022-05-22,231,1012,49912083,39497695
2022-05-23,826,8261,49912909,39505956
2022-05-24,1070,8665,49913979,39514621
2022-05-25,1364,9444,49915343,39524065
2022-05-26,1194,9453,49916537,39533518
2022-05-27,1225,9910,49917762,39543428
2022-05-28,1202,7873,49918964,39551301
2022-05-29,285,1264,49919249,39552565
2022-05-30,930,8026,49920179,39560591
2022-05-31,1033,8531,49921212,39569122
2022-06-01,892,7644,49922104,39576766
2022-06-02,35,474,49922139,39577240
2022-06-03,813,7327,49922952,39584567
2022-06-04,870,5155,49923822,39589722
2022-06-05,89,586,49923911,39590308
2022-06-06,672,6964,49924583,39597272
2022-06-07,930,7841,49925513,39605113
2022-06-08,982,7897,49926495,39613010
2022-06-09,1034,8400,49927529,39621410
2022-06-10,955,8540,49928484,39629950
2022-06-11,900,6207,49929384,39636157
2022-06-12,140,767,49929524,39636924
2022-06-13,603,6295,49930127,39643219
2022-06-14,825,7881,49930952,39651100
2022-06-15,950,7845,49931902,39658945
2022-06-16,728,7383,49932630,39666328
2022-06-17,719,7238,49933349,39673566
2022-06-18,776,5589,49934125,39679155
2022-06-19,47,522,49934172,39679677
2022-06-20,587,6694,49934759,39686371
2022-06-21,732,7643,49935491,39694014
2022-06-22,780,7303,49936271,39701317
2022-06-23,649,7455,49936920,39708772
2022-06-24,643,7472,49937563,39716244
2022-06-25,835,6531,49938398,39722775
2022-06-26,128,523,49938526,39723298
2022-06-27,532,7119,49939058,39730417
2022-06-28,744,8208,49939802,39738625
2022-06-29,755,7718,49940557,39746343
2022-06-30,744,8131,49941301,39754474
2022-07-01,577,6436,49941878,39760910
2022-07-02,536,4765,49942414,39765675
2022-07-03,49,456,49942463,39766131
2022-07-04,470,6269,49942933,39772400
2022-07-05,622,8107,49943555,39780507
2022-07-06,626,7594,49944181,39788101
2022-07-07,565,8251,49944746,39796352
2022-07-08,670,8076,49945416,39804428
2022-07-09,549,6103,49945965,39810531
2022-07-10,58,533,49946023,39811064
2022-07-11,484,7629,49946507,39818693
2022-07-12,661,9000,49947168,39827693
2022-07-13,635,10058,49947803,39837751
2022-07-14,627,10219,49948430,39847970
2022-07-15,620,10659,49949050,39858629
2022-07-16,522,7207,49949572,39865836
2022-07-17,48,769,49949620,39866605
2022-07-18,498,9345,49950118,39875950
2022-07-19,573,10644,49950691,39886594
2022-07-20,576,11251,49951267,39897845
2022-07-21,623,12027,49951890,39909872
2022-07-22,579,11215,49952469,39921087
2022-07-23,377,6733,49952846,39927820
2022-07-24,76,834,49952922,39928654
2022-07-25,497,9026,49953419,39937680
2022-07-26,517,9718,49953936,39947398
2022-07-27,542,10145,49954478,39957543
2022-07-28,524,10462,49955002,39968005
2022-07-29,510,9406,49955512,39977411
2022-07-30,381,5849,49955893,39983260
2022-07-31,49,745,49955942,39984005
2022-08-01,385,6817,49956327,39990822
2022-08-02,536,7505,49956863,39998327
2022-08-03,497,7112,49957360,40005439
2022-08-04,448,7403,49957808,40012842
2022-08-05,413,6453,49958221,40019295
2022-08-06,297,3578,49958518,40022873
2022-08-07,44,549,49958562,40023422
2022-08-08,391,4856,49958953,40028278
2022-08-09,383,5260,49959336,40033538
2022-08-10,371,4761,49959707,40038299
2022-08-11,360,4742,49960067,40043041
2022-08-12,286,3682,49960353,40046723
2022-08-13,140,1595,49960493,40048318
2022-08-14,9,128,49960502,40048446
2022-08-15,1,24,49960503,40048470
2022-08-16,281,3016,49960784,40051486
2022-08-17,348,3492,49961132,40054978
2022-08-18,379,4119,49961511,40059097
2022-08-19,331,3297,49961842,40062394
2022-08-20,180,1698,49962022,40064092
2022-08-21,24,145,49962046,40064237
2022-08-22,326,2919,49962372,40067156
2022-08-23,368,3615,49962740,40070771
2022-08-24,375,3258,49963115,40074029
2022-08-25,407,3575,49963522,40077604
2022-08-26,349,3352,49963871,40080956
2022-08-27,194,1435,49964065,40082391