data_somministrazione,vaccinazioni,booster,cum_vaccinazioni,cum_booster
2020-12-27,20,0,20,0
2020-12-28,2,0,22,0
2020-12-29,1,0,23,0
2020-12-30,8,0,31,0
2020-12-31,71,0,102,0
2021-01-01,23,0,125,0
2021-01-02,121,0,246,0
2021-01-03,86,0,332,0
2021-01-04,211,0,543,0
2021-01-05,248,0,791,0
2021-01-06,214,0,1005,0
2021-01-07,302,0,1307,0
2021-01-08,346,0,1653,0
2021-01-09,258,0,1911,0
2021-01-10,155,0,2066,0
2021-01-11,279,0,2345,0
2021-01-12,270,0,2615,0
2021-01-13,396,0,3011,0
2021-01-14,482,0,3493,0
2021-01-15,300,0,3793,0
2021-01-16,212,0,4005,0
2021-01-17,3060,0,7065,0
2021-01-18,5210,0,12275,0
2021-01-19,1893,0,14168,0
2021-01-20,4655,0,18823,0
2021-01-21,19998,0,38821,0
2021-01-22,14206,0,53027,0
2021-01-23,33322,0,86349,0
2021-01-24,30783,0,117132,0
2021-01-25,64725,0,181857,0
2021-01-26,76496,0,258353,0
2021-01-27,64830,0,323183,0
2021-01-28,89279,0,412462,0
2021-01-29,94013,0,506475,0
2021-01-30,86560,0,593035,0
2021-01-31,57331,0,650366,0
2021-02-01,81858,0,732224,0
2021-02-02,82143,0,814367,0
2021-02-03,91194,0,905561,0
2021-02-04,95398,0,1000959,0
2021-02-05,90275,0,1091234,0
2021-02-06,63445,0,1154679,0
2021-02-07,32928,0,1187607,0
2021-02-08,40428,0,1228035,0
2021-02-09,32866,0,1260901,0
2021-02-10,28422,0,1289323,0
2021-02-11,20398,0,1309721,0
2021-02-12,16234,0,1325955,0
2021-02-13,7266,0,1333221,0
2021-02-14,2861,0,1336082,0
2021-02-15,6840,0,1342922,0
2021-02-16,6998,0,1349920,0
2021-02-17,10521,0,1360441,0
2021-02-18,9252,0,1369693,0
2021-02-19,8246,0,1377939,0
2021-02-20,5555,0,1383494,0
2021-02-21,2996,0,1386490,0
2021-02-22,6885,0,1393375,0
2021-02-23,7168,0,1400543,0
2021-02-24,9831,0,1410374,0
2021-02-25,14211,0,1424585,0
2021-02-26,17555,0,1442140,0
2021-02-27,13909,0,1456049,0
2021-02-28,9387,0,1465436,0
2021-03-01,26515,0,1491951,0
2021-03-02,33238,0,1525189,0
2021-03-03,44644,0,1569833,0
2021-03-04,50288,0,1620121,0
2021-03-05,55734,0,1675855,0
2021-03-06,41869,0,1717724,0
2021-03-07,22323,0,1740047,0
2021-03-08,50822,0,1790869,0
2021-03-09,53070,0,1843939,0
2021-03-10,58647,0,1902586,0
2021-03-11,63859,0,1966445,0
2021-03-12,65108,0,2031553,0
2021-03-13,51717,0,2083270,0
2021-03-14,35395,0,2118665,0
2021-03-15,73440,0,2192105,0
2021-03-16,74028,0,2266133,0
2021-03-17,83133,0,2349266,0
2021-03-18,81620,0,2430886,0
2021-03-19,81081,0,2511967,0
2021-03-20,64719,0,2576686,0
2021-03-21,47296,0,2623982,0
2021-03-22,69476,0,2693458,0
2021-03-23,75794,0,2769252,0
2021-03-24,90908,0,2860160,0
2021-03-25,89798,0,2949958,0
2021-03-26,83617,0,3033575,0
2021-03-27,71936,0,3105511,0
2021-03-28,44140,0,3149651,0
2021-03-29,70824,0,3220475,0
2021-03-30,81382,0,3301857,0
2021-03-31,96233,0,3398090,0
2021-04-01,95307,0,3493397,0
2021-04-02,84070,0,3577467,0
2021-04-03,64302,0,3641769,0
2021-04-04,21718,0,3663487,0
2021-04-05,40311,0,3703798,0
2021-04-06,81310,0,3785108,0
2021-04-07,95830,0,3880938,0
2021-04-08,95234,0,3976172,0
2021-04-09,88485,0,4064657,0
2021-04-10,74031,0,4138688,0
2021-04-11,44762,0,4183450,0
2021-04-12,66917,0,4250367,0
2021-04-13,72572,0,4322939,0
2021-04-14,85539,0,4408478,0
2021-04-15,105418,0,4513896,0
2021-04-16,106419,0,4620315,0
2021-04-17,90514,0,4710829,0
2021-04-18,58587,0,4769416,0
2021-04-19,93431,0,4862847,0
2021-04-20,103769,0,4966616,0
2021-04-21,125339,0,5091955,0
2021-04-22,143515,0,5235470,0
2021-04-23,138737,0,5374207,0
2021-04-24,124443,0,5498650,0
2021-04-25,61454,0,5560104,0
2021-04-26,97892,0,5657996,0
2021-04-27,128361,0,5786357,0
2021-04-28,156366,0,5942723,0
2021-04-29,195593,0,6138316,0
2021-04-30,214577,0,6352893,0
2021-05-01,174115,0,6527008,0
2021-05-02,135802,0,6662810,0
2021-05-03,142031,0,6804841,0
2021-05-04,158694,0,6963535,0
2021-05-05,170498,0,7134033,0
2021-05-06,197806,0,7331839,0
2021-05-07,213842,0,7545681,0
2021-05-08,213408,0,7759089,0
2021-05-09,143199,0,7902288,0
2021-05-10,165087,0,8067375,0
2021-05-11,174986,0,8242361,0
2021-05-12,179176,0,8421537,0
2021-05-13,203377,0,8624914,0
2021-05-14,222910,0,8847824,0
2021-05-15,210355,0,9058179,0
2021-05-16,159271,0,9217450,0
2021-05-17,219191,0,9436641,0
2021-05-18,213017,0,9649658,0
2021-05-19,207082,0,9856740,0
2021-05-20,270860,0,10127600,0
2021-05-21,270883,0,10398483,0
2021-05-22,245523,0,10644006,0
2021-05-23,197181,0,10841187,0
2021-05-24,228302,0,11069489,0
2021-05-25,245696,0,11315185,0
2021-05-26,277486,0,11592671,0
2021-05-27,311083,0,11903754,0
2021-05-28,299572,0,12203326,0
2021-05-29,231216,0,12434542,0
2021-05-30,170838,0,12605380,0
2021-05-31,216422,0,12821802,0
2021-06-01,207631,0,13029433,0
2021-06-02,115788,0,13145221,0
2021-06-03,180140,0,13325361,0
2021-06-04,184872,0,13510233,0
2021-06-05,185951,0,13696184,0
2021-06-06,139539,0,13835723,0
2021-06-07,161864,0,13997587,0
2021-06-08,171206,0,14168793,0
2021-06-09,171465,0,14340258,0
2021-06-10,174088,0,14514346,0
2021-06-11,169966,0,14684312,0
2021-06-12,128317,0,14812629,0
2021-06-13,91176,0,14903805,0
2021-06-14,214670,0,15118475,0
2021-06-15,228408,0,15346883,0
2021-06-16,253070,0,15599953,0
2021-06-17,301729,0,15901682,0
2021-06-18,306295,0,16207977,0
2021-06-19,275080,0,16483057,0
2021-06-20,220777,0,16703834,0
2021-06-21,288074,0,16991908,0
2021-06-22,296215,0,17288123,0
2021-06-23,302689,0,17590812,0
2021-06-24,332591,0,17923403,0
2021-06-25,348713,0,18272116,0
2021-06-26,300112,0,18572228,0
2021-06-27,228659,0,18800887,0
2021-06-28,307087,0,19107974,0
2021-06-29,329280,0,19437254,0
2021-06-30,342154,0,19779408,0
2021-07-01,363203,0,20142611,0
2021-07-02,368467,0,20511078,0
2021-07-03,371087,0,20882165,0
2021-07-04,283211,0,21165376,0
2021-07-05,384543,0,21549919,0
2021-07-06,385464,0,21935383,0
2021-07-07,412119,0,22347502,0
2021-07-08,479614,0,22827116,0
2021-07-09,498489,0,23325605,0
2021-07-10,475191,0,23800796,0
2021-07-11,357703,0,24158499,0
2021-07-12,485899,0,24644398,0
2021-07-13,492131,0,25136529,0
2021-07-14,480473,0,25617002,0
2021-07-15,523466,0,26140468,0
2021-07-16,509773,0,26650241,0
2021-07-17,464355,0,27114596,0
2021-07-18,364668,0,27479264,0
2021-07-19,463070,0,27942334,0
2021-07-20,458075,0,28400409,0
2021-07-21,462801,0,28863210,0
2021-07-22,475399,0,29338609,0
2021-07-23,441317,0,29779926,0
2021-07-24,386172,0,30166098,0
2021-07-25,287568,0,30453666,0
2021-07-26,430878,0,30884544,0
2021-07-27,440127,0,31324671,0
2021-07-28,391009,0,31715680,0
2021-07-29,372081,0,32087761,0
2021-07-30,341503,0,32429264,0
2021-07-31,287027,0,32716291,0
2021-08-01,191005,0,32907296,0
2021-08-02,333718,0,33241014,0
2021-08-03,323190,0,33564204,0
2021-08-04,310977,0,33875181,0
2021-08-05,292513,0,34167694,0
2021-08-06,260006,0,34427700,0
2021-08-07,199045,0,34626745,0
2021-08-08,153112,0,34779857,0
2021-08-09,234072,0,35013929,0
2021-08-10,205252,0,35219181,0
2021-08-11,193768,0,35412949,0
2021-08-12,168020,0,35580969,0
2021-08-13,148621,0,35729590,0
2021-08-14,66093,0,35795683,0
2021-08-15,26336,0,35822019,0
2021-08-16,114694,0,35936713,0
2021-08-17,129245,0,36065958,0
2021-08-18,128748,0,36194706,0
2021-08-19,124809,0,36319515,0
2021-08-20,123796,0,36443311,0
2021-08-21,83126,0,36526437,0
2021-08-22,68172,0,36594609,0
2021-08-23,176871,0,36771480,0
2021-08-24,156900,0,36928380,0
2021-08-25,177171,0,37105551,0
2021-08-26,172359,0,37277910,0
2021-08-27,185839,0,37463749,0
2021-08-28,140276,0,37604025,0
2021-08-29,98989,0,37703014,0
2021-08-30,209614,0,37912628,0
2021-08-31,194638,0,38107266,0
2021-09-01,192208,0,38299474,0
2021-09-02,189936,0,38489410,0
2021-09-03,191320,0,38680730,0
2021-09-04,131473,0,38812203,0
2021-09-05,87860,0,38900063,0
2021-09-06,193636,0,39093699,0
2021-09-07,196046,0,39289745,0
2021-09-08,187890,0,39477635,0
2021-09-09,201455,0,39679090,0
2021-09-10,198085,0,39877175,0
2021-09-11,141311,0,40018486,0
2021-09-12,89602,0,40108088,0
2021-09-13,191143,585,40299231,585
2021-09-14,177241,603,40476472,1188
2021-09-15,163102,610,40639574,1798
2021-09-16,160085,946,40799659,2744
2021-09-17,150173,1132,40949832,3876
2021-09-18,127980,748,41077812,4624
2021-09-19,81135,498,41158947,5122
2021-09-20,180077,9094,41339024,14216
2021-09-21,166647,8842,41505671,23058
2021-09-22,159086,9447,41664757,32505
2021-09-23,138080,9337,41802837,41842
2021-09-24,140539,8975,41943376,50817
2021-09-25,119554,5649,42062930,56466
2021-09-26,71969,4346,42134899,60812
2021-09-27,135656,10057,42270555,70869
2021-09-28,117505,11400,42388060,82269
2021-09-29,112354,11833,42500414,94102
2021-09-30,110247,14960,42610661,109062
2021-10-01,94983,19119,42705644,128181
2021-10-02,78499,14029,42784143,142210
2021-10-03,47744,7663,42831887,149873
2021-10-04,88377,34464,42920264,184337
2021-10-05,80369,33990,43000633,218327
2021-10-06,71996,34183,43072629,252510
2021-10-07,71857,34361,43144486,286871
2021-10-08,80633,33597,43225119,320468
2021-10-09,76102,22181,43301221,342649
2021-10-10,45776,13620,43346997,356269
2021-10-11,87432,41113,43434429,397382
2021-10-12,84495,46915,43518924,444297
2021-10-13,88196,52129,43607120,496426
2021-10-14,91543,58525,43698663,554951
2021-10-15,93602,55641,43792265,610592
2021-10-16,82969,36795,43875234,647387
2021-10-17,51464,23837,43926698,671224
2021-10-18,90304,59496,44017002,730720
2021-10-19,78347,69386,44095349,800106
2021-10-20,75071,78183,44170420,878289
2021-10-21,78297,81774,44248717,960063
2021-10-22,73784,77045,44322501,1037108
2021-10-23,60823,51964,44383324,1089072
2021-10-24,33374,23466,44416698,1112538
2021-10-25,64905,81637,44481603,1194175
2021-10-26,58370,91812,44539973,1285987
2021-10-27,58328,103995,44598301,1389982
2021-10-28,61463,114122,44659764,1504104
2021-10-29,61643,103146,44721407,1607250
2021-10-30,50674,68124,44772081,1675374
2021-10-31,25162,28299,44797243,1703673
2021-11-01,19046,28152,44816289,1731825
2021-11-02,62751,89396,44879040,1821221
2021-11-03,60730,118674,44939770,1939895
2021-11-04,59243,126679,44999013,2066574
2021-11-05,63093,135196,45062106,2201770
2021-11-06,46481,90935,45108587,2292705
2021-11-07,22253,37897,45130840,2330602
2021-11-08,51528,131278,45182368,2461880
2021-11-09,45400,144214,45227768,2606094
2021-11-10,42588,156357,45270356,2762451
2021-11-11,44936,155140,45315292,2917591
2021-11-12,46375,158587,45361667,3076178
2021-11-13,33258,116658,45394925,3192836
2021-11-14,14488,52451,45409413,3245287
2021-11-15,36896,157436,45446309,3402723
2021-11-16,30557,171386,45476866,3574109
2021-11-17,28462,178449,45505328,3752558
2021-11-18,30285,193733,45535613,3946291
2021-11-19,28810,205862,45564423,4152153
2021-11-20,20996,156453,45585419,4308606
2021-11-21,10612,64860,45596031,4373466
2021-11-22,21943,213152,45617974,4586618
2021-11-23,23580,241759,45641554,4828377
2021-11-24,27844,270965,45669398,5099342
2021-11-25,23237,301916,45692635,5401258
2021-11-26,24586,318280,45717221,5719538
2021-11-27,21386,266158,45738607,5985696
2021-11-28,9903,137058,45748510,6122754
2021-11-29,22337,326075,45770847,6448829
2021-11-30,23097,365830,45793944,6814659
2021-12-01,21528,413522,45815472,7228181
2021-12-02,23769,440415,45839241,7668596
2021-12-03,25262,467483,45864503,8136079
2021-12-04,22373,418755,45886876,8554834
2021-12-05,11932,261349,45898808,8816183
2021-12-06,25819,457594,45924627,9273777
2021-12-07,24140,480272,45948767,9754049
2021-12-08,10006,249696,45958773,10003745
2021-12-09,31588,491944,45990361,10495689
2021-12-10,28077,517898,46018438,11013587
2021-12-11,23569,459261,46042007,11472848
2021-12-12,12308,293515,46054315,11766363
2021-12-13,26160,467639,46080475,12234002
2021-12-14,25174,494216,46105649,12728218
2021-12-15,25344,517160,46130993,13245378
2021-12-16,27889,520271,46158882,13765649
2021-12-17,29369,517188,46188251,14282837
2021-12-18,27070,468740,46215321,14751577
2021-12-19,15150,300536,46230471,15052113
2021-12-20,30637,477497,46261108,15529610
2021-12-21,30382,493399,46291490,16023009
2021-12-22,29455,484721,46320945,16507730
2021-12-23,28260,426916,46349205,16934646
2021-12-24,13114,210837,46362319,17145483
2021-12-25,2102,33053,46364421,17178536
2021-12-26,8764,159071,46373185,17337607
2021-12-27,46805,504670,46419990,17842277
2021-12-28,42457,554227,46462447,18396504
2021-12-29,34355,550650,46496802,18947154
2021-12-30,31852,499838,46528654,19446992
2021-12-31,14125,247398,46542779,19694390
2022-01-01,3496,64815,46546275,19759205
2022-01-02,22779,276726,46569054,20035931
2022-01-03,47867,520022,46616921,20555953
2022-01-04,46386,572091,46663307,21128044
2022-01-05,40767,560399,46704074,21688443
2022-01-06,23495,274488,46727569,21962931
2022-01-07,63717,554193,46791286,22517124
2022-01-08,60871,503393,46852157,23020517
2022-01-09,42871,319689,46895028,23340206
2022-01-10,61090,542294,46956118,23882500
2022-01-11,61734,586997,47017852,24469497
2022-01-12,58453,581275,47076305,25050772
2022-01-13,58618,580391,47134923,25631163
2022-01-14,46818,588573,47181741,26219736
2022-01-15,39425,569941,47221166,26789677
2022-01-16,31232,341863,47252398,27131540
2022-01-17,54786,489659,47307184,27621199
2022-01-18,58395,517016,47365579,28138215
2022-01-19,57199,502783,47422778,28640998
2022-01-20,54340,498828,47477118,29139826
2022-01-21,42094,493874,47519212,29633700
2022-01-22,31195,469596,47550407,30103296
2022-01-23,34935,275367,47585342,30378663
2022-01-24,56180,437221,47641522,30815884
2022-01-25,61551,452108,47703073,31267992
2022-01-26,58544,435829,47761617,31703821
2022-01-27,48842,432367,47810459,32136188
2022-01-28,58693,436536,47869152,32572724
2022-01-29,68125,412488,47937277,32985212
2022-01-30,50373,235968,47987650,33221180
2022-01-31,60622,356931,48048272,33578111
2022-02-01,65553,328442,48113825,33906553
2022-02-02,63197,296974,48177022,34203527
2022-02-03,60054,274515,48237076,34478042
2022-02-04,72380,268453,48309456,34746495
2022-02-05,83775,248532,48393231,34995027
2022-02-06,55288,116200,48448519,35111227
2022-02-07,65143,199939,48513662,35311166
2022-02-08,66926,186110,48580588,35497276
2022-02-09,58756,166337,48639344,35663613
2022-02-10,58570,163234,48697914,35826847
2022-02-11,62246,162461,48760160,35989308
2022-02-12,71979,152142,48832139,36141450
2022-02-13,41471,68849,48873610,36210299
2022-02-14,46687,116187,48920297,36326486
2022-02-15,48528,123479,48968825,36449965
2022-02-16,45676,106117,49014501,36556082
2022-02-17,42860,98107,49057361,36654189
2022-02-18,46617,112570,49103978,36766759
2022-02-19,52531,100329,49156509,36867088
2022-02-20,31410,40361,49187919,36907449
2022-02-21,37885,89646,49225804,36997095
2022-02-22,37218,83772,49263022,37080867
2022-02-23,33390,79405,49296412,37160272
2022-02-24,32549,78161,49328961,37238433
2022-02-25,34754,90709,49363715,37329142
2022-02-26,39153,89133,49402868,37418275
2022-02-27,22540,35856,49425408,37454131
2022-02-28,28475,81688,49453883,37535819
2022-03-01,22716,53940,49476599,37589759
2022-03-02,21994,50629,49498593,37640388
2022-03-03,22611,54940,49521204,37695328
2022-03-04,23226,62793,49544430,37758121
2022-03-05,23795,57952,49568225,37816073
2022-03-06,9470,17200,49577695,37833273
2022-03-07,15911,51387,49593606,37884660
2022-03-08,15471,48794,49609077,37933454
2022-03-09,13810,46518,49622887,37979972
2022-03-10,14046,52116,49636933,38032088
2022-03-11,15580,57260,49652513,38089348
2022-03-12,15500,56614,49668013,38145962
2022-03-13,5544,16849,49673557,38162811
2022-03-14,10520,46694,49684077,38209505
2022-03-15,10536,46891,49694613,38256396
2022-03-16,9476,41973,49704089,38298369
2022-03-17,9712,44872,49713801,38343241
2022-03-18,10156,49053,49723957,38392294
2022-03-19,9147,46531,49733104,38438825
2022-03-20,2608,11700,49735712,38450525
2022-03-21,7578,40223,49743290,38490748
2022-03-22,8447,37756,49751737,38528504
2022-03-23,7211,33699,49758948,38562203
2022-03-24,8255,38798,49767203,38601001
2022-03-25,8133,43661,49775336,38644662
2022-03-26,8123,41722,49783459,38686384
2022-03-27,2429,9681,49785888,38696065
2022-03-28,6105,35236,49791993,38731301
2022-03-29,5773,32527,49797766,38763828
2022-03-30,5563,30200,49803329,38794028
2022-03-31,5887,33179,49809216,38827207
2022-04-01,4347,25186,49813563,38852393
2022-04-02,4491,23274,49818054,38875667
2022-04-03,1049,4499,49819103,38880166
2022-04-04,3654,21534,49822757,38901700
2022-04-05,3753,22928,49826510,38924628
2022-04-06,4098,21849,49830608,38946477
2022-04-07,3964,23319,49834572,38969796
2022-04-08,4690,26709,49839262,38996505
2022-04-09,4381,23884,49843643,39020389
2022-04-10,891,4614,49844534,39025003
2022-04-11,3814,22686,49848348,39047689
2022-04-12,3359,21778,49851707,39069467
2022-04-13,3561,21332,49855268,39090799
2022-04-14,3485,23783,49858753,39114582
2022-04-15,3083,20616,49861836,39135198
2022-04-16,2149,11919,49863985,39147117
2022-04-17,63,348,49864048,39147465
2022-04-18,151,650,49864199,39148115
2022-04-19,3495,21978,49867694,39170093
2022-04-20,3505,20248,49871199,39190341
2022-04-21,2841,19783,49874040,39210124
2022-04-22,2926,20696,49876966,39230820
2022-04-23,2642,16217,49879608,39247037
2022-04-24,509,2335,49880117,39249372
2022-04-25,183,1165,49880300,39250537
2022-04-26,2756,17799,49883056,39268336
2022-04-27,2371,15787,49885427,39284123
2022-04-28,2356,15554,49887783,39299677
2022-04-29,2292,14834,49890075,39314511
2022-04-30,2121,11577,49892196,39326088
2022-05-01,113,530,49892309,39326618
2022-05-02,1450,9388,49893759,39336006
2022-05-03,1574,10312,49895333,39346318
2022-05-04,1746,10258,49897079,39356576
2022-05-05,1651,10278,49898730,39366854
2022-05-06,1701,10950,49900431,39377804
2022-05-07,1431,8563,49901862,39386367
2022-05-08,405,1514,49902267,39387881
2022-05-09,1026,8918,49903293,39396799
2022-05-10,1422,9541,49904715,39406340
2022-05-11,1483,10090,49906198,39416430
2022-05-12,1367,10122,49907565,39426552
2022-05-13,1590,10510,49909155,39437062
2022-05-14,1356,8228,49910511,39445290
2022-05-15,336,1129,49910847,39446419
2022-05-16,811,8392,49911658,39454811
2022-05-17,1243,8674,49912901,39463485
2022-05-18,1372,9221,49914273,39472706
2022-05-19,1500,9271,49915773,39481977
2022-05-20,1423,9498,49917196,39491475
2022-05-21,1299,7892,49918495,39499367
2022-05-22,231,1012,49918726,39500379
2022-05-23,828,8262,49919554,39508641
2022-05-24,1072,8665,49920626,39517306
2022-05-25,1369,9443,49921995,39526749
2022-05-26,1194,9454,49923189,39536203
2022-05-27,1226,9911,49924415,39546114
2022-05-28,1203,7874,49925618,39553988
2022-05-29,286,1264,49925904,39555252
2022-05-30,929,8029,49926833,39563281
2022-05-31,1034,8532,49927867,39571813
2022-06-01,891,7644,49928758,39579457
2022-06-02,35,474,49928793,39579931
2022-06-03,816,7328,49929609,39587259
2022-06-04,870,5156,49930479,39592415
2022-06-05,89,586,49930568,39593001
2022-06-06,675,6985,49931243,39599986
2022-06-07,932,7842,49932175,39607828
2022-06-08,982,7900,49933157,39615728
2022-06-09,1036,8400,49934193,39624128
2022-06-10,957,8552,49935150,39632680
2022-06-11,901,6206,49936051,39638886
2022-06-12,140,767,49936191,39639653
2022-06-13,602,6296,49936793,39645949
2022-06-14,827,7882,49937620,39653831
2022-06-15,954,7844,49938574,39661675
2022-06-16,729,7389,49939303,39669064
2022-06-17,720,7242,49940023,39676306
2022-06-18,777,5588,49940800,39681894
2022-06-19,47,522,49940847,39682416
2022-06-20,587,6695,49941434,39689111
2022-06-21,734,7653,49942168,39696764
2022-06-22,780,7307,49942948,39704071
2022-06-23,651,7459,49943599,39711530
2022-06-24,642,7473,49944241,39719003
2022-06-25,835,6532,49945076,39725535
2022-06-26,128,523,49945204,39726058
2022-06-27,531,7121,49945735,39733179
2022-06-28,745,8192,49946480,39741371
2022-06-29,756,7720,49947236,39749091
2022-06-30,745,8132,49947981,39757223
2022-07-01,576,6438,49948557,39763661
2022-07-02,536,4766,49949093,39768427
2022-07-03,49,456,49949142,39768883
2022-07-04,471,6274,49949613,39775157
2022-07-05,628,8112,49950241,39783269
2022-07-06,630,7607,49950871,39790876
2022-07-07,569,8264,49951440,39799140
2022-07-08,670,8079,49952110,39807219
2022-07-09,550,6103,49952660,39813322
2022-07-10,58,533,49952718,39813855
2022-07-11,487,7639,49953205,39821494
2022-07-12,665,9026,49953870,39830520
2022-07-13,640,10060,49954510,39840580
2022-07-14,636,10219,49955146,39850799
2022-07-15,623,10663,49955769,39861462
2022-07-16,522,7209,49956291,39868671
2022-07-17,48,769,49956339,39869440
2022-07-18,497,9350,49956836,39878790
2022-07-19,575,10656,49957411,39889446
2022-07-20,577,11258,49957988,39900704
2022-07-21,625,12040,49958613,39912744
2022-07-22,582,11227,49959195,39923971
2022-07-23,379,6743,49959574,39930714
2022-07-24,76,834,49959650,39931548
2022-07-25,501,9033,49960151,39940581
2022-07-26,519,9728,49960670,39950309
2022-07-27,550,10156,49961220,39960465
2022-07-28,527,10483,49961747,39970948
2022-07-29,510,9426,49962257,39980374
2022-07-30,380,5852,49962637,39986226
2022-07-31,49,745,49962686,39986971
2022-08-01,386,6823,49963072,39993794
2022-08-02,539,7519,49963611,40001313
2022-08-03,511,7142,49964122,40008455
2022-08-04,454,7436,49964576,40015891
2022-08-05,419,6487,49964995,40022378
2022-08-06,298,3582,49965293,40025960
2022-08-07,44,551,49965337,40026511
2022-08-08,401,4874,49965738,40031385
2022-08-09,383,5268,49966121,40036653
2022-08-10,376,4788,49966497,40041441
2022-08-11,364,4756,49966861,40046197
2022-08-12,289,3700,49967150,40049897
2022-08-13,143,1597,49967293,40051494
2022-08-14,9,128,49967302,40051622
2022-08-15,1,26,49967303,40051648
2022-08-16,283,3027,49967586,40054675
2022-08-17,351,3513,49967937,40058188
2022-08-18,389,4142,49968326,40062330
2022-08-19,341,3305,49968667,40065635
2022-08-20,183,1710,49968850,40067345
2022-08-21,24,146,49968874,40067491
2022-08-22,329,2940,49969203,40070431
2022-08-23,371,3655,49969574,40074086
2022-08-24,382,3333,49969956,40077419
2022-08-25,419,3735,49970375,40081154
2022-08-26,394,3545,49970769,40084699
2022-08-27,235,1767,49971004,40086466
2022-08-28,29,260,49971033,40086726
2022-08-29,353,3138,49971386,40089864
2022-08-30,401,3636,49971787,40093500
2022-08-31,435,3703,49972222,40097203
2022-09-01,351,3076,49972573,40100279
2022-09-02,293,2866,49972866,40103145
2022-09-03,199,1684,49973065,40104829
2022-09-04,22,147,49973087,40104976
2022-09-05,186,2626,49973273,40107602
2022-09-06,301,2962,49973574,40110564
2022-09-07,538,2909,49974112,40113473
2022-09-08,288,2944,49974400,40116417
2022-09-09,300,2851,49974700,40119268
2022-09-10,226,1324,49974926,40120592
2022-09-11,21,123,49974947,40120715
2022-09-12,267,2202,49975214,40122917
2022-09-13,248,2266,49975462,40125183
2022-09-14,261,2548,49975723,40127731
2022-09-15,278,2476,49976001,40130207
2022-09-16,252,2529,49976253,40132736
2022-09-17,239,1339,49976492,40134075
2022-09-18,20,170,49976512,40134245
2022-09-19,205,1965,49976717,40136210
2022-09-20,233,2370,49976950,40138580
2022-09-21,288,2508,49977238,40141088
2022-09-22,258,2616,49977496,40143704
2022-09-23,249,2312,49977745,40146016
2022-09-24,195,1424,49977940,40147440
2022-09-25,28,134,49977968,40147574
2022-09-26,280,2236,49978248,40149810
2022-09-27,281,2614,49978529,40152424
2022-09-28,306,2863,49978835,40155287
2022-09-29,248,2929,49979083,40158216
2022-09-30,284,2817,49979367,40161033
2022-10-01,193,1452,49979560,40162485
2022-10-02,11,187,49979571,40162672
2022-10-03,176,2427,49979747,40165099
2022-10-04,231,2777,49979978,40167876
2022-10-05,217,3151,49980195,40171027
2022-10-06,233,3725,49980428,40174752
2022-10-07,267,4022,49980695,40178774
2022-10-08,188,1986,49980883,40180760
2022-10-09,8,283,49980891,40181043
2022-10-10,195,3081,49981086,40184124
2022-10-11,110,2117,49981196,40186241