data_somministrazione,vaccinazioni,booster,cum_vaccinazioni,cum_booster
2020-12-27,19,0,19,0
2020-12-28,2,0,21,0
2020-12-29,1,0,22,0
2020-12-30,6,0,28,0
2020-12-31,63,0,91,0
2021-01-01,22,0,113,0
2021-01-02,101,0,214,0
2021-01-03,74,0,288,0
2021-01-04,194,0,482,0
2021-01-05,232,0,714,0
2021-01-06,187,0,901,0
2021-01-07,280,0,1181,0
2021-01-08,324,0,1505,0
2021-01-09,238,0,1743,0
2021-01-10,144,0,1887,0
2021-01-11,265,0,2152,0
2021-01-12,264,0,2416,0
2021-01-13,383,0,2799,0
2021-01-14,469,0,3268,0
2021-01-15,291,0,3559,0
2021-01-16,202,0,3761,0
2021-01-17,3057,0,6818,0
2021-01-18,5206,0,12024,0
2021-01-19,1889,0,13913,0
2021-01-20,4653,0,18566,0
2021-01-21,20000,0,38566,0
2021-01-22,14201,0,52767,0
2021-01-23,33334,0,86101,0
2021-01-24,30791,0,116892,0
2021-01-25,64736,0,181628,0
2021-01-26,76502,0,258130,0
2021-01-27,64846,0,322976,0
2021-01-28,89302,0,412278,0
2021-01-29,94033,0,506311,0
2021-01-30,86576,0,592887,0
2021-01-31,57340,0,650227,0
2021-02-01,81876,0,732103,0
2021-02-02,82144,0,814247,0
2021-02-03,91195,0,905442,0
2021-02-04,95403,0,1000845,0
2021-02-05,90282,0,1091127,0
2021-02-06,63451,0,1154578,0
2021-02-07,32927,0,1187505,0
2021-02-08,40432,0,1227937,0
2021-02-09,32865,0,1260802,0
2021-02-10,28420,0,1289222,0
2021-02-11,20388,0,1309610,0
2021-02-12,16226,0,1325836,0
2021-02-13,7251,0,1333087,0
2021-02-14,2861,0,1335948,0
2021-02-15,6836,0,1342784,0
2021-02-16,6993,0,1349777,0
2021-02-17,10518,0,1360295,0
2021-02-18,9245,0,1369540,0
2021-02-19,8238,0,1377778,0
2021-02-20,5536,0,1383314,0
2021-02-21,2986,0,1386300,0
2021-02-22,6881,0,1393181,0
2021-02-23,7160,0,1400341,0
2021-02-24,9824,0,1410165,0
2021-02-25,14201,0,1424366,0
2021-02-26,17551,0,1441917,0
2021-02-27,13901,0,1455818,0
2021-02-28,9387,0,1465205,0
2021-03-01,26507,0,1491712,0
2021-03-02,33238,0,1524950,0
2021-03-03,44644,0,1569594,0
2021-03-04,50288,0,1619882,0
2021-03-05,55735,0,1675617,0
2021-03-06,41872,0,1717489,0
2021-03-07,22322,0,1739811,0
2021-03-08,50795,0,1790606,0
2021-03-09,53056,0,1843662,0
2021-03-10,58622,0,1902284,0
2021-03-11,63836,0,1966120,0
2021-03-12,65095,0,2031215,0
2021-03-13,51706,0,2082921,0
2021-03-14,35384,0,2118305,0
2021-03-15,73425,0,2191730,0
2021-03-16,74022,0,2265752,0
2021-03-17,83128,0,2348880,0
2021-03-18,81621,0,2430501,0
2021-03-19,81078,0,2511579,0
2021-03-20,64707,0,2576286,0
2021-03-21,47286,0,2623572,0
2021-03-22,69470,0,2693042,0
2021-03-23,75776,0,2768818,0
2021-03-24,90887,0,2859705,0
2021-03-25,89785,0,2949490,0
2021-03-26,83601,0,3033091,0
2021-03-27,71915,0,3105006,0
2021-03-28,44125,0,3149131,0
2021-03-29,70807,0,3219938,0
2021-03-30,81355,0,3301293,0
2021-03-31,96218,0,3397511,0
2021-04-01,95292,0,3492803,0
2021-04-02,84063,0,3576866,0
2021-04-03,64296,0,3641162,0
2021-04-04,21716,0,3662878,0
2021-04-05,40296,0,3703174,0
2021-04-06,81297,0,3784471,0
2021-04-07,95805,0,3880276,0
2021-04-08,95227,0,3975503,0
2021-04-09,88478,0,4063981,0
2021-04-10,74025,0,4138006,0
2021-04-11,44750,0,4182756,0
2021-04-12,66908,0,4249664,0
2021-04-13,72560,0,4322224,0
2021-04-14,85518,0,4407742,0
2021-04-15,105398,0,4513140,0
2021-04-16,106409,0,4619549,0
2021-04-17,90489,0,4710038,0
2021-04-18,58582,0,4768620,0
2021-04-19,93422,0,4862042,0
2021-04-20,103762,0,4965804,0
2021-04-21,125327,0,5091131,0
2021-04-22,143501,0,5234632,0
2021-04-23,138716,0,5373348,0
2021-04-24,124434,0,5497782,0
2021-04-25,61452,0,5559234,0
2021-04-26,97874,0,5657108,0
2021-04-27,128348,0,5785456,0
2021-04-28,156348,0,5941804,0
2021-04-29,195578,0,6137382,0
2021-04-30,214556,0,6351938,0
2021-05-01,174088,0,6526026,0
2021-05-02,135790,0,6661816,0
2021-05-03,142001,0,6803817,0
2021-05-04,158674,0,6962491,0
2021-05-05,170467,0,7132958,0
2021-05-06,197786,0,7330744,0
2021-05-07,213801,0,7544545,0
2021-05-08,213382,0,7757927,0
2021-05-09,143189,0,7901116,0
2021-05-10,165079,0,8066195,0
2021-05-11,174956,0,8241151,0
2021-05-12,179146,0,8420297,0
2021-05-13,203355,0,8623652,0
2021-05-14,222891,0,8846543,0
2021-05-15,210333,0,9056876,0
2021-05-16,159262,0,9216138,0
2021-05-17,219177,0,9435315,0
2021-05-18,212996,0,9648311,0
2021-05-19,207068,0,9855379,0
2021-05-20,270833,0,10126212,0
2021-05-21,270859,0,10397071,0
2021-05-22,245514,0,10642585,0
2021-05-23,197174,0,10839759,0
2021-05-24,228287,0,11068046,0
2021-05-25,245684,0,11313730,0
2021-05-26,277477,0,11591207,0
2021-05-27,311078,0,11902285,0
2021-05-28,299558,0,12201843,0
2021-05-29,231192,0,12433035,0
2021-05-30,170823,0,12603858,0
2021-05-31,216406,0,12820264,0
2021-06-01,207630,0,13027894,0
2021-06-02,115767,0,13143661,0
2021-06-03,180099,0,13323760,0
2021-06-04,184846,0,13508606,0
2021-06-05,185919,0,13694525,0
2021-06-06,139506,0,13834031,0
2021-06-07,161835,0,13995866,0
2021-06-08,171156,0,14167022,0
2021-06-09,171426,0,14338448,0
2021-06-10,174036,0,14512484,0
2021-06-11,169928,0,14682412,0
2021-06-12,128297,0,14810709,0
2021-06-13,91135,0,14901844,0
2021-06-14,214632,0,15116476,0
2021-06-15,228378,0,15344854,0
2021-06-16,253031,0,15597885,0
2021-06-17,301692,0,15899577,0
2021-06-18,306253,0,16205830,0
2021-06-19,275046,0,16480876,0
2021-06-20,220729,0,16701605,0
2021-06-21,288031,0,16989636,0
2021-06-22,296177,0,17285813,0
2021-06-23,302661,0,17588474,0
2021-06-24,332550,0,17921024,0
2021-06-25,348689,0,18269713,0
2021-06-26,300083,0,18569796,0
2021-06-27,228608,0,18798404,0
2021-06-28,307032,0,19105436,0
2021-06-29,329238,0,19434674,0
2021-06-30,342102,0,19776776,0
2021-07-01,363151,0,20139927,0
2021-07-02,368426,0,20508353,0
2021-07-03,371064,0,20879417,0
2021-07-04,283188,0,21162605,0
2021-07-05,384495,0,21547100,0
2021-07-06,385427,0,21932527,0
2021-07-07,412063,0,22344590,0
2021-07-08,479624,0,22824214,0
2021-07-09,498484,0,23322698,0
2021-07-10,475180,0,23797878,0
2021-07-11,357707,0,24155585,0
2021-07-12,485912,0,24641497,0
2021-07-13,492145,0,25133642,0
2021-07-14,480479,0,25614121,0
2021-07-15,523489,0,26137610,0
2021-07-16,509790,0,26647400,0
2021-07-17,464370,0,27111770,0
2021-07-18,364702,0,27476472,0
2021-07-19,463074,0,27939546,0
2021-07-20,458089,0,28397635,0
2021-07-21,462817,0,28860452,0
2021-07-22,475395,0,29335847,0
2021-07-23,441313,0,29777160,0
2021-07-24,386193,0,30163353,0
2021-07-25,287597,0,30450950,0
2021-07-26,430894,0,30881844,0
2021-07-27,440128,0,31321972,0
2021-07-28,391018,0,31712990,0
2021-07-29,372078,0,32085068,0
2021-07-30,341512,0,32426580,0
2021-07-31,287016,0,32713596,0
2021-08-01,191022,0,32904618,0
2021-08-02,333730,0,33238348,0
2021-08-03,323182,0,33561530,0
2021-08-04,310972,0,33872502,0
2021-08-05,292511,0,34165013,0
2021-08-06,260006,0,34425019,0
2021-08-07,199050,0,34624069,0
2021-08-08,153107,0,34777176,0
2021-08-09,234076,0,35011252,0
2021-08-10,205247,0,35216499,0
2021-08-11,193755,0,35410254,0
2021-08-12,167975,0,35578229,0
2021-08-13,148598,0,35726827,0
2021-08-14,66087,0,35792914,0
2021-08-15,26333,0,35819247,0
2021-08-16,114675,0,35933922,0
2021-08-17,129237,0,36063159,0
2021-08-18,128731,0,36191890,0
2021-08-19,124785,0,36316675,0
2021-08-20,123787,0,36440462,0
2021-08-21,83113,0,36523575,0
2021-08-22,68163,0,36591738,0
2021-08-23,176869,0,36768607,0
2021-08-24,156905,0,36925512,0
2021-08-25,177170,0,37102682,0
2021-08-26,172353,0,37275035,0
2021-08-27,185840,0,37460875,0
2021-08-28,140272,0,37601147,0
2021-08-29,99004,0,37700151,0
2021-08-30,209634,0,37909785,0
2021-08-31,194631,0,38104416,0
2021-09-01,192213,0,38296629,0
2021-09-02,189943,0,38486572,0
2021-09-03,191338,0,38677910,0
2021-09-04,131486,0,38809396,0
2021-09-05,87869,0,38897265,0
2021-09-06,193656,0,39090921,0
2021-09-07,196066,0,39286987,0
2021-09-08,187908,0,39474895,0
2021-09-09,201476,0,39676371,0
2021-09-10,198112,0,39874483,0
2021-09-11,141329,0,40015812,0
2021-09-12,89602,0,40105414,0
2021-09-13,191163,550,40296577,550
2021-09-14,177266,572,40473843,1122
2021-09-15,163129,569,40636972,1691
2021-09-16,160101,916,40797073,2607
2021-09-17,150174,1110,40947247,3717
2021-09-18,127980,731,41075227,4448
2021-09-19,81129,490,41156356,4938
2021-09-20,180075,9070,41336431,14008
2021-09-21,166631,8826,41503062,22834
2021-09-22,159078,9429,41662140,32263
2021-09-23,138081,9318,41800221,41581
2021-09-24,140543,8948,41940764,50529
2021-09-25,119545,5632,42060309,56161
2021-09-26,71952,4338,42132261,60499
2021-09-27,135635,10039,42267896,70538
2021-09-28,117487,11377,42385383,81915
2021-09-29,112329,11823,42497712,93738
2021-09-30,110223,14944,42607935,108682
2021-10-01,94971,19104,42702906,127786
2021-10-02,78477,14011,42781383,141797
2021-10-03,47732,7656,42829115,149453
2021-10-04,88374,34442,42917489,183895
2021-10-05,80361,33968,42997850,217863
2021-10-06,71979,34156,43069829,252019
2021-10-07,71851,34340,43141680,286359
2021-10-08,80623,33588,43222303,319947
2021-10-09,76100,22166,43298403,342113
2021-10-10,45772,13614,43344175,355727
2021-10-11,87407,41101,43431582,396828
2021-10-12,84490,46894,43516072,443722
2021-10-13,88184,52109,43604256,495831
2021-10-14,91524,58502,43695780,554333
2021-10-15,93580,55622,43789360,609955
2021-10-16,82957,36779,43872317,646734
2021-10-17,51460,23823,43923777,670557
2021-10-18,90289,59480,44014066,730037
2021-10-19,78342,69369,44092408,799406
2021-10-20,75072,78160,44167480,877566
2021-10-21,78297,81748,44245777,959314
2021-10-22,73792,77017,44319569,1036331
2021-10-23,60810,51951,44380379,1088282
2021-10-24,33376,23452,44413755,1111734
2021-10-25,64904,81622,44478659,1193356
2021-10-26,58374,91774,44537033,1285130
2021-10-27,58327,103963,44595360,1389093
2021-10-28,61468,114096,44656828,1503189
2021-10-29,61661,103107,44718489,1606296
2021-10-30,50673,68110,44769162,1674406
2021-10-31,25165,28286,44794327,1702692
2021-11-01,19047,28147,44813374,1730839
2021-11-02,62768,89370,44876142,1820209
2021-11-03,60735,118656,44936877,1938865
2021-11-04,59245,126659,44996122,2065524
2021-11-05,63094,135166,45059216,2200690
2021-11-06,46471,90922,45105687,2291612
2021-11-07,22253,37892,45127940,2329504
2021-11-08,51526,131259,45179466,2460763
2021-11-09,45401,144194,45224867,2604957
2021-11-10,42578,156343,45267445,2761300
2021-11-11,44935,155136,45312380,2916436
2021-11-12,46372,158570,45358752,3075006
2021-11-13,33250,116646,45392002,3191652
2021-11-14,14478,52446,45406480,3244098
2021-11-15,36894,157422,45443374,3401520
2021-11-16,30543,171374,45473917,3572894
2021-11-17,28446,178435,45502363,3751329
2021-11-18,30282,193711,45532645,3945040
2021-11-19,28799,205848,45561444,4150888
2021-11-20,20990,156434,45582434,4307322
2021-11-21,10610,64855,45593044,4372177
2021-11-22,21930,213139,45614974,4585316
2021-11-23,23564,241741,45638538,4827057
2021-11-24,27832,270942,45666370,5097999
2021-11-25,23229,301897,45689599,5399896
2021-11-26,24574,318262,45714173,5718158
2021-11-27,21376,266149,45735549,5984307
2021-11-28,9895,137054,45745444,6121361
2021-11-29,22317,326061,45767761,6447422
2021-11-30,23077,365819,45790838,6813241
2021-12-01,21511,413498,45812349,7226739
2021-12-02,23751,440378,45836100,7667117
2021-12-03,25229,467450,45861329,8134567
2021-12-04,22349,418727,45883678,8553294
2021-12-05,11905,261329,45895583,8814623
2021-12-06,25803,457563,45921386,9272186
2021-12-07,24109,480246,45945495,9752432
2021-12-08,9995,249678,45955490,10002110
2021-12-09,31562,491915,45987052,10494025
2021-12-10,28047,517865,46015099,11011890
2021-12-11,23541,459240,46038640,11471130
2021-12-12,12293,293496,46050933,11764626
2021-12-13,26131,467619,46077064,12232245
2021-12-14,25151,494187,46102215,12726432
2021-12-15,25304,517129,46127519,13243561
2021-12-16,27864,520239,46155383,13763800
2021-12-17,29346,517160,46184729,14280960
2021-12-18,27025,468711,46211754,14749671
2021-12-19,15127,300513,46226881,15050184
2021-12-20,30611,477467,46257492,15527651
2021-12-21,30350,493380,46287842,16021031
2021-12-22,29428,484697,46317270,16505728
2021-12-23,28222,426894,46345492,16932622
2021-12-24,13106,210820,46358598,17143442
2021-12-25,2101,33052,46360699,17176494
2021-12-26,8751,159065,46369450,17335559
2021-12-27,46755,504651,46416205,17840210
2021-12-28,42420,554203,46458625,18394413
2021-12-29,34311,550627,46492936,18945040
2021-12-30,31797,499819,46524733,19444859
2021-12-31,14101,247394,46538834,19692253
2022-01-01,3492,64813,46542326,19757066
2022-01-02,22738,276717,46565064,20033783
2022-01-03,47791,520007,46612855,20553790
2022-01-04,46296,572070,46659151,21125860
2022-01-05,40684,560379,46699835,21686239
2022-01-06,23446,274481,46723281,21960720
2022-01-07,63627,554178,46786908,22514898
2022-01-08,60772,503377,46847680,23018275
2022-01-09,42771,319684,46890451,23337959
2022-01-10,61002,542274,46951453,23880233
2022-01-11,61635,586981,47013088,24467214
2022-01-12,58368,581271,47071456,25048485
2022-01-13,58527,580373,47129983,25628858
2022-01-14,46702,588559,47176685,26217417
2022-01-15,39272,569934,47215957,26787351
2022-01-16,31122,341849,47247079,27129200
2022-01-17,54714,489645,47301793,27618845
2022-01-18,58321,517009,47360114,28135854
2022-01-19,57135,502782,47417249,28638636
2022-01-20,54275,498809,47471524,29137445
2022-01-21,42003,493867,47513527,29631312
2022-01-22,31094,469591,47544621,30100903
2022-01-23,34880,275365,47579501,30376268
2022-01-24,56125,437209,47635626,30813477
2022-01-25,61503,452086,47697129,31265563
2022-01-26,58492,435816,47755621,31701379
2022-01-27,48789,432353,47804410,32133732
2022-01-28,58633,436526,47863043,32570258
2022-01-29,68054,412478,47931097,32982736
2022-01-30,50339,235966,47981436,33218702
2022-01-31,60576,356920,48042012,33575622
2022-02-01,65495,328431,48107507,33904053
2022-02-02,63139,296963,48170646,34201016
2022-02-03,60013,274512,48230659,34475528
2022-02-04,72326,268447,48302985,34743975
2022-02-05,83712,248525,48386697,34992500
2022-02-06,55260,116194,48441957,35108694
2022-02-07,65105,199929,48507062,35308623
2022-02-08,66901,186102,48573963,35494725
2022-02-09,58731,166330,48632694,35661055
2022-02-10,58526,163231,48691220,35824286
2022-02-11,62216,162453,48753436,35986739
2022-02-12,71945,152136,48825381,36138875
2022-02-13,41462,68849,48866843,36207724
2022-02-14,46657,116182,48913500,36323906
2022-02-15,48504,123477,48962004,36447383
2022-02-16,45659,106110,49007663,36553493
2022-02-17,42847,98101,49050510,36651594
2022-02-18,46594,112566,49097104,36764160
2022-02-19,52516,100326,49149620,36864486
2022-02-20,31409,40360,49181029,36904846
2022-02-21,37884,89643,49218913,36994489
2022-02-22,37209,83769,49256122,37078258
2022-02-23,33373,79404,49289495,37157662
2022-02-24,32545,78160,49322040,37235822
2022-02-25,34745,90703,49356785,37326525
2022-02-26,39143,89132,49395928,37415657
2022-02-27,22539,35855,49418467,37451512
2022-02-28,28464,81691,49446931,37533203
2022-03-01,22699,53935,49469630,37587138
2022-03-02,21987,50627,49491617,37637765
2022-03-03,22600,54941,49514217,37692706
2022-03-04,23210,62790,49537427,37755496
2022-03-05,23783,57951,49561210,37813447
2022-03-06,9470,17200,49570680,37830647
2022-03-07,15898,51389,49586578,37882036
2022-03-08,15451,48795,49602029,37930831
2022-03-09,13802,46514,49615831,37977345
2022-03-10,14030,52115,49629861,38029460
2022-03-11,15567,57251,49645428,38086711
2022-03-12,15491,56614,49660919,38143325
2022-03-13,5543,16849,49666462,38160174
2022-03-14,10517,46691,49676979,38206865
2022-03-15,10534,46892,49687513,38253757
2022-03-16,9471,41978,49696984,38295735
2022-03-17,9699,44875,49706683,38340610
2022-03-18,10150,49052,49716833,38389662
2022-03-19,9143,46531,49725976,38436193
2022-03-20,2607,11699,49728583,38447892
2022-03-21,7573,40222,49736156,38488114
2022-03-22,8440,37748,49744596,38525862
2022-03-23,7204,33695,49751800,38559557
2022-03-24,8247,38795,49760047,38598352
2022-03-25,8127,43665,49768174,38642017
2022-03-26,8121,41720,49776295,38683737
2022-03-27,2428,9682,49778723,38693419
2022-03-28,6098,35230,49784821,38728649
2022-03-29,5773,32523,49790594,38761172
2022-03-30,5556,30193,49796150,38791365
2022-03-31,5884,33173,49802034,38824538
2022-04-01,4340,25185,49806374,38849723
2022-04-02,4487,23272,49810861,38872995
2022-04-03,1048,4499,49811909,38877494
2022-04-04,3652,21531,49815561,38899025
2022-04-05,3746,22923,49819307,38921948
2022-04-06,4097,21844,49823404,38943792
2022-04-07,3956,23317,49827360,38967109
2022-04-08,4682,26709,49832042,38993818
2022-04-09,4374,23885,49836416,39017703
2022-04-10,892,4614,49837308,39022317
2022-04-11,3801,22683,49841109,39045000
2022-04-12,3356,21776,49844465,39066776
2022-04-13,3559,21333,49848024,39088109
2022-04-14,3484,23777,49851508,39111886
2022-04-15,3077,20615,49854585,39132501
2022-04-16,2149,11921,49856734,39144422
2022-04-17,63,348,49856797,39144770
2022-04-18,149,650,49856946,39145420
2022-04-19,3488,21978,49860434,39167398
2022-04-20,3497,20249,49863931,39187647
2022-04-21,2839,19781,49866770,39207428
2022-04-22,2916,20694,49869686,39228122
2022-04-23,2637,16209,49872323,39244331
2022-04-24,509,2335,49872832,39246666
2022-04-25,183,1165,49873015,39247831
2022-04-26,2759,17791,49875774,39265622
2022-04-27,2364,15783,49878138,39281405
2022-04-28,2349,15534,49880487,39296939
2022-04-29,2291,14836,49882778,39311775
2022-04-30,2121,11576,49884899,39323351
2022-05-01,113,530,49885012,39323881
2022-05-02,1443,9382,49886455,39333263
2022-05-03,1572,10309,49888027,39343572
2022-05-04,1743,10255,49889770,39353827
2022-05-05,1647,10272,49891417,39364099
2022-05-06,1693,10944,49893110,39375043
2022-05-07,1431,8563,49894541,39383606
2022-05-08,404,1514,49894945,39385120
2022-05-09,1023,8917,49895968,39394037
2022-05-10,1418,9536,49897386,39403573
2022-05-11,1478,10087,49898864,39413660
2022-05-12,1366,10119,49900230,39423779
2022-05-13,1587,10509,49901817,39434288
2022-05-14,1357,8226,49903174,39442514
2022-05-15,336,1129,49903510,39443643
2022-05-16,812,8387,49904322,39452030
2022-05-17,1241,8669,49905563,39460699
2022-05-18,1368,9215,49906931,39469914
2022-05-19,1498,9267,49908429,39479181
2022-05-20,1419,9492,49909848,39488673
2022-05-21,1299,7892,49911147,39496565
2022-05-22,231,1012,49911378,39497577
2022-05-23,826,8260,49912204,39505837
2022-05-24,1070,8665,49913274,39514502
2022-05-25,1365,9444,49914639,39523946
2022-05-26,1192,9453,49915831,39533399
2022-05-27,1223,9910,49917054,39543309
2022-05-28,1202,7873,49918256,39551182
2022-05-29,285,1264,49918541,39552446
2022-05-30,930,8026,49919471,39560472
2022-05-31,1033,8531,49920504,39569003
2022-06-01,891,7644,49921395,39576647
2022-06-02,35,474,49921430,39577121
2022-06-03,813,7327,49922243,39584448
2022-06-04,870,5155,49923113,39589603
2022-06-05,89,586,49923202,39590189
2022-06-06,672,6964,49923874,39597153
2022-06-07,930,7841,49924804,39604994
2022-06-08,981,7897,49925785,39612891
2022-06-09,1034,8400,49926819,39621291
2022-06-10,955,8540,49927774,39629831
2022-06-11,900,6207,49928674,39636038
2022-06-12,140,767,49928814,39636805
2022-06-13,603,6295,49929417,39643100
2022-06-14,825,7880,49930242,39650980
2022-06-15,950,7845,49931192,39658825
2022-06-16,729,7383,49931921,39666208
2022-06-17,719,7238,49932640,39673446
2022-06-18,776,5589,49933416,39679035
2022-06-19,47,522,49933463,39679557
2022-06-20,587,6694,49934050,39686251
2022-06-21,732,7643,49934782,39693894
2022-06-22,780,7303,49935562,39701197
2022-06-23,649,7455,49936211,39708652
2022-06-24,643,7472,49936854,39716124
2022-06-25,835,6531,49937689,39722655
2022-06-26,128,523,49937817,39723178
2022-06-27,532,7118,49938349,39730296
2022-06-28,744,8208,49939093,39738504
2022-06-29,755,7718,49939848,39746222
2022-06-30,744,8131,49940592,39754353
2022-07-01,577,6436,49941169,39760789
2022-07-02,536,4765,49941705,39765554
2022-07-03,49,456,49941754,39766010
2022-07-04,470,6269,49942224,39772279
2022-07-05,623,8107,49942847,39780386
2022-07-06,625,7594,49943472,39787980
2022-07-07,562,8251,49944034,39796231
2022-07-08,670,8076,49944704,39804307
2022-07-09,549,6103,49945253,39810410
2022-07-10,58,533,49945311,39810943
2022-07-11,482,7629,49945793,39818572
2022-07-12,658,9000,49946451,39827572
2022-07-13,636,10058,49947087,39837630
2022-07-14,626,10219,49947713,39847849
2022-07-15,618,10660,49948331,39858509
2022-07-16,514,7207,49948845,39865716
2022-07-17,48,769,49948893,39866485
2022-07-18,498,9346,49949391,39875831
2022-07-19,572,10644,49949963,39886475
2022-07-20,572,11247,49950535,39897722
2022-07-21,623,12026,49951158,39909748
2022-07-22,577,11215,49951735,39920963
2022-07-23,377,6732,49952112,39927695
2022-07-24,75,834,49952187,39928529
2022-07-25,497,9022,49952684,39937551
2022-07-26,517,9717,49953201,39947268
2022-07-27,541,10145,49953742,39957413
2022-07-28,523,10459,49954265,39967872
2022-07-29,511,9405,49954776,39977277
2022-07-30,380,5849,49955156,39983126
2022-07-31,49,746,49955205,39983872
2022-08-01,384,6817,49955589,39990689
2022-08-02,534,7504,49956123,39998193
2022-08-03,494,7104,49956617,40005297
2022-08-04,448,7400,49957065,40012697
2022-08-05,411,6454,49957476,40019151
2022-08-06,297,3576,49957773,40022727
2022-08-07,44,549,49957817,40023276
2022-08-08,391,4853,49958208,40028129
2022-08-09,381,5258,49958589,40033387
2022-08-10,368,4757,49958957,40038144
2022-08-11,361,4740,49959318,40042884
2022-08-12,286,3678,49959604,40046562
2022-08-13,139,1595,49959743,40048157
2022-08-14,9,128,49959752,40048285
2022-08-15,1,24,49959753,40048309
2022-08-16,281,3006,49960034,40051315
2022-08-17,345,3483,49960379,40054798
2022-08-18,379,4108,49960758,40058906
2022-08-19,330,3290,49961088,40062196
2022-08-20,180,1698,49961268,40063894
2022-08-21,24,144,49961292,40064038
2022-08-22,324,2916,49961616,40066954
2022-08-23,364,3590,49961980,40070544
2022-08-24,364,3175,49962344,40073719
2022-08-25,233,1626,49962577,40075345