data_somministrazione,vaccinazioni,booster,cum_vaccinazioni,cum_booster
2020-12-27,20,0,20,0
2020-12-28,2,0,22,0
2020-12-29,1,0,23,0
2020-12-30,9,0,32,0
2020-12-31,73,0,105,0
2021-01-01,23,0,128,0
2021-01-02,129,0,257,0
2021-01-03,93,0,350,0
2021-01-04,220,0,570,0
2021-01-05,259,0,829,0
2021-01-06,227,0,1056,0
2021-01-07,307,0,1363,0
2021-01-08,354,0,1717,0
2021-01-09,266,0,1983,0
2021-01-10,161,0,2144,0
2021-01-11,290,0,2434,0
2021-01-12,275,0,2709,0
2021-01-13,404,0,3113,0
2021-01-14,488,0,3601,0
2021-01-15,306,0,3907,0
2021-01-16,215,0,4122,0
2021-01-17,3060,0,7182,0
2021-01-18,5215,0,12397,0
2021-01-19,1893,0,14290,0
2021-01-20,4656,0,18946,0
2021-01-21,20005,0,38951,0
2021-01-22,14220,0,53171,0
2021-01-23,33329,0,86500,0
2021-01-24,30782,0,117282,0
2021-01-25,64720,0,182002,0
2021-01-26,76485,0,258487,0
2021-01-27,64824,0,323311,0
2021-01-28,89270,0,412581,0
2021-01-29,94017,0,506598,0
2021-01-30,86551,0,593149,0
2021-01-31,57328,0,650477,0
2021-02-01,81852,0,732329,0
2021-02-02,82140,0,814469,0
2021-02-03,91113,0,905582,0
2021-02-04,95396,0,1000978,0
2021-02-05,90271,0,1091249,0
2021-02-06,63448,0,1154697,0
2021-02-07,32933,0,1187630,0
2021-02-08,40424,0,1228054,0
2021-02-09,32871,0,1260925,0
2021-02-10,28429,0,1289354,0
2021-02-11,20403,0,1309757,0
2021-02-12,16240,0,1325997,0
2021-02-13,7274,0,1333271,0
2021-02-14,2862,0,1336133,0
2021-02-15,6844,0,1342977,0
2021-02-16,7002,0,1349979,0
2021-02-17,10525,0,1360504,0
2021-02-18,9252,0,1369756,0
2021-02-19,8251,0,1378007,0
2021-02-20,5569,0,1383576,0
2021-02-21,3005,0,1386581,0
2021-02-22,6884,0,1393465,0
2021-02-23,7179,0,1400644,0
2021-02-24,9808,0,1410452,0
2021-02-25,14210,0,1424662,0
2021-02-26,17556,0,1442218,0
2021-02-27,13914,0,1456132,0
2021-02-28,9388,0,1465520,0
2021-03-01,26519,0,1492039,0
2021-03-02,33245,0,1525284,0
2021-03-03,44647,0,1569931,0
2021-03-04,50292,0,1620223,0
2021-03-05,55733,0,1675956,0
2021-03-06,41871,0,1717827,0
2021-03-07,22322,0,1740149,0
2021-03-08,50824,0,1790973,0
2021-03-09,53077,0,1844050,0
2021-03-10,58658,0,1902708,0
2021-03-11,63872,0,1966580,0
2021-03-12,65113,0,2031693,0
2021-03-13,51724,0,2083417,0
2021-03-14,35404,0,2118821,0
2021-03-15,73447,0,2192268,0
2021-03-16,74026,0,2266294,0
2021-03-17,83132,0,2349426,0
2021-03-18,81629,0,2431055,0
2021-03-19,81083,0,2512138,0
2021-03-20,64726,0,2576864,0
2021-03-21,47304,0,2624168,0
2021-03-22,69488,0,2693656,0
2021-03-23,75806,0,2769462,0
2021-03-24,90917,0,2860379,0
2021-03-25,89813,0,2950192,0
2021-03-26,83632,0,3033824,0
2021-03-27,71945,0,3105769,0
2021-03-28,44152,0,3149921,0
2021-03-29,70832,0,3220753,0
2021-03-30,81393,0,3302146,0
2021-03-31,96244,0,3398390,0
2021-04-01,95311,0,3493701,0
2021-04-02,84075,0,3577776,0
2021-04-03,64306,0,3642082,0
2021-04-04,21718,0,3663800,0
2021-04-05,40316,0,3704116,0
2021-04-06,81324,0,3785440,0
2021-04-07,95834,0,3881274,0
2021-04-08,95245,0,3976519,0
2021-04-09,88494,0,4065013,0
2021-04-10,74031,0,4139044,0
2021-04-11,44765,0,4183809,0
2021-04-12,66917,0,4250726,0
2021-04-13,72581,0,4323307,0
2021-04-14,85545,0,4408852,0
2021-04-15,105415,0,4514267,0
2021-04-16,106421,0,4620688,0
2021-04-17,90521,0,4711209,0
2021-04-18,58595,0,4769804,0
2021-04-19,93431,0,4863235,0
2021-04-20,103773,0,4967008,0
2021-04-21,125345,0,5092353,0
2021-04-22,143521,0,5235874,0
2021-04-23,138746,0,5374620,0
2021-04-24,124446,0,5499066,0
2021-04-25,61457,0,5560523,0
2021-04-26,97894,0,5658417,0
2021-04-27,128363,0,5786780,0
2021-04-28,156376,0,5943156,0
2021-04-29,195599,0,6138755,0
2021-04-30,214591,0,6353346,0
2021-05-01,174125,0,6527471,0
2021-05-02,135806,0,6663277,0
2021-05-03,142047,0,6805324,0
2021-05-04,158696,0,6964020,0
2021-05-05,170513,0,7134533,0
2021-05-06,197810,0,7332343,0
2021-05-07,213851,0,7546194,0
2021-05-08,213421,0,7759615,0
2021-05-09,143204,0,7902819,0
2021-05-10,165087,0,8067906,0
2021-05-11,174997,0,8242903,0
2021-05-12,179191,0,8422094,0
2021-05-13,203396,0,8625490,0
2021-05-14,222923,0,8848413,0
2021-05-15,210374,0,9058787,0
2021-05-16,159280,0,9218067,0
2021-05-17,219205,0,9437272,0
2021-05-18,213024,0,9650296,0
2021-05-19,207092,0,9857388,0
2021-05-20,270872,0,10128260,0
2021-05-21,270899,0,10399159,0
2021-05-22,245530,0,10644689,0
2021-05-23,197184,0,10841873,0
2021-05-24,228311,0,11070184,0
2021-05-25,245699,0,11315883,0
2021-05-26,277511,0,11593394,0
2021-05-27,311090,0,11904484,0
2021-05-28,299578,0,12204062,0
2021-05-29,231234,0,12435296,0
2021-05-30,170844,0,12606140,0
2021-05-31,216430,0,12822570,0
2021-06-01,207639,0,13030209,0
2021-06-02,115805,0,13146014,0
2021-06-03,180157,0,13326171,0
2021-06-04,184893,0,13511064,0
2021-06-05,185971,0,13697035,0
2021-06-06,139557,0,13836592,0
2021-06-07,161883,0,13998475,0
2021-06-08,171245,0,14169720,0
2021-06-09,171498,0,14341218,0
2021-06-10,174120,0,14515338,0
2021-06-11,169996,0,14685334,0
2021-06-12,128342,0,14813676,0
2021-06-13,91200,0,14904876,0
2021-06-14,214690,0,15119566,0
2021-06-15,228431,0,15347997,0
2021-06-16,253088,0,15601085,0
2021-06-17,301745,0,15902830,0
2021-06-18,306308,0,16209138,0
2021-06-19,275104,0,16484242,0
2021-06-20,220799,0,16705041,0
2021-06-21,288079,0,16993120,0
2021-06-22,296233,0,17289353,0
2021-06-23,302694,0,17592047,0
2021-06-24,332616,0,17924663,0
2021-06-25,348717,0,18273380,0
2021-06-26,300130,0,18573510,0
2021-06-27,228679,0,18802189,0
2021-06-28,307110,0,19109299,0
2021-06-29,329311,0,19438610,0
2021-06-30,342180,0,19780790,0
2021-07-01,363231,0,20144021,0
2021-07-02,368487,0,20512508,0
2021-07-03,371098,0,20883606,0
2021-07-04,283222,0,21166828,0
2021-07-05,384550,0,21551378,0
2021-07-06,385484,0,21936862,0
2021-07-07,412122,0,22348984,0
2021-07-08,479602,0,22828586,0
2021-07-09,498484,0,23327070,0
2021-07-10,475178,0,23802248,0
2021-07-11,357704,0,24159952,0
2021-07-12,485897,0,24645849,0
2021-07-13,492106,0,25137955,0
2021-07-14,480457,0,25618412,0
2021-07-15,523450,0,26141862,0
2021-07-16,509764,0,26651626,0
2021-07-17,464336,0,27115962,0
2021-07-18,364649,0,27480611,0
2021-07-19,463054,0,27943665,0
2021-07-20,458062,0,28401727,0
2021-07-21,462798,0,28864525,0
2021-07-22,475391,0,29339916,0
2021-07-23,441330,0,29781246,0
2021-07-24,386156,0,30167402,0
2021-07-25,287557,0,30454959,0
2021-07-26,430888,0,30885847,0
2021-07-27,440132,0,31325979,0
2021-07-28,391017,0,31716996,0
2021-07-29,372083,0,32089079,0
2021-07-30,341518,0,32430597,0
2021-07-31,287034,0,32717631,0
2021-08-01,190999,0,32908630,0
2021-08-02,333702,0,33242332,0
2021-08-03,323196,0,33565528,0
2021-08-04,310981,0,33876509,0
2021-08-05,292496,0,34169005,0
2021-08-06,260020,0,34429025,0
2021-08-07,199053,0,34628078,0
2021-08-08,153108,0,34781186,0
2021-08-09,234077,0,35015263,0
2021-08-10,205258,0,35220521,0
2021-08-11,193779,0,35414300,0
2021-08-12,168039,0,35582339,0
2021-08-13,148641,0,35730980,0
2021-08-14,66096,0,35797076,0
2021-08-15,26339,0,35823415,0
2021-08-16,114706,0,35938121,0
2021-08-17,129252,0,36067373,0
2021-08-18,128754,0,36196127,0
2021-08-19,124829,0,36320956,0
2021-08-20,123791,0,36444747,0
2021-08-21,83131,0,36527878,0
2021-08-22,68172,0,36596050,0
2021-08-23,176871,0,36772921,0
2021-08-24,156895,0,36929816,0
2021-08-25,177167,0,37106983,0
2021-08-26,172366,0,37279349,0
2021-08-27,185832,0,37465181,0
2021-08-28,140284,0,37605465,0
2021-08-29,98990,0,37704455,0
2021-08-30,209597,0,37914052,0
2021-08-31,194643,0,38108695,0
2021-09-01,192205,0,38300900,0
2021-09-02,189931,0,38490831,0
2021-09-03,191293,0,38682124,0
2021-09-04,131463,0,38813587,0
2021-09-05,87853,0,38901440,0
2021-09-06,193626,0,39095066,0
2021-09-07,196032,0,39291098,0
2021-09-08,187879,0,39478977,0
2021-09-09,201442,0,39680419,0
2021-09-10,198072,0,39878491,0
2021-09-11,141295,0,40019786,0
2021-09-12,89595,0,40109381,0
2021-09-13,191124,611,40300505,611
2021-09-14,177227,622,40477732,1233
2021-09-15,163098,623,40640830,1856
2021-09-16,160068,969,40800898,2825
2021-09-17,150174,1144,40951072,3969
2021-09-18,127981,760,41079053,4729
2021-09-19,81139,502,41160192,5231
2021-09-20,180071,9108,41340263,14339
2021-09-21,166657,8847,41506920,23186
2021-09-22,159100,9449,41666020,32635
2021-09-23,138085,9344,41804105,41979
2021-09-24,140550,8986,41944655,50965
2021-09-25,119563,5657,42064218,56622
2021-09-26,71980,4352,42136198,60974
2021-09-27,135664,10069,42271862,71043
2021-09-28,117510,11411,42389372,82454
2021-09-29,112355,11842,42501727,94296
2021-09-30,110269,14967,42611996,109263
2021-10-01,94992,19123,42706988,128386
2021-10-02,78513,14032,42785501,142418
2021-10-03,47750,7665,42833251,150083
2021-10-04,88384,34468,42921635,184551
2021-10-05,80378,34002,43002013,218553
2021-10-06,71996,34191,43074009,252744
2021-10-07,71869,34362,43145878,287106
2021-10-08,80630,33610,43226508,320716
2021-10-09,76105,22187,43302613,342903
2021-10-10,45781,13625,43348394,356528
2021-10-11,87440,41123,43435834,397651
2021-10-12,84505,46923,43520339,444574
2021-10-13,88207,52139,43608546,496713
2021-10-14,91546,58543,43700092,555256
2021-10-15,93595,55656,43793687,610912
2021-10-16,82971,36810,43876658,647722
2021-10-17,51459,23848,43928117,671570
2021-10-18,90302,59503,44018419,731073
2021-10-19,78348,69396,44096767,800469
2021-10-20,75071,78194,44171838,878663
2021-10-21,78302,81782,44250140,960445
2021-10-22,73781,77060,44323921,1037505
2021-10-23,60830,51967,44384751,1089472
2021-10-24,33371,23473,44418122,1112945
2021-10-25,64907,81646,44483029,1194591
2021-10-26,58375,91821,44541404,1286412
2021-10-27,58329,104015,44599733,1390427
2021-10-28,61454,114140,44661187,1504567
2021-10-29,61638,103161,44722825,1607728
2021-10-30,50676,68133,44773501,1675861
2021-10-31,25162,28303,44798663,1704164
2021-11-01,19048,28157,44817711,1732321
2021-11-02,62742,89422,44880453,1821743
2021-11-03,60728,118679,44941181,1940422
2021-11-04,59246,126685,45000427,2067107
2021-11-05,63097,135209,45063524,2202316
2021-11-06,46481,90935,45110005,2293251
2021-11-07,22253,37900,45132258,2331151
2021-11-08,51530,131290,45183788,2462441
2021-11-09,45400,144223,45229188,2606664
2021-11-10,42591,156362,45271779,2763026
2021-11-11,44930,155155,45316709,2918181
2021-11-12,46319,158657,45363028,3076838
2021-11-13,33265,116666,45396293,3193504
2021-11-14,14492,52456,45410785,3245960
2021-11-15,36910,157440,45447695,3403400
2021-11-16,30562,171396,45478257,3574796
2021-11-17,28467,178452,45506724,3753248
2021-11-18,30289,193746,45537013,3946994
2021-11-19,28811,205874,45565824,4152868
2021-11-20,21003,156455,45586827,4309323
2021-11-21,10611,64866,45597438,4374189
2021-11-22,21946,213159,45619384,4587348
2021-11-23,23592,241764,45642976,4829112
2021-11-24,27797,271030,45670773,5100142
2021-11-25,23246,301929,45694019,5402071
2021-11-26,24592,318287,45718611,5720358
2021-11-27,21392,266166,45740003,5986524
2021-11-28,9903,137064,45749906,6123588
2021-11-29,22353,326074,45772259,6449662
2021-11-30,23108,365852,45795367,6815514
2021-12-01,21532,413513,45816899,7229027
2021-12-02,23773,440430,45840672,7669457
2021-12-03,25269,467502,45865941,8136959
2021-12-04,22384,418787,45888325,8555746
2021-12-05,11938,261358,45900263,8817104
2021-12-06,25833,457619,45926096,9274723
2021-12-07,24152,480286,45950248,9755009
2021-12-08,10019,249712,45960267,10004721
2021-12-09,31608,491953,45991875,10496674
2021-12-10,28084,517917,46019959,11014591
2021-12-11,23581,459265,46043540,11473856
2021-12-12,12311,293521,46055851,11767377
2021-12-13,26168,467641,46082019,12235018
2021-12-14,25190,494223,46107209,12729241
2021-12-15,25357,517181,46132566,13246422
2021-12-16,27907,520286,46160473,13766708
2021-12-17,29378,517199,46189851,14283907
2021-12-18,27081,468761,46216932,14752668
2021-12-19,15160,300539,46232092,15053207
2021-12-20,30650,477498,46262742,15530705
2021-12-21,30402,493416,46293144,16024121
2021-12-22,29471,484733,46322615,16508854
2021-12-23,28267,426929,46350882,16935783
2021-12-24,13120,210836,46364002,17146619
2021-12-25,2103,33053,46366105,17179672
2021-12-26,8769,159074,46374874,17338746
2021-12-27,46822,504679,46421696,17843425
2021-12-28,42486,554234,46464182,18397659
2021-12-29,34378,550663,46498560,18948322
2021-12-30,31866,499849,46530426,19448171
2021-12-31,14133,247403,46544559,19695574
2022-01-01,3499,64815,46548058,19760389
2022-01-02,22801,276724,46570859,20037113
2022-01-03,47898,520029,46618757,20557142
2022-01-04,46420,572098,46665177,21129240
2022-01-05,40794,560406,46705971,21689646
2022-01-06,23511,274490,46729482,21964136
2022-01-07,63749,554206,46793231,22518342
2022-01-08,60919,503405,46854150,23021747
2022-01-09,42909,319694,46897059,23341441
2022-01-10,61131,542315,46958190,23883756
2022-01-11,61782,587015,47019972,24470771
2022-01-12,58501,581299,47078473,25052070
2022-01-13,58660,580415,47137133,25632485
2022-01-14,46866,588599,47183999,26221084
2022-01-15,39477,569962,47223476,26791046
2022-01-16,31269,341884,47254745,27132930
2022-01-17,54817,489676,47309562,27622606
2022-01-18,58432,517039,47367994,28139645
2022-01-19,57239,502811,47425233,28642456
2022-01-20,54374,498838,47479607,29141294
2022-01-21,42136,493885,47521743,29635179
2022-01-22,31239,469608,47552982,30104787
2022-01-23,34953,275385,47587935,30380172
2022-01-24,56197,437236,47644132,30817408
2022-01-25,61574,452119,47705706,31269527
2022-01-26,58564,435838,47764270,31705365
2022-01-27,48860,432385,47813130,32137750
2022-01-28,58724,436550,47871854,32574300
2022-01-29,68156,412501,47940010,32986801
2022-01-30,50397,235977,47990407,33222778
2022-01-31,60660,356938,48051067,33579716
2022-02-01,65575,328452,48116642,33908168
2022-02-02,63219,296983,48179861,34205151
2022-02-03,60070,274521,48239931,34479672
2022-02-04,72391,268463,48312322,34748135
2022-02-05,83794,248539,48396116,34996674
2022-02-06,55300,116207,48451416,35112881
2022-02-07,65163,199941,48516579,35312822
2022-02-08,66936,186118,48583515,35498940
2022-02-09,58768,166335,48642283,35665275
2022-02-10,58588,163239,48700871,35828514
2022-02-11,62259,162466,48763130,35990980
2022-02-12,71988,152147,48835118,36143127
2022-02-13,41475,68852,48876593,36211979
2022-02-14,46699,116187,48923292,36328166
2022-02-15,48544,123479,48971836,36451645
2022-02-16,45678,106122,49017514,36557767
2022-02-17,42868,98114,49060382,36655881
2022-02-18,46626,112579,49107008,36768460
2022-02-19,52541,100334,49159549,36868794
2022-02-20,31409,40366,49190958,36909160
2022-02-21,37888,89653,49228846,36998813
2022-02-22,37224,83777,49266070,37082590
2022-02-23,33397,79409,49299467,37161999
2022-02-24,32556,78161,49332023,37240160
2022-02-25,34763,90709,49366786,37330869
2022-02-26,39158,89134,49405944,37420003
2022-02-27,22545,35857,49428489,37455860
2022-02-28,28481,81690,49456970,37537550
2022-03-01,22722,53940,49479692,37591490
2022-03-02,21953,50682,49501645,37642172
2022-03-03,22620,54947,49524265,37697119
2022-03-04,23234,62798,49547499,37759917
2022-03-05,23798,57951,49571297,37817868
2022-03-06,9471,17201,49580768,37835069
2022-03-07,15917,51389,49596685,37886458
2022-03-08,15477,48796,49612162,37935254
2022-03-09,13813,46518,49625975,37981772
2022-03-10,14050,52119,49640025,38033891
2022-03-11,15584,57264,49655609,38091155
2022-03-12,15505,56618,49671114,38147773
2022-03-13,5544,16850,49676658,38164623
2022-03-14,10525,46699,49687183,38211322
2022-03-15,10548,46893,49697731,38258215
2022-03-16,9482,41973,49707213,38300188
2022-03-17,9717,44873,49716930,38345061
2022-03-18,10158,49057,49727088,38394118
2022-03-19,9150,46533,49736238,38440651
2022-03-20,2609,11702,49738847,38452353
2022-03-21,7579,40223,49746426,38492576
2022-03-22,8448,37758,49754874,38530334
2022-03-23,7214,33700,49762088,38564034
2022-03-24,8258,38804,49770346,38602838
2022-03-25,8139,43667,49778485,38646505
2022-03-26,8125,41721,49786610,38688226
2022-03-27,2430,9682,49789040,38697908
2022-03-28,6108,35238,49795148,38733146
2022-03-29,5777,32528,49800925,38765674
2022-03-30,5566,30201,49806491,38795875
2022-03-31,5897,33179,49812388,38829054
2022-04-01,4348,25189,49816736,38854243
2022-04-02,4494,23273,49821230,38877516
2022-04-03,1049,4500,49822279,38882016
2022-04-04,3657,21542,49825936,38903558
2022-04-05,3756,22931,49829692,38926489
2022-04-06,4102,21853,49833794,38948342
2022-04-07,3965,23320,49837759,38971662
2022-04-08,4692,26712,49842451,38998374
2022-04-09,4382,23885,49846833,39022259
2022-04-10,892,4613,49847725,39026872
2022-04-11,3815,22685,49851540,39049557
2022-04-12,3364,21777,49854904,39071334
2022-04-13,3567,21335,49858471,39092669
2022-04-14,3486,23786,49861957,39116455
2022-04-15,3084,20617,49865041,39137072
2022-04-16,2149,11918,49867190,39148990
2022-04-17,63,348,49867253,39149338
2022-04-18,152,650,49867405,39149988
2022-04-19,3499,21979,49870904,39171967
2022-04-20,3511,20251,49874415,39192218
2022-04-21,2847,19786,49877262,39212004
2022-04-22,2927,20703,49880189,39232707
2022-04-23,2644,16219,49882833,39248926
2022-04-24,509,2334,49883342,39251260
2022-04-25,183,1165,49883525,39252425
2022-04-26,2759,17806,49886284,39270231
2022-04-27,2374,15792,49888658,39286023
2022-04-28,2358,15558,49891016,39301581
2022-04-29,2293,14845,49893309,39316426
2022-04-30,2123,11580,49895432,39328006
2022-05-01,113,531,49895545,39328537
2022-05-02,1450,9391,49896995,39337928
2022-05-03,1576,10318,49898571,39348246
2022-05-04,1746,10267,49900317,39358513
2022-05-05,1653,10285,49901970,39368798
2022-05-06,1702,10956,49903672,39379754
2022-05-07,1431,8567,49905103,39388321
2022-05-08,416,1519,49905519,39389840
2022-05-09,1027,8928,49906546,39398768
2022-05-10,1424,9546,49907970,39408314
2022-05-11,1483,10098,49909453,39418412
2022-05-12,1370,10131,49910823,39428543
2022-05-13,1594,10517,49912417,39439060
2022-05-14,1357,8235,49913774,39447295
2022-05-15,336,1131,49914110,39448426
2022-05-16,813,8405,49914923,39456831
2022-05-17,1243,8696,49916166,39465527
2022-05-18,1372,9232,49917538,39474759
2022-05-19,1500,9277,49919038,39484036
2022-05-20,1421,9514,49920459,39493550
2022-05-21,1300,7899,49921759,39501449
2022-05-22,231,1013,49921990,39502462
2022-05-23,830,8267,49922820,39510729
2022-05-24,1073,8672,49923893,39519401
2022-05-25,1369,9459,49925262,39528860
2022-05-26,1195,9475,49926457,39538335
2022-05-27,1232,9912,49927689,39548247
2022-05-28,1205,7885,49928894,39556132
2022-05-29,286,1266,49929180,39557398
2022-05-30,931,8055,49930111,39565453
2022-05-31,1036,8546,49931147,39573999
2022-06-01,891,7655,49932038,39581654
2022-06-02,35,474,49932073,39582128
2022-06-03,818,7333,49932891,39589461
2022-06-04,870,5162,49933761,39594623
2022-06-05,89,586,49933850,39595209
2022-06-06,678,6991,49934528,39602200
2022-06-07,952,7848,49935480,39610048
2022-06-08,982,7908,49936462,39617956
2022-06-09,1037,8414,49937499,39626370
2022-06-10,958,8564,49938457,39634934
2022-06-11,903,6207,49939360,39641141
2022-06-12,140,768,49939500,39641909
2022-06-13,602,6301,49940102,39648210
2022-06-14,828,7896,49940930,39656106
2022-06-15,955,7852,49941885,39663958
2022-06-16,730,7392,49942615,39671350
2022-06-17,723,7243,49943338,39678593
2022-06-18,777,5593,49944115,39684186
2022-06-19,47,522,49944162,39684708
2022-06-20,587,6700,49944749,39691408
2022-06-21,736,7665,49945485,39699073
2022-06-22,780,7308,49946265,39706381
2022-06-23,651,7466,49946916,39713847
2022-06-24,644,7474,49947560,39721321
2022-06-25,835,6534,49948395,39727855
2022-06-26,128,523,49948523,39728378
2022-06-27,532,7123,49949055,39735501
2022-06-28,745,8206,49949800,39743707
2022-06-29,756,7728,49950556,39751435
2022-06-30,746,8143,49951302,39759578
2022-07-01,577,6443,49951879,39766021
2022-07-02,536,4769,49952415,39770790
2022-07-03,49,456,49952464,39771246
2022-07-04,469,6277,49952933,39777523
2022-07-05,628,8118,49953561,39785641
2022-07-06,633,7610,49954194,39793251
2022-07-07,571,8269,49954765,39801520
2022-07-08,673,8083,49955438,39809603
2022-07-09,550,6104,49955988,39815707
2022-07-10,58,533,49956046,39816240
2022-07-11,487,7638,49956533,39823878
2022-07-12,667,9027,49957200,39832905
2022-07-13,641,10067,49957841,39842972
2022-07-14,635,10225,49958476,39853197
2022-07-15,625,10667,49959101,39863864
2022-07-16,522,7214,49959623,39871078
2022-07-17,48,770,49959671,39871848
2022-07-18,497,9369,49960168,39881217
2022-07-19,574,10682,49960742,39891899
2022-07-20,580,11272,49961322,39903171
2022-07-21,627,12085,49961949,39915256
2022-07-22,583,11258,49962532,39926514
2022-07-23,379,6771,49962911,39933285
2022-07-24,76,857,49962987,39934142
2022-07-25,503,9052,49963490,39943194
2022-07-26,519,9757,49964009,39952951
2022-07-27,550,10201,49964559,39963152
2022-07-28,530,10529,49965089,39973681
2022-07-29,510,9465,49965599,39983146
2022-07-30,382,5881,49965981,39989027
2022-07-31,49,764,49966030,39989791
2022-08-01,386,6864,49966416,39996655
2022-08-02,539,7583,49966955,40004238
2022-08-03,513,7174,49967468,40011412
2022-08-04,455,7489,49967923,40018901
2022-08-05,420,6519,49968343,40025420
2022-08-06,298,3611,49968641,40029031
2022-08-07,44,562,49968685,40029593
2022-08-08,402,4893,49969087,40034486
2022-08-09,382,5308,49969469,40039794
2022-08-10,381,4814,49969850,40044608
2022-08-11,366,4777,49970216,40049385
2022-08-12,292,3721,49970508,40053106
2022-08-13,143,1600,49970651,40054706
2022-08-14,9,129,49970660,40054835
2022-08-15,1,26,49970661,40054861
2022-08-16,283,3043,49970944,40057904
2022-08-17,352,3536,49971296,40061440
2022-08-18,390,4160,49971686,40065600
2022-08-19,341,3318,49972027,40068918
2022-08-20,183,1715,49972210,40070633
2022-08-21,24,149,49972234,40070782
2022-08-22,329,2950,49972563,40073732
2022-08-23,370,3674,49972933,40077406
2022-08-24,383,3359,49973316,40080765
2022-08-25,421,3772,49973737,40084537
2022-08-26,396,3571,49974133,40088108
2022-08-27,237,1769,49974370,40089877
2022-08-28,29,267,49974399,40090144
2022-08-29,354,3161,49974753,40093305
2022-08-30,403,3669,49975156,40096974
2022-08-31,437,3734,49975593,40100708
2022-09-01,352,3117,49975945,40103825
2022-09-02,296,2890,49976241,40106715
2022-09-03,199,1688,49976440,40108403
2022-09-04,23,149,49976463,40108552
2022-09-05,186,2655,49976649,40111207
2022-09-06,303,2988,49976952,40114195
2022-09-07,540,2935,49977492,40117130
2022-09-08,291,2960,49977783,40120090
2022-09-09,304,2885,49978087,40122975
2022-09-10,227,1326,49978314,40124301
2022-09-11,21,124,49978335,40124425
2022-09-12,267,2263,49978602,40126688
2022-09-13,251,2274,49978853,40128962
2022-09-14,263,2564,49979116,40131526
2022-09-15,280,2491,49979396,40134017
2022-09-16,253,2544,49979649,40136561
2022-09-17,239,1339,49979888,40137900
2022-09-18,20,170,49979908,40138070
2022-09-19,205,1969,49980113,40140039
2022-09-20,236,2384,49980349,40142423
2022-09-21,289,2525,49980638,40144948
2022-09-22,263,2647,49980901,40147595
2022-09-23,257,2533,49981158,40150128
2022-09-24,193,1427,49981351,40151555
2022-09-25,28,133,49981379,40151688
2022-09-26,280,2247,49981659,40153935
2022-09-27,286,2671,49981945,40156606
2022-09-28,308,2888,49982253,40159494
2022-09-29,256,3043,49982509,40162537
2022-09-30,290,2971,49982799,40165508
2022-10-01,193,1513,49982992,40167021
2022-10-02,11,187,49983003,40167208
2022-10-03,181,2469,49983184,40169677
2022-10-04,235,2854,49983419,40172531
2022-10-05,224,3215,49983643,40175746
2022-10-06,241,3836,49983884,40179582
2022-10-07,282,4157,49984166,40183739
2022-10-08,200,2234,49984366,40185973
2022-10-09,8,304,49984374,40186277
2022-10-10,206,3336,49984580,40189613
2022-10-11,191,4343,49984771,40193956
2022-10-12,207,4410,49984978,40198366
2022-10-13,200,5287,49985178,40203653
2022-10-14,229,5012,49985407,40208665
2022-10-15,187,2665,49985594,40211330
2022-10-16,6,358,49985600,40211688
2022-10-17,186,3857,49985786,40215545
2022-10-18,255,4942,49986041,40220487
2022-10-19,235,5432,49986276,40225919
2022-10-20,221,5952,49986497,40231871
2022-10-21,251,5412,49986748,40237283
2022-10-22,194,2899,49986942,40240182
2022-10-23,13,355,49986955,40240537
2022-10-24,169,3888,49987124,40244425
2022-10-25,247,4860,49987371,40249285
2022-10-26,307,5371,49987678,40254656
2022-10-27,234,5527,49987912,40260183
2022-10-28,197,5033,49988109,40265216
2022-10-29,126,2540,49988235,40267756
2022-10-30,3,281,49988238,40268037
2022-10-31,113,2981,49988351,40271018
2022-11-01,10,326,49988361,40271344
2022-11-02,143,3468,49988504,40274812
2022-11-03,92,2141,49988596,40276953