data_somministrazione,vaccinazioni,booster,cum_vaccinazioni,cum_booster
2020-12-27,22,0,22,0
2020-12-28,2,0,24,0
2020-12-29,1,0,25,0
2020-12-30,8,0,33,0
2020-12-31,80,0,113,0
2021-01-01,26,0,139,0
2021-01-02,150,0,289,0
2021-01-03,112,0,401,0
2021-01-04,246,0,647,0
2021-01-05,291,0,938,0
2021-01-06,262,0,1200,0
2021-01-07,331,0,1531,0
2021-01-08,385,0,1916,0
2021-01-09,290,0,2206,0
2021-01-10,172,0,2378,0
2021-01-11,312,0,2690,0
2021-01-12,292,0,2982,0
2021-01-13,425,0,3407,0
2021-01-14,506,0,3913,0
2021-01-15,327,0,4240,0
2021-01-16,225,0,4465,0
2021-01-17,3065,0,7530,0
2021-01-18,5221,0,12751,0
2021-01-19,1896,0,14647,0
2021-01-20,4660,0,19307,0
2021-01-21,20004,0,39311,0
2021-01-22,14220,0,53531,0
2021-01-23,33317,0,86848,0
2021-01-24,30775,0,117623,0
2021-01-25,64698,0,182321,0
2021-01-26,76456,0,258777,0
2021-01-27,64805,0,323582,0
2021-01-28,89244,0,412826,0
2021-01-29,93991,0,506817,0
2021-01-30,86538,0,593355,0
2021-01-31,57320,0,650675,0
2021-02-01,81833,0,732508,0
2021-02-02,82126,0,814634,0
2021-02-03,91101,0,905735,0
2021-02-04,95381,0,1001116,0
2021-02-05,90263,0,1091379,0
2021-02-06,63450,0,1154829,0
2021-02-07,32935,0,1187764,0
2021-02-08,40421,0,1228185,0
2021-02-09,32880,0,1261065,0
2021-02-10,28440,0,1289505,0
2021-02-11,20408,0,1309913,0
2021-02-12,16252,0,1326165,0
2021-02-13,7281,0,1333446,0
2021-02-14,2862,0,1336308,0
2021-02-15,6851,0,1343159,0
2021-02-16,7008,0,1350167,0
2021-02-17,10526,0,1360693,0
2021-02-18,9258,0,1369951,0
2021-02-19,8259,0,1378210,0
2021-02-20,5585,0,1383795,0
2021-02-21,3015,0,1386810,0
2021-02-22,6884,0,1393694,0
2021-02-23,7191,0,1400885,0
2021-02-24,9815,0,1410700,0
2021-02-25,14215,0,1424915,0
2021-02-26,17563,0,1442478,0
2021-02-27,13925,0,1456403,0
2021-02-28,9399,0,1465802,0
2021-03-01,26533,0,1492335,0
2021-03-02,33247,0,1525582,0
2021-03-03,44652,0,1570234,0
2021-03-04,50304,0,1620538,0
2021-03-05,55745,0,1676283,0
2021-03-06,41887,0,1718170,0
2021-03-07,22332,0,1740502,0
2021-03-08,50840,0,1791342,0
2021-03-09,53095,0,1844437,0
2021-03-10,58701,0,1903138,0
2021-03-11,63895,0,1967033,0
2021-03-12,65146,0,2032179,0
2021-03-13,51732,0,2083911,0
2021-03-14,35428,0,2119339,0
2021-03-15,73463,0,2192802,0
2021-03-16,74030,0,2266832,0
2021-03-17,83146,0,2349978,0
2021-03-18,81634,0,2431612,0
2021-03-19,81091,0,2512703,0
2021-03-20,64746,0,2577449,0
2021-03-21,47312,0,2624761,0
2021-03-22,69506,0,2694267,0
2021-03-23,75822,0,2770089,0
2021-03-24,90940,0,2861029,0
2021-03-25,89830,0,2950859,0
2021-03-26,83645,0,3034504,0
2021-03-27,71965,0,3106469,0
2021-03-28,44192,0,3150661,0
2021-03-29,70852,0,3221513,0
2021-03-30,81420,0,3302933,0
2021-03-31,96267,0,3399200,0
2021-04-01,95345,0,3494545,0
2021-04-02,84089,0,3578634,0
2021-04-03,64315,0,3642949,0
2021-04-04,21726,0,3664675,0
2021-04-05,40326,0,3705001,0
2021-04-06,81352,0,3786353,0
2021-04-07,95851,0,3882204,0
2021-04-08,95268,0,3977472,0
2021-04-09,88510,0,4065982,0
2021-04-10,74040,0,4140022,0
2021-04-11,44774,0,4184796,0
2021-04-12,66929,0,4251725,0
2021-04-13,72601,0,4324326,0
2021-04-14,85560,0,4409886,0
2021-04-15,105427,0,4515313,0
2021-04-16,106436,0,4621749,0
2021-04-17,90533,0,4712282,0
2021-04-18,58599,0,4770881,0
2021-04-19,93447,0,4864328,0
2021-04-20,103783,0,4968111,0
2021-04-21,125346,0,5093457,0
2021-04-22,143539,0,5236996,0
2021-04-23,138765,0,5375761,0
2021-04-24,124455,0,5500216,0
2021-04-25,61471,0,5561687,0
2021-04-26,97920,0,5659607,0
2021-04-27,128381,0,5787988,0
2021-04-28,156403,0,5944391,0
2021-04-29,195627,0,6140018,0
2021-04-30,214623,0,6354641,0
2021-05-01,174150,0,6528791,0
2021-05-02,135818,0,6664609,0
2021-05-03,142083,0,6806692,0
2021-05-04,158720,0,6965412,0
2021-05-05,170557,0,7135969,0
2021-05-06,197838,0,7333807,0
2021-05-07,213891,0,7547698,0
2021-05-08,213444,0,7761142,0
2021-05-09,143224,0,7904366,0
2021-05-10,165112,0,8069478,0
2021-05-11,175019,0,8244497,0
2021-05-12,179238,0,8423735,0
2021-05-13,203429,0,8627164,0
2021-05-14,222953,0,8850117,0
2021-05-15,210398,0,9060515,0
2021-05-16,159296,0,9219811,0
2021-05-17,219229,0,9439040,0
2021-05-18,213036,0,9652076,0
2021-05-19,207109,0,9859185,0
2021-05-20,270914,0,10130099,0
2021-05-21,270918,0,10401017,0
2021-05-22,245553,0,10646570,0
2021-05-23,197199,0,10843769,0
2021-05-24,228314,0,11072083,0
2021-05-25,245704,0,11317787,0
2021-05-26,277578,0,11595365,0
2021-05-27,311112,0,11906477,0
2021-05-28,299593,0,12206070,0
2021-05-29,231262,0,12437332,0
2021-05-30,170858,0,12608190,0
2021-05-31,216445,0,12824635,0
2021-06-01,207647,0,13032282,0
2021-06-02,115812,0,13148094,0
2021-06-03,180190,0,13328284,0
2021-06-04,184939,0,13513223,0
2021-06-05,186017,0,13699240,0
2021-06-06,139605,0,13838845,0
2021-06-07,161925,0,14000770,0
2021-06-08,171313,0,14172083,0
2021-06-09,171542,0,14343625,0
2021-06-10,174184,0,14517809,0
2021-06-11,170065,0,14687874,0
2021-06-12,128420,0,14816294,0
2021-06-13,91255,0,14907549,0
2021-06-14,214720,0,15122269,0
2021-06-15,228473,0,15350742,0
2021-06-16,253121,0,15603863,0
2021-06-17,301800,0,15905663,0
2021-06-18,306347,0,16212010,0
2021-06-19,275143,0,16487153,0
2021-06-20,220838,0,16707991,0
2021-06-21,288122,0,16996113,0
2021-06-22,296276,0,17292389,0
2021-06-23,302719,0,17595108,0
2021-06-24,332636,0,17927744,0
2021-06-25,348747,0,18276491,0
2021-06-26,300157,0,18576648,0
2021-06-27,228706,0,18805354,0
2021-06-28,307172,0,19112526,0
2021-06-29,329360,0,19441886,0
2021-06-30,342240,0,19784126,0
2021-07-01,363263,0,20147389,0
2021-07-02,368514,0,20515903,0
2021-07-03,371108,0,20887011,0
2021-07-04,283252,0,21170263,0
2021-07-05,384569,0,21554832,0
2021-07-06,385494,0,21940326,0
2021-07-07,412141,0,22352467,0
2021-07-08,479583,0,22832050,0
2021-07-09,498462,0,23330512,0
2021-07-10,475173,0,23805685,0
2021-07-11,357688,0,24163373,0
2021-07-12,485871,0,24649244,0
2021-07-13,492060,0,25141304,0
2021-07-14,480429,0,25621733,0
2021-07-15,523407,0,26145140,0
2021-07-16,509738,0,26654878,0
2021-07-17,464317,0,27119195,0
2021-07-18,364625,0,27483820,0
2021-07-19,463030,0,27946850,0
2021-07-20,458043,0,28404893,0
2021-07-21,462787,0,28867680,0
2021-07-22,475372,0,29343052,0
2021-07-23,441325,0,29784377,0
2021-07-24,386142,0,30170519,0
2021-07-25,287536,0,30458055,0
2021-07-26,430889,0,30888944,0
2021-07-27,440101,0,31329045,0
2021-07-28,391012,0,31720057,0
2021-07-29,372072,0,32092129,0
2021-07-30,341524,0,32433653,0
2021-07-31,287051,0,32720704,0
2021-08-01,190995,0,32911699,0
2021-08-02,333711,0,33245410,0
2021-08-03,323183,0,33568593,0
2021-08-04,310997,0,33879590,0
2021-08-05,292478,0,34172068,0
2021-08-06,260047,0,34432115,0
2021-08-07,199071,0,34631186,0
2021-08-08,153108,0,34784294,0
2021-08-09,234083,0,35018377,0
2021-08-10,205298,0,35223675,0
2021-08-11,193802,0,35417477,0
2021-08-12,168079,0,35585556,0
2021-08-13,148676,0,35734232,0
2021-08-14,66104,0,35800336,0
2021-08-15,26345,0,35826681,0
2021-08-16,114724,0,35941405,0
2021-08-17,129262,0,36070667,0
2021-08-18,128762,0,36199429,0
2021-08-19,124867,0,36324296,0
2021-08-20,123797,0,36448093,0
2021-08-21,83135,0,36531228,0
2021-08-22,68183,0,36599411,0
2021-08-23,176870,0,36776281,0
2021-08-24,156889,0,36933170,0
2021-08-25,177169,0,37110339,0
2021-08-26,172349,0,37282688,0
2021-08-27,185828,0,37468516,0
2021-08-28,140296,0,37608812,0
2021-08-29,98998,0,37707810,0
2021-08-30,209582,0,37917392,0
2021-08-31,194641,0,38112033,0
2021-09-01,192215,0,38304248,0
2021-09-02,189927,0,38494175,0
2021-09-03,191278,0,38685453,0
2021-09-04,131437,0,38816890,0
2021-09-05,87840,0,38904730,0
2021-09-06,193599,0,39098329,0
2021-09-07,196041,0,39294370,0
2021-09-08,187858,0,39482228,0
2021-09-09,201416,0,39683644,0
2021-09-10,198047,0,39881691,0
2021-09-11,141289,0,40022980,0
2021-09-12,89590,0,40112570,0
2021-09-13,191097,665,40303667,665
2021-09-14,177204,663,40480871,1328
2021-09-15,163081,658,40643952,1986
2021-09-16,160033,1018,40803985,3004
2021-09-17,150153,1177,40954138,4181
2021-09-18,127985,784,41082123,4965
2021-09-19,81142,513,41163265,5478
2021-09-20,180057,9139,41343322,14617
2021-09-21,166676,8867,41509998,23484
2021-09-22,159125,9465,41669123,32949
2021-09-23,138109,9361,41807232,42310
2021-09-24,140549,9023,41947781,51333
2021-09-25,119564,5679,42067345,57012
2021-09-26,71990,4371,42139335,61383
2021-09-27,135673,10092,42275008,71475
2021-09-28,117520,11439,42392528,82914
2021-09-29,112383,11857,42504911,94771
2021-09-30,110296,14987,42615207,109758
2021-10-01,95004,19145,42710211,128903
2021-10-02,78529,14048,42788740,142951
2021-10-03,47760,7672,42836500,150623
2021-10-04,88392,34491,42924892,185114
2021-10-05,80385,34023,43005277,219137
2021-10-06,72007,34221,43077284,253358
2021-10-07,71882,34382,43149166,287740
2021-10-08,80651,33629,43229817,321369
2021-10-09,76117,22202,43305934,343571
2021-10-10,45795,13632,43351729,357203
2021-10-11,87447,41137,43439176,398340
2021-10-12,84514,46940,43523690,445280
2021-10-13,88226,52175,43611916,497455
2021-10-14,91558,58564,43703474,556019
2021-10-15,93600,55688,43797074,611707
2021-10-16,82977,36834,43880051,648541
2021-10-17,51461,23864,43931512,672405
2021-10-18,90301,59529,44021813,731934
2021-10-19,78352,69424,44100165,801358
2021-10-20,75060,78216,44175225,879574
2021-10-21,78282,81826,44253507,961400
2021-10-22,73765,77092,44327272,1038492
2021-10-23,60838,51977,44388110,1090469
2021-10-24,33369,23483,44421479,1113952
2021-10-25,64894,81673,44486373,1195625
2021-10-26,58372,91846,44544745,1287471
2021-10-27,58317,104045,44603062,1391516
2021-10-28,61443,114166,44664505,1505682
2021-10-29,61621,103201,44726126,1608883
2021-10-30,50671,68162,44776797,1677045
2021-10-31,25158,28315,44801955,1705360
2021-11-01,19050,28159,44821005,1733519
2021-11-02,62738,89448,44883743,1822967
2021-11-03,60714,118708,44944457,1941675
2021-11-04,59238,126709,45003695,2068384
2021-11-05,63091,135234,45066786,2203618
2021-11-06,46495,90946,45113281,2294564
2021-11-07,22248,37908,45135529,2332472
2021-11-08,51523,131301,45187052,2463773
2021-11-09,45403,144238,45232455,2608011
2021-11-10,42593,156382,45275048,2764393
2021-11-11,44931,155181,45319979,2919574
2021-11-12,46301,158713,45366280,3078287
2021-11-13,33272,116683,45399552,3194970
2021-11-14,14490,52462,45414042,3247432
2021-11-15,36907,157449,45450949,3404881
2021-11-16,30569,171416,45481518,3576297
2021-11-17,28469,178469,45509987,3754766
2021-11-18,30297,193770,45540284,3948536
2021-11-19,28825,205889,45569109,4154425
2021-11-20,21015,156461,45590124,4310886
2021-11-21,10613,64870,45600737,4375756
2021-11-22,21959,213164,45622696,4588920
2021-11-23,23609,241803,45646305,4830723
2021-11-24,27770,271103,45674075,5101826
2021-11-25,23269,301953,45697344,5403779
2021-11-26,24600,318314,45721944,5722093
2021-11-27,21419,266177,45743363,5988270
2021-11-28,9911,137071,45753274,6125341
2021-11-29,22370,326082,45775644,6451423
2021-11-30,23121,365863,45798765,6817286
2021-12-01,21564,413546,45820329,7230832
2021-12-02,23799,440445,45844128,7671277
2021-12-03,25283,467548,45869411,8138825
2021-12-04,22392,418813,45891803,8557638
2021-12-05,11944,261369,45903747,8819007
2021-12-06,25850,457637,45929597,9276644
2021-12-07,24171,480311,45953768,9756955
2021-12-08,10033,249725,45963801,10006680
2021-12-09,31628,491969,45995429,10498649
2021-12-10,28110,517940,46023539,11016589
2021-12-11,23595,459288,46047134,11475877
2021-12-12,12328,293538,46059462,11769415
2021-12-13,26186,467663,46085648,12237078
2021-12-14,25209,494245,46110857,12731323
2021-12-15,25383,517190,46136240,13248513
2021-12-16,27938,520311,46164178,13768824
2021-12-17,29405,517229,46193583,14286053
2021-12-18,27117,468788,46220700,14754841
2021-12-19,15173,300548,46235873,15055389
2021-12-20,30685,477513,46266558,15532902
2021-12-21,30424,493451,46296982,16026353
2021-12-22,29494,484761,46326476,16511114
2021-12-23,28291,426972,46354767,16938086
2021-12-24,13127,210846,46367894,17148932
2021-12-25,2104,33053,46369998,17181985
2021-12-26,8784,159077,46378782,17341062
2021-12-27,46851,504703,46425633,17845765
2021-12-28,42513,554270,46468146,18400035
2021-12-29,34408,550687,46502554,18950722
2021-12-30,31905,499871,46534459,19450593
2021-12-31,14152,247410,46548611,19698003
2022-01-01,3503,64815,46552114,19762818
2022-01-02,22842,276729,46574956,20039547
2022-01-03,47967,520042,46622923,20559589
2022-01-04,46495,572107,46669418,21131696
2022-01-05,40865,560430,46710283,21692126
2022-01-06,23545,274489,46733828,21966615
2022-01-07,63817,554228,46797645,22520843
2022-01-08,61005,503426,46858650,23024269
2022-01-09,42980,319709,46901630,23343978
2022-01-10,61189,542330,46962819,23886308
2022-01-11,61881,587041,47024700,24473349
2022-01-12,58575,581316,47083275,25054665
2022-01-13,58731,580438,47142006,25635103
2022-01-14,46960,588624,47188966,26223727
2022-01-15,39607,570002,47228573,26793729
2022-01-16,31334,341899,47259907,27135628
2022-01-17,54864,489698,47314771,27625326
2022-01-18,58484,517059,47373255,28142385
2022-01-19,57283,502825,47430538,28645210
2022-01-20,54435,498865,47484973,29144075
2022-01-21,42196,493905,47527169,29637980
2022-01-22,31317,469624,47558486,30107604
2022-01-23,34987,275392,47593473,30382996
2022-01-24,56234,437256,47649707,30820252
2022-01-25,61608,452135,47711315,31272387
2022-01-26,58605,435851,47769920,31708238
2022-01-27,48903,432420,47818823,32140658
2022-01-28,58771,436570,47877594,32577228
2022-01-29,68199,412520,47945793,32989748
2022-01-30,50416,235991,47996209,33225739
2022-01-31,60728,356955,48056937,33582694
2022-02-01,65626,328472,48122563,33911166
2022-02-02,63255,297003,48185818,34208169
2022-02-03,60098,274542,48245916,34482711
2022-02-04,72417,268476,48318333,34751187
2022-02-05,83823,248560,48402156,34999747
2022-02-06,55309,116208,48457465,35115955
2022-02-07,65192,199949,48522657,35315904
2022-02-08,66959,186133,48589616,35502037
2022-02-09,58780,166356,48648396,35668393
2022-02-10,58604,163256,48707000,35831649
2022-02-11,62279,162482,48769279,35994131
2022-02-12,72018,152157,48841297,36146288
2022-02-13,41488,68859,48882785,36215147
2022-02-14,46713,116196,48929498,36331343
2022-02-15,48573,123482,48978071,36454825
2022-02-16,45701,106131,49023772,36560956
2022-02-17,42876,98128,49066648,36659084
2022-02-18,46638,112591,49113286,36771675
2022-02-19,52548,100341,49165834,36872016
2022-02-20,31416,40367,49197250,36912383
2022-02-21,37903,89660,49235153,37002043
2022-02-22,37227,83786,49272380,37085829
2022-02-23,33404,79407,49305784,37165236
2022-02-24,32562,78169,49338346,37243405
2022-02-25,34775,90714,49373121,37334119
2022-02-26,39163,89139,49412284,37423258
2022-02-27,22548,35859,49434832,37459117
2022-02-28,28491,81699,49463323,37540816
2022-03-01,22734,53943,49486057,37594759
2022-03-02,21935,50714,49507992,37645473
2022-03-03,22641,54947,49530633,37700420
2022-03-04,23244,62801,49553877,37763221
2022-03-05,23805,57953,49577682,37821174
2022-03-06,9473,17201,49587155,37838375
2022-03-07,15927,51391,49603082,37889766
2022-03-08,15481,48797,49618563,37938563
2022-03-09,13815,46518,49632378,37985081
2022-03-10,14061,52128,49646439,38037209
2022-03-11,15593,57274,49662032,38094483
2022-03-12,15514,56620,49677546,38151103
2022-03-13,5545,16852,49683091,38167955
2022-03-14,10528,46703,49693619,38214658
2022-03-15,10555,46895,49704174,38261553
2022-03-16,9486,41979,49713660,38303532
2022-03-17,9727,44877,49723387,38348409
2022-03-18,10164,49059,49733551,38397468
2022-03-19,9152,46540,49742703,38444008
2022-03-20,2608,11704,49745311,38455712
2022-03-21,7587,40233,49752898,38495945
2022-03-22,8448,37768,49761346,38533713
2022-03-23,7221,33701,49768567,38567414
2022-03-24,8261,38821,49776828,38606235
2022-03-25,8144,43673,49784972,38649908
2022-03-26,8129,41722,49793101,38691630
2022-03-27,2432,9683,49795533,38701313
2022-03-28,6112,35245,49801645,38736558
2022-03-29,5783,32532,49807428,38769090
2022-03-30,5567,30205,49812995,38799295
2022-03-31,5906,33186,49818901,38832481
2022-04-01,4351,25189,49823252,38857670
2022-04-02,4497,23275,49827749,38880945
2022-04-03,1049,4500,49828798,38885445
2022-04-04,3662,21547,49832460,38906992
2022-04-05,3758,22938,49836218,38929930
2022-04-06,4105,21853,49840323,38951783
2022-04-07,3970,23321,49844293,38975104
2022-04-08,4696,26716,49848989,39001820
2022-04-09,4382,23889,49853371,39025709
2022-04-10,893,4613,49854264,39030322
2022-04-11,3820,22689,49858084,39053011
2022-04-12,3364,21780,49861448,39074791
2022-04-13,3574,21337,49865022,39096128
2022-04-14,3487,23789,49868509,39119917
2022-04-15,3086,20621,49871595,39140538
2022-04-16,2152,11918,49873747,39152456
2022-04-17,63,348,49873810,39152804
2022-04-18,152,650,49873962,39153454
2022-04-19,3500,21985,49877462,39175439
2022-04-20,3513,20250,49880975,39195689
2022-04-21,2848,19793,49883823,39215482
2022-04-22,2928,20714,49886751,39236196
2022-04-23,2648,16222,49889399,39252418
2022-04-24,509,2334,49889908,39254752
2022-04-25,183,1165,49890091,39255917
2022-04-26,2761,17811,49892852,39273728
2022-04-27,2374,15795,49895226,39289523
2022-04-28,2363,15567,49897589,39305090
2022-04-29,2298,14850,49899887,39319940
2022-04-30,2123,11585,49902010,39331525
2022-05-01,113,531,49902123,39332056
2022-05-02,1451,9393,49903574,39341449
2022-05-03,1577,10326,49905151,39351775
2022-05-04,1747,10276,49906898,39362051
2022-05-05,1654,10301,49908552,39372352
2022-05-06,1702,10972,49910254,39383324
2022-05-07,1431,8573,49911685,39391897
2022-05-08,417,1526,49912102,39393423
2022-05-09,1029,8934,49913131,39402357
2022-05-10,1426,9553,49914557,39411910
2022-05-11,1484,10109,49916041,39422019
2022-05-12,1371,10137,49917412,39432156
2022-05-13,1596,10525,49919008,39442681
2022-05-14,1360,8246,49920368,39450927
2022-05-15,336,1137,49920704,39452064
2022-05-16,814,8409,49921518,39460473
2022-05-17,1244,8707,49922762,39469180
2022-05-18,1373,9256,49924135,39478436
2022-05-19,1501,9287,49925636,39487723
2022-05-20,1426,9535,49927062,39497258
2022-05-21,1302,7902,49928364,39505160
2022-05-22,231,1013,49928595,39506173
2022-05-23,830,8273,49929425,39514446
2022-05-24,1073,8673,49930498,39523119
2022-05-25,1372,9460,49931870,39532579
2022-05-26,1198,9480,49933068,39542059
2022-05-27,1232,9917,49934300,39551976
2022-05-28,1205,7890,49935505,39559866
2022-05-29,288,1265,49935793,39561131
2022-05-30,931,8058,49936724,39569189
2022-05-31,1039,8549,49937763,39577738
2022-06-01,895,7657,49938658,39585395
2022-06-02,35,474,49938693,39585869
2022-06-03,817,7334,49939510,39593203
2022-06-04,870,5162,49940380,39598365
2022-06-05,89,586,49940469,39598951
2022-06-06,679,7004,49941148,39605955
2022-06-07,952,7850,49942100,39613805
2022-06-08,981,7906,49943081,39621711
2022-06-09,1037,8418,49944118,39630129
2022-06-10,958,8563,49945076,39638692
2022-06-11,904,6206,49945980,39644898
2022-06-12,140,768,49946120,39645666
2022-06-13,602,6301,49946722,39651967
2022-06-14,832,7904,49947554,39659871
2022-06-15,960,7856,49948514,39667727
2022-06-16,733,7397,49949247,39675124
2022-06-17,723,7248,49949970,39682372
2022-06-18,778,5596,49950748,39687968
2022-06-19,49,521,49950797,39688489
2022-06-20,587,6699,49951384,39695188
2022-06-21,741,7664,49952125,39702852
2022-06-22,779,7312,49952904,39710164
2022-06-23,648,7472,49953552,39717636
2022-06-24,644,7474,49954196,39725110
2022-06-25,835,6533,49955031,39731643
2022-06-26,128,523,49955159,39732166
2022-06-27,534,7126,49955693,39739292
2022-06-28,747,8207,49956440,39747499
2022-06-29,756,7733,49957196,39755232
2022-06-30,747,8145,49957943,39763377
2022-07-01,577,6443,49958520,39769820
2022-07-02,536,4769,49959056,39774589
2022-07-03,49,456,49959105,39775045
2022-07-04,469,6278,49959574,39781323
2022-07-05,631,8122,49960205,39789445
2022-07-06,634,7611,49960839,39797056
2022-07-07,576,8273,49961415,39805329
2022-07-08,677,8086,49962092,39813415
2022-07-09,550,6105,49962642,39819520
2022-07-10,58,533,49962700,39820053
2022-07-11,493,7642,49963193,39827695
2022-07-12,669,9030,49963862,39836725
2022-07-13,645,10067,49964507,39846792
2022-07-14,637,10224,49965144,39857016
2022-07-15,626,10674,49965770,39867690
2022-07-16,523,7215,49966293,39874905
2022-07-17,48,770,49966341,39875675
2022-07-18,496,9374,49966837,39885049
2022-07-19,575,10684,49967412,39895733
2022-07-20,582,11277,49967994,39907010
2022-07-21,630,12093,49968624,39919103
2022-07-22,584,11262,49969208,39930365
2022-07-23,381,6775,49969589,39937140
2022-07-24,76,857,49969665,39937997
2022-07-25,503,9056,49970168,39947053
2022-07-26,522,9764,49970690,39956817
2022-07-27,554,10210,49971244,39967027
2022-07-28,532,10535,49971776,39977562
2022-07-29,511,9466,49972287,39987028
2022-07-30,383,5883,49972670,39992911
2022-07-31,49,764,49972719,39993675
2022-08-01,386,6865,49973105,40000540
2022-08-02,548,7590,49973653,40008130
2022-08-03,513,7179,49974166,40015309
2022-08-04,455,7492,49974621,40022801
2022-08-05,421,6526,49975042,40029327
2022-08-06,299,3613,49975341,40032940
2022-08-07,44,563,49975385,40033503
2022-08-08,403,4890,49975788,40038393
2022-08-09,381,5313,49976169,40043706
2022-08-10,385,4816,49976554,40048522
2022-08-11,369,4804,49976923,40053326
2022-08-12,294,3719,49977217,40057045
2022-08-13,143,1600,49977360,40058645
2022-08-14,9,129,49977369,40058774
2022-08-15,1,26,49977370,40058800
2022-08-16,283,3043,49977653,40061843
2022-08-17,352,3536,49978005,40065379
2022-08-18,393,4160,49978398,40069539
2022-08-19,341,3319,49978739,40072858
2022-08-20,183,1715,49978922,40074573
2022-08-21,24,149,49978946,40074722
2022-08-22,330,2952,49979276,40077674
2022-08-23,370,3674,49979646,40081348
2022-08-24,384,3360,49980030,40084708
2022-08-25,423,3773,49980453,40088481
2022-08-26,400,3574,49980853,40092055
2022-08-27,237,1770,49981090,40093825
2022-08-28,29,267,49981119,40094092
2022-08-29,354,3161,49981473,40097253
2022-08-30,405,3672,49981878,40100925
2022-08-31,438,3734,49982316,40104659
2022-09-01,353,3116,49982669,40107775
2022-09-02,296,2894,49982965,40110669
2022-09-03,200,1689,49983165,40112358
2022-09-04,24,149,49983189,40112507
2022-09-05,187,2656,49983376,40115163
2022-09-06,306,2983,49983682,40118146
2022-09-07,542,2936,49984224,40121082
2022-09-08,293,2963,49984517,40124045
2022-09-09,306,2886,49984823,40126931
2022-09-10,228,1326,49985051,40128257
2022-09-11,23,124,49985074,40128381
2022-09-12,267,2269,49985341,40130650
2022-09-13,252,2277,49985593,40132927
2022-09-14,266,2566,49985859,40135493
2022-09-15,282,2501,49986141,40137994
2022-09-16,256,2546,49986397,40140540
2022-09-17,239,1339,49986636,40141879
2022-09-18,20,170,49986656,40142049
2022-09-19,206,1971,49986862,40144020
2022-09-20,235,2392,49987097,40146412
2022-09-21,289,2526,49987386,40148938
2022-09-22,267,2663,49987653,40151601
2022-09-23,259,2545,49987912,40154146
2022-09-24,193,1427,49988105,40155573
2022-09-25,29,133,49988134,40155706
2022-09-26,280,2248,49988414,40157954
2022-09-27,287,2683,49988701,40160637
2022-09-28,310,2906,49989011,40163543
2022-09-29,257,3049,49989268,40166592
2022-09-30,292,2989,49989560,40169581
2022-10-01,195,1515,49989755,40171096
2022-10-02,12,187,49989767,40171283
2022-10-03,185,2475,49989952,40173758
2022-10-04,236,2862,49990188,40176620
2022-10-05,229,3252,49990417,40179872
2022-10-06,243,3874,49990660,40183746
2022-10-07,283,4189,49990943,40187935
2022-10-08,204,2270,49991147,40190205
2022-10-09,8,305,49991155,40190510
2022-10-10,212,3356,49991367,40193866
2022-10-11,194,4379,49991561,40198245
2022-10-12,207,4441,49991768,40202686
2022-10-13,204,5304,49991972,40207990
2022-10-14,233,5026,49992205,40213016
2022-10-15,191,2671,49992396,40215687
2022-10-16,6,360,49992402,40216047
2022-10-17,186,3874,49992588,40219921
2022-10-18,256,4967,49992844,40224888
2022-10-19,244,5478,49993088,40230366
2022-10-20,224,5998,49993312,40236364
2022-10-21,250,5477,49993562,40241841
2022-10-22,195,2911,49993757,40244752
2022-10-23,13,364,49993770,40245116
2022-10-24,171,3931,49993941,40249047
2022-10-25,254,4927,49994195,40253974
2022-10-26,347,5503,49994542,40259477
2022-10-27,241,5672,49994783,40265149
2022-10-28,200,5263,49994983,40270412
2022-10-29,128,2844,49995111,40273256
2022-10-30,3,328,49995114,40273584
2022-10-31,117,3042,49995231,40276626
2022-11-01,11,353,49995242,40276979
2022-11-02,145,3723,49995387,40280702
2022-11-03,172,4790,49995559,40285492
2022-11-04,225,4602,49995784,40290094
2022-11-05,144,2598,49995928,40292692
2022-11-06,10,261,49995938,40292953
2022-11-07,169,3225,49996107,40296178
2022-11-08,260,4254,49996367,40300432
2022-11-09,197,4331,49996564,40304763
2022-11-10,183,4597,49996747,40309360
2022-11-11,193,4221,49996940,40313581
2022-11-12,158,2378,49997098,40315959
2022-11-13,7,338,49997105,40316297
2022-11-14,150,2838,49997255,40319135
2022-11-15,202,3748,49997457,40322883
2022-11-16,217,3993,49997674,40326876
2022-11-17,191,4107,49997865,40330983
2022-11-18,246,4034,49998111,40335017
2022-11-19,112,2106,49998223,40337123
2022-11-20,24,317,49998247,40337440
2022-11-21,119,2621,49998366,40340061
2022-11-22,143,3217,49998509,40343278
2022-11-23,191,3625,49998700,40346903
2022-11-24,158,3844,49998858,40350747
2022-11-25,184,3785,49999042,40354532
2022-11-26,133,2093,49999175,40356625
2022-11-27,22,356,49999197,40356981
2022-11-28,182,2683,49999379,40359664
2022-11-29,257,3231,49999636,40362895
2022-11-30,182,3736,49999818,40366631
2022-12-01,150,3626,49999968,40370257
2022-12-02,156,3528,50000124,40373785
2022-12-03,106,1969,50000230,40375754
2022-12-04,5,290,50000235,40376044
2022-12-05,129,2855,50000364,40378899
2022-12-06,177,3655,50000541,40382554
2022-12-07,135,3137,50000676,40385691
2022-12-08,8,169,50000684,40385860
2022-12-09,161,3035,50000845,40388895
2022-12-10,78,1605,50000923,40390500
2022-12-11,7,193,50000930,40390693
2022-12-12,171,2535,50001101,40393228
2022-12-13,253,3051,50001354,40396279
2022-12-14,228,3218,50001582,40399497
2022-12-15,204,3268,50001786,40402765
2022-12-16,162,3177,50001948,40405942
2022-12-17,94,1684,50002042,40407626
2022-12-18,10,270,50002052,40407896
2022-12-19,143,2165,50002195,40410061
2022-12-20,211,2511,50002406,40412572
2022-12-21,156,2234,50002562,40414806
2022-12-22,141,1870,50002703,40416676
2022-12-23,151,1212,50002854,40417888
2022-12-24,32,160,50002886,40418048
2022-12-25,0,6,50002886,40418054
2022-12-26,6,41,50002892,40418095
2022-12-27,132,1554,50003024,40419649
2022-12-28,132,1770,50003156,40421419
2022-12-29,93,1696,50003249,40423115
2022-12-30,115,1606,50003364,40424721
2022-12-31,21,274,50003385,40424995
2023-01-01,0,6,50003385,40425001
2023-01-02,47,1106,50003432,40426107
2023-01-03,97,1872,50003529,40427979
2023-01-04,107,1937,50003636,40429916
2023-01-05,68,1046,50003704,40430962