data_somministrazione,vaccinazioni,booster,cum_vaccinazioni,cum_booster
2020-12-27,20,0,20,0
2020-12-28,2,0,22,0
2020-12-29,1,0,23,0
2020-12-30,8,0,31,0
2020-12-31,71,0,102,0
2021-01-01,23,0,125,0
2021-01-02,121,0,246,0
2021-01-03,86,0,332,0
2021-01-04,211,0,543,0
2021-01-05,248,0,791,0
2021-01-06,214,0,1005,0
2021-01-07,302,0,1307,0
2021-01-08,346,0,1653,0
2021-01-09,258,0,1911,0
2021-01-10,155,0,2066,0
2021-01-11,279,0,2345,0
2021-01-12,270,0,2615,0
2021-01-13,396,0,3011,0
2021-01-14,482,0,3493,0
2021-01-15,300,0,3793,0
2021-01-16,212,0,4005,0
2021-01-17,3059,0,7064,0
2021-01-18,5210,0,12274,0
2021-01-19,1893,0,14167,0
2021-01-20,4655,0,18822,0
2021-01-21,19998,0,38820,0
2021-01-22,14206,0,53026,0
2021-01-23,33322,0,86348,0
2021-01-24,30783,0,117131,0
2021-01-25,64725,0,181856,0
2021-01-26,76495,0,258351,0
2021-01-27,64830,0,323181,0
2021-01-28,89279,0,412460,0
2021-01-29,94013,0,506473,0
2021-01-30,86560,0,593033,0
2021-01-31,57331,0,650364,0
2021-02-01,81858,0,732222,0
2021-02-02,82143,0,814365,0
2021-02-03,91194,0,905559,0
2021-02-04,95398,0,1000957,0
2021-02-05,90275,0,1091232,0
2021-02-06,63445,0,1154677,0
2021-02-07,32928,0,1187605,0
2021-02-08,40428,0,1228033,0
2021-02-09,32866,0,1260899,0
2021-02-10,28422,0,1289321,0
2021-02-11,20398,0,1309719,0
2021-02-12,16234,0,1325953,0
2021-02-13,7266,0,1333219,0
2021-02-14,2861,0,1336080,0
2021-02-15,6840,0,1342920,0
2021-02-16,6998,0,1349918,0
2021-02-17,10521,0,1360439,0
2021-02-18,9252,0,1369691,0
2021-02-19,8246,0,1377937,0
2021-02-20,5555,0,1383492,0
2021-02-21,2996,0,1386488,0
2021-02-22,6885,0,1393373,0
2021-02-23,7168,0,1400541,0
2021-02-24,9831,0,1410372,0
2021-02-25,14211,0,1424583,0
2021-02-26,17555,0,1442138,0
2021-02-27,13909,0,1456047,0
2021-02-28,9387,0,1465434,0
2021-03-01,26515,0,1491949,0
2021-03-02,33238,0,1525187,0
2021-03-03,44644,0,1569831,0
2021-03-04,50288,0,1620119,0
2021-03-05,55734,0,1675853,0
2021-03-06,41869,0,1717722,0
2021-03-07,22323,0,1740045,0
2021-03-08,50822,0,1790867,0
2021-03-09,53070,0,1843937,0
2021-03-10,58647,0,1902584,0
2021-03-11,63858,0,1966442,0
2021-03-12,65108,0,2031550,0
2021-03-13,51717,0,2083267,0
2021-03-14,35395,0,2118662,0
2021-03-15,73439,0,2192101,0
2021-03-16,74028,0,2266129,0
2021-03-17,83133,0,2349262,0
2021-03-18,81620,0,2430882,0
2021-03-19,81080,0,2511962,0
2021-03-20,64719,0,2576681,0
2021-03-21,47296,0,2623977,0
2021-03-22,69476,0,2693453,0
2021-03-23,75794,0,2769247,0
2021-03-24,90908,0,2860155,0
2021-03-25,89798,0,2949953,0
2021-03-26,83617,0,3033570,0
2021-03-27,71936,0,3105506,0
2021-03-28,44140,0,3149646,0
2021-03-29,70824,0,3220470,0
2021-03-30,81382,0,3301852,0
2021-03-31,96233,0,3398085,0
2021-04-01,95307,0,3493392,0
2021-04-02,84070,0,3577462,0
2021-04-03,64302,0,3641764,0
2021-04-04,21718,0,3663482,0
2021-04-05,40311,0,3703793,0
2021-04-06,81309,0,3785102,0
2021-04-07,95830,0,3880932,0
2021-04-08,95234,0,3976166,0
2021-04-09,88485,0,4064651,0
2021-04-10,74031,0,4138682,0
2021-04-11,44762,0,4183444,0
2021-04-12,66917,0,4250361,0
2021-04-13,72572,0,4322933,0
2021-04-14,85539,0,4408472,0
2021-04-15,105418,0,4513890,0
2021-04-16,106419,0,4620309,0
2021-04-17,90514,0,4710823,0
2021-04-18,58587,0,4769410,0
2021-04-19,93431,0,4862841,0
2021-04-20,103769,0,4966610,0
2021-04-21,125339,0,5091949,0
2021-04-22,143516,0,5235465,0
2021-04-23,138737,0,5374202,0
2021-04-24,124443,0,5498645,0
2021-04-25,61454,0,5560099,0
2021-04-26,97892,0,5657991,0
2021-04-27,128361,0,5786352,0
2021-04-28,156366,0,5942718,0
2021-04-29,195593,0,6138311,0
2021-04-30,214577,0,6352888,0
2021-05-01,174115,0,6527003,0
2021-05-02,135802,0,6662805,0
2021-05-03,142031,0,6804836,0
2021-05-04,158694,0,6963530,0
2021-05-05,170498,0,7134028,0
2021-05-06,197806,0,7331834,0
2021-05-07,213842,0,7545676,0
2021-05-08,213408,0,7759084,0
2021-05-09,143199,0,7902283,0
2021-05-10,165087,0,8067370,0
2021-05-11,174986,0,8242356,0
2021-05-12,179176,0,8421532,0
2021-05-13,203377,0,8624909,0
2021-05-14,222910,0,8847819,0
2021-05-15,210356,0,9058175,0
2021-05-16,159271,0,9217446,0
2021-05-17,219191,0,9436637,0
2021-05-18,213017,0,9649654,0
2021-05-19,207082,0,9856736,0
2021-05-20,270860,0,10127596,0
2021-05-21,270883,0,10398479,0
2021-05-22,245523,0,10644002,0
2021-05-23,197181,0,10841183,0
2021-05-24,228302,0,11069485,0
2021-05-25,245696,0,11315181,0
2021-05-26,277486,0,11592667,0
2021-05-27,311083,0,11903750,0
2021-05-28,299572,0,12203322,0
2021-05-29,231216,0,12434538,0
2021-05-30,170838,0,12605376,0
2021-05-31,216422,0,12821798,0
2021-06-01,207631,0,13029429,0
2021-06-02,115787,0,13145216,0
2021-06-03,180140,0,13325356,0
2021-06-04,184872,0,13510228,0
2021-06-05,185951,0,13696179,0
2021-06-06,139539,0,13835718,0
2021-06-07,161864,0,13997582,0
2021-06-08,171206,0,14168788,0
2021-06-09,171465,0,14340253,0
2021-06-10,174088,0,14514341,0
2021-06-11,169966,0,14684307,0
2021-06-12,128317,0,14812624,0
2021-06-13,91176,0,14903800,0
2021-06-14,214670,0,15118470,0
2021-06-15,228408,0,15346878,0
2021-06-16,253070,0,15599948,0
2021-06-17,301729,0,15901677,0
2021-06-18,306295,0,16207972,0
2021-06-19,275081,0,16483053,0
2021-06-20,220777,0,16703830,0
2021-06-21,288074,0,16991904,0
2021-06-22,296215,0,17288119,0
2021-06-23,302689,0,17590808,0
2021-06-24,332591,0,17923399,0
2021-06-25,348713,0,18272112,0
2021-06-26,300111,0,18572223,0
2021-06-27,228659,0,18800882,0
2021-06-28,307087,0,19107969,0
2021-06-29,329280,0,19437249,0
2021-06-30,342153,0,19779402,0
2021-07-01,363202,0,20142604,0
2021-07-02,368467,0,20511071,0
2021-07-03,371086,0,20882157,0
2021-07-04,283211,0,21165368,0
2021-07-05,384543,0,21549911,0
2021-07-06,385464,0,21935375,0
2021-07-07,412119,0,22347494,0
2021-07-08,479614,0,22827108,0
2021-07-09,498489,0,23325597,0
2021-07-10,475191,0,23800788,0
2021-07-11,357703,0,24158491,0
2021-07-12,485899,0,24644390,0
2021-07-13,492131,0,25136521,0
2021-07-14,480473,0,25616994,0
2021-07-15,523466,0,26140460,0
2021-07-16,509773,0,26650233,0
2021-07-17,464355,0,27114588,0
2021-07-18,364668,0,27479256,0
2021-07-19,463069,0,27942325,0
2021-07-20,458074,0,28400399,0
2021-07-21,462800,0,28863199,0
2021-07-22,475399,0,29338598,0
2021-07-23,441317,0,29779915,0
2021-07-24,386171,0,30166086,0
2021-07-25,287568,0,30453654,0
2021-07-26,430878,0,30884532,0
2021-07-27,440127,0,31324659,0
2021-07-28,391009,0,31715668,0
2021-07-29,372081,0,32087749,0
2021-07-30,341502,0,32429251,0
2021-07-31,287027,0,32716278,0
2021-08-01,191005,0,32907283,0
2021-08-02,333718,0,33241001,0
2021-08-03,323189,0,33564190,0
2021-08-04,310977,0,33875167,0
2021-08-05,292513,0,34167680,0
2021-08-06,260006,0,34427686,0
2021-08-07,199045,0,34626731,0
2021-08-08,153111,0,34779842,0
2021-08-09,234071,0,35013913,0
2021-08-10,205252,0,35219165,0
2021-08-11,193768,0,35412933,0
2021-08-12,168020,0,35580953,0
2021-08-13,148620,0,35729573,0
2021-08-14,66093,0,35795666,0
2021-08-15,26336,0,35822002,0
2021-08-16,114694,0,35936696,0
2021-08-17,129245,0,36065941,0
2021-08-18,128748,0,36194689,0
2021-08-19,124809,0,36319498,0
2021-08-20,123797,0,36443295,0
2021-08-21,83126,0,36526421,0
2021-08-22,68172,0,36594593,0
2021-08-23,176871,0,36771464,0
2021-08-24,156900,0,36928364,0
2021-08-25,177171,0,37105535,0
2021-08-26,172359,0,37277894,0
2021-08-27,185839,0,37463733,0
2021-08-28,140276,0,37604009,0
2021-08-29,98989,0,37702998,0
2021-08-30,209614,0,37912612,0
2021-08-31,194638,0,38107250,0
2021-09-01,192208,0,38299458,0
2021-09-02,189936,0,38489394,0
2021-09-03,191320,0,38680714,0
2021-09-04,131473,0,38812187,0
2021-09-05,87860,0,38900047,0
2021-09-06,193636,0,39093683,0
2021-09-07,196046,0,39289729,0
2021-09-08,187890,0,39477619,0
2021-09-09,201455,0,39679074,0
2021-09-10,198086,0,39877160,0
2021-09-11,141311,0,40018471,0
2021-09-12,89602,0,40108073,0
2021-09-13,191143,585,40299216,585
2021-09-14,177241,603,40476457,1188
2021-09-15,163102,610,40639559,1798
2021-09-16,160086,946,40799645,2744
2021-09-17,150172,1132,40949817,3876
2021-09-18,127979,748,41077796,4624
2021-09-19,81135,498,41158931,5122
2021-09-20,180077,9094,41339008,14216
2021-09-21,166647,8842,41505655,23058
2021-09-22,159086,9447,41664741,32505
2021-09-23,138080,9337,41802821,41842
2021-09-24,140540,8975,41943361,50817
2021-09-25,119554,5649,42062915,56466
2021-09-26,71968,4346,42134883,60812
2021-09-27,135656,10057,42270539,70869
2021-09-28,117505,11400,42388044,82269
2021-09-29,112354,11833,42500398,94102
2021-09-30,110246,14960,42610644,109062
2021-10-01,94983,19119,42705627,128181
2021-10-02,78498,14029,42784125,142210
2021-10-03,47744,7663,42831869,149873
2021-10-04,88377,34464,42920246,184337
2021-10-05,80369,33990,43000615,218327
2021-10-06,71996,34183,43072611,252510
2021-10-07,71857,34361,43144468,286871
2021-10-08,80633,33597,43225101,320468
2021-10-09,76103,22181,43301204,342649
2021-10-10,45775,13620,43346979,356269
2021-10-11,87432,41113,43434411,397382
2021-10-12,84495,46914,43518906,444296
2021-10-13,88196,52129,43607102,496425
2021-10-14,91542,58525,43698644,554950
2021-10-15,93602,55641,43792246,610591
2021-10-16,82969,36795,43875215,647386
2021-10-17,51464,23836,43926679,671222
2021-10-18,90304,59496,44016983,730718
2021-10-19,78347,69386,44095330,800104
2021-10-20,75071,78183,44170401,878287
2021-10-21,78297,81774,44248698,960061
2021-10-22,73784,77045,44322482,1037106
2021-10-23,60823,51964,44383305,1089070
2021-10-24,33374,23466,44416679,1112536
2021-10-25,64905,81637,44481584,1194173
2021-10-26,58370,91812,44539954,1285985
2021-10-27,58328,103995,44598282,1389980
2021-10-28,61463,114122,44659745,1504102
2021-10-29,61643,103145,44721388,1607247
2021-10-30,50674,68125,44772062,1675372
2021-10-31,25162,28299,44797224,1703671
2021-11-01,19046,28152,44816270,1731823
2021-11-02,62751,89396,44879021,1821219
2021-11-03,60729,118676,44939750,1939895
2021-11-04,59243,126679,44998993,2066574
2021-11-05,63093,135196,45062086,2201770
2021-11-06,46481,90935,45108567,2292705
2021-11-07,22253,37897,45130820,2330602
2021-11-08,51528,131278,45182348,2461880
2021-11-09,45400,144214,45227748,2606094
2021-11-10,42588,156357,45270336,2762451
2021-11-11,44935,155141,45315271,2917592
2021-11-12,46375,158587,45361646,3076179
2021-11-13,33258,116660,45394904,3192839
2021-11-14,14488,52451,45409392,3245290
2021-11-15,36895,157436,45446287,3402726
2021-11-16,30556,171386,45476843,3574112
2021-11-17,28461,178449,45505304,3752561
2021-11-18,30286,193732,45535590,3946293
2021-11-19,28810,205865,45564400,4152158
2021-11-20,20996,156454,45585396,4308612
2021-11-21,10612,64860,45596008,4373472
2021-11-22,21943,213152,45617951,4586624
2021-11-23,23579,241759,45641530,4828383
2021-11-24,27842,270964,45669372,5099347
2021-11-25,23237,301916,45692609,5401263
2021-11-26,24586,318281,45717195,5719544
2021-11-27,21385,266158,45738580,5985702
2021-11-28,9903,137058,45748483,6122760
2021-11-29,22337,326076,45770820,6448836
2021-11-30,23097,365830,45793917,6814666
2021-12-01,21527,413528,45815444,7228194
2021-12-02,23765,440415,45839209,7668609
2021-12-03,25262,467484,45864471,8136093
2021-12-04,22373,418755,45886844,8554848
2021-12-05,11932,261349,45898776,8816197
2021-12-06,25818,457593,45924594,9273790
2021-12-07,24139,480274,45948733,9754064
2021-12-08,10006,249696,45958739,10003760
2021-12-09,31588,491944,45990327,10495704
2021-12-10,28077,517898,46018404,11013602
2021-12-11,23569,459261,46041973,11472863
2021-12-12,12309,293515,46054282,11766378
2021-12-13,26160,467639,46080442,12234017
2021-12-14,25174,494215,46105616,12728232
2021-12-15,25343,517160,46130959,13245392
2021-12-16,27889,520270,46158848,13765662
2021-12-17,29371,517188,46188219,14282850
2021-12-18,27070,468739,46215289,14751589
2021-12-19,15150,300536,46230439,15052125
2021-12-20,30637,477497,46261076,15529622
2021-12-21,30382,493399,46291458,16023021
2021-12-22,29454,484721,46320912,16507742
2021-12-23,28259,426916,46349171,16934658
2021-12-24,13114,210836,46362285,17145494
2021-12-25,2102,33053,46364387,17178547
2021-12-26,8764,159071,46373151,17337618
2021-12-27,46805,504670,46419956,17842288
2021-12-28,42457,554227,46462413,18396515
2021-12-29,34354,550651,46496767,18947166
2021-12-30,31852,499838,46528619,19447004
2021-12-31,14125,247398,46542744,19694402
2022-01-01,3496,64815,46546240,19759217
2022-01-02,22779,276726,46569019,20035943
2022-01-03,47867,520022,46616886,20555965
2022-01-04,46386,572091,46663272,21128056
2022-01-05,40767,560400,46704039,21688456
2022-01-06,23495,274488,46727534,21962944
2022-01-07,63717,554193,46791251,22517137
2022-01-08,60870,503392,46852121,23020529
2022-01-09,42871,319689,46894992,23340218
2022-01-10,61090,542295,46956082,23882513
2022-01-11,61734,586995,47017816,24469508
2022-01-12,58452,581276,47076268,25050784
2022-01-13,58619,580391,47134887,25631175
2022-01-14,46819,588574,47181706,26219749
2022-01-15,39425,569942,47221131,26789691
2022-01-16,31232,341863,47252363,27131554
2022-01-17,54785,489659,47307148,27621213
2022-01-18,58395,517017,47365543,28138230
2022-01-19,57199,502783,47422742,28641013
2022-01-20,54341,498828,47477083,29139841
2022-01-21,42094,493873,47519177,29633714
2022-01-22,31195,469595,47550372,30103309
2022-01-23,34935,275367,47585307,30378676
2022-01-24,56180,437221,47641487,30815897
2022-01-25,61550,452108,47703037,31268005
2022-01-26,58545,435828,47761582,31703833
2022-01-27,48842,432364,47810424,32136197
2022-01-28,58693,436536,47869117,32572733
2022-01-29,68125,412488,47937242,32985221
2022-01-30,50373,235968,47987615,33221189
2022-01-31,60622,356931,48048237,33578120
2022-02-01,65552,328441,48113789,33906561
2022-02-02,63196,296974,48176985,34203535
2022-02-03,60054,274515,48237039,34478050
2022-02-04,72380,268454,48309419,34746504
2022-02-05,83774,248532,48393193,34995036
2022-02-06,55288,116202,48448481,35111238
2022-02-07,65139,199939,48513620,35311177
2022-02-08,66926,186110,48580546,35497287
2022-02-09,58756,166337,48639302,35663624
2022-02-10,58570,163233,48697872,35826857
2022-02-11,62246,162461,48760118,35989318
2022-02-12,71979,152141,48832097,36141459
2022-02-13,41470,68849,48873567,36210308
2022-02-14,46687,116186,48920254,36326494
2022-02-15,48528,123479,48968782,36449973
2022-02-16,45676,106116,49014458,36556089
2022-02-17,42860,98107,49057318,36654196
2022-02-18,46617,112570,49103935,36766766
2022-02-19,52531,100329,49156466,36867095
2022-02-20,31410,40361,49187876,36907456
2022-02-21,37885,89646,49225761,36997102
2022-02-22,37218,83772,49262979,37080874
2022-02-23,33390,79405,49296369,37160279
2022-02-24,32549,78161,49328918,37238440
2022-02-25,34754,90709,49363672,37329149
2022-02-26,39153,89133,49402825,37418282
2022-02-27,22541,35856,49425366,37454138
2022-02-28,28474,81689,49453840,37535827
2022-03-01,22716,53941,49476556,37589768
2022-03-02,21994,50629,49498550,37640397
2022-03-03,22611,54940,49521161,37695337
2022-03-04,23226,62793,49544387,37758130
2022-03-05,23795,57952,49568182,37816082
2022-03-06,9470,17200,49577652,37833282
2022-03-07,15911,51387,49593563,37884669
2022-03-08,15471,48794,49609034,37933463
2022-03-09,13810,46518,49622844,37979981
2022-03-10,14046,52116,49636890,38032097
2022-03-11,15580,57259,49652470,38089356
2022-03-12,15500,56613,49667970,38145969
2022-03-13,5544,16849,49673514,38162818
2022-03-14,10520,46694,49684034,38209512
2022-03-15,10536,46891,49694570,38256403
2022-03-16,9476,41974,49704046,38298377
2022-03-17,9712,44871,49713758,38343248
2022-03-18,10156,49052,49723914,38392300
2022-03-19,9148,46531,49733062,38438831
2022-03-20,2608,11700,49735670,38450531
2022-03-21,7578,40223,49743248,38490754
2022-03-22,8447,37756,49751695,38528510
2022-03-23,7211,33699,49758906,38562209
2022-03-24,8255,38798,49767161,38601007
2022-03-25,8133,43661,49775294,38644668
2022-03-26,8123,41722,49783417,38686390
2022-03-27,2429,9681,49785846,38696071
2022-03-28,6105,35236,49791951,38731307
2022-03-29,5773,32527,49797724,38763834
2022-03-30,5563,30200,49803287,38794034
2022-03-31,5887,33178,49809174,38827212
2022-04-01,4347,25186,49813521,38852398
2022-04-02,4491,23274,49818012,38875672
2022-04-03,1049,4499,49819061,38880171
2022-04-04,3654,21534,49822715,38901705
2022-04-05,3753,22928,49826468,38924633
2022-04-06,4099,21849,49830567,38946482
2022-04-07,3964,23319,49834531,38969801
2022-04-08,4690,26709,49839221,38996510
2022-04-09,4381,23884,49843602,39020394
2022-04-10,891,4614,49844493,39025008
2022-04-11,3814,22686,49848307,39047694
2022-04-12,3359,21778,49851666,39069472
2022-04-13,3561,21332,49855227,39090804
2022-04-14,3485,23783,49858712,39114587
2022-04-15,3083,20616,49861795,39135203
2022-04-16,2149,11919,49863944,39147122
2022-04-17,63,348,49864007,39147470
2022-04-18,151,650,49864158,39148120
2022-04-19,3495,21978,49867653,39170098
2022-04-20,3505,20248,49871158,39190346
2022-04-21,2840,19783,49873998,39210129
2022-04-22,2926,20696,49876924,39230825
2022-04-23,2643,16217,49879567,39247042
2022-04-24,509,2335,49880076,39249377
2022-04-25,183,1165,49880259,39250542
2022-04-26,2756,17799,49883015,39268341
2022-04-27,2371,15786,49885386,39284127
2022-04-28,2356,15553,49887742,39299680
2022-04-29,2292,14834,49890034,39314514
2022-04-30,2121,11577,49892155,39326091
2022-05-01,113,530,49892268,39326621
2022-05-02,1450,9388,49893718,39336009
2022-05-03,1574,10312,49895292,39346321
2022-05-04,1746,10258,49897038,39356579
2022-05-05,1651,10278,49898689,39366857
2022-05-06,1701,10946,49900390,39377803
2022-05-07,1431,8563,49901821,39386366
2022-05-08,405,1514,49902226,39387880
2022-05-09,1026,8918,49903252,39396798
2022-05-10,1422,9541,49904674,39406339
2022-05-11,1483,10089,49906157,39416428
2022-05-12,1367,10122,49907524,39426550
2022-05-13,1590,10510,49909114,39437060
2022-05-14,1356,8228,49910470,39445288
2022-05-15,336,1129,49910806,39446417
2022-05-16,811,8392,49911617,39454809
2022-05-17,1243,8674,49912860,39463483
2022-05-18,1372,9221,49914232,39472704
2022-05-19,1500,9270,49915732,39481974
2022-05-20,1423,9498,49917155,39491472
2022-05-21,1299,7892,49918454,39499364
2022-05-22,231,1012,49918685,39500376
2022-05-23,828,8261,49919513,39508637
2022-05-24,1072,8664,49920585,39517301
2022-05-25,1369,9444,49921954,39526745
2022-05-26,1194,9454,49923148,39536199
2022-05-27,1226,9911,49924374,39546110
2022-05-28,1203,7874,49925577,39553984
2022-05-29,286,1264,49925863,39555248
2022-05-30,929,8029,49926792,39563277
2022-05-31,1033,8532,49927825,39571809
2022-06-01,891,7644,49928716,39579453
2022-06-02,35,474,49928751,39579927
2022-06-03,816,7328,49929567,39587255
2022-06-04,870,5156,49930437,39592411
2022-06-05,89,586,49930526,39592997
2022-06-06,675,6984,49931201,39599981
2022-06-07,932,7842,49932133,39607823
2022-06-08,982,7900,49933115,39615723
2022-06-09,1036,8400,49934151,39624123
2022-06-10,957,8552,49935108,39632675
2022-06-11,901,6206,49936009,39638881
2022-06-12,140,767,49936149,39639648
2022-06-13,602,6296,49936751,39645944
2022-06-14,827,7882,49937578,39653826
2022-06-15,954,7844,49938532,39661670
2022-06-16,729,7390,49939261,39669060
2022-06-17,720,7242,49939981,39676302
2022-06-18,777,5588,49940758,39681890
2022-06-19,47,522,49940805,39682412
2022-06-20,587,6695,49941392,39689107
2022-06-21,734,7653,49942126,39696760
2022-06-22,779,7306,49942905,39704066
2022-06-23,651,7459,49943556,39711525
2022-06-24,642,7473,49944198,39718998
2022-06-25,835,6532,49945033,39725530
2022-06-26,128,523,49945161,39726053
2022-06-27,531,7121,49945692,39733174
2022-06-28,745,8192,49946437,39741366
2022-06-29,756,7720,49947193,39749086
2022-06-30,745,8132,49947938,39757218
2022-07-01,576,6438,49948514,39763656
2022-07-02,536,4766,49949050,39768422
2022-07-03,49,456,49949099,39768878
2022-07-04,471,6274,49949570,39775152
2022-07-05,628,8112,49950198,39783264
2022-07-06,630,7607,49950828,39790871
2022-07-07,569,8264,49951397,39799135
2022-07-08,670,8079,49952067,39807214
2022-07-09,550,6103,49952617,39813317
2022-07-10,58,533,49952675,39813850
2022-07-11,487,7639,49953162,39821489
2022-07-12,665,9026,49953827,39830515
2022-07-13,640,10060,49954467,39840575
2022-07-14,636,10219,49955103,39850794
2022-07-15,623,10663,49955726,39861457
2022-07-16,522,7209,49956248,39868666
2022-07-17,48,769,49956296,39869435
2022-07-18,497,9350,49956793,39878785
2022-07-19,575,10656,49957368,39889441
2022-07-20,577,11258,49957945,39900699
2022-07-21,625,12040,49958570,39912739
2022-07-22,582,11227,49959152,39923966
2022-07-23,379,6743,49959531,39930709
2022-07-24,76,834,49959607,39931543
2022-07-25,501,9033,49960108,39940576
2022-07-26,519,9728,49960627,39950304
2022-07-27,550,10156,49961177,39960460
2022-07-28,527,10483,49961704,39970943
2022-07-29,510,9424,49962214,39980367
2022-07-30,380,5852,49962594,39986219
2022-07-31,49,745,49962643,39986964
2022-08-01,386,6823,49963029,39993787
2022-08-02,539,7519,49963568,40001306
2022-08-03,511,7142,49964079,40008448
2022-08-04,453,7435,49964532,40015883
2022-08-05,419,6487,49964951,40022370
2022-08-06,298,3582,49965249,40025952
2022-08-07,44,551,49965293,40026503
2022-08-08,401,4874,49965694,40031377
2022-08-09,383,5268,49966077,40036645
2022-08-10,376,4788,49966453,40041433
2022-08-11,364,4756,49966817,40046189
2022-08-12,289,3700,49967106,40049889
2022-08-13,143,1597,49967249,40051486
2022-08-14,9,128,49967258,40051614
2022-08-15,1,26,49967259,40051640
2022-08-16,283,3027,49967542,40054667
2022-08-17,351,3513,49967893,40058180
2022-08-18,389,4142,49968282,40062322
2022-08-19,341,3305,49968623,40065627
2022-08-20,183,1710,49968806,40067337
2022-08-21,24,146,49968830,40067483
2022-08-22,329,2940,49969159,40070423
2022-08-23,371,3655,49969530,40074078
2022-08-24,382,3333,49969912,40077411
2022-08-25,419,3735,49970331,40081146
2022-08-26,394,3545,49970725,40084691
2022-08-27,235,1767,49970960,40086458
2022-08-28,29,260,49970989,40086718
2022-08-29,353,3138,49971342,40089856
2022-08-30,401,3636,49971743,40093492
2022-08-31,435,3703,49972178,40097195
2022-09-01,351,3076,49972529,40100271
2022-09-02,293,2866,49972822,40103137
2022-09-03,199,1684,49973021,40104821
2022-09-04,22,147,49973043,40104968
2022-09-05,186,2626,49973229,40107594
2022-09-06,301,2962,49973530,40110556
2022-09-07,538,2908,49974068,40113464
2022-09-08,288,2944,49974356,40116408
2022-09-09,300,2851,49974656,40119259
2022-09-10,226,1324,49974882,40120583
2022-09-11,21,123,49974903,40120706
2022-09-12,267,2202,49975170,40122908
2022-09-13,248,2266,49975418,40125174
2022-09-14,261,2548,49975679,40127722
2022-09-15,278,2476,49975957,40130198
2022-09-16,252,2529,49976209,40132727
2022-09-17,239,1339,49976448,40134066
2022-09-18,20,170,49976468,40134236
2022-09-19,205,1965,49976673,40136201
2022-09-20,233,2370,49976906,40138571
2022-09-21,288,2508,49977194,40141079
2022-09-22,258,2616,49977452,40143695
2022-09-23,249,2312,49977701,40146007
2022-09-24,195,1424,49977896,40147431
2022-09-25,28,134,49977924,40147565
2022-09-26,280,2236,49978204,40149801
2022-09-27,282,2613,49978486,40152414
2022-09-28,306,2862,49978792,40155276
2022-09-29,248,2928,49979040,40158204
2022-09-30,284,2811,49979324,40161015
2022-10-01,193,1451,49979517,40162466
2022-10-02,11,187,49979528,40162653
2022-10-03,176,2421,49979704,40165074
2022-10-04,231,2772,49979935,40167846
2022-10-05,217,3147,49980152,40170993
2022-10-06,233,3716,49980385,40174709
2022-10-07,232,4004,49980617,40178713
2022-10-08,187,1983,49980804,40180696
2022-10-09,8,283,49980812,40180979
2022-10-10,199,3011,49981011,40183990