data_somministrazione,vaccinazioni,booster,cum_vaccinazioni,cum_booster
2020-12-27,20,0,20,0
2020-12-28,2,0,22,0
2020-12-29,1,0,23,0
2020-12-30,9,0,32,0
2020-12-31,78,0,110,0
2021-01-01,25,0,135,0
2021-01-02,144,0,279,0
2021-01-03,108,0,387,0
2021-01-04,240,0,627,0
2021-01-05,283,0,910,0
2021-01-06,252,0,1162,0
2021-01-07,325,0,1487,0
2021-01-08,380,0,1867,0
2021-01-09,282,0,2149,0
2021-01-10,166,0,2315,0
2021-01-11,310,0,2625,0
2021-01-12,285,0,2910,0
2021-01-13,418,0,3328,0
2021-01-14,504,0,3832,0
2021-01-15,319,0,4151,0
2021-01-16,224,0,4375,0
2021-01-17,3065,0,7440,0
2021-01-18,5220,0,12660,0
2021-01-19,1896,0,14556,0
2021-01-20,4659,0,19215,0
2021-01-21,20005,0,39220,0
2021-01-22,14220,0,53440,0
2021-01-23,33324,0,86764,0
2021-01-24,30774,0,117538,0
2021-01-25,64703,0,182241,0
2021-01-26,76462,0,258703,0
2021-01-27,64809,0,323512,0
2021-01-28,89256,0,412768,0
2021-01-29,93995,0,506763,0
2021-01-30,86547,0,593310,0
2021-01-31,57326,0,650636,0
2021-02-01,81836,0,732472,0
2021-02-02,82134,0,814606,0
2021-02-03,91106,0,905712,0
2021-02-04,95384,0,1001096,0
2021-02-05,90268,0,1091364,0
2021-02-06,63449,0,1154813,0
2021-02-07,32934,0,1187747,0
2021-02-08,40422,0,1228169,0
2021-02-09,32880,0,1261049,0
2021-02-10,28435,0,1289484,0
2021-02-11,20407,0,1309891,0
2021-02-12,16251,0,1326142,0
2021-02-13,7279,0,1333421,0
2021-02-14,2862,0,1336283,0
2021-02-15,6847,0,1343130,0
2021-02-16,7004,0,1350134,0
2021-02-17,10527,0,1360661,0
2021-02-18,9257,0,1369918,0
2021-02-19,8258,0,1378176,0
2021-02-20,5580,0,1383756,0
2021-02-21,3014,0,1386770,0
2021-02-22,6883,0,1393653,0
2021-02-23,7187,0,1400840,0
2021-02-24,9814,0,1410654,0
2021-02-25,14213,0,1424867,0
2021-02-26,17561,0,1442428,0
2021-02-27,13921,0,1456349,0
2021-02-28,9396,0,1465745,0
2021-03-01,26527,0,1492272,0
2021-03-02,33248,0,1525520,0
2021-03-03,44652,0,1570172,0
2021-03-04,50302,0,1620474,0
2021-03-05,55745,0,1676219,0
2021-03-06,41882,0,1718101,0
2021-03-07,22332,0,1740433,0
2021-03-08,50839,0,1791272,0
2021-03-09,53095,0,1844367,0
2021-03-10,58695,0,1903062,0
2021-03-11,63888,0,1966950,0
2021-03-12,65137,0,2032087,0
2021-03-13,51730,0,2083817,0
2021-03-14,35423,0,2119240,0
2021-03-15,73460,0,2192700,0
2021-03-16,74032,0,2266732,0
2021-03-17,83142,0,2349874,0
2021-03-18,81632,0,2431506,0
2021-03-19,81090,0,2512596,0
2021-03-20,64739,0,2577335,0
2021-03-21,47310,0,2624645,0
2021-03-22,69505,0,2694150,0
2021-03-23,75820,0,2769970,0
2021-03-24,90932,0,2860902,0
2021-03-25,89827,0,2950729,0
2021-03-26,83641,0,3034370,0
2021-03-27,71961,0,3106331,0
2021-03-28,44186,0,3150517,0
2021-03-29,70850,0,3221367,0
2021-03-30,81414,0,3302781,0
2021-03-31,96265,0,3399046,0
2021-04-01,95338,0,3494384,0
2021-04-02,84090,0,3578474,0
2021-04-03,64311,0,3642785,0
2021-04-04,21725,0,3664510,0
2021-04-05,40320,0,3704830,0
2021-04-06,81341,0,3786171,0
2021-04-07,95844,0,3882015,0
2021-04-08,95261,0,3977276,0
2021-04-09,88504,0,4065780,0
2021-04-10,74035,0,4139815,0
2021-04-11,44771,0,4184586,0
2021-04-12,66928,0,4251514,0
2021-04-13,72598,0,4324112,0
2021-04-14,85558,0,4409670,0
2021-04-15,105429,0,4515099,0
2021-04-16,106434,0,4621533,0
2021-04-17,90529,0,4712062,0
2021-04-18,58598,0,4770660,0
2021-04-19,93441,0,4864101,0
2021-04-20,103779,0,4967880,0
2021-04-21,125343,0,5093223,0
2021-04-22,143532,0,5236755,0
2021-04-23,138757,0,5375512,0
2021-04-24,124454,0,5499966,0
2021-04-25,61473,0,5561439,0
2021-04-26,97915,0,5659354,0
2021-04-27,128377,0,5787731,0
2021-04-28,156401,0,5944132,0
2021-04-29,195623,0,6139755,0
2021-04-30,214615,0,6354370,0
2021-05-01,174147,0,6528517,0
2021-05-02,135814,0,6664331,0
2021-05-03,142072,0,6806403,0
2021-05-04,158715,0,6965118,0
2021-05-05,170550,0,7135668,0
2021-05-06,197831,0,7333499,0
2021-05-07,213879,0,7547378,0
2021-05-08,213446,0,7760824,0
2021-05-09,143219,0,7904043,0
2021-05-10,165106,0,8069149,0
2021-05-11,175015,0,8244164,0
2021-05-12,179228,0,8423392,0
2021-05-13,203427,0,8626819,0
2021-05-14,222947,0,8849766,0
2021-05-15,210396,0,9060162,0
2021-05-16,159288,0,9219450,0
2021-05-17,219225,0,9438675,0
2021-05-18,213037,0,9651712,0
2021-05-19,207106,0,9858818,0
2021-05-20,270897,0,10129715,0
2021-05-21,270919,0,10400634,0
2021-05-22,245550,0,10646184,0
2021-05-23,197194,0,10843378,0
2021-05-24,228312,0,11071690,0
2021-05-25,245704,0,11317394,0
2021-05-26,277575,0,11594969,0
2021-05-27,311108,0,11906077,0
2021-05-28,299591,0,12205668,0
2021-05-29,231253,0,12436921,0
2021-05-30,170854,0,12607775,0
2021-05-31,216443,0,12824218,0
2021-06-01,207638,0,13031856,0
2021-06-02,115808,0,13147664,0
2021-06-03,180181,0,13327845,0
2021-06-04,184927,0,13512772,0
2021-06-05,186006,0,13698778,0
2021-06-06,139595,0,13838373,0
2021-06-07,161907,0,14000280,0
2021-06-08,171293,0,14171573,0
2021-06-09,171529,0,14343102,0
2021-06-10,174165,0,14517267,0
2021-06-11,170039,0,14687306,0
2021-06-12,128402,0,14815708,0
2021-06-13,91235,0,14906943,0
2021-06-14,214712,0,15121655,0
2021-06-15,228467,0,15350122,0
2021-06-16,253121,0,15603243,0
2021-06-17,301790,0,15905033,0
2021-06-18,306334,0,16211367,0
2021-06-19,275121,0,16486488,0
2021-06-20,220829,0,16707317,0
2021-06-21,288103,0,16995420,0
2021-06-22,296254,0,17291674,0
2021-06-23,302711,0,17594385,0
2021-06-24,332625,0,17927010,0
2021-06-25,348747,0,18275757,0
2021-06-26,300154,0,18575911,0
2021-06-27,228701,0,18804612,0
2021-06-28,307160,0,19111772,0
2021-06-29,329337,0,19441109,0
2021-06-30,342232,0,19783341,0
2021-07-01,363252,0,20146593,0
2021-07-02,368517,0,20515110,0
2021-07-03,371107,0,20886217,0
2021-07-04,283240,0,21169457,0
2021-07-05,384568,0,21554025,0
2021-07-06,385500,0,21939525,0
2021-07-07,412141,0,22351666,0
2021-07-08,479595,0,22831261,0
2021-07-09,498472,0,23329733,0
2021-07-10,475176,0,23804909,0
2021-07-11,357699,0,24162608,0
2021-07-12,485878,0,24648486,0
2021-07-13,492076,0,25140562,0
2021-07-14,480434,0,25620996,0
2021-07-15,523426,0,26144422,0
2021-07-16,509752,0,26654174,0
2021-07-17,464325,0,27118499,0
2021-07-18,364636,0,27483135,0
2021-07-19,463034,0,27946169,0
2021-07-20,458047,0,28404216,0
2021-07-21,462790,0,28867006,0
2021-07-22,475376,0,29342382,0
2021-07-23,441329,0,29783711,0
2021-07-24,386151,0,30169862,0
2021-07-25,287552,0,30457414,0
2021-07-26,430892,0,30888306,0
2021-07-27,440115,0,31328421,0
2021-07-28,391017,0,31719438,0
2021-07-29,372072,0,32091510,0
2021-07-30,341523,0,32433033,0
2021-07-31,287053,0,32720086,0
2021-08-01,190996,0,32911082,0
2021-08-02,333705,0,33244787,0
2021-08-03,323190,0,33567977,0
2021-08-04,310996,0,33878973,0
2021-08-05,292482,0,34171455,0
2021-08-06,260044,0,34431499,0
2021-08-07,199067,0,34630566,0
2021-08-08,153109,0,34783675,0
2021-08-09,234089,0,35017764,0
2021-08-10,205284,0,35223048,0
2021-08-11,193793,0,35416841,0
2021-08-12,168068,0,35584909,0
2021-08-13,148670,0,35733579,0
2021-08-14,66103,0,35799682,0
2021-08-15,26344,0,35826026,0
2021-08-16,114716,0,35940742,0
2021-08-17,129253,0,36069995,0
2021-08-18,128767,0,36198762,0
2021-08-19,124858,0,36323620,0
2021-08-20,123798,0,36447418,0
2021-08-21,83135,0,36530553,0
2021-08-22,68180,0,36598733,0
2021-08-23,176873,0,36775606,0
2021-08-24,156893,0,36932499,0
2021-08-25,177172,0,37109671,0
2021-08-26,172354,0,37282025,0
2021-08-27,185835,0,37467860,0
2021-08-28,140292,0,37608152,0
2021-08-29,98994,0,37707146,0
2021-08-30,209587,0,37916733,0
2021-08-31,194640,0,38111373,0
2021-09-01,192218,0,38303591,0
2021-09-02,189931,0,38493522,0
2021-09-03,191285,0,38684807,0
2021-09-04,131448,0,38816255,0
2021-09-05,87845,0,38904100,0
2021-09-06,193603,0,39097703,0
2021-09-07,196038,0,39293741,0
2021-09-08,187861,0,39481602,0
2021-09-09,201420,0,39683022,0
2021-09-10,198055,0,39881077,0
2021-09-11,141291,0,40022368,0
2021-09-12,89593,0,40111961,0
2021-09-13,191109,647,40303070,647
2021-09-14,177212,651,40480282,1298
2021-09-15,163077,651,40643359,1949
2021-09-16,160044,1003,40803403,2952
2021-09-17,150153,1171,40953556,4123
2021-09-18,127979,781,41081535,4904
2021-09-19,81144,508,41162679,5412
2021-09-20,180064,9131,41342743,14543
2021-09-21,166672,8862,41509415,23405
2021-09-22,159115,9464,41668530,32869
2021-09-23,138106,9357,41806636,42226
2021-09-24,140551,9015,41947187,51241
2021-09-25,119562,5673,42066749,56914
2021-09-26,71991,4367,42138740,61281
2021-09-27,135669,10084,42274409,71365
2021-09-28,117517,11428,42391926,82793
2021-09-29,112378,11850,42504304,94643
2021-09-30,110291,14982,42614595,109625
2021-10-01,94998,19144,42709593,128769
2021-10-02,78522,14045,42788115,142814
2021-10-03,47758,7671,42835873,150485
2021-10-04,88391,34487,42924264,184972
2021-10-05,80379,34022,43004643,218994
2021-10-06,72009,34213,43076652,253207
2021-10-07,71882,34374,43148534,287581
2021-10-08,80644,33622,43229178,321203
2021-10-09,76117,22196,43305295,343399
2021-10-10,45791,13631,43351086,357030
2021-10-11,87448,41133,43438534,398163
2021-10-12,84517,46936,43523051,445099
2021-10-13,88221,52167,43611272,497266
2021-10-14,91554,58560,43702826,555826
2021-10-15,93598,55680,43796424,611506
2021-10-16,82974,36828,43879398,648334
2021-10-17,51462,23861,43930860,672195
2021-10-18,90303,59521,44021163,731716
2021-10-19,78357,69416,44099520,801132
2021-10-20,75062,78212,44174582,879344
2021-10-21,78288,81818,44252870,961162
2021-10-22,73769,77083,44326639,1038245
2021-10-23,60838,51974,44387477,1090219
2021-10-24,33370,23480,44420847,1113699
2021-10-25,64895,81670,44485742,1195369
2021-10-26,58376,91837,44544118,1287206
2021-10-27,58318,104041,44602436,1391247
2021-10-28,61446,114159,44663882,1505406
2021-10-29,61632,103187,44725514,1608593
2021-10-30,50676,68153,44776190,1676746
2021-10-31,25161,28311,44801351,1705057
2021-11-01,19050,28159,44820401,1733216
2021-11-02,62738,89442,44883139,1822658
2021-11-03,60716,118703,44943855,1941361
2021-11-04,59237,126706,45003092,2068067
2021-11-05,63092,135230,45066184,2203297
2021-11-06,46491,90942,45112675,2294239
2021-11-07,22247,37907,45134922,2332146
2021-11-08,51527,131296,45186449,2463442
2021-11-09,45401,144239,45231850,2607681
2021-11-10,42594,156375,45274444,2764056
2021-11-11,44929,155175,45319373,2919231
2021-11-12,46295,158709,45365668,3077940
2021-11-13,33272,116683,45398940,3194623
2021-11-14,14491,52461,45413431,3247084
2021-11-15,36910,157445,45450341,3404529
2021-11-16,30568,171412,45480909,3575941
2021-11-17,28468,178467,45509377,3754408
2021-11-18,30293,193768,45539670,3948176
2021-11-19,28821,205888,45568491,4154064
2021-11-20,21012,156460,45589503,4310524
2021-11-21,10610,64872,45600113,4375396
2021-11-22,21959,213164,45622072,4588560
2021-11-23,23606,241804,45645678,4830364
2021-11-24,27766,271104,45673444,5101468
2021-11-25,23267,301952,45696711,5403420
2021-11-26,24599,318312,45721310,5721732
2021-11-27,21415,266173,45742725,5987905
2021-11-28,9908,137073,45752633,6124978
2021-11-29,22366,326081,45774999,6451059
2021-11-30,23120,365862,45798119,6816921
2021-12-01,21555,413543,45819674,7230464
2021-12-02,23797,440447,45843471,7670911
2021-12-03,25279,467540,45868750,8138451
2021-12-04,22392,418804,45891142,8557255
2021-12-05,11944,261368,45903086,8818623
2021-12-06,25846,457636,45928932,9276259
2021-12-07,24166,480308,45953098,9756567
2021-12-08,10032,249722,45963130,10006289
2021-12-09,31622,491967,45994752,10498256
2021-12-10,28103,517937,46022855,11016193
2021-12-11,23594,459285,46046449,11475478
2021-12-12,12326,293535,46058775,11769013
2021-12-13,26181,467657,46084956,12236670
2021-12-14,25208,494241,46110164,12730911
2021-12-15,25371,517192,46135535,13248103
2021-12-16,27930,520307,46163465,13768410
2021-12-17,29399,517227,46192864,14285637
2021-12-18,27118,468785,46219982,14754422
2021-12-19,15171,300543,46235153,15054965
2021-12-20,30676,477512,46265829,15532477
2021-12-21,30414,493446,46296243,16025923
2021-12-22,29493,484758,46325736,16510681
2021-12-23,28292,426967,46354028,16937648
2021-12-24,13125,210844,46367153,17148492
2021-12-25,2104,33053,46369257,17181545
2021-12-26,8779,159078,46378036,17340623
2021-12-27,46849,504696,46424885,17845319
2021-12-28,42512,554263,46467397,18399582
2021-12-29,34395,550683,46501792,18950265
2021-12-30,31896,499869,46533688,19450134
2021-12-31,14149,247410,46547837,19697544
2022-01-01,3500,64815,46551337,19762359
2022-01-02,22833,276727,46574170,20039086
2022-01-03,47945,520036,46622115,20559122
2022-01-04,46483,572103,46668598,21131225
2022-01-05,40848,560428,46709446,21691653
2022-01-06,23536,274491,46732982,21966144
2022-01-07,63803,554223,46796785,22520367
2022-01-08,60981,503424,46857766,23023791
2022-01-09,42966,319703,46900732,23343494
2022-01-10,61178,542326,46961910,23885820
2022-01-11,61846,587039,47023756,24472859
2022-01-12,58557,581309,47082313,25054168
2022-01-13,58716,580431,47141029,25634599
2022-01-14,46939,588620,47187968,26223219
2022-01-15,39570,569994,47227538,26793213
2022-01-16,31317,341893,47258855,27135106
2022-01-17,54854,489691,47313709,27624797
2022-01-18,58473,517056,47372182,28141853
2022-01-19,57269,502827,47429451,28644680
2022-01-20,54423,498863,47483874,29143543
2022-01-21,42183,493898,47526057,29637441
2022-01-22,31301,469621,47557358,30107062
2022-01-23,34984,275390,47592342,30382452
2022-01-24,56232,437250,47648574,30819702
2022-01-25,61602,452133,47710176,31271835
2022-01-26,58591,435850,47768767,31707685
2022-01-27,48894,432408,47817661,32140093
2022-01-28,58755,436563,47876416,32576656
2022-01-29,68193,412516,47944609,32989172
2022-01-30,50410,235988,47995019,33225160
2022-01-31,60710,356950,48055729,33582110
2022-02-01,65616,328468,48121345,33910578
2022-02-02,63251,296999,48184596,34207577
2022-02-03,60089,274537,48244685,34482114
2022-02-04,72413,268470,48317098,34750584
2022-02-05,83817,248556,48400915,34999140
2022-02-06,55310,116207,48456225,35115347
2022-02-07,65183,199946,48521408,35315293
2022-02-08,66958,186128,48588366,35501421
2022-02-09,58774,166353,48647140,35667774
2022-02-10,58600,163252,48705740,35831026
2022-02-11,62276,162477,48768016,35993503
2022-02-12,72011,152155,48840027,36145658
2022-02-13,41484,68856,48881511,36214514
2022-02-14,46712,116192,48928223,36330706
2022-02-15,48567,123482,48976790,36454188
2022-02-16,45689,106129,49022479,36560317
2022-02-17,42873,98120,49065352,36658437
2022-02-18,46633,112586,49111985,36771023
2022-02-19,52546,100339,49164531,36871362
2022-02-20,31416,40367,49195947,36911729
2022-02-21,37899,89659,49233846,37001388
2022-02-22,37226,83785,49271072,37085173
2022-02-23,33401,79409,49304473,37164582
2022-02-24,32561,78168,49337034,37242750
2022-02-25,34773,90716,49371807,37333466
2022-02-26,39163,89138,49410970,37422604
2022-02-27,22548,35857,49433518,37458461
2022-02-28,28489,81697,49462007,37540158
2022-03-01,22729,53943,49484736,37594101
2022-03-02,21934,50712,49506670,37644813
2022-03-03,22637,54947,49529307,37699760
2022-03-04,23243,62801,49552550,37762561
2022-03-05,23804,57952,49576354,37820513
2022-03-06,9474,17201,49585828,37837714
2022-03-07,15925,51390,49601753,37889104
2022-03-08,15481,48796,49617234,37937900
2022-03-09,13816,46517,49631050,37984417
2022-03-10,14058,52125,49645108,38036542
2022-03-11,15590,57275,49660698,38093817
2022-03-12,15512,56619,49676210,38150436
2022-03-13,5545,16852,49681755,38167288
2022-03-14,10529,46701,49692284,38213989
2022-03-15,10552,46895,49702836,38260884
2022-03-16,9483,41974,49712319,38302858
2022-03-17,9724,44876,49722043,38347734
2022-03-18,10162,49058,49732205,38396792
2022-03-19,9151,46539,49741356,38443331
2022-03-20,2608,11704,49743964,38455035
2022-03-21,7581,40229,49751545,38495264
2022-03-22,8448,37767,49759993,38533031
2022-03-23,7218,33701,49767211,38566732
2022-03-24,8259,38821,49775470,38605553
2022-03-25,8142,43671,49783612,38649224
2022-03-26,8129,41721,49791741,38690945
2022-03-27,2431,9683,49794172,38700628
2022-03-28,6113,35242,49800285,38735870
2022-03-29,5781,32531,49806066,38768401
2022-03-30,5567,30204,49811633,38798605
2022-03-31,5903,33187,49817536,38831792
2022-04-01,4350,25189,49821886,38856981
2022-04-02,4497,23275,49826383,38880256
2022-04-03,1049,4500,49827432,38884756
2022-04-04,3660,21545,49831092,38906301
2022-04-05,3758,22936,49834850,38929237
2022-04-06,4105,21852,49838955,38951089
2022-04-07,3970,23321,49842925,38974410
2022-04-08,4696,26714,49847621,39001124
2022-04-09,4381,23888,49852002,39025012
2022-04-10,893,4613,49852895,39029625
2022-04-11,3819,22689,49856714,39052314
2022-04-12,3365,21779,49860079,39074093
2022-04-13,3571,21337,49863650,39095430
2022-04-14,3488,23787,49867138,39119217
2022-04-15,3083,20621,49870221,39139838
2022-04-16,2151,11918,49872372,39151756
2022-04-17,63,348,49872435,39152104
2022-04-18,152,650,49872587,39152754
2022-04-19,3499,21984,49876086,39174738
2022-04-20,3512,20251,49879598,39194989
2022-04-21,2848,19791,49882446,39214780
2022-04-22,2928,20712,49885374,39235492
2022-04-23,2647,16222,49888021,39251714
2022-04-24,509,2334,49888530,39254048
2022-04-25,183,1165,49888713,39255213
2022-04-26,2759,17810,49891472,39273023
2022-04-27,2374,15795,49893846,39288818
2022-04-28,2361,15564,49896207,39304382
2022-04-29,2297,14850,49898504,39319232
2022-04-30,2123,11584,49900627,39330816
2022-05-01,113,531,49900740,39331347
2022-05-02,1451,9392,49902191,39340739
2022-05-03,1576,10323,49903767,39351062
2022-05-04,1745,10272,49905512,39361334
2022-05-05,1654,10296,49907166,39371630
2022-05-06,1702,10970,49908868,39382600
2022-05-07,1431,8570,49910299,39391170
2022-05-08,416,1526,49910715,39392696
2022-05-09,1029,8930,49911744,39401626
2022-05-10,1426,9549,49913170,39411175
2022-05-11,1484,10104,49914654,39421279
2022-05-12,1372,10137,49916026,39431416
2022-05-13,1596,10518,49917622,39441934
2022-05-14,1360,8240,49918982,39450174
2022-05-15,336,1136,49919318,39451310
2022-05-16,814,8404,49920132,39459714
2022-05-17,1244,8697,49921376,39468411
2022-05-18,1372,9235,49922748,39477646
2022-05-19,1500,9283,49924248,39486929
2022-05-20,1423,9532,49925671,39496461
2022-05-21,1301,7900,49926972,39504361
2022-05-22,231,1014,49927203,39505375
2022-05-23,830,8271,49928033,39513646
2022-05-24,1073,8672,49929106,39522318
2022-05-25,1372,9460,49930478,39531778
2022-05-26,1196,9480,49931674,39541258
2022-05-27,1232,9915,49932906,39551173
2022-05-28,1205,7887,49934111,39559060
2022-05-29,288,1265,49934399,39560325
2022-05-30,930,8057,49935329,39568382
2022-05-31,1038,8548,49936367,39576930
2022-06-01,895,7658,49937262,39584588
2022-06-02,35,474,49937297,39585062
2022-06-03,817,7334,49938114,39592396
2022-06-04,870,5162,49938984,39597558
2022-06-05,89,586,49939073,39598144
2022-06-06,679,7003,49939752,39605147
2022-06-07,952,7849,49940704,39612996
2022-06-08,981,7907,49941685,39620903
2022-06-09,1036,8417,49942721,39629320
2022-06-10,958,8563,49943679,39637883
2022-06-11,903,6207,49944582,39644090
2022-06-12,140,768,49944722,39644858
2022-06-13,602,6301,49945324,39651159
2022-06-14,832,7903,49946156,39659062
2022-06-15,960,7855,49947116,39666917
2022-06-16,733,7396,49947849,39674313
2022-06-17,724,7249,49948573,39681562
2022-06-18,777,5594,49949350,39687156
2022-06-19,49,521,49949399,39687677
2022-06-20,587,6699,49949986,39694376
2022-06-21,741,7663,49950727,39702039
2022-06-22,779,7312,49951506,39709351
2022-06-23,648,7472,49952154,39716823
2022-06-24,644,7474,49952798,39724297
2022-06-25,835,6533,49953633,39730830
2022-06-26,128,523,49953761,39731353
2022-06-27,534,7125,49954295,39738478
2022-06-28,747,8207,49955042,39746685
2022-06-29,756,7732,49955798,39754417
2022-06-30,747,8145,49956545,39762562
2022-07-01,577,6443,49957122,39769005
2022-07-02,536,4769,49957658,39773774
2022-07-03,49,456,49957707,39774230
2022-07-04,469,6277,49958176,39780507
2022-07-05,631,8120,49958807,39788627
2022-07-06,633,7611,49959440,39796238
2022-07-07,575,8271,49960015,39804509
2022-07-08,674,8084,49960689,39812593
2022-07-09,550,6105,49961239,39818698
2022-07-10,58,533,49961297,39819231
2022-07-11,491,7640,49961788,39826871
2022-07-12,667,9030,49962455,39835901
2022-07-13,644,10066,49963099,39845967
2022-07-14,637,10226,49963736,39856193
2022-07-15,626,10667,49964362,39866860
2022-07-16,522,7215,49964884,39874075
2022-07-17,48,770,49964932,39874845
2022-07-18,496,9372,49965428,39884217
2022-07-19,575,10683,49966003,39894900
2022-07-20,581,11275,49966584,39906175
2022-07-21,630,12090,49967214,39918265
2022-07-22,584,11258,49967798,39929523
2022-07-23,381,6775,49968179,39936298
2022-07-24,76,857,49968255,39937155
2022-07-25,503,9052,49968758,39946207
2022-07-26,522,9761,49969280,39955968
2022-07-27,552,10208,49969832,39966176
2022-07-28,532,10534,49970364,39976710
2022-07-29,511,9465,49970875,39986175
2022-07-30,383,5881,49971258,39992056
2022-07-31,49,764,49971307,39992820
2022-08-01,386,6864,49971693,39999684
2022-08-02,545,7590,49972238,40007274
2022-08-03,512,7179,49972750,40014453
2022-08-04,455,7490,49973205,40021943
2022-08-05,421,6527,49973626,40028470
2022-08-06,299,3613,49973925,40032083
2022-08-07,44,561,49973969,40032644
2022-08-08,403,4890,49974372,40037534
2022-08-09,381,5311,49974753,40042845
2022-08-10,385,4816,49975138,40047661
2022-08-11,369,4803,49975507,40052464
2022-08-12,293,3720,49975800,40056184
2022-08-13,143,1600,49975943,40057784
2022-08-14,9,129,49975952,40057913
2022-08-15,1,26,49975953,40057939
2022-08-16,282,3043,49976235,40060982
2022-08-17,352,3536,49976587,40064518
2022-08-18,392,4160,49976979,40068678
2022-08-19,341,3319,49977320,40071997
2022-08-20,183,1715,49977503,40073712
2022-08-21,24,149,49977527,40073861
2022-08-22,329,2952,49977856,40076813
2022-08-23,370,3674,49978226,40080487
2022-08-24,384,3360,49978610,40083847
2022-08-25,422,3774,49979032,40087621
2022-08-26,399,3575,49979431,40091196
2022-08-27,237,1769,49979668,40092965
2022-08-28,29,267,49979697,40093232
2022-08-29,354,3161,49980051,40096393
2022-08-30,403,3671,49980454,40100064
2022-08-31,438,3734,49980892,40103798
2022-09-01,353,3116,49981245,40106914
2022-09-02,296,2893,49981541,40109807
2022-09-03,200,1689,49981741,40111496
2022-09-04,24,149,49981765,40111645
2022-09-05,187,2656,49981952,40114301
2022-09-06,305,2981,49982257,40117282
2022-09-07,540,2937,49982797,40120219
2022-09-08,292,2962,49983089,40123181
2022-09-09,305,2886,49983394,40126067
2022-09-10,227,1327,49983621,40127394
2022-09-11,23,124,49983644,40127518
2022-09-12,267,2267,49983911,40129785
2022-09-13,252,2276,49984163,40132061
2022-09-14,266,2566,49984429,40134627
2022-09-15,282,2500,49984711,40137127
2022-09-16,254,2546,49984965,40139673
2022-09-17,239,1339,49985204,40141012
2022-09-18,20,170,49985224,40141182
2022-09-19,206,1971,49985430,40143153
2022-09-20,236,2391,49985666,40145544
2022-09-21,289,2526,49985955,40148070
2022-09-22,266,2663,49986221,40150733
2022-09-23,259,2544,49986480,40153277
2022-09-24,193,1427,49986673,40154704
2022-09-25,29,133,49986702,40154837
2022-09-26,280,2248,49986982,40157085
2022-09-27,287,2682,49987269,40159767
2022-09-28,310,2905,49987579,40162672
2022-09-29,257,3049,49987836,40165721
2022-09-30,292,2989,49988128,40168710
2022-10-01,195,1515,49988323,40170225
2022-10-02,12,187,49988335,40170412
2022-10-03,185,2474,49988520,40172886
2022-10-04,236,2863,49988756,40175749
2022-10-05,229,3249,49988985,40178998
2022-10-06,243,3874,49989228,40182872
2022-10-07,282,4187,49989510,40187059
2022-10-08,202,2270,49989712,40189329
2022-10-09,8,305,49989720,40189634
2022-10-10,210,3356,49989930,40192990
2022-10-11,193,4378,49990123,40197368
2022-10-12,209,4441,49990332,40201809
2022-10-13,203,5304,49990535,40207113
2022-10-14,232,5023,49990767,40212136
2022-10-15,190,2671,49990957,40214807
2022-10-16,6,360,49990963,40215167
2022-10-17,185,3871,49991148,40219038
2022-10-18,257,4965,49991405,40224003
2022-10-19,244,5478,49991649,40229481
2022-10-20,224,5993,49991873,40235474
2022-10-21,250,5476,49992123,40240950
2022-10-22,195,2911,49992318,40243861
2022-10-23,13,364,49992331,40244225
2022-10-24,171,3929,49992502,40248154
2022-10-25,253,4926,49992755,40253080
2022-10-26,347,5498,49993102,40258578
2022-10-27,241,5669,49993343,40264247
2022-10-28,199,5261,49993542,40269508
2022-10-29,128,2844,49993670,40272352
2022-10-30,3,328,49993673,40272680
2022-10-31,117,3037,49993790,40275717
2022-11-01,11,353,49993801,40276070
2022-11-02,143,3719,49993944,40279789
2022-11-03,173,4784,49994117,40284573
2022-11-04,225,4600,49994342,40289173
2022-11-05,144,2596,49994486,40291769
2022-11-06,10,259,49994496,40292028
2022-11-07,169,3224,49994665,40295252
2022-11-08,259,4241,49994924,40299493
2022-11-09,197,4327,49995121,40303820
2022-11-10,182,4584,49995303,40308404
2022-11-11,192,4217,49995495,40312621
2022-11-12,154,2364,49995649,40314985
2022-11-13,7,335,49995656,40315320
2022-11-14,149,2836,49995805,40318156
2022-11-15,202,3738,49996007,40321894
2022-11-16,216,3977,49996223,40325871
2022-11-17,192,4088,49996415,40329959
2022-11-18,246,4015,49996661,40333974
2022-11-19,112,2096,49996773,40336070
2022-11-20,24,317,49996797,40336387
2022-11-21,118,2612,49996915,40338999
2022-11-22,142,3205,49997057,40342204
2022-11-23,192,3613,49997249,40345817
2022-11-24,155,3810,49997404,40349627
2022-11-25,184,3755,49997588,40353382
2022-11-26,130,2088,49997718,40355470
2022-11-27,22,356,49997740,40355826
2022-11-28,180,2671,49997920,40358497
2022-11-29,183,3207,49998103,40361704
2022-11-30,177,3712,49998280,40365416
2022-12-01,223,3591,49998503,40369007
2022-12-02,156,3496,49998659,40372503
2022-12-03,103,1946,49998762,40374449
2022-12-04,5,290,49998767,40374739
2022-12-05,125,2808,49998892,40377547
2022-12-06,169,3566,49999061,40381113
2022-12-07,129,2989,49999190,40384102
2022-12-08,7,123,49999197,40384225
2022-12-09,133,2753,49999330,40386978
2022-12-10,68,1412,49999398,40388390
2022-12-11,3,139,49999401,40388529
2022-12-12,161,2313,49999562,40390842
2022-12-13,145,2639,49999707,40393481
2022-12-14,189,2747,49999896,40396228