data_somministrazione,vaccinazioni,booster,cum_vaccinazioni,cum_booster
2020-12-27,18,0,18,0
2020-12-28,2,0,20,0
2020-12-29,1,0,21,0
2020-12-30,6,0,27,0
2020-12-31,56,0,83,0
2021-01-01,22,0,105,0
2021-01-02,94,0,199,0
2021-01-03,73,0,272,0
2021-01-04,186,0,458,0
2021-01-05,229,0,687,0
2021-01-06,180,0,867,0
2021-01-07,272,0,1139,0
2021-01-08,318,0,1457,0
2021-01-09,235,0,1692,0
2021-01-10,141,0,1833,0
2021-01-11,258,0,2091,0
2021-01-12,260,0,2351,0
2021-01-13,378,0,2729,0
2021-01-14,465,0,3194,0
2021-01-15,287,0,3481,0
2021-01-16,200,0,3681,0
2021-01-17,3056,0,6737,0
2021-01-18,5206,0,11943,0
2021-01-19,1890,0,13833,0
2021-01-20,4651,0,18484,0
2021-01-21,20005,0,38489,0
2021-01-22,14201,0,52690,0
2021-01-23,33338,0,86028,0
2021-01-24,30792,0,116820,0
2021-01-25,64742,0,181562,0
2021-01-26,76503,0,258065,0
2021-01-27,64851,0,322916,0
2021-01-28,89308,0,412224,0
2021-01-29,94040,0,506264,0
2021-01-30,86581,0,592845,0
2021-01-31,57342,0,650187,0
2021-02-01,81880,0,732067,0
2021-02-02,82149,0,814216,0
2021-02-03,91198,0,905414,0
2021-02-04,95403,0,1000817,0
2021-02-05,90286,0,1091103,0
2021-02-06,63452,0,1154555,0
2021-02-07,32926,0,1187481,0
2021-02-08,40431,0,1227912,0
2021-02-09,32865,0,1260777,0
2021-02-10,28417,0,1289194,0
2021-02-11,20382,0,1309576,0
2021-02-12,16223,0,1325799,0
2021-02-13,7247,0,1333046,0
2021-02-14,2861,0,1335907,0
2021-02-15,6836,0,1342743,0
2021-02-16,6991,0,1349734,0
2021-02-17,10518,0,1360252,0
2021-02-18,9243,0,1369495,0
2021-02-19,8234,0,1377729,0
2021-02-20,5534,0,1383263,0
2021-02-21,2981,0,1386244,0
2021-02-22,6878,0,1393122,0
2021-02-23,7155,0,1400277,0
2021-02-24,9822,0,1410099,0
2021-02-25,14200,0,1424299,0
2021-02-26,17550,0,1441849,0
2021-02-27,13894,0,1455743,0
2021-02-28,9384,0,1465127,0
2021-03-01,26505,0,1491632,0
2021-03-02,33231,0,1524863,0
2021-03-03,44641,0,1569504,0
2021-03-04,50290,0,1619794,0
2021-03-05,55732,0,1675526,0
2021-03-06,41871,0,1717397,0
2021-03-07,22319,0,1739716,0
2021-03-08,50788,0,1790504,0
2021-03-09,53055,0,1843559,0
2021-03-10,58620,0,1902179,0
2021-03-11,63829,0,1966008,0
2021-03-12,65088,0,2031096,0
2021-03-13,51701,0,2082797,0
2021-03-14,35383,0,2118180,0
2021-03-15,73422,0,2191602,0
2021-03-16,74022,0,2265624,0
2021-03-17,83128,0,2348752,0
2021-03-18,81621,0,2430373,0
2021-03-19,81077,0,2511450,0
2021-03-20,64704,0,2576154,0
2021-03-21,47285,0,2623439,0
2021-03-22,69468,0,2692907,0
2021-03-23,75777,0,2768684,0
2021-03-24,90882,0,2859566,0
2021-03-25,89780,0,2949346,0
2021-03-26,83602,0,3032948,0
2021-03-27,71909,0,3104857,0
2021-03-28,44119,0,3148976,0
2021-03-29,70799,0,3219775,0
2021-03-30,81349,0,3301124,0
2021-03-31,96207,0,3397331,0
2021-04-01,95289,0,3492620,0
2021-04-02,84060,0,3576680,0
2021-04-03,64294,0,3640974,0
2021-04-04,21715,0,3662689,0
2021-04-05,40294,0,3702983,0
2021-04-06,81293,0,3784276,0
2021-04-07,95796,0,3880072,0
2021-04-08,95221,0,3975293,0
2021-04-09,88476,0,4063769,0
2021-04-10,74022,0,4137791,0
2021-04-11,44745,0,4182536,0
2021-04-12,66902,0,4249438,0
2021-04-13,72559,0,4321997,0
2021-04-14,85517,0,4407514,0
2021-04-15,105396,0,4512910,0
2021-04-16,106404,0,4619314,0
2021-04-17,90486,0,4709800,0
2021-04-18,58581,0,4768381,0
2021-04-19,93426,0,4861807,0
2021-04-20,103759,0,4965566,0
2021-04-21,125324,0,5090890,0
2021-04-22,143502,0,5234392,0
2021-04-23,138711,0,5373103,0
2021-04-24,124428,0,5497531,0
2021-04-25,61452,0,5558983,0
2021-04-26,97873,0,5656856,0
2021-04-27,128347,0,5785203,0
2021-04-28,156346,0,5941549,0
2021-04-29,195573,0,6137122,0
2021-04-30,214550,0,6351672,0
2021-05-01,174085,0,6525757,0
2021-05-02,135790,0,6661547,0
2021-05-03,141996,0,6803543,0
2021-05-04,158671,0,6962214,0
2021-05-05,170461,0,7132675,0
2021-05-06,197783,0,7330458,0
2021-05-07,213799,0,7544257,0
2021-05-08,213373,0,7757630,0
2021-05-09,143187,0,7900817,0
2021-05-10,165073,0,8065890,0
2021-05-11,174945,0,8240835,0
2021-05-12,179134,0,8419969,0
2021-05-13,203347,0,8623316,0
2021-05-14,222884,0,8846200,0
2021-05-15,210327,0,9056527,0
2021-05-16,159253,0,9215780,0
2021-05-17,219174,0,9434954,0
2021-05-18,212991,0,9647945,0
2021-05-19,207060,0,9855005,0
2021-05-20,270832,0,10125837,0
2021-05-21,270856,0,10396693,0
2021-05-22,245508,0,10642201,0
2021-05-23,197168,0,10839369,0
2021-05-24,228286,0,11067655,0
2021-05-25,245680,0,11313335,0
2021-05-26,277476,0,11590811,0
2021-05-27,311072,0,11901883,0
2021-05-28,299550,0,12201433,0
2021-05-29,231187,0,12432620,0
2021-05-30,170814,0,12603434,0
2021-05-31,216394,0,12819828,0
2021-06-01,207623,0,13027451,0
2021-06-02,115763,0,13143214,0
2021-06-03,180087,0,13323301,0
2021-06-04,184825,0,13508126,0
2021-06-05,185906,0,13694032,0
2021-06-06,139498,0,13833530,0
2021-06-07,161817,0,13995347,0
2021-06-08,171135,0,14166482,0
2021-06-09,171406,0,14337888,0
2021-06-10,174012,0,14511900,0
2021-06-11,169913,0,14681813,0
2021-06-12,128285,0,14810098,0
2021-06-13,91122,0,14901220,0
2021-06-14,214624,0,15115844,0
2021-06-15,228368,0,15344212,0
2021-06-16,253017,0,15597229,0
2021-06-17,301682,0,15898911,0
2021-06-18,306238,0,16205149,0
2021-06-19,275033,0,16480182,0
2021-06-20,220717,0,16700899,0
2021-06-21,288020,0,16988919,0
2021-06-22,296173,0,17285092,0
2021-06-23,302649,0,17587741,0
2021-06-24,332542,0,17920283,0
2021-06-25,348679,0,18268962,0
2021-06-26,300078,0,18569040,0
2021-06-27,228606,0,18797646,0
2021-06-28,307018,0,19104664,0
2021-06-29,329214,0,19433878,0
2021-06-30,342083,0,19775961,0
2021-07-01,363136,0,20139097,0
2021-07-02,368423,0,20507520,0
2021-07-03,371059,0,20878579,0
2021-07-04,283188,0,21161767,0
2021-07-05,384494,0,21546261,0
2021-07-06,385424,0,21931685,0
2021-07-07,412052,0,22343737,0
2021-07-08,479628,0,22823365,0
2021-07-09,498504,0,23321869,0
2021-07-10,475182,0,23797051,0
2021-07-11,357707,0,24154758,0
2021-07-12,485916,0,24640674,0
2021-07-13,492162,0,25132836,0
2021-07-14,480485,0,25613321,0
2021-07-15,523509,0,26136830,0
2021-07-16,509793,0,26646623,0
2021-07-17,464378,0,27111001,0
2021-07-18,364703,0,27475704,0
2021-07-19,463079,0,27938783,0
2021-07-20,458084,0,28396867,0
2021-07-21,462819,0,28859686,0
2021-07-22,475396,0,29335082,0
2021-07-23,441311,0,29776393,0
2021-07-24,386190,0,30162583,0
2021-07-25,287601,0,30450184,0
2021-07-26,430900,0,30881084,0
2021-07-27,440128,0,31321212,0
2021-07-28,391022,0,31712234,0
2021-07-29,372075,0,32084309,0
2021-07-30,341499,0,32425808,0
2021-07-31,287002,0,32712810,0
2021-08-01,191019,0,32903829,0
2021-08-02,333734,0,33237563,0
2021-08-03,323186,0,33560749,0
2021-08-04,310968,0,33871717,0
2021-08-05,292509,0,34164226,0
2021-08-06,260000,0,34424226,0
2021-08-07,199035,0,34623261,0
2021-08-08,153103,0,34776364,0
2021-08-09,234074,0,35010438,0
2021-08-10,205245,0,35215683,0
2021-08-11,193742,0,35409425,0
2021-08-12,167962,0,35577387,0
2021-08-13,148588,0,35725975,0
2021-08-14,66083,0,35792058,0
2021-08-15,26333,0,35818391,0
2021-08-16,114669,0,35933060,0
2021-08-17,129234,0,36062294,0
2021-08-18,128721,0,36191015,0
2021-08-19,124781,0,36315796,0
2021-08-20,123781,0,36439577,0
2021-08-21,83111,0,36522688,0
2021-08-22,68161,0,36590849,0
2021-08-23,176864,0,36767713,0
2021-08-24,156901,0,36924614,0
2021-08-25,177165,0,37101779,0
2021-08-26,172348,0,37274127,0
2021-08-27,185853,0,37459980,0
2021-08-28,140271,0,37600251,0
2021-08-29,99000,0,37699251,0
2021-08-30,209636,0,37908887,0
2021-08-31,194629,0,38103516,0
2021-09-01,192213,0,38295729,0
2021-09-02,189941,0,38485670,0
2021-09-03,191350,0,38677020,0
2021-09-04,131491,0,38808511,0
2021-09-05,87876,0,38896387,0
2021-09-06,193665,0,39090052,0
2021-09-07,196074,0,39286126,0
2021-09-08,187914,0,39474040,0
2021-09-09,201478,0,39675518,0
2021-09-10,198116,0,39873634,0
2021-09-11,141329,0,40014963,0
2021-09-12,89604,0,40104567,0
2021-09-13,191184,528,40295751,528
2021-09-14,177271,563,40473022,1091
2021-09-15,163134,559,40636156,1650
2021-09-16,160105,905,40796261,2555
2021-09-17,150173,1100,40946434,3655
2021-09-18,127975,724,41074409,4379
2021-09-19,81132,484,41155541,4863
2021-09-20,180076,9058,41335617,13921
2021-09-21,166618,8823,41502235,22744
2021-09-22,159076,9421,41661311,32165
2021-09-23,138072,9311,41799383,41476
2021-09-24,140536,8944,41939919,50420
2021-09-25,119541,5627,42059460,56047
2021-09-26,71949,4334,42131409,60381
2021-09-27,135631,10033,42267040,70414
2021-09-28,117481,11375,42384521,81789
2021-09-29,112320,11821,42496841,93610
2021-09-30,110221,14932,42607062,108542
2021-10-01,94970,19099,42702032,127641
2021-10-02,78468,14011,42780500,141652
2021-10-03,47724,7652,42828224,149304
2021-10-04,88370,34438,42916594,183742
2021-10-05,80354,33967,42996948,217709
2021-10-06,71974,34153,43068922,251862
2021-10-07,71846,34339,43140768,286201
2021-10-08,80619,33583,43221387,319784
2021-10-09,76094,22161,43297481,341945
2021-10-10,45770,13613,43343251,355558
2021-10-11,87403,41094,43430654,396652
2021-10-12,84484,46892,43515138,443544
2021-10-13,88186,52098,43603324,495642
2021-10-14,91516,58497,43694840,554139
2021-10-15,93582,55610,43788422,609749
2021-10-16,82953,36773,43871375,646522
2021-10-17,51455,23823,43922830,670345
2021-10-18,90289,59472,44013119,729817
2021-10-19,78338,69366,44091457,799183
2021-10-20,75071,78153,44166528,877336
2021-10-21,78305,81739,44244833,959075
2021-10-22,73795,77009,44318628,1036084
2021-10-23,60814,51944,44379442,1088028
2021-10-24,33379,23444,44412821,1111472
2021-10-25,64902,81618,44477723,1193090
2021-10-26,58369,91769,44536092,1284859
2021-10-27,58328,103956,44594420,1388815
2021-10-28,61467,114093,44655887,1502908
2021-10-29,61660,103101,44717547,1606009
2021-10-30,50672,68109,44768219,1674118
2021-10-31,25169,28281,44793388,1702399
2021-11-01,19048,28145,44812436,1730544
2021-11-02,62771,89362,44875207,1819906
2021-11-03,60731,118655,44935938,1938561
2021-11-04,59244,126651,44995182,2065212
2021-11-05,63094,135165,45058276,2200377
2021-11-06,46472,90919,45104748,2291296
2021-11-07,22253,37891,45127001,2329187
2021-11-08,51525,131257,45178526,2460444
2021-11-09,45403,144184,45223929,2604628
2021-11-10,42574,156341,45266503,2760969
2021-11-11,44932,155131,45311435,2916100
2021-11-12,46369,158566,45357804,3074666
2021-11-13,33253,116640,45391057,3191306
2021-11-14,14479,52445,45405536,3243751
2021-11-15,36894,157416,45442430,3401167
2021-11-16,30542,171369,45472972,3572536
2021-11-17,28444,178430,45501416,3750966
2021-11-18,30276,193705,45531692,3944671
2021-11-19,28791,205845,45560483,4150516
2021-11-20,20989,156433,45581472,4306949
2021-11-21,10605,64854,45592077,4371803
2021-11-22,21923,213134,45614000,4584937
2021-11-23,23559,241738,45637559,4826675
2021-11-24,27828,270939,45665387,5097614
2021-11-25,23224,301892,45688611,5399506
2021-11-26,24568,318258,45713179,5717764
2021-11-27,21366,266146,45734545,5983910
2021-11-28,9892,137052,45744437,6120962
2021-11-29,22308,326059,45766745,6447021
2021-11-30,23072,365818,45789817,6812839
2021-12-01,21506,413492,45811323,7226331
2021-12-02,23747,440374,45835070,7666705
2021-12-03,25218,467445,45860288,8134150
2021-12-04,22339,418720,45882627,8552870
2021-12-05,11903,261330,45894530,8814200
2021-12-06,25794,457558,45920324,9271758
2021-12-07,24098,480239,45944422,9751997
2021-12-08,9987,249677,45954409,10001674
2021-12-09,31547,491907,45985956,10493581
2021-12-10,28037,517855,46013993,11011436
2021-12-11,23537,459235,46037530,11470671
2021-12-12,12289,293493,46049819,11764164
2021-12-13,26123,467615,46075942,12231779
2021-12-14,25147,494183,46101089,12725962
2021-12-15,25298,517127,46126387,13243089
2021-12-16,27855,520232,46154242,13763321
2021-12-17,29323,517154,46183565,14280475
2021-12-18,27017,468709,46210582,14749184
2021-12-19,15126,300509,46225708,15049693
2021-12-20,30596,477463,46256304,15527156
2021-12-21,30338,493367,46286642,16020523
2021-12-22,29416,484690,46316058,16505213
2021-12-23,28201,426889,46344259,16932102
2021-12-24,13101,210816,46357360,17142918
2021-12-25,2101,33052,46359461,17175970
2021-12-26,8749,159062,46368210,17335032
2021-12-27,46736,504644,46414946,17839676
2021-12-28,42405,554191,46457351,18393867
2021-12-29,34282,550625,46491633,18944492
2021-12-30,31768,499815,46523401,19444307
2021-12-31,14089,247393,46537490,19691700
2022-01-01,3492,64812,46540982,19756512
2022-01-02,22720,276716,46563702,20033228
2022-01-03,47746,520008,46611448,20553236
2022-01-04,46251,572066,46657699,21125302
2022-01-05,40637,560375,46698336,21685677
2022-01-06,23420,274477,46721756,21960154
2022-01-07,63567,554174,46785323,22514328
2022-01-08,60720,503372,46846043,23017700
2022-01-09,42733,319682,46888776,23337382
2022-01-10,60955,542267,46949731,23879649
2022-01-11,61584,586978,47011315,24466627
2022-01-12,58311,581270,47069626,25047897
2022-01-13,58466,580367,47128092,25628264
2022-01-14,46649,588555,47174741,26216819
2022-01-15,39193,569929,47213934,26786748
2022-01-16,31089,341847,47245023,27128595
2022-01-17,54683,489641,47299706,27618236
2022-01-18,58277,517002,47357983,28135238
2022-01-19,57101,502776,47415084,28638014
2022-01-20,54239,498807,47469323,29136821
2022-01-21,41955,493860,47511278,29630681
2022-01-22,31060,469586,47542338,30100267
2022-01-23,34850,275363,47577188,30375630
2022-01-24,56103,437203,47633291,30812833
2022-01-25,61470,452083,47694761,31264916
2022-01-26,58463,435809,47753224,31700725
2022-01-27,48772,432350,47801996,32133075
2022-01-28,58597,436518,47860593,32569593
2022-01-29,68019,412475,47928612,32982068
2022-01-30,50319,235963,47978931,33218031
2022-01-31,60530,356915,48039461,33574946
2022-02-01,65464,328426,48104925,33903372
2022-02-02,63111,296957,48168036,34200329
2022-02-03,59985,274509,48228021,34474838
2022-02-04,72302,268440,48300323,34743278
2022-02-05,83687,248520,48384010,34991798
2022-02-06,55239,116193,48439249,35107991
2022-02-07,65087,199927,48504336,35307918
2022-02-08,66880,186102,48571216,35494020
2022-02-09,58717,166327,48629933,35660347
2022-02-10,58505,163231,48688438,35823578
2022-02-11,62193,162449,48750631,35986027
2022-02-12,71929,152133,48822560,36138160
2022-02-13,41452,68848,48864012,36207008
2022-02-14,46649,116180,48910661,36323188
2022-02-15,48485,123477,48959146,36446665
2022-02-16,45646,106106,49004792,36552771
2022-02-17,42839,98097,49047631,36650868
2022-02-18,46584,112565,49094215,36763433
2022-02-19,52507,100324,49146722,36863757
2022-02-20,31405,40359,49178127,36904116
2022-02-21,37877,89639,49216004,36993755
2022-02-22,37192,83766,49253196,37077521
2022-02-23,33369,79402,49286565,37156923
2022-02-24,32541,78160,49319106,37235083
2022-02-25,34739,90702,49353845,37325785
2022-02-26,39139,89130,49392984,37414915
2022-02-27,22538,35855,49415522,37450770
2022-02-28,28460,81689,49443982,37532459
2022-03-01,22685,53934,49466667,37586393
2022-03-02,21982,50626,49488649,37637019
2022-03-03,22593,54940,49511242,37691959
2022-03-04,23203,62789,49534445,37754748
2022-03-05,23776,57949,49558221,37812697
2022-03-06,9468,17199,49567689,37829896
2022-03-07,15894,51389,49583583,37881285
2022-03-08,15441,48795,49599024,37930080
2022-03-09,13794,46512,49612818,37976592
2022-03-10,14022,52115,49626840,38028707
2022-03-11,15559,57247,49642399,38085954
2022-03-12,15484,56614,49657883,38142568
2022-03-13,5540,16848,49663423,38159416
2022-03-14,10515,46691,49673938,38206107
2022-03-15,10525,46892,49684463,38252999
2022-03-16,9468,41975,49693931,38294974
2022-03-17,9695,44875,49703626,38339849
2022-03-18,10148,49051,49713774,38388900
2022-03-19,9139,46531,49722913,38435431
2022-03-20,2605,11699,49725518,38447130
2022-03-21,7569,40221,49733087,38487351
2022-03-22,8434,37745,49741521,38525096
2022-03-23,7201,33695,49748722,38558791
2022-03-24,8243,38796,49756965,38597587
2022-03-25,8118,43664,49765083,38641251
2022-03-26,8118,41719,49773201,38682970
2022-03-27,2426,9683,49775627,38692653
2022-03-28,6094,35229,49781721,38727882
2022-03-29,5772,32524,49787493,38760406
2022-03-30,5551,30192,49793044,38790598
2022-03-31,5879,33168,49798923,38823766
2022-04-01,4340,25180,49803263,38848946
2022-04-02,4486,23271,49807749,38872217
2022-04-03,1047,4499,49808796,38876716
2022-04-04,3649,21532,49812445,38898248
2022-04-05,3746,22922,49816191,38921170
2022-04-06,4095,21837,49820286,38943007
2022-04-07,3952,23317,49824238,38966324
2022-04-08,4681,26709,49828919,38993033
2022-04-09,4374,23882,49833293,39016915
2022-04-10,892,4614,49834185,39021529
2022-04-11,3799,22681,49837984,39044210
2022-04-12,3354,21775,49841338,39065985
2022-04-13,3555,21333,49844893,39087318
2022-04-14,3481,23774,49848374,39111092
2022-04-15,3074,20613,49851448,39131705
2022-04-16,2146,11920,49853594,39143625
2022-04-17,63,348,49853657,39143973
2022-04-18,148,650,49853805,39144623
2022-04-19,3480,21976,49857285,39166599
2022-04-20,3493,20249,49860778,39186848
2022-04-21,2835,19774,49863613,39206622
2022-04-22,2913,20695,49866526,39227317
2022-04-23,2635,16205,49869161,39243522
2022-04-24,509,2335,49869670,39245857
2022-04-25,183,1165,49869853,39247022
2022-04-26,2757,17791,49872610,39264813
2022-04-27,2363,15780,49874973,39280593
2022-04-28,2348,15533,49877321,39296126
2022-04-29,2289,14832,49879610,39310958
2022-04-30,2117,11577,49881727,39322535
2022-05-01,113,530,49881840,39323065
2022-05-02,1443,9381,49883283,39332446
2022-05-03,1569,10307,49884852,39342753
2022-05-04,1744,10256,49886596,39353009
2022-05-05,1647,10273,49888243,39363282
2022-05-06,1690,10944,49889933,39374226
2022-05-07,1432,8562,49891365,39382788
2022-05-08,404,1514,49891769,39384302
2022-05-09,1023,8915,49892792,39393217
2022-05-10,1418,9536,49894210,39402753
2022-05-11,1476,10087,49895686,39412840
2022-05-12,1365,10118,49897051,39422958
2022-05-13,1587,10507,49898638,39433465
2022-05-14,1355,8226,49899993,39441691
2022-05-15,336,1129,49900329,39442820
2022-05-16,809,8388,49901138,39451208
2022-05-17,1239,8666,49902377,39459874
2022-05-18,1369,9212,49903746,39469086
2022-05-19,1498,9266,49905244,39478352
2022-05-20,1420,9491,49906664,39487843
2022-05-21,1299,7891,49907963,39495734
2022-05-22,231,1012,49908194,39496746
2022-05-23,825,8260,49909019,39505006
2022-05-24,1070,8663,49910089,39513669
2022-05-25,1365,9443,49911454,39523112
2022-05-26,1192,9452,49912646,39532564
2022-05-27,1224,9908,49913870,39542472
2022-05-28,1202,7872,49915072,39550344
2022-05-29,285,1264,49915357,39551608
2022-05-30,928,8024,49916285,39559632
2022-05-31,1033,8529,49917318,39568161
2022-06-01,891,7643,49918209,39575804
2022-06-02,35,474,49918244,39576278
2022-06-03,812,7328,49919056,39583606
2022-06-04,869,5155,49919925,39588761
2022-06-05,89,586,49920014,39589347
2022-06-06,671,6964,49920685,39596311
2022-06-07,929,7841,49921614,39604152
2022-06-08,980,7896,49922594,39612048
2022-06-09,1034,8398,49923628,39620446
2022-06-10,950,8537,49924578,39628983
2022-06-11,897,6208,49925475,39635191
2022-06-12,140,767,49925615,39635958
2022-06-13,602,6295,49926217,39642253
2022-06-14,824,7878,49927041,39650131
2022-06-15,949,7842,49927990,39657973
2022-06-16,728,7383,49928718,39665356
2022-06-17,717,7235,49929435,39672591
2022-06-18,776,5587,49930211,39678178
2022-06-19,47,522,49930258,39678700
2022-06-20,587,6694,49930845,39685394
2022-06-21,730,7637,49931575,39693031
2022-06-22,776,7299,49932351,39700330
2022-06-23,648,7456,49932999,39707786
2022-06-24,642,7467,49933641,39715253
2022-06-25,835,6531,49934476,39721784
2022-06-26,128,523,49934604,39722307
2022-06-27,532,7116,49935136,39729423
2022-06-28,743,8207,49935879,39737630
2022-06-29,754,7716,49936633,39745346
2022-06-30,740,8132,49937373,39753478
2022-07-01,577,6436,49937950,39759914
2022-07-02,536,4764,49938486,39764678
2022-07-03,49,456,49938535,39765134
2022-07-04,468,6268,49939003,39771402
2022-07-05,621,8106,49939624,39779508
2022-07-06,624,7590,49940248,39787098
2022-07-07,562,8249,49940810,39795347
2022-07-08,669,8073,49941479,39803420
2022-07-09,548,6103,49942027,39809523
2022-07-10,58,533,49942085,39810056
2022-07-11,476,7625,49942561,39817681
2022-07-12,651,8976,49943212,39826657
2022-07-13,625,10061,49943837,39836718
2022-07-14,619,10215,49944456,39846933
2022-07-15,616,10642,49945072,39857575
2022-07-16,512,7204,49945584,39864779
2022-07-17,48,769,49945632,39865548
2022-07-18,495,9334,49946127,39874882
2022-07-19,559,10635,49946686,39885517
2022-07-20,561,11237,49947247,39896754
2022-07-21,619,11993,49947866,39908747
2022-07-22,567,11195,49948433,39919942
2022-07-23,375,6730,49948808,39926672
2022-07-24,75,834,49948883,39927506
2022-07-25,493,9017,49949376,39936523
2022-07-26,515,9696,49949891,39946219
2022-07-27,531,10103,49950422,39956322
2022-07-28,523,10439,49950945,39966761
2022-07-29,504,9374,49951449,39976135
2022-07-30,380,5843,49951829,39981978
2022-07-31,49,741,49951878,39982719
2022-08-01,383,6802,49952261,39989521
2022-08-02,534,7474,49952795,39996995
2022-08-03,487,7041,49953282,40004036
2022-08-04,438,7361,49953720,40011397
2022-08-05,409,6419,49954129,40017816
2022-08-06,297,3557,49954426,40021373
2022-08-07,43,546,49954469,40021919
2022-08-08,388,4806,49954857,40026725
2022-08-09,366,5130,49955223,40031855
2022-08-10,255,2542,49955478,40034397