data_somministrazione,vaccinazioni,booster,cum_vaccinazioni,cum_booster
2020-12-27,19,0,19,0
2020-12-28,2,0,21,0
2020-12-29,1,0,22,0
2020-12-30,6,0,28,0
2020-12-31,56,0,84,0
2021-01-01,22,0,106,0
2021-01-02,94,0,200,0
2021-01-03,73,0,273,0
2021-01-04,188,0,461,0
2021-01-05,229,0,690,0
2021-01-06,182,0,872,0
2021-01-07,273,0,1145,0
2021-01-08,318,0,1463,0
2021-01-09,235,0,1698,0
2021-01-10,141,0,1839,0
2021-01-11,258,0,2097,0
2021-01-12,260,0,2357,0
2021-01-13,379,0,2736,0
2021-01-14,466,0,3202,0
2021-01-15,287,0,3489,0
2021-01-16,200,0,3689,0
2021-01-17,3056,0,6745,0
2021-01-18,5206,0,11951,0
2021-01-19,1889,0,13840,0
2021-01-20,4651,0,18491,0
2021-01-21,20005,0,38496,0
2021-01-22,14201,0,52697,0
2021-01-23,33338,0,86035,0
2021-01-24,30792,0,116827,0
2021-01-25,64740,0,181567,0
2021-01-26,76503,0,258070,0
2021-01-27,64851,0,322921,0
2021-01-28,89307,0,412228,0
2021-01-29,94040,0,506268,0
2021-01-30,86580,0,592848,0
2021-01-31,57342,0,650190,0
2021-02-01,81880,0,732070,0
2021-02-02,82149,0,814219,0
2021-02-03,91199,0,905418,0
2021-02-04,95403,0,1000821,0
2021-02-05,90286,0,1091107,0
2021-02-06,63452,0,1154559,0
2021-02-07,32926,0,1187485,0
2021-02-08,40431,0,1227916,0
2021-02-09,32866,0,1260782,0
2021-02-10,28417,0,1289199,0
2021-02-11,20382,0,1309581,0
2021-02-12,16223,0,1325804,0
2021-02-13,7248,0,1333052,0
2021-02-14,2861,0,1335913,0
2021-02-15,6836,0,1342749,0
2021-02-16,6992,0,1349741,0
2021-02-17,10518,0,1360259,0
2021-02-18,9243,0,1369502,0
2021-02-19,8234,0,1377736,0
2021-02-20,5535,0,1383271,0
2021-02-21,2984,0,1386255,0
2021-02-22,6878,0,1393133,0
2021-02-23,7156,0,1400289,0
2021-02-24,9822,0,1410111,0
2021-02-25,14200,0,1424311,0
2021-02-26,17550,0,1441861,0
2021-02-27,13894,0,1455755,0
2021-02-28,9385,0,1465140,0
2021-03-01,26505,0,1491645,0
2021-03-02,33232,0,1524877,0
2021-03-03,44640,0,1569517,0
2021-03-04,50290,0,1619807,0
2021-03-05,55732,0,1675539,0
2021-03-06,41872,0,1717411,0
2021-03-07,22320,0,1739731,0
2021-03-08,50790,0,1790521,0
2021-03-09,53054,0,1843575,0
2021-03-10,58620,0,1902195,0
2021-03-11,63830,0,1966025,0
2021-03-12,65089,0,2031114,0
2021-03-13,51701,0,2082815,0
2021-03-14,35383,0,2118198,0
2021-03-15,73423,0,2191621,0
2021-03-16,74021,0,2265642,0
2021-03-17,83128,0,2348770,0
2021-03-18,81621,0,2430391,0
2021-03-19,81077,0,2511468,0
2021-03-20,64704,0,2576172,0
2021-03-21,47285,0,2623457,0
2021-03-22,69468,0,2692925,0
2021-03-23,75777,0,2768702,0
2021-03-24,90883,0,2859585,0
2021-03-25,89781,0,2949366,0
2021-03-26,83602,0,3032968,0
2021-03-27,71910,0,3104878,0
2021-03-28,44120,0,3148998,0
2021-03-29,70801,0,3219799,0
2021-03-30,81350,0,3301149,0
2021-03-31,96212,0,3397361,0
2021-04-01,95289,0,3492650,0
2021-04-02,84060,0,3576710,0
2021-04-03,64295,0,3641005,0
2021-04-04,21715,0,3662720,0
2021-04-05,40294,0,3703014,0
2021-04-06,81294,0,3784308,0
2021-04-07,95797,0,3880105,0
2021-04-08,95223,0,3975328,0
2021-04-09,88477,0,4063805,0
2021-04-10,74023,0,4137828,0
2021-04-11,44747,0,4182575,0
2021-04-12,66902,0,4249477,0
2021-04-13,72559,0,4322036,0
2021-04-14,85516,0,4407552,0
2021-04-15,105396,0,4512948,0
2021-04-16,106405,0,4619353,0
2021-04-17,90488,0,4709841,0
2021-04-18,58581,0,4768422,0
2021-04-19,93424,0,4861846,0
2021-04-20,103761,0,4965607,0
2021-04-21,125324,0,5090931,0
2021-04-22,143503,0,5234434,0
2021-04-23,138711,0,5373145,0
2021-04-24,124428,0,5497573,0
2021-04-25,61452,0,5559025,0
2021-04-26,97873,0,5656898,0
2021-04-27,128347,0,5785245,0
2021-04-28,156346,0,5941591,0
2021-04-29,195573,0,6137164,0
2021-04-30,214549,0,6351713,0
2021-05-01,174087,0,6525800,0
2021-05-02,135791,0,6661591,0
2021-05-03,141998,0,6803589,0
2021-05-04,158671,0,6962260,0
2021-05-05,170461,0,7132721,0
2021-05-06,197783,0,7330504,0
2021-05-07,213799,0,7544303,0
2021-05-08,213376,0,7757679,0
2021-05-09,143187,0,7900866,0
2021-05-10,165076,0,8065942,0
2021-05-11,174949,0,8240891,0
2021-05-12,179135,0,8420026,0
2021-05-13,203349,0,8623375,0
2021-05-14,222883,0,8846258,0
2021-05-15,210327,0,9056585,0
2021-05-16,159256,0,9215841,0
2021-05-17,219175,0,9435016,0
2021-05-18,212994,0,9648010,0
2021-05-19,207064,0,9855074,0
2021-05-20,270832,0,10125906,0
2021-05-21,270855,0,10396761,0
2021-05-22,245510,0,10642271,0
2021-05-23,197169,0,10839440,0
2021-05-24,228287,0,11067727,0
2021-05-25,245680,0,11313407,0
2021-05-26,277477,0,11590884,0
2021-05-27,311072,0,11901956,0
2021-05-28,299549,0,12201505,0
2021-05-29,231186,0,12432691,0
2021-05-30,170817,0,12603508,0
2021-05-31,216398,0,12819906,0
2021-06-01,207625,0,13027531,0
2021-06-02,115763,0,13143294,0
2021-06-03,180093,0,13323387,0
2021-06-04,184831,0,13508218,0
2021-06-05,185910,0,13694128,0
2021-06-06,139498,0,13833626,0
2021-06-07,161818,0,13995444,0
2021-06-08,171138,0,14166582,0
2021-06-09,171409,0,14337991,0
2021-06-10,174017,0,14512008,0
2021-06-11,169916,0,14681924,0
2021-06-12,128290,0,14810214,0
2021-06-13,91123,0,14901337,0
2021-06-14,214625,0,15115962,0
2021-06-15,228370,0,15344332,0
2021-06-16,253018,0,15597350,0
2021-06-17,301684,0,15899034,0
2021-06-18,306241,0,16205275,0
2021-06-19,275034,0,16480309,0
2021-06-20,220722,0,16701031,0
2021-06-21,288022,0,16989053,0
2021-06-22,296172,0,17285225,0
2021-06-23,302649,0,17587874,0
2021-06-24,332546,0,17920420,0
2021-06-25,348681,0,18269101,0
2021-06-26,300080,0,18569181,0
2021-06-27,228606,0,18797787,0
2021-06-28,307022,0,19104809,0
2021-06-29,329220,0,19434029,0
2021-06-30,342084,0,19776113,0
2021-07-01,363139,0,20139252,0
2021-07-02,368427,0,20507679,0
2021-07-03,371060,0,20878739,0
2021-07-04,283188,0,21161927,0
2021-07-05,384494,0,21546421,0
2021-07-06,385424,0,21931845,0
2021-07-07,412054,0,22343899,0
2021-07-08,479629,0,22823528,0
2021-07-09,498503,0,23322031,0
2021-07-10,475182,0,23797213,0
2021-07-11,357707,0,24154920,0
2021-07-12,485918,0,24640838,0
2021-07-13,492158,0,25132996,0
2021-07-14,480488,0,25613484,0
2021-07-15,523506,0,26136990,0
2021-07-16,509793,0,26646783,0
2021-07-17,464378,0,27111161,0
2021-07-18,364703,0,27475864,0
2021-07-19,463080,0,27938944,0
2021-07-20,458087,0,28397031,0
2021-07-21,462820,0,28859851,0
2021-07-22,475394,0,29335245,0
2021-07-23,441308,0,29776553,0
2021-07-24,386190,0,30162743,0
2021-07-25,287599,0,30450342,0
2021-07-26,430898,0,30881240,0
2021-07-27,440128,0,31321368,0
2021-07-28,391023,0,31712391,0
2021-07-29,372076,0,32084467,0
2021-07-30,341501,0,32425968,0
2021-07-31,287005,0,32712973,0
2021-08-01,191024,0,32903997,0
2021-08-02,333734,0,33237731,0
2021-08-03,323186,0,33560917,0
2021-08-04,310971,0,33871888,0
2021-08-05,292513,0,34164401,0
2021-08-06,260000,0,34424401,0
2021-08-07,199036,0,34623437,0
2021-08-08,153103,0,34776540,0
2021-08-09,234075,0,35010615,0
2021-08-10,205245,0,35215860,0
2021-08-11,193749,0,35409609,0
2021-08-12,167962,0,35577571,0
2021-08-13,148587,0,35726158,0
2021-08-14,66082,0,35792240,0
2021-08-15,26333,0,35818573,0
2021-08-16,114669,0,35933242,0
2021-08-17,129237,0,36062479,0
2021-08-18,128721,0,36191200,0
2021-08-19,124782,0,36315982,0
2021-08-20,123781,0,36439763,0
2021-08-21,83111,0,36522874,0
2021-08-22,68160,0,36591034,0
2021-08-23,176864,0,36767898,0
2021-08-24,156904,0,36924802,0
2021-08-25,177165,0,37101967,0
2021-08-26,172350,0,37274317,0
2021-08-27,185853,0,37460170,0
2021-08-28,140272,0,37600442,0
2021-08-29,99002,0,37699444,0
2021-08-30,209635,0,37909079,0
2021-08-31,194630,0,38103709,0
2021-09-01,192214,0,38295923,0
2021-09-02,189942,0,38485865,0
2021-09-03,191348,0,38677213,0
2021-09-04,131491,0,38808704,0
2021-09-05,87876,0,38896580,0
2021-09-06,193666,0,39090246,0
2021-09-07,196076,0,39286322,0
2021-09-08,187914,0,39474236,0
2021-09-09,201481,0,39675717,0
2021-09-10,198116,0,39873833,0
2021-09-11,141329,0,40015162,0
2021-09-12,89605,0,40104767,0
2021-09-13,191185,528,40295952,528
2021-09-14,177272,563,40473224,1091
2021-09-15,163135,559,40636359,1650
2021-09-16,160105,906,40796464,2556
2021-09-17,150174,1101,40946638,3657
2021-09-18,127975,725,41074613,4382
2021-09-19,81132,485,41155745,4867
2021-09-20,180074,9060,41335819,13927
2021-09-21,166619,8824,41502438,22751
2021-09-22,159076,9422,41661514,32173
2021-09-23,138073,9312,41799587,41485
2021-09-24,140537,8944,41940124,50429
2021-09-25,119541,5627,42059665,56056
2021-09-26,71950,4334,42131615,60390
2021-09-27,135631,10034,42267246,70424
2021-09-28,117482,11375,42384728,81799
2021-09-29,112326,11821,42497054,93620
2021-09-30,110221,14932,42607275,108552
2021-10-01,94972,19099,42702247,127651
2021-10-02,78468,14011,42780715,141662
2021-10-03,47723,7653,42828438,149315
2021-10-04,88374,34438,42916812,183753
2021-10-05,80356,33967,42997168,217720
2021-10-06,71975,34154,43069143,251874
2021-10-07,71846,34339,43140989,286213
2021-10-08,80621,33583,43221610,319796
2021-10-09,76097,22161,43297707,341957
2021-10-10,45771,13613,43343478,355570
2021-10-11,87406,41094,43430884,396664
2021-10-12,84485,46892,43515369,443556
2021-10-13,88184,52100,43603553,495656
2021-10-14,91518,58497,43695071,554153
2021-10-15,93582,55611,43788653,609764
2021-10-16,82957,36773,43871610,646537
2021-10-17,51457,23823,43923067,670360
2021-10-18,90288,59473,44013355,729833
2021-10-19,78339,69366,44091694,799199
2021-10-20,75070,78156,44166764,877355
2021-10-21,78304,81741,44245068,959096
2021-10-22,73794,77010,44318862,1036106
2021-10-23,60814,51944,44379676,1088050
2021-10-24,33380,23444,44413056,1111494
2021-10-25,64902,81619,44477958,1193113
2021-10-26,58370,91769,44536328,1284882
2021-10-27,58329,103956,44594657,1388838
2021-10-28,61466,114094,44656123,1502932
2021-10-29,61659,103102,44717782,1606034
2021-10-30,50672,68109,44768454,1674143
2021-10-31,25168,28282,44793622,1702425
2021-11-01,19048,28145,44812670,1730570
2021-11-02,62770,89363,44875440,1819933
2021-11-03,60732,118656,44936172,1938589
2021-11-04,59243,126653,44995415,2065242
2021-11-05,63094,135165,45058509,2200407
2021-11-06,46471,90920,45104980,2291327
2021-11-07,22253,37891,45127233,2329218
2021-11-08,51527,131258,45178760,2460476
2021-11-09,45404,144186,45224164,2604662
2021-11-10,42575,156341,45266739,2761003
2021-11-11,44932,155132,45311671,2916135
2021-11-12,46370,158567,45358041,3074702
2021-11-13,33253,116639,45391294,3191341
2021-11-14,14478,52446,45405772,3243787
2021-11-15,36895,157417,45442667,3401204
2021-11-16,30543,171370,45473210,3572574
2021-11-17,28445,178430,45501655,3751004
2021-11-18,30277,193706,45531932,3944710
2021-11-19,28791,205845,45560723,4150555
2021-11-20,20990,156432,45581713,4306987
2021-11-21,10606,64854,45592319,4371841
2021-11-22,21924,213135,45614243,4584976
2021-11-23,23560,241739,45637803,4826715
2021-11-24,27828,270940,45665631,5097655
2021-11-25,23225,301894,45688856,5399549
2021-11-26,24569,318260,45713425,5717809
2021-11-27,21369,266147,45734794,5983956
2021-11-28,9893,137053,45744687,6121009
2021-11-29,22309,326059,45766996,6447068
2021-11-30,23075,365817,45790071,6812885
2021-12-01,21509,413492,45811580,7226377
2021-12-02,23749,440374,45835329,7666751
2021-12-03,25222,467444,45860551,8134195
2021-12-04,22342,418720,45882893,8552915
2021-12-05,11903,261330,45894796,8814245
2021-12-06,25796,457561,45920592,9271806
2021-12-07,24100,480239,45944692,9752045
2021-12-08,9989,249677,45954681,10001722
2021-12-09,31554,491908,45986235,10493630
2021-12-10,28039,517858,46014274,11011488
2021-12-11,23538,459235,46037812,11470723
2021-12-12,12289,293494,46050101,11764217
2021-12-13,26123,467619,46076224,12231836
2021-12-14,25149,494185,46101373,12726021
2021-12-15,25301,517127,46126674,13243148
2021-12-16,27857,520234,46154531,13763382
2021-12-17,29329,517156,46183860,14280538
2021-12-18,27022,468709,46210882,14749247
2021-12-19,15129,300509,46226011,15049756
2021-12-20,30598,477464,46256609,15527220
2021-12-21,30339,493372,46286948,16020592
2021-12-22,29420,484691,46316368,16505283
2021-12-23,28207,426890,46344575,16932173
2021-12-24,13102,210817,46357677,17142990
2021-12-25,2101,33052,46359778,17176042
2021-12-26,8749,159063,46368527,17335105
2021-12-27,46739,504644,46415266,17839749
2021-12-28,42414,554191,46457680,18393940
2021-12-29,34285,550627,46491965,18944567
2021-12-30,31779,499814,46523744,19444381
2021-12-31,14092,247392,46537836,19691773
2022-01-01,3492,64812,46541328,19756585
2022-01-02,22725,276715,46564053,20033300
2022-01-03,47755,520008,46611808,20553308
2022-01-04,46266,572067,46658074,21125375
2022-01-05,40651,560376,46698725,21685751
2022-01-06,23427,274476,46722152,21960227
2022-01-07,63584,554173,46785736,22514400
2022-01-08,60736,503372,46846472,23017772
2022-01-09,42741,319682,46889213,23337454
2022-01-10,60974,542267,46950187,23879721
2022-01-11,61593,586978,47011780,24466699
2022-01-12,58324,581270,47070104,25047969
2022-01-13,58479,580367,47128583,25628336
2022-01-14,46658,588555,47175241,26216891
2022-01-15,39213,569931,47214454,26786822
2022-01-16,31097,341847,47245551,27128669
2022-01-17,54693,489641,47300244,27618310
2022-01-18,58286,517003,47358530,28135313
2022-01-19,57111,502777,47415641,28638090
2022-01-20,54245,498807,47469886,29136897
2022-01-21,41959,493863,47511845,29630760
2022-01-22,31073,469586,47542918,30100346
2022-01-23,34855,275363,47577773,30375709
2022-01-24,56113,437204,47633886,30812913
2022-01-25,61479,452084,47695365,31264997
2022-01-26,58466,435812,47753831,31700809
2022-01-27,48772,432350,47802603,32133159
2022-01-28,58607,436520,47861210,32569679
2022-01-29,68031,412474,47929241,32982153
2022-01-30,50320,235965,47979561,33218118
2022-01-31,60542,356915,48040103,33575033
2022-02-01,65468,328427,48105571,33903460
2022-02-02,63113,296958,48168684,34200418
2022-02-03,59987,274511,48228671,34474929
2022-02-04,72309,268442,48300980,34743371
2022-02-05,83691,248520,48384671,34991891
2022-02-06,55245,116193,48439916,35108084
2022-02-07,65092,199926,48505008,35308010
2022-02-08,66884,186101,48571892,35494111
2022-02-09,58721,166327,48630613,35660438
2022-02-10,58510,163231,48689123,35823669
2022-02-11,62204,162450,48751327,35986119
2022-02-12,71932,152133,48823259,36138252
2022-02-13,41454,68848,48864713,36207100
2022-02-14,46649,116180,48911362,36323280
2022-02-15,48487,123477,48959849,36446757
2022-02-16,45650,106106,49005499,36552863
2022-02-17,42841,98098,49048340,36650961
2022-02-18,46586,112564,49094926,36763525
2022-02-19,52510,100323,49147436,36863848
2022-02-20,31407,40359,49178843,36904207
2022-02-21,37881,89639,49216724,36993846
2022-02-22,37199,83767,49253923,37077613
2022-02-23,33369,79403,49287292,37157016
2022-02-24,32542,78160,49319834,37235176
2022-02-25,34740,90702,49354574,37325878
2022-02-26,39139,89131,49393713,37415009
2022-02-27,22538,35854,49416251,37450863
2022-02-28,28461,81689,49444712,37532552
2022-03-01,22691,53934,49467403,37586486
2022-03-02,21982,50627,49489385,37637113
2022-03-03,22593,54940,49511978,37692053
2022-03-04,23203,62789,49535181,37754842
2022-03-05,23777,57949,49558958,37812791
2022-03-06,9468,17199,49568426,37829990
2022-03-07,15894,51389,49584320,37881379
2022-03-08,15442,48795,49599762,37930174
2022-03-09,13796,46512,49613558,37976686
2022-03-10,14022,52115,49627580,38028801
2022-03-11,15561,57249,49643141,38086050
2022-03-12,15484,56614,49658625,38142664
2022-03-13,5540,16848,49664165,38159512
2022-03-14,10515,46691,49674680,38206203
2022-03-15,10525,46892,49685205,38253095
2022-03-16,9468,41975,49694673,38295070
2022-03-17,9696,44875,49704369,38339945
2022-03-18,10148,49052,49714517,38388997
2022-03-19,9141,46531,49723658,38435528
2022-03-20,2606,11699,49726264,38447227
2022-03-21,7569,40220,49733833,38487447
2022-03-22,8435,37745,49742268,38525192
2022-03-23,7202,33695,49749470,38558887
2022-03-24,8245,38796,49757715,38597683
2022-03-25,8120,43664,49765835,38641347
2022-03-26,8118,41719,49773953,38683066
2022-03-27,2428,9682,49776381,38692748
2022-03-28,6094,35229,49782475,38727977
2022-03-29,5772,32523,49788247,38760500
2022-03-30,5552,30192,49793799,38790692
2022-03-31,5880,33169,49799679,38823861
2022-04-01,4341,25179,49804020,38849040
2022-04-02,4486,23272,49808506,38872312
2022-04-03,1047,4499,49809553,38876811
2022-04-04,3649,21531,49813202,38898342
2022-04-05,3746,22922,49816948,38921264
2022-04-06,4095,21837,49821043,38943101
2022-04-07,3953,23317,49824996,38966418
2022-04-08,4681,26709,49829677,38993127
2022-04-09,4374,23882,49834051,39017009
2022-04-10,892,4614,49834943,39021623
2022-04-11,3800,22682,49838743,39044305
2022-04-12,3354,21776,49842097,39066081
2022-04-13,3556,21333,49845653,39087414
2022-04-14,3481,23774,49849134,39111188
2022-04-15,3074,20613,49852208,39131801
2022-04-16,2147,11920,49854355,39143721
2022-04-17,63,348,49854418,39144069
2022-04-18,148,650,49854566,39144719
2022-04-19,3481,21977,49858047,39166696
2022-04-20,3493,20249,49861540,39186945
2022-04-21,2837,19776,49864377,39206721
2022-04-22,2913,20695,49867290,39227416
2022-04-23,2635,16205,49869925,39243621
2022-04-24,509,2335,49870434,39245956
2022-04-25,183,1165,49870617,39247121
2022-04-26,2757,17792,49873374,39264913
2022-04-27,2363,15780,49875737,39280693
2022-04-28,2348,15533,49878085,39296226
2022-04-29,2289,14832,49880374,39311058
2022-04-30,2117,11577,49882491,39322635
2022-05-01,113,530,49882604,39323165
2022-05-02,1443,9381,49884047,39332546
2022-05-03,1569,10307,49885616,39342853
2022-05-04,1744,10256,49887360,39353109
2022-05-05,1647,10273,49889007,39363382
2022-05-06,1690,10944,49890697,39374326
2022-05-07,1431,8563,49892128,39382889
2022-05-08,404,1514,49892532,39384403
2022-05-09,1023,8915,49893555,39393318
2022-05-10,1418,9536,49894973,39402854
2022-05-11,1477,10087,49896450,39412941
2022-05-12,1365,10119,49897815,39423060
2022-05-13,1587,10508,49899402,39433568
2022-05-14,1355,8226,49900757,39441794
2022-05-15,336,1129,49901093,39442923
2022-05-16,809,8388,49901902,39451311
2022-05-17,1239,8667,49903141,39459978
2022-05-18,1369,9214,49904510,39469192
2022-05-19,1498,9267,49906008,39478459
2022-05-20,1420,9491,49907428,39487950
2022-05-21,1299,7891,49908727,39495841
2022-05-22,231,1012,49908958,39496853
2022-05-23,825,8260,49909783,39505113
2022-05-24,1070,8663,49910853,39513776
2022-05-25,1365,9444,49912218,39523220
2022-05-26,1192,9452,49913410,39532672
2022-05-27,1224,9909,49914634,39542581
2022-05-28,1202,7872,49915836,39550453
2022-05-29,285,1264,49916121,39551717
2022-05-30,928,8024,49917049,39559741
2022-05-31,1033,8529,49918082,39568270
2022-06-01,891,7643,49918973,39575913
2022-06-02,35,474,49919008,39576387
2022-06-03,813,7327,49919821,39583714
2022-06-04,869,5155,49920690,39588869
2022-06-05,89,586,49920779,39589455
2022-06-06,671,6964,49921450,39596419
2022-06-07,930,7841,49922380,39604260
2022-06-08,981,7896,49923361,39612156
2022-06-09,1034,8398,49924395,39620554
2022-06-10,950,8537,49925345,39629091
2022-06-11,898,6207,49926243,39635298
2022-06-12,140,767,49926383,39636065
2022-06-13,602,6295,49926985,39642360
2022-06-14,824,7880,49927809,39650240
2022-06-15,949,7842,49928758,39658082
2022-06-16,728,7383,49929486,39665465
2022-06-17,717,7235,49930203,39672700
2022-06-18,776,5587,49930979,39678287
2022-06-19,47,522,49931026,39678809
2022-06-20,587,6694,49931613,39685503
2022-06-21,730,7637,49932343,39693140
2022-06-22,777,7300,49933120,39700440
2022-06-23,648,7456,49933768,39707896
2022-06-24,643,7468,49934411,39715364
2022-06-25,835,6531,49935246,39721895
2022-06-26,128,523,49935374,39722418
2022-06-27,532,7115,49935906,39729533
2022-06-28,743,8208,49936649,39737741
2022-06-29,754,7717,49937403,39745458
2022-06-30,740,8132,49938143,39753590
2022-07-01,577,6436,49938720,39760026
2022-07-02,536,4764,49939256,39764790
2022-07-03,49,456,49939305,39765246
2022-07-04,468,6268,49939773,39771514
2022-07-05,621,8107,49940394,39779621
2022-07-06,624,7591,49941018,39787212
2022-07-07,562,8249,49941580,39795461
2022-07-08,669,8074,49942249,39803535
2022-07-09,548,6103,49942797,39809638
2022-07-10,58,533,49942855,39810171
2022-07-11,477,7626,49943332,39817797
2022-07-12,651,8980,49943983,39826777
2022-07-13,626,10061,49944609,39836838
2022-07-14,618,10217,49945227,39847055
2022-07-15,616,10642,49945843,39857697
2022-07-16,512,7205,49946355,39864902
2022-07-17,48,769,49946403,39865671
2022-07-18,495,9336,49946898,39875007
2022-07-19,559,10635,49947457,39885642
2022-07-20,562,11235,49948019,39896877
2022-07-21,619,11993,49948638,39908870
2022-07-22,568,11194,49949206,39920064
2022-07-23,375,6730,49949581,39926794
2022-07-24,75,834,49949656,39927628
2022-07-25,492,9020,49950148,39936648
2022-07-26,516,9697,49950664,39946345
2022-07-27,532,10112,49951196,39956457
2022-07-28,523,10441,49951719,39966898
2022-07-29,504,9380,49952223,39976278
2022-07-30,380,5844,49952603,39982122
2022-07-31,49,745,49952652,39982867
2022-08-01,383,6803,49953035,39989670
2022-08-02,534,7482,49953569,39997152
2022-08-03,488,7067,49954057,40004219
2022-08-04,443,7375,49954500,40011594
2022-08-05,410,6431,49954910,40018025
2022-08-06,295,3559,49955205,40021584
2022-08-07,43,546,49955248,40022130
2022-08-08,389,4817,49955637,40026947
2022-08-09,373,5204,49956010,40032151
2022-08-10,363,4628,49956373,40036779
2022-08-11,367,4468,49956740,40041247