data_somministrazione,vaccinazioni,booster,cum_vaccinazioni,cum_booster
2020-12-27,16,0,16,0
2020-12-28,2,0,18,0
2020-12-29,1,0,19,0
2020-12-30,3,0,22,0
2020-12-31,34,0,56,0
2021-01-01,12,0,68,0
2021-01-02,55,0,123,0
2021-01-03,46,0,169,0
2021-01-04,124,0,293,0
2021-01-05,165,0,458,0
2021-01-06,135,0,593,0
2021-01-07,203,0,796,0
2021-01-08,247,0,1043,0
2021-01-09,175,0,1218,0
2021-01-10,110,0,1328,0
2021-01-11,201,0,1529,0
2021-01-12,208,0,1737,0
2021-01-13,314,0,2051,0
2021-01-14,415,0,2466,0
2021-01-15,255,0,2721,0
2021-01-16,169,0,2890,0
2021-01-17,3050,0,5940,0
2021-01-18,5186,0,11126,0
2021-01-19,1877,0,13003,0
2021-01-20,4648,0,17651,0
2021-01-21,20006,0,37657,0
2021-01-22,14198,0,51855,0
2021-01-23,33358,0,85213,0
2021-01-24,30794,0,116007,0
2021-01-25,64780,0,180787,0
2021-01-26,76552,0,257339,0
2021-01-27,64882,0,322221,0
2021-01-28,89344,0,411565,0
2021-01-29,94077,0,505642,0
2021-01-30,86620,0,592262,0
2021-01-31,57355,0,649617,0
2021-02-01,81911,0,731528,0
2021-02-02,82173,0,813701,0
2021-02-03,91218,0,904919,0
2021-02-04,95389,0,1000308,0
2021-02-05,90294,0,1090602,0
2021-02-06,63734,0,1154336,0
2021-02-07,32920,0,1187256,0
2021-02-08,40417,0,1227673,0
2021-02-09,32846,0,1260519,0
2021-02-10,28387,0,1288906,0
2021-02-11,20355,0,1309261,0
2021-02-12,16181,0,1325442,0
2021-02-13,7217,0,1332659,0
2021-02-14,2856,0,1335515,0
2021-02-15,6824,0,1342339,0
2021-02-16,6974,0,1349313,0
2021-02-17,10497,0,1359810,0
2021-02-18,9218,0,1369028,0
2021-02-19,8173,0,1377201,0
2021-02-20,5476,0,1382677,0
2021-02-21,2948,0,1385625,0
2021-02-22,6840,0,1392465,0
2021-02-23,7110,0,1399575,0
2021-02-24,9791,0,1409366,0
2021-02-25,14171,0,1423537,0
2021-02-26,17493,0,1441030,0
2021-02-27,13857,0,1454887,0
2021-02-28,9346,0,1464233,0
2021-03-01,26446,0,1490679,0
2021-03-02,33173,0,1523852,0
2021-03-03,44602,0,1568454,0
2021-03-04,50213,0,1618667,0
2021-03-05,55627,0,1674294,0
2021-03-06,41842,0,1716136,0
2021-03-07,22293,0,1738429,0
2021-03-08,50530,0,1788959,0
2021-03-09,52912,0,1841871,0
2021-03-10,58531,0,1900402,0
2021-03-11,63750,0,1964152,0
2021-03-12,65013,0,2029165,0
2021-03-13,51652,0,2080817,0
2021-03-14,35345,0,2116162,0
2021-03-15,73367,0,2189529,0
2021-03-16,73987,0,2263516,0
2021-03-17,83002,0,2346518,0
2021-03-18,81588,0,2428106,0
2021-03-19,81023,0,2509129,0
2021-03-20,64644,0,2573773,0
2021-03-21,47246,0,2621019,0
2021-03-22,69405,0,2690424,0
2021-03-23,75693,0,2766117,0
2021-03-24,90782,0,2856899,0
2021-03-25,89707,0,2946606,0
2021-03-26,83492,0,3030098,0
2021-03-27,71821,0,3101919,0
2021-03-28,44037,0,3145956,0
2021-03-29,70698,0,3216654,0
2021-03-30,81247,0,3297901,0
2021-03-31,96091,0,3393992,0
2021-04-01,95199,0,3489191,0
2021-04-02,83984,0,3573175,0
2021-04-03,64251,0,3637426,0
2021-04-04,21689,0,3659115,0
2021-04-05,40259,0,3699374,0
2021-04-06,81223,0,3780597,0
2021-04-07,95720,0,3876317,0
2021-04-08,95151,0,3971468,0
2021-04-09,88387,0,4059855,0
2021-04-10,73946,0,4133801,0
2021-04-11,44703,0,4178504,0
2021-04-12,66837,0,4245341,0
2021-04-13,72498,0,4317839,0
2021-04-14,85424,0,4403263,0
2021-04-15,105297,0,4508560,0
2021-04-16,106307,0,4614867,0
2021-04-17,90399,0,4705266,0
2021-04-18,58529,0,4763795,0
2021-04-19,93383,0,4857178,0
2021-04-20,103691,0,4960869,0
2021-04-21,125272,0,5086141,0
2021-04-22,143421,0,5229562,0
2021-04-23,138616,0,5368178,0
2021-04-24,124353,0,5492531,0
2021-04-25,61388,0,5553919,0
2021-04-26,97796,0,5651715,0
2021-04-27,128270,0,5779985,0
2021-04-28,156241,0,5936226,0
2021-04-29,195421,0,6131647,0
2021-04-30,214420,0,6346067,0
2021-05-01,174001,0,6520068,0
2021-05-02,135732,0,6655800,0
2021-05-03,141896,0,6797696,0
2021-05-04,158586,0,6956282,0
2021-05-05,170350,0,7126632,0
2021-05-06,197684,0,7324316,0
2021-05-07,213671,0,7537987,0
2021-05-08,213288,0,7751275,0
2021-05-09,143081,0,7894356,0
2021-05-10,164992,0,8059348,0
2021-05-11,174817,0,8234165,0
2021-05-12,178976,0,8413141,0
2021-05-13,203172,0,8616313,0
2021-05-14,222745,0,8839058,0
2021-05-15,210166,0,9049224,0
2021-05-16,159153,0,9208377,0
2021-05-17,219076,0,9427453,0
2021-05-18,212880,0,9640333,0
2021-05-19,206926,0,9847259,0
2021-05-20,270677,0,10117936,0
2021-05-21,270691,0,10388627,0
2021-05-22,245405,0,10634032,0
2021-05-23,197114,0,10831146,0
2021-05-24,228219,0,11059365,0
2021-05-25,245609,0,11304974,0
2021-05-26,277376,0,11582350,0
2021-05-27,310963,0,11893313,0
2021-05-28,299437,0,12192750,0
2021-05-29,231072,0,12423822,0
2021-05-30,170751,0,12594573,0
2021-05-31,216307,0,12810880,0
2021-06-01,207544,0,13018424,0
2021-06-02,115665,0,13134089,0
2021-06-03,179897,0,13313986,0
2021-06-04,184628,0,13498614,0
2021-06-05,185737,0,13684351,0
2021-06-06,139307,0,13823658,0
2021-06-07,161623,0,13985281,0
2021-06-08,170871,0,14156152,0
2021-06-09,171192,0,14327344,0
2021-06-10,173753,0,14501097,0
2021-06-11,169660,0,14670757,0
2021-06-12,128056,0,14798813,0
2021-06-13,91008,0,14889821,0
2021-06-14,214480,0,15104301,0
2021-06-15,228233,0,15332534,0
2021-06-16,252960,0,15585494,0
2021-06-17,301591,0,15887085,0
2021-06-18,306134,0,16193219,0
2021-06-19,275024,0,16468243,0
2021-06-20,220648,0,16688891,0
2021-06-21,287993,0,16976884,0
2021-06-22,296112,0,17272996,0
2021-06-23,302689,0,17575685,0
2021-06-24,332522,0,17908207,0
2021-06-25,348668,0,18256875,0
2021-06-26,300065,0,18556940,0
2021-06-27,228664,0,18785604,0
2021-06-28,306945,0,19092549,0
2021-06-29,329220,0,19421769,0
2021-06-30,342134,0,19763903,0
2021-07-01,363067,0,20126970,0
2021-07-02,368473,0,20495443,0
2021-07-03,371134,0,20866577,0
2021-07-04,283183,0,21149760,0
2021-07-05,384521,0,21534281,0
2021-07-06,385437,0,21919718,0
2021-07-07,412100,0,22331818,0
2021-07-08,479890,0,22811708,0
2021-07-09,498644,0,23310352,0
2021-07-10,475338,0,23785690,0
2021-07-11,357859,0,24143549,0
2021-07-12,486071,0,24629620,0
2021-07-13,492368,0,25121988,0
2021-07-14,480653,0,25602641,0
2021-07-15,523656,0,26126297,0
2021-07-16,509924,0,26636221,0
2021-07-17,464632,0,27100853,0
2021-07-18,364861,0,27465714,0
2021-07-19,463294,0,27929008,0
2021-07-20,458213,0,28387221,0
2021-07-21,462910,0,28850131,0
2021-07-22,475441,0,29325572,0
2021-07-23,441368,0,29766940,0
2021-07-24,386186,0,30153126,0
2021-07-25,287619,0,30440745,0
2021-07-26,430962,0,30871707,0
2021-07-27,440173,0,31311880,0
2021-07-28,391054,0,31702934,0
2021-07-29,372107,0,32075041,0
2021-07-30,341438,0,32416479,0
2021-07-31,286980,0,32703459,0
2021-08-01,190853,0,32894312,0
2021-08-02,333703,0,33228015,0
2021-08-03,323154,0,33551169,0
2021-08-04,310950,0,33862119,0
2021-08-05,292552,0,34154671,0
2021-08-06,259977,0,34414648,0
2021-08-07,198945,0,34613593,0
2021-08-08,153079,0,34766672,0
2021-08-09,234133,0,35000805,0
2021-08-10,205150,0,35205955,0
2021-08-11,193602,0,35399557,0
2021-08-12,167793,0,35567350,0
2021-08-13,148396,0,35715746,0
2021-08-14,66003,0,35781749,0
2021-08-15,26305,0,35808054,0
2021-08-16,114539,0,35922593,0
2021-08-17,129118,0,36051711,0
2021-08-18,128580,0,36180291,0
2021-08-19,124648,0,36304939,0
2021-08-20,123670,0,36428609,0
2021-08-21,83055,0,36511664,0
2021-08-22,68118,0,36579782,0
2021-08-23,176736,0,36756518,0
2021-08-24,156934,0,36913452,0
2021-08-25,177060,0,37090512,0
2021-08-26,172262,0,37262774,0
2021-08-27,185788,0,37448562,0
2021-08-28,140121,0,37588683,0
2021-08-29,98990,0,37687673,0
2021-08-30,209484,0,37897157,0
2021-08-31,194469,0,38091626,0
2021-09-01,192069,0,38283695,0
2021-09-02,189762,0,38473457,0
2021-09-03,191218,0,38664675,0
2021-09-04,131412,0,38796087,0
2021-09-05,87814,0,38883901,0
2021-09-06,193592,0,39077493,0
2021-09-07,195904,0,39273397,0
2021-09-08,187823,0,39461220,0
2021-09-09,201375,0,39662595,0
2021-09-10,197978,0,39860573,0
2021-09-11,141206,0,40001779,0
2021-09-12,89531,0,40091310,0
2021-09-13,191118,347,40282428,347
2021-09-14,177179,426,40459607,773
2021-09-15,162994,456,40622601,1229
2021-09-16,159963,787,40782564,2016
2021-09-17,149983,1005,40932547,3021
2021-09-18,127782,656,41060329,3677
2021-09-19,81048,442,41141377,4119
2021-09-20,179827,8954,41321204,13073
2021-09-21,166367,8725,41487571,21798
2021-09-22,158800,9363,41646371,31161
2021-09-23,137765,9238,41784136,40399
2021-09-24,140253,8860,41924389,49259
2021-09-25,119346,5552,42043735,54811
2021-09-26,71794,4295,42115529,59106
2021-09-27,135368,9972,42250897,69078
2021-09-28,117225,11314,42368122,80392
2021-09-29,112037,11759,42480159,92151
2021-09-30,109972,14850,42590131,107001
2021-10-01,94733,19032,42684864,126033
2021-10-02,78248,13983,42763112,140016
2021-10-03,47576,7630,42810688,147646
2021-10-04,88138,34366,42898826,182012
2021-10-05,80183,33905,42979009,215917
2021-10-06,71778,34078,43050787,249995
2021-10-07,71554,34289,43122341,284284
2021-10-08,80398,33495,43202739,317779
2021-10-09,75858,22112,43278597,339891
2021-10-10,45649,13590,43324246,353481
2021-10-11,87178,41006,43411424,394487
2021-10-12,84256,46799,43495680,441286
2021-10-13,87941,52010,43583621,493296
2021-10-14,91221,58386,43674842,551682
2021-10-15,93274,55484,43768116,607166
2021-10-16,82690,36711,43850806,643877
2021-10-17,51291,23784,43902097,667661
2021-10-18,90102,59336,43992199,726997
2021-10-19,78145,69290,44070344,796287
2021-10-20,74854,78044,44145198,874331
2021-10-21,78100,81617,44223298,955948
2021-10-22,73672,76904,44296970,1032852
2021-10-23,60652,51887,44357622,1084739
2021-10-24,33326,23402,44390948,1108141
2021-10-25,64795,81534,44455743,1189675
2021-10-26,58264,91634,44514007,1281309
2021-10-27,58191,103844,44572198,1385153
2021-10-28,61324,113915,44633522,1499068
2021-10-29,61589,102949,44695111,1602017
2021-10-30,50569,68011,44745680,1670028
2021-10-31,25130,28239,44770810,1698267
2021-11-01,19020,28120,44789830,1726387
2021-11-02,62718,89224,44852548,1815611
2021-11-03,60642,118509,44913190,1934120
2021-11-04,59136,126472,44972326,2060592
2021-11-05,62989,134987,45035315,2195579
2021-11-06,46369,90776,45081684,2286355
2021-11-07,22209,37838,45103893,2324193
2021-11-08,51398,131127,45155291,2455320
2021-11-09,45329,143949,45200620,2599269
2021-11-10,42487,156048,45243107,2755317
2021-11-11,44827,154974,45287934,2910291
2021-11-12,46247,158385,45334181,3068676
2021-11-13,33147,116476,45367328,3185152
2021-11-14,14446,52395,45381774,3237547
2021-11-15,36797,157194,45418571,3394741
2021-11-16,30448,171183,45449019,3565924
2021-11-17,28334,178271,45477353,3744195
2021-11-18,30117,193478,45507470,3937673
2021-11-19,28672,205581,45536142,4143254
2021-11-20,20887,156119,45557029,4299373
2021-11-21,10547,64713,45567576,4364086
2021-11-22,21824,212934,45589400,4577020
2021-11-23,23446,241463,45612846,4818483
2021-11-24,27685,270679,45640531,5089162
2021-11-25,23063,301585,45663594,5390747
2021-11-26,24414,317957,45688008,5708704
2021-11-27,21229,265849,45709237,5974553
2021-11-28,9830,136840,45719067,6111393
2021-11-29,22136,325695,45741203,6437088
2021-11-30,22888,365422,45764091,6802510
2021-12-01,21288,413034,45785379,7215544
2021-12-02,23542,440220,45808921,7655764
2021-12-03,24991,467241,45833912,8123005
2021-12-04,22155,418602,45856067,8541607
2021-12-05,11764,261254,45867831,8802861
2021-12-06,25502,457408,45893333,9260269
2021-12-07,23853,480042,45917186,9740311
2021-12-08,9868,249596,45927054,9989907
2021-12-09,31244,491785,45958298,10481692
2021-12-10,27777,517624,45986075,10999316
2021-12-11,23303,459089,46009378,11458405
2021-12-12,12129,293379,46021507,11751784
2021-12-13,25869,467445,46047376,12219229
2021-12-14,24878,493979,46072254,12713208
2021-12-15,25031,516940,46097285,13230148
2021-12-16,27488,520009,46124773,13750157
2021-12-17,28995,516887,46153768,14267044
2021-12-18,26660,468516,46180428,14735560
2021-12-19,14908,300362,46195336,15035922
2021-12-20,30249,477279,46225585,15513201
2021-12-21,30031,493133,46255616,16006334
2021-12-22,29049,484476,46284665,16490810
2021-12-23,27842,426731,46312507,16917541
2021-12-24,12961,210738,46325468,17128279
2021-12-25,2085,33041,46327553,17161320
2021-12-26,8645,159018,46336198,17320338
2021-12-27,46324,504464,46382522,17824802
2021-12-28,41844,553997,46424366,18378799
2021-12-29,33658,550416,46458024,18929215
2021-12-30,31219,499606,46489243,19428821
2021-12-31,13612,247316,46502855,19676137
2022-01-01,3419,64784,46506274,19740921
2022-01-02,22254,276658,46528528,20017579
2022-01-03,46821,520784,46575349,20538363
2022-01-04,45240,572806,46620589,21111169
2022-01-05,39378,561091,46659967,21672260
2022-01-06,22612,274359,46682579,21946619
2022-01-07,61962,554843,46744541,22501462
2022-01-08,58899,503192,46803440,23004654
2022-01-09,41158,319580,46844598,23324234
2022-01-10,59347,542916,46903945,23867150
2022-01-11,59630,587616,46963575,24454766
2022-01-12,56140,581847,47019715,25036613
2022-01-13,56340,580973,47076055,25617586
2022-01-14,44284,588852,47120339,26206438
2022-01-15,36137,568772,47156476,26775210
2022-01-16,29038,341355,47185514,27116565
2022-01-17,52755,490273,47238269,27606838
2022-01-18,56344,518044,47294613,28124882
2022-01-19,55110,503342,47349723,28628224
2022-01-20,52295,499294,47402018,29127518
2022-01-21,39882,494324,47441900,29621842
2022-01-22,28364,469267,47470264,30091109
2022-01-23,33369,275177,47503633,30366286
2022-01-24,54668,437788,47558301,30804074
2022-01-25,60159,452665,47618460,31256739
2022-01-26,57032,436314,47675492,31693053
2022-01-27,47367,432827,47722859,32125880
2022-01-28,57109,437046,47779968,32562926
2022-01-29,66248,411872,47846216,32974798
2022-01-30,49086,235632,47895302,33210430
2022-01-31,59092,357530,47954394,33567960
2022-02-01,64311,328983,48018705,33896943
2022-02-02,62050,297311,48080755,34194254
2022-02-03,59121,274891,48139876,34469145
2022-02-04,71393,268711,48211269,34737856
2022-02-05,82427,248044,48293696,34985900
2022-02-06,54570,116017,48348266,35101917
2022-02-07,64395,200387,48412661,35302304
2022-02-08,66065,186513,48478726,35488817
2022-02-09,57995,166592,48536721,35655409
2022-02-10,57816,163375,48594537,35818784
2022-02-11,61537,162526,48656074,35981310
2022-02-12,71153,151762,48727227,36133072
2022-02-13,41007,68599,48768234,36201671
2022-02-14,46171,116424,48814405,36318095
2022-02-15,47825,123313,48862230,36441408
2022-02-16,44974,105638,48907204,36547046
2022-02-17,42031,97020,48949235,36644066
2022-02-18,21705,55430,48970940,36699496