data_somministrazione,vaccinazioni,booster,cum_vaccinazioni,cum_booster
2020-12-27,19,0,19,0
2020-12-28,2,0,21,0
2020-12-29,1,0,22,0
2020-12-30,6,0,28,0
2020-12-31,58,0,86,0
2021-01-01,22,0,108,0
2021-01-02,97,0,205,0
2021-01-03,73,0,278,0
2021-01-04,188,0,466,0
2021-01-05,229,0,695,0
2021-01-06,182,0,877,0
2021-01-07,275,0,1152,0
2021-01-08,320,0,1472,0
2021-01-09,235,0,1707,0
2021-01-10,141,0,1848,0
2021-01-11,260,0,2108,0
2021-01-12,260,0,2368,0
2021-01-13,380,0,2748,0
2021-01-14,466,0,3214,0
2021-01-15,289,0,3503,0
2021-01-16,200,0,3703,0
2021-01-17,3057,0,6760,0
2021-01-18,5206,0,11966,0
2021-01-19,1889,0,13855,0
2021-01-20,4652,0,18507,0
2021-01-21,20004,0,38511,0
2021-01-22,14201,0,52712,0
2021-01-23,33336,0,86048,0
2021-01-24,30792,0,116840,0
2021-01-25,64741,0,181581,0
2021-01-26,76503,0,258084,0
2021-01-27,64851,0,322935,0
2021-01-28,89304,0,412239,0
2021-01-29,94039,0,506278,0
2021-01-30,86580,0,592858,0
2021-01-31,57342,0,650200,0
2021-02-01,81879,0,732079,0
2021-02-02,82149,0,814228,0
2021-02-03,91199,0,905427,0
2021-02-04,95403,0,1000830,0
2021-02-05,90284,0,1091114,0
2021-02-06,63452,0,1154566,0
2021-02-07,32926,0,1187492,0
2021-02-08,40431,0,1227923,0
2021-02-09,32866,0,1260789,0
2021-02-10,28418,0,1289207,0
2021-02-11,20383,0,1309590,0
2021-02-12,16222,0,1325812,0
2021-02-13,7248,0,1333060,0
2021-02-14,2861,0,1335921,0
2021-02-15,6836,0,1342757,0
2021-02-16,6993,0,1349750,0
2021-02-17,10518,0,1360268,0
2021-02-18,9244,0,1369512,0
2021-02-19,8234,0,1377746,0
2021-02-20,5536,0,1383282,0
2021-02-21,2985,0,1386267,0
2021-02-22,6880,0,1393147,0
2021-02-23,7156,0,1400303,0
2021-02-24,9823,0,1410126,0
2021-02-25,14200,0,1424326,0
2021-02-26,17550,0,1441876,0
2021-02-27,13896,0,1455772,0
2021-02-28,9386,0,1465158,0
2021-03-01,26507,0,1491665,0
2021-03-02,33235,0,1524900,0
2021-03-03,44641,0,1569541,0
2021-03-04,50290,0,1619831,0
2021-03-05,55733,0,1675564,0
2021-03-06,41871,0,1717435,0
2021-03-07,22320,0,1739755,0
2021-03-08,50790,0,1790545,0
2021-03-09,53054,0,1843599,0
2021-03-10,58621,0,1902220,0
2021-03-11,63830,0,1966050,0
2021-03-12,65092,0,2031142,0
2021-03-13,51705,0,2082847,0
2021-03-14,35383,0,2118230,0
2021-03-15,73425,0,2191655,0
2021-03-16,74021,0,2265676,0
2021-03-17,83128,0,2348804,0
2021-03-18,81621,0,2430425,0
2021-03-19,81077,0,2511502,0
2021-03-20,64704,0,2576206,0
2021-03-21,47284,0,2623490,0
2021-03-22,69470,0,2692960,0
2021-03-23,75776,0,2768736,0
2021-03-24,90883,0,2859619,0
2021-03-25,89782,0,2949401,0
2021-03-26,83602,0,3033003,0
2021-03-27,71913,0,3104916,0
2021-03-28,44120,0,3149036,0
2021-03-29,70804,0,3219840,0
2021-03-30,81351,0,3301191,0
2021-03-31,96215,0,3397406,0
2021-04-01,95289,0,3492695,0
2021-04-02,84060,0,3576755,0
2021-04-03,64295,0,3641050,0
2021-04-04,21715,0,3662765,0
2021-04-05,40296,0,3703061,0
2021-04-06,81295,0,3784356,0
2021-04-07,95800,0,3880156,0
2021-04-08,95224,0,3975380,0
2021-04-09,88477,0,4063857,0
2021-04-10,74027,0,4137884,0
2021-04-11,44747,0,4182631,0
2021-04-12,66904,0,4249535,0
2021-04-13,72559,0,4322094,0
2021-04-14,85514,0,4407608,0
2021-04-15,105395,0,4513003,0
2021-04-16,106407,0,4619410,0
2021-04-17,90488,0,4709898,0
2021-04-18,58581,0,4768479,0
2021-04-19,93424,0,4861903,0
2021-04-20,103760,0,4965663,0
2021-04-21,125324,0,5090987,0
2021-04-22,143502,0,5234489,0
2021-04-23,138713,0,5373202,0
2021-04-24,124429,0,5497631,0
2021-04-25,61453,0,5559084,0
2021-04-26,97874,0,5656958,0
2021-04-27,128349,0,5785307,0
2021-04-28,156348,0,5941655,0
2021-04-29,195576,0,6137231,0
2021-04-30,214551,0,6351782,0
2021-05-01,174085,0,6525867,0
2021-05-02,135792,0,6661659,0
2021-05-03,141999,0,6803658,0
2021-05-04,158670,0,6962328,0
2021-05-05,170465,0,7132793,0
2021-05-06,197785,0,7330578,0
2021-05-07,213799,0,7544377,0
2021-05-08,213377,0,7757754,0
2021-05-09,143186,0,7900940,0
2021-05-10,165078,0,8066018,0
2021-05-11,174951,0,8240969,0
2021-05-12,179139,0,8420108,0
2021-05-13,203352,0,8623460,0
2021-05-14,222887,0,8846347,0
2021-05-15,210327,0,9056674,0
2021-05-16,159257,0,9215931,0
2021-05-17,219175,0,9435106,0
2021-05-18,212993,0,9648099,0
2021-05-19,207066,0,9855165,0
2021-05-20,270835,0,10126000,0
2021-05-21,270857,0,10396857,0
2021-05-22,245513,0,10642370,0
2021-05-23,197171,0,10839541,0
2021-05-24,228287,0,11067828,0
2021-05-25,245683,0,11313511,0
2021-05-26,277478,0,11590989,0
2021-05-27,311075,0,11902064,0
2021-05-28,299553,0,12201617,0
2021-05-29,231188,0,12432805,0
2021-05-30,170819,0,12603624,0
2021-05-31,216401,0,12820025,0
2021-06-01,207626,0,13027651,0
2021-06-02,115764,0,13143415,0
2021-06-03,180092,0,13323507,0
2021-06-04,184837,0,13508344,0
2021-06-05,185913,0,13694257,0
2021-06-06,139501,0,13833758,0
2021-06-07,161824,0,13995582,0
2021-06-08,171143,0,14166725,0
2021-06-09,171416,0,14338141,0
2021-06-10,174025,0,14512166,0
2021-06-11,169918,0,14682084,0
2021-06-12,128294,0,14810378,0
2021-06-13,91129,0,14901507,0
2021-06-14,214627,0,15116134,0
2021-06-15,228374,0,15344508,0
2021-06-16,253023,0,15597531,0
2021-06-17,301687,0,15899218,0
2021-06-18,306243,0,16205461,0
2021-06-19,275039,0,16480500,0
2021-06-20,220729,0,16701229,0
2021-06-21,288026,0,16989255,0
2021-06-22,296177,0,17285432,0
2021-06-23,302651,0,17588083,0
2021-06-24,332547,0,17920630,0
2021-06-25,348685,0,18269315,0
2021-06-26,300081,0,18569396,0
2021-06-27,228607,0,18798003,0
2021-06-28,307025,0,19105028,0
2021-06-29,329221,0,19434249,0
2021-06-30,342087,0,19776336,0
2021-07-01,363140,0,20139476,0
2021-07-02,368429,0,20507905,0
2021-07-03,371059,0,20878964,0
2021-07-04,283187,0,21162151,0
2021-07-05,384493,0,21546644,0
2021-07-06,385425,0,21932069,0
2021-07-07,412055,0,22344124,0
2021-07-08,479629,0,22823753,0
2021-07-09,498493,0,23322246,0
2021-07-10,475180,0,23797426,0
2021-07-11,357708,0,24155134,0
2021-07-12,485917,0,24641051,0
2021-07-13,492158,0,25133209,0
2021-07-14,480484,0,25613693,0
2021-07-15,523501,0,26137194,0
2021-07-16,509794,0,26646988,0
2021-07-17,464372,0,27111360,0
2021-07-18,364702,0,27476062,0
2021-07-19,463083,0,27939145,0
2021-07-20,458087,0,28397232,0
2021-07-21,462823,0,28860055,0
2021-07-22,475392,0,29335447,0
2021-07-23,441313,0,29776760,0
2021-07-24,386190,0,30162950,0
2021-07-25,287598,0,30450548,0
2021-07-26,430894,0,30881442,0
2021-07-27,440126,0,31321568,0
2021-07-28,391022,0,31712590,0
2021-07-29,372078,0,32084668,0
2021-07-30,341503,0,32426171,0
2021-07-31,287013,0,32713184,0
2021-08-01,191024,0,32904208,0
2021-08-02,333735,0,33237943,0
2021-08-03,323187,0,33561130,0
2021-08-04,310972,0,33872102,0
2021-08-05,292516,0,34164618,0
2021-08-06,260002,0,34424620,0
2021-08-07,199046,0,34623666,0
2021-08-08,153106,0,34776772,0
2021-08-09,234073,0,35010845,0
2021-08-10,205245,0,35216090,0
2021-08-11,193751,0,35409841,0
2021-08-12,167967,0,35577808,0
2021-08-13,148594,0,35726402,0
2021-08-14,66084,0,35792486,0
2021-08-15,26333,0,35818819,0
2021-08-16,114671,0,35933490,0
2021-08-17,129237,0,36062727,0
2021-08-18,128727,0,36191454,0
2021-08-19,124782,0,36316236,0
2021-08-20,123781,0,36440017,0
2021-08-21,83112,0,36523129,0
2021-08-22,68163,0,36591292,0
2021-08-23,176862,0,36768154,0
2021-08-24,156905,0,36925059,0
2021-08-25,177166,0,37102225,0
2021-08-26,172353,0,37274578,0
2021-08-27,185849,0,37460427,0
2021-08-28,140274,0,37600701,0
2021-08-29,99003,0,37699704,0
2021-08-30,209636,0,37909340,0
2021-08-31,194628,0,38103968,0
2021-09-01,192215,0,38296183,0
2021-09-02,189942,0,38486125,0
2021-09-03,191341,0,38677466,0
2021-09-04,131491,0,38808957,0
2021-09-05,87871,0,38896828,0
2021-09-06,193660,0,39090488,0
2021-09-07,196070,0,39286558,0
2021-09-08,187911,0,39474469,0
2021-09-09,201480,0,39675949,0
2021-09-10,198115,0,39874064,0
2021-09-11,141326,0,40015390,0
2021-09-12,89605,0,40104995,0
2021-09-13,191179,534,40296174,534
2021-09-14,177270,566,40473444,1100
2021-09-15,163134,562,40636578,1662
2021-09-16,160104,909,40796682,2571
2021-09-17,150174,1104,40946856,3675
2021-09-18,127975,728,41074831,4403
2021-09-19,81131,487,41155962,4890
2021-09-20,180073,9064,41336035,13954
2021-09-21,166625,8825,41502660,22779
2021-09-22,159075,9425,41661735,32204
2021-09-23,138080,9313,41799815,41517
2021-09-24,140541,8944,41940356,50461
2021-09-25,119543,5629,42059899,56090
2021-09-26,71952,4336,42131851,60426
2021-09-27,135631,10036,42267482,70462
2021-09-28,117484,11376,42384966,81838
2021-09-29,112327,11821,42497293,93659
2021-09-30,110223,14936,42607516,108595
2021-10-01,94972,19101,42702488,127696
2021-10-02,78470,14011,42780958,141707
2021-10-03,47726,7653,42828684,149360
2021-10-04,88375,34438,42917059,183798
2021-10-05,80359,33967,42997418,217765
2021-10-06,71976,34156,43069394,251921
2021-10-07,71847,34339,43141241,286260
2021-10-08,80622,33585,43221863,319845
2021-10-09,76099,22162,43297962,342007
2021-10-10,45771,13614,43343733,355621
2021-10-11,87407,41096,43431140,396717
2021-10-12,84487,46892,43515627,443609
2021-10-13,88185,52104,43603812,495713
2021-10-14,91520,58499,43695332,554212
2021-10-15,93580,55615,43788912,609827
2021-10-16,82957,36776,43871869,646603
2021-10-17,51460,23823,43923329,670426
2021-10-18,90288,59474,44013617,729900
2021-10-19,78340,69367,44091957,799267
2021-10-20,75074,78157,44167031,877424
2021-10-21,78299,81746,44245330,959170
2021-10-22,73794,77013,44319124,1036183
2021-10-23,60812,51946,44379936,1088129
2021-10-24,33380,23446,44413316,1111575
2021-10-25,64901,81622,44478217,1193197
2021-10-26,58374,91771,44536591,1284968
2021-10-27,58328,103958,44594919,1388926
2021-10-28,61467,114094,44656386,1503020
2021-10-29,61659,103106,44718045,1606126
2021-10-30,50670,68110,44768715,1674236
2021-10-31,25169,28282,44793884,1702518
2021-11-01,19047,28146,44812931,1730664
2021-11-02,62772,89364,44875703,1820028
2021-11-03,60733,118655,44936436,1938683
2021-11-04,59243,126655,44995679,2065338
2021-11-05,63093,135166,45058772,2200504
2021-11-06,46472,90921,45105244,2291425
2021-11-07,22253,37892,45127497,2329317
2021-11-08,51527,131260,45179024,2460577
2021-11-09,45403,144191,45224427,2604768
2021-11-10,42578,156343,45267005,2761111
2021-11-11,44932,155134,45311937,2916245
2021-11-12,46371,158569,45358308,3074814
2021-11-13,33251,116642,45391559,3191456
2021-11-14,14479,52446,45406038,3243902
2021-11-15,36894,157419,45442932,3401321
2021-11-16,30543,171370,45473475,3572691
2021-11-17,28448,178430,45501923,3751121
2021-11-18,30278,193708,45532201,3944829
2021-11-19,28794,205846,45560995,4150675
2021-11-20,20989,156434,45581984,4307109
2021-11-21,10609,64854,45592593,4371963
2021-11-22,21925,213137,45614518,4585100
2021-11-23,23562,241739,45638080,4826839
2021-11-24,27827,270941,45665907,5097780
2021-11-25,23229,301893,45689136,5399673
2021-11-26,24572,318260,45713708,5717933
2021-11-27,21373,266147,45735081,5984080
2021-11-28,9894,137053,45744975,6121133
2021-11-29,22310,326059,45767285,6447192
2021-11-30,23075,365819,45790360,6813011
2021-12-01,21508,413497,45811868,7226508
2021-12-02,23747,440374,45835615,7666882
2021-12-03,25225,467448,45860840,8134330
2021-12-04,22345,418724,45883185,8553054
2021-12-05,11902,261330,45895087,8814384
2021-12-06,25800,457560,45920887,9271944
2021-12-07,24102,480242,45944989,9752186
2021-12-08,9992,249677,45954981,10001863
2021-12-09,31556,491909,45986537,10493772
2021-12-10,28039,517864,46014576,11011636
2021-12-11,23543,459236,46038119,11470872
2021-12-12,12292,293494,46050411,11764366
2021-12-13,26125,467617,46076536,12231983
2021-12-14,25149,494187,46101685,12726170
2021-12-15,25303,517126,46126988,13243296
2021-12-16,27861,520237,46154849,13763533
2021-12-17,29332,517156,46184181,14280689
2021-12-18,27024,468710,46211205,14749399
2021-12-19,15126,300513,46226331,15049912
2021-12-20,30603,477466,46256934,15527378
2021-12-21,30345,493375,46287279,16020753
2021-12-22,29424,484694,46316703,16505447
2021-12-23,28215,426890,46344918,16932337
2021-12-24,13103,210818,46358021,17143155
2021-12-25,2101,33052,46360122,17176207
2021-12-26,8750,159064,46368872,17335271
2021-12-27,46747,504647,46415619,17839918
2021-12-28,42416,554196,46458035,18394114
2021-12-29,34294,550625,46492329,18944739
2021-12-30,31788,499817,46524117,19444556
2021-12-31,14093,247394,46538210,19691950
2022-01-01,3493,64812,46541703,19756762
2022-01-02,22730,276715,46564433,20033477
2022-01-03,47774,520007,46612207,20553484
2022-01-04,46277,572068,46658484,21125552
2022-01-05,40663,560379,46699147,21685931
2022-01-06,23436,274478,46722583,21960409
2022-01-07,63605,554174,46786188,22514583
2022-01-08,60754,503375,46846942,23017958
2022-01-09,42755,319683,46889697,23337641
2022-01-10,60986,542270,46950683,23879911
2022-01-11,61613,586979,47012296,24466890
2022-01-12,58349,581269,47070645,25048159
2022-01-13,58501,580370,47129146,25628529
2022-01-14,46677,588559,47175823,26217088
2022-01-15,39236,569934,47215059,26787022
2022-01-16,31105,341848,47246164,27128870
2022-01-17,54702,489643,47300866,27618513
2022-01-18,58302,517005,47359168,28135518
2022-01-19,57121,502779,47416289,28638297
2022-01-20,54256,498811,47470545,29137108
2022-01-21,41972,493865,47512517,29630973
2022-01-22,31077,469590,47543594,30100563
2022-01-23,34866,275366,47578460,30375929
2022-01-24,56123,437206,47634583,30813135
2022-01-25,61488,452085,47696071,31265220
2022-01-26,58477,435815,47754548,31701035
2022-01-27,48775,432352,47803323,32133387
2022-01-28,58614,436524,47861937,32569911
2022-01-29,68039,412476,47929976,32982387
2022-01-30,50329,235966,47980305,33218353
2022-01-31,60555,356918,48040860,33575271
2022-02-01,65478,328430,48106338,33903701
2022-02-02,63124,296958,48169462,34200659
2022-02-03,59997,274511,48229459,34475170
2022-02-04,72316,268443,48301775,34743613
2022-02-05,83702,248521,48385477,34992134
2022-02-06,55251,116193,48440728,35108327
2022-02-07,65098,199928,48505826,35308255
2022-02-08,66890,186101,48572716,35494356
2022-02-09,58723,166329,48631439,35660685
2022-02-10,58520,163231,48689959,35823916
2022-02-11,62209,162452,48752168,35986368
2022-02-12,71935,152134,48824103,36138502
2022-02-13,41456,68848,48865559,36207350
2022-02-14,46650,116182,48912209,36323532
2022-02-15,48491,123477,48960700,36447009
2022-02-16,45651,106109,49006351,36553118
2022-02-17,42844,98100,49049195,36651218
2022-02-18,46588,112565,49095783,36763783
2022-02-19,52511,100326,49148294,36864109
2022-02-20,31407,40359,49179701,36904468
2022-02-21,37883,89639,49217584,36994107
2022-02-22,37204,83769,49254788,37077876
2022-02-23,33368,79404,49288156,37157280
2022-02-24,32544,78160,49320700,37235440
2022-02-25,34740,90702,49355440,37326142
2022-02-26,39141,89131,49394581,37415273
2022-02-27,22539,35855,49417120,37451128
2022-02-28,28464,81690,49445584,37532818
2022-03-01,22694,53934,49468278,37586752
2022-03-02,21985,50627,49490263,37637379
2022-03-03,22596,54940,49512859,37692319
2022-03-04,23205,62790,49536064,37755109
2022-03-05,23779,57950,49559843,37813059
2022-03-06,9469,17199,49569312,37830258
2022-03-07,15895,51389,49585207,37881647
2022-03-08,15447,48796,49600654,37930443
2022-03-09,13797,46512,49614451,37976955
2022-03-10,14027,52115,49628478,38029070
2022-03-11,15562,57251,49644040,38086321
2022-03-12,15488,56614,49659528,38142935
2022-03-13,5541,16848,49665069,38159783
2022-03-14,10516,46691,49675585,38206474
2022-03-15,10533,46892,49686118,38253366
2022-03-16,9470,41976,49695588,38295342
2022-03-17,9697,44875,49705285,38340217
2022-03-18,10149,49051,49715434,38389268
2022-03-19,9141,46531,49724575,38435799
2022-03-20,2606,11699,49727181,38447498
2022-03-21,7570,40221,49734751,38487719
2022-03-22,8438,37747,49743189,38525466
2022-03-23,7203,33695,49750392,38559161
2022-03-24,8245,38796,49758637,38597957
2022-03-25,8122,43664,49766759,38641621
2022-03-26,8118,41719,49774877,38683340
2022-03-27,2428,9682,49777305,38693022
2022-03-28,6097,35230,49783402,38728252
2022-03-29,5773,32523,49789175,38760775
2022-03-30,5554,30192,49794729,38790967
2022-03-31,5884,33171,49800613,38824138
2022-04-01,4340,25183,49804953,38849321
2022-04-02,4486,23272,49809439,38872593
2022-04-03,1048,4499,49810487,38877092
2022-04-04,3650,21532,49814137,38898624
2022-04-05,3746,22923,49817883,38921547
2022-04-06,4096,21843,49821979,38943390
2022-04-07,3954,23317,49825933,38966707
2022-04-08,4682,26709,49830615,38993416
2022-04-09,4373,23882,49834988,39017298
2022-04-10,892,4614,49835880,39021912
2022-04-11,3801,22683,49839681,39044595
2022-04-12,3356,21776,49843037,39066371
2022-04-13,3557,21334,49846594,39087705
2022-04-14,3481,23775,49850075,39111480
2022-04-15,3076,20614,49853151,39132094
2022-04-16,2147,11920,49855298,39144014
2022-04-17,63,348,49855361,39144362
2022-04-18,148,650,49855509,39145012
2022-04-19,3484,21978,49858993,39166990
2022-04-20,3495,20249,49862488,39187239
2022-04-21,2838,19781,49865326,39207020
2022-04-22,2914,20694,49868240,39227714
2022-04-23,2636,16205,49870876,39243919
2022-04-24,509,2335,49871385,39246254
2022-04-25,183,1165,49871568,39247419
2022-04-26,2758,17793,49874326,39265212
2022-04-27,2364,15782,49876690,39280994
2022-04-28,2348,15534,49879038,39296528
2022-04-29,2290,14835,49881328,39311363
2022-04-30,2120,11576,49883448,39322939
2022-05-01,113,530,49883561,39323469
2022-05-02,1443,9382,49885004,39332851
2022-05-03,1571,10308,49886575,39343159
2022-05-04,1744,10256,49888319,39353415
2022-05-05,1647,10273,49889966,39363688
2022-05-06,1693,10944,49891659,39374632
2022-05-07,1431,8563,49893090,39383195
2022-05-08,404,1514,49893494,39384709
2022-05-09,1023,8915,49894517,39393624
2022-05-10,1418,9536,49895935,39403160
2022-05-11,1477,10087,49897412,39413247
2022-05-12,1365,10119,49898777,39423366
2022-05-13,1587,10508,49900364,39433874
2022-05-14,1355,8226,49901719,39442100
2022-05-15,336,1129,49902055,39443229
2022-05-16,809,8388,49902864,39451617
2022-05-17,1241,8667,49904105,39460284
2022-05-18,1368,9214,49905473,39469498
2022-05-19,1498,9267,49906971,39478765
2022-05-20,1420,9492,49908391,39488257
2022-05-21,1299,7892,49909690,39496149
2022-05-22,230,1012,49909920,39497161
2022-05-23,825,8260,49910745,39505421
2022-05-24,1070,8665,49911815,39514086
2022-05-25,1365,9444,49913180,39523530
2022-05-26,1192,9452,49914372,39532982
2022-05-27,1223,9909,49915595,39542891
2022-05-28,1202,7873,49916797,39550764
2022-05-29,285,1264,49917082,39552028
2022-05-30,929,8026,49918011,39560054
2022-05-31,1033,8529,49919044,39568583
2022-06-01,891,7644,49919935,39576227
2022-06-02,35,474,49919970,39576701
2022-06-03,813,7327,49920783,39584028
2022-06-04,869,5155,49921652,39589183
2022-06-05,89,586,49921741,39589769
2022-06-06,671,6964,49922412,39596733
2022-06-07,930,7841,49923342,39604574
2022-06-08,981,7897,49924323,39612471
2022-06-09,1034,8398,49925357,39620869
2022-06-10,950,8537,49926307,39629406
2022-06-11,899,6207,49927206,39635613
2022-06-12,140,767,49927346,39636380
2022-06-13,602,6295,49927948,39642675
2022-06-14,824,7880,49928772,39650555
2022-06-15,949,7842,49929721,39658397
2022-06-16,728,7383,49930449,39665780
2022-06-17,717,7235,49931166,39673015
2022-06-18,776,5588,49931942,39678603
2022-06-19,47,522,49931989,39679125
2022-06-20,587,6694,49932576,39685819
2022-06-21,731,7637,49933307,39693456
2022-06-22,779,7300,49934086,39700756
2022-06-23,648,7455,49934734,39708211
2022-06-24,643,7468,49935377,39715679
2022-06-25,835,6531,49936212,39722210
2022-06-26,128,523,49936340,39722733
2022-06-27,532,7117,49936872,39729850
2022-06-28,743,8208,49937615,39738058
2022-06-29,755,7717,49938370,39745775
2022-06-30,742,8132,49939112,39753907
2022-07-01,577,6436,49939689,39760343
2022-07-02,536,4765,49940225,39765108
2022-07-03,49,456,49940274,39765564
2022-07-04,470,6269,49940744,39771833
2022-07-05,622,8107,49941366,39779940
2022-07-06,625,7594,49941991,39787534
2022-07-07,562,8250,49942553,39795784
2022-07-08,670,8074,49943223,39803858
2022-07-09,548,6103,49943771,39809961
2022-07-10,58,533,49943829,39810494
2022-07-11,477,7626,49944306,39818120
2022-07-12,653,8980,49944959,39827100
2022-07-13,628,10063,49945587,39837163
2022-07-14,618,10219,49946205,39847382
2022-07-15,616,10646,49946821,39858028
2022-07-16,512,7207,49947333,39865235
2022-07-17,48,769,49947381,39866004
2022-07-18,495,9339,49947876,39875343
2022-07-19,560,10643,49948436,39885986
2022-07-20,563,11249,49948999,39897235
2022-07-21,621,12012,49949620,39909247
2022-07-22,571,11204,49950191,39920451
2022-07-23,376,6732,49950567,39927183
2022-07-24,75,834,49950642,39928017
2022-07-25,493,9020,49951135,39937037
2022-07-26,517,9707,49951652,39946744
2022-07-27,539,10129,49952191,39956873
2022-07-28,525,10450,49952716,39967323
2022-07-29,505,9390,49953221,39976713
2022-07-30,380,5848,49953601,39982561
2022-07-31,49,746,49953650,39983307
2022-08-01,384,6806,49954034,39990113
2022-08-02,535,7492,49954569,39997605
2022-08-03,495,7096,49955064,40004701
2022-08-04,445,7390,49955509,40012091
2022-08-05,409,6447,49955918,40018538
2022-08-06,296,3567,49956214,40022105
2022-08-07,44,547,49956258,40022652
2022-08-08,390,4839,49956648,40027491
2022-08-09,375,5230,49957023,40032721
2022-08-10,368,4737,49957391,40037458
2022-08-11,358,4718,49957749,40042176
2022-08-12,285,3672,49958034,40045848
2022-08-13,139,1580,49958173,40047428
2022-08-14,9,127,49958182,40047555
2022-08-15,1,24,49958183,40047579
2022-08-16,276,2976,49958459,40050555
2022-08-17,333,3398,49958792,40053953
2022-08-18,257,2179,49959049,40056132