data_somministrazione,vaccinazioni,booster,cum_vaccinazioni,cum_booster
2020-12-27,22,0,22,0
2020-12-28,2,0,24,0
2020-12-29,1,0,25,0
2020-12-30,9,0,34,0
2020-12-31,86,0,120,0
2021-01-01,28,0,148,0
2021-01-02,162,0,310,0
2021-01-03,122,0,432,0
2021-01-04,261,0,693,0
2021-01-05,301,0,994,0
2021-01-06,278,0,1272,0
2021-01-07,343,0,1615,0
2021-01-08,400,0,2015,0
2021-01-09,306,0,2321,0
2021-01-10,187,0,2508,0
2021-01-11,319,0,2827,0
2021-01-12,298,0,3125,0
2021-01-13,434,0,3559,0
2021-01-14,513,0,4072,0
2021-01-15,332,0,4404,0
2021-01-16,229,0,4633,0
2021-01-17,3066,0,7699,0
2021-01-18,5228,0,12927,0
2021-01-19,1898,0,14825,0
2021-01-20,4660,0,19485,0
2021-01-21,20001,0,39486,0
2021-01-22,14251,0,53737,0
2021-01-23,33312,0,87049,0
2021-01-24,30773,0,117822,0
2021-01-25,64701,0,182523,0
2021-01-26,76462,0,258985,0
2021-01-27,64812,0,323797,0
2021-01-28,89235,0,413032,0
2021-01-29,93999,0,507031,0
2021-01-30,86532,0,593563,0
2021-01-31,57312,0,650875,0
2021-02-01,81840,0,732715,0
2021-02-02,82143,0,814858,0
2021-02-03,91105,0,905963,0
2021-02-04,95384,0,1001347,0
2021-02-05,89116,0,1090463,0
2021-02-06,63451,0,1153914,0
2021-02-07,32935,0,1186849,0
2021-02-08,40430,0,1227279,0
2021-02-09,32894,0,1260173,0
2021-02-10,28453,0,1288626,0
2021-02-11,20419,0,1309045,0
2021-02-12,16266,0,1325311,0
2021-02-13,7296,0,1332607,0
2021-02-14,2864,0,1335471,0
2021-02-15,6855,0,1342326,0
2021-02-16,7013,0,1349339,0
2021-02-17,10529,0,1359868,0
2021-02-18,9266,0,1369134,0
2021-02-19,8266,0,1377400,0
2021-02-20,5597,0,1382997,0
2021-02-21,3025,0,1386022,0
2021-02-22,6891,0,1392913,0
2021-02-23,7196,0,1400109,0
2021-02-24,9828,0,1409937,0
2021-02-25,14222,0,1424159,0
2021-02-26,17572,0,1441731,0
2021-02-27,13947,0,1455678,0
2021-02-28,9399,0,1465077,0
2021-03-01,26544,0,1491621,0
2021-03-02,33254,0,1524875,0
2021-03-03,44663,0,1569538,0
2021-03-04,50319,0,1619857,0
2021-03-05,55762,0,1675619,0
2021-03-06,41894,0,1717513,0
2021-03-07,22334,0,1739847,0
2021-03-08,50852,0,1790699,0
2021-03-09,53106,0,1843805,0
2021-03-10,58726,0,1902531,0
2021-03-11,63941,0,1966472,0
2021-03-12,65180,0,2031652,0
2021-03-13,51740,0,2083392,0
2021-03-14,35442,0,2118834,0
2021-03-15,73482,0,2192316,0
2021-03-16,74038,0,2266354,0
2021-03-17,83168,0,2349522,0
2021-03-18,81665,0,2431187,0
2021-03-19,81127,0,2512314,0
2021-03-20,64759,0,2577073,0
2021-03-21,47319,0,2624392,0
2021-03-22,69535,0,2693927,0
2021-03-23,75848,0,2769775,0
2021-03-24,90972,0,2860747,0
2021-03-25,89792,0,2950539,0
2021-03-26,83674,0,3034213,0
2021-03-27,71985,0,3106198,0
2021-03-28,44201,0,3150399,0
2021-03-29,70878,0,3221277,0
2021-03-30,81443,0,3302720,0
2021-03-31,96295,0,3399015,0
2021-04-01,95384,0,3494399,0
2021-04-02,83825,0,3578224,0
2021-04-03,64318,0,3642542,0
2021-04-04,21727,0,3664269,0
2021-04-05,40330,0,3704599,0
2021-04-06,81375,0,3785974,0
2021-04-07,95862,0,3881836,0
2021-04-08,95296,0,3977132,0
2021-04-09,88522,0,4065654,0
2021-04-10,74053,0,4139707,0
2021-04-11,44772,0,4184479,0
2021-04-12,66937,0,4251416,0
2021-04-13,72616,0,4324032,0
2021-04-14,85578,0,4409610,0
2021-04-15,105440,0,4515050,0
2021-04-16,106448,0,4621498,0
2021-04-17,90544,0,4712042,0
2021-04-18,58602,0,4770644,0
2021-04-19,93450,0,4864094,0
2021-04-20,103787,0,4967881,0
2021-04-21,125347,0,5093228,0
2021-04-22,143537,0,5236765,0
2021-04-23,138779,0,5375544,0
2021-04-24,124465,0,5500009,0
2021-04-25,61476,0,5561485,0
2021-04-26,97929,0,5659414,0
2021-04-27,128402,0,5787816,0
2021-04-28,156417,0,5944233,0
2021-04-29,195640,0,6139873,0
2021-04-30,214637,0,6354510,0
2021-05-01,174162,0,6528672,0
2021-05-02,135827,0,6664499,0
2021-05-03,142110,0,6806609,0
2021-05-04,158740,0,6965349,0
2021-05-05,170573,0,7135922,0
2021-05-06,196148,0,7332070,0
2021-05-07,212022,0,7544092,0
2021-05-08,213473,0,7757565,0
2021-05-09,143250,0,7900815,0
2021-05-10,165127,0,8065942,0
2021-05-11,175049,0,8240991,0
2021-05-12,179280,0,8420271,0
2021-05-13,203477,0,8623748,0
2021-05-14,222996,0,8846744,0
2021-05-15,210423,0,9057167,0
2021-05-16,159319,0,9216486,0
2021-05-17,218880,0,9435366,0
2021-05-18,213044,0,9648410,0
2021-05-19,207146,0,9855556,0
2021-05-20,270961,0,10126517,0
2021-05-21,270973,0,10397490,0
2021-05-22,245594,0,10643084,0
2021-05-23,197213,0,10840297,0
2021-05-24,228378,0,11068675,0
2021-05-25,245739,0,11314414,0
2021-05-26,277604,0,11592018,0
2021-05-27,311147,0,11903165,0
2021-05-28,299444,0,12202609,0
2021-05-29,231295,0,12433904,0
2021-05-30,170868,0,12604772,0
2021-05-31,216495,0,12821267,0
2021-06-01,207698,0,13028965,0
2021-06-02,115838,0,13144803,0
2021-06-03,180252,0,13325055,0
2021-06-04,185003,0,13510058,0
2021-06-05,186099,0,13696157,0
2021-06-06,139664,0,13835821,0
2021-06-07,162008,0,13997829,0
2021-06-08,171406,0,14169235,0
2021-06-09,171609,0,14340844,0
2021-06-10,174283,0,14515127,0
2021-06-11,170172,0,14685299,0
2021-06-12,128512,0,14813811,0
2021-06-13,91347,0,14905158,0
2021-06-14,214783,0,15119941,0
2021-06-15,228554,0,15348495,0
2021-06-16,253202,0,15601697,0
2021-06-17,301881,0,15903578,0
2021-06-18,306453,0,16210031,0
2021-06-19,275211,0,16485242,0
2021-06-20,220884,0,16706126,0
2021-06-21,288181,0,16994307,0
2021-06-22,296328,0,17290635,0
2021-06-23,302759,0,17593394,0
2021-06-24,332663,0,17926057,0
2021-06-25,348823,0,18274880,0
2021-06-26,300183,0,18575063,0
2021-06-27,228753,0,18803816,0
2021-06-28,307251,0,19111067,0
2021-06-29,329430,0,19440497,0
2021-06-30,342313,0,19782810,0
2021-07-01,363336,0,20146146,0
2021-07-02,368600,0,20514746,0
2021-07-03,371142,0,20885888,0
2021-07-04,283267,0,21169155,0
2021-07-05,384614,0,21553769,0
2021-07-06,385547,0,21939316,0
2021-07-07,412182,0,22351498,0
2021-07-08,478992,0,22830490,0
2021-07-09,498472,0,23328962,0
2021-07-10,475180,0,23804142,0
2021-07-11,357675,0,24161817,0
2021-07-12,485884,0,24647701,0
2021-07-13,492060,0,25139761,0
2021-07-14,480454,0,25620215,0
2021-07-15,523431,0,26143646,0
2021-07-16,509770,0,26653416,0
2021-07-17,464318,0,27117734,0
2021-07-18,364611,0,27482345,0
2021-07-19,463097,0,27945442,0
2021-07-20,458069,0,28403511,0
2021-07-21,462849,0,28866360,0
2021-07-22,475412,0,29341772,0
2021-07-23,441368,0,29783140,0
2021-07-24,386130,0,30169270,0
2021-07-25,287535,0,30456805,0
2021-07-26,430927,0,30887732,0
2021-07-27,440171,0,31327903,0
2021-07-28,391054,0,31718957,0
2021-07-29,371944,0,32090901,0
2021-07-30,341616,0,32432517,0
2021-07-31,287066,0,32719583,0
2021-08-01,190989,0,32910572,0
2021-08-02,333777,0,33244349,0
2021-08-03,323252,0,33567601,0
2021-08-04,311076,0,33878677,0
2021-08-05,292554,0,34171231,0
2021-08-06,260146,0,34431377,0
2021-08-07,199098,0,34630475,0
2021-08-08,153122,0,34783597,0
2021-08-09,234146,0,35017743,0
2021-08-10,205383,0,35223126,0
2021-08-11,193871,0,35416997,0
2021-08-12,168192,0,35585189,0
2021-08-13,148793,0,35733982,0
2021-08-14,66119,0,35800101,0
2021-08-15,26346,0,35826447,0
2021-08-16,114808,0,35941255,0
2021-08-17,129338,0,36070593,0
2021-08-18,128840,0,36199433,0
2021-08-19,124939,0,36324372,0
2021-08-20,123905,0,36448277,0
2021-08-21,83156,0,36531433,0
2021-08-22,68183,0,36599616,0
2021-08-23,176952,0,36776568,0
2021-08-24,156978,0,36933546,0
2021-08-25,177264,0,37110810,0
2021-08-26,172424,0,37283234,0
2021-08-27,185743,0,37468977,0
2021-08-28,140314,0,37609291,0
2021-08-29,99003,0,37708294,0
2021-08-30,209648,0,37917942,0
2021-08-31,194720,0,38112662,0
2021-09-01,192309,0,38304971,0
2021-09-02,189982,0,38494953,0
2021-09-03,191319,0,38686272,0
2021-09-04,131425,0,38817697,0
2021-09-05,87836,0,38905533,0
2021-09-06,193636,0,39099169,0
2021-09-07,196094,0,39295263,0
2021-09-08,187867,0,39483130,0
2021-09-09,201437,0,39684567,0
2021-09-10,197879,0,39882446,0
2021-09-11,141284,0,40023730,0
2021-09-12,89582,0,40113312,0
2021-09-13,191127,689,40304439,689
2021-09-14,177228,682,40481667,1371
2021-09-15,163106,674,40644773,2045
2021-09-16,160062,1043,40804835,3088
2021-09-17,150199,1193,40955034,4281
2021-09-18,128021,796,41083055,5077
2021-09-19,81145,518,41164200,5595
2021-09-20,180099,9162,41344299,14757
2021-09-21,166722,8882,41511021,23639
2021-09-22,159156,9478,41670177,33117
2021-09-23,138154,9369,41808331,42486
2021-09-24,140597,9033,41948928,51519
2021-09-25,119586,5689,42068514,57208
2021-09-26,72010,4374,42140524,61582
2021-09-27,135713,10123,42276237,71705
2021-09-28,117550,11459,42393787,83164
2021-09-29,112409,11878,42506196,95042
2021-09-30,110337,15011,42616533,110053
2021-10-01,95035,19153,42711568,129206
2021-10-02,78557,14054,42790125,143260
2021-10-03,47763,7675,42837888,150935
2021-10-04,88428,34510,42926316,185445
2021-10-05,80422,34046,43006738,219491
2021-10-06,72014,34236,43078752,253727
2021-10-07,71899,34392,43150651,288119
2021-10-08,80668,33647,43231319,321766
2021-10-09,76125,22209,43307444,343975
2021-10-10,45797,13634,43353241,357609
2021-10-11,87500,41157,43440741,398766
2021-10-12,84546,46963,43525287,445729
2021-10-13,88256,52199,43613543,497928
2021-10-14,91595,58578,43705138,556506
2021-10-15,93617,55715,43798755,612221
2021-10-16,82996,36843,43881751,649064
2021-10-17,51462,23870,43933213,672934
2021-10-18,90335,59558,44023548,732492
2021-10-19,78385,69447,44101933,801939
2021-10-20,75076,78257,44177009,880196
2021-10-21,78315,81882,44255324,962078
2021-10-22,73787,77129,44329111,1039207
2021-10-23,60846,51984,44389957,1091191
2021-10-24,33365,23490,44423322,1114681
2021-10-25,64933,81695,44488255,1196376
2021-10-26,58405,91888,44546660,1288264
2021-10-27,58323,104064,44604983,1392328
2021-10-28,61472,114211,44666455,1506539
2021-10-29,61627,103233,44728082,1609772
2021-10-30,50672,68168,44778754,1677940
2021-10-31,25158,28315,44803912,1706255
2021-11-01,19049,28162,44822961,1734417
2021-11-02,62773,89473,44885734,1823890
2021-11-03,60724,118741,44946458,1942631
2021-11-04,59246,126735,45005704,2069366
2021-11-05,63113,135256,45068817,2204622
2021-11-06,46491,90953,45115308,2295575
2021-11-07,22248,37909,45137556,2333484
2021-11-08,51529,131324,45189085,2464808
2021-11-09,45418,144254,45234503,2609062
2021-11-10,42601,156415,45277104,2765477
2021-11-11,44940,155231,45322044,2920708
2021-11-12,46270,158787,45368314,3079495
2021-11-13,33270,116696,45401584,3196191
2021-11-14,14492,52464,45416076,3248655
2021-11-15,36916,157478,45452992,3406133
2021-11-16,30579,171454,45483571,3577587
2021-11-17,28478,178501,45512049,3756088
2021-11-18,30312,193818,45542361,3949906
2021-11-19,28839,205923,45571200,4155829
2021-11-20,21015,156475,45592215,4312304
2021-11-21,10615,64877,45602830,4377181
2021-11-22,21963,213186,45624793,4590367
2021-11-23,23616,241867,45648409,4832234
2021-11-24,27639,270752,45676048,5102986
2021-11-25,23246,301000,45699294,5403986
2021-11-26,24613,318342,45723907,5722328
2021-11-27,21421,266213,45745328,5988541
2021-11-28,9910,137087,45755238,6125628
2021-11-29,22374,326122,45777612,6451750
2021-11-30,23134,365923,45800746,6817673
2021-12-01,21575,413596,45822321,7231269
2021-12-02,23812,440510,45846133,7671779
2021-12-03,25295,467615,45871428,8139394
2021-12-04,22406,419103,45893834,8558497
2021-12-05,11954,261567,45905788,8820064
2021-12-06,25863,457813,45931651,9277877
2021-12-07,24154,479722,45955805,9757599
2021-12-08,10039,249893,45965844,10007492
2021-12-09,31646,492029,45997490,10499521
2021-12-10,28128,517965,46025618,11017486
2021-12-11,23600,459310,46049218,11476796
2021-12-12,12327,293549,46061545,11770345
2021-12-13,26197,467698,46087742,12238043
2021-12-14,25229,494302,46112971,12732345
2021-12-15,25395,517223,46138366,13249568
2021-12-16,27959,520395,46166325,13769963
2021-12-17,29417,517288,46195742,14287251
2021-12-18,27126,468816,46222868,14756067
2021-12-19,15175,300268,46238043,15056335
2021-12-20,30694,477566,46268737,15533901
2021-12-21,30439,493524,46299176,16027425
2021-12-22,29508,484798,46328684,16512223
2021-12-23,28261,426721,46356945,16938944
2021-12-24,13136,210872,46370081,17149816
2021-12-25,2104,33053,46372185,17182869
2021-12-26,8790,159080,46380975,17341949
2021-12-27,46881,504811,46427856,17846760
2021-12-28,42534,554339,46470390,18401099
2021-12-29,34436,550761,46504826,18951860
2021-12-30,31916,499954,46536742,19451814
2021-12-31,14160,247423,46550902,19699237
2022-01-01,3503,64816,46554405,19764053
2022-01-02,22847,276753,46577252,20040806
2022-01-03,47978,520096,46625230,20560902
2022-01-04,46429,571683,46671659,21132585
2022-01-05,40896,560471,46712555,21693056
2022-01-06,23555,274498,46736110,21967554
2022-01-07,63831,554268,46799941,22521822
2022-01-08,61049,502751,46860990,23024573
2022-01-09,42995,319731,46903985,23344304
2022-01-10,61213,542384,46965198,23886688
2022-01-11,61782,586594,47026980,24473282
2022-01-12,58583,581401,47085563,25054683
2022-01-13,58653,580044,47144216,25634727
2022-01-14,46981,588679,47191197,26223406
2022-01-15,39657,570292,47230854,26793698
2022-01-16,31353,341945,47262207,27135643
2022-01-17,54763,489520,47316970,27625163
2022-01-18,58534,517140,47375504,28142303
2022-01-19,57304,502911,47432808,28645214
2022-01-20,54336,498509,47487144,29143723
2022-01-21,42158,493448,47529302,29637171
2022-01-22,31309,469151,47560611,30106322
2022-01-23,35003,275439,47595614,30381761
2022-01-24,56254,437331,47651868,30819092
2022-01-25,61532,451816,47713400,31270908
2022-01-26,58632,435892,47772032,31706800
2022-01-27,48960,432510,47820992,32139310
2022-01-28,58781,436642,47879773,32575952
2022-01-29,68254,412722,47948027,32988674
2022-01-30,50430,236137,47998457,33224811
2022-01-31,60742,357013,48059199,33581824
2022-02-01,65666,328526,48124865,33910350
2022-02-02,63269,297067,48188134,34207417
2022-02-03,60152,274594,48248286,34482011
2022-02-04,72108,268290,48320394,34750301
2022-02-05,83832,248608,48404226,34998909
2022-02-06,55312,116245,48459538,35115154
2022-02-07,65210,199975,48524748,35315129
2022-02-08,66981,186183,48591729,35501312
2022-02-09,58577,166306,48650306,35667618
2022-02-10,58634,163302,48708940,35830920
2022-02-11,62300,162529,48771240,35993449
2022-02-12,72043,152182,48843283,36145631
2022-02-13,41486,68867,48884769,36214498
2022-02-14,46722,116220,48931491,36330718
2022-02-15,48586,123506,48980077,36454224
2022-02-16,45729,106162,49025806,36560386
2022-02-17,42889,98158,49068695,36658544
2022-02-18,46646,112620,49115341,36771164
2022-02-19,52560,100364,49167901,36871528
2022-02-20,31417,40386,49199318,36911914
2022-02-21,37911,89691,49237229,37001605
2022-02-22,37238,83827,49274467,37085432
2022-02-23,33418,79439,49307885,37164871
2022-02-24,32570,78201,49340455,37243072
2022-02-25,34783,90760,49375238,37333832
2022-02-26,39171,89156,49414409,37422988
2022-02-27,22549,35860,49436958,37458848
2022-02-28,28496,81719,49465454,37540567
2022-03-01,22740,53989,49488194,37594556
2022-03-02,21946,50734,49510140,37645290
2022-03-03,22650,54967,49532790,37700257
2022-03-04,23256,62824,49556046,37763081
2022-03-05,23807,57963,49579853,37821044
2022-03-06,9473,17204,49589326,37838248
2022-03-07,15940,51419,49605266,37889667
2022-03-08,15492,48821,49620758,37938488
2022-03-09,13817,46525,49634575,37985013
2022-03-10,14060,52078,49648635,38037091
2022-03-11,15450,57201,49664085,38094292
2022-03-12,15514,56626,49679599,38150918
2022-03-13,5546,16853,49685145,38167771
2022-03-14,10534,46716,49695679,38214487
2022-03-15,10559,46924,49706238,38261411
2022-03-16,9491,41991,49715729,38303402
2022-03-17,9732,44896,49725461,38348298
2022-03-18,10168,49088,49735629,38397386
2022-03-19,9155,46556,49744784,38443942
2022-03-20,2608,11705,49747392,38455647
2022-03-21,7590,40253,49754982,38495900
2022-03-22,8451,37790,49763433,38533690
2022-03-23,7227,33714,49770660,38567404
2022-03-24,8266,38844,49778926,38606248
2022-03-25,8146,43702,49787072,38649950
2022-03-26,8127,41723,49795199,38691673
2022-03-27,2431,9685,49797630,38701358
2022-03-28,6115,35256,49803745,38736614
2022-03-29,5787,32550,49809532,38769164
2022-03-30,5569,30220,49815101,38799384
2022-03-31,5910,33210,49821011,38832594
2022-04-01,4354,25201,49825365,38857795
2022-04-02,4498,23276,49829863,38881071
2022-04-03,1049,4500,49830912,38885571
2022-04-04,3666,21560,49834578,38907131
2022-04-05,3759,22953,49838337,38930084
2022-04-06,4107,21856,49842444,38951940
2022-04-07,3974,23329,49846418,38975269
2022-04-08,4698,26730,49851116,39001999
2022-04-09,4383,23888,49855499,39025887
2022-04-10,893,4613,49856392,39030500
2022-04-11,3820,22698,49860212,39053198
2022-04-12,3364,21796,49863576,39074994
2022-04-13,3577,21349,49867153,39096343
2022-04-14,3487,23801,49870640,39120144
2022-04-15,3086,20636,49873726,39140780
2022-04-16,2153,11922,49875879,39152702
2022-04-17,63,348,49875942,39153050
2022-04-18,152,650,49876094,39153700
2022-04-19,3500,22005,49879594,39175705
2022-04-20,3514,20260,49883108,39195965
2022-04-21,2850,19805,49885958,39215770
2022-04-22,2929,20722,49888887,39236492
2022-04-23,2648,16223,49891535,39252715
2022-04-24,509,2335,49892044,39255050
2022-04-25,183,1165,49892227,39256215
2022-04-26,2762,17815,49894989,39274030
2022-04-27,2376,15798,49897365,39289828
2022-04-28,2367,15570,49899732,39305398
2022-04-29,2300,14861,49902032,39320259
2022-04-30,2123,11585,49904155,39331844
2022-05-01,113,531,49904268,39332375
2022-05-02,1451,9394,49905719,39341769
2022-05-03,1578,10332,49907297,39352101
2022-05-04,1749,10283,49909046,39362384
2022-05-05,1655,10309,49910701,39372693
2022-05-06,1702,10984,49912403,39383677
2022-05-07,1432,8575,49913835,39392252
2022-05-08,417,1527,49914252,39393779
2022-05-09,1029,8939,49915281,39402718
2022-05-10,1428,9558,49916709,39412276
2022-05-11,1487,10109,49918196,39422385
2022-05-12,1373,10141,49919569,39432526
2022-05-13,1600,10530,49921169,39443056
2022-05-14,1362,8249,49922531,39451305
2022-05-15,336,1138,49922867,39452443
2022-05-16,814,8411,49923681,39460854
2022-05-17,1244,8708,49924925,39469562
2022-05-18,1373,9256,49926298,39478818
2022-05-19,1502,9290,49927800,39488108
2022-05-20,1431,9538,49929231,39497646
2022-05-21,1302,7903,49930533,39505549
2022-05-22,231,1013,49930764,39506562
2022-05-23,831,8275,49931595,39514837
2022-05-24,1073,8675,49932668,39523512
2022-05-25,1373,9460,49934041,39532972
2022-05-26,1201,9484,49935242,39542456
2022-05-27,1235,9919,49936477,39552375
2022-05-28,1205,7890,49937682,39560265
2022-05-29,288,1265,49937970,39561530
2022-05-30,931,8064,49938901,39569594
2022-05-31,1040,8553,49939941,39578147
2022-06-01,897,7657,49940838,39585804
2022-06-02,35,474,49940873,39586278
2022-06-03,819,7334,49941692,39593612
2022-06-04,870,5162,49942562,39598774
2022-06-05,88,586,49942650,39599360
2022-06-06,679,7008,49943329,39606368
2022-06-07,951,7852,49944280,39614220
2022-06-08,981,7911,49945261,39622131
2022-06-09,1037,8421,49946298,39630552
2022-06-10,958,8564,49947256,39639116
2022-06-11,903,6206,49948159,39645322
2022-06-12,140,768,49948299,39646090
2022-06-13,603,6307,49948902,39652397
2022-06-14,833,7908,49949735,39660305
2022-06-15,960,7857,49950695,39668162
2022-06-16,734,7404,49951429,39675566
2022-06-17,724,7251,49952153,39682817
2022-06-18,778,5597,49952931,39688414
2022-06-19,49,521,49952980,39688935
2022-06-20,587,6700,49953567,39695635
2022-06-21,741,7664,49954308,39703299
2022-06-22,779,7315,49955087,39710614
2022-06-23,650,7475,49955737,39718089
2022-06-24,644,7475,49956381,39725564
2022-06-25,835,6533,49957216,39732097
2022-06-26,129,523,49957345,39732620
2022-06-27,534,7128,49957879,39739748
2022-06-28,748,8207,49958627,39747955
2022-06-29,757,7739,49959384,39755694
2022-06-30,748,8146,49960132,39763840
2022-07-01,577,6446,49960709,39770286
2022-07-02,536,4770,49961245,39775056
2022-07-03,49,456,49961294,39775512
2022-07-04,470,6281,49961764,39781793
2022-07-05,630,8126,49962394,39789919
2022-07-06,634,7612,49963028,39797531
2022-07-07,576,8279,49963604,39805810
2022-07-08,677,8087,49964281,39813897
2022-07-09,548,6105,49964829,39820002
2022-07-10,58,533,49964887,39820535
2022-07-11,493,7646,49965380,39828181
2022-07-12,669,9031,49966049,39837212
2022-07-13,645,10068,49966694,39847280
2022-07-14,639,10228,49967333,39857508
2022-07-15,627,10676,49967960,39868184
2022-07-16,522,7215,49968482,39875399
2022-07-17,48,770,49968530,39876169
2022-07-18,496,9378,49969026,39885547
2022-07-19,576,10685,49969602,39896232
2022-07-20,582,11277,49970184,39907509
2022-07-21,633,12096,49970817,39919605
2022-07-22,584,11270,49971401,39930875
2022-07-23,381,6778,49971782,39937653
2022-07-24,76,858,49971858,39938511
2022-07-25,505,9059,49972363,39947570
2022-07-26,522,9767,49972885,39957337
2022-07-27,555,10216,49973440,39967553
2022-07-28,534,10538,49973974,39978091
2022-07-29,510,9468,49974484,39987559
2022-07-30,383,5884,49974867,39993443
2022-07-31,49,764,49974916,39994207
2022-08-01,386,6866,49975302,40001073
2022-08-02,548,7594,49975850,40008667
2022-08-03,515,7189,49976365,40015856
2022-08-04,455,7495,49976820,40023351
2022-08-05,421,6531,49977241,40029882
2022-08-06,300,3613,49977541,40033495
2022-08-07,44,563,49977585,40034058
2022-08-08,403,4890,49977988,40038948
2022-08-09,381,5316,49978369,40044264
2022-08-10,385,4817,49978754,40049081
2022-08-11,370,4806,49979124,40053887
2022-08-12,295,3721,49979419,40057608
2022-08-13,143,1600,49979562,40059208
2022-08-14,9,129,49979571,40059337
2022-08-15,1,26,49979572,40059363
2022-08-16,284,3043,49979856,40062406
2022-08-17,352,3533,49980208,40065939
2022-08-18,395,4165,49980603,40070104
2022-08-19,341,3323,49980944,40073427
2022-08-20,184,1717,49981128,40075144
2022-08-21,24,149,49981152,40075293
2022-08-22,333,2952,49981485,40078245
2022-08-23,370,3674,49981855,40081919
2022-08-24,384,3363,49982239,40085282
2022-08-25,425,3776,49982664,40089058
2022-08-26,400,3586,49983064,40092644
2022-08-27,237,1770,49983301,40094414
2022-08-28,29,267,49983330,40094681
2022-08-29,354,3161,49983684,40097842
2022-08-30,406,3676,49984090,40101518
2022-08-31,438,3734,49984528,40105252
2022-09-01,353,3119,49984881,40108371
2022-09-02,298,2894,49985179,40111265
2022-09-03,200,1692,49985379,40112957
2022-09-04,24,149,49985403,40113106
2022-09-05,187,2657,49985590,40115763
2022-09-06,307,2981,49985897,40118744
2022-09-07,541,2937,49986438,40121681
2022-09-08,293,2965,49986731,40124646
2022-09-09,308,2886,49987039,40127532
2022-09-10,228,1327,49987267,40128859
2022-09-11,23,124,49987290,40128983
2022-09-12,267,2269,49987557,40131252
2022-09-13,255,2280,49987812,40133532
2022-09-14,266,2567,49988078,40136099
2022-09-15,285,2501,49988363,40138600
2022-09-16,255,2544,49988618,40141144
2022-09-17,239,1339,49988857,40142483
2022-09-18,20,170,49988877,40142653
2022-09-19,206,1973,49989083,40144626
2022-09-20,237,2392,49989320,40147018
2022-09-21,289,2528,49989609,40149546
2022-09-22,267,2663,49989876,40152209
2022-09-23,261,2547,49990137,40154756
2022-09-24,193,1427,49990330,40156183
2022-09-25,29,133,49990359,40156316
2022-09-26,281,2250,49990640,40158566
2022-09-27,287,2680,49990927,40161246
2022-09-28,311,2905,49991238,40164151
2022-09-29,257,3051,49991495,40167202
2022-09-30,292,2987,49991787,40170189
2022-10-01,196,1515,49991983,40171704
2022-10-02,12,187,49991995,40171891
2022-10-03,186,2478,49992181,40174369
2022-10-04,236,2865,49992417,40177234
2022-10-05,233,3255,49992650,40180489
2022-10-06,244,3875,49992894,40184364
2022-10-07,285,4186,49993179,40188550
2022-10-08,206,2267,49993385,40190817
2022-10-09,8,305,49993393,40191122
2022-10-10,214,3348,49993607,40194470
2022-10-11,195,4381,49993802,40198851
2022-10-12,212,4437,49994014,40203288
2022-10-13,207,5299,49994221,40208587
2022-10-14,234,5010,49994455,40213597
2022-10-15,191,2669,49994646,40216266
2022-10-16,6,360,49994652,40216626
2022-10-17,186,3873,49994838,40220499
2022-10-18,257,4960,49995095,40225459
2022-10-19,247,5479,49995342,40230938
2022-10-20,227,5999,49995569,40236937
2022-10-21,257,5478,49995826,40242415
2022-10-22,196,2911,49996022,40245326
2022-10-23,13,364,49996035,40245690
2022-10-24,171,3931,49996206,40249621
2022-10-25,256,4927,49996462,40254548
2022-10-26,350,5505,49996812,40260053
2022-10-27,239,5678,49997051,40265731
2022-10-28,202,5265,49997253,40270996
2022-10-29,128,2844,49997381,40273840
2022-10-30,4,328,49997385,40274168
2022-10-31,118,3038,49997503,40277206
2022-11-01,11,353,49997514,40277559
2022-11-02,146,3721,49997660,40281280
2022-11-03,172,4793,49997832,40286073
2022-11-04,228,4604,49998060,40290677
2022-11-05,145,2601,49998205,40293278
2022-11-06,10,261,49998215,40293539
2022-11-07,169,3227,49998384,40296766
2022-11-08,262,4258,49998646,40301024
2022-11-09,202,4337,49998848,40305361
2022-11-10,184,4608,49999032,40309969
2022-11-11,194,4236,49999226,40314205
2022-11-12,161,2378,49999387,40316583
2022-11-13,7,338,49999394,40316921
2022-11-14,150,2844,49999544,40319765
2022-11-15,204,3754,49999748,40323519
2022-11-16,217,4002,49999965,40327521
2022-11-17,195,4116,50000160,40331637
2022-11-18,252,4050,50000412,40335687
2022-11-19,112,2087,50000524,40337774
2022-11-20,24,317,50000548,40338091
2022-11-21,119,2625,50000667,40340716
2022-11-22,140,3224,50000807,40343940
2022-11-23,191,3635,50000998,40347575
2022-11-24,158,3851,50001156,40351426
2022-11-25,184,3781,50001340,40355207
2022-11-26,135,2096,50001475,40357303
2022-11-27,22,356,50001497,40357659
2022-11-28,182,2691,50001679,40360350
2022-11-29,258,3234,50001937,40363584
2022-11-30,183,3739,50002120,40367323
2022-12-01,151,3637,50002271,40370960
2022-12-02,161,3532,50002432,40374492
2022-12-03,106,1999,50002538,40376491
2022-12-04,5,290,50002543,40376781
2022-12-05,129,2861,50002672,40379642
2022-12-06,177,3658,50002849,40383300
2022-12-07,136,3135,50002985,40386435
2022-12-08,8,169,50002993,40386604
2022-12-09,165,3035,50003158,40389639
2022-12-10,71,1602,50003229,40391241
2022-12-11,7,193,50003236,40391434
2022-12-12,172,2534,50003408,40393968
2022-12-13,254,3053,50003662,40397021
2022-12-14,231,3241,50003893,40400262
2022-12-15,207,3299,50004100,40403561
2022-12-16,164,3224,50004264,40406785
2022-12-17,95,1691,50004359,40408476
2022-12-18,10,270,50004369,40408746
2022-12-19,149,2171,50004518,40410917
2022-12-20,214,2533,50004732,40413450
2022-12-21,160,2254,50004892,40415704
2022-12-22,140,1880,50005032,40417584
2022-12-23,154,1224,50005186,40418808
2022-12-24,32,162,50005218,40418970
2022-12-25,0,6,50005218,40418976
2022-12-26,6,42,50005224,40419018
2022-12-27,133,1556,50005357,40420574
2022-12-28,138,1783,50005495,40422357
2022-12-29,92,1711,50005587,40424068
2022-12-30,117,1616,50005704,40425684
2022-12-31,21,273,50005725,40425957
2023-01-01,0,6,50005725,40425963
2023-01-02,48,1129,50005773,40427092
2023-01-03,99,1901,50005872,40428993
2023-01-04,111,2016,50005983,40431009
2023-01-05,99,1915,50006082,40432924
2023-01-06,0,70,50006082,40432994
2023-01-07,53,687,50006135,40433681
2023-01-08,2,97,50006137,40433778
2023-01-09,127,1430,50006264,40435208
2023-01-10,128,1792,50006392,40437000
2023-01-11,119,1772,50006511,40438772
2023-01-12,115,2010,50006626,40440782
2023-01-13,108,1890,50006734,40442672
2023-01-14,67,979,50006801,40443651
2023-01-15,1,67,50006802,40443718
2023-01-16,38,1156,50006840,40444874
2023-01-17,109,1308,50006949,40446182
2023-01-18,81,1425,50007030,40447607
2023-01-19,111,1611,50007141,40449218
2023-01-20,160,1409,50007301,40450627
2023-01-21,47,651,50007348,40451278
2023-01-22,2,57,50007350,40451335
2023-01-23,75,783,50007425,40452118
2023-01-24,115,1197,50007540,40453315
2023-01-25,98,1103,50007638,40454418
2023-01-26,108,1127,50007746,40455545
2023-01-27,56,1023,50007802,40456568
2023-01-28,128,485,50007930,40457053
2023-01-29,6,52,50007936,40457105
2023-01-30,62,578,50007998,40457683