data_somministrazione,vaccinazioni,booster,cum_vaccinazioni,cum_booster
2020-12-27,22,0,22,0
2020-12-28,2,0,24,0
2020-12-29,1,0,25,0
2020-12-30,8,0,33,0
2020-12-31,80,0,113,0
2021-01-01,26,0,139,0
2021-01-02,150,0,289,0
2021-01-03,113,0,402,0
2021-01-04,248,0,650,0
2021-01-05,292,0,942,0
2021-01-06,264,0,1206,0
2021-01-07,332,0,1538,0
2021-01-08,388,0,1926,0
2021-01-09,293,0,2219,0
2021-01-10,173,0,2392,0
2021-01-11,312,0,2704,0
2021-01-12,293,0,2997,0
2021-01-13,428,0,3425,0
2021-01-14,508,0,3933,0
2021-01-15,328,0,4261,0
2021-01-16,225,0,4486,0
2021-01-17,3065,0,7551,0
2021-01-18,5221,0,12772,0
2021-01-19,1896,0,14668,0
2021-01-20,4660,0,19328,0
2021-01-21,20004,0,39332,0
2021-01-22,14220,0,53552,0
2021-01-23,33317,0,86869,0
2021-01-24,30774,0,117643,0
2021-01-25,64697,0,182340,0
2021-01-26,76454,0,258794,0
2021-01-27,64805,0,323599,0
2021-01-28,89241,0,412840,0
2021-01-29,93988,0,506828,0
2021-01-30,86538,0,593366,0
2021-01-31,57319,0,650685,0
2021-02-01,81833,0,732518,0
2021-02-02,82124,0,814642,0
2021-02-03,91096,0,905738,0
2021-02-04,95379,0,1001117,0
2021-02-05,90262,0,1091379,0
2021-02-06,63450,0,1154829,0
2021-02-07,32935,0,1187764,0
2021-02-08,40421,0,1228185,0
2021-02-09,32880,0,1261065,0
2021-02-10,28440,0,1289505,0
2021-02-11,20408,0,1309913,0
2021-02-12,16253,0,1326166,0
2021-02-13,7285,0,1333451,0
2021-02-14,2862,0,1336313,0
2021-02-15,6852,0,1343165,0
2021-02-16,7008,0,1350173,0
2021-02-17,10527,0,1360700,0
2021-02-18,9259,0,1369959,0
2021-02-19,8259,0,1378218,0
2021-02-20,5590,0,1383808,0
2021-02-21,3017,0,1386825,0
2021-02-22,6884,0,1393709,0
2021-02-23,7192,0,1400901,0
2021-02-24,9816,0,1410717,0
2021-02-25,14216,0,1424933,0
2021-02-26,17566,0,1442499,0
2021-02-27,13926,0,1456425,0
2021-02-28,9399,0,1465824,0
2021-03-01,26533,0,1492357,0
2021-03-02,33248,0,1525605,0
2021-03-03,44653,0,1570258,0
2021-03-04,50306,0,1620564,0
2021-03-05,55746,0,1676310,0
2021-03-06,41886,0,1718196,0
2021-03-07,22332,0,1740528,0
2021-03-08,50839,0,1791367,0
2021-03-09,53096,0,1844463,0
2021-03-10,58701,0,1903164,0
2021-03-11,63895,0,1967059,0
2021-03-12,65146,0,2032205,0
2021-03-13,51731,0,2083936,0
2021-03-14,35428,0,2119364,0
2021-03-15,73466,0,2192830,0
2021-03-16,74031,0,2266861,0
2021-03-17,83148,0,2350009,0
2021-03-18,81633,0,2431642,0
2021-03-19,81090,0,2512732,0
2021-03-20,64747,0,2577479,0
2021-03-21,47314,0,2624793,0
2021-03-22,69507,0,2694300,0
2021-03-23,75823,0,2770123,0
2021-03-24,90942,0,2861065,0
2021-03-25,89830,0,2950895,0
2021-03-26,83646,0,3034541,0
2021-03-27,71965,0,3106506,0
2021-03-28,44193,0,3150699,0
2021-03-29,70854,0,3221553,0
2021-03-30,81421,0,3302974,0
2021-03-31,96271,0,3399245,0
2021-04-01,95345,0,3494590,0
2021-04-02,84089,0,3578679,0
2021-04-03,64315,0,3642994,0
2021-04-04,21726,0,3664720,0
2021-04-05,40327,0,3705047,0
2021-04-06,81354,0,3786401,0
2021-04-07,95850,0,3882251,0
2021-04-08,95268,0,3977519,0
2021-04-09,88508,0,4066027,0
2021-04-10,74040,0,4140067,0
2021-04-11,44774,0,4184841,0
2021-04-12,66928,0,4251769,0
2021-04-13,72603,0,4324372,0
2021-04-14,85560,0,4409932,0
2021-04-15,105426,0,4515358,0
2021-04-16,106438,0,4621796,0
2021-04-17,90533,0,4712329,0
2021-04-18,58600,0,4770929,0
2021-04-19,93448,0,4864377,0
2021-04-20,103784,0,4968161,0
2021-04-21,125343,0,5093504,0
2021-04-22,143540,0,5237044,0
2021-04-23,138766,0,5375810,0
2021-04-24,124455,0,5500265,0
2021-04-25,61471,0,5561736,0
2021-04-26,97920,0,5659656,0
2021-04-27,128383,0,5788039,0
2021-04-28,156404,0,5944443,0
2021-04-29,195629,0,6140072,0
2021-04-30,214623,0,6354695,0
2021-05-01,174152,0,6528847,0
2021-05-02,135819,0,6664666,0
2021-05-03,142084,0,6806750,0
2021-05-04,158720,0,6965470,0
2021-05-05,170558,0,7136028,0
2021-05-06,197839,0,7333867,0
2021-05-07,213890,0,7547757,0
2021-05-08,213445,0,7761202,0
2021-05-09,143225,0,7904427,0
2021-05-10,165108,0,8069535,0
2021-05-11,175020,0,8244555,0
2021-05-12,179239,0,8423794,0
2021-05-13,203437,0,8627231,0
2021-05-14,222953,0,8850184,0
2021-05-15,210400,0,9060584,0
2021-05-16,159296,0,9219880,0
2021-05-17,219228,0,9439108,0
2021-05-18,213033,0,9652141,0
2021-05-19,207108,0,9859249,0
2021-05-20,270917,0,10130166,0
2021-05-21,270920,0,10401086,0
2021-05-22,245552,0,10646638,0
2021-05-23,197199,0,10843837,0
2021-05-24,228314,0,11072151,0
2021-05-25,245702,0,11317853,0
2021-05-26,277577,0,11595430,0
2021-05-27,311109,0,11906539,0
2021-05-28,299592,0,12206131,0
2021-05-29,231261,0,12437392,0
2021-05-30,170859,0,12608251,0
2021-05-31,216445,0,12824696,0
2021-06-01,207649,0,13032345,0
2021-06-02,115812,0,13148157,0
2021-06-03,180192,0,13328349,0
2021-06-04,184941,0,13513290,0
2021-06-05,186020,0,13699310,0
2021-06-06,139605,0,13838915,0
2021-06-07,161927,0,14000842,0
2021-06-08,171317,0,14172159,0
2021-06-09,171545,0,14343704,0
2021-06-10,174187,0,14517891,0
2021-06-11,170068,0,14687959,0
2021-06-12,128422,0,14816381,0
2021-06-13,91259,0,14907640,0
2021-06-14,214721,0,15122361,0
2021-06-15,228478,0,15350839,0
2021-06-16,253122,0,15603961,0
2021-06-17,301804,0,15905765,0
2021-06-18,306353,0,16212118,0
2021-06-19,275147,0,16487265,0
2021-06-20,220837,0,16708102,0
2021-06-21,288126,0,16996228,0
2021-06-22,296276,0,17292504,0
2021-06-23,302720,0,17595224,0
2021-06-24,332638,0,17927862,0
2021-06-25,348746,0,18276608,0
2021-06-26,300157,0,18576765,0
2021-06-27,228711,0,18805476,0
2021-06-28,307173,0,19112649,0
2021-06-29,329364,0,19442013,0
2021-06-30,342242,0,19784255,0
2021-07-01,363263,0,20147518,0
2021-07-02,368518,0,20516036,0
2021-07-03,371109,0,20887145,0
2021-07-04,283252,0,21170397,0
2021-07-05,384570,0,21554967,0
2021-07-06,385498,0,21940465,0
2021-07-07,412146,0,22352611,0
2021-07-08,479583,0,22832194,0
2021-07-09,498460,0,23330654,0
2021-07-10,475172,0,23805826,0
2021-07-11,357687,0,24163513,0
2021-07-12,485869,0,24649382,0
2021-07-13,492056,0,25141438,0
2021-07-14,480430,0,25621868,0
2021-07-15,523399,0,26145267,0
2021-07-16,509733,0,26655000,0
2021-07-17,464315,0,27119315,0
2021-07-18,364622,0,27483937,0
2021-07-19,463029,0,27946966,0
2021-07-20,458038,0,28405004,0
2021-07-21,462788,0,28867792,0
2021-07-22,475368,0,29343160,0
2021-07-23,441324,0,29784484,0
2021-07-24,386140,0,30170624,0
2021-07-25,287533,0,30458157,0
2021-07-26,430885,0,30889042,0
2021-07-27,440101,0,31329143,0
2021-07-28,391011,0,31720154,0
2021-07-29,372066,0,32092220,0
2021-07-30,341532,0,32433752,0
2021-07-31,287056,0,32720808,0
2021-08-01,190996,0,32911804,0
2021-08-02,333707,0,33245511,0
2021-08-03,323183,0,33568694,0
2021-08-04,311001,0,33879695,0
2021-08-05,292479,0,34172174,0
2021-08-06,260046,0,34432220,0
2021-08-07,199073,0,34631293,0
2021-08-08,153109,0,34784402,0
2021-08-09,234085,0,35018487,0
2021-08-10,205297,0,35223784,0
2021-08-11,193801,0,35417585,0
2021-08-12,168079,0,35585664,0
2021-08-13,148677,0,35734341,0
2021-08-14,66104,0,35800445,0
2021-08-15,26345,0,35826790,0
2021-08-16,114724,0,35941514,0
2021-08-17,129263,0,36070777,0
2021-08-18,128763,0,36199540,0
2021-08-19,124868,0,36324408,0
2021-08-20,123797,0,36448205,0
2021-08-21,83138,0,36531343,0
2021-08-22,68182,0,36599525,0
2021-08-23,176870,0,36776395,0
2021-08-24,156889,0,36933284,0
2021-08-25,177168,0,37110452,0
2021-08-26,172348,0,37282800,0
2021-08-27,185827,0,37468627,0
2021-08-28,140295,0,37608922,0
2021-08-29,98999,0,37707921,0
2021-08-30,209582,0,37917503,0
2021-08-31,194640,0,38112143,0
2021-09-01,192215,0,38304358,0
2021-09-02,189930,0,38494288,0
2021-09-03,191273,0,38685561,0
2021-09-04,131432,0,38816993,0
2021-09-05,87837,0,38904830,0
2021-09-06,193596,0,39098426,0
2021-09-07,196035,0,39294461,0
2021-09-08,187849,0,39482310,0
2021-09-09,201411,0,39683721,0
2021-09-10,198042,0,39881763,0
2021-09-11,141286,0,40023049,0
2021-09-12,89589,0,40112638,0
2021-09-13,191092,670,40303730,670
2021-09-14,177203,665,40480933,1335
2021-09-15,163079,659,40644012,1994
2021-09-16,160035,1018,40804047,3012
2021-09-17,150153,1178,40954200,4190
2021-09-18,127984,787,41082184,4977
2021-09-19,81141,514,41163325,5491
2021-09-20,180055,9142,41343380,14633
2021-09-21,166676,8867,41510056,23500
2021-09-22,159120,9470,41669176,32970
2021-09-23,138111,9364,41807287,42334
2021-09-24,140550,9023,41947837,51357
2021-09-25,119564,5680,42067401,57037
2021-09-26,71992,4371,42139393,61408
2021-09-27,135672,10094,42275065,71502
2021-09-28,117522,11439,42392587,82941
2021-09-29,112386,11857,42504973,94798
2021-09-30,110295,14990,42615268,109788
2021-10-01,95006,19145,42710274,128933
2021-10-02,78530,14048,42788804,142981
2021-10-03,47761,7672,42836565,150653
2021-10-04,88392,34491,42924957,185144
2021-10-05,80390,34023,43005347,219167
2021-10-06,72006,34223,43077353,253390
2021-10-07,71882,34383,43149235,287773
2021-10-08,80650,33630,43229885,321403
2021-10-09,76120,22203,43306005,343606
2021-10-10,45795,13632,43351800,357238
2021-10-11,87448,41138,43439248,398376
2021-10-12,84514,46941,43523762,445317
2021-10-13,88226,52175,43611988,497492
2021-10-14,91557,58565,43703545,556057
2021-10-15,93602,55689,43797147,611746
2021-10-16,82976,36835,43880123,648581
2021-10-17,51461,23864,43931584,672445
2021-10-18,90301,59531,44021885,731976
2021-10-19,78351,69425,44100236,801401
2021-10-20,75059,78217,44175295,879618
2021-10-21,78282,81826,44253577,961444
2021-10-22,73764,77093,44327341,1038537
2021-10-23,60838,51977,44388179,1090514
2021-10-24,33366,23486,44421545,1114000
2021-10-25,64895,81672,44486440,1195672
2021-10-26,58368,91850,44544808,1287522
2021-10-27,58317,104044,44603125,1391566
2021-10-28,61444,114167,44664569,1505733
2021-10-29,61618,103204,44726187,1608937
2021-10-30,50668,68165,44776855,1677102
2021-10-31,25158,28315,44802013,1705417
2021-11-01,19050,28159,44821063,1733576
2021-11-02,62739,89448,44883802,1823024
2021-11-03,60713,118709,44944515,1941733
2021-11-04,59239,126708,45003754,2068441
2021-11-05,63092,135234,45066846,2203675
2021-11-06,46495,90946,45113341,2294621
2021-11-07,22248,37908,45135589,2332529
2021-11-08,51520,131304,45187109,2463833
2021-11-09,45404,144238,45232513,2608071
2021-11-10,42594,156382,45275107,2764453
2021-11-11,44929,155183,45320036,2919636
2021-11-12,46302,158713,45366338,3078349
2021-11-13,33273,116683,45399611,3195032
2021-11-14,14490,52462,45414101,3247494
2021-11-15,36907,157449,45451008,3404943
2021-11-16,30567,171416,45481575,3576359
2021-11-17,28468,178470,45510043,3754829
2021-11-18,30296,193771,45540339,3948600
2021-11-19,28825,205889,45569164,4154489
2021-11-20,21014,156462,45590178,4310951
2021-11-21,10612,64871,45600790,4375822
2021-11-22,21960,213164,45622750,4588986
2021-11-23,23607,241805,45646357,4830791
2021-11-24,27770,271103,45674127,5101894
2021-11-25,23268,301954,45697395,5403848
2021-11-26,24599,318315,45721994,5722163
2021-11-27,21419,266176,45743413,5988339
2021-11-28,9911,137071,45753324,6125410
2021-11-29,22370,326082,45775694,6451492
2021-11-30,23120,365863,45798814,6817355
2021-12-01,21565,413547,45820379,7230902
2021-12-02,23800,440444,45844179,7671346
2021-12-03,25283,467548,45869462,8138894
2021-12-04,22394,418813,45891856,8557707
2021-12-05,11944,261369,45903800,8819076
2021-12-06,25852,457637,45929652,9276713
2021-12-07,24172,480311,45953824,9757024
2021-12-08,10033,249725,45963857,10006749
2021-12-09,31629,491969,45995486,10498718
2021-12-10,28110,517942,46023596,11016660
2021-12-11,23595,459288,46047191,11475948
2021-12-12,12328,293538,46059519,11769486
2021-12-13,26186,467664,46085705,12237150
2021-12-14,25212,494245,46110917,12731395
2021-12-15,25384,517191,46136301,13248586
2021-12-16,27940,520311,46164241,13768897
2021-12-17,29405,517229,46193646,14286126
2021-12-18,27117,468788,46220763,14754914
2021-12-19,15173,300548,46235936,15055462
2021-12-20,30684,477513,46266620,15532975
2021-12-21,30424,493451,46297044,16026426
2021-12-22,29494,484761,46326538,16511187
2021-12-23,28290,426973,46354828,16938160
2021-12-24,13128,210846,46367956,17149006
2021-12-25,2104,33053,46370060,17182059
2021-12-26,8784,159077,46378844,17341136
2021-12-27,46851,504704,46425695,17845840
2021-12-28,42513,554270,46468208,18400110
2021-12-29,34408,550688,46502616,18950798
2021-12-30,31905,499871,46534521,19450669
2021-12-31,14152,247410,46548673,19698079
2022-01-01,3503,64815,46552176,19762894
2022-01-02,22843,276728,46575019,20039622
2022-01-03,47967,520042,46622986,20559664
2022-01-04,46494,572108,46669480,21131772
2022-01-05,40866,560430,46710346,21692202
2022-01-06,23546,274489,46733892,21966691
2022-01-07,63820,554229,46797712,22520920
2022-01-08,61007,503427,46858719,23024347
2022-01-09,42981,319710,46901700,23344057
2022-01-10,61190,542332,46962890,23886389
2022-01-11,61882,587042,47024772,24473431
2022-01-12,58576,581316,47083348,25054747
2022-01-13,58731,580438,47142079,25635185
2022-01-14,46962,588625,47189041,26223810
2022-01-15,39612,570002,47228653,26793812
2022-01-16,31334,341899,47259987,27135711
2022-01-17,54866,489698,47314853,27625409
2022-01-18,58485,517059,47373338,28142468
2022-01-19,57285,502825,47430623,28645293
2022-01-20,54436,498865,47485059,29144158
2022-01-21,42198,493905,47527257,29638063
2022-01-22,31319,469624,47558576,30107687
2022-01-23,34989,275393,47593565,30383080
2022-01-24,56236,437257,47649801,30820337
2022-01-25,61610,452135,47711411,31272472
2022-01-26,58606,435850,47770017,31708322
2022-01-27,48904,432420,47818921,32140742
2022-01-28,58771,436570,47877692,32577312
2022-01-29,68199,412522,47945891,32989834
2022-01-30,50416,235993,47996307,33225827
2022-01-31,60728,356954,48057035,33582781
2022-02-01,65627,328472,48122662,33911253
2022-02-02,63256,297003,48185918,34208256
2022-02-03,60098,274542,48246016,34482798
2022-02-04,72417,268478,48318433,34751276
2022-02-05,83822,248560,48402255,34999836
2022-02-06,55309,116208,48457564,35116044
2022-02-07,65192,199949,48522756,35315993
2022-02-08,66960,186133,48589716,35502126
2022-02-09,58781,166356,48648497,35668482
2022-02-10,58604,163255,48707101,35831737
2022-02-11,62280,162482,48769381,35994219
2022-02-12,72018,152157,48841399,36146376
2022-02-13,41488,68859,48882887,36215235
2022-02-14,46713,116196,48929600,36331431
2022-02-15,48573,123482,48978173,36454913
2022-02-16,45701,106132,49023874,36561045
2022-02-17,42876,98128,49066750,36659173
2022-02-18,46638,112591,49113388,36771764
2022-02-19,52547,100342,49165935,36872106
2022-02-20,31416,40367,49197351,36912473
2022-02-21,37903,89660,49235254,37002133
2022-02-22,37228,83786,49272482,37085919
2022-02-23,33404,79407,49305886,37165326
2022-02-24,32563,78169,49338449,37243495
2022-02-25,34775,90714,49373224,37334209
2022-02-26,39163,89139,49412387,37423348
2022-02-27,22548,35859,49434935,37459207
2022-02-28,28491,81698,49463426,37540905
2022-03-01,22735,53944,49486161,37594849
2022-03-02,21936,50713,49508097,37645562
2022-03-03,22641,54947,49530738,37700509
2022-03-04,23243,62803,49553981,37763312
2022-03-05,23805,57953,49577786,37821265
2022-03-06,9473,17201,49587259,37838466
2022-03-07,15928,51391,49603187,37889857
2022-03-08,15481,48797,49618668,37938654
2022-03-09,13815,46518,49632483,37985172
2022-03-10,14061,52128,49646544,38037300
2022-03-11,15593,57274,49662137,38094574
2022-03-12,15514,56620,49677651,38151194
2022-03-13,5545,16852,49683196,38168046
2022-03-14,10528,46703,49693724,38214749
2022-03-15,10555,46895,49704279,38261644
2022-03-16,9486,41979,49713765,38303623
2022-03-17,9727,44877,49723492,38348500
2022-03-18,10164,49059,49733656,38397559
2022-03-19,9152,46541,49742808,38444100
2022-03-20,2608,11704,49745416,38455804
2022-03-21,7587,40233,49753003,38496037
2022-03-22,8448,37768,49761451,38533805
2022-03-23,7221,33701,49768672,38567506
2022-03-24,8261,38821,49776933,38606327
2022-03-25,8144,43673,49785077,38650000
2022-03-26,8129,41722,49793206,38691722
2022-03-27,2432,9683,49795638,38701405
2022-03-28,6113,35245,49801751,38736650
2022-03-29,5783,32532,49807534,38769182
2022-03-30,5567,30205,49813101,38799387
2022-03-31,5906,33186,49819007,38832573
2022-04-01,4351,25189,49823358,38857762
2022-04-02,4497,23275,49827855,38881037
2022-04-03,1049,4500,49828904,38885537
2022-04-04,3662,21547,49832566,38907084
2022-04-05,3758,22938,49836324,38930022
2022-04-06,4105,21853,49840429,38951875
2022-04-07,3970,23321,49844399,38975196
2022-04-08,4696,26716,49849095,39001912
2022-04-09,4382,23889,49853477,39025801
2022-04-10,893,4613,49854370,39030414
2022-04-11,3820,22689,49858190,39053103
2022-04-12,3364,21780,49861554,39074883
2022-04-13,3574,21337,49865128,39096220
2022-04-14,3487,23789,49868615,39120009
2022-04-15,3086,20621,49871701,39140630
2022-04-16,2152,11918,49873853,39152548
2022-04-17,63,348,49873916,39152896
2022-04-18,152,650,49874068,39153546
2022-04-19,3500,21987,49877568,39175533
2022-04-20,3513,20250,49881081,39195783
2022-04-21,2848,19793,49883929,39215576
2022-04-22,2928,20714,49886857,39236290
2022-04-23,2648,16222,49889505,39252512
2022-04-24,509,2334,49890014,39254846
2022-04-25,183,1165,49890197,39256011
2022-04-26,2761,17812,49892958,39273823
2022-04-27,2374,15795,49895332,39289618
2022-04-28,2363,15567,49897695,39305185
2022-04-29,2298,14850,49899993,39320035
2022-04-30,2123,11585,49902116,39331620
2022-05-01,113,531,49902229,39332151
2022-05-02,1451,9394,49903680,39341545
2022-05-03,1577,10326,49905257,39351871
2022-05-04,1747,10276,49907004,39362147
2022-05-05,1654,10301,49908658,39372448
2022-05-06,1702,10972,49910360,39383420
2022-05-07,1431,8573,49911791,39391993
2022-05-08,417,1526,49912208,39393519
2022-05-09,1028,8935,49913236,39402454
2022-05-10,1427,9553,49914663,39412007
2022-05-11,1485,10109,49916148,39422116
2022-05-12,1371,10137,49917519,39432253
2022-05-13,1596,10526,49919115,39442779
2022-05-14,1361,8247,49920476,39451026
2022-05-15,336,1137,49920812,39452163
2022-05-16,814,8409,49921626,39460572
2022-05-17,1244,8707,49922870,39469279
2022-05-18,1373,9256,49924243,39478535
2022-05-19,1501,9287,49925744,39487822
2022-05-20,1426,9535,49927170,39497357
2022-05-21,1302,7902,49928472,39505259
2022-05-22,231,1013,49928703,39506272
2022-05-23,830,8273,49929533,39514545
2022-05-24,1073,8673,49930606,39523218
2022-05-25,1372,9460,49931978,39532678
2022-05-26,1198,9480,49933176,39542158
2022-05-27,1232,9917,49934408,39552075
2022-05-28,1205,7890,49935613,39559965
2022-05-29,288,1265,49935901,39561230
2022-05-30,931,8059,49936832,39569289
2022-05-31,1039,8549,49937871,39577838
2022-06-01,895,7657,49938766,39585495
2022-06-02,35,474,49938801,39585969
2022-06-03,817,7334,49939618,39593303
2022-06-04,870,5162,49940488,39598465
2022-06-05,89,586,49940577,39599051
2022-06-06,679,7004,49941256,39606055
2022-06-07,952,7850,49942208,39613905
2022-06-08,981,7906,49943189,39621811
2022-06-09,1037,8418,49944226,39630229
2022-06-10,958,8563,49945184,39638792
2022-06-11,904,6206,49946088,39644998
2022-06-12,140,768,49946228,39645766
2022-06-13,602,6301,49946830,39652067
2022-06-14,832,7904,49947662,39659971
2022-06-15,960,7856,49948622,39667827
2022-06-16,733,7397,49949355,39675224
2022-06-17,723,7248,49950078,39682472
2022-06-18,778,5596,49950856,39688068
2022-06-19,49,521,49950905,39688589
2022-06-20,587,6699,49951492,39695288
2022-06-21,741,7664,49952233,39702952
2022-06-22,779,7313,49953012,39710265
2022-06-23,648,7472,49953660,39717737
2022-06-24,644,7474,49954304,39725211
2022-06-25,835,6533,49955139,39731744
2022-06-26,128,523,49955267,39732267
2022-06-27,534,7126,49955801,39739393
2022-06-28,747,8207,49956548,39747600
2022-06-29,756,7733,49957304,39755333
2022-06-30,747,8145,49958051,39763478
2022-07-01,577,6443,49958628,39769921
2022-07-02,536,4769,49959164,39774690
2022-07-03,49,456,49959213,39775146
2022-07-04,469,6278,49959682,39781424
2022-07-05,631,8122,49960313,39789546
2022-07-06,634,7611,49960947,39797157
2022-07-07,576,8273,49961523,39805430
2022-07-08,677,8086,49962200,39813516
2022-07-09,550,6105,49962750,39819621
2022-07-10,58,533,49962808,39820154
2022-07-11,493,7642,49963301,39827796
2022-07-12,669,9030,49963970,39836826
2022-07-13,645,10067,49964615,39846893
2022-07-14,637,10224,49965252,39857117
2022-07-15,627,10674,49965879,39867791
2022-07-16,523,7215,49966402,39875006
2022-07-17,48,770,49966450,39875776
2022-07-18,496,9375,49966946,39885151
2022-07-19,575,10684,49967521,39895835
2022-07-20,582,11277,49968103,39907112
2022-07-21,630,12093,49968733,39919205
2022-07-22,584,11262,49969317,39930467
2022-07-23,381,6775,49969698,39937242
2022-07-24,76,857,49969774,39938099
2022-07-25,503,9056,49970277,39947155
2022-07-26,522,9764,49970799,39956919
2022-07-27,554,10210,49971353,39967129
2022-07-28,532,10535,49971885,39977664
2022-07-29,511,9466,49972396,39987130
2022-07-30,383,5883,49972779,39993013
2022-07-31,49,764,49972828,39993777
2022-08-01,386,6865,49973214,40000642
2022-08-02,548,7590,49973762,40008232
2022-08-03,513,7179,49974275,40015411
2022-08-04,455,7493,49974730,40022904
2022-08-05,421,6526,49975151,40029430
2022-08-06,300,3613,49975451,40033043
2022-08-07,44,563,49975495,40033606
2022-08-08,403,4890,49975898,40038496
2022-08-09,381,5313,49976279,40043809
2022-08-10,385,4816,49976664,40048625
2022-08-11,369,4804,49977033,40053429
2022-08-12,294,3719,49977327,40057148
2022-08-13,143,1600,49977470,40058748
2022-08-14,9,129,49977479,40058877
2022-08-15,1,26,49977480,40058903
2022-08-16,283,3043,49977763,40061946
2022-08-17,352,3536,49978115,40065482
2022-08-18,394,4160,49978509,40069642
2022-08-19,341,3319,49978850,40072961
2022-08-20,183,1715,49979033,40074676
2022-08-21,24,149,49979057,40074825
2022-08-22,330,2952,49979387,40077777
2022-08-23,370,3674,49979757,40081451
2022-08-24,384,3360,49980141,40084811
2022-08-25,423,3773,49980564,40088584
2022-08-26,400,3574,49980964,40092158
2022-08-27,237,1770,49981201,40093928
2022-08-28,29,267,49981230,40094195
2022-08-29,354,3161,49981584,40097356
2022-08-30,405,3672,49981989,40101028
2022-08-31,438,3734,49982427,40104762
2022-09-01,353,3116,49982780,40107878
2022-09-02,297,2894,49983077,40110772
2022-09-03,200,1689,49983277,40112461
2022-09-04,24,149,49983301,40112610
2022-09-05,187,2656,49983488,40115266
2022-09-06,306,2984,49983794,40118250
2022-09-07,542,2936,49984336,40121186
2022-09-08,293,2963,49984629,40124149
2022-09-09,306,2886,49984935,40127035
2022-09-10,228,1326,49985163,40128361
2022-09-11,23,124,49985186,40128485
2022-09-12,267,2269,49985453,40130754
2022-09-13,252,2277,49985705,40133031
2022-09-14,266,2566,49985971,40135597
2022-09-15,282,2501,49986253,40138098
2022-09-16,256,2546,49986509,40140644
2022-09-17,239,1339,49986748,40141983
2022-09-18,20,170,49986768,40142153
2022-09-19,206,1971,49986974,40144124
2022-09-20,235,2392,49987209,40146516
2022-09-21,289,2526,49987498,40149042
2022-09-22,267,2663,49987765,40151705
2022-09-23,259,2545,49988024,40154250
2022-09-24,193,1427,49988217,40155677
2022-09-25,29,133,49988246,40155810
2022-09-26,280,2248,49988526,40158058
2022-09-27,287,2683,49988813,40160741
2022-09-28,310,2906,49989123,40163647
2022-09-29,257,3049,49989380,40166696
2022-09-30,292,2989,49989672,40169685
2022-10-01,195,1515,49989867,40171200
2022-10-02,12,187,49989879,40171387
2022-10-03,185,2475,49990064,40173862
2022-10-04,235,2862,49990299,40176724
2022-10-05,228,3253,49990527,40179977
2022-10-06,243,3874,49990770,40183851
2022-10-07,283,4189,49991053,40188040
2022-10-08,204,2270,49991257,40190310
2022-10-09,8,305,49991265,40190615
2022-10-10,214,3356,49991479,40193971
2022-10-11,194,4379,49991673,40198350
2022-10-12,207,4441,49991880,40202791
2022-10-13,204,5304,49992084,40208095
2022-10-14,233,5026,49992317,40213121
2022-10-15,191,2671,49992508,40215792
2022-10-16,6,360,49992514,40216152
2022-10-17,186,3874,49992700,40220026
2022-10-18,256,4967,49992956,40224993
2022-10-19,244,5478,49993200,40230471
2022-10-20,224,5998,49993424,40236469
2022-10-21,250,5477,49993674,40241946
2022-10-22,195,2911,49993869,40244857
2022-10-23,13,364,49993882,40245221
2022-10-24,171,3931,49994053,40249152
2022-10-25,254,4927,49994307,40254079
2022-10-26,347,5503,49994654,40259582
2022-10-27,241,5672,49994895,40265254
2022-10-28,200,5263,49995095,40270517
2022-10-29,128,2844,49995223,40273361
2022-10-30,3,328,49995226,40273689
2022-10-31,117,3042,49995343,40276731
2022-11-01,11,353,49995354,40277084
2022-11-02,145,3723,49995499,40280807
2022-11-03,172,4790,49995671,40285597
2022-11-04,225,4602,49995896,40290199
2022-11-05,144,2598,49996040,40292797
2022-11-06,10,261,49996050,40293058
2022-11-07,169,3225,49996219,40296283
2022-11-08,260,4254,49996479,40300537
2022-11-09,197,4331,49996676,40304868
2022-11-10,183,4597,49996859,40309465
2022-11-11,193,4221,49997052,40313686
2022-11-12,158,2378,49997210,40316064
2022-11-13,7,338,49997217,40316402
2022-11-14,150,2838,49997367,40319240
2022-11-15,202,3748,49997569,40322988
2022-11-16,217,3993,49997786,40326981
2022-11-17,191,4107,49997977,40331088
2022-11-18,246,4034,49998223,40335122
2022-11-19,112,2106,49998335,40337228
2022-11-20,24,317,49998359,40337545
2022-11-21,119,2621,49998478,40340166
2022-11-22,143,3217,49998621,40343383
2022-11-23,191,3625,49998812,40347008
2022-11-24,158,3844,49998970,40350852
2022-11-25,184,3785,49999154,40354637
2022-11-26,133,2093,49999287,40356730
2022-11-27,22,356,49999309,40357086
2022-11-28,182,2683,49999491,40359769
2022-11-29,257,3231,49999748,40363000
2022-11-30,182,3736,49999930,40366736
2022-12-01,151,3627,50000081,40370363
2022-12-02,156,3531,50000237,40373894
2022-12-03,106,1969,50000343,40375863
2022-12-04,5,290,50000348,40376153
2022-12-05,129,2855,50000477,40379008
2022-12-06,177,3655,50000654,40382663
2022-12-07,135,3137,50000789,40385800
2022-12-08,8,169,50000797,40385969
2022-12-09,161,3035,50000958,40389004
2022-12-10,78,1605,50001036,40390609
2022-12-11,7,193,50001043,40390802
2022-12-12,171,2535,50001214,40393337
2022-12-13,253,3052,50001467,40396389
2022-12-14,228,3221,50001695,40399610
2022-12-15,204,3270,50001899,40402880
2022-12-16,162,3177,50002061,40406057
2022-12-17,94,1684,50002155,40407741
2022-12-18,10,270,50002165,40408011
2022-12-19,143,2165,50002308,40410176
2022-12-20,211,2515,50002519,40412691
2022-12-21,156,2237,50002675,40414928
2022-12-22,141,1870,50002816,40416798
2022-12-23,151,1215,50002967,40418013
2022-12-24,32,160,50002999,40418173
2022-12-25,0,6,50002999,40418179
2022-12-26,6,41,50003005,40418220
2022-12-27,132,1554,50003137,40419774
2022-12-28,132,1773,50003269,40421547
2022-12-29,93,1696,50003362,40423243
2022-12-30,115,1608,50003477,40424851
2022-12-31,21,275,50003498,40425126
2023-01-01,0,6,50003498,40425132
2023-01-02,47,1112,50003545,40426244
2023-01-03,98,1884,50003643,40428128
2023-01-04,107,1960,50003750,40430088
2023-01-05,93,1869,50003843,40431957
2023-01-06,0,68,50003843,40432025
2023-01-07,46,519,50003889,40432544