data_somministrazione,vaccinazioni,booster,cum_vaccinazioni,cum_booster
2020-12-27,20,0,20,0
2020-12-28,2,0,22,0
2020-12-29,1,0,23,0
2020-12-30,8,0,31,0
2020-12-31,71,0,102,0
2021-01-01,23,0,125,0
2021-01-02,121,0,246,0
2021-01-03,86,0,332,0
2021-01-04,211,0,543,0
2021-01-05,248,0,791,0
2021-01-06,214,0,1005,0
2021-01-07,302,0,1307,0
2021-01-08,346,0,1653,0
2021-01-09,258,0,1911,0
2021-01-10,155,0,2066,0
2021-01-11,279,0,2345,0
2021-01-12,269,0,2614,0
2021-01-13,396,0,3010,0
2021-01-14,482,0,3492,0
2021-01-15,300,0,3792,0
2021-01-16,212,0,4004,0
2021-01-17,3059,0,7063,0
2021-01-18,5210,0,12273,0
2021-01-19,1893,0,14166,0
2021-01-20,4655,0,18821,0
2021-01-21,19999,0,38820,0
2021-01-22,14206,0,53026,0
2021-01-23,33324,0,86350,0
2021-01-24,30784,0,117134,0
2021-01-25,64726,0,181860,0
2021-01-26,76496,0,258356,0
2021-01-27,64831,0,323187,0
2021-01-28,89281,0,412468,0
2021-01-29,94016,0,506484,0
2021-01-30,86562,0,593046,0
2021-01-31,57333,0,650379,0
2021-02-01,81859,0,732238,0
2021-02-02,82144,0,814382,0
2021-02-03,91193,0,905575,0
2021-02-04,95397,0,1000972,0
2021-02-05,90275,0,1091247,0
2021-02-06,63445,0,1154692,0
2021-02-07,32928,0,1187620,0
2021-02-08,40428,0,1228048,0
2021-02-09,32866,0,1260914,0
2021-02-10,28422,0,1289336,0
2021-02-11,20397,0,1309733,0
2021-02-12,16234,0,1325967,0
2021-02-13,7266,0,1333233,0
2021-02-14,2861,0,1336094,0
2021-02-15,6840,0,1342934,0
2021-02-16,6997,0,1349931,0
2021-02-17,10521,0,1360452,0
2021-02-18,9252,0,1369704,0
2021-02-19,8245,0,1377949,0
2021-02-20,5555,0,1383504,0
2021-02-21,2996,0,1386500,0
2021-02-22,6885,0,1393385,0
2021-02-23,7168,0,1400553,0
2021-02-24,9831,0,1410384,0
2021-02-25,14210,0,1424594,0
2021-02-26,17555,0,1442149,0
2021-02-27,13909,0,1456058,0
2021-02-28,9387,0,1465445,0
2021-03-01,26515,0,1491960,0
2021-03-02,33238,0,1525198,0
2021-03-03,44643,0,1569841,0
2021-03-04,50289,0,1620130,0
2021-03-05,55735,0,1675865,0
2021-03-06,41870,0,1717735,0
2021-03-07,22324,0,1740059,0
2021-03-08,50822,0,1790881,0
2021-03-09,53069,0,1843950,0
2021-03-10,58648,0,1902598,0
2021-03-11,63858,0,1966456,0
2021-03-12,65109,0,2031565,0
2021-03-13,51717,0,2083282,0
2021-03-14,35395,0,2118677,0
2021-03-15,73440,0,2192117,0
2021-03-16,74029,0,2266146,0
2021-03-17,83134,0,2349280,0
2021-03-18,81621,0,2430901,0
2021-03-19,81080,0,2511981,0
2021-03-20,64719,0,2576700,0
2021-03-21,47296,0,2623996,0
2021-03-22,69474,0,2693470,0
2021-03-23,75793,0,2769263,0
2021-03-24,90908,0,2860171,0
2021-03-25,89798,0,2949969,0
2021-03-26,83617,0,3033586,0
2021-03-27,71935,0,3105521,0
2021-03-28,44140,0,3149661,0
2021-03-29,70824,0,3220485,0
2021-03-30,81380,0,3301865,0
2021-03-31,96234,0,3398099,0
2021-04-01,95305,0,3493404,0
2021-04-02,84070,0,3577474,0
2021-04-03,64303,0,3641777,0
2021-04-04,21718,0,3663495,0
2021-04-05,40310,0,3703805,0
2021-04-06,81309,0,3785114,0
2021-04-07,95830,0,3880944,0
2021-04-08,95234,0,3976178,0
2021-04-09,88485,0,4064663,0
2021-04-10,74031,0,4138694,0
2021-04-11,44762,0,4183456,0
2021-04-12,66917,0,4250373,0
2021-04-13,72572,0,4322945,0
2021-04-14,85539,0,4408484,0
2021-04-15,105418,0,4513902,0
2021-04-16,106418,0,4620320,0
2021-04-17,90512,0,4710832,0
2021-04-18,58588,0,4769420,0
2021-04-19,93431,0,4862851,0
2021-04-20,103769,0,4966620,0
2021-04-21,125339,0,5091959,0
2021-04-22,143517,0,5235476,0
2021-04-23,138736,0,5374212,0
2021-04-24,124443,0,5498655,0
2021-04-25,61454,0,5560109,0
2021-04-26,97891,0,5658000,0
2021-04-27,128361,0,5786361,0
2021-04-28,156366,0,5942727,0
2021-04-29,195594,0,6138321,0
2021-04-30,214575,0,6352896,0
2021-05-01,174113,0,6527009,0
2021-05-02,135803,0,6662812,0
2021-05-03,142029,0,6804841,0
2021-05-04,158694,0,6963535,0
2021-05-05,170495,0,7134030,0
2021-05-06,197804,0,7331834,0
2021-05-07,213841,0,7545675,0
2021-05-08,213409,0,7759084,0
2021-05-09,143199,0,7902283,0
2021-05-10,165087,0,8067370,0
2021-05-11,174985,0,8242355,0
2021-05-12,179176,0,8421531,0
2021-05-13,203376,0,8624907,0
2021-05-14,222909,0,8847816,0
2021-05-15,210355,0,9058171,0
2021-05-16,159271,0,9217442,0
2021-05-17,219191,0,9436633,0
2021-05-18,213016,0,9649649,0
2021-05-19,207083,0,9856732,0
2021-05-20,270859,0,10127591,0
2021-05-21,270880,0,10398471,0
2021-05-22,245524,0,10643995,0
2021-05-23,197181,0,10841176,0
2021-05-24,228303,0,11069479,0
2021-05-25,245695,0,11315174,0
2021-05-26,277486,0,11592660,0
2021-05-27,311082,0,11903742,0
2021-05-28,299572,0,12203314,0
2021-05-29,231216,0,12434530,0
2021-05-30,170838,0,12605368,0
2021-05-31,216421,0,12821789,0
2021-06-01,207631,0,13029420,0
2021-06-02,115787,0,13145207,0
2021-06-03,180141,0,13325348,0
2021-06-04,184872,0,13510220,0
2021-06-05,185953,0,13696173,0
2021-06-06,139539,0,13835712,0
2021-06-07,161865,0,13997577,0
2021-06-08,171205,0,14168782,0
2021-06-09,171465,0,14340247,0
2021-06-10,174086,0,14514333,0
2021-06-11,169966,0,14684299,0
2021-06-12,128320,0,14812619,0
2021-06-13,91176,0,14903795,0
2021-06-14,214670,0,15118465,0
2021-06-15,228408,0,15346873,0
2021-06-16,253071,0,15599944,0
2021-06-17,301728,0,15901672,0
2021-06-18,306294,0,16207966,0
2021-06-19,275079,0,16483045,0
2021-06-20,220778,0,16703823,0
2021-06-21,288073,0,16991896,0
2021-06-22,296215,0,17288111,0
2021-06-23,302689,0,17590800,0
2021-06-24,332592,0,17923392,0
2021-06-25,348711,0,18272103,0
2021-06-26,300107,0,18572210,0
2021-06-27,228659,0,18800869,0
2021-06-28,307087,0,19107956,0
2021-06-29,329278,0,19437234,0
2021-06-30,342153,0,19779387,0
2021-07-01,363202,0,20142589,0
2021-07-02,368467,0,20511056,0
2021-07-03,371086,0,20882142,0
2021-07-04,283211,0,21165353,0
2021-07-05,384544,0,21549897,0
2021-07-06,385464,0,21935361,0
2021-07-07,412117,0,22347478,0
2021-07-08,479616,0,22827094,0
2021-07-09,498495,0,23325589,0
2021-07-10,475189,0,23800778,0
2021-07-11,357702,0,24158480,0
2021-07-12,485900,0,24644380,0
2021-07-13,492133,0,25136513,0
2021-07-14,480475,0,25616988,0
2021-07-15,523466,0,26140454,0
2021-07-16,509778,0,26650232,0
2021-07-17,464358,0,27114590,0
2021-07-18,364674,0,27479264,0
2021-07-19,463070,0,27942334,0
2021-07-20,458076,0,28400410,0
2021-07-21,462802,0,28863212,0
2021-07-22,475406,0,29338618,0
2021-07-23,441318,0,29779936,0
2021-07-24,386170,0,30166106,0
2021-07-25,287573,0,30453679,0
2021-07-26,430876,0,30884555,0
2021-07-27,440127,0,31324682,0
2021-07-28,391010,0,31715692,0
2021-07-29,372081,0,32087773,0
2021-07-30,341505,0,32429278,0
2021-07-31,287028,0,32716306,0
2021-08-01,191010,0,32907316,0
2021-08-02,333721,0,33241037,0
2021-08-03,323192,0,33564229,0
2021-08-04,310976,0,33875205,0
2021-08-05,292516,0,34167721,0
2021-08-06,260005,0,34427726,0
2021-08-07,199046,0,34626772,0
2021-08-08,153111,0,34779883,0
2021-08-09,234076,0,35013959,0
2021-08-10,205251,0,35219210,0
2021-08-11,193768,0,35412978,0
2021-08-12,168020,0,35580998,0
2021-08-13,148620,0,35729618,0
2021-08-14,66093,0,35795711,0
2021-08-15,26336,0,35822047,0
2021-08-16,114694,0,35936741,0
2021-08-17,129246,0,36065987,0
2021-08-18,128747,0,36194734,0
2021-08-19,124810,0,36319544,0
2021-08-20,123798,0,36443342,0
2021-08-21,83125,0,36526467,0
2021-08-22,68172,0,36594639,0
2021-08-23,176873,0,36771512,0
2021-08-24,156901,0,36928413,0
2021-08-25,177172,0,37105585,0
2021-08-26,172357,0,37277942,0
2021-08-27,185840,0,37463782,0
2021-08-28,140278,0,37604060,0
2021-08-29,98991,0,37703051,0
2021-08-30,209617,0,37912668,0
2021-08-31,194637,0,38107305,0
2021-09-01,192210,0,38299515,0
2021-09-02,189936,0,38489451,0
2021-09-03,191321,0,38680772,0
2021-09-04,131473,0,38812245,0
2021-09-05,87860,0,38900105,0
2021-09-06,193638,0,39093743,0
2021-09-07,196045,0,39289788,0
2021-09-08,187891,0,39477679,0
2021-09-09,201456,0,39679135,0
2021-09-10,198087,0,39877222,0
2021-09-11,141313,0,40018535,0
2021-09-12,89602,0,40108137,0
2021-09-13,191143,584,40299280,584
2021-09-14,177241,602,40476521,1186
2021-09-15,163101,610,40639622,1796
2021-09-16,160086,945,40799708,2741
2021-09-17,150175,1129,40949883,3870
2021-09-18,127981,747,41077864,4617
2021-09-19,81135,498,41158999,5115
2021-09-20,180078,9093,41339077,14208
2021-09-21,166645,8842,41505722,23050
2021-09-22,159085,9447,41664807,32497
2021-09-23,138079,9337,41802886,41834
2021-09-24,140539,8975,41943425,50809
2021-09-25,119555,5648,42062980,56457
2021-09-26,71969,4345,42134949,60802
2021-09-27,135657,10056,42270606,70858
2021-09-28,117505,11398,42388111,82256
2021-09-29,112355,11831,42500466,94087
2021-09-30,110245,14960,42610711,109047
2021-10-01,94983,19119,42705694,128166
2021-10-02,78497,14028,42784191,142194
2021-10-03,47744,7663,42831935,149857
2021-10-04,88377,34463,42920312,184320
2021-10-05,80371,33986,43000683,218306
2021-10-06,71996,34180,43072679,252486
2021-10-07,71857,34361,43144536,286847
2021-10-08,80633,33597,43225169,320444
2021-10-09,76103,22180,43301272,342624
2021-10-10,45776,13620,43347048,356244
2021-10-11,87433,41112,43434481,397356
2021-10-12,84495,46914,43518976,444270
2021-10-13,88196,52128,43607172,496398
2021-10-14,91543,58524,43698715,554922
2021-10-15,93602,55642,43792317,610564
2021-10-16,82968,36793,43875285,647357
2021-10-17,51464,23836,43926749,671193
2021-10-18,90304,59495,44017053,730688
2021-10-19,78347,69387,44095400,800075
2021-10-20,75071,78183,44170471,878258
2021-10-21,78296,81774,44248767,960032
2021-10-22,73785,77045,44322552,1037077
2021-10-23,60823,51965,44383375,1089042
2021-10-24,33373,23466,44416748,1112508
2021-10-25,64906,81637,44481654,1194145
2021-10-26,58373,91810,44540027,1285955
2021-10-27,58328,103994,44598355,1389949
2021-10-28,61464,114121,44659819,1504070
2021-10-29,61643,103144,44721462,1607214
2021-10-30,50674,68125,44772136,1675339
2021-10-31,25163,28297,44797299,1703636
2021-11-01,19046,28152,44816345,1731788
2021-11-02,62752,89395,44879097,1821183
2021-11-03,60730,118674,44939827,1939857
2021-11-04,59242,126677,44999069,2066534
2021-11-05,63095,135193,45062164,2201727
2021-11-06,46481,90935,45108645,2292662
2021-11-07,22253,37897,45130898,2330559
2021-11-08,51529,131276,45182427,2461835
2021-11-09,45401,144214,45227828,2606049
2021-11-10,42588,156358,45270416,2762407
2021-11-11,44934,155141,45315350,2917548
2021-11-12,46375,158586,45361725,3076134
2021-11-13,33259,116660,45394984,3192794
2021-11-14,14488,52451,45409472,3245245
2021-11-15,36895,157436,45446367,3402681
2021-11-16,30556,171385,45476923,3574066
2021-11-17,28459,178450,45505382,3752516
2021-11-18,30286,193731,45535668,3946247
2021-11-19,28809,205863,45564477,4152110
2021-11-20,20996,156453,45585473,4308563
2021-11-21,10612,64860,45596085,4373423
2021-11-22,21940,213153,45618025,4586576
2021-11-23,23578,241758,45641603,4828334
2021-11-24,27844,270961,45669447,5099295
2021-11-25,23236,301916,45692683,5401211
2021-11-26,24585,318281,45717268,5719492
2021-11-27,21386,266158,45738654,5985650
2021-11-28,9902,137059,45748556,6122709
2021-11-29,22336,326075,45770892,6448784
2021-11-30,23098,365829,45793990,6814613
2021-12-01,21529,413520,45815519,7228133
2021-12-02,23765,440415,45839284,7668548
2021-12-03,25262,467481,45864546,8136029
2021-12-04,22373,418756,45886919,8554785
2021-12-05,11931,261350,45898850,8816135
2021-12-06,25818,457592,45924668,9273727
2021-12-07,24137,480271,45948805,9753998
2021-12-08,10006,249696,45958811,10003694
2021-12-09,31586,491943,45990397,10495637
2021-12-10,28075,517895,46018472,11013532
2021-12-11,23569,459260,46042041,11472792
2021-12-12,12310,293514,46054351,11766306
2021-12-13,26160,467637,46080511,12233943
2021-12-14,25174,494214,46105685,12728157
2021-12-15,25341,517160,46131026,13245317
2021-12-16,27888,520271,46158914,13765588
2021-12-17,29367,517188,46188281,14282776
2021-12-18,27067,468736,46215348,14751512
2021-12-19,15148,300536,46230496,15052048
2021-12-20,30637,477496,46261133,15529544
2021-12-21,30377,493398,46291510,16022942
2021-12-22,29453,484720,46320963,16507662
2021-12-23,28255,426916,46349218,16934578
2021-12-24,13112,210835,46362330,17145413
2021-12-25,2102,33053,46364432,17178466
2021-12-26,8763,159071,46373195,17337537
2021-12-27,46797,504670,46419992,17842207
2021-12-28,42456,554227,46462448,18396434
2021-12-29,34351,550648,46496799,18947082
2021-12-30,31850,499837,46528649,19446919
2021-12-31,14122,247399,46542771,19694318
2022-01-01,3496,64814,46546267,19759132
2022-01-02,22774,276726,46569041,20035858
2022-01-03,47862,520021,46616903,20555879
2022-01-04,46379,572091,46663282,21127970
2022-01-05,40760,560398,46704042,21688368
2022-01-06,23490,274489,46727532,21962857
2022-01-07,63709,554192,46791241,22517049
2022-01-08,60866,503389,46852107,23020438
2022-01-09,42864,319688,46894971,23340126
2022-01-10,61086,542294,46956057,23882420
2022-01-11,61725,586992,47017782,24469412
2022-01-12,58445,581275,47076227,25050687
2022-01-13,58612,580392,47134839,25631079
2022-01-14,46799,588571,47181638,26219650
2022-01-15,39415,569939,47221053,26789589
2022-01-16,31226,341861,47252279,27131450
2022-01-17,54779,489658,47307058,27621108
2022-01-18,58396,517015,47365454,28138123
2022-01-19,57192,502782,47422646,28640905
2022-01-20,54337,498827,47476983,29139732
2022-01-21,42084,493871,47519067,29633603
2022-01-22,31191,469595,47550258,30103198
2022-01-23,34932,275365,47585190,30378563
2022-01-24,56179,437216,47641369,30815779
2022-01-25,61547,452106,47702916,31267885
2022-01-26,58542,435827,47761458,31703712
2022-01-27,48838,432363,47810296,32136075
2022-01-28,58693,436534,47868989,32572609
2022-01-29,68118,412488,47937107,32985097
2022-01-30,50374,235967,47987481,33221064
2022-01-31,60620,356930,48048101,33577994
2022-02-01,65546,328441,48113647,33906435
2022-02-02,63196,296974,48176843,34203409
2022-02-03,60053,274513,48236896,34477922
2022-02-04,72380,268451,48309276,34746373
2022-02-05,83773,248531,48393049,34994904
2022-02-06,55284,116201,48448333,35111105
2022-02-07,65136,199939,48513469,35311044
2022-02-08,66924,186110,48580393,35497154
2022-02-09,58756,166336,48639149,35663490
2022-02-10,58567,163234,48697716,35826724
2022-02-11,62244,162460,48759960,35989184
2022-02-12,71977,152141,48831937,36141325
2022-02-13,41471,68849,48873408,36210174
2022-02-14,46684,116187,48920092,36326361
2022-02-15,48526,123479,48968618,36449840
2022-02-16,45674,106117,49014292,36555957
2022-02-17,42858,98107,49057150,36654064
2022-02-18,46616,112570,49103766,36766634
2022-02-19,52531,100329,49156297,36866963
2022-02-20,31410,40361,49187707,36907324
2022-02-21,37884,89645,49225591,36996969
2022-02-22,37218,83772,49262809,37080741
2022-02-23,33389,79405,49296198,37160146
2022-02-24,32549,78161,49328747,37238307
2022-02-25,34754,90709,49363501,37329016
2022-02-26,39152,89132,49402653,37418148
2022-02-27,22541,35856,49425194,37454004
2022-02-28,28473,81689,49453667,37535693
2022-03-01,22716,53940,49476383,37589633
2022-03-02,21993,50629,49498376,37640262
2022-03-03,22610,54940,49520986,37695202
2022-03-04,23225,62793,49544211,37757995
2022-03-05,23793,57952,49568004,37815947
2022-03-06,9470,17200,49577474,37833147
2022-03-07,15910,51387,49593384,37884534
2022-03-08,15470,48794,49608854,37933328
2022-03-09,13810,46518,49622664,37979846
2022-03-10,14044,52116,49636708,38031962
2022-03-11,15579,57259,49652287,38089221
2022-03-12,15499,56614,49667786,38145835
2022-03-13,5544,16849,49673330,38162684
2022-03-14,10520,46694,49683850,38209378
2022-03-15,10536,46891,49694386,38256269
2022-03-16,9476,41975,49703862,38298244
2022-03-17,9712,44871,49713574,38343115
2022-03-18,10156,49053,49723730,38392168
2022-03-19,9148,46531,49732878,38438699
2022-03-20,2608,11700,49735486,38450399
2022-03-21,7578,40223,49743064,38490622
2022-03-22,8447,37756,49751511,38528378
2022-03-23,7211,33699,49758722,38562077
2022-03-24,8255,38798,49766977,38600875
2022-03-25,8131,43660,49775108,38644535
2022-03-26,8123,41722,49783231,38686257
2022-03-27,2429,9681,49785660,38695938
2022-03-28,6105,35236,49791765,38731174
2022-03-29,5774,32527,49797539,38763701
2022-03-30,5561,30200,49803100,38793901
2022-03-31,5887,33178,49808987,38827079
2022-04-01,4347,25187,49813334,38852266
2022-04-02,4490,23274,49817824,38875540
2022-04-03,1049,4499,49818873,38880039
2022-04-04,3654,21534,49822527,38901573
2022-04-05,3753,22927,49826280,38924500
2022-04-06,4098,21848,49830378,38946348
2022-04-07,3964,23319,49834342,38969667
2022-04-08,4690,26709,49839032,38996376
2022-04-09,4381,23884,49843413,39020260
2022-04-10,891,4614,49844304,39024874
2022-04-11,3813,22686,49848117,39047560
2022-04-12,3359,21778,49851476,39069338
2022-04-13,3561,21333,49855037,39090671
2022-04-14,3485,23783,49858522,39114454
2022-04-15,3083,20616,49861605,39135070
2022-04-16,2149,11919,49863754,39146989
2022-04-17,63,348,49863817,39147337
2022-04-18,151,650,49863968,39147987
2022-04-19,3495,21978,49867463,39169965
2022-04-20,3505,20248,49870968,39190213
2022-04-21,2841,19782,49873809,39209995
2022-04-22,2926,20696,49876735,39230691
2022-04-23,2641,16217,49879376,39246908
2022-04-24,509,2335,49879885,39249243
2022-04-25,183,1165,49880068,39250408
2022-04-26,2757,17798,49882825,39268206
2022-04-27,2371,15786,49885196,39283992
2022-04-28,2356,15554,49887552,39299546
2022-04-29,2292,14835,49889844,39314381
2022-04-30,2121,11577,49891965,39325958
2022-05-01,113,530,49892078,39326488
2022-05-02,1450,9388,49893528,39335876
2022-05-03,1574,10312,49895102,39346188
2022-05-04,1746,10258,49896848,39356446
2022-05-05,1651,10277,49898499,39366723
2022-05-06,1702,10945,49900201,39377668
2022-05-07,1431,8563,49901632,39386231
2022-05-08,405,1514,49902037,39387745
2022-05-09,1026,8918,49903063,39396663
2022-05-10,1422,9541,49904485,39406204
2022-05-11,1483,10089,49905968,39416293
2022-05-12,1367,10122,49907335,39426415
2022-05-13,1590,10510,49908925,39436925
2022-05-14,1356,8228,49910281,39445153
2022-05-15,336,1129,49910617,39446282
2022-05-16,811,8392,49911428,39454674
2022-05-17,1243,8674,49912671,39463348
2022-05-18,1372,9221,49914043,39472569
2022-05-19,1500,9270,49915543,39481839
2022-05-20,1422,9498,49916965,39491337
2022-05-21,1299,7892,49918264,39499229
2022-05-22,231,1012,49918495,39500241
2022-05-23,827,8261,49919322,39508502
2022-05-24,1072,8665,49920394,39517167
2022-05-25,1368,9444,49921762,39526611
2022-05-26,1194,9454,49922956,39536065
2022-05-27,1226,9911,49924182,39545976
2022-05-28,1203,7873,49925385,39553849
2022-05-29,286,1264,49925671,39555113
2022-05-30,929,8029,49926600,39563142
2022-05-31,1033,8532,49927633,39571674
2022-06-01,891,7644,49928524,39579318
2022-06-02,35,474,49928559,39579792
2022-06-03,816,7328,49929375,39587120
2022-06-04,870,5156,49930245,39592276
2022-06-05,89,586,49930334,39592862
2022-06-06,675,6984,49931009,39599846
2022-06-07,932,7842,49931941,39607688
2022-06-08,982,7900,49932923,39615588
2022-06-09,1036,8400,49933959,39623988
2022-06-10,957,8552,49934916,39632540
2022-06-11,900,6206,49935816,39638746
2022-06-12,140,767,49935956,39639513
2022-06-13,602,6296,49936558,39645809
2022-06-14,828,7881,49937386,39653690
2022-06-15,954,7844,49938340,39661534
2022-06-16,729,7389,49939069,39668923
2022-06-17,720,7242,49939789,39676165
2022-06-18,777,5588,49940566,39681753
2022-06-19,47,522,49940613,39682275
2022-06-20,588,6694,49941201,39688969
2022-06-21,733,7652,49941934,39696621
2022-06-22,780,7306,49942714,39703927
2022-06-23,651,7459,49943365,39711386
2022-06-24,642,7473,49944007,39718859
2022-06-25,835,6532,49944842,39725391
2022-06-26,128,523,49944970,39725914
2022-06-27,531,7120,49945501,39733034
2022-06-28,745,8192,49946246,39741226
2022-06-29,756,7720,49947002,39748946
2022-06-30,745,8132,49947747,39757078
2022-07-01,576,6438,49948323,39763516
2022-07-02,536,4766,49948859,39768282
2022-07-03,49,456,49948908,39768738
2022-07-04,471,6274,49949379,39775012
2022-07-05,628,8112,49950007,39783124
2022-07-06,630,7606,49950637,39790730
2022-07-07,569,8264,49951206,39798994
2022-07-08,670,8079,49951876,39807073
2022-07-09,550,6103,49952426,39813176
2022-07-10,58,533,49952484,39813709
2022-07-11,487,7639,49952971,39821348
2022-07-12,665,9026,49953636,39830374
2022-07-13,640,10060,49954276,39840434
2022-07-14,636,10219,49954912,39850653
2022-07-15,623,10663,49955535,39861316
2022-07-16,522,7209,49956057,39868525
2022-07-17,48,769,49956105,39869294
2022-07-18,497,9350,49956602,39878644
2022-07-19,575,10657,49957177,39889301
2022-07-20,576,11258,49957753,39900559
2022-07-21,625,12040,49958378,39912599
2022-07-22,582,11227,49958960,39923826
2022-07-23,379,6743,49959339,39930569
2022-07-24,76,834,49959415,39931403
2022-07-25,501,9033,49959916,39940436
2022-07-26,519,9728,49960435,39950164
2022-07-27,549,10155,49960984,39960319
2022-07-28,528,10482,49961512,39970801
2022-07-29,510,9424,49962022,39980225
2022-07-30,380,5852,49962402,39986077
2022-07-31,49,745,49962451,39986822
2022-08-01,386,6823,49962837,39993645
2022-08-02,539,7518,49963376,40001163
2022-08-03,511,7143,49963887,40008306
2022-08-04,452,7426,49964339,40015732
2022-08-05,419,6487,49964758,40022219
2022-08-06,298,3582,49965056,40025801
2022-08-07,44,551,49965100,40026352
2022-08-08,401,4874,49965501,40031226
2022-08-09,383,5268,49965884,40036494
2022-08-10,376,4788,49966260,40041282
2022-08-11,364,4756,49966624,40046038
2022-08-12,289,3700,49966913,40049738
2022-08-13,143,1597,49967056,40051335
2022-08-14,9,128,49967065,40051463
2022-08-15,1,26,49967066,40051489
2022-08-16,283,3027,49967349,40054516
2022-08-17,351,3513,49967700,40058029
2022-08-18,389,4142,49968089,40062171
2022-08-19,341,3305,49968430,40065476
2022-08-20,183,1710,49968613,40067186
2022-08-21,24,146,49968637,40067332
2022-08-22,329,2936,49968966,40070268
2022-08-23,371,3655,49969337,40073923
2022-08-24,381,3332,49969718,40077255
2022-08-25,419,3735,49970137,40080990
2022-08-26,394,3545,49970531,40084535
2022-08-27,235,1767,49970766,40086302
2022-08-28,29,260,49970795,40086562
2022-08-29,353,3138,49971148,40089700
2022-08-30,401,3636,49971549,40093336
2022-08-31,435,3703,49971984,40097039
2022-09-01,351,3075,49972335,40100114
2022-09-02,292,2866,49972627,40102980
2022-09-03,199,1684,49972826,40104664
2022-09-04,22,147,49972848,40104811
2022-09-05,186,2626,49973034,40107437
2022-09-06,301,2962,49973335,40110399
2022-09-07,538,2908,49973873,40113307
2022-09-08,288,2944,49974161,40116251
2022-09-09,299,2850,49974460,40119101
2022-09-10,226,1324,49974686,40120425
2022-09-11,21,123,49974707,40120548
2022-09-12,267,2201,49974974,40122749
2022-09-13,248,2262,49975222,40125011
2022-09-14,260,2546,49975482,40127557
2022-09-15,277,2474,49975759,40130031
2022-09-16,252,2528,49976011,40132559
2022-09-17,239,1339,49976250,40133898
2022-09-18,21,170,49976271,40134068
2022-09-19,206,1964,49976477,40136032
2022-09-20,233,2370,49976710,40138402
2022-09-21,288,2508,49976998,40140910
2022-09-22,258,2616,49977256,40143526
2022-09-23,249,2309,49977505,40145835
2022-09-24,195,1423,49977700,40147258
2022-09-25,28,134,49977728,40147392
2022-09-26,280,2236,49978008,40149628
2022-09-27,281,2603,49978289,40152231
2022-09-28,306,2862,49978595,40155093
2022-09-29,248,2921,49978843,40158014
2022-09-30,275,2755,49979118,40160769
2022-10-01,192,1451,49979310,40162220
2022-10-02,11,187,49979321,40162407
2022-10-03,175,2420,49979496,40164827
2022-10-04,230,2766,49979726,40167593
2022-10-05,216,3130,49979942,40170723
2022-10-06,202,3670,49980144,40174393
2022-10-07,233,3800,49980377,40178193