data_somministrazione,vaccinazioni,booster,cum_vaccinazioni,cum_booster
2020-12-27,16,0,16,0
2020-12-28,2,0,18,0
2020-12-29,1,0,19,0
2020-12-30,3,0,22,0
2020-12-31,36,0,58,0
2021-01-01,13,0,71,0
2021-01-02,55,0,126,0
2021-01-03,46,0,172,0
2021-01-04,125,0,297,0
2021-01-05,165,0,462,0
2021-01-06,136,0,598,0
2021-01-07,205,0,803,0
2021-01-08,248,0,1051,0
2021-01-09,177,0,1228,0
2021-01-10,111,0,1339,0
2021-01-11,202,0,1541,0
2021-01-12,211,0,1752,0
2021-01-13,314,0,2066,0
2021-01-14,415,0,2481,0
2021-01-15,255,0,2736,0
2021-01-16,170,0,2906,0
2021-01-17,3050,0,5956,0
2021-01-18,5186,0,11142,0
2021-01-19,1878,0,13020,0
2021-01-20,4648,0,17668,0
2021-01-21,20010,0,37678,0
2021-01-22,14197,0,51875,0
2021-01-23,33358,0,85233,0
2021-01-24,30796,0,116029,0
2021-01-25,64780,0,180809,0
2021-01-26,76552,0,257361,0
2021-01-27,64881,0,322242,0
2021-01-28,89343,0,411585,0
2021-01-29,94077,0,505662,0
2021-01-30,86621,0,592283,0
2021-01-31,57355,0,649638,0
2021-02-01,81912,0,731550,0
2021-02-02,82171,0,813721,0
2021-02-03,91218,0,904939,0
2021-02-04,95391,0,1000330,0
2021-02-05,90296,0,1090626,0
2021-02-06,63735,0,1154361,0
2021-02-07,32920,0,1187281,0
2021-02-08,40417,0,1227698,0
2021-02-09,32846,0,1260544,0
2021-02-10,28387,0,1288931,0
2021-02-11,20356,0,1309287,0
2021-02-12,16182,0,1325469,0
2021-02-13,7216,0,1332685,0
2021-02-14,2856,0,1335541,0
2021-02-15,6825,0,1342366,0
2021-02-16,6974,0,1349340,0
2021-02-17,10499,0,1359839,0
2021-02-18,9219,0,1369058,0
2021-02-19,8175,0,1377233,0
2021-02-20,5478,0,1382711,0
2021-02-21,2950,0,1385661,0
2021-02-22,6842,0,1392503,0
2021-02-23,7108,0,1399611,0
2021-02-24,9795,0,1409406,0
2021-02-25,14171,0,1423577,0
2021-02-26,17498,0,1441075,0
2021-02-27,13858,0,1454933,0
2021-02-28,9346,0,1464279,0
2021-03-01,26447,0,1490726,0
2021-03-02,33174,0,1523900,0
2021-03-03,44603,0,1568503,0
2021-03-04,50214,0,1618717,0
2021-03-05,55631,0,1674348,0
2021-03-06,41843,0,1716191,0
2021-03-07,22293,0,1738484,0
2021-03-08,50533,0,1789017,0
2021-03-09,52914,0,1841931,0
2021-03-10,58533,0,1900464,0
2021-03-11,63752,0,1964216,0
2021-03-12,65016,0,2029232,0
2021-03-13,51654,0,2080886,0
2021-03-14,35346,0,2116232,0
2021-03-15,73370,0,2189602,0
2021-03-16,73988,0,2263590,0
2021-03-17,83003,0,2346593,0
2021-03-18,81588,0,2428181,0
2021-03-19,81024,0,2509205,0
2021-03-20,64645,0,2573850,0
2021-03-21,47246,0,2621096,0
2021-03-22,69405,0,2690501,0
2021-03-23,75697,0,2766198,0
2021-03-24,90784,0,2856982,0
2021-03-25,89708,0,2946690,0
2021-03-26,83495,0,3030185,0
2021-03-27,71823,0,3102008,0
2021-03-28,44040,0,3146048,0
2021-03-29,70699,0,3216747,0
2021-03-30,81252,0,3297999,0
2021-03-31,96092,0,3394091,0
2021-04-01,95200,0,3489291,0
2021-04-02,83987,0,3573278,0
2021-04-03,64249,0,3637527,0
2021-04-04,21691,0,3659218,0
2021-04-05,40261,0,3699479,0
2021-04-06,81226,0,3780705,0
2021-04-07,95724,0,3876429,0
2021-04-08,95157,0,3971586,0
2021-04-09,88389,0,4059975,0
2021-04-10,73952,0,4133927,0
2021-04-11,44702,0,4178629,0
2021-04-12,66840,0,4245469,0
2021-04-13,72503,0,4317972,0
2021-04-14,85428,0,4403400,0
2021-04-15,105300,0,4508700,0
2021-04-16,106311,0,4615011,0
2021-04-17,90405,0,4705416,0
2021-04-18,58530,0,4763946,0
2021-04-19,93389,0,4857335,0
2021-04-20,103691,0,4961026,0
2021-04-21,125274,0,5086300,0
2021-04-22,143426,0,5229726,0
2021-04-23,138618,0,5368344,0
2021-04-24,124357,0,5492701,0
2021-04-25,61390,0,5554091,0
2021-04-26,97797,0,5651888,0
2021-04-27,128272,0,5780160,0
2021-04-28,156249,0,5936409,0
2021-04-29,195427,0,6131836,0
2021-04-30,214426,0,6346262,0
2021-05-01,174003,0,6520265,0
2021-05-02,135733,0,6655998,0
2021-05-03,141902,0,6797900,0
2021-05-04,158589,0,6956489,0
2021-05-05,170356,0,7126845,0
2021-05-06,197694,0,7324539,0
2021-05-07,213675,0,7538214,0
2021-05-08,213298,0,7751512,0
2021-05-09,143089,0,7894601,0
2021-05-10,164996,0,8059597,0
2021-05-11,174820,0,8234417,0
2021-05-12,178981,0,8413398,0
2021-05-13,203179,0,8616577,0
2021-05-14,222754,0,8839331,0
2021-05-15,210173,0,9049504,0
2021-05-16,159158,0,9208662,0
2021-05-17,219080,0,9427742,0
2021-05-18,212887,0,9640629,0
2021-05-19,206937,0,9847566,0
2021-05-20,270687,0,10118253,0
2021-05-21,270698,0,10388951,0
2021-05-22,245413,0,10634364,0
2021-05-23,197116,0,10831480,0
2021-05-24,228225,0,11059705,0
2021-05-25,245617,0,11305322,0
2021-05-26,277384,0,11582706,0
2021-05-27,310972,0,11893678,0
2021-05-28,299445,0,12193123,0
2021-05-29,231075,0,12424198,0
2021-05-30,170760,0,12594958,0
2021-05-31,216317,0,12811275,0
2021-06-01,207548,0,13018823,0
2021-06-02,115674,0,13134497,0
2021-06-03,179900,0,13314397,0
2021-06-04,184636,0,13499033,0
2021-06-05,185753,0,13684786,0
2021-06-06,139318,0,13824104,0
2021-06-07,161631,0,13985735,0
2021-06-08,170884,0,14156619,0
2021-06-09,171204,0,14327823,0
2021-06-10,173763,0,14501586,0
2021-06-11,169663,0,14671249,0
2021-06-12,128068,0,14799317,0
2021-06-13,91013,0,14890330,0
2021-06-14,214488,0,15104818,0
2021-06-15,228238,0,15333056,0
2021-06-16,252963,0,15586019,0
2021-06-17,301592,0,15887611,0
2021-06-18,306140,0,16193751,0
2021-06-19,275028,0,16468779,0
2021-06-20,220650,0,16689429,0
2021-06-21,287997,0,16977426,0
2021-06-22,296121,0,17273547,0
2021-06-23,302692,0,17576239,0
2021-06-24,332528,0,17908767,0
2021-06-25,348674,0,18257441,0
2021-06-26,300072,0,18557513,0
2021-06-27,228666,0,18786179,0
2021-06-28,306948,0,19093127,0
2021-06-29,329245,0,19422372,0
2021-06-30,342143,0,19764515,0
2021-07-01,363071,0,20127586,0
2021-07-02,368477,0,20496063,0
2021-07-03,371139,0,20867202,0
2021-07-04,283192,0,21150394,0
2021-07-05,384528,0,21534922,0
2021-07-06,385440,0,21920362,0
2021-07-07,412105,0,22332467,0
2021-07-08,479894,0,22812361,0
2021-07-09,498652,0,23311013,0
2021-07-10,475347,0,23786360,0
2021-07-11,357861,0,24144221,0
2021-07-12,486078,0,24630299,0
2021-07-13,492370,0,25122669,0
2021-07-14,480657,0,25603326,0
2021-07-15,523664,0,26126990,0
2021-07-16,509930,0,26636920,0
2021-07-17,464639,0,27101559,0
2021-07-18,364862,0,27466421,0
2021-07-19,463303,0,27929724,0
2021-07-20,458228,0,28387952,0
2021-07-21,462918,0,28850870,0
2021-07-22,475451,0,29326321,0
2021-07-23,441372,0,29767693,0
2021-07-24,386189,0,30153882,0
2021-07-25,287630,0,30441512,0
2021-07-26,430973,0,30872485,0
2021-07-27,440187,0,31312672,0
2021-07-28,391059,0,31703731,0
2021-07-29,372108,0,32075839,0
2021-07-30,341445,0,32417284,0
2021-07-31,286988,0,32704272,0
2021-08-01,190856,0,32895128,0
2021-08-02,333697,0,33228825,0
2021-08-03,323162,0,33551987,0
2021-08-04,310964,0,33862951,0
2021-08-05,292567,0,34155518,0
2021-08-06,259988,0,34415506,0
2021-08-07,198956,0,34614462,0
2021-08-08,153083,0,34767545,0
2021-08-09,234141,0,35001686,0
2021-08-10,205161,0,35206847,0
2021-08-11,193617,0,35400464,0
2021-08-12,167808,0,35568272,0
2021-08-13,148410,0,35716682,0
2021-08-14,66006,0,35782688,0
2021-08-15,26307,0,35808995,0
2021-08-16,114546,0,35923541,0
2021-08-17,129130,0,36052671,0
2021-08-18,128597,0,36181268,0
2021-08-19,124661,0,36305929,0
2021-08-20,123683,0,36429612,0
2021-08-21,83058,0,36512670,0
2021-08-22,68123,0,36580793,0
2021-08-23,176741,0,36757534,0
2021-08-24,156937,0,36914471,0
2021-08-25,177071,0,37091542,0
2021-08-26,172278,0,37263820,0
2021-08-27,185803,0,37449623,0
2021-08-28,140134,0,37589757,0
2021-08-29,98995,0,37688752,0
2021-08-30,209505,0,37898257,0
2021-08-31,194486,0,38092743,0
2021-09-01,192086,0,38284829,0
2021-09-02,189785,0,38474614,0
2021-09-03,191235,0,38665849,0
2021-09-04,131422,0,38797271,0
2021-09-05,87819,0,38885090,0
2021-09-06,193603,0,39078693,0
2021-09-07,195924,0,39274617,0
2021-09-08,187834,0,39462451,0
2021-09-09,201390,0,39663841,0
2021-09-10,197998,0,39861839,0
2021-09-11,141222,0,40003061,0
2021-09-12,89537,0,40092598,0
2021-09-13,191133,348,40283731,348
2021-09-14,177195,430,40460926,778
2021-09-15,163001,457,40623927,1235
2021-09-16,159983,788,40783910,2023
2021-09-17,149999,1006,40933909,3029
2021-09-18,127796,657,41061705,3686
2021-09-19,81053,443,41142758,4129
2021-09-20,179840,8954,41322598,13083
2021-09-21,166379,8728,41488977,21811
2021-09-22,158813,9363,41647790,31174
2021-09-23,137788,9241,41785578,40415
2021-09-24,140273,8862,41925851,49277
2021-09-25,119355,5555,42045206,54832
2021-09-26,71802,4297,42117008,59129
2021-09-27,135381,9975,42252389,69104
2021-09-28,117239,11318,42369628,80422
2021-09-29,112057,11762,42481685,92184
2021-09-30,109981,14852,42591666,107036
2021-10-01,94748,19035,42686414,126071
2021-10-02,78253,13986,42764667,140057
2021-10-03,47582,7630,42812249,147687
2021-10-04,88151,34369,42900400,182056
2021-10-05,80193,33910,42980593,215966
2021-10-06,71785,34082,43052378,250048
2021-10-07,71564,34291,43123942,284339
2021-10-08,80407,33497,43204349,317836
2021-10-09,75879,22114,43280228,339950
2021-10-10,45657,13590,43325885,353540
2021-10-11,87183,41012,43413068,394552
2021-10-12,84274,46812,43497342,441364
2021-10-13,87950,52021,43585292,493385
2021-10-14,91247,58388,43676539,551773
2021-10-15,93298,55493,43769837,607266
2021-10-16,82706,36718,43852543,643984
2021-10-17,51299,23789,43903842,667773
2021-10-18,90120,59344,43993962,727117
2021-10-19,78154,69314,44072116,796431
2021-10-20,74871,78048,44146987,874479
2021-10-21,78109,81631,44225096,956110
2021-10-22,73677,76915,44298773,1033025
2021-10-23,60658,51906,44359431,1084931
2021-10-24,33327,23405,44392758,1108336
2021-10-25,64805,81554,44457563,1189890
2021-10-26,58261,91679,44515824,1281569
2021-10-27,58217,103873,44574041,1385442
2021-10-28,61333,113971,44635374,1499413
2021-10-29,61591,102979,44696965,1602392
2021-10-30,50576,68040,44747541,1670432
2021-10-31,25131,28251,44772672,1698683
2021-11-01,19020,28121,44791692,1726804
2021-11-02,62722,89250,44854414,1816054
2021-11-03,60645,118551,44915059,1934605
2021-11-04,59143,126524,44974202,2061129
2021-11-05,62995,135058,45037197,2196187
2021-11-06,46372,90833,45083569,2287020
2021-11-07,22209,37859,45105778,2324879
2021-11-08,51410,131209,45157188,2456088
2021-11-09,45335,144036,45202523,2600124
2021-11-10,42505,156149,45245028,2756273
2021-11-11,44831,155043,45289859,2911316
2021-11-12,46252,158479,45336111,3069795
2021-11-13,33160,116634,45369271,3186429
2021-11-14,14446,52413,45383717,3238842
2021-11-15,36802,157292,45420519,3396134
2021-11-16,30458,171305,45450977,3567439
2021-11-17,28337,178364,45479314,3745803
2021-11-18,30121,193593,45509435,3939396
2021-11-19,28674,205711,45538109,4145107
2021-11-20,20891,156282,45559000,4301389
2021-11-21,10554,64811,45569554,4366200
2021-11-22,21835,213060,45591389,4579260
2021-11-23,23453,241618,45614842,4820878
2021-11-24,27695,270832,45642537,5091710
2021-11-25,23076,301801,45665613,5393511
2021-11-26,24415,318153,45690028,5711664
2021-11-27,21235,266034,45711263,5977698
2021-11-28,9832,136994,45721095,6114692
2021-11-29,22145,325941,45743240,6440633
2021-11-30,22904,365695,45766144,6806328
2021-12-01,21304,413420,45787448,7219748
2021-12-02,23557,440255,45811005,7660003
2021-12-03,25004,467258,45836009,8127261
2021-12-04,22173,418623,45858182,8545884
2021-12-05,11779,261278,45869961,8807162
2021-12-06,25527,457425,45895488,9264587
2021-12-07,23875,480072,45919363,9744659
2021-12-08,9881,249593,45929244,9994252
2021-12-09,31277,491799,45960521,10486051
2021-12-10,27816,517692,45988337,11003743
2021-12-11,23316,459166,46011653,11462909
2021-12-12,12148,293399,46023801,11756308
2021-12-13,25897,467466,46049698,12223774
2021-12-14,24912,494034,46074610,12717808
2021-12-15,25074,516961,46099684,13234769
2021-12-16,27521,520033,46127205,13754802
2021-12-17,29031,516934,46156236,14271736
2021-12-18,26692,468545,46182928,14740281
2021-12-19,14934,300434,46197862,15040715
2021-12-20,30285,477308,46228147,15518023
2021-12-21,30064,493180,46258211,16011203
2021-12-22,29094,484508,46287305,16495711
2021-12-23,27878,426764,46315183,16922475
2021-12-24,12978,210746,46328161,17133221
2021-12-25,2088,33043,46330249,17166264
2021-12-26,8658,159027,46338907,17325291
2021-12-27,46392,504488,46385299,17829779
2021-12-28,41949,554057,46427248,18383836
2021-12-29,33755,550477,46461003,18934313
2021-12-30,31332,499652,46492335,19433965
2021-12-31,13658,247328,46505993,19681293
2022-01-01,3427,64789,46509420,19746082
2022-01-02,22353,276670,46531773,20022752
2022-01-03,47023,520825,46578796,20543577
2022-01-04,45515,572840,46624311,21116417
2022-01-05,39689,561116,46664000,21677533
2022-01-06,22794,274375,46686794,21951908
2022-01-07,62336,554876,46749130,22506784
2022-01-08,59332,503217,46808462,23010001
2022-01-09,41514,319592,46849976,23329593
2022-01-10,59813,542947,46909789,23872540
2022-01-11,60173,587679,46969962,24460219
2022-01-12,56736,581932,47026698,25042151
2022-01-13,56913,581007,47083611,25623158
2022-01-14,44871,588991,47128482,26212149
2022-01-15,36973,569373,47165455,26781522
2022-01-16,29602,341381,47195057,27122903
2022-01-17,53221,490307,47248278,27613210
2022-01-18,56854,518073,47305132,28131283
2022-01-19,55570,503383,47360702,28634666
2022-01-20,52730,499367,47413432,29134033
2022-01-21,40231,494388,47453663,29628421
2022-01-22,28812,469319,47482475,30097740
2022-01-23,33563,275190,47516038,30372930
2022-01-24,54783,437830,47570821,30810760
2022-01-25,60225,452725,47631046,31263485
2022-01-26,57064,436386,47688110,31699871
2022-01-27,47382,432873,47735492,32132744
2022-01-28,57121,437128,47792613,32569872
2022-01-29,66280,411914,47858893,32981786
2022-01-30,49105,235659,47907998,33217445
2022-01-31,59117,357589,47967115,33575034
2022-02-01,64326,329054,48031441,33904088
2022-02-02,62070,297367,48093511,34201455
2022-02-03,59149,274971,48152660,34476426
2022-02-04,71409,268795,48224069,34745221
2022-02-05,82449,248127,48306518,34993348
2022-02-06,54579,116056,48361097,35109404
2022-02-07,64409,200460,48425506,35309864
2022-02-08,66080,186587,48491586,35496451
2022-02-09,58029,166713,48549615,35663164
2022-02-10,57839,163467,48607454,35826631
2022-02-11,61566,162634,48669020,35989265
2022-02-12,71187,151871,48740207,36141136
2022-02-13,41026,68638,48781233,36209774
2022-02-14,46192,116532,48827425,36326306
2022-02-15,47915,123620,48875340,36449926
2022-02-16,45126,106101,48920466,36556027
2022-02-17,42352,97879,48962818,36653906
2022-02-18,46044,112127,49008862,36766033
2022-02-19,52035,100064,49060897,36866097
2022-02-20,31196,40176,49092093,36906273
2022-02-21,37453,89040,49129546,36995313
2022-02-22,17527,44405,49147073,37039718