data_somministrazione,vaccinazioni,booster,cum_vaccinazioni,cum_booster
2020-12-27,20,0,20,0
2020-12-28,2,0,22,0
2020-12-29,1,0,23,0
2020-12-30,10,0,33,0
2020-12-31,74,0,107,0
2021-01-01,24,0,131,0
2021-01-02,136,0,267,0
2021-01-03,97,0,364,0
2021-01-04,229,0,593,0
2021-01-05,271,0,864,0
2021-01-06,238,0,1102,0
2021-01-07,316,0,1418,0
2021-01-08,369,0,1787,0
2021-01-09,278,0,2065,0
2021-01-10,165,0,2230,0
2021-01-11,300,0,2530,0
2021-01-12,281,0,2811,0
2021-01-13,410,0,3221,0
2021-01-14,497,0,3718,0
2021-01-15,316,0,4034,0
2021-01-16,220,0,4254,0
2021-01-17,3063,0,7317,0
2021-01-18,5216,0,12533,0
2021-01-19,1894,0,14427,0
2021-01-20,4659,0,19086,0
2021-01-21,20009,0,39095,0
2021-01-22,14221,0,53316,0
2021-01-23,33328,0,86644,0
2021-01-24,30780,0,117424,0
2021-01-25,64714,0,182138,0
2021-01-26,76475,0,258613,0
2021-01-27,64821,0,323434,0
2021-01-28,89259,0,412693,0
2021-01-29,94005,0,506698,0
2021-01-30,86548,0,593246,0
2021-01-31,57325,0,650571,0
2021-02-01,81841,0,732412,0
2021-02-02,82136,0,814548,0
2021-02-03,91109,0,905657,0
2021-02-04,95392,0,1001049,0
2021-02-05,90266,0,1091315,0
2021-02-06,63447,0,1154762,0
2021-02-07,32934,0,1187696,0
2021-02-08,40425,0,1228121,0
2021-02-09,32879,0,1261000,0
2021-02-10,28433,0,1289433,0
2021-02-11,20405,0,1309838,0
2021-02-12,16246,0,1326084,0
2021-02-13,7278,0,1333362,0
2021-02-14,2862,0,1336224,0
2021-02-15,6845,0,1343069,0
2021-02-16,7004,0,1350073,0
2021-02-17,10526,0,1360599,0
2021-02-18,9252,0,1369851,0
2021-02-19,8254,0,1378105,0
2021-02-20,5575,0,1383680,0
2021-02-21,3012,0,1386692,0
2021-02-22,6882,0,1393574,0
2021-02-23,7184,0,1400758,0
2021-02-24,9813,0,1410571,0
2021-02-25,14213,0,1424784,0
2021-02-26,17556,0,1442340,0
2021-02-27,13917,0,1456257,0
2021-02-28,9393,0,1465650,0
2021-03-01,26520,0,1492170,0
2021-03-02,33248,0,1525418,0
2021-03-03,44648,0,1570066,0
2021-03-04,50296,0,1620362,0
2021-03-05,55737,0,1676099,0
2021-03-06,41877,0,1717976,0
2021-03-07,22327,0,1740303,0
2021-03-08,50832,0,1791135,0
2021-03-09,53086,0,1844221,0
2021-03-10,58675,0,1902896,0
2021-03-11,63878,0,1966774,0
2021-03-12,65130,0,2031904,0
2021-03-13,51729,0,2083633,0
2021-03-14,35416,0,2119049,0
2021-03-15,73457,0,2192506,0
2021-03-16,74029,0,2266535,0
2021-03-17,83137,0,2349672,0
2021-03-18,81627,0,2431299,0
2021-03-19,81091,0,2512390,0
2021-03-20,64736,0,2577126,0
2021-03-21,47309,0,2624435,0
2021-03-22,69495,0,2693930,0
2021-03-23,75807,0,2769737,0
2021-03-24,90916,0,2860653,0
2021-03-25,89819,0,2950472,0
2021-03-26,83642,0,3034114,0
2021-03-27,71953,0,3106067,0
2021-03-28,44172,0,3150239,0
2021-03-29,70843,0,3221082,0
2021-03-30,81400,0,3302482,0
2021-03-31,96256,0,3398738,0
2021-04-01,95321,0,3494059,0
2021-04-02,84083,0,3578142,0
2021-04-03,64303,0,3642445,0
2021-04-04,21723,0,3664168,0
2021-04-05,40318,0,3704486,0
2021-04-06,81334,0,3785820,0
2021-04-07,95840,0,3881660,0
2021-04-08,95255,0,3976915,0
2021-04-09,88498,0,4065413,0
2021-04-10,74033,0,4139446,0
2021-04-11,44767,0,4184213,0
2021-04-12,66921,0,4251134,0
2021-04-13,72587,0,4323721,0
2021-04-14,85552,0,4409273,0
2021-04-15,105422,0,4514695,0
2021-04-16,106427,0,4621122,0
2021-04-17,90525,0,4711647,0
2021-04-18,58597,0,4770244,0
2021-04-19,93436,0,4863680,0
2021-04-20,103775,0,4967455,0
2021-04-21,125344,0,5092799,0
2021-04-22,143526,0,5236325,0
2021-04-23,138748,0,5375073,0
2021-04-24,124454,0,5499527,0
2021-04-25,61468,0,5560995,0
2021-04-26,97907,0,5658902,0
2021-04-27,128368,0,5787270,0
2021-04-28,156387,0,5943657,0
2021-04-29,195612,0,6139269,0
2021-04-30,214608,0,6353877,0
2021-05-01,174134,0,6528011,0
2021-05-02,135803,0,6663814,0
2021-05-03,142063,0,6805877,0
2021-05-04,158709,0,6964586,0
2021-05-05,170532,0,7135118,0
2021-05-06,197820,0,7332938,0
2021-05-07,213868,0,7546806,0
2021-05-08,213439,0,7760245,0
2021-05-09,143219,0,7903464,0
2021-05-10,165101,0,8068565,0
2021-05-11,175004,0,8243569,0
2021-05-12,179208,0,8422777,0
2021-05-13,203413,0,8626190,0
2021-05-14,222942,0,8849132,0
2021-05-15,210388,0,9059520,0
2021-05-16,159285,0,9218805,0
2021-05-17,219217,0,9438022,0
2021-05-18,213030,0,9651052,0
2021-05-19,207096,0,9858148,0
2021-05-20,270886,0,10129034,0
2021-05-21,270906,0,10399940,0
2021-05-22,245541,0,10645481,0
2021-05-23,197188,0,10842669,0
2021-05-24,228307,0,11070976,0
2021-05-25,245702,0,11316678,0
2021-05-26,277512,0,11594190,0
2021-05-27,311094,0,11905284,0
2021-05-28,299583,0,12204867,0
2021-05-29,231243,0,12436110,0
2021-05-30,170850,0,12606960,0
2021-05-31,216435,0,12823395,0
2021-06-01,207636,0,13031031,0
2021-06-02,115802,0,13146833,0
2021-06-03,180167,0,13327000,0
2021-06-04,184911,0,13511911,0
2021-06-05,185985,0,13697896,0
2021-06-06,139576,0,13837472,0
2021-06-07,161898,0,13999370,0
2021-06-08,171271,0,14170641,0
2021-06-09,171516,0,14342157,0
2021-06-10,174141,0,14516298,0
2021-06-11,170011,0,14686309,0
2021-06-12,128370,0,14814679,0
2021-06-13,91218,0,14905897,0
2021-06-14,214706,0,15120603,0
2021-06-15,228449,0,15349052,0
2021-06-16,253105,0,15602157,0
2021-06-17,301771,0,15903928,0
2021-06-18,306321,0,16210249,0
2021-06-19,275115,0,16485364,0
2021-06-20,220813,0,16706177,0
2021-06-21,288090,0,16994267,0
2021-06-22,296245,0,17290512,0
2021-06-23,302701,0,17593213,0
2021-06-24,332614,0,17925827,0
2021-06-25,348727,0,18274554,0
2021-06-26,300137,0,18574691,0
2021-06-27,228683,0,18803374,0
2021-06-28,307144,0,19110518,0
2021-06-29,329325,0,19439843,0
2021-06-30,342205,0,19782048,0
2021-07-01,363241,0,20145289,0
2021-07-02,368491,0,20513780,0
2021-07-03,371101,0,20884881,0
2021-07-04,283234,0,21168115,0
2021-07-05,384560,0,21552675,0
2021-07-06,385490,0,21938165,0
2021-07-07,412137,0,22350302,0
2021-07-08,479594,0,22829896,0
2021-07-09,498473,0,23328369,0
2021-07-10,475172,0,23803541,0
2021-07-11,357698,0,24161239,0
2021-07-12,485883,0,24647122,0
2021-07-13,492085,0,25139207,0
2021-07-14,480446,0,25619653,0
2021-07-15,523435,0,26143088,0
2021-07-16,509760,0,26652848,0
2021-07-17,464329,0,27117177,0
2021-07-18,364639,0,27481816,0
2021-07-19,463036,0,27944852,0
2021-07-20,458057,0,28402909,0
2021-07-21,462790,0,28865699,0
2021-07-22,475382,0,29341081,0
2021-07-23,441326,0,29782407,0
2021-07-24,386151,0,30168558,0
2021-07-25,287557,0,30456115,0
2021-07-26,430889,0,30887004,0
2021-07-27,440121,0,31327125,0
2021-07-28,391024,0,31718149,0
2021-07-29,372081,0,32090230,0
2021-07-30,341518,0,32431748,0
2021-07-31,287041,0,32718789,0
2021-08-01,191001,0,32909790,0
2021-08-02,333707,0,33243497,0
2021-08-03,323188,0,33566685,0
2021-08-04,310980,0,33877665,0
2021-08-05,292490,0,34170155,0
2021-08-06,260031,0,34430186,0
2021-08-07,199061,0,34629247,0
2021-08-08,153108,0,34782355,0
2021-08-09,234086,0,35016441,0
2021-08-10,205269,0,35221710,0
2021-08-11,193783,0,35415493,0
2021-08-12,168058,0,35583551,0
2021-08-13,148649,0,35732200,0
2021-08-14,66099,0,35798299,0
2021-08-15,26339,0,35824638,0
2021-08-16,114709,0,35939347,0
2021-08-17,129256,0,36068603,0
2021-08-18,128764,0,36197367,0
2021-08-19,124840,0,36322207,0
2021-08-20,123798,0,36446005,0
2021-08-21,83137,0,36529142,0
2021-08-22,68177,0,36597319,0
2021-08-23,176873,0,36774192,0
2021-08-24,156898,0,36931090,0
2021-08-25,177178,0,37108268,0
2021-08-26,172359,0,37280627,0
2021-08-27,185832,0,37466459,0
2021-08-28,140284,0,37606743,0
2021-08-29,98991,0,37705734,0
2021-08-30,209586,0,37915320,0
2021-08-31,194644,0,38109964,0
2021-09-01,192211,0,38302175,0
2021-09-02,189931,0,38492106,0
2021-09-03,191288,0,38683394,0
2021-09-04,131454,0,38814848,0
2021-09-05,87853,0,38902701,0
2021-09-06,193616,0,39096317,0
2021-09-07,196038,0,39292355,0
2021-09-08,187874,0,39480229,0
2021-09-09,201435,0,39681664,0
2021-09-10,198068,0,39879732,0
2021-09-11,141292,0,40021024,0
2021-09-12,89592,0,40110616,0
2021-09-13,191115,630,40301731,630
2021-09-14,177224,634,40478955,1264
2021-09-15,163086,639,40642041,1903
2021-09-16,160054,985,40802095,2888
2021-09-17,150166,1159,40952261,4047
2021-09-18,127984,768,41080245,4815
2021-09-19,81141,506,41161386,5321
2021-09-20,180069,9117,41341455,14438
2021-09-21,166668,8855,41508123,23293
2021-09-22,159112,9457,41667235,32750
2021-09-23,138095,9351,41805330,42101
2021-09-24,140557,9000,41945887,51101
2021-09-25,119563,5665,42065450,56766
2021-09-26,71988,4360,42137438,61126
2021-09-27,135667,10074,42273105,71200
2021-09-28,117516,11418,42390621,82618
2021-09-29,112369,11849,42502990,94467
2021-09-30,110278,14977,42613268,109444
2021-10-01,94996,19137,42708264,128581
2021-10-02,78516,14040,42786780,142621
2021-10-03,47758,7668,42834538,150289
2021-10-04,88389,34479,42922927,184768
2021-10-05,80382,34011,43003309,218779
2021-10-06,72003,34201,43075312,252980
2021-10-07,71878,34369,43147190,287349
2021-10-08,80631,33621,43227821,320970
2021-10-09,76111,22190,43303932,343160
2021-10-10,45787,13630,43349719,356790
2021-10-11,87447,41128,43437166,397918
2021-10-12,84518,46928,43521684,444846
2021-10-13,88211,52158,43609895,497004
2021-10-14,91548,58552,43701443,555556
2021-10-15,93600,55669,43795043,611225
2021-10-16,82970,36820,43878013,648045
2021-10-17,51463,23856,43929476,671901
2021-10-18,90301,59515,44019777,731416
2021-10-19,78350,69402,44098127,800818
2021-10-20,75067,78201,44173194,879019
2021-10-21,78296,81805,44251490,960824
2021-10-22,73775,77073,44325265,1037897
2021-10-23,60833,51973,44386098,1089870
2021-10-24,33367,23478,44419465,1113348
2021-10-25,64902,81659,44484367,1195007
2021-10-26,58376,91829,44542743,1286836
2021-10-27,58317,104027,44601060,1390863
2021-10-28,61453,114150,44662513,1505013
2021-10-29,61638,103174,44724151,1608187
2021-10-30,50680,68136,44774831,1676323
2021-10-31,25160,28308,44799991,1704631
2021-11-01,19049,28157,44819040,1732788
2021-11-02,62742,89429,44881782,1822217
2021-11-03,60719,118696,44942501,1940913
2021-11-04,59239,126695,45001740,2067608
2021-11-05,63094,135216,45064834,2202824
2021-11-06,46487,90937,45111321,2293761
2021-11-07,22251,37903,45133572,2331664
2021-11-08,51530,131291,45185102,2462955
2021-11-09,45403,144235,45230505,2607190
2021-11-10,42592,156372,45273097,2763562
2021-11-11,44928,155168,45318025,2918730
2021-11-12,46313,158679,45364338,3077409
2021-11-13,33264,116675,45397602,3194084
2021-11-14,14491,52458,45412093,3246542
2021-11-15,36909,157443,45449002,3403985
2021-11-16,30565,171404,45479567,3575389
2021-11-17,28470,178459,45508037,3753848
2021-11-18,30293,193761,45538330,3947609
2021-11-19,28814,205881,45567144,4153490
2021-11-20,21002,156458,45588146,4309948
2021-11-21,10611,64871,45598757,4374819
2021-11-22,21956,213161,45620713,4587980
2021-11-23,23601,241796,45644314,4829776
2021-11-24,27802,271041,45672116,5100817
2021-11-25,23262,301932,45695378,5402749
2021-11-26,24596,318301,45719974,5721050
2021-11-27,21401,266168,45741375,5987218
2021-11-28,9907,137068,45751282,6124286
2021-11-29,22361,326075,45773643,6450361
2021-11-30,23115,365860,45796758,6816221
2021-12-01,21549,413529,45818307,7229750
2021-12-02,23789,440434,45842096,7670184
2021-12-03,25267,467530,45867363,8137714
2021-12-04,22392,418792,45889755,8556506
2021-12-05,11945,261363,45901700,8817869
2021-12-06,25838,457628,45927538,9275497
2021-12-07,24155,480302,45951693,9755799
2021-12-08,10026,249718,45961719,10005517
2021-12-09,31616,491958,45993335,10497475
2021-12-10,28094,517924,46021429,11015399
2021-12-11,23585,459272,46045014,11474671
2021-12-12,12319,293523,46057333,11768194
2021-12-13,26171,467652,46083504,12235846
2021-12-14,25202,494232,46108706,12730078
2021-12-15,25364,517190,46134070,13247268
2021-12-16,27919,520299,46161989,13767567
2021-12-17,29391,517215,46191380,14284782
2021-12-18,27100,468775,46218480,14753557
2021-12-19,15168,300540,46233648,15054097
2021-12-20,30668,477502,46264316,15531599
2021-12-21,30405,493428,46294721,16025027
2021-12-22,29475,484750,46324196,16509777
2021-12-23,28284,426953,46352480,16936730
2021-12-24,13124,210838,46365604,17147568
2021-12-25,2104,33053,46367708,17180621
2021-12-26,8773,159076,46376481,17339697
2021-12-27,46840,504691,46423321,17844388
2021-12-28,42505,554251,46465826,18398639
2021-12-29,34391,550673,46500217,18949312
2021-12-30,31884,499860,46532101,19449172
2021-12-31,14142,247406,46546243,19696578
2022-01-01,3498,64815,46549741,19761393
2022-01-02,22817,276724,46572558,20038117
2022-01-03,47923,520033,46620481,20558150
2022-01-04,46454,572100,46666935,21130250
2022-01-05,40822,560413,46707757,21690663
2022-01-06,23528,274490,46731285,21965153
2022-01-07,63783,554217,46795068,22519370
2022-01-08,60949,503408,46856017,23022778
2022-01-09,42939,319699,46898956,23342477
2022-01-10,61150,542322,46960106,23884799
2022-01-11,61824,587035,47021930,24471834
2022-01-12,58527,581301,47080457,25053135
2022-01-13,58690,580429,47139147,25633564
2022-01-14,46913,588606,47186060,26222170
2022-01-15,39528,569977,47225588,26792147
2022-01-16,31295,341887,47256883,27134034
2022-01-17,54837,489683,47311720,27623717
2022-01-18,58456,517046,47370176,28140763
2022-01-19,57256,502816,47427432,28643579
2022-01-20,54405,498852,47481837,29142431
2022-01-21,42159,493898,47523996,29636329
2022-01-22,31268,469615,47555264,30105944
2022-01-23,34972,275387,47590236,30381331
2022-01-24,56224,437242,47646460,30818573
2022-01-25,61585,452128,47708045,31270701
2022-01-26,58572,435846,47766617,31706547
2022-01-27,48878,432398,47815495,32138945
2022-01-28,58737,436553,47874232,32575498
2022-01-29,68172,412509,47942404,32988007
2022-01-30,50403,235984,47992807,33223991
2022-01-31,60687,356942,48053494,33580933
2022-02-01,65595,328461,48119089,33909394
2022-02-02,63237,296988,48182326,34206382
2022-02-03,60084,274529,48242410,34480911
2022-02-04,72397,268468,48314807,34749379
2022-02-05,83813,248548,48398620,34997927
2022-02-06,55304,116207,48453924,35114134
2022-02-07,65172,199946,48519096,35314080
2022-02-08,66951,186123,48586047,35500203
2022-02-09,58773,166347,48644820,35666550
2022-02-10,58595,163244,48703415,35829794
2022-02-11,62270,162474,48765685,35992268
2022-02-12,72002,152150,48837687,36144418
2022-02-13,41478,68854,48879165,36213272
2022-02-14,46706,116188,48925871,36329460
2022-02-15,48554,123481,48974425,36452941
2022-02-16,45684,106127,49020109,36559068
2022-02-17,42870,98117,49062979,36657185
2022-02-18,46630,112581,49109609,36769766
2022-02-19,52542,100339,49162151,36870105
2022-02-20,31411,40366,49193562,36910471
2022-02-21,37899,89658,49231461,37000129
2022-02-22,37225,83780,49268686,37083909
2022-02-23,33400,79409,49302086,37163318
2022-02-24,32562,78163,49334648,37241481
2022-02-25,34768,90713,49369416,37332194
2022-02-26,39159,89136,49408575,37421330
2022-02-27,22546,35857,49431121,37457187
2022-02-28,28483,81695,49459604,37538882
2022-03-01,22723,53942,49482327,37592824
2022-03-02,21957,50685,49504284,37643509
2022-03-03,22628,54946,49526912,37698455
2022-03-04,23239,62799,49550151,37761254
2022-03-05,23801,57952,49573952,37819206
2022-03-06,9472,17201,49583424,37836407
2022-03-07,15920,51391,49599344,37887798
2022-03-08,15480,48795,49614824,37936593
2022-03-09,13814,46519,49628638,37983112
2022-03-10,14053,52123,49642691,38035235
2022-03-11,15590,57268,49658281,38092503
2022-03-12,15509,56619,49673790,38149122
2022-03-13,5544,16852,49679334,38165974
2022-03-14,10526,46701,49689860,38212675
2022-03-15,10550,46895,49700410,38259570
2022-03-16,9482,41974,49709892,38301544
2022-03-17,9722,44874,49719614,38346418
2022-03-18,10160,49058,49729774,38395476
2022-03-19,9151,46535,49738925,38442011
2022-03-20,2608,11704,49741533,38453715
2022-03-21,7580,40225,49749113,38493940
2022-03-22,8448,37762,49757561,38531702
2022-03-23,7216,33700,49764777,38565402
2022-03-24,8258,38819,49773035,38604221
2022-03-25,8140,43669,49781175,38647890
2022-03-26,8127,41721,49789302,38689611
2022-03-27,2431,9682,49791733,38699293
2022-03-28,6112,35240,49797845,38734533
2022-03-29,5779,32531,49803624,38767064
2022-03-30,5566,30205,49809190,38797269
2022-03-31,5901,33185,49815091,38830454
2022-04-01,4349,25190,49819440,38855644
2022-04-02,4496,23275,49823936,38878919
2022-04-03,1049,4500,49824985,38883419
2022-04-04,3658,21544,49828643,38904963
2022-04-05,3756,22934,49832399,38927897
2022-04-06,4103,21852,49836502,38949749
2022-04-07,3968,23320,49840470,38973069
2022-04-08,4696,26713,49845166,38999782
2022-04-09,4383,23887,49849549,39023669
2022-04-10,892,4613,49850441,39028282
2022-04-11,3817,22689,49854258,39050971
2022-04-12,3365,21778,49857623,39072749
2022-04-13,3568,21335,49861191,39094084
2022-04-14,3486,23786,49864677,39117870
2022-04-15,3084,20620,49867761,39138490
2022-04-16,2149,11918,49869910,39150408
2022-04-17,63,348,49869973,39150756
2022-04-18,152,650,49870125,39151406
2022-04-19,3499,21981,49873624,39173387
2022-04-20,3510,20252,49877134,39193639
2022-04-21,2847,19790,49879981,39213429
2022-04-22,2927,20704,49882908,39234133
2022-04-23,2646,16220,49885554,39250353
2022-04-24,509,2334,49886063,39252687
2022-04-25,183,1165,49886246,39253852
2022-04-26,2759,17809,49889005,39271661
2022-04-27,2374,15793,49891379,39287454
2022-04-28,2360,15562,49893739,39303016
2022-04-29,2296,14848,49896035,39317864
2022-04-30,2123,11581,49898158,39329445
2022-05-01,113,531,49898271,39329976
2022-05-02,1451,9391,49899722,39339367
2022-05-03,1576,10320,49901298,39349687
2022-05-04,1745,10270,49903043,39359957
2022-05-05,1654,10296,49904697,39370253
2022-05-06,1702,10965,49906399,39381218
2022-05-07,1431,8569,49907830,39389787
2022-05-08,416,1522,49908246,39391309
2022-05-09,1027,8929,49909273,39400238
2022-05-10,1426,9548,49910699,39409786
2022-05-11,1483,10105,49912182,39419891
2022-05-12,1370,10131,49913552,39430022
2022-05-13,1596,10519,49915148,39440541
2022-05-14,1357,8237,49916505,39448778
2022-05-15,336,1134,49916841,39449912
2022-05-16,813,8405,49917654,39458317
2022-05-17,1243,8697,49918897,39467014
2022-05-18,1372,9233,49920269,39476247
2022-05-19,1500,9278,49921769,39485525
2022-05-20,1422,9532,49923191,39495057
2022-05-21,1300,7899,49924491,39502956
2022-05-22,231,1014,49924722,39503970
2022-05-23,830,8269,49925552,39512239
2022-05-24,1073,8672,49926625,39520911
2022-05-25,1370,9459,49927995,39530370
2022-05-26,1195,9480,49929190,39539850
2022-05-27,1232,9915,49930422,39549765
2022-05-28,1205,7887,49931627,39557652
2022-05-29,288,1265,49931915,39558917
2022-05-30,930,8056,49932845,39566973
2022-05-31,1036,8547,49933881,39575520
2022-06-01,893,7655,49934774,39583175
2022-06-02,35,474,49934809,39583649
2022-06-03,818,7333,49935627,39590982
2022-06-04,870,5163,49936497,39596145
2022-06-05,89,586,49936586,39596731
2022-06-06,678,7003,49937264,39603734
2022-06-07,952,7849,49938216,39611583
2022-06-08,981,7907,49939197,39619490
2022-06-09,1036,8416,49940233,39627906
2022-06-10,958,8564,49941191,39636470
2022-06-11,903,6207,49942094,39642677
2022-06-12,140,768,49942234,39643445
2022-06-13,602,6301,49942836,39649746
2022-06-14,831,7901,49943667,39657647
2022-06-15,959,7854,49944626,39665501
2022-06-16,730,7395,49945356,39672896
2022-06-17,723,7243,49946079,39680139
2022-06-18,777,5593,49946856,39685732
2022-06-19,48,522,49946904,39686254
2022-06-20,587,6699,49947491,39692953
2022-06-21,737,7665,49948228,39700618
2022-06-22,781,7308,49949009,39707926
2022-06-23,652,7468,49949661,39715394
2022-06-24,644,7473,49950305,39722867
2022-06-25,835,6535,49951140,39729402
2022-06-26,128,523,49951268,39729925
2022-06-27,533,7124,49951801,39737049
2022-06-28,746,8207,49952547,39745256
2022-06-29,756,7731,49953303,39752987
2022-06-30,746,8145,49954049,39761132
2022-07-01,577,6443,49954626,39767575
2022-07-02,536,4770,49955162,39772345
2022-07-03,49,456,49955211,39772801
2022-07-04,469,6276,49955680,39779077
2022-07-05,630,8118,49956310,39787195
2022-07-06,633,7611,49956943,39794806
2022-07-07,573,8271,49957516,39803077
2022-07-08,672,8083,49958188,39811160
2022-07-09,550,6104,49958738,39817264
2022-07-10,58,533,49958796,39817797
2022-07-11,488,7638,49959284,39825435
2022-07-12,667,9030,49959951,39834465
2022-07-13,643,10068,49960594,39844533
2022-07-14,636,10225,49961230,39854758
2022-07-15,625,10666,49961855,39865424
2022-07-16,522,7214,49962377,39872638
2022-07-17,48,770,49962425,39873408
2022-07-18,496,9369,49962921,39882777
2022-07-19,575,10683,49963496,39893460
2022-07-20,580,11274,49964076,39904734
2022-07-21,628,12088,49964704,39916822
2022-07-22,584,11256,49965288,39928078
2022-07-23,381,6773,49965669,39934851
2022-07-24,76,857,49965745,39935708
2022-07-25,503,9051,49966248,39944759
2022-07-26,518,9759,49966766,39954518
2022-07-27,553,10207,49967319,39964725
2022-07-28,532,10535,49967851,39975260
2022-07-29,509,9464,49968360,39984724
2022-07-30,382,5881,49968742,39990605
2022-07-31,49,764,49968791,39991369
2022-08-01,386,6863,49969177,39998232
2022-08-02,541,7588,49969718,40005820
2022-08-03,511,7177,49970229,40012997
2022-08-04,456,7488,49970685,40020485
2022-08-05,420,6528,49971105,40027013
2022-08-06,299,3613,49971404,40030626
2022-08-07,44,561,49971448,40031187
2022-08-08,402,4891,49971850,40036078
2022-08-09,381,5310,49972231,40041388
2022-08-10,384,4816,49972615,40046204
2022-08-11,369,4783,49972984,40050987
2022-08-12,293,3720,49973277,40054707
2022-08-13,143,1600,49973420,40056307
2022-08-14,9,129,49973429,40056436
2022-08-15,1,26,49973430,40056462
2022-08-16,283,3043,49973713,40059505
2022-08-17,352,3535,49974065,40063040
2022-08-18,391,4161,49974456,40067201
2022-08-19,341,3320,49974797,40070521
2022-08-20,183,1715,49974980,40072236
2022-08-21,24,149,49975004,40072385
2022-08-22,329,2952,49975333,40075337
2022-08-23,370,3674,49975703,40079011
2022-08-24,384,3359,49976087,40082370
2022-08-25,421,3773,49976508,40086143
2022-08-26,399,3573,49976907,40089716
2022-08-27,237,1769,49977144,40091485
2022-08-28,29,267,49977173,40091752
2022-08-29,354,3161,49977527,40094913
2022-08-30,403,3671,49977930,40098584
2022-08-31,437,3735,49978367,40102319
2022-09-01,353,3116,49978720,40105435
2022-09-02,296,2893,49979016,40108328
2022-09-03,200,1688,49979216,40110016
2022-09-04,23,149,49979239,40110165
2022-09-05,187,2656,49979426,40112821
2022-09-06,303,2983,49979729,40115804
2022-09-07,540,2936,49980269,40118740
2022-09-08,292,2962,49980561,40121702
2022-09-09,305,2884,49980866,40124586
2022-09-10,227,1326,49981093,40125912
2022-09-11,23,124,49981116,40126036
2022-09-12,267,2267,49981383,40128303
2022-09-13,252,2276,49981635,40130579
2022-09-14,266,2565,49981901,40133144
2022-09-15,281,2497,49982182,40135641
2022-09-16,254,2544,49982436,40138185
2022-09-17,239,1339,49982675,40139524
2022-09-18,20,170,49982695,40139694
2022-09-19,206,1970,49982901,40141664
2022-09-20,236,2385,49983137,40144049
2022-09-21,289,2526,49983426,40146575
2022-09-22,264,2662,49983690,40149237
2022-09-23,258,2540,49983948,40151777
2022-09-24,193,1427,49984141,40153204
2022-09-25,29,133,49984170,40153337
2022-09-26,280,2248,49984450,40155585
2022-09-27,287,2682,49984737,40158267
2022-09-28,309,2896,49985046,40161163
2022-09-29,256,3048,49985302,40164211
2022-09-30,290,2987,49985592,40167198
2022-10-01,195,1515,49985787,40168713
2022-10-02,12,187,49985799,40168900
2022-10-03,182,2474,49985981,40171374
2022-10-04,236,2865,49986217,40174239
2022-10-05,228,3249,49986445,40177488
2022-10-06,243,3874,49986688,40181362
2022-10-07,282,4186,49986970,40185548
2022-10-08,202,2270,49987172,40187818
2022-10-09,8,304,49987180,40188122
2022-10-10,208,3354,49987388,40191476
2022-10-11,192,4374,49987580,40195850
2022-10-12,209,4435,49987789,40200285
2022-10-13,200,5299,49987989,40205584
2022-10-14,231,5022,49988220,40210606
2022-10-15,189,2670,49988409,40213276
2022-10-16,6,360,49988415,40213636
2022-10-17,185,3867,49988600,40217503
2022-10-18,256,4957,49988856,40222460
2022-10-19,241,5465,49989097,40227925
2022-10-20,224,5988,49989321,40233913
2022-10-21,249,5469,49989570,40239382
2022-10-22,195,2909,49989765,40242291
2022-10-23,13,356,49989778,40242647
2022-10-24,171,3918,49989949,40246565
2022-10-25,251,4918,49990200,40251483
2022-10-26,341,5474,49990541,40256957
2022-10-27,239,5660,49990780,40262617
2022-10-28,199,5253,49990979,40267870
2022-10-29,127,2838,49991106,40270708
2022-10-30,3,326,49991109,40271034
2022-10-31,117,3034,49991226,40274068
2022-11-01,10,330,49991236,40274398
2022-11-02,143,3702,49991379,40278100
2022-11-03,172,4764,49991551,40282864
2022-11-04,224,4583,49991775,40287447
2022-11-05,143,2590,49991918,40290037
2022-11-06,10,258,49991928,40290295
2022-11-07,161,3216,49992089,40293511
2022-11-08,259,4208,49992348,40297719
2022-11-09,197,4295,49992545,40302014
2022-11-10,181,4550,49992726,40306564
2022-11-11,189,4203,49992915,40310767
2022-11-12,152,2349,49993067,40313116
2022-11-13,7,331,49993074,40313447
2022-11-14,149,2824,49993223,40316271
2022-11-15,199,3711,49993422,40319982
2022-11-16,208,3931,49993630,40323913
2022-11-17,189,4041,49993819,40327954
2022-11-18,244,3943,49994063,40331897
2022-11-19,111,2052,49994174,40333949
2022-11-20,24,308,49994198,40334257
2022-11-21,117,2568,49994315,40336825
2022-11-22,139,3112,49994454,40339937
2022-11-23,182,3427,49994636,40343364
2022-11-24,138,3066,49994774,40346430