data_somministrazione,vaccinazioni,booster,cum_vaccinazioni,cum_booster
2020-12-27,20,0,20,0
2020-12-28,2,0,22,0
2020-12-29,1,0,23,0
2020-12-30,10,0,33,0
2020-12-31,74,0,107,0
2021-01-01,24,0,131,0
2021-01-02,136,0,267,0
2021-01-03,97,0,364,0
2021-01-04,229,0,593,0
2021-01-05,271,0,864,0
2021-01-06,238,0,1102,0
2021-01-07,316,0,1418,0
2021-01-08,369,0,1787,0
2021-01-09,278,0,2065,0
2021-01-10,165,0,2230,0
2021-01-11,300,0,2530,0
2021-01-12,281,0,2811,0
2021-01-13,410,0,3221,0
2021-01-14,497,0,3718,0
2021-01-15,316,0,4034,0
2021-01-16,220,0,4254,0
2021-01-17,3063,0,7317,0
2021-01-18,5216,0,12533,0
2021-01-19,1894,0,14427,0
2021-01-20,4659,0,19086,0
2021-01-21,20008,0,39094,0
2021-01-22,14220,0,53314,0
2021-01-23,33328,0,86642,0
2021-01-24,30778,0,117420,0
2021-01-25,64714,0,182134,0
2021-01-26,76474,0,258608,0
2021-01-27,64820,0,323428,0
2021-01-28,89259,0,412687,0
2021-01-29,94004,0,506691,0
2021-01-30,86548,0,593239,0
2021-01-31,57324,0,650563,0
2021-02-01,81841,0,732404,0
2021-02-02,82135,0,814539,0
2021-02-03,91108,0,905647,0
2021-02-04,95390,0,1001037,0
2021-02-05,90266,0,1091303,0
2021-02-06,63446,0,1154749,0
2021-02-07,32934,0,1187683,0
2021-02-08,40425,0,1228108,0
2021-02-09,32879,0,1260987,0
2021-02-10,28433,0,1289420,0
2021-02-11,20405,0,1309825,0
2021-02-12,16246,0,1326071,0
2021-02-13,7278,0,1333349,0
2021-02-14,2862,0,1336211,0
2021-02-15,6845,0,1343056,0
2021-02-16,7004,0,1350060,0
2021-02-17,10526,0,1360586,0
2021-02-18,9252,0,1369838,0
2021-02-19,8254,0,1378092,0
2021-02-20,5575,0,1383667,0
2021-02-21,3011,0,1386678,0
2021-02-22,6882,0,1393560,0
2021-02-23,7184,0,1400744,0
2021-02-24,9813,0,1410557,0
2021-02-25,14213,0,1424770,0
2021-02-26,17556,0,1442326,0
2021-02-27,13917,0,1456243,0
2021-02-28,9393,0,1465636,0
2021-03-01,26520,0,1492156,0
2021-03-02,33246,0,1525402,0
2021-03-03,44646,0,1570048,0
2021-03-04,50296,0,1620344,0
2021-03-05,55736,0,1676080,0
2021-03-06,41876,0,1717956,0
2021-03-07,22327,0,1740283,0
2021-03-08,50832,0,1791115,0
2021-03-09,53086,0,1844201,0
2021-03-10,58675,0,1902876,0
2021-03-11,63878,0,1966754,0
2021-03-12,65130,0,2031884,0
2021-03-13,51729,0,2083613,0
2021-03-14,35416,0,2119029,0
2021-03-15,73457,0,2192486,0
2021-03-16,74028,0,2266514,0
2021-03-17,83137,0,2349651,0
2021-03-18,81627,0,2431278,0
2021-03-19,81091,0,2512369,0
2021-03-20,64736,0,2577105,0
2021-03-21,47309,0,2624414,0
2021-03-22,69495,0,2693909,0
2021-03-23,75807,0,2769716,0
2021-03-24,90916,0,2860632,0
2021-03-25,89819,0,2950451,0
2021-03-26,83642,0,3034093,0
2021-03-27,71954,0,3106047,0
2021-03-28,44172,0,3150219,0
2021-03-29,70843,0,3221062,0
2021-03-30,81400,0,3302462,0
2021-03-31,96256,0,3398718,0
2021-04-01,95321,0,3494039,0
2021-04-02,84083,0,3578122,0
2021-04-03,64302,0,3642424,0
2021-04-04,21723,0,3664147,0
2021-04-05,40318,0,3704465,0
2021-04-06,81334,0,3785799,0
2021-04-07,95840,0,3881639,0
2021-04-08,95255,0,3976894,0
2021-04-09,88498,0,4065392,0
2021-04-10,74033,0,4139425,0
2021-04-11,44767,0,4184192,0
2021-04-12,66920,0,4251112,0
2021-04-13,72587,0,4323699,0
2021-04-14,85552,0,4409251,0
2021-04-15,105422,0,4514673,0
2021-04-16,106426,0,4621099,0
2021-04-17,90525,0,4711624,0
2021-04-18,58597,0,4770221,0
2021-04-19,93435,0,4863656,0
2021-04-20,103775,0,4967431,0
2021-04-21,125344,0,5092775,0
2021-04-22,143525,0,5236300,0
2021-04-23,138748,0,5375048,0
2021-04-24,124454,0,5499502,0
2021-04-25,61468,0,5560970,0
2021-04-26,97907,0,5658877,0
2021-04-27,128368,0,5787245,0
2021-04-28,156385,0,5943630,0
2021-04-29,195612,0,6139242,0
2021-04-30,214607,0,6353849,0
2021-05-01,174135,0,6527984,0
2021-05-02,135803,0,6663787,0
2021-05-03,142063,0,6805850,0
2021-05-04,158709,0,6964559,0
2021-05-05,170532,0,7135091,0
2021-05-06,197820,0,7332911,0
2021-05-07,213868,0,7546779,0
2021-05-08,213438,0,7760217,0
2021-05-09,143219,0,7903436,0
2021-05-10,165101,0,8068537,0
2021-05-11,175004,0,8243541,0
2021-05-12,179208,0,8422749,0
2021-05-13,203412,0,8626161,0
2021-05-14,222940,0,8849101,0
2021-05-15,210387,0,9059488,0
2021-05-16,159285,0,9218773,0
2021-05-17,219215,0,9437988,0
2021-05-18,213030,0,9651018,0
2021-05-19,207096,0,9858114,0
2021-05-20,270884,0,10128998,0
2021-05-21,270905,0,10399903,0
2021-05-22,245541,0,10645444,0
2021-05-23,197188,0,10842632,0
2021-05-24,228307,0,11070939,0
2021-05-25,245701,0,11316640,0
2021-05-26,277513,0,11594153,0
2021-05-27,311094,0,11905247,0
2021-05-28,299582,0,12204829,0
2021-05-29,231243,0,12436072,0
2021-05-30,170850,0,12606922,0
2021-05-31,216433,0,12823355,0
2021-06-01,207637,0,13030992,0
2021-06-02,115801,0,13146793,0
2021-06-03,180166,0,13326959,0
2021-06-04,184911,0,13511870,0
2021-06-05,185986,0,13697856,0
2021-06-06,139576,0,13837432,0
2021-06-07,161898,0,13999330,0
2021-06-08,171270,0,14170600,0
2021-06-09,171516,0,14342116,0
2021-06-10,174142,0,14516258,0
2021-06-11,170011,0,14686269,0
2021-06-12,128369,0,14814638,0
2021-06-13,91218,0,14905856,0
2021-06-14,214706,0,15120562,0
2021-06-15,228449,0,15349011,0
2021-06-16,253104,0,15602115,0
2021-06-17,301770,0,15903885,0
2021-06-18,306321,0,16210206,0
2021-06-19,275115,0,16485321,0
2021-06-20,220812,0,16706133,0
2021-06-21,288090,0,16994223,0
2021-06-22,296244,0,17290467,0
2021-06-23,302701,0,17593168,0
2021-06-24,332613,0,17925781,0
2021-06-25,348725,0,18274506,0
2021-06-26,300136,0,18574642,0
2021-06-27,228683,0,18803325,0
2021-06-28,307143,0,19110468,0
2021-06-29,329325,0,19439793,0
2021-06-30,342205,0,19781998,0
2021-07-01,363242,0,20145240,0
2021-07-02,368491,0,20513731,0
2021-07-03,371100,0,20884831,0
2021-07-04,283234,0,21168065,0
2021-07-05,384559,0,21552624,0
2021-07-06,385488,0,21938112,0
2021-07-07,412137,0,22350249,0
2021-07-08,479594,0,22829843,0
2021-07-09,498469,0,23328312,0
2021-07-10,475172,0,23803484,0
2021-07-11,357698,0,24161182,0
2021-07-12,485881,0,24647063,0
2021-07-13,492084,0,25139147,0
2021-07-14,480446,0,25619593,0
2021-07-15,523435,0,26143028,0
2021-07-16,509758,0,26652786,0
2021-07-17,464327,0,27117113,0
2021-07-18,364638,0,27481751,0
2021-07-19,463036,0,27944787,0
2021-07-20,458053,0,28402840,0
2021-07-21,462788,0,28865628,0
2021-07-22,475382,0,29341010,0
2021-07-23,441324,0,29782334,0
2021-07-24,386148,0,30168482,0
2021-07-25,287557,0,30456039,0
2021-07-26,430888,0,30886927,0
2021-07-27,440117,0,31327044,0
2021-07-28,391022,0,31718066,0
2021-07-29,372078,0,32090144,0
2021-07-30,341516,0,32431660,0
2021-07-31,287040,0,32718700,0
2021-08-01,191000,0,32909700,0
2021-08-02,333705,0,33243405,0
2021-08-03,323188,0,33566593,0
2021-08-04,310980,0,33877573,0
2021-08-05,292490,0,34170063,0
2021-08-06,260029,0,34430092,0
2021-08-07,199061,0,34629153,0
2021-08-08,153108,0,34782261,0
2021-08-09,234085,0,35016346,0
2021-08-10,205269,0,35221615,0
2021-08-11,193782,0,35415397,0
2021-08-12,168057,0,35583454,0
2021-08-13,148649,0,35732103,0
2021-08-14,66099,0,35798202,0
2021-08-15,26339,0,35824541,0
2021-08-16,114709,0,35939250,0
2021-08-17,129254,0,36068504,0
2021-08-18,128763,0,36197267,0
2021-08-19,124840,0,36322107,0
2021-08-20,123799,0,36445906,0
2021-08-21,83137,0,36529043,0
2021-08-22,68177,0,36597220,0
2021-08-23,176873,0,36774093,0
2021-08-24,156898,0,36930991,0
2021-08-25,177179,0,37108170,0
2021-08-26,172357,0,37280527,0
2021-08-27,185830,0,37466357,0
2021-08-28,140283,0,37606640,0
2021-08-29,98991,0,37705631,0
2021-08-30,209584,0,37915215,0
2021-08-31,194644,0,38109859,0
2021-09-01,192213,0,38302072,0
2021-09-02,189928,0,38492000,0
2021-09-03,191288,0,38683288,0
2021-09-04,131454,0,38814742,0
2021-09-05,87853,0,38902595,0
2021-09-06,193613,0,39096208,0
2021-09-07,196038,0,39292246,0
2021-09-08,187871,0,39480117,0
2021-09-09,201432,0,39681549,0
2021-09-10,198066,0,39879615,0
2021-09-11,141290,0,40020905,0
2021-09-12,89590,0,40110495,0
2021-09-13,191115,630,40301610,630
2021-09-14,177222,636,40478832,1266
2021-09-15,163086,639,40641918,1905
2021-09-16,160052,987,40801970,2892
2021-09-17,150165,1159,40952135,4051
2021-09-18,127984,768,41080119,4819
2021-09-19,81141,506,41161260,5325
2021-09-20,180069,9117,41341329,14442
2021-09-21,166668,8855,41507997,23297
2021-09-22,159110,9460,41667107,32757
2021-09-23,138094,9352,41805201,42109
2021-09-24,140557,9000,41945758,51109
2021-09-25,119562,5666,42065320,56775
2021-09-26,71988,4360,42137308,61135
2021-09-27,135667,10074,42272975,71209
2021-09-28,117517,11418,42390492,82627
2021-09-29,112369,11849,42502861,94476
2021-09-30,110279,14977,42613140,109453
2021-10-01,94995,19138,42708135,128591
2021-10-02,78514,14041,42786649,142632
2021-10-03,47758,7668,42834407,150300
2021-10-04,88389,34479,42922796,184779
2021-10-05,80381,34012,43003177,218791
2021-10-06,72002,34202,43075179,252993
2021-10-07,71878,34369,43147057,287362
2021-10-08,80631,33621,43227688,320983
2021-10-09,76111,22190,43303799,343173
2021-10-10,45787,13630,43349586,356803
2021-10-11,87447,41128,43437033,397931
2021-10-12,84519,46928,43521552,444859
2021-10-13,88210,52159,43609762,497018
2021-10-14,91547,58553,43701309,555571
2021-10-15,93600,55669,43794909,611240
2021-10-16,82969,36821,43877878,648061
2021-10-17,51463,23856,43929341,671917
2021-10-18,90301,59515,44019642,731432
2021-10-19,78350,69402,44097992,800834
2021-10-20,75066,78202,44173058,879036
2021-10-21,78294,81806,44251352,960842
2021-10-22,73775,77073,44325127,1037915
2021-10-23,60833,51973,44385960,1089888
2021-10-24,33367,23478,44419327,1113366
2021-10-25,64901,81660,44484228,1195026
2021-10-26,58375,91830,44542603,1286856
2021-10-27,58317,104027,44600920,1390883
2021-10-28,61453,114150,44662373,1505033
2021-10-29,61638,103175,44724011,1608208
2021-10-30,50680,68136,44774691,1676344
2021-10-31,25160,28308,44799851,1704652
2021-11-01,19049,28157,44818900,1732809
2021-11-02,62740,89431,44881640,1822240
2021-11-03,60719,118696,44942359,1940936
2021-11-04,59239,126695,45001598,2067631
2021-11-05,63094,135216,45064692,2202847
2021-11-06,46487,90937,45111179,2293784
2021-11-07,22251,37903,45133430,2331687
2021-11-08,51530,131292,45184960,2462979
2021-11-09,45403,144235,45230363,2607214
2021-11-10,42593,156372,45272956,2763586
2021-11-11,44928,155168,45317884,2918754
2021-11-12,46313,158679,45364197,3077433
2021-11-13,33263,116676,45397460,3194109
2021-11-14,14491,52458,45411951,3246567
2021-11-15,36909,157443,45448860,3404010
2021-11-16,30565,171404,45479425,3575414
2021-11-17,28469,178460,45507894,3753874
2021-11-18,30293,193762,45538187,3947636
2021-11-19,28813,205882,45567000,4153518
2021-11-20,21002,156458,45588002,4309976
2021-11-21,10611,64871,45598613,4374847
2021-11-22,21957,213161,45620570,4588008
2021-11-23,23601,241796,45644171,4829804
2021-11-24,27804,271039,45671975,5100843
2021-11-25,23263,301932,45695238,5402775
2021-11-26,24596,318302,45719834,5721077
2021-11-27,21401,266168,45741235,5987245
2021-11-28,9908,137067,45751143,6124312
2021-11-29,22362,326075,45773505,6450387
2021-11-30,23114,365860,45796619,6816247
2021-12-01,21549,413529,45818168,7229776
2021-12-02,23788,440436,45841956,7670212
2021-12-03,25268,467530,45867224,8137742
2021-12-04,22392,418793,45889616,8556535
2021-12-05,11943,261364,45901559,8817899
2021-12-06,25838,457628,45927397,9275527
2021-12-07,24155,480301,45951552,9755828
2021-12-08,10027,249718,45961579,10005546
2021-12-09,31616,491958,45993195,10497504
2021-12-10,28094,517924,46021289,11015428
2021-12-11,23584,459273,46044873,11474701
2021-12-12,12318,293524,46057191,11768225
2021-12-13,26170,467653,46083361,12235878
2021-12-14,25201,494233,46108562,12730111
2021-12-15,25364,517191,46133926,13247302
2021-12-16,27919,520298,46161845,13767600
2021-12-17,29391,517214,46191236,14284814
2021-12-18,27100,468775,46218336,14753589
2021-12-19,15168,300540,46233504,15054129
2021-12-20,30668,477501,46264172,15531630
2021-12-21,30404,493428,46294576,16025058
2021-12-22,29475,484750,46324051,16509808
2021-12-23,28284,426953,46352335,16936761
2021-12-24,13123,210839,46365458,17147600
2021-12-25,2104,33053,46367562,17180653
2021-12-26,8773,159076,46376335,17339729
2021-12-27,46840,504691,46423175,17844420
2021-12-28,42504,554252,46465679,18398672
2021-12-29,34391,550673,46500070,18949345
2021-12-30,31883,499861,46531953,19449206
2021-12-31,14142,247406,46546095,19696612
2022-01-01,3498,64815,46549593,19761427
2022-01-02,22817,276725,46572410,20038152
2022-01-03,47922,520035,46620332,20558187
2022-01-04,46454,572100,46666786,21130287
2022-01-05,40820,560414,46707606,21690701
2022-01-06,23527,274491,46731133,21965192
2022-01-07,63782,554218,46794915,22519410
2022-01-08,60947,503410,46855862,23022820
2022-01-09,42939,319699,46898801,23342519
2022-01-10,61150,542322,46959951,23884841
2022-01-11,61824,587035,47021775,24471876
2022-01-12,58529,581301,47080304,25053177
2022-01-13,58690,580429,47138994,25633606
2022-01-14,46913,588606,47185907,26222212
2022-01-15,39528,569978,47225435,26792190
2022-01-16,31294,341888,47256729,27134078
2022-01-17,54838,489683,47311567,27623761
2022-01-18,58456,517046,47370023,28140807
2022-01-19,57256,502818,47427279,28643625
2022-01-20,54403,498855,47481682,29142480
2022-01-21,42159,493898,47523841,29636378
2022-01-22,31267,469616,47555108,30105994
2022-01-23,34972,275387,47590080,30381381
2022-01-24,56222,437242,47646302,30818623
2022-01-25,61585,452128,47707887,31270751
2022-01-26,58573,435846,47766460,31706597
2022-01-27,48878,432399,47815338,32138996
2022-01-28,58737,436553,47874075,32575549
2022-01-29,68171,412509,47942246,32988058
2022-01-30,50402,235985,47992648,33224043
2022-01-31,60686,356943,48053334,33580986
2022-02-01,65595,328461,48118929,33909447
2022-02-02,63237,296988,48182166,34206435
2022-02-03,60084,274529,48242250,34480964
2022-02-04,72397,268468,48314647,34749432
2022-02-05,83813,248548,48398460,34997980
2022-02-06,55303,116207,48453763,35114187
2022-02-07,65171,199946,48518934,35314133
2022-02-08,66951,186123,48585885,35500256
2022-02-09,58772,166348,48644657,35666604
2022-02-10,58595,163244,48703252,35829848
2022-02-11,62271,162473,48765523,35992321
2022-02-12,72000,152152,48837523,36144473
2022-02-13,41478,68854,48879001,36213327
2022-02-14,46706,116188,48925707,36329515
2022-02-15,48554,123481,48974261,36452996
2022-02-16,45684,106127,49019945,36559123
2022-02-17,42870,98117,49062815,36657240
2022-02-18,46630,112581,49109445,36769821
2022-02-19,52542,100339,49161987,36870160
2022-02-20,31411,40368,49193398,36910528
2022-02-21,37899,89658,49231297,37000186
2022-02-22,37225,83780,49268522,37083966
2022-02-23,33400,79409,49301922,37163375
2022-02-24,32562,78162,49334484,37241537
2022-02-25,34768,90713,49369252,37332250
2022-02-26,39160,89136,49408412,37421386
2022-02-27,22546,35857,49430958,37457243
2022-02-28,28483,81695,49459441,37538938
2022-03-01,22723,53942,49482164,37592880
2022-03-02,21957,50685,49504121,37643565
2022-03-03,22628,54946,49526749,37698511
2022-03-04,23239,62799,49549988,37761310
2022-03-05,23801,57952,49573789,37819262
2022-03-06,9472,17201,49583261,37836463
2022-03-07,15920,51391,49599181,37887854
2022-03-08,15480,48795,49614661,37936649
2022-03-09,13814,46519,49628475,37983168
2022-03-10,14053,52123,49642528,38035291
2022-03-11,15590,57268,49658118,38092559
2022-03-12,15509,56619,49673627,38149178
2022-03-13,5544,16852,49679171,38166030
2022-03-14,10526,46700,49689697,38212730
2022-03-15,10550,46895,49700247,38259625
2022-03-16,9482,41974,49709729,38301599
2022-03-17,9722,44874,49719451,38346473
2022-03-18,10160,49058,49729611,38395531
2022-03-19,9150,46535,49738761,38442066
2022-03-20,2608,11704,49741369,38453770
2022-03-21,7580,40225,49748949,38493995
2022-03-22,8447,37763,49757396,38531758
2022-03-23,7216,33700,49764612,38565458
2022-03-24,8258,38819,49772870,38604277
2022-03-25,8140,43669,49781010,38647946
2022-03-26,8127,41721,49789137,38689667
2022-03-27,2431,9682,49791568,38699349
2022-03-28,6112,35240,49797680,38734589
2022-03-29,5779,32531,49803459,38767120
2022-03-30,5566,30205,49809025,38797325
2022-03-31,5901,33185,49814926,38830510
2022-04-01,4349,25190,49819275,38855700
2022-04-02,4496,23275,49823771,38878975
2022-04-03,1049,4500,49824820,38883475
2022-04-04,3658,21544,49828478,38905019
2022-04-05,3756,22934,49832234,38927953
2022-04-06,4103,21853,49836337,38949806
2022-04-07,3968,23319,49840305,38973125
2022-04-08,4696,26713,49845001,38999838
2022-04-09,4383,23886,49849384,39023724
2022-04-10,892,4613,49850276,39028337
2022-04-11,3817,22689,49854093,39051026
2022-04-12,3365,21778,49857458,39072804
2022-04-13,3568,21335,49861026,39094139
2022-04-14,3486,23786,49864512,39117925
2022-04-15,3084,20620,49867596,39138545
2022-04-16,2149,11918,49869745,39150463
2022-04-17,63,348,49869808,39150811
2022-04-18,152,650,49869960,39151461
2022-04-19,3499,21982,49873459,39173443
2022-04-20,3510,20252,49876969,39193695
2022-04-21,2847,19790,49879816,39213485
2022-04-22,2927,20704,49882743,39234189
2022-04-23,2646,16220,49885389,39250409
2022-04-24,509,2334,49885898,39252743
2022-04-25,183,1165,49886081,39253908
2022-04-26,2759,17809,49888840,39271717
2022-04-27,2374,15793,49891214,39287510
2022-04-28,2360,15562,49893574,39303072
2022-04-29,2296,14848,49895870,39317920
2022-04-30,2123,11581,49897993,39329501
2022-05-01,113,531,49898106,39330032
2022-05-02,1451,9391,49899557,39339423
2022-05-03,1576,10321,49901133,39349744
2022-05-04,1745,10270,49902878,39360014
2022-05-05,1654,10296,49904532,39370310
2022-05-06,1702,10965,49906234,39381275
2022-05-07,1431,8569,49907665,39389844
2022-05-08,416,1522,49908081,39391366
2022-05-09,1027,8929,49909108,39400295
2022-05-10,1426,9548,49910534,39409843
2022-05-11,1483,10105,49912017,39419948
2022-05-12,1370,10131,49913387,39430079
2022-05-13,1596,10519,49914983,39440598
2022-05-14,1357,8237,49916340,39448835
2022-05-15,336,1134,49916676,39449969
2022-05-16,813,8405,49917489,39458374
2022-05-17,1243,8697,49918732,39467071
2022-05-18,1372,9233,49920104,39476304
2022-05-19,1500,9278,49921604,39485582
2022-05-20,1422,9532,49923026,39495114
2022-05-21,1300,7899,49924326,39503013
2022-05-22,231,1014,49924557,39504027
2022-05-23,830,8269,49925387,39512296
2022-05-24,1073,8672,49926460,39520968
2022-05-25,1370,9459,49927830,39530427
2022-05-26,1195,9480,49929025,39539907
2022-05-27,1232,9915,49930257,39549822
2022-05-28,1205,7887,49931462,39557709
2022-05-29,288,1265,49931750,39558974
2022-05-30,930,8056,49932680,39567030
2022-05-31,1036,8547,49933716,39575577
2022-06-01,893,7655,49934609,39583232
2022-06-02,35,474,49934644,39583706
2022-06-03,818,7333,49935462,39591039
2022-06-04,870,5163,49936332,39596202
2022-06-05,89,586,49936421,39596788
2022-06-06,678,7003,49937099,39603791
2022-06-07,952,7849,49938051,39611640
2022-06-08,981,7907,49939032,39619547
2022-06-09,1036,8416,49940068,39627963
2022-06-10,958,8564,49941026,39636527
2022-06-11,903,6207,49941929,39642734
2022-06-12,140,768,49942069,39643502
2022-06-13,602,6301,49942671,39649803
2022-06-14,831,7902,49943502,39657705
2022-06-15,960,7854,49944462,39665559
2022-06-16,730,7395,49945192,39672954
2022-06-17,723,7245,49945915,39680199
2022-06-18,777,5593,49946692,39685792
2022-06-19,48,522,49946740,39686314
2022-06-20,587,6699,49947327,39693013
2022-06-21,737,7665,49948064,39700678
2022-06-22,781,7308,49948845,39707986
2022-06-23,652,7468,49949497,39715454
2022-06-24,644,7473,49950141,39722927
2022-06-25,835,6535,49950976,39729462
2022-06-26,128,523,49951104,39729985
2022-06-27,533,7124,49951637,39737109
2022-06-28,746,8207,49952383,39745316
2022-06-29,756,7731,49953139,39753047
2022-06-30,746,8145,49953885,39761192
2022-07-01,577,6443,49954462,39767635
2022-07-02,536,4770,49954998,39772405
2022-07-03,49,456,49955047,39772861
2022-07-04,469,6276,49955516,39779137
2022-07-05,630,8118,49956146,39787255
2022-07-06,633,7611,49956779,39794866
2022-07-07,573,8270,49957352,39803136
2022-07-08,672,8083,49958024,39811219
2022-07-09,550,6104,49958574,39817323
2022-07-10,58,533,49958632,39817856
2022-07-11,488,7638,49959120,39825494
2022-07-12,667,9030,49959787,39834524
2022-07-13,643,10068,49960430,39844592
2022-07-14,636,10225,49961066,39854817
2022-07-15,625,10666,49961691,39865483
2022-07-16,522,7214,49962213,39872697
2022-07-17,48,770,49962261,39873467
2022-07-18,496,9369,49962757,39882836
2022-07-19,575,10683,49963332,39893519
2022-07-20,580,11274,49963912,39904793
2022-07-21,628,12088,49964540,39916881
2022-07-22,584,11256,49965124,39928137
2022-07-23,381,6773,49965505,39934910
2022-07-24,76,857,49965581,39935767
2022-07-25,503,9051,49966084,39944818
2022-07-26,518,9758,49966602,39954576
2022-07-27,553,10207,49967155,39964783
2022-07-28,532,10535,49967687,39975318
2022-07-29,509,9464,49968196,39984782
2022-07-30,382,5881,49968578,39990663
2022-07-31,49,764,49968627,39991427
2022-08-01,386,6863,49969013,39998290
2022-08-02,541,7588,49969554,40005878
2022-08-03,511,7176,49970065,40013054
2022-08-04,456,7488,49970521,40020542
2022-08-05,420,6528,49970941,40027070
2022-08-06,299,3613,49971240,40030683
2022-08-07,44,561,49971284,40031244
2022-08-08,402,4891,49971686,40036135
2022-08-09,381,5310,49972067,40041445
2022-08-10,384,4816,49972451,40046261
2022-08-11,369,4783,49972820,40051044
2022-08-12,293,3720,49973113,40054764
2022-08-13,143,1600,49973256,40056364
2022-08-14,9,129,49973265,40056493
2022-08-15,1,26,49973266,40056519
2022-08-16,283,3043,49973549,40059562
2022-08-17,352,3535,49973901,40063097
2022-08-18,391,4161,49974292,40067258
2022-08-19,341,3320,49974633,40070578
2022-08-20,183,1715,49974816,40072293
2022-08-21,24,149,49974840,40072442
2022-08-22,329,2952,49975169,40075394
2022-08-23,370,3674,49975539,40079068
2022-08-24,384,3359,49975923,40082427
2022-08-25,421,3773,49976344,40086200
2022-08-26,399,3573,49976743,40089773
2022-08-27,237,1769,49976980,40091542
2022-08-28,29,267,49977009,40091809
2022-08-29,354,3161,49977363,40094970
2022-08-30,403,3671,49977766,40098641
2022-08-31,437,3735,49978203,40102376
2022-09-01,353,3116,49978556,40105492
2022-09-02,296,2893,49978852,40108385
2022-09-03,200,1688,49979052,40110073
2022-09-04,23,149,49979075,40110222
2022-09-05,187,2656,49979262,40112878
2022-09-06,303,2983,49979565,40115861
2022-09-07,540,2937,49980105,40118798
2022-09-08,292,2962,49980397,40121760
2022-09-09,305,2884,49980702,40124644
2022-09-10,227,1326,49980929,40125970
2022-09-11,23,124,49980952,40126094
2022-09-12,267,2267,49981219,40128361
2022-09-13,252,2276,49981471,40130637
2022-09-14,266,2565,49981737,40133202
2022-09-15,281,2497,49982018,40135699
2022-09-16,254,2544,49982272,40138243
2022-09-17,239,1339,49982511,40139582
2022-09-18,20,170,49982531,40139752
2022-09-19,206,1970,49982737,40141722
2022-09-20,236,2385,49982973,40144107
2022-09-21,289,2526,49983262,40146633
2022-09-22,264,2662,49983526,40149295
2022-09-23,258,2540,49983784,40151835
2022-09-24,193,1427,49983977,40153262
2022-09-25,29,133,49984006,40153395
2022-09-26,280,2248,49984286,40155643
2022-09-27,287,2682,49984573,40158325
2022-09-28,309,2896,49984882,40161221
2022-09-29,256,3048,49985138,40164269
2022-09-30,290,2987,49985428,40167256
2022-10-01,195,1515,49985623,40168771
2022-10-02,12,187,49985635,40168958
2022-10-03,182,2474,49985817,40171432
2022-10-04,236,2865,49986053,40174297
2022-10-05,228,3249,49986281,40177546
2022-10-06,243,3874,49986524,40181420
2022-10-07,282,4186,49986806,40185606
2022-10-08,202,2270,49987008,40187876
2022-10-09,8,304,49987016,40188180
2022-10-10,208,3354,49987224,40191534
2022-10-11,192,4374,49987416,40195908
2022-10-12,209,4435,49987625,40200343
2022-10-13,200,5299,49987825,40205642
2022-10-14,231,5022,49988056,40210664
2022-10-15,189,2670,49988245,40213334
2022-10-16,6,360,49988251,40213694
2022-10-17,187,3869,49988438,40217563
2022-10-18,256,4957,49988694,40222520
2022-10-19,241,5465,49988935,40227985
2022-10-20,224,5988,49989159,40233973
2022-10-21,249,5470,49989408,40239443
2022-10-22,195,2909,49989603,40242352
2022-10-23,13,356,49989616,40242708
2022-10-24,171,3918,49989787,40246626
2022-10-25,251,4917,49990038,40251543
2022-10-26,342,5475,49990380,40257018
2022-10-27,238,5661,49990618,40262679
2022-10-28,199,5253,49990817,40267932
2022-10-29,128,2843,49990945,40270775
2022-10-30,3,326,49990948,40271101
2022-10-31,117,3034,49991065,40274135
2022-11-01,10,330,49991075,40274465
2022-11-02,143,3702,49991218,40278167
2022-11-03,172,4764,49991390,40282931
2022-11-04,224,4583,49991614,40287514
2022-11-05,143,2590,49991757,40290104
2022-11-06,10,258,49991767,40290362
2022-11-07,161,3216,49991928,40293578
2022-11-08,259,4209,49992187,40297787
2022-11-09,197,4297,49992384,40302084
2022-11-10,181,4550,49992565,40306634
2022-11-11,190,4203,49992755,40310837
2022-11-12,152,2349,49992907,40313186
2022-11-13,7,331,49992914,40313517
2022-11-14,149,2824,49993063,40316341
2022-11-15,200,3711,49993263,40320052
2022-11-16,210,3932,49993473,40323984
2022-11-17,190,4042,49993663,40328026
2022-11-18,244,3957,49993907,40331983
2022-11-19,111,2053,49994018,40334036
2022-11-20,24,308,49994042,40334344
2022-11-21,119,2581,49994161,40336925
2022-11-22,139,3120,49994300,40340045
2022-11-23,183,3475,49994483,40343520
2022-11-24,124,3239,49994607,40346759
2022-11-25,111,1945,49994718,40348704