data_somministrazione,vaccinazioni,booster,cum_vaccinazioni,cum_booster
2020-12-27,21,0,21,0
2020-12-28,2,0,23,0
2020-12-29,1,0,24,0
2020-12-30,9,0,33,0
2020-12-31,80,0,113,0
2021-01-01,26,0,139,0
2021-01-02,146,0,285,0
2021-01-03,111,0,396,0
2021-01-04,244,0,640,0
2021-01-05,286,0,926,0
2021-01-06,260,0,1186,0
2021-01-07,327,0,1513,0
2021-01-08,383,0,1896,0
2021-01-09,286,0,2182,0
2021-01-10,169,0,2351,0
2021-01-11,312,0,2663,0
2021-01-12,289,0,2952,0
2021-01-13,421,0,3373,0
2021-01-14,505,0,3878,0
2021-01-15,323,0,4201,0
2021-01-16,225,0,4426,0
2021-01-17,3065,0,7491,0
2021-01-18,5220,0,12711,0
2021-01-19,1895,0,14606,0
2021-01-20,4659,0,19265,0
2021-01-21,20004,0,39269,0
2021-01-22,14220,0,53489,0
2021-01-23,33320,0,86809,0
2021-01-24,30775,0,117584,0
2021-01-25,64701,0,182285,0
2021-01-26,76459,0,258744,0
2021-01-27,64806,0,323550,0
2021-01-28,89249,0,412799,0
2021-01-29,93991,0,506790,0
2021-01-30,86542,0,593332,0
2021-01-31,57324,0,650656,0
2021-02-01,81833,0,732489,0
2021-02-02,82132,0,814621,0
2021-02-03,91105,0,905726,0
2021-02-04,95382,0,1001108,0
2021-02-05,90267,0,1091375,0
2021-02-06,63450,0,1154825,0
2021-02-07,32934,0,1187759,0
2021-02-08,40420,0,1228179,0
2021-02-09,32881,0,1261060,0
2021-02-10,28439,0,1289499,0
2021-02-11,20407,0,1309906,0
2021-02-12,16251,0,1326157,0
2021-02-13,7280,0,1333437,0
2021-02-14,2862,0,1336299,0
2021-02-15,6848,0,1343147,0
2021-02-16,7007,0,1350154,0
2021-02-17,10527,0,1360681,0
2021-02-18,9257,0,1369938,0
2021-02-19,8259,0,1378197,0
2021-02-20,5581,0,1383778,0
2021-02-21,3015,0,1386793,0
2021-02-22,6883,0,1393676,0
2021-02-23,7189,0,1400865,0
2021-02-24,9815,0,1410680,0
2021-02-25,14213,0,1424893,0
2021-02-26,17562,0,1442455,0
2021-02-27,13924,0,1456379,0
2021-02-28,9398,0,1465777,0
2021-03-01,26529,0,1492306,0
2021-03-02,33248,0,1525554,0
2021-03-03,44652,0,1570206,0
2021-03-04,50300,0,1620506,0
2021-03-05,55745,0,1676251,0
2021-03-06,41885,0,1718136,0
2021-03-07,22332,0,1740468,0
2021-03-08,50843,0,1791311,0
2021-03-09,53096,0,1844407,0
2021-03-10,58696,0,1903103,0
2021-03-11,63894,0,1966997,0
2021-03-12,65141,0,2032138,0
2021-03-13,51733,0,2083871,0
2021-03-14,35423,0,2119294,0
2021-03-15,73463,0,2192757,0
2021-03-16,74030,0,2266787,0
2021-03-17,83143,0,2349930,0
2021-03-18,81632,0,2431562,0
2021-03-19,81090,0,2512652,0
2021-03-20,64741,0,2577393,0
2021-03-21,47310,0,2624703,0
2021-03-22,69508,0,2694211,0
2021-03-23,75819,0,2770030,0
2021-03-24,90935,0,2860965,0
2021-03-25,89829,0,2950794,0
2021-03-26,83643,0,3034437,0
2021-03-27,71960,0,3106397,0
2021-03-28,44190,0,3150587,0
2021-03-29,70849,0,3221436,0
2021-03-30,81419,0,3302855,0
2021-03-31,96267,0,3399122,0
2021-04-01,95340,0,3494462,0
2021-04-02,84091,0,3578553,0
2021-04-03,64314,0,3642867,0
2021-04-04,21726,0,3664593,0
2021-04-05,40322,0,3704915,0
2021-04-06,81344,0,3786259,0
2021-04-07,95846,0,3882105,0
2021-04-08,95263,0,3977368,0
2021-04-09,88509,0,4065877,0
2021-04-10,74038,0,4139915,0
2021-04-11,44775,0,4184690,0
2021-04-12,66928,0,4251618,0
2021-04-13,72600,0,4324218,0
2021-04-14,85560,0,4409778,0
2021-04-15,105429,0,4515207,0
2021-04-16,106434,0,4621641,0
2021-04-17,90530,0,4712171,0
2021-04-18,58597,0,4770768,0
2021-04-19,93445,0,4864213,0
2021-04-20,103781,0,4967994,0
2021-04-21,125346,0,5093340,0
2021-04-22,143537,0,5236877,0
2021-04-23,138763,0,5375640,0
2021-04-24,124453,0,5500093,0
2021-04-25,61471,0,5561564,0
2021-04-26,97918,0,5659482,0
2021-04-27,128381,0,5787863,0
2021-04-28,156402,0,5944265,0
2021-04-29,195625,0,6139890,0
2021-04-30,214621,0,6354511,0
2021-05-01,174150,0,6528661,0
2021-05-02,135815,0,6664476,0
2021-05-03,142077,0,6806553,0
2021-05-04,158720,0,6965273,0
2021-05-05,170555,0,7135828,0
2021-05-06,197834,0,7333662,0
2021-05-07,213882,0,7547544,0
2021-05-08,213448,0,7760992,0
2021-05-09,143221,0,7904213,0
2021-05-10,165108,0,8069321,0
2021-05-11,175014,0,8244335,0
2021-05-12,179236,0,8423571,0
2021-05-13,203425,0,8626996,0
2021-05-14,222949,0,8849945,0
2021-05-15,210399,0,9060344,0
2021-05-16,159292,0,9219636,0
2021-05-17,219224,0,9438860,0
2021-05-18,213036,0,9651896,0
2021-05-19,207107,0,9859003,0
2021-05-20,270900,0,10129903,0
2021-05-21,270916,0,10400819,0
2021-05-22,245552,0,10646371,0
2021-05-23,197197,0,10843568,0
2021-05-24,228312,0,11071880,0
2021-05-25,245703,0,11317583,0
2021-05-26,277576,0,11595159,0
2021-05-27,311107,0,11906266,0
2021-05-28,299595,0,12205861,0
2021-05-29,231259,0,12437120,0
2021-05-30,170858,0,12607978,0
2021-05-31,216442,0,12824420,0
2021-06-01,207643,0,13032063,0
2021-06-02,115807,0,13147870,0
2021-06-03,180182,0,13328052,0
2021-06-04,184930,0,13512982,0
2021-06-05,186010,0,13698992,0
2021-06-06,139601,0,13838593,0
2021-06-07,161916,0,14000509,0
2021-06-08,171300,0,14171809,0
2021-06-09,171533,0,14343342,0
2021-06-10,174176,0,14517518,0
2021-06-11,170053,0,14687571,0
2021-06-12,128413,0,14815984,0
2021-06-13,91244,0,14907228,0
2021-06-14,214714,0,15121942,0
2021-06-15,228471,0,15350413,0
2021-06-16,253122,0,15603535,0
2021-06-17,301796,0,15905331,0
2021-06-18,306341,0,16211672,0
2021-06-19,275134,0,16486806,0
2021-06-20,220835,0,16707641,0
2021-06-21,288115,0,16995756,0
2021-06-22,296264,0,17292020,0
2021-06-23,302715,0,17594735,0
2021-06-24,332629,0,17927364,0
2021-06-25,348746,0,18276110,0
2021-06-26,300155,0,18576265,0
2021-06-27,228704,0,18804969,0
2021-06-28,307166,0,19112135,0
2021-06-29,329354,0,19441489,0
2021-06-30,342237,0,19783726,0
2021-07-01,363257,0,20146983,0
2021-07-02,368516,0,20515499,0
2021-07-03,371107,0,20886606,0
2021-07-04,283246,0,21169852,0
2021-07-05,384570,0,21554422,0
2021-07-06,385498,0,21939920,0
2021-07-07,412143,0,22352063,0
2021-07-08,479592,0,22831655,0
2021-07-09,498466,0,23330121,0
2021-07-10,475178,0,23805299,0
2021-07-11,357689,0,24162988,0
2021-07-12,485874,0,24648862,0
2021-07-13,492072,0,25140934,0
2021-07-14,480431,0,25621365,0
2021-07-15,523415,0,26144780,0
2021-07-16,509745,0,26654525,0
2021-07-17,464322,0,27118847,0
2021-07-18,364630,0,27483477,0
2021-07-19,463036,0,27946513,0
2021-07-20,458044,0,28404557,0
2021-07-21,462788,0,28867345,0
2021-07-22,475374,0,29342719,0
2021-07-23,441328,0,29784047,0
2021-07-24,386149,0,30170196,0
2021-07-25,287545,0,30457741,0
2021-07-26,430894,0,30888635,0
2021-07-27,440107,0,31328742,0
2021-07-28,391016,0,31719758,0
2021-07-29,372074,0,32091832,0
2021-07-30,341525,0,32433357,0
2021-07-31,287050,0,32720407,0
2021-08-01,190998,0,32911405,0
2021-08-02,333703,0,33245108,0
2021-08-03,323191,0,33568299,0
2021-08-04,310995,0,33879294,0
2021-08-05,292480,0,34171774,0
2021-08-06,260046,0,34431820,0
2021-08-07,199068,0,34630888,0
2021-08-08,153108,0,34783996,0
2021-08-09,234082,0,35018078,0
2021-08-10,205293,0,35223371,0
2021-08-11,193798,0,35417169,0
2021-08-12,168076,0,35585245,0
2021-08-13,148675,0,35733920,0
2021-08-14,66105,0,35800025,0
2021-08-15,26344,0,35826369,0
2021-08-16,114719,0,35941088,0
2021-08-17,129257,0,36070345,0
2021-08-18,128765,0,36199110,0
2021-08-19,124863,0,36323973,0
2021-08-20,123799,0,36447772,0
2021-08-21,83134,0,36530906,0
2021-08-22,68182,0,36599088,0
2021-08-23,176870,0,36775958,0
2021-08-24,156890,0,36932848,0
2021-08-25,177169,0,37110017,0
2021-08-26,172353,0,37282370,0
2021-08-27,185831,0,37468201,0
2021-08-28,140292,0,37608493,0
2021-08-29,98994,0,37707487,0
2021-08-30,209586,0,37917073,0
2021-08-31,194642,0,38111715,0
2021-09-01,192217,0,38303932,0
2021-09-02,189924,0,38493856,0
2021-09-03,191280,0,38685136,0
2021-09-04,131442,0,38816578,0
2021-09-05,87840,0,38904418,0
2021-09-06,193600,0,39098018,0
2021-09-07,196036,0,39294054,0
2021-09-08,187860,0,39481914,0
2021-09-09,201422,0,39683336,0
2021-09-10,198052,0,39881388,0
2021-09-11,141291,0,40022679,0
2021-09-12,89591,0,40112270,0
2021-09-13,191103,656,40303373,656
2021-09-14,177207,657,40480580,1313
2021-09-15,163079,654,40643659,1967
2021-09-16,160039,1012,40803698,2979
2021-09-17,150153,1173,40953851,4152
2021-09-18,127981,783,41081832,4935
2021-09-19,81142,511,41162974,5446
2021-09-20,180058,9136,41343032,14582
2021-09-21,166675,8864,41509707,23446
2021-09-22,159118,9465,41668825,32911
2021-09-23,138108,9358,41806933,42269
2021-09-24,140548,9020,41947481,51289
2021-09-25,119563,5676,42067044,56965
2021-09-26,71993,4367,42139037,61332
2021-09-27,135673,10086,42274710,71418
2021-09-28,117523,11431,42392233,82849
2021-09-29,112381,11854,42504614,94703
2021-09-30,110296,14982,42614910,109685
2021-10-01,95004,19144,42709914,128829
2021-10-02,78524,14047,42788438,142876
2021-10-03,47760,7671,42836198,150547
2021-10-04,88393,34488,42924591,185035
2021-10-05,80383,34023,43004974,219058
2021-10-06,72010,34217,43076984,253275
2021-10-07,71883,34379,43148867,287654
2021-10-08,80649,33625,43229516,321279
2021-10-09,76115,22201,43305631,343480
2021-10-10,45792,13632,43351423,357112
2021-10-11,87446,41136,43438869,398248
2021-10-12,84518,46937,43523387,445185
2021-10-13,88224,52171,43611611,497356
2021-10-14,91559,58561,43703170,555917
2021-10-15,93598,55685,43796768,611602
2021-10-16,82978,36829,43879746,648431
2021-10-17,51461,23863,43931207,672294
2021-10-18,90301,59526,44021508,731820
2021-10-19,78354,69420,44099862,801240
2021-10-20,75061,78213,44174923,879453
2021-10-21,78281,81824,44253204,961277
2021-10-22,73768,77086,44326972,1038363
2021-10-23,60838,51976,44387810,1090339
2021-10-24,33371,23480,44421181,1113819
2021-10-25,64894,81671,44486075,1195490
2021-10-26,58375,91840,44544450,1287330
2021-10-27,58318,104042,44602768,1391372
2021-10-28,61443,114165,44664211,1505537
2021-10-29,61625,103197,44725836,1608734
2021-10-30,50673,68157,44776509,1676891
2021-10-31,25161,28312,44801670,1705203
2021-11-01,19050,28159,44820720,1733362
2021-11-02,62738,89445,44883458,1822807
2021-11-03,60717,118704,44944175,1941511
2021-11-04,59237,126708,45003412,2068219
2021-11-05,63090,135232,45066502,2203451
2021-11-06,46496,90943,45112998,2294394
2021-11-07,22248,37907,45135246,2332301
2021-11-08,51525,131299,45186771,2463600
2021-11-09,45402,144237,45232173,2607837
2021-11-10,42594,156378,45274767,2764215
2021-11-11,44928,155176,45319695,2919391
2021-11-12,46296,158711,45365991,3078102
2021-11-13,33272,116682,45399263,3194784
2021-11-14,14489,52462,45413752,3247246
2021-11-15,36909,157445,45450661,3404691
2021-11-16,30569,171414,45481230,3576105
2021-11-17,28469,178470,45509699,3754575
2021-11-18,30296,193769,45539995,3948344
2021-11-19,28823,205890,45568818,4154234
2021-11-20,21013,156460,45589831,4310694
2021-11-21,10613,64870,45600444,4375564
2021-11-22,21960,213164,45622404,4588728
2021-11-23,23607,241803,45646011,4830531
2021-11-24,27768,271104,45673779,5101635
2021-11-25,23273,301950,45697052,5403585
2021-11-26,24601,318311,45721653,5721896
2021-11-27,21418,266172,45743071,5988068
2021-11-28,9909,137072,45752980,6125140
2021-11-29,22368,326082,45775348,6451222
2021-11-30,23124,365859,45798472,6817081
2021-12-01,21561,413547,45820033,7230628
2021-12-02,23798,440445,45843831,7671073
2021-12-03,25282,467546,45869113,8138619
2021-12-04,22388,418811,45891501,8557430
2021-12-05,11944,261369,45903445,8818799
2021-12-06,25848,457636,45929293,9276435
2021-12-07,24169,480309,45953462,9756744
2021-12-08,10032,249723,45963494,10006467
2021-12-09,31624,491967,45995118,10498434
2021-12-10,28107,517938,46023225,11016372
2021-12-11,23595,459285,46046820,11475657
2021-12-12,12327,293536,46059147,11769193
2021-12-13,26183,467660,46085330,12236853
2021-12-14,25207,494245,46110537,12731098
2021-12-15,25377,517192,46135914,13248290
2021-12-16,27933,520310,46163847,13768600
2021-12-17,29402,517229,46193249,14285829
2021-12-18,27118,468787,46220367,14754616
2021-12-19,15173,300545,46235540,15055161
2021-12-20,30679,477512,46266219,15532673
2021-12-21,30419,493448,46296638,16026121
2021-12-22,29492,484758,46326130,16510879
2021-12-23,28290,426970,46354420,16937849
2021-12-24,13124,210846,46367544,17148695
2021-12-25,2104,33053,46369648,17181748
2021-12-26,8780,159078,46378428,17340826
2021-12-27,46851,504700,46425279,17845526
2021-12-28,42514,554265,46467793,18399791
2021-12-29,34404,550684,46502197,18950475
2021-12-30,31900,499869,46534097,19450344
2021-12-31,14151,247409,46548248,19697753
2022-01-01,3501,64814,46551749,19762567
2022-01-02,22835,276728,46574584,20039295
2022-01-03,47954,520037,46622538,20559332
2022-01-04,46487,572106,46669025,21131438
2022-01-05,40859,560430,46709884,21691868
2022-01-06,23542,274491,46733426,21966359
2022-01-07,63806,554224,46797232,22520583
2022-01-08,60989,503424,46858221,23024007
2022-01-09,42974,319706,46901195,23343713
2022-01-10,61183,542330,46962378,23886043
2022-01-11,61868,587038,47024246,24473081
2022-01-12,58566,581316,47082812,25054397
2022-01-13,58724,580433,47141536,25634830
2022-01-14,46953,588621,47188489,26223451
2022-01-15,39583,570000,47228072,26793451
2022-01-16,31330,341894,47259402,27135345
2022-01-17,54861,489692,47314263,27625037
2022-01-18,58478,517056,47372741,28142093
2022-01-19,57274,502827,47430015,28644920
2022-01-20,54429,498865,47484444,29143785
2022-01-21,42189,493899,47526633,29637684
2022-01-22,31305,469623,47557938,30107307
2022-01-23,34984,275389,47592922,30382696
2022-01-24,56231,437254,47649153,30819950
2022-01-25,61606,452133,47710759,31272083
2022-01-26,58599,435851,47769358,31707934
2022-01-27,48896,432413,47818254,32140347
2022-01-28,58760,436565,47877014,32576912
2022-01-29,68197,412519,47945211,32989431
2022-01-30,50413,235989,47995624,33225420
2022-01-31,60718,356950,48056342,33582370
2022-02-01,65614,328474,48121956,33910844
2022-02-02,63252,296999,48185208,34207843
2022-02-03,60095,274538,48245303,34482381
2022-02-04,72417,268472,48317720,34750853
2022-02-05,83817,248559,48401537,34999412
2022-02-06,55310,116207,48456847,35115619
2022-02-07,65192,199946,48522039,35315565
2022-02-08,66959,186132,48588998,35501697
2022-02-09,58778,166354,48647776,35668051
2022-02-10,58603,163255,48706379,35831306
2022-02-11,62277,162478,48768656,35993784
2022-02-12,72015,152157,48840671,36145941
2022-02-13,41483,68858,48882154,36214799
2022-02-14,46711,116194,48928865,36330993
2022-02-15,48571,123482,48977436,36454475
2022-02-16,45693,106130,49023129,36560605
2022-02-17,42875,98122,49066004,36658727
2022-02-18,46638,112586,49112642,36771313
2022-02-19,52547,100339,49165189,36871652
2022-02-20,31416,40367,49196605,36912019
2022-02-21,37900,89659,49234505,37001678
2022-02-22,37227,83784,49271732,37085462
2022-02-23,33402,79409,49305134,37164871
2022-02-24,32562,78167,49337696,37243038
2022-02-25,34775,90714,49372471,37333752
2022-02-26,39164,89138,49411635,37422890
2022-02-27,22549,35857,49434184,37458747
2022-02-28,28489,81700,49462673,37540447
2022-03-01,22730,53943,49485403,37594390
2022-03-02,21936,50713,49507339,37645103
2022-03-03,22639,54947,49529978,37700050
2022-03-04,23244,62801,49553222,37762851
2022-03-05,23803,57953,49577025,37820804
2022-03-06,9474,17201,49586499,37838005
2022-03-07,15927,51391,49602426,37889396
2022-03-08,15481,48797,49617907,37938193
2022-03-09,13816,46517,49631723,37984710
2022-03-10,14059,52126,49645782,38036836
2022-03-11,15592,57274,49661374,38094110
2022-03-12,15515,56617,49676889,38150727
2022-03-13,5545,16852,49682434,38167579
2022-03-14,10529,46701,49692963,38214280
2022-03-15,10553,46895,49703516,38261175
2022-03-16,9482,41977,49712998,38303152
2022-03-17,9725,44875,49722723,38348027
2022-03-18,10162,49059,49732885,38397086
2022-03-19,9151,46539,49742036,38443625
2022-03-20,2608,11704,49744644,38455329
2022-03-21,7581,40231,49752225,38495560
2022-03-22,8448,37767,49760673,38533327
2022-03-23,7219,33701,49767892,38567028
2022-03-24,8260,38821,49776152,38605849
2022-03-25,8143,43672,49784295,38649521
2022-03-26,8128,41722,49792423,38691243
2022-03-27,2431,9683,49794854,38700926
2022-03-28,6112,35244,49800966,38736170
2022-03-29,5783,32532,49806749,38768702
2022-03-30,5567,30204,49812316,38798906
2022-03-31,5905,33187,49818221,38832093
2022-04-01,4351,25188,49822572,38857281
2022-04-02,4497,23275,49827069,38880556
2022-04-03,1049,4500,49828118,38885056
2022-04-04,3660,21545,49831778,38906601
2022-04-05,3758,22937,49835536,38929538
2022-04-06,4105,21852,49839641,38951390
2022-04-07,3970,23321,49843611,38974711
2022-04-08,4696,26714,49848307,39001425
2022-04-09,4381,23889,49852688,39025314
2022-04-10,893,4613,49853581,39029927
2022-04-11,3819,22689,49857400,39052616
2022-04-12,3365,21779,49860765,39074395
2022-04-13,3572,21337,49864337,39095732
2022-04-14,3487,23789,49867824,39119521
2022-04-15,3085,20621,49870909,39140142
2022-04-16,2151,11918,49873060,39152060
2022-04-17,63,348,49873123,39152408
2022-04-18,152,650,49873275,39153058
2022-04-19,3498,21984,49876773,39175042
2022-04-20,3513,20249,49880286,39195291
2022-04-21,2848,19792,49883134,39215083
2022-04-22,2928,20714,49886062,39235797
2022-04-23,2648,16222,49888710,39252019
2022-04-24,509,2334,49889219,39254353
2022-04-25,183,1165,49889402,39255518
2022-04-26,2759,17811,49892161,39273329
2022-04-27,2374,15795,49894535,39289124
2022-04-28,2362,15563,49896897,39304687
2022-04-29,2298,14850,49899195,39319537
2022-04-30,2123,11584,49901318,39331121
2022-05-01,113,531,49901431,39331652
2022-05-02,1451,9392,49902882,39341044
2022-05-03,1577,10323,49904459,39351367
2022-05-04,1747,10273,49906206,39361640
2022-05-05,1654,10297,49907860,39371937
2022-05-06,1702,10971,49909562,39382908
2022-05-07,1431,8570,49910993,39391478
2022-05-08,416,1526,49911409,39393004
2022-05-09,1029,8930,49912438,39401934
2022-05-10,1426,9549,49913864,39411483
2022-05-11,1484,10105,49915348,39421588
2022-05-12,1371,10137,49916719,39431725
2022-05-13,1597,10520,49918316,39442245
2022-05-14,1360,8240,49919676,39450485
2022-05-15,336,1136,49920012,39451621
2022-05-16,814,8405,49920826,39460026
2022-05-17,1244,8697,49922070,39468723
2022-05-18,1372,9237,49923442,39477960
2022-05-19,1500,9283,49924942,39487243
2022-05-20,1426,9532,49926368,39496775
2022-05-21,1302,7900,49927670,39504675
2022-05-22,231,1013,49927901,39505688
2022-05-23,830,8272,49928731,39513960
2022-05-24,1073,8673,49929804,39522633
2022-05-25,1372,9460,49931176,39532093
2022-05-26,1198,9480,49932374,39541573
2022-05-27,1232,9915,49933606,39551488
2022-05-28,1205,7887,49934811,39559375
2022-05-29,288,1265,49935099,39560640
2022-05-30,931,8058,49936030,39568698
2022-05-31,1039,8548,49937069,39577246
2022-06-01,895,7658,49937964,39584904
2022-06-02,35,474,49937999,39585378
2022-06-03,817,7334,49938816,39592712
2022-06-04,870,5162,49939686,39597874
2022-06-05,89,586,49939775,39598460
2022-06-06,679,7004,49940454,39605464
2022-06-07,952,7850,49941406,39613314
2022-06-08,981,7906,49942387,39621220
2022-06-09,1036,8418,49943423,39629638
2022-06-10,958,8563,49944381,39638201
2022-06-11,904,6206,49945285,39644407
2022-06-12,140,768,49945425,39645175
2022-06-13,602,6301,49946027,39651476
2022-06-14,832,7903,49946859,39659379
2022-06-15,960,7856,49947819,39667235
2022-06-16,733,7397,49948552,39674632
2022-06-17,724,7249,49949276,39681881
2022-06-18,778,5594,49950054,39687475
2022-06-19,49,521,49950103,39687996
2022-06-20,587,6699,49950690,39694695
2022-06-21,741,7664,49951431,39702359
2022-06-22,779,7312,49952210,39709671
2022-06-23,648,7472,49952858,39717143
2022-06-24,644,7474,49953502,39724617
2022-06-25,835,6533,49954337,39731150
2022-06-26,128,523,49954465,39731673
2022-06-27,534,7125,49954999,39738798
2022-06-28,747,8207,49955746,39747005
2022-06-29,756,7732,49956502,39754737
2022-06-30,747,8145,49957249,39762882
2022-07-01,577,6443,49957826,39769325
2022-07-02,536,4769,49958362,39774094
2022-07-03,49,456,49958411,39774550
2022-07-04,469,6277,49958880,39780827
2022-07-05,631,8122,49959511,39788949
2022-07-06,634,7611,49960145,39796560
2022-07-07,576,8271,49960721,39804831
2022-07-08,674,8085,49961395,39812916
2022-07-09,550,6105,49961945,39819021
2022-07-10,58,533,49962003,39819554
2022-07-11,491,7641,49962494,39827195
2022-07-12,668,9031,49963162,39836226
2022-07-13,644,10067,49963806,39846293
2022-07-14,637,10225,49964443,39856518
2022-07-15,627,10672,49965070,39867190
2022-07-16,523,7215,49965593,39874405
2022-07-17,48,770,49965641,39875175
2022-07-18,496,9374,49966137,39884549
2022-07-19,577,10680,49966714,39895229
2022-07-20,582,11276,49967296,39906505
2022-07-21,630,12091,49967926,39918596
2022-07-22,585,11260,49968511,39929856
2022-07-23,381,6775,49968892,39936631
2022-07-24,76,857,49968968,39937488
2022-07-25,503,9052,49969471,39946540
2022-07-26,522,9762,49969993,39956302
2022-07-27,553,10210,49970546,39966512
2022-07-28,532,10534,49971078,39977046
2022-07-29,511,9466,49971589,39986512
2022-07-30,383,5882,49971972,39992394
2022-07-31,49,764,49972021,39993158
2022-08-01,386,6864,49972407,40000022
2022-08-02,545,7590,49972952,40007612
2022-08-03,513,7179,49973465,40014791
2022-08-04,455,7490,49973920,40022281
2022-08-05,421,6526,49974341,40028807
2022-08-06,299,3613,49974640,40032420
2022-08-07,44,563,49974684,40032983
2022-08-08,403,4890,49975087,40037873
2022-08-09,381,5312,49975468,40043185
2022-08-10,385,4816,49975853,40048001
2022-08-11,369,4803,49976222,40052804
2022-08-12,293,3720,49976515,40056524
2022-08-13,143,1600,49976658,40058124
2022-08-14,9,129,49976667,40058253
2022-08-15,1,26,49976668,40058279
2022-08-16,283,3043,49976951,40061322
2022-08-17,352,3536,49977303,40064858
2022-08-18,392,4160,49977695,40069018
2022-08-19,342,3319,49978037,40072337
2022-08-20,183,1715,49978220,40074052
2022-08-21,24,149,49978244,40074201
2022-08-22,329,2952,49978573,40077153
2022-08-23,370,3674,49978943,40080827
2022-08-24,384,3360,49979327,40084187
2022-08-25,422,3774,49979749,40087961
2022-08-26,399,3575,49980148,40091536
2022-08-27,237,1769,49980385,40093305
2022-08-28,29,267,49980414,40093572
2022-08-29,354,3161,49980768,40096733
2022-08-30,404,3671,49981172,40100404
2022-08-31,438,3734,49981610,40104138
2022-09-01,353,3116,49981963,40107254
2022-09-02,296,2893,49982259,40110147
2022-09-03,200,1689,49982459,40111836
2022-09-04,24,149,49982483,40111985
2022-09-05,187,2656,49982670,40114641
2022-09-06,306,2983,49982976,40117624
2022-09-07,541,2937,49983517,40120561
2022-09-08,293,2963,49983810,40123524
2022-09-09,305,2886,49984115,40126410
2022-09-10,228,1326,49984343,40127736
2022-09-11,23,124,49984366,40127860
2022-09-12,267,2267,49984633,40130127
2022-09-13,252,2276,49984885,40132403
2022-09-14,266,2566,49985151,40134969
2022-09-15,282,2501,49985433,40137470
2022-09-16,255,2546,49985688,40140016
2022-09-17,239,1339,49985927,40141355
2022-09-18,20,170,49985947,40141525
2022-09-19,206,1971,49986153,40143496
2022-09-20,237,2392,49986390,40145888
2022-09-21,289,2526,49986679,40148414
2022-09-22,266,2663,49986945,40151077
2022-09-23,259,2545,49987204,40153622
2022-09-24,193,1427,49987397,40155049
2022-09-25,29,133,49987426,40155182
2022-09-26,280,2248,49987706,40157430
2022-09-27,287,2682,49987993,40160112
2022-09-28,310,2904,49988303,40163016
2022-09-29,257,3048,49988560,40166064
2022-09-30,292,2989,49988852,40169053
2022-10-01,195,1515,49989047,40170568
2022-10-02,12,187,49989059,40170755
2022-10-03,185,2474,49989244,40173229
2022-10-04,236,2862,49989480,40176091
2022-10-05,229,3252,49989709,40179343
2022-10-06,243,3874,49989952,40183217
2022-10-07,282,4189,49990234,40187406
2022-10-08,203,2270,49990437,40189676
2022-10-09,8,305,49990445,40189981
2022-10-10,210,3356,49990655,40193337
2022-10-11,194,4378,49990849,40197715
2022-10-12,209,4441,49991058,40202156
2022-10-13,203,5304,49991261,40207460
2022-10-14,232,5024,49991493,40212484
2022-10-15,190,2671,49991683,40215155
2022-10-16,6,360,49991689,40215515
2022-10-17,186,3871,49991875,40219386
2022-10-18,257,4965,49992132,40224351
2022-10-19,244,5477,49992376,40229828
2022-10-20,224,5994,49992600,40235822
2022-10-21,250,5477,49992850,40241299
2022-10-22,195,2911,49993045,40244210
2022-10-23,13,364,49993058,40244574
2022-10-24,171,3929,49993229,40248503
2022-10-25,253,4926,49993482,40253429
2022-10-26,347,5502,49993829,40258931
2022-10-27,241,5671,49994070,40264602
2022-10-28,199,5262,49994269,40269864
2022-10-29,128,2844,49994397,40272708
2022-10-30,3,328,49994400,40273036
2022-10-31,117,3039,49994517,40276075
2022-11-01,11,353,49994528,40276428
2022-11-02,143,3721,49994671,40280149
2022-11-03,173,4786,49994844,40284935
2022-11-04,225,4603,49995069,40289538
2022-11-05,144,2597,49995213,40292135
2022-11-06,10,261,49995223,40292396
2022-11-07,169,3225,49995392,40295621
2022-11-08,260,4244,49995652,40299865
2022-11-09,197,4330,49995849,40304195
2022-11-10,183,4586,49996032,40308781
2022-11-11,193,4219,49996225,40313000
2022-11-12,152,2370,49996377,40315370
2022-11-13,7,335,49996384,40315705
2022-11-14,149,2837,49996533,40318542
2022-11-15,202,3745,49996735,40322287
2022-11-16,216,3983,49996951,40326270
2022-11-17,191,4099,49997142,40330369
2022-11-18,247,4027,49997389,40334396
2022-11-19,112,2102,49997501,40336498
2022-11-20,24,317,49997525,40336815
2022-11-21,119,2620,49997644,40339435
2022-11-22,142,3212,49997786,40342647
2022-11-23,191,3618,49997977,40346265
2022-11-24,156,3823,49998133,40350088
2022-11-25,185,3777,49998318,40353865
2022-11-26,130,2091,49998448,40355956
2022-11-27,22,356,49998470,40356312
2022-11-28,181,2673,49998651,40358985
2022-11-29,183,3219,49998834,40362204
2022-11-30,181,3723,49999015,40365927
2022-12-01,222,3616,49999237,40369543
2022-12-02,156,3513,49999393,40373056
2022-12-03,105,1958,49999498,40375014
2022-12-04,5,290,49999503,40375304
2022-12-05,128,2844,49999631,40378148
2022-12-06,176,3637,49999807,40381785
2022-12-07,136,3117,49999943,40384902
2022-12-08,8,169,49999951,40385071
2022-12-09,159,3010,50000110,40388081
2022-12-10,78,1600,50000188,40389681
2022-12-11,7,193,50000195,40389874
2022-12-12,169,2514,50000364,40392388
2022-12-13,254,3016,50000618,40395404
2022-12-14,221,3176,50000839,40398580
2022-12-15,201,3192,50001040,40401772
2022-12-16,161,3096,50001201,40404868
2022-12-17,94,1653,50001295,40406521
2022-12-18,10,270,50001305,40406791
2022-12-19,137,2098,50001442,40408889
2022-12-20,210,2404,50001652,40411293
2022-12-21,151,1896,50001803,40413189