data_somministrazione,vaccinazioni,booster,cum_vaccinazioni,cum_booster
2020-12-27,18,0,18,0
2020-12-28,2,0,20,0
2020-12-29,1,0,21,0
2020-12-30,6,0,27,0
2020-12-31,51,0,78,0
2021-01-01,20,0,98,0
2021-01-02,85,0,183,0
2021-01-03,67,0,250,0
2021-01-04,179,0,429,0
2021-01-05,220,0,649,0
2021-01-06,176,0,825,0
2021-01-07,261,0,1086,0
2021-01-08,311,0,1397,0
2021-01-09,231,0,1628,0
2021-01-10,138,0,1766,0
2021-01-11,253,0,2019,0
2021-01-12,257,0,2276,0
2021-01-13,368,0,2644,0
2021-01-14,458,0,3102,0
2021-01-15,281,0,3383,0
2021-01-16,195,0,3578,0
2021-01-17,3054,0,6632,0
2021-01-18,5205,0,11837,0
2021-01-19,1890,0,13727,0
2021-01-20,4650,0,18377,0
2021-01-21,20009,0,38386,0
2021-01-22,14199,0,52585,0
2021-01-23,33344,0,85929,0
2021-01-24,30794,0,116723,0
2021-01-25,64747,0,181470,0
2021-01-26,76509,0,257979,0
2021-01-27,64856,0,322835,0
2021-01-28,89317,0,412152,0
2021-01-29,94047,0,506199,0
2021-01-30,86586,0,592785,0
2021-01-31,57345,0,650130,0
2021-02-01,81881,0,732011,0
2021-02-02,82150,0,814161,0
2021-02-03,91202,0,905363,0
2021-02-04,95406,0,1000769,0
2021-02-05,90294,0,1091063,0
2021-02-06,63451,0,1154514,0
2021-02-07,32925,0,1187439,0
2021-02-08,40433,0,1227872,0
2021-02-09,32862,0,1260734,0
2021-02-10,28412,0,1289146,0
2021-02-11,20379,0,1309525,0
2021-02-12,16218,0,1325743,0
2021-02-13,7239,0,1332982,0
2021-02-14,2861,0,1335843,0
2021-02-15,6834,0,1342677,0
2021-02-16,6990,0,1349667,0
2021-02-17,10517,0,1360184,0
2021-02-18,9241,0,1369425,0
2021-02-19,8230,0,1377655,0
2021-02-20,5530,0,1383185,0
2021-02-21,2975,0,1386160,0
2021-02-22,6873,0,1393033,0
2021-02-23,7153,0,1400186,0
2021-02-24,9822,0,1410008,0
2021-02-25,14196,0,1424204,0
2021-02-26,17544,0,1441748,0
2021-02-27,13893,0,1455641,0
2021-02-28,9380,0,1465021,0
2021-03-01,26504,0,1491525,0
2021-03-02,33228,0,1524753,0
2021-03-03,44642,0,1569395,0
2021-03-04,50287,0,1619682,0
2021-03-05,55730,0,1675412,0
2021-03-06,41866,0,1717278,0
2021-03-07,22318,0,1739596,0
2021-03-08,50787,0,1790383,0
2021-03-09,53054,0,1843437,0
2021-03-10,58613,0,1902050,0
2021-03-11,63820,0,1965870,0
2021-03-12,65081,0,2030951,0
2021-03-13,51693,0,2082644,0
2021-03-14,35382,0,2118026,0
2021-03-15,73419,0,2191445,0
2021-03-16,74021,0,2265466,0
2021-03-17,83126,0,2348592,0
2021-03-18,81616,0,2430208,0
2021-03-19,81078,0,2511286,0
2021-03-20,64699,0,2575985,0
2021-03-21,47284,0,2623269,0
2021-03-22,69464,0,2692733,0
2021-03-23,75773,0,2768506,0
2021-03-24,90871,0,2859377,0
2021-03-25,89776,0,2949153,0
2021-03-26,83586,0,3032739,0
2021-03-27,71900,0,3104639,0
2021-03-28,44109,0,3148748,0
2021-03-29,70791,0,3219539,0
2021-03-30,81343,0,3300882,0
2021-03-31,96193,0,3397075,0
2021-04-01,95281,0,3492356,0
2021-04-02,84057,0,3576413,0
2021-04-03,64290,0,3640703,0
2021-04-04,21712,0,3662415,0
2021-04-05,40291,0,3702706,0
2021-04-06,81286,0,3783992,0
2021-04-07,95787,0,3879779,0
2021-04-08,95212,0,3974991,0
2021-04-09,88463,0,4063454,0
2021-04-10,74007,0,4137461,0
2021-04-11,44740,0,4182201,0
2021-04-12,66895,0,4249096,0
2021-04-13,72551,0,4321647,0
2021-04-14,85509,0,4407156,0
2021-04-15,105390,0,4512546,0
2021-04-16,106393,0,4618939,0
2021-04-17,90474,0,4709413,0
2021-04-18,58577,0,4767990,0
2021-04-19,93424,0,4861414,0
2021-04-20,103750,0,4965164,0
2021-04-21,125317,0,5090481,0
2021-04-22,143495,0,5233976,0
2021-04-23,138700,0,5372676,0
2021-04-24,124424,0,5497100,0
2021-04-25,61444,0,5558544,0
2021-04-26,97866,0,5656410,0
2021-04-27,128338,0,5784748,0
2021-04-28,156340,0,5941088,0
2021-04-29,195564,0,6136652,0
2021-04-30,214542,0,6351194,0
2021-05-01,174077,0,6525271,0
2021-05-02,135783,0,6661054,0
2021-05-03,141985,0,6803039,0
2021-05-04,158670,0,6961709,0
2021-05-05,170454,0,7132163,0
2021-05-06,197773,0,7329936,0
2021-05-07,213782,0,7543718,0
2021-05-08,213362,0,7757080,0
2021-05-09,143180,0,7900260,0
2021-05-10,165060,0,8065320,0
2021-05-11,174932,0,8240252,0
2021-05-12,179118,0,8419370,0
2021-05-13,203328,0,8622698,0
2021-05-14,222874,0,8845572,0
2021-05-15,210310,0,9055882,0
2021-05-16,159245,0,9215127,0
2021-05-17,219164,0,9434291,0
2021-05-18,212986,0,9647277,0
2021-05-19,207041,0,9854318,0
2021-05-20,270824,0,10125142,0
2021-05-21,270838,0,10395980,0
2021-05-22,245498,0,10641478,0
2021-05-23,197163,0,10838641,0
2021-05-24,228274,0,11066915,0
2021-05-25,245665,0,11312580,0
2021-05-26,277463,0,11590043,0
2021-05-27,311052,0,11901095,0
2021-05-28,299534,0,12200629,0
2021-05-29,231171,0,12431800,0
2021-05-30,170804,0,12602604,0
2021-05-31,216376,0,12818980,0
2021-06-01,207610,0,13026590,0
2021-06-02,115746,0,13142336,0
2021-06-03,180070,0,13322406,0
2021-06-04,184811,0,13507217,0
2021-06-05,185886,0,13693103,0
2021-06-06,139481,0,13832584,0
2021-06-07,161786,0,13994370,0
2021-06-08,171112,0,14165482,0
2021-06-09,171378,0,14336860,0
2021-06-10,173976,0,14510836,0
2021-06-11,169888,0,14680724,0
2021-06-12,128265,0,14808989,0
2021-06-13,91107,0,14900096,0
2021-06-14,214607,0,15114703,0
2021-06-15,228336,0,15343039,0
2021-06-16,253001,0,15596040,0
2021-06-17,301667,0,15897707,0
2021-06-18,306221,0,16203928,0
2021-06-19,275020,0,16478948,0
2021-06-20,220691,0,16699639,0
2021-06-21,288002,0,16987641,0
2021-06-22,296152,0,17283793,0
2021-06-23,302646,0,17586439,0
2021-06-24,332522,0,17918961,0
2021-06-25,348672,0,18267633,0
2021-06-26,300068,0,18567701,0
2021-06-27,228592,0,18796293,0
2021-06-28,307001,0,19103294,0
2021-06-29,329197,0,19432491,0
2021-06-30,342068,0,19774559,0
2021-07-01,363121,0,20137680,0
2021-07-02,368413,0,20506093,0
2021-07-03,371054,0,20877147,0
2021-07-04,283177,0,21160324,0
2021-07-05,384490,0,21544814,0
2021-07-06,385405,0,21930219,0
2021-07-07,412044,0,22342263,0
2021-07-08,479632,0,22821895,0
2021-07-09,498505,0,23320400,0
2021-07-10,475178,0,23795578,0
2021-07-11,357700,0,24153278,0
2021-07-12,485921,0,24639199,0
2021-07-13,492156,0,25131355,0
2021-07-14,480490,0,25611845,0
2021-07-15,523522,0,26135367,0
2021-07-16,509793,0,26645160,0
2021-07-17,464380,0,27109540,0
2021-07-18,364706,0,27474246,0
2021-07-19,463079,0,27937325,0
2021-07-20,458108,0,28395433,0
2021-07-21,462815,0,28858248,0
2021-07-22,475397,0,29333645,0
2021-07-23,441312,0,29774957,0
2021-07-24,386187,0,30161144,0
2021-07-25,287614,0,30448758,0
2021-07-26,430908,0,30879666,0
2021-07-27,440129,0,31319795,0
2021-07-28,391024,0,31710819,0
2021-07-29,372081,0,32082900,0
2021-07-30,341482,0,32424382,0
2021-07-31,286989,0,32711371,0
2021-08-01,191019,0,32902390,0
2021-08-02,333717,0,33236107,0
2021-08-03,323179,0,33559286,0
2021-08-04,310956,0,33870242,0
2021-08-05,292516,0,34162758,0
2021-08-06,259984,0,34422742,0
2021-08-07,199028,0,34621770,0
2021-08-08,153099,0,34774869,0
2021-08-09,234059,0,35008928,0
2021-08-10,205235,0,35214163,0
2021-08-11,193730,0,35407893,0
2021-08-12,167939,0,35575832,0
2021-08-13,148573,0,35724405,0
2021-08-14,66081,0,35790486,0
2021-08-15,26330,0,35816816,0
2021-08-16,114661,0,35931477,0
2021-08-17,129224,0,36060701,0
2021-08-18,128720,0,36189421,0
2021-08-19,124765,0,36314186,0
2021-08-20,123769,0,36437955,0
2021-08-21,83096,0,36521051,0
2021-08-22,68159,0,36589210,0
2021-08-23,176858,0,36766068,0
2021-08-24,156893,0,36922961,0
2021-08-25,177167,0,37100128,0
2021-08-26,172338,0,37272466,0
2021-08-27,185854,0,37458320,0
2021-08-28,140261,0,37598581,0
2021-08-29,99010,0,37697591,0
2021-08-30,209626,0,37907217,0
2021-08-31,194617,0,38101834,0
2021-09-01,192209,0,38294043,0
2021-09-02,189934,0,38483977,0
2021-09-03,191350,0,38675327,0
2021-09-04,131492,0,38806819,0
2021-09-05,87874,0,38894693,0
2021-09-06,193663,0,39088356,0
2021-09-07,196076,0,39284432,0
2021-09-08,187920,0,39472352,0
2021-09-09,201484,0,39673836,0
2021-09-10,198115,0,39871951,0
2021-09-11,141337,0,40013288,0
2021-09-12,89608,0,40102896,0
2021-09-13,191188,513,40294084,513
2021-09-14,177277,548,40471361,1061
2021-09-15,163127,552,40634488,1613
2021-09-16,160103,892,40794591,2505
2021-09-17,150170,1088,40944761,3593
2021-09-18,127970,714,41072731,4307
2021-09-19,81130,478,41153861,4785
2021-09-20,180078,9045,41333939,13830
2021-09-21,166608,8811,41500547,22641
2021-09-22,159060,9414,41659607,32055
2021-09-23,138062,9308,41797669,41363
2021-09-24,140521,8940,41938190,50303
2021-09-25,119531,5621,42057721,55924
2021-09-26,71942,4332,42129663,60256
2021-09-27,135613,10030,42265276,70286
2021-09-28,117464,11369,42382740,81655
2021-09-29,112302,11818,42495042,93473
2021-09-30,110210,14926,42605252,108399
2021-10-01,94947,19096,42700199,127495
2021-10-02,78453,14009,42778652,141504
2021-10-03,47710,7651,42826362,149155
2021-10-04,88369,34435,42914731,183590
2021-10-05,80350,33961,42995081,217551
2021-10-06,71964,34143,43067045,251694
2021-10-07,71833,34334,43138878,286028
2021-10-08,80605,33579,43219483,319607
2021-10-09,76089,22157,43295572,341764
2021-10-10,45767,13608,43341339,355372
2021-10-11,87393,41092,43428732,396464
2021-10-12,84473,46883,43513205,443347
2021-10-13,88178,52093,43601383,495440
2021-10-14,91501,58485,43692884,553925
2021-10-15,93573,55600,43786457,609525
2021-10-16,82952,36766,43869409,646291
2021-10-17,51457,23818,43920866,670109
2021-10-18,90277,59467,44011143,729576
2021-10-19,78332,69361,44089475,798937
2021-10-20,75072,78139,44164547,877076
2021-10-21,78303,81729,44242850,958805
2021-10-22,73794,77004,44316644,1035809
2021-10-23,60807,51945,44377451,1087754
2021-10-24,33387,23435,44410838,1111189
2021-10-25,64899,81611,44475737,1192800
2021-10-26,58366,91765,44534103,1284565
2021-10-27,58325,103943,44592428,1388508
2021-10-28,61459,114088,44653887,1502596
2021-10-29,61670,103086,44715557,1605682
2021-10-30,50673,68102,44766230,1673784
2021-10-31,25167,28280,44791397,1702064
2021-11-01,19046,28145,44810443,1730209
2021-11-02,62777,89347,44873220,1819556
2021-11-03,60731,118647,44933951,1938203
2021-11-04,59247,126640,44993198,2064843
2021-11-05,63101,135153,45056299,2199996
2021-11-06,46471,90915,45102770,2290911
2021-11-07,22253,37889,45125023,2328800
2021-11-08,51525,131246,45176548,2460046
2021-11-09,45401,144176,45221949,2604222
2021-11-10,42573,156340,45264522,2760562
2021-11-11,44932,155122,45309454,2915684
2021-11-12,46368,158551,45355822,3074235
2021-11-13,33250,116639,45389072,3190874
2021-11-14,14476,52444,45403548,3243318
2021-11-15,36892,157409,45440440,3400727
2021-11-16,30536,171361,45470976,3572088
2021-11-17,28436,178426,45499412,3750514
2021-11-18,30272,193699,45529684,3944213
2021-11-19,28786,205830,45558470,4150043
2021-11-20,20980,156431,45579450,4306474
2021-11-21,10604,64860,45590054,4371334
2021-11-22,21924,213133,45611978,4584467
2021-11-23,23550,241731,45635528,4826198
2021-11-24,27815,270930,45663343,5097128
2021-11-25,23209,301890,45686552,5399018
2021-11-26,24553,318251,45711105,5717269
2021-11-27,21355,266140,45732460,5983409
2021-11-28,9886,137049,45742346,6120458
2021-11-29,22297,326050,45764643,6446508
2021-11-30,23060,365812,45787703,6812320
2021-12-01,21495,413489,45809198,7225809
2021-12-02,23736,440374,45832934,7666183
2021-12-03,25193,467433,45858127,8133616
2021-12-04,22325,418716,45880452,8552332
2021-12-05,11897,261326,45892349,8813658
2021-12-06,25778,457552,45918127,9271210
2021-12-07,24089,480234,45942216,9751444
2021-12-08,9976,249673,45952192,10001117
2021-12-09,31524,491903,45983716,10493020
2021-12-10,28013,517850,46011729,11010870
2021-12-11,23515,459229,46035244,11470099
2021-12-12,12281,293485,46047525,11763584
2021-12-13,26105,467606,46073630,12231190
2021-12-14,25126,494177,46098756,12725367
2021-12-15,25289,517115,46124045,13242482
2021-12-16,27823,520215,46151868,13762697
2021-12-17,29291,517147,46181159,14279844
2021-12-18,26971,468700,46208130,14748544
2021-12-19,15107,300506,46223237,15049050
2021-12-20,30557,477454,46253794,15526504
2021-12-21,30300,493358,46284094,16019862
2021-12-22,29380,484682,46313474,16504544
2021-12-23,28168,426884,46341642,16931428
2021-12-24,13089,210812,46354731,17142240
2021-12-25,2100,33053,46356831,17175293
2021-12-26,8736,159060,46365567,17334353
2021-12-27,46696,504635,46412263,17838988
2021-12-28,42358,554181,46454621,18393169
2021-12-29,34214,550629,46488835,18943798
2021-12-30,31721,499802,46520556,19443600
2021-12-31,14070,247389,46534626,19690989
2022-01-01,3480,64811,46538106,19755800
2022-01-02,22679,276714,46560785,20032514
2022-01-03,47663,519999,46608448,20552513
2022-01-04,46154,572058,46654602,21124571
2022-01-05,40561,560371,46695163,21684942
2022-01-06,23364,274476,46718527,21959418
2022-01-07,63471,554168,46781998,22513586
2022-01-08,60625,503359,46842623,23016945
2022-01-09,42637,319680,46885260,23336625
2022-01-10,60867,542257,46946127,23878882
2022-01-11,61457,586967,47007584,24465849
2022-01-12,58192,581266,47065776,25047115
2022-01-13,58342,580360,47124118,25627475
2022-01-14,46540,588550,47170658,26216025
2022-01-15,39054,569923,47209712,26785948
2022-01-16,30998,341846,47240710,27127794
2022-01-17,54582,489638,47295292,27617432
2022-01-18,58200,516998,47353492,28134430
2022-01-19,57018,502766,47410510,28637196
2022-01-20,54164,498797,47464674,29135993
2022-01-21,41879,493847,47506553,29629840
2022-01-22,30958,469583,47537511,30099423
2022-01-23,34787,275360,47572298,30374783
2022-01-24,56051,437197,47628349,30811980
2022-01-25,61408,452075,47689757,31264055
2022-01-26,58414,435803,47748171,31699858
2022-01-27,48722,432342,47796893,32132200
2022-01-28,58532,436514,47855425,32568714
2022-01-29,67959,412470,47923384,32981184
2022-01-30,50273,235960,47973657,33217144
2022-01-31,60450,356915,48034107,33574059
2022-02-01,65404,328416,48099511,33902475
2022-02-02,63056,296948,48162567,34199423
2022-02-03,59940,274506,48222507,34473929
2022-02-04,72258,268433,48294765,34742362
2022-02-05,83659,248517,48378424,34990879
2022-02-06,55211,116190,48433635,35107069
2022-02-07,65053,199923,48498688,35306992
2022-02-08,66838,186096,48565526,35493088
2022-02-09,58681,166322,48624207,35659410
2022-02-10,58474,163227,48682681,35822637
2022-02-11,62152,162445,48744833,35985082
2022-02-12,71897,152132,48816730,36137214
2022-02-13,41435,68848,48858165,36206062
2022-02-14,46614,116178,48904779,36322240
2022-02-15,48456,123475,48953235,36445715
2022-02-16,45621,106104,48998856,36551819
2022-02-17,42820,98093,49041676,36649912
2022-02-18,46555,112563,49088231,36762475
2022-02-19,52488,100321,49140719,36862796
2022-02-20,31395,40358,49172114,36903154
2022-02-21,37862,89636,49209976,36992790
2022-02-22,37172,83764,49247148,37076554
2022-02-23,33354,79398,49280502,37155952
2022-02-24,32527,78155,49313029,37234107
2022-02-25,34723,90700,49347752,37324807
2022-02-26,39129,89126,49386881,37413933
2022-02-27,22534,35854,49409415,37449787
2022-02-28,28445,81688,49437860,37531475
2022-03-01,22668,53932,49460528,37585407
2022-03-02,21972,50623,49482500,37636030
2022-03-03,22572,54933,49505072,37690963
2022-03-04,23195,62787,49528267,37753750
2022-03-05,23757,57949,49552024,37811699
2022-03-06,9464,17199,49561488,37828898
2022-03-07,15883,51386,49577371,37880284
2022-03-08,15432,48793,49592803,37929077
2022-03-09,13777,46510,49606580,37975587
2022-03-10,14006,52111,49620586,38027698
2022-03-11,15542,57243,49636128,38084941
2022-03-12,15475,56611,49651603,38141552
2022-03-13,5539,16848,49657142,38158400
2022-03-14,10502,46689,49667644,38205089
2022-03-15,10515,46891,49678159,38251980
2022-03-16,9457,41974,49687616,38293954
2022-03-17,9682,44872,49697298,38338826
2022-03-18,10141,49044,49707439,38387870
2022-03-19,9133,46530,49716572,38434400
2022-03-20,2603,11699,49719175,38446099
2022-03-21,7562,40212,49726737,38486311
2022-03-22,8425,37742,49735162,38524053
2022-03-23,7193,33694,49742355,38557747
2022-03-24,8235,38789,49750590,38596536
2022-03-25,8108,43657,49758698,38640193
2022-03-26,8113,41717,49766811,38681910
2022-03-27,2424,9683,49769235,38691593
2022-03-28,6093,35225,49775328,38726818
2022-03-29,5768,32521,49781096,38759339
2022-03-30,5548,30188,49786644,38789527
2022-03-31,5872,33166,49792516,38822693
2022-04-01,4337,25176,49796853,38847869
2022-04-02,4485,23268,49801338,38871137
2022-04-03,1045,4498,49802383,38875635
2022-04-04,3647,21530,49806030,38897165
2022-04-05,3743,22920,49809773,38920085
2022-04-06,4091,21830,49813864,38941915
2022-04-07,3946,23316,49817810,38965231
2022-04-08,4679,26707,49822489,38991938
2022-04-09,4372,23879,49826861,39015817
2022-04-10,891,4614,49827752,39020431
2022-04-11,3793,22679,49831545,39043110
2022-04-12,3350,21773,49834895,39064883
2022-04-13,3550,21333,49838445,39086216
2022-04-14,3474,23769,49841919,39109985
2022-04-15,3074,20612,49844993,39130597
2022-04-16,2144,11920,49847137,39142517
2022-04-17,63,348,49847200,39142865
2022-04-18,148,650,49847348,39143515
2022-04-19,3479,21976,49850827,39165491
2022-04-20,3488,20249,49854315,39185740
2022-04-21,2833,19774,49857148,39205514
2022-04-22,2907,20695,49860055,39226209
2022-04-23,2633,16204,49862688,39242413
2022-04-24,508,2335,49863196,39244748
2022-04-25,183,1165,49863379,39245913
2022-04-26,2751,17790,49866130,39263703
2022-04-27,2362,15776,49868492,39279479
2022-04-28,2343,15530,49870835,39295009
2022-04-29,2287,14831,49873122,39309840
2022-04-30,2115,11576,49875237,39321416
2022-05-01,113,530,49875350,39321946
2022-05-02,1440,9380,49876790,39331326
2022-05-03,1568,10304,49878358,39341630
2022-05-04,1744,10254,49880102,39351884
2022-05-05,1644,10261,49881746,39362145
2022-05-06,1692,10942,49883438,39373087
2022-05-07,1429,8562,49884867,39381649
2022-05-08,404,1514,49885271,39383163
2022-05-09,1024,8913,49886295,39392076
2022-05-10,1418,9536,49887713,39401612
2022-05-11,1476,10085,49889189,39411697
2022-05-12,1361,10116,49890550,39421813
2022-05-13,1586,10505,49892136,39432318
2022-05-14,1356,8226,49893492,39440544
2022-05-15,336,1129,49893828,39441673
2022-05-16,807,8385,49894635,39450058
2022-05-17,1241,8665,49895876,39458723
2022-05-18,1368,9203,49897244,39467926
2022-05-19,1493,9264,49898737,39477190
2022-05-20,1419,9488,49900156,39486678
2022-05-21,1298,7892,49901454,39494570
2022-05-22,232,1012,49901686,39495582
2022-05-23,824,8259,49902510,39503841
2022-05-24,1069,8660,49903579,39512501
2022-05-25,1363,9443,49904942,39521944
2022-05-26,1191,9452,49906133,39531396
2022-05-27,1223,9906,49907356,39541302
2022-05-28,1201,7870,49908557,39549172
2022-05-29,285,1263,49908842,39550435
2022-05-30,926,8023,49909768,39558458
2022-05-31,1032,8528,49910800,39566986
2022-06-01,889,7641,49911689,39574627
2022-06-02,34,474,49911723,39575101
2022-06-03,811,7325,49912534,39582426
2022-06-04,869,5155,49913403,39587581
2022-06-05,89,586,49913492,39588167
2022-06-06,662,6961,49914154,39595128
2022-06-07,927,7841,49915081,39602969
2022-06-08,977,7895,49916058,39610864
2022-06-09,1029,8398,49917087,39619262
2022-06-10,948,8534,49918035,39627796
2022-06-11,897,6208,49918932,39634004
2022-06-12,140,767,49919072,39634771
2022-06-13,600,6292,49919672,39641063
2022-06-14,823,7868,49920495,39648931
2022-06-15,948,7843,49921443,39656774
2022-06-16,726,7381,49922169,39664155
2022-06-17,715,7229,49922884,39671384
2022-06-18,774,5587,49923658,39676971
2022-06-19,45,522,49923703,39677493
2022-06-20,586,6690,49924289,39684183
2022-06-21,728,7633,49925017,39691816
2022-06-22,773,7298,49925790,39699114
2022-06-23,642,7451,49926432,39706565
2022-06-24,634,7450,49927066,39714015
2022-06-25,832,6529,49927898,39720544
2022-06-26,128,523,49928026,39721067
2022-06-27,527,7106,49928553,39728173
2022-06-28,739,8186,49929292,39736359
2022-06-29,754,7704,49930046,39744063
2022-06-30,739,8117,49930785,39752180
2022-07-01,573,6432,49931358,39758612
2022-07-02,535,4763,49931893,39763375
2022-07-03,49,463,49931942,39763838
2022-07-04,469,6248,49932411,39770086
2022-07-05,616,8102,49933027,39778188
2022-07-06,619,7566,49933646,39785754
2022-07-07,556,8237,49934202,39793991
2022-07-08,665,8054,49934867,39802045
2022-07-09,546,6096,49935413,39808141
2022-07-10,59,533,49935472,39808674
2022-07-11,473,7615,49935945,39816289
2022-07-12,636,8944,49936581,39825233
2022-07-13,618,10031,49937199,39835264
2022-07-14,617,10146,49937816,39845410
2022-07-15,630,10558,49938446,39855968
2022-07-16,510,7181,49938956,39863149
2022-07-17,47,764,49939003,39863913
2022-07-18,486,9298,49939489,39873211
2022-07-19,556,10473,49940045,39883684
2022-07-20,550,11076,49940595,39894760
2022-07-21,604,11651,49941199,39906411
2022-07-22,415,6144,49941614,39912555