data_somministrazione,vaccinazioni,booster,cum_vaccinazioni,cum_booster
2020-12-27,19,0,19,0
2020-12-28,2,0,21,0
2020-12-29,1,0,22,0
2020-12-30,6,0,28,0
2020-12-31,62,0,90,0
2021-01-01,22,0,112,0
2021-01-02,100,0,212,0
2021-01-03,74,0,286,0
2021-01-04,192,0,478,0
2021-01-05,232,0,710,0
2021-01-06,185,0,895,0
2021-01-07,278,0,1173,0
2021-01-08,322,0,1495,0
2021-01-09,237,0,1732,0
2021-01-10,143,0,1875,0
2021-01-11,265,0,2140,0
2021-01-12,262,0,2402,0
2021-01-13,383,0,2785,0
2021-01-14,467,0,3252,0
2021-01-15,291,0,3543,0
2021-01-16,202,0,3745,0
2021-01-17,3057,0,6802,0
2021-01-18,5206,0,12008,0
2021-01-19,1889,0,13897,0
2021-01-20,4652,0,18549,0
2021-01-21,20001,0,38550,0
2021-01-22,14201,0,52751,0
2021-01-23,33334,0,86085,0
2021-01-24,30791,0,116876,0
2021-01-25,64737,0,181613,0
2021-01-26,76503,0,258116,0
2021-01-27,64848,0,322964,0
2021-01-28,89301,0,412265,0
2021-01-29,94036,0,506301,0
2021-01-30,86577,0,592878,0
2021-01-31,57341,0,650219,0
2021-02-01,81877,0,732096,0
2021-02-02,82146,0,814242,0
2021-02-03,91195,0,905437,0
2021-02-04,95403,0,1000840,0
2021-02-05,90284,0,1091124,0
2021-02-06,63451,0,1154575,0
2021-02-07,32926,0,1187501,0
2021-02-08,40432,0,1227933,0
2021-02-09,32865,0,1260798,0
2021-02-10,28420,0,1289218,0
2021-02-11,20388,0,1309606,0
2021-02-12,16225,0,1325831,0
2021-02-13,7250,0,1333081,0
2021-02-14,2861,0,1335942,0
2021-02-15,6836,0,1342778,0
2021-02-16,6993,0,1349771,0
2021-02-17,10518,0,1360289,0
2021-02-18,9245,0,1369534,0
2021-02-19,8238,0,1377772,0
2021-02-20,5536,0,1383308,0
2021-02-21,2985,0,1386293,0
2021-02-22,6881,0,1393174,0
2021-02-23,7159,0,1400333,0
2021-02-24,9824,0,1410157,0
2021-02-25,14200,0,1424357,0
2021-02-26,17551,0,1441908,0
2021-02-27,13898,0,1455806,0
2021-02-28,9387,0,1465193,0
2021-03-01,26507,0,1491700,0
2021-03-02,33236,0,1524936,0
2021-03-03,44643,0,1569579,0
2021-03-04,50287,0,1619866,0
2021-03-05,55734,0,1675600,0
2021-03-06,41871,0,1717471,0
2021-03-07,22321,0,1739792,0
2021-03-08,50795,0,1790587,0
2021-03-09,53056,0,1843643,0
2021-03-10,58621,0,1902264,0
2021-03-11,63836,0,1966100,0
2021-03-12,65093,0,2031193,0
2021-03-13,51706,0,2082899,0
2021-03-14,35384,0,2118283,0
2021-03-15,73425,0,2191708,0
2021-03-16,74022,0,2265730,0
2021-03-17,83128,0,2348858,0
2021-03-18,81621,0,2430479,0
2021-03-19,81078,0,2511557,0
2021-03-20,64707,0,2576264,0
2021-03-21,47284,0,2623548,0
2021-03-22,69470,0,2693018,0
2021-03-23,75776,0,2768794,0
2021-03-24,90887,0,2859681,0
2021-03-25,89785,0,2949466,0
2021-03-26,83601,0,3033067,0
2021-03-27,71916,0,3104983,0
2021-03-28,44124,0,3149107,0
2021-03-29,70805,0,3219912,0
2021-03-30,81355,0,3301267,0
2021-03-31,96218,0,3397485,0
2021-04-01,95291,0,3492776,0
2021-04-02,84061,0,3576837,0
2021-04-03,64295,0,3641132,0
2021-04-04,21716,0,3662848,0
2021-04-05,40295,0,3703143,0
2021-04-06,81297,0,3784440,0
2021-04-07,95804,0,3880244,0
2021-04-08,95226,0,3975470,0
2021-04-09,88477,0,4063947,0
2021-04-10,74024,0,4137971,0
2021-04-11,44749,0,4182720,0
2021-04-12,66908,0,4249628,0
2021-04-13,72560,0,4322188,0
2021-04-14,85515,0,4407703,0
2021-04-15,105399,0,4513102,0
2021-04-16,106408,0,4619510,0
2021-04-17,90489,0,4709999,0
2021-04-18,58582,0,4768581,0
2021-04-19,93422,0,4862003,0
2021-04-20,103762,0,4965765,0
2021-04-21,125325,0,5091090,0
2021-04-22,143501,0,5234591,0
2021-04-23,138716,0,5373307,0
2021-04-24,124433,0,5497740,0
2021-04-25,61453,0,5559193,0
2021-04-26,97874,0,5657067,0
2021-04-27,128348,0,5785415,0
2021-04-28,156347,0,5941762,0
2021-04-29,195577,0,6137339,0
2021-04-30,214555,0,6351894,0
2021-05-01,174088,0,6525982,0
2021-05-02,135791,0,6661773,0
2021-05-03,142000,0,6803773,0
2021-05-04,158673,0,6962446,0
2021-05-05,170466,0,7132912,0
2021-05-06,197784,0,7330696,0
2021-05-07,213799,0,7544495,0
2021-05-08,213381,0,7757876,0
2021-05-09,143189,0,7901065,0
2021-05-10,165081,0,8066146,0
2021-05-11,174953,0,8241099,0
2021-05-12,179142,0,8420241,0
2021-05-13,203355,0,8623596,0
2021-05-14,222889,0,8846485,0
2021-05-15,210328,0,9056813,0
2021-05-16,159260,0,9216073,0
2021-05-17,219176,0,9435249,0
2021-05-18,212995,0,9648244,0
2021-05-19,207067,0,9855311,0
2021-05-20,270834,0,10126145,0
2021-05-21,270859,0,10397004,0
2021-05-22,245513,0,10642517,0
2021-05-23,197173,0,10839690,0
2021-05-24,228288,0,11067978,0
2021-05-25,245684,0,11313662,0
2021-05-26,277478,0,11591140,0
2021-05-27,311079,0,11902219,0
2021-05-28,299557,0,12201776,0
2021-05-29,231190,0,12432966,0
2021-05-30,170821,0,12603787,0
2021-05-31,216405,0,12820192,0
2021-06-01,207629,0,13027821,0
2021-06-02,115767,0,13143588,0
2021-06-03,180097,0,13323685,0
2021-06-04,184843,0,13508528,0
2021-06-05,185917,0,13694445,0
2021-06-06,139504,0,13833949,0
2021-06-07,161832,0,13995781,0
2021-06-08,171152,0,14166933,0
2021-06-09,171423,0,14338356,0
2021-06-10,174035,0,14512391,0
2021-06-11,169925,0,14682316,0
2021-06-12,128296,0,14810612,0
2021-06-13,91133,0,14901745,0
2021-06-14,214630,0,15116375,0
2021-06-15,228377,0,15344752,0
2021-06-16,253027,0,15597779,0
2021-06-17,301691,0,15899470,0
2021-06-18,306250,0,16205720,0
2021-06-19,275044,0,16480764,0
2021-06-20,220730,0,16701494,0
2021-06-21,288030,0,16989524,0
2021-06-22,296178,0,17285702,0
2021-06-23,302658,0,17588360,0
2021-06-24,332549,0,17920909,0
2021-06-25,348687,0,18269596,0
2021-06-26,300084,0,18569680,0
2021-06-27,228607,0,18798287,0
2021-06-28,307028,0,19105315,0
2021-06-29,329233,0,19434548,0
2021-06-30,342099,0,19776647,0
2021-07-01,363147,0,20139794,0
2021-07-02,368426,0,20508220,0
2021-07-03,371063,0,20879283,0
2021-07-04,283186,0,21162469,0
2021-07-05,384495,0,21546964,0
2021-07-06,385425,0,21932389,0
2021-07-07,412064,0,22344453,0
2021-07-08,479626,0,22824079,0
2021-07-09,498490,0,23322569,0
2021-07-10,475180,0,23797749,0
2021-07-11,357706,0,24155455,0
2021-07-12,485915,0,24641370,0
2021-07-13,492147,0,25133517,0
2021-07-14,480478,0,25613995,0
2021-07-15,523491,0,26137486,0
2021-07-16,509793,0,26647279,0
2021-07-17,464372,0,27111651,0
2021-07-18,364701,0,27476352,0
2021-07-19,463079,0,27939431,0
2021-07-20,458089,0,28397520,0
2021-07-21,462821,0,28860341,0
2021-07-22,475395,0,29335736,0
2021-07-23,441315,0,29777051,0
2021-07-24,386192,0,30163243,0
2021-07-25,287599,0,30450842,0
2021-07-26,430897,0,30881739,0
2021-07-27,440129,0,31321868,0
2021-07-28,391019,0,31712887,0
2021-07-29,372075,0,32084962,0
2021-07-30,341511,0,32426473,0
2021-07-31,287015,0,32713488,0
2021-08-01,191026,0,32904514,0
2021-08-02,333733,0,33238247,0
2021-08-03,323185,0,33561432,0
2021-08-04,310969,0,33872401,0
2021-08-05,292512,0,34164913,0
2021-08-06,260005,0,34424918,0
2021-08-07,199048,0,34623966,0
2021-08-08,153107,0,34777073,0
2021-08-09,234075,0,35011148,0
2021-08-10,205246,0,35216394,0
2021-08-11,193755,0,35410149,0
2021-08-12,167970,0,35578119,0
2021-08-13,148597,0,35726716,0
2021-08-14,66086,0,35792802,0
2021-08-15,26333,0,35819135,0
2021-08-16,114673,0,35933808,0
2021-08-17,129237,0,36063045,0
2021-08-18,128731,0,36191776,0
2021-08-19,124784,0,36316560,0
2021-08-20,123787,0,36440347,0
2021-08-21,83113,0,36523460,0
2021-08-22,68163,0,36591623,0
2021-08-23,176865,0,36768488,0
2021-08-24,156907,0,36925395,0
2021-08-25,177169,0,37102564,0
2021-08-26,172353,0,37274917,0
2021-08-27,185842,0,37460759,0
2021-08-28,140270,0,37601029,0
2021-08-29,99004,0,37700033,0
2021-08-30,209635,0,37909668,0
2021-08-31,194629,0,38104297,0
2021-09-01,192216,0,38296513,0
2021-09-02,189943,0,38486456,0
2021-09-03,191337,0,38677793,0
2021-09-04,131486,0,38809279,0
2021-09-05,87870,0,38897149,0
2021-09-06,193658,0,39090807,0
2021-09-07,196066,0,39286873,0
2021-09-08,187911,0,39474784,0
2021-09-09,201480,0,39676264,0
2021-09-10,198114,0,39874378,0
2021-09-11,141328,0,40015706,0
2021-09-12,89602,0,40105308,0
2021-09-13,191165,547,40296473,547
2021-09-14,177269,568,40473742,1115
2021-09-15,163133,565,40636875,1680
2021-09-16,160104,913,40796979,2593
2021-09-17,150169,1110,40947148,3703
2021-09-18,127978,730,41075126,4433
2021-09-19,81130,489,41156256,4922
2021-09-20,180078,9066,41336334,13988
2021-09-21,166629,8826,41502963,22814
2021-09-22,159078,9428,41662041,32242
2021-09-23,138079,9318,41800120,41560
2021-09-24,140542,8947,41940662,50507
2021-09-25,119546,5629,42060208,56136
2021-09-26,71948,4338,42132156,60474
2021-09-27,135632,10037,42267788,70511
2021-09-28,117486,11377,42385274,81888
2021-09-29,112328,11822,42497602,93710
2021-09-30,110219,14943,42607821,108653
2021-10-01,94971,19102,42702792,127755
2021-10-02,78471,14010,42781263,141765
2021-10-03,47729,7655,42828992,149420
2021-10-04,88373,34440,42917365,183860
2021-10-05,80360,33968,42997725,217828
2021-10-06,71978,34156,43069703,251984
2021-10-07,71850,34340,43141553,286324
2021-10-08,80621,33588,43222174,319912
2021-10-09,76101,22163,43298275,342075
2021-10-10,45772,13614,43344047,355689
2021-10-11,87407,41100,43431454,396789
2021-10-12,84488,46893,43515942,443682
2021-10-13,88182,52108,43604124,495790
2021-10-14,91520,58502,43695644,554292
2021-10-15,93581,55619,43789225,609911
2021-10-16,82957,36778,43872182,646689
2021-10-17,51459,23823,43923641,670512
2021-10-18,90290,59476,44013931,729988
2021-10-19,78341,69370,44092272,799358
2021-10-20,75072,78160,44167344,877518
2021-10-21,78299,81746,44245643,959264
2021-10-22,73794,77014,44319437,1036278
2021-10-23,60810,51949,44380247,1088227
2021-10-24,33380,23448,44413627,1111675
2021-10-25,64901,81622,44478528,1193297
2021-10-26,58373,91774,44536901,1285071
2021-10-27,58328,103962,44595229,1389033
2021-10-28,61469,114095,44656698,1503128
2021-10-29,61660,103105,44718358,1606233
2021-10-30,50669,68110,44769027,1674343
2021-10-31,25166,28285,44794193,1702628
2021-11-01,19047,28147,44813240,1730775
2021-11-02,62768,89368,44876008,1820143
2021-11-03,60734,118656,44936742,1938799
2021-11-04,59243,126656,44995985,2065455
2021-11-05,63093,135166,45059078,2200621
2021-11-06,46471,90922,45105549,2291543
2021-11-07,22253,37892,45127802,2329435
2021-11-08,51526,131259,45179328,2460694
2021-11-09,45403,144194,45224731,2604888
2021-11-10,42579,156343,45267310,2761231
2021-11-11,44935,155135,45312245,2916366
2021-11-12,46373,158569,45358618,3074935
2021-11-13,33250,116643,45391868,3191578
2021-11-14,14478,52446,45406346,3244024
2021-11-15,36893,157421,45443239,3401445
2021-11-16,30545,171374,45473784,3572819
2021-11-17,28447,178434,45502231,3751253
2021-11-18,30282,193709,45532513,3944962
2021-11-19,28798,205847,45561311,4150809
2021-11-20,20989,156434,45582300,4307243
2021-11-21,10609,64855,45592909,4372098
2021-11-22,21927,213139,45614836,4585237
2021-11-23,23562,241740,45638398,4826977
2021-11-24,27828,270941,45666226,5097918
2021-11-25,23229,301895,45689455,5399813
2021-11-26,24574,318262,45714029,5718075
2021-11-27,21375,266149,45735404,5984224
2021-11-28,9895,137053,45745299,6121277
2021-11-29,22315,326061,45767614,6447338
2021-11-30,23076,365819,45790690,6813157
2021-12-01,21509,413499,45812199,7226656
2021-12-02,23749,440376,45835948,7667032
2021-12-03,25225,467450,45861173,8134482
2021-12-04,22349,418726,45883522,8553208
2021-12-05,11903,261329,45895425,8814537
2021-12-06,25802,457562,45921227,9272099
2021-12-07,24109,480246,45945336,9752345
2021-12-08,9994,249678,45955330,10002023
2021-12-09,31560,491913,45986890,10493936
2021-12-10,28044,517864,46014934,11011800
2021-12-11,23541,459239,46038475,11471039
2021-12-12,12292,293495,46050767,11764534
2021-12-13,26128,467618,46076895,12232152
2021-12-14,25151,494187,46102046,12726339
2021-12-15,25304,517127,46127350,13243466
2021-12-16,27864,520239,46155214,13763705
2021-12-17,29341,517160,46184555,14280865
2021-12-18,27023,468711,46211578,14749576
2021-12-19,15126,300514,46226704,15050090
2021-12-20,30607,477467,46257311,15527557
2021-12-21,30349,493377,46287660,16020934
2021-12-22,29428,484696,46317088,16505630
2021-12-23,28221,426891,46345309,16932521
2021-12-24,13106,210819,46358415,17143340
2021-12-25,2101,33052,46360516,17176392
2021-12-26,8751,159065,46369267,17335457
2021-12-27,46749,504651,46416016,17840108
2021-12-28,42416,554202,46458432,18394310
2021-12-29,34310,550625,46492742,18944935
2021-12-30,31793,499818,46524535,19444753
2021-12-31,14097,247394,46538632,19692147
2022-01-01,3493,64812,46542125,19756959
2022-01-02,22734,276716,46564859,20033675
2022-01-03,47786,520007,46612645,20553682
2022-01-04,46293,572070,46658938,21125752
2022-01-05,40678,560379,46699616,21686131
2022-01-06,23441,274481,46723057,21960612
2022-01-07,63618,554177,46786675,22514789
2022-01-08,60770,503376,46847445,23018165
2022-01-09,42764,319684,46890209,23337849
2022-01-10,61000,542272,46951209,23880121
2022-01-11,61631,586980,47012840,24467101
2022-01-12,58366,581271,47071206,25048372
2022-01-13,58520,580372,47129726,25628744
2022-01-14,46701,588559,47176427,26217303
2022-01-15,39262,569934,47215689,26787237
2022-01-16,31120,341849,47246809,27129086
2022-01-17,54713,489643,47301522,27618729
2022-01-18,58318,517008,47359840,28135737
2022-01-19,57130,502781,47416970,28638518
2022-01-20,54272,498810,47471242,29137328
2022-01-21,41994,493867,47513236,29631195
2022-01-22,31088,469590,47544324,30100785
2022-01-23,34878,275365,47579202,30376150
2022-01-24,56123,437208,47635325,30813358
2022-01-25,61499,452086,47696824,31265444
2022-01-26,58489,435814,47755313,31701258
2022-01-27,48782,432353,47804095,32133611
2022-01-28,58624,436526,47862719,32570137
2022-01-29,68049,412477,47930768,32982614
2022-01-30,50336,235965,47981104,33218579
2022-01-31,60571,356920,48041675,33575499
2022-02-01,65491,328430,48107166,33903929
2022-02-02,63137,296961,48170303,34200890
2022-02-03,60011,274512,48230314,34475402
2022-02-04,72324,268445,48302638,34743847
2022-02-05,83708,248524,48386346,34992371
2022-02-06,55256,116194,48441602,35108565
2022-02-07,65101,199928,48506703,35308493
2022-02-08,66897,186102,48573600,35494595
2022-02-09,58729,166330,48632329,35660925
2022-02-10,58526,163231,48690855,35824156
2022-02-11,62215,162451,48753070,35986607
2022-02-12,71943,152135,48825013,36138742
2022-02-13,41461,68849,48866474,36207591
2022-02-14,46653,116182,48913127,36323773
2022-02-15,48500,123477,48961627,36447250
2022-02-16,45659,106110,49007286,36553360
2022-02-17,42847,98100,49050133,36651460
2022-02-18,46593,112565,49096726,36764025
2022-02-19,52514,100326,49149240,36864351
2022-02-20,31409,40360,49180649,36904711
2022-02-21,37883,89642,49218532,36994353
2022-02-22,37209,83769,49255741,37078122
2022-02-23,33373,79404,49289114,37157526
2022-02-24,32545,78160,49321659,37235686
2022-02-25,34745,90703,49356404,37326389
2022-02-26,39143,89131,49395547,37415520
2022-02-27,22539,35855,49418086,37451375
2022-02-28,28463,81691,49446549,37533066
2022-03-01,22698,53934,49469247,37587000
2022-03-02,21987,50627,49491234,37637627
2022-03-03,22599,54940,49513833,37692567
2022-03-04,23208,62790,49537041,37755357
2022-03-05,23782,57950,49560823,37813307
2022-03-06,9469,17200,49570292,37830507
2022-03-07,15897,51389,49586189,37881896
2022-03-08,15448,48795,49601637,37930691
2022-03-09,13801,46514,49615438,37977205
2022-03-10,14030,52115,49629468,38029320
2022-03-11,15566,57251,49645034,38086571
2022-03-12,15490,56614,49660524,38143185
2022-03-13,5542,16848,49666066,38160033
2022-03-14,10516,46691,49676582,38206724
2022-03-15,10534,46892,49687116,38253616
2022-03-16,9470,41978,49696586,38295594
2022-03-17,9698,44875,49706284,38340469
2022-03-18,10150,49052,49716434,38389521
2022-03-19,9142,46531,49725576,38436052
2022-03-20,2606,11699,49728182,38447751
2022-03-21,7571,40222,49735753,38487973
2022-03-22,8439,37748,49744192,38525721
2022-03-23,7205,33695,49751397,38559416
2022-03-24,8246,38795,49759643,38598211
2022-03-25,8127,43665,49767770,38641876
2022-03-26,8120,41719,49775890,38683595
2022-03-27,2428,9682,49778318,38693277
2022-03-28,6097,35230,49784415,38728507
2022-03-29,5773,32523,49790188,38761030
2022-03-30,5556,30193,49795744,38791223
2022-03-31,5884,33171,49801628,38824394
2022-04-01,4340,25185,49805968,38849579
2022-04-02,4487,23272,49810455,38872851
2022-04-03,1048,4499,49811503,38877350
2022-04-04,3652,21531,49815155,38898881
2022-04-05,3746,22923,49818901,38921804
2022-04-06,4097,21844,49822998,38943648
2022-04-07,3956,23317,49826954,38966965
2022-04-08,4682,26709,49831636,38993674
2022-04-09,4374,23884,49836010,39017558
2022-04-10,892,4614,49836902,39022172
2022-04-11,3801,22683,49840703,39044855
2022-04-12,3356,21776,49844059,39066631
2022-04-13,3558,21333,49847617,39087964
2022-04-14,3483,23775,49851100,39111739
2022-04-15,3076,20614,49854176,39132353
2022-04-16,2149,11921,49856325,39144274
2022-04-17,63,348,49856388,39144622
2022-04-18,149,650,49856537,39145272
2022-04-19,3488,21978,49860025,39167250
2022-04-20,3498,20248,49863523,39187498
2022-04-21,2838,19781,49866361,39207279
2022-04-22,2916,20693,49869277,39227972
2022-04-23,2637,16206,49871914,39244178
2022-04-24,509,2335,49872423,39246513
2022-04-25,183,1165,49872606,39247678
2022-04-26,2759,17793,49875365,39265471
2022-04-27,2364,15782,49877729,39281253
2022-04-28,2349,15534,49880078,39296787
2022-04-29,2292,14835,49882370,39311622
2022-04-30,2120,11576,49884490,39323198
2022-05-01,113,530,49884603,39323728
2022-05-02,1443,9382,49886046,39333110
2022-05-03,1572,10309,49887618,39343419
2022-05-04,1743,10255,49889361,39353674
2022-05-05,1647,10272,49891008,39363946
2022-05-06,1693,10944,49892701,39374890
2022-05-07,1431,8563,49894132,39383453
2022-05-08,404,1514,49894536,39384967
2022-05-09,1023,8917,49895559,39393884
2022-05-10,1418,9536,49896977,39403420
2022-05-11,1477,10087,49898454,39413507
2022-05-12,1366,10119,49899820,39423626
2022-05-13,1587,10509,49901407,39434135
2022-05-14,1356,8226,49902763,39442361
2022-05-15,336,1129,49903099,39443490
2022-05-16,812,8387,49903911,39451877
2022-05-17,1241,8669,49905152,39460546
2022-05-18,1368,9214,49906520,39469760
2022-05-19,1498,9267,49908018,39479027
2022-05-20,1419,9492,49909437,39488519
2022-05-21,1299,7892,49910736,39496411
2022-05-22,231,1012,49910967,39497423
2022-05-23,826,8260,49911793,39505683
2022-05-24,1070,8665,49912863,39514348
2022-05-25,1365,9444,49914228,39523792
2022-05-26,1192,9453,49915420,39533245
2022-05-27,1223,9910,49916643,39543155
2022-05-28,1202,7873,49917845,39551028
2022-05-29,285,1264,49918130,39552292
2022-05-30,929,8026,49919059,39560318
2022-05-31,1033,8530,49920092,39568848
2022-06-01,891,7644,49920983,39576492
2022-06-02,35,474,49921018,39576966
2022-06-03,813,7327,49921831,39584293
2022-06-04,870,5155,49922701,39589448
2022-06-05,89,586,49922790,39590034
2022-06-06,672,6964,49923462,39596998
2022-06-07,930,7841,49924392,39604839
2022-06-08,981,7897,49925373,39612736
2022-06-09,1034,8399,49926407,39621135
2022-06-10,955,8540,49927362,39629675
2022-06-11,900,6207,49928262,39635882
2022-06-12,140,767,49928402,39636649
2022-06-13,602,6295,49929004,39642944
2022-06-14,825,7880,49929829,39650824
2022-06-15,950,7845,49930779,39658669
2022-06-16,729,7383,49931508,39666052
2022-06-17,719,7238,49932227,39673290
2022-06-18,776,5589,49933003,39678879
2022-06-19,47,522,49933050,39679401
2022-06-20,587,6694,49933637,39686095
2022-06-21,732,7638,49934369,39693733
2022-06-22,780,7303,49935149,39701036
2022-06-23,649,7455,49935798,39708491
2022-06-24,643,7472,49936441,39715963
2022-06-25,835,6531,49937276,39722494
2022-06-26,128,523,49937404,39723017
2022-06-27,532,7118,49937936,39730135
2022-06-28,744,8208,49938680,39738343
2022-06-29,755,7718,49939435,39746061
2022-06-30,743,8131,49940178,39754192
2022-07-01,577,6436,49940755,39760628
2022-07-02,536,4765,49941291,39765393
2022-07-03,49,456,49941340,39765849
2022-07-04,470,6269,49941810,39772118
2022-07-05,623,8107,49942433,39780225
2022-07-06,625,7594,49943058,39787819
2022-07-07,561,8251,49943619,39796070
2022-07-08,670,8076,49944289,39804146
2022-07-09,549,6103,49944838,39810249
2022-07-10,58,533,49944896,39810782
2022-07-11,481,7629,49945377,39818411
2022-07-12,656,8981,49946033,39827392
2022-07-13,634,10065,49946667,39837457
2022-07-14,625,10219,49947292,39847676
2022-07-15,618,10651,49947910,39858327
2022-07-16,514,7207,49948424,39865534
2022-07-17,48,769,49948472,39866303
2022-07-18,498,9345,49948970,39875648
2022-07-19,572,10644,49949542,39886292
2022-07-20,570,11248,49950112,39897540
2022-07-21,621,12024,49950733,39909564
2022-07-22,573,11208,49951306,39920772
2022-07-23,377,6731,49951683,39927503
2022-07-24,75,834,49951758,39928337
2022-07-25,497,9021,49952255,39937358
2022-07-26,517,9713,49952772,39947071
2022-07-27,540,10138,49953312,39957209
2022-07-28,523,10457,49953835,39967666
2022-07-29,507,9400,49954342,39977066
2022-07-30,380,5850,49954722,39982916
2022-07-31,49,746,49954771,39983662
2022-08-01,384,6813,49955155,39990475
2022-08-02,535,7500,49955690,39997975
2022-08-03,494,7098,49956184,40005073
2022-08-04,448,7395,49956632,40012468
2022-08-05,411,6451,49957043,40018919
2022-08-06,297,3576,49957340,40022495
2022-08-07,44,549,49957384,40023044
2022-08-08,390,4848,49957774,40027892
2022-08-09,378,5234,49958152,40033126
2022-08-10,368,4753,49958520,40037879
2022-08-11,360,4732,49958880,40042611
2022-08-12,286,3673,49959166,40046284
2022-08-13,139,1595,49959305,40047879
2022-08-14,9,128,49959314,40048007
2022-08-15,1,24,49959315,40048031
2022-08-16,280,3000,49959595,40051031
2022-08-17,339,3467,49959934,40054498
2022-08-18,377,4015,49960311,40058513
2022-08-19,319,3160,49960630,40061673
2022-08-20,181,1687,49960811,40063360
2022-08-21,24,144,49960835,40063504
2022-08-22,322,2862,49961157,40066366
2022-08-23,195,1973,49961352,40068339