data_somministrazione,vaccinazioni,booster,cum_vaccinazioni,cum_booster
2020-12-27,22,0,22,0
2020-12-28,2,0,24,0
2020-12-29,1,0,25,0
2020-12-30,9,0,34,0
2020-12-31,86,0,120,0
2021-01-01,28,0,148,0
2021-01-02,158,0,306,0
2021-01-03,119,0,425,0
2021-01-04,260,0,685,0
2021-01-05,297,0,982,0
2021-01-06,272,0,1254,0
2021-01-07,341,0,1595,0
2021-01-08,398,0,1993,0
2021-01-09,302,0,2295,0
2021-01-10,184,0,2479,0
2021-01-11,318,0,2797,0
2021-01-12,295,0,3092,0
2021-01-13,431,0,3523,0
2021-01-14,512,0,4035,0
2021-01-15,330,0,4365,0
2021-01-16,226,0,4591,0
2021-01-17,3066,0,7657,0
2021-01-18,5228,0,12885,0
2021-01-19,1898,0,14783,0
2021-01-20,4660,0,19443,0
2021-01-21,20001,0,39444,0
2021-01-22,14244,0,53688,0
2021-01-23,33312,0,87000,0
2021-01-24,30774,0,117774,0
2021-01-25,64696,0,182470,0
2021-01-26,76459,0,258929,0
2021-01-27,64811,0,323740,0
2021-01-28,89235,0,412975,0
2021-01-29,93993,0,506968,0
2021-01-30,86534,0,593502,0
2021-01-31,57313,0,650815,0
2021-02-01,81837,0,732652,0
2021-02-02,82141,0,814793,0
2021-02-03,91105,0,905898,0
2021-02-04,95387,0,1001285,0
2021-02-05,90276,0,1091561,0
2021-02-06,63452,0,1155013,0
2021-02-07,32934,0,1187947,0
2021-02-08,40427,0,1228374,0
2021-02-09,32890,0,1261264,0
2021-02-10,28447,0,1289711,0
2021-02-11,20418,0,1310129,0
2021-02-12,16263,0,1326392,0
2021-02-13,7292,0,1333684,0
2021-02-14,2864,0,1336548,0
2021-02-15,6855,0,1343403,0
2021-02-16,7011,0,1350414,0
2021-02-17,10529,0,1360943,0
2021-02-18,9265,0,1370208,0
2021-02-19,8263,0,1378471,0
2021-02-20,5595,0,1384066,0
2021-02-21,3023,0,1387089,0
2021-02-22,6891,0,1393980,0
2021-02-23,7194,0,1401174,0
2021-02-24,9827,0,1411001,0
2021-02-25,14223,0,1425224,0
2021-02-26,17571,0,1442795,0
2021-02-27,13940,0,1456735,0
2021-02-28,9399,0,1466134,0
2021-03-01,26539,0,1492673,0
2021-03-02,33250,0,1525923,0
2021-03-03,44665,0,1570588,0
2021-03-04,50317,0,1620905,0
2021-03-05,55760,0,1676665,0
2021-03-06,41891,0,1718556,0
2021-03-07,22333,0,1740889,0
2021-03-08,50848,0,1791737,0
2021-03-09,53103,0,1844840,0
2021-03-10,58712,0,1903552,0
2021-03-11,63925,0,1967477,0
2021-03-12,65171,0,2032648,0
2021-03-13,51738,0,2084386,0
2021-03-14,35435,0,2119821,0
2021-03-15,73474,0,2193295,0
2021-03-16,74037,0,2267332,0
2021-03-17,83162,0,2350494,0
2021-03-18,81658,0,2432152,0
2021-03-19,81112,0,2513264,0
2021-03-20,64754,0,2578018,0
2021-03-21,47318,0,2625336,0
2021-03-22,69528,0,2694864,0
2021-03-23,75844,0,2770708,0
2021-03-24,90962,0,2861670,0
2021-03-25,89789,0,2951459,0
2021-03-26,83664,0,3035123,0
2021-03-27,71972,0,3107095,0
2021-03-28,44200,0,3151295,0
2021-03-29,70866,0,3222161,0
2021-03-30,81433,0,3303594,0
2021-03-31,96291,0,3399885,0
2021-04-01,95368,0,3495253,0
2021-04-02,83821,0,3579074,0
2021-04-03,64318,0,3643392,0
2021-04-04,21727,0,3665119,0
2021-04-05,40330,0,3705449,0
2021-04-06,81369,0,3786818,0
2021-04-07,95859,0,3882677,0
2021-04-08,95288,0,3977965,0
2021-04-09,88524,0,4066489,0
2021-04-10,74051,0,4140540,0
2021-04-11,44773,0,4185313,0
2021-04-12,66932,0,4252245,0
2021-04-13,72610,0,4324855,0
2021-04-14,85573,0,4410428,0
2021-04-15,105438,0,4515866,0
2021-04-16,106446,0,4622312,0
2021-04-17,90541,0,4712853,0
2021-04-18,58603,0,4771456,0
2021-04-19,93453,0,4864909,0
2021-04-20,103789,0,4968698,0
2021-04-21,125348,0,5094046,0
2021-04-22,143539,0,5237585,0
2021-04-23,138772,0,5376357,0
2021-04-24,124463,0,5500820,0
2021-04-25,61475,0,5562295,0
2021-04-26,97929,0,5660224,0
2021-04-27,128399,0,5788623,0
2021-04-28,156415,0,5945038,0
2021-04-29,195639,0,6140677,0
2021-04-30,214632,0,6355309,0
2021-05-01,174158,0,6529467,0
2021-05-02,135825,0,6665292,0
2021-05-03,142106,0,6807398,0
2021-05-04,158734,0,6966132,0
2021-05-05,170571,0,7136703,0
2021-05-06,196141,0,7332844,0
2021-05-07,212014,0,7544858,0
2021-05-08,213465,0,7758323,0
2021-05-09,143246,0,7901569,0
2021-05-10,165119,0,8066688,0
2021-05-11,175042,0,8241730,0
2021-05-12,179271,0,8421001,0
2021-05-13,203469,0,8624470,0
2021-05-14,222983,0,8847453,0
2021-05-15,210413,0,9057866,0
2021-05-16,159311,0,9217177,0
2021-05-17,218874,0,9436051,0
2021-05-18,213043,0,9649094,0
2021-05-19,207131,0,9856225,0
2021-05-20,270953,0,10127178,0
2021-05-21,270955,0,10398133,0
2021-05-22,245581,0,10643714,0
2021-05-23,197213,0,10840927,0
2021-05-24,228370,0,11069297,0
2021-05-25,245730,0,11315027,0
2021-05-26,277597,0,11592624,0
2021-05-27,311142,0,11903766,0
2021-05-28,299430,0,12203196,0
2021-05-29,231281,0,12434477,0
2021-05-30,170866,0,12605343,0
2021-05-31,216478,0,12821821,0
2021-06-01,207681,0,13029502,0
2021-06-02,115836,0,13145338,0
2021-06-03,180235,0,13325573,0
2021-06-04,184985,0,13510558,0
2021-06-05,186077,0,13696635,0
2021-06-06,139651,0,13836286,0
2021-06-07,161978,0,13998264,0
2021-06-08,171381,0,14169645,0
2021-06-09,171583,0,14341228,0
2021-06-10,174259,0,14515487,0
2021-06-11,170142,0,14685629,0
2021-06-12,128483,0,14814112,0
2021-06-13,91321,0,14905433,0
2021-06-14,214762,0,15120195,0
2021-06-15,228529,0,15348724,0
2021-06-16,253184,0,15601908,0
2021-06-17,301864,0,15903772,0
2021-06-18,306428,0,16210200,0
2021-06-19,275194,0,16485394,0
2021-06-20,220873,0,16706267,0
2021-06-21,288167,0,16994434,0
2021-06-22,296314,0,17290748,0
2021-06-23,302749,0,17593497,0
2021-06-24,332660,0,17926157,0
2021-06-25,348804,0,18274961,0
2021-06-26,300178,0,18575139,0
2021-06-27,228747,0,18803886,0
2021-06-28,307231,0,19111117,0
2021-06-29,329418,0,19440535,0
2021-06-30,342297,0,19782832,0
2021-07-01,363319,0,20146151,0
2021-07-02,368581,0,20514732,0
2021-07-03,371141,0,20885873,0
2021-07-04,283265,0,21169138,0
2021-07-05,384598,0,21553736,0
2021-07-06,385531,0,21939267,0
2021-07-07,412171,0,22351438,0
2021-07-08,478981,0,22830419,0
2021-07-09,498474,0,23328893,0
2021-07-10,475176,0,23804069,0
2021-07-11,357678,0,24161747,0
2021-07-12,485888,0,24647635,0
2021-07-13,492057,0,25139692,0
2021-07-14,480453,0,25620145,0
2021-07-15,523425,0,26143570,0
2021-07-16,509761,0,26653331,0
2021-07-17,464315,0,27117646,0
2021-07-18,364617,0,27482263,0
2021-07-19,463083,0,27945346,0
2021-07-20,458062,0,28403408,0
2021-07-21,462837,0,28866245,0
2021-07-22,475401,0,29341646,0
2021-07-23,441358,0,29783004,0
2021-07-24,386133,0,30169137,0
2021-07-25,287535,0,30456672,0
2021-07-26,430910,0,30887582,0
2021-07-27,440150,0,31327732,0
2021-07-28,391040,0,31718772,0
2021-07-29,371926,0,32090698,0
2021-07-30,341589,0,32432287,0
2021-07-31,287057,0,32719344,0
2021-08-01,190992,0,32910336,0
2021-08-02,333748,0,33244084,0
2021-08-03,323232,0,33567316,0
2021-08-04,311051,0,33878367,0
2021-08-05,292532,0,34170899,0
2021-08-06,260109,0,34431008,0
2021-08-07,199093,0,34630101,0
2021-08-08,153118,0,34783219,0
2021-08-09,234131,0,35017350,0
2021-08-10,205353,0,35222703,0
2021-08-11,193845,0,35416548,0
2021-08-12,168156,0,35584704,0
2021-08-13,148771,0,35733475,0
2021-08-14,66115,0,35799590,0
2021-08-15,26346,0,35825936,0
2021-08-16,114784,0,35940720,0
2021-08-17,129325,0,36070045,0
2021-08-18,128811,0,36198856,0
2021-08-19,124925,0,36323781,0
2021-08-20,123871,0,36447652,0
2021-08-21,83153,0,36530805,0
2021-08-22,68185,0,36598990,0
2021-08-23,176920,0,36775910,0
2021-08-24,156944,0,36932854,0
2021-08-25,177231,0,37110085,0
2021-08-26,172404,0,37282489,0
2021-08-27,185729,0,37468218,0
2021-08-28,140306,0,37608524,0
2021-08-29,99003,0,37707527,0
2021-08-30,209635,0,37917162,0
2021-08-31,194697,0,38111859,0
2021-09-01,192282,0,38304141,0
2021-09-02,189968,0,38494109,0
2021-09-03,191309,0,38685418,0
2021-09-04,131430,0,38816848,0
2021-09-05,87837,0,38904685,0
2021-09-06,193625,0,39098310,0
2021-09-07,196083,0,39294393,0
2021-09-08,187864,0,39482257,0
2021-09-09,201432,0,39683689,0
2021-09-10,197864,0,39881553,0
2021-09-11,141284,0,40022837,0
2021-09-12,89583,0,40112420,0
2021-09-13,191116,687,40303536,687
2021-09-14,177217,679,40480753,1366
2021-09-15,163099,669,40643852,2035
2021-09-16,160054,1032,40803906,3067
2021-09-17,150194,1187,40954100,4254
2021-09-18,128011,793,41082111,5047
2021-09-19,81141,518,41163252,5565
2021-09-20,180088,9158,41343340,14723
2021-09-21,166705,8876,41510045,23599
2021-09-22,159152,9472,41669197,33071
2021-09-23,138143,9368,41807340,42439
2021-09-24,140585,9027,41947925,51466
2021-09-25,119583,5688,42067508,57154
2021-09-26,72005,4373,42139513,61527
2021-09-27,135706,10113,42275219,71640
2021-09-28,117544,11453,42392763,83093
2021-09-29,112406,11875,42505169,94968
2021-09-30,110317,15005,42615486,109973
2021-10-01,95022,19151,42710508,129124
2021-10-02,78550,14051,42789058,143175
2021-10-03,47763,7675,42836821,150850
2021-10-04,88416,34505,42925237,185355
2021-10-05,80412,34037,43005649,219392
2021-10-06,72011,34235,43077660,253627
2021-10-07,71892,34390,43149552,288017
2021-10-08,80660,33645,43230212,321662
2021-10-09,76125,22207,43306337,343869
2021-10-10,45796,13634,43352133,357503
2021-10-11,87485,41154,43439618,398657
2021-10-12,84539,46957,43524157,445614
2021-10-13,88254,52191,43612411,497805
2021-10-14,91587,58572,43703998,556377
2021-10-15,93611,55711,43797609,612088
2021-10-16,82992,36842,43880601,648930
2021-10-17,51462,23870,43932063,672800
2021-10-18,90324,59552,44022387,732352
2021-10-19,78379,69443,44100766,801795
2021-10-20,75077,78245,44175843,880040
2021-10-21,78305,81864,44254148,961904
2021-10-22,73786,77115,44327934,1039019
2021-10-23,60844,51982,44388778,1091001
2021-10-24,33365,23488,44422143,1114489
2021-10-25,64928,81686,44487071,1196175
2021-10-26,58396,91878,44545467,1288053
2021-10-27,58323,104058,44603790,1392111
2021-10-28,61468,114199,44665258,1506310
2021-10-29,61625,103223,44726883,1609533
2021-10-30,50671,68166,44777554,1677699
2021-10-31,25158,28315,44802712,1706014
2021-11-01,19049,28162,44821761,1734176
2021-11-02,62766,89462,44884527,1823638
2021-11-03,60721,118735,44945248,1942373
2021-11-04,59247,126730,45004495,2069103
2021-11-05,63110,135248,45067605,2204351
2021-11-06,46491,90953,45114096,2295304
2021-11-07,22247,37909,45136343,2333213
2021-11-08,51528,131321,45187871,2464534
2021-11-09,45415,144249,45233286,2608783
2021-11-10,42600,156403,45275886,2765186
2021-11-11,44936,155216,45320822,2920402
2021-11-12,46310,158740,45367132,3079142
2021-11-13,33270,116696,45400402,3195838
2021-11-14,14490,52464,45414892,3248302
2021-11-15,36911,157474,45451803,3405776
2021-11-16,30579,171446,45482382,3577222
2021-11-17,28476,178497,45510858,3755719
2021-11-18,30311,193803,45541169,3949522
2021-11-19,28837,205919,45570006,4155441
2021-11-20,21015,156472,45591021,4311913
2021-11-21,10614,64877,45601635,4376790
2021-11-22,21963,213182,45623598,4589972
2021-11-23,23617,241855,45647215,4831827
2021-11-24,27738,270649,45674953,5102476
2021-11-25,23249,300992,45698202,5403468
2021-11-26,24609,318333,45722811,5721801
2021-11-27,21421,266198,45744232,5987999
2021-11-28,9911,137083,45754143,6125082
2021-11-29,22371,326110,45776514,6451192
2021-11-30,23129,365906,45799643,6817098
2021-12-01,21572,413584,45821215,7230682
2021-12-02,23809,440497,45845024,7671179
2021-12-03,25295,467597,45870319,8138776
2021-12-04,22403,419015,45892722,8557791
2021-12-05,11952,261521,45904674,8819312
2021-12-06,25859,457759,45930533,9277071
2021-12-07,24148,479649,45954681,9756720
2021-12-08,10036,249848,45964717,10006568
2021-12-09,31637,492015,45996354,10498583
2021-12-10,28121,517961,46024475,11016544
2021-12-11,23603,459301,46048078,11475845
2021-12-12,12326,293546,46060404,11769391
2021-12-13,26198,467693,46086602,12237084
2021-12-14,25227,494288,46111829,12731372
2021-12-15,25393,517210,46137222,13248582
2021-12-16,27952,520367,46165174,13768949
2021-12-17,29413,517272,46194587,14286221
2021-12-18,27124,468810,46221711,14755031
2021-12-19,15174,300263,46236885,15055294
2021-12-20,30691,477545,46267576,15532839
2021-12-21,30436,493499,46298012,16026338
2021-12-22,29508,484789,46327520,16511127
2021-12-23,28259,426703,46355779,16937830
2021-12-24,13135,210870,46368914,17148700
2021-12-25,2104,33053,46371018,17181753
2021-12-26,8790,159080,46379808,17340833
2021-12-27,46873,504779,46426681,17845612
2021-12-28,42527,554321,46469208,18399933
2021-12-29,34430,550737,46503638,18950670
2021-12-30,31915,499926,46535553,19450596
2021-12-31,14158,247420,46549711,19698016
2022-01-01,3503,64816,46553214,19762832
2022-01-02,22848,276744,46576062,20039576
2022-01-03,47973,520084,46624035,20559660
2022-01-04,46421,571664,46670456,21131324
2022-01-05,40888,560461,46711344,21691785
2022-01-06,23554,274496,46734898,21966281
2022-01-07,63827,554256,46798725,22520537
2022-01-08,61020,502747,46859745,23023284
2022-01-09,42994,319721,46902739,23343005
2022-01-10,61207,542371,46963946,23885376
2022-01-11,61762,586564,47025708,24471940
2022-01-12,58584,581387,47084292,25053327
2022-01-13,58646,580026,47142938,25633353
2022-01-14,46978,588665,47189916,26222018
2022-01-15,39646,570210,47229562,26792228
2022-01-16,31356,342103,47260918,27134331
2022-01-17,54881,489752,47315799,27624083
2022-01-18,58510,517118,47374309,28141201
2022-01-19,57299,502879,47431608,28644080
2022-01-20,54319,498498,47485927,29142578
2022-01-21,42156,493414,47528083,29635992
2022-01-22,31308,469142,47559391,30105134
2022-01-23,34999,275435,47594390,30380569
2022-01-24,56247,437311,47650637,30817880
2022-01-25,61526,451803,47712163,31269683
2022-01-26,58623,435881,47770786,31705564
2022-01-27,48939,432487,47819725,32138051
2022-01-28,58779,436629,47878504,32574680
2022-01-29,68228,412663,47946732,32987343
2022-01-30,50429,236093,47997161,33223436
2022-01-31,60737,356996,48057898,33580432
2022-02-01,65654,328514,48123552,33908946
2022-02-02,63264,297038,48186816,34205984
2022-02-03,60124,274579,48246940,34480563
2022-02-04,72432,268505,48319372,34749068
2022-02-05,83831,248596,48403203,34997664
2022-02-06,55314,116232,48458517,35113896
2022-02-07,65209,199968,48523726,35313864
2022-02-08,66980,186171,48590706,35500035
2022-02-09,58797,166384,48649503,35666419
2022-02-10,58619,163288,48708122,35829707
2022-02-11,62294,162510,48770416,35992217
2022-02-12,72036,152172,48842452,36144389
2022-02-13,41486,68865,48883938,36213254
2022-02-14,46719,116215,48930657,36329469
2022-02-15,48583,123499,48979240,36452968
2022-02-16,45719,106159,49024959,36559127
2022-02-17,42885,98148,49067844,36657275
2022-02-18,46645,112610,49114489,36769885
2022-02-19,52555,100356,49167044,36870241
2022-02-20,31415,40379,49198459,36910620
2022-02-21,37911,89685,49236370,37000305
2022-02-22,37236,83812,49273606,37084117
2022-02-23,33414,79428,49307020,37163545
2022-02-24,32567,78190,49339587,37241735
2022-02-25,34782,90748,49374369,37332483
2022-02-26,39170,89153,49413539,37421636
2022-02-27,22548,35861,49436087,37457497
2022-02-28,28495,81716,49464582,37539213
2022-03-01,22738,53976,49487320,37593189
2022-03-02,21943,50731,49509263,37643920
2022-03-03,22647,54957,49531910,37698877
2022-03-04,23251,62816,49555161,37761693
2022-03-05,23807,57957,49578968,37819650
2022-03-06,9473,17204,49588441,37836854
2022-03-07,15934,51411,49604375,37888265
2022-03-08,15489,48815,49619864,37937080
2022-03-09,13816,46523,49633680,37983603
2022-03-10,14059,52071,49647739,38035674
2022-03-11,15449,57196,49663188,38092870
2022-03-12,15514,56623,49678702,38149493
2022-03-13,5546,16853,49684248,38166346
2022-03-14,10532,46712,49694780,38213058
2022-03-15,10558,46918,49705338,38259976
2022-03-16,9491,41987,49714829,38301963
2022-03-17,9731,44891,49724560,38346854
2022-03-18,10168,49079,49734728,38395933
2022-03-19,9155,46552,49743883,38442485
2022-03-20,2608,11704,49746491,38454189
2022-03-21,7589,40246,49754080,38494435
2022-03-22,8450,37787,49762530,38532222
2022-03-23,7227,33707,49769757,38565929
2022-03-24,8265,38838,49778022,38604767
2022-03-25,8145,43696,49786167,38648463
2022-03-26,8128,41724,49794295,38690187
2022-03-27,2431,9685,49796726,38699872
2022-03-28,6113,35256,49802839,38735128
2022-03-29,5785,32543,49808624,38767671
2022-03-30,5569,30217,49814193,38797888
2022-03-31,5907,33205,49820100,38831093
2022-04-01,4354,25202,49824454,38856295
2022-04-02,4498,23276,49828952,38879571
2022-04-03,1049,4500,49830001,38884071
2022-04-04,3664,21555,49833665,38905626
2022-04-05,3759,22948,49837424,38928574
2022-04-06,4106,21855,49841530,38950429
2022-04-07,3973,23327,49845503,38973756
2022-04-08,4698,26728,49850201,39000484
2022-04-09,4383,23888,49854584,39024372
2022-04-10,894,4612,49855478,39028984
2022-04-11,3819,22695,49859297,39051679
2022-04-12,3364,21791,49862661,39073470
2022-04-13,3576,21347,49866237,39094817
2022-04-14,3487,23797,49869724,39118614
2022-04-15,3086,20631,49872810,39139245
2022-04-16,2153,11922,49874963,39151167
2022-04-17,63,348,49875026,39151515
2022-04-18,152,650,49875178,39152165
2022-04-19,3500,21998,49878678,39174163
2022-04-20,3513,20255,49882191,39194418
2022-04-21,2848,19800,49885039,39214218
2022-04-22,2929,20720,49887968,39234938
2022-04-23,2648,16222,49890616,39251160
2022-04-24,509,2335,49891125,39253495
2022-04-25,183,1165,49891308,39254660
2022-04-26,2762,17814,49894070,39272474
2022-04-27,2376,15798,49896446,39288272
2022-04-28,2365,15570,49898811,39303842
2022-04-29,2300,14858,49901111,39318700
2022-04-30,2123,11585,49903234,39330285
2022-05-01,113,531,49903347,39330816
2022-05-02,1451,9394,49904798,39340210
2022-05-03,1578,10332,49906376,39350542
2022-05-04,1748,10283,49908124,39360825
2022-05-05,1655,10305,49909779,39371130
2022-05-06,1702,10979,49911481,39382109
2022-05-07,1432,8575,49912913,39390684
2022-05-08,417,1527,49913330,39392211
2022-05-09,1028,8936,49914358,39401147
2022-05-10,1427,9558,49915785,39410705
2022-05-11,1486,10109,49917271,39420814
2022-05-12,1373,10140,49918644,39430954
2022-05-13,1599,10530,49920243,39441484
2022-05-14,1362,8248,49921605,39449732
2022-05-15,336,1138,49921941,39450870
2022-05-16,814,8411,49922755,39459281
2022-05-17,1244,8708,49923999,39467989
2022-05-18,1373,9256,49925372,39477245
2022-05-19,1502,9290,49926874,39486535
2022-05-20,1429,9538,49928303,39496073
2022-05-21,1302,7903,49929605,39503976
2022-05-22,231,1013,49929836,39504989
2022-05-23,830,8275,49930666,39513264
2022-05-24,1073,8675,49931739,39521939
2022-05-25,1372,9460,49933111,39531399
2022-05-26,1201,9483,49934312,39540882
2022-05-27,1235,9918,49935547,39550800
2022-05-28,1205,7890,49936752,39558690
2022-05-29,288,1265,49937040,39559955
2022-05-30,931,8063,49937971,39568018
2022-05-31,1039,8551,49939010,39576569
2022-06-01,897,7657,49939907,39584226
2022-06-02,35,474,49939942,39584700
2022-06-03,819,7334,49940761,39592034
2022-06-04,870,5162,49941631,39597196
2022-06-05,88,586,49941719,39597782
2022-06-06,679,7006,49942398,39604788
2022-06-07,951,7852,49943349,39612640
2022-06-08,981,7910,49944330,39620550
2022-06-09,1037,8421,49945367,39628971
2022-06-10,958,8564,49946325,39637535
2022-06-11,903,6206,49947228,39643741
2022-06-12,140,768,49947368,39644509
2022-06-13,603,6307,49947971,39650816
2022-06-14,833,7908,49948804,39658724
2022-06-15,960,7856,49949764,39666580
2022-06-16,734,7404,49950498,39673984
2022-06-17,724,7250,49951222,39681234
2022-06-18,779,5596,49952001,39686830
2022-06-19,49,521,49952050,39687351
2022-06-20,587,6700,49952637,39694051
2022-06-21,741,7664,49953378,39701715
2022-06-22,779,7314,49954157,39709029
2022-06-23,650,7475,49954807,39716504
2022-06-24,644,7475,49955451,39723979
2022-06-25,836,6533,49956287,39730512
2022-06-26,128,523,49956415,39731035
2022-06-27,534,7128,49956949,39738163
2022-06-28,748,8208,49957697,39746371
2022-06-29,757,7736,49958454,39754107
2022-06-30,748,8146,49959202,39762253
2022-07-01,577,6446,49959779,39768699
2022-07-02,536,4770,49960315,39773469
2022-07-03,49,456,49960364,39773925
2022-07-04,470,6279,49960834,39780204
2022-07-05,631,8122,49961465,39788326
2022-07-06,634,7611,49962099,39795937
2022-07-07,577,8277,49962676,39804214
2022-07-08,677,8087,49963353,39812301
2022-07-09,549,6105,49963902,39818406
2022-07-10,58,533,49963960,39818939
2022-07-11,493,7645,49964453,39826584
2022-07-12,669,9031,49965122,39835615
2022-07-13,645,10068,49965767,39845683
2022-07-14,639,10226,49966406,39855909
2022-07-15,627,10674,49967033,39866583
2022-07-16,523,7215,49967556,39873798
2022-07-17,48,770,49967604,39874568
2022-07-18,496,9378,49968100,39883946
2022-07-19,576,10686,49968676,39894632
2022-07-20,582,11277,49969258,39905909
2022-07-21,633,12096,49969891,39918005
2022-07-22,584,11267,49970475,39929272
2022-07-23,381,6778,49970856,39936050
2022-07-24,76,857,49970932,39936907
2022-07-25,504,9059,49971436,39945966
2022-07-26,522,9769,49971958,39955735
2022-07-27,555,10216,49972513,39965951
2022-07-28,534,10538,49973047,39976489
2022-07-29,510,9468,49973557,39985957
2022-07-30,383,5884,49973940,39991841
2022-07-31,49,764,49973989,39992605
2022-08-01,386,6866,49974375,39999471
2022-08-02,548,7594,49974923,40007065
2022-08-03,515,7185,49975438,40014250
2022-08-04,455,7495,49975893,40021745
2022-08-05,421,6530,49976314,40028275
2022-08-06,300,3613,49976614,40031888
2022-08-07,44,563,49976658,40032451
2022-08-08,403,4890,49977061,40037341
2022-08-09,381,5316,49977442,40042657
2022-08-10,385,4817,49977827,40047474
2022-08-11,370,4805,49978197,40052279
2022-08-12,295,3721,49978492,40056000
2022-08-13,143,1600,49978635,40057600
2022-08-14,9,129,49978644,40057729
2022-08-15,1,26,49978645,40057755
2022-08-16,284,3043,49978929,40060798
2022-08-17,352,3533,49979281,40064331
2022-08-18,395,4163,49979676,40068494
2022-08-19,341,3322,49980017,40071816
2022-08-20,184,1715,49980201,40073531
2022-08-21,24,149,49980225,40073680
2022-08-22,333,2952,49980558,40076632
2022-08-23,370,3674,49980928,40080306
2022-08-24,384,3363,49981312,40083669
2022-08-25,424,3774,49981736,40087443
2022-08-26,400,3586,49982136,40091029
2022-08-27,237,1770,49982373,40092799
2022-08-28,29,267,49982402,40093066
2022-08-29,354,3161,49982756,40096227
2022-08-30,406,3676,49983162,40099903
2022-08-31,438,3734,49983600,40103637
2022-09-01,353,3119,49983953,40106756
2022-09-02,298,2894,49984251,40109650
2022-09-03,200,1692,49984451,40111342
2022-09-04,24,149,49984475,40111491
2022-09-05,187,2656,49984662,40114147
2022-09-06,307,2981,49984969,40117128
2022-09-07,541,2938,49985510,40120066
2022-09-08,293,2964,49985803,40123030
2022-09-09,308,2886,49986111,40125916
2022-09-10,228,1327,49986339,40127243
2022-09-11,23,124,49986362,40127367
2022-09-12,267,2269,49986629,40129636
2022-09-13,255,2280,49986884,40131916
2022-09-14,266,2566,49987150,40134482
2022-09-15,284,2501,49987434,40136983
2022-09-16,255,2544,49987689,40139527
2022-09-17,239,1339,49987928,40140866
2022-09-18,20,170,49987948,40141036
2022-09-19,206,1973,49988154,40143009
2022-09-20,237,2392,49988391,40145401
2022-09-21,289,2527,49988680,40147928
2022-09-22,267,2663,49988947,40150591
2022-09-23,261,2547,49989208,40153138
2022-09-24,193,1427,49989401,40154565
2022-09-25,29,133,49989430,40154698
2022-09-26,281,2249,49989711,40156947
2022-09-27,287,2680,49989998,40159627
2022-09-28,310,2905,49990308,40162532
2022-09-29,257,3051,49990565,40165583
2022-09-30,292,2987,49990857,40168570
2022-10-01,196,1515,49991053,40170085
2022-10-02,12,187,49991065,40170272
2022-10-03,186,2477,49991251,40172749
2022-10-04,236,2865,49991487,40175614
2022-10-05,233,3255,49991720,40178869
2022-10-06,244,3875,49991964,40182744
2022-10-07,284,4186,49992248,40186930
2022-10-08,206,2267,49992454,40189197
2022-10-09,8,305,49992462,40189502
2022-10-10,214,3348,49992676,40192850
2022-10-11,195,4380,49992871,40197230
2022-10-12,211,4436,49993082,40201666
2022-10-13,207,5299,49993289,40206965
2022-10-14,233,5010,49993522,40211975
2022-10-15,191,2669,49993713,40214644
2022-10-16,6,360,49993719,40215004
2022-10-17,187,3873,49993906,40218877
2022-10-18,257,4960,49994163,40223837
2022-10-19,247,5478,49994410,40229315
2022-10-20,227,5997,49994637,40235312
2022-10-21,257,5478,49994894,40240790
2022-10-22,196,2911,49995090,40243701
2022-10-23,13,364,49995103,40244065
2022-10-24,171,3930,49995274,40247995
2022-10-25,256,4927,49995530,40252922
2022-10-26,350,5505,49995880,40258427
2022-10-27,240,5678,49996120,40264105
2022-10-28,202,5265,49996322,40269370
2022-10-29,128,2844,49996450,40272214
2022-10-30,4,328,49996454,40272542
2022-10-31,118,3039,49996572,40275581
2022-11-01,11,353,49996583,40275934
2022-11-02,146,3721,49996729,40279655
2022-11-03,172,4793,49996901,40284448
2022-11-04,228,4602,49997129,40289050
2022-11-05,145,2601,49997274,40291651
2022-11-06,10,261,49997284,40291912
2022-11-07,169,3227,49997453,40295139
2022-11-08,262,4257,49997715,40299396
2022-11-09,202,4336,49997917,40303732
2022-11-10,184,4603,49998101,40308335
2022-11-11,194,4235,49998295,40312570
2022-11-12,161,2378,49998456,40314948
2022-11-13,7,338,49998463,40315286
2022-11-14,150,2842,49998613,40318128
2022-11-15,204,3749,49998817,40321877
2022-11-16,217,4002,49999034,40325879
2022-11-17,195,4112,49999229,40329991
2022-11-18,252,4050,49999481,40334041
2022-11-19,112,2087,49999593,40336128
2022-11-20,24,317,49999617,40336445
2022-11-21,119,2623,49999736,40339068
2022-11-22,140,3224,49999876,40342292
2022-11-23,191,3635,50000067,40345927
2022-11-24,158,3847,50000225,40349774
2022-11-25,184,3781,50000409,40353555
2022-11-26,134,2096,50000543,40355651
2022-11-27,22,356,50000565,40356007
2022-11-28,182,2691,50000747,40358698
2022-11-29,257,3234,50001004,40361932
2022-11-30,182,3738,50001186,40365670
2022-12-01,151,3635,50001337,40369305
2022-12-02,161,3532,50001498,40372837
2022-12-03,106,1999,50001604,40374836
2022-12-04,5,290,50001609,40375126
2022-12-05,129,2861,50001738,40377987
2022-12-06,177,3658,50001915,40381645
2022-12-07,136,3134,50002051,40384779
2022-12-08,8,169,50002059,40384948
2022-12-09,165,3036,50002224,40387984
2022-12-10,71,1602,50002295,40389586
2022-12-11,7,193,50002302,40389779
2022-12-12,172,2534,50002474,40392313
2022-12-13,251,3052,50002725,40395365
2022-12-14,232,3239,50002957,40398604
2022-12-15,207,3296,50003164,40401900
2022-12-16,163,3219,50003327,40405119
2022-12-17,95,1691,50003422,40406810
2022-12-18,10,270,50003432,40407080
2022-12-19,149,2170,50003581,40409250
2022-12-20,212,2532,50003793,40411782
2022-12-21,160,2252,50003953,40414034
2022-12-22,140,1876,50004093,40415910
2022-12-23,153,1222,50004246,40417132
2022-12-24,32,162,50004278,40417294
2022-12-25,0,6,50004278,40417300
2022-12-26,6,42,50004284,40417342
2022-12-27,133,1555,50004417,40418897
2022-12-28,138,1780,50004555,40420677
2022-12-29,92,1710,50004647,40422387
2022-12-30,116,1614,50004763,40424001
2022-12-31,21,273,50004784,40424274
2023-01-01,0,6,50004784,40424280
2023-01-02,48,1129,50004832,40425409
2023-01-03,99,1897,50004931,40427306
2023-01-04,111,2009,50005042,40429315
2023-01-05,99,1913,50005141,40431228
2023-01-06,0,70,50005141,40431298
2023-01-07,53,687,50005194,40431985
2023-01-08,2,97,50005196,40432082
2023-01-09,129,1430,50005325,40433512
2023-01-10,128,1785,50005453,40435297
2023-01-11,118,1770,50005571,40437067
2023-01-12,115,2006,50005686,40439073
2023-01-13,108,1889,50005794,40440962
2023-01-14,66,968,50005860,40441930
2023-01-15,1,67,50005861,40441997
2023-01-16,37,1153,50005898,40443150
2023-01-17,109,1300,50006007,40444450
2023-01-18,80,1407,50006087,40445857
2023-01-19,109,1582,50006196,40447439
2023-01-20,149,1394,50006345,40448833
2023-01-21,46,633,50006391,40449466
2023-01-22,2,57,50006393,40449523
2023-01-23,75,767,50006468,40450290
2023-01-24,118,1100,50006586,40451390