data_somministrazione,vaccinazioni,booster,cum_vaccinazioni,cum_booster
2020-12-27,20,0,20,0
2020-12-28,2,0,22,0
2020-12-29,1,0,23,0
2020-12-30,9,0,32,0
2020-12-31,74,0,106,0
2021-01-01,24,0,130,0
2021-01-02,132,0,262,0
2021-01-03,97,0,359,0
2021-01-04,226,0,585,0
2021-01-05,265,0,850,0
2021-01-06,235,0,1085,0
2021-01-07,315,0,1400,0
2021-01-08,365,0,1765,0
2021-01-09,271,0,2036,0
2021-01-10,165,0,2201,0
2021-01-11,296,0,2497,0
2021-01-12,280,0,2777,0
2021-01-13,407,0,3184,0
2021-01-14,492,0,3676,0
2021-01-15,315,0,3991,0
2021-01-16,220,0,4211,0
2021-01-17,3063,0,7274,0
2021-01-18,5215,0,12489,0
2021-01-19,1893,0,14382,0
2021-01-20,4659,0,19041,0
2021-01-21,20008,0,39049,0
2021-01-22,14220,0,53269,0
2021-01-23,33328,0,86597,0
2021-01-24,30779,0,117376,0
2021-01-25,64716,0,182092,0
2021-01-26,76480,0,258572,0
2021-01-27,64822,0,323394,0
2021-01-28,89262,0,412656,0
2021-01-29,94005,0,506661,0
2021-01-30,86548,0,593209,0
2021-01-31,57325,0,650534,0
2021-02-01,81845,0,732379,0
2021-02-02,82137,0,814516,0
2021-02-03,91109,0,905625,0
2021-02-04,95394,0,1001019,0
2021-02-05,90266,0,1091285,0
2021-02-06,63446,0,1154731,0
2021-02-07,32933,0,1187664,0
2021-02-08,40423,0,1228087,0
2021-02-09,32877,0,1260964,0
2021-02-10,28433,0,1289397,0
2021-02-11,20404,0,1309801,0
2021-02-12,16243,0,1326044,0
2021-02-13,7277,0,1333321,0
2021-02-14,2862,0,1336183,0
2021-02-15,6845,0,1343028,0
2021-02-16,7005,0,1350033,0
2021-02-17,10526,0,1360559,0
2021-02-18,9252,0,1369811,0
2021-02-19,8253,0,1378064,0
2021-02-20,5574,0,1383638,0
2021-02-21,3009,0,1386647,0
2021-02-22,6885,0,1393532,0
2021-02-23,7182,0,1400714,0
2021-02-24,9811,0,1410525,0
2021-02-25,14210,0,1424735,0
2021-02-26,17557,0,1442292,0
2021-02-27,13916,0,1456208,0
2021-02-28,9391,0,1465599,0
2021-03-01,26519,0,1492118,0
2021-03-02,33247,0,1525365,0
2021-03-03,44647,0,1570012,0
2021-03-04,50295,0,1620307,0
2021-03-05,55735,0,1676042,0
2021-03-06,41875,0,1717917,0
2021-03-07,22326,0,1740243,0
2021-03-08,50831,0,1791074,0
2021-03-09,53081,0,1844155,0
2021-03-10,58671,0,1902826,0
2021-03-11,63878,0,1966704,0
2021-03-12,65124,0,2031828,0
2021-03-13,51727,0,2083555,0
2021-03-14,35413,0,2118968,0
2021-03-15,73453,0,2192421,0
2021-03-16,74029,0,2266450,0
2021-03-17,83135,0,2349585,0
2021-03-18,81629,0,2431214,0
2021-03-19,81089,0,2512303,0
2021-03-20,64732,0,2577035,0
2021-03-21,47310,0,2624345,0
2021-03-22,69493,0,2693838,0
2021-03-23,75807,0,2769645,0
2021-03-24,90917,0,2860562,0
2021-03-25,89818,0,2950380,0
2021-03-26,83639,0,3034019,0
2021-03-27,71950,0,3105969,0
2021-03-28,44165,0,3150134,0
2021-03-29,70841,0,3220975,0
2021-03-30,81398,0,3302373,0
2021-03-31,96250,0,3398623,0
2021-04-01,95318,0,3493941,0
2021-04-02,84079,0,3578020,0
2021-04-03,64304,0,3642324,0
2021-04-04,21723,0,3664047,0
2021-04-05,40317,0,3704364,0
2021-04-06,81329,0,3785693,0
2021-04-07,95837,0,3881530,0
2021-04-08,95253,0,3976783,0
2021-04-09,88499,0,4065282,0
2021-04-10,74033,0,4139315,0
2021-04-11,44765,0,4184080,0
2021-04-12,66920,0,4251000,0
2021-04-13,72586,0,4323586,0
2021-04-14,85551,0,4409137,0
2021-04-15,105420,0,4514557,0
2021-04-16,106424,0,4620981,0
2021-04-17,90522,0,4711503,0
2021-04-18,58598,0,4770101,0
2021-04-19,93433,0,4863534,0
2021-04-20,103774,0,4967308,0
2021-04-21,125344,0,5092652,0
2021-04-22,143522,0,5236174,0
2021-04-23,138748,0,5374922,0
2021-04-24,124455,0,5499377,0
2021-04-25,61465,0,5560842,0
2021-04-26,97905,0,5658747,0
2021-04-27,128366,0,5787113,0
2021-04-28,156387,0,5943500,0
2021-04-29,195610,0,6139110,0
2021-04-30,214602,0,6353712,0
2021-05-01,174133,0,6527845,0
2021-05-02,135803,0,6663648,0
2021-05-03,142058,0,6805706,0
2021-05-04,158705,0,6964411,0
2021-05-05,170527,0,7134938,0
2021-05-06,197820,0,7332758,0
2021-05-07,213866,0,7546624,0
2021-05-08,213437,0,7760061,0
2021-05-09,143217,0,7903278,0
2021-05-10,165094,0,8068372,0
2021-05-11,175001,0,8243373,0
2021-05-12,179206,0,8422579,0
2021-05-13,203407,0,8625986,0
2021-05-14,222940,0,8848926,0
2021-05-15,210380,0,9059306,0
2021-05-16,159283,0,9218589,0
2021-05-17,219212,0,9437801,0
2021-05-18,213029,0,9650830,0
2021-05-19,207095,0,9857925,0
2021-05-20,270882,0,10128807,0
2021-05-21,270907,0,10399714,0
2021-05-22,245534,0,10645248,0
2021-05-23,197185,0,10842433,0
2021-05-24,228307,0,11070740,0
2021-05-25,245701,0,11316441,0
2021-05-26,277508,0,11593949,0
2021-05-27,311091,0,11905040,0
2021-05-28,299581,0,12204621,0
2021-05-29,231243,0,12435864,0
2021-05-30,170850,0,12606714,0
2021-05-31,216433,0,12823147,0
2021-06-01,207635,0,13030782,0
2021-06-02,115802,0,13146584,0
2021-06-03,180163,0,13326747,0
2021-06-04,184901,0,13511648,0
2021-06-05,185983,0,13697631,0
2021-06-06,139571,0,13837202,0
2021-06-07,161889,0,13999091,0
2021-06-08,171268,0,14170359,0
2021-06-09,171511,0,14341870,0
2021-06-10,174135,0,14516005,0
2021-06-11,170007,0,14686012,0
2021-06-12,128353,0,14814365,0
2021-06-13,91213,0,14905578,0
2021-06-14,214703,0,15120281,0
2021-06-15,228441,0,15348722,0
2021-06-16,253101,0,15601823,0
2021-06-17,301761,0,15903584,0
2021-06-18,306314,0,16209898,0
2021-06-19,275109,0,16485007,0
2021-06-20,220805,0,16705812,0
2021-06-21,288085,0,16993897,0
2021-06-22,296240,0,17290137,0
2021-06-23,302697,0,17592834,0
2021-06-24,332610,0,17925444,0
2021-06-25,348724,0,18274168,0
2021-06-26,300135,0,18574303,0
2021-06-27,228680,0,18802983,0
2021-06-28,307138,0,19110121,0
2021-06-29,329321,0,19439442,0
2021-06-30,342192,0,19781634,0
2021-07-01,363241,0,20144875,0
2021-07-02,368484,0,20513359,0
2021-07-03,371100,0,20884459,0
2021-07-04,283227,0,21167686,0
2021-07-05,384557,0,21552243,0
2021-07-06,385486,0,21937729,0
2021-07-07,412130,0,22349859,0
2021-07-08,479596,0,22829455,0
2021-07-09,498476,0,23327931,0
2021-07-10,475174,0,23803105,0
2021-07-11,357698,0,24160803,0
2021-07-12,485889,0,24646692,0
2021-07-13,492088,0,25138780,0
2021-07-14,480447,0,25619227,0
2021-07-15,523437,0,26142664,0
2021-07-16,509756,0,26652420,0
2021-07-17,464330,0,27116750,0
2021-07-18,364638,0,27481388,0
2021-07-19,463047,0,27944435,0
2021-07-20,458061,0,28402496,0
2021-07-21,462792,0,28865288,0
2021-07-22,475382,0,29340670,0
2021-07-23,441325,0,29781995,0
2021-07-24,386147,0,30168142,0
2021-07-25,287557,0,30455699,0
2021-07-26,430889,0,30886588,0
2021-07-27,440124,0,31326712,0
2021-07-28,391023,0,31717735,0
2021-07-29,372080,0,32089815,0
2021-07-30,341515,0,32431330,0
2021-07-31,287038,0,32718368,0
2021-08-01,190999,0,32909367,0
2021-08-02,333702,0,33243069,0
2021-08-03,323191,0,33566260,0
2021-08-04,310982,0,33877242,0
2021-08-05,292490,0,34169732,0
2021-08-06,260024,0,34429756,0
2021-08-07,199058,0,34628814,0
2021-08-08,153107,0,34781921,0
2021-08-09,234084,0,35016005,0
2021-08-10,205267,0,35221272,0
2021-08-11,193782,0,35415054,0
2021-08-12,168052,0,35583106,0
2021-08-13,148645,0,35731751,0
2021-08-14,66098,0,35797849,0
2021-08-15,26340,0,35824189,0
2021-08-16,114707,0,35938896,0
2021-08-17,129257,0,36068153,0
2021-08-18,128766,0,36196919,0
2021-08-19,124837,0,36321756,0
2021-08-20,123797,0,36445553,0
2021-08-21,83136,0,36528689,0
2021-08-22,68176,0,36596865,0
2021-08-23,176870,0,36773735,0
2021-08-24,156898,0,36930633,0
2021-08-25,177176,0,37107809,0
2021-08-26,172363,0,37280172,0
2021-08-27,185835,0,37466007,0
2021-08-28,140285,0,37606292,0
2021-08-29,98989,0,37705281,0
2021-08-30,209593,0,37914874,0
2021-08-31,194643,0,38109517,0
2021-09-01,192212,0,38301729,0
2021-09-02,189929,0,38491658,0
2021-09-03,191290,0,38682948,0
2021-09-04,131454,0,38814402,0
2021-09-05,87855,0,38902257,0
2021-09-06,193616,0,39095873,0
2021-09-07,196034,0,39291907,0
2021-09-08,187873,0,39479780,0
2021-09-09,201435,0,39681215,0
2021-09-10,198067,0,39879282,0
2021-09-11,141292,0,40020574,0
2021-09-12,89593,0,40110167,0
2021-09-13,191115,626,40301282,626
2021-09-14,177224,631,40478506,1257
2021-09-15,163086,637,40641592,1894
2021-09-16,160061,978,40801653,2872
2021-09-17,150167,1156,40951820,4028
2021-09-18,127982,766,41079802,4794
2021-09-19,81140,505,41160942,5299
2021-09-20,180067,9116,41341009,14415
2021-09-21,166665,8852,41507674,23267
2021-09-22,159106,9456,41666780,32723
2021-09-23,138090,9349,41804870,42072
2021-09-24,140552,8998,41945422,51070
2021-09-25,119562,5663,42064984,56733
2021-09-26,71983,4359,42136967,61092
2021-09-27,135665,10072,42272632,71164
2021-09-28,117513,11415,42390145,82579
2021-09-29,112365,11847,42502510,94426
2021-09-30,110269,14976,42612779,109402
2021-10-01,94991,19135,42707770,128537
2021-10-02,78511,14040,42786281,142577
2021-10-03,47757,7667,42834038,150244
2021-10-04,88388,34475,42922426,184719
2021-10-05,80382,34009,43002808,218728
2021-10-06,72003,34196,43074811,252924
2021-10-07,71879,34366,43146690,287290
2021-10-08,80630,33620,43227320,320910
2021-10-09,76109,22190,43303429,343100
2021-10-10,45782,13629,43349211,356729
2021-10-11,87447,41123,43436658,397852
2021-10-12,84514,46926,43521172,444778
2021-10-13,88211,52151,43609383,496929
2021-10-14,91546,58547,43700929,555476
2021-10-15,93597,55670,43794526,611146
2021-10-16,82971,36817,43877497,647963
2021-10-17,51461,23854,43928958,671817
2021-10-18,90301,59511,44019259,731328
2021-10-19,78351,69400,44097610,800728
2021-10-20,75068,78198,44172678,878926
2021-10-21,78302,81798,44250980,960724
2021-10-22,73779,77067,44324759,1037791
2021-10-23,60832,51972,44385591,1089763
2021-10-24,33368,23477,44418959,1113240
2021-10-25,64904,81656,44483863,1194896
2021-10-26,58375,91829,44542238,1286725
2021-10-27,58321,104023,44600559,1390748
2021-10-28,61451,114149,44662010,1504897
2021-10-29,61640,103171,44723650,1608068
2021-10-30,50676,68136,44774326,1676204
2021-10-31,25163,28305,44799489,1704509
2021-11-01,19049,28157,44818538,1732666
2021-11-02,62739,89430,44881277,1822096
2021-11-03,60722,118690,44941999,1940786
2021-11-04,59241,126694,45001240,2067480
2021-11-05,63094,135217,45064334,2202697
2021-11-06,46484,90936,45110818,2293633
2021-11-07,22251,37903,45133069,2331536
2021-11-08,51530,131292,45184599,2462828
2021-11-09,45401,144234,45230000,2607062
2021-11-10,42592,156370,45272592,2763432
2021-11-11,44931,155163,45317523,2918595
2021-11-12,46312,158676,45363835,3077271
2021-11-13,33264,116673,45397099,3193944
2021-11-14,14492,52457,45411591,3246401
2021-11-15,36911,157442,45448502,3403843
2021-11-16,30565,171405,45479067,3575248
2021-11-17,28469,178457,45507536,3753705
2021-11-18,30293,193760,45537829,3947465
2021-11-19,28815,205881,45566644,4153346
2021-11-20,21004,156454,45587648,4309800
2021-11-21,10612,64868,45598260,4374668
2021-11-22,21954,213162,45620214,4587830
2021-11-23,23597,241786,45643811,4829616
2021-11-24,27798,271037,45671609,5100653
2021-11-25,23263,301926,45694872,5402579
2021-11-26,24593,318301,45719465,5720880
2021-11-27,21399,266169,45740864,5987049
2021-11-28,9905,137067,45750769,6124116
2021-11-29,22358,326075,45773127,6450191
2021-11-30,23110,365864,45796237,6816055
2021-12-01,21546,413527,45817783,7229582
2021-12-02,23782,440434,45841565,7670016
2021-12-03,25268,467518,45866833,8137534
2021-12-04,22389,418792,45889222,8556326
2021-12-05,11941,261364,45901163,8817690
2021-12-06,25838,457624,45927001,9275314
2021-12-07,24155,480298,45951156,9755612
2021-12-08,10023,249718,45961179,10005330
2021-12-09,31613,491956,45992792,10497286
2021-12-10,28093,517921,46020885,11015207
2021-12-11,23584,459270,46044469,11474477
2021-12-12,12316,293524,46056785,11768001
2021-12-13,26169,467649,46082954,12235650
2021-12-14,25198,494231,46108152,12729881
2021-12-15,25363,517188,46133515,13247069
2021-12-16,27918,520298,46161433,13767367
2021-12-17,29387,517211,46190820,14284578
2021-12-18,27091,468772,46217911,14753350
2021-12-19,15165,300539,46233076,15053889
2021-12-20,30663,477504,46263739,15531393
2021-12-21,30404,493421,46294143,16024814
2021-12-22,29475,484750,46323618,16509564
2021-12-23,28283,426947,46351901,16936511
2021-12-24,13125,210837,46365026,17147348
2021-12-25,2104,33053,46367130,17180401
2021-12-26,8772,159076,46375902,17339477
2021-12-27,46838,504685,46422740,17844162
2021-12-28,42496,554245,46465236,18398407
2021-12-29,34384,550672,46499620,18949079
2021-12-30,31875,499859,46531495,19448938
2021-12-31,14139,247405,46545634,19696343
2022-01-01,3498,64815,46549132,19761158
2022-01-02,22807,276724,46571939,20037882
2022-01-03,47914,520032,46619853,20557914
2022-01-04,46443,572099,46666296,21130013
2022-01-05,40807,560412,46707103,21690425
2022-01-06,23524,274489,46730627,21964914
2022-01-07,63771,554218,46794398,22519132
2022-01-08,60940,503408,46855338,23022540
2022-01-09,42925,319698,46898263,23342238
2022-01-10,61145,542317,46959408,23884555
2022-01-11,61810,587029,47021218,24471584
2022-01-12,58523,581301,47079741,25052885
2022-01-13,58684,580425,47138425,25633310
2022-01-14,46901,588604,47185326,26221914
2022-01-15,39505,569974,47224831,26791888
2022-01-16,31288,341888,47256119,27133776
2022-01-17,54830,489681,47310949,27623457
2022-01-18,58449,517045,47369398,28140502
2022-01-19,57250,502814,47426648,28643316
2022-01-20,54397,498853,47481045,29142169
2022-01-21,42144,493896,47523189,29636065
2022-01-22,31259,469612,47554448,30105677
2022-01-23,34970,275384,47589418,30381061
2022-01-24,56211,437240,47645629,30818301
2022-01-25,61584,452128,47707213,31270429
2022-01-26,58566,435842,47765779,31706271
2022-01-27,48875,432395,47814654,32138666
2022-01-28,58733,436554,47873387,32575220
2022-01-29,68164,412508,47941551,32987728
2022-01-30,50396,235983,47991947,33223711
2022-01-31,60674,356941,48052621,33580652
2022-02-01,65592,328459,48118213,33909111
2022-02-02,63235,296987,48181448,34206098
2022-02-03,60079,274526,48241527,34480624
2022-02-04,72394,268469,48313921,34749093
2022-02-05,83811,248547,48397732,34997640
2022-02-06,55304,116206,48453036,35113846
2022-02-07,65167,199945,48518203,35313791
2022-02-08,66945,186121,48585148,35499912
2022-02-09,58771,166343,48643919,35666255
2022-02-10,58593,163243,48702512,35829498
2022-02-11,62269,162470,48764781,35991968
2022-02-12,71997,152149,48836778,36144117
2022-02-13,41476,68854,48878254,36212971
2022-02-14,46703,116188,48924957,36329159
2022-02-15,48548,123480,48973505,36452639
2022-02-16,45684,106123,49019189,36558762
2022-02-17,42870,98117,49062059,36656879
2022-02-18,46629,112578,49108688,36769457
2022-02-19,52543,100337,49161231,36869794
2022-02-20,31411,40366,49192642,36910160
2022-02-21,37896,89655,49230538,36999815
2022-02-22,37224,83779,49267762,37083594
2022-02-23,33400,79409,49301162,37163003
2022-02-24,32560,78162,49333722,37241165
2022-02-25,34766,90713,49368488,37331878
2022-02-26,39159,89136,49407647,37421014
2022-02-27,22547,35857,49430194,37456871
2022-02-28,28481,81694,49458675,37538565
2022-03-01,22723,53942,49481398,37592507
2022-03-02,21956,50683,49503354,37643190
2022-03-03,22626,54947,49525980,37698137
2022-03-04,23238,62799,49549218,37760936
2022-03-05,23800,57951,49573018,37818887
2022-03-06,9471,17201,49582489,37836088
2022-03-07,15919,51391,49598408,37887479
2022-03-08,15480,48796,49613888,37936275
2022-03-09,13813,46519,49627701,37982794
2022-03-10,14053,52122,49641754,38034916
2022-03-11,15588,57268,49657342,38092184
2022-03-12,15506,56619,49672848,38148803
2022-03-13,5544,16851,49678392,38165654
2022-03-14,10526,46700,49688918,38212354
2022-03-15,10549,46895,49699467,38259249
2022-03-16,9481,41974,49708948,38301223
2022-03-17,9720,44874,49718668,38346097
2022-03-18,10158,49056,49728826,38395153
2022-03-19,9151,46534,49737977,38441687
2022-03-20,2608,11704,49740585,38453391
2022-03-21,7580,40224,49748165,38493615
2022-03-22,8447,37762,49756612,38531377
2022-03-23,7215,33700,49763827,38565077
2022-03-24,8258,38818,49772085,38603895
2022-03-25,8140,43669,49780225,38647564
2022-03-26,8127,41721,49788352,38689285
2022-03-27,2431,9682,49790783,38698967
2022-03-28,6112,35239,49796895,38734206
2022-03-29,5778,32530,49802673,38766736
2022-03-30,5566,30205,49808239,38796941
2022-03-31,5899,33182,49814138,38830123
2022-04-01,4349,25190,49818487,38855313
2022-04-02,4496,23275,49822983,38878588
2022-04-03,1049,4500,49824032,38883088
2022-04-04,3658,21544,49827690,38904632
2022-04-05,3756,22932,49831446,38927564
2022-04-06,4103,21852,49835549,38949416
2022-04-07,3968,23320,49839517,38972736
2022-04-08,4694,26713,49844211,38999449
2022-04-09,4383,23887,49848594,39023336
2022-04-10,892,4613,49849486,39027949
2022-04-11,3816,22688,49853302,39050637
2022-04-12,3365,21778,49856667,39072415
2022-04-13,3568,21335,49860235,39093750
2022-04-14,3485,23786,49863720,39117536
2022-04-15,3084,20620,49866804,39138156
2022-04-16,2149,11918,49868953,39150074
2022-04-17,63,348,49869016,39150422
2022-04-18,152,650,49869168,39151072
2022-04-19,3499,21980,49872667,39173052
2022-04-20,3510,20252,49876177,39193304
2022-04-21,2847,19790,49879024,39213094
2022-04-22,2927,20703,49881951,39233797
2022-04-23,2646,16219,49884597,39250016
2022-04-24,509,2334,49885106,39252350
2022-04-25,183,1165,49885289,39253515
2022-04-26,2759,17807,49888048,39271322
2022-04-27,2374,15793,49890422,39287115
2022-04-28,2360,15561,49892782,39302676
2022-04-29,2296,14847,49895078,39317523
2022-04-30,2123,11581,49897201,39329104
2022-05-01,113,531,49897314,39329635
2022-05-02,1451,9391,49898765,39339026
2022-05-03,1576,10320,49900341,39349346
2022-05-04,1745,10268,49902086,39359614
2022-05-05,1653,10285,49903739,39369899
2022-05-06,1702,10958,49905441,39380857
2022-05-07,1431,8568,49906872,39389425
2022-05-08,416,1521,49907288,39390946
2022-05-09,1027,8929,49908315,39399875
2022-05-10,1424,9548,49909739,39409423
2022-05-11,1484,10104,49911223,39419527
2022-05-12,1369,10131,49912592,39429658
2022-05-13,1596,10519,49914188,39440177
2022-05-14,1357,8236,49915545,39448413
2022-05-15,336,1133,49915881,39449546
2022-05-16,813,8405,49916694,39457951
2022-05-17,1243,8697,49917937,39466648
2022-05-18,1372,9233,49919309,39475881
2022-05-19,1500,9278,49920809,39485159
2022-05-20,1423,9530,49922232,39494689
2022-05-21,1300,7900,49923532,39502589
2022-05-22,231,1014,49923763,39503603
2022-05-23,830,8268,49924593,39511871
2022-05-24,1073,8672,49925666,39520543
2022-05-25,1370,9460,49927036,39530003
2022-05-26,1195,9478,49928231,39539481
2022-05-27,1232,9915,49929463,39549396
2022-05-28,1205,7887,49930668,39557283
2022-05-29,288,1264,49930956,39558547
2022-05-30,930,8056,49931886,39566603
2022-05-31,1036,8547,49932922,39575150
2022-06-01,891,7655,49933813,39582805
2022-06-02,35,474,49933848,39583279
2022-06-03,818,7333,49934666,39590612
2022-06-04,870,5161,49935536,39595773
2022-06-05,89,586,49935625,39596359
2022-06-06,678,6993,49936303,39603352
2022-06-07,952,7849,49937255,39611201
2022-06-08,980,7908,49938235,39619109
2022-06-09,1037,8415,49939272,39627524
2022-06-10,958,8564,49940230,39636088
2022-06-11,903,6207,49941133,39642295
2022-06-12,140,768,49941273,39643063
2022-06-13,602,6301,49941875,39649364
2022-06-14,830,7899,49942705,39657263
2022-06-15,957,7854,49943662,39665117
2022-06-16,730,7395,49944392,39672512
2022-06-17,723,7243,49945115,39679755
2022-06-18,777,5593,49945892,39685348
2022-06-19,48,522,49945940,39685870
2022-06-20,587,6699,49946527,39692569
2022-06-21,736,7666,49947263,39700235
2022-06-22,781,7308,49948044,39707543
2022-06-23,652,7468,49948696,39715011
2022-06-24,644,7473,49949340,39722484
2022-06-25,835,6535,49950175,39729019
2022-06-26,128,523,49950303,39729542
2022-06-27,533,7124,49950836,39736666
2022-06-28,746,8207,49951582,39744873
2022-06-29,756,7731,49952338,39752604
2022-06-30,745,8144,49953083,39760748
2022-07-01,577,6443,49953660,39767191
2022-07-02,536,4770,49954196,39771961
2022-07-03,49,456,49954245,39772417
2022-07-04,469,6276,49954714,39778693
2022-07-05,629,8118,49955343,39786811
2022-07-06,633,7611,49955976,39794422
2022-07-07,572,8271,49956548,39802693
2022-07-08,672,8083,49957220,39810776
2022-07-09,550,6104,49957770,39816880
2022-07-10,58,533,49957828,39817413
2022-07-11,487,7638,49958315,39825051
2022-07-12,667,9029,49958982,39834080
2022-07-13,641,10067,49959623,39844147
2022-07-14,636,10223,49960259,39854370
2022-07-15,625,10665,49960884,39865035
2022-07-16,522,7214,49961406,39872249
2022-07-17,48,770,49961454,39873019
2022-07-18,497,9368,49961951,39882387
2022-07-19,574,10682,49962525,39893069
2022-07-20,580,11274,49963105,39904343
2022-07-21,628,12088,49963733,39916431
2022-07-22,583,11257,49964316,39927688
2022-07-23,381,6772,49964697,39934460
2022-07-24,76,857,49964773,39935317
2022-07-25,503,9051,49965276,39944368
2022-07-26,519,9759,49965795,39954127
2022-07-27,552,10202,49966347,39964329
2022-07-28,530,10535,49966877,39974864
2022-07-29,510,9464,49967387,39984328
2022-07-30,382,5881,49967769,39990209
2022-07-31,49,764,49967818,39990973
2022-08-01,386,6864,49968204,39997837
2022-08-02,540,7584,49968744,40005421
2022-08-03,511,7176,49969255,40012597
2022-08-04,456,7488,49969711,40020085
2022-08-05,420,6526,49970131,40026611
2022-08-06,299,3612,49970430,40030223
2022-08-07,44,561,49970474,40030784
2022-08-08,402,4892,49970876,40035676
2022-08-09,382,5308,49971258,40040984
2022-08-10,382,4816,49971640,40045800
2022-08-11,366,4778,49972006,40050578
2022-08-12,292,3720,49972298,40054298
2022-08-13,143,1600,49972441,40055898
2022-08-14,9,129,49972450,40056027
2022-08-15,1,26,49972451,40056053
2022-08-16,283,3043,49972734,40059096
2022-08-17,352,3536,49973086,40062632
2022-08-18,391,4160,49973477,40066792
2022-08-19,341,3320,49973818,40070112
2022-08-20,183,1715,49974001,40071827
2022-08-21,24,149,49974025,40071976
2022-08-22,330,2951,49974355,40074927
2022-08-23,370,3674,49974725,40078601
2022-08-24,383,3359,49975108,40081960
2022-08-25,421,3773,49975529,40085733
2022-08-26,399,3573,49975928,40089306
2022-08-27,237,1769,49976165,40091075
2022-08-28,29,267,49976194,40091342
2022-08-29,354,3161,49976548,40094503
2022-08-30,403,3671,49976951,40098174
2022-08-31,437,3734,49977388,40101908
2022-09-01,353,3116,49977741,40105024
2022-09-02,296,2891,49978037,40107915
2022-09-03,200,1688,49978237,40109603
2022-09-04,23,149,49978260,40109752
2022-09-05,187,2656,49978447,40112408
2022-09-06,303,2982,49978750,40115390
2022-09-07,540,2936,49979290,40118326
2022-09-08,291,2962,49979581,40121288
2022-09-09,305,2883,49979886,40124171
2022-09-10,227,1326,49980113,40125497
2022-09-11,23,124,49980136,40125621
2022-09-12,267,2263,49980403,40127884
2022-09-13,252,2276,49980655,40130160
2022-09-14,266,2565,49980921,40132725
2022-09-15,281,2496,49981202,40135221
2022-09-16,254,2544,49981456,40137765
2022-09-17,239,1339,49981695,40139104
2022-09-18,20,170,49981715,40139274
2022-09-19,206,1969,49981921,40141243
2022-09-20,236,2384,49982157,40143627
2022-09-21,289,2526,49982446,40146153
2022-09-22,263,2651,49982709,40148804
2022-09-23,258,2538,49982967,40151342
2022-09-24,193,1427,49983160,40152769
2022-09-25,29,133,49983189,40152902
2022-09-26,280,2248,49983469,40155150
2022-09-27,287,2682,49983756,40157832
2022-09-28,309,2896,49984065,40160728
2022-09-29,256,3046,49984321,40163774
2022-09-30,290,2983,49984611,40166757
2022-10-01,194,1515,49984805,40168272
2022-10-02,12,187,49984817,40168459
2022-10-03,182,2473,49984999,40170932
2022-10-04,236,2865,49985235,40173797
2022-10-05,227,3219,49985462,40177016
2022-10-06,242,3847,49985704,40180863
2022-10-07,282,4165,49985986,40185028
2022-10-08,202,2235,49986188,40187263
2022-10-09,8,304,49986196,40187567
2022-10-10,207,3337,49986403,40190904
2022-10-11,192,4350,49986595,40195254
2022-10-12,209,4415,49986804,40199669
2022-10-13,200,5296,49987004,40204965
2022-10-14,230,5021,49987234,40209986
2022-10-15,188,2670,49987422,40212656
2022-10-16,6,360,49987428,40213016
2022-10-17,186,3863,49987614,40216879
2022-10-18,256,4955,49987870,40221834
2022-10-19,241,5462,49988111,40227296
2022-10-20,222,5989,49988333,40233285
2022-10-21,249,5462,49988582,40238747
2022-10-22,193,2907,49988775,40241654
2022-10-23,13,356,49988788,40242010
2022-10-24,171,3915,49988959,40245925
2022-10-25,252,4913,49989211,40250838
2022-10-26,340,5471,49989551,40256309
2022-10-27,239,5627,49989790,40261936
2022-10-28,199,5237,49989989,40267173
2022-10-29,127,2835,49990116,40270008
2022-10-30,3,326,49990119,40270334
2022-10-31,117,3025,49990236,40273359
2022-11-01,10,327,49990246,40273686
2022-11-02,142,3682,49990388,40277368
2022-11-03,170,4749,49990558,40282117
2022-11-04,220,4563,49990778,40286680
2022-11-05,143,2585,49990921,40289265
2022-11-06,10,258,49990931,40289523
2022-11-07,161,3206,49991092,40292729
2022-11-08,260,4198,49991352,40296927
2022-11-09,197,4268,49991549,40301195
2022-11-10,180,4491,49991729,40305686
2022-11-11,189,4174,49991918,40309860
2022-11-12,152,2336,49992070,40312196
2022-11-13,7,330,49992077,40312526
2022-11-14,148,2791,49992225,40315317
2022-11-15,185,3626,49992410,40318943
2022-11-16,200,3755,49992610,40322698
2022-11-17,184,3601,49992794,40326299