data_somministrazione,vaccinazioni,booster,cum_vaccinazioni,cum_booster
2020-12-27,15,0,15,0
2020-12-28,2,0,17,0
2020-12-29,1,0,18,0
2020-12-30,2,0,20,0
2020-12-31,34,0,54,0
2021-01-01,12,0,66,0
2021-01-02,53,0,119,0
2021-01-03,46,0,165,0
2021-01-04,120,0,285,0
2021-01-05,157,0,442,0
2021-01-06,133,0,575,0
2021-01-07,196,0,771,0
2021-01-08,244,0,1015,0
2021-01-09,170,0,1185,0
2021-01-10,109,0,1294,0
2021-01-11,197,0,1491,0
2021-01-12,202,0,1693,0
2021-01-13,305,0,1998,0
2021-01-14,391,0,2389,0
2021-01-15,236,0,2625,0
2021-01-16,163,0,2788,0
2021-01-17,3046,0,5834,0
2021-01-18,5178,0,11012,0
2021-01-19,1871,0,12883,0
2021-01-20,4649,0,17532,0
2021-01-21,20002,0,37534,0
2021-01-22,14194,0,51728,0
2021-01-23,33353,0,85081,0
2021-01-24,30791,0,115872,0
2021-01-25,64767,0,180639,0
2021-01-26,76535,0,257174,0
2021-01-27,64871,0,322045,0
2021-01-28,89329,0,411374,0
2021-01-29,94063,0,505437,0
2021-01-30,86603,0,592040,0
2021-01-31,57339,0,649379,0
2021-02-01,81888,0,731267,0
2021-02-02,82155,0,813422,0
2021-02-03,91206,0,904628,0
2021-02-04,95359,0,999987,0
2021-02-05,90268,0,1090255,0
2021-02-06,63724,0,1153979,0
2021-02-07,32914,0,1186893,0
2021-02-08,40403,0,1227296,0
2021-02-09,32827,0,1260123,0
2021-02-10,28374,0,1288497,0
2021-02-11,20346,0,1308843,0
2021-02-12,16173,0,1325016,0
2021-02-13,7216,0,1332232,0
2021-02-14,2855,0,1335087,0
2021-02-15,6817,0,1341904,0
2021-02-16,6968,0,1348872,0
2021-02-17,10487,0,1359359,0
2021-02-18,9208,0,1368567,0
2021-02-19,8151,0,1376718,0
2021-02-20,5466,0,1382184,0
2021-02-21,2939,0,1385123,0
2021-02-22,6825,0,1391948,0
2021-02-23,7089,0,1399037,0
2021-02-24,9781,0,1408818,0
2021-02-25,14160,0,1422978,0
2021-02-26,17471,0,1440449,0
2021-02-27,13842,0,1454291,0
2021-02-28,9335,0,1463626,0
2021-03-01,26427,0,1490053,0
2021-03-02,33143,0,1523196,0
2021-03-03,44580,0,1567776,0
2021-03-04,50182,0,1617958,0
2021-03-05,55672,0,1673630,0
2021-03-06,41825,0,1715455,0
2021-03-07,22279,0,1737734,0
2021-03-08,50599,0,1788333,0
2021-03-09,52934,0,1841267,0
2021-03-10,58485,0,1899752,0
2021-03-11,63693,0,1963445,0
2021-03-12,65002,0,2028447,0
2021-03-13,51636,0,2080083,0
2021-03-14,35334,0,2115417,0
2021-03-15,73236,0,2188653,0
2021-03-16,73960,0,2262613,0
2021-03-17,82973,0,2345586,0
2021-03-18,81570,0,2427156,0
2021-03-19,80984,0,2508140,0
2021-03-20,64614,0,2572754,0
2021-03-21,47237,0,2619991,0
2021-03-22,69366,0,2689357,0
2021-03-23,75663,0,2765020,0
2021-03-24,90745,0,2855765,0
2021-03-25,89664,0,2945429,0
2021-03-26,83467,0,3028896,0
2021-03-27,71791,0,3100687,0
2021-03-28,44021,0,3144708,0
2021-03-29,70672,0,3215380,0
2021-03-30,81224,0,3296604,0
2021-03-31,96064,0,3392668,0
2021-04-01,95177,0,3487845,0
2021-04-02,83953,0,3571798,0
2021-04-03,64221,0,3636019,0
2021-04-04,21684,0,3657703,0
2021-04-05,40248,0,3697951,0
2021-04-06,81202,0,3779153,0
2021-04-07,95546,0,3874699,0
2021-04-08,95133,0,3969832,0
2021-04-09,88359,0,4058191,0
2021-04-10,73911,0,4132102,0
2021-04-11,44685,0,4176787,0
2021-04-12,66818,0,4243605,0
2021-04-13,72487,0,4316092,0
2021-04-14,85392,0,4401484,0
2021-04-15,105274,0,4506758,0
2021-04-16,106273,0,4613031,0
2021-04-17,90520,0,4703551,0
2021-04-18,58647,0,4762198,0
2021-04-19,93319,0,4855517,0
2021-04-20,103643,0,4959160,0
2021-04-21,125229,0,5084389,0
2021-04-22,143374,0,5227763,0
2021-04-23,138537,0,5366300,0
2021-04-24,124303,0,5490603,0
2021-04-25,61371,0,5551974,0
2021-04-26,97762,0,5649736,0
2021-04-27,128219,0,5777955,0
2021-04-28,156192,0,5934147,0
2021-04-29,195358,0,6129505,0
2021-04-30,214347,0,6343852,0
2021-05-01,174120,0,6517972,0
2021-05-02,135860,0,6653832,0
2021-05-03,141832,0,6795664,0
2021-05-04,158516,0,6954180,0
2021-05-05,170274,0,7124454,0
2021-05-06,197595,0,7322049,0
2021-05-07,213544,0,7535593,0
2021-05-08,213180,0,7748773,0
2021-05-09,143023,0,7891796,0
2021-05-10,164907,0,8056703,0
2021-05-11,174731,0,8231434,0
2021-05-12,178889,0,8410323,0
2021-05-13,203068,0,8613391,0
2021-05-14,222624,0,8836015,0
2021-05-15,210071,0,9046086,0
2021-05-16,159131,0,9205217,0
2021-05-17,218990,0,9424207,0
2021-05-18,212775,0,9636982,0
2021-05-19,206825,0,9843807,0
2021-05-20,270537,0,10114344,0
2021-05-21,270577,0,10384921,0
2021-05-22,245328,0,10630249,0
2021-05-23,197055,0,10827304,0
2021-05-24,228146,0,11055450,0
2021-05-25,245509,0,11300959,0
2021-05-26,277252,0,11578211,0
2021-05-27,310832,0,11889043,0
2021-05-28,299343,0,12188386,0
2021-05-29,230968,0,12419354,0
2021-05-30,170679,0,12590033,0
2021-05-31,216215,0,12806248,0
2021-06-01,207456,0,13013704,0
2021-06-02,115616,0,13129320,0
2021-06-03,179787,0,13309107,0
2021-06-04,184496,0,13493603,0
2021-06-05,185713,0,13679316,0
2021-06-06,139373,0,13818689,0
2021-06-07,161525,0,13980214,0
2021-06-08,170762,0,14150976,0
2021-06-09,171056,0,14322032,0
2021-06-10,173632,0,14495664,0
2021-06-11,169560,0,14665224,0
2021-06-12,127962,0,14793186,0
2021-06-13,90942,0,14884128,0
2021-06-14,214390,0,15098518,0
2021-06-15,228157,0,15326675,0
2021-06-16,252870,0,15579545,0
2021-06-17,301499,0,15881044,0
2021-06-18,306030,0,16187074,0
2021-06-19,274943,0,16462017,0
2021-06-20,220580,0,16682597,0
2021-06-21,287906,0,16970503,0
2021-06-22,296008,0,17266511,0
2021-06-23,302583,0,17569094,0
2021-06-24,332456,0,17901550,0
2021-06-25,348579,0,18250129,0
2021-06-26,300173,0,18550302,0
2021-06-27,228772,0,18779074,0
2021-06-28,306844,0,19085918,0
2021-06-29,329034,0,19414952,0
2021-06-30,341975,0,19756927,0
2021-07-01,362964,0,20119891,0
2021-07-02,368365,0,20488256,0
2021-07-03,371253,0,20859509,0
2021-07-04,283209,0,21142718,0
2021-07-05,384408,0,21527126,0
2021-07-06,385294,0,21912420,0
2021-07-07,411987,0,22324407,0
2021-07-08,479738,0,22804145,0
2021-07-09,498497,0,23302642,0
2021-07-10,475217,0,23777859,0
2021-07-11,357778,0,24135637,0
2021-07-12,485956,0,24621593,0
2021-07-13,492258,0,25113851,0
2021-07-14,480537,0,25594388,0
2021-07-15,523644,0,26118032,0
2021-07-16,509878,0,26627910,0
2021-07-17,464486,0,27092396,0
2021-07-18,364794,0,27457190,0
2021-07-19,463374,0,27920564,0
2021-07-20,458231,0,28378795,0
2021-07-21,462851,0,28841646,0
2021-07-22,475353,0,29316999,0
2021-07-23,441285,0,29758284,0
2021-07-24,386106,0,30144390,0
2021-07-25,287523,0,30431913,0
2021-07-26,430856,0,30862769,0
2021-07-27,440113,0,31302882,0
2021-07-28,390932,0,31693814,0
2021-07-29,371991,0,32065805,0
2021-07-30,341443,0,32407248,0
2021-07-31,286932,0,32694180,0
2021-08-01,190784,0,32884964,0
2021-08-02,333726,0,33218690,0
2021-08-03,323080,0,33541770,0
2021-08-04,310791,0,33852561,0
2021-08-05,292409,0,34144970,0
2021-08-06,259857,0,34404827,0
2021-08-07,198825,0,34603652,0
2021-08-08,153034,0,34756686,0
2021-08-09,234098,0,34990784,0
2021-08-10,205054,0,35195838,0
2021-08-11,193503,0,35389341,0
2021-08-12,167742,0,35557083,0
2021-08-13,148329,0,35705412,0
2021-08-14,65953,0,35771365,0
2021-08-15,26287,0,35797652,0
2021-08-16,114535,0,35912187,0
2021-08-17,129060,0,36041247,0
2021-08-18,128631,0,36169878,0
2021-08-19,124613,0,36294491,0
2021-08-20,123594,0,36418085,0
2021-08-21,82982,0,36501067,0
2021-08-22,68057,0,36569124,0
2021-08-23,176615,0,36745739,0
2021-08-24,156847,0,36902586,0
2021-08-25,176922,0,37079508,0
2021-08-26,172199,0,37251707,0
2021-08-27,185709,0,37437416,0
2021-08-28,140034,0,37577450,0
2021-08-29,98904,0,37676354,0
2021-08-30,209483,0,37885837,0
2021-08-31,194546,0,38080383,0
2021-09-01,192046,0,38272429,0
2021-09-02,189771,0,38462200,0
2021-09-03,191154,0,38653354,0
2021-09-04,131353,0,38784707,0
2021-09-05,87848,0,38872555,0
2021-09-06,193525,0,39066080,0
2021-09-07,195723,0,39261803,0
2021-09-08,187722,0,39449525,0
2021-09-09,201295,0,39650820,0
2021-09-10,197902,0,39848722,0
2021-09-11,141143,0,39989865,0
2021-09-12,89467,0,40079332,0
2021-09-13,191014,336,40270346,336
2021-09-14,177243,421,40447589,757
2021-09-15,162960,453,40610549,1210
2021-09-16,159940,785,40770489,1995
2021-09-17,149993,1002,40920482,2997
2021-09-18,127796,655,41048278,3652
2021-09-19,80951,438,41129229,4090
2021-09-20,179761,8952,41308990,13042
2021-09-21,166252,8723,41475242,21765
2021-09-22,158677,9356,41633919,31121
2021-09-23,137621,9235,41771540,40356
2021-09-24,140132,8849,41911672,49205
2021-09-25,119272,5556,42030944,54761
2021-09-26,71754,4293,42102698,59054
2021-09-27,135332,9966,42238030,69020
2021-09-28,117116,11301,42355146,80321
2021-09-29,111924,11754,42467070,92075
2021-09-30,109849,14836,42576919,106911
2021-10-01,94612,19023,42671531,125934
2021-10-02,78182,13983,42749713,139917
2021-10-03,47503,7626,42797216,147543
2021-10-04,88051,34356,42885267,181899
2021-10-05,80071,33908,42965338,215807
2021-10-06,71718,34053,43037056,249860
2021-10-07,71477,34272,43108533,284132
2021-10-08,80339,33483,43188872,317615
2021-10-09,75778,22105,43264650,339720
2021-10-10,45610,13589,43310260,353309
2021-10-11,87066,40985,43397326,394294
2021-10-12,84156,46781,43481482,441075
2021-10-13,87865,51974,43569347,493049
2021-10-14,91073,58379,43660420,551428
2021-10-15,93193,55463,43753613,606891
2021-10-16,82633,36696,43836246,643587
2021-10-17,51224,23774,43887470,667361
2021-10-18,90041,59322,43977511,726683
2021-10-19,78118,69277,44055629,795960
2021-10-20,74879,78016,44130508,873976
2021-10-21,78076,81557,44208584,955533
2021-10-22,73713,76852,44282297,1032385
2021-10-23,60695,51880,44342992,1084265
2021-10-24,33296,23395,44376288,1107660
2021-10-25,64725,81489,44441013,1189149
2021-10-26,58234,91598,44499247,1280747
2021-10-27,58110,103806,44557357,1384553
2021-10-28,61279,113813,44618636,1498366
2021-10-29,61603,102900,44680239,1601266
2021-10-30,50550,67975,44730789,1669241
2021-10-31,25105,28231,44755894,1697472
2021-11-01,19008,28115,44774902,1725587
2021-11-02,62636,89191,44837538,1814778
2021-11-03,60601,118472,44898139,1933250
2021-11-04,59076,126423,44957215,2059673
2021-11-05,62949,134941,45020164,2194614
2021-11-06,46325,90787,45066489,2285401
2021-11-07,22200,37823,45088689,2323224
2021-11-08,51341,131075,45140030,2454299
2021-11-09,45274,143878,45185304,2598177
2021-11-10,42497,155970,45227801,2754147
2021-11-11,44780,154880,45272581,2909027
2021-11-12,46206,158299,45318787,3067326
2021-11-13,33131,116428,45351918,3183754
2021-11-14,14436,52382,45366354,3236136
2021-11-15,36740,157117,45403094,3393253
2021-11-16,30406,171088,45433500,3564341
2021-11-17,28277,178206,45461777,3742547
2021-11-18,30096,193390,45491873,3935937
2021-11-19,28628,205486,45520501,4141423
2021-11-20,20857,156108,45541358,4297531
2021-11-21,10525,64700,45551883,4362231
2021-11-22,21757,212672,45573640,4574903
2021-11-23,23375,241368,45597015,4816271
2021-11-24,27601,270466,45624616,5086737
2021-11-25,22957,301395,45647573,5388132
2021-11-26,24315,317765,45671888,5705897
2021-11-27,21166,265750,45693054,5971647
2021-11-28,9783,136816,45702837,6108463
2021-11-29,21987,325514,45724824,6433977
2021-11-30,22751,365168,45747575,6799145
2021-12-01,21151,412761,45768726,7211906
2021-12-02,23346,439894,45792072,7651800
2021-12-03,24761,466810,45816833,8118610
2021-12-04,21962,418382,45838795,8536992
2021-12-05,11625,261156,45850420,8798148
2021-12-06,25174,457110,45875594,9255258
2021-12-07,23525,479697,45899119,9734955
2021-12-08,9678,249468,45908797,9984423
2021-12-09,30825,491473,45939622,10475896
2021-12-10,27368,517196,45966990,10993092
2021-12-11,22930,458887,45989920,11451979
2021-12-12,11874,293221,46001794,11745200
2021-12-13,25389,467112,46027183,12212312
2021-12-14,24341,493664,46051524,12705976
2021-12-15,24512,516571,46076036,13222547
2021-12-16,26838,519563,46102874,13742110
2021-12-17,28415,516291,46131289,14258401
2021-12-18,26054,468288,46157343,14726689
2021-12-19,14459,300248,46171802,15026937
2021-12-20,29593,476970,46201395,15503907
2021-12-21,29326,492695,46230721,15996602
2021-12-22,28219,484108,46258940,16480710
2021-12-23,27008,426378,46285948,16907088
2021-12-24,12645,210594,46298593,17117682
2021-12-25,2065,33007,46300658,17150689
2021-12-26,8234,158975,46308892,17309664
2021-12-27,44732,504231,46353624,17813895
2021-12-28,39685,553691,46393309,18367586
2021-12-29,31298,550016,46424607,18917602
2021-12-30,28784,499191,46453391,19416793
2021-12-31,12607,247163,46465998,19663956
2022-01-01,3173,64750,46469171,19728706
2022-01-02,19940,276546,46489111,20005252
2022-01-03,43274,520497,46532385,20525749
2022-01-04,41274,572493,46573659,21098242
2022-01-05,35629,560761,46609288,21659003
2022-01-06,20691,274214,46629979,21933217
2022-01-07,58589,554321,46688568,22487538
2022-01-08,55424,502859,46743992,22990397
2022-01-09,38652,319387,46782644,23309784
2022-01-10,57058,542249,46839702,23852033
2022-01-11,57169,586808,46896871,24438841
2022-01-12,53992,581052,46950863,25019893
2022-01-13,54520,580096,47005383,25599989
2022-01-14,42653,587999,47048036,26187988
2022-01-15,34251,567687,47082287,26755675
2022-01-16,27791,340769,47110078,27096444
2022-01-17,52053,489602,47162131,27586046
2022-01-18,55737,516619,47217868,28102665
2022-01-19,54718,502448,47272586,28605113
2022-01-20,52007,498191,47324593,29103304
2022-01-21,39627,493015,47364220,29596319
2022-01-22,28192,468513,47392412,30064832
2022-01-23,33221,274688,47425633,30339520
2022-01-24,54500,436564,47480133,30776084
2022-01-25,59975,451135,47540108,31227219
2022-01-26,56744,434146,47596852,31661365
2022-01-27,47131,430514,47643983,32091879
2022-01-28,56620,434370,47700603,32526249
2022-01-29,65970,409733,47766573,32935982
2022-01-30,48921,234039,47815494,33170021
2022-01-31,58094,351406,47873588,33521427
2022-02-01,28486,151665,47902074,33673092