data_somministrazione,vaccinazioni,booster,cum_vaccinazioni,cum_booster
2020-12-27,22,0,22,0
2020-12-28,2,0,24,0
2020-12-29,1,0,25,0
2020-12-30,8,0,33,0
2020-12-31,80,0,113,0
2021-01-01,26,0,139,0
2021-01-02,151,0,290,0
2021-01-03,112,0,402,0
2021-01-04,246,0,648,0
2021-01-05,291,0,939,0
2021-01-06,262,0,1201,0
2021-01-07,331,0,1532,0
2021-01-08,385,0,1917,0
2021-01-09,290,0,2207,0
2021-01-10,172,0,2379,0
2021-01-11,312,0,2691,0
2021-01-12,292,0,2983,0
2021-01-13,425,0,3408,0
2021-01-14,507,0,3915,0
2021-01-15,327,0,4242,0
2021-01-16,225,0,4467,0
2021-01-17,3065,0,7532,0
2021-01-18,5220,0,12752,0
2021-01-19,1896,0,14648,0
2021-01-20,4660,0,19308,0
2021-01-21,20004,0,39312,0
2021-01-22,14220,0,53532,0
2021-01-23,33316,0,86848,0
2021-01-24,30775,0,117623,0
2021-01-25,64698,0,182321,0
2021-01-26,76456,0,258777,0
2021-01-27,64804,0,323581,0
2021-01-28,89244,0,412825,0
2021-01-29,93991,0,506816,0
2021-01-30,86538,0,593354,0
2021-01-31,57320,0,650674,0
2021-02-01,81833,0,732507,0
2021-02-02,82126,0,814633,0
2021-02-03,91101,0,905734,0
2021-02-04,95381,0,1001115,0
2021-02-05,90263,0,1091378,0
2021-02-06,63450,0,1154828,0
2021-02-07,32935,0,1187763,0
2021-02-08,40421,0,1228184,0
2021-02-09,32880,0,1261064,0
2021-02-10,28440,0,1289504,0
2021-02-11,20409,0,1309913,0
2021-02-12,16252,0,1326165,0
2021-02-13,7281,0,1333446,0
2021-02-14,2862,0,1336308,0
2021-02-15,6851,0,1343159,0
2021-02-16,7008,0,1350167,0
2021-02-17,10526,0,1360693,0
2021-02-18,9258,0,1369951,0
2021-02-19,8259,0,1378210,0
2021-02-20,5585,0,1383795,0
2021-02-21,3015,0,1386810,0
2021-02-22,6884,0,1393694,0
2021-02-23,7191,0,1400885,0
2021-02-24,9815,0,1410700,0
2021-02-25,14215,0,1424915,0
2021-02-26,17563,0,1442478,0
2021-02-27,13925,0,1456403,0
2021-02-28,9398,0,1465801,0
2021-03-01,26533,0,1492334,0
2021-03-02,33247,0,1525581,0
2021-03-03,44652,0,1570233,0
2021-03-04,50304,0,1620537,0
2021-03-05,55745,0,1676282,0
2021-03-06,41886,0,1718168,0
2021-03-07,22332,0,1740500,0
2021-03-08,50840,0,1791340,0
2021-03-09,53095,0,1844435,0
2021-03-10,58702,0,1903137,0
2021-03-11,63895,0,1967032,0
2021-03-12,65146,0,2032178,0
2021-03-13,51732,0,2083910,0
2021-03-14,35427,0,2119337,0
2021-03-15,73462,0,2192799,0
2021-03-16,74029,0,2266828,0
2021-03-17,83146,0,2349974,0
2021-03-18,81634,0,2431608,0
2021-03-19,81091,0,2512699,0
2021-03-20,64746,0,2577445,0
2021-03-21,47312,0,2624757,0
2021-03-22,69506,0,2694263,0
2021-03-23,75821,0,2770084,0
2021-03-24,90940,0,2861024,0
2021-03-25,89830,0,2950854,0
2021-03-26,83645,0,3034499,0
2021-03-27,71965,0,3106464,0
2021-03-28,44192,0,3150656,0
2021-03-29,70852,0,3221508,0
2021-03-30,81420,0,3302928,0
2021-03-31,96267,0,3399195,0
2021-04-01,95343,0,3494538,0
2021-04-02,84089,0,3578627,0
2021-04-03,64314,0,3642941,0
2021-04-04,21726,0,3664667,0
2021-04-05,40326,0,3704993,0
2021-04-06,81351,0,3786344,0
2021-04-07,95851,0,3882195,0
2021-04-08,95268,0,3977463,0
2021-04-09,88510,0,4065973,0
2021-04-10,74039,0,4140012,0
2021-04-11,44773,0,4184785,0
2021-04-12,66929,0,4251714,0
2021-04-13,72601,0,4324315,0
2021-04-14,85560,0,4409875,0
2021-04-15,105428,0,4515303,0
2021-04-16,106436,0,4621739,0
2021-04-17,90533,0,4712272,0
2021-04-18,58599,0,4770871,0
2021-04-19,93447,0,4864318,0
2021-04-20,103783,0,4968101,0
2021-04-21,125346,0,5093447,0
2021-04-22,143539,0,5236986,0
2021-04-23,138764,0,5375750,0
2021-04-24,124456,0,5500206,0
2021-04-25,61471,0,5561677,0
2021-04-26,97920,0,5659597,0
2021-04-27,128380,0,5787977,0
2021-04-28,156403,0,5944380,0
2021-04-29,195627,0,6140007,0
2021-04-30,214622,0,6354629,0
2021-05-01,174151,0,6528780,0
2021-05-02,135818,0,6664598,0
2021-05-03,142083,0,6806681,0
2021-05-04,158720,0,6965401,0
2021-05-05,170556,0,7135957,0
2021-05-06,197834,0,7333791,0
2021-05-07,213890,0,7547681,0
2021-05-08,213444,0,7761125,0
2021-05-09,143224,0,7904349,0
2021-05-10,165110,0,8069459,0
2021-05-11,175019,0,8244478,0
2021-05-12,179238,0,8423716,0
2021-05-13,203429,0,8627145,0
2021-05-14,222952,0,8850097,0
2021-05-15,210398,0,9060495,0
2021-05-16,159294,0,9219789,0
2021-05-17,219227,0,9439016,0
2021-05-18,213036,0,9652052,0
2021-05-19,207107,0,9859159,0
2021-05-20,270914,0,10130073,0
2021-05-21,270917,0,10400990,0
2021-05-22,245553,0,10646543,0
2021-05-23,197199,0,10843742,0
2021-05-24,228315,0,11072057,0
2021-05-25,245704,0,11317761,0
2021-05-26,277577,0,11595338,0
2021-05-27,311112,0,11906450,0
2021-05-28,299590,0,12206040,0
2021-05-29,231262,0,12437302,0
2021-05-30,170858,0,12608160,0
2021-05-31,216445,0,12824605,0
2021-06-01,207647,0,13032252,0
2021-06-02,115812,0,13148064,0
2021-06-03,180188,0,13328252,0
2021-06-04,184938,0,13513190,0
2021-06-05,186016,0,13699206,0
2021-06-06,139605,0,13838811,0
2021-06-07,161924,0,14000735,0
2021-06-08,171313,0,14172048,0
2021-06-09,171541,0,14343589,0
2021-06-10,174183,0,14517772,0
2021-06-11,170065,0,14687837,0
2021-06-12,128418,0,14816255,0
2021-06-13,91253,0,14907508,0
2021-06-14,214719,0,15122227,0
2021-06-15,228473,0,15350700,0
2021-06-16,253121,0,15603821,0
2021-06-17,301800,0,15905621,0
2021-06-18,306346,0,16211967,0
2021-06-19,275143,0,16487110,0
2021-06-20,220838,0,16707948,0
2021-06-21,288122,0,16996070,0
2021-06-22,296276,0,17292346,0
2021-06-23,302718,0,17595064,0
2021-06-24,332635,0,17927699,0
2021-06-25,348747,0,18276446,0
2021-06-26,300157,0,18576603,0
2021-06-27,228706,0,18805309,0
2021-06-28,307171,0,19112480,0
2021-06-29,329360,0,19441840,0
2021-06-30,342240,0,19784080,0
2021-07-01,363262,0,20147342,0
2021-07-02,368514,0,20515856,0
2021-07-03,371108,0,20886964,0
2021-07-04,283252,0,21170216,0
2021-07-05,384570,0,21554786,0
2021-07-06,385495,0,21940281,0
2021-07-07,412141,0,22352422,0
2021-07-08,479583,0,22832005,0
2021-07-09,498462,0,23330467,0
2021-07-10,475173,0,23805640,0
2021-07-11,357688,0,24163328,0
2021-07-12,485871,0,24649199,0
2021-07-13,492060,0,25141259,0
2021-07-14,480428,0,25621687,0
2021-07-15,523407,0,26145094,0
2021-07-16,509738,0,26654832,0
2021-07-17,464315,0,27119147,0
2021-07-18,364625,0,27483772,0
2021-07-19,463030,0,27946802,0
2021-07-20,458043,0,28404845,0
2021-07-21,462787,0,28867632,0
2021-07-22,475372,0,29343004,0
2021-07-23,441325,0,29784329,0
2021-07-24,386140,0,30170469,0
2021-07-25,287536,0,30458005,0
2021-07-26,430886,0,30888891,0
2021-07-27,440101,0,31328992,0
2021-07-28,391012,0,31720004,0
2021-07-29,372072,0,32092076,0
2021-07-30,341525,0,32433601,0
2021-07-31,287050,0,32720651,0
2021-08-01,190996,0,32911647,0
2021-08-02,333712,0,33245359,0
2021-08-03,323182,0,33568541,0
2021-08-04,310997,0,33879538,0
2021-08-05,292478,0,34172016,0
2021-08-06,260047,0,34432063,0
2021-08-07,199069,0,34631132,0
2021-08-08,153108,0,34784240,0
2021-08-09,234082,0,35018322,0
2021-08-10,205296,0,35223618,0
2021-08-11,193801,0,35417419,0
2021-08-12,168079,0,35585498,0
2021-08-13,148676,0,35734174,0
2021-08-14,66104,0,35800278,0
2021-08-15,26345,0,35826623,0
2021-08-16,114723,0,35941346,0
2021-08-17,129261,0,36070607,0
2021-08-18,128761,0,36199368,0
2021-08-19,124866,0,36324234,0
2021-08-20,123797,0,36448031,0
2021-08-21,83135,0,36531166,0
2021-08-22,68183,0,36599349,0
2021-08-23,176869,0,36776218,0
2021-08-24,156889,0,36933107,0
2021-08-25,177169,0,37110276,0
2021-08-26,172348,0,37282624,0
2021-08-27,185828,0,37468452,0
2021-08-28,140295,0,37608747,0
2021-08-29,98997,0,37707744,0
2021-08-30,209582,0,37917326,0
2021-08-31,194640,0,38111966,0
2021-09-01,192216,0,38304182,0
2021-09-02,189924,0,38494106,0
2021-09-03,191278,0,38685384,0
2021-09-04,131437,0,38816821,0
2021-09-05,87839,0,38904660,0
2021-09-06,193598,0,39098258,0
2021-09-07,196038,0,39294296,0
2021-09-08,187856,0,39482152,0
2021-09-09,201415,0,39683567,0
2021-09-10,198047,0,39881614,0
2021-09-11,141289,0,40022903,0
2021-09-12,89588,0,40112491,0
2021-09-13,191097,665,40303588,665
2021-09-14,177205,662,40480793,1327
2021-09-15,163079,658,40643872,1985
2021-09-16,160034,1017,40803906,3002
2021-09-17,150153,1177,40954059,4179
2021-09-18,127985,784,41082044,4963
2021-09-19,81141,513,41163185,5476
2021-09-20,180057,9139,41343242,14615
2021-09-21,166675,8867,41509917,23482
2021-09-22,159124,9465,41669041,32947
2021-09-23,138108,9360,41807149,42307
2021-09-24,140550,9022,41947699,51329
2021-09-25,119565,5678,42067264,57007
2021-09-26,71992,4369,42139256,61376
2021-09-27,135673,10091,42274929,71467
2021-09-28,117520,11438,42392449,82905
2021-09-29,112384,11856,42504833,94761
2021-09-30,110296,14986,42615129,109747
2021-10-01,95004,19145,42710133,128892
2021-10-02,78527,14048,42788660,142940
2021-10-03,47760,7672,42836420,150612
2021-10-04,88391,34491,42924811,185103
2021-10-05,80385,34023,43005196,219126
2021-10-06,72007,34220,43077203,253346
2021-10-07,71881,34382,43149084,287728
2021-10-08,80651,33629,43229735,321357
2021-10-09,76116,22202,43305851,343559
2021-10-10,45795,13632,43351646,357191
2021-10-11,87447,41137,43439093,398328
2021-10-12,84515,46940,43523608,445268
2021-10-13,88227,52174,43611835,497442
2021-10-14,91559,58563,43703394,556005
2021-10-15,93599,55688,43796993,611693
2021-10-16,82977,36834,43879970,648527
2021-10-17,51461,23864,43931431,672391
2021-10-18,90300,59528,44021731,731919
2021-10-19,78353,69423,44100084,801342
2021-10-20,75060,78216,44175144,879558
2021-10-21,78280,81826,44253424,961384
2021-10-22,73765,77092,44327189,1038476
2021-10-23,60838,51977,44388027,1090453
2021-10-24,33369,23483,44421396,1113936
2021-10-25,64894,81673,44486290,1195609
2021-10-26,58372,91844,44544662,1287453
2021-10-27,58317,104045,44602979,1391498
2021-10-28,61442,114165,44664421,1505663
2021-10-29,61621,103201,44726042,1608864
2021-10-30,50672,68160,44776714,1677024
2021-10-31,25158,28315,44801872,1705339
2021-11-01,19050,28159,44820922,1733498
2021-11-02,62737,89446,44883659,1822944
2021-11-03,60714,118707,44944373,1941651
2021-11-04,59238,126709,45003611,2068360
2021-11-05,63091,135234,45066702,2203594
2021-11-06,46496,90944,45113198,2294538
2021-11-07,22248,37908,45135446,2332446
2021-11-08,51523,131301,45186969,2463747
2021-11-09,45403,144238,45232372,2607985
2021-11-10,42593,156382,45274965,2764367
2021-11-11,44930,155178,45319895,2919545
2021-11-12,46300,158712,45366195,3078257
2021-11-13,33273,116683,45399468,3194940
2021-11-14,14490,52462,45413958,3247402
2021-11-15,36907,157448,45450865,3404850
2021-11-16,30569,171415,45481434,3576265
2021-11-17,28469,178470,45509903,3754735
2021-11-18,30297,193770,45540200,3948505
2021-11-19,28824,205889,45569024,4154394
2021-11-20,21015,156460,45590039,4310854
2021-11-21,10613,64870,45600652,4375724
2021-11-22,21960,213163,45622612,4588887
2021-11-23,23608,241804,45646220,4830691
2021-11-24,27769,271103,45673989,5101794
2021-11-25,23269,301953,45697258,5403747
2021-11-26,24599,318314,45721857,5722061
2021-11-27,21420,266175,45743277,5988236
2021-11-28,9911,137072,45753188,6125308
2021-11-29,22368,326082,45775556,6451390
2021-11-30,23121,365862,45798677,6817252
2021-12-01,21562,413547,45820239,7230799
2021-12-02,23799,440445,45844038,7671244
2021-12-03,25283,467546,45869321,8138790
2021-12-04,22392,418813,45891713,8557603
2021-12-05,11944,261370,45903657,8818973
2021-12-06,25849,457637,45929506,9276610
2021-12-07,24169,480309,45953675,9756919
2021-12-08,10032,249724,45963707,10006643
2021-12-09,31627,491969,45995334,10498612
2021-12-10,28110,517939,46023444,11016551
2021-12-11,23595,459288,46047039,11475839
2021-12-12,12328,293536,46059367,11769375
2021-12-13,26186,467663,46085553,12237038
2021-12-14,25207,494246,46110760,12731284
2021-12-15,25382,517191,46136142,13248475
2021-12-16,27938,520309,46164080,13768784
2021-12-17,29405,517229,46193485,14286013
2021-12-18,27117,468788,46220602,14754801
2021-12-19,15173,300547,46235775,15055348
2021-12-20,30684,477513,46266459,15532861
2021-12-21,30424,493452,46296883,16026313
2021-12-22,29495,484759,46326378,16511072
2021-12-23,28291,426971,46354669,16938043
2021-12-24,13126,210847,46367795,17148890
2021-12-25,2104,33053,46369899,17181943
2021-12-26,8783,159077,46378682,17341020
2021-12-27,46851,504703,46425533,17845723
2021-12-28,42513,554268,46468046,18399991
2021-12-29,34410,550685,46502456,18950676
2021-12-30,31905,499871,46534361,19450547
2021-12-31,14152,247410,46548513,19697957
2022-01-01,3503,64814,46552016,19762771
2022-01-02,22841,276728,46574857,20039499
2022-01-03,47965,520037,46622822,20559536
2022-01-04,46494,572107,46669316,21131643
2022-01-05,40864,560430,46710180,21692073
2022-01-06,23545,274490,46733725,21966563
2022-01-07,63816,554226,46797541,22520789
2022-01-08,61004,503426,46858545,23024215
2022-01-09,42980,319709,46901525,23343924
2022-01-10,61186,542331,46962711,23886255
2022-01-11,61881,587040,47024592,24473295
2022-01-12,58576,581316,47083168,25054611
2022-01-13,58733,580435,47141901,25635046
2022-01-14,46957,588626,47188858,26223672
2022-01-15,39607,570001,47228465,26793673
2022-01-16,31333,341899,47259798,27135572
2022-01-17,54863,489699,47314661,27625271
2022-01-18,58482,517059,47373143,28142330
2022-01-19,57282,502826,47430425,28645156
2022-01-20,54434,498866,47484859,29144022
2022-01-21,42196,493903,47527055,29637925
2022-01-22,31314,469624,47558369,30107549
2022-01-23,34985,275392,47593354,30382941
2022-01-24,56234,437255,47649588,30820196
2022-01-25,61607,452135,47711195,31272331
2022-01-26,58605,435851,47769800,31708182
2022-01-27,48902,432419,47818702,32140601
2022-01-28,58769,436568,47877471,32577169
2022-01-29,68201,412520,47945672,32989689
2022-01-30,50414,235992,47996086,33225681
2022-01-31,60728,356954,48056814,33582635
2022-02-01,65625,328473,48122439,33911108
2022-02-02,63256,297002,48185695,34208110
2022-02-03,60098,274541,48245793,34482651
2022-02-04,72417,268476,48318210,34751127
2022-02-05,83821,248560,48402031,34999687
2022-02-06,55309,116208,48457340,35115895
2022-02-07,65192,199948,48522532,35315843
2022-02-08,66960,186132,48589492,35501975
2022-02-09,58777,166356,48648269,35668331
2022-02-10,58604,163256,48706873,35831587
2022-02-11,62279,162481,48769152,35994068
2022-02-12,72018,152157,48841170,36146225
2022-02-13,41487,68859,48882657,36215084
2022-02-14,46712,116195,48929369,36331279
2022-02-15,48573,123482,48977942,36454761
2022-02-16,45700,106132,49023642,36560893
2022-02-17,42877,98127,49066519,36659020
2022-02-18,46639,112590,49113158,36771610
2022-02-19,52547,100341,49165705,36871951
2022-02-20,31416,40367,49197121,36912318
2022-02-21,37903,89658,49235024,37001976
2022-02-22,37227,83786,49272251,37085762
2022-02-23,33403,79409,49305654,37165171
2022-02-24,32562,78168,49338216,37243339
2022-02-25,34775,90714,49372991,37334053
2022-02-26,39163,89139,49412154,37423192
2022-02-27,22548,35859,49434702,37459051
2022-02-28,28490,81699,49463192,37540750
2022-03-01,22733,53943,49485925,37594693
2022-03-02,21935,50714,49507860,37645407
2022-03-03,22641,54947,49530501,37700354
2022-03-04,23245,62801,49553746,37763155
2022-03-05,23804,57953,49577550,37821108
2022-03-06,9473,17201,49587023,37838309
2022-03-07,15927,51391,49602950,37889700
2022-03-08,15481,48797,49618431,37938497
2022-03-09,13815,46518,49632246,37985015
2022-03-10,14061,52127,49646307,38037142
2022-03-11,15593,57273,49661900,38094415
2022-03-12,15514,56620,49677414,38151035
2022-03-13,5545,16852,49682959,38167887
2022-03-14,10529,46701,49693488,38214588
2022-03-15,10555,46895,49704043,38261483
2022-03-16,9486,41978,49713529,38303461
2022-03-17,9726,44875,49723255,38348336
2022-03-18,10164,49059,49733419,38397395
2022-03-19,9152,46540,49742571,38443935
2022-03-20,2608,11704,49745179,38455639
2022-03-21,7587,40231,49752766,38495870
2022-03-22,8448,37768,49761214,38533638
2022-03-23,7220,33701,49768434,38567339
2022-03-24,8260,38821,49776694,38606160
2022-03-25,8144,43673,49784838,38649833
2022-03-26,8129,41722,49792967,38691555
2022-03-27,2432,9683,49795399,38701238
2022-03-28,6112,35244,49801511,38736482
2022-03-29,5783,32532,49807294,38769014
2022-03-30,5567,30205,49812861,38799219
2022-03-31,5905,33187,49818766,38832406
2022-04-01,4351,25189,49823117,38857595
2022-04-02,4497,23275,49827614,38880870
2022-04-03,1049,4500,49828663,38885370
2022-04-04,3661,21547,49832324,38906917
2022-04-05,3758,22938,49836082,38929855
2022-04-06,4105,21853,49840187,38951708
2022-04-07,3970,23321,49844157,38975029
2022-04-08,4696,26716,49848853,39001745
2022-04-09,4381,23889,49853234,39025634
2022-04-10,893,4613,49854127,39030247
2022-04-11,3820,22689,49857947,39052936
2022-04-12,3364,21780,49861311,39074716
2022-04-13,3574,21337,49864885,39096053
2022-04-14,3487,23789,49868372,39119842
2022-04-15,3086,20621,49871458,39140463
2022-04-16,2151,11918,49873609,39152381
2022-04-17,63,348,49873672,39152729
2022-04-18,152,650,49873824,39153379
2022-04-19,3499,21985,49877323,39175364
2022-04-20,3513,20250,49880836,39195614
2022-04-21,2848,19793,49883684,39215407
2022-04-22,2928,20715,49886612,39236122
2022-04-23,2648,16222,49889260,39252344
2022-04-24,509,2334,49889769,39254678
2022-04-25,183,1165,49889952,39255843
2022-04-26,2760,17810,49892712,39273653
2022-04-27,2374,15795,49895086,39289448
2022-04-28,2363,15566,49897449,39305014
2022-04-29,2298,14850,49899747,39319864
2022-04-30,2123,11584,49901870,39331448
2022-05-01,113,531,49901983,39331979
2022-05-02,1451,9393,49903434,39341372
2022-05-03,1577,10326,49905011,39351698
2022-05-04,1747,10276,49906758,39361974
2022-05-05,1654,10297,49908412,39372271
2022-05-06,1702,10972,49910114,39383243
2022-05-07,1431,8573,49911545,39391816
2022-05-08,417,1526,49911962,39393342
2022-05-09,1029,8931,49912991,39402273
2022-05-10,1426,9550,49914417,39411823
2022-05-11,1484,10109,49915901,39421932
2022-05-12,1371,10137,49917272,39432069
2022-05-13,1596,10520,49918868,39442589
2022-05-14,1360,8243,49920228,39450832
2022-05-15,336,1136,49920564,39451968
2022-05-16,814,8408,49921378,39460376
2022-05-17,1244,8707,49922622,39469083
2022-05-18,1373,9256,49923995,39478339
2022-05-19,1501,9287,49925496,39487626
2022-05-20,1426,9535,49926922,39497161
2022-05-21,1302,7901,49928224,39505062
2022-05-22,231,1013,49928455,39506075
2022-05-23,830,8273,49929285,39514348
2022-05-24,1073,8673,49930358,39523021
2022-05-25,1372,9460,49931730,39532481
2022-05-26,1198,9480,49932928,39541961
2022-05-27,1232,9916,49934160,39551877
2022-05-28,1205,7890,49935365,39559767
2022-05-29,288,1265,49935653,39561032
2022-05-30,931,8058,49936584,39569090
2022-05-31,1039,8548,49937623,39577638
2022-06-01,895,7657,49938518,39585295
2022-06-02,35,474,49938553,39585769
2022-06-03,817,7334,49939370,39593103
2022-06-04,870,5162,49940240,39598265
2022-06-05,89,586,49940329,39598851
2022-06-06,679,7004,49941008,39605855
2022-06-07,952,7850,49941960,39613705
2022-06-08,981,7906,49942941,39621611
2022-06-09,1037,8418,49943978,39630029
2022-06-10,958,8563,49944936,39638592
2022-06-11,904,6206,49945840,39644798
2022-06-12,140,768,49945980,39645566
2022-06-13,602,6301,49946582,39651867
2022-06-14,831,7904,49947413,39659771
2022-06-15,960,7856,49948373,39667627
2022-06-16,733,7397,49949106,39675024
2022-06-17,723,7248,49949829,39682272
2022-06-18,778,5596,49950607,39687868
2022-06-19,49,521,49950656,39688389
2022-06-20,587,6699,49951243,39695088
2022-06-21,741,7664,49951984,39702752
2022-06-22,779,7312,49952763,39710064
2022-06-23,648,7472,49953411,39717536
2022-06-24,644,7474,49954055,39725010
2022-06-25,835,6533,49954890,39731543
2022-06-26,128,523,49955018,39732066
2022-06-27,534,7126,49955552,39739192
2022-06-28,747,8207,49956299,39747399
2022-06-29,756,7732,49957055,39755131
2022-06-30,747,8145,49957802,39763276
2022-07-01,577,6443,49958379,39769719
2022-07-02,536,4769,49958915,39774488
2022-07-03,49,456,49958964,39774944
2022-07-04,469,6277,49959433,39781221
2022-07-05,631,8122,49960064,39789343
2022-07-06,634,7611,49960698,39796954
2022-07-07,576,8273,49961274,39805227
2022-07-08,673,8086,49961947,39813313
2022-07-09,550,6105,49962497,39819418
2022-07-10,58,533,49962555,39819951
2022-07-11,491,7641,49963046,39827592
2022-07-12,669,9030,49963715,39836622
2022-07-13,645,10067,49964360,39846689
2022-07-14,637,10225,49964997,39856914
2022-07-15,626,10674,49965623,39867588
2022-07-16,523,7215,49966146,39874803
2022-07-17,48,770,49966194,39875573
2022-07-18,496,9374,49966690,39884947
2022-07-19,575,10683,49967265,39895630
2022-07-20,582,11277,49967847,39906907
2022-07-21,630,12093,49968477,39919000
2022-07-22,584,11262,49969061,39930262
2022-07-23,381,6775,49969442,39937037
2022-07-24,76,857,49969518,39937894
2022-07-25,503,9054,49970021,39946948
2022-07-26,522,9764,49970543,39956712
2022-07-27,554,10210,49971097,39966922
2022-07-28,532,10535,49971629,39977457
2022-07-29,511,9466,49972140,39986923
2022-07-30,383,5882,49972523,39992805
2022-07-31,49,764,49972572,39993569
2022-08-01,386,6865,49972958,40000434
2022-08-02,548,7590,49973506,40008024
2022-08-03,513,7179,49974019,40015203
2022-08-04,455,7492,49974474,40022695
2022-08-05,421,6526,49974895,40029221
2022-08-06,299,3613,49975194,40032834
2022-08-07,44,563,49975238,40033397
2022-08-08,403,4890,49975641,40038287
2022-08-09,381,5312,49976022,40043599
2022-08-10,385,4816,49976407,40048415
2022-08-11,369,4804,49976776,40053219
2022-08-12,294,3720,49977070,40056939
2022-08-13,143,1600,49977213,40058539
2022-08-14,9,129,49977222,40058668
2022-08-15,1,26,49977223,40058694
2022-08-16,283,3043,49977506,40061737
2022-08-17,352,3536,49977858,40065273
2022-08-18,393,4160,49978251,40069433
2022-08-19,341,3319,49978592,40072752
2022-08-20,183,1715,49978775,40074467
2022-08-21,24,149,49978799,40074616
2022-08-22,330,2952,49979129,40077568
2022-08-23,370,3674,49979499,40081242
2022-08-24,384,3360,49979883,40084602
2022-08-25,423,3773,49980306,40088375
2022-08-26,400,3574,49980706,40091949
2022-08-27,237,1769,49980943,40093718
2022-08-28,29,267,49980972,40093985
2022-08-29,354,3161,49981326,40097146
2022-08-30,405,3671,49981731,40100817
2022-08-31,438,3734,49982169,40104551
2022-09-01,353,3116,49982522,40107667
2022-09-02,296,2893,49982818,40110560
2022-09-03,200,1689,49983018,40112249
2022-09-04,24,149,49983042,40112398
2022-09-05,187,2656,49983229,40115054
2022-09-06,306,2983,49983535,40118037
2022-09-07,541,2937,49984076,40120974
2022-09-08,293,2963,49984369,40123937
2022-09-09,306,2886,49984675,40126823
2022-09-10,228,1326,49984903,40128149
2022-09-11,23,124,49984926,40128273
2022-09-12,267,2268,49985193,40130541
2022-09-13,252,2277,49985445,40132818
2022-09-14,266,2566,49985711,40135384
2022-09-15,282,2501,49985993,40137885
2022-09-16,256,2546,49986249,40140431
2022-09-17,239,1339,49986488,40141770
2022-09-18,20,170,49986508,40141940
2022-09-19,206,1971,49986714,40143911
2022-09-20,235,2392,49986949,40146303
2022-09-21,289,2526,49987238,40148829
2022-09-22,267,2663,49987505,40151492
2022-09-23,259,2545,49987764,40154037
2022-09-24,193,1427,49987957,40155464
2022-09-25,29,133,49987986,40155597
2022-09-26,280,2248,49988266,40157845
2022-09-27,287,2683,49988553,40160528
2022-09-28,310,2905,49988863,40163433
2022-09-29,257,3049,49989120,40166482
2022-09-30,292,2989,49989412,40169471
2022-10-01,195,1515,49989607,40170986
2022-10-02,12,187,49989619,40171173
2022-10-03,185,2474,49989804,40173647
2022-10-04,236,2862,49990040,40176509
2022-10-05,229,3252,49990269,40179761
2022-10-06,243,3874,49990512,40183635
2022-10-07,283,4189,49990795,40187824
2022-10-08,204,2270,49990999,40190094
2022-10-09,8,305,49991007,40190399
2022-10-10,211,3356,49991218,40193755
2022-10-11,194,4379,49991412,40198134
2022-10-12,207,4441,49991619,40202575
2022-10-13,204,5304,49991823,40207879
2022-10-14,233,5026,49992056,40212905
2022-10-15,191,2671,49992247,40215576
2022-10-16,6,360,49992253,40215936
2022-10-17,186,3873,49992439,40219809
2022-10-18,256,4967,49992695,40224776
2022-10-19,244,5478,49992939,40230254
2022-10-20,224,5997,49993163,40236251
2022-10-21,250,5477,49993413,40241728
2022-10-22,195,2911,49993608,40244639
2022-10-23,13,364,49993621,40245003
2022-10-24,171,3930,49993792,40248933
2022-10-25,254,4926,49994046,40253859
2022-10-26,347,5503,49994393,40259362
2022-10-27,241,5672,49994634,40265034
2022-10-28,200,5263,49994834,40270297
2022-10-29,128,2844,49994962,40273141
2022-10-30,3,328,49994965,40273469
2022-10-31,117,3042,49995082,40276511
2022-11-01,11,353,49995093,40276864
2022-11-02,145,3722,49995238,40280586
2022-11-03,172,4789,49995410,40285375
2022-11-04,225,4603,49995635,40289978
2022-11-05,144,2598,49995779,40292576
2022-11-06,10,261,49995789,40292837
2022-11-07,169,3225,49995958,40296062
2022-11-08,260,4251,49996218,40300313
2022-11-09,197,4331,49996415,40304644
2022-11-10,183,4597,49996598,40309241
2022-11-11,193,4221,49996791,40313462
2022-11-12,152,2377,49996943,40315839
2022-11-13,7,338,49996950,40316177
2022-11-14,149,2838,49997099,40319015
2022-11-15,202,3748,49997301,40322763
2022-11-16,217,3992,49997518,40326755
2022-11-17,191,4106,49997709,40330861
2022-11-18,247,4032,49997956,40334893
2022-11-19,112,2106,49998068,40336999
2022-11-20,24,317,49998092,40337316
2022-11-21,119,2620,49998211,40339936
2022-11-22,143,3215,49998354,40343151
2022-11-23,191,3624,49998545,40346775
2022-11-24,157,3837,49998702,40350612
2022-11-25,184,3785,49998886,40354397
2022-11-26,133,2093,49999019,40356490
2022-11-27,22,356,49999041,40356846
2022-11-28,182,2682,49999223,40359528
2022-11-29,257,3230,49999480,40362758
2022-11-30,182,3733,49999662,40366491
2022-12-01,150,3622,49999812,40370113
2022-12-02,156,3527,49999968,40373640
2022-12-03,106,1968,50000074,40375608
2022-12-04,5,290,50000079,40375898
2022-12-05,128,2851,50000207,40378749
2022-12-06,176,3652,50000383,40382401
2022-12-07,136,3130,50000519,40385531
2022-12-08,8,169,50000527,40385700
2022-12-09,161,3023,50000688,40388723
2022-12-10,78,1604,50000766,40390327
2022-12-11,7,193,50000773,40390520
2022-12-12,170,2534,50000943,40393054
2022-12-13,253,3041,50001196,40396095
2022-12-14,227,3210,50001423,40399305
2022-12-15,204,3247,50001627,40402552
2022-12-16,162,3161,50001789,40405713
2022-12-17,94,1677,50001883,40407390
2022-12-18,10,270,50001893,40407660
2022-12-19,143,2155,50002036,40409815
2022-12-20,211,2492,50002247,40412307
2022-12-21,153,2211,50002400,40414518
2022-12-22,141,1857,50002541,40416375
2022-12-23,150,1205,50002691,40417580
2022-12-24,32,160,50002723,40417740
2022-12-25,0,6,50002723,40417746
2022-12-26,6,41,50002729,40417787
2022-12-27,131,1552,50002860,40419339
2022-12-28,129,1743,50002989,40421082
2022-12-29,90,1665,50003079,40422747
2022-12-30,115,1579,50003194,40424326
2022-12-31,21,271,50003215,40424597
2023-01-01,0,6,50003215,40424603