data_somministrazione,vaccinazioni,booster,cum_vaccinazioni,cum_booster
2020-12-27,15,0,15,0
2020-12-28,2,0,17,0
2020-12-29,1,0,18,0
2020-12-30,2,0,20,0
2020-12-31,34,0,54,0
2021-01-01,12,0,66,0
2021-01-02,53,0,119,0
2021-01-03,45,0,164,0
2021-01-04,120,0,284,0
2021-01-05,157,0,441,0
2021-01-06,132,0,573,0
2021-01-07,194,0,767,0
2021-01-08,236,0,1003,0
2021-01-09,168,0,1171,0
2021-01-10,108,0,1279,0
2021-01-11,195,0,1474,0
2021-01-12,202,0,1676,0
2021-01-13,302,0,1978,0
2021-01-14,389,0,2367,0
2021-01-15,230,0,2597,0
2021-01-16,163,0,2760,0
2021-01-17,3046,0,5806,0
2021-01-18,5178,0,10984,0
2021-01-19,1865,0,12849,0
2021-01-20,4649,0,17498,0
2021-01-21,20002,0,37500,0
2021-01-22,14194,0,51694,0
2021-01-23,33352,0,85046,0
2021-01-24,30790,0,115836,0
2021-01-25,64765,0,180601,0
2021-01-26,75777,0,256378,0
2021-01-27,64871,0,321249,0
2021-01-28,89327,0,410576,0
2021-01-29,94064,0,504640,0
2021-01-30,84351,0,588991,0
2021-01-31,57339,0,646330,0
2021-02-01,81889,0,728219,0
2021-02-02,82151,0,810370,0
2021-02-03,91206,0,901576,0
2021-02-04,94512,0,996088,0
2021-02-05,90260,0,1086348,0
2021-02-06,63725,0,1150073,0
2021-02-07,32913,0,1182986,0
2021-02-08,40402,0,1223388,0
2021-02-09,32827,0,1256215,0
2021-02-10,28371,0,1284586,0
2021-02-11,20341,0,1304927,0
2021-02-12,16170,0,1321097,0
2021-02-13,7215,0,1328312,0
2021-02-14,2855,0,1331167,0
2021-02-15,6811,0,1337978,0
2021-02-16,6968,0,1344946,0
2021-02-17,10486,0,1355432,0
2021-02-18,9206,0,1364638,0
2021-02-19,8139,0,1372777,0
2021-02-20,5465,0,1378242,0
2021-02-21,2938,0,1381180,0
2021-02-22,6826,0,1388006,0
2021-02-23,7085,0,1395091,0
2021-02-24,9780,0,1404871,0
2021-02-25,14159,0,1419030,0
2021-02-26,17463,0,1436493,0
2021-02-27,13841,0,1450334,0
2021-02-28,9333,0,1459667,0
2021-03-01,26424,0,1486091,0
2021-03-02,33140,0,1519231,0
2021-03-03,44578,0,1563809,0
2021-03-04,50177,0,1613986,0
2021-03-05,55671,0,1669657,0
2021-03-06,40916,0,1710573,0
2021-03-07,22278,0,1732851,0
2021-03-08,50598,0,1783449,0
2021-03-09,52925,0,1836374,0
2021-03-10,58071,0,1894445,0
2021-03-11,63687,0,1958132,0
2021-03-12,64592,0,2022724,0
2021-03-13,51574,0,2074298,0
2021-03-14,35332,0,2109630,0
2021-03-15,73279,0,2182909,0
2021-03-16,73959,0,2256868,0
2021-03-17,83019,0,2339887,0
2021-03-18,81212,0,2421099,0
2021-03-19,80321,0,2501420,0
2021-03-20,64229,0,2565649,0
2021-03-21,47236,0,2612885,0
2021-03-22,69362,0,2682247,0
2021-03-23,75457,0,2757704,0
2021-03-24,90333,0,2848037,0
2021-03-25,89290,0,2937327,0
2021-03-26,82946,0,3020273,0
2021-03-27,71778,0,3092051,0
2021-03-28,44005,0,3136056,0
2021-03-29,70518,0,3206574,0
2021-03-30,80665,0,3287239,0
2021-03-31,95540,0,3382779,0
2021-04-01,94487,0,3477266,0
2021-04-02,83483,0,3560749,0
2021-04-03,64207,0,3624956,0
2021-04-04,21678,0,3646634,0
2021-04-05,40244,0,3686878,0
2021-04-06,80902,0,3767780,0
2021-04-07,95618,0,3863398,0
2021-04-08,94567,0,3957965,0
2021-04-09,87760,0,4045725,0
2021-04-10,73567,0,4119292,0
2021-04-11,44678,0,4163970,0
2021-04-12,66810,0,4230780,0
2021-04-13,72483,0,4303263,0
2021-04-14,85175,0,4388438,0
2021-04-15,104725,0,4493163,0
2021-04-16,105771,0,4598934,0
2021-04-17,90117,0,4689051,0
2021-04-18,57454,0,4746505,0
2021-04-19,93221,0,4839726,0
2021-04-20,102856,0,4942582,0
2021-04-21,124336,0,5066918,0
2021-04-22,142910,0,5209828,0
2021-04-23,137829,0,5347657,0
2021-04-24,123829,0,5471486,0
2021-04-25,61371,0,5532857,0
2021-04-26,97574,0,5630431,0
2021-04-27,128125,0,5758556,0
2021-04-28,155992,0,5914548,0
2021-04-29,195038,0,6109586,0
2021-04-30,213609,0,6323195,0
2021-05-01,174114,0,6497309,0
2021-05-02,135827,0,6633136,0
2021-05-03,141720,0,6774856,0
2021-05-04,158337,0,6933193,0
2021-05-05,170163,0,7103356,0
2021-05-06,197253,0,7300609,0
2021-05-07,213184,0,7513793,0
2021-05-08,212980,0,7726773,0
2021-05-09,143010,0,7869783,0
2021-05-10,164687,0,8034470,0
2021-05-11,174281,0,8208751,0
2021-05-12,178580,0,8387331,0
2021-05-13,202410,0,8589741,0
2021-05-14,222054,0,8811795,0
2021-05-15,209848,0,9021643,0
2021-05-16,159090,0,9180733,0
2021-05-17,218572,0,9399305,0
2021-05-18,212375,0,9611680,0
2021-05-19,206406,0,9818086,0
2021-05-20,270271,0,10088357,0
2021-05-21,269867,0,10358224,0
2021-05-22,244679,0,10602903,0
2021-05-23,197039,0,10799942,0
2021-05-24,227763,0,11027705,0
2021-05-25,245025,0,11272730,0
2021-05-26,277116,0,11549846,0
2021-05-27,310520,0,11860366,0
2021-05-28,298650,0,12159016,0
2021-05-29,230509,0,12389525,0
2021-05-30,170663,0,12560188,0
2021-05-31,215968,0,12776156,0
2021-06-01,207072,0,12983228,0
2021-06-02,115595,0,13098823,0
2021-06-03,179679,0,13278502,0
2021-06-04,184024,0,13462526,0
2021-06-05,185194,0,13647720,0
2021-06-06,139345,0,13787065,0
2021-06-07,161062,0,13948127,0
2021-06-08,170452,0,14118579,0
2021-06-09,170813,0,14289392,0
2021-06-10,173338,0,14462730,0
2021-06-11,168711,0,14631441,0
2021-06-12,127270,0,14758711,0
2021-06-13,90888,0,14849599,0
2021-06-14,214103,0,15063702,0
2021-06-15,227817,0,15291519,0
2021-06-16,252811,0,15544330,0
2021-06-17,301174,0,15845504,0
2021-06-18,305423,0,16150927,0
2021-06-19,274760,0,16425687,0
2021-06-20,220562,0,16646249,0
2021-06-21,287730,0,16933979,0
2021-06-22,295703,0,17229682,0
2021-06-23,302312,0,17531994,0
2021-06-24,332100,0,17864094,0
2021-06-25,347989,0,18212083,0
2021-06-26,299920,0,18512003,0
2021-06-27,228751,0,18740754,0
2021-06-28,306339,0,19047093,0
2021-06-29,328343,0,19375436,0
2021-06-30,341542,0,19716978,0
2021-07-01,362214,0,20079192,0
2021-07-02,367890,0,20447082,0
2021-07-03,371230,0,20818312,0
2021-07-04,283187,0,21101499,0
2021-07-05,384169,0,21485668,0
2021-07-06,384935,0,21870603,0
2021-07-07,411886,0,22282489,0
2021-07-08,479160,0,22761649,0
2021-07-09,497530,0,23259179,0
2021-07-10,474859,0,23734038,0
2021-07-11,357737,0,24091775,0
2021-07-12,485656,0,24577431,0
2021-07-13,491491,0,25068922,0
2021-07-14,480343,0,25549265,0
2021-07-15,523197,0,26072462,0
2021-07-16,509322,0,26581784,0
2021-07-17,464399,0,27046183,0
2021-07-18,364764,0,27410947,0
2021-07-19,463043,0,27873990,0
2021-07-20,457817,0,28331807,0
2021-07-21,462715,0,28794522,0
2021-07-22,475092,0,29269614,0
2021-07-23,440560,0,29710174,0
2021-07-24,386087,0,30096261,0
2021-07-25,287508,0,30383769,0
2021-07-26,430478,0,30814247,0
2021-07-27,439605,0,31253852,0
2021-07-28,390741,0,31644593,0
2021-07-29,371833,0,32016426,0
2021-07-30,340818,0,32357244,0
2021-07-31,286877,0,32644121,0
2021-08-01,190749,0,32834870,0
2021-08-02,333626,0,33168496,0
2021-08-03,322565,0,33491061,0
2021-08-04,310685,0,33801746,0
2021-08-05,292045,0,34093791,0
2021-08-06,259213,0,34353004,0
2021-08-07,198810,0,34551814,0
2021-08-08,153027,0,34704841,0
2021-08-09,233714,0,34938555,0
2021-08-10,204596,0,35143151,0
2021-08-11,193353,0,35336504,0
2021-08-12,167656,0,35504160,0
2021-08-13,148121,0,35652281,0
2021-08-14,65941,0,35718222,0
2021-08-15,26283,0,35744505,0
2021-08-16,114495,0,35859000,0
2021-08-17,128903,0,35987903,0
2021-08-18,128494,0,36116397,0
2021-08-19,124352,0,36240749,0
2021-08-20,123363,0,36364112,0
2021-08-21,82975,0,36447087,0
2021-08-22,68048,0,36515135,0
2021-08-23,176132,0,36691267,0
2021-08-24,156277,0,36847544,0
2021-08-25,176849,0,37024393,0
2021-08-26,172093,0,37196486,0
2021-08-27,185443,0,37381929,0
2021-08-28,140005,0,37521934,0
2021-08-29,98883,0,37620817,0
2021-08-30,209306,0,37830123,0
2021-08-31,194326,0,38024449,0
2021-09-01,191924,0,38216373,0
2021-09-02,189510,0,38405883,0
2021-09-03,190832,0,38596715,0
2021-09-04,131326,0,38728041,0
2021-09-05,87823,0,38815864,0
2021-09-06,193326,0,39009190,0
2021-09-07,195600,0,39204790,0
2021-09-08,187563,0,39392353,0
2021-09-09,201119,0,39593472,0
2021-09-10,197715,0,39791187,0
2021-09-11,141119,0,39932306,0
2021-09-12,89447,0,40021753,0
2021-09-13,190860,335,40212613,335
2021-09-14,177129,419,40389742,754
2021-09-15,162856,451,40552598,1205
2021-09-16,159609,784,40712207,1989
2021-09-17,149773,1001,40861980,2990
2021-09-18,127768,653,40989748,3643
2021-09-19,80936,441,41070684,4084
2021-09-20,179392,8949,41250076,13033
2021-09-21,166167,8721,41416243,21754
2021-09-22,158519,9354,41574762,31108
2021-09-23,137410,9224,41712172,40332
2021-09-24,139789,8848,41851961,49180
2021-09-25,119251,5556,41971212,54736
2021-09-26,71734,4293,42042946,59029
2021-09-27,135172,9964,42178118,68993
2021-09-28,116904,11283,42295022,80276
2021-09-29,111823,11723,42406845,91999
2021-09-30,109636,14828,42516481,106827
2021-10-01,94446,18972,42610927,125799
2021-10-02,78169,13981,42689096,139780
2021-10-03,47493,7626,42736589,147406
2021-10-04,87953,34344,42824542,181750
2021-10-05,79983,33873,42904525,215623
2021-10-06,71490,34037,42976015,249660
2021-10-07,71397,34247,43047412,283907
2021-10-08,80202,33370,43127614,317277
2021-10-09,75720,22102,43203334,339379
2021-10-10,45598,13590,43248932,352969
2021-10-11,86970,40941,43335902,393910
2021-10-12,84054,46711,43419956,440621
2021-10-13,87801,51962,43507757,492583
2021-10-14,90929,58344,43598686,550927
2021-10-15,92997,55250,43691683,606177
2021-10-16,82596,36688,43774279,642865
2021-10-17,51208,23772,43825487,666637
2021-10-18,89901,59190,43915388,725827
2021-10-19,78045,69109,43993433,794936
2021-10-20,74794,77807,44068227,872743
2021-10-21,77978,81447,44146205,954190
2021-10-22,73534,76524,44219739,1030714
2021-10-23,60661,51847,44280400,1082561
2021-10-24,33282,23395,44313682,1105956
2021-10-25,64594,81306,44378276,1187262
2021-10-26,58124,91426,44436400,1278688
2021-10-27,58039,103593,44494439,1382281
2021-10-28,61202,113555,44555641,1495836
2021-10-29,61419,102544,44617060,1598380
2021-10-30,50534,67967,44667594,1666347
2021-10-31,25098,28230,44692692,1694577
2021-11-01,19004,28115,44711696,1722692
2021-11-02,62530,89054,44774226,1811746
2021-11-03,60463,118190,44834689,1929936
2021-11-04,58958,126228,44893647,2056164
2021-11-05,62782,134639,44956429,2190803
2021-11-06,46199,90723,45002628,2281526
2021-11-07,22194,37821,45024822,2319347
2021-11-08,51147,130714,45075969,2450061
2021-11-09,45191,143555,45121160,2593616
2021-11-10,42434,155643,45163594,2749259
2021-11-11,44697,154359,45208291,2903618
2021-11-12,46050,157885,45254341,3061503
2021-11-13,32998,116304,45287339,3177807
2021-11-14,14428,52380,45301767,3230187
2021-11-15,36628,156724,45338395,3386911
2021-11-16,30334,170796,45368729,3557707
2021-11-17,28215,177930,45396944,3735637
2021-11-18,30039,192997,45426983,3928634
2021-11-19,28544,205011,45455527,4133645
2021-11-20,20845,156002,45476372,4289647
2021-11-21,10516,64694,45486888,4354341
2021-11-22,21699,212162,45508587,4566503
2021-11-23,23321,240908,45531908,4807411
2021-11-24,27525,270067,45559433,5077478
2021-11-25,22875,300960,45582308,5378438
2021-11-26,24201,317293,45606509,5695731
2021-11-27,21090,265630,45627599,5961361
2021-11-28,9753,136807,45637352,6098168
2021-11-29,21864,324984,45659216,6423152
2021-11-30,22651,364621,45681867,6787773
2021-12-01,21021,412097,45702888,7199870
2021-12-02,23196,439034,45726084,7638904
2021-12-03,24608,465750,45750692,8104654
2021-12-04,21827,418225,45772519,8522879
2021-12-05,11517,261124,45784036,8784003
2021-12-06,24942,456229,45808978,9240232
2021-12-07,23274,478648,45832252,9718880
2021-12-08,9548,249444,45841800,9968324
2021-12-09,30508,490427,45872308,10458751
2021-12-10,27051,516244,45899359,10974995
2021-12-11,22668,458794,45922027,11433789
2021-12-12,11719,293188,45933746,11726977
2021-12-13,25040,466276,45958786,12193253
2021-12-14,24007,493027,45982793,12686280
2021-12-15,24183,515515,46006976,13201795
2021-12-16,26420,518774,46033396,13720569
2021-12-17,28017,515373,46061413,14235942
2021-12-18,25651,468143,46087064,14704085
2021-12-19,14135,300141,46101199,15004226
2021-12-20,29185,475796,46130384,15480022
2021-12-21,28888,491710,46159272,15971732
2021-12-22,27780,483461,46187052,16455193
2021-12-23,26538,425782,46213590,16880975
2021-12-24,12474,210346,46226064,17091321
2021-12-25,2050,33002,46228114,17124323
2021-12-26,7987,158952,46236101,17283275
2021-12-27,43966,503409,46280067,17786684
2021-12-28,38760,552766,46318827,18339450
2021-12-29,30446,549218,46349273,18888668
2021-12-30,28115,498443,46377388,19387111
2021-12-31,12355,246730,46389743,19633841
2022-01-01,3123,64737,46392866,19698578
2022-01-02,19657,276498,46412523,19975076
2022-01-03,43028,520364,46455551,20495440
2022-01-04,41126,572349,46496677,21067789
2022-01-05,35544,560602,46532221,21628391
2022-01-06,20632,274155,46552853,21902546
2022-01-07,58511,553999,46611364,22456545
2022-01-08,55338,502577,46666702,22959122
2022-01-09,38599,319293,46705301,23278415
2022-01-10,56948,541954,46762249,23820369
2022-01-11,57108,586422,46819357,24406791
2022-01-12,53919,580749,46873276,24987540
2022-01-13,54446,579669,46927722,25567209
2022-01-14,42590,587597,46970312,26154806
2022-01-15,34202,567249,47004514,26722055
2022-01-16,27753,340546,47032267,27062601
2022-01-17,52020,489119,47084287,27551720
2022-01-18,55696,516178,47139983,28067898
2022-01-19,54678,501996,47194661,28569894
2022-01-20,51820,497532,47246481,29067426
2022-01-21,39583,492047,47286064,29559473
2022-01-22,28192,467452,47314256,30026925
2022-01-23,33194,274123,47347450,30301048
2022-01-24,54438,435115,47401888,30736163
2022-01-25,59788,448493,47461676,31184656
2022-01-26,56284,430253,47517960,31614909
2022-01-27,47471,398058,47565431,32012967