data_somministrazione,vaccinazioni,booster,cum_vaccinazioni,cum_booster
2020-12-27,20,0,20,0
2020-12-28,2,0,22,0
2020-12-29,1,0,23,0
2020-12-30,6,0,29,0
2020-12-31,67,0,96,0
2021-01-01,22,0,118,0
2021-01-02,106,0,224,0
2021-01-03,75,0,299,0
2021-01-04,198,0,497,0
2021-01-05,234,0,731,0
2021-01-06,192,0,923,0
2021-01-07,288,0,1211,0
2021-01-08,332,0,1543,0
2021-01-09,242,0,1785,0
2021-01-10,144,0,1929,0
2021-01-11,267,0,2196,0
2021-01-12,265,0,2461,0
2021-01-13,384,0,2845,0
2021-01-14,473,0,3318,0
2021-01-15,295,0,3613,0
2021-01-16,203,0,3816,0
2021-01-17,3057,0,6873,0
2021-01-18,5209,0,12082,0
2021-01-19,1892,0,13974,0
2021-01-20,4653,0,18627,0
2021-01-21,19998,0,38625,0
2021-01-22,14200,0,52825,0
2021-01-23,33330,0,86155,0
2021-01-24,30791,0,116946,0
2021-01-25,64731,0,181677,0
2021-01-26,76502,0,258179,0
2021-01-27,64840,0,323019,0
2021-01-28,89293,0,412312,0
2021-01-29,94027,0,506339,0
2021-01-30,86571,0,592910,0
2021-01-31,57339,0,650249,0
2021-02-01,81875,0,732124,0
2021-02-02,82146,0,814270,0
2021-02-03,91195,0,905465,0
2021-02-04,95401,0,1000866,0
2021-02-05,90279,0,1091145,0
2021-02-06,63450,0,1154595,0
2021-02-07,32927,0,1187522,0
2021-02-08,40429,0,1227951,0
2021-02-09,32864,0,1260815,0
2021-02-10,28422,0,1289237,0
2021-02-11,20391,0,1309628,0
2021-02-12,16228,0,1325856,0
2021-02-13,7253,0,1333109,0
2021-02-14,2861,0,1335970,0
2021-02-15,6837,0,1342807,0
2021-02-16,6992,0,1349799,0
2021-02-17,10519,0,1360318,0
2021-02-18,9246,0,1369564,0
2021-02-19,8239,0,1377803,0
2021-02-20,5542,0,1383345,0
2021-02-21,2986,0,1386331,0
2021-02-22,6882,0,1393213,0
2021-02-23,7163,0,1400376,0
2021-02-24,9824,0,1410200,0
2021-02-25,14200,0,1424400,0
2021-02-26,17551,0,1441951,0
2021-02-27,13902,0,1455853,0
2021-02-28,9386,0,1465239,0
2021-03-01,26509,0,1491748,0
2021-03-02,33239,0,1524987,0
2021-03-03,44642,0,1569629,0
2021-03-04,50288,0,1619917,0
2021-03-05,55734,0,1675651,0
2021-03-06,41876,0,1717527,0
2021-03-07,22324,0,1739851,0
2021-03-08,50795,0,1790646,0
2021-03-09,53059,0,1843705,0
2021-03-10,58629,0,1902334,0
2021-03-11,63842,0,1966176,0
2021-03-12,65099,0,2031275,0
2021-03-13,51708,0,2082983,0
2021-03-14,35385,0,2118368,0
2021-03-15,73424,0,2191792,0
2021-03-16,74023,0,2265815,0
2021-03-17,83130,0,2348945,0
2021-03-18,81623,0,2430568,0
2021-03-19,81081,0,2511649,0
2021-03-20,64711,0,2576360,0
2021-03-21,47287,0,2623647,0
2021-03-22,69473,0,2693120,0
2021-03-23,75778,0,2768898,0
2021-03-24,90886,0,2859784,0
2021-03-25,89788,0,2949572,0
2021-03-26,83602,0,3033174,0
2021-03-27,71920,0,3105094,0
2021-03-28,44129,0,3149223,0
2021-03-29,70807,0,3220030,0
2021-03-30,81364,0,3301394,0
2021-03-31,96217,0,3397611,0
2021-04-01,95294,0,3492905,0
2021-04-02,84066,0,3576971,0
2021-04-03,64294,0,3641265,0
2021-04-04,21717,0,3662982,0
2021-04-05,40298,0,3703280,0
2021-04-06,81300,0,3784580,0
2021-04-07,95808,0,3880388,0
2021-04-08,95227,0,3975615,0
2021-04-09,88479,0,4064094,0
2021-04-10,74027,0,4138121,0
2021-04-11,44755,0,4182876,0
2021-04-12,66910,0,4249786,0
2021-04-13,72562,0,4322348,0
2021-04-14,85519,0,4407867,0
2021-04-15,105402,0,4513269,0
2021-04-16,106410,0,4619679,0
2021-04-17,90492,0,4710171,0
2021-04-18,58584,0,4768755,0
2021-04-19,93424,0,4862179,0
2021-04-20,103763,0,4965942,0
2021-04-21,125332,0,5091274,0
2021-04-22,143501,0,5234775,0
2021-04-23,138717,0,5373492,0
2021-04-24,124436,0,5497928,0
2021-04-25,61452,0,5559380,0
2021-04-26,97875,0,5657255,0
2021-04-27,128349,0,5785604,0
2021-04-28,156352,0,5941956,0
2021-04-29,195577,0,6137533,0
2021-04-30,214558,0,6352091,0
2021-05-01,174090,0,6526181,0
2021-05-02,135790,0,6661971,0
2021-05-03,142000,0,6803971,0
2021-05-04,158674,0,6962645,0
2021-05-05,170473,0,7133118,0
2021-05-06,197790,0,7330908,0
2021-05-07,213807,0,7544715,0
2021-05-08,213384,0,7758099,0
2021-05-09,143195,0,7901294,0
2021-05-10,165082,0,8066376,0
2021-05-11,174959,0,8241335,0
2021-05-12,179153,0,8420488,0
2021-05-13,203357,0,8623845,0
2021-05-14,222894,0,8846739,0
2021-05-15,210340,0,9057079,0
2021-05-16,159264,0,9216343,0
2021-05-17,219177,0,9435520,0
2021-05-18,213001,0,9648521,0
2021-05-19,207070,0,9855591,0
2021-05-20,270837,0,10126428,0
2021-05-21,270861,0,10397289,0
2021-05-22,245517,0,10642806,0
2021-05-23,197173,0,10839979,0
2021-05-24,228291,0,11068270,0
2021-05-25,245686,0,11313956,0
2021-05-26,277477,0,11591433,0
2021-05-27,311074,0,11902507,0
2021-05-28,299560,0,12202067,0
2021-05-29,231194,0,12433261,0
2021-05-30,170827,0,12604088,0
2021-05-31,216410,0,12820498,0
2021-06-01,207630,0,13028128,0
2021-06-02,115770,0,13143898,0
2021-06-03,180112,0,13324010,0
2021-06-04,184854,0,13508864,0
2021-06-05,185929,0,13694793,0
2021-06-06,139512,0,13834305,0
2021-06-07,161841,0,13996146,0
2021-06-08,171165,0,14167311,0
2021-06-09,171441,0,14338752,0
2021-06-10,174041,0,14512793,0
2021-06-11,169936,0,14682729,0
2021-06-12,128302,0,14811031,0
2021-06-13,91138,0,14902169,0
2021-06-14,214639,0,15116808,0
2021-06-15,228386,0,15345194,0
2021-06-16,253037,0,15598231,0
2021-06-17,301694,0,15899925,0
2021-06-18,306258,0,16206183,0
2021-06-19,275052,0,16481235,0
2021-06-20,220729,0,16701964,0
2021-06-21,288035,0,16989999,0
2021-06-22,296180,0,17286179,0
2021-06-23,302664,0,17588843,0
2021-06-24,332552,0,17921395,0
2021-06-25,348690,0,18270085,0
2021-06-26,300080,0,18570165,0
2021-06-27,228615,0,18798780,0
2021-06-28,307038,0,19105818,0
2021-06-29,329239,0,19435057,0
2021-06-30,342104,0,19777161,0
2021-07-01,363158,0,20140319,0
2021-07-02,368430,0,20508749,0
2021-07-03,371069,0,20879818,0
2021-07-04,283194,0,21163012,0
2021-07-05,384500,0,21547512,0
2021-07-06,385432,0,21932944,0
2021-07-07,412064,0,22345008,0
2021-07-08,479619,0,22824627,0
2021-07-09,498481,0,23323108,0
2021-07-10,475179,0,23798287,0
2021-07-11,357704,0,24155991,0
2021-07-12,485908,0,24641899,0
2021-07-13,492143,0,25134042,0
2021-07-14,480473,0,25614515,0
2021-07-15,523486,0,26138001,0
2021-07-16,509785,0,26647786,0
2021-07-17,464369,0,27112155,0
2021-07-18,364698,0,27476853,0
2021-07-19,463070,0,27939923,0
2021-07-20,458085,0,28398008,0
2021-07-21,462817,0,28860825,0
2021-07-22,475400,0,29336225,0
2021-07-23,441308,0,29777533,0
2021-07-24,386195,0,30163728,0
2021-07-25,287597,0,30451325,0
2021-07-26,430889,0,30882214,0
2021-07-27,440131,0,31322345,0
2021-07-28,391019,0,31713364,0
2021-07-29,372084,0,32085448,0
2021-07-30,341520,0,32426968,0
2021-07-31,287023,0,32713991,0
2021-08-01,191017,0,32905008,0
2021-08-02,333727,0,33238735,0
2021-08-03,323182,0,33561917,0
2021-08-04,310977,0,33872894,0
2021-08-05,292512,0,34165406,0
2021-08-06,260014,0,34425420,0
2021-08-07,199050,0,34624470,0
2021-08-08,153104,0,34777574,0
2021-08-09,234082,0,35011656,0
2021-08-10,205249,0,35216905,0
2021-08-11,193763,0,35410668,0
2021-08-12,167981,0,35578649,0
2021-08-13,148599,0,35727248,0
2021-08-14,66090,0,35793338,0
2021-08-15,26334,0,35819672,0
2021-08-16,114675,0,35934347,0
2021-08-17,129241,0,36063588,0
2021-08-18,128738,0,36192326,0
2021-08-19,124790,0,36317116,0
2021-08-20,123795,0,36440911,0
2021-08-21,83117,0,36524028,0
2021-08-22,68166,0,36592194,0
2021-08-23,176874,0,36769068,0
2021-08-24,156909,0,36925977,0
2021-08-25,177169,0,37103146,0
2021-08-26,172351,0,37275497,0
2021-08-27,185842,0,37461339,0
2021-08-28,140267,0,37601606,0
2021-08-29,98999,0,37700605,0
2021-08-30,209631,0,37910236,0
2021-08-31,194631,0,38104867,0
2021-09-01,192213,0,38297080,0
2021-09-02,189941,0,38487021,0
2021-09-03,191337,0,38678358,0
2021-09-04,131481,0,38809839,0
2021-09-05,87867,0,38897706,0
2021-09-06,193660,0,39091366,0
2021-09-07,196065,0,39287431,0
2021-09-08,187909,0,39475340,0
2021-09-09,201472,0,39676812,0
2021-09-10,198106,0,39874918,0
2021-09-11,141326,0,40016244,0
2021-09-12,89601,0,40105845,0
2021-09-13,191166,553,40297011,553
2021-09-14,177265,574,40474276,1127
2021-09-15,163127,579,40637403,1706
2021-09-16,160098,922,40797501,2628
2021-09-17,150178,1113,40947679,3741
2021-09-18,127981,735,41075660,4476
2021-09-19,81131,491,41156791,4967
2021-09-20,180080,9073,41336871,14040
2021-09-21,166634,8831,41503505,22871
2021-09-22,159078,9435,41662583,32306
2021-09-23,138085,9320,41800668,41626
2021-09-24,140542,8951,41941210,50577
2021-09-25,119558,5633,42060768,56210
2021-09-26,71956,4338,42132724,60548
2021-09-27,135636,10047,42268360,70595
2021-09-28,117493,11383,42385853,81978
2021-09-29,112336,11825,42498189,93803
2021-09-30,110233,14944,42608422,108747
2021-10-01,94976,19105,42703398,127852
2021-10-02,78485,14012,42781883,141864
2021-10-03,47737,7656,42829620,149520
2021-10-04,88376,34443,42917996,183963
2021-10-05,80366,33970,42998362,217933
2021-10-06,71983,34160,43070345,252093
2021-10-07,71852,34346,43142197,286439
2021-10-08,80627,33589,43222824,320028
2021-10-09,76103,22169,43298927,342197
2021-10-10,45773,13615,43344700,355812
2021-10-11,87417,41101,43432117,396913
2021-10-12,84493,46895,43516610,443808
2021-10-13,88194,52113,43604804,495921
2021-10-14,91531,58506,43696335,554427
2021-10-15,93591,55625,43789926,610052
2021-10-16,82966,36780,43872892,646832
2021-10-17,51462,23827,43924354,670659
2021-10-18,90291,59482,44014645,730141
2021-10-19,78348,69370,44092993,799511
2021-10-20,75077,78162,44168070,877673
2021-10-21,78299,81750,44246369,959423
2021-10-22,73792,77018,44320161,1036441
2021-10-23,60814,51953,44380975,1088394
2021-10-24,33379,23453,44414354,1111847
2021-10-25,64905,81622,44479259,1193469
2021-10-26,58375,91777,44537634,1285246
2021-10-27,58331,103967,44595965,1389213
2021-10-28,61467,114101,44657432,1503314
2021-10-29,61661,103111,44719093,1606425
2021-10-30,50671,68113,44769764,1674538
2021-10-31,25164,28288,44794928,1702826
2021-11-01,19046,28148,44813974,1730974
2021-11-02,62768,89372,44876742,1820346
2021-11-03,60741,118656,44937483,1939002
2021-11-04,59246,126660,44996729,2065662
2021-11-05,63093,135169,45059822,2200831
2021-11-06,46475,90922,45106297,2291753
2021-11-07,22254,37893,45128551,2329646
2021-11-08,51530,131260,45180081,2460906
2021-11-09,45401,144198,45225482,2605104
2021-11-10,42579,156345,45268061,2761449
2021-11-11,44936,155135,45312997,2916584
2021-11-12,46371,158574,45359368,3075158
2021-11-13,33253,116649,45392621,3191807
2021-11-14,14480,52446,45407101,3244253
2021-11-15,36895,157425,45443996,3401678
2021-11-16,30545,171376,45474541,3573054
2021-11-17,28449,178435,45502990,3751489
2021-11-18,30282,193715,45533272,3945204
2021-11-19,28799,205850,45562071,4151054
2021-11-20,20993,156434,45583064,4307488
2021-11-21,10612,64856,45593676,4372344
2021-11-22,21936,213137,45615612,4585481
2021-11-23,23567,241741,45639179,4827222
2021-11-24,27838,270947,45667017,5098169
2021-11-25,23232,301901,45690249,5400070
2021-11-26,24578,318263,45714827,5718333
2021-11-27,21381,266150,45736208,5984483
2021-11-28,9896,137056,45746104,6121539
2021-11-29,22319,326063,45768423,6447602
2021-11-30,23083,365822,45791506,6813424
2021-12-01,21515,413500,45813021,7226924
2021-12-02,23753,440379,45836774,7667303
2021-12-03,25240,467455,45862014,8134758
2021-12-04,22355,418730,45884369,8553488
2021-12-05,11911,261331,45896280,8814819
2021-12-06,25813,457564,45922093,9272383
2021-12-07,24122,480250,45946215,9752633
2021-12-08,10002,249680,45956217,10002313
2021-12-09,31569,491917,45987786,10494230
2021-12-10,28057,517867,46015843,11012097
2021-12-11,23552,459241,46039395,11471338
2021-12-12,12302,293497,46051697,11764835
2021-12-13,26141,467623,46077838,12232458
2021-12-14,25165,494190,46103003,12726648
2021-12-15,25319,517130,46128322,13243778
2021-12-16,27869,520239,46156191,13764017
2021-12-17,29352,517162,46185543,14281179
2021-12-18,27032,468714,46212575,14749893
2021-12-19,15137,300513,46227712,15050406
2021-12-20,30613,477473,46258325,15527879
2021-12-21,30356,493381,46288681,16021260
2021-12-22,29434,484698,46318115,16505958
2021-12-23,28231,426894,46346346,16932852
2021-12-24,13112,210820,46359458,17143672
2021-12-25,2101,33052,46361559,17176724
2021-12-26,8756,159065,46370315,17335789
2021-12-27,46763,504651,46417078,17840440
2021-12-28,42430,554204,46459508,18394644
2021-12-29,34325,550626,46493833,18945270
2021-12-30,31804,499822,46525637,19445092
2021-12-31,14106,247394,46539743,19692486
2022-01-01,3493,64813,46543236,19757299
2022-01-02,22744,276718,46565980,20034017
2022-01-03,47818,520006,46613798,20554023
2022-01-04,46310,572078,46660108,21126101
2022-01-05,40698,560386,46700806,21686487
2022-01-06,23458,274482,46724264,21960969
2022-01-07,63649,554179,46787913,22515148
2022-01-08,60797,503377,46848710,23018525
2022-01-09,42787,319688,46891497,23338213
2022-01-10,61023,542276,46952520,23880489
2022-01-11,61661,586983,47014181,24467472
2022-01-12,58384,581273,47072565,25048745
2022-01-13,58553,580377,47131118,25629122
2022-01-14,46721,588564,47177839,26217686
2022-01-15,39320,569938,47217159,26787624
2022-01-16,31140,341848,47248299,27129472
2022-01-17,54728,489647,47303027,27619119
2022-01-18,58338,517012,47361365,28136131
2022-01-19,57152,502783,47418517,28638914
2022-01-20,54293,498810,47472810,29137724
2022-01-21,42027,493868,47514837,29631592
2022-01-22,31115,469594,47545952,30101186
2022-01-23,34899,275365,47580851,30376551
2022-01-24,56146,437211,47636997,30813762
2022-01-25,61521,452088,47698518,31265850
2022-01-26,58502,435816,47757020,31701666
2022-01-27,48802,432353,47805822,32134019
2022-01-28,58657,436530,47864479,32570549
2022-01-29,68076,412484,47932555,32983033
2022-01-30,50354,235968,47982909,33219001
2022-01-31,60586,356922,48043495,33575923
2022-02-01,65512,328433,48109007,33904356
2022-02-02,63157,296966,48172164,34201322
2022-02-03,60020,274513,48232184,34475835
2022-02-04,72344,268450,48304528,34744285
2022-02-05,83726,248529,48388254,34992814
2022-02-06,55271,116195,48443525,35109009
2022-02-07,65117,199930,48508642,35308939
2022-02-08,66909,186102,48575551,35495041
2022-02-09,58735,166332,48634286,35661373
2022-02-10,58535,163233,48692821,35824606
2022-02-11,62221,162454,48755042,35987060
2022-02-12,71952,152138,48826994,36139198
2022-02-13,41464,68849,48868458,36208047
2022-02-14,46665,116185,48915123,36324232
2022-02-15,48511,123478,48963634,36447710
2022-02-16,45662,106112,49009296,36553822
2022-02-17,42852,98102,49052148,36651924
2022-02-18,46596,112569,49098744,36764493
2022-02-19,52519,100327,49151263,36864820
2022-02-20,31409,40360,49182672,36905180
2022-02-21,37886,89643,49220558,36994823
2022-02-22,37212,83769,49257770,37078592
2022-02-23,33376,79404,49291146,37157996
2022-02-24,32549,78160,49323695,37236156
2022-02-25,34747,90706,49358442,37326862
2022-02-26,39146,89132,49397588,37415994
2022-02-27,22540,35855,49420128,37451849
2022-02-28,28467,81691,49448595,37533540
2022-03-01,22703,53937,49471298,37587477
2022-03-02,21988,50627,49493286,37638104
2022-03-03,22601,54941,49515887,37693045
2022-03-04,23216,62793,49539103,37755838
2022-03-05,23783,57952,49562886,37813790
2022-03-06,9471,17200,49572357,37830990
2022-03-07,15899,51390,49588256,37882380
2022-03-08,15454,48795,49603710,37931175
2022-03-09,13804,46514,49617514,37977689
2022-03-10,14033,52115,49631547,38029804
2022-03-11,15568,57251,49647115,38087055
2022-03-12,15492,56614,49662607,38143669
2022-03-13,5542,16849,49668149,38160518
2022-03-14,10518,46691,49678667,38207209
2022-03-15,10534,46892,49689201,38254101
2022-03-16,9472,41978,49698673,38296079
2022-03-17,9701,44875,49708374,38340954
2022-03-18,10152,49052,49718526,38390006
2022-03-19,9145,46532,49727671,38436538
2022-03-20,2607,11700,49730278,38448238
2022-03-21,7574,40223,49737852,38488461
2022-03-22,8441,37749,49746293,38526210
2022-03-23,7206,33697,49753499,38559907
2022-03-24,8250,38796,49761749,38598703
2022-03-25,8129,43665,49769878,38642368
2022-03-26,8120,41723,49777998,38684091
2022-03-27,2428,9683,49780426,38693774
2022-03-28,6099,35230,49786525,38729004
2022-03-29,5773,32523,49792298,38761527
2022-03-30,5556,30193,49797854,38791720
2022-03-31,5885,33175,49803739,38824895
2022-04-01,4341,25187,49808080,38850082
2022-04-02,4489,23273,49812569,38873355
2022-04-03,1048,4499,49813617,38877854
2022-04-04,3654,21531,49817271,38899385
2022-04-05,3746,22925,49821017,38922310
2022-04-06,4098,21845,49825115,38944155
2022-04-07,3956,23317,49829071,38967472
2022-04-08,4687,26710,49833758,38994182
2022-04-09,4375,23885,49838133,39018067
2022-04-10,893,4614,49839026,39022681
2022-04-11,3806,22685,49842832,39045366
2022-04-12,3356,21777,49846188,39067143
2022-04-13,3560,21334,49849748,39088477
2022-04-14,3484,23776,49853232,39112253
2022-04-15,3078,20617,49856310,39132870
2022-04-16,2149,11921,49858459,39144791
2022-04-17,63,348,49858522,39145139
2022-04-18,149,650,49858671,39145789
2022-04-19,3490,21978,49862161,39167767
2022-04-20,3499,20248,49865660,39188015
2022-04-21,2839,19781,49868499,39207796
2022-04-22,2919,20696,49871418,39228492
2022-04-23,2637,16210,49874055,39244702
2022-04-24,509,2335,49874564,39247037
2022-04-25,183,1165,49874747,39248202
2022-04-26,2759,17791,49877506,39265993
2022-04-27,2365,15784,49879871,39281777
2022-04-28,2353,15533,49882224,39297310
2022-04-29,2291,14835,49884515,39312145
2022-04-30,2121,11577,49886636,39323722
2022-05-01,113,530,49886749,39324252
2022-05-02,1445,9384,49888194,39333636
2022-05-03,1573,10309,49889767,39343945
2022-05-04,1744,10255,49891511,39354200
2022-05-05,1649,10272,49893160,39364472
2022-05-06,1695,10945,49894855,39375417
2022-05-07,1431,8563,49896286,39383980
2022-05-08,404,1514,49896690,39385494
2022-05-09,1024,8917,49897714,39394411
2022-05-10,1421,9536,49899135,39403947
2022-05-11,1480,10087,49900615,39414034
2022-05-12,1369,10119,49901984,39424153
2022-05-13,1587,10509,49903571,39434662
2022-05-14,1357,8228,49904928,39442890
2022-05-15,336,1129,49905264,39444019
2022-05-16,812,8388,49906076,39452407
2022-05-17,1241,8671,49907317,39461078
2022-05-18,1368,9216,49908685,39470294
2022-05-19,1498,9268,49910183,39479562
2022-05-20,1419,9493,49911602,39489055
2022-05-21,1299,7892,49912901,39496947
2022-05-22,231,1012,49913132,39497959
2022-05-23,826,8261,49913958,39506220
2022-05-24,1070,8665,49915028,39514885
2022-05-25,1364,9445,49916392,39524330
2022-05-26,1194,9454,49917586,39533784
2022-05-27,1225,9911,49918811,39543695
2022-05-28,1202,7873,49920013,39551568
2022-05-29,285,1264,49920298,39552832
2022-05-30,930,8026,49921228,39560858
2022-05-31,1033,8531,49922261,39569389
2022-06-01,892,7644,49923153,39577033
2022-06-02,35,474,49923188,39577507
2022-06-03,814,7327,49924002,39584834
2022-06-04,870,5155,49924872,39589989
2022-06-05,89,586,49924961,39590575
2022-06-06,672,6979,49925633,39597554
2022-06-07,930,7842,49926563,39605396
2022-06-08,982,7898,49927545,39613294
2022-06-09,1034,8400,49928579,39621694
2022-06-10,955,8550,49929534,39630244
2022-06-11,900,6207,49930434,39636451
2022-06-12,140,767,49930574,39637218
2022-06-13,603,6295,49931177,39643513
2022-06-14,826,7881,49932003,39651394
2022-06-15,950,7845,49932953,39659239
2022-06-16,728,7386,49933681,39666625
2022-06-17,719,7239,49934400,39673864
2022-06-18,777,5589,49935177,39679453
2022-06-19,47,522,49935224,39679975
2022-06-20,588,6694,49935812,39686669
2022-06-21,732,7644,49936544,39694313
2022-06-22,780,7303,49937324,39701616
2022-06-23,649,7455,49937973,39709071
2022-06-24,644,7472,49938617,39716543
2022-06-25,835,6531,49939452,39723074
2022-06-26,128,523,49939580,39723597
2022-06-27,532,7119,49940112,39730716
2022-06-28,744,8208,49940856,39738924
2022-06-29,755,7718,49941611,39746642
2022-06-30,744,8131,49942355,39754773
2022-07-01,576,6437,49942931,39761210
2022-07-02,536,4765,49943467,39765975
2022-07-03,49,456,49943516,39766431
2022-07-04,470,6269,49943986,39772700
2022-07-05,622,8107,49944608,39780807
2022-07-06,627,7595,49945235,39788402
2022-07-07,567,8252,49945802,39796654
2022-07-08,669,8078,49946471,39804732
2022-07-09,549,6104,49947020,39810836
2022-07-10,58,533,49947078,39811369
2022-07-11,486,7632,49947564,39819001
2022-07-12,661,9001,49948225,39828002
2022-07-13,637,10057,49948862,39838059
2022-07-14,632,10219,49949494,39848278
2022-07-15,621,10662,49950115,39858940
2022-07-16,521,7207,49950636,39866147
2022-07-17,48,769,49950684,39866916
2022-07-18,498,9351,49951182,39876267
2022-07-19,573,10648,49951755,39886915
2022-07-20,576,11254,49952331,39898169
2022-07-21,625,12032,49952956,39910201
2022-07-22,581,11215,49953537,39921416
2022-07-23,378,6740,49953915,39928156
2022-07-24,76,834,49953991,39928990
2022-07-25,500,9031,49954491,39938021
2022-07-26,517,9724,49955008,39947745
2022-07-27,542,10148,49955550,39957893
2022-07-28,526,10468,49956076,39968361
2022-07-29,509,9414,49956585,39977775
2022-07-30,380,5852,49956965,39983627
2022-07-31,49,745,49957014,39984372
2022-08-01,386,6821,49957400,39991193
2022-08-02,537,7510,49957937,39998703
2022-08-03,497,7132,49958434,40005835
2022-08-04,449,7410,49958883,40013245
2022-08-05,415,6471,49959298,40019716
2022-08-06,296,3580,49959594,40023296
2022-08-07,44,550,49959638,40023846
2022-08-08,392,4871,49960030,40028717
2022-08-09,383,5265,49960413,40033982
2022-08-10,372,4775,49960785,40038757
2022-08-11,361,4752,49961146,40043509
2022-08-12,284,3689,49961430,40047198
2022-08-13,141,1595,49961571,40048793
2022-08-14,9,128,49961580,40048921
2022-08-15,1,24,49961581,40048945
2022-08-16,281,3020,49961862,40051965
2022-08-17,350,3511,49962212,40055476
2022-08-18,383,4127,49962595,40059603
2022-08-19,335,3299,49962930,40062902
2022-08-20,182,1711,49963112,40064613
2022-08-21,24,146,49963136,40064759
2022-08-22,326,2924,49963462,40067683
2022-08-23,370,3634,49963832,40071317
2022-08-24,377,3307,49964209,40074624
2022-08-25,412,3677,49964621,40078301
2022-08-26,391,3517,49965012,40081818
2022-08-27,226,1763,49965238,40083581
2022-08-28,29,260,49965267,40083841
2022-08-29,351,3113,49965618,40086954
2022-08-30,393,3584,49966011,40090538
2022-08-31,420,3647,49966431,40094185
2022-09-01,345,3010,49966776,40097195
2022-09-02,275,2730,49967051,40099925
2022-09-03,191,1388,49967242,40101313