data_somministrazione,vaccinazioni,booster,cum_vaccinazioni,cum_booster
2020-12-27,20,0,20,0
2020-12-28,2,0,22,0
2020-12-29,1,0,23,0
2020-12-30,10,0,33,0
2020-12-31,75,0,108,0
2021-01-01,25,0,133,0
2021-01-02,141,0,274,0
2021-01-03,103,0,377,0
2021-01-04,233,0,610,0
2021-01-05,278,0,888,0
2021-01-06,244,0,1132,0
2021-01-07,321,0,1453,0
2021-01-08,377,0,1830,0
2021-01-09,280,0,2110,0
2021-01-10,165,0,2275,0
2021-01-11,301,0,2576,0
2021-01-12,282,0,2858,0
2021-01-13,416,0,3274,0
2021-01-14,502,0,3776,0
2021-01-15,316,0,4092,0
2021-01-16,222,0,4314,0
2021-01-17,3063,0,7377,0
2021-01-18,5219,0,12596,0
2021-01-19,1894,0,14490,0
2021-01-20,4659,0,19149,0
2021-01-21,20007,0,39156,0
2021-01-22,14220,0,53376,0
2021-01-23,33323,0,86699,0
2021-01-24,30777,0,117476,0
2021-01-25,64708,0,182184,0
2021-01-26,76467,0,258651,0
2021-01-27,64814,0,323465,0
2021-01-28,89257,0,412722,0
2021-01-29,93998,0,506720,0
2021-01-30,86545,0,593265,0
2021-01-31,57325,0,650590,0
2021-02-01,81839,0,732429,0
2021-02-02,82134,0,814563,0
2021-02-03,91105,0,905668,0
2021-02-04,95386,0,1001054,0
2021-02-05,90270,0,1091324,0
2021-02-06,63447,0,1154771,0
2021-02-07,32935,0,1187706,0
2021-02-08,40423,0,1228129,0
2021-02-09,32878,0,1261007,0
2021-02-10,28435,0,1289442,0
2021-02-11,20405,0,1309847,0
2021-02-12,16249,0,1326096,0
2021-02-13,7279,0,1333375,0
2021-02-14,2862,0,1336237,0
2021-02-15,6846,0,1343083,0
2021-02-16,7004,0,1350087,0
2021-02-17,10526,0,1360613,0
2021-02-18,9254,0,1369867,0
2021-02-19,8255,0,1378122,0
2021-02-20,5577,0,1383699,0
2021-02-21,3012,0,1386711,0
2021-02-22,6882,0,1393593,0
2021-02-23,7187,0,1400780,0
2021-02-24,9812,0,1410592,0
2021-02-25,14213,0,1424805,0
2021-02-26,17557,0,1442362,0
2021-02-27,13917,0,1456279,0
2021-02-28,9393,0,1465672,0
2021-03-01,26524,0,1492196,0
2021-03-02,33247,0,1525443,0
2021-03-03,44645,0,1570088,0
2021-03-04,50299,0,1620387,0
2021-03-05,55744,0,1676131,0
2021-03-06,41876,0,1718007,0
2021-03-07,22329,0,1740336,0
2021-03-08,50833,0,1791169,0
2021-03-09,53087,0,1844256,0
2021-03-10,58682,0,1902938,0
2021-03-11,63879,0,1966817,0
2021-03-12,65132,0,2031949,0
2021-03-13,51729,0,2083678,0
2021-03-14,35422,0,2119100,0
2021-03-15,73459,0,2192559,0
2021-03-16,74027,0,2266586,0
2021-03-17,83139,0,2349725,0
2021-03-18,81628,0,2431353,0
2021-03-19,81089,0,2512442,0
2021-03-20,64735,0,2577177,0
2021-03-21,47311,0,2624488,0
2021-03-22,69498,0,2693986,0
2021-03-23,75813,0,2769799,0
2021-03-24,90923,0,2860722,0
2021-03-25,89822,0,2950544,0
2021-03-26,83640,0,3034184,0
2021-03-27,71954,0,3106138,0
2021-03-28,44179,0,3150317,0
2021-03-29,70846,0,3221163,0
2021-03-30,81402,0,3302565,0
2021-03-31,96258,0,3398823,0
2021-04-01,95326,0,3494149,0
2021-04-02,84083,0,3578232,0
2021-04-03,64303,0,3642535,0
2021-04-04,21724,0,3664259,0
2021-04-05,40316,0,3704575,0
2021-04-06,81335,0,3785910,0
2021-04-07,95839,0,3881749,0
2021-04-08,95258,0,3977007,0
2021-04-09,88501,0,4065508,0
2021-04-10,74032,0,4139540,0
2021-04-11,44769,0,4184309,0
2021-04-12,66919,0,4251228,0
2021-04-13,72594,0,4323822,0
2021-04-14,85550,0,4409372,0
2021-04-15,105423,0,4514795,0
2021-04-16,106427,0,4621222,0
2021-04-17,90527,0,4711749,0
2021-04-18,58596,0,4770345,0
2021-04-19,93433,0,4863778,0
2021-04-20,103775,0,4967553,0
2021-04-21,125343,0,5092896,0
2021-04-22,143524,0,5236420,0
2021-04-23,138750,0,5375170,0
2021-04-24,124454,0,5499624,0
2021-04-25,61469,0,5561093,0
2021-04-26,97907,0,5659000,0
2021-04-27,128372,0,5787372,0
2021-04-28,156389,0,5943761,0
2021-04-29,195613,0,6139374,0
2021-04-30,214605,0,6353979,0
2021-05-01,174139,0,6528118,0
2021-05-02,135804,0,6663922,0
2021-05-03,142067,0,6805989,0
2021-05-04,158709,0,6964698,0
2021-05-05,170538,0,7135236,0
2021-05-06,197818,0,7333054,0
2021-05-07,213869,0,7546923,0
2021-05-08,213439,0,7760362,0
2021-05-09,143219,0,7903581,0
2021-05-10,165102,0,8068683,0
2021-05-11,175004,0,8243687,0
2021-05-12,179220,0,8422907,0
2021-05-13,203419,0,8626326,0
2021-05-14,222939,0,8849265,0
2021-05-15,210388,0,9059653,0
2021-05-16,159285,0,9218938,0
2021-05-17,219217,0,9438155,0
2021-05-18,213031,0,9651186,0
2021-05-19,207099,0,9858285,0
2021-05-20,270887,0,10129172,0
2021-05-21,270913,0,10400085,0
2021-05-22,245543,0,10645628,0
2021-05-23,197187,0,10842815,0
2021-05-24,228311,0,11071126,0
2021-05-25,245699,0,11316825,0
2021-05-26,277511,0,11594336,0
2021-05-27,311101,0,11905437,0
2021-05-28,299584,0,12205021,0
2021-05-29,231244,0,12436265,0
2021-05-30,170851,0,12607116,0
2021-05-31,216436,0,12823552,0
2021-06-01,207639,0,13031191,0
2021-06-02,115805,0,13146996,0
2021-06-03,180169,0,13327165,0
2021-06-04,184917,0,13512082,0
2021-06-05,185995,0,13698077,0
2021-06-06,139579,0,13837656,0
2021-06-07,161902,0,13999558,0
2021-06-08,171282,0,14170840,0
2021-06-09,171521,0,14342361,0
2021-06-10,174146,0,14516507,0
2021-06-11,170016,0,14686523,0
2021-06-12,128380,0,14814903,0
2021-06-13,91224,0,14906127,0
2021-06-14,214708,0,15120835,0
2021-06-15,228456,0,15349291,0
2021-06-16,253112,0,15602403,0
2021-06-17,301771,0,15904174,0
2021-06-18,306327,0,16210501,0
2021-06-19,275116,0,16485617,0
2021-06-20,220817,0,16706434,0
2021-06-21,288097,0,16994531,0
2021-06-22,296249,0,17290780,0
2021-06-23,302703,0,17593483,0
2021-06-24,332620,0,17926103,0
2021-06-25,348726,0,18274829,0
2021-06-26,300147,0,18574976,0
2021-06-27,228692,0,18803668,0
2021-06-28,307144,0,19110812,0
2021-06-29,329327,0,19440139,0
2021-06-30,342211,0,19782350,0
2021-07-01,363241,0,20145591,0
2021-07-02,368502,0,20514093,0
2021-07-03,371099,0,20885192,0
2021-07-04,283238,0,21168430,0
2021-07-05,384562,0,21552992,0
2021-07-06,385488,0,21938480,0
2021-07-07,412139,0,22350619,0
2021-07-08,479592,0,22830211,0
2021-07-09,498465,0,23328676,0
2021-07-10,475170,0,23803846,0
2021-07-11,357695,0,24161541,0
2021-07-12,485881,0,24647422,0
2021-07-13,492078,0,25139500,0
2021-07-14,480434,0,25619934,0
2021-07-15,523432,0,26143366,0
2021-07-16,509756,0,26653122,0
2021-07-17,464326,0,27117448,0
2021-07-18,364642,0,27482090,0
2021-07-19,463033,0,27945123,0
2021-07-20,458048,0,28403171,0
2021-07-21,462786,0,28865957,0
2021-07-22,475379,0,29341336,0
2021-07-23,441318,0,29782654,0
2021-07-24,386147,0,30168801,0
2021-07-25,287554,0,30456355,0
2021-07-26,430891,0,30887246,0
2021-07-27,440110,0,31327356,0
2021-07-28,391020,0,31718376,0
2021-07-29,372070,0,32090446,0
2021-07-30,341511,0,32431957,0
2021-07-31,287040,0,32718997,0
2021-08-01,190999,0,32909996,0
2021-08-02,333707,0,33243703,0
2021-08-03,323180,0,33566883,0
2021-08-04,310984,0,33877867,0
2021-08-05,292485,0,34170352,0
2021-08-06,260035,0,34430387,0
2021-08-07,199067,0,34629454,0
2021-08-08,153105,0,34782559,0
2021-08-09,234083,0,35016642,0
2021-08-10,205273,0,35221915,0
2021-08-11,193784,0,35415699,0
2021-08-12,168056,0,35583755,0
2021-08-13,148661,0,35732416,0
2021-08-14,66101,0,35798517,0
2021-08-15,26341,0,35824858,0
2021-08-16,114710,0,35939568,0
2021-08-17,129251,0,36068819,0
2021-08-18,128765,0,36197584,0
2021-08-19,124846,0,36322430,0
2021-08-20,123797,0,36446227,0
2021-08-21,83136,0,36529363,0
2021-08-22,68178,0,36597541,0
2021-08-23,176871,0,36774412,0
2021-08-24,156897,0,36931309,0
2021-08-25,177170,0,37108479,0
2021-08-26,172353,0,37280832,0
2021-08-27,185831,0,37466663,0
2021-08-28,140287,0,37606950,0
2021-08-29,98992,0,37705942,0
2021-08-30,209585,0,37915527,0
2021-08-31,194644,0,38110171,0
2021-09-01,192216,0,38302387,0
2021-09-02,189930,0,38492317,0
2021-09-03,191288,0,38683605,0
2021-09-04,131448,0,38815053,0
2021-09-05,87849,0,38902902,0
2021-09-06,193606,0,39096508,0
2021-09-07,196040,0,39292548,0
2021-09-08,187866,0,39480414,0
2021-09-09,201423,0,39681837,0
2021-09-10,198056,0,39879893,0
2021-09-11,141289,0,40021182,0
2021-09-12,89592,0,40110774,0
2021-09-13,191115,634,40301889,634
2021-09-14,177218,640,40479107,1274
2021-09-15,163080,645,40642187,1919
2021-09-16,160050,991,40802237,2910
2021-09-17,150161,1162,40952398,4072
2021-09-18,127978,775,41080376,4847
2021-09-19,81140,508,41161516,5355
2021-09-20,180067,9119,41341583,14474
2021-09-21,166667,8861,41508250,23335
2021-09-22,159109,9461,41667359,32796
2021-09-23,138097,9355,41805456,42151
2021-09-24,140553,9008,41946009,51159
2021-09-25,119558,5671,42065567,56830
2021-09-26,71992,4361,42137559,61191
2021-09-27,135662,10080,42273221,71271
2021-09-28,117518,11420,42390739,82691
2021-09-29,112370,11850,42503109,94541
2021-09-30,110283,14979,42613392,109520
2021-10-01,94991,19141,42708383,128661
2021-10-02,78517,14042,42786900,142703
2021-10-03,47758,7668,42834658,150371
2021-10-04,88392,34478,42923050,184849
2021-10-05,80382,34013,43003432,218862
2021-10-06,72007,34205,43075439,253067
2021-10-07,71879,34369,43147318,287436
2021-10-08,80636,33621,43227954,321057
2021-10-09,76113,22191,43304067,343248
2021-10-10,45789,13630,43349856,356878
2021-10-11,87446,41130,43437302,398008
2021-10-12,84516,46930,43521818,444938
2021-10-13,88209,52163,43610027,497101
2021-10-14,91550,58554,43701577,555655
2021-10-15,93599,55672,43795176,611327
2021-10-16,82967,36824,43878143,648151
2021-10-17,51463,23858,43929606,672009
2021-10-18,90300,59517,44019906,731526
2021-10-19,78352,69404,44098258,800930
2021-10-20,75064,78205,44173322,879135
2021-10-21,78292,81806,44251614,960941
2021-10-22,73770,77077,44325384,1038018
2021-10-23,60834,51973,44386218,1089991
2021-10-24,33369,23478,44419587,1113469
2021-10-25,64897,81663,44484484,1195132
2021-10-26,58375,91830,44542859,1286962
2021-10-27,58314,104029,44601173,1390991
2021-10-28,61449,114153,44662622,1505144
2021-10-29,61635,103179,44724257,1608323
2021-10-30,50675,68142,44774932,1676465
2021-10-31,25160,28309,44800092,1704774
2021-11-01,19048,28158,44819140,1732932
2021-11-02,62739,89432,44881879,1822364
2021-11-03,60716,118697,44942595,1941061
2021-11-04,59237,126698,45001832,2067759
2021-11-05,63093,135218,45064925,2202977
2021-11-06,46488,90938,45111413,2293915
2021-11-07,22250,37904,45133663,2331819
2021-11-08,51528,131292,45185191,2463111
2021-11-09,45401,144236,45230592,2607347
2021-11-10,42594,156371,45273186,2763718
2021-11-11,44928,155167,45318114,2918885
2021-11-12,46312,158682,45364426,3077567
2021-11-13,33263,116678,45397689,3194245
2021-11-14,14491,52459,45412180,3246704
2021-11-15,36908,157445,45449088,3404149
2021-11-16,30566,171403,45479654,3575552
2021-11-17,28469,178460,45508123,3754012
2021-11-18,30293,193762,45538416,3947774
2021-11-19,28815,205882,45567231,4153656
2021-11-20,21004,156459,45588235,4310115
2021-11-21,10611,64871,45598846,4374986
2021-11-22,21958,213161,45620804,4588147
2021-11-23,23603,241799,45644407,4829946
2021-11-24,27805,271048,45672212,5100994
2021-11-25,23265,301933,45695477,5402927
2021-11-26,24596,318305,45720073,5721232
2021-11-27,21404,266167,45741477,5987399
2021-11-28,9907,137068,45751384,6124467
2021-11-29,22363,326074,45773747,6450541
2021-11-30,23115,365863,45796862,6816404
2021-12-01,21552,413527,45818414,7229931
2021-12-02,23789,440438,45842203,7670369
2021-12-03,25270,467530,45867473,8137899
2021-12-04,22393,418796,45889866,8556695
2021-12-05,11944,261365,45901810,8818060
2021-12-06,25840,457627,45927650,9275687
2021-12-07,24157,480302,45951807,9755989
2021-12-08,10028,249719,45961835,10005708
2021-12-09,31618,491960,45993453,10497668
2021-12-10,28095,517927,46021548,11015595
2021-12-11,23585,459275,46045133,11474870
2021-12-12,12318,293526,46057451,11768396
2021-12-13,26172,467653,46083623,12236049
2021-12-14,25201,494235,46108824,12730284
2021-12-15,25367,517191,46134191,13247475
2021-12-16,27919,520300,46162110,13767775
2021-12-17,29395,517216,46191505,14284991
2021-12-18,27103,468777,46218608,14753768
2021-12-19,15169,300541,46233777,15054309
2021-12-20,30671,477502,46264448,15531811
2021-12-21,30405,493434,46294853,16025245
2021-12-22,29477,484750,46324330,16509995
2021-12-23,28285,426955,46352615,16936950
2021-12-24,13124,210841,46365739,17147791
2021-12-25,2104,33053,46367843,17180844
2021-12-26,8774,159077,46376617,17339921
2021-12-27,46844,504691,46423461,17844612
2021-12-28,42503,554254,46465964,18398866
2021-12-29,34391,550677,46500355,18949543
2021-12-30,31886,499861,46532241,19449404
2021-12-31,14143,247407,46546384,19696811
2022-01-01,3498,64815,46549882,19761626
2022-01-02,22820,276727,46572702,20038353
2022-01-03,47924,520035,46620626,20558388
2022-01-04,46457,572100,46667083,21130488
2022-01-05,40831,560418,46707914,21690906
2022-01-06,23532,274491,46731446,21965397
2022-01-07,63786,554220,46795232,22519617
2022-01-08,60958,503411,46856190,23023028
2022-01-09,42944,319700,46899134,23342728
2022-01-10,61159,542323,46960293,23885051
2022-01-11,61826,587036,47022119,24472087
2022-01-12,58533,581303,47080652,25053390
2022-01-13,58694,580429,47139346,25633819
2022-01-14,46915,588607,47186261,26222426
2022-01-15,39537,569982,47225798,26792408
2022-01-16,31301,341889,47257099,27134297
2022-01-17,54844,489687,47311943,27623984
2022-01-18,58461,517049,47370404,28141033
2022-01-19,57255,502822,47427659,28643855
2022-01-20,54408,498859,47482067,29142714
2022-01-21,42162,493897,47524229,29636611
2022-01-22,31277,469616,47555506,30106227
2022-01-23,34978,275389,47590484,30381616
2022-01-24,56223,437242,47646707,30818858
2022-01-25,61590,452130,47708297,31270988
2022-01-26,58578,435848,47766875,31706836
2022-01-27,48882,432398,47815757,32139234
2022-01-28,58740,436558,47874497,32575792
2022-01-29,68178,412510,47942675,32988302
2022-01-30,50404,235985,47993079,33224287
2022-01-31,60689,356945,48053768,33581232
2022-02-01,65603,328462,48119371,33909694
2022-02-02,63244,296991,48182615,34206685
2022-02-03,60086,274532,48242701,34481217
2022-02-04,72400,268468,48315101,34749685
2022-02-05,83817,248546,48398918,34998231
2022-02-06,55305,116208,48454223,35114439
2022-02-07,65174,199946,48519397,35314385
2022-02-08,66952,186125,48586349,35500510
2022-02-09,58774,166350,48645123,35666860
2022-02-10,58594,163246,48703717,35830106
2022-02-11,62274,162473,48765991,35992579
2022-02-12,72000,152153,48837991,36144732
2022-02-13,41480,68854,48879471,36213586
2022-02-14,46708,116190,48926179,36329776
2022-02-15,48557,123482,48974736,36453258
2022-02-16,45683,106128,49020419,36559386
2022-02-17,42871,98118,49063290,36657504
2022-02-18,46630,112583,49109920,36770087
2022-02-19,52543,100338,49162463,36870425
2022-02-20,31412,40368,49193875,36910793
2022-02-21,37900,89658,49231775,37000451
2022-02-22,37225,83782,49269000,37084233
2022-02-23,33399,79410,49302399,37163643
2022-02-24,32562,78165,49334961,37241808
2022-02-25,34769,90713,49369730,37332521
2022-02-26,39161,89136,49408891,37421657
2022-02-27,22548,35857,49431439,37457514
2022-02-28,28483,81696,49459922,37539210
2022-03-01,22724,53942,49482646,37593152
2022-03-02,21957,50685,49504603,37643837
2022-03-03,22631,54947,49527234,37698784
2022-03-04,23240,62800,49550474,37761584
2022-03-05,23802,57952,49574276,37819536
2022-03-06,9473,17201,49583749,37836737
2022-03-07,15922,51390,49599671,37888127
2022-03-08,15480,48795,49615151,37936922
2022-03-09,13814,46519,49628965,37983441
2022-03-10,14053,52124,49643018,38035565
2022-03-11,15589,57270,49658607,38092835
2022-03-12,15510,56619,49674117,38149454
2022-03-13,5545,16852,49679662,38166306
2022-03-14,10526,46701,49690188,38213007
2022-03-15,10550,46895,49700738,38259902
2022-03-16,9482,41974,49710220,38301876
2022-03-17,9722,44875,49719942,38346751
2022-03-18,10160,49058,49730102,38395809
2022-03-19,9150,46537,49739252,38442346
2022-03-20,2608,11704,49741860,38454050
2022-03-21,7580,40226,49749440,38494276
2022-03-22,8447,37765,49757887,38532041
2022-03-23,7217,33700,49765104,38565741
2022-03-24,8258,38819,49773362,38604560
2022-03-25,8141,43671,49781503,38648231
2022-03-26,8126,41721,49789629,38689952
2022-03-27,2431,9683,49792060,38699635
2022-03-28,6112,35241,49798172,38734876
2022-03-29,5779,32531,49803951,38767407
2022-03-30,5566,30204,49809517,38797611
2022-03-31,5901,33185,49815418,38830796
2022-04-01,4349,25190,49819767,38855986
2022-04-02,4496,23275,49824263,38879261
2022-04-03,1049,4500,49825312,38883761
2022-04-04,3660,21544,49828972,38905305
2022-04-05,3756,22936,49832728,38928241
2022-04-06,4103,21853,49836831,38950094
2022-04-07,3970,23320,49840801,38973414
2022-04-08,4696,26713,49845497,39000127
2022-04-09,4383,23887,49849880,39024014
2022-04-10,892,4613,49850772,39028627
2022-04-11,3819,22689,49854591,39051316
2022-04-12,3365,21778,49857956,39073094
2022-04-13,3568,21336,49861524,39094430
2022-04-14,3486,23786,49865010,39118216
2022-04-15,3084,20620,49868094,39138836
2022-04-16,2150,11918,49870244,39150754
2022-04-17,63,348,49870307,39151102
2022-04-18,152,650,49870459,39151752
2022-04-19,3499,21982,49873958,39173734
2022-04-20,3511,20252,49877469,39193986
2022-04-21,2847,19790,49880316,39213776
2022-04-22,2928,20704,49883244,39234480
2022-04-23,2646,16220,49885890,39250700
2022-04-24,509,2334,49886399,39253034
2022-04-25,183,1165,49886582,39254199
2022-04-26,2759,17810,49889341,39272009
2022-04-27,2374,15794,49891715,39287803
2022-04-28,2361,15562,49894076,39303365
2022-04-29,2296,14849,49896372,39318214
2022-04-30,2123,11582,49898495,39329796
2022-05-01,113,531,49898608,39330327
2022-05-02,1451,9391,49900059,39339718
2022-05-03,1576,10321,49901635,39350039
2022-05-04,1745,10270,49903380,39360309
2022-05-05,1654,10296,49905034,39370605
2022-05-06,1702,10965,49906736,39381570
2022-05-07,1431,8570,49908167,39390140
2022-05-08,416,1523,49908583,39391663
2022-05-09,1028,8929,49909611,39400592
2022-05-10,1426,9548,49911037,39410140
2022-05-11,1483,10105,49912520,39420245
2022-05-12,1370,10131,49913890,39430376
2022-05-13,1596,10518,49915486,39440894
2022-05-14,1358,8237,49916844,39449131
2022-05-15,336,1134,49917180,39450265
2022-05-16,813,8405,49917993,39458670
2022-05-17,1243,8697,49919236,39467367
2022-05-18,1371,9233,49920607,39476600
2022-05-19,1500,9278,49922107,39485878
2022-05-20,1422,9532,49923529,39495410
2022-05-21,1300,7900,49924829,39503310
2022-05-22,231,1014,49925060,39504324
2022-05-23,830,8270,49925890,39512594
2022-05-24,1073,8672,49926963,39521266
2022-05-25,1370,9460,49928333,39530726
2022-05-26,1195,9480,49929528,39540206
2022-05-27,1232,9915,49930760,39550121
2022-05-28,1205,7887,49931965,39558008
2022-05-29,288,1265,49932253,39559273
2022-05-30,930,8057,49933183,39567330
2022-05-31,1037,8547,49934220,39575877
2022-06-01,893,7656,49935113,39583533
2022-06-02,35,474,49935148,39584007
2022-06-03,818,7333,49935966,39591340
2022-06-04,870,5163,49936836,39596503
2022-06-05,89,586,49936925,39597089
2022-06-06,678,7003,49937603,39604092
2022-06-07,951,7849,49938554,39611941
2022-06-08,981,7908,49939535,39619849
2022-06-09,1036,8417,49940571,39628266
2022-06-10,958,8564,49941529,39636830
2022-06-11,903,6207,49942432,39643037
2022-06-12,140,768,49942572,39643805
2022-06-13,602,6301,49943174,39650106
2022-06-14,832,7902,49944006,39658008
2022-06-15,960,7854,49944966,39665862
2022-06-16,730,7396,49945696,39673258
2022-06-17,724,7249,49946420,39680507
2022-06-18,777,5594,49947197,39686101
2022-06-19,48,522,49947245,39686623
2022-06-20,587,6699,49947832,39693322
2022-06-21,738,7665,49948570,39700987
2022-06-22,782,7308,49949352,39708295
2022-06-23,652,7468,49950004,39715763
2022-06-24,644,7473,49950648,39723236
2022-06-25,835,6535,49951483,39729771
2022-06-26,128,523,49951611,39730294
2022-06-27,533,7126,49952144,39737420
2022-06-28,747,8207,49952891,39745627
2022-06-29,756,7731,49953647,39753358
2022-06-30,746,8145,49954393,39761503
2022-07-01,577,6443,49954970,39767946
2022-07-02,536,4770,49955506,39772716
2022-07-03,49,456,49955555,39773172
2022-07-04,469,6277,49956024,39779449
2022-07-05,631,8118,49956655,39787567
2022-07-06,633,7611,49957288,39795178
2022-07-07,573,8271,49957861,39803449
2022-07-08,673,8083,49958534,39811532
2022-07-09,550,6104,49959084,39817636
2022-07-10,58,533,49959142,39818169
2022-07-11,488,7638,49959630,39825807
2022-07-12,667,9030,49960297,39834837
2022-07-13,643,10068,49960940,39844905
2022-07-14,637,10225,49961577,39855130
2022-07-15,625,10667,49962202,39865797
2022-07-16,522,7214,49962724,39873011
2022-07-17,48,770,49962772,39873781
2022-07-18,496,9371,49963268,39883152
2022-07-19,575,10683,49963843,39893835
2022-07-20,580,11274,49964423,39905109
2022-07-21,628,12088,49965051,39917197
2022-07-22,584,11257,49965635,39928454
2022-07-23,381,6773,49966016,39935227
2022-07-24,76,857,49966092,39936084
2022-07-25,503,9050,49966595,39945134
2022-07-26,519,9761,49967114,39954895
2022-07-27,552,10207,49967666,39965102
2022-07-28,532,10535,49968198,39975637
2022-07-29,509,9464,49968707,39985101
2022-07-30,382,5881,49969089,39990982
2022-07-31,49,764,49969138,39991746
2022-08-01,386,6864,49969524,39998610
2022-08-02,543,7590,49970067,40006200
2022-08-03,511,7177,49970578,40013377
2022-08-04,456,7488,49971034,40020865
2022-08-05,420,6528,49971454,40027393
2022-08-06,299,3613,49971753,40031006
2022-08-07,44,561,49971797,40031567
2022-08-08,403,4890,49972200,40036457
2022-08-09,380,5310,49972580,40041767
2022-08-10,384,4817,49972964,40046584
2022-08-11,369,4784,49973333,40051368
2022-08-12,293,3720,49973626,40055088
2022-08-13,143,1600,49973769,40056688
2022-08-14,9,129,49973778,40056817
2022-08-15,1,26,49973779,40056843
2022-08-16,282,3043,49974061,40059886
2022-08-17,352,3536,49974413,40063422
2022-08-18,392,4160,49974805,40067582
2022-08-19,341,3320,49975146,40070902
2022-08-20,183,1715,49975329,40072617
2022-08-21,24,149,49975353,40072766
2022-08-22,329,2952,49975682,40075718
2022-08-23,370,3674,49976052,40079392
2022-08-24,384,3359,49976436,40082751
2022-08-25,422,3773,49976858,40086524
2022-08-26,399,3574,49977257,40090098
2022-08-27,237,1769,49977494,40091867
2022-08-28,29,267,49977523,40092134
2022-08-29,354,3161,49977877,40095295
2022-08-30,403,3671,49978280,40098966
2022-08-31,437,3735,49978717,40102701
2022-09-01,353,3116,49979070,40105817
2022-09-02,296,2893,49979366,40108710
2022-09-03,200,1688,49979566,40110398
2022-09-04,23,149,49979589,40110547
2022-09-05,187,2656,49979776,40113203
2022-09-06,304,2982,49980080,40116185
2022-09-07,539,2937,49980619,40119122
2022-09-08,292,2962,49980911,40122084
2022-09-09,305,2884,49981216,40124968
2022-09-10,227,1326,49981443,40126294
2022-09-11,23,124,49981466,40126418
2022-09-12,267,2267,49981733,40128685
2022-09-13,252,2276,49981985,40130961
2022-09-14,266,2565,49982251,40133526
2022-09-15,282,2498,49982533,40136024
2022-09-16,254,2544,49982787,40138568
2022-09-17,239,1339,49983026,40139907
2022-09-18,20,170,49983046,40140077
2022-09-19,206,1970,49983252,40142047
2022-09-20,236,2390,49983488,40144437
2022-09-21,289,2526,49983777,40146963
2022-09-22,264,2662,49984041,40149625
2022-09-23,258,2543,49984299,40152168
2022-09-24,193,1427,49984492,40153595
2022-09-25,29,133,49984521,40153728
2022-09-26,280,2248,49984801,40155976
2022-09-27,287,2683,49985088,40158659
2022-09-28,310,2897,49985398,40161556
2022-09-29,257,3049,49985655,40164605
2022-09-30,291,2988,49985946,40167593
2022-10-01,195,1515,49986141,40169108
2022-10-02,12,187,49986153,40169295
2022-10-03,182,2474,49986335,40171769
2022-10-04,236,2864,49986571,40174633
2022-10-05,229,3249,49986800,40177882
2022-10-06,243,3874,49987043,40181756
2022-10-07,282,4187,49987325,40185943
2022-10-08,202,2270,49987527,40188213
2022-10-09,8,305,49987535,40188518
2022-10-10,210,3356,49987745,40191874
2022-10-11,192,4375,49987937,40196249
2022-10-12,209,4435,49988146,40200684
2022-10-13,201,5303,49988347,40205987
2022-10-14,232,5022,49988579,40211009
2022-10-15,189,2671,49988768,40213680
2022-10-16,6,360,49988774,40214040
2022-10-17,185,3869,49988959,40217909
2022-10-18,257,4960,49989216,40222869
2022-10-19,242,5477,49989458,40228346
2022-10-20,224,5987,49989682,40234333
2022-10-21,249,5470,49989931,40239803
2022-10-22,195,2909,49990126,40242712
2022-10-23,13,356,49990139,40243068
2022-10-24,171,3919,49990310,40246987
2022-10-25,251,4920,49990561,40251907
2022-10-26,342,5483,49990903,40257390
2022-10-27,239,5667,49991142,40263057
2022-10-28,198,5256,49991340,40268313
2022-10-29,128,2844,49991468,40271157
2022-10-30,3,327,49991471,40271484
2022-10-31,117,3035,49991588,40274519
2022-11-01,11,353,49991599,40274872
2022-11-02,143,3712,49991742,40278584
2022-11-03,173,4779,49991915,40283363
2022-11-04,224,4591,49992139,40287954
2022-11-05,143,2593,49992282,40290547
2022-11-06,10,258,49992292,40290805
2022-11-07,170,3218,49992462,40294023
2022-11-08,259,4214,49992721,40298237
2022-11-09,197,4314,49992918,40302551
2022-11-10,181,4569,49993099,40307120
2022-11-11,190,4208,49993289,40311328
2022-11-12,154,2353,49993443,40313681
2022-11-13,7,335,49993450,40314016
2022-11-14,150,2827,49993600,40316843
2022-11-15,200,3720,49993800,40320563
2022-11-16,214,3947,49994014,40324510
2022-11-17,191,4063,49994205,40328573
2022-11-18,246,3977,49994451,40332550
2022-11-19,112,2072,49994563,40334622
2022-11-20,24,312,49994587,40334934
2022-11-21,118,2598,49994705,40337532
2022-11-22,143,3167,49994848,40340699
2022-11-23,189,3581,49995037,40344280
2022-11-24,147,3743,49995184,40348023
2022-11-25,174,3619,49995358,40351642
2022-11-26,129,2069,49995487,40353711
2022-11-27,22,355,49995509,40354066
2022-11-28,169,2554,49995678,40356620
2022-11-29,170,3025,49995848,40359645
2022-11-30,112,1824,49995960,40361469