data_somministrazione,vaccinazioni,booster,cum_vaccinazioni,cum_booster
2020-12-27,15,0,15,0
2020-12-28,2,0,17,0
2020-12-29,1,0,18,0
2020-12-30,2,0,20,0
2020-12-31,34,0,54,0
2021-01-01,12,0,66,0
2021-01-02,53,0,119,0
2021-01-03,45,0,164,0
2021-01-04,120,0,284,0
2021-01-05,156,0,440,0
2021-01-06,133,0,573,0
2021-01-07,193,0,766,0
2021-01-08,240,0,1006,0
2021-01-09,168,0,1174,0
2021-01-10,108,0,1282,0
2021-01-11,195,0,1477,0
2021-01-12,200,0,1677,0
2021-01-13,296,0,1973,0
2021-01-14,388,0,2361,0
2021-01-15,228,0,2589,0
2021-01-16,162,0,2751,0
2021-01-17,3046,0,5797,0
2021-01-18,5178,0,10975,0
2021-01-19,1866,0,12841,0
2021-01-20,4649,0,17490,0
2021-01-21,20001,0,37491,0
2021-01-22,14194,0,51685,0
2021-01-23,33351,0,85036,0
2021-01-24,30789,0,115825,0
2021-01-25,64764,0,180589,0
2021-01-26,76534,0,257123,0
2021-01-27,64871,0,321994,0
2021-01-28,89324,0,411318,0
2021-01-29,94070,0,505388,0
2021-01-30,84349,0,589737,0
2021-01-31,57337,0,647074,0
2021-02-01,81881,0,728955,0
2021-02-02,82151,0,811106,0
2021-02-03,91205,0,902311,0
2021-02-04,94509,0,996820,0
2021-02-05,90255,0,1087075,0
2021-02-06,63722,0,1150797,0
2021-02-07,32910,0,1183707,0
2021-02-08,40399,0,1224106,0
2021-02-09,32825,0,1256931,0
2021-02-10,28364,0,1285295,0
2021-02-11,20337,0,1305632,0
2021-02-12,16170,0,1321802,0
2021-02-13,7211,0,1329013,0
2021-02-14,2851,0,1331864,0
2021-02-15,6811,0,1338675,0
2021-02-16,6966,0,1345641,0
2021-02-17,10483,0,1356124,0
2021-02-18,9206,0,1365330,0
2021-02-19,8131,0,1373461,0
2021-02-20,5463,0,1378924,0
2021-02-21,2936,0,1381860,0
2021-02-22,6824,0,1388684,0
2021-02-23,7079,0,1395763,0
2021-02-24,9778,0,1405541,0
2021-02-25,14157,0,1419698,0
2021-02-26,17459,0,1437157,0
2021-02-27,13838,0,1450995,0
2021-02-28,9329,0,1460324,0
2021-03-01,26422,0,1486746,0
2021-03-02,33138,0,1519884,0
2021-03-03,44576,0,1564460,0
2021-03-04,50170,0,1614630,0
2021-03-05,55664,0,1670294,0
2021-03-06,41818,0,1712112,0
2021-03-07,22277,0,1734389,0
2021-03-08,50590,0,1784979,0
2021-03-09,52912,0,1837891,0
2021-03-10,58065,0,1895956,0
2021-03-11,63680,0,1959636,0
2021-03-12,64994,0,2024630,0
2021-03-13,51629,0,2076259,0
2021-03-14,35327,0,2111586,0
2021-03-15,73276,0,2184862,0
2021-03-16,73956,0,2258818,0
2021-03-17,83016,0,2341834,0
2021-03-18,81556,0,2423390,0
2021-03-19,80308,0,2503698,0
2021-03-20,64600,0,2568298,0
2021-03-21,47232,0,2615530,0
2021-03-22,69358,0,2684888,0
2021-03-23,75447,0,2760335,0
2021-03-24,90732,0,2851067,0
2021-03-25,89645,0,2940712,0
2021-03-26,83440,0,3024152,0
2021-03-27,71768,0,3095920,0
2021-03-28,44007,0,3139927,0
2021-03-29,70666,0,3210593,0
2021-03-30,81212,0,3291805,0
2021-03-31,95529,0,3387334,0
2021-04-01,94489,0,3481823,0
2021-04-02,83473,0,3565296,0
2021-04-03,64205,0,3629501,0
2021-04-04,21678,0,3651179,0
2021-04-05,40237,0,3691416,0
2021-04-06,81187,0,3772603,0
2021-04-07,95615,0,3868218,0
2021-04-08,94559,0,3962777,0
2021-04-09,87745,0,4050522,0
2021-04-10,73561,0,4124083,0
2021-04-11,44676,0,4168759,0
2021-04-12,66804,0,4235563,0
2021-04-13,72475,0,4308038,0
2021-04-14,85378,0,4393416,0
2021-04-15,104720,0,4498136,0
2021-04-16,106254,0,4604390,0
2021-04-17,90113,0,4694503,0
2021-04-18,58638,0,4753141,0
2021-04-19,93210,0,4846351,0
2021-04-20,102845,0,4949196,0
2021-04-21,124326,0,5073522,0
2021-04-22,142899,0,5216421,0
2021-04-23,137811,0,5354232,0
2021-04-24,123820,0,5478052,0
2021-04-25,61366,0,5539418,0
2021-04-26,97752,0,5637170,0
2021-04-27,128200,0,5765370,0
2021-04-28,155987,0,5921357,0
2021-04-29,195337,0,6116694,0
2021-04-30,213601,0,6330295,0
2021-05-01,174107,0,6504402,0
2021-05-02,135823,0,6640225,0
2021-05-03,141712,0,6781937,0
2021-05-04,158323,0,6940260,0
2021-05-05,170149,0,7110409,0
2021-05-06,197229,0,7307638,0
2021-05-07,213162,0,7520800,0
2021-05-08,212973,0,7733773,0
2021-05-09,143004,0,7876777,0
2021-05-10,164675,0,8041452,0
2021-05-11,174271,0,8215723,0
2021-05-12,178844,0,8394567,0
2021-05-13,202391,0,8596958,0
2021-05-14,222588,0,8819546,0
2021-05-15,209837,0,9029383,0
2021-05-16,159105,0,9188488,0
2021-05-17,218562,0,9407050,0
2021-05-18,212356,0,9619406,0
2021-05-19,206392,0,9825798,0
2021-05-20,270246,0,10096044,0
2021-05-21,269840,0,10365884,0
2021-05-22,244666,0,10610550,0
2021-05-23,197021,0,10807571,0
2021-05-24,228120,0,11035691,0
2021-05-25,245463,0,11281154,0
2021-05-26,277087,0,11558241,0
2021-05-27,310499,0,11868740,0
2021-05-28,298629,0,12167369,0
2021-05-29,230489,0,12397858,0
2021-05-30,170649,0,12568507,0
2021-05-31,215950,0,12784457,0
2021-06-01,207054,0,12991511,0
2021-06-02,115581,0,13107092,0
2021-06-03,179648,0,13286740,0
2021-06-04,183987,0,13470727,0
2021-06-05,185161,0,13655888,0
2021-06-06,139319,0,13795207,0
2021-06-07,161039,0,13956246,0
2021-06-08,170353,0,14126599,0
2021-06-09,170779,0,14297378,0
2021-06-10,173546,0,14470924,0
2021-06-11,168673,0,14639597,0
2021-06-12,127248,0,14766845,0
2021-06-13,90872,0,14857717,0
2021-06-14,214078,0,15071795,0
2021-06-15,227791,0,15299586,0
2021-06-16,252788,0,15552374,0
2021-06-17,301143,0,15853517,0
2021-06-18,305405,0,16158922,0
2021-06-19,274743,0,16433665,0
2021-06-20,220550,0,16654215,0
2021-06-21,287712,0,16941927,0
2021-06-22,295682,0,17237609,0
2021-06-23,302293,0,17539902,0
2021-06-24,332079,0,17871981,0
2021-06-25,347971,0,18219952,0
2021-06-26,299905,0,18519857,0
2021-06-27,228731,0,18748588,0
2021-06-28,306788,0,19055376,0
2021-06-29,328287,0,19383663,0
2021-06-30,341909,0,19725572,0
2021-07-01,362191,0,20087763,0
2021-07-02,367866,0,20455629,0
2021-07-03,371208,0,20826837,0
2021-07-04,283171,0,21110008,0
2021-07-05,384149,0,21494157,0
2021-07-06,384856,0,21879013,0
2021-07-07,411858,0,22290871,0
2021-07-08,479132,0,22770003,0
2021-07-09,497507,0,23267510,0
2021-07-10,475176,0,23742686,0
2021-07-11,357725,0,24100411,0
2021-07-12,485893,0,24586304,0
2021-07-13,491470,0,25077774,0
2021-07-14,480313,0,25558087,0
2021-07-15,523188,0,26081275,0
2021-07-16,509303,0,26590578,0
2021-07-17,464370,0,27054948,0
2021-07-18,364752,0,27419700,0
2021-07-19,463036,0,27882736,0
2021-07-20,457795,0,28340531,0
2021-07-21,462655,0,28803186,0
2021-07-22,475058,0,29278244,0
2021-07-23,440516,0,29718760,0
2021-07-24,386065,0,30104825,0
2021-07-25,287490,0,30392315,0
2021-07-26,430439,0,30822754,0
2021-07-27,439568,0,31262322,0
2021-07-28,390708,0,31653030,0
2021-07-29,371771,0,32024801,0
2021-07-30,340789,0,32365590,0
2021-07-31,286857,0,32652447,0
2021-08-01,190726,0,32843173,0
2021-08-02,333681,0,33176854,0
2021-08-03,322519,0,33499373,0
2021-08-04,310650,0,33810023,0
2021-08-05,292009,0,34102032,0
2021-08-06,259160,0,34361192,0
2021-08-07,198782,0,34559974,0
2021-08-08,153013,0,34712987,0
2021-08-09,233678,0,34946665,0
2021-08-10,204559,0,35151224,0
2021-08-11,193323,0,35344547,0
2021-08-12,167630,0,35512177,0
2021-08-13,148094,0,35660271,0
2021-08-14,65922,0,35726193,0
2021-08-15,26272,0,35752465,0
2021-08-16,114483,0,35866948,0
2021-08-17,128884,0,35995832,0
2021-08-18,128464,0,36124296,0
2021-08-19,124336,0,36248632,0
2021-08-20,123327,0,36371959,0
2021-08-21,82953,0,36454912,0
2021-08-22,68042,0,36522954,0
2021-08-23,176109,0,36699063,0
2021-08-24,156252,0,36855315,0
2021-08-25,176819,0,37032134,0
2021-08-26,172075,0,37204209,0
2021-08-27,185663,0,37389872,0
2021-08-28,139976,0,37529848,0
2021-08-29,98865,0,37628713,0
2021-08-30,209290,0,37838003,0
2021-08-31,194300,0,38032303,0
2021-09-01,191896,0,38224199,0
2021-09-02,189481,0,38413680,0
2021-09-03,190790,0,38604470,0
2021-09-04,131302,0,38735772,0
2021-09-05,87805,0,38823577,0
2021-09-06,193294,0,39016871,0
2021-09-07,195550,0,39212421,0
2021-09-08,187532,0,39399953,0
2021-09-09,201096,0,39601049,0
2021-09-10,197683,0,39798732,0
2021-09-11,141100,0,39939832,0
2021-09-12,89423,0,40029255,0
2021-09-13,190942,336,40220197,336
2021-09-14,177103,418,40397300,754
2021-09-15,162905,451,40560205,1205
2021-09-16,159571,784,40719776,1989
2021-09-17,149742,998,40869518,2987
2021-09-18,127746,653,40997264,3640
2021-09-19,80923,440,41078187,4080
2021-09-20,179365,8951,41257552,13031
2021-09-21,166188,8718,41423740,21749
2021-09-22,158490,9353,41582230,31102
2021-09-23,137362,9219,41719592,40321
2021-09-24,139756,8845,41859348,49166
2021-09-25,119221,5553,41978569,54719
2021-09-26,71722,4293,42050291,59012
2021-09-27,135138,9957,42185429,68969
2021-09-28,116881,11281,42302310,80250
2021-09-29,111877,11752,42414187,92002
2021-09-30,109787,14826,42523974,106828
2021-10-01,94430,18967,42618404,125795
2021-10-02,78150,13980,42696554,139775
2021-10-03,47482,7624,42744036,147399
2021-10-04,87928,34340,42831964,181739
2021-10-05,79964,33864,42911928,215603
2021-10-06,71468,34036,42983396,249639
2021-10-07,71364,34243,43054760,283882
2021-10-08,80170,33363,43134930,317245
2021-10-09,75736,22100,43210666,339345
2021-10-10,45585,13588,43256251,352933
2021-10-11,87022,40982,43343273,393915
2021-10-12,84097,46770,43427370,440685
2021-10-13,87766,51959,43515136,492644
2021-10-14,90882,58335,43606018,550979
2021-10-15,92952,55248,43698970,606227
2021-10-16,82579,36689,43781549,642916
2021-10-17,51198,23771,43832747,666687
2021-10-18,89883,59138,43922630,725825
2021-10-19,78018,69102,44000648,794927
2021-10-20,74769,77796,44075417,872723
2021-10-21,77957,81441,44153374,954164
2021-10-22,73515,76508,44226889,1030672
2021-10-23,60654,51837,44287543,1082509
2021-10-24,33270,23395,44320813,1105904
2021-10-25,64672,81464,44385485,1187368
2021-10-26,58102,91420,44443587,1278788
2021-10-27,58015,103578,44501602,1382366
2021-10-28,61194,113530,44562796,1495896
2021-10-29,61405,102516,44624201,1598412
2021-10-30,50525,67959,44674726,1666371
2021-10-31,25094,28229,44699820,1694600
2021-11-01,19002,28107,44718822,1722707
2021-11-02,62514,89037,44781336,1811744
2021-11-03,60450,118154,44841786,1929898
2021-11-04,58938,126210,44900724,2056108
2021-11-05,62774,134619,44963498,2190727
2021-11-06,46304,90769,45009802,2281496
2021-11-07,22186,37816,45031988,2319312
2021-11-08,51118,130695,45083106,2450007
2021-11-09,45162,143520,45128268,2593527
2021-11-10,42415,155599,45170683,2749126
2021-11-11,44685,154336,45215368,2903462
2021-11-12,46039,157853,45261407,3061315
2021-11-13,32982,116280,45294389,3177595
2021-11-14,14417,52372,45308806,3229967
2021-11-15,36619,156643,45345425,3386610
2021-11-16,30305,170745,45375730,3557355
2021-11-17,28195,177854,45403925,3735209
2021-11-18,30049,193315,45433974,3928524
2021-11-19,28516,204928,45462490,4133452
2021-11-20,20830,155981,45483320,4289433
2021-11-21,10506,64685,45493826,4354118
2021-11-22,21652,212045,45515478,4566163
2021-11-23,23285,240844,45538763,4807007
2021-11-24,27495,269963,45566258,5076970
2021-11-25,22808,300819,45589066,5377789
2021-11-26,24137,317182,45613203,5694971
2021-11-27,21040,265567,45634243,5960538
2021-11-28,9731,136788,45643974,6097326
2021-11-29,21755,324876,45665729,6422202
2021-11-30,22525,364456,45688254,6786658
2021-12-01,20896,411916,45709150,7198574
2021-12-02,23023,438831,45732173,7637405
2021-12-03,24417,465471,45756590,8102876
2021-12-04,21638,418115,45778228,8520991
2021-12-05,11388,261068,45789616,8782059
2021-12-06,24669,455961,45814285,9238020
2021-12-07,22985,478361,45837270,9716381
2021-12-08,9364,249401,45846634,9965782
2021-12-09,30129,490145,45876763,10455927
2021-12-10,26639,515824,45903402,10971751
2021-12-11,22309,458699,45925711,11430450
2021-12-12,11493,293129,45937204,11723579
2021-12-13,24667,466035,45961871,12189614
2021-12-14,23619,492778,45985490,12682392
2021-12-15,23779,515256,46009269,13197648
2021-12-16,25950,518471,46035219,13716119
2021-12-17,27601,515071,46062820,14231190
2021-12-18,25171,467985,46087991,14699175
2021-12-19,13787,300086,46101778,14999261
2021-12-20,28690,475563,46130468,15474824
2021-12-21,28415,491528,46158883,15966352
2021-12-22,27247,483196,46186130,16449548
2021-12-23,26036,425583,46212166,16875131
2021-12-24,12302,210275,46224468,17085406
2021-12-25,2032,32990,46226500,17118396
2021-12-26,7816,158913,46234316,17277309
2021-12-27,43485,503234,46277801,17780543
2021-12-28,38349,552536,46316150,18333079
2021-12-29,30162,548976,46346312,18882055
2021-12-30,27904,498152,46374216,19380207
2021-12-31,12272,246649,46386488,19626856
2022-01-01,3102,64710,46389590,19691566
2022-01-02,19558,276390,46409148,19967956
2022-01-03,42827,519419,46451975,20487375
2022-01-04,40922,571021,46492897,21058396
2022-01-05,35379,559632,46528276,21618028
2022-01-06,20443,274016,46548719,21892044
2022-01-07,58383,553634,46607102,22445678
2022-01-08,55245,502373,46662347,22948051
2022-01-09,38530,319242,46700877,23267293
2022-01-10,56710,540285,46757587,23807578
2022-01-11,56968,584986,46814555,24392564
2022-01-12,53692,578647,46868247,24971211
2022-01-13,54210,577847,46922457,25549058
2022-01-14,42486,585763,46964943,26134821
2022-01-15,34094,565838,46999037,26700659
2022-01-16,27715,339709,47026752,27040368
2022-01-17,51734,487418,47078486,27527786
2022-01-18,55409,513717,47133895,28041503
2022-01-19,54207,498282,47188102,28539785
2022-01-20,51408,493032,47239510,29032817
2022-01-21,39070,485226,47278580,29518043
2022-01-22,27351,449657,47305931,29967700
2022-01-23,33146,263632,47339077,30231332