data_somministrazione,vaccinazioni,booster,cum_vaccinazioni,cum_booster
2020-12-27,20,0,20,0
2020-12-28,2,0,22,0
2020-12-29,1,0,23,0
2020-12-30,9,0,32,0
2020-12-31,73,0,105,0
2021-01-01,24,0,129,0
2021-01-02,131,0,260,0
2021-01-03,94,0,354,0
2021-01-04,224,0,578,0
2021-01-05,263,0,841,0
2021-01-06,231,0,1072,0
2021-01-07,315,0,1387,0
2021-01-08,361,0,1748,0
2021-01-09,269,0,2017,0
2021-01-10,163,0,2180,0
2021-01-11,292,0,2472,0
2021-01-12,279,0,2751,0
2021-01-13,407,0,3158,0
2021-01-14,491,0,3649,0
2021-01-15,311,0,3960,0
2021-01-16,217,0,4177,0
2021-01-17,3062,0,7239,0
2021-01-18,5215,0,12454,0
2021-01-19,1893,0,14347,0
2021-01-20,4657,0,19004,0
2021-01-21,20009,0,39013,0
2021-01-22,14220,0,53233,0
2021-01-23,33329,0,86562,0
2021-01-24,30781,0,117343,0
2021-01-25,64718,0,182061,0
2021-01-26,76482,0,258543,0
2021-01-27,64823,0,323366,0
2021-01-28,89262,0,412628,0
2021-01-29,94011,0,506639,0
2021-01-30,86549,0,593188,0
2021-01-31,57327,0,650515,0
2021-02-01,81846,0,732361,0
2021-02-02,82138,0,814499,0
2021-02-03,91109,0,905608,0
2021-02-04,95397,0,1001005,0
2021-02-05,90268,0,1091273,0
2021-02-06,63447,0,1154720,0
2021-02-07,32933,0,1187653,0
2021-02-08,40422,0,1228075,0
2021-02-09,32874,0,1260949,0
2021-02-10,28432,0,1289381,0
2021-02-11,20403,0,1309784,0
2021-02-12,16241,0,1326025,0
2021-02-13,7275,0,1333300,0
2021-02-14,2862,0,1336162,0
2021-02-15,6845,0,1343007,0
2021-02-16,7002,0,1350009,0
2021-02-17,10526,0,1360535,0
2021-02-18,9252,0,1369787,0
2021-02-19,8252,0,1378039,0
2021-02-20,5571,0,1383610,0
2021-02-21,3007,0,1386617,0
2021-02-22,6885,0,1393502,0
2021-02-23,7181,0,1400683,0
2021-02-24,9810,0,1410493,0
2021-02-25,14210,0,1424703,0
2021-02-26,17558,0,1442261,0
2021-02-27,13916,0,1456177,0
2021-02-28,9390,0,1465567,0
2021-03-01,26517,0,1492084,0
2021-03-02,33248,0,1525332,0
2021-03-03,44647,0,1569979,0
2021-03-04,50292,0,1620271,0
2021-03-05,55736,0,1676007,0
2021-03-06,41875,0,1717882,0
2021-03-07,22326,0,1740208,0
2021-03-08,50829,0,1791037,0
2021-03-09,53084,0,1844121,0
2021-03-10,58662,0,1902783,0
2021-03-11,63874,0,1966657,0
2021-03-12,65122,0,2031779,0
2021-03-13,51728,0,2083507,0
2021-03-14,35410,0,2118917,0
2021-03-15,73451,0,2192368,0
2021-03-16,74027,0,2266395,0
2021-03-17,83135,0,2349530,0
2021-03-18,81630,0,2431160,0
2021-03-19,81086,0,2512246,0
2021-03-20,64731,0,2576977,0
2021-03-21,47307,0,2624284,0
2021-03-22,69491,0,2693775,0
2021-03-23,75808,0,2769583,0
2021-03-24,90916,0,2860499,0
2021-03-25,89818,0,2950317,0
2021-03-26,83635,0,3033952,0
2021-03-27,71948,0,3105900,0
2021-03-28,44160,0,3150060,0
2021-03-29,70840,0,3220900,0
2021-03-30,81394,0,3302294,0
2021-03-31,96249,0,3398543,0
2021-04-01,95316,0,3493859,0
2021-04-02,84080,0,3577939,0
2021-04-03,64305,0,3642244,0
2021-04-04,21723,0,3663967,0
2021-04-05,40318,0,3704285,0
2021-04-06,81328,0,3785613,0
2021-04-07,95837,0,3881450,0
2021-04-08,95252,0,3976702,0
2021-04-09,88499,0,4065201,0
2021-04-10,74032,0,4139233,0
2021-04-11,44764,0,4183997,0
2021-04-12,66922,0,4250919,0
2021-04-13,72585,0,4323504,0
2021-04-14,85550,0,4409054,0
2021-04-15,105416,0,4514470,0
2021-04-16,106420,0,4620890,0
2021-04-17,90522,0,4711412,0
2021-04-18,58596,0,4770008,0
2021-04-19,93433,0,4863441,0
2021-04-20,103773,0,4967214,0
2021-04-21,125345,0,5092559,0
2021-04-22,143520,0,5236079,0
2021-04-23,138749,0,5374828,0
2021-04-24,124452,0,5499280,0
2021-04-25,61461,0,5560741,0
2021-04-26,97900,0,5658641,0
2021-04-27,128366,0,5787007,0
2021-04-28,156384,0,5943391,0
2021-04-29,195605,0,6138996,0
2021-04-30,214595,0,6353591,0
2021-05-01,174133,0,6527724,0
2021-05-02,135806,0,6663530,0
2021-05-03,142057,0,6805587,0
2021-05-04,158703,0,6964290,0
2021-05-05,170522,0,7134812,0
2021-05-06,197820,0,7332632,0
2021-05-07,213861,0,7546493,0
2021-05-08,213436,0,7759929,0
2021-05-09,143211,0,7903140,0
2021-05-10,165090,0,8068230,0
2021-05-11,174998,0,8243228,0
2021-05-12,179205,0,8422433,0
2021-05-13,203403,0,8625836,0
2021-05-14,222934,0,8848770,0
2021-05-15,210377,0,9059147,0
2021-05-16,159283,0,9218430,0
2021-05-17,219210,0,9437640,0
2021-05-18,213028,0,9650668,0
2021-05-19,207097,0,9857765,0
2021-05-20,270883,0,10128648,0
2021-05-21,270908,0,10399556,0
2021-05-22,245530,0,10645086,0
2021-05-23,197184,0,10842270,0
2021-05-24,228308,0,11070578,0
2021-05-25,245699,0,11316277,0
2021-05-26,277511,0,11593788,0
2021-05-27,311090,0,11904878,0
2021-05-28,299580,0,12204458,0
2021-05-29,231241,0,12435699,0
2021-05-30,170845,0,12606544,0
2021-05-31,216430,0,12822974,0
2021-06-01,207636,0,13030610,0
2021-06-02,115803,0,13146413,0
2021-06-03,180162,0,13326575,0
2021-06-04,184894,0,13511469,0
2021-06-05,185977,0,13697446,0
2021-06-06,139567,0,13837013,0
2021-06-07,161885,0,13998898,0
2021-06-08,171262,0,14170160,0
2021-06-09,171504,0,14341664,0
2021-06-10,174129,0,14515793,0
2021-06-11,170002,0,14685795,0
2021-06-12,128350,0,14814145,0
2021-06-13,91214,0,14905359,0
2021-06-14,214699,0,15120058,0
2021-06-15,228439,0,15348497,0
2021-06-16,253091,0,15601588,0
2021-06-17,301753,0,15903341,0
2021-06-18,306317,0,16209658,0
2021-06-19,275099,0,16484757,0
2021-06-20,220803,0,16705560,0
2021-06-21,288077,0,16993637,0
2021-06-22,296236,0,17289873,0
2021-06-23,302690,0,17592563,0
2021-06-24,332608,0,17925171,0
2021-06-25,348722,0,18273893,0
2021-06-26,300130,0,18574023,0
2021-06-27,228677,0,18802700,0
2021-06-28,307126,0,19109826,0
2021-06-29,329313,0,19439139,0
2021-06-30,342184,0,19781323,0
2021-07-01,363230,0,20144553,0
2021-07-02,368482,0,20513035,0
2021-07-03,371099,0,20884134,0
2021-07-04,283227,0,21167361,0
2021-07-05,384555,0,21551916,0
2021-07-06,385488,0,21937404,0
2021-07-07,412127,0,22349531,0
2021-07-08,479600,0,22829131,0
2021-07-09,498481,0,23327612,0
2021-07-10,475180,0,23802792,0
2021-07-11,357700,0,24160492,0
2021-07-12,485892,0,24646384,0
2021-07-13,492092,0,25138476,0
2021-07-14,480451,0,25618927,0
2021-07-15,523437,0,26142364,0
2021-07-16,509761,0,26652125,0
2021-07-17,464332,0,27116457,0
2021-07-18,364640,0,27481097,0
2021-07-19,463048,0,27944145,0
2021-07-20,458064,0,28402209,0
2021-07-21,462794,0,28865003,0
2021-07-22,475388,0,29340391,0
2021-07-23,441329,0,29781720,0
2021-07-24,386157,0,30167877,0
2021-07-25,287563,0,30455440,0
2021-07-26,430896,0,30886336,0
2021-07-27,440127,0,31326463,0
2021-07-28,391027,0,31717490,0
2021-07-29,372080,0,32089570,0
2021-07-30,341514,0,32431084,0
2021-07-31,287034,0,32718118,0
2021-08-01,191001,0,32909119,0
2021-08-02,333703,0,33242822,0
2021-08-03,323197,0,33566019,0
2021-08-04,310982,0,33877001,0
2021-08-05,292496,0,34169497,0
2021-08-06,260022,0,34429519,0
2021-08-07,199057,0,34628576,0
2021-08-08,153107,0,34781683,0
2021-08-09,234079,0,35015762,0
2021-08-10,205263,0,35221025,0
2021-08-11,193781,0,35414806,0
2021-08-12,168049,0,35582855,0
2021-08-13,148647,0,35731502,0
2021-08-14,66096,0,35797598,0
2021-08-15,26339,0,35823937,0
2021-08-16,114708,0,35938645,0
2021-08-17,129257,0,36067902,0
2021-08-18,128760,0,36196662,0
2021-08-19,124835,0,36321497,0
2021-08-20,123798,0,36445295,0
2021-08-21,83134,0,36528429,0
2021-08-22,68178,0,36596607,0
2021-08-23,176867,0,36773474,0
2021-08-24,156895,0,36930369,0
2021-08-25,177174,0,37107543,0
2021-08-26,172364,0,37279907,0
2021-08-27,185836,0,37465743,0
2021-08-28,140284,0,37606027,0
2021-08-29,98990,0,37705017,0
2021-08-30,209596,0,37914613,0
2021-08-31,194642,0,38109255,0
2021-09-01,192208,0,38301463,0
2021-09-02,189935,0,38491398,0
2021-09-03,191292,0,38682690,0
2021-09-04,131458,0,38814148,0
2021-09-05,87857,0,38902005,0
2021-09-06,193618,0,39095623,0
2021-09-07,196035,0,39291658,0
2021-09-08,187879,0,39479537,0
2021-09-09,201438,0,39680975,0
2021-09-10,198069,0,39879044,0
2021-09-11,141293,0,40020337,0
2021-09-12,89594,0,40109931,0
2021-09-13,191117,620,40301048,620
2021-09-14,177226,626,40478274,1246
2021-09-15,163087,635,40641361,1881
2021-09-16,160065,974,40801426,2855
2021-09-17,150167,1153,40951593,4008
2021-09-18,127980,764,41079573,4772
2021-09-19,81140,504,41160713,5276
2021-09-20,180067,9114,41340780,14390
2021-09-21,166664,8849,41507444,23239
2021-09-22,159099,9454,41666543,32693
2021-09-23,138087,9348,41804630,42041
2021-09-24,140551,8994,41945181,51035
2021-09-25,119564,5659,42064745,56694
2021-09-26,71981,4357,42136726,61051
2021-09-27,135665,10070,42272391,71121
2021-09-28,117511,11415,42389902,82536
2021-09-29,112362,11846,42502264,94382
2021-09-30,110273,14974,42612537,109356
2021-10-01,94994,19130,42707531,128486
2021-10-02,78512,14037,42786043,142523
2021-10-03,47754,7667,42833797,150190
2021-10-04,88387,34473,42922184,184663
2021-10-05,80382,34008,43002566,218671
2021-10-06,72003,34193,43074569,252864
2021-10-07,71875,34366,43146444,287230
2021-10-08,80631,33618,43227075,320848
2021-10-09,76109,22189,43303184,343037
2021-10-10,45782,13628,43348966,356665
2021-10-11,87448,41122,43436414,397787
2021-10-12,84515,46925,43520929,444712
2021-10-13,88209,52147,43609138,496859
2021-10-14,91549,58543,43700687,555402
2021-10-15,93596,55666,43794283,611068
2021-10-16,82972,36814,43877255,647882
2021-10-17,51461,23851,43928716,671733
2021-10-18,90304,59507,44019020,731240
2021-10-19,78351,69397,44097371,800637
2021-10-20,75069,78197,44172440,878834
2021-10-21,78303,81796,44250743,960630
2021-10-22,73779,77065,44324522,1037695
2021-10-23,60833,51970,44385355,1089665
2021-10-24,33371,23474,44418726,1113139
2021-10-25,64903,81655,44483629,1194794
2021-10-26,58373,91827,44542002,1286621
2021-10-27,58323,104020,44600325,1390641
2021-10-28,61452,114147,44661777,1504788
2021-10-29,61640,103168,44723417,1607956
2021-10-30,50678,68133,44774095,1676089
2021-10-31,25163,28305,44799258,1704394
2021-11-01,19048,28157,44818306,1732551
2021-11-02,62742,89427,44881048,1821978
2021-11-03,60723,118690,44941771,1940668
2021-11-04,59242,126690,45001013,2067358
2021-11-05,63093,135215,45064106,2202573
2021-11-06,46483,90936,45110589,2293509
2021-11-07,22252,37902,45132841,2331411
2021-11-08,51528,131293,45184369,2462704
2021-11-09,45401,144231,45229770,2606935
2021-11-10,42589,156370,45272359,2763305
2021-11-11,44931,155161,45317290,2918466
2021-11-12,46314,158668,45363604,3077134
2021-11-13,33265,116670,45396869,3193804
2021-11-14,14492,52457,45411361,3246261
2021-11-15,36908,157441,45448269,3403702
2021-11-16,30563,171400,45478832,3575102
2021-11-17,28469,178455,45507301,3753557
2021-11-18,30292,193756,45537593,3947313
2021-11-19,28813,205878,45566406,4153191
2021-11-20,21003,156458,45587409,4309649
2021-11-21,10612,64867,45598021,4374516
2021-11-22,21951,213161,45619972,4587677
2021-11-23,23592,241780,45643564,4829457
2021-11-24,27796,271036,45671360,5100493
2021-11-25,23260,301925,45694620,5402418
2021-11-26,24592,318297,45719212,5720715
2021-11-27,21398,266166,45740610,5986881
2021-11-28,9905,137066,45750515,6123947
2021-11-29,22357,326077,45772872,6450024
2021-11-30,23111,365858,45795983,6815882
2021-12-01,21543,413523,45817526,7229405
2021-12-02,23778,440431,45841304,7669836
2021-12-03,25268,467516,45866572,8137352
2021-12-04,22386,418792,45888958,8556144
2021-12-05,11941,261362,45900899,8817506
2021-12-06,25834,457621,45926733,9275127
2021-12-07,24154,480295,45950887,9755422
2021-12-08,10023,249715,45960910,10005137
2021-12-09,31611,491954,45992521,10497091
2021-12-10,28091,517920,46020612,11015011
2021-12-11,23583,459267,46044195,11474278
2021-12-12,12315,293523,46056510,11767801
2021-12-13,26172,467646,46082682,12235447
2021-12-14,25195,494231,46107877,12729678
2021-12-15,25361,517187,46133238,13246865
2021-12-16,27916,520293,46161154,13767158
2021-12-17,29384,517206,46190538,14284364
2021-12-18,27090,468772,46217628,14753136
2021-12-19,15165,300539,46232793,15053675
2021-12-20,30660,477500,46263453,15531175
2021-12-21,30405,493420,46293858,16024595
2021-12-22,29475,484746,46323333,16509341
2021-12-23,28279,426938,46351612,16936279
2021-12-24,13124,210837,46364736,17147116
2021-12-25,2103,33053,46366839,17180169
2021-12-26,8770,159076,46375609,17339245
2021-12-27,46832,504684,46422441,17843929
2021-12-28,42494,554243,46464935,18398172
2021-12-29,34384,550669,46499319,18948841
2021-12-30,31873,499856,46531192,19448697
2021-12-31,14136,247405,46545328,19696102
2022-01-01,3498,64815,46548826,19760917
2022-01-02,22807,276722,46571633,20037639
2022-01-03,47909,520029,46619542,20557668
2022-01-04,46436,572101,46665978,21129769
2022-01-05,40803,560411,46706781,21690180
2022-01-06,23520,274489,46730301,21964669
2022-01-07,63768,554215,46794069,22518884
2022-01-08,60935,503407,46855004,23022291
2022-01-09,42923,319697,46897927,23341988
2022-01-10,61141,542318,46959068,23884306
2022-01-11,61802,587034,47020870,24471340
2022-01-12,58518,581303,47079388,25052643
2022-01-13,58677,580423,47138065,25633066
2022-01-14,46891,588603,47184956,26221669
2022-01-15,39496,569973,47224452,26791642
2022-01-16,31286,341887,47255738,27133529
2022-01-17,54826,489681,47310564,27623210
2022-01-18,58444,517045,47369008,28140255
2022-01-19,57248,502813,47426256,28643068
2022-01-20,54389,498850,47480645,29141918
2022-01-21,42142,493890,47522787,29635808
2022-01-22,31251,469611,47554038,30105419
2022-01-23,34966,275384,47589004,30380803
2022-01-24,56208,437238,47645212,30818041
2022-01-25,61582,452125,47706794,31270166
2022-01-26,58566,435842,47765360,31706008
2022-01-27,48870,432394,47814230,32138402
2022-01-28,58733,436552,47872963,32574954
2022-01-29,68161,412505,47941124,32987459
2022-01-30,50396,235982,47991520,33223441
2022-01-31,60666,356939,48052186,33580380
2022-02-01,65586,328458,48117772,33908838
2022-02-02,63232,296985,48181004,34205823
2022-02-03,60077,274525,48241081,34480348
2022-02-04,72394,268468,48313475,34748816
2022-02-05,83808,248543,48397283,34997359
2022-02-06,55300,116207,48452583,35113566
2022-02-07,65166,199942,48517749,35313508
2022-02-08,66942,186119,48584691,35499627
2022-02-09,58769,166340,48643460,35665967
2022-02-10,58594,163241,48702054,35829208
2022-02-11,62267,162467,48764321,35991675
2022-02-12,71997,152149,48836318,36143824
2022-02-13,41475,68853,48877793,36212677
2022-02-14,46702,116188,48924495,36328865
2022-02-15,48547,123479,48973042,36452344
2022-02-16,45683,106122,49018725,36558466
2022-02-17,42871,98113,49061596,36656579
2022-02-18,46629,112579,49108225,36769158
2022-02-19,52543,100337,49160768,36869495
2022-02-20,31411,40366,49192179,36909861
2022-02-21,37894,89655,49230073,36999516
2022-02-22,37225,83778,49267298,37083294
2022-02-23,33398,79408,49300696,37162702
2022-02-24,32559,78161,49333255,37240863
2022-02-25,34766,90710,49368021,37331573
2022-02-26,39159,89135,49407180,37420708
2022-02-27,22546,35857,49429726,37456565
2022-02-28,28482,81693,49458208,37538258
2022-03-01,22723,53942,49480931,37592200
2022-03-02,21956,50683,49502887,37642883
2022-03-03,22623,54947,49525510,37697830
2022-03-04,23236,62800,49548746,37760630
2022-03-05,23800,57951,49572546,37818581
2022-03-06,9471,17201,49582017,37835782
2022-03-07,15919,51390,49597936,37887172
2022-03-08,15480,48796,49613416,37935968
2022-03-09,13813,46519,49627229,37982487
2022-03-10,14052,52120,49641281,38034607
2022-03-11,15586,57267,49656867,38091874
2022-03-12,15507,56620,49672374,38148494
2022-03-13,5544,16851,49677918,38165345
2022-03-14,10526,46700,49688444,38212045
2022-03-15,10548,46894,49698992,38258939
2022-03-16,9481,41974,49708473,38300913
2022-03-17,9718,44874,49718191,38345787
2022-03-18,10158,49056,49728349,38394843
2022-03-19,9151,46534,49737500,38441377
2022-03-20,2609,11702,49740109,38453079
2022-03-21,7580,40222,49747689,38493301
2022-03-22,8447,37759,49756136,38531060
2022-03-23,7215,33700,49763351,38564760
2022-03-24,8258,38806,49771609,38603566
2022-03-25,8141,43667,49779750,38647233
2022-03-26,8127,41721,49787877,38688954
2022-03-27,2431,9682,49790308,38698636
2022-03-28,6109,35240,49796417,38733876
2022-03-29,5778,32530,49802195,38766406
2022-03-30,5566,30205,49807761,38796611
2022-03-31,5898,33182,49813659,38829793
2022-04-01,4348,25190,49818007,38854983
2022-04-02,4495,23274,49822502,38878257
2022-04-03,1049,4500,49823551,38882757
2022-04-04,3657,21544,49827208,38904301
2022-04-05,3756,22932,49830964,38927233
2022-04-06,4103,21853,49835067,38949086
2022-04-07,3968,23320,49839035,38972406
2022-04-08,4692,26713,49843727,38999119
2022-04-09,4382,23886,49848109,39023005
2022-04-10,892,4613,49849001,39027618
2022-04-11,3816,22688,49852817,39050306
2022-04-12,3365,21778,49856182,39072084
2022-04-13,3568,21335,49859750,39093419
2022-04-14,3485,23786,49863235,39117205
2022-04-15,3084,20618,49866319,39137823
2022-04-16,2149,11918,49868468,39149741
2022-04-17,63,348,49868531,39150089
2022-04-18,152,650,49868683,39150739
2022-04-19,3499,21979,49872182,39172718
2022-04-20,3511,20251,49875693,39192969
2022-04-21,2847,19790,49878540,39212759
2022-04-22,2927,20703,49881467,39233462
2022-04-23,2645,16219,49884112,39249681
2022-04-24,509,2334,49884621,39252015
2022-04-25,183,1165,49884804,39253180
2022-04-26,2759,17807,49887563,39270987
2022-04-27,2374,15793,49889937,39286780
2022-04-28,2359,15560,49892296,39302340
2022-04-29,2295,14847,49894591,39317187
2022-04-30,2122,11581,49896713,39328768
2022-05-01,113,531,49896826,39329299
2022-05-02,1451,9391,49898277,39338690
2022-05-03,1576,10318,49899853,39349008
2022-05-04,1745,10268,49901598,39359276
2022-05-05,1653,10284,49903251,39369560
2022-05-06,1701,10958,49904952,39380518
2022-05-07,1431,8568,49906383,39389086
2022-05-08,416,1521,49906799,39390607
2022-05-09,1027,8929,49907826,39399536
2022-05-10,1424,9548,49909250,39409084
2022-05-11,1484,10098,49910734,39419182
2022-05-12,1368,10131,49912102,39429313
2022-05-13,1594,10518,49913696,39439831
2022-05-14,1357,8236,49915053,39448067
2022-05-15,336,1131,49915389,39449198
2022-05-16,813,8405,49916202,39457603
2022-05-17,1243,8697,49917445,39466300
2022-05-18,1372,9232,49918817,39475532
2022-05-19,1500,9277,49920317,39484809
2022-05-20,1421,9527,49921738,39494336
2022-05-21,1300,7900,49923038,39502236
2022-05-22,231,1013,49923269,39503249
2022-05-23,830,8267,49924099,39511516
2022-05-24,1073,8672,49925172,39520188
2022-05-25,1370,9460,49926542,39529648
2022-05-26,1195,9476,49927737,39539124
2022-05-27,1232,9914,49928969,39549038
2022-05-28,1205,7886,49930174,39556924
2022-05-29,288,1264,49930462,39558188
2022-05-30,930,8055,49931392,39566243
2022-05-31,1036,8547,49932428,39574790
2022-06-01,891,7655,49933319,39582445
2022-06-02,35,474,49933354,39582919
2022-06-03,818,7333,49934172,39590252
2022-06-04,870,5161,49935042,39595413
2022-06-05,89,586,49935131,39595999
2022-06-06,678,6993,49935809,39602992
2022-06-07,952,7849,49936761,39610841
2022-06-08,980,7908,49937741,39618749
2022-06-09,1037,8414,49938778,39627163
2022-06-10,958,8564,49939736,39635727
2022-06-11,903,6207,49940639,39641934
2022-06-12,140,768,49940779,39642702
2022-06-13,602,6301,49941381,39649003
2022-06-14,830,7899,49942211,39656902
2022-06-15,955,7853,49943166,39664755
2022-06-16,730,7393,49943896,39672148
2022-06-17,723,7243,49944619,39679391
2022-06-18,777,5593,49945396,39684984
2022-06-19,48,522,49945444,39685506
2022-06-20,587,6699,49946031,39692205
2022-06-21,736,7665,49946767,39699870
2022-06-22,781,7308,49947548,39707178
2022-06-23,652,7468,49948200,39714646
2022-06-24,644,7473,49948844,39722119
2022-06-25,835,6535,49949679,39728654
2022-06-26,128,523,49949807,39729177
2022-06-27,533,7124,49950340,39736301
2022-06-28,746,8207,49951086,39744508
2022-06-29,756,7731,49951842,39752239
2022-06-30,745,8144,49952587,39760383
2022-07-01,577,6443,49953164,39766826
2022-07-02,536,4770,49953700,39771596
2022-07-03,49,456,49953749,39772052
2022-07-04,469,6276,49954218,39778328
2022-07-05,629,8118,49954847,39786446
2022-07-06,633,7610,49955480,39794056
2022-07-07,572,8271,49956052,39802327
2022-07-08,672,8082,49956724,39810409
2022-07-09,550,6104,49957274,39816513
2022-07-10,58,533,49957332,39817046
2022-07-11,487,7638,49957819,39824684
2022-07-12,667,9028,49958486,39833712
2022-07-13,641,10067,49959127,39843779
2022-07-14,636,10224,49959763,39854003
2022-07-15,625,10666,49960388,39864669
2022-07-16,522,7214,49960910,39871883
2022-07-17,48,770,49960958,39872653
2022-07-18,497,9368,49961455,39882021
2022-07-19,574,10682,49962029,39892703
2022-07-20,580,11272,49962609,39903975
2022-07-21,627,12087,49963236,39916062
2022-07-22,583,11257,49963819,39927319
2022-07-23,380,6771,49964199,39934090
2022-07-24,76,857,49964275,39934947
2022-07-25,503,9051,49964778,39943998
2022-07-26,519,9758,49965297,39953756
2022-07-27,552,10200,49965849,39963956
2022-07-28,530,10535,49966379,39974491
2022-07-29,511,9464,49966890,39983955
2022-07-30,382,5881,49967272,39989836
2022-07-31,49,764,49967321,39990600
2022-08-01,386,6864,49967707,39997464
2022-08-02,541,7584,49968248,40005048
2022-08-03,512,7175,49968760,40012223
2022-08-04,455,7489,49969215,40019712
2022-08-05,420,6525,49969635,40026237
2022-08-06,299,3612,49969934,40029849
2022-08-07,44,561,49969978,40030410
2022-08-08,402,4893,49970380,40035303
2022-08-09,381,5307,49970761,40040610
2022-08-10,381,4815,49971142,40045425
2022-08-11,366,4778,49971508,40050203
2022-08-12,292,3721,49971800,40053924
2022-08-13,143,1600,49971943,40055524
2022-08-14,9,129,49971952,40055653
2022-08-15,1,26,49971953,40055679
2022-08-16,284,3043,49972237,40058722
2022-08-17,352,3536,49972589,40062258
2022-08-18,391,4160,49972980,40066418
2022-08-19,341,3320,49973321,40069738
2022-08-20,183,1715,49973504,40071453
2022-08-21,24,149,49973528,40071602
2022-08-22,329,2951,49973857,40074553
2022-08-23,370,3674,49974227,40078227
2022-08-24,383,3359,49974610,40081586
2022-08-25,421,3772,49975031,40085358
2022-08-26,400,3571,49975431,40088929
2022-08-27,237,1769,49975668,40090698
2022-08-28,29,267,49975697,40090965
2022-08-29,354,3161,49976051,40094126
2022-08-30,403,3671,49976454,40097797
2022-08-31,437,3734,49976891,40101531
2022-09-01,353,3117,49977244,40104648
2022-09-02,296,2890,49977540,40107538
2022-09-03,200,1688,49977740,40109226
2022-09-04,23,149,49977763,40109375
2022-09-05,187,2655,49977950,40112030
2022-09-06,303,2986,49978253,40115016
2022-09-07,540,2936,49978793,40117952
2022-09-08,291,2961,49979084,40120913
2022-09-09,305,2884,49979389,40123797
2022-09-10,227,1326,49979616,40125123
2022-09-11,23,124,49979639,40125247
2022-09-12,267,2263,49979906,40127510
2022-09-13,252,2274,49980158,40129784
2022-09-14,265,2564,49980423,40132348
2022-09-15,280,2493,49980703,40134841
2022-09-16,253,2545,49980956,40137386
2022-09-17,239,1339,49981195,40138725
2022-09-18,20,170,49981215,40138895
2022-09-19,205,1968,49981420,40140863
2022-09-20,236,2384,49981656,40143247
2022-09-21,289,2526,49981945,40145773
2022-09-22,263,2651,49982208,40148424
2022-09-23,258,2536,49982466,40150960
2022-09-24,193,1427,49982659,40152387
2022-09-25,29,133,49982688,40152520
2022-09-26,280,2247,49982968,40154767
2022-09-27,287,2671,49983255,40157438
2022-09-28,309,2895,49983564,40160333
2022-09-29,256,3043,49983820,40163376
2022-09-30,290,2973,49984110,40166349
2022-10-01,194,1514,49984304,40167863
2022-10-02,12,187,49984316,40168050
2022-10-03,182,2473,49984498,40170523
2022-10-04,235,2858,49984733,40173381
2022-10-05,226,3218,49984959,40176599
2022-10-06,242,3841,49985201,40180440
2022-10-07,282,4161,49985483,40184601
2022-10-08,202,2235,49985685,40186836
2022-10-09,8,304,49985693,40187140
2022-10-10,206,3326,49985899,40190466
2022-10-11,191,4343,49986090,40194809
2022-10-12,209,4404,49986299,40199213
2022-10-13,200,5284,49986499,40204497
2022-10-14,229,5016,49986728,40209513
2022-10-15,188,2669,49986916,40212182
2022-10-16,6,360,49986922,40212542
2022-10-17,186,3856,49987108,40216398
2022-10-18,256,4948,49987364,40221346
2022-10-19,240,5455,49987604,40226801
2022-10-20,222,5971,49987826,40232772
2022-10-21,250,5454,49988076,40238226
2022-10-22,193,2907,49988269,40241133
2022-10-23,13,356,49988282,40241489
2022-10-24,171,3910,49988453,40245399
2022-10-25,252,4900,49988705,40250299
2022-10-26,340,5460,49989045,40255759
2022-10-27,240,5610,49989285,40261369
2022-10-28,198,5216,49989483,40266585
2022-10-29,127,2831,49989610,40269416
2022-10-30,3,326,49989613,40269742
2022-10-31,115,3006,49989728,40272748
2022-11-01,10,327,49989738,40273075
2022-11-02,143,3671,49989881,40276746
2022-11-03,169,4735,49990050,40281481
2022-11-04,217,4528,49990267,40286009
2022-11-05,142,2572,49990409,40288581
2022-11-06,10,257,49990419,40288838
2022-11-07,159,3177,49990578,40292015
2022-11-08,256,4160,49990834,40296175
2022-11-09,188,4214,49991022,40300389
2022-11-10,174,4429,49991196,40304818
2022-11-11,180,4061,49991376,40308879
2022-11-12,153,2307,49991529,40311186
2022-11-13,7,327,49991536,40311513
2022-11-14,101,1485,49991637,40312998