data_somministrazione,vaccinazioni,booster,cum_vaccinazioni,cum_booster
2020-12-27,20,0,20,0
2020-12-28,2,0,22,0
2020-12-29,1,0,23,0
2020-12-30,9,0,32,0
2020-12-31,79,0,111,0
2021-01-01,26,0,137,0
2021-01-02,145,0,282,0
2021-01-03,110,0,392,0
2021-01-04,241,0,633,0
2021-01-05,283,0,916,0
2021-01-06,254,0,1170,0
2021-01-07,326,0,1496,0
2021-01-08,381,0,1877,0
2021-01-09,283,0,2160,0
2021-01-10,166,0,2326,0
2021-01-11,310,0,2636,0
2021-01-12,285,0,2921,0
2021-01-13,418,0,3339,0
2021-01-14,505,0,3844,0
2021-01-15,320,0,4164,0
2021-01-16,224,0,4388,0
2021-01-17,3065,0,7453,0
2021-01-18,5220,0,12673,0
2021-01-19,1896,0,14569,0
2021-01-20,4659,0,19228,0
2021-01-21,20004,0,39232,0
2021-01-22,14220,0,53452,0
2021-01-23,33321,0,86773,0
2021-01-24,30773,0,117546,0
2021-01-25,64702,0,182248,0
2021-01-26,76462,0,258710,0
2021-01-27,64808,0,323518,0
2021-01-28,89252,0,412770,0
2021-01-29,93993,0,506763,0
2021-01-30,86544,0,593307,0
2021-01-31,57326,0,650633,0
2021-02-01,81834,0,732467,0
2021-02-02,82133,0,814600,0
2021-02-03,91106,0,905706,0
2021-02-04,95383,0,1001089,0
2021-02-05,90267,0,1091356,0
2021-02-06,63450,0,1154806,0
2021-02-07,32934,0,1187740,0
2021-02-08,40422,0,1228162,0
2021-02-09,32881,0,1261043,0
2021-02-10,28437,0,1289480,0
2021-02-11,20406,0,1309886,0
2021-02-12,16251,0,1326137,0
2021-02-13,7279,0,1333416,0
2021-02-14,2862,0,1336278,0
2021-02-15,6847,0,1343125,0
2021-02-16,7004,0,1350129,0
2021-02-17,10527,0,1360656,0
2021-02-18,9257,0,1369913,0
2021-02-19,8258,0,1378171,0
2021-02-20,5581,0,1383752,0
2021-02-21,3015,0,1386767,0
2021-02-22,6883,0,1393650,0
2021-02-23,7188,0,1400838,0
2021-02-24,9815,0,1410653,0
2021-02-25,14213,0,1424866,0
2021-02-26,17561,0,1442427,0
2021-02-27,13920,0,1456347,0
2021-02-28,9398,0,1465745,0
2021-03-01,26528,0,1492273,0
2021-03-02,33247,0,1525520,0
2021-03-03,44650,0,1570170,0
2021-03-04,50301,0,1620471,0
2021-03-05,55745,0,1676216,0
2021-03-06,41884,0,1718100,0
2021-03-07,22332,0,1740432,0
2021-03-08,50840,0,1791272,0
2021-03-09,53097,0,1844369,0
2021-03-10,58696,0,1903065,0
2021-03-11,63890,0,1966955,0
2021-03-12,65137,0,2032092,0
2021-03-13,51730,0,2083822,0
2021-03-14,35423,0,2119245,0
2021-03-15,73463,0,2192708,0
2021-03-16,74032,0,2266740,0
2021-03-17,83143,0,2349883,0
2021-03-18,81632,0,2431515,0
2021-03-19,81090,0,2512605,0
2021-03-20,64740,0,2577345,0
2021-03-21,47309,0,2624654,0
2021-03-22,69504,0,2694158,0
2021-03-23,75819,0,2769977,0
2021-03-24,90932,0,2860909,0
2021-03-25,89828,0,2950737,0
2021-03-26,83641,0,3034378,0
2021-03-27,71961,0,3106339,0
2021-03-28,44186,0,3150525,0
2021-03-29,70848,0,3221373,0
2021-03-30,81415,0,3302788,0
2021-03-31,96264,0,3399052,0
2021-04-01,95338,0,3494390,0
2021-04-02,84091,0,3578481,0
2021-04-03,64311,0,3642792,0
2021-04-04,21725,0,3664517,0
2021-04-05,40320,0,3704837,0
2021-04-06,81342,0,3786179,0
2021-04-07,95844,0,3882023,0
2021-04-08,95262,0,3977285,0
2021-04-09,88505,0,4065790,0
2021-04-10,74035,0,4139825,0
2021-04-11,44774,0,4184599,0
2021-04-12,66928,0,4251527,0
2021-04-13,72600,0,4324127,0
2021-04-14,85559,0,4409686,0
2021-04-15,105429,0,4515115,0
2021-04-16,106434,0,4621549,0
2021-04-17,90528,0,4712077,0
2021-04-18,58598,0,4770675,0
2021-04-19,93442,0,4864117,0
2021-04-20,103780,0,4967897,0
2021-04-21,125344,0,5093241,0
2021-04-22,143536,0,5236777,0
2021-04-23,138758,0,5375535,0
2021-04-24,124454,0,5499989,0
2021-04-25,61472,0,5561461,0
2021-04-26,97915,0,5659376,0
2021-04-27,128378,0,5787754,0
2021-04-28,156401,0,5944155,0
2021-04-29,195622,0,6139777,0
2021-04-30,214617,0,6354394,0
2021-05-01,174147,0,6528541,0
2021-05-02,135814,0,6664355,0
2021-05-03,142073,0,6806428,0
2021-05-04,158715,0,6965143,0
2021-05-05,170551,0,7135694,0
2021-05-06,197833,0,7333527,0
2021-05-07,213879,0,7547406,0
2021-05-08,213447,0,7760853,0
2021-05-09,143219,0,7904072,0
2021-05-10,165108,0,8069180,0
2021-05-11,175014,0,8244194,0
2021-05-12,179231,0,8423425,0
2021-05-13,203426,0,8626851,0
2021-05-14,222949,0,8849800,0
2021-05-15,210399,0,9060199,0
2021-05-16,159288,0,9219487,0
2021-05-17,219224,0,9438711,0
2021-05-18,213036,0,9651747,0
2021-05-19,207107,0,9858854,0
2021-05-20,270899,0,10129753,0
2021-05-21,270917,0,10400670,0
2021-05-22,245548,0,10646218,0
2021-05-23,197194,0,10843412,0
2021-05-24,228313,0,11071725,0
2021-05-25,245702,0,11317427,0
2021-05-26,277574,0,11595001,0
2021-05-27,311107,0,11906108,0
2021-05-28,299592,0,12205700,0
2021-05-29,231256,0,12436956,0
2021-05-30,170856,0,12607812,0
2021-05-31,216442,0,12824254,0
2021-06-01,207641,0,13031895,0
2021-06-02,115808,0,13147703,0
2021-06-03,180178,0,13327881,0
2021-06-04,184929,0,13512810,0
2021-06-05,186007,0,13698817,0
2021-06-06,139597,0,13838414,0
2021-06-07,161911,0,14000325,0
2021-06-08,171295,0,14171620,0
2021-06-09,171529,0,14343149,0
2021-06-10,174170,0,14517319,0
2021-06-11,170041,0,14687360,0
2021-06-12,128406,0,14815766,0
2021-06-13,91237,0,14907003,0
2021-06-14,214712,0,15121715,0
2021-06-15,228467,0,15350182,0
2021-06-16,253120,0,15603302,0
2021-06-17,301791,0,15905093,0
2021-06-18,306337,0,16211430,0
2021-06-19,275121,0,16486551,0
2021-06-20,220827,0,16707378,0
2021-06-21,288108,0,16995486,0
2021-06-22,296257,0,17291743,0
2021-06-23,302712,0,17594455,0
2021-06-24,332626,0,17927081,0
2021-06-25,348745,0,18275826,0
2021-06-26,300152,0,18575978,0
2021-06-27,228703,0,18804681,0
2021-06-28,307160,0,19111841,0
2021-06-29,329342,0,19441183,0
2021-06-30,342233,0,19783416,0
2021-07-01,363252,0,20146668,0
2021-07-02,368514,0,20515182,0
2021-07-03,371107,0,20886289,0
2021-07-04,283242,0,21169531,0
2021-07-05,384568,0,21554099,0
2021-07-06,385496,0,21939595,0
2021-07-07,412140,0,22351735,0
2021-07-08,479594,0,22831329,0
2021-07-09,498467,0,23329796,0
2021-07-10,475177,0,23804973,0
2021-07-11,357694,0,24162667,0
2021-07-12,485875,0,24648542,0
2021-07-13,492074,0,25140616,0
2021-07-14,480433,0,25621049,0
2021-07-15,523416,0,26144465,0
2021-07-16,509752,0,26654217,0
2021-07-17,464325,0,27118542,0
2021-07-18,364632,0,27483174,0
2021-07-19,463033,0,27946207,0
2021-07-20,458044,0,28404251,0
2021-07-21,462788,0,28867039,0
2021-07-22,475373,0,29342412,0
2021-07-23,441328,0,29783740,0
2021-07-24,386151,0,30169891,0
2021-07-25,287550,0,30457441,0
2021-07-26,430888,0,30888329,0
2021-07-27,440111,0,31328440,0
2021-07-28,391016,0,31719456,0
2021-07-29,372077,0,32091533,0
2021-07-30,341521,0,32433054,0
2021-07-31,287051,0,32720105,0
2021-08-01,190995,0,32911100,0
2021-08-02,333705,0,33244805,0
2021-08-03,323191,0,33567996,0
2021-08-04,310997,0,33878993,0
2021-08-05,292480,0,34171473,0
2021-08-06,260041,0,34431514,0
2021-08-07,199066,0,34630580,0
2021-08-08,153107,0,34783687,0
2021-08-09,234086,0,35017773,0
2021-08-10,205288,0,35223061,0
2021-08-11,193794,0,35416855,0
2021-08-12,168068,0,35584923,0
2021-08-13,148675,0,35733598,0
2021-08-14,66103,0,35799701,0
2021-08-15,26344,0,35826045,0
2021-08-16,114716,0,35940761,0
2021-08-17,129255,0,36070016,0
2021-08-18,128766,0,36198782,0
2021-08-19,124859,0,36323641,0
2021-08-20,123799,0,36447440,0
2021-08-21,83133,0,36530573,0
2021-08-22,68180,0,36598753,0
2021-08-23,176875,0,36775628,0
2021-08-24,156892,0,36932520,0
2021-08-25,177168,0,37109688,0
2021-08-26,172352,0,37282040,0
2021-08-27,185832,0,37467872,0
2021-08-28,140292,0,37608164,0
2021-08-29,98994,0,37707158,0
2021-08-30,209585,0,37916743,0
2021-08-31,194640,0,38111383,0
2021-09-01,192217,0,38303600,0
2021-09-02,189925,0,38493525,0
2021-09-03,191282,0,38684807,0
2021-09-04,131441,0,38816248,0
2021-09-05,87842,0,38904090,0
2021-09-06,193602,0,39097692,0
2021-09-07,196037,0,39293729,0
2021-09-08,187858,0,39481587,0
2021-09-09,201417,0,39683004,0
2021-09-10,198055,0,39881059,0
2021-09-11,141286,0,40022345,0
2021-09-12,89592,0,40111937,0
2021-09-13,191105,651,40303042,651
2021-09-14,177212,652,40480254,1303
2021-09-15,163077,654,40643331,1957
2021-09-16,160043,1005,40803374,2962
2021-09-17,150152,1172,40953526,4134
2021-09-18,127979,782,41081505,4916
2021-09-19,81144,509,41162649,5425
2021-09-20,180062,9133,41342711,14558
2021-09-21,166671,8862,41509382,23420
2021-09-22,159114,9465,41668496,32885
2021-09-23,138108,9357,41806604,42242
2021-09-24,140549,9019,41947153,51261
2021-09-25,119561,5674,42066714,56935
2021-09-26,71991,4367,42138705,61302
2021-09-27,135671,10084,42274376,71386
2021-09-28,117517,11430,42391893,82816
2021-09-29,112377,11851,42504270,94667
2021-09-30,110291,14982,42614561,109649
2021-10-01,95002,19144,42709563,128793
2021-10-02,78522,14045,42788085,142838
2021-10-03,47758,7671,42835843,150509
2021-10-04,88390,34487,42924233,184996
2021-10-05,80380,34022,43004613,219018
2021-10-06,72008,34214,43076621,253232
2021-10-07,71881,34379,43148502,287611
2021-10-08,80643,33623,43229145,321234
2021-10-09,76117,22198,43305262,343432
2021-10-10,45791,13632,43351053,357064
2021-10-11,87447,41134,43438500,398198
2021-10-12,84517,46936,43523017,445134
2021-10-13,88221,52168,43611238,497302
2021-10-14,91555,58561,43702793,555863
2021-10-15,93597,55681,43796390,611544
2021-10-16,82976,36828,43879366,648372
2021-10-17,51462,23861,43930828,672233
2021-10-18,90302,59522,44021130,731755
2021-10-19,78358,69417,44099488,801172
2021-10-20,75062,78212,44174550,879384
2021-10-21,78286,81820,44252836,961204
2021-10-22,73767,77085,44326603,1038289
2021-10-23,60839,51974,44387442,1090263
2021-10-24,33370,23480,44420812,1113743
2021-10-25,64895,81670,44485707,1195413
2021-10-26,58376,91838,44544083,1287251
2021-10-27,58318,104041,44602401,1391292
2021-10-28,61444,114162,44663845,1505454
2021-10-29,61631,103190,44725476,1608644
2021-10-30,50676,68154,44776152,1676798
2021-10-31,25161,28312,44801313,1705110
2021-11-01,19050,28159,44820363,1733269
2021-11-02,62737,89443,44883100,1822712
2021-11-03,60718,118703,44943818,1941415
2021-11-04,59238,126706,45003056,2068121
2021-11-05,63092,135230,45066148,2203351
2021-11-06,46492,90942,45112640,2294293
2021-11-07,22247,37907,45134887,2332200
2021-11-08,51526,131296,45186413,2463496
2021-11-09,45401,144238,45231814,2607734
2021-11-10,42593,156376,45274407,2764110
2021-11-11,44927,155176,45319334,2919286
2021-11-12,46295,158709,45365629,3077995
2021-11-13,33272,116683,45398901,3194678
2021-11-14,14491,52461,45413392,3247139
2021-11-15,36910,157445,45450302,3404584
2021-11-16,30569,171413,45480871,3575997
2021-11-17,28468,178469,45509339,3754466
2021-11-18,30294,193768,45539633,3948234
2021-11-19,28821,205888,45568454,4154122
2021-11-20,21012,156460,45589466,4310582
2021-11-21,10610,64872,45600076,4375454
2021-11-22,21960,213164,45622036,4588618
2021-11-23,23606,241803,45645642,4830421
2021-11-24,27766,271104,45673408,5101525
2021-11-25,23267,301952,45696675,5403477
2021-11-26,24599,318311,45721274,5721788
2021-11-27,21415,266174,45742689,5987962
2021-11-28,9908,137073,45752597,6125035
2021-11-29,22367,326082,45774964,6451117
2021-11-30,23121,365861,45798085,6816978
2021-12-01,21558,413547,45819643,7230525
2021-12-02,23795,440445,45843438,7670970
2021-12-03,25278,467542,45868716,8138512
2021-12-04,22390,418807,45891106,8557319
2021-12-05,11944,261369,45903050,8818688
2021-12-06,25846,457637,45928896,9276325
2021-12-07,24165,480309,45953061,9756634
2021-12-08,10031,249723,45963092,10006357
2021-12-09,31621,491967,45994713,10498324
2021-12-10,28103,517937,46022816,11016261
2021-12-11,23594,459285,46046410,11475546
2021-12-12,12326,293536,46058736,11769082
2021-12-13,26181,467658,46084917,12236740
2021-12-14,25205,494244,46110122,12730984
2021-12-15,25374,517192,46135496,13248176
2021-12-16,27932,520308,46163428,13768484
2021-12-17,29401,517228,46192829,14285712
2021-12-18,27121,468784,46219950,14754496
2021-12-19,15172,300543,46235122,15055039
2021-12-20,30676,477513,46265798,15532552
2021-12-21,30414,493447,46296212,16025999
2021-12-22,29492,484759,46325704,16510758
2021-12-23,28288,426969,46353992,16937727
2021-12-24,13126,210844,46367118,17148571
2021-12-25,2104,33053,46369222,17181624
2021-12-26,8780,159078,46378002,17340702
2021-12-27,46850,504696,46424852,17845398
2021-12-28,42513,554263,46467365,18399661
2021-12-29,34397,550683,46501762,18950344
2021-12-30,31896,499869,46533658,19450213
2021-12-31,14150,247409,46547808,19697622
2022-01-01,3500,64815,46551308,19762437
2022-01-02,22833,276727,46574141,20039164
2022-01-03,47951,520036,46622092,20559200
2022-01-04,46482,572106,46668574,21131306
2022-01-05,40853,560428,46709427,21691734
2022-01-06,23535,274492,46732962,21966226
2022-01-07,63802,554223,46796764,22520449
2022-01-08,60982,503425,46857746,23023874
2022-01-09,42967,319706,46900713,23343580
2022-01-10,61179,542328,46961892,23885908
2022-01-11,61850,587039,47023742,24472947
2022-01-12,58557,581311,47082299,25054258
2022-01-13,58719,580433,47141018,25634691
2022-01-14,46941,588621,47187959,26223312
2022-01-15,39572,569995,47227531,26793307
2022-01-16,31322,341895,47258853,27135202
2022-01-17,54858,489691,47313711,27624893
2022-01-18,58474,517056,47372185,28141949
2022-01-19,57271,502827,47429456,28644776
2022-01-20,54425,498865,47483881,29143641
2022-01-21,42186,493899,47526067,29637540
2022-01-22,31300,469621,47557367,30107161
2022-01-23,34985,275390,47592352,30382551
2022-01-24,56232,437251,47648584,30819802
2022-01-25,61602,452135,47710186,31271937
2022-01-26,58594,435851,47768780,31707788
2022-01-27,48892,432411,47817672,32140199
2022-01-28,58757,436566,47876429,32576765
2022-01-29,68192,412518,47944621,32989283
2022-01-30,50410,235988,47995031,33225271
2022-01-31,60713,356950,48055744,33582221
2022-02-01,65615,328469,48121359,33910690
2022-02-02,63251,296999,48184610,34207689
2022-02-03,60090,274536,48244700,34482225
2022-02-04,72413,268473,48317113,34750698
2022-02-05,83818,248556,48400931,34999254
2022-02-06,55310,116207,48456241,35115461
2022-02-07,65186,199946,48521427,35315407
2022-02-08,66956,186129,48588383,35501536
2022-02-09,58774,166353,48647157,35667889
2022-02-10,58601,163252,48705758,35831141
2022-02-11,62275,162477,48768033,35993618
2022-02-12,72011,152155,48840044,36145773
2022-02-13,41483,68857,48881527,36214630
2022-02-14,46712,116193,48928239,36330823
2022-02-15,48568,123482,48976807,36454305
2022-02-16,45689,106130,49022496,36560435
2022-02-17,42874,98119,49065370,36658554
2022-02-18,46634,112586,49112004,36771140
2022-02-19,52547,100339,49164551,36871479
2022-02-20,31416,40367,49195967,36911846
2022-02-21,37899,89659,49233866,37001505
2022-02-22,37226,83784,49271092,37085289
2022-02-23,33402,79409,49304494,37164698
2022-02-24,32561,78168,49337055,37242866
2022-02-25,34773,90716,49371828,37333582
2022-02-26,39163,89138,49410991,37422720
2022-02-27,22549,35857,49433540,37458577
2022-02-28,28489,81700,49462029,37540277
2022-03-01,22730,53943,49484759,37594220
2022-03-02,21935,50713,49506694,37644933
2022-03-03,22638,54947,49529332,37699880
2022-03-04,23244,62801,49552576,37762681
2022-03-05,23804,57952,49576380,37820633
2022-03-06,9474,17201,49585854,37837834
2022-03-07,15926,51391,49601780,37889225
2022-03-08,15481,48796,49617261,37938021
2022-03-09,13816,46517,49631077,37984538
2022-03-10,14058,52125,49645135,38036663
2022-03-11,15591,57274,49660726,38093937
2022-03-12,15512,56619,49676238,38150556
2022-03-13,5545,16852,49681783,38167408
2022-03-14,10529,46701,49692312,38214109
2022-03-15,10552,46895,49702864,38261004
2022-03-16,9482,41976,49712346,38302980
2022-03-17,9724,44875,49722070,38347855
2022-03-18,10162,49058,49732232,38396913
2022-03-19,9151,46539,49741383,38443452
2022-03-20,2608,11704,49743991,38455156
2022-03-21,7581,40229,49751572,38495385
2022-03-22,8448,37767,49760020,38533152
2022-03-23,7218,33701,49767238,38566853
2022-03-24,8259,38821,49775497,38605674
2022-03-25,8142,43671,49783639,38649345
2022-03-26,8128,41722,49791767,38691067
2022-03-27,2431,9683,49794198,38700750
2022-03-28,6112,35243,49800310,38735993
2022-03-29,5782,32532,49806092,38768525
2022-03-30,5567,30204,49811659,38798729
2022-03-31,5903,33187,49817562,38831916
2022-04-01,4350,25189,49821912,38857105
2022-04-02,4497,23275,49826409,38880380
2022-04-03,1049,4500,49827458,38884880
2022-04-04,3660,21545,49831118,38906425
2022-04-05,3758,22936,49834876,38929361
2022-04-06,4105,21852,49838981,38951213
2022-04-07,3970,23321,49842951,38974534
2022-04-08,4696,26714,49847647,39001248
2022-04-09,4381,23888,49852028,39025136
2022-04-10,893,4613,49852921,39029749
2022-04-11,3819,22689,49856740,39052438
2022-04-12,3365,21779,49860105,39074217
2022-04-13,3571,21337,49863676,39095554
2022-04-14,3488,23787,49867164,39119341
2022-04-15,3083,20621,49870247,39139962
2022-04-16,2151,11918,49872398,39151880
2022-04-17,63,348,49872461,39152228
2022-04-18,152,650,49872613,39152878
2022-04-19,3498,21984,49876111,39174862
2022-04-20,3512,20250,49879623,39195112
2022-04-21,2848,19791,49882471,39214903
2022-04-22,2928,20712,49885399,39235615
2022-04-23,2647,16222,49888046,39251837
2022-04-24,509,2334,49888555,39254171
2022-04-25,183,1165,49888738,39255336
2022-04-26,2759,17810,49891497,39273146
2022-04-27,2374,15795,49893871,39288941
2022-04-28,2361,15564,49896232,39304505
2022-04-29,2297,14850,49898529,39319355
2022-04-30,2123,11584,49900652,39330939
2022-05-01,113,531,49900765,39331470
2022-05-02,1451,9392,49902216,39340862
2022-05-03,1576,10323,49903792,39351185
2022-05-04,1745,10272,49905537,39361457
2022-05-05,1654,10296,49907191,39371753
2022-05-06,1702,10970,49908893,39382723
2022-05-07,1431,8570,49910324,39391293
2022-05-08,416,1526,49910740,39392819
2022-05-09,1029,8930,49911769,39401749
2022-05-10,1426,9549,49913195,39411298
2022-05-11,1484,10104,49914679,39421402
2022-05-12,1372,10137,49916051,39431539
2022-05-13,1596,10518,49917647,39442057
2022-05-14,1360,8240,49919007,39450297
2022-05-15,336,1136,49919343,39451433
2022-05-16,814,8405,49920157,39459838
2022-05-17,1244,8697,49921401,39468535
2022-05-18,1372,9236,49922773,39477771
2022-05-19,1500,9283,49924273,39487054
2022-05-20,1425,9532,49925698,39496586
2022-05-21,1302,7900,49927000,39504486
2022-05-22,231,1013,49927231,39505499
2022-05-23,830,8272,49928061,39513771
2022-05-24,1073,8672,49929134,39522443
2022-05-25,1372,9460,49930506,39531903
2022-05-26,1196,9480,49931702,39541383
2022-05-27,1232,9915,49932934,39551298
2022-05-28,1205,7887,49934139,39559185
2022-05-29,288,1265,49934427,39560450
2022-05-30,931,8057,49935358,39568507
2022-05-31,1038,8548,49936396,39577055
2022-06-01,895,7658,49937291,39584713
2022-06-02,35,474,49937326,39585187
2022-06-03,817,7334,49938143,39592521
2022-06-04,870,5162,49939013,39597683
2022-06-05,89,586,49939102,39598269
2022-06-06,679,7004,49939781,39605273
2022-06-07,952,7850,49940733,39613123
2022-06-08,981,7907,49941714,39621030
2022-06-09,1036,8417,49942750,39629447
2022-06-10,958,8563,49943708,39638010
2022-06-11,903,6207,49944611,39644217
2022-06-12,140,768,49944751,39644985
2022-06-13,602,6301,49945353,39651286
2022-06-14,832,7903,49946185,39659189
2022-06-15,960,7856,49947145,39667045
2022-06-16,733,7397,49947878,39674442
2022-06-17,724,7249,49948602,39681691
2022-06-18,778,5594,49949380,39687285
2022-06-19,49,521,49949429,39687806
2022-06-20,587,6699,49950016,39694505
2022-06-21,741,7663,49950757,39702168
2022-06-22,779,7312,49951536,39709480
2022-06-23,648,7472,49952184,39716952
2022-06-24,644,7474,49952828,39724426
2022-06-25,835,6533,49953663,39730959
2022-06-26,128,523,49953791,39731482
2022-06-27,534,7125,49954325,39738607
2022-06-28,747,8207,49955072,39746814
2022-06-29,756,7732,49955828,39754546
2022-06-30,747,8145,49956575,39762691
2022-07-01,577,6443,49957152,39769134
2022-07-02,536,4769,49957688,39773903
2022-07-03,49,456,49957737,39774359
2022-07-04,469,6277,49958206,39780636
2022-07-05,631,8120,49958837,39788756
2022-07-06,633,7611,49959470,39796367
2022-07-07,575,8271,49960045,39804638
2022-07-08,674,8085,49960719,39812723
2022-07-09,549,6105,49961268,39818828
2022-07-10,58,533,49961326,39819361
2022-07-11,491,7641,49961817,39827002
2022-07-12,667,9031,49962484,39836033
2022-07-13,644,10067,49963128,39846100
2022-07-14,637,10226,49963765,39856326
2022-07-15,626,10669,49964391,39866995
2022-07-16,522,7215,49964913,39874210
2022-07-17,48,770,49964961,39874980
2022-07-18,496,9372,49965457,39884352
2022-07-19,575,10683,49966032,39895035
2022-07-20,581,11276,49966613,39906311
2022-07-21,630,12091,49967243,39918402
2022-07-22,584,11259,49967827,39929661
2022-07-23,381,6775,49968208,39936436
2022-07-24,76,857,49968284,39937293
2022-07-25,503,9052,49968787,39946345
2022-07-26,522,9761,49969309,39956106
2022-07-27,553,10209,49969862,39966315
2022-07-28,532,10534,49970394,39976849
2022-07-29,511,9465,49970905,39986314
2022-07-30,383,5881,49971288,39992195
2022-07-31,49,764,49971337,39992959
2022-08-01,386,6864,49971723,39999823
2022-08-02,545,7590,49972268,40007413
2022-08-03,512,7179,49972780,40014592
2022-08-04,455,7490,49973235,40022082
2022-08-05,421,6527,49973656,40028609
2022-08-06,299,3613,49973955,40032222
2022-08-07,44,561,49973999,40032783
2022-08-08,403,4890,49974402,40037673
2022-08-09,381,5312,49974783,40042985
2022-08-10,385,4816,49975168,40047801
2022-08-11,369,4803,49975537,40052604
2022-08-12,293,3720,49975830,40056324
2022-08-13,143,1600,49975973,40057924
2022-08-14,9,129,49975982,40058053
2022-08-15,1,26,49975983,40058079
2022-08-16,283,3043,49976266,40061122
2022-08-17,352,3536,49976618,40064658
2022-08-18,392,4160,49977010,40068818
2022-08-19,341,3319,49977351,40072137
2022-08-20,183,1715,49977534,40073852
2022-08-21,24,149,49977558,40074001
2022-08-22,329,2952,49977887,40076953
2022-08-23,370,3674,49978257,40080627
2022-08-24,384,3360,49978641,40083987
2022-08-25,422,3774,49979063,40087761
2022-08-26,399,3575,49979462,40091336
2022-08-27,237,1769,49979699,40093105
2022-08-28,29,267,49979728,40093372
2022-08-29,354,3161,49980082,40096533
2022-08-30,403,3671,49980485,40100204
2022-08-31,438,3734,49980923,40103938
2022-09-01,353,3116,49981276,40107054
2022-09-02,296,2893,49981572,40109947
2022-09-03,200,1689,49981772,40111636
2022-09-04,24,149,49981796,40111785
2022-09-05,187,2656,49981983,40114441
2022-09-06,305,2982,49982288,40117423
2022-09-07,540,2937,49982828,40120360
2022-09-08,292,2963,49983120,40123323
2022-09-09,305,2886,49983425,40126209
2022-09-10,227,1327,49983652,40127536
2022-09-11,23,124,49983675,40127660
2022-09-12,267,2267,49983942,40129927
2022-09-13,252,2276,49984194,40132203
2022-09-14,266,2566,49984460,40134769
2022-09-15,282,2500,49984742,40137269
2022-09-16,254,2546,49984996,40139815
2022-09-17,239,1339,49985235,40141154
2022-09-18,20,170,49985255,40141324
2022-09-19,206,1971,49985461,40143295
2022-09-20,236,2391,49985697,40145686
2022-09-21,289,2526,49985986,40148212
2022-09-22,266,2662,49986252,40150874
2022-09-23,259,2545,49986511,40153419
2022-09-24,193,1427,49986704,40154846
2022-09-25,29,133,49986733,40154979
2022-09-26,280,2248,49987013,40157227
2022-09-27,287,2682,49987300,40159909
2022-09-28,310,2905,49987610,40162814
2022-09-29,257,3049,49987867,40165863
2022-09-30,292,2989,49988159,40168852
2022-10-01,195,1515,49988354,40170367
2022-10-02,12,187,49988366,40170554
2022-10-03,185,2474,49988551,40173028
2022-10-04,236,2862,49988787,40175890
2022-10-05,229,3251,49989016,40179141
2022-10-06,243,3874,49989259,40183015
2022-10-07,282,4187,49989541,40187202
2022-10-08,202,2270,49989743,40189472
2022-10-09,8,305,49989751,40189777
2022-10-10,210,3356,49989961,40193133
2022-10-11,193,4378,49990154,40197511
2022-10-12,209,4441,49990363,40201952
2022-10-13,203,5304,49990566,40207256
2022-10-14,232,5023,49990798,40212279
2022-10-15,190,2671,49990988,40214950
2022-10-16,6,360,49990994,40215310
2022-10-17,185,3871,49991179,40219181
2022-10-18,257,4965,49991436,40224146
2022-10-19,244,5477,49991680,40229623
2022-10-20,224,5993,49991904,40235616
2022-10-21,250,5476,49992154,40241092
2022-10-22,195,2911,49992349,40244003
2022-10-23,13,364,49992362,40244367
2022-10-24,171,3929,49992533,40248296
2022-10-25,253,4926,49992786,40253222
2022-10-26,347,5500,49993133,40258722
2022-10-27,241,5671,49993374,40264393
2022-10-28,199,5261,49993573,40269654
2022-10-29,128,2844,49993701,40272498
2022-10-30,3,328,49993704,40272826
2022-10-31,117,3037,49993821,40275863
2022-11-01,11,353,49993832,40276216
2022-11-02,143,3720,49993975,40279936
2022-11-03,173,4785,49994148,40284721
2022-11-04,225,4600,49994373,40289321
2022-11-05,144,2597,49994517,40291918
2022-11-06,10,261,49994527,40292179
2022-11-07,169,3224,49994696,40295403
2022-11-08,260,4241,49994956,40299644
2022-11-09,197,4327,49995153,40303971
2022-11-10,182,4586,49995335,40308557
2022-11-11,192,4218,49995527,40312775
2022-11-12,152,2367,49995679,40315142
2022-11-13,7,335,49995686,40315477
2022-11-14,149,2837,49995835,40318314
2022-11-15,202,3740,49996037,40322054
2022-11-16,215,3978,49996252,40326032
2022-11-17,191,4090,49996443,40330122
2022-11-18,247,4018,49996690,40334140
2022-11-19,112,2096,49996802,40336236
2022-11-20,24,317,49996826,40336553
2022-11-21,118,2613,49996944,40339166
2022-11-22,142,3206,49997086,40342372
2022-11-23,192,3615,49997278,40345987
2022-11-24,155,3816,49997433,40349803
2022-11-25,184,3766,49997617,40353569
2022-11-26,130,2089,49997747,40355658
2022-11-27,22,356,49997769,40356014
2022-11-28,180,2671,49997949,40358685
2022-11-29,183,3211,49998132,40361896
2022-11-30,179,3719,49998311,40365615
2022-12-01,223,3604,49998534,40369219
2022-12-02,156,3501,49998690,40372720
2022-12-03,104,1950,49998794,40374670
2022-12-04,5,290,49998799,40374960
2022-12-05,127,2831,49998926,40377791
2022-12-06,176,3628,49999102,40381419
2022-12-07,135,3099,49999237,40384518
2022-12-08,8,169,49999245,40384687
2022-12-09,154,2994,49999399,40387681
2022-12-10,78,1599,49999477,40389280
2022-12-11,7,192,49999484,40389472
2022-12-12,169,2491,49999653,40391963
2022-12-13,167,2951,49999820,40394914
2022-12-14,214,3108,50000034,40398022
2022-12-15,194,2994,50000228,40401016
2022-12-16,97,1534,50000325,40402550