data_somministrazione,vaccinazioni,booster,cum_vaccinazioni,cum_booster
2020-12-27,16,0,16,0
2020-12-28,2,0,18,0
2020-12-29,1,0,19,0
2020-12-30,3,0,22,0
2020-12-31,34,0,56,0
2021-01-01,12,0,68,0
2021-01-02,53,0,121,0
2021-01-03,46,0,167,0
2021-01-04,124,0,291,0
2021-01-05,165,0,456,0
2021-01-06,135,0,591,0
2021-01-07,203,0,794,0
2021-01-08,247,0,1041,0
2021-01-09,173,0,1214,0
2021-01-10,110,0,1324,0
2021-01-11,200,0,1524,0
2021-01-12,207,0,1731,0
2021-01-13,313,0,2044,0
2021-01-14,414,0,2458,0
2021-01-15,252,0,2710,0
2021-01-16,168,0,2878,0
2021-01-17,3050,0,5928,0
2021-01-18,5186,0,11114,0
2021-01-19,1876,0,12990,0
2021-01-20,4650,0,17640,0
2021-01-21,20007,0,37647,0
2021-01-22,14195,0,51842,0
2021-01-23,33356,0,85198,0
2021-01-24,30793,0,115991,0
2021-01-25,64774,0,180765,0
2021-01-26,76548,0,257313,0
2021-01-27,64875,0,322188,0
2021-01-28,89340,0,411528,0
2021-01-29,94072,0,505600,0
2021-01-30,86615,0,592215,0
2021-01-31,57348,0,649563,0
2021-02-01,81903,0,731466,0
2021-02-02,82168,0,813634,0
2021-02-03,91216,0,904850,0
2021-02-04,95376,0,1000226,0
2021-02-05,90295,0,1090521,0
2021-02-06,63729,0,1154250,0
2021-02-07,32919,0,1187169,0
2021-02-08,40410,0,1227579,0
2021-02-09,32841,0,1260420,0
2021-02-10,28387,0,1288807,0
2021-02-11,20353,0,1309160,0
2021-02-12,16179,0,1325339,0
2021-02-13,7217,0,1332556,0
2021-02-14,2856,0,1335412,0
2021-02-15,6823,0,1342235,0
2021-02-16,6974,0,1349209,0
2021-02-17,10491,0,1359700,0
2021-02-18,9215,0,1368915,0
2021-02-19,8162,0,1377077,0
2021-02-20,5474,0,1382551,0
2021-02-21,2947,0,1385498,0
2021-02-22,6836,0,1392334,0
2021-02-23,7104,0,1399438,0
2021-02-24,9787,0,1409225,0
2021-02-25,14171,0,1423396,0
2021-02-26,17486,0,1440882,0
2021-02-27,13855,0,1454737,0
2021-02-28,9345,0,1464082,0
2021-03-01,26439,0,1490521,0
2021-03-02,33170,0,1523691,0
2021-03-03,44592,0,1568283,0
2021-03-04,50203,0,1618486,0
2021-03-05,55625,0,1674111,0
2021-03-06,41841,0,1715952,0
2021-03-07,22289,0,1738241,0
2021-03-08,50525,0,1788766,0
2021-03-09,52906,0,1841672,0
2021-03-10,58524,0,1900196,0
2021-03-11,63742,0,1963938,0
2021-03-12,65011,0,2028949,0
2021-03-13,51649,0,2080598,0
2021-03-14,35343,0,2115941,0
2021-03-15,73363,0,2189304,0
2021-03-16,73986,0,2263290,0
2021-03-17,83000,0,2346290,0
2021-03-18,81584,0,2427874,0
2021-03-19,81015,0,2508889,0
2021-03-20,64640,0,2573529,0
2021-03-21,47246,0,2620775,0
2021-03-22,69403,0,2690178,0
2021-03-23,75691,0,2765869,0
2021-03-24,90775,0,2856644,0
2021-03-25,89700,0,2946344,0
2021-03-26,83485,0,3029829,0
2021-03-27,71816,0,3101645,0
2021-03-28,44035,0,3145680,0
2021-03-29,70687,0,3216367,0
2021-03-30,81243,0,3297610,0
2021-03-31,96086,0,3393696,0
2021-04-01,95193,0,3488889,0
2021-04-02,83976,0,3572865,0
2021-04-03,64243,0,3637108,0
2021-04-04,21687,0,3658795,0
2021-04-05,40255,0,3699050,0
2021-04-06,81217,0,3780267,0
2021-04-07,95716,0,3875983,0
2021-04-08,95146,0,3971129,0
2021-04-09,88372,0,4059501,0
2021-04-10,73939,0,4133440,0
2021-04-11,44699,0,4178139,0
2021-04-12,66834,0,4244973,0
2021-04-13,72494,0,4317467,0
2021-04-14,85416,0,4402883,0
2021-04-15,105292,0,4508175,0
2021-04-16,106300,0,4614475,0
2021-04-17,90392,0,4704867,0
2021-04-18,58528,0,4763395,0
2021-04-19,93379,0,4856774,0
2021-04-20,103681,0,4960455,0
2021-04-21,125262,0,5085717,0
2021-04-22,143416,0,5229133,0
2021-04-23,138587,0,5367720,0
2021-04-24,124341,0,5492061,0
2021-04-25,61385,0,5553446,0
2021-04-26,97791,0,5651237,0
2021-04-27,128259,0,5779496,0
2021-04-28,156237,0,5935733,0
2021-04-29,195408,0,6131141,0
2021-04-30,214400,0,6345541,0
2021-05-01,173988,0,6519529,0
2021-05-02,135727,0,6655256,0
2021-05-03,141887,0,6797143,0
2021-05-04,158580,0,6955723,0
2021-05-05,170341,0,7126064,0
2021-05-06,197676,0,7323740,0
2021-05-07,213639,0,7537379,0
2021-05-08,213276,0,7750655,0
2021-05-09,143070,0,7893725,0
2021-05-10,164979,0,8058704,0
2021-05-11,174796,0,8233500,0
2021-05-12,178957,0,8412457,0
2021-05-13,203155,0,8615612,0
2021-05-14,222732,0,8838344,0
2021-05-15,210145,0,9048489,0
2021-05-16,159148,0,9207637,0
2021-05-17,219064,0,9426701,0
2021-05-18,212859,0,9639560,0
2021-05-19,206910,0,9846470,0
2021-05-20,270650,0,10117120,0
2021-05-21,270665,0,10387785,0
2021-05-22,245390,0,10633175,0
2021-05-23,197102,0,10830277,0
2021-05-24,228204,0,11058481,0
2021-05-25,245597,0,11304078,0
2021-05-26,277349,0,11581427,0
2021-05-27,310942,0,11892369,0
2021-05-28,299420,0,12191789,0
2021-05-29,231053,0,12422842,0
2021-05-30,170744,0,12593586,0
2021-05-31,216291,0,12809877,0
2021-06-01,207530,0,13017407,0
2021-06-02,115659,0,13133066,0
2021-06-03,179882,0,13312948,0
2021-06-04,184601,0,13497549,0
2021-06-05,185722,0,13683271,0
2021-06-06,139298,0,13822569,0
2021-06-07,161608,0,13984177,0
2021-06-08,170841,0,14155018,0
2021-06-09,171169,0,14326187,0
2021-06-10,173713,0,14499900,0
2021-06-11,169630,0,14669530,0
2021-06-12,128050,0,14797580,0
2021-06-13,91000,0,14888580,0
2021-06-14,214464,0,15103044,0
2021-06-15,228218,0,15331262,0
2021-06-16,252950,0,15584212,0
2021-06-17,301564,0,15885776,0
2021-06-18,306113,0,16191889,0
2021-06-19,275012,0,16466901,0
2021-06-20,220640,0,16687541,0
2021-06-21,287972,0,16975513,0
2021-06-22,296096,0,17271609,0
2021-06-23,302669,0,17574278,0
2021-06-24,332515,0,17906793,0
2021-06-25,348654,0,18255447,0
2021-06-26,300053,0,18555500,0
2021-06-27,228656,0,18784156,0
2021-06-28,306938,0,19091094,0
2021-06-29,329196,0,19420290,0
2021-06-30,342033,0,19762323,0
2021-07-01,363056,0,20125379,0
2021-07-02,368465,0,20493844,0
2021-07-03,371125,0,20864969,0
2021-07-04,283175,0,21148144,0
2021-07-05,384506,0,21532650,0
2021-07-06,385416,0,21918066,0
2021-07-07,412088,0,22330154,0
2021-07-08,479870,0,22810024,0
2021-07-09,498623,0,23308647,0
2021-07-10,475318,0,23783965,0
2021-07-11,357845,0,24141810,0
2021-07-12,486055,0,24627865,0
2021-07-13,492362,0,25120227,0
2021-07-14,480645,0,25600872,0
2021-07-15,523642,0,26124514,0
2021-07-16,509892,0,26634406,0
2021-07-17,464620,0,27099026,0
2021-07-18,364857,0,27463883,0
2021-07-19,463286,0,27927169,0
2021-07-20,458197,0,28385366,0
2021-07-21,462892,0,28848258,0
2021-07-22,475425,0,29323683,0
2021-07-23,441335,0,29765018,0
2021-07-24,386176,0,30151194,0
2021-07-25,287606,0,30438800,0
2021-07-26,430939,0,30869739,0
2021-07-27,440153,0,31309892,0
2021-07-28,391032,0,31700924,0
2021-07-29,372091,0,32073015,0
2021-07-30,341418,0,32414433,0
2021-07-31,286958,0,32701391,0
2021-08-01,190842,0,32892233,0
2021-08-02,333710,0,33225943,0
2021-08-03,323129,0,33549072,0
2021-08-04,310922,0,33859994,0
2021-08-05,292536,0,34152530,0
2021-08-06,259948,0,34412478,0
2021-08-07,198934,0,34611412,0
2021-08-08,153060,0,34764472,0
2021-08-09,234105,0,34998577,0
2021-08-10,205132,0,35203709,0
2021-08-11,193581,0,35397290,0
2021-08-12,167776,0,35565066,0
2021-08-13,148386,0,35713452,0
2021-08-14,65990,0,35779442,0
2021-08-15,26301,0,35805743,0
2021-08-16,114521,0,35920264,0
2021-08-17,129096,0,36049360,0
2021-08-18,128556,0,36177916,0
2021-08-19,124620,0,36302536,0
2021-08-20,123636,0,36426172,0
2021-08-21,83045,0,36509217,0
2021-08-22,68113,0,36577330,0
2021-08-23,176707,0,36754037,0
2021-08-24,156909,0,36910946,0
2021-08-25,177027,0,37087973,0
2021-08-26,172220,0,37260193,0
2021-08-27,185748,0,37445941,0
2021-08-28,140106,0,37586047,0
2021-08-29,98975,0,37685022,0
2021-08-30,209436,0,37894458,0
2021-08-31,194423,0,38088881,0
2021-09-01,192046,0,38280927,0
2021-09-02,189713,0,38470640,0
2021-09-03,191186,0,38661826,0
2021-09-04,131390,0,38793216,0
2021-09-05,87801,0,38881017,0
2021-09-06,193563,0,39074580,0
2021-09-07,195811,0,39270391,0
2021-09-08,187798,0,39458189,0
2021-09-09,201340,0,39659529,0
2021-09-10,197940,0,39857469,0
2021-09-11,141189,0,39998658,0
2021-09-12,89511,0,40088169,0
2021-09-13,191086,346,40279255,346
2021-09-14,177153,422,40456408,768
2021-09-15,162970,454,40619378,1222
2021-09-16,159925,788,40779303,2010
2021-09-17,149953,1005,40929256,3015
2021-09-18,127752,655,41057008,3670
2021-09-19,81025,442,41138033,4112
2021-09-20,179797,8956,41317830,13068
2021-09-21,166336,8727,41484166,21795
2021-09-22,158764,9365,41642930,31160
2021-09-23,137740,9241,41780670,40401
2021-09-24,140214,8860,41920884,49261
2021-09-25,119322,5561,42040206,54822
2021-09-26,71787,4294,42111993,59116
2021-09-27,135340,9978,42247333,69094
2021-09-28,117201,11313,42364534,80407
2021-09-29,112008,11759,42476542,92166
2021-09-30,109929,14851,42586471,107017
2021-10-01,94705,19032,42681176,126049
2021-10-02,78235,13987,42759411,140036
2021-10-03,47564,7631,42806975,147667
2021-10-04,88116,34360,42895091,182027
2021-10-05,80140,33907,42975231,215934
2021-10-06,71753,34076,43046984,250010
2021-10-07,71526,34288,43118510,284298
2021-10-08,80382,33495,43198892,317793
2021-10-09,75840,22110,43274732,339903
2021-10-10,45635,13591,43320367,353494
2021-10-11,87139,41004,43407506,394498
2021-10-12,84226,46794,43491732,441292
2021-10-13,87894,52003,43579626,493295
2021-10-14,91175,58393,43670801,551688
2021-10-15,93221,55480,43764022,607168
2021-10-16,82660,36712,43846682,643880
2021-10-17,51268,23783,43897950,667663
2021-10-18,90063,59335,43988013,726998
2021-10-19,78112,69290,44066125,796288
2021-10-20,74830,78044,44140955,874332
2021-10-21,78075,81603,44219030,955935
2021-10-22,73654,76897,44292684,1032832
2021-10-23,60631,51888,44353315,1084720
2021-10-24,33314,23400,44386629,1108120
2021-10-25,64777,81520,44451406,1189640
2021-10-26,58244,91628,44509650,1281268
2021-10-27,58155,103833,44567805,1385101
2021-10-28,61295,113899,44629100,1499000
2021-10-29,61571,102946,44690671,1601946
2021-10-30,50551,68008,44741222,1669954
2021-10-31,25117,28237,44766339,1698191
2021-11-01,19013,28119,44785352,1726310
2021-11-02,62693,89213,44848045,1815523
2021-11-03,60626,118496,44908671,1934019
2021-11-04,59117,126460,44967788,2060479
2021-11-05,62973,134981,45030761,2195460
2021-11-06,46359,90768,45077120,2286228
2021-11-07,22205,37836,45099325,2324064
2021-11-08,51374,131115,45150699,2455179
2021-11-09,45317,143933,45196016,2599112
2021-11-10,42470,156029,45238486,2755141
2021-11-11,44811,154962,45283297,2910103
2021-11-12,46224,158376,45329521,3068479
2021-11-13,33121,116474,45362642,3184953
2021-11-14,14437,52395,45377079,3237348
2021-11-15,36782,157173,45413861,3394521
2021-11-16,30434,171172,45444295,3565693
2021-11-17,28319,178260,45472614,3743953
2021-11-18,30108,193466,45502722,3937419
2021-11-19,28654,205554,45531376,4142973
2021-11-20,20876,156113,45552252,4299086
2021-11-21,10536,64700,45562788,4363786
2021-11-22,21803,212925,45584591,4576711
2021-11-23,23425,241446,45608016,4818157
2021-11-24,27657,270622,45635673,5088779
2021-11-25,23041,301565,45658714,5390344
2021-11-26,24390,317921,45683104,5708265
2021-11-27,21208,265832,45704312,5974097
2021-11-28,9822,136831,45714134,6110928
2021-11-29,22112,325667,45736246,6436595
2021-11-30,22859,365372,45759105,6801967
2021-12-01,21264,412959,45780369,7214926
2021-12-02,23527,440164,45803896,7655090
2021-12-03,24955,467116,45828851,8122206
2021-12-04,22127,418562,45850978,8540768
2021-12-05,11747,261234,45862725,8802002
2021-12-06,25458,457349,45888183,9259351
2021-12-07,23808,479970,45911991,9739321
2021-12-08,9839,249562,45921830,9988883
2021-12-09,31188,491709,45953018,10480592
2021-12-10,27719,517536,45980737,10998128
2021-12-11,23258,459037,46003995,11457165
2021-12-12,12101,293343,46016096,11750508
2021-12-13,25810,467383,46041906,12217891
2021-12-14,24810,493925,46066716,12711816
2021-12-15,24960,516879,46091676,13228695
2021-12-16,27399,519941,46119075,13748636
2021-12-17,28927,516740,46148002,14265376
2021-12-18,26595,468468,46174597,14733844
2021-12-19,14868,300345,46189465,15034189
2021-12-20,30172,477198,46219637,15511387
2021-12-21,29968,493068,46249605,16004455
2021-12-22,28963,484402,46278568,16488857
2021-12-23,27735,426668,46306303,16915525
2021-12-24,12932,210718,46319235,17126243
2021-12-25,2081,33036,46321316,17159279
2021-12-26,8621,159011,46329937,17318290
2021-12-27,46148,504403,46376085,17822693
2021-12-28,41648,553862,46417733,18376555
2021-12-29,33365,550292,46451098,18926847
2021-12-30,30947,499527,46482045,19426374
2021-12-31,13500,247293,46495545,19673667
2022-01-01,3388,64779,46498933,19738446
2022-01-02,21978,276640,46520911,20015086
2022-01-03,46265,520742,46567176,20535828
2022-01-04,44590,572729,46611766,21108557
2022-01-05,38624,561025,46650390,21669582
2022-01-06,22178,274325,46672568,21943907
2022-01-07,61028,554681,46733596,22498588
2022-01-08,57902,503154,46791498,23001742
2022-01-09,40414,319555,46831912,23321297
2022-01-10,58468,542692,46890380,23863989
2022-01-11,58527,587423,46948907,24451412
2022-01-12,54993,581603,47003900,25033015
2022-01-13,55294,580784,47059194,25613799
2022-01-14,43220,588591,47102414,26202390
2022-01-15,34749,568414,47137163,26770804
2022-01-16,28109,341105,47165272,27111909
2022-01-17,52202,490055,47217474,27601964
2022-01-18,55903,517897,47273377,28119861
2022-01-19,54836,503184,47328213,28623045
2022-01-20,52117,499102,47380330,29122147
2022-01-21,39795,494033,47420125,29616180
2022-01-22,28315,469155,47448440,30085335
2022-01-23,33327,275102,47481767,30360437
2022-01-24,54613,437623,47536380,30798060
2022-01-25,60126,452467,47596506,31250527
2022-01-26,57014,436162,47653520,31686689
2022-01-27,47303,432535,47700823,32119224
2022-01-28,57031,436845,47757854,32556069
2022-01-29,66225,411783,47824079,32967852
2022-01-30,49071,235531,47873150,33203383
2022-01-31,59047,357302,47932197,33560685
2022-02-01,64260,328739,47996457,33889424
2022-02-02,62004,297080,48058461,34186504
2022-02-03,59064,274643,48117525,34461147
2022-02-04,71284,268392,48188809,34729539
2022-02-05,82371,247869,48271180,34977408
2022-02-06,54537,115888,48325717,35093296
2022-02-07,64294,200066,48390011,35293362
2022-02-08,65938,186033,48455949,35479395
2022-02-09,57861,166084,48513810,35645479
2022-02-10,57555,162544,48571365,35808023
2022-02-11,60944,160857,48632309,35968880
2022-02-12,67903,143751,48700212,36112631
2022-02-13,29917,47841,48730129,36160472