data_somministrazione,vaccinazioni,booster,cum_vaccinazioni,cum_booster
2020-12-27,16,0,16,0
2020-12-28,2,0,18,0
2020-12-29,1,0,19,0
2020-12-30,3,0,22,0
2020-12-31,36,0,58,0
2021-01-01,13,0,71,0
2021-01-02,55,0,126,0
2021-01-03,46,0,172,0
2021-01-04,125,0,297,0
2021-01-05,165,0,462,0
2021-01-06,136,0,598,0
2021-01-07,205,0,803,0
2021-01-08,249,0,1052,0
2021-01-09,177,0,1229,0
2021-01-10,111,0,1340,0
2021-01-11,202,0,1542,0
2021-01-12,212,0,1754,0
2021-01-13,314,0,2068,0
2021-01-14,415,0,2483,0
2021-01-15,254,0,2737,0
2021-01-16,170,0,2907,0
2021-01-17,3050,0,5957,0
2021-01-18,5186,0,11143,0
2021-01-19,1878,0,13021,0
2021-01-20,4648,0,17669,0
2021-01-21,20010,0,37679,0
2021-01-22,14197,0,51876,0
2021-01-23,33358,0,85234,0
2021-01-24,30796,0,116030,0
2021-01-25,64780,0,180810,0
2021-01-26,76552,0,257362,0
2021-01-27,64881,0,322243,0
2021-01-28,89343,0,411586,0
2021-01-29,94077,0,505663,0
2021-01-30,86621,0,592284,0
2021-01-31,57355,0,649639,0
2021-02-01,81912,0,731551,0
2021-02-02,82171,0,813722,0
2021-02-03,91218,0,904940,0
2021-02-04,95391,0,1000331,0
2021-02-05,90296,0,1090627,0
2021-02-06,63735,0,1154362,0
2021-02-07,32920,0,1187282,0
2021-02-08,40417,0,1227699,0
2021-02-09,32846,0,1260545,0
2021-02-10,28387,0,1288932,0
2021-02-11,20356,0,1309288,0
2021-02-12,16182,0,1325470,0
2021-02-13,7216,0,1332686,0
2021-02-14,2856,0,1335542,0
2021-02-15,6826,0,1342368,0
2021-02-16,6974,0,1349342,0
2021-02-17,10499,0,1359841,0
2021-02-18,9219,0,1369060,0
2021-02-19,8176,0,1377236,0
2021-02-20,5479,0,1382715,0
2021-02-21,2950,0,1385665,0
2021-02-22,6842,0,1392507,0
2021-02-23,7109,0,1399616,0
2021-02-24,9796,0,1409412,0
2021-02-25,14171,0,1423583,0
2021-02-26,17498,0,1441081,0
2021-02-27,13858,0,1454939,0
2021-02-28,9346,0,1464285,0
2021-03-01,26448,0,1490733,0
2021-03-02,33175,0,1523908,0
2021-03-03,44603,0,1568511,0
2021-03-04,50214,0,1618725,0
2021-03-05,55631,0,1674356,0
2021-03-06,41847,0,1716203,0
2021-03-07,22293,0,1738496,0
2021-03-08,50533,0,1789029,0
2021-03-09,52915,0,1841944,0
2021-03-10,58533,0,1900477,0
2021-03-11,63753,0,1964230,0
2021-03-12,65016,0,2029246,0
2021-03-13,51655,0,2080901,0
2021-03-14,35346,0,2116247,0
2021-03-15,73370,0,2189617,0
2021-03-16,73988,0,2263605,0
2021-03-17,83003,0,2346608,0
2021-03-18,81589,0,2428197,0
2021-03-19,81024,0,2509221,0
2021-03-20,64646,0,2573867,0
2021-03-21,47246,0,2621113,0
2021-03-22,69406,0,2690519,0
2021-03-23,75698,0,2766217,0
2021-03-24,90784,0,2857001,0
2021-03-25,89708,0,2946709,0
2021-03-26,83495,0,3030204,0
2021-03-27,71823,0,3102027,0
2021-03-28,44040,0,3146067,0
2021-03-29,70700,0,3216767,0
2021-03-30,81252,0,3298019,0
2021-03-31,96094,0,3394113,0
2021-04-01,95200,0,3489313,0
2021-04-02,83988,0,3573301,0
2021-04-03,64249,0,3637550,0
2021-04-04,21691,0,3659241,0
2021-04-05,40261,0,3699502,0
2021-04-06,81226,0,3780728,0
2021-04-07,95724,0,3876452,0
2021-04-08,95158,0,3971610,0
2021-04-09,88389,0,4059999,0
2021-04-10,73952,0,4133951,0
2021-04-11,44703,0,4178654,0
2021-04-12,66841,0,4245495,0
2021-04-13,72505,0,4318000,0
2021-04-14,85431,0,4403431,0
2021-04-15,105301,0,4508732,0
2021-04-16,106312,0,4615044,0
2021-04-17,90405,0,4705449,0
2021-04-18,58530,0,4763979,0
2021-04-19,93389,0,4857368,0
2021-04-20,103691,0,4961059,0
2021-04-21,125273,0,5086332,0
2021-04-22,143426,0,5229758,0
2021-04-23,138618,0,5368376,0
2021-04-24,124358,0,5492734,0
2021-04-25,61390,0,5554124,0
2021-04-26,97797,0,5651921,0
2021-04-27,128273,0,5780194,0
2021-04-28,156249,0,5936443,0
2021-04-29,195428,0,6131871,0
2021-04-30,214426,0,6346297,0
2021-05-01,174003,0,6520300,0
2021-05-02,135733,0,6656033,0
2021-05-03,141902,0,6797935,0
2021-05-04,158589,0,6956524,0
2021-05-05,170357,0,7126881,0
2021-05-06,197695,0,7324576,0
2021-05-07,213675,0,7538251,0
2021-05-08,213299,0,7751550,0
2021-05-09,143089,0,7894639,0
2021-05-10,164997,0,8059636,0
2021-05-11,174822,0,8234458,0
2021-05-12,178982,0,8413440,0
2021-05-13,203180,0,8616620,0
2021-05-14,222755,0,8839375,0
2021-05-15,210173,0,9049548,0
2021-05-16,159158,0,9208706,0
2021-05-17,219081,0,9427787,0
2021-05-18,212890,0,9640677,0
2021-05-19,206937,0,9847614,0
2021-05-20,270690,0,10118304,0
2021-05-21,270699,0,10389003,0
2021-05-22,245415,0,10634418,0
2021-05-23,197116,0,10831534,0
2021-05-24,228227,0,11059761,0
2021-05-25,245618,0,11305379,0
2021-05-26,277387,0,11582766,0
2021-05-27,310974,0,11893740,0
2021-05-28,299447,0,12193187,0
2021-05-29,231075,0,12424262,0
2021-05-30,170760,0,12595022,0
2021-05-31,216318,0,12811340,0
2021-06-01,207548,0,13018888,0
2021-06-02,115675,0,13134563,0
2021-06-03,179903,0,13314466,0
2021-06-04,184639,0,13499105,0
2021-06-05,185753,0,13684858,0
2021-06-06,139319,0,13824177,0
2021-06-07,161634,0,13985811,0
2021-06-08,170886,0,14156697,0
2021-06-09,171205,0,14327902,0
2021-06-10,173765,0,14501667,0
2021-06-11,169664,0,14671331,0
2021-06-12,128069,0,14799400,0
2021-06-13,91015,0,14890415,0
2021-06-14,214490,0,15104905,0
2021-06-15,228241,0,15333146,0
2021-06-16,252963,0,15586109,0
2021-06-17,301592,0,15887701,0
2021-06-18,306144,0,16193845,0
2021-06-19,275028,0,16468873,0
2021-06-20,220651,0,16689524,0
2021-06-21,287997,0,16977521,0
2021-06-22,296122,0,17273643,0
2021-06-23,302692,0,17576335,0
2021-06-24,332529,0,17908864,0
2021-06-25,348675,0,18257539,0
2021-06-26,300074,0,18557613,0
2021-06-27,228667,0,18786280,0
2021-06-28,306949,0,19093229,0
2021-06-29,329248,0,19422477,0
2021-06-30,342146,0,19764623,0
2021-07-01,363072,0,20127695,0
2021-07-02,368477,0,20496172,0
2021-07-03,371142,0,20867314,0
2021-07-04,283191,0,21150505,0
2021-07-05,384528,0,21535033,0
2021-07-06,385440,0,21920473,0
2021-07-07,412106,0,22332579,0
2021-07-08,479895,0,22812474,0
2021-07-09,498652,0,23311126,0
2021-07-10,475346,0,23786472,0
2021-07-11,357861,0,24144333,0
2021-07-12,486078,0,24630411,0
2021-07-13,492371,0,25122782,0
2021-07-14,480658,0,25603440,0
2021-07-15,523664,0,26127104,0
2021-07-16,509930,0,26637034,0
2021-07-17,464640,0,27101674,0
2021-07-18,364862,0,27466536,0
2021-07-19,463304,0,27929840,0
2021-07-20,458229,0,28388069,0
2021-07-21,462919,0,28850988,0
2021-07-22,475453,0,29326441,0
2021-07-23,441374,0,29767815,0
2021-07-24,386190,0,30154005,0
2021-07-25,287633,0,30441638,0
2021-07-26,430974,0,30872612,0
2021-07-27,440188,0,31312800,0
2021-07-28,391059,0,31703859,0
2021-07-29,372111,0,32075970,0
2021-07-30,341447,0,32417417,0
2021-07-31,286989,0,32704406,0
2021-08-01,190858,0,32895264,0
2021-08-02,333698,0,33228962,0
2021-08-03,323166,0,33552128,0
2021-08-04,310965,0,33863093,0
2021-08-05,292570,0,34155663,0
2021-08-06,259989,0,34415652,0
2021-08-07,198957,0,34614609,0
2021-08-08,153085,0,34767694,0
2021-08-09,234143,0,35001837,0
2021-08-10,205163,0,35207000,0
2021-08-11,193618,0,35400618,0
2021-08-12,167808,0,35568426,0
2021-08-13,148411,0,35716837,0
2021-08-14,66006,0,35782843,0
2021-08-15,26308,0,35809151,0
2021-08-16,114547,0,35923698,0
2021-08-17,129129,0,36052827,0
2021-08-18,128599,0,36181426,0
2021-08-19,124663,0,36306089,0
2021-08-20,123683,0,36429772,0
2021-08-21,83059,0,36512831,0
2021-08-22,68124,0,36580955,0
2021-08-23,176743,0,36757698,0
2021-08-24,156940,0,36914638,0
2021-08-25,177071,0,37091709,0
2021-08-26,172280,0,37263989,0
2021-08-27,185804,0,37449793,0
2021-08-28,140135,0,37589928,0
2021-08-29,98995,0,37688923,0
2021-08-30,209510,0,37898433,0
2021-08-31,194488,0,38092921,0
2021-09-01,192087,0,38285008,0
2021-09-02,189785,0,38474793,0
2021-09-03,191236,0,38666029,0
2021-09-04,131423,0,38797452,0
2021-09-05,87819,0,38885271,0
2021-09-06,193606,0,39078877,0
2021-09-07,195926,0,39274803,0
2021-09-08,187835,0,39462638,0
2021-09-09,201391,0,39664029,0
2021-09-10,198003,0,39862032,0
2021-09-11,141223,0,40003255,0
2021-09-12,89540,0,40092795,0
2021-09-13,191136,348,40283931,348
2021-09-14,177200,430,40461131,778
2021-09-15,163004,457,40624135,1235
2021-09-16,159984,788,40784119,2023
2021-09-17,150000,1006,40934119,3029
2021-09-18,127795,657,41061914,3686
2021-09-19,81053,443,41142967,4129
2021-09-20,179843,8954,41322810,13083
2021-09-21,166382,8728,41489192,21811
2021-09-22,158814,9362,41648006,31173
2021-09-23,137792,9242,41785798,40415
2021-09-24,140283,8862,41926081,49277
2021-09-25,119357,5555,42045438,54832
2021-09-26,71802,4299,42117240,59131
2021-09-27,135381,9976,42252621,69107
2021-09-28,117241,11318,42369862,80425
2021-09-29,112059,11762,42481921,92187
2021-09-30,109985,14852,42591906,107039
2021-10-01,94750,19039,42686656,126078
2021-10-02,78253,13986,42764909,140064
2021-10-03,47584,7630,42812493,147694
2021-10-04,88152,34369,42900645,182063
2021-10-05,80195,33911,42980840,215974
2021-10-06,71787,34082,43052627,250056
2021-10-07,71564,34291,43124191,284347
2021-10-08,80408,33497,43204599,317844
2021-10-09,75880,22114,43280479,339958
2021-10-10,45658,13590,43326137,353548
2021-10-11,87187,41011,43413324,394559
2021-10-12,84274,46812,43497598,441371
2021-10-13,87952,52022,43585550,493393
2021-10-14,91248,58389,43676798,551782
2021-10-15,93303,55493,43770101,607275
2021-10-16,82710,36717,43852811,643992
2021-10-17,51298,23789,43904109,667781
2021-10-18,90123,59344,43994232,727125
2021-10-19,78157,69314,44072389,796439
2021-10-20,74871,78048,44147260,874487
2021-10-21,78110,81633,44225370,956120
2021-10-22,73679,76915,44299049,1033035
2021-10-23,60658,51907,44359707,1084942
2021-10-24,33328,23405,44393035,1108347
2021-10-25,64809,81554,44457844,1189901
2021-10-26,58263,91679,44516107,1281580
2021-10-27,58218,103873,44574325,1385453
2021-10-28,61335,113971,44635660,1499424
2021-10-29,61591,102980,44697251,1602404
2021-10-30,50576,68040,44747827,1670444
2021-10-31,25131,28251,44772958,1698695
2021-11-01,19020,28121,44791978,1726816
2021-11-02,62722,89250,44854700,1816066
2021-11-03,60645,118551,44915345,1934617
2021-11-04,59144,126524,44974489,2061141
2021-11-05,62995,135058,45037484,2196199
2021-11-06,46375,90833,45083859,2287032
2021-11-07,22210,37859,45106069,2324891
2021-11-08,51408,131211,45157477,2456102
2021-11-09,45335,144037,45202812,2600139
2021-11-10,42507,156149,45245319,2756288
2021-11-11,44831,155044,45290150,2911332
2021-11-12,46251,158480,45336401,3069812
2021-11-13,33162,116634,45369563,3186446
2021-11-14,14446,52413,45384009,3238859
2021-11-15,36803,157292,45420812,3396151
2021-11-16,30458,171305,45451270,3567456
2021-11-17,28338,178364,45479608,3745820
2021-11-18,30121,193595,45509729,3939415
2021-11-19,28674,205714,45538403,4145129
2021-11-20,20891,156282,45559294,4301411
2021-11-21,10554,64811,45569848,4366222
2021-11-22,21833,213060,45591681,4579282
2021-11-23,23453,241619,45615134,4820901
2021-11-24,27696,270833,45642830,5091734
2021-11-25,23078,301801,45665908,5393535
2021-11-26,24417,318155,45690325,5711690
2021-11-27,21235,266035,45711560,5977725
2021-11-28,9833,136994,45721393,6114719
2021-11-29,22145,325944,45743538,6440663
2021-11-30,22906,365696,45766444,6806359
2021-12-01,21304,413423,45787748,7219782
2021-12-02,23557,440257,45811305,7660039
2021-12-03,25004,467259,45836309,8127298
2021-12-04,22177,418626,45858486,8545924
2021-12-05,11780,261278,45870266,8807202
2021-12-06,25529,457426,45895795,9264628
2021-12-07,23877,480074,45919672,9744702
2021-12-08,9883,249594,45929555,9994296
2021-12-09,31284,491801,45960839,10486097
2021-12-10,27818,517696,45988657,11003793
2021-12-11,23319,459166,46011976,11462959
2021-12-12,12152,293400,46024128,11756359
2021-12-13,25898,467468,46050026,12223827
2021-12-14,24912,494039,46074938,12717866
2021-12-15,25075,516969,46100013,13234835
2021-12-16,27524,520038,46127537,13754873
2021-12-17,29035,516937,46156572,14271810
2021-12-18,26695,468544,46183267,14740354
2021-12-19,14935,300434,46198202,15040788
2021-12-20,30290,477311,46228492,15518099
2021-12-21,30065,493180,46258557,16011279
2021-12-22,29099,484514,46287656,16495793
2021-12-23,27884,426769,46315540,16922562
2021-12-24,12981,210745,46328521,17133307
2021-12-25,2088,33043,46330609,17166350
2021-12-26,8658,159027,46339267,17325377
2021-12-27,46395,504494,46385662,17829871
2021-12-28,41955,554059,46427617,18383930
2021-12-29,33761,550498,46461378,18934428
2021-12-30,31338,499668,46492716,19434096
2021-12-31,13662,247331,46506378,19681427
2022-01-01,3428,64789,46509806,19746216
2022-01-02,22360,276672,46532166,20022888
2022-01-03,47041,520825,46579207,20543713
2022-01-04,45541,572842,46624748,21116555
2022-01-05,39713,561119,46664461,21677674
2022-01-06,22810,274376,46687271,21952050
2022-01-07,62373,554880,46749644,22506930
2022-01-08,59369,503218,46809013,23010148
2022-01-09,41542,319596,46850555,23329744
2022-01-10,59857,542950,46910412,23872694
2022-01-11,60213,587683,46970625,24460377
2022-01-12,56798,581935,47027423,25042312
2022-01-13,56987,581007,47084410,25623319
2022-01-14,44927,588995,47129337,26212314
2022-01-15,37052,569378,47166389,26781692
2022-01-16,29674,341382,47196063,27123074
2022-01-17,53287,490308,47249350,27613382
2022-01-18,56934,518076,47306284,28131458
2022-01-19,55642,503388,47361926,28634846
2022-01-20,52793,499372,47414719,29134218
2022-01-21,40291,494391,47455010,29628609
2022-01-22,28907,469325,47483917,30097934
2022-01-23,33598,275190,47517515,30373124
2022-01-24,54817,437836,47572332,30810960
2022-01-25,60262,452733,47632594,31263693
2022-01-26,57079,436388,47689673,31700081
2022-01-27,47385,432877,47737058,32132958
2022-01-28,57126,437131,47794184,32570089
2022-01-29,66286,411915,47860470,32982004
2022-01-30,49106,235663,47909576,33217667
2022-01-31,59118,357592,47968694,33575259
2022-02-01,64330,329064,48033024,33904323
2022-02-02,62071,297384,48095095,34201707
2022-02-03,59152,274978,48154247,34476685
2022-02-04,71413,268794,48225660,34745479
2022-02-05,82448,248132,48308108,34993611
2022-02-06,54579,116061,48362687,35109672
2022-02-07,64411,200471,48427098,35310143
2022-02-08,66084,186599,48493182,35496742
2022-02-09,58038,166721,48551220,35663463
2022-02-10,57843,163485,48609063,35826948
2022-02-11,61572,162644,48670635,35989592
2022-02-12,71189,151883,48741824,36141475
2022-02-13,41026,68642,48782850,36210117
2022-02-14,46196,116539,48829046,36326656
2022-02-15,47917,123636,48876963,36450292
2022-02-16,45124,106094,48922087,36556386
2022-02-17,42365,97919,48964452,36654305
2022-02-18,46089,112196,49010541,36766501
2022-02-19,52044,100114,49062585,36866615
2022-02-20,31209,40204,49093794,36906819
2022-02-21,37500,89305,49131294,36996124
2022-02-22,36624,81159,49167918,37077283