data_somministrazione,vaccinazioni,booster,cum_vaccinazioni,cum_booster
2020-12-27,18,0,18,0
2020-12-28,2,0,20,0
2020-12-29,1,0,21,0
2020-12-30,6,0,27,0
2020-12-31,54,0,81,0
2021-01-01,20,0,101,0
2021-01-02,90,0,191,0
2021-01-03,70,0,261,0
2021-01-04,185,0,446,0
2021-01-05,227,0,673,0
2021-01-06,178,0,851,0
2021-01-07,267,0,1118,0
2021-01-08,313,0,1431,0
2021-01-09,234,0,1665,0
2021-01-10,139,0,1804,0
2021-01-11,257,0,2061,0
2021-01-12,259,0,2320,0
2021-01-13,372,0,2692,0
2021-01-14,461,0,3153,0
2021-01-15,284,0,3437,0
2021-01-16,200,0,3637,0
2021-01-17,3055,0,6692,0
2021-01-18,5206,0,11898,0
2021-01-19,1890,0,13788,0
2021-01-20,4651,0,18439,0
2021-01-21,20007,0,38446,0
2021-01-22,14201,0,52647,0
2021-01-23,33340,0,85987,0
2021-01-24,30794,0,116781,0
2021-01-25,64744,0,181525,0
2021-01-26,76506,0,258031,0
2021-01-27,64851,0,322882,0
2021-01-28,89311,0,412193,0
2021-01-29,94045,0,506238,0
2021-01-30,86584,0,592822,0
2021-01-31,57344,0,650166,0
2021-02-01,81880,0,732046,0
2021-02-02,82149,0,814195,0
2021-02-03,91201,0,905396,0
2021-02-04,95405,0,1000801,0
2021-02-05,90290,0,1091091,0
2021-02-06,63451,0,1154542,0
2021-02-07,32925,0,1187467,0
2021-02-08,40432,0,1227899,0
2021-02-09,32864,0,1260763,0
2021-02-10,28413,0,1289176,0
2021-02-11,20380,0,1309556,0
2021-02-12,16220,0,1325776,0
2021-02-13,7244,0,1333020,0
2021-02-14,2861,0,1335881,0
2021-02-15,6835,0,1342716,0
2021-02-16,6990,0,1349706,0
2021-02-17,10517,0,1360223,0
2021-02-18,9242,0,1369465,0
2021-02-19,8231,0,1377696,0
2021-02-20,5532,0,1383228,0
2021-02-21,2976,0,1386204,0
2021-02-22,6877,0,1393081,0
2021-02-23,7154,0,1400235,0
2021-02-24,9822,0,1410057,0
2021-02-25,14199,0,1424256,0
2021-02-26,17547,0,1441803,0
2021-02-27,13894,0,1455697,0
2021-02-28,9384,0,1465081,0
2021-03-01,26504,0,1491585,0
2021-03-02,33231,0,1524816,0
2021-03-03,44643,0,1569459,0
2021-03-04,50287,0,1619746,0
2021-03-05,55734,0,1675480,0
2021-03-06,41869,0,1717349,0
2021-03-07,22319,0,1739668,0
2021-03-08,50787,0,1790455,0
2021-03-09,53056,0,1843511,0
2021-03-10,58619,0,1902130,0
2021-03-11,63824,0,1965954,0
2021-03-12,65087,0,2031041,0
2021-03-13,51698,0,2082739,0
2021-03-14,35382,0,2118121,0
2021-03-15,73421,0,2191542,0
2021-03-16,74021,0,2265563,0
2021-03-17,83128,0,2348691,0
2021-03-18,81618,0,2430309,0
2021-03-19,81077,0,2511386,0
2021-03-20,64701,0,2576087,0
2021-03-21,47284,0,2623371,0
2021-03-22,69467,0,2692838,0
2021-03-23,75775,0,2768613,0
2021-03-24,90879,0,2859492,0
2021-03-25,89776,0,2949268,0
2021-03-26,83598,0,3032866,0
2021-03-27,71905,0,3104771,0
2021-03-28,44115,0,3148886,0
2021-03-29,70796,0,3219682,0
2021-03-30,81346,0,3301028,0
2021-03-31,96202,0,3397230,0
2021-04-01,95287,0,3492517,0
2021-04-02,84062,0,3576579,0
2021-04-03,64294,0,3640873,0
2021-04-04,21715,0,3662588,0
2021-04-05,40294,0,3702882,0
2021-04-06,81290,0,3784172,0
2021-04-07,95793,0,3879965,0
2021-04-08,95217,0,3975182,0
2021-04-09,88467,0,4063649,0
2021-04-10,74018,0,4137667,0
2021-04-11,44743,0,4182410,0
2021-04-12,66900,0,4249310,0
2021-04-13,72552,0,4321862,0
2021-04-14,85513,0,4407375,0
2021-04-15,105395,0,4512770,0
2021-04-16,106402,0,4619172,0
2021-04-17,90477,0,4709649,0
2021-04-18,58580,0,4768229,0
2021-04-19,93426,0,4861655,0
2021-04-20,103757,0,4965412,0
2021-04-21,125319,0,5090731,0
2021-04-22,143499,0,5234230,0
2021-04-23,138705,0,5372935,0
2021-04-24,124428,0,5497363,0
2021-04-25,61448,0,5558811,0
2021-04-26,97869,0,5656680,0
2021-04-27,128345,0,5785025,0
2021-04-28,156346,0,5941371,0
2021-04-29,195568,0,6136939,0
2021-04-30,214549,0,6351488,0
2021-05-01,174084,0,6525572,0
2021-05-02,135785,0,6661357,0
2021-05-03,141993,0,6803350,0
2021-05-04,158675,0,6962025,0
2021-05-05,170460,0,7132485,0
2021-05-06,197782,0,7330267,0
2021-05-07,213795,0,7544062,0
2021-05-08,213367,0,7757429,0
2021-05-09,143189,0,7900618,0
2021-05-10,165063,0,8065681,0
2021-05-11,174942,0,8240623,0
2021-05-12,179126,0,8419749,0
2021-05-13,203342,0,8623091,0
2021-05-14,222879,0,8845970,0
2021-05-15,210321,0,9056291,0
2021-05-16,159250,0,9215541,0
2021-05-17,219168,0,9434709,0
2021-05-18,212989,0,9647698,0
2021-05-19,207050,0,9854748,0
2021-05-20,270831,0,10125579,0
2021-05-21,270844,0,10396423,0
2021-05-22,245505,0,10641928,0
2021-05-23,197167,0,10839095,0
2021-05-24,228279,0,11067374,0
2021-05-25,245673,0,11313047,0
2021-05-26,277472,0,11590519,0
2021-05-27,311065,0,11901584,0
2021-05-28,299543,0,12201127,0
2021-05-29,231184,0,12432311,0
2021-05-30,170808,0,12603119,0
2021-05-31,216387,0,12819506,0
2021-06-01,207619,0,13027125,0
2021-06-02,115755,0,13142880,0
2021-06-03,180077,0,13322957,0
2021-06-04,184822,0,13507779,0
2021-06-05,185900,0,13693679,0
2021-06-06,139489,0,13833168,0
2021-06-07,161800,0,13994968,0
2021-06-08,171129,0,14166097,0
2021-06-09,171387,0,14337484,0
2021-06-10,173996,0,14511480,0
2021-06-11,169902,0,14681382,0
2021-06-12,128282,0,14809664,0
2021-06-13,91113,0,14900777,0
2021-06-14,214619,0,15115396,0
2021-06-15,228352,0,15343748,0
2021-06-16,253012,0,15596760,0
2021-06-17,301676,0,15898436,0
2021-06-18,306230,0,16204666,0
2021-06-19,275026,0,16479692,0
2021-06-20,220702,0,16700394,0
2021-06-21,288011,0,16988405,0
2021-06-22,296165,0,17284570,0
2021-06-23,302649,0,17587219,0
2021-06-24,332534,0,17919753,0
2021-06-25,348679,0,18268432,0
2021-06-26,300074,0,18568506,0
2021-06-27,228599,0,18797105,0
2021-06-28,307013,0,19104118,0
2021-06-29,329206,0,19433324,0
2021-06-30,342074,0,19775398,0
2021-07-01,363133,0,20138531,0
2021-07-02,368419,0,20506950,0
2021-07-03,371054,0,20878004,0
2021-07-04,283184,0,21161188,0
2021-07-05,384495,0,21545683,0
2021-07-06,385421,0,21931104,0
2021-07-07,412048,0,22343152,0
2021-07-08,479631,0,22822783,0
2021-07-09,498506,0,23321289,0
2021-07-10,475178,0,23796467,0
2021-07-11,357703,0,24154170,0
2021-07-12,485920,0,24640090,0
2021-07-13,492156,0,25132246,0
2021-07-14,480483,0,25612729,0
2021-07-15,523516,0,26136245,0
2021-07-16,509792,0,26646037,0
2021-07-17,464374,0,27110411,0
2021-07-18,364707,0,27475118,0
2021-07-19,463081,0,27938199,0
2021-07-20,458096,0,28396295,0
2021-07-21,462820,0,28859115,0
2021-07-22,475398,0,29334513,0
2021-07-23,441310,0,29775823,0
2021-07-24,386189,0,30162012,0
2021-07-25,287608,0,30449620,0
2021-07-26,430907,0,30880527,0
2021-07-27,440128,0,31320655,0
2021-07-28,391025,0,31711680,0
2021-07-29,372079,0,32083759,0
2021-07-30,341488,0,32425247,0
2021-07-31,286997,0,32712244,0
2021-08-01,191017,0,32903261,0
2021-08-02,333724,0,33236985,0
2021-08-03,323181,0,33560166,0
2021-08-04,310962,0,33871128,0
2021-08-05,292512,0,34163640,0
2021-08-06,259987,0,34423627,0
2021-08-07,199035,0,34622662,0
2021-08-08,153101,0,34775763,0
2021-08-09,234071,0,35009834,0
2021-08-10,205240,0,35215074,0
2021-08-11,193738,0,35408812,0
2021-08-12,167952,0,35576764,0
2021-08-13,148580,0,35725344,0
2021-08-14,66081,0,35791425,0
2021-08-15,26330,0,35817755,0
2021-08-16,114665,0,35932420,0
2021-08-17,129232,0,36061652,0
2021-08-18,128723,0,36190375,0
2021-08-19,124774,0,36315149,0
2021-08-20,123778,0,36438927,0
2021-08-21,83105,0,36522032,0
2021-08-22,68162,0,36590194,0
2021-08-23,176866,0,36767060,0
2021-08-24,156896,0,36923956,0
2021-08-25,177161,0,37101117,0
2021-08-26,172343,0,37273460,0
2021-08-27,185858,0,37459318,0
2021-08-28,140267,0,37599585,0
2021-08-29,99008,0,37698593,0
2021-08-30,209635,0,37908228,0
2021-08-31,194625,0,38102853,0
2021-09-01,192212,0,38295065,0
2021-09-02,189937,0,38485002,0
2021-09-03,191351,0,38676353,0
2021-09-04,131491,0,38807844,0
2021-09-05,87876,0,38895720,0
2021-09-06,193665,0,39089385,0
2021-09-07,196076,0,39285461,0
2021-09-08,187915,0,39473376,0
2021-09-09,201483,0,39674859,0
2021-09-10,198118,0,39872977,0
2021-09-11,141332,0,40014309,0
2021-09-12,89603,0,40103912,0
2021-09-13,191189,521,40295101,521
2021-09-14,177274,555,40472375,1076
2021-09-15,163129,558,40635504,1634
2021-09-16,160101,901,40795605,2535
2021-09-17,150172,1096,40945777,3631
2021-09-18,127975,719,41073752,4350
2021-09-19,81130,483,41154882,4833
2021-09-20,180077,9055,41334959,13888
2021-09-21,166618,8819,41501577,22707
2021-09-22,159072,9417,41660649,32124
2021-09-23,138069,9308,41798718,41432
2021-09-24,140529,8943,41939247,50375
2021-09-25,119538,5624,42058785,55999
2021-09-26,71946,4333,42130731,60332
2021-09-27,135623,10033,42266354,70365
2021-09-28,117476,11371,42383830,81736
2021-09-29,112310,11821,42496140,93557
2021-09-30,110216,14930,42606356,108487
2021-10-01,94964,19098,42701320,127585
2021-10-02,78461,14011,42779781,141596
2021-10-03,47717,7651,42827498,149247
2021-10-04,88369,34438,42915867,183685
2021-10-05,80355,33963,42996222,217648
2021-10-06,71971,34149,43068193,251797
2021-10-07,71840,34338,43140033,286135
2021-10-08,80614,33582,43220647,319717
2021-10-09,76091,22161,43296738,341878
2021-10-10,45769,13611,43342507,355489
2021-10-11,87396,41094,43429903,396583
2021-10-12,84479,46887,43514382,443470
2021-10-13,88182,52098,43602564,495568
2021-10-14,91519,58488,43694083,554056
2021-10-15,93577,55607,43787660,609663
2021-10-16,82951,36771,43870611,646434
2021-10-17,51456,23820,43922067,670254
2021-10-18,90289,59468,44012356,729722
2021-10-19,78333,69365,44090689,799087
2021-10-20,75073,78147,44165762,877234
2021-10-21,78307,81736,44244069,958970
2021-10-22,73796,77006,44317865,1035976
2021-10-23,60812,51945,44378677,1087921
2021-10-24,33382,23440,44412059,1111361
2021-10-25,64903,81615,44476962,1192976
2021-10-26,58368,91768,44535330,1284744
2021-10-27,58327,103955,44593657,1388699
2021-10-28,61464,114094,44655121,1502793
2021-10-29,61665,103097,44716786,1605890
2021-10-30,50672,68107,44767458,1673997
2021-10-31,25168,28280,44792626,1702277
2021-11-01,19048,28145,44811674,1730422
2021-11-02,62774,89357,44874448,1819779
2021-11-03,60731,118653,44935179,1938432
2021-11-04,59243,126650,44994422,2065082
2021-11-05,63097,135162,45057519,2200244
2021-11-06,46470,90920,45103989,2291164
2021-11-07,22253,37891,45126242,2329055
2021-11-08,51524,131252,45177766,2460307
2021-11-09,45402,144184,45223168,2604491
2021-11-10,42574,156340,45265742,2760831
2021-11-11,44932,155127,45310674,2915958
2021-11-12,46367,158559,45357041,3074517
2021-11-13,33254,116638,45390295,3191155
2021-11-14,14477,52445,45404772,3243600
2021-11-15,36895,157413,45441667,3401013
2021-11-16,30541,171366,45472208,3572379
2021-11-17,28442,178427,45500650,3750806
2021-11-18,30275,193706,45530925,3944512
2021-11-19,28787,205841,45559712,4150353
2021-11-20,20986,156433,45580698,4306786
2021-11-21,10603,64854,45591301,4371640
2021-11-22,21920,213137,45613221,4584777
2021-11-23,23555,241736,45636776,4826513
2021-11-24,27822,270935,45664598,5097448
2021-11-25,23218,301892,45687816,5399340
2021-11-26,24559,318256,45712375,5717596
2021-11-27,21363,266145,45733738,5983741
2021-11-28,9889,137052,45743627,6120793
2021-11-29,22306,326057,45765933,6446850
2021-11-30,23065,365816,45788998,6812666
2021-12-01,21501,413492,45810499,7226158
2021-12-02,23738,440382,45834237,7666540
2021-12-03,25208,467447,45859445,8133987
2021-12-04,22332,418719,45881777,8552706
2021-12-05,11900,261330,45893677,8814036
2021-12-06,25790,457551,45919467,9271587
2021-12-07,24093,480239,45943560,9751826
2021-12-08,9983,249676,45953543,10001502
2021-12-09,31538,491906,45985081,10493408
2021-12-10,28027,517849,46013108,11011257
2021-12-11,23532,459234,46036640,11470491
2021-12-12,12284,293490,46048924,11763981
2021-12-13,26116,467612,46075040,12231593
2021-12-14,25139,494180,46100179,12725773
2021-12-15,25291,517125,46125470,13242898
2021-12-16,27844,520227,46153314,13763125
2021-12-17,29309,517149,46182623,14280274
2021-12-18,26998,468706,46209621,14748980
2021-12-19,15118,300508,46224739,15049488
2021-12-20,30585,477457,46255324,15526945
2021-12-21,30319,493364,46285643,16020309
2021-12-22,29397,484688,46315040,16504997
2021-12-23,28186,426886,46343226,16931883
2021-12-24,13098,210815,46356324,17142698
2021-12-25,2101,33052,46358425,17175750
2021-12-26,8744,159062,46367169,17334812
2021-12-27,46714,504639,46413883,17839451
2021-12-28,42388,554187,46456271,18393638
2021-12-29,34248,550627,46490519,18944265
2021-12-30,31756,499809,46522275,19444074
2021-12-31,14080,247390,46536355,19691464
2022-01-01,3488,64811,46539843,19756275
2022-01-02,22701,276716,46562544,20032991
2022-01-03,47706,520006,46610250,20552997
2022-01-04,46211,572063,46656461,21125060
2022-01-05,40610,560373,46697071,21685433
2022-01-06,23402,274477,46720473,21959910
2022-01-07,63523,554174,46783996,22514084
2022-01-08,60672,503368,46844668,23017452
2022-01-09,42690,319681,46887358,23337133
2022-01-10,60920,542264,46948278,23879397
2022-01-11,61531,586979,47009809,24466376
2022-01-12,58271,581267,47068080,25047643
2022-01-13,58413,580364,47126493,25628007
2022-01-14,46597,588548,47173090,26216555
2022-01-15,39134,569928,47212224,26786483
2022-01-16,31050,341846,47243274,27128329
2022-01-17,54630,489640,47297904,27617969
2022-01-18,58246,517001,47356150,28134970
2022-01-19,57066,502774,47413216,28637744
2022-01-20,54205,498804,47467421,29136548
2022-01-21,41919,493856,47509340,29630404
2022-01-22,31019,469584,47540359,30099988
2022-01-23,34823,275361,47575182,30375349
2022-01-24,56084,437203,47631266,30812552
2022-01-25,61446,452077,47692712,31264629
2022-01-26,58439,435807,47751151,31700436
2022-01-27,48756,432348,47799907,32132784
2022-01-28,58564,436519,47858471,32569303
2022-01-29,67996,412473,47926467,32981776
2022-01-30,50298,235960,47976765,33217736
2022-01-31,60490,356915,48037255,33574651
2022-02-01,65438,328420,48102693,33903071
2022-02-02,63093,296950,48165786,34200021
2022-02-03,59970,274506,48225756,34474527
2022-02-04,72283,268435,48298039,34742962
2022-02-05,83671,248520,48381710,34991482
2022-02-06,55226,116192,48436936,35107674
2022-02-07,65076,199925,48502012,35307599
2022-02-08,66868,186100,48568880,35493699
2022-02-09,58695,166327,48627575,35660026
2022-02-10,58489,163228,48686064,35823254
2022-02-11,62170,162448,48748234,35985702
2022-02-12,71914,152133,48820148,36137835
2022-02-13,41444,68848,48861592,36206683
2022-02-14,46634,116180,48908226,36322863
2022-02-15,48475,123477,48956701,36446340
2022-02-16,45634,106106,49002335,36552446
2022-02-17,42832,98097,49045167,36650543
2022-02-18,46574,112564,49091741,36763107
2022-02-19,52498,100325,49144239,36863432
2022-02-20,31404,40356,49175643,36903788
2022-02-21,37874,89637,49213517,36993425
2022-02-22,37183,83764,49250700,37077189
2022-02-23,33364,79400,49284064,37156589
2022-02-24,32536,78159,49316600,37234748
2022-02-25,34734,90701,49351334,37325449
2022-02-26,39132,89131,49390466,37414580
2022-02-27,22535,35855,49413001,37450435
2022-02-28,28453,81689,49441454,37532124
2022-03-01,22680,53932,49464134,37586056
2022-03-02,21977,50624,49486111,37636680
2022-03-03,22585,54940,49508696,37691620
2022-03-04,23201,62788,49531897,37754408
2022-03-05,23765,57949,49555662,37812357
2022-03-06,9468,17199,49565130,37829556
2022-03-07,15888,51387,49581018,37880943
2022-03-08,15435,48796,49596453,37929739
2022-03-09,13788,46511,49610241,37976250
2022-03-10,14016,52115,49624257,38028365
2022-03-11,15549,57246,49639806,38085611
2022-03-12,15478,56611,49655284,38142222
2022-03-13,5540,16848,49660824,38159070
2022-03-14,10513,46690,49671337,38205760
2022-03-15,10523,46892,49681860,38252652
2022-03-16,9463,41975,49691323,38294627
2022-03-17,9693,44875,49701016,38339502
2022-03-18,10145,49046,49711161,38388548
2022-03-19,9139,46531,49720300,38435079
2022-03-20,2603,11699,49722903,38446778
2022-03-21,7565,40220,49730468,38486998
2022-03-22,8431,37744,49738899,38524742
2022-03-23,7201,33695,49746100,38558437
2022-03-24,8239,38792,49754339,38597229
2022-03-25,8111,43660,49762450,38640889
2022-03-26,8117,41717,49770567,38682606
2022-03-27,2425,9683,49772992,38692289
2022-03-28,6093,35228,49779085,38727517
2022-03-29,5771,32522,49784856,38760039
2022-03-30,5550,30193,49790406,38790232
2022-03-31,5875,33168,49796281,38823400
2022-04-01,4339,25178,49800620,38848578
2022-04-02,4485,23270,49805105,38871848
2022-04-03,1046,4499,49806151,38876347
2022-04-04,3648,21532,49809799,38897879
2022-04-05,3743,22922,49813542,38920801
2022-04-06,4093,21837,49817635,38942638
2022-04-07,3949,23318,49821584,38965956
2022-04-08,4681,26708,49826265,38992664
2022-04-09,4373,23883,49830638,39016547
2022-04-10,892,4614,49831530,39021161
2022-04-11,3798,22681,49835328,39043842
2022-04-12,3351,21774,49838679,39065616
2022-04-13,3552,21334,49842231,39086950
2022-04-14,3477,23772,49845708,39110722
2022-04-15,3075,20613,49848783,39131335
2022-04-16,2145,11920,49850928,39143255
2022-04-17,63,348,49850991,39143603
2022-04-18,148,650,49851139,39144253
2022-04-19,3480,21976,49854619,39166229
2022-04-20,3491,20249,49858110,39186478
2022-04-21,2834,19773,49860944,39206251
2022-04-22,2912,20695,49863856,39226946
2022-04-23,2634,16205,49866490,39243151
2022-04-24,509,2335,49866999,39245486
2022-04-25,183,1165,49867182,39246651
2022-04-26,2757,17789,49869939,39264440
2022-04-27,2362,15777,49872301,39280217
2022-04-28,2345,15533,49874646,39295750
2022-04-29,2287,14831,49876933,39310581
2022-04-30,2116,11577,49879049,39322158
2022-05-01,113,530,49879162,39322688
2022-05-02,1443,9380,49880605,39332068
2022-05-03,1569,10307,49882174,39342375
2022-05-04,1744,10254,49883918,39352629
2022-05-05,1647,10273,49885565,39362902
2022-05-06,1693,10943,49887258,39373845
2022-05-07,1431,8561,49888689,39382406
2022-05-08,404,1514,49889093,39383920
2022-05-09,1023,8915,49890116,39392835
2022-05-10,1418,9536,49891534,39402371
2022-05-11,1476,10087,49893010,39412458
2022-05-12,1362,10119,49894372,39422577
2022-05-13,1587,10505,49895959,39433082
2022-05-14,1355,8226,49897314,39441308
2022-05-15,336,1129,49897650,39442437
2022-05-16,809,8388,49898459,39450825
2022-05-17,1239,8665,49899698,39459490
2022-05-18,1368,9208,49901066,39468698
2022-05-19,1496,9266,49902562,39477964
2022-05-20,1419,9488,49903981,39487452
2022-05-21,1299,7891,49905280,39495343
2022-05-22,231,1012,49905511,39496355
2022-05-23,824,8259,49906335,39504614
2022-05-24,1069,8663,49907404,39513277
2022-05-25,1363,9443,49908767,39522720
2022-05-26,1192,9452,49909959,39532172
2022-05-27,1223,9908,49911182,39542080
2022-05-28,1201,7873,49912383,39549953
2022-05-29,285,1263,49912668,39551216
2022-05-30,926,8023,49913594,39559239
2022-05-31,1032,8529,49914626,39567768
2022-06-01,890,7643,49915516,39575411
2022-06-02,35,474,49915551,39575885
2022-06-03,811,7327,49916362,39583212
2022-06-04,869,5155,49917231,39588367
2022-06-05,89,586,49917320,39588953
2022-06-06,670,6964,49917990,39595917
2022-06-07,928,7841,49918918,39603758
2022-06-08,977,7897,49919895,39611655
2022-06-09,1031,8398,49920926,39620053
2022-06-10,949,8534,49921875,39628587
2022-06-11,897,6208,49922772,39634795
2022-06-12,140,767,49922912,39635562
2022-06-13,601,6293,49923513,39641855
2022-06-14,824,7878,49924337,39649733
2022-06-15,949,7842,49925286,39657575
2022-06-16,726,7382,49926012,39664957
2022-06-17,715,7232,49926727,39672189
2022-06-18,776,5587,49927503,39677776
2022-06-19,47,522,49927550,39678298
2022-06-20,587,6694,49928137,39684992
2022-06-21,730,7636,49928867,39692628
2022-06-22,775,7299,49929642,39699927
2022-06-23,646,7455,49930288,39707382
2022-06-24,640,7465,49930928,39714847
2022-06-25,835,6531,49931763,39721378
2022-06-26,128,523,49931891,39721901
2022-06-27,530,7113,49932421,39729014
2022-06-28,743,8206,49933164,39737220
2022-06-29,754,7711,49933918,39744931
2022-06-30,741,8129,49934659,39753060
2022-07-01,576,6435,49935235,39759495
2022-07-02,536,4763,49935771,39764258
2022-07-03,49,456,49935820,39764714
2022-07-04,467,6261,49936287,39770975
2022-07-05,617,8104,49936904,39779079
2022-07-06,623,7589,49937527,39786668
2022-07-07,561,8247,49938088,39794915
2022-07-08,667,8067,49938755,39802982
2022-07-09,548,6103,49939303,39809085
2022-07-10,58,533,49939361,39809618
2022-07-11,475,7624,49939836,39817242
2022-07-12,651,8965,49940487,39826207
2022-07-13,625,10053,49941112,39836260
2022-07-14,618,10179,49941730,39846439
2022-07-15,616,10617,49942346,39857056
2022-07-16,511,7194,49942857,39864250
2022-07-17,48,767,49942905,39865017
2022-07-18,495,9327,49943400,39874344
2022-07-19,557,10609,49943957,39884953
2022-07-20,556,11207,49944513,39896160
2022-07-21,617,11955,49945130,39908115
2022-07-22,562,11170,49945692,39919285
2022-07-23,374,6725,49946066,39926010
2022-07-24,75,834,49946141,39926844
2022-07-25,490,9010,49946631,39935854
2022-07-26,513,9671,49947144,39945525
2022-07-27,523,10044,49947667,39955569
2022-07-28,517,10338,49948184,39965907
2022-07-29,499,9264,49948683,39975171
2022-07-30,376,5777,49949059,39980948
2022-07-31,49,735,49949108,39981683
2022-08-01,379,6765,49949487,39988448
2022-08-02,520,7282,49950007,39995730
2022-08-03,320,3612,49950327,39999342