data_somministrazione,vaccinazioni,booster,cum_vaccinazioni,cum_booster
2020-12-27,22,0,22,0
2020-12-28,2,0,24,0
2020-12-29,1,0,25,0
2020-12-30,8,0,33,0
2020-12-31,84,0,117,0
2021-01-01,27,0,144,0
2021-01-02,154,0,298,0
2021-01-03,118,0,416,0
2021-01-04,250,0,666,0
2021-01-05,295,0,961,0
2021-01-06,267,0,1228,0
2021-01-07,336,0,1564,0
2021-01-08,392,0,1956,0
2021-01-09,299,0,2255,0
2021-01-10,179,0,2434,0
2021-01-11,315,0,2749,0
2021-01-12,295,0,3044,0
2021-01-13,427,0,3471,0
2021-01-14,509,0,3980,0
2021-01-15,330,0,4310,0
2021-01-16,226,0,4536,0
2021-01-17,3065,0,7601,0
2021-01-18,5222,0,12823,0
2021-01-19,1897,0,14720,0
2021-01-20,4660,0,19380,0
2021-01-21,20002,0,39382,0
2021-01-22,14219,0,53601,0
2021-01-23,33314,0,86915,0
2021-01-24,30771,0,117686,0
2021-01-25,64693,0,182379,0
2021-01-26,76451,0,258830,0
2021-01-27,64802,0,323632,0
2021-01-28,89236,0,412868,0
2021-01-29,93984,0,506852,0
2021-01-30,86533,0,593385,0
2021-01-31,57315,0,650700,0
2021-02-01,81828,0,732528,0
2021-02-02,82126,0,814654,0
2021-02-03,91097,0,905751,0
2021-02-04,95378,0,1001129,0
2021-02-05,90264,0,1091393,0
2021-02-06,63451,0,1154844,0
2021-02-07,32935,0,1187779,0
2021-02-08,40420,0,1228199,0
2021-02-09,32882,0,1261081,0
2021-02-10,28443,0,1289524,0
2021-02-11,20410,0,1309934,0
2021-02-12,16254,0,1326188,0
2021-02-13,7287,0,1333475,0
2021-02-14,2862,0,1336337,0
2021-02-15,6852,0,1343189,0
2021-02-16,7009,0,1350198,0
2021-02-17,10528,0,1360726,0
2021-02-18,9261,0,1369987,0
2021-02-19,8259,0,1378246,0
2021-02-20,5593,0,1383839,0
2021-02-21,3017,0,1386856,0
2021-02-22,6885,0,1393741,0
2021-02-23,7191,0,1400932,0
2021-02-24,9817,0,1410749,0
2021-02-25,14218,0,1424967,0
2021-02-26,17563,0,1442530,0
2021-02-27,13929,0,1456459,0
2021-02-28,9400,0,1465859,0
2021-03-01,26535,0,1492394,0
2021-03-02,33246,0,1525640,0
2021-03-03,44653,0,1570293,0
2021-03-04,50304,0,1620597,0
2021-03-05,55747,0,1676344,0
2021-03-06,41885,0,1718229,0
2021-03-07,22332,0,1740561,0
2021-03-08,50839,0,1791400,0
2021-03-09,53095,0,1844495,0
2021-03-10,58702,0,1903197,0
2021-03-11,63899,0,1967096,0
2021-03-12,65153,0,2032249,0
2021-03-13,51733,0,2083982,0
2021-03-14,35429,0,2119411,0
2021-03-15,73467,0,2192878,0
2021-03-16,74031,0,2266909,0
2021-03-17,83150,0,2350059,0
2021-03-18,81632,0,2431691,0
2021-03-19,81092,0,2512783,0
2021-03-20,64749,0,2577532,0
2021-03-21,47316,0,2624848,0
2021-03-22,69508,0,2694356,0
2021-03-23,75826,0,2770182,0
2021-03-24,90945,0,2861127,0
2021-03-25,89832,0,2950959,0
2021-03-26,83649,0,3034608,0
2021-03-27,71965,0,3106573,0
2021-03-28,44197,0,3150770,0
2021-03-29,70853,0,3221623,0
2021-03-30,81424,0,3303047,0
2021-03-31,96273,0,3399320,0
2021-04-01,95345,0,3494665,0
2021-04-02,84090,0,3578755,0
2021-04-03,64315,0,3643070,0
2021-04-04,21727,0,3664797,0
2021-04-05,40330,0,3705127,0
2021-04-06,81361,0,3786488,0
2021-04-07,95854,0,3882342,0
2021-04-08,95271,0,3977613,0
2021-04-09,88510,0,4066123,0
2021-04-10,74044,0,4140167,0
2021-04-11,44770,0,4184937,0
2021-04-12,66928,0,4251865,0
2021-04-13,72606,0,4324471,0
2021-04-14,85560,0,4410031,0
2021-04-15,105427,0,4515458,0
2021-04-16,106444,0,4621902,0
2021-04-17,90538,0,4712440,0
2021-04-18,58601,0,4771041,0
2021-04-19,93449,0,4864490,0
2021-04-20,103784,0,4968274,0
2021-04-21,125345,0,5093619,0
2021-04-22,143540,0,5237159,0
2021-04-23,138769,0,5375928,0
2021-04-24,124457,0,5500385,0
2021-04-25,61472,0,5561857,0
2021-04-26,97921,0,5659778,0
2021-04-27,128386,0,5788164,0
2021-04-28,156408,0,5944572,0
2021-04-29,195629,0,6140201,0
2021-04-30,214626,0,6354827,0
2021-05-01,174153,0,6528980,0
2021-05-02,135821,0,6664801,0
2021-05-03,142093,0,6806894,0
2021-05-04,158725,0,6965619,0
2021-05-05,170559,0,7136178,0
2021-05-06,197841,0,7334019,0
2021-05-07,211995,0,7546014,0
2021-05-08,213451,0,7759465,0
2021-05-09,143229,0,7902694,0
2021-05-10,165109,0,8067803,0
2021-05-11,175018,0,8242821,0
2021-05-12,179244,0,8422065,0
2021-05-13,203446,0,8625511,0
2021-05-14,222960,0,8848471,0
2021-05-15,210401,0,9058872,0
2021-05-16,159301,0,9218173,0
2021-05-17,218866,0,9437039,0
2021-05-18,213034,0,9650073,0
2021-05-19,207107,0,9857180,0
2021-05-20,270920,0,10128100,0
2021-05-21,270919,0,10399019,0
2021-05-22,245551,0,10644570,0
2021-05-23,197199,0,10841769,0
2021-05-24,228328,0,11070097,0
2021-05-25,245703,0,11315800,0
2021-05-26,277578,0,11593378,0
2021-05-27,311112,0,11904490,0
2021-05-28,299596,0,12204086,0
2021-05-29,231264,0,12435350,0
2021-05-30,170861,0,12606211,0
2021-05-31,216451,0,12822662,0
2021-06-01,207649,0,13030311,0
2021-06-02,115816,0,13146127,0
2021-06-03,180197,0,13326324,0
2021-06-04,184948,0,13511272,0
2021-06-05,186030,0,13697302,0
2021-06-06,139610,0,13836912,0
2021-06-07,161934,0,13998846,0
2021-06-08,171323,0,14170169,0
2021-06-09,171549,0,14341718,0
2021-06-10,174194,0,14515912,0
2021-06-11,170077,0,14685989,0
2021-06-12,128427,0,14814416,0
2021-06-13,91265,0,14905681,0
2021-06-14,214724,0,15120405,0
2021-06-15,228482,0,15348887,0
2021-06-16,253129,0,15602016,0
2021-06-17,301810,0,15903826,0
2021-06-18,306366,0,16210192,0
2021-06-19,275156,0,16485348,0
2021-06-20,220837,0,16706185,0
2021-06-21,288129,0,16994314,0
2021-06-22,296280,0,17290594,0
2021-06-23,302726,0,17593320,0
2021-06-24,332635,0,17925955,0
2021-06-25,348748,0,18274703,0
2021-06-26,300159,0,18574862,0
2021-06-27,228719,0,18803581,0
2021-06-28,307178,0,19110759,0
2021-06-29,329370,0,19440129,0
2021-06-30,342247,0,19782376,0
2021-07-01,363270,0,20145646,0
2021-07-02,368524,0,20514170,0
2021-07-03,371111,0,20885281,0
2021-07-04,283258,0,21168539,0
2021-07-05,384572,0,21553111,0
2021-07-06,385502,0,21938613,0
2021-07-07,412148,0,22350761,0
2021-07-08,479582,0,22830343,0
2021-07-09,498452,0,23328795,0
2021-07-10,475172,0,23803967,0
2021-07-11,357685,0,24161652,0
2021-07-12,485869,0,24647521,0
2021-07-13,492052,0,25139573,0
2021-07-14,480425,0,25619998,0
2021-07-15,523398,0,26143396,0
2021-07-16,509729,0,26653125,0
2021-07-17,464311,0,27117436,0
2021-07-18,364617,0,27482053,0
2021-07-19,463027,0,27945080,0
2021-07-20,458028,0,28403108,0
2021-07-21,462788,0,28865896,0
2021-07-22,475367,0,29341263,0
2021-07-23,441317,0,29782580,0
2021-07-24,386141,0,30168721,0
2021-07-25,287529,0,30456250,0
2021-07-26,430880,0,30887130,0
2021-07-27,440102,0,31327232,0
2021-07-28,391008,0,31718240,0
2021-07-29,372066,0,32090306,0
2021-07-30,341532,0,32431838,0
2021-07-31,287053,0,32718891,0
2021-08-01,190997,0,32909888,0
2021-08-02,333705,0,33243593,0
2021-08-03,323183,0,33566776,0
2021-08-04,311005,0,33877781,0
2021-08-05,292475,0,34170256,0
2021-08-06,260044,0,34430300,0
2021-08-07,199077,0,34629377,0
2021-08-08,153110,0,34782487,0
2021-08-09,234081,0,35016568,0
2021-08-10,205296,0,35221864,0
2021-08-11,193803,0,35415667,0
2021-08-12,168083,0,35583750,0
2021-08-13,148685,0,35732435,0
2021-08-14,66108,0,35798543,0
2021-08-15,26346,0,35824889,0
2021-08-16,114725,0,35939614,0
2021-08-17,129265,0,36068879,0
2021-08-18,128766,0,36197645,0
2021-08-19,124868,0,36322513,0
2021-08-20,123801,0,36446314,0
2021-08-21,83139,0,36529453,0
2021-08-22,68182,0,36597635,0
2021-08-23,176860,0,36774495,0
2021-08-24,156887,0,36931382,0
2021-08-25,177167,0,37108549,0
2021-08-26,172343,0,37280892,0
2021-08-27,185828,0,37466720,0
2021-08-28,140293,0,37607013,0
2021-08-29,98997,0,37706010,0
2021-08-30,209581,0,37915591,0
2021-08-31,194636,0,38110227,0
2021-09-01,192216,0,38302443,0
2021-09-02,189931,0,38492374,0
2021-09-03,191268,0,38683642,0
2021-09-04,131427,0,38815069,0
2021-09-05,87839,0,38902908,0
2021-09-06,193589,0,39096497,0
2021-09-07,196027,0,39292524,0
2021-09-08,187846,0,39480370,0
2021-09-09,201408,0,39681778,0
2021-09-10,198037,0,39879815,0
2021-09-11,141281,0,40021096,0
2021-09-12,89588,0,40110684,0
2021-09-13,191086,677,40301770,677
2021-09-14,177201,672,40478971,1349
2021-09-15,163078,666,40642049,2015
2021-09-16,160038,1024,40802087,3039
2021-09-17,150158,1184,40952245,4223
2021-09-18,127986,789,41080231,5012
2021-09-19,81140,515,41161371,5527
2021-09-20,180059,9149,41341430,14676
2021-09-21,166679,8868,41508109,23544
2021-09-22,159129,9472,41667238,33016
2021-09-23,138117,9366,41805355,42382
2021-09-24,140556,9026,41945911,51408
2021-09-25,119562,5684,42065473,57092
2021-09-26,71995,4371,42137468,61463
2021-09-27,135673,10099,42273141,71562
2021-09-28,117524,11439,42390665,83001
2021-09-29,112388,11859,42503053,94860
2021-09-30,110297,14994,42613350,109854
2021-10-01,95011,19146,42708361,129000
2021-10-02,78534,14048,42786895,143048
2021-10-03,47761,7673,42834656,150721
2021-10-04,88394,34495,42923050,185216
2021-10-05,80393,34025,43003443,219241
2021-10-06,72002,34228,43075445,253469
2021-10-07,71883,34386,43147328,287855
2021-10-08,80649,33633,43227977,321488
2021-10-09,76119,22204,43304096,343692
2021-10-10,45796,13632,43349892,357324
2021-10-11,87457,41140,43437349,398464
2021-10-12,84519,46943,43521868,445407
2021-10-13,88229,52179,43610097,497586
2021-10-14,91559,58565,43701656,556151
2021-10-15,93604,55693,43795260,611844
2021-10-16,82976,36837,43878236,648681
2021-10-17,51460,23866,43929696,672547
2021-10-18,90303,59536,44019999,732083
2021-10-19,78354,69429,44098353,801512
2021-10-20,75061,78225,44173414,879737
2021-10-21,78285,81831,44251699,961568
2021-10-22,73768,77094,44325467,1038662
2021-10-23,60840,51977,44386307,1090639
2021-10-24,33365,23487,44419672,1114126
2021-10-25,64902,81677,44484574,1195803
2021-10-26,58369,91854,44542943,1287657
2021-10-27,58317,104048,44601260,1391705
2021-10-28,61443,114175,44662703,1505880
2021-10-29,61619,103209,44724322,1609089
2021-10-30,50670,68165,44774992,1677254
2021-10-31,25158,28314,44800150,1705568
2021-11-01,19049,28161,44819199,1733729
2021-11-02,62738,89453,44881937,1823182
2021-11-03,60711,118721,44942648,1941903
2021-11-04,59237,126719,45001885,2068622
2021-11-05,63091,135240,45064976,2203862
2021-11-06,46494,90946,45111470,2294808
2021-11-07,22248,37908,45133718,2332716
2021-11-08,51522,131309,45185240,2464025
2021-11-09,45407,144240,45230647,2608265
2021-11-10,42594,156387,45273241,2764652
2021-11-11,44927,155191,45318168,2919843
2021-11-12,46304,158725,45364472,3078568
2021-11-13,33271,116684,45397743,3195252
2021-11-14,14490,52463,45412233,3247715
2021-11-15,36908,157459,45449141,3405174
2021-11-16,30567,171426,45479708,3576600
2021-11-17,28468,178472,45508176,3755072
2021-11-18,30297,193777,45538473,3948849
2021-11-19,28823,205899,45567296,4154748
2021-11-20,21014,156462,45588310,4311210
2021-11-21,10611,64872,45598921,4376082
2021-11-22,21962,213170,45620883,4589252
2021-11-23,23609,241805,45644492,4831057
2021-11-24,27770,271106,45672262,5102163
2021-11-25,23267,301955,45695529,5404118
2021-11-26,24602,318315,45720131,5722433
2021-11-27,21419,266179,45741550,5988612
2021-11-28,9911,137072,45751461,6125684
2021-11-29,22370,326081,45773831,6451765
2021-11-30,23122,365865,45796953,6817630
2021-12-01,21566,413547,45818519,7231177
2021-12-02,23800,440445,45842319,7671622
2021-12-03,25287,467549,45867606,8139171
2021-12-04,22397,418815,45890003,8557986
2021-12-05,11945,261371,45901948,8819357
2021-12-06,25854,457638,45927802,9276995
2021-12-07,24175,480313,45951977,9757308
2021-12-08,10033,249727,45962010,10007035
2021-12-09,31635,491972,45993645,10499007
2021-12-10,28113,517940,46021758,11016947
2021-12-11,23596,459289,46045354,11476236
2021-12-12,12327,293539,46057681,11769775
2021-12-13,26188,467665,46083869,12237440
2021-12-14,25213,494248,46109082,12731688
2021-12-15,25387,517190,46134469,13248878
2021-12-16,27942,520314,46162411,13769192
2021-12-17,29404,517232,46191815,14286424
2021-12-18,27118,468788,46218933,14755212
2021-12-19,15177,300549,46234110,15055761
2021-12-20,30687,477512,46264797,15533273
2021-12-21,30425,493454,46295222,16026727
2021-12-22,29498,484761,46324720,16511488
2021-12-23,28291,426976,46353011,16938464
2021-12-24,13129,210846,46366140,17149310
2021-12-25,2104,33053,46368244,17182363
2021-12-26,8784,159078,46377028,17341441
2021-12-27,46853,504707,46423881,17846148
2021-12-28,42512,554275,46466393,18400423
2021-12-29,34406,550692,46500799,18951115
2021-12-30,31904,499876,46532703,19450991
2021-12-31,14154,247410,46546857,19698401
2022-01-01,3503,64816,46550360,19763217
2022-01-02,22845,276728,46573205,20039945
2022-01-03,47963,520049,46621168,20559994
2022-01-04,46498,572110,46667666,21132104
2022-01-05,40871,560432,46708537,21692536
2022-01-06,23548,274489,46732085,21967025
2022-01-07,63819,554233,46795904,22521258
2022-01-08,61017,503429,46856921,23024687
2022-01-09,42990,319710,46899911,23344397
2022-01-10,61195,542333,46961106,23886730
2022-01-11,61883,587042,47022989,24473772
2022-01-12,58575,581319,47081564,25055091
2022-01-13,58737,580439,47140301,25635530
2022-01-14,46968,588630,47187269,26224160
2022-01-15,39623,570003,47226892,26794163
2022-01-16,31336,341899,47258228,27136062
2022-01-17,54869,489701,47313097,27625763
2022-01-18,58485,517061,47371582,28142824
2022-01-19,57286,502827,47428868,28645651
2022-01-20,54441,498866,47483309,29144517
2022-01-21,42199,493907,47525508,29638424
2022-01-22,31301,469089,47556809,30107513
2022-01-23,34992,275394,47591801,30382907
2022-01-24,56239,437259,47648040,30820166
2022-01-25,61514,451763,47709554,31271929
2022-01-26,58609,435852,47768163,31707781
2022-01-27,48908,432423,47817071,32140204
2022-01-28,58774,436572,47875845,32576776
2022-01-29,68204,412523,47944049,32989299
2022-01-30,50415,235995,47994464,33225294
2022-01-31,60730,356958,48055194,33582252
2022-02-01,65630,328473,48120824,33910725
2022-02-02,63254,297004,48184078,34207729
2022-02-03,60105,274542,48244183,34482271
2022-02-04,72419,268479,48316602,34750750
2022-02-05,83824,248561,48400426,34999311
2022-02-06,55309,116208,48455735,35115519
2022-02-07,65193,199948,48520928,35315467
2022-02-08,66961,186134,48587889,35501601
2022-02-09,58783,166357,48646672,35667958
2022-02-10,58603,163258,48705275,35831216
2022-02-11,62282,162483,48767557,35993699
2022-02-12,72020,152157,48839577,36145856
2022-02-13,41488,68860,48881065,36214716
2022-02-14,46714,116196,48927779,36330912
2022-02-15,48573,123483,48976352,36454395
2022-02-16,45704,106133,49022056,36560528
2022-02-17,42878,98128,49064934,36658656
2022-02-18,46638,112591,49111572,36771247
2022-02-19,52547,100342,49164119,36871589
2022-02-20,31416,40369,49195535,36911958
2022-02-21,37905,89661,49233440,37001619
2022-02-22,37228,83786,49270668,37085405
2022-02-23,33406,79409,49304074,37164814
2022-02-24,32563,78169,49336637,37242983
2022-02-25,34776,90716,49371413,37333699
2022-02-26,39167,89139,49410580,37422838
2022-02-27,22550,35860,49433130,37458698
2022-02-28,28492,81701,49461622,37540399
2022-03-01,22735,53944,49484357,37594343
2022-03-02,21939,50713,49506296,37645056
2022-03-03,22641,54947,49528937,37700003
2022-03-04,23245,62803,49552182,37762806
2022-03-05,23805,57953,49575987,37820759
2022-03-06,9474,17202,49585461,37837961
2022-03-07,15928,51391,49601389,37889352
2022-03-08,15482,48798,49616871,37938150
2022-03-09,13815,46518,49630686,37984668
2022-03-10,14055,52056,49644741,38036724
2022-03-11,15594,57277,49660335,38094001
2022-03-12,15513,56621,49675848,38150622
2022-03-13,5546,16852,49681394,38167474
2022-03-14,10528,46703,49691922,38214177
2022-03-15,10555,46895,49702477,38261072
2022-03-16,9487,41980,49711964,38303052
2022-03-17,9727,44878,49721691,38347930
2022-03-18,10164,49059,49731855,38396989
2022-03-19,9153,46541,49741008,38443530
2022-03-20,2608,11704,49743616,38455234
2022-03-21,7588,40233,49751204,38495467
2022-03-22,8448,37769,49759652,38533236
2022-03-23,7221,33701,49766873,38566937
2022-03-24,8262,38821,49775135,38605758
2022-03-25,8144,43674,49783279,38649432
2022-03-26,8128,41723,49791407,38691155
2022-03-27,2432,9683,49793839,38700838
2022-03-28,6113,35245,49799952,38736083
2022-03-29,5783,32532,49805735,38768615
2022-03-30,5567,30206,49811302,38798821
2022-03-31,5906,33187,49817208,38832008
2022-04-01,4351,25191,49821559,38857199
2022-04-02,4498,23275,49826057,38880474
2022-04-03,1049,4500,49827106,38884974
2022-04-04,3663,21546,49830769,38906520
2022-04-05,3759,22938,49834528,38929458
2022-04-06,4105,21853,49838633,38951311
2022-04-07,3971,23321,49842604,38974632
2022-04-08,4696,26716,49847300,39001348
2022-04-09,4382,23888,49851682,39025236
2022-04-10,893,4613,49852575,39029849
2022-04-11,3819,22691,49856394,39052540
2022-04-12,3364,21781,49859758,39074321
2022-04-13,3574,21337,49863332,39095658
2022-04-14,3487,23789,49866819,39119447
2022-04-15,3085,20623,49869904,39140070
2022-04-16,2152,11918,49872056,39151988
2022-04-17,63,348,49872119,39152336
2022-04-18,152,650,49872271,39152986
2022-04-19,3500,21988,49875771,39174974
2022-04-20,3513,20250,49879284,39195224
2022-04-21,2848,19793,49882132,39215017
2022-04-22,2928,20715,49885060,39235732
2022-04-23,2648,16222,49887708,39251954
2022-04-24,509,2335,49888217,39254289
2022-04-25,183,1165,49888400,39255454
2022-04-26,2761,17813,49891161,39273267
2022-04-27,2375,15795,49893536,39289062
2022-04-28,2363,15567,49895899,39304629
2022-04-29,2299,14850,49898198,39319479
2022-04-30,2123,11585,49900321,39331064
2022-05-01,113,531,49900434,39331595
2022-05-02,1451,9394,49901885,39340989
2022-05-03,1577,10326,49903462,39351315
2022-05-04,1747,10276,49905209,39361591
2022-05-05,1654,10301,49906863,39371892
2022-05-06,1702,10972,49908565,39382864
2022-05-07,1431,8575,49909996,39391439
2022-05-08,417,1526,49910413,39392965
2022-05-09,1028,8935,49911441,39401900
2022-05-10,1427,9554,49912868,39411454
2022-05-11,1485,10109,49914353,39421563
2022-05-12,1371,10137,49915724,39431700
2022-05-13,1596,10527,49917320,39442227
2022-05-14,1361,8248,49918681,39450475
2022-05-15,336,1138,49919017,39451613
2022-05-16,814,8409,49919831,39460022
2022-05-17,1244,8708,49921075,39468730
2022-05-18,1373,9256,49922448,39477986
2022-05-19,1501,9287,49923949,39487273
2022-05-20,1426,9535,49925375,39496808
2022-05-21,1302,7902,49926677,39504710
2022-05-22,231,1013,49926908,39505723
2022-05-23,830,8274,49927738,39513997
2022-05-24,1073,8673,49928811,39522670
2022-05-25,1372,9460,49930183,39532130
2022-05-26,1198,9480,49931381,39541610
2022-05-27,1233,9917,49932614,39551527
2022-05-28,1205,7890,49933819,39559417
2022-05-29,288,1265,49934107,39560682
2022-05-30,931,8060,49935038,39568742
2022-05-31,1039,8549,49936077,39577291
2022-06-01,896,7657,49936973,39584948
2022-06-02,35,474,49937008,39585422
2022-06-03,817,7334,49937825,39592756
2022-06-04,870,5162,49938695,39597918
2022-06-05,88,586,49938783,39598504
2022-06-06,679,7004,49939462,39605508
2022-06-07,952,7850,49940414,39613358
2022-06-08,981,7906,49941395,39621264
2022-06-09,1037,8418,49942432,39629682
2022-06-10,958,8563,49943390,39638245
2022-06-11,903,6207,49944293,39644452
2022-06-12,140,768,49944433,39645220
2022-06-13,602,6302,49945035,39651522
2022-06-14,832,7905,49945867,39659427
2022-06-15,960,7856,49946827,39667283
2022-06-16,733,7399,49947560,39674682
2022-06-17,723,7248,49948283,39681930
2022-06-18,778,5596,49949061,39687526
2022-06-19,49,521,49949110,39688047
2022-06-20,587,6699,49949697,39694746
2022-06-21,741,7664,49950438,39702410
2022-06-22,779,7313,49951217,39709723
2022-06-23,649,7472,49951866,39717195
2022-06-24,644,7474,49952510,39724669
2022-06-25,835,6533,49953345,39731202
2022-06-26,128,523,49953473,39731725
2022-06-27,534,7126,49954007,39738851
2022-06-28,748,8208,49954755,39747059
2022-06-29,756,7733,49955511,39754792
2022-06-30,747,8145,49956258,39762937
2022-07-01,577,6443,49956835,39769380
2022-07-02,536,4769,49957371,39774149
2022-07-03,49,456,49957420,39774605
2022-07-04,469,6278,49957889,39780883
2022-07-05,631,8122,49958520,39789005
2022-07-06,634,7611,49959154,39796616
2022-07-07,576,8274,49959730,39804890
2022-07-08,677,8086,49960407,39812976
2022-07-09,550,6105,49960957,39819081
2022-07-10,58,533,49961015,39819614
2022-07-11,493,7642,49961508,39827256
2022-07-12,669,9030,49962177,39836286
2022-07-13,645,10066,49962822,39846352
2022-07-14,637,10225,49963459,39856577
2022-07-15,627,10674,49964086,39867251
2022-07-16,523,7215,49964609,39874466
2022-07-17,48,770,49964657,39875236
2022-07-18,496,9375,49965153,39884611
2022-07-19,576,10684,49965729,39895295
2022-07-20,582,11277,49966311,39906572
2022-07-21,632,12093,49966943,39918665
2022-07-22,584,11261,49967527,39929926
2022-07-23,381,6775,49967908,39936701
2022-07-24,76,857,49967984,39937558
2022-07-25,504,9056,49968488,39946614
2022-07-26,522,9768,49969010,39956382
2022-07-27,554,10212,49969564,39966594
2022-07-28,533,10534,49970097,39977128
2022-07-29,510,9467,49970607,39986595
2022-07-30,383,5884,49970990,39992479
2022-07-31,49,764,49971039,39993243
2022-08-01,386,6865,49971425,40000108
2022-08-02,548,7590,49971973,40007698
2022-08-03,513,7182,49972486,40014880
2022-08-04,455,7493,49972941,40022373
2022-08-05,421,6529,49973362,40028902
2022-08-06,300,3613,49973662,40032515
2022-08-07,44,563,49973706,40033078
2022-08-08,403,4890,49974109,40037968
2022-08-09,381,5313,49974490,40043281
2022-08-10,385,4816,49974875,40048097
2022-08-11,369,4804,49975244,40052901
2022-08-12,295,3719,49975539,40056620
2022-08-13,143,1600,49975682,40058220
2022-08-14,9,129,49975691,40058349
2022-08-15,1,26,49975692,40058375
2022-08-16,283,3043,49975975,40061418
2022-08-17,352,3536,49976327,40064954
2022-08-18,394,4160,49976721,40069114
2022-08-19,341,3321,49977062,40072435
2022-08-20,184,1715,49977246,40074150
2022-08-21,24,149,49977270,40074299
2022-08-22,330,2952,49977600,40077251
2022-08-23,370,3674,49977970,40080925
2022-08-24,384,3360,49978354,40084285
2022-08-25,423,3773,49978777,40088058
2022-08-26,399,3585,49979176,40091643
2022-08-27,237,1770,49979413,40093413
2022-08-28,29,267,49979442,40093680
2022-08-29,354,3161,49979796,40096841
2022-08-30,406,3672,49980202,40100513
2022-08-31,438,3734,49980640,40104247
2022-09-01,353,3117,49980993,40107364
2022-09-02,297,2894,49981290,40110258
2022-09-03,200,1692,49981490,40111950
2022-09-04,24,149,49981514,40112099
2022-09-05,187,2656,49981701,40114755
2022-09-06,307,2985,49982008,40117740
2022-09-07,542,2937,49982550,40120677
2022-09-08,293,2964,49982843,40123641
2022-09-09,308,2886,49983151,40126527
2022-09-10,228,1327,49983379,40127854
2022-09-11,23,124,49983402,40127978
2022-09-12,267,2269,49983669,40130247
2022-09-13,253,2279,49983922,40132526
2022-09-14,266,2566,49984188,40135092
2022-09-15,283,2501,49984471,40137593
2022-09-16,255,2542,49984726,40140135
2022-09-17,239,1339,49984965,40141474
2022-09-18,20,170,49984985,40141644
2022-09-19,206,1971,49985191,40143615
2022-09-20,237,2392,49985428,40146007
2022-09-21,289,2526,49985717,40148533
2022-09-22,267,2663,49985984,40151196
2022-09-23,261,2546,49986245,40153742
2022-09-24,193,1427,49986438,40155169
2022-09-25,29,133,49986467,40155302
2022-09-26,281,2249,49986748,40157551
2022-09-27,287,2680,49987035,40160231
2022-09-28,310,2905,49987345,40163136
2022-09-29,257,3050,49987602,40166186
2022-09-30,292,2987,49987894,40169173
2022-10-01,195,1515,49988089,40170688
2022-10-02,12,187,49988101,40170875
2022-10-03,186,2475,49988287,40173350
2022-10-04,236,2861,49988523,40176211
2022-10-05,233,3253,49988756,40179464
2022-10-06,244,3872,49989000,40183336
2022-10-07,283,4184,49989283,40187520
2022-10-08,206,2268,49989489,40189788
2022-10-09,8,305,49989497,40190093
2022-10-10,214,3347,49989711,40193440
2022-10-11,195,4378,49989906,40197818
2022-10-12,211,4436,49990117,40202254
2022-10-13,206,5299,49990323,40207553
2022-10-14,233,5006,49990556,40212559
2022-10-15,191,2669,49990747,40215228
2022-10-16,6,360,49990753,40215588
2022-10-17,187,3873,49990940,40219461
2022-10-18,257,4959,49991197,40224420
2022-10-19,246,5477,49991443,40229897
2022-10-20,224,5995,49991667,40235892
2022-10-21,257,5475,49991924,40241367
2022-10-22,195,2911,49992119,40244278
2022-10-23,13,364,49992132,40244642
2022-10-24,171,3929,49992303,40248571
2022-10-25,256,4925,49992559,40253496
2022-10-26,350,5501,49992909,40258997
2022-10-27,240,5675,49993149,40264672
2022-10-28,199,5265,49993348,40269937
2022-10-29,128,2844,49993476,40272781
2022-10-30,3,328,49993479,40273109
2022-10-31,117,3039,49993596,40276148
2022-11-01,11,353,49993607,40276501
2022-11-02,146,3721,49993753,40280222
2022-11-03,172,4788,49993925,40285010
2022-11-04,228,4600,49994153,40289610
2022-11-05,144,2598,49994297,40292208
2022-11-06,10,261,49994307,40292469
2022-11-07,169,3227,49994476,40295696
2022-11-08,261,4253,49994737,40299949
2022-11-09,202,4335,49994939,40304284
2022-11-10,184,4598,49995123,40308882
2022-11-11,194,4231,49995317,40313113
2022-11-12,161,2378,49995478,40315491
2022-11-13,7,338,49995485,40315829
2022-11-14,150,2836,49995635,40318665
2022-11-15,204,3748,49995839,40322413
2022-11-16,217,4000,49996056,40326413
2022-11-17,194,4107,49996250,40330520
2022-11-18,248,4034,49996498,40334554
2022-11-19,112,2087,49996610,40336641
2022-11-20,24,317,49996634,40336958
2022-11-21,119,2621,49996753,40339579
2022-11-22,142,3222,49996895,40342801
2022-11-23,191,3626,49997086,40346427
2022-11-24,158,3845,49997244,40350272
2022-11-25,184,3778,49997428,40354050
2022-11-26,134,2094,49997562,40356144
2022-11-27,22,356,49997584,40356500
2022-11-28,182,2691,49997766,40359191
2022-11-29,257,3232,49998023,40362423
2022-11-30,183,3737,49998206,40366160
2022-12-01,151,3629,49998357,40369789
2022-12-02,159,3528,49998516,40373317
2022-12-03,106,1995,49998622,40375312
2022-12-04,5,290,49998627,40375602
2022-12-05,129,2856,49998756,40378458
2022-12-06,177,3659,49998933,40382117
2022-12-07,136,3128,49999069,40385245
2022-12-08,8,168,49999077,40385413
2022-12-09,164,3035,49999241,40388448
2022-12-10,71,1602,49999312,40390050
2022-12-11,7,193,49999319,40390243
2022-12-12,171,2534,49999490,40392777
2022-12-13,251,3050,49999741,40395827
2022-12-14,232,3234,49999973,40399061
2022-12-15,206,3287,50000179,40402348
2022-12-16,161,3212,50000340,40405560
2022-12-17,95,1692,50000435,40407252
2022-12-18,10,270,50000445,40407522
2022-12-19,147,2164,50000592,40409686
2022-12-20,213,2521,50000805,40412207
2022-12-21,159,2249,50000964,40414456
2022-12-22,141,1868,50001105,40416324
2022-12-23,153,1219,50001258,40417543
2022-12-24,32,161,50001290,40417704
2022-12-25,0,6,50001290,40417710
2022-12-26,6,41,50001296,40417751
2022-12-27,133,1552,50001429,40419303
2022-12-28,138,1775,50001567,40421078
2022-12-29,93,1705,50001660,40422783
2022-12-30,116,1610,50001776,40424393
2022-12-31,21,273,50001797,40424666
2023-01-01,0,6,50001797,40424672
2023-01-02,48,1122,50001845,40425794
2023-01-03,97,1897,50001942,40427691
2023-01-04,111,2000,50002053,40429691
2023-01-05,97,1902,50002150,40431593
2023-01-06,0,69,50002150,40431662
2023-01-07,51,686,50002201,40432348
2023-01-08,2,97,50002203,40432445
2023-01-09,124,1403,50002327,40433848
2023-01-10,124,1757,50002451,40435605
2023-01-11,113,1743,50002564,40437348
2023-01-12,112,1948,50002676,40439296
2023-01-13,105,1821,50002781,40441117
2023-01-14,62,923,50002843,40442040
2023-01-15,1,62,50002844,40442102