data_somministrazione,vaccinazioni,booster,cum_vaccinazioni,cum_booster
2020-12-27,16,0,16,0
2020-12-28,2,0,18,0
2020-12-29,1,0,19,0
2020-12-30,3,0,22,0
2020-12-31,34,0,56,0
2021-01-01,12,0,68,0
2021-01-02,55,0,123,0
2021-01-03,46,0,169,0
2021-01-04,124,0,293,0
2021-01-05,165,0,458,0
2021-01-06,135,0,593,0
2021-01-07,204,0,797,0
2021-01-08,248,0,1045,0
2021-01-09,175,0,1220,0
2021-01-10,110,0,1330,0
2021-01-11,202,0,1532,0
2021-01-12,208,0,1740,0
2021-01-13,314,0,2054,0
2021-01-14,415,0,2469,0
2021-01-15,255,0,2724,0
2021-01-16,169,0,2893,0
2021-01-17,3050,0,5943,0
2021-01-18,5186,0,11129,0
2021-01-19,1877,0,13006,0
2021-01-20,4648,0,17654,0
2021-01-21,20007,0,37661,0
2021-01-22,14198,0,51859,0
2021-01-23,33358,0,85217,0
2021-01-24,30794,0,116011,0
2021-01-25,64781,0,180792,0
2021-01-26,76552,0,257344,0
2021-01-27,64882,0,322226,0
2021-01-28,89344,0,411570,0
2021-01-29,94077,0,505647,0
2021-01-30,86620,0,592267,0
2021-01-31,57355,0,649622,0
2021-02-01,81912,0,731534,0
2021-02-02,82173,0,813707,0
2021-02-03,91218,0,904925,0
2021-02-04,95390,0,1000315,0
2021-02-05,90295,0,1090610,0
2021-02-06,63734,0,1154344,0
2021-02-07,32920,0,1187264,0
2021-02-08,40417,0,1227681,0
2021-02-09,32846,0,1260527,0
2021-02-10,28387,0,1288914,0
2021-02-11,20356,0,1309270,0
2021-02-12,16181,0,1325451,0
2021-02-13,7217,0,1332668,0
2021-02-14,2856,0,1335524,0
2021-02-15,6825,0,1342349,0
2021-02-16,6974,0,1349323,0
2021-02-17,10497,0,1359820,0
2021-02-18,9218,0,1369038,0
2021-02-19,8175,0,1377213,0
2021-02-20,5476,0,1382689,0
2021-02-21,2949,0,1385638,0
2021-02-22,6840,0,1392478,0
2021-02-23,7110,0,1399588,0
2021-02-24,9792,0,1409380,0
2021-02-25,14171,0,1423551,0
2021-02-26,17496,0,1441047,0
2021-02-27,13857,0,1454904,0
2021-02-28,9346,0,1464250,0
2021-03-01,26446,0,1490696,0
2021-03-02,33173,0,1523869,0
2021-03-03,44602,0,1568471,0
2021-03-04,50215,0,1618686,0
2021-03-05,55628,0,1674314,0
2021-03-06,41842,0,1716156,0
2021-03-07,22293,0,1738449,0
2021-03-08,50530,0,1788979,0
2021-03-09,52912,0,1841891,0
2021-03-10,58532,0,1900423,0
2021-03-11,63751,0,1964174,0
2021-03-12,65013,0,2029187,0
2021-03-13,51652,0,2080839,0
2021-03-14,35345,0,2116184,0
2021-03-15,73369,0,2189553,0
2021-03-16,73987,0,2263540,0
2021-03-17,83002,0,2346542,0
2021-03-18,81588,0,2428130,0
2021-03-19,81023,0,2509153,0
2021-03-20,64644,0,2573797,0
2021-03-21,47246,0,2621043,0
2021-03-22,69405,0,2690448,0
2021-03-23,75695,0,2766143,0
2021-03-24,90783,0,2856926,0
2021-03-25,89709,0,2946635,0
2021-03-26,83492,0,3030127,0
2021-03-27,71822,0,3101949,0
2021-03-28,44038,0,3145987,0
2021-03-29,70699,0,3216686,0
2021-03-30,81247,0,3297933,0
2021-03-31,96091,0,3394024,0
2021-04-01,95199,0,3489223,0
2021-04-02,83986,0,3573209,0
2021-04-03,64249,0,3637458,0
2021-04-04,21689,0,3659147,0
2021-04-05,40259,0,3699406,0
2021-04-06,81224,0,3780630,0
2021-04-07,95721,0,3876351,0
2021-04-08,95152,0,3971503,0
2021-04-09,88387,0,4059890,0
2021-04-10,73947,0,4133837,0
2021-04-11,44703,0,4178540,0
2021-04-12,66837,0,4245377,0
2021-04-13,72498,0,4317875,0
2021-04-14,85425,0,4403300,0
2021-04-15,105298,0,4508598,0
2021-04-16,106305,0,4614903,0
2021-04-17,90400,0,4705303,0
2021-04-18,58530,0,4763833,0
2021-04-19,93386,0,4857219,0
2021-04-20,103690,0,4960909,0
2021-04-21,125273,0,5086182,0
2021-04-22,143420,0,5229602,0
2021-04-23,138617,0,5368219,0
2021-04-24,124353,0,5492572,0
2021-04-25,61388,0,5553960,0
2021-04-26,97795,0,5651755,0
2021-04-27,128270,0,5780025,0
2021-04-28,156243,0,5936268,0
2021-04-29,195424,0,6131692,0
2021-04-30,214422,0,6346114,0
2021-05-01,174001,0,6520115,0
2021-05-02,135732,0,6655847,0
2021-05-03,141897,0,6797744,0
2021-05-04,158586,0,6956330,0
2021-05-05,170351,0,7126681,0
2021-05-06,197683,0,7324364,0
2021-05-07,213673,0,7538037,0
2021-05-08,213293,0,7751330,0
2021-05-09,143084,0,7894414,0
2021-05-10,164994,0,8059408,0
2021-05-11,174817,0,8234225,0
2021-05-12,178977,0,8413202,0
2021-05-13,203174,0,8616376,0
2021-05-14,222747,0,8839123,0
2021-05-15,210167,0,9049290,0
2021-05-16,159154,0,9208444,0
2021-05-17,219077,0,9427521,0
2021-05-18,212884,0,9640405,0
2021-05-19,206929,0,9847334,0
2021-05-20,270679,0,10118013,0
2021-05-21,270691,0,10388704,0
2021-05-22,245408,0,10634112,0
2021-05-23,197115,0,10831227,0
2021-05-24,228220,0,11059447,0
2021-05-25,245610,0,11305057,0
2021-05-26,277376,0,11582433,0
2021-05-27,310963,0,11893396,0
2021-05-28,299437,0,12192833,0
2021-05-29,231075,0,12423908,0
2021-05-30,170754,0,12594662,0
2021-05-31,216310,0,12810972,0
2021-06-01,207547,0,13018519,0
2021-06-02,115666,0,13134185,0
2021-06-03,179898,0,13314083,0
2021-06-04,184631,0,13498714,0
2021-06-05,185741,0,13684455,0
2021-06-06,139309,0,13823764,0
2021-06-07,161626,0,13985390,0
2021-06-08,170875,0,14156265,0
2021-06-09,171193,0,14327458,0
2021-06-10,173757,0,14501215,0
2021-06-11,169661,0,14670876,0
2021-06-12,128057,0,14798933,0
2021-06-13,91010,0,14889943,0
2021-06-14,214482,0,15104425,0
2021-06-15,228235,0,15332660,0
2021-06-16,252961,0,15585621,0
2021-06-17,301591,0,15887212,0
2021-06-18,306137,0,16193349,0
2021-06-19,275025,0,16468374,0
2021-06-20,220648,0,16689022,0
2021-06-21,287994,0,16977016,0
2021-06-22,296114,0,17273130,0
2021-06-23,302692,0,17575822,0
2021-06-24,332523,0,17908345,0
2021-06-25,348669,0,18257014,0
2021-06-26,300068,0,18557082,0
2021-06-27,228664,0,18785746,0
2021-06-28,306946,0,19092692,0
2021-06-29,329227,0,19421919,0
2021-06-30,342136,0,19764055,0
2021-07-01,363069,0,20127124,0
2021-07-02,368474,0,20495598,0
2021-07-03,371138,0,20866736,0
2021-07-04,283187,0,21149923,0
2021-07-05,384522,0,21534445,0
2021-07-06,385439,0,21919884,0
2021-07-07,412102,0,22331986,0
2021-07-08,479891,0,22811877,0
2021-07-09,498645,0,23310522,0
2021-07-10,475341,0,23785863,0
2021-07-11,357859,0,24143722,0
2021-07-12,486073,0,24629795,0
2021-07-13,492368,0,25122163,0
2021-07-14,480655,0,25602818,0
2021-07-15,523661,0,26126479,0
2021-07-16,509926,0,26636405,0
2021-07-17,464635,0,27101040,0
2021-07-18,364861,0,27465901,0
2021-07-19,463294,0,27929195,0
2021-07-20,458217,0,28387412,0
2021-07-21,462911,0,28850323,0
2021-07-22,475441,0,29325764,0
2021-07-23,441372,0,29767136,0
2021-07-24,386187,0,30153323,0
2021-07-25,287620,0,30440943,0
2021-07-26,430962,0,30871905,0
2021-07-27,440175,0,31312080,0
2021-07-28,391055,0,31703135,0
2021-07-29,372110,0,32075245,0
2021-07-30,341441,0,32416686,0
2021-07-31,286981,0,32703667,0
2021-08-01,190857,0,32894524,0
2021-08-02,333696,0,33228220,0
2021-08-03,323156,0,33551376,0
2021-08-04,310956,0,33862332,0
2021-08-05,292557,0,34154889,0
2021-08-06,259977,0,34414866,0
2021-08-07,198945,0,34613811,0
2021-08-08,153081,0,34766892,0
2021-08-09,234134,0,35001026,0
2021-08-10,205152,0,35206178,0
2021-08-11,193606,0,35399784,0
2021-08-12,167797,0,35567581,0
2021-08-13,148401,0,35715982,0
2021-08-14,66004,0,35781986,0
2021-08-15,26305,0,35808291,0
2021-08-16,114541,0,35922832,0
2021-08-17,129121,0,36051953,0
2021-08-18,128583,0,36180536,0
2021-08-19,124649,0,36305185,0
2021-08-20,123673,0,36428858,0
2021-08-21,83057,0,36511915,0
2021-08-22,68120,0,36580035,0
2021-08-23,176737,0,36756772,0
2021-08-24,156934,0,36913706,0
2021-08-25,177064,0,37090770,0
2021-08-26,172262,0,37263032,0
2021-08-27,185789,0,37448821,0
2021-08-28,140126,0,37588947,0
2021-08-29,98993,0,37687940,0
2021-08-30,209488,0,37897428,0
2021-08-31,194474,0,38091902,0
2021-09-01,192074,0,38283976,0
2021-09-02,189770,0,38473746,0
2021-09-03,191225,0,38664971,0
2021-09-04,131413,0,38796384,0
2021-09-05,87817,0,38884201,0
2021-09-06,193594,0,39077795,0
2021-09-07,195910,0,39273705,0
2021-09-08,187828,0,39461533,0
2021-09-09,201379,0,39662912,0
2021-09-10,197982,0,39860894,0
2021-09-11,141208,0,40002102,0
2021-09-12,89534,0,40091636,0
2021-09-13,191125,347,40282761,347
2021-09-14,177183,429,40459944,776
2021-09-15,162996,456,40622940,1232
2021-09-16,159969,787,40782909,2019
2021-09-17,149986,1005,40932895,3024
2021-09-18,127787,656,41060682,3680
2021-09-19,81048,443,41141730,4123
2021-09-20,179835,8953,41321565,13076
2021-09-21,166374,8726,41487939,21802
2021-09-22,158806,9363,41646745,31165
2021-09-23,137773,9238,41784518,40403
2021-09-24,140259,8860,41924777,49263
2021-09-25,119348,5552,42044125,54815
2021-09-26,71797,4295,42115922,59110
2021-09-27,135372,9972,42251294,69082
2021-09-28,117228,11315,42368522,80397
2021-09-29,112049,11759,42480571,92156
2021-09-30,109974,14850,42590545,107006
2021-10-01,94736,19031,42685281,126037
2021-10-02,78250,13982,42763531,140019
2021-10-03,47577,7630,42811108,147649
2021-10-04,88140,34366,42899248,182015
2021-10-05,80184,33905,42979432,215920
2021-10-06,71781,34078,43051213,249998
2021-10-07,71556,34289,43122769,284287
2021-10-08,80403,33495,43203172,317782
2021-10-09,75865,22112,43279037,339894
2021-10-10,45649,13590,43324686,353484
2021-10-11,87180,41005,43411866,394489
2021-10-12,84260,46799,43496126,441288
2021-10-13,87942,52010,43584068,493298
2021-10-14,91227,58385,43675295,551683
2021-10-15,93281,55488,43768576,607171
2021-10-16,82693,36713,43851269,643884
2021-10-17,51293,23784,43902562,667668
2021-10-18,90105,59337,43992667,727005
2021-10-19,78146,69292,44070813,796297
2021-10-20,74862,78044,44145675,874341
2021-10-21,78104,81616,44223779,955957
2021-10-22,73672,76905,44297451,1032862
2021-10-23,60653,51887,44358104,1084749
2021-10-24,33327,23402,44391431,1108151
2021-10-25,64796,81534,44456227,1189685
2021-10-26,58263,91638,44514490,1281323
2021-10-27,58192,103846,44572682,1385169
2021-10-28,61326,113915,44634008,1499084
2021-10-29,61590,102948,44695598,1602032
2021-10-30,50569,68011,44746167,1670043
2021-10-31,25130,28239,44771297,1698282
2021-11-01,19020,28121,44790317,1726403
2021-11-02,62721,89225,44853038,1815628
2021-11-03,60641,118509,44913679,1934137
2021-11-04,59140,126473,44972819,2060610
2021-11-05,62992,134988,45035811,2195598
2021-11-06,46372,90777,45082183,2286375
2021-11-07,22209,37838,45104392,2324213
2021-11-08,51401,131128,45155793,2455341
2021-11-09,45332,143951,45201125,2599292
2021-11-10,42491,156047,45243616,2755339
2021-11-11,44830,154974,45288446,2910313
2021-11-12,46253,158388,45334699,3068701
2021-11-13,33149,116476,45367848,3185177
2021-11-14,14446,52395,45382294,3237572
2021-11-15,36799,157194,45419093,3394766
2021-11-16,30450,171184,45449543,3565950
2021-11-17,28336,178269,45477879,3744219
2021-11-18,30117,193478,45507996,3937697
2021-11-19,28673,205586,45536669,4143283
2021-11-20,20888,156120,45557557,4299403
2021-11-21,10547,64713,45568104,4364116
2021-11-22,21826,212936,45589930,4577052
2021-11-23,23449,241464,45613379,4818516
2021-11-24,27686,270682,45641065,5089198
2021-11-25,23063,301586,45664128,5390784
2021-11-26,24415,317958,45688543,5708742
2021-11-27,21229,265851,45709772,5974593
2021-11-28,9830,136842,45719602,6111435
2021-11-29,22138,325696,45741740,6437131
2021-11-30,22889,365425,45764629,6802556
2021-12-01,21291,413037,45785920,7215593
2021-12-02,23547,440219,45809467,7655812
2021-12-03,24996,467243,45834463,8123055
2021-12-04,22159,418601,45856622,8541656
2021-12-05,11768,261254,45868390,8802910
2021-12-06,25509,457408,45893899,9260318
2021-12-07,23860,480037,45917759,9740355
2021-12-08,9869,249586,45927628,9989941
2021-12-09,31262,491774,45958890,10481715
2021-12-10,27791,517630,45986681,10999345
2021-12-11,23308,459170,46009989,11458515
2021-12-12,12139,293387,46022128,11751902
2021-12-13,25880,467456,46048008,12219358
2021-12-14,24890,494000,46072898,12713358
2021-12-15,25041,516944,46097939,13230302
2021-12-16,27494,520014,46125433,13750316
2021-12-17,29005,516894,46154438,14267210
2021-12-18,26671,468523,46181109,14735733
2021-12-19,14918,300364,46196027,15036097
2021-12-20,30261,477283,46226288,15513380
2021-12-21,30044,493136,46256332,16006516
2021-12-22,29058,484480,46285390,16490996
2021-12-23,27857,426734,46313247,16917730
2021-12-24,12966,210739,46326213,17128469
2021-12-25,2086,33042,46328299,17161511
2021-12-26,8649,159019,46336948,17320530
2021-12-27,46343,504462,46383291,17824992
2021-12-28,41881,554004,46425172,18378996
2021-12-29,33690,550427,46458862,18929423
2021-12-30,31259,499612,46490121,19429035
2021-12-31,13625,247318,46503746,19676353
2022-01-01,3426,64784,46507172,19741137
2022-01-02,22285,276660,46529457,20017797
2022-01-03,46889,520792,46576346,20538589
2022-01-04,45321,572809,46621667,21111398
2022-01-05,39476,561090,46661143,21672488
2022-01-06,22680,274358,46683823,21946846
2022-01-07,62087,554848,46745910,22501694
2022-01-08,59028,503197,46804938,23004891
2022-01-09,41268,319583,46846206,23324474
2022-01-10,59482,542925,46905688,23867399
2022-01-11,59800,587628,46965488,24455027
2022-01-12,56303,581891,47021791,25036918
2022-01-13,56483,580982,47078274,25617900
2022-01-14,44472,588859,47122746,26206759
2022-01-15,36406,568783,47159152,26775542
2022-01-16,29195,341363,47188347,27116905
2022-01-17,52873,490277,47241220,27607182
2022-01-18,56465,518053,47297685,28125235
2022-01-19,55218,503350,47352903,28628585
2022-01-20,52389,499328,47405292,29127913
2022-01-21,39937,494334,47445229,29622247
2022-01-22,28421,469283,47473650,30091530
2022-01-23,33386,275183,47507036,30366713
2022-01-24,54675,437795,47561711,30804508
2022-01-25,60164,452684,47621875,31257192
2022-01-26,57039,436335,47678914,31693527
2022-01-27,47369,432837,47726283,32126364
2022-01-28,57104,437067,47783387,32563431
2022-01-29,66264,411882,47849651,32975313
2022-01-30,49087,235637,47898738,33210950
2022-01-31,59097,357558,47957835,33568508
2022-02-01,64316,329001,48022151,33897509
2022-02-02,62060,297326,48084211,34194835
2022-02-03,59129,274916,48143340,34469751
2022-02-04,71398,268734,48214738,34738485
2022-02-05,82435,248083,48297173,34986568
2022-02-06,54571,116026,48351744,35102594
2022-02-07,64401,200398,48416145,35302992
2022-02-08,66072,186530,48482217,35489522
2022-02-09,58003,166630,48540220,35656152
2022-02-10,57821,163398,48598041,35819550
2022-02-11,61540,162552,48659581,35982102
2022-02-12,71158,151802,48730739,36133904
2022-02-13,41008,68611,48771747,36202515
2022-02-14,46168,116480,48817915,36318995
2022-02-15,47855,123433,48865770,36442428
2022-02-16,45040,105897,48910810,36548325
2022-02-17,42198,97469,48953008,36645794
2022-02-18,45650,110913,48998658,36756707
2022-02-19,36647,66894,49035305,36823601