data_somministrazione,vaccinazioni,booster,cum_vaccinazioni,cum_booster
2020-12-27,20,0,20,0
2020-12-28,2,0,22,0
2020-12-29,1,0,23,0
2020-12-30,9,0,32,0
2020-12-31,73,0,105,0
2021-01-01,24,0,129,0
2021-01-02,131,0,260,0
2021-01-03,94,0,354,0
2021-01-04,224,0,578,0
2021-01-05,261,0,839,0
2021-01-06,230,0,1069,0
2021-01-07,314,0,1383,0
2021-01-08,361,0,1744,0
2021-01-09,268,0,2012,0
2021-01-10,163,0,2175,0
2021-01-11,293,0,2468,0
2021-01-12,278,0,2746,0
2021-01-13,406,0,3152,0
2021-01-14,490,0,3642,0
2021-01-15,310,0,3952,0
2021-01-16,217,0,4169,0
2021-01-17,3062,0,7231,0
2021-01-18,5215,0,12446,0
2021-01-19,1893,0,14339,0
2021-01-20,4656,0,18995,0
2021-01-21,20009,0,39004,0
2021-01-22,14220,0,53224,0
2021-01-23,33329,0,86553,0
2021-01-24,30781,0,117334,0
2021-01-25,64718,0,182052,0
2021-01-26,76484,0,258536,0
2021-01-27,64825,0,323361,0
2021-01-28,89265,0,412626,0
2021-01-29,94012,0,506638,0
2021-01-30,86549,0,593187,0
2021-01-31,57327,0,650514,0
2021-02-01,81850,0,732364,0
2021-02-02,82139,0,814503,0
2021-02-03,91111,0,905614,0
2021-02-04,95396,0,1001010,0
2021-02-05,90269,0,1091279,0
2021-02-06,63448,0,1154727,0
2021-02-07,32932,0,1187659,0
2021-02-08,40425,0,1228084,0
2021-02-09,32874,0,1260958,0
2021-02-10,28432,0,1289390,0
2021-02-11,20404,0,1309794,0
2021-02-12,16241,0,1326035,0
2021-02-13,7275,0,1333310,0
2021-02-14,2862,0,1336172,0
2021-02-15,6845,0,1343017,0
2021-02-16,7002,0,1350019,0
2021-02-17,10526,0,1360545,0
2021-02-18,9252,0,1369797,0
2021-02-19,8252,0,1378049,0
2021-02-20,5571,0,1383620,0
2021-02-21,3007,0,1386627,0
2021-02-22,6885,0,1393512,0
2021-02-23,7180,0,1400692,0
2021-02-24,9809,0,1410501,0
2021-02-25,14211,0,1424712,0
2021-02-26,17558,0,1442270,0
2021-02-27,13916,0,1456186,0
2021-02-28,9391,0,1465577,0
2021-03-01,26517,0,1492094,0
2021-03-02,33247,0,1525341,0
2021-03-03,44648,0,1569989,0
2021-03-04,50294,0,1620283,0
2021-03-05,55735,0,1676018,0
2021-03-06,41873,0,1717891,0
2021-03-07,22325,0,1740216,0
2021-03-08,50830,0,1791046,0
2021-03-09,53082,0,1844128,0
2021-03-10,58662,0,1902790,0
2021-03-11,63873,0,1966663,0
2021-03-12,65122,0,2031785,0
2021-03-13,51728,0,2083513,0
2021-03-14,35410,0,2118923,0
2021-03-15,73451,0,2192374,0
2021-03-16,74027,0,2266401,0
2021-03-17,83135,0,2349536,0
2021-03-18,81630,0,2431166,0
2021-03-19,81086,0,2512252,0
2021-03-20,64729,0,2576981,0
2021-03-21,47308,0,2624289,0
2021-03-22,69491,0,2693780,0
2021-03-23,75809,0,2769589,0
2021-03-24,90915,0,2860504,0
2021-03-25,89819,0,2950323,0
2021-03-26,83639,0,3033962,0
2021-03-27,71948,0,3105910,0
2021-03-28,44158,0,3150068,0
2021-03-29,70840,0,3220908,0
2021-03-30,81394,0,3302302,0
2021-03-31,96250,0,3398552,0
2021-04-01,95316,0,3493868,0
2021-04-02,84080,0,3577948,0
2021-04-03,64307,0,3642255,0
2021-04-04,21723,0,3663978,0
2021-04-05,40317,0,3704295,0
2021-04-06,81329,0,3785624,0
2021-04-07,95837,0,3881461,0
2021-04-08,95251,0,3976712,0
2021-04-09,88500,0,4065212,0
2021-04-10,74032,0,4139244,0
2021-04-11,44765,0,4184009,0
2021-04-12,66922,0,4250931,0
2021-04-13,72585,0,4323516,0
2021-04-14,85549,0,4409065,0
2021-04-15,105415,0,4514480,0
2021-04-16,106420,0,4620900,0
2021-04-17,90523,0,4711423,0
2021-04-18,58596,0,4770019,0
2021-04-19,93433,0,4863452,0
2021-04-20,103773,0,4967225,0
2021-04-21,125346,0,5092571,0
2021-04-22,143521,0,5236092,0
2021-04-23,138749,0,5374841,0
2021-04-24,124452,0,5499293,0
2021-04-25,61462,0,5560755,0
2021-04-26,97899,0,5658654,0
2021-04-27,128365,0,5787019,0
2021-04-28,156381,0,5943400,0
2021-04-29,195604,0,6139004,0
2021-04-30,214595,0,6353599,0
2021-05-01,174130,0,6527729,0
2021-05-02,135808,0,6663537,0
2021-05-03,142056,0,6805593,0
2021-05-04,158702,0,6964295,0
2021-05-05,170521,0,7134816,0
2021-05-06,197820,0,7332636,0
2021-05-07,213861,0,7546497,0
2021-05-08,213436,0,7759933,0
2021-05-09,143209,0,7903142,0
2021-05-10,165090,0,8068232,0
2021-05-11,174999,0,8243231,0
2021-05-12,179201,0,8422432,0
2021-05-13,203403,0,8625835,0
2021-05-14,222934,0,8848769,0
2021-05-15,210377,0,9059146,0
2021-05-16,159282,0,9218428,0
2021-05-17,219211,0,9437639,0
2021-05-18,213028,0,9650667,0
2021-05-19,207098,0,9857765,0
2021-05-20,270882,0,10128647,0
2021-05-21,270908,0,10399555,0
2021-05-22,245530,0,10645085,0
2021-05-23,197185,0,10842270,0
2021-05-24,228310,0,11070580,0
2021-05-25,245699,0,11316279,0
2021-05-26,277512,0,11593791,0
2021-05-27,311093,0,11904884,0
2021-05-28,299580,0,12204464,0
2021-05-29,231241,0,12435705,0
2021-05-30,170845,0,12606550,0
2021-05-31,216431,0,12822981,0
2021-06-01,207639,0,13030620,0
2021-06-02,115807,0,13146427,0
2021-06-03,180162,0,13326589,0
2021-06-04,184899,0,13511488,0
2021-06-05,185977,0,13697465,0
2021-06-06,139566,0,13837031,0
2021-06-07,161885,0,13998916,0
2021-06-08,171254,0,14170170,0
2021-06-09,171504,0,14341674,0
2021-06-10,174129,0,14515803,0
2021-06-11,170003,0,14685806,0
2021-06-12,128349,0,14814155,0
2021-06-13,91213,0,14905368,0
2021-06-14,214698,0,15120066,0
2021-06-15,228437,0,15348503,0
2021-06-16,253090,0,15601593,0
2021-06-17,301753,0,15903346,0
2021-06-18,306321,0,16209667,0
2021-06-19,275106,0,16484773,0
2021-06-20,220803,0,16705576,0
2021-06-21,288081,0,16993657,0
2021-06-22,296236,0,17289893,0
2021-06-23,302697,0,17592590,0
2021-06-24,332614,0,17925204,0
2021-06-25,348721,0,18273925,0
2021-06-26,300132,0,18574057,0
2021-06-27,228682,0,18802739,0
2021-06-28,307126,0,19109865,0
2021-06-29,329315,0,19439180,0
2021-06-30,342184,0,19781364,0
2021-07-01,363232,0,20144596,0
2021-07-02,368487,0,20513083,0
2021-07-03,371101,0,20884184,0
2021-07-04,283226,0,21167410,0
2021-07-05,384555,0,21551965,0
2021-07-06,385489,0,21937454,0
2021-07-07,412124,0,22349578,0
2021-07-08,479600,0,22829178,0
2021-07-09,498483,0,23327661,0
2021-07-10,475179,0,23802840,0
2021-07-11,357700,0,24160540,0
2021-07-12,485898,0,24646438,0
2021-07-13,492097,0,25138535,0
2021-07-14,480454,0,25618989,0
2021-07-15,523443,0,26142432,0
2021-07-16,509764,0,26652196,0
2021-07-17,464337,0,27116533,0
2021-07-18,364642,0,27481175,0
2021-07-19,463049,0,27944224,0
2021-07-20,458065,0,28402289,0
2021-07-21,462797,0,28865086,0
2021-07-22,475391,0,29340477,0
2021-07-23,441332,0,29781809,0
2021-07-24,386159,0,30167968,0
2021-07-25,287567,0,30455535,0
2021-07-26,430898,0,30886433,0
2021-07-27,440132,0,31326565,0
2021-07-28,391028,0,31717593,0
2021-07-29,372084,0,32089677,0
2021-07-30,341518,0,32431195,0
2021-07-31,287037,0,32718232,0
2021-08-01,190999,0,32909231,0
2021-08-02,333705,0,33242936,0
2021-08-03,323196,0,33566132,0
2021-08-04,310985,0,33877117,0
2021-08-05,292497,0,34169614,0
2021-08-06,260021,0,34429635,0
2021-08-07,199057,0,34628692,0
2021-08-08,153108,0,34781800,0
2021-08-09,234078,0,35015878,0
2021-08-10,205265,0,35221143,0
2021-08-11,193781,0,35414924,0
2021-08-12,168043,0,35582967,0
2021-08-13,148648,0,35731615,0
2021-08-14,66096,0,35797711,0
2021-08-15,26339,0,35824050,0
2021-08-16,114709,0,35938759,0
2021-08-17,129257,0,36068016,0
2021-08-18,128756,0,36196772,0
2021-08-19,124834,0,36321606,0
2021-08-20,123798,0,36445404,0
2021-08-21,83132,0,36528536,0
2021-08-22,68178,0,36596714,0
2021-08-23,176869,0,36773583,0
2021-08-24,156896,0,36930479,0
2021-08-25,177175,0,37107654,0
2021-08-26,172366,0,37280020,0
2021-08-27,185837,0,37465857,0
2021-08-28,140283,0,37606140,0
2021-08-29,98990,0,37705130,0
2021-08-30,209599,0,37914729,0
2021-08-31,194639,0,38109368,0
2021-09-01,192211,0,38301579,0
2021-09-02,189935,0,38491514,0
2021-09-03,191293,0,38682807,0
2021-09-04,131458,0,38814265,0
2021-09-05,87859,0,38902124,0
2021-09-06,193620,0,39095744,0
2021-09-07,196034,0,39291778,0
2021-09-08,187880,0,39479658,0
2021-09-09,201440,0,39681098,0
2021-09-10,198071,0,39879169,0
2021-09-11,141295,0,40020464,0
2021-09-12,89595,0,40110059,0
2021-09-13,191121,617,40301180,617
2021-09-14,177226,626,40478406,1243
2021-09-15,163088,633,40641494,1876
2021-09-16,160066,973,40801560,2849
2021-09-17,150171,1149,40951731,3998
2021-09-18,127982,762,41079713,4760
2021-09-19,81140,504,41160853,5264
2021-09-20,180068,9113,41340921,14377
2021-09-21,166662,8849,41507583,23226
2021-09-22,159101,9452,41666684,32678
2021-09-23,138089,9346,41804773,42024
2021-09-24,140550,8992,41945323,51016
2021-09-25,119564,5659,42064887,56675
2021-09-26,71982,4355,42136869,61030
2021-09-27,135667,10069,42272536,71099
2021-09-28,117509,11415,42390045,82514
2021-09-29,112361,11846,42502406,94360
2021-09-30,110268,14974,42612674,109334
2021-10-01,94995,19129,42707669,128463
2021-10-02,78512,14037,42786181,142500
2021-10-03,47754,7666,42833935,150166
2021-10-04,88387,34472,42922322,184638
2021-10-05,80380,34007,43002702,218645
2021-10-06,72001,34193,43074703,252838
2021-10-07,71875,34366,43146578,287204
2021-10-08,80631,33618,43227209,320822
2021-10-09,76109,22189,43303318,343011
2021-10-10,45782,13628,43349100,356639
2021-10-11,87447,41122,43436547,397761
2021-10-12,84514,46925,43521061,444686
2021-10-13,88211,52144,43609272,496830
2021-10-14,91549,58543,43700821,555373
2021-10-15,93598,55661,43794419,611034
2021-10-16,82973,36812,43877392,647846
2021-10-17,51461,23851,43928853,671697
2021-10-18,90305,59505,44019158,731202
2021-10-19,78351,69396,44097509,800598
2021-10-20,75070,78196,44172579,878794
2021-10-21,78307,81790,44250886,960584
2021-10-22,73780,77062,44324666,1037646
2021-10-23,60831,51970,44385497,1089616
2021-10-24,33371,23474,44418868,1113090
2021-10-25,64904,81654,44483772,1194744
2021-10-26,58373,91825,44542145,1286569
2021-10-27,58324,104018,44600469,1390587
2021-10-28,61454,114144,44661923,1504731
2021-10-29,61641,103166,44723564,1607897
2021-10-30,50677,68133,44774241,1676030
2021-10-31,25163,28305,44799404,1704335
2021-11-01,19048,28157,44818452,1732492
2021-11-02,62744,89424,44881196,1821916
2021-11-03,60725,118689,44941921,1940605
2021-11-04,59245,126688,45001166,2067293
2021-11-05,63095,135211,45064261,2202504
2021-11-06,46483,90936,45110744,2293440
2021-11-07,22253,37901,45132997,2331341
2021-11-08,51530,131290,45184527,2462631
2021-11-09,45401,144230,45229928,2606861
2021-11-10,42590,156369,45272518,2763230
2021-11-11,44931,155160,45317449,2918390
2021-11-12,46315,158665,45363764,3077055
2021-11-13,33266,116668,45397030,3193723
2021-11-14,14492,52457,45411522,3246180
2021-11-15,36908,157440,45448430,3403620
2021-11-16,30563,171398,45478993,3575018
2021-11-17,28469,178454,45507462,3753472
2021-11-18,30292,193753,45537754,3947225
2021-11-19,28813,205878,45566567,4153103
2021-11-20,21004,156455,45587571,4309558
2021-11-21,10613,64866,45598184,4374424
2021-11-22,21949,213161,45620133,4587585
2021-11-23,23590,241778,45643723,4829363
2021-11-24,27799,271031,45671522,5100394
2021-11-25,23253,301928,45694775,5402322
2021-11-26,24591,318296,45719366,5720618
2021-11-27,21397,266170,45740763,5986788
2021-11-28,9907,137063,45750670,6123851
2021-11-29,22359,326070,45773029,6449921
2021-11-30,23113,365856,45796142,6815777
2021-12-01,21540,413516,45817682,7229293
2021-12-02,23781,440427,45841463,7669720
2021-12-03,25268,467509,45866731,8137229
2021-12-04,22386,418790,45889117,8556019
2021-12-05,11941,261362,45901058,8817381
2021-12-06,25834,457620,45926892,9275001
2021-12-07,24154,480294,45951046,9755295
2021-12-08,10023,249715,45961069,10005010
2021-12-09,31612,491951,45992681,10496961
2021-12-10,28089,517918,46020770,11014879
2021-12-11,23582,459269,46044352,11474148
2021-12-12,12314,293524,46056666,11767672
2021-12-13,26170,467646,46082836,12235318
2021-12-14,25196,494230,46108032,12729548
2021-12-15,25362,517182,46133394,13246730
2021-12-16,27917,520291,46161311,13767021
2021-12-17,29384,517206,46190695,14284227
2021-12-18,27085,468771,46217780,14752998
2021-12-19,15165,300537,46232945,15053535
2021-12-20,30658,477499,46263603,15531034
2021-12-21,30407,493417,46294010,16024451
2021-12-22,29476,484736,46323486,16509187
2021-12-23,28275,426936,46351761,16936123
2021-12-24,13123,210836,46364884,17146959
2021-12-25,2103,33053,46366987,17180012
2021-12-26,8770,159075,46375757,17339087
2021-12-27,46828,504684,46422585,17843771
2021-12-28,42493,554239,46465078,18398010
2021-12-29,34383,550666,46499461,18948676
2021-12-30,31872,499853,46531333,19448529
2021-12-31,14136,247405,46545469,19695934
2022-01-01,3498,64815,46548967,19760749
2022-01-02,22807,276720,46571774,20037469
2022-01-03,47905,520028,46619679,20557497
2022-01-04,46431,572101,46666110,21129598
2022-01-05,40802,560409,46706912,21690007
2022-01-06,23519,274489,46730431,21964496
2022-01-07,63763,554211,46794194,22518707
2022-01-08,60932,503405,46855126,23022112
2022-01-09,42919,319697,46898045,23341809
2022-01-10,61140,542315,46959185,23884124
2022-01-11,61798,587028,47020983,24471152
2022-01-12,58514,581297,47079497,25052449
2022-01-13,58676,580420,47138173,25632869
2022-01-14,46883,588599,47185056,26221468
2022-01-15,39488,569972,47224544,26791440
2022-01-16,31285,341885,47255829,27133325
2022-01-17,54826,489680,47310655,27623005
2022-01-18,58443,517043,47369098,28140048
2022-01-19,57244,502814,47426342,28642862
2022-01-20,54389,498847,47480731,29141709
2022-01-21,42143,493888,47522874,29635597
2022-01-22,31249,469608,47554123,30105205
2022-01-23,34962,275385,47589085,30380590
2022-01-24,56207,437238,47645292,30817828
2022-01-25,61581,452125,47706873,31269953
2022-01-26,58565,435842,47765438,31705795
2022-01-27,48869,432391,47814307,32138186
2022-01-28,58733,436551,47873040,32574737
2022-01-29,68159,412504,47941199,32987241
2022-01-30,50395,235981,47991594,33223222
2022-01-31,60665,356939,48052259,33580161
2022-02-01,65585,328459,48117844,33908620
2022-02-02,63227,296983,48181071,34205603
2022-02-03,60076,274525,48241147,34480128
2022-02-04,72394,268465,48313541,34748593
2022-02-05,83805,248540,48397346,34997133
2022-02-06,55299,116208,48452645,35113341
2022-02-07,65165,199941,48517810,35313282
2022-02-08,66940,186119,48584750,35499401
2022-02-09,58769,166337,48643519,35665738
2022-02-10,58592,163241,48702111,35828979
2022-02-11,62264,162467,48764375,35991446
2022-02-12,71993,152147,48836368,36143593
2022-02-13,41475,68853,48877843,36212446
2022-02-14,46702,116188,48924545,36328634
2022-02-15,48545,123479,48973090,36452113
2022-02-16,45683,106122,49018773,36558235
2022-02-17,42870,98113,49061643,36656348
2022-02-18,46628,112578,49108271,36768926
2022-02-19,52542,100337,49160813,36869263
2022-02-20,31410,40366,49192223,36909629
2022-02-21,37893,89655,49230116,36999284
2022-02-22,37225,83777,49267341,37083061
2022-02-23,33398,79408,49300739,37162469
2022-02-24,32557,78162,49333296,37240631
2022-02-25,34765,90710,49368061,37331341
2022-02-26,39159,89135,49407220,37420476
2022-02-27,22545,35857,49429765,37456333
2022-02-28,28482,81693,49458247,37538026
2022-03-01,22723,53942,49480970,37591968
2022-03-02,21956,50683,49502926,37642651
2022-03-03,22623,54947,49525549,37697598
2022-03-04,23236,62800,49548785,37760398
2022-03-05,23800,57951,49572585,37818349
2022-03-06,9471,17201,49582056,37835550
2022-03-07,15919,51390,49597975,37886940
2022-03-08,15479,48796,49613454,37935736
2022-03-09,13813,46519,49627267,37982255
2022-03-10,14052,52120,49641319,38034375
2022-03-11,15586,57266,49656905,38091641
2022-03-12,15506,56620,49672411,38148261
2022-03-13,5544,16851,49677955,38165112
2022-03-14,10526,46699,49688481,38211811
2022-03-15,10548,46894,49699029,38258705
2022-03-16,9482,41973,49708511,38300678
2022-03-17,9718,44873,49718229,38345551
2022-03-18,10158,49056,49728387,38394607
2022-03-19,9150,46534,49737537,38441141
2022-03-20,2609,11702,49740146,38452843
2022-03-21,7579,40222,49747725,38493065
2022-03-22,8448,37759,49756173,38530824
2022-03-23,7215,33700,49763388,38564524
2022-03-24,8258,38806,49771646,38603330
2022-03-25,8140,43666,49779786,38646996
2022-03-26,8127,41721,49787913,38688717
2022-03-27,2430,9682,49790343,38698399
2022-03-28,6109,35238,49796452,38733637
2022-03-29,5777,32530,49802229,38766167
2022-03-30,5566,30205,49807795,38796372
2022-03-31,5898,33180,49813693,38829552
2022-04-01,4348,25190,49818041,38854742
2022-04-02,4495,23274,49822536,38878016
2022-04-03,1049,4500,49823585,38882516
2022-04-04,3657,21544,49827242,38904060
2022-04-05,3756,22932,49830998,38926992
2022-04-06,4103,21853,49835101,38948845
2022-04-07,3967,23320,49839068,38972165
2022-04-08,4692,26712,49843760,38998877
2022-04-09,4382,23886,49848142,39022763
2022-04-10,892,4613,49849034,39027376
2022-04-11,3816,22687,49852850,39050063
2022-04-12,3364,21778,49856214,39071841
2022-04-13,3568,21335,49859782,39093176
2022-04-14,3485,23786,49863267,39116962
2022-04-15,3084,20617,49866351,39137579
2022-04-16,2149,11918,49868500,39149497
2022-04-17,63,348,49868563,39149845
2022-04-18,152,650,49868715,39150495
2022-04-19,3499,21979,49872214,39172474
2022-04-20,3511,20251,49875725,39192725
2022-04-21,2847,19788,49878572,39212513
2022-04-22,2927,20703,49881499,39233216
2022-04-23,2645,16219,49884144,39249435
2022-04-24,509,2334,49884653,39251769
2022-04-25,183,1165,49884836,39252934
2022-04-26,2759,17807,49887595,39270741
2022-04-27,2374,15793,49889969,39286534
2022-04-28,2359,15560,49892328,39302094
2022-04-29,2294,14846,49894622,39316940
2022-04-30,2122,11581,49896744,39328521
2022-05-01,113,531,49896857,39329052
2022-05-02,1450,9391,49898307,39338443
2022-05-03,1576,10318,49899883,39348761
2022-05-04,1745,10268,49901628,39359029
2022-05-05,1653,10285,49903281,39369314
2022-05-06,1701,10958,49904982,39380272
2022-05-07,1431,8568,49906413,39388840
2022-05-08,416,1520,49906829,39390360
2022-05-09,1027,8929,49907856,39399289
2022-05-10,1424,9546,49909280,39408835
2022-05-11,1483,10098,49910763,39418933
2022-05-12,1369,10131,49912132,39429064
2022-05-13,1594,10518,49913726,39439582
2022-05-14,1357,8235,49915083,39447817
2022-05-15,336,1131,49915419,39448948
2022-05-16,813,8405,49916232,39457353
2022-05-17,1243,8696,49917475,39466049
2022-05-18,1372,9234,49918847,39475283
2022-05-19,1500,9277,49920347,39484560
2022-05-20,1421,9515,49921768,39494075
2022-05-21,1301,7900,49923069,39501975
2022-05-22,231,1013,49923300,39502988
2022-05-23,830,8267,49924130,39511255
2022-05-24,1073,8672,49925203,39519927
2022-05-25,1371,9459,49926574,39529386
2022-05-26,1195,9475,49927769,39538861
2022-05-27,1232,9914,49929001,39548775
2022-05-28,1205,7886,49930206,39556661
2022-05-29,288,1264,49930494,39557925
2022-05-30,930,8055,49931424,39565980
2022-05-31,1036,8547,49932460,39574527
2022-06-01,891,7655,49933351,39582182
2022-06-02,35,474,49933386,39582656
2022-06-03,818,7333,49934204,39589989
2022-06-04,870,5161,49935074,39595150
2022-06-05,89,586,49935163,39595736
2022-06-06,678,6992,49935841,39602728
2022-06-07,952,7849,49936793,39610577
2022-06-08,981,7908,49937774,39618485
2022-06-09,1037,8414,49938811,39626899
2022-06-10,958,8564,49939769,39635463
2022-06-11,903,6207,49940672,39641670
2022-06-12,140,768,49940812,39642438
2022-06-13,602,6301,49941414,39648739
2022-06-14,830,7896,49942244,39656635
2022-06-15,955,7852,49943199,39664487
2022-06-16,730,7393,49943929,39671880
2022-06-17,723,7243,49944652,39679123
2022-06-18,777,5593,49945429,39684716
2022-06-19,48,522,49945477,39685238
2022-06-20,587,6699,49946064,39691937
2022-06-21,736,7665,49946800,39699602
2022-06-22,781,7308,49947581,39706910
2022-06-23,652,7467,49948233,39714377
2022-06-24,644,7474,49948877,39721851
2022-06-25,835,6534,49949712,39728385
2022-06-26,128,523,49949840,39728908
2022-06-27,533,7124,49950373,39736032
2022-06-28,746,8207,49951119,39744239
2022-06-29,756,7730,49951875,39751969
2022-06-30,745,8144,49952620,39760113
2022-07-01,577,6443,49953197,39766556
2022-07-02,536,4769,49953733,39771325
2022-07-03,49,456,49953782,39771781
2022-07-04,469,6277,49954251,39778058
2022-07-05,629,8119,49954880,39786177
2022-07-06,633,7610,49955513,39793787
2022-07-07,572,8271,49956085,39802058
2022-07-08,673,8082,49956758,39810140
2022-07-09,550,6104,49957308,39816244
2022-07-10,58,533,49957366,39816777
2022-07-11,487,7638,49957853,39824415
2022-07-12,667,9028,49958520,39833443
2022-07-13,641,10067,49959161,39843510
2022-07-14,635,10224,49959796,39853734
2022-07-15,625,10668,49960421,39864402
2022-07-16,522,7214,49960943,39871616
2022-07-17,48,770,49960991,39872386
2022-07-18,497,9369,49961488,39881755
2022-07-19,574,10682,49962062,39892437
2022-07-20,580,11273,49962642,39903710
2022-07-21,627,12086,49963269,39915796
2022-07-22,583,11257,49963852,39927053
2022-07-23,380,6771,49964232,39933824
2022-07-24,76,857,49964308,39934681
2022-07-25,503,9051,49964811,39943732
2022-07-26,519,9758,49965330,39953490
2022-07-27,552,10199,49965882,39963689
2022-07-28,530,10535,49966412,39974224
2022-07-29,511,9464,49966923,39983688
2022-07-30,382,5881,49967305,39989569
2022-07-31,49,764,49967354,39990333
2022-08-01,386,6864,49967740,39997197
2022-08-02,540,7584,49968280,40004781
2022-08-03,512,7175,49968792,40011956
2022-08-04,455,7489,49969247,40019445
2022-08-05,420,6524,49969667,40025969
2022-08-06,299,3612,49969966,40029581
2022-08-07,44,562,49970010,40030143
2022-08-08,402,4893,49970412,40035036
2022-08-09,381,5308,49970793,40040344
2022-08-10,381,4815,49971174,40045159
2022-08-11,366,4778,49971540,40049937
2022-08-12,292,3721,49971832,40053658
2022-08-13,143,1600,49971975,40055258
2022-08-14,9,129,49971984,40055387
2022-08-15,1,26,49971985,40055413
2022-08-16,283,3043,49972268,40058456
2022-08-17,352,3536,49972620,40061992
2022-08-18,391,4160,49973011,40066152
2022-08-19,341,3320,49973352,40069472
2022-08-20,183,1715,49973535,40071187
2022-08-21,24,149,49973559,40071336
2022-08-22,329,2951,49973888,40074287
2022-08-23,370,3674,49974258,40077961
2022-08-24,383,3359,49974641,40081320
2022-08-25,421,3772,49975062,40085092
2022-08-26,399,3571,49975461,40088663
2022-08-27,237,1769,49975698,40090432
2022-08-28,29,267,49975727,40090699
2022-08-29,354,3161,49976081,40093860
2022-08-30,402,3670,49976483,40097530
2022-08-31,437,3734,49976920,40101264
2022-09-01,352,3117,49977272,40104381
2022-09-02,296,2890,49977568,40107271
2022-09-03,200,1688,49977768,40108959
2022-09-04,23,149,49977791,40109108
2022-09-05,187,2655,49977978,40111763
2022-09-06,303,2986,49978281,40114749
2022-09-07,540,2936,49978821,40117685
2022-09-08,291,2960,49979112,40120645
2022-09-09,305,2884,49979417,40123529
2022-09-10,227,1326,49979644,40124855
2022-09-11,22,124,49979666,40124979
2022-09-12,267,2263,49979933,40127242
2022-09-13,252,2274,49980185,40129516
2022-09-14,265,2564,49980450,40132080
2022-09-15,280,2493,49980730,40134573
2022-09-16,253,2544,49980983,40137117
2022-09-17,239,1339,49981222,40138456
2022-09-18,20,170,49981242,40138626
2022-09-19,205,1969,49981447,40140595
2022-09-20,236,2384,49981683,40142979
2022-09-21,289,2526,49981972,40145505
2022-09-22,263,2651,49982235,40148156
2022-09-23,258,2537,49982493,40150693
2022-09-24,193,1427,49982686,40152120
2022-09-25,29,133,49982715,40152253
2022-09-26,280,2247,49982995,40154500
2022-09-27,286,2671,49983281,40157171
2022-09-28,309,2895,49983590,40160066
2022-09-29,256,3045,49983846,40163111
2022-09-30,290,2974,49984136,40166085
2022-10-01,194,1513,49984330,40167598
2022-10-02,12,187,49984342,40167785
2022-10-03,182,2473,49984524,40170258
2022-10-04,236,2858,49984760,40173116
2022-10-05,226,3217,49984986,40176333
2022-10-06,241,3842,49985227,40180175
2022-10-07,282,4162,49985509,40184337
2022-10-08,201,2235,49985710,40186572
2022-10-09,8,304,49985718,40186876
2022-10-10,206,3337,49985924,40190213
2022-10-11,191,4349,49986115,40194562
2022-10-12,208,4412,49986323,40198974
2022-10-13,200,5296,49986523,40204270
2022-10-14,229,5017,49986752,40209287
2022-10-15,188,2669,49986940,40211956
2022-10-16,6,360,49986946,40212316
2022-10-17,186,3863,49987132,40216179
2022-10-18,257,4949,49987389,40221128
2022-10-19,237,5462,49987626,40226590
2022-10-20,222,5980,49987848,40232570
2022-10-21,250,5459,49988098,40238029
2022-10-22,194,2907,49988292,40240936
2022-10-23,13,356,49988305,40241292
2022-10-24,170,3909,49988475,40245201
2022-10-25,252,4906,49988727,40250107
2022-10-26,331,5454,49989058,40255561
2022-10-27,241,5606,49989299,40261167
2022-10-28,200,5196,49989499,40266363
2022-10-29,127,2830,49989626,40269193
2022-10-30,3,326,49989629,40269519
2022-10-31,115,3015,49989744,40272534
2022-11-01,10,327,49989754,40272861
2022-11-02,145,3669,49989899,40276530
2022-11-03,167,4727,49990066,40281257
2022-11-04,215,4476,49990281,40285733
2022-11-05,142,2567,49990423,40288300
2022-11-06,10,255,49990433,40288555
2022-11-07,156,3110,49990589,40291665
2022-11-08,249,4037,49990838,40295702
2022-11-09,183,4045,49991021,40299747
2022-11-10,187,4093,49991208,40303840