data_somministrazione,vaccinazioni,booster,cum_vaccinazioni,cum_booster
2020-12-27,20,0,20,0
2020-12-28,2,0,22,0
2020-12-29,1,0,23,0
2020-12-30,6,0,29,0
2020-12-31,69,0,98,0
2021-01-01,22,0,120,0
2021-01-02,108,0,228,0
2021-01-03,81,0,309,0
2021-01-04,203,0,512,0
2021-01-05,239,0,751,0
2021-01-06,201,0,952,0
2021-01-07,294,0,1246,0
2021-01-08,337,0,1583,0
2021-01-09,249,0,1832,0
2021-01-10,146,0,1978,0
2021-01-11,271,0,2249,0
2021-01-12,265,0,2514,0
2021-01-13,390,0,2904,0
2021-01-14,476,0,3380,0
2021-01-15,299,0,3679,0
2021-01-16,207,0,3886,0
2021-01-17,3058,0,6944,0
2021-01-18,5209,0,12153,0
2021-01-19,1892,0,14045,0
2021-01-20,4654,0,18699,0
2021-01-21,19996,0,38695,0
2021-01-22,14200,0,52895,0
2021-01-23,33330,0,86225,0
2021-01-24,30787,0,117012,0
2021-01-25,64725,0,181737,0
2021-01-26,76499,0,258236,0
2021-01-27,64835,0,323071,0
2021-01-28,89287,0,412358,0
2021-01-29,94020,0,506378,0
2021-01-30,86565,0,592943,0
2021-01-31,57334,0,650277,0
2021-02-01,81867,0,732144,0
2021-02-02,82147,0,814291,0
2021-02-03,91190,0,905481,0
2021-02-04,95397,0,1000878,0
2021-02-05,90275,0,1091153,0
2021-02-06,63448,0,1154601,0
2021-02-07,32928,0,1187529,0
2021-02-08,40432,0,1227961,0
2021-02-09,32864,0,1260825,0
2021-02-10,28422,0,1289247,0
2021-02-11,20393,0,1309640,0
2021-02-12,16230,0,1325870,0
2021-02-13,7255,0,1333125,0
2021-02-14,2861,0,1335986,0
2021-02-15,6838,0,1342824,0
2021-02-16,6994,0,1349818,0
2021-02-17,10520,0,1360338,0
2021-02-18,9248,0,1369586,0
2021-02-19,8242,0,1377828,0
2021-02-20,5548,0,1383376,0
2021-02-21,2989,0,1386365,0
2021-02-22,6882,0,1393247,0
2021-02-23,7165,0,1400412,0
2021-02-24,9825,0,1410237,0
2021-02-25,14204,0,1424441,0
2021-02-26,17555,0,1441996,0
2021-02-27,13905,0,1455901,0
2021-02-28,9386,0,1465287,0
2021-03-01,26507,0,1491794,0
2021-03-02,33238,0,1525032,0
2021-03-03,44639,0,1569671,0
2021-03-04,50288,0,1619959,0
2021-03-05,55734,0,1675693,0
2021-03-06,41877,0,1717570,0
2021-03-07,22324,0,1739894,0
2021-03-08,50797,0,1790691,0
2021-03-09,53063,0,1843754,0
2021-03-10,58630,0,1902384,0
2021-03-11,63843,0,1966227,0
2021-03-12,65100,0,2031327,0
2021-03-13,51708,0,2083035,0
2021-03-14,35387,0,2118422,0
2021-03-15,73429,0,2191851,0
2021-03-16,74023,0,2265874,0
2021-03-17,83130,0,2349004,0
2021-03-18,81623,0,2430627,0
2021-03-19,81078,0,2511705,0
2021-03-20,64713,0,2576418,0
2021-03-21,47289,0,2623707,0
2021-03-22,69472,0,2693179,0
2021-03-23,75782,0,2768961,0
2021-03-24,90895,0,2859856,0
2021-03-25,89788,0,2949644,0
2021-03-26,83606,0,3033250,0
2021-03-27,71927,0,3105177,0
2021-03-28,44133,0,3149310,0
2021-03-29,70811,0,3220121,0
2021-03-30,81368,0,3301489,0
2021-03-31,96219,0,3397708,0
2021-04-01,95296,0,3493004,0
2021-04-02,84065,0,3577069,0
2021-04-03,64295,0,3641364,0
2021-04-04,21717,0,3663081,0
2021-04-05,40299,0,3703380,0
2021-04-06,81306,0,3784686,0
2021-04-07,95815,0,3880501,0
2021-04-08,95225,0,3975726,0
2021-04-09,88485,0,4064211,0
2021-04-10,74029,0,4138240,0
2021-04-11,44756,0,4182996,0
2021-04-12,66908,0,4249904,0
2021-04-13,72565,0,4322469,0
2021-04-14,85524,0,4407993,0
2021-04-15,105405,0,4513398,0
2021-04-16,106412,0,4619810,0
2021-04-17,90495,0,4710305,0
2021-04-18,58581,0,4768886,0
2021-04-19,93423,0,4862309,0
2021-04-20,103758,0,4966067,0
2021-04-21,125332,0,5091399,0
2021-04-22,143500,0,5234899,0
2021-04-23,138722,0,5373621,0
2021-04-24,124437,0,5498058,0
2021-04-25,61452,0,5559510,0
2021-04-26,97880,0,5657390,0
2021-04-27,128354,0,5785744,0
2021-04-28,156351,0,5942095,0
2021-04-29,195581,0,6137676,0
2021-04-30,214554,0,6352230,0
2021-05-01,174091,0,6526321,0
2021-05-02,135797,0,6662118,0
2021-05-03,142006,0,6804124,0
2021-05-04,158680,0,6962804,0
2021-05-05,170474,0,7133278,0
2021-05-06,197790,0,7331068,0
2021-05-07,213815,0,7544883,0
2021-05-08,213390,0,7758273,0
2021-05-09,143195,0,7901468,0
2021-05-10,165084,0,8066552,0
2021-05-11,174965,0,8241517,0
2021-05-12,179164,0,8420681,0
2021-05-13,203366,0,8624047,0
2021-05-14,222895,0,8846942,0
2021-05-15,210344,0,9057286,0
2021-05-16,159268,0,9216554,0
2021-05-17,219178,0,9435732,0
2021-05-18,213002,0,9648734,0
2021-05-19,207064,0,9855798,0
2021-05-20,270837,0,10126635,0
2021-05-21,270863,0,10397498,0
2021-05-22,245515,0,10643013,0
2021-05-23,197171,0,10840184,0
2021-05-24,228295,0,11068479,0
2021-05-25,245687,0,11314166,0
2021-05-26,277478,0,11591644,0
2021-05-27,311075,0,11902719,0
2021-05-28,299564,0,12202283,0
2021-05-29,231204,0,12433487,0
2021-05-30,170828,0,12604315,0
2021-05-31,216411,0,12820726,0
2021-06-01,207624,0,13028350,0
2021-06-02,115777,0,13144127,0
2021-06-03,180118,0,13324245,0
2021-06-04,184859,0,13509104,0
2021-06-05,185940,0,13695044,0
2021-06-06,139523,0,13834567,0
2021-06-07,161849,0,13996416,0
2021-06-08,171176,0,14167592,0
2021-06-09,171445,0,14339037,0
2021-06-10,174053,0,14513090,0
2021-06-11,169946,0,14683036,0
2021-06-12,128314,0,14811350,0
2021-06-13,91150,0,14902500,0
2021-06-14,214652,0,15117152,0
2021-06-15,228393,0,15345545,0
2021-06-16,253042,0,15598587,0
2021-06-17,301709,0,15900296,0
2021-06-18,306272,0,16206568,0
2021-06-19,275065,0,16481633,0
2021-06-20,220732,0,16702365,0
2021-06-21,288050,0,16990415,0
2021-06-22,296186,0,17286601,0
2021-06-23,302663,0,17589264,0
2021-06-24,332560,0,17921824,0
2021-06-25,348689,0,18270513,0
2021-06-26,300086,0,18570599,0
2021-06-27,228622,0,18799221,0
2021-06-28,307045,0,19106266,0
2021-06-29,329244,0,19435510,0
2021-06-30,342110,0,19777620,0
2021-07-01,363165,0,20140785,0
2021-07-02,368431,0,20509216,0
2021-07-03,371068,0,20880284,0
2021-07-04,283196,0,21163480,0
2021-07-05,384507,0,21547987,0
2021-07-06,385430,0,21933417,0
2021-07-07,412072,0,22345489,0
2021-07-08,479610,0,22825099,0
2021-07-09,498479,0,23323578,0
2021-07-10,475174,0,23798752,0
2021-07-11,357692,0,24156444,0
2021-07-12,485894,0,24642338,0
2021-07-13,492136,0,25134474,0
2021-07-14,480471,0,25614945,0
2021-07-15,523471,0,26138416,0
2021-07-16,509772,0,26648188,0
2021-07-17,464356,0,27112544,0
2021-07-18,364683,0,27477227,0
2021-07-19,463067,0,27940294,0
2021-07-20,458078,0,28398372,0
2021-07-21,462804,0,28861176,0
2021-07-22,475395,0,29336571,0
2021-07-23,441297,0,29777868,0
2021-07-24,386179,0,30164047,0
2021-07-25,287580,0,30451627,0
2021-07-26,430877,0,30882504,0
2021-07-27,440119,0,31322623,0
2021-07-28,391006,0,31713629,0
2021-07-29,372076,0,32085705,0
2021-07-30,341511,0,32427216,0
2021-07-31,287022,0,32714238,0
2021-08-01,191015,0,32905253,0
2021-08-02,333724,0,33238977,0
2021-08-03,323186,0,33562163,0
2021-08-04,310968,0,33873131,0
2021-08-05,292505,0,34165636,0
2021-08-06,260003,0,34425639,0
2021-08-07,199049,0,34624688,0
2021-08-08,153105,0,34777793,0
2021-08-09,234073,0,35011866,0
2021-08-10,205245,0,35217111,0
2021-08-11,193756,0,35410867,0
2021-08-12,167992,0,35578859,0
2021-08-13,148602,0,35727461,0
2021-08-14,66089,0,35793550,0
2021-08-15,26336,0,35819886,0
2021-08-16,114683,0,35934569,0
2021-08-17,129240,0,36063809,0
2021-08-18,128741,0,36192550,0
2021-08-19,124796,0,36317346,0
2021-08-20,123794,0,36441140,0
2021-08-21,83121,0,36524261,0
2021-08-22,68167,0,36592428,0
2021-08-23,176871,0,36769299,0
2021-08-24,156904,0,36926203,0
2021-08-25,177167,0,37103370,0
2021-08-26,172345,0,37275715,0
2021-08-27,185836,0,37461551,0
2021-08-28,140268,0,37601819,0
2021-08-29,98998,0,37700817,0
2021-08-30,209625,0,37910442,0
2021-08-31,194634,0,38105076,0
2021-09-01,192214,0,38297290,0
2021-09-02,189939,0,38487229,0
2021-09-03,191331,0,38678560,0
2021-09-04,131474,0,38810034,0
2021-09-05,87867,0,38897901,0
2021-09-06,193650,0,39091551,0
2021-09-07,196053,0,39287604,0
2021-09-08,187902,0,39475506,0
2021-09-09,201462,0,39676968,0
2021-09-10,198100,0,39875068,0
2021-09-11,141321,0,40016389,0
2021-09-12,89600,0,40105989,0
2021-09-13,191159,560,40297148,560
2021-09-14,177257,578,40474405,1138
2021-09-15,163113,587,40637518,1725
2021-09-16,160092,930,40797610,2655
2021-09-17,150176,1114,40947786,3769
2021-09-18,127976,741,41075762,4510
2021-09-19,81130,497,41156892,5007
2021-09-20,180076,9075,41336968,14082
2021-09-21,166638,8832,41503606,22914
2021-09-22,159082,9440,41662688,32354
2021-09-23,138086,9323,41800774,41677
2021-09-24,140539,8958,41941313,50635
2021-09-25,119556,5639,42060869,56274
2021-09-26,71961,4341,42132830,60615
2021-09-27,135644,10048,42268474,70663
2021-09-28,117497,11386,42385971,82049
2021-09-29,112337,11827,42498308,93876
2021-09-30,110233,14952,42608541,108828
2021-10-01,94978,19108,42703519,127936
2021-10-02,78489,14015,42782008,141951
2021-10-03,47740,7657,42829748,149608
2021-10-04,88378,34445,42918126,184053
2021-10-05,80366,33971,42998492,218024
2021-10-06,71985,34163,43070477,252187
2021-10-07,71855,34348,43142332,286535
2021-10-08,80626,33589,43222958,320124
2021-10-09,76102,22170,43299060,342294
2021-10-10,45774,13618,43344834,355912
2021-10-11,87418,41107,43432252,397019
2021-10-12,84490,46900,43516742,443919
2021-10-13,88192,52116,43604934,496035
2021-10-14,91530,58512,43696464,554547
2021-10-15,93596,55629,43790060,610176
2021-10-16,82966,36782,43873026,646958
2021-10-17,51466,23827,43924492,670785
2021-10-18,90300,59482,44014792,730267
2021-10-19,78344,69373,44093136,799640
2021-10-20,75074,78165,44168210,877805
2021-10-21,78298,81753,44246508,959558
2021-10-22,73787,77023,44320295,1036581
2021-10-23,60820,51954,44381115,1088535
2021-10-24,33377,23457,44414492,1111992
2021-10-25,64907,81622,44479399,1193614
2021-10-26,58374,91779,44537773,1285393
2021-10-27,58329,103971,44596102,1389364
2021-10-28,61465,114103,44657567,1503467
2021-10-29,61656,103114,44719223,1606581
2021-10-30,50672,68116,44769895,1674697
2021-10-31,25163,28290,44795058,1702987
2021-11-01,19046,28148,44814104,1731135
2021-11-02,62762,89373,44876866,1820508
2021-11-03,60735,118652,44937601,1939160
2021-11-04,59242,126664,44996843,2065824
2021-11-05,63096,135171,45059939,2200995
2021-11-06,46476,90924,45106415,2291919
2021-11-07,22251,37895,45128666,2329814
2021-11-08,51528,131264,45180194,2461078
2021-11-09,45403,144198,45225597,2605276
2021-11-10,42583,156343,45268180,2761619
2021-11-11,44933,155132,45313113,2916751
2021-11-12,46372,158575,45359485,3075326
2021-11-13,33253,116650,45392738,3191976
2021-11-14,14482,52445,45407220,3244421
2021-11-15,36894,157424,45444114,3401845
2021-11-16,30549,171375,45474663,3573220
2021-11-17,28450,178434,45503113,3751654
2021-11-18,30283,193716,45533396,3945370
2021-11-19,28801,205850,45562197,4151220
2021-11-20,20993,156436,45583190,4307656
2021-11-21,10609,64858,45593799,4372514
2021-11-22,21934,213138,45615733,4585652
2021-11-23,23572,241744,45639305,4827396
2021-11-24,27843,270945,45667148,5098341
2021-11-25,23233,301903,45690381,5400244
2021-11-26,24586,318262,45714967,5718506
2021-11-27,21381,266149,45736348,5984655
2021-11-28,9899,137059,45746247,6121714
2021-11-29,22324,326062,45768571,6447776
2021-11-30,23087,365821,45791658,6813597
2021-12-01,21521,413498,45813179,7227095
2021-12-02,23762,440374,45836941,7667469
2021-12-03,25252,467455,45862193,8134924
2021-12-04,22360,418731,45884553,8553655
2021-12-05,11923,261326,45896476,8814981
2021-12-06,25820,457565,45922296,9272546
2021-12-07,24128,480251,45946424,9752797
2021-12-08,10002,249684,45956426,10002481
2021-12-09,31578,491906,45988004,10494387
2021-12-10,28064,517863,46016068,11012250
2021-12-11,23560,459241,46039628,11471491
2021-12-12,12305,293492,46051933,11764983
2021-12-13,26152,467616,46078085,12232599
2021-12-14,25169,494187,46103254,12726786
2021-12-15,25332,517125,46128586,13243911
2021-12-16,27879,520235,46156465,13764146
2021-12-17,29357,517158,46185822,14281304
2021-12-18,27049,468713,46212871,14750017
2021-12-19,15138,300514,46228009,15050531
2021-12-20,30615,477479,46258624,15528010
2021-12-21,30362,493376,46288986,16021386
2021-12-22,29435,484701,46318421,16506087
2021-12-23,28236,426891,46346657,16932978
2021-12-24,13113,210821,46359770,17143799
2021-12-25,2101,33053,46361871,17176852
2021-12-26,8758,159066,46370629,17335918
2021-12-27,46780,504650,46417409,17840568
2021-12-28,42439,554204,46459848,18394772
2021-12-29,34338,550625,46494186,18945397
2021-12-30,31820,499819,46526006,19445216
2021-12-31,14113,247389,46540119,19692605
2022-01-01,3494,64814,46543613,19757419
2022-01-02,22754,276718,46566367,20034137
2022-01-03,47838,520003,46614205,20554140
2022-01-04,46338,572075,46660543,21126215
2022-01-05,40719,560392,46701262,21686607
2022-01-06,23468,274480,46724730,21961087
2022-01-07,63674,554178,46788404,22515265
2022-01-08,60822,503372,46849226,23018637
2022-01-09,42812,319682,46892038,23338319
2022-01-10,61047,542279,46953085,23880598
2022-01-11,61683,586978,47014768,24467576
2022-01-12,58407,581271,47073175,25048847
2022-01-13,58578,580370,47131753,25629217
2022-01-14,46748,588555,47178501,26217772
2022-01-15,39356,569932,47217857,26787704
2022-01-16,31170,341847,47249027,27129551
2022-01-17,54747,489646,47303774,27619197
2022-01-18,58361,517007,47362135,28136204
2022-01-19,57163,502775,47419298,28638979
2022-01-20,54310,498812,47473608,29137791
2022-01-21,42055,493862,47515663,29631653
2022-01-22,31149,469588,47546812,30101241
2022-01-23,34913,275358,47581725,30376599
2022-01-24,56155,437204,47637880,30813803
2022-01-25,61530,452089,47699410,31265892
2022-01-26,58518,435818,47757928,31701710
2022-01-27,48812,432348,47806740,32134058
2022-01-28,58670,436527,47865410,32570585
2022-01-29,68105,412481,47933515,32983066
2022-01-30,50358,235962,47983873,33219028
2022-01-31,60604,356920,48044477,33575948
2022-02-01,65524,328433,48110001,33904381
2022-02-02,63167,296964,48173168,34201345
2022-02-03,60036,274512,48233204,34475857
2022-02-04,72358,268450,48305562,34744307
2022-02-05,83745,248528,48389307,34992835
2022-02-06,55275,116197,48444582,35109032
2022-02-07,65120,199933,48509702,35308965
2022-02-08,66916,186105,48576618,35495070
2022-02-09,58749,166332,48635367,35661402
2022-02-10,58548,163232,48693915,35824634
2022-02-11,62228,162453,48756143,35987087
2022-02-12,71959,152133,48828102,36139220
2022-02-13,41467,68846,48869569,36208066
2022-02-14,46676,116187,48916245,36324253
2022-02-15,48516,123477,48964761,36447730
2022-02-16,45667,106114,49010428,36553844
2022-02-17,42850,98103,49053278,36651947
2022-02-18,46607,112568,49099885,36764515
2022-02-19,52518,100325,49152403,36864840
2022-02-20,31409,40357,49183812,36905197
2022-02-21,37885,89641,49221697,36994838
2022-02-22,37215,83767,49258912,37078605
2022-02-23,33381,79403,49292293,37158008
2022-02-24,32551,78157,49324844,37236165
2022-02-25,34751,90707,49359595,37326872
2022-02-26,39152,89130,49398747,37416002
2022-02-27,22540,35855,49421287,37451857
2022-02-28,28471,81683,49449758,37533540
2022-03-01,22709,53937,49472467,37587477
2022-03-02,21991,50625,49494458,37638102
2022-03-03,22604,54940,49517062,37693042
2022-03-04,23215,62791,49540277,37755833
2022-03-05,23787,57950,49564064,37813783
2022-03-06,9470,17200,49573534,37830983
2022-03-07,15902,51386,49589436,37882369
2022-03-08,15465,48793,49604901,37931162
2022-03-09,13807,46513,49618708,37977675
2022-03-10,14040,52115,49632748,38029790
2022-03-11,15571,57253,49648319,38087043
2022-03-12,15491,56614,49663810,38143657
2022-03-13,5542,16849,49669352,38160506
2022-03-14,10518,46692,49679870,38207198
2022-03-15,10535,46888,49690405,38254086
2022-03-16,9473,41975,49699878,38296061
2022-03-17,9705,44874,49709583,38340935
2022-03-18,10152,49052,49719735,38389987
2022-03-19,9146,46529,49728881,38436516
2022-03-20,2608,11700,49731489,38448216
2022-03-21,7575,40220,49739064,38488436
2022-03-22,8444,37752,49747508,38526188
2022-03-23,7209,33699,49754717,38559887
2022-03-24,8251,38797,49762968,38598684
2022-03-25,8130,43659,49771098,38642343
2022-03-26,8120,41720,49779218,38684063
2022-03-27,2429,9681,49781647,38693744
2022-03-28,6102,35231,49787749,38728975
2022-03-29,5773,32525,49793522,38761500
2022-03-30,5557,30195,49799079,38791695
2022-03-31,5888,33175,49804967,38824870
2022-04-01,4342,25187,49809309,38850057
2022-04-02,4489,23273,49813798,38873330
2022-04-03,1049,4499,49814847,38877829
2022-04-04,3654,21532,49818501,38899361
2022-04-05,3750,22924,49822251,38922285
2022-04-06,4098,21846,49826349,38944131
2022-04-07,3960,23320,49830309,38967451
2022-04-08,4688,26708,49834997,38994159
2022-04-09,4377,23884,49839374,39018043
2022-04-10,892,4614,49840266,39022657
2022-04-11,3812,22684,49844078,39045341
2022-04-12,3356,21779,49847434,39067120
2022-04-13,3560,21332,49850994,39088452
2022-04-14,3482,23775,49854476,39112227
2022-04-15,3079,20618,49857555,39132845
2022-04-16,2147,11919,49859702,39144764
2022-04-17,63,348,49859765,39145112
2022-04-18,149,650,49859914,39145762
2022-04-19,3490,21978,49863404,39167740
2022-04-20,3502,20248,49866906,39187988
2022-04-21,2840,19781,49869746,39207769
2022-04-22,2920,20695,49872666,39228464
2022-04-23,2636,16212,49875302,39244676
2022-04-24,509,2335,49875811,39247011
2022-04-25,183,1165,49875994,39248176
2022-04-26,2760,17791,49878754,39265967
2022-04-27,2368,15785,49881122,39281752
2022-04-28,2355,15553,49883477,39297305
2022-04-29,2292,14835,49885769,39312140
2022-04-30,2121,11576,49887890,39323716
2022-05-01,113,530,49888003,39324246
2022-05-02,1447,9386,49889450,39333632
2022-05-03,1573,10310,49891023,39343942
2022-05-04,1746,10257,49892769,39354199
2022-05-05,1650,10273,49894419,39364472
2022-05-06,1698,10945,49896117,39375417
2022-05-07,1431,8562,49897548,39383979
2022-05-08,404,1514,49897952,39385493
2022-05-09,1024,8917,49898976,39394410
2022-05-10,1422,9538,49900398,39403948
2022-05-11,1481,10087,49901879,39414035
2022-05-12,1368,10118,49903247,39424153
2022-05-13,1587,10510,49904834,39434663
2022-05-14,1357,8227,49906191,39442890
2022-05-15,336,1129,49906527,39444019
2022-05-16,812,8388,49907339,39452407
2022-05-17,1242,8673,49908581,39461080
2022-05-18,1369,9216,49909950,39470296
2022-05-19,1498,9269,49911448,39479565
2022-05-20,1418,9495,49912866,39489060
2022-05-21,1299,7892,49914165,39496952
2022-05-22,231,1012,49914396,39497964
2022-05-23,826,8261,49915222,39506225
2022-05-24,1070,8666,49916292,39514891
2022-05-25,1366,9445,49917658,39524336
2022-05-26,1194,9455,49918852,39533791
2022-05-27,1225,9911,49920077,39543702
2022-05-28,1202,7873,49921279,39551575
2022-05-29,285,1264,49921564,39552839
2022-05-30,930,8026,49922494,39560865
2022-05-31,1033,8531,49923527,39569396
2022-06-01,891,7644,49924418,39577040
2022-06-02,35,474,49924453,39577514
2022-06-03,814,7328,49925267,39584842
2022-06-04,870,5155,49926137,39589997
2022-06-05,89,586,49926226,39590583
2022-06-06,672,6984,49926898,39597567
2022-06-07,931,7842,49927829,39605409
2022-06-08,982,7900,49928811,39613309
2022-06-09,1034,8400,49929845,39621709
2022-06-10,957,8550,49930802,39630259
2022-06-11,900,6206,49931702,39636465
2022-06-12,140,767,49931842,39637232
2022-06-13,603,6295,49932445,39643527
2022-06-14,826,7881,49933271,39651408
2022-06-15,953,7843,49934224,39659251
2022-06-16,728,7389,49934952,39666640
2022-06-17,720,7239,49935672,39673879
2022-06-18,777,5588,49936449,39679467
2022-06-19,47,522,49936496,39679989
2022-06-20,588,6694,49937084,39686683
2022-06-21,733,7646,49937817,39694329
2022-06-22,780,7305,49938597,39701634
2022-06-23,649,7459,49939246,39709093
2022-06-24,642,7473,49939888,39716566
2022-06-25,835,6532,49940723,39723098
2022-06-26,128,523,49940851,39723621
2022-06-27,532,7120,49941383,39730741
2022-06-28,745,8209,49942128,39738950
2022-06-29,754,7719,49942882,39746669
2022-06-30,744,8132,49943626,39754801
2022-07-01,576,6437,49944202,39761238
2022-07-02,536,4765,49944738,39766003
2022-07-03,49,456,49944787,39766459
2022-07-04,470,6273,49945257,39772732
2022-07-05,627,8112,49945884,39780844
2022-07-06,629,7606,49946513,39788450
2022-07-07,567,8256,49947080,39796706
2022-07-08,670,8078,49947750,39804784
2022-07-09,549,6103,49948299,39810887
2022-07-10,58,533,49948357,39811420
2022-07-11,487,7638,49948844,39819058
2022-07-12,663,9003,49949507,39828061
2022-07-13,638,10058,49950145,39838119
2022-07-14,636,10223,49950781,39848342
2022-07-15,623,10664,49951404,39859006
2022-07-16,521,7208,49951925,39866214
2022-07-17,48,769,49951973,39866983
2022-07-18,497,9348,49952470,39876331
2022-07-19,574,10649,49953044,39886980
2022-07-20,576,11257,49953620,39898237
2022-07-21,625,12035,49954245,39910272
2022-07-22,581,11225,49954826,39921497
2022-07-23,379,6739,49955205,39928236
2022-07-24,76,834,49955281,39929070
2022-07-25,501,9031,49955782,39938101
2022-07-26,519,9724,49956301,39947825
2022-07-27,546,10152,49956847,39957977
2022-07-28,527,10477,49957374,39968454
2022-07-29,511,9420,49957885,39977874
2022-07-30,380,5851,49958265,39983725
2022-07-31,49,745,49958314,39984470
2022-08-01,386,6823,49958700,39991293
2022-08-02,539,7515,49959239,39998808
2022-08-03,509,7141,49959748,40005949
2022-08-04,451,7419,49960199,40013368
2022-08-05,415,6481,49960614,40019849
2022-08-06,297,3580,49960911,40023429
2022-08-07,44,551,49960955,40023980
2022-08-08,396,4873,49961351,40028853
2022-08-09,382,5267,49961733,40034120
2022-08-10,374,4783,49962107,40038903
2022-08-11,364,4756,49962471,40043659
2022-08-12,287,3700,49962758,40047359
2022-08-13,143,1595,49962901,40048954
2022-08-14,9,128,49962910,40049082
2022-08-15,1,26,49962911,40049108
2022-08-16,281,3023,49963192,40052131
2022-08-17,351,3513,49963543,40055644
2022-08-18,385,4142,49963928,40059786
2022-08-19,338,3305,49964266,40063091
2022-08-20,182,1711,49964448,40064802
2022-08-21,24,146,49964472,40064948
2022-08-22,326,2928,49964798,40067876
2022-08-23,371,3645,49965169,40071521
2022-08-24,381,3332,49965550,40074853
2022-08-25,417,3707,49965967,40078560
2022-08-26,393,3541,49966360,40082101
2022-08-27,234,1767,49966594,40083868
2022-08-28,29,260,49966623,40084128
2022-08-29,353,3133,49966976,40087261
2022-08-30,399,3635,49967375,40090896
2022-08-31,429,3696,49967804,40094592
2022-09-01,351,3059,49968155,40097651
2022-09-02,289,2861,49968444,40100512
2022-09-03,197,1683,49968641,40102195
2022-09-04,22,147,49968663,40102342
2022-09-05,185,2619,49968848,40104961
2022-09-06,299,2943,49969147,40107904
2022-09-07,535,2888,49969682,40110792
2022-09-08,280,2919,49969962,40113711
2022-09-09,296,2816,49970258,40116527
2022-09-10,225,1319,49970483,40117846
2022-09-11,21,122,49970504,40117968
2022-09-12,264,2089,49970768,40120057
2022-09-13,232,2041,49971000,40122098
2022-09-14,235,1896,49971235,40123994
2022-09-15,270,1758,49971505,40125752