data_somministrazione,vaccinazioni,booster,cum_vaccinazioni,cum_booster
2020-12-27,20,0,20,0
2020-12-28,2,0,22,0
2020-12-29,1,0,23,0
2020-12-30,8,0,31,0
2020-12-31,71,0,102,0
2021-01-01,23,0,125,0
2021-01-02,121,0,246,0
2021-01-03,86,0,332,0
2021-01-04,211,0,543,0
2021-01-05,248,0,791,0
2021-01-06,214,0,1005,0
2021-01-07,302,0,1307,0
2021-01-08,346,0,1653,0
2021-01-09,258,0,1911,0
2021-01-10,155,0,2066,0
2021-01-11,279,0,2345,0
2021-01-12,270,0,2615,0
2021-01-13,396,0,3011,0
2021-01-14,482,0,3493,0
2021-01-15,300,0,3793,0
2021-01-16,212,0,4005,0
2021-01-17,3060,0,7065,0
2021-01-18,5210,0,12275,0
2021-01-19,1893,0,14168,0
2021-01-20,4655,0,18823,0
2021-01-21,19998,0,38821,0
2021-01-22,14206,0,53027,0
2021-01-23,33322,0,86349,0
2021-01-24,30783,0,117132,0
2021-01-25,64725,0,181857,0
2021-01-26,76496,0,258353,0
2021-01-27,64830,0,323183,0
2021-01-28,89279,0,412462,0
2021-01-29,94014,0,506476,0
2021-01-30,86560,0,593036,0
2021-01-31,57331,0,650367,0
2021-02-01,81858,0,732225,0
2021-02-02,82143,0,814368,0
2021-02-03,91194,0,905562,0
2021-02-04,95398,0,1000960,0
2021-02-05,90275,0,1091235,0
2021-02-06,63445,0,1154680,0
2021-02-07,32928,0,1187608,0
2021-02-08,40428,0,1228036,0
2021-02-09,32866,0,1260902,0
2021-02-10,28422,0,1289324,0
2021-02-11,20398,0,1309722,0
2021-02-12,16234,0,1325956,0
2021-02-13,7266,0,1333222,0
2021-02-14,2861,0,1336083,0
2021-02-15,6840,0,1342923,0
2021-02-16,6998,0,1349921,0
2021-02-17,10521,0,1360442,0
2021-02-18,9252,0,1369694,0
2021-02-19,8246,0,1377940,0
2021-02-20,5555,0,1383495,0
2021-02-21,2996,0,1386491,0
2021-02-22,6885,0,1393376,0
2021-02-23,7168,0,1400544,0
2021-02-24,9831,0,1410375,0
2021-02-25,14211,0,1424586,0
2021-02-26,17555,0,1442141,0
2021-02-27,13909,0,1456050,0
2021-02-28,9387,0,1465437,0
2021-03-01,26515,0,1491952,0
2021-03-02,33238,0,1525190,0
2021-03-03,44644,0,1569834,0
2021-03-04,50288,0,1620122,0
2021-03-05,55734,0,1675856,0
2021-03-06,41870,0,1717726,0
2021-03-07,22323,0,1740049,0
2021-03-08,50822,0,1790871,0
2021-03-09,53070,0,1843941,0
2021-03-10,58647,0,1902588,0
2021-03-11,63859,0,1966447,0
2021-03-12,65109,0,2031556,0
2021-03-13,51717,0,2083273,0
2021-03-14,35395,0,2118668,0
2021-03-15,73440,0,2192108,0
2021-03-16,74028,0,2266136,0
2021-03-17,83133,0,2349269,0
2021-03-18,81620,0,2430889,0
2021-03-19,81080,0,2511969,0
2021-03-20,64719,0,2576688,0
2021-03-21,47296,0,2623984,0
2021-03-22,69476,0,2693460,0
2021-03-23,75795,0,2769255,0
2021-03-24,90909,0,2860164,0
2021-03-25,89798,0,2949962,0
2021-03-26,83617,0,3033579,0
2021-03-27,71936,0,3105515,0
2021-03-28,44140,0,3149655,0
2021-03-29,70824,0,3220479,0
2021-03-30,81382,0,3301861,0
2021-03-31,96233,0,3398094,0
2021-04-01,95307,0,3493401,0
2021-04-02,84070,0,3577471,0
2021-04-03,64303,0,3641774,0
2021-04-04,21718,0,3663492,0
2021-04-05,40311,0,3703803,0
2021-04-06,81310,0,3785113,0
2021-04-07,95830,0,3880943,0
2021-04-08,95234,0,3976177,0
2021-04-09,88485,0,4064662,0
2021-04-10,74032,0,4138694,0
2021-04-11,44762,0,4183456,0
2021-04-12,66917,0,4250373,0
2021-04-13,72572,0,4322945,0
2021-04-14,85539,0,4408484,0
2021-04-15,105418,0,4513902,0
2021-04-16,106419,0,4620321,0
2021-04-17,90514,0,4710835,0
2021-04-18,58587,0,4769422,0
2021-04-19,93431,0,4862853,0
2021-04-20,103769,0,4966622,0
2021-04-21,125339,0,5091961,0
2021-04-22,143515,0,5235476,0
2021-04-23,138737,0,5374213,0
2021-04-24,124443,0,5498656,0
2021-04-25,61454,0,5560110,0
2021-04-26,97892,0,5658002,0
2021-04-27,128361,0,5786363,0
2021-04-28,156367,0,5942730,0
2021-04-29,195593,0,6138323,0
2021-04-30,214577,0,6352900,0
2021-05-01,174115,0,6527015,0
2021-05-02,135802,0,6662817,0
2021-05-03,142031,0,6804848,0
2021-05-04,158694,0,6963542,0
2021-05-05,170499,0,7134041,0
2021-05-06,197806,0,7331847,0
2021-05-07,213844,0,7545691,0
2021-05-08,213408,0,7759099,0
2021-05-09,143199,0,7902298,0
2021-05-10,165087,0,8067385,0
2021-05-11,174986,0,8242371,0
2021-05-12,179176,0,8421547,0
2021-05-13,203378,0,8624925,0
2021-05-14,222911,0,8847836,0
2021-05-15,210356,0,9058192,0
2021-05-16,159272,0,9217464,0
2021-05-17,219191,0,9436655,0
2021-05-18,213017,0,9649672,0
2021-05-19,207083,0,9856755,0
2021-05-20,270860,0,10127615,0
2021-05-21,270883,0,10398498,0
2021-05-22,245523,0,10644021,0
2021-05-23,197181,0,10841202,0
2021-05-24,228302,0,11069504,0
2021-05-25,245696,0,11315200,0
2021-05-26,277487,0,11592687,0
2021-05-27,311084,0,11903771,0
2021-05-28,299572,0,12203343,0
2021-05-29,231216,0,12434559,0
2021-05-30,170838,0,12605397,0
2021-05-31,216422,0,12821819,0
2021-06-01,207631,0,13029450,0
2021-06-02,115787,0,13145237,0
2021-06-03,180140,0,13325377,0
2021-06-04,184872,0,13510249,0
2021-06-05,185951,0,13696200,0
2021-06-06,139539,0,13835739,0
2021-06-07,161865,0,13997604,0
2021-06-08,171206,0,14168810,0
2021-06-09,171465,0,14340275,0
2021-06-10,174088,0,14514363,0
2021-06-11,169966,0,14684329,0
2021-06-12,128317,0,14812646,0
2021-06-13,91177,0,14903823,0
2021-06-14,214670,0,15118493,0
2021-06-15,228408,0,15346901,0
2021-06-16,253070,0,15599971,0
2021-06-17,301729,0,15901700,0
2021-06-18,306295,0,16207995,0
2021-06-19,275080,0,16483075,0
2021-06-20,220777,0,16703852,0
2021-06-21,288074,0,16991926,0
2021-06-22,296215,0,17288141,0
2021-06-23,302689,0,17590830,0
2021-06-24,332591,0,17923421,0
2021-06-25,348713,0,18272134,0
2021-06-26,300113,0,18572247,0
2021-06-27,228659,0,18800906,0
2021-06-28,307088,0,19107994,0
2021-06-29,329280,0,19437274,0
2021-06-30,342155,0,19779429,0
2021-07-01,363203,0,20142632,0
2021-07-02,368467,0,20511099,0
2021-07-03,371087,0,20882186,0
2021-07-04,283211,0,21165397,0
2021-07-05,384543,0,21549940,0
2021-07-06,385465,0,21935405,0
2021-07-07,412120,0,22347525,0
2021-07-08,479614,0,22827139,0
2021-07-09,498490,0,23325629,0
2021-07-10,475191,0,23800820,0
2021-07-11,357703,0,24158523,0
2021-07-12,485899,0,24644422,0
2021-07-13,492132,0,25136554,0
2021-07-14,480473,0,25617027,0
2021-07-15,523466,0,26140493,0
2021-07-16,509773,0,26650266,0
2021-07-17,464356,0,27114622,0
2021-07-18,364669,0,27479291,0
2021-07-19,463070,0,27942361,0
2021-07-20,458074,0,28400435,0
2021-07-21,462800,0,28863235,0
2021-07-22,475399,0,29338634,0
2021-07-23,441318,0,29779952,0
2021-07-24,386172,0,30166124,0
2021-07-25,287568,0,30453692,0
2021-07-26,430879,0,30884571,0
2021-07-27,440128,0,31324699,0
2021-07-28,391009,0,31715708,0
2021-07-29,372081,0,32087789,0
2021-07-30,341503,0,32429292,0
2021-07-31,287027,0,32716319,0
2021-08-01,191007,0,32907326,0
2021-08-02,333718,0,33241044,0
2021-08-03,323190,0,33564234,0
2021-08-04,310978,0,33875212,0
2021-08-05,292514,0,34167726,0
2021-08-06,260006,0,34427732,0
2021-08-07,199045,0,34626777,0
2021-08-08,153112,0,34779889,0
2021-08-09,234072,0,35013961,0
2021-08-10,205252,0,35219213,0
2021-08-11,193768,0,35412981,0
2021-08-12,168020,0,35581001,0
2021-08-13,148621,0,35729622,0
2021-08-14,66093,0,35795715,0
2021-08-15,26336,0,35822051,0
2021-08-16,114694,0,35936745,0
2021-08-17,129245,0,36065990,0
2021-08-18,128749,0,36194739,0
2021-08-19,124809,0,36319548,0
2021-08-20,123795,0,36443343,0
2021-08-21,83126,0,36526469,0
2021-08-22,68172,0,36594641,0
2021-08-23,176871,0,36771512,0
2021-08-24,156900,0,36928412,0
2021-08-25,177171,0,37105583,0
2021-08-26,172359,0,37277942,0
2021-08-27,185839,0,37463781,0
2021-08-28,140276,0,37604057,0
2021-08-29,98989,0,37703046,0
2021-08-30,209614,0,37912660,0
2021-08-31,194638,0,38107298,0
2021-09-01,192208,0,38299506,0
2021-09-02,189936,0,38489442,0
2021-09-03,191320,0,38680762,0
2021-09-04,131473,0,38812235,0
2021-09-05,87860,0,38900095,0
2021-09-06,193636,0,39093731,0
2021-09-07,196046,0,39289777,0
2021-09-08,187890,0,39477667,0
2021-09-09,201455,0,39679122,0
2021-09-10,198085,0,39877207,0
2021-09-11,141311,0,40018518,0
2021-09-12,89602,0,40108120,0
2021-09-13,191143,585,40299263,585
2021-09-14,177241,603,40476504,1188
2021-09-15,163102,610,40639606,1798
2021-09-16,160085,946,40799691,2744
2021-09-17,150173,1132,40949864,3876
2021-09-18,127980,748,41077844,4624
2021-09-19,81135,498,41158979,5122
2021-09-20,180077,9094,41339056,14216
2021-09-21,166647,8842,41505703,23058
2021-09-22,159086,9447,41664789,32505
2021-09-23,138080,9337,41802869,41842
2021-09-24,140540,8975,41943409,50817
2021-09-25,119554,5649,42062963,56466
2021-09-26,71969,4346,42134932,60812
2021-09-27,135657,10057,42270589,70869
2021-09-28,117505,11400,42388094,82269
2021-09-29,112353,11833,42500447,94102
2021-09-30,110247,14960,42610694,109062
2021-10-01,94983,19119,42705677,128181
2021-10-02,78499,14029,42784176,142210
2021-10-03,47744,7663,42831920,149873
2021-10-04,88377,34464,42920297,184337
2021-10-05,80369,33990,43000666,218327
2021-10-06,71996,34183,43072662,252510
2021-10-07,71857,34361,43144519,286871
2021-10-08,80633,33597,43225152,320468
2021-10-09,76102,22181,43301254,342649
2021-10-10,45776,13620,43347030,356269
2021-10-11,87434,41114,43434464,397383
2021-10-12,84494,46915,43518958,444298
2021-10-13,88196,52129,43607154,496427
2021-10-14,91543,58525,43698697,554952
2021-10-15,93602,55641,43792299,610593
2021-10-16,82969,36795,43875268,647388
2021-10-17,51464,23837,43926732,671225
2021-10-18,90305,59496,44017037,730721
2021-10-19,78347,69386,44095384,800107
2021-10-20,75071,78183,44170455,878290
2021-10-21,78297,81774,44248752,960064
2021-10-22,73785,77045,44322537,1037109
2021-10-23,60824,51964,44383361,1089073
2021-10-24,33374,23466,44416735,1112539
2021-10-25,64906,81637,44481641,1194176
2021-10-26,58371,91812,44540012,1285988
2021-10-27,58329,103995,44598341,1389983
2021-10-28,61464,114123,44659805,1504106
2021-10-29,61643,103145,44721448,1607251
2021-10-30,50674,68125,44772122,1675376
2021-10-31,25162,28299,44797284,1703675
2021-11-01,19046,28152,44816330,1731827
2021-11-02,62751,89397,44879081,1821224
2021-11-03,60729,118674,44939810,1939898
2021-11-04,59243,126679,44999053,2066577
2021-11-05,63093,135195,45062146,2201772
2021-11-06,46481,90934,45108627,2292706
2021-11-07,22253,37897,45130880,2330603
2021-11-08,51530,131277,45182410,2461880
2021-11-09,45401,144214,45227811,2606094
2021-11-10,42587,156356,45270398,2762450
2021-11-11,44936,155140,45315334,2917590
2021-11-12,46377,158587,45361711,3076177
2021-11-13,33259,116658,45394970,3192835
2021-11-14,14488,52452,45409458,3245287
2021-11-15,36896,157436,45446354,3402723
2021-11-16,30557,171386,45476911,3574109
2021-11-17,28463,178449,45505374,3752558
2021-11-18,30285,193733,45535659,3946291
2021-11-19,28810,205861,45564469,4152152
2021-11-20,20996,156453,45585465,4308605
2021-11-21,10612,64860,45596077,4373465
2021-11-22,21941,213154,45618018,4586619
2021-11-23,23580,241760,45641598,4828379
2021-11-24,27842,270964,45669440,5099343
2021-11-25,23237,301916,45692677,5401259
2021-11-26,24586,318280,45717263,5719539
2021-11-27,21385,266158,45738648,5985697
2021-11-28,9903,137059,45748551,6122756
2021-11-29,22338,326075,45770889,6448831
2021-11-30,23097,365829,45793986,6814660
2021-12-01,21529,413522,45815515,7228182
2021-12-02,23776,440415,45839291,7668597
2021-12-03,25263,467483,45864554,8136080
2021-12-04,22372,418757,45886926,8554837
2021-12-05,11933,261348,45898859,8816185
2021-12-06,25819,457594,45924678,9273779
2021-12-07,24139,480273,45948817,9754052
2021-12-08,10006,249697,45958823,10003749
2021-12-09,31590,491943,45990413,10495692
2021-12-10,28077,517898,46018490,11013590
2021-12-11,23569,459261,46042059,11472851
2021-12-12,12307,293516,46054366,11766367
2021-12-13,26160,467639,46080526,12234006
2021-12-14,25174,494217,46105700,12728223
2021-12-15,25345,517161,46131045,13245384
2021-12-16,27890,520270,46158935,13765654
2021-12-17,29369,517188,46188304,14282842
2021-12-18,27070,468739,46215374,14751581
2021-12-19,15150,300536,46230524,15052117
2021-12-20,30637,477497,46261161,15529614
2021-12-21,30382,493399,46291543,16023013
2021-12-22,29454,484721,46320997,16507734
2021-12-23,28260,426916,46349257,16934650
2021-12-24,13114,210837,46362371,17145487
2021-12-25,2102,33053,46364473,17178540
2021-12-26,8764,159071,46373237,17337611
2021-12-27,46805,504670,46420042,17842281
2021-12-28,42457,554227,46462499,18396508
2021-12-29,34356,550651,46496855,18947159
2021-12-30,31852,499838,46528707,19446997
2021-12-31,14125,247398,46542832,19694395
2022-01-01,3496,64815,46546328,19759210
2022-01-02,22779,276725,46569107,20035935
2022-01-03,47868,520022,46616975,20555957
2022-01-04,46386,572091,46663361,21128048
2022-01-05,40767,560400,46704128,21688448
2022-01-06,23496,274488,46727624,21962936
2022-01-07,63717,554193,46791341,22517129
2022-01-08,60871,503393,46852212,23020522
2022-01-09,42872,319689,46895084,23340211
2022-01-10,61092,542294,46956176,23882505
2022-01-11,61735,586997,47017911,24469502
2022-01-12,58453,581275,47076364,25050777
2022-01-13,58619,580391,47134983,25631168
2022-01-14,46818,588573,47181801,26219741
2022-01-15,39424,569941,47221225,26789682
2022-01-16,31234,341863,47252459,27131545
2022-01-17,54786,489660,47307245,27621205
2022-01-18,58397,517016,47365642,28138221
2022-01-19,57199,502784,47422841,28641005
2022-01-20,54341,498830,47477182,29139835
2022-01-21,42095,493874,47519277,29633709
2022-01-22,31195,469596,47550472,30103305
2022-01-23,34936,275367,47585408,30378672
2022-01-24,56180,437223,47641588,30815895
2022-01-25,61551,452109,47703139,31268004
2022-01-26,58545,435829,47761684,31703833
2022-01-27,48842,432368,47810526,32136201
2022-01-28,58693,436536,47869219,32572737
2022-01-29,68125,412488,47937344,32985225
2022-01-30,50374,235968,47987718,33221193
2022-01-31,60623,356931,48048341,33578124
2022-02-01,65552,328442,48113893,33906566
2022-02-02,63197,296975,48177090,34203541
2022-02-03,60055,274516,48237145,34478057
2022-02-04,72381,268453,48309526,34746510
2022-02-05,83776,248532,48393302,34995042
2022-02-06,55288,116200,48448590,35111242
2022-02-07,65139,199938,48513729,35311180
2022-02-08,66926,186110,48580655,35497290
2022-02-09,58756,166336,48639411,35663626
2022-02-10,58570,163234,48697981,35826860
2022-02-11,62246,162461,48760227,35989321
2022-02-12,71979,152142,48832206,36141463
2022-02-13,41471,68849,48873677,36210312
2022-02-14,46687,116186,48920364,36326498
2022-02-15,48530,123479,48968894,36449977
2022-02-16,45676,106117,49014570,36556094
2022-02-17,42860,98107,49057430,36654201
2022-02-18,46617,112570,49104047,36766771
2022-02-19,52531,100329,49156578,36867100
2022-02-20,31410,40362,49187988,36907462
2022-02-21,37885,89646,49225873,36997108
2022-02-22,37218,83772,49263091,37080880
2022-02-23,33390,79405,49296481,37160285
2022-02-24,32549,78161,49329030,37238446
2022-02-25,34753,90709,49363783,37329155
2022-02-26,39154,89133,49402937,37418288
2022-02-27,22541,35856,49425478,37454144
2022-02-28,28475,81688,49453953,37535832
2022-03-01,22716,53940,49476669,37589772
2022-03-02,21994,50629,49498663,37640401
2022-03-03,22611,54940,49521274,37695341
2022-03-04,23226,62793,49544500,37758134
2022-03-05,23795,57952,49568295,37816086
2022-03-06,9470,17200,49577765,37833286
2022-03-07,15911,51387,49593676,37884673
2022-03-08,15471,48794,49609147,37933467
2022-03-09,13810,46518,49622957,37979985
2022-03-10,14046,52116,49637003,38032101
2022-03-11,15580,57261,49652583,38089362
2022-03-12,15500,56614,49668083,38145976
2022-03-13,5544,16849,49673627,38162825
2022-03-14,10520,46695,49684147,38209520
2022-03-15,10536,46891,49694683,38256411
2022-03-16,9476,41974,49704159,38298385
2022-03-17,9712,44872,49713871,38343257
2022-03-18,10157,49053,49724028,38392310
2022-03-19,9147,46532,49733175,38438842
2022-03-20,2608,11700,49735783,38450542
2022-03-21,7578,40223,49743361,38490765
2022-03-22,8447,37756,49751808,38528521
2022-03-23,7211,33699,49759019,38562220
2022-03-24,8255,38798,49767274,38601018
2022-03-25,8133,43661,49775407,38644679
2022-03-26,8123,41722,49783530,38686401
2022-03-27,2429,9681,49785959,38696082
2022-03-28,6105,35236,49792064,38731318
2022-03-29,5773,32527,49797837,38763845
2022-03-30,5563,30200,49803400,38794045
2022-03-31,5888,33181,49809288,38827226
2022-04-01,4347,25186,49813635,38852412
2022-04-02,4492,23274,49818127,38875686
2022-04-03,1049,4499,49819176,38880185
2022-04-04,3655,21535,49822831,38901720
2022-04-05,3753,22928,49826584,38924648
2022-04-06,4098,21849,49830682,38946497
2022-04-07,3965,23319,49834647,38969816
2022-04-08,4690,26709,49839337,38996525
2022-04-09,4381,23885,49843718,39020410
2022-04-10,891,4614,49844609,39025024
2022-04-11,3815,22685,49848424,39047709
2022-04-12,3359,21778,49851783,39069487
2022-04-13,3561,21333,49855344,39090820
2022-04-14,3485,23784,49858829,39114604
2022-04-15,3083,20616,49861912,39135220
2022-04-16,2149,11919,49864061,39147139
2022-04-17,63,348,49864124,39147487
2022-04-18,151,650,49864275,39148137
2022-04-19,3495,21978,49867770,39170115
2022-04-20,3506,20248,49871276,39190363
2022-04-21,2842,19783,49874118,39210146
2022-04-22,2926,20696,49877044,39230842
2022-04-23,2642,16217,49879686,39247059
2022-04-24,509,2335,49880195,39249394
2022-04-25,183,1165,49880378,39250559
2022-04-26,2756,17801,49883134,39268360
2022-04-27,2371,15787,49885505,39284147
2022-04-28,2356,15554,49887861,39299701
2022-04-29,2292,14836,49890153,39314537
2022-04-30,2121,11577,49892274,39326114
2022-05-01,113,530,49892387,39326644
2022-05-02,1450,9388,49893837,39336032
2022-05-03,1574,10312,49895411,39346344
2022-05-04,1746,10258,49897157,39356602
2022-05-05,1651,10278,49898808,39366880
2022-05-06,1701,10950,49900509,39377830
2022-05-07,1431,8564,49901940,39386394
2022-05-08,405,1514,49902345,39387908
2022-05-09,1026,8918,49903371,39396826
2022-05-10,1422,9541,49904793,39406367
2022-05-11,1483,10090,49906276,39416457
2022-05-12,1368,10122,49907644,39426579
2022-05-13,1590,10510,49909234,39437089
2022-05-14,1356,8228,49910590,39445317
2022-05-15,336,1129,49910926,39446446
2022-05-16,811,8392,49911737,39454838
2022-05-17,1243,8674,49912980,39463512
2022-05-18,1372,9221,49914352,39472733
2022-05-19,1500,9271,49915852,39482004
2022-05-20,1423,9498,49917275,39491502
2022-05-21,1299,7892,49918574,39499394
2022-05-22,231,1012,49918805,39500406
2022-05-23,828,8262,49919633,39508668
2022-05-24,1072,8665,49920705,39517333
2022-05-25,1369,9443,49922074,39526776
2022-05-26,1194,9455,49923268,39536231
2022-05-27,1226,9912,49924494,39546143
2022-05-28,1203,7874,49925697,39554017
2022-05-29,286,1264,49925983,39555281
2022-05-30,929,8029,49926912,39563310
2022-05-31,1034,8532,49927946,39571842
2022-06-01,891,7644,49928837,39579486
2022-06-02,35,474,49928872,39579960
2022-06-03,816,7328,49929688,39587288
2022-06-04,870,5156,49930558,39592444
2022-06-05,89,586,49930647,39593030
2022-06-06,675,6985,49931322,39600015
2022-06-07,951,7842,49932273,39607857
2022-06-08,983,7901,49933256,39615758
2022-06-09,1036,8400,49934292,39624158
2022-06-10,957,8552,49935249,39632710
2022-06-11,901,6206,49936150,39638916
2022-06-12,140,767,49936290,39639683
2022-06-13,602,6296,49936892,39645979
2022-06-14,827,7882,49937719,39653861
2022-06-15,954,7844,49938673,39661705
2022-06-16,729,7389,49939402,39669094
2022-06-17,720,7242,49940122,39676336
2022-06-18,777,5588,49940899,39681924
2022-06-19,47,522,49940946,39682446
2022-06-20,587,6695,49941533,39689141
2022-06-21,734,7654,49942267,39696795
2022-06-22,780,7307,49943047,39704102
2022-06-23,651,7459,49943698,39711561
2022-06-24,642,7473,49944340,39719034
2022-06-25,835,6532,49945175,39725566
2022-06-26,128,523,49945303,39726089
2022-06-27,531,7121,49945834,39733210
2022-06-28,745,8192,49946579,39741402
2022-06-29,756,7721,49947335,39749123
2022-06-30,745,8132,49948080,39757255
2022-07-01,576,6438,49948656,39763693
2022-07-02,536,4766,49949192,39768459
2022-07-03,49,456,49949241,39768915
2022-07-04,471,6274,49949712,39775189
2022-07-05,628,8112,49950340,39783301
2022-07-06,630,7607,49950970,39790908
2022-07-07,569,8263,49951539,39799171
2022-07-08,671,8079,49952210,39807250
2022-07-09,550,6103,49952760,39813353
2022-07-10,58,533,49952818,39813886
2022-07-11,487,7639,49953305,39821525
2022-07-12,665,9026,49953970,39830551
2022-07-13,640,10061,49954610,39840612
2022-07-14,636,10219,49955246,39850831
2022-07-15,623,10663,49955869,39861494
2022-07-16,522,7209,49956391,39868703
2022-07-17,48,769,49956439,39869472
2022-07-18,497,9350,49956936,39878822
2022-07-19,573,10657,49957509,39889479
2022-07-20,577,11258,49958086,39900737
2022-07-21,625,12040,49958711,39912777
2022-07-22,582,11227,49959293,39924004
2022-07-23,379,6743,49959672,39930747
2022-07-24,76,834,49959748,39931581
2022-07-25,501,9034,49960249,39940615
2022-07-26,519,9728,49960768,39950343
2022-07-27,550,10156,49961318,39960499
2022-07-28,527,10483,49961845,39970982
2022-07-29,510,9425,49962355,39980407
2022-07-30,380,5852,49962735,39986259
2022-07-31,49,745,49962784,39987004
2022-08-01,386,6823,49963170,39993827
2022-08-02,541,7525,49963711,40001352
2022-08-03,511,7142,49964222,40008494
2022-08-04,454,7436,49964676,40015930
2022-08-05,419,6487,49965095,40022417
2022-08-06,298,3582,49965393,40025999
2022-08-07,44,551,49965437,40026550
2022-08-08,401,4874,49965838,40031424
2022-08-09,383,5268,49966221,40036692
2022-08-10,376,4788,49966597,40041480
2022-08-11,364,4756,49966961,40046236
2022-08-12,289,3700,49967250,40049936
2022-08-13,143,1597,49967393,40051533
2022-08-14,9,128,49967402,40051661
2022-08-15,1,26,49967403,40051687
2022-08-16,283,3028,49967686,40054715
2022-08-17,351,3512,49968037,40058227
2022-08-18,389,4142,49968426,40062369
2022-08-19,341,3309,49968767,40065678
2022-08-20,183,1710,49968950,40067388
2022-08-21,24,146,49968974,40067534
2022-08-22,329,2940,49969303,40070474
2022-08-23,371,3656,49969674,40074130
2022-08-24,382,3344,49970056,40077474
2022-08-25,419,3753,49970475,40081227
2022-08-26,395,3562,49970870,40084789
2022-08-27,235,1767,49971105,40086556
2022-08-28,29,260,49971134,40086816
2022-08-29,353,3148,49971487,40089964
2022-08-30,402,3646,49971889,40093610
2022-08-31,436,3715,49972325,40097325
2022-09-01,351,3098,49972676,40100423
2022-09-02,293,2883,49972969,40103306
2022-09-03,199,1684,49973168,40104990
2022-09-04,22,147,49973190,40105137
2022-09-05,186,2646,49973376,40107783
2022-09-06,301,2984,49973677,40110767
2022-09-07,540,2912,49974217,40113679
2022-09-08,288,2945,49974505,40116624
2022-09-09,301,2851,49974806,40119475
2022-09-10,226,1324,49975032,40120799
2022-09-11,21,123,49975053,40120922
2022-09-12,267,2202,49975320,40123124
2022-09-13,248,2266,49975568,40125390
2022-09-14,261,2548,49975829,40127938
2022-09-15,279,2476,49976108,40130414
2022-09-16,252,2529,49976360,40132943
2022-09-17,239,1339,49976599,40134282
2022-09-18,20,170,49976619,40134452
2022-09-19,205,1965,49976824,40136417
2022-09-20,234,2370,49977058,40138787
2022-09-21,289,2508,49977347,40141295
2022-09-22,258,2617,49977605,40143912
2022-09-23,249,2312,49977854,40146224
2022-09-24,195,1424,49978049,40147648
2022-09-25,28,134,49978077,40147782
2022-09-26,280,2236,49978357,40150018
2022-09-27,281,2615,49978638,40152633
2022-09-28,307,2864,49978945,40155497
2022-09-29,249,2988,49979194,40158485
2022-09-30,286,2824,49979480,40161309
2022-10-01,193,1462,49979673,40162771
2022-10-02,11,187,49979684,40162958
2022-10-03,176,2428,49979860,40165386
2022-10-04,231,2777,49980091,40168163
2022-10-05,218,3161,49980309,40171324
2022-10-06,237,3732,49980546,40175056
2022-10-07,282,4053,49980828,40179109
2022-10-08,188,1988,49981016,40181097
2022-10-09,8,284,49981024,40181381
2022-10-10,196,3124,49981220,40184505
2022-10-11,169,3791,49981389,40188296
2022-10-12,111,2057,49981500,40190353