data_somministrazione,vaccinazioni,booster,cum_vaccinazioni,cum_booster
2020-12-27,16,0,16,0
2020-12-28,2,0,18,0
2020-12-29,1,0,19,0
2020-12-30,3,0,22,0
2020-12-31,34,0,56,0
2021-01-01,12,0,68,0
2021-01-02,53,0,121,0
2021-01-03,46,0,167,0
2021-01-04,123,0,290,0
2021-01-05,159,0,449,0
2021-01-06,135,0,584,0
2021-01-07,197,0,781,0
2021-01-08,245,0,1026,0
2021-01-09,172,0,1198,0
2021-01-10,110,0,1308,0
2021-01-11,199,0,1507,0
2021-01-12,207,0,1714,0
2021-01-13,311,0,2025,0
2021-01-14,411,0,2436,0
2021-01-15,249,0,2685,0
2021-01-16,165,0,2850,0
2021-01-17,3048,0,5898,0
2021-01-18,5184,0,11082,0
2021-01-19,1872,0,12954,0
2021-01-20,4660,0,17614,0
2021-01-21,20017,0,37631,0
2021-01-22,14196,0,51827,0
2021-01-23,33369,0,85196,0
2021-01-24,30794,0,115990,0
2021-01-25,64785,0,180775,0
2021-01-26,76708,0,257483,0
2021-01-27,64883,0,322366,0
2021-01-28,89397,0,411763,0
2021-01-29,94180,0,505943,0
2021-01-30,86802,0,592745,0
2021-01-31,57388,0,650133,0
2021-02-01,81944,0,732077,0
2021-02-02,82219,0,814296,0
2021-02-03,91387,0,905683,0
2021-02-04,95446,0,1001129,0
2021-02-05,90349,0,1091478,0
2021-02-06,63816,0,1155294,0
2021-02-07,32950,0,1188244,0
2021-02-08,40489,0,1228733,0
2021-02-09,32837,0,1261570,0
2021-02-10,28384,0,1289954,0
2021-02-11,20351,0,1310305,0
2021-02-12,16178,0,1326483,0
2021-02-13,7218,0,1333701,0
2021-02-14,2856,0,1336557,0
2021-02-15,6869,0,1343426,0
2021-02-16,6975,0,1350401,0
2021-02-17,10511,0,1360912,0
2021-02-18,9330,0,1370242,0
2021-02-19,8241,0,1378483,0
2021-02-20,5560,0,1384043,0
2021-02-21,2981,0,1387024,0
2021-02-22,6859,0,1393883,0
2021-02-23,7136,0,1401019,0
2021-02-24,9789,0,1410808,0
2021-02-25,14167,0,1424975,0
2021-02-26,17517,0,1442492,0
2021-02-27,13853,0,1456345,0
2021-02-28,9372,0,1465717,0
2021-03-01,26436,0,1492153,0
2021-03-02,33173,0,1525326,0
2021-03-03,44671,0,1569997,0
2021-03-04,50239,0,1620236,0
2021-03-05,55714,0,1675950,0
2021-03-06,41859,0,1717809,0
2021-03-07,22285,0,1740094,0
2021-03-08,50690,0,1790784,0
2021-03-09,53031,0,1843815,0
2021-03-10,58562,0,1902377,0
2021-03-11,63821,0,1966198,0
2021-03-12,65063,0,2031261,0
2021-03-13,51725,0,2082986,0
2021-03-14,35342,0,2118328,0
2021-03-15,73565,0,2191893,0
2021-03-16,74075,0,2265968,0
2021-03-17,83074,0,2349042,0
2021-03-18,81625,0,2430667,0
2021-03-19,81077,0,2511744,0
2021-03-20,64745,0,2576489,0
2021-03-21,47270,0,2623759,0
2021-03-22,69449,0,2693208,0
2021-03-23,75807,0,2769015,0
2021-03-24,90846,0,2859861,0
2021-03-25,89754,0,2949615,0
2021-03-26,83540,0,3033155,0
2021-03-27,71906,0,3105061,0
2021-03-28,44031,0,3149092,0
2021-03-29,70804,0,3219896,0
2021-03-30,81286,0,3301182,0
2021-03-31,96136,0,3397318,0
2021-04-01,95233,0,3492551,0
2021-04-02,84090,0,3576641,0
2021-04-03,64291,0,3640932,0
2021-04-04,21687,0,3662619,0
2021-04-05,40260,0,3702879,0
2021-04-06,81322,0,3784201,0
2021-04-07,95826,0,3880027,0
2021-04-08,95347,0,3975374,0
2021-04-09,88443,0,4063817,0
2021-04-10,74040,0,4137857,0
2021-04-11,44770,0,4182627,0
2021-04-12,67004,0,4249631,0
2021-04-13,72688,0,4322319,0
2021-04-14,85502,0,4407821,0
2021-04-15,105366,0,4513187,0
2021-04-16,106436,0,4619623,0
2021-04-17,90631,0,4710254,0
2021-04-18,58767,0,4769021,0
2021-04-19,93560,0,4862581,0
2021-04-20,103888,0,4966469,0
2021-04-21,125491,0,5091960,0
2021-04-22,143642,0,5235602,0
2021-04-23,138818,0,5374420,0
2021-04-24,124482,0,5498902,0
2021-04-25,61402,0,5560304,0
2021-04-26,97946,0,5658250,0
2021-04-27,128568,0,5786818,0
2021-04-28,156488,0,5943306,0
2021-04-29,195621,0,6138927,0
2021-04-30,214776,0,6353703,0
2021-05-01,174288,0,6527991,0
2021-05-02,136485,0,6664476,0
2021-05-03,142244,0,6806720,0
2021-05-04,158917,0,6965637,0
2021-05-05,171328,0,7136965,0
2021-05-06,198776,0,7335741,0
2021-05-07,214692,0,7550433,0
2021-05-08,213876,0,7764309,0
2021-05-09,143417,0,7907726,0
2021-05-10,165390,0,8073116,0
2021-05-11,175237,0,8248353,0
2021-05-12,179375,0,8427728,0
2021-05-13,203576,0,8631304,0
2021-05-14,223432,0,8854736,0
2021-05-15,211937,0,9066673,0
2021-05-16,160730,0,9227403,0
2021-05-17,219431,0,9446834,0
2021-05-18,213417,0,9660251,0
2021-05-19,207435,0,9867686,0
2021-05-20,271252,0,10138938,0
2021-05-21,271274,0,10410212,0
2021-05-22,246477,0,10656689,0
2021-05-23,198411,0,10855100,0
2021-05-24,228710,0,11083810,0
2021-05-25,247137,0,11330947,0
2021-05-26,278953,0,11609900,0
2021-05-27,312609,0,11922509,0
2021-05-28,300083,0,12222592,0
2021-05-29,231708,0,12454300,0
2021-05-30,172009,0,12626309,0
2021-05-31,217934,0,12844243,0
2021-06-01,208339,0,13052582,0
2021-06-02,116263,0,13168845,0
2021-06-03,180520,0,13349365,0
2021-06-04,186090,0,13535455,0
2021-06-05,186604,0,13722059,0
2021-06-06,140132,0,13862191,0
2021-06-07,162253,0,14024444,0
2021-06-08,171245,0,14195689,0
2021-06-09,171644,0,14367333,0
2021-06-10,174067,0,14541400,0
2021-06-11,169999,0,14711399,0
2021-06-12,128288,0,14839687,0
2021-06-13,91499,0,14931186,0
2021-06-14,215248,0,15146434,0
2021-06-15,228933,0,15375367,0
2021-06-16,254267,0,15629634,0
2021-06-17,302858,0,15932492,0
2021-06-18,307142,0,16239634,0
2021-06-19,276232,0,16515866,0
2021-06-20,221562,0,16737428,0
2021-06-21,289159,0,17026587,0
2021-06-22,297612,0,17324199,0
2021-06-23,304342,0,17628541,0
2021-06-24,333959,0,17962500,0
2021-06-25,350008,0,18312508,0
2021-06-26,301422,0,18613930,0
2021-06-27,229720,0,18843650,0
2021-06-28,308395,0,19152045,0
2021-06-29,330997,0,19483042,0
2021-06-30,344171,0,19827213,0
2021-07-01,364848,0,20192061,0
2021-07-02,370277,0,20562338,0
2021-07-03,373390,0,20935728,0
2021-07-04,284536,0,21220264,0
2021-07-05,386282,0,21606546,0
2021-07-06,387424,0,21993970,0
2021-07-07,414244,0,22408214,0
2021-07-08,482546,0,22890760,0
2021-07-09,500755,0,23391515,0
2021-07-10,477340,0,23868855,0
2021-07-11,359019,0,24227874,0
2021-07-12,487798,0,24715672,0
2021-07-13,494554,0,25210226,0
2021-07-14,482768,0,25692994,0
2021-07-15,525910,0,26218904,0
2021-07-16,511683,0,26730587,0
2021-07-17,466392,0,27196979,0
2021-07-18,366086,0,27563065,0
2021-07-19,465159,0,28028224,0
2021-07-20,459859,0,28488083,0
2021-07-21,464676,0,28952759,0
2021-07-22,476615,0,29429374,0
2021-07-23,442892,0,29872266,0
2021-07-24,386909,0,30259175,0
2021-07-25,288014,0,30547189,0
2021-07-26,432375,0,30979564,0
2021-07-27,441799,0,31421363,0
2021-07-28,392561,0,31813924,0
2021-07-29,373623,0,32187547,0
2021-07-30,342931,0,32530478,0
2021-07-31,288381,0,32818859,0
2021-08-01,191386,0,33010245,0
2021-08-02,335341,0,33345586,0
2021-08-03,324457,0,33670043,0
2021-08-04,312271,0,33982314,0
2021-08-05,293674,0,34275988,0
2021-08-06,261005,0,34536993,0
2021-08-07,199368,0,34736361,0
2021-08-08,153575,0,34889936,0
2021-08-09,235279,0,35125215,0
2021-08-10,205530,0,35330745,0
2021-08-11,194263,0,35525008,0
2021-08-12,168487,0,35693495,0
2021-08-13,148643,0,35842138,0
2021-08-14,65976,0,35908114,0
2021-08-15,26292,0,35934406,0
2021-08-16,114900,0,36049306,0
2021-08-17,129253,0,36178559,0
2021-08-18,128908,0,36307467,0
2021-08-19,125232,0,36432699,0
2021-08-20,124291,0,36556990,0
2021-08-21,83483,0,36640473,0
2021-08-22,68341,0,36708814,0
2021-08-23,177057,0,36885871,0
2021-08-24,157832,0,37043703,0
2021-08-25,177783,0,37221486,0
2021-08-26,173233,0,37394719,0
2021-08-27,186382,0,37581101,0
2021-08-28,140242,0,37721343,0
2021-08-29,99126,0,37820469,0
2021-08-30,210128,0,38030597,0
2021-08-31,195281,0,38225878,0
2021-09-01,192763,0,38418641,0
2021-09-02,190256,0,38608897,0
2021-09-03,191359,0,38800256,0
2021-09-04,131510,0,38931766,0
2021-09-05,87963,0,39019729,0
2021-09-06,193807,0,39213536,0
2021-09-07,195921,0,39409457,0
2021-09-08,187867,0,39597324,0
2021-09-09,201504,0,39798828,0
2021-09-10,198183,0,39997011,0
2021-09-11,141208,0,40138219,0
2021-09-12,89552,0,40227771,0
2021-09-13,191192,348,40418963,348
2021-09-14,177474,427,40596437,775
2021-09-15,163152,457,40759589,1232
2021-09-16,160107,789,40919696,2021
2021-09-17,150184,1005,41069880,3026
2021-09-18,127907,658,41197787,3684
2021-09-19,81088,441,41278875,4125
2021-09-20,179918,8957,41458793,13082
2021-09-21,166383,8728,41625176,21810
2021-09-22,158913,9369,41784089,31179
2021-09-23,137771,9242,41921860,40421
2021-09-24,140251,8856,42062111,49277
2021-09-25,119365,5563,42181476,54840
2021-09-26,71796,4293,42253272,59133
2021-09-27,135440,9979,42388712,69112
2021-09-28,117226,11307,42505938,80419
2021-09-29,112070,11764,42618008,92183
2021-09-30,110009,14848,42728017,107031
2021-10-01,94683,19029,42822700,126060
2021-10-02,78220,13986,42900920,140046
2021-10-03,47556,7628,42948476,147674
2021-10-04,88088,34362,43036564,182036
2021-10-05,80119,33927,43116683,215963
2021-10-06,71773,34078,43188456,250041
2021-10-07,71517,34288,43259973,284329
2021-10-08,80372,33503,43340345,317832
2021-10-09,75823,22107,43416168,339939
2021-10-10,45645,13590,43461813,353529
2021-10-11,87125,40997,43548938,394526
2021-10-12,84225,46791,43633163,441317
2021-10-13,87938,52001,43721101,493318
2021-10-14,91136,58399,43812237,551717
2021-10-15,93251,55483,43905488,607200
2021-10-16,82670,36707,43988158,643907
2021-10-17,51264,23781,44039422,667688
2021-10-18,90079,59336,44129501,727024
2021-10-19,78175,69290,44207676,796314
2021-10-20,74943,78033,44282619,874347
2021-10-21,78111,81598,44360730,955945
2021-10-22,73770,76896,44434500,1032841
2021-10-23,60740,51890,44495240,1084731
2021-10-24,33317,23401,44528557,1108132
2021-10-25,64829,81531,44593386,1189663
2021-10-26,58269,91630,44651655,1281293
2021-10-27,58142,103829,44709797,1385122
2021-10-28,61296,113876,44771093,1498998
2021-10-29,61627,103013,44832720,1602011
2021-10-30,50575,68118,44883295,1670129
2021-10-31,25113,28238,44908408,1698367
2021-11-01,19010,28118,44927418,1726485
2021-11-02,62685,89285,44990103,1815770
2021-11-03,60630,118608,45050733,1934378
2021-11-04,59116,126495,45109849,2060873
2021-11-05,62985,134985,45172834,2195858
2021-11-06,46348,90901,45219182,2286759
2021-11-07,22204,37835,45241386,2324594
2021-11-08,51366,131125,45292752,2455719
2021-11-09,45328,144000,45338080,2599719
2021-11-10,42513,156157,45380593,2755876
2021-11-11,44806,155013,45425399,2910889
2021-11-12,46233,158489,45471632,3069378
2021-11-13,33142,116561,45504774,3185939
2021-11-14,14440,52389,45519214,3238328
2021-11-15,36757,157209,45555971,3395537
2021-11-16,30426,171296,45586397,3566833
2021-11-17,28294,178383,45614691,3745216
2021-11-18,30130,193943,45644821,3939159
2021-11-19,28648,205848,45673469,4145007
2021-11-20,20870,156236,45694339,4301243
2021-11-21,10537,64744,45704876,4365987
2021-11-22,21781,213182,45726657,4579169
2021-11-23,23417,241821,45750074,4820990
2021-11-24,27650,271001,45777724,5091991
2021-11-25,23019,301844,45800743,5393835
2021-11-26,24365,318115,45825108,5711950
2021-11-27,21214,265870,45846322,5977820
2021-11-28,9806,136849,45856128,6114669
2021-11-29,22059,325760,45878187,6440429
2021-11-30,22817,365577,45901004,6806006
2021-12-01,21211,413007,45922215,7219013
2021-12-02,23442,440199,45945657,7659212
2021-12-03,24884,467078,45970541,8126290
2021-12-04,22068,418598,45992609,8544888
2021-12-05,11708,261251,46004317,8806139
2021-12-06,25338,457690,46029655,9263829
2021-12-07,23714,480320,46053369,9744149
2021-12-08,9776,249895,46063145,9994044
2021-12-09,31040,492080,46094185,10486124
2021-12-10,27596,517739,46121781,11003863
2021-12-11,23118,459478,46144899,11463341
2021-12-12,12005,293635,46156904,11756976
2021-12-13,25653,467642,46182557,12224618
2021-12-14,24634,494240,46207191,12718858
2021-12-15,24780,517120,46231971,13235978
2021-12-16,27167,520217,46259138,13756195
2021-12-17,28723,516838,46287861,14273033
2021-12-18,26379,468955,46314240,14741988
2021-12-19,14717,300746,46328957,15042734
2021-12-20,29939,477572,46358896,15520306
2021-12-21,29715,493328,46388611,16013634
2021-12-22,28628,484725,46417239,16498359
2021-12-23,27449,427113,46444688,16925472
2021-12-24,12800,210922,46457488,17136394
2021-12-25,2075,33019,46459563,17169413
2021-12-26,8476,158993,46468039,17328406
2021-12-27,45562,505207,46513601,17833613
2021-12-28,40822,554738,46554423,18388351
2021-12-29,32465,551119,46586888,18939470
2021-12-30,30017,500354,46616905,19439824
2021-12-31,13103,247981,46630008,19687805
2022-01-01,3288,64764,46633296,19752569
2022-01-02,20946,277449,46654242,20030018
2022-01-03,44675,521500,46698917,20551518
2022-01-04,42653,573562,46741570,21125080
2022-01-05,36683,561750,46778253,21686830
2022-01-06,21106,274658,46799359,21961488
2022-01-07,59122,555409,46858481,22516897
2022-01-08,55766,503875,46914247,23020772
2022-01-09,38847,319491,46953094,23340263
2022-01-10,57183,542500,47010277,23882763
2022-01-11,57273,587161,47067550,24469924
2022-01-12,54106,581398,47121656,25051322
2022-01-13,54618,580483,47176274,25631805
2022-01-14,42750,588367,47219024,26220172
2022-01-15,34375,568109,47253399,26788281
2022-01-16,27878,340962,47281277,27129243
2022-01-17,52107,489903,47333384,27619146
2022-01-18,55813,517115,47389197,28136261
2022-01-19,54777,502898,47443974,28639159
2022-01-20,52043,498772,47496017,29137931
2022-01-21,39701,493667,47535718,29631598
2022-01-22,28237,468953,47563955,30100551
2022-01-23,33290,274925,47597245,30375476
2022-01-24,54583,437376,47651828,30812852
2022-01-25,60081,452008,47711909,31264860
2022-01-26,56942,435854,47768851,31700714
2022-01-27,47240,432009,47816091,32132723
2022-01-28,56958,436266,47873049,32568989
2022-01-29,66110,411379,47939159,32980368
2022-01-30,49017,235193,47988176,33215561
2022-01-31,58889,356625,48047065,33572186
2022-02-01,64088,327929,48111153,33900115
2022-02-02,61733,295976,48172886,34196091
2022-02-03,58718,272638,48231604,34468729
2022-02-04,70514,265345,48302118,34734074
2022-02-05,82931,242921,48385049,34976995