data_somministrazione,vaccinazioni,booster,cum_vaccinazioni,cum_booster
2020-12-27,22,0,22,0
2020-12-28,2,0,24,0
2020-12-29,1,0,25,0
2020-12-30,9,0,34,0
2020-12-31,86,0,120,0
2021-01-01,28,0,148,0
2021-01-02,161,0,309,0
2021-01-03,121,0,430,0
2021-01-04,261,0,691,0
2021-01-05,299,0,990,0
2021-01-06,275,0,1265,0
2021-01-07,343,0,1608,0
2021-01-08,398,0,2006,0
2021-01-09,305,0,2311,0
2021-01-10,186,0,2497,0
2021-01-11,319,0,2816,0
2021-01-12,298,0,3114,0
2021-01-13,432,0,3546,0
2021-01-14,512,0,4058,0
2021-01-15,332,0,4390,0
2021-01-16,228,0,4618,0
2021-01-17,3066,0,7684,0
2021-01-18,5228,0,12912,0
2021-01-19,1898,0,14810,0
2021-01-20,4660,0,19470,0
2021-01-21,20001,0,39471,0
2021-01-22,14247,0,53718,0
2021-01-23,33312,0,87030,0
2021-01-24,30774,0,117804,0
2021-01-25,64699,0,182503,0
2021-01-26,76461,0,258964,0
2021-01-27,64813,0,323777,0
2021-01-28,89236,0,413013,0
2021-01-29,93996,0,507009,0
2021-01-30,86533,0,593542,0
2021-01-31,57312,0,650854,0
2021-02-01,81839,0,732693,0
2021-02-02,82145,0,814838,0
2021-02-03,91105,0,905943,0
2021-02-04,95387,0,1001330,0
2021-02-05,89117,0,1090447,0
2021-02-06,63451,0,1153898,0
2021-02-07,32934,0,1186832,0
2021-02-08,40429,0,1227261,0
2021-02-09,32893,0,1260154,0
2021-02-10,28453,0,1288607,0
2021-02-11,20418,0,1309025,0
2021-02-12,16265,0,1325290,0
2021-02-13,7295,0,1332585,0
2021-02-14,2864,0,1335449,0
2021-02-15,6855,0,1342304,0
2021-02-16,7011,0,1349315,0
2021-02-17,10529,0,1359844,0
2021-02-18,9266,0,1369110,0
2021-02-19,8265,0,1377375,0
2021-02-20,5597,0,1382972,0
2021-02-21,3023,0,1385995,0
2021-02-22,6891,0,1392886,0
2021-02-23,7195,0,1400081,0
2021-02-24,9828,0,1409909,0
2021-02-25,14222,0,1424131,0
2021-02-26,17572,0,1441703,0
2021-02-27,13945,0,1455648,0
2021-02-28,9399,0,1465047,0
2021-03-01,26542,0,1491589,0
2021-03-02,33252,0,1524841,0
2021-03-03,44663,0,1569504,0
2021-03-04,50319,0,1619823,0
2021-03-05,55761,0,1675584,0
2021-03-06,41893,0,1717477,0
2021-03-07,22334,0,1739811,0
2021-03-08,50851,0,1790662,0
2021-03-09,53105,0,1843767,0
2021-03-10,58722,0,1902489,0
2021-03-11,63933,0,1966422,0
2021-03-12,65175,0,2031597,0
2021-03-13,51740,0,2083337,0
2021-03-14,35438,0,2118775,0
2021-03-15,73479,0,2192254,0
2021-03-16,74037,0,2266291,0
2021-03-17,83164,0,2349455,0
2021-03-18,81660,0,2431115,0
2021-03-19,81121,0,2512236,0
2021-03-20,64758,0,2576994,0
2021-03-21,47320,0,2624314,0
2021-03-22,69530,0,2693844,0
2021-03-23,75845,0,2769689,0
2021-03-24,90968,0,2860657,0
2021-03-25,89788,0,2950445,0
2021-03-26,83673,0,3034118,0
2021-03-27,71980,0,3106098,0
2021-03-28,44201,0,3150299,0
2021-03-29,70874,0,3221173,0
2021-03-30,81441,0,3302614,0
2021-03-31,96294,0,3398908,0
2021-04-01,95376,0,3494284,0
2021-04-02,83823,0,3578107,0
2021-04-03,64319,0,3642426,0
2021-04-04,21727,0,3664153,0
2021-04-05,40330,0,3704483,0
2021-04-06,81373,0,3785856,0
2021-04-07,95863,0,3881719,0
2021-04-08,95292,0,3977011,0
2021-04-09,88523,0,4065534,0
2021-04-10,74051,0,4139585,0
2021-04-11,44772,0,4184357,0
2021-04-12,66935,0,4251292,0
2021-04-13,72613,0,4323905,0
2021-04-14,85578,0,4409483,0
2021-04-15,105439,0,4514922,0
2021-04-16,106447,0,4621369,0
2021-04-17,90541,0,4711910,0
2021-04-18,58602,0,4770512,0
2021-04-19,93451,0,4863963,0
2021-04-20,103788,0,4967751,0
2021-04-21,125347,0,5093098,0
2021-04-22,143538,0,5236636,0
2021-04-23,138777,0,5375413,0
2021-04-24,124464,0,5499877,0
2021-04-25,61475,0,5561352,0
2021-04-26,97929,0,5659281,0
2021-04-27,128400,0,5787681,0
2021-04-28,156417,0,5944098,0
2021-04-29,195640,0,6139738,0
2021-04-30,214635,0,6354373,0
2021-05-01,174160,0,6528533,0
2021-05-02,135827,0,6664360,0
2021-05-03,142108,0,6806468,0
2021-05-04,158740,0,6965208,0
2021-05-05,170570,0,7135778,0
2021-05-06,196145,0,7331923,0
2021-05-07,212021,0,7543944,0
2021-05-08,213467,0,7757411,0
2021-05-09,143249,0,7900660,0
2021-05-10,165126,0,8065786,0
2021-05-11,175045,0,8240831,0
2021-05-12,179278,0,8420109,0
2021-05-13,203473,0,8623582,0
2021-05-14,222991,0,8846573,0
2021-05-15,210420,0,9056993,0
2021-05-16,159316,0,9216309,0
2021-05-17,218877,0,9435186,0
2021-05-18,213043,0,9648229,0
2021-05-19,207139,0,9855368,0
2021-05-20,270958,0,10126326,0
2021-05-21,270963,0,10397289,0
2021-05-22,245589,0,10642878,0
2021-05-23,197213,0,10840091,0
2021-05-24,228373,0,11068464,0
2021-05-25,245735,0,11314199,0
2021-05-26,277601,0,11591800,0
2021-05-27,311144,0,11902944,0
2021-05-28,299440,0,12202384,0
2021-05-29,231291,0,12433675,0
2021-05-30,170867,0,12604542,0
2021-05-31,216487,0,12821029,0
2021-06-01,207691,0,13028720,0
2021-06-02,115839,0,13144559,0
2021-06-03,180246,0,13324805,0
2021-06-04,184998,0,13509803,0
2021-06-05,186087,0,13695890,0
2021-06-06,139658,0,13835548,0
2021-06-07,161995,0,13997543,0
2021-06-08,171398,0,14168941,0
2021-06-09,171599,0,14340540,0
2021-06-10,174274,0,14514814,0
2021-06-11,170162,0,14684976,0
2021-06-12,128505,0,14813481,0
2021-06-13,91334,0,14904815,0
2021-06-14,214774,0,15119589,0
2021-06-15,228543,0,15348132,0
2021-06-16,253196,0,15601328,0
2021-06-17,301877,0,15903205,0
2021-06-18,306438,0,16209643,0
2021-06-19,275208,0,16484851,0
2021-06-20,220879,0,16705730,0
2021-06-21,288178,0,16993908,0
2021-06-22,296321,0,17290229,0
2021-06-23,302754,0,17592983,0
2021-06-24,332660,0,17925643,0
2021-06-25,348816,0,18274459,0
2021-06-26,300182,0,18574641,0
2021-06-27,228746,0,18803387,0
2021-06-28,307245,0,19110632,0
2021-06-29,329428,0,19440060,0
2021-06-30,342309,0,19782369,0
2021-07-01,363331,0,20145700,0
2021-07-02,368590,0,20514290,0
2021-07-03,371143,0,20885433,0
2021-07-04,283268,0,21168701,0
2021-07-05,384610,0,21553311,0
2021-07-06,385540,0,21938851,0
2021-07-07,412180,0,22351031,0
2021-07-08,478990,0,22830021,0
2021-07-09,498479,0,23328500,0
2021-07-10,475180,0,23803680,0
2021-07-11,357675,0,24161355,0
2021-07-12,485890,0,24647245,0
2021-07-13,492058,0,25139303,0
2021-07-14,480458,0,25619761,0
2021-07-15,523431,0,26143192,0
2021-07-16,509769,0,26652961,0
2021-07-17,464317,0,27117278,0
2021-07-18,364612,0,27481890,0
2021-07-19,463094,0,27944984,0
2021-07-20,458067,0,28403051,0
2021-07-21,462841,0,28865892,0
2021-07-22,475406,0,29341298,0
2021-07-23,441364,0,29782662,0
2021-07-24,386130,0,30168792,0
2021-07-25,287538,0,30456330,0
2021-07-26,430922,0,30887252,0
2021-07-27,440168,0,31327420,0
2021-07-28,391052,0,31718472,0
2021-07-29,371933,0,32090405,0
2021-07-30,341606,0,32432011,0
2021-07-31,287062,0,32719073,0
2021-08-01,190993,0,32910066,0
2021-08-02,333763,0,33243829,0
2021-08-03,323245,0,33567074,0
2021-08-04,311070,0,33878144,0
2021-08-05,292546,0,34170690,0
2021-08-06,260129,0,34430819,0
2021-08-07,199095,0,34629914,0
2021-08-08,153121,0,34783035,0
2021-08-09,234141,0,35017176,0
2021-08-10,205378,0,35222554,0
2021-08-11,193862,0,35416416,0
2021-08-12,168177,0,35584593,0
2021-08-13,148787,0,35733380,0
2021-08-14,66117,0,35799497,0
2021-08-15,26346,0,35825843,0
2021-08-16,114795,0,35940638,0
2021-08-17,129333,0,36069971,0
2021-08-18,128834,0,36198805,0
2021-08-19,124933,0,36323738,0
2021-08-20,123891,0,36447629,0
2021-08-21,83154,0,36530783,0
2021-08-22,68184,0,36598967,0
2021-08-23,176946,0,36775913,0
2021-08-24,156971,0,36932884,0
2021-08-25,177245,0,37110129,0
2021-08-26,172417,0,37282546,0
2021-08-27,185738,0,37468284,0
2021-08-28,140311,0,37608595,0
2021-08-29,99004,0,37707599,0
2021-08-30,209645,0,37917244,0
2021-08-31,194710,0,38111954,0
2021-09-01,192303,0,38304257,0
2021-09-02,189978,0,38494235,0
2021-09-03,191319,0,38685554,0
2021-09-04,131430,0,38816984,0
2021-09-05,87836,0,38904820,0
2021-09-06,193633,0,39098453,0
2021-09-07,196093,0,39294546,0
2021-09-08,187870,0,39482416,0
2021-09-09,201436,0,39683852,0
2021-09-10,197874,0,39881726,0
2021-09-11,141285,0,40023011,0
2021-09-12,89582,0,40112593,0
2021-09-13,191127,689,40303720,689
2021-09-14,177221,681,40480941,1370
2021-09-15,163103,673,40644044,2043
2021-09-16,160060,1037,40804104,3080
2021-09-17,150198,1190,40954302,4270
2021-09-18,128017,794,41082319,5064
2021-09-19,81144,518,41163463,5582
2021-09-20,180093,9160,41343556,14742
2021-09-21,166715,8880,41510271,23622
2021-09-22,159153,9476,41669424,33098
2021-09-23,138151,9369,41807575,42467
2021-09-24,140591,9032,41948166,51499
2021-09-25,119585,5689,42067751,57188
2021-09-26,72008,4374,42139759,61562
2021-09-27,135714,10115,42275473,71677
2021-09-28,117546,11456,42393019,83133
2021-09-29,112406,11875,42505425,95008
2021-09-30,110325,15010,42615750,110018
2021-10-01,95029,19152,42710779,129170
2021-10-02,78554,14052,42789333,143222
2021-10-03,47763,7675,42837096,150897
2021-10-04,88427,34507,42925523,185404
2021-10-05,80416,34042,43005939,219446
2021-10-06,72014,34235,43077953,253681
2021-10-07,71898,34391,43149851,288072
2021-10-08,80668,33645,43230519,321717
2021-10-09,76125,22208,43306644,343925
2021-10-10,45798,13634,43352442,357559
2021-10-11,87495,41157,43439937,398716
2021-10-12,84547,46960,43524484,445676
2021-10-13,88258,52194,43612742,497870
2021-10-14,91592,58572,43704334,556442
2021-10-15,93618,55711,43797952,612153
2021-10-16,82994,36843,43880946,648996
2021-10-17,51463,23869,43932409,672865
2021-10-18,90330,59555,44022739,732420
2021-10-19,78382,69446,44101121,801866
2021-10-20,75077,78251,44176198,880117
2021-10-21,78315,81872,44254513,961989
2021-10-22,73787,77123,44328300,1039112
2021-10-23,60845,51984,44389145,1091096
2021-10-24,33364,23490,44422509,1114586
2021-10-25,64932,81690,44487441,1196276
2021-10-26,58402,91884,44545843,1288160
2021-10-27,58324,104059,44604167,1392219
2021-10-28,61476,114203,44665643,1506422
2021-10-29,61628,103230,44727271,1609652
2021-10-30,50673,68167,44777944,1677819
2021-10-31,25158,28315,44803102,1706134
2021-11-01,19049,28162,44822151,1734296
2021-11-02,62771,89469,44884922,1823765
2021-11-03,60722,118736,44945644,1942501
2021-11-04,59247,126734,45004891,2069235
2021-11-05,63111,135253,45068002,2204488
2021-11-06,46491,90953,45114493,2295441
2021-11-07,22248,37909,45136741,2333350
2021-11-08,51530,131323,45188271,2464673
2021-11-09,45417,144251,45233688,2608924
2021-11-10,42602,156409,45276290,2765333
2021-11-11,44939,155220,45321229,2920553
2021-11-12,46312,158742,45367541,3079295
2021-11-13,33270,116696,45400811,3195991
2021-11-14,14490,52464,45415301,3248455
2021-11-15,36912,157477,45452213,3405932
2021-11-16,30580,171449,45482793,3577381
2021-11-17,28478,178501,45511271,3755882
2021-11-18,30313,193811,45541584,3949693
2021-11-19,28836,205923,45570420,4155616
2021-11-20,21015,156474,45591435,4312090
2021-11-21,10615,64877,45602050,4376967
2021-11-22,21963,213185,45624013,4590152
2021-11-23,23619,241861,45647632,4832013
2021-11-24,27744,270649,45675376,5102662
2021-11-25,23251,300996,45698627,5403658
2021-11-26,24612,318339,45723239,5721997
2021-11-27,21422,266207,45744661,5988204
2021-11-28,9910,137086,45754571,6125290
2021-11-29,22373,326116,45776944,6451406
2021-11-30,23132,365913,45800076,6817319
2021-12-01,21576,413587,45821652,7230906
2021-12-02,23812,440503,45845464,7671409
2021-12-03,25295,467609,45870759,8139018
2021-12-04,22407,419059,45893166,8558077
2021-12-05,11952,261549,45905118,8819626
2021-12-06,25860,457793,45930978,9277419
2021-12-07,24152,479684,45955130,9757103
2021-12-08,10037,249870,45965167,10006973
2021-12-09,31643,492025,45996810,10498998
2021-12-10,28124,517966,46024934,11016964
2021-12-11,23601,459306,46048535,11476270
2021-12-12,12326,293548,46060861,11769818
2021-12-13,26198,467696,46087059,12237514
2021-12-14,25228,494295,46112287,12731809
2021-12-15,25394,517219,46137681,13249028
2021-12-16,27956,520381,46165637,13769409
2021-12-17,29417,517281,46195054,14286690
2021-12-18,27125,468813,46222179,14755503
2021-12-19,15175,300266,46237354,15055769
2021-12-20,30692,477557,46268046,15533326
2021-12-21,30440,493512,46298486,16026838
2021-12-22,29508,484794,46327994,16511632
2021-12-23,28260,426715,46356254,16938347
2021-12-24,13136,210872,46369390,17149219
2021-12-25,2104,33053,46371494,17182272
2021-12-26,8790,159080,46380284,17341352
2021-12-27,46879,504795,46427163,17846147
2021-12-28,42532,554333,46469695,18400480
2021-12-29,34437,550751,46504132,18951231
2021-12-30,31916,499946,46536048,19451177
2021-12-31,14160,247421,46550208,19698598
2022-01-01,3503,64817,46553711,19763415
2022-01-02,22847,276752,46576558,20040167
2022-01-03,47976,520091,46624534,20560258
2022-01-04,46425,571675,46670959,21131933
2022-01-05,40892,560467,46711851,21692400
2022-01-06,23554,274497,46735405,21966897
2022-01-07,63830,554262,46799235,22521159
2022-01-08,61039,502749,46860274,23023908
2022-01-09,42995,319728,46903269,23343636
2022-01-10,61213,542379,46964482,23886015
2022-01-11,61776,586583,47026258,24472598
2022-01-12,58583,581397,47084841,25053995
2022-01-13,58653,580040,47143494,25634035
2022-01-14,46982,588672,47190476,26222707
2022-01-15,39655,570255,47230131,26792962
2022-01-16,31353,341917,47261484,27134879
2022-01-17,54764,489510,47316248,27624389
2022-01-18,58527,517131,47374775,28141520
2022-01-19,57305,502899,47432080,28644419
2022-01-20,54329,498506,47486409,29142925
2022-01-21,42158,493437,47528567,29636362
2022-01-22,31311,469145,47559878,30105507
2022-01-23,35000,275435,47594878,30380942
2022-01-24,56251,437326,47651129,30818268
2022-01-25,61528,451815,47712657,31270083
2022-01-26,58631,435886,47771288,31705969
2022-01-27,48954,432502,47820242,32138471
2022-01-28,58781,436639,47879023,32575110
2022-01-29,68241,412700,47947264,32987810
2022-01-30,50430,236118,47997694,33223928
2022-01-31,60739,357010,48058433,33580938
2022-02-01,65663,328521,48124096,33909459
2022-02-02,63265,297052,48187361,34206511
2022-02-03,60149,274586,48247510,34481097
2022-02-04,72105,268286,48319615,34749383
2022-02-05,83832,248607,48403447,34997990
2022-02-06,55313,116243,48458760,35114233
2022-02-07,65210,199971,48523970,35314204
2022-02-08,66981,186179,48590951,35500383
2022-02-09,58799,166399,48649750,35666782
2022-02-10,58633,163295,48708383,35830077
2022-02-11,62298,162523,48770681,35992600
2022-02-12,72042,152179,48842723,36144779
2022-02-13,41486,68867,48884209,36213646
2022-02-14,46723,116216,48930932,36329862
2022-02-15,48586,123502,48979518,36453364
2022-02-16,45726,106160,49025244,36559524
2022-02-17,42887,98157,49068131,36657681
2022-02-18,46645,112618,49114776,36770299
2022-02-19,52559,100359,49167335,36870658
2022-02-20,31416,40382,49198751,36911040
2022-02-21,37911,89690,49236662,37000730
2022-02-22,37236,83823,49273898,37084553
2022-02-23,33416,79438,49307314,37163991
2022-02-24,32570,78197,49339884,37242188
2022-02-25,34784,90755,49374668,37332943
2022-02-26,39171,89154,49413839,37422097
2022-02-27,22548,35861,49436387,37457958
2022-02-28,28495,81717,49464882,37539675
2022-03-01,22738,53985,49487620,37593660
2022-03-02,21945,50734,49509565,37644394
2022-03-03,22649,54962,49532214,37699356
2022-03-04,23253,62823,49555467,37762179
2022-03-05,23808,57960,49579275,37820139
2022-03-06,9473,17204,49588748,37837343
2022-03-07,15938,51416,49604686,37888759
2022-03-08,15492,48819,49620178,37937578
2022-03-09,13816,46524,49633994,37984102
2022-03-10,14060,52077,49648054,38036179
2022-03-11,15450,57199,49663504,38093378
2022-03-12,15514,56625,49679018,38150003
2022-03-13,5546,16853,49684564,38166856
2022-03-14,10533,46714,49695097,38213570
2022-03-15,10559,46922,49705656,38260492
2022-03-16,9491,41990,49715147,38302482
2022-03-17,9732,44895,49724879,38347377
2022-03-18,10168,49085,49735047,38396462
2022-03-19,9156,46554,49744203,38443016
2022-03-20,2608,11704,49746811,38454720
2022-03-21,7590,40251,49754401,38494971
2022-03-22,8450,37789,49762851,38532760
2022-03-23,7227,33710,49770078,38566470
2022-03-24,8265,38842,49778343,38605312
2022-03-25,8146,43700,49786489,38649012
2022-03-26,8128,41723,49794617,38690735
2022-03-27,2431,9685,49797048,38700420
2022-03-28,6115,35256,49803163,38735676
2022-03-29,5787,32546,49808950,38768222
2022-03-30,5569,30218,49814519,38798440
2022-03-31,5910,33210,49820429,38831650
2022-04-01,4354,25202,49824783,38856852
2022-04-02,4498,23276,49829281,38880128
2022-04-03,1049,4500,49830330,38884628
2022-04-04,3665,21558,49833995,38906186
2022-04-05,3759,22951,49837754,38929137
2022-04-06,4107,21855,49841861,38950992
2022-04-07,3974,23328,49845835,38974320
2022-04-08,4698,26730,49850533,39001050
2022-04-09,4383,23888,49854916,39024938
2022-04-10,893,4613,49855809,39029551
2022-04-11,3819,22698,49859628,39052249
2022-04-12,3364,21793,49862992,39074042
2022-04-13,3577,21348,49866569,39095390
2022-04-14,3487,23800,49870056,39119190
2022-04-15,3086,20635,49873142,39139825
2022-04-16,2153,11922,49875295,39151747
2022-04-17,63,348,49875358,39152095
2022-04-18,152,650,49875510,39152745
2022-04-19,3500,22002,49879010,39174747
2022-04-20,3514,20256,49882524,39195003
2022-04-21,2850,19803,49885374,39214806
2022-04-22,2929,20721,49888303,39235527
2022-04-23,2648,16223,49890951,39251750
2022-04-24,509,2335,49891460,39254085
2022-04-25,183,1165,49891643,39255250
2022-04-26,2762,17814,49894405,39273064
2022-04-27,2376,15798,49896781,39288862
2022-04-28,2366,15570,49899147,39304432
2022-04-29,2300,14860,49901447,39319292
2022-04-30,2123,11585,49903570,39330877
2022-05-01,113,531,49903683,39331408
2022-05-02,1451,9394,49905134,39340802
2022-05-03,1578,10332,49906712,39351134
2022-05-04,1749,10283,49908461,39361417
2022-05-05,1655,10307,49910116,39371724
2022-05-06,1702,10980,49911818,39382704
2022-05-07,1432,8575,49913250,39391279
2022-05-08,417,1527,49913667,39392806
2022-05-09,1028,8938,49914695,39401744
2022-05-10,1427,9558,49916122,39411302
2022-05-11,1487,10109,49917609,39421411
2022-05-12,1373,10140,49918982,39431551
2022-05-13,1600,10530,49920582,39442081
2022-05-14,1362,8249,49921944,39450330
2022-05-15,336,1138,49922280,39451468
2022-05-16,814,8411,49923094,39459879
2022-05-17,1244,8708,49924338,39468587
2022-05-18,1373,9256,49925711,39477843
2022-05-19,1502,9290,49927213,39487133
2022-05-20,1431,9538,49928644,39496671
2022-05-21,1302,7903,49929946,39504574
2022-05-22,231,1013,49930177,39505587
2022-05-23,831,8275,49931008,39513862
2022-05-24,1073,8675,49932081,39522537
2022-05-25,1372,9460,49933453,39531997
2022-05-26,1201,9484,49934654,39541481
2022-05-27,1235,9919,49935889,39551400
2022-05-28,1205,7890,49937094,39559290
2022-05-29,288,1265,49937382,39560555
2022-05-30,931,8063,49938313,39568618
2022-05-31,1039,8552,49939352,39577170
2022-06-01,897,7657,49940249,39584827
2022-06-02,35,474,49940284,39585301
2022-06-03,819,7334,49941103,39592635
2022-06-04,870,5162,49941973,39597797
2022-06-05,88,586,49942061,39598383
2022-06-06,679,7007,49942740,39605390
2022-06-07,951,7852,49943691,39613242
2022-06-08,981,7911,49944672,39621153
2022-06-09,1037,8421,49945709,39629574
2022-06-10,958,8564,49946667,39638138
2022-06-11,903,6206,49947570,39644344
2022-06-12,140,768,49947710,39645112
2022-06-13,603,6307,49948313,39651419
2022-06-14,833,7908,49949146,39659327
2022-06-15,960,7856,49950106,39667183
2022-06-16,734,7404,49950840,39674587
2022-06-17,724,7251,49951564,39681838
2022-06-18,778,5597,49952342,39687435
2022-06-19,49,521,49952391,39687956
2022-06-20,587,6700,49952978,39694656
2022-06-21,741,7664,49953719,39702320
2022-06-22,779,7315,49954498,39709635
2022-06-23,650,7475,49955148,39717110
2022-06-24,644,7475,49955792,39724585
2022-06-25,836,6533,49956628,39731118
2022-06-26,129,523,49956757,39731641
2022-06-27,534,7128,49957291,39738769
2022-06-28,748,8208,49958039,39746977
2022-06-29,757,7737,49958796,39754714
2022-06-30,748,8146,49959544,39762860
2022-07-01,577,6446,49960121,39769306
2022-07-02,536,4770,49960657,39774076
2022-07-03,49,456,49960706,39774532
2022-07-04,470,6279,49961176,39780811
2022-07-05,630,8124,49961806,39788935
2022-07-06,634,7612,49962440,39796547
2022-07-07,576,8279,49963016,39804826
2022-07-08,677,8087,49963693,39812913
2022-07-09,549,6105,49964242,39819018
2022-07-10,58,533,49964300,39819551
2022-07-11,493,7646,49964793,39827197
2022-07-12,669,9031,49965462,39836228
2022-07-13,645,10068,49966107,39846296
2022-07-14,639,10227,49966746,39856523
2022-07-15,627,10675,49967373,39867198
2022-07-16,522,7215,49967895,39874413
2022-07-17,48,770,49967943,39875183
2022-07-18,496,9378,49968439,39884561
2022-07-19,576,10685,49969015,39895246
2022-07-20,582,11277,49969597,39906523
2022-07-21,633,12096,49970230,39918619
2022-07-22,584,11269,49970814,39929888
2022-07-23,381,6778,49971195,39936666
2022-07-24,76,858,49971271,39937524
2022-07-25,505,9059,49971776,39946583
2022-07-26,522,9766,49972298,39956349
2022-07-27,555,10216,49972853,39966565
2022-07-28,534,10538,49973387,39977103
2022-07-29,510,9468,49973897,39986571
2022-07-30,383,5884,49974280,39992455
2022-07-31,49,764,49974329,39993219
2022-08-01,386,6866,49974715,40000085
2022-08-02,548,7594,49975263,40007679
2022-08-03,515,7189,49975778,40014868
2022-08-04,455,7495,49976233,40022363
2022-08-05,421,6531,49976654,40028894
2022-08-06,300,3613,49976954,40032507
2022-08-07,44,563,49976998,40033070
2022-08-08,403,4890,49977401,40037960
2022-08-09,381,5316,49977782,40043276
2022-08-10,385,4817,49978167,40048093
2022-08-11,370,4806,49978537,40052899
2022-08-12,295,3721,49978832,40056620
2022-08-13,143,1600,49978975,40058220
2022-08-14,9,129,49978984,40058349
2022-08-15,1,26,49978985,40058375
2022-08-16,284,3043,49979269,40061418
2022-08-17,352,3533,49979621,40064951
2022-08-18,395,4165,49980016,40069116
2022-08-19,341,3323,49980357,40072439
2022-08-20,184,1716,49980541,40074155
2022-08-21,24,149,49980565,40074304
2022-08-22,333,2952,49980898,40077256
2022-08-23,370,3674,49981268,40080930
2022-08-24,384,3363,49981652,40084293
2022-08-25,424,3776,49982076,40088069
2022-08-26,400,3586,49982476,40091655
2022-08-27,237,1770,49982713,40093425
2022-08-28,29,267,49982742,40093692
2022-08-29,354,3161,49983096,40096853
2022-08-30,406,3676,49983502,40100529
2022-08-31,438,3734,49983940,40104263
2022-09-01,353,3119,49984293,40107382
2022-09-02,298,2894,49984591,40110276
2022-09-03,200,1692,49984791,40111968
2022-09-04,24,149,49984815,40112117
2022-09-05,187,2657,49985002,40114774
2022-09-06,307,2981,49985309,40117755
2022-09-07,541,2937,49985850,40120692
2022-09-08,293,2965,49986143,40123657
2022-09-09,308,2886,49986451,40126543
2022-09-10,228,1327,49986679,40127870
2022-09-11,23,124,49986702,40127994
2022-09-12,267,2269,49986969,40130263
2022-09-13,255,2280,49987224,40132543
2022-09-14,266,2567,49987490,40135110
2022-09-15,285,2501,49987775,40137611
2022-09-16,255,2544,49988030,40140155
2022-09-17,239,1339,49988269,40141494
2022-09-18,20,170,49988289,40141664
2022-09-19,206,1973,49988495,40143637
2022-09-20,237,2392,49988732,40146029
2022-09-21,289,2528,49989021,40148557
2022-09-22,267,2663,49989288,40151220
2022-09-23,261,2547,49989549,40153767
2022-09-24,193,1427,49989742,40155194
2022-09-25,29,133,49989771,40155327
2022-09-26,281,2249,49990052,40157576
2022-09-27,287,2680,49990339,40160256
2022-09-28,311,2905,49990650,40163161
2022-09-29,257,3051,49990907,40166212
2022-09-30,292,2987,49991199,40169199
2022-10-01,196,1515,49991395,40170714
2022-10-02,12,187,49991407,40170901
2022-10-03,186,2478,49991593,40173379
2022-10-04,236,2865,49991829,40176244
2022-10-05,233,3255,49992062,40179499
2022-10-06,244,3875,49992306,40183374
2022-10-07,285,4186,49992591,40187560
2022-10-08,206,2267,49992797,40189827
2022-10-09,8,305,49992805,40190132
2022-10-10,214,3348,49993019,40193480
2022-10-11,195,4380,49993214,40197860
2022-10-12,212,4437,49993426,40202297
2022-10-13,207,5299,49993633,40207596
2022-10-14,234,5010,49993867,40212606
2022-10-15,191,2669,49994058,40215275
2022-10-16,6,360,49994064,40215635
2022-10-17,187,3873,49994251,40219508
2022-10-18,257,4960,49994508,40224468
2022-10-19,247,5479,49994755,40229947
2022-10-20,227,5997,49994982,40235944
2022-10-21,257,5478,49995239,40241422
2022-10-22,196,2911,49995435,40244333
2022-10-23,13,364,49995448,40244697
2022-10-24,171,3931,49995619,40248628
2022-10-25,256,4927,49995875,40253555
2022-10-26,350,5505,49996225,40259060
2022-10-27,239,5678,49996464,40264738
2022-10-28,202,5265,49996666,40270003
2022-10-29,128,2844,49996794,40272847
2022-10-30,4,328,49996798,40273175
2022-10-31,118,3038,49996916,40276213
2022-11-01,11,353,49996927,40276566
2022-11-02,146,3721,49997073,40280287
2022-11-03,172,4794,49997245,40285081
2022-11-04,228,4603,49997473,40289684
2022-11-05,145,2601,49997618,40292285
2022-11-06,10,261,49997628,40292546
2022-11-07,169,3227,49997797,40295773
2022-11-08,262,4258,49998059,40300031
2022-11-09,202,4336,49998261,40304367
2022-11-10,184,4603,49998445,40308970
2022-11-11,194,4236,49998639,40313206
2022-11-12,161,2378,49998800,40315584
2022-11-13,7,338,49998807,40315922
2022-11-14,150,2843,49998957,40318765
2022-11-15,204,3750,49999161,40322515
2022-11-16,217,4002,49999378,40326517
2022-11-17,195,4114,49999573,40330631
2022-11-18,252,4050,49999825,40334681
2022-11-19,112,2087,49999937,40336768
2022-11-20,24,317,49999961,40337085
2022-11-21,119,2624,50000080,40339709
2022-11-22,140,3224,50000220,40342933
2022-11-23,191,3635,50000411,40346568
2022-11-24,158,3849,50000569,40350417
2022-11-25,184,3781,50000753,40354198
2022-11-26,135,2096,50000888,40356294
2022-11-27,22,356,50000910,40356650
2022-11-28,182,2691,50001092,40359341
2022-11-29,258,3235,50001350,40362576
2022-11-30,183,3740,50001533,40366316
2022-12-01,151,3635,50001684,40369951
2022-12-02,161,3532,50001845,40373483
2022-12-03,106,1999,50001951,40375482
2022-12-04,5,290,50001956,40375772
2022-12-05,129,2861,50002085,40378633
2022-12-06,177,3658,50002262,40382291
2022-12-07,136,3135,50002398,40385426
2022-12-08,8,169,50002406,40385595
2022-12-09,165,3036,50002571,40388631
2022-12-10,71,1602,50002642,40390233
2022-12-11,7,193,50002649,40390426
2022-12-12,172,2534,50002821,40392960
2022-12-13,254,3052,50003075,40396012
2022-12-14,232,3240,50003307,40399252
2022-12-15,207,3299,50003514,40402551
2022-12-16,163,3224,50003677,40405775
2022-12-17,95,1691,50003772,40407466
2022-12-18,10,270,50003782,40407736
2022-12-19,149,2170,50003931,40409906
2022-12-20,212,2533,50004143,40412439
2022-12-21,160,2252,50004303,40414691
2022-12-22,140,1880,50004443,40416571
2022-12-23,154,1223,50004597,40417794
2022-12-24,32,162,50004629,40417956
2022-12-25,0,6,50004629,40417962
2022-12-26,6,42,50004635,40418004
2022-12-27,133,1555,50004768,40419559
2022-12-28,138,1782,50004906,40421341
2022-12-29,92,1711,50004998,40423052
2022-12-30,116,1614,50005114,40424666
2022-12-31,21,273,50005135,40424939
2023-01-01,0,6,50005135,40424945
2023-01-02,48,1129,50005183,40426074
2023-01-03,99,1899,50005282,40427973
2023-01-04,111,2015,50005393,40429988
2023-01-05,99,1915,50005492,40431903
2023-01-06,0,70,50005492,40431973
2023-01-07,53,687,50005545,40432660
2023-01-08,2,97,50005547,40432757
2023-01-09,129,1430,50005676,40434187
2023-01-10,128,1789,50005804,40435976
2023-01-11,119,1772,50005923,40437748
2023-01-12,115,2008,50006038,40439756
2023-01-13,108,1889,50006146,40441645
2023-01-14,67,978,50006213,40442623
2023-01-15,1,67,50006214,40442690
2023-01-16,37,1155,50006251,40443845
2023-01-17,109,1304,50006360,40445149
2023-01-18,81,1419,50006441,40446568
2023-01-19,111,1608,50006552,40448176
2023-01-20,160,1407,50006712,40449583
2023-01-21,46,649,50006758,40450232
2023-01-22,2,57,50006760,40450289
2023-01-23,75,782,50006835,40451071
2023-01-24,115,1193,50006950,40452264
2023-01-25,97,1088,50007047,40453352
2023-01-26,111,1103,50007158,40454455
2023-01-27,56,825,50007214,40455280