data_somministrazione,vaccinazioni,booster,cum_vaccinazioni,cum_booster
2020-12-27,20,0,20,0
2020-12-28,2,0,22,0
2020-12-29,1,0,23,0
2020-12-30,9,0,32,0
2020-12-31,73,0,105,0
2021-01-01,23,0,128,0
2021-01-02,127,0,255,0
2021-01-03,93,0,348,0
2021-01-04,219,0,567,0
2021-01-05,256,0,823,0
2021-01-06,225,0,1048,0
2021-01-07,306,0,1354,0
2021-01-08,353,0,1707,0
2021-01-09,265,0,1972,0
2021-01-10,160,0,2132,0
2021-01-11,289,0,2421,0
2021-01-12,275,0,2696,0
2021-01-13,404,0,3100,0
2021-01-14,488,0,3588,0
2021-01-15,305,0,3893,0
2021-01-16,214,0,4107,0
2021-01-17,3060,0,7167,0
2021-01-18,5215,0,12382,0
2021-01-19,1893,0,14275,0
2021-01-20,4656,0,18931,0
2021-01-21,20005,0,38936,0
2021-01-22,14220,0,53156,0
2021-01-23,33328,0,86484,0
2021-01-24,30782,0,117266,0
2021-01-25,64721,0,181987,0
2021-01-26,76489,0,258476,0
2021-01-27,64825,0,323301,0
2021-01-28,89269,0,412570,0
2021-01-29,94018,0,506588,0
2021-01-30,86553,0,593141,0
2021-01-31,57329,0,650470,0
2021-02-01,81853,0,732323,0
2021-02-02,82139,0,814462,0
2021-02-03,91113,0,905575,0
2021-02-04,95394,0,1000969,0
2021-02-05,90272,0,1091241,0
2021-02-06,63449,0,1154690,0
2021-02-07,32932,0,1187622,0
2021-02-08,40423,0,1228045,0
2021-02-09,32870,0,1260915,0
2021-02-10,28428,0,1289343,0
2021-02-11,20403,0,1309746,0
2021-02-12,16239,0,1325985,0
2021-02-13,7273,0,1333258,0
2021-02-14,2862,0,1336120,0
2021-02-15,6842,0,1342962,0
2021-02-16,7002,0,1349964,0
2021-02-17,10525,0,1360489,0
2021-02-18,9252,0,1369741,0
2021-02-19,8251,0,1377992,0
2021-02-20,5567,0,1383559,0
2021-02-21,3003,0,1386562,0
2021-02-22,6884,0,1393446,0
2021-02-23,7179,0,1400625,0
2021-02-24,9808,0,1410433,0
2021-02-25,14211,0,1424644,0
2021-02-26,17555,0,1442199,0
2021-02-27,13914,0,1456113,0
2021-02-28,9389,0,1465502,0
2021-03-01,26519,0,1492021,0
2021-03-02,33243,0,1525264,0
2021-03-03,44649,0,1569913,0
2021-03-04,50292,0,1620205,0
2021-03-05,55734,0,1675939,0
2021-03-06,41872,0,1717811,0
2021-03-07,22322,0,1740133,0
2021-03-08,50824,0,1790957,0
2021-03-09,53076,0,1844033,0
2021-03-10,58655,0,1902688,0
2021-03-11,63870,0,1966558,0
2021-03-12,65112,0,2031670,0
2021-03-13,51724,0,2083394,0
2021-03-14,35402,0,2118796,0
2021-03-15,73446,0,2192242,0
2021-03-16,74026,0,2266268,0
2021-03-17,83129,0,2349397,0
2021-03-18,81629,0,2431026,0
2021-03-19,81084,0,2512110,0
2021-03-20,64725,0,2576835,0
2021-03-21,47302,0,2624137,0
2021-03-22,69486,0,2693623,0
2021-03-23,75804,0,2769427,0
2021-03-24,90917,0,2860344,0
2021-03-25,89811,0,2950155,0
2021-03-26,83629,0,3033784,0
2021-03-27,71944,0,3105728,0
2021-03-28,44148,0,3149876,0
2021-03-29,70832,0,3220708,0
2021-03-30,81392,0,3302100,0
2021-03-31,96242,0,3398342,0
2021-04-01,95311,0,3493653,0
2021-04-02,84075,0,3577728,0
2021-04-03,64306,0,3642034,0
2021-04-04,21718,0,3663752,0
2021-04-05,40315,0,3704067,0
2021-04-06,81323,0,3785390,0
2021-04-07,95834,0,3881224,0
2021-04-08,95245,0,3976469,0
2021-04-09,88493,0,4064962,0
2021-04-10,74032,0,4138994,0
2021-04-11,44766,0,4183760,0
2021-04-12,66918,0,4250678,0
2021-04-13,72580,0,4323258,0
2021-04-14,85545,0,4408803,0
2021-04-15,105415,0,4514218,0
2021-04-16,106421,0,4620639,0
2021-04-17,90518,0,4711157,0
2021-04-18,58596,0,4769753,0
2021-04-19,93432,0,4863185,0
2021-04-20,103772,0,4966957,0
2021-04-21,125343,0,5092300,0
2021-04-22,143521,0,5235821,0
2021-04-23,138745,0,5374566,0
2021-04-24,124445,0,5499011,0
2021-04-25,61458,0,5560469,0
2021-04-26,97893,0,5658362,0
2021-04-27,128360,0,5786722,0
2021-04-28,156375,0,5943097,0
2021-04-29,195595,0,6138692,0
2021-04-30,214586,0,6353278,0
2021-05-01,174123,0,6527401,0
2021-05-02,135803,0,6663204,0
2021-05-03,142048,0,6805252,0
2021-05-04,158696,0,6963948,0
2021-05-05,170508,0,7134456,0
2021-05-06,197809,0,7332265,0
2021-05-07,213851,0,7546116,0
2021-05-08,213419,0,7759535,0
2021-05-09,143204,0,7902739,0
2021-05-10,165084,0,8067823,0
2021-05-11,174991,0,8242814,0
2021-05-12,179190,0,8422004,0
2021-05-13,203395,0,8625399,0
2021-05-14,222923,0,8848322,0
2021-05-15,210375,0,9058697,0
2021-05-16,159280,0,9217977,0
2021-05-17,219205,0,9437182,0
2021-05-18,213024,0,9650206,0
2021-05-19,207089,0,9857295,0
2021-05-20,270870,0,10128165,0
2021-05-21,270898,0,10399063,0
2021-05-22,245529,0,10644592,0
2021-05-23,197183,0,10841775,0
2021-05-24,228310,0,11070085,0
2021-05-25,245697,0,11315782,0
2021-05-26,277510,0,11593292,0
2021-05-27,311088,0,11904380,0
2021-05-28,299575,0,12203955,0
2021-05-29,231230,0,12435185,0
2021-05-30,170843,0,12606028,0
2021-05-31,216428,0,12822456,0
2021-06-01,207638,0,13030094,0
2021-06-02,115805,0,13145899,0
2021-06-03,180155,0,13326054,0
2021-06-04,184890,0,13510944,0
2021-06-05,185969,0,13696913,0
2021-06-06,139556,0,13836469,0
2021-06-07,161883,0,13998352,0
2021-06-08,171240,0,14169592,0
2021-06-09,171495,0,14341087,0
2021-06-10,174119,0,14515206,0
2021-06-11,169995,0,14685201,0
2021-06-12,128340,0,14813541,0
2021-06-13,91198,0,14904739,0
2021-06-14,214691,0,15119430,0
2021-06-15,228429,0,15347859,0
2021-06-16,253085,0,15600944,0
2021-06-17,301740,0,15902684,0
2021-06-18,306303,0,16208987,0
2021-06-19,275100,0,16484087,0
2021-06-20,220797,0,16704884,0
2021-06-21,288075,0,16992959,0
2021-06-22,296230,0,17289189,0
2021-06-23,302694,0,17591883,0
2021-06-24,332615,0,17924498,0
2021-06-25,348714,0,18273212,0
2021-06-26,300129,0,18573341,0
2021-06-27,228676,0,18802017,0
2021-06-28,307104,0,19109121,0
2021-06-29,329306,0,19438427,0
2021-06-30,342174,0,19780601,0
2021-07-01,363228,0,20143829,0
2021-07-02,368483,0,20512312,0
2021-07-03,371098,0,20883410,0
2021-07-04,283219,0,21166629,0
2021-07-05,384548,0,21551177,0
2021-07-06,385482,0,21936659,0
2021-07-07,412118,0,22348777,0
2021-07-08,479601,0,22828378,0
2021-07-09,498483,0,23326861,0
2021-07-10,475177,0,23802038,0
2021-07-11,357702,0,24159740,0
2021-07-12,485895,0,24645635,0
2021-07-13,492110,0,25137745,0
2021-07-14,480457,0,25618202,0
2021-07-15,523449,0,26141651,0
2021-07-16,509765,0,26651416,0
2021-07-17,464335,0,27115751,0
2021-07-18,364649,0,27480400,0
2021-07-19,463052,0,27943452,0
2021-07-20,458061,0,28401513,0
2021-07-21,462800,0,28864313,0
2021-07-22,475387,0,29339700,0
2021-07-23,441327,0,29781027,0
2021-07-24,386160,0,30167187,0
2021-07-25,287556,0,30454743,0
2021-07-26,430885,0,30885628,0
2021-07-27,440130,0,31325758,0
2021-07-28,391013,0,31716771,0
2021-07-29,372081,0,32088852,0
2021-07-30,341515,0,32430367,0
2021-07-31,287036,0,32717403,0
2021-08-01,191002,0,32908405,0
2021-08-02,333705,0,33242110,0
2021-08-03,323198,0,33565308,0
2021-08-04,310977,0,33876285,0
2021-08-05,292497,0,34168782,0
2021-08-06,260017,0,34428799,0
2021-08-07,199054,0,34627853,0
2021-08-08,153108,0,34780961,0
2021-08-09,234077,0,35015038,0
2021-08-10,205259,0,35220297,0
2021-08-11,193780,0,35414077,0
2021-08-12,168038,0,35582115,0
2021-08-13,148638,0,35730753,0
2021-08-14,66095,0,35796848,0
2021-08-15,26338,0,35823186,0
2021-08-16,114704,0,35937890,0
2021-08-17,129251,0,36067141,0
2021-08-18,128752,0,36195893,0
2021-08-19,124826,0,36320719,0
2021-08-20,123788,0,36444507,0
2021-08-21,83129,0,36527636,0
2021-08-22,68172,0,36595808,0
2021-08-23,176872,0,36772680,0
2021-08-24,156897,0,36929577,0
2021-08-25,177171,0,37106748,0
2021-08-26,172366,0,37279114,0
2021-08-27,185836,0,37464950,0
2021-08-28,140282,0,37605232,0
2021-08-29,98991,0,37704223,0
2021-08-30,209601,0,37913824,0
2021-08-31,194645,0,38108469,0
2021-09-01,192208,0,38300677,0
2021-09-02,189928,0,38490605,0
2021-09-03,191294,0,38681899,0
2021-09-04,131465,0,38813364,0
2021-09-05,87853,0,38901217,0
2021-09-06,193625,0,39094842,0
2021-09-07,196033,0,39290875,0
2021-09-08,187882,0,39478757,0
2021-09-09,201446,0,39680203,0
2021-09-10,198076,0,39878279,0
2021-09-11,141295,0,40019574,0
2021-09-12,89596,0,40109170,0
2021-09-13,191124,609,40300294,609
2021-09-14,177227,621,40477521,1230
2021-09-15,163096,622,40640617,1852
2021-09-16,160072,966,40800689,2818
2021-09-17,150172,1144,40950861,3962
2021-09-18,127982,758,41078843,4720
2021-09-19,81139,502,41159982,5222
2021-09-20,180072,9107,41340054,14329
2021-09-21,166657,8847,41506711,23176
2021-09-22,159097,9449,41665808,32625
2021-09-23,138084,9343,41803892,41968
2021-09-24,140549,8985,41944441,50953
2021-09-25,119557,5656,42063998,56609
2021-09-26,71978,4351,42135976,60960
2021-09-27,135664,10066,42271640,71026
2021-09-28,117512,11409,42389152,82435
2021-09-29,112355,11841,42501507,94276
2021-09-30,110265,14967,42611772,109243
2021-10-01,94992,19122,42706764,128365
2021-10-02,78512,14031,42785276,142396
2021-10-03,47750,7665,42833026,150061
2021-10-04,88382,34468,42921408,184529
2021-10-05,80376,33997,43001784,218526
2021-10-06,71997,34190,43073781,252716
2021-10-07,71868,34362,43145649,287078
2021-10-08,80631,33607,43226280,320685
2021-10-09,76106,22186,43302386,342871
2021-10-10,45781,13625,43348167,356496
2021-10-11,87441,41121,43435608,397617
2021-10-12,84506,46922,43520114,444539
2021-10-13,88205,52138,43608319,496677
2021-10-14,91548,58540,43699867,555217
2021-10-15,93594,55655,43793461,610872
2021-10-16,82971,36808,43876432,647680
2021-10-17,51462,23845,43927894,671525
2021-10-18,90303,59502,44018197,731027
2021-10-19,78348,69396,44096545,800423
2021-10-20,75069,78193,44171614,878616
2021-10-21,78303,81778,44249917,960394
2021-10-22,73781,77059,44323698,1037453
2021-10-23,60831,51966,44384529,1089419
2021-10-24,33373,23471,44417902,1112890
2021-10-25,64909,81645,44482811,1194535
2021-10-26,58374,91817,44541185,1286352
2021-10-27,58330,104013,44599515,1390365
2021-10-28,61454,114136,44660969,1504501
2021-10-29,61638,103159,44722607,1607660
2021-10-30,50674,68132,44773281,1675792
2021-10-31,25162,28303,44798443,1704095
2021-11-01,19048,28156,44817491,1732251
2021-11-02,62742,89420,44880233,1821671
2021-11-03,60727,118678,44940960,1940349
2021-11-04,59246,126682,45000206,2067031
2021-11-05,63097,135207,45063303,2202238
2021-11-06,46481,90934,45109784,2293172
2021-11-07,22253,37900,45132037,2331072
2021-11-08,51530,131283,45183567,2462355
2021-11-09,45399,144222,45228966,2606577
2021-11-10,42590,156361,45271556,2762938
2021-11-11,44930,155156,45316486,2918094
2021-11-12,46318,158655,45362804,3076749
2021-11-13,33264,116664,45396068,3193413
2021-11-14,14492,52456,45410560,3245869
2021-11-15,36911,157439,45447471,3403308
2021-11-16,30562,171395,45478033,3574703
2021-11-17,28468,178449,45506501,3753152
2021-11-18,30288,193743,45536789,3946895
2021-11-19,28812,205871,45565601,4152766
2021-11-20,21003,156453,45586604,4309219
2021-11-21,10612,64863,45597216,4374082
2021-11-22,21946,213160,45619162,4587242
2021-11-23,23589,241763,45642751,4829005
2021-11-24,27796,271025,45670547,5100030
2021-11-25,23246,301930,45693793,5401960
2021-11-26,24590,318284,45718383,5720244
2021-11-27,21391,266164,45739774,5986408
2021-11-28,9903,137063,45749677,6123471
2021-11-29,22349,326071,45772026,6449542
2021-11-30,23106,365846,45795132,6815388
2021-12-01,21531,413512,45816663,7228900
2021-12-02,23777,440423,45840440,7669323
2021-12-03,25269,467500,45865709,8136823
2021-12-04,22382,418783,45888091,8555606
2021-12-05,11938,261357,45900029,8816963
2021-12-06,25833,457618,45925862,9274581
2021-12-07,24152,480284,45950014,9754865
2021-12-08,10019,249711,45960033,10004576
2021-12-09,31608,491950,45991641,10496526
2021-12-10,28083,517913,46019724,11014439
2021-12-11,23582,459261,46043306,11473700
2021-12-12,12311,293519,46055617,11767219
2021-12-13,26168,467640,46081785,12234859
2021-12-14,25188,494219,46106973,12729078
2021-12-15,25355,517172,46132328,13246250
2021-12-16,27903,520284,46160231,13766534
2021-12-17,29378,517197,46189609,14283731
2021-12-18,27081,468756,46216690,14752487
2021-12-19,15161,300537,46231851,15053024
2021-12-20,30650,477497,46262501,15530521
2021-12-21,30403,493409,46292904,16023930
2021-12-22,29472,484729,46322376,16508659
2021-12-23,28267,426929,46350643,16935588
2021-12-24,13119,210835,46363762,17146423
2021-12-25,2103,33053,46365865,17179476
2021-12-26,8769,159075,46374634,17338551
2021-12-27,46821,504674,46421455,17843225
2021-12-28,42484,554231,46463939,18397456
2021-12-29,34375,550660,46498314,18948116
2021-12-30,31863,499848,46530177,19447964
2021-12-31,14130,247400,46544307,19695364
2022-01-01,3499,64815,46547806,19760179
2022-01-02,22798,276724,46570604,20036903
2022-01-03,47894,520022,46618498,20556925
2022-01-04,46418,572095,46664916,21129020
2022-01-05,40791,560403,46705707,21689423
2022-01-06,23511,274489,46729218,21963912
2022-01-07,63746,554201,46792964,22518113
2022-01-08,60909,503405,46853873,23021518
2022-01-09,42917,319688,46896790,23341206
2022-01-10,61130,542300,46957920,23883506
2022-01-11,61778,586999,47019698,24470505
2022-01-12,58495,581286,47078193,25051791
2022-01-13,58655,580395,47136848,25632186
2022-01-14,46865,588580,47183713,26220766
2022-01-15,39471,569950,47223184,26790716
2022-01-16,31267,341869,47254451,27132585
2022-01-17,54813,489668,47309264,27622253
2022-01-18,58430,517024,47367694,28139277
2022-01-19,57237,502797,47424931,28642074
2022-01-20,54368,498828,47479299,29140902
2022-01-21,42127,493879,47521426,29634781
2022-01-22,31235,469597,47552661,30104378
2022-01-23,34951,275377,47587612,30379755
2022-01-24,56197,437230,47643809,30816985
2022-01-25,61571,452115,47705380,31269100
2022-01-26,58565,435835,47763945,31704935
2022-01-27,48857,432381,47812802,32137316
2022-01-28,58721,436544,47871523,32573860
2022-01-29,68156,412500,47939679,32986360
2022-01-30,50397,235970,47990076,33222330
2022-01-31,60654,356938,48050730,33579268
2022-02-01,65574,328448,48116304,33907716
2022-02-02,63217,296979,48179521,34204695
2022-02-03,60069,274520,48239590,34479215
2022-02-04,72392,268459,48311982,34747674
2022-02-05,83793,248536,48395775,34996210
2022-02-06,55300,116205,48451075,35112415
2022-02-07,65160,199940,48516235,35312355
2022-02-08,66932,186115,48583167,35498470
2022-02-09,58764,166336,48641931,35664806
2022-02-10,58588,163239,48700519,35828045
2022-02-11,62258,162466,48762777,35990511
2022-02-12,71986,152144,48834763,36142655
2022-02-13,41475,68852,48876238,36211507
2022-02-14,46696,116187,48922934,36327694
2022-02-15,48542,123479,48971476,36451173
2022-02-16,45679,106122,49017155,36557295
2022-02-17,42866,98113,49060021,36655408
2022-02-18,46624,112577,49106645,36767985
2022-02-19,52541,100334,49159186,36868319
2022-02-20,31409,40366,49190595,36908685
2022-02-21,37888,89651,49228483,36998336
2022-02-22,37223,83776,49265706,37082112
2022-02-23,33397,79409,49299103,37161521
2022-02-24,32555,78160,49331658,37239681
2022-02-25,34762,90709,49366420,37330390
2022-02-26,39158,89134,49405578,37419524
2022-02-27,22545,35857,49428123,37455381
2022-02-28,28481,81690,49456604,37537071
2022-03-01,22722,53940,49479326,37591011
2022-03-02,21950,50680,49501276,37641691
2022-03-03,22620,54947,49523896,37696638
2022-03-04,23234,62798,49547130,37759436
2022-03-05,23798,57951,49570928,37817387
2022-03-06,9471,17201,49580399,37834588
2022-03-07,15916,51389,49596315,37885977
2022-03-08,15477,48796,49611792,37934773
2022-03-09,13812,46518,49625604,37981291
2022-03-10,14050,52119,49639654,38033410
2022-03-11,15584,57264,49655238,38090674
2022-03-12,15504,56618,49670742,38147292
2022-03-13,5544,16850,49676286,38164142
2022-03-14,10525,46698,49686811,38210840
2022-03-15,10547,46893,49697358,38257733
2022-03-16,9480,41973,49706838,38299706
2022-03-17,9717,44873,49716555,38344579
2022-03-18,10158,49056,49726713,38393635
2022-03-19,9149,46534,49735862,38440169
2022-03-20,2609,11702,49738471,38451871
2022-03-21,7579,40224,49746050,38492095
2022-03-22,8448,37758,49754498,38529853
2022-03-23,7213,33699,49761711,38563552
2022-03-24,8258,38803,49769969,38602355
2022-03-25,8139,43666,49778108,38646021
2022-03-26,8124,41721,49786232,38687742
2022-03-27,2430,9682,49788662,38697424
2022-03-28,6108,35238,49794770,38732662
2022-03-29,5777,32527,49800547,38765189
2022-03-30,5566,30202,49806113,38795391
2022-03-31,5896,33181,49812009,38828572
2022-04-01,4348,25189,49816357,38853761
2022-04-02,4494,23273,49820851,38877034
2022-04-03,1049,4500,49821900,38881534
2022-04-04,3656,21540,49825556,38903074
2022-04-05,3756,22931,49829312,38926005
2022-04-06,4102,21853,49833414,38947858
2022-04-07,3965,23319,49837379,38971177
2022-04-08,4692,26712,49842071,38997889
2022-04-09,4382,23885,49846453,39021774
2022-04-10,891,4614,49847344,39026388
2022-04-11,3815,22685,49851159,39049073
2022-04-12,3363,21777,49854522,39070850
2022-04-13,3566,21333,49858088,39092183
2022-04-14,3486,23786,49861574,39115969
2022-04-15,3084,20617,49864658,39136586
2022-04-16,2149,11918,49866807,39148504
2022-04-17,63,348,49866870,39148852
2022-04-18,151,650,49867021,39149502
2022-04-19,3499,21979,49870520,39171481
2022-04-20,3511,20250,49874031,39191731
2022-04-21,2847,19786,49876878,39211517
2022-04-22,2927,20702,49879805,39232219
2022-04-23,2644,16218,49882449,39248437
2022-04-24,509,2334,49882958,39250771
2022-04-25,183,1165,49883141,39251936
2022-04-26,2759,17804,49885900,39269740
2022-04-27,2374,15792,49888274,39285532
2022-04-28,2358,15558,49890632,39301090
2022-04-29,2293,14844,49892925,39315934
2022-04-30,2123,11580,49895048,39327514
2022-05-01,113,531,49895161,39328045
2022-05-02,1450,9391,49896611,39337436
2022-05-03,1576,10318,49898187,39347754
2022-05-04,1746,10264,49899933,39358018
2022-05-05,1653,10284,49901586,39368302
2022-05-06,1702,10955,49903288,39379257
2022-05-07,1431,8566,49904719,39387823
2022-05-08,416,1519,49905135,39389342
2022-05-09,1027,8928,49906162,39398270
2022-05-10,1423,9545,49907585,39407815
2022-05-11,1483,10098,49909068,39417913
2022-05-12,1370,10131,49910438,39428044
2022-05-13,1594,10517,49912032,39438561
2022-05-14,1357,8234,49913389,39446795
2022-05-15,336,1131,49913725,39447926
2022-05-16,813,8405,49914538,39456331
2022-05-17,1243,8696,49915781,39465027
2022-05-18,1373,9231,49917154,39474258
2022-05-19,1500,9277,49918654,39483535
2022-05-20,1421,9514,49920075,39493049
2022-05-21,1300,7899,49921375,39500948
2022-05-22,231,1013,49921606,39501961
2022-05-23,830,8267,49922436,39510228
2022-05-24,1073,8672,49923509,39518900
2022-05-25,1369,9459,49924878,39528359
2022-05-26,1195,9472,49926073,39537831
2022-05-27,1232,9912,49927305,39547743
2022-05-28,1205,7885,49928510,39555628
2022-05-29,286,1266,49928796,39556894
2022-05-30,931,8054,49929727,39564948
2022-05-31,1036,8544,49930763,39573492
2022-06-01,891,7655,49931654,39581147
2022-06-02,35,474,49931689,39581621
2022-06-03,818,7331,49932507,39588952
2022-06-04,870,5162,49933377,39594114
2022-06-05,89,586,49933466,39594700
2022-06-06,678,6991,49934144,39601691
2022-06-07,951,7847,49935095,39609538
2022-06-08,982,7908,49936077,39617446
2022-06-09,1037,8413,49937114,39625859
2022-06-10,958,8564,49938072,39634423
2022-06-11,903,6206,49938975,39640629
2022-06-12,140,768,49939115,39641397
2022-06-13,602,6301,49939717,39647698
2022-06-14,827,7896,49940544,39655594
2022-06-15,955,7852,49941499,39663446
2022-06-16,730,7392,49942229,39670838
2022-06-17,723,7243,49942952,39678081
2022-06-18,777,5593,49943729,39683674
2022-06-19,47,522,49943776,39684196
2022-06-20,587,6698,49944363,39690894
2022-06-21,736,7665,49945099,39698559
2022-06-22,780,7308,49945879,39705867
2022-06-23,651,7465,49946530,39713332
2022-06-24,644,7474,49947174,39720806
2022-06-25,835,6534,49948009,39727340
2022-06-26,128,523,49948137,39727863
2022-06-27,532,7123,49948669,39734986
2022-06-28,744,8206,49949413,39743192
2022-06-29,756,7728,49950169,39750920
2022-06-30,746,8143,49950915,39759063
2022-07-01,577,6443,49951492,39765506
2022-07-02,536,4769,49952028,39770275
2022-07-03,49,456,49952077,39770731
2022-07-04,469,6277,49952546,39777008
2022-07-05,628,8117,49953174,39785125
2022-07-06,633,7610,49953807,39792735
2022-07-07,571,8269,49954378,39801004
2022-07-08,673,8083,49955051,39809087
2022-07-09,550,6104,49955601,39815191
2022-07-10,58,533,49955659,39815724
2022-07-11,487,7640,49956146,39823364
2022-07-12,667,9027,49956813,39832391
2022-07-13,641,10067,49957454,39842458
2022-07-14,636,10225,49958090,39852683
2022-07-15,625,10666,49958715,39863349
2022-07-16,522,7214,49959237,39870563
2022-07-17,48,770,49959285,39871333
2022-07-18,497,9369,49959782,39880702
2022-07-19,574,10682,49960356,39891384
2022-07-20,580,11272,49960936,39902656
2022-07-21,627,12084,49961563,39914740
2022-07-22,583,11259,49962146,39925999
2022-07-23,379,6771,49962525,39932770
2022-07-24,76,857,49962601,39933627
2022-07-25,503,9052,49963104,39942679
2022-07-26,519,9758,49963623,39952437
2022-07-27,550,10200,49964173,39962637
2022-07-28,530,10528,49964703,39973165
2022-07-29,510,9465,49965213,39982630
2022-07-30,382,5881,49965595,39988511
2022-07-31,49,764,49965644,39989275
2022-08-01,386,6864,49966030,39996139
2022-08-02,539,7583,49966569,40003722
2022-08-03,513,7174,49967082,40010896
2022-08-04,455,7489,49967537,40018385
2022-08-05,420,6520,49967957,40024905
2022-08-06,298,3611,49968255,40028516
2022-08-07,44,562,49968299,40029078
2022-08-08,402,4893,49968701,40033971
2022-08-09,382,5307,49969083,40039278
2022-08-10,381,4814,49969464,40044092
2022-08-11,366,4777,49969830,40048869
2022-08-12,292,3721,49970122,40052590
2022-08-13,143,1600,49970265,40054190
2022-08-14,9,129,49970274,40054319
2022-08-15,1,26,49970275,40054345
2022-08-16,283,3043,49970558,40057388
2022-08-17,352,3536,49970910,40060924
2022-08-18,390,4159,49971300,40065083
2022-08-19,341,3319,49971641,40068402
2022-08-20,183,1714,49971824,40070116
2022-08-21,24,149,49971848,40070265
2022-08-22,329,2950,49972177,40073215
2022-08-23,370,3674,49972547,40076889
2022-08-24,383,3358,49972930,40080247
2022-08-25,421,3772,49973351,40084019
2022-08-26,396,3571,49973747,40087590
2022-08-27,238,1769,49973985,40089359
2022-08-28,29,267,49974014,40089626
2022-08-29,355,3161,49974369,40092787
2022-08-30,403,3669,49974772,40096456
2022-08-31,437,3734,49975209,40100190
2022-09-01,352,3117,49975561,40103307
2022-09-02,296,2890,49975857,40106197
2022-09-03,199,1688,49976056,40107885
2022-09-04,23,149,49976079,40108034
2022-09-05,186,2653,49976265,40110687
2022-09-06,303,2988,49976568,40113675
2022-09-07,540,2935,49977108,40116610
2022-09-08,291,2957,49977399,40119567
2022-09-09,304,2885,49977703,40122452
2022-09-10,227,1326,49977930,40123778
2022-09-11,21,124,49977951,40123902
2022-09-12,267,2262,49978218,40126164
2022-09-13,251,2274,49978469,40128438
2022-09-14,263,2564,49978732,40131002
2022-09-15,280,2491,49979012,40133493
2022-09-16,253,2542,49979265,40136035
2022-09-17,239,1339,49979504,40137374
2022-09-18,20,170,49979524,40137544
2022-09-19,205,1969,49979729,40139513
2022-09-20,236,2383,49979965,40141896
2022-09-21,289,2525,49980254,40144421
2022-09-22,262,2647,49980516,40147068
2022-09-23,257,2530,49980773,40149598
2022-09-24,193,1427,49980966,40151025
2022-09-25,28,133,49980994,40151158
2022-09-26,280,2247,49981274,40153405
2022-09-27,286,2669,49981560,40156074
2022-09-28,308,2888,49981868,40158962
2022-09-29,252,3040,49982120,40162002
2022-09-30,290,2969,49982410,40164971
2022-10-01,194,1509,49982604,40166480
2022-10-02,11,187,49982615,40166667
2022-10-03,181,2469,49982796,40169136
2022-10-04,235,2854,49983031,40171990
2022-10-05,223,3215,49983254,40175205
2022-10-06,241,3832,49983495,40179037
2022-10-07,282,4156,49983777,40183193
2022-10-08,200,2234,49983977,40185427
2022-10-09,8,304,49983985,40185731
2022-10-10,206,3336,49984191,40189067
2022-10-11,191,4342,49984382,40193409
2022-10-12,207,4408,49984589,40197817
2022-10-13,200,5284,49984789,40203101
2022-10-14,229,4989,49985018,40208090
2022-10-15,185,2611,49985203,40210701
2022-10-16,6,358,49985209,40211059
2022-10-17,185,3845,49985394,40214904
2022-10-18,255,4942,49985649,40219846
2022-10-19,235,5423,49985884,40225269
2022-10-20,220,5917,49986104,40231186
2022-10-21,251,5378,49986355,40236564
2022-10-22,194,2861,49986549,40239425
2022-10-23,13,355,49986562,40239780
2022-10-24,168,3866,49986730,40243646
2022-10-25,245,4831,49986975,40248477
2022-10-26,280,5309,49987255,40253786
2022-10-27,225,5438,49987480,40259224
2022-10-28,196,4935,49987676,40264159
2022-10-29,125,2513,49987801,40266672
2022-10-30,3,280,49987804,40266952
2022-10-31,65,1731,49987869,40268683