data_somministrazione,vaccinazioni,booster,cum_vaccinazioni,cum_booster
2020-12-27,20,0,20,0
2020-12-28,2,0,22,0
2020-12-29,1,0,23,0
2020-12-30,8,0,31,0
2020-12-31,73,0,104,0
2021-01-01,23,0,127,0
2021-01-02,127,0,254,0
2021-01-03,92,0,346,0
2021-01-04,218,0,564,0
2021-01-05,255,0,819,0
2021-01-06,225,0,1044,0
2021-01-07,306,0,1350,0
2021-01-08,353,0,1703,0
2021-01-09,265,0,1968,0
2021-01-10,159,0,2127,0
2021-01-11,287,0,2414,0
2021-01-12,275,0,2689,0
2021-01-13,403,0,3092,0
2021-01-14,488,0,3580,0
2021-01-15,305,0,3885,0
2021-01-16,214,0,4099,0
2021-01-17,3060,0,7159,0
2021-01-18,5215,0,12374,0
2021-01-19,1893,0,14267,0
2021-01-20,4657,0,18924,0
2021-01-21,20005,0,38929,0
2021-01-22,14220,0,53149,0
2021-01-23,33328,0,86477,0
2021-01-24,30783,0,117260,0
2021-01-25,64722,0,181982,0
2021-01-26,76491,0,258473,0
2021-01-27,64825,0,323298,0
2021-01-28,89270,0,412568,0
2021-01-29,94018,0,506586,0
2021-01-30,86556,0,593142,0
2021-01-31,57330,0,650472,0
2021-02-01,81853,0,732325,0
2021-02-02,82141,0,814466,0
2021-02-03,91113,0,905579,0
2021-02-04,95395,0,1000974,0
2021-02-05,90272,0,1091246,0
2021-02-06,63449,0,1154695,0
2021-02-07,32932,0,1187627,0
2021-02-08,40423,0,1228050,0
2021-02-09,32869,0,1260919,0
2021-02-10,28427,0,1289346,0
2021-02-11,20403,0,1309749,0
2021-02-12,16238,0,1325987,0
2021-02-13,7273,0,1333260,0
2021-02-14,2862,0,1336122,0
2021-02-15,6842,0,1342964,0
2021-02-16,7001,0,1349965,0
2021-02-17,10525,0,1360490,0
2021-02-18,9252,0,1369742,0
2021-02-19,8250,0,1377992,0
2021-02-20,5565,0,1383557,0
2021-02-21,3003,0,1386560,0
2021-02-22,6884,0,1393444,0
2021-02-23,7177,0,1400621,0
2021-02-24,9808,0,1410429,0
2021-02-25,14211,0,1424640,0
2021-02-26,17554,0,1442194,0
2021-02-27,13914,0,1456108,0
2021-02-28,9389,0,1465497,0
2021-03-01,26519,0,1492016,0
2021-03-02,33244,0,1525260,0
2021-03-03,44649,0,1569909,0
2021-03-04,50292,0,1620201,0
2021-03-05,55734,0,1675935,0
2021-03-06,41871,0,1717806,0
2021-03-07,22322,0,1740128,0
2021-03-08,50823,0,1790951,0
2021-03-09,53076,0,1844027,0
2021-03-10,58654,0,1902681,0
2021-03-11,63869,0,1966550,0
2021-03-12,65111,0,2031661,0
2021-03-13,51723,0,2083384,0
2021-03-14,35402,0,2118786,0
2021-03-15,73446,0,2192232,0
2021-03-16,74026,0,2266258,0
2021-03-17,83129,0,2349387,0
2021-03-18,81628,0,2431015,0
2021-03-19,81084,0,2512099,0
2021-03-20,64725,0,2576824,0
2021-03-21,47302,0,2624126,0
2021-03-22,69485,0,2693611,0
2021-03-23,75802,0,2769413,0
2021-03-24,90918,0,2860331,0
2021-03-25,89810,0,2950141,0
2021-03-26,83629,0,3033770,0
2021-03-27,71946,0,3105716,0
2021-03-28,44148,0,3149864,0
2021-03-29,70829,0,3220693,0
2021-03-30,81390,0,3302083,0
2021-03-31,96241,0,3398324,0
2021-04-01,95311,0,3493635,0
2021-04-02,84075,0,3577710,0
2021-04-03,64305,0,3642015,0
2021-04-04,21718,0,3663733,0
2021-04-05,40315,0,3704048,0
2021-04-06,81322,0,3785370,0
2021-04-07,95834,0,3881204,0
2021-04-08,95243,0,3976447,0
2021-04-09,88494,0,4064941,0
2021-04-10,74033,0,4138974,0
2021-04-11,44766,0,4183740,0
2021-04-12,66918,0,4250658,0
2021-04-13,72580,0,4323238,0
2021-04-14,85546,0,4408784,0
2021-04-15,105417,0,4514201,0
2021-04-16,106421,0,4620622,0
2021-04-17,90518,0,4711140,0
2021-04-18,58594,0,4769734,0
2021-04-19,93432,0,4863166,0
2021-04-20,103770,0,4966936,0
2021-04-21,125342,0,5092278,0
2021-04-22,143521,0,5235799,0
2021-04-23,138745,0,5374544,0
2021-04-24,124445,0,5498989,0
2021-04-25,61458,0,5560447,0
2021-04-26,97893,0,5658340,0
2021-04-27,128362,0,5786702,0
2021-04-28,156374,0,5943076,0
2021-04-29,195596,0,6138672,0
2021-04-30,214585,0,6353257,0
2021-05-01,174121,0,6527378,0
2021-05-02,135803,0,6663181,0
2021-05-03,142047,0,6805228,0
2021-05-04,158695,0,6963923,0
2021-05-05,170507,0,7134430,0
2021-05-06,197810,0,7332240,0
2021-05-07,213852,0,7546092,0
2021-05-08,213417,0,7759509,0
2021-05-09,143205,0,7902714,0
2021-05-10,165081,0,8067795,0
2021-05-11,174990,0,8242785,0
2021-05-12,179189,0,8421974,0
2021-05-13,203395,0,8625369,0
2021-05-14,222923,0,8848292,0
2021-05-15,210375,0,9058667,0
2021-05-16,159279,0,9217946,0
2021-05-17,219205,0,9437151,0
2021-05-18,213024,0,9650175,0
2021-05-19,207089,0,9857264,0
2021-05-20,270869,0,10128133,0
2021-05-21,270895,0,10399028,0
2021-05-22,245529,0,10644557,0
2021-05-23,197184,0,10841741,0
2021-05-24,228311,0,11070052,0
2021-05-25,245696,0,11315748,0
2021-05-26,277506,0,11593254,0
2021-05-27,311088,0,11904342,0
2021-05-28,299575,0,12203917,0
2021-05-29,231229,0,12435146,0
2021-05-30,170842,0,12605988,0
2021-05-31,216428,0,12822416,0
2021-06-01,207636,0,13030052,0
2021-06-02,115804,0,13145856,0
2021-06-03,180155,0,13326011,0
2021-06-04,184890,0,13510901,0
2021-06-05,185968,0,13696869,0
2021-06-06,139555,0,13836424,0
2021-06-07,161882,0,13998306,0
2021-06-08,171235,0,14169541,0
2021-06-09,171494,0,14341035,0
2021-06-10,174115,0,14515150,0
2021-06-11,169996,0,14685146,0
2021-06-12,128338,0,14813484,0
2021-06-13,91196,0,14904680,0
2021-06-14,214691,0,15119371,0
2021-06-15,228429,0,15347800,0
2021-06-16,253086,0,15600886,0
2021-06-17,301739,0,15902625,0
2021-06-18,306302,0,16208927,0
2021-06-19,275095,0,16484022,0
2021-06-20,220797,0,16704819,0
2021-06-21,288076,0,16992895,0
2021-06-22,296229,0,17289124,0
2021-06-23,302694,0,17591818,0
2021-06-24,332615,0,17924433,0
2021-06-25,348713,0,18273146,0
2021-06-26,300127,0,18573273,0
2021-06-27,228676,0,18801949,0
2021-06-28,307103,0,19109052,0
2021-06-29,329303,0,19438355,0
2021-06-30,342171,0,19780526,0
2021-07-01,363227,0,20143753,0
2021-07-02,368484,0,20512237,0
2021-07-03,371097,0,20883334,0
2021-07-04,283219,0,21166553,0
2021-07-05,384548,0,21551101,0
2021-07-06,385479,0,21936580,0
2021-07-07,412117,0,22348697,0
2021-07-08,479601,0,22828298,0
2021-07-09,498483,0,23326781,0
2021-07-10,475180,0,23801961,0
2021-07-11,357701,0,24159662,0
2021-07-12,485898,0,24645560,0
2021-07-13,492116,0,25137676,0
2021-07-14,480459,0,25618135,0
2021-07-15,523452,0,26141587,0
2021-07-16,509765,0,26651352,0
2021-07-17,464340,0,27115692,0
2021-07-18,364652,0,27480344,0
2021-07-19,463052,0,27943396,0
2021-07-20,458060,0,28401456,0
2021-07-21,462798,0,28864254,0
2021-07-22,475390,0,29339644,0
2021-07-23,441327,0,29780971,0
2021-07-24,386161,0,30167132,0
2021-07-25,287554,0,30454686,0
2021-07-26,430886,0,30885572,0
2021-07-27,440132,0,31325704,0
2021-07-28,391013,0,31716717,0
2021-07-29,372079,0,32088796,0
2021-07-30,341514,0,32430310,0
2021-07-31,287037,0,32717347,0
2021-08-01,191004,0,32908351,0
2021-08-02,333706,0,33242057,0
2021-08-03,323197,0,33565254,0
2021-08-04,310976,0,33876230,0
2021-08-05,292500,0,34168730,0
2021-08-06,260015,0,34428745,0
2021-08-07,199055,0,34627800,0
2021-08-08,153108,0,34780908,0
2021-08-09,234078,0,35014986,0
2021-08-10,205258,0,35220244,0
2021-08-11,193781,0,35414025,0
2021-08-12,168038,0,35582063,0
2021-08-13,148641,0,35730704,0
2021-08-14,66095,0,35796799,0
2021-08-15,26338,0,35823137,0
2021-08-16,114704,0,35937841,0
2021-08-17,129252,0,36067093,0
2021-08-18,128752,0,36195845,0
2021-08-19,124826,0,36320671,0
2021-08-20,123789,0,36444460,0
2021-08-21,83127,0,36527587,0
2021-08-22,68172,0,36595759,0
2021-08-23,176874,0,36772633,0
2021-08-24,156898,0,36929531,0
2021-08-25,177172,0,37106703,0
2021-08-26,172367,0,37279070,0
2021-08-27,185837,0,37464907,0
2021-08-28,140280,0,37605187,0
2021-08-29,98992,0,37704179,0
2021-08-30,209600,0,37913779,0
2021-08-31,194643,0,38108422,0
2021-09-01,192208,0,38300630,0
2021-09-02,189929,0,38490559,0
2021-09-03,191295,0,38681854,0
2021-09-04,131465,0,38813319,0
2021-09-05,87854,0,38901173,0
2021-09-06,193626,0,39094799,0
2021-09-07,196035,0,39290834,0
2021-09-08,187884,0,39478718,0
2021-09-09,201448,0,39680166,0
2021-09-10,198078,0,39878244,0
2021-09-11,141293,0,40019537,0
2021-09-12,89599,0,40109136,0
2021-09-13,191123,609,40300259,609
2021-09-14,177229,618,40477488,1227
2021-09-15,163096,621,40640584,1848
2021-09-16,160072,965,40800656,2813
2021-09-17,150172,1142,40950828,3955
2021-09-18,127983,757,41078811,4712
2021-09-19,81138,502,41159949,5214
2021-09-20,180074,9105,41340023,14319
2021-09-21,166654,8847,41506677,23166
2021-09-22,159097,9448,41665774,32614
2021-09-23,138085,9342,41803859,41956
2021-09-24,140549,8983,41944408,50939
2021-09-25,119560,5655,42063968,56594
2021-09-26,71976,4351,42135944,60945
2021-09-27,135664,10064,42271608,71009
2021-09-28,117510,11409,42389118,82418
2021-09-29,112356,11840,42501474,94258
2021-09-30,110265,14965,42611739,109223
2021-10-01,94992,19122,42706731,128345
2021-10-02,78511,14031,42785242,142376
2021-10-03,47749,7665,42832991,150041
2021-10-04,88383,34466,42921374,184507
2021-10-05,80373,33997,43001747,218504
2021-10-06,71997,34187,43073744,252691
2021-10-07,71867,34362,43145611,287053
2021-10-08,80632,33606,43226243,320659
2021-10-09,76109,22183,43302352,342842
2021-10-10,45780,13623,43348132,356465
2021-10-11,87441,41121,43435573,397586
2021-10-12,84506,46921,43520079,444507
2021-10-13,88203,52138,43608282,496645
2021-10-14,91550,58537,43699832,555182
2021-10-15,93594,55653,43793426,610835
2021-10-16,82971,36806,43876397,647641
2021-10-17,51462,23845,43927859,671486
2021-10-18,90303,59502,44018162,730988
2021-10-19,78348,69394,44096510,800382
2021-10-20,75070,78193,44171580,878575
2021-10-21,78301,81778,44249881,960353
2021-10-22,73782,77058,44323663,1037411
2021-10-23,60831,51966,44384494,1089377
2021-10-24,33374,23470,44417868,1112847
2021-10-25,64911,81642,44482779,1194489
2021-10-26,58375,91817,44541154,1286306
2021-10-27,58329,104012,44599483,1390318
2021-10-28,61455,114136,44660938,1504454
2021-10-29,61639,103159,44722577,1607613
2021-10-30,50674,68132,44773251,1675745
2021-10-31,25161,28303,44798412,1704048
2021-11-01,19048,28156,44817460,1732204
2021-11-02,62742,89418,44880202,1821622
2021-11-03,60728,118677,44940930,1940299
2021-11-04,59246,126682,45000176,2066981
2021-11-05,63094,135205,45063270,2202186
2021-11-06,46482,90933,45109752,2293119
2021-11-07,22253,37900,45132005,2331019
2021-11-08,51530,131282,45183535,2462301
2021-11-09,45399,144222,45228934,2606523
2021-11-10,42591,156360,45271525,2762883
2021-11-11,44932,155152,45316457,2918035
2021-11-12,46318,158652,45362775,3076687
2021-11-13,33263,116664,45396038,3193351
2021-11-14,14492,52456,45410530,3245807
2021-11-15,36909,157439,45447439,3403246
2021-11-16,30562,171394,45478001,3574640
2021-11-17,28468,178447,45506469,3753087
2021-11-18,30287,193741,45536756,3946828
2021-11-19,28814,205869,45565570,4152697
2021-11-20,21003,156453,45586573,4309150
2021-11-21,10612,64863,45597185,4374013
2021-11-22,21946,213160,45619131,4587173
2021-11-23,23589,241760,45642720,4828933
2021-11-24,27798,271023,45670518,5099956
2021-11-25,23244,301929,45693762,5401885
2021-11-26,24590,318285,45718352,5720170
2021-11-27,21390,266162,45739742,5986332
2021-11-28,9904,137060,45749646,6123392
2021-11-29,22348,326072,45771994,6449464
2021-11-30,23105,365846,45795099,6815310
2021-12-01,21531,413509,45816630,7228819
2021-12-02,23775,440423,45840405,7669242
2021-12-03,25271,467496,45865676,8136738
2021-12-04,22383,418782,45888059,8555520
2021-12-05,11937,261356,45899996,8816876
2021-12-06,25832,457614,45925828,9274490
2021-12-07,24151,480282,45949979,9754772
2021-12-08,10020,249710,45959999,10004482
2021-12-09,31604,491947,45991603,10496429
2021-12-10,28083,517909,46019686,11014338
2021-12-11,23579,459259,46043265,11473597
2021-12-12,12312,293516,46055577,11767113
2021-12-13,26168,467640,46081745,12234753
2021-12-14,25187,494219,46106932,12728972
2021-12-15,25355,517171,46132287,13246143
2021-12-16,27900,520280,46160187,13766423
2021-12-17,29376,517197,46189563,14283620
2021-12-18,27082,468752,46216645,14752372
2021-12-19,15160,300537,46231805,15052909
2021-12-20,30645,477498,46262450,15530407
2021-12-21,30403,493405,46292853,16023812
2021-12-22,29467,484727,46322320,16508539
2021-12-23,28265,426926,46350585,16935465
2021-12-24,13118,210836,46363703,17146301
2021-12-25,2103,33053,46365806,17179354
2021-12-26,8769,159074,46374575,17338428
2021-12-27,46819,504674,46421394,17843102
2021-12-28,42482,554231,46463876,18397333
2021-12-29,34372,550660,46498248,18947993
2021-12-30,31862,499844,46530110,19447837
2021-12-31,14130,247399,46544240,19695236
2022-01-01,3499,64815,46547739,19760051
2022-01-02,22798,276723,46570537,20036774
2022-01-03,47891,520023,46618428,20556797
2022-01-04,46416,572096,46664844,21128893
2022-01-05,40789,560401,46705633,21689294
2022-01-06,23506,274490,46729139,21963784
2022-01-07,63740,554200,46792879,22517984
2022-01-08,60906,503403,46853785,23021387
2022-01-09,42895,319688,46896680,23341075
2022-01-10,61126,542294,46957806,23883369
2022-01-11,61775,586998,47019581,24470367
2022-01-12,58490,581281,47078071,25051648
2022-01-13,58645,580396,47136716,25632044
2022-01-14,46852,588579,47183568,26220623
2022-01-15,39466,569948,47223034,26790571
2022-01-16,31264,341868,47254298,27132439
2022-01-17,54808,489666,47309106,27622105
2022-01-18,58429,517022,47367535,28139127
2022-01-19,57229,502796,47424764,28641923
2022-01-20,54364,498828,47479128,29140751
2022-01-21,42119,493879,47521247,29634630
2022-01-22,31232,469598,47552479,30104228
2022-01-23,34952,275375,47587431,30379603
2022-01-24,56196,437230,47643627,30816833
2022-01-25,61570,452115,47705197,31268948
2022-01-26,58566,435834,47763763,31704782
2022-01-27,48850,432380,47812613,32137162
2022-01-28,58715,436544,47871328,32573706
2022-01-29,68153,412500,47939481,32986206
2022-01-30,50394,235967,47989875,33222173
2022-01-31,60652,356938,48050527,33579111
2022-02-01,65572,328448,48116099,33907559
2022-02-02,63215,296978,48179314,34204537
2022-02-03,60066,274519,48239380,34479056
2022-02-04,72391,268458,48311771,34747514
2022-02-05,83789,248533,48395560,34996047
2022-02-06,55299,116204,48450859,35112251
2022-02-07,65159,199940,48516018,35312191
2022-02-08,66932,186115,48582950,35498306
2022-02-09,58765,166333,48641715,35664639
2022-02-10,58584,163240,48700299,35827879
2022-02-11,62256,162466,48762555,35990345
2022-02-12,71985,152143,48834540,36142488
2022-02-13,41475,68852,48876015,36211340
2022-02-14,46695,116186,48922710,36327526
2022-02-15,48541,123479,48971251,36451005
2022-02-16,45677,106122,49016928,36557127
2022-02-17,42863,98110,49059791,36655237
2022-02-18,46626,112573,49106417,36767810
2022-02-19,52538,100334,49158955,36868144
2022-02-20,31409,40365,49190364,36908509
2022-02-21,37887,89651,49228251,36998160
2022-02-22,37221,83775,49265472,37081935
2022-02-23,33396,79408,49298868,37161343
2022-02-24,32554,78161,49331422,37239504
2022-02-25,34759,90710,49366181,37330214
2022-02-26,39158,89134,49405339,37419348
2022-02-27,22545,35856,49427884,37455204
2022-02-28,28481,81690,49456365,37536894
2022-03-01,22722,53940,49479087,37590834
2022-03-02,21951,50679,49501038,37641513
2022-03-03,22619,54947,49523657,37696460
2022-03-04,23233,62798,49546890,37759258
2022-03-05,23797,57951,49570687,37817209
2022-03-06,9471,17201,49580158,37834410
2022-03-07,15916,51387,49596074,37885797
2022-03-08,15477,48796,49611551,37934593
2022-03-09,13812,46518,49625363,37981111
2022-03-10,14048,52119,49639411,38033230
2022-03-11,15583,57263,49654994,38090493
2022-03-12,15503,56618,49670497,38147111
2022-03-13,5544,16850,49676041,38163961
2022-03-14,10525,46699,49686566,38210660
2022-03-15,10547,46892,49697113,38257552
2022-03-16,9480,41973,49706593,38299525
2022-03-17,9716,44872,49716309,38344397
2022-03-18,10158,49056,49726467,38393453
2022-03-19,9149,46534,49735616,38439987
2022-03-20,2609,11702,49738225,38451689
2022-03-21,7579,40224,49745804,38491913
2022-03-22,8448,37758,49754252,38529671
2022-03-23,7213,33700,49761465,38563371
2022-03-24,8257,38803,49769722,38602174
2022-03-25,8137,43666,49777859,38645840
2022-03-26,8124,41721,49785983,38687561
2022-03-27,2430,9681,49788413,38697242
2022-03-28,6109,35237,49794522,38732479
2022-03-29,5776,32527,49800298,38765006
2022-03-30,5566,30202,49805864,38795208
2022-03-31,5893,33181,49811757,38828389
2022-04-01,4347,25188,49816104,38853577
2022-04-02,4493,23273,49820597,38876850
2022-04-03,1049,4500,49821646,38881350
2022-04-04,3656,21538,49825302,38902888
2022-04-05,3756,22931,49829058,38925819
2022-04-06,4102,21853,49833160,38947672
2022-04-07,3966,23319,49837126,38970991
2022-04-08,4693,26711,49841819,38997702
2022-04-09,4382,23885,49846201,39021587
2022-04-10,891,4614,49847092,39026201
2022-04-11,3815,22685,49850907,39048886
2022-04-12,3363,21777,49854270,39070663
2022-04-13,3566,21333,49857836,39091996
2022-04-14,3486,23786,49861322,39115782
2022-04-15,3084,20617,49864406,39136399
2022-04-16,2149,11918,49866555,39148317
2022-04-17,63,348,49866618,39148665
2022-04-18,151,650,49866769,39149315
2022-04-19,3499,21979,49870268,39171294
2022-04-20,3510,20250,49873778,39191544
2022-04-21,2847,19785,49876625,39211329
2022-04-22,2927,20702,49879552,39232031
2022-04-23,2644,16218,49882196,39248249
2022-04-24,509,2334,49882705,39250583
2022-04-25,183,1165,49882888,39251748
2022-04-26,2759,17803,49885647,39269551
2022-04-27,2374,15792,49888021,39285343
2022-04-28,2357,15558,49890378,39300901
2022-04-29,2293,14842,49892671,39315743
2022-04-30,2123,11580,49894794,39327323
2022-05-01,113,531,49894907,39327854
2022-05-02,1450,9391,49896357,39337245
2022-05-03,1576,10318,49897933,39347563
2022-05-04,1746,10264,49899679,39357827
2022-05-05,1653,10284,49901332,39368111
2022-05-06,1700,10955,49903032,39379066
2022-05-07,1431,8565,49904463,39387631
2022-05-08,416,1519,49904879,39389150
2022-05-09,1027,8928,49905906,39398078
2022-05-10,1422,9545,49907328,39407623
2022-05-11,1483,10097,49908811,39417720
2022-05-12,1370,10131,49910181,39427851
2022-05-13,1594,10517,49911775,39438368
2022-05-14,1357,8234,49913132,39446602
2022-05-15,336,1131,49913468,39447733
2022-05-16,813,8405,49914281,39456138
2022-05-17,1243,8696,49915524,39464834
2022-05-18,1373,9230,49916897,39474064
2022-05-19,1500,9276,49918397,39483340
2022-05-20,1421,9514,49919818,39492854
2022-05-21,1300,7899,49921118,39500753
2022-05-22,231,1013,49921349,39501766
2022-05-23,830,8267,49922179,39510033
2022-05-24,1073,8672,49923252,39518705
2022-05-25,1369,9459,49924621,39528164
2022-05-26,1195,9470,49925816,39537634
2022-05-27,1232,9912,49927048,39547546
2022-05-28,1205,7884,49928253,39555430
2022-05-29,286,1266,49928539,39556696
2022-05-30,931,8053,49929470,39564749
2022-05-31,1035,8544,49930505,39573293
2022-06-01,891,7655,49931396,39580948
2022-06-02,35,474,49931431,39581422
2022-06-03,818,7331,49932249,39588753
2022-06-04,870,5162,49933119,39593915
2022-06-05,89,586,49933208,39594501
2022-06-06,678,6991,49933886,39601492
2022-06-07,951,7847,49934837,39609339
2022-06-08,982,7908,49935819,39617247
2022-06-09,1037,8412,49936856,39625659
2022-06-10,958,8564,49937814,39634223
2022-06-11,903,6206,49938717,39640429
2022-06-12,140,768,49938857,39641197
2022-06-13,602,6301,49939459,39647498
2022-06-14,827,7896,49940286,39655394
2022-06-15,955,7850,49941241,39663244
2022-06-16,730,7392,49941971,39670636
2022-06-17,723,7243,49942694,39677879
2022-06-18,777,5593,49943471,39683472
2022-06-19,47,522,49943518,39683994
2022-06-20,587,6698,49944105,39690692
2022-06-21,736,7664,49944841,39698356
2022-06-22,780,7308,49945621,39705664
2022-06-23,651,7465,49946272,39713129
2022-06-24,643,7474,49946915,39720603
2022-06-25,835,6534,49947750,39727137
2022-06-26,128,523,49947878,39727660
2022-06-27,532,7123,49948410,39734783
2022-06-28,745,8206,49949155,39742989
2022-06-29,756,7727,49949911,39750716
2022-06-30,746,8143,49950657,39758859
2022-07-01,577,6443,49951234,39765302
2022-07-02,536,4769,49951770,39770071
2022-07-03,49,456,49951819,39770527
2022-07-04,469,6277,49952288,39776804
2022-07-05,628,8117,49952916,39784921
2022-07-06,633,7610,49953549,39792531
2022-07-07,571,8269,49954120,39800800
2022-07-08,671,8080,49954791,39808880
2022-07-09,550,6104,49955341,39814984
2022-07-10,58,533,49955399,39815517
2022-07-11,487,7641,49955886,39823158
2022-07-12,667,9027,49956553,39832185
2022-07-13,641,10067,49957194,39842252
2022-07-14,636,10226,49957830,39852478
2022-07-15,625,10666,49958455,39863144
2022-07-16,522,7214,49958977,39870358
2022-07-17,48,770,49959025,39871128
2022-07-18,497,9368,49959522,39880496
2022-07-19,573,10683,49960095,39891179
2022-07-20,580,11271,49960675,39902450
2022-07-21,627,12085,49961302,39914535
2022-07-22,583,11256,49961885,39925791
2022-07-23,379,6771,49962264,39932562
2022-07-24,76,857,49962340,39933419
2022-07-25,503,9052,49962843,39942471
2022-07-26,519,9758,49963362,39952229
2022-07-27,550,10200,49963912,39962429
2022-07-28,530,10528,49964442,39972957
2022-07-29,511,9464,49964953,39982421
2022-07-30,382,5882,49965335,39988303
2022-07-31,49,764,49965384,39989067
2022-08-01,386,6864,49965770,39995931
2022-08-02,539,7583,49966309,40003514
2022-08-03,513,7174,49966822,40010688
2022-08-04,455,7489,49967277,40018177
2022-08-05,420,6521,49967697,40024698
2022-08-06,298,3611,49967995,40028309
2022-08-07,44,562,49968039,40028871
2022-08-08,401,4893,49968440,40033764
2022-08-09,382,5307,49968822,40039071
2022-08-10,381,4815,49969203,40043886
2022-08-11,366,4777,49969569,40048663
2022-08-12,292,3721,49969861,40052384
2022-08-13,143,1600,49970004,40053984
2022-08-14,9,129,49970013,40054113
2022-08-15,1,26,49970014,40054139
2022-08-16,283,3043,49970297,40057182
2022-08-17,352,3536,49970649,40060718
2022-08-18,389,4159,49971038,40064877
2022-08-19,341,3318,49971379,40068195
2022-08-20,183,1714,49971562,40069909
2022-08-21,24,149,49971586,40070058
2022-08-22,329,2950,49971915,40073008
2022-08-23,370,3672,49972285,40076680
2022-08-24,383,3359,49972668,40080039
2022-08-25,421,3773,49973089,40083812
2022-08-26,396,3571,49973485,40087383
2022-08-27,236,1769,49973721,40089152
2022-08-28,29,267,49973750,40089419
2022-08-29,355,3161,49974105,40092580
2022-08-30,403,3669,49974508,40096249
2022-08-31,437,3734,49974945,40099983
2022-09-01,352,3118,49975297,40103101
2022-09-02,296,2890,49975593,40105991
2022-09-03,199,1688,49975792,40107679
2022-09-04,23,149,49975815,40107828
2022-09-05,186,2653,49976001,40110481
2022-09-06,303,2988,49976304,40113469
2022-09-07,540,2935,49976844,40116404
2022-09-08,289,2956,49977133,40119360
2022-09-09,304,2885,49977437,40122245
2022-09-10,227,1326,49977664,40123571
2022-09-11,21,124,49977685,40123695
2022-09-12,267,2262,49977952,40125957
2022-09-13,251,2274,49978203,40128231
2022-09-14,263,2563,49978466,40130794
2022-09-15,280,2491,49978746,40133285
2022-09-16,253,2540,49978999,40135825
2022-09-17,239,1339,49979238,40137164
2022-09-18,20,170,49979258,40137334
2022-09-19,205,1969,49979463,40139303
2022-09-20,236,2383,49979699,40141686
2022-09-21,289,2525,49979988,40144211
2022-09-22,261,2645,49980249,40146856
2022-09-23,256,2528,49980505,40149384
2022-09-24,193,1427,49980698,40150811
2022-09-25,28,133,49980726,40150944
2022-09-26,281,2247,49981007,40153191
2022-09-27,286,2668,49981293,40155859
2022-09-28,308,2885,49981601,40158744
2022-09-29,252,3040,49981853,40161784
2022-09-30,289,2970,49982142,40164754
2022-10-01,193,1509,49982335,40166263
2022-10-02,11,187,49982346,40166450
2022-10-03,181,2469,49982527,40168919
2022-10-04,235,2853,49982762,40171772
2022-10-05,223,3214,49982985,40174986
2022-10-06,241,3830,49983226,40178816
2022-10-07,281,4156,49983507,40182972
2022-10-08,199,2234,49983706,40185206
2022-10-09,8,304,49983714,40185510
2022-10-10,206,3336,49983920,40188846
2022-10-11,191,4337,49984111,40193183
2022-10-12,206,4406,49984317,40197589
2022-10-13,196,5273,49984513,40202862
2022-10-14,228,4988,49984741,40207850
2022-10-15,185,2609,49984926,40210459
2022-10-16,6,358,49984932,40210817
2022-10-17,185,3841,49985117,40214658
2022-10-18,255,4942,49985372,40219600
2022-10-19,235,5409,49985607,40225009
2022-10-20,219,5899,49985826,40230908
2022-10-21,246,5343,49986072,40236251
2022-10-22,194,2861,49986266,40239112
2022-10-23,13,355,49986279,40239467
2022-10-24,166,3807,49986445,40243274
2022-10-25,241,4748,49986686,40248022
2022-10-26,259,5121,49986945,40253143
2022-10-27,235,5049,49987180,40258192