data_somministrazione,vaccinazioni,booster,cum_vaccinazioni,cum_booster
2020-12-27,15,0,15,0
2020-12-28,2,0,17,0
2020-12-29,1,0,18,0
2020-12-30,2,0,20,0
2020-12-31,34,0,54,0
2021-01-01,12,0,66,0
2021-01-02,53,0,119,0
2021-01-03,45,0,164,0
2021-01-04,120,0,284,0
2021-01-05,157,0,441,0
2021-01-06,132,0,573,0
2021-01-07,194,0,767,0
2021-01-08,242,0,1009,0
2021-01-09,170,0,1179,0
2021-01-10,108,0,1287,0
2021-01-11,196,0,1483,0
2021-01-12,202,0,1685,0
2021-01-13,304,0,1989,0
2021-01-14,391,0,2380,0
2021-01-15,233,0,2613,0
2021-01-16,163,0,2776,0
2021-01-17,3046,0,5822,0
2021-01-18,5178,0,11000,0
2021-01-19,1868,0,12868,0
2021-01-20,4649,0,17517,0
2021-01-21,20002,0,37519,0
2021-01-22,14194,0,51713,0
2021-01-23,33353,0,85066,0
2021-01-24,30791,0,115857,0
2021-01-25,64765,0,180622,0
2021-01-26,76534,0,257156,0
2021-01-27,64871,0,322027,0
2021-01-28,89327,0,411354,0
2021-01-29,94063,0,505417,0
2021-01-30,86603,0,592020,0
2021-01-31,57339,0,649359,0
2021-02-01,81889,0,731248,0
2021-02-02,82152,0,813400,0
2021-02-03,91206,0,904606,0
2021-02-04,95357,0,999963,0
2021-02-05,90262,0,1090225,0
2021-02-06,63724,0,1153949,0
2021-02-07,32913,0,1186862,0
2021-02-08,40403,0,1227265,0
2021-02-09,32826,0,1260091,0
2021-02-10,28371,0,1288462,0
2021-02-11,20340,0,1308802,0
2021-02-12,16172,0,1324974,0
2021-02-13,7215,0,1332189,0
2021-02-14,2855,0,1335044,0
2021-02-15,6816,0,1341860,0
2021-02-16,6968,0,1348828,0
2021-02-17,10486,0,1359314,0
2021-02-18,9208,0,1368522,0
2021-02-19,8141,0,1376663,0
2021-02-20,5466,0,1382129,0
2021-02-21,2938,0,1385067,0
2021-02-22,6825,0,1391892,0
2021-02-23,7085,0,1398977,0
2021-02-24,9781,0,1408758,0
2021-02-25,14159,0,1422917,0
2021-02-26,17465,0,1440382,0
2021-02-27,13841,0,1454223,0
2021-02-28,9334,0,1463557,0
2021-03-01,26424,0,1489981,0
2021-03-02,33142,0,1523123,0
2021-03-03,44578,0,1567701,0
2021-03-04,50181,0,1617882,0
2021-03-05,55671,0,1673553,0
2021-03-06,41823,0,1715376,0
2021-03-07,22279,0,1737655,0
2021-03-08,50597,0,1788252,0
2021-03-09,52926,0,1841178,0
2021-03-10,58483,0,1899661,0
2021-03-11,63688,0,1963349,0
2021-03-12,65000,0,2028349,0
2021-03-13,51636,0,2079985,0
2021-03-14,35333,0,2115318,0
2021-03-15,73280,0,2188598,0
2021-03-16,73959,0,2262557,0
2021-03-17,82971,0,2345528,0
2021-03-18,81568,0,2427096,0
2021-03-19,80982,0,2508078,0
2021-03-20,64612,0,2572690,0
2021-03-21,47237,0,2619927,0
2021-03-22,69364,0,2689291,0
2021-03-23,75661,0,2764952,0
2021-03-24,90740,0,2855692,0
2021-03-25,89661,0,2945353,0
2021-03-26,83456,0,3028809,0
2021-03-27,71785,0,3100594,0
2021-03-28,44018,0,3144612,0
2021-03-29,70673,0,3215285,0
2021-03-30,81220,0,3296505,0
2021-03-31,96057,0,3392562,0
2021-04-01,95167,0,3487729,0
2021-04-02,83950,0,3571679,0
2021-04-03,64215,0,3635894,0
2021-04-04,21679,0,3657573,0
2021-04-05,40247,0,3697820,0
2021-04-06,81201,0,3779021,0
2021-04-07,95621,0,3874642,0
2021-04-08,95122,0,3969764,0
2021-04-09,88344,0,4058108,0
2021-04-10,73911,0,4132019,0
2021-04-11,44682,0,4176701,0
2021-04-12,66811,0,4243512,0
2021-04-13,72484,0,4315996,0
2021-04-14,85387,0,4401383,0
2021-04-15,105268,0,4506651,0
2021-04-16,106267,0,4612918,0
2021-04-17,90515,0,4703433,0
2021-04-18,58647,0,4762080,0
2021-04-19,93332,0,4855412,0
2021-04-20,103637,0,4959049,0
2021-04-21,125226,0,5084275,0
2021-04-22,143370,0,5227645,0
2021-04-23,138526,0,5366171,0
2021-04-24,124290,0,5490461,0
2021-04-25,61371,0,5551832,0
2021-04-26,97759,0,5649591,0
2021-04-27,128217,0,5777808,0
2021-04-28,156191,0,5933999,0
2021-04-29,195352,0,6129351,0
2021-04-30,214338,0,6343689,0
2021-05-01,174118,0,6517807,0
2021-05-02,135854,0,6653661,0
2021-05-03,141826,0,6795487,0
2021-05-04,158513,0,6954000,0
2021-05-05,170264,0,7124264,0
2021-05-06,197594,0,7321858,0
2021-05-07,213512,0,7535370,0
2021-05-08,213172,0,7748542,0
2021-05-09,143014,0,7891556,0
2021-05-10,164898,0,8056454,0
2021-05-11,174725,0,8231179,0
2021-05-12,178879,0,8410058,0
2021-05-13,203056,0,8613114,0
2021-05-14,222617,0,8835731,0
2021-05-15,210060,0,9045791,0
2021-05-16,159127,0,9204918,0
2021-05-17,218986,0,9423904,0
2021-05-18,212772,0,9636676,0
2021-05-19,206818,0,9843494,0
2021-05-20,270525,0,10114019,0
2021-05-21,270567,0,10384586,0
2021-05-22,245322,0,10629908,0
2021-05-23,197053,0,10826961,0
2021-05-24,228140,0,11055101,0
2021-05-25,245498,0,11300599,0
2021-05-26,277240,0,11577839,0
2021-05-27,310820,0,11888659,0
2021-05-28,299333,0,12187992,0
2021-05-29,230958,0,12418950,0
2021-05-30,170673,0,12589623,0
2021-05-31,216205,0,12805828,0
2021-06-01,207445,0,13013273,0
2021-06-02,115613,0,13128886,0
2021-06-03,179772,0,13308658,0
2021-06-04,184481,0,13493139,0
2021-06-05,185705,0,13678844,0
2021-06-06,139360,0,13818204,0
2021-06-07,161509,0,13979713,0
2021-06-08,170751,0,14150464,0
2021-06-09,171041,0,14321505,0
2021-06-10,173617,0,14495122,0
2021-06-11,169550,0,14664672,0
2021-06-12,127948,0,14792620,0
2021-06-13,90906,0,14883526,0
2021-06-14,214384,0,15097910,0
2021-06-15,228146,0,15326056,0
2021-06-16,252862,0,15578918,0
2021-06-17,301484,0,15880402,0
2021-06-18,306014,0,16186416,0
2021-06-19,274933,0,16461349,0
2021-06-20,220571,0,16681920,0
2021-06-21,287896,0,16969816,0
2021-06-22,296004,0,17265820,0
2021-06-23,302575,0,17568395,0
2021-06-24,332449,0,17900844,0
2021-06-25,348569,0,18249413,0
2021-06-26,300165,0,18549578,0
2021-06-27,228760,0,18778338,0
2021-06-28,306832,0,19085170,0
2021-06-29,329017,0,19414187,0
2021-06-30,341951,0,19756138,0
2021-07-01,362953,0,20119091,0
2021-07-02,368344,0,20487435,0
2021-07-03,371245,0,20858680,0
2021-07-04,283198,0,21141878,0
2021-07-05,384397,0,21526275,0
2021-07-06,385269,0,21911544,0
2021-07-07,411979,0,22323523,0
2021-07-08,479720,0,22803243,0
2021-07-09,498490,0,23301733,0
2021-07-10,475211,0,23776944,0
2021-07-11,357767,0,24134711,0
2021-07-12,485948,0,24620659,0
2021-07-13,492251,0,25112910,0
2021-07-14,480514,0,25593424,0
2021-07-15,523629,0,26117053,0
2021-07-16,509864,0,26626917,0
2021-07-17,464469,0,27091386,0
2021-07-18,364781,0,27456167,0
2021-07-19,463362,0,27919529,0
2021-07-20,458222,0,28377751,0
2021-07-21,462866,0,28840617,0
2021-07-22,475337,0,29315954,0
2021-07-23,441265,0,29757219,0
2021-07-24,386099,0,30143318,0
2021-07-25,287520,0,30430838,0
2021-07-26,430833,0,30861671,0
2021-07-27,440105,0,31301776,0
2021-07-28,390916,0,31692692,0
2021-07-29,371980,0,32064672,0
2021-07-30,341429,0,32406101,0
2021-07-31,286919,0,32693020,0
2021-08-01,190774,0,32883794,0
2021-08-02,333737,0,33217531,0
2021-08-03,323066,0,33540597,0
2021-08-04,310775,0,33851372,0
2021-08-05,292402,0,34143774,0
2021-08-06,259846,0,34403620,0
2021-08-07,198818,0,34602438,0
2021-08-08,153030,0,34755468,0
2021-08-09,234084,0,34989552,0
2021-08-10,205039,0,35194591,0
2021-08-11,193489,0,35388080,0
2021-08-12,167733,0,35555813,0
2021-08-13,148316,0,35704129,0
2021-08-14,65948,0,35770077,0
2021-08-15,26284,0,35796361,0
2021-08-16,114525,0,35910886,0
2021-08-17,129054,0,36039940,0
2021-08-18,128625,0,36168565,0
2021-08-19,124601,0,36293166,0
2021-08-20,123592,0,36416758,0
2021-08-21,82975,0,36499733,0
2021-08-22,68051,0,36567784,0
2021-08-23,176607,0,36744391,0
2021-08-24,156841,0,36901232,0
2021-08-25,176921,0,37078153,0
2021-08-26,172194,0,37250347,0
2021-08-27,185704,0,37436051,0
2021-08-28,140020,0,37576071,0
2021-08-29,98893,0,37674964,0
2021-08-30,209482,0,37884446,0
2021-08-31,194545,0,38078991,0
2021-09-01,192025,0,38271016,0
2021-09-02,189758,0,38460774,0
2021-09-03,191147,0,38651921,0
2021-09-04,131335,0,38783256,0
2021-09-05,87831,0,38871087,0
2021-09-06,193512,0,39064599,0
2021-09-07,195712,0,39260311,0
2021-09-08,187704,0,39448015,0
2021-09-09,201282,0,39649297,0
2021-09-10,197880,0,39847177,0
2021-09-11,141130,0,39988307,0
2021-09-12,89454,0,40077761,0
2021-09-13,191003,335,40268764,335
2021-09-14,177234,418,40445998,753
2021-09-15,162948,451,40608946,1204
2021-09-16,159927,785,40768873,1989
2021-09-17,149974,1001,40918847,2990
2021-09-18,127779,654,41046626,3644
2021-09-19,80939,439,41127565,4083
2021-09-20,179753,8951,41307318,13034
2021-09-21,166228,8723,41473546,21757
2021-09-22,158662,9356,41632208,31113
2021-09-23,137605,9234,41769813,40347
2021-09-24,140114,8850,41909927,49197
2021-09-25,119260,5555,42029187,54752
2021-09-26,71739,4293,42100926,59045
2021-09-27,135316,9963,42236242,69008
2021-09-28,117104,11299,42353346,80307
2021-09-29,111912,11754,42465258,92061
2021-09-30,109836,14834,42575094,106895
2021-10-01,94593,19025,42669687,125920
2021-10-02,78176,13982,42747863,139902
2021-10-03,47498,7626,42795361,147528
2021-10-04,88046,34356,42883407,181884
2021-10-05,80064,33907,42963471,215791
2021-10-06,71710,34052,43035181,249843
2021-10-07,71468,34270,43106649,284113
2021-10-08,80329,33483,43186978,317596
2021-10-09,75769,22104,43262747,339700
2021-10-10,45607,13590,43308354,353290
2021-10-11,87057,40985,43395411,394275
2021-10-12,84146,46779,43479557,441054
2021-10-13,87848,51972,43567405,493026
2021-10-14,91053,58373,43658458,551399
2021-10-15,93173,55459,43751631,606858
2021-10-16,82618,36695,43834249,643553
2021-10-17,51214,23773,43885463,667326
2021-10-18,90025,59321,43975488,726647
2021-10-19,78107,69272,44053595,795919
2021-10-20,74868,78009,44128463,873928
2021-10-21,78058,81556,44206521,955484
2021-10-22,73705,76850,44280226,1032334
2021-10-23,60691,51878,44340917,1084212
2021-10-24,33289,23395,44374206,1107607
2021-10-25,64719,81485,44438925,1189092
2021-10-26,58226,91597,44497151,1280689
2021-10-27,58098,103806,44555249,1384495
2021-10-28,61271,113811,44616520,1498306
2021-10-29,61593,102896,44678113,1601202
2021-10-30,50540,67971,44728653,1669173
2021-10-31,25101,28230,44753754,1697403
2021-11-01,19006,28115,44772760,1725518
2021-11-02,62629,89187,44835389,1814705
2021-11-03,60589,118456,44895978,1933161
2021-11-04,59072,126418,44955050,2059579
2021-11-05,62947,134938,45017997,2194517
2021-11-06,46318,90787,45064315,2285304
2021-11-07,22196,37822,45086511,2323126
2021-11-08,51332,131073,45137843,2454199
2021-11-09,45271,143836,45183114,2598035
2021-11-10,42491,155938,45225605,2753973
2021-11-11,44770,154870,45270375,2908843
2021-11-12,46196,158291,45316571,3067134
2021-11-13,33128,116424,45349699,3183558
2021-11-14,14433,52381,45364132,3235939
2021-11-15,36734,157110,45400866,3393049
2021-11-16,30394,171077,45431260,3564126
2021-11-17,28266,178198,45459526,3742324
2021-11-18,30086,193372,45489612,3935696
2021-11-19,28619,205444,45518231,4141140
2021-11-20,20849,156099,45539080,4297239
2021-11-21,10520,64696,45549600,4361935
2021-11-22,21746,212730,45571346,4574665
2021-11-23,23358,241358,45594704,4816023
2021-11-24,27594,270434,45622298,5086457
2021-11-25,22944,301374,45645242,5387831
2021-11-26,24295,317745,45669537,5705576
2021-11-27,21146,265742,45690683,5971318
2021-11-28,9764,136811,45700447,6108129
2021-11-29,21961,325478,45722408,6433607
2021-11-30,22733,365125,45745141,6798732
2021-12-01,21110,412714,45766251,7211446
2021-12-02,23297,439855,45789548,7651301
2021-12-03,24695,466696,45814243,8117997
2021-12-04,21914,418344,45836157,8536341
2021-12-05,11582,261139,45847739,8797480
2021-12-06,25089,457062,45872828,9254542
2021-12-07,23440,479641,45896268,9734183
2021-12-08,9628,249456,45905896,9983639
2021-12-09,30723,491422,45936619,10475061
2021-12-10,27260,517092,45963879,10992153
2021-12-11,22831,458844,45986710,11450997
2021-12-12,11807,293198,45998517,11744195
2021-12-13,25260,467058,46023777,12211253
2021-12-14,24225,493612,46048002,12704865
2021-12-15,24398,516510,46072400,13221375
2021-12-16,26662,519499,46099062,13740874
2021-12-17,28260,516125,46127322,14256999
2021-12-18,25901,468228,46153223,14725227
2021-12-19,14331,300227,46167554,15025454
2021-12-20,29422,476908,46196976,15502362
2021-12-21,29156,492641,46226132,15995003
2021-12-22,28037,484054,46254169,16479057
2021-12-23,26829,426337,46280998,16905394
2021-12-24,12562,210580,46293560,17115974
2021-12-25,2060,33006,46295620,17148980
2021-12-26,8131,158964,46303751,17307944
2021-12-27,44390,504180,46348141,17812124
2021-12-28,39233,553567,46387374,18365691
2021-12-29,30877,549961,46418251,18915652
2021-12-30,28401,499124,46446652,19414776
2021-12-31,12459,247141,46459111,19661917
2022-01-01,3139,64746,46462250,19726663
2022-01-02,19705,276521,46481955,20003184
2022-01-03,43070,520428,46525025,20523612
2022-01-04,41161,572427,46566186,21096039
2022-01-05,35565,560687,46601751,21656726
2022-01-06,20649,274179,46622400,21930905
2022-01-07,58533,554078,46680933,22484983
2022-01-08,55368,502691,46736301,22987674
2022-01-09,38617,319346,46774918,23307020
2022-01-10,56973,542091,46831891,23849111
2022-01-11,57134,586596,46889025,24435707
2022-01-12,53947,580927,46942972,25016634
2022-01-13,54463,579899,46997435,25596533
2022-01-14,42603,587813,47040038,26184346
2022-01-15,34215,567483,47074253,26751829
2022-01-16,27776,340672,47102029,27092501
2022-01-17,52034,489304,47154063,27581805
2022-01-18,55715,516403,47209778,28098208
2022-01-19,54683,502196,47264461,28600404
2022-01-20,51985,497908,47316446,29098312
2022-01-21,39619,492429,47356065,29590741
2022-01-22,28220,468009,47384285,30058750
2022-01-23,33208,274417,47417493,30333167
2022-01-24,54501,435945,47471994,30769112
2022-01-25,59922,450310,47531916,31219422
2022-01-26,56584,432976,47588500,31652398
2022-01-27,48310,425549,47636810,32077947
2022-01-28,57001,430023,47693811,32507970
2022-01-29,67543,402201,47761354,32910171