data_somministrazione,vaccinazioni,booster,cum_vaccinazioni,cum_booster
2020-12-27,22,0,22,0
2020-12-28,2,0,24,0
2020-12-29,1,0,25,0
2020-12-30,8,0,33,0
2020-12-31,84,0,117,0
2021-01-01,27,0,144,0
2021-01-02,156,0,300,0
2021-01-03,118,0,418,0
2021-01-04,253,0,671,0
2021-01-05,298,0,969,0
2021-01-06,270,0,1239,0
2021-01-07,339,0,1578,0
2021-01-08,394,0,1972,0
2021-01-09,300,0,2272,0
2021-01-10,181,0,2453,0
2021-01-11,317,0,2770,0
2021-01-12,295,0,3065,0
2021-01-13,431,0,3496,0
2021-01-14,510,0,4006,0
2021-01-15,330,0,4336,0
2021-01-16,226,0,4562,0
2021-01-17,3066,0,7628,0
2021-01-18,5224,0,12852,0
2021-01-19,1897,0,14749,0
2021-01-20,4661,0,19410,0
2021-01-21,20002,0,39412,0
2021-01-22,14219,0,53631,0
2021-01-23,33313,0,86944,0
2021-01-24,30771,0,117715,0
2021-01-25,64692,0,182407,0
2021-01-26,76450,0,258857,0
2021-01-27,64801,0,323658,0
2021-01-28,89234,0,412892,0
2021-01-29,93984,0,506876,0
2021-01-30,86533,0,593409,0
2021-01-31,57315,0,650724,0
2021-02-01,81827,0,732551,0
2021-02-02,82126,0,814677,0
2021-02-03,91096,0,905773,0
2021-02-04,95378,0,1001151,0
2021-02-05,90265,0,1091416,0
2021-02-06,63452,0,1154868,0
2021-02-07,32935,0,1187803,0
2021-02-08,40418,0,1228221,0
2021-02-09,32883,0,1261104,0
2021-02-10,28443,0,1289547,0
2021-02-11,20412,0,1309959,0
2021-02-12,16255,0,1326214,0
2021-02-13,7287,0,1333501,0
2021-02-14,2862,0,1336363,0
2021-02-15,6852,0,1343215,0
2021-02-16,7011,0,1350226,0
2021-02-17,10527,0,1360753,0
2021-02-18,9261,0,1370014,0
2021-02-19,8260,0,1378274,0
2021-02-20,5594,0,1383868,0
2021-02-21,3021,0,1386889,0
2021-02-22,6887,0,1393776,0
2021-02-23,7191,0,1400967,0
2021-02-24,9820,0,1410787,0
2021-02-25,14220,0,1425007,0
2021-02-26,17565,0,1442572,0
2021-02-27,13931,0,1456503,0
2021-02-28,9400,0,1465903,0
2021-03-01,26537,0,1492440,0
2021-03-02,33247,0,1525687,0
2021-03-03,44656,0,1570343,0
2021-03-04,50303,0,1620646,0
2021-03-05,55748,0,1676394,0
2021-03-06,41888,0,1718282,0
2021-03-07,22333,0,1740615,0
2021-03-08,50839,0,1791454,0
2021-03-09,53098,0,1844552,0
2021-03-10,58704,0,1903256,0
2021-03-11,63902,0,1967158,0
2021-03-12,65156,0,2032314,0
2021-03-13,51736,0,2084050,0
2021-03-14,35433,0,2119483,0
2021-03-15,73468,0,2192951,0
2021-03-16,74031,0,2266982,0
2021-03-17,83155,0,2350137,0
2021-03-18,81632,0,2431769,0
2021-03-19,81092,0,2512861,0
2021-03-20,64751,0,2577612,0
2021-03-21,47317,0,2624929,0
2021-03-22,69509,0,2694438,0
2021-03-23,75829,0,2770267,0
2021-03-24,90946,0,2861213,0
2021-03-25,89836,0,2951049,0
2021-03-26,83652,0,3034701,0
2021-03-27,71967,0,3106668,0
2021-03-28,44197,0,3150865,0
2021-03-29,70854,0,3221719,0
2021-03-30,81424,0,3303143,0
2021-03-31,96274,0,3399417,0
2021-04-01,95346,0,3494763,0
2021-04-02,84091,0,3578854,0
2021-04-03,64315,0,3643169,0
2021-04-04,21727,0,3664896,0
2021-04-05,40330,0,3705226,0
2021-04-06,81364,0,3786590,0
2021-04-07,95851,0,3882441,0
2021-04-08,95271,0,3977712,0
2021-04-09,88510,0,4066222,0
2021-04-10,74045,0,4140267,0
2021-04-11,44772,0,4185039,0
2021-04-12,66928,0,4251967,0
2021-04-13,72607,0,4324574,0
2021-04-14,85562,0,4410136,0
2021-04-15,105431,0,4515567,0
2021-04-16,106444,0,4622011,0
2021-04-17,90538,0,4712549,0
2021-04-18,58600,0,4771149,0
2021-04-19,93450,0,4864599,0
2021-04-20,103785,0,4968384,0
2021-04-21,125346,0,5093730,0
2021-04-22,143540,0,5237270,0
2021-04-23,138770,0,5376040,0
2021-04-24,124458,0,5500498,0
2021-04-25,61473,0,5561971,0
2021-04-26,97921,0,5659892,0
2021-04-27,128389,0,5788281,0
2021-04-28,156411,0,5944692,0
2021-04-29,195630,0,6140322,0
2021-04-30,214627,0,6354949,0
2021-05-01,174153,0,6529102,0
2021-05-02,135824,0,6664926,0
2021-05-03,142095,0,6807021,0
2021-05-04,158728,0,6965749,0
2021-05-05,170560,0,7136309,0
2021-05-06,197842,0,7334151,0
2021-05-07,211997,0,7546148,0
2021-05-08,213456,0,7759604,0
2021-05-09,143232,0,7902836,0
2021-05-10,165110,0,8067946,0
2021-05-11,175022,0,8242968,0
2021-05-12,179248,0,8422216,0
2021-05-13,203448,0,8625664,0
2021-05-14,222963,0,8848627,0
2021-05-15,210405,0,9059032,0
2021-05-16,159304,0,9218336,0
2021-05-17,218866,0,9437202,0
2021-05-18,213034,0,9650236,0
2021-05-19,207108,0,9857344,0
2021-05-20,270925,0,10128269,0
2021-05-21,270920,0,10399189,0
2021-05-22,245551,0,10644740,0
2021-05-23,197201,0,10841941,0
2021-05-24,228329,0,11070270,0
2021-05-25,245701,0,11315971,0
2021-05-26,277578,0,11593549,0
2021-05-27,311115,0,11904664,0
2021-05-28,299400,0,12204064,0
2021-05-29,231271,0,12435335,0
2021-05-30,170862,0,12606197,0
2021-05-31,216452,0,12822649,0
2021-06-01,207648,0,13030297,0
2021-06-02,115818,0,13146115,0
2021-06-03,180203,0,13326318,0
2021-06-04,184951,0,13511269,0
2021-06-05,186032,0,13697301,0
2021-06-06,139617,0,13836918,0
2021-06-07,161938,0,13998856,0
2021-06-08,171328,0,14170184,0
2021-06-09,171551,0,14341735,0
2021-06-10,174201,0,14515936,0
2021-06-11,170085,0,14686021,0
2021-06-12,128428,0,14814449,0
2021-06-13,91272,0,14905721,0
2021-06-14,214730,0,15120451,0
2021-06-15,228485,0,15348936,0
2021-06-16,253137,0,15602073,0
2021-06-17,301812,0,15903885,0
2021-06-18,306371,0,16210256,0
2021-06-19,275164,0,16485420,0
2021-06-20,220844,0,16706264,0
2021-06-21,288136,0,16994400,0
2021-06-22,296285,0,17290685,0
2021-06-23,302731,0,17593416,0
2021-06-24,332643,0,17926059,0
2021-06-25,348750,0,18274809,0
2021-06-26,300166,0,18574975,0
2021-06-27,228728,0,18803703,0
2021-06-28,307184,0,19110887,0
2021-06-29,329378,0,19440265,0
2021-06-30,342252,0,19782517,0
2021-07-01,363273,0,20145790,0
2021-07-02,368526,0,20514316,0
2021-07-03,371114,0,20885430,0
2021-07-04,283262,0,21168692,0
2021-07-05,384579,0,21553271,0
2021-07-06,385505,0,21938776,0
2021-07-07,412154,0,22350930,0
2021-07-08,478970,0,22829900,0
2021-07-09,498453,0,23328353,0
2021-07-10,475169,0,23803522,0
2021-07-11,357683,0,24161205,0
2021-07-12,485869,0,24647074,0
2021-07-13,492049,0,25139123,0
2021-07-14,480429,0,25619552,0
2021-07-15,523396,0,26142948,0
2021-07-16,509731,0,26652679,0
2021-07-17,464308,0,27116987,0
2021-07-18,364618,0,27481605,0
2021-07-19,463025,0,27944630,0
2021-07-20,458026,0,28402656,0
2021-07-21,462784,0,28865440,0
2021-07-22,475371,0,29340811,0
2021-07-23,441320,0,29782131,0
2021-07-24,386140,0,30168271,0
2021-07-25,287528,0,30455799,0
2021-07-26,430884,0,30886683,0
2021-07-27,440105,0,31326788,0
2021-07-28,391007,0,31717795,0
2021-07-29,371879,0,32089674,0
2021-07-30,341536,0,32431210,0
2021-07-31,287053,0,32718263,0
2021-08-01,190997,0,32909260,0
2021-08-02,333704,0,33242964,0
2021-08-03,323186,0,33566150,0
2021-08-04,311008,0,33877158,0
2021-08-05,292477,0,34169635,0
2021-08-06,260048,0,34429683,0
2021-08-07,199080,0,34628763,0
2021-08-08,153110,0,34781873,0
2021-08-09,234086,0,35015959,0
2021-08-10,205300,0,35221259,0
2021-08-11,193804,0,35415063,0
2021-08-12,168086,0,35583149,0
2021-08-13,148691,0,35731840,0
2021-08-14,66112,0,35797952,0
2021-08-15,26346,0,35824298,0
2021-08-16,114727,0,35939025,0
2021-08-17,129267,0,36068292,0
2021-08-18,128770,0,36197062,0
2021-08-19,124872,0,36321934,0
2021-08-20,123806,0,36445740,0
2021-08-21,83139,0,36528879,0
2021-08-22,68183,0,36597062,0
2021-08-23,176858,0,36773920,0
2021-08-24,156889,0,36930809,0
2021-08-25,177168,0,37107977,0
2021-08-26,172346,0,37280323,0
2021-08-27,185827,0,37466150,0
2021-08-28,140292,0,37606442,0
2021-08-29,98999,0,37705441,0
2021-08-30,209578,0,37915019,0
2021-08-31,194634,0,38109653,0
2021-09-01,192217,0,38301870,0
2021-09-02,189933,0,38491803,0
2021-09-03,191270,0,38683073,0
2021-09-04,131427,0,38814500,0
2021-09-05,87842,0,38902342,0
2021-09-06,193588,0,39095930,0
2021-09-07,196030,0,39291960,0
2021-09-08,187847,0,39479807,0
2021-09-09,201412,0,39681219,0
2021-09-10,198033,0,39879252,0
2021-09-11,141284,0,40020536,0
2021-09-12,89587,0,40110123,0
2021-09-13,191083,680,40301206,680
2021-09-14,177204,674,40478410,1354
2021-09-15,163079,667,40641489,2021
2021-09-16,160034,1028,40801523,3049
2021-09-17,150163,1186,40951686,4235
2021-09-18,127989,789,41079675,5024
2021-09-19,81139,517,41160814,5541
2021-09-20,180062,9150,41340876,14691
2021-09-21,166680,8872,41507556,23563
2021-09-22,159133,9472,41666689,33035
2021-09-23,138122,9367,41804811,42402
2021-09-24,140560,9026,41945371,51428
2021-09-25,119567,5687,42064938,57115
2021-09-26,72002,4371,42136940,61486
2021-09-27,135673,10101,42272613,71587
2021-09-28,117526,11441,42390139,83028
2021-09-29,112390,11861,42502529,94889
2021-09-30,110305,14994,42612834,109883
2021-10-01,95014,19147,42707848,129030
2021-10-02,78535,14049,42786383,143079
2021-10-03,47762,7673,42834145,150752
2021-10-04,88392,34500,42922537,185252
2021-10-05,80394,34027,43002931,219279
2021-10-06,72001,34229,43074932,253508
2021-10-07,71886,34386,43146818,287894
2021-10-08,80647,33636,43227465,321530
2021-10-09,76119,22206,43303584,343736
2021-10-10,45796,13633,43349380,357369
2021-10-11,87458,41141,43436838,398510
2021-10-12,84516,46948,43521354,445458
2021-10-13,88230,52179,43609584,497637
2021-10-14,91562,58567,43701146,556204
2021-10-15,93600,55697,43794746,611901
2021-10-16,82975,36839,43877721,648740
2021-10-17,51461,23868,43929182,672608
2021-10-18,90302,59540,44019484,732148
2021-10-19,78355,69430,44097839,801578
2021-10-20,75059,78228,44172898,879806
2021-10-21,78282,81837,44251180,961643
2021-10-22,73767,77097,44324947,1038740
2021-10-23,60839,51978,44385786,1090718
2021-10-24,33365,23487,44419151,1114205
2021-10-25,64903,81677,44484054,1195882
2021-10-26,58369,91854,44542423,1287736
2021-10-27,58316,104048,44600739,1391784
2021-10-28,61443,114178,44662182,1505962
2021-10-29,61621,103208,44723803,1609170
2021-10-30,50670,68165,44774473,1677335
2021-10-31,25157,28315,44799630,1705650
2021-11-01,19050,28161,44818680,1733811
2021-11-02,62738,89453,44881418,1823264
2021-11-03,60713,118721,44942131,1941985
2021-11-04,59237,126719,45001368,2068704
2021-11-05,63093,135238,45064461,2203942
2021-11-06,46494,90948,45110955,2294890
2021-11-07,22247,37909,45133202,2332799
2021-11-08,51522,131312,45184724,2464111
2021-11-09,45407,144240,45230131,2608351
2021-11-10,42595,156388,45272726,2764739
2021-11-11,44926,155192,45317652,2919931
2021-11-12,46305,158725,45363957,3078656
2021-11-13,33269,116686,45397226,3195342
2021-11-14,14490,52463,45411716,3247805
2021-11-15,36907,157459,45448623,3405264
2021-11-16,30567,171429,45479190,3576693
2021-11-17,28469,178471,45507659,3755164
2021-11-18,30297,193781,45537956,3948945
2021-11-19,28827,205900,45566783,4154845
2021-11-20,21014,156463,45587797,4311308
2021-11-21,10611,64873,45598408,4376181
2021-11-22,21962,213172,45620370,4589353
2021-11-23,23610,241806,45643980,4831159
2021-11-24,27773,271109,45671753,5102268
2021-11-25,23243,300964,45694996,5403232
2021-11-26,24603,318314,45719599,5721546
2021-11-27,21421,266181,45741020,5987727
2021-11-28,9913,137073,45750933,6124800
2021-11-29,22370,326082,45773303,6450882
2021-11-30,23123,365865,45796426,6816747
2021-12-01,21568,413548,45817994,7230295
2021-12-02,23802,440445,45841796,7670740
2021-12-03,25289,467549,45867085,8138289
2021-12-04,22396,418818,45889481,8557107
2021-12-05,11945,261372,45901426,8818479
2021-12-06,25856,457639,45927282,9276118
2021-12-07,24177,480314,45951459,9756432
2021-12-08,10035,249728,45961494,10006160
2021-12-09,31634,491973,45993128,10498133
2021-12-10,28113,517941,46021241,11016074
2021-12-11,23598,459290,46044839,11475364
2021-12-12,12327,293540,46057166,11768904
2021-12-13,26191,467666,46083357,12236570
2021-12-14,25217,494249,46108574,12730819
2021-12-15,25387,517189,46133961,13248008
2021-12-16,27945,520317,46161906,13768325
2021-12-17,29403,517233,46191309,14285558
2021-12-18,27121,468791,46218430,14754349
2021-12-19,15178,300549,46233608,15054898
2021-12-20,30687,477513,46264295,15532411
2021-12-21,30426,493455,46294721,16025866
2021-12-22,29500,484763,46324221,16510629
2021-12-23,28295,426974,46352516,16937603
2021-12-24,13130,210847,46365646,17148450
2021-12-25,2104,33053,46367750,17181503
2021-12-26,8789,159080,46376539,17340583
2021-12-27,46849,504713,46423388,17845296
2021-12-28,42515,554275,46465903,18399571
2021-12-29,34408,550697,46500311,18950268
2021-12-30,31907,499878,46532218,19450146
2021-12-31,14157,247410,46546375,19697556
2022-01-01,3503,64816,46549878,19762372
2022-01-02,22846,276728,46572724,20039100
2022-01-03,47965,520051,46620689,20559151
2022-01-04,46414,571619,46667103,21130770
2022-01-05,40874,560432,46707977,21691202
2022-01-06,23551,274490,46731528,21965692
2022-01-07,63823,554233,46795351,22519925
2022-01-08,61025,503430,46856376,23023355
2022-01-09,42992,319710,46899368,23343065
2022-01-10,61196,542335,46960564,23885400
2022-01-11,61889,587043,47022453,24472443
2022-01-12,58580,581321,47081033,25053764
2022-01-13,58622,579972,47139655,25633736
2022-01-14,46976,588628,47186631,26222364
2022-01-15,39631,570004,47226262,26792368
2022-01-16,31346,341898,47257608,27134266
2022-01-17,54876,489700,47312484,27623966
2022-01-18,58487,517061,47370971,28141027
2022-01-19,57291,502827,47428262,28643854
2022-01-20,54305,498446,47482567,29142300
2022-01-21,42202,493908,47524769,29636208
2022-01-22,31304,469090,47556073,30105298
2022-01-23,34998,275394,47591071,30380692
2022-01-24,56240,437259,47647311,30817951
2022-01-25,61517,451763,47708828,31269714
2022-01-26,58611,435852,47767439,31705566
2022-01-27,48910,432424,47816349,32137990
2022-01-28,58775,436576,47875124,32574566
2022-01-29,68208,412520,47943332,32987086
2022-01-30,50414,235995,47993746,33223081
2022-01-31,60730,356958,48054476,33580039
2022-02-01,65636,328473,48120112,33908512
2022-02-02,63255,297005,48183367,34205517
2022-02-03,60106,274543,48243473,34480060
2022-02-04,72422,268479,48315895,34748539
2022-02-05,83829,248564,48399724,34997103
2022-02-06,55309,116208,48455033,35113311
2022-02-07,65194,199950,48520227,35313261
2022-02-08,66964,186135,48587191,35499396
2022-02-09,58782,166357,48645973,35665753
2022-02-10,58601,163261,48704574,35829014
2022-02-11,62285,162484,48766859,35991498
2022-02-12,72019,152157,48838878,36143655
2022-02-13,41483,68861,48880361,36212516
2022-02-14,46713,116198,48927074,36328714
2022-02-15,48574,123483,48975648,36452197
2022-02-16,45704,106135,49021352,36558332
2022-02-17,42877,98129,49064229,36656461
2022-02-18,46640,112591,49110869,36769052
2022-02-19,52548,100344,49163417,36869396
2022-02-20,31416,40369,49194833,36909765
2022-02-21,37906,89661,49232739,36999426
2022-02-22,37228,83787,49269967,37083213
2022-02-23,33406,79409,49303373,37162622
2022-02-24,32563,78169,49335936,37240791
2022-02-25,34775,90717,49370711,37331508
2022-02-26,39169,89139,49409880,37420647
2022-02-27,22548,35861,49432428,37456508
2022-02-28,28493,81702,49460921,37538210
2022-03-01,22735,53945,49483656,37592155
2022-03-02,21940,50714,49505596,37642869
2022-03-03,22641,54947,49528237,37697816
2022-03-04,23247,62804,49551484,37760620
2022-03-05,23805,57954,49575289,37818574
2022-03-06,9472,17204,49584761,37835778
2022-03-07,15927,51392,49600688,37887170
2022-03-08,15482,48799,49616170,37935969
2022-03-09,13815,46518,49629985,37982487
2022-03-10,14055,52057,49644040,38034544
2022-03-11,15596,57277,49659636,38091821
2022-03-12,15514,56621,49675150,38148442
2022-03-13,5546,16852,49680696,38165294
2022-03-14,10529,46704,49691225,38211998
2022-03-15,10555,46895,49701780,38258893
2022-03-16,9487,41980,49711267,38300873
2022-03-17,9727,44879,49720994,38345752
2022-03-18,10164,49059,49731158,38394811
2022-03-19,9153,46541,49740311,38441352
2022-03-20,2608,11704,49742919,38453056
2022-03-21,7589,40233,49750508,38493289
2022-03-22,8448,37769,49758956,38531058
2022-03-23,7221,33701,49766177,38564759
2022-03-24,8262,38821,49774439,38603580
2022-03-25,8144,43675,49782583,38647255
2022-03-26,8128,41724,49790711,38688979
2022-03-27,2431,9683,49793142,38698662
2022-03-28,6113,35245,49799255,38733907
2022-03-29,5784,32533,49805039,38766440
2022-03-30,5568,30206,49810607,38796646
2022-03-31,5906,33188,49816513,38829834
2022-04-01,4351,25191,49820864,38855025
2022-04-02,4497,23275,49825361,38878300
2022-04-03,1049,4500,49826410,38882800
2022-04-04,3664,21546,49830074,38904346
2022-04-05,3759,22938,49833833,38927284
2022-04-06,4106,21852,49837939,38949136
2022-04-07,3971,23321,49841910,38972457
2022-04-08,4696,26716,49846606,38999173
2022-04-09,4382,23888,49850988,39023061
2022-04-10,893,4613,49851881,39027674
2022-04-11,3819,22691,49855700,39050365
2022-04-12,3364,21781,49859064,39072146
2022-04-13,3574,21337,49862638,39093483
2022-04-14,3487,23789,49866125,39117272
2022-04-15,3085,20624,49869210,39137896
2022-04-16,2153,11918,49871363,39149814
2022-04-17,63,348,49871426,39150162
2022-04-18,152,650,49871578,39150812
2022-04-19,3500,21988,49875078,39172800
2022-04-20,3513,20250,49878591,39193050
2022-04-21,2848,19793,49881439,39212843
2022-04-22,2927,20717,49884366,39233560
2022-04-23,2648,16222,49887014,39249782
2022-04-24,509,2335,49887523,39252117
2022-04-25,183,1165,49887706,39253282
2022-04-26,2761,17813,49890467,39271095
2022-04-27,2376,15795,49892843,39286890
2022-04-28,2363,15569,49895206,39302459
2022-04-29,2299,14850,49897505,39317309
2022-04-30,2123,11585,49899628,39328894
2022-05-01,113,531,49899741,39329425
2022-05-02,1451,9394,49901192,39338819
2022-05-03,1577,10326,49902769,39349145
2022-05-04,1747,10276,49904516,39359421
2022-05-05,1654,10301,49906170,39369722
2022-05-06,1703,10972,49907873,39380694
2022-05-07,1431,8575,49909304,39389269
2022-05-08,417,1526,49909721,39390795
2022-05-09,1028,8935,49910749,39399730
2022-05-10,1427,9554,49912176,39409284
2022-05-11,1486,10109,49913662,39419393
2022-05-12,1372,10137,49915034,39429530
2022-05-13,1596,10527,49916630,39440057
2022-05-14,1362,8248,49917992,39448305
2022-05-15,336,1138,49918328,39449443
2022-05-16,814,8409,49919142,39457852
2022-05-17,1244,8708,49920386,39466560
2022-05-18,1373,9256,49921759,39475816
2022-05-19,1502,9290,49923261,39485106
2022-05-20,1426,9535,49924687,39494641
2022-05-21,1302,7903,49925989,39502544
2022-05-22,231,1013,49926220,39503557
2022-05-23,830,8274,49927050,39511831
2022-05-24,1073,8675,49928123,39520506
2022-05-25,1372,9460,49929495,39529966
2022-05-26,1198,9480,49930693,39539446
2022-05-27,1234,9917,49931927,39549363
2022-05-28,1205,7890,49933132,39557253
2022-05-29,288,1265,49933420,39558518
2022-05-30,931,8061,49934351,39566579
2022-05-31,1039,8551,49935390,39575130
2022-06-01,896,7657,49936286,39582787
2022-06-02,35,474,49936321,39583261
2022-06-03,819,7334,49937140,39590595
2022-06-04,870,5162,49938010,39595757
2022-06-05,88,586,49938098,39596343
2022-06-06,679,7004,49938777,39603347
2022-06-07,952,7851,49939729,39611198
2022-06-08,981,7907,49940710,39619105
2022-06-09,1037,8418,49941747,39627523
2022-06-10,958,8563,49942705,39636086
2022-06-11,903,6206,49943608,39642292
2022-06-12,140,768,49943748,39643060
2022-06-13,602,6302,49944350,39649362
2022-06-14,833,7906,49945183,39657268
2022-06-15,960,7856,49946143,39665124
2022-06-16,733,7399,49946876,39672523
2022-06-17,723,7248,49947599,39679771
2022-06-18,779,5596,49948378,39685367
2022-06-19,49,521,49948427,39685888
2022-06-20,587,6699,49949014,39692587
2022-06-21,741,7664,49949755,39700251
2022-06-22,779,7313,49950534,39707564
2022-06-23,649,7473,49951183,39715037
2022-06-24,644,7475,49951827,39722512
2022-06-25,836,6533,49952663,39729045
2022-06-26,128,523,49952791,39729568
2022-06-27,534,7126,49953325,39736694
2022-06-28,748,8208,49954073,39744902
2022-06-29,756,7733,49954829,39752635
2022-06-30,748,8145,49955577,39760780
2022-07-01,577,6443,49956154,39767223
2022-07-02,536,4770,49956690,39771993
2022-07-03,49,456,49956739,39772449
2022-07-04,469,6278,49957208,39778727
2022-07-05,631,8122,49957839,39786849
2022-07-06,634,7611,49958473,39794460
2022-07-07,577,8275,49959050,39802735
2022-07-08,677,8086,49959727,39810821
2022-07-09,550,6105,49960277,39816926
2022-07-10,58,533,49960335,39817459
2022-07-11,493,7642,49960828,39825101
2022-07-12,669,9031,49961497,39834132
2022-07-13,645,10066,49962142,39844198
2022-07-14,638,10225,49962780,39854423
2022-07-15,627,10674,49963407,39865097
2022-07-16,523,7215,49963930,39872312
2022-07-17,48,770,49963978,39873082
2022-07-18,496,9377,49964474,39882459
2022-07-19,576,10684,49965050,39893143
2022-07-20,582,11277,49965632,39904420
2022-07-21,633,12094,49966265,39916514
2022-07-22,584,11261,49966849,39927775
2022-07-23,381,6776,49967230,39934551
2022-07-24,76,857,49967306,39935408
2022-07-25,504,9057,49967810,39944465
2022-07-26,522,9768,49968332,39954233
2022-07-27,554,10212,49968886,39964445
2022-07-28,533,10534,49969419,39974979
2022-07-29,510,9467,49969929,39984446
2022-07-30,383,5884,49970312,39990330
2022-07-31,49,764,49970361,39991094
2022-08-01,386,6865,49970747,39997959
2022-08-02,548,7590,49971295,40005549
2022-08-03,513,7182,49971808,40012731
2022-08-04,455,7493,49972263,40020224
2022-08-05,421,6529,49972684,40026753
2022-08-06,300,3613,49972984,40030366
2022-08-07,44,563,49973028,40030929
2022-08-08,403,4890,49973431,40035819
2022-08-09,381,5313,49973812,40041132
2022-08-10,385,4817,49974197,40045949
2022-08-11,370,4804,49974567,40050753
2022-08-12,295,3719,49974862,40054472
2022-08-13,143,1600,49975005,40056072
2022-08-14,9,129,49975014,40056201
2022-08-15,1,26,49975015,40056227
2022-08-16,284,3043,49975299,40059270
2022-08-17,352,3533,49975651,40062803
2022-08-18,395,4160,49976046,40066963
2022-08-19,341,3321,49976387,40070284
2022-08-20,184,1715,49976571,40071999
2022-08-21,24,149,49976595,40072148
2022-08-22,331,2952,49976926,40075100
2022-08-23,370,3674,49977296,40078774
2022-08-24,384,3360,49977680,40082134
2022-08-25,424,3773,49978104,40085907
2022-08-26,399,3585,49978503,40089492
2022-08-27,237,1770,49978740,40091262
2022-08-28,29,267,49978769,40091529
2022-08-29,354,3161,49979123,40094690
2022-08-30,406,3672,49979529,40098362
2022-08-31,438,3734,49979967,40102096
2022-09-01,353,3117,49980320,40105213
2022-09-02,298,2894,49980618,40108107
2022-09-03,200,1692,49980818,40109799
2022-09-04,24,149,49980842,40109948
2022-09-05,187,2656,49981029,40112604
2022-09-06,307,2985,49981336,40115589
2022-09-07,541,2938,49981877,40118527
2022-09-08,293,2964,49982170,40121491
2022-09-09,308,2886,49982478,40124377
2022-09-10,228,1327,49982706,40125704
2022-09-11,23,124,49982729,40125828
2022-09-12,267,2269,49982996,40128097
2022-09-13,253,2279,49983249,40130376
2022-09-14,266,2566,49983515,40132942
2022-09-15,284,2501,49983799,40135443
2022-09-16,255,2542,49984054,40137985
2022-09-17,239,1339,49984293,40139324
2022-09-18,20,170,49984313,40139494
2022-09-19,206,1971,49984519,40141465
2022-09-20,237,2392,49984756,40143857
2022-09-21,289,2526,49985045,40146383
2022-09-22,267,2663,49985312,40149046
2022-09-23,261,2546,49985573,40151592
2022-09-24,193,1427,49985766,40153019
2022-09-25,29,133,49985795,40153152
2022-09-26,281,2249,49986076,40155401
2022-09-27,287,2680,49986363,40158081
2022-09-28,310,2905,49986673,40160986
2022-09-29,257,3050,49986930,40164036
2022-09-30,292,2987,49987222,40167023
2022-10-01,195,1515,49987417,40168538
2022-10-02,12,187,49987429,40168725
2022-10-03,186,2475,49987615,40171200
2022-10-04,236,2861,49987851,40174061
2022-10-05,233,3254,49988084,40177315
2022-10-06,244,3872,49988328,40181187
2022-10-07,283,4185,49988611,40185372
2022-10-08,206,2268,49988817,40187640
2022-10-09,8,305,49988825,40187945
2022-10-10,214,3348,49989039,40191293
2022-10-11,195,4378,49989234,40195671
2022-10-12,211,4436,49989445,40200107
2022-10-13,207,5299,49989652,40205406
2022-10-14,233,5006,49989885,40210412
2022-10-15,191,2669,49990076,40213081
2022-10-16,6,360,49990082,40213441
2022-10-17,187,3873,49990269,40217314
2022-10-18,257,4959,49990526,40222273
2022-10-19,246,5477,49990772,40227750
2022-10-20,225,5995,49990997,40233745
2022-10-21,257,5475,49991254,40239220
2022-10-22,195,2911,49991449,40242131
2022-10-23,13,364,49991462,40242495
2022-10-24,171,3929,49991633,40246424
2022-10-25,256,4925,49991889,40251349
2022-10-26,350,5504,49992239,40256853
2022-10-27,240,5675,49992479,40262528
2022-10-28,200,5265,49992679,40267793
2022-10-29,128,2844,49992807,40270637
2022-10-30,3,328,49992810,40270965
2022-10-31,118,3039,49992928,40274004
2022-11-01,11,353,49992939,40274357
2022-11-02,146,3721,49993085,40278078
2022-11-03,172,4791,49993257,40282869
2022-11-04,228,4601,49993485,40287470
2022-11-05,145,2600,49993630,40290070
2022-11-06,10,261,49993640,40290331
2022-11-07,169,3227,49993809,40293558
2022-11-08,262,4254,49994071,40297812
2022-11-09,202,4335,49994273,40302147
2022-11-10,184,4600,49994457,40306747
2022-11-11,194,4231,49994651,40310978
2022-11-12,161,2378,49994812,40313356
2022-11-13,7,338,49994819,40313694
2022-11-14,150,2836,49994969,40316530
2022-11-15,204,3748,49995173,40320278
2022-11-16,217,4001,49995390,40324279
2022-11-17,194,4110,49995584,40328389
2022-11-18,248,4041,49995832,40332430
2022-11-19,112,2087,49995944,40334517
2022-11-20,24,317,49995968,40334834
2022-11-21,119,2621,49996087,40337455
2022-11-22,142,3222,49996229,40340677
2022-11-23,191,3633,49996420,40344310
2022-11-24,158,3846,49996578,40348156
2022-11-25,184,3781,49996762,40351937
2022-11-26,134,2094,49996896,40354031
2022-11-27,22,356,49996918,40354387
2022-11-28,182,2691,49997100,40357078
2022-11-29,257,3231,49997357,40360309
2022-11-30,183,3736,49997540,40364045
2022-12-01,151,3632,49997691,40367677
2022-12-02,161,3529,49997852,40371206
2022-12-03,106,1998,49997958,40373204
2022-12-04,5,290,49997963,40373494
2022-12-05,129,2856,49998092,40376350
2022-12-06,177,3656,49998269,40380006
2022-12-07,136,3132,49998405,40383138
2022-12-08,8,168,49998413,40383306
2022-12-09,164,3035,49998577,40386341
2022-12-10,71,1602,49998648,40387943
2022-12-11,7,193,49998655,40388136
2022-12-12,172,2534,49998827,40390670
2022-12-13,251,3050,49999078,40393720
2022-12-14,232,3239,49999310,40396959
2022-12-15,207,3290,49999517,40400249
2022-12-16,161,3213,49999678,40403462
2022-12-17,95,1692,49999773,40405154
2022-12-18,10,270,49999783,40405424
2022-12-19,149,2167,49999932,40407591
2022-12-20,213,2530,50000145,40410121
2022-12-21,160,2250,50000305,40412371
2022-12-22,140,1873,50000445,40414244
2022-12-23,153,1219,50000598,40415463
2022-12-24,32,161,50000630,40415624
2022-12-25,0,6,50000630,40415630
2022-12-26,6,42,50000636,40415672
2022-12-27,133,1552,50000769,40417224
2022-12-28,138,1778,50000907,40419002
2022-12-29,93,1707,50001000,40420709
2022-12-30,116,1612,50001116,40422321
2022-12-31,21,273,50001137,40422594
2023-01-01,0,6,50001137,40422600
2023-01-02,48,1125,50001185,40423725
2023-01-03,99,1899,50001284,40425624
2023-01-04,111,2009,50001395,40427633
2023-01-05,99,1909,50001494,40429542
2023-01-06,0,69,50001494,40429611
2023-01-07,51,686,50001545,40430297
2023-01-08,2,97,50001547,40430394
2023-01-09,129,1424,50001676,40431818
2023-01-10,128,1778,50001804,40433596
2023-01-11,116,1760,50001920,40435356
2023-01-12,113,1987,50002033,40437343
2023-01-13,106,1870,50002139,40439213
2023-01-14,64,935,50002203,40440148
2023-01-15,1,64,50002204,40440212
2023-01-16,36,1143,50002240,40441355
2023-01-17,108,1285,50002348,40442640
2023-01-18,76,1376,50002424,40444016
2023-01-19,117,1493,50002541,40445509