data_somministrazione,vaccinazioni,booster,cum_vaccinazioni,cum_booster
2020-12-27,20,0,20,0
2020-12-28,2,0,22,0
2020-12-29,1,0,23,0
2020-12-30,10,0,33,0
2020-12-31,76,0,109,0
2021-01-01,25,0,134,0
2021-01-02,143,0,277,0
2021-01-03,105,0,382,0
2021-01-04,236,0,618,0
2021-01-05,280,0,898,0
2021-01-06,245,0,1143,0
2021-01-07,322,0,1465,0
2021-01-08,378,0,1843,0
2021-01-09,281,0,2124,0
2021-01-10,165,0,2289,0
2021-01-11,306,0,2595,0
2021-01-12,283,0,2878,0
2021-01-13,417,0,3295,0
2021-01-14,504,0,3799,0
2021-01-15,319,0,4118,0
2021-01-16,224,0,4342,0
2021-01-17,3063,0,7405,0
2021-01-18,5220,0,12625,0
2021-01-19,1894,0,14519,0
2021-01-20,4659,0,19178,0
2021-01-21,20006,0,39184,0
2021-01-22,14220,0,53404,0
2021-01-23,33323,0,86727,0
2021-01-24,30775,0,117502,0
2021-01-25,64705,0,182207,0
2021-01-26,76465,0,258672,0
2021-01-27,64813,0,323485,0
2021-01-28,89256,0,412741,0
2021-01-29,93996,0,506737,0
2021-01-30,86544,0,593281,0
2021-01-31,57325,0,650606,0
2021-02-01,81839,0,732445,0
2021-02-02,82134,0,814579,0
2021-02-03,91107,0,905686,0
2021-02-04,95384,0,1001070,0
2021-02-05,90267,0,1091337,0
2021-02-06,63449,0,1154786,0
2021-02-07,32934,0,1187720,0
2021-02-08,40421,0,1228141,0
2021-02-09,32879,0,1261020,0
2021-02-10,28435,0,1289455,0
2021-02-11,20405,0,1309860,0
2021-02-12,16251,0,1326111,0
2021-02-13,7279,0,1333390,0
2021-02-14,2862,0,1336252,0
2021-02-15,6846,0,1343098,0
2021-02-16,7004,0,1350102,0
2021-02-17,10526,0,1360628,0
2021-02-18,9255,0,1369883,0
2021-02-19,8257,0,1378140,0
2021-02-20,5577,0,1383717,0
2021-02-21,3014,0,1386731,0
2021-02-22,6883,0,1393614,0
2021-02-23,7187,0,1400801,0
2021-02-24,9812,0,1410613,0
2021-02-25,14212,0,1424825,0
2021-02-26,17559,0,1442384,0
2021-02-27,13919,0,1456303,0
2021-02-28,9394,0,1465697,0
2021-03-01,26526,0,1492223,0
2021-03-02,33248,0,1525471,0
2021-03-03,44649,0,1570120,0
2021-03-04,50302,0,1620422,0
2021-03-05,55743,0,1676165,0
2021-03-06,41879,0,1718044,0
2021-03-07,22331,0,1740375,0
2021-03-08,50835,0,1791210,0
2021-03-09,53090,0,1844300,0
2021-03-10,58686,0,1902986,0
2021-03-11,63883,0,1966869,0
2021-03-12,65136,0,2032005,0
2021-03-13,51729,0,2083734,0
2021-03-14,35423,0,2119157,0
2021-03-15,73459,0,2192616,0
2021-03-16,74030,0,2266646,0
2021-03-17,83141,0,2349787,0
2021-03-18,81628,0,2431415,0
2021-03-19,81089,0,2512504,0
2021-03-20,64736,0,2577240,0
2021-03-21,47311,0,2624551,0
2021-03-22,69501,0,2694052,0
2021-03-23,75815,0,2769867,0
2021-03-24,90923,0,2860790,0
2021-03-25,89822,0,2950612,0
2021-03-26,83639,0,3034251,0
2021-03-27,71956,0,3106207,0
2021-03-28,44184,0,3150391,0
2021-03-29,70848,0,3221239,0
2021-03-30,81406,0,3302645,0
2021-03-31,96259,0,3398904,0
2021-04-01,95328,0,3494232,0
2021-04-02,84084,0,3578316,0
2021-04-03,64304,0,3642620,0
2021-04-04,21724,0,3664344,0
2021-04-05,40317,0,3704661,0
2021-04-06,81335,0,3785996,0
2021-04-07,95840,0,3881836,0
2021-04-08,95259,0,3977095,0
2021-04-09,88500,0,4065595,0
2021-04-10,74035,0,4139630,0
2021-04-11,44769,0,4184399,0
2021-04-12,66922,0,4251321,0
2021-04-13,72594,0,4323915,0
2021-04-14,85551,0,4409466,0
2021-04-15,105425,0,4514891,0
2021-04-16,106431,0,4621322,0
2021-04-17,90529,0,4711851,0
2021-04-18,58596,0,4770447,0
2021-04-19,93436,0,4863883,0
2021-04-20,103776,0,4967659,0
2021-04-21,125342,0,5093001,0
2021-04-22,143524,0,5236525,0
2021-04-23,138749,0,5375274,0
2021-04-24,124454,0,5499728,0
2021-04-25,61471,0,5561199,0
2021-04-26,97908,0,5659107,0
2021-04-27,128374,0,5787481,0
2021-04-28,156392,0,5943873,0
2021-04-29,195621,0,6139494,0
2021-04-30,214610,0,6354104,0
2021-05-01,174141,0,6528245,0
2021-05-02,135807,0,6664052,0
2021-05-03,142066,0,6806118,0
2021-05-04,158711,0,6964829,0
2021-05-05,170541,0,7135370,0
2021-05-06,197820,0,7333190,0
2021-05-07,213873,0,7547063,0
2021-05-08,213440,0,7760503,0
2021-05-09,143217,0,7903720,0
2021-05-10,165102,0,8068822,0
2021-05-11,175007,0,8243829,0
2021-05-12,179223,0,8423052,0
2021-05-13,203422,0,8626474,0
2021-05-14,222941,0,8849415,0
2021-05-15,210391,0,9059806,0
2021-05-16,159285,0,9219091,0
2021-05-17,219221,0,9438312,0
2021-05-18,213032,0,9651344,0
2021-05-19,207102,0,9858446,0
2021-05-20,270885,0,10129331,0
2021-05-21,270914,0,10400245,0
2021-05-22,245544,0,10645789,0
2021-05-23,197188,0,10842977,0
2021-05-24,228312,0,11071289,0
2021-05-25,245700,0,11316989,0
2021-05-26,277516,0,11594505,0
2021-05-27,311105,0,11905610,0
2021-05-28,299587,0,12205197,0
2021-05-29,231250,0,12436447,0
2021-05-30,170853,0,12607300,0
2021-05-31,216438,0,12823738,0
2021-06-01,207638,0,13031376,0
2021-06-02,115807,0,13147183,0
2021-06-03,180173,0,13327356,0
2021-06-04,184922,0,13512278,0
2021-06-05,185998,0,13698276,0
2021-06-06,139586,0,13837862,0
2021-06-07,161905,0,13999767,0
2021-06-08,171284,0,14171051,0
2021-06-09,171523,0,14342574,0
2021-06-10,174157,0,14516731,0
2021-06-11,170025,0,14686756,0
2021-06-12,128392,0,14815148,0
2021-06-13,91231,0,14906379,0
2021-06-14,214707,0,15121086,0
2021-06-15,228461,0,15349547,0
2021-06-16,253114,0,15602661,0
2021-06-17,301776,0,15904437,0
2021-06-18,306328,0,16210765,0
2021-06-19,275119,0,16485884,0
2021-06-20,220820,0,16706704,0
2021-06-21,288100,0,16994804,0
2021-06-22,296250,0,17291054,0
2021-06-23,302704,0,17593758,0
2021-06-24,332623,0,17926381,0
2021-06-25,348732,0,18275113,0
2021-06-26,300152,0,18575265,0
2021-06-27,228693,0,18803958,0
2021-06-28,307149,0,19111107,0
2021-06-29,329332,0,19440439,0
2021-06-30,342220,0,19782659,0
2021-07-01,363242,0,20145901,0
2021-07-02,368507,0,20514408,0
2021-07-03,371104,0,20885512,0
2021-07-04,283237,0,21168749,0
2021-07-05,384568,0,21553317,0
2021-07-06,385493,0,21938810,0
2021-07-07,412137,0,22350947,0
2021-07-08,479590,0,22830537,0
2021-07-09,498464,0,23329001,0
2021-07-10,475169,0,23804170,0
2021-07-11,357694,0,24161864,0
2021-07-12,485877,0,24647741,0
2021-07-13,492077,0,25139818,0
2021-07-14,480434,0,25620252,0
2021-07-15,523426,0,26143678,0
2021-07-16,509752,0,26653430,0
2021-07-17,464321,0,27117751,0
2021-07-18,364639,0,27482390,0
2021-07-19,463033,0,27945423,0
2021-07-20,458045,0,28403468,0
2021-07-21,462792,0,28866260,0
2021-07-22,475378,0,29341638,0
2021-07-23,441317,0,29782955,0
2021-07-24,386148,0,30169103,0
2021-07-25,287553,0,30456656,0
2021-07-26,430889,0,30887545,0
2021-07-27,440107,0,31327652,0
2021-07-28,391019,0,31718671,0
2021-07-29,372074,0,32090745,0
2021-07-30,341517,0,32432262,0
2021-07-31,287046,0,32719308,0
2021-08-01,191001,0,32910309,0
2021-08-02,333705,0,33244014,0
2021-08-03,323182,0,33567196,0
2021-08-04,310981,0,33878177,0
2021-08-05,292487,0,34170664,0
2021-08-06,260038,0,34430702,0
2021-08-07,199063,0,34629765,0
2021-08-08,153107,0,34782872,0
2021-08-09,234085,0,35016957,0
2021-08-10,205277,0,35222234,0
2021-08-11,193789,0,35416023,0
2021-08-12,168060,0,35584083,0
2021-08-13,148663,0,35732746,0
2021-08-14,66102,0,35798848,0
2021-08-15,26343,0,35825191,0
2021-08-16,114713,0,35939904,0
2021-08-17,129252,0,36069156,0
2021-08-18,128767,0,36197923,0
2021-08-19,124849,0,36322772,0
2021-08-20,123797,0,36446569,0
2021-08-21,83133,0,36529702,0
2021-08-22,68179,0,36597881,0
2021-08-23,176874,0,36774755,0
2021-08-24,156892,0,36931647,0
2021-08-25,177172,0,37108819,0
2021-08-26,172355,0,37281174,0
2021-08-27,185833,0,37467007,0
2021-08-28,140291,0,37607298,0
2021-08-29,98993,0,37706291,0
2021-08-30,209582,0,37915873,0
2021-08-31,194643,0,38110516,0
2021-09-01,192217,0,38302733,0
2021-09-02,189931,0,38492664,0
2021-09-03,191287,0,38683951,0
2021-09-04,131450,0,38815401,0
2021-09-05,87847,0,38903248,0
2021-09-06,193606,0,39096854,0
2021-09-07,196041,0,39292895,0
2021-09-08,187860,0,39480755,0
2021-09-09,201423,0,39682178,0
2021-09-10,198053,0,39880231,0
2021-09-11,141292,0,40021523,0
2021-09-12,89591,0,40111114,0
2021-09-13,191106,640,40302220,640
2021-09-14,177218,643,40479438,1283
2021-09-15,163077,648,40642515,1931
2021-09-16,160045,997,40802560,2928
2021-09-17,150155,1168,40952715,4096
2021-09-18,127979,776,41080694,4872
2021-09-19,81143,508,41161837,5380
2021-09-20,180063,9124,41341900,14504
2021-09-21,166663,8861,41508563,23365
2021-09-22,159108,9461,41667671,32826
2021-09-23,138101,9357,41805772,42183
2021-09-24,140552,9009,41946324,51192
2021-09-25,119560,5673,42065884,56865
2021-09-26,71991,4365,42137875,61230
2021-09-27,135659,10082,42273534,71312
2021-09-28,117513,11422,42391047,82734
2021-09-29,112366,11850,42503413,94584
2021-09-30,110282,14980,42613695,109564
2021-10-01,94987,19144,42708682,128708
2021-10-02,78519,14043,42787201,142751
2021-10-03,47761,7668,42834962,150419
2021-10-04,88390,34479,42923352,184898
2021-10-05,80376,34018,43003728,218916
2021-10-06,72009,34207,43075737,253123
2021-10-07,71877,34369,43147614,287492
2021-10-08,80635,33621,43228249,321113
2021-10-09,76114,22193,43304363,343306
2021-10-10,45787,13631,43350150,356937
2021-10-11,87448,41130,43437598,398067
2021-10-12,84512,46933,43522110,445000
2021-10-13,88215,52163,43610325,497163
2021-10-14,91547,58554,43701872,555717
2021-10-15,93594,55673,43795466,611390
2021-10-16,82970,36823,43878436,648213
2021-10-17,51462,23861,43929898,672074
2021-10-18,90299,59519,44020197,731593
2021-10-19,78349,69406,44098546,800999
2021-10-20,75062,78209,44173608,879208
2021-10-21,78283,81811,44251891,961019
2021-10-22,73761,77081,44325652,1038100
2021-10-23,60834,51973,44386486,1090073
2021-10-24,33369,23479,44419855,1113552
2021-10-25,64893,81666,44484748,1195218
2021-10-26,58371,91830,44543119,1287048
2021-10-27,58315,104029,44601434,1391077
2021-10-28,61444,114155,44662878,1505232
2021-10-29,61631,103179,44724509,1608411
2021-10-30,50673,68143,44775182,1676554
2021-10-31,25160,28310,44800342,1704864
2021-11-01,19048,28158,44819390,1733022
2021-11-02,62733,89434,44882123,1822456
2021-11-03,60712,118701,44942835,1941157
2021-11-04,59234,126700,45002069,2067857
2021-11-05,63090,135220,45065159,2203077
2021-11-06,46488,90939,45111647,2294016
2021-11-07,22249,37905,45133896,2331921
2021-11-08,51527,131292,45185423,2463213
2021-11-09,45399,144237,45230822,2607450
2021-11-10,42591,156373,45273413,2763823
2021-11-11,44921,155172,45318334,2918995
2021-11-12,46292,158700,45364626,3077695
2021-11-13,33266,116678,45397892,3194373
2021-11-14,14491,52459,45412383,3246832
2021-11-15,36905,157444,45449288,3404276
2021-11-16,30561,171403,45479849,3575679
2021-11-17,28465,178460,45508314,3754139
2021-11-18,30288,193762,45538602,3947901
2021-11-19,28809,205882,45567411,4153783
2021-11-20,21009,156457,45588420,4310240
2021-11-21,10611,64871,45599031,4375111
2021-11-22,21955,213160,45620986,4588271
2021-11-23,23598,241802,45644584,4830073
2021-11-24,27765,271095,45672349,5101168
2021-11-25,23254,301935,45695603,5403103
2021-11-26,24586,318308,45720189,5721411
2021-11-27,21408,266170,45741597,5987581
2021-11-28,9908,137069,45751505,6124650
2021-11-29,22357,326074,45773862,6450724
2021-11-30,23097,365864,45796959,6816588
2021-12-01,21541,413531,45818500,7230119
2021-12-02,23787,440440,45842287,7670559
2021-12-03,25238,467531,45867525,8138090
2021-12-04,22382,418799,45889907,8556889
2021-12-05,11941,261364,45901848,8818253
2021-12-06,25830,457630,45927678,9275883
2021-12-07,24126,480302,45951804,9756185
2021-12-08,10019,249720,45961823,10005905
2021-12-09,31579,491965,45993402,10497870
2021-12-10,28063,517929,46021465,11015799
2021-12-11,23583,459276,46045048,11475075
2021-12-12,12320,293528,46057368,11768603
2021-12-13,26156,467653,46083524,12236256
2021-12-14,25187,494236,46108711,12730492
2021-12-15,25343,517189,46134054,13247681
2021-12-16,27901,520301,46161955,13767982
2021-12-17,29362,517216,46191317,14285198
2021-12-18,27102,468777,46218419,14753975
2021-12-19,15169,300540,46233588,15054515
2021-12-20,30642,477508,46264230,15532023
2021-12-21,30384,493437,46294614,16025460
2021-12-22,29463,484749,46324077,16510209
2021-12-23,28274,426959,46352351,16937168
2021-12-24,13124,210842,46365475,17148010
2021-12-25,2104,33053,46367579,17181063
2021-12-26,8776,159077,46376355,17340140
2021-12-27,46836,504693,46423191,17844833
2021-12-28,42488,554254,46465679,18399087
2021-12-29,34377,550677,46500056,18949764
2021-12-30,31873,499865,46531929,19449629
2021-12-31,14146,247407,46546075,19697036
2022-01-01,3499,64815,46549574,19761851
2022-01-02,22827,276727,46572401,20038578
2022-01-03,47920,520034,46620321,20558612
2022-01-04,46445,572103,46666766,21130715
2022-01-05,40823,560421,46707589,21691136
2022-01-06,23536,274491,46731125,21965627
2022-01-07,63776,554221,46794901,22519848
2022-01-08,60955,503411,46855856,23023259
2022-01-09,42940,319700,46898796,23342959
2022-01-10,61146,542323,46959942,23885282
2022-01-11,61813,587040,47021755,24472322
2022-01-12,58530,581310,47080285,25053632
2022-01-13,58680,580438,47138965,25634070
2022-01-14,46909,588616,47185874,26222686
2022-01-15,39543,569984,47225417,26792670
2022-01-16,31307,341891,47256724,27134561
2022-01-17,54827,489686,47311551,27624247
2022-01-18,58443,517052,47369994,28141299
2022-01-19,57243,502823,47427237,28644122
2022-01-20,54398,498860,47481635,29142982
2022-01-21,42164,493895,47523799,29636877
2022-01-22,31271,469619,47555070,30106496
2022-01-23,34978,275392,47590048,30381888
2022-01-24,56214,437243,47646262,30819131
2022-01-25,61577,452131,47707839,31271262
2022-01-26,58577,435848,47766416,31707110
2022-01-27,48871,432399,47815287,32139509
2022-01-28,58736,436559,47874023,32576068
2022-01-29,68182,412515,47942205,32988583
2022-01-30,50408,235984,47992613,33224567
2022-01-31,60682,356947,48053295,33581514
2022-02-01,65590,328464,48118885,33909978
2022-02-02,63227,296994,48182112,34206972
2022-02-03,60073,274534,48242185,34481506
2022-02-04,72389,268469,48314574,34749975
2022-02-05,83815,248550,48398389,34998525
2022-02-06,55306,116209,48453695,35114734
2022-02-07,65165,199945,48518860,35314679
2022-02-08,66946,186125,48585806,35500804
2022-02-09,58765,166353,48644571,35667157
2022-02-10,58590,163248,48703161,35830405
2022-02-11,62269,162475,48765430,35992880
2022-02-12,72004,152155,48837434,36145035
2022-02-13,41479,68855,48878913,36213890
2022-02-14,46707,116190,48925620,36330080
2022-02-15,48558,123481,48974178,36453561
2022-02-16,45682,106129,49019860,36559690
2022-02-17,42869,98118,49062729,36657808
2022-02-18,46620,112583,49109349,36770391
2022-02-19,52540,100340,49161889,36870731
2022-02-20,31417,40366,49193306,36911097
2022-02-21,37895,89659,49231201,37000756
2022-02-22,37220,83783,49268421,37084539
2022-02-23,33399,79410,49301820,37163949
2022-02-24,32555,78166,49334375,37242115
2022-02-25,34768,90714,49369143,37332829
2022-02-26,39161,89136,49408304,37421965
2022-02-27,22548,35857,49430852,37457822
2022-02-28,28484,81696,49459336,37539518
2022-03-01,22725,53942,49482061,37593460
2022-03-02,21932,50711,49503993,37644171
2022-03-03,22633,54947,49526626,37699118
2022-03-04,23239,62800,49549865,37761918
2022-03-05,23802,57952,49573667,37819870
2022-03-06,9474,17201,49583141,37837071
2022-03-07,15923,51391,49599064,37888462
2022-03-08,15480,48795,49614544,37937257
2022-03-09,13815,46517,49628359,37983774
2022-03-10,14054,52125,49642413,38035899
2022-03-11,15588,57271,49658001,38093170
2022-03-12,15510,56619,49673511,38149789
2022-03-13,5545,16852,49679056,38166641
2022-03-14,10528,46701,49689584,38213342
2022-03-15,10550,46894,49700134,38260236
2022-03-16,9482,41974,49709616,38302210
2022-03-17,9722,44876,49719338,38347086
2022-03-18,10160,49058,49729498,38396144
2022-03-19,9151,46538,49738649,38442682
2022-03-20,2608,11704,49741257,38454386
2022-03-21,7580,40226,49748837,38494612
2022-03-22,8448,37766,49757285,38532378
2022-03-23,7217,33700,49764502,38566078
2022-03-24,8257,38819,49772759,38604897
2022-03-25,8142,43671,49780901,38648568
2022-03-26,8127,41722,49789028,38690290
2022-03-27,2431,9683,49791459,38699973
2022-03-28,6112,35241,49797571,38735214
2022-03-29,5779,32530,49803350,38767744
2022-03-30,5566,30204,49808916,38797948
2022-03-31,5903,33186,49814819,38831134
2022-04-01,4349,25189,49819168,38856323
2022-04-02,4496,23275,49823664,38879598
2022-04-03,1049,4500,49824713,38884098
2022-04-04,3660,21545,49828373,38905643
2022-04-05,3757,22937,49832130,38928580
2022-04-06,4104,21852,49836234,38950432
2022-04-07,3969,23320,49840203,38973752
2022-04-08,4694,26713,49844897,39000465
2022-04-09,4381,23888,49849278,39024353
2022-04-10,892,4613,49850170,39028966
2022-04-11,3818,22689,49853988,39051655
2022-04-12,3365,21779,49857353,39073434
2022-04-13,3568,21336,49860921,39094770
2022-04-14,3486,23787,49864407,39118557
2022-04-15,3083,20621,49867490,39139178
2022-04-16,2150,11918,49869640,39151096
2022-04-17,63,348,49869703,39151444
2022-04-18,152,650,49869855,39152094
2022-04-19,3499,21984,49873354,39174078
2022-04-20,3512,20251,49876866,39194329
2022-04-21,2848,19790,49879714,39214119
2022-04-22,2927,20712,49882641,39234831
2022-04-23,2646,16221,49885287,39251052
2022-04-24,509,2334,49885796,39253386
2022-04-25,183,1165,49885979,39254551
2022-04-26,2759,17810,49888738,39272361
2022-04-27,2374,15795,49891112,39288156
2022-04-28,2361,15562,49893473,39303718
2022-04-29,2294,14849,49895767,39318567
2022-04-30,2123,11583,49897890,39330150
2022-05-01,113,531,49898003,39330681
2022-05-02,1451,9391,49899454,39340072
2022-05-03,1577,10321,49901031,39350393
2022-05-04,1745,10271,49902776,39360664
2022-05-05,1652,10296,49904428,39370960
2022-05-06,1702,10968,49906130,39381928
2022-05-07,1431,8570,49907561,39390498
2022-05-08,416,1524,49907977,39392022
2022-05-09,1028,8929,49909005,39400951
2022-05-10,1426,9548,49910431,39410499
2022-05-11,1484,10104,49911915,39420603
2022-05-12,1372,10130,49913287,39430733
2022-05-13,1596,10518,49914883,39441251
2022-05-14,1360,8238,49916243,39449489
2022-05-15,336,1135,49916579,39450624
2022-05-16,814,8404,49917393,39459028
2022-05-17,1243,8697,49918636,39467725
2022-05-18,1372,9232,49920008,39476957
2022-05-19,1500,9282,49921508,39486239
2022-05-20,1422,9532,49922930,39495771
2022-05-21,1301,7899,49924231,39503670
2022-05-22,231,1014,49924462,39504684
2022-05-23,830,8271,49925292,39512955
2022-05-24,1073,8672,49926365,39521627
2022-05-25,1372,9459,49927737,39531086
2022-05-26,1196,9479,49928933,39540565
2022-05-27,1232,9915,49930165,39550480
2022-05-28,1205,7887,49931370,39558367
2022-05-29,288,1265,49931658,39559632
2022-05-30,930,8057,49932588,39567689
2022-05-31,1037,8548,49933625,39576237
2022-06-01,892,7656,49934517,39583893
2022-06-02,35,474,49934552,39584367
2022-06-03,817,7334,49935369,39591701
2022-06-04,870,5162,49936239,39596863
2022-06-05,89,586,49936328,39597449
2022-06-06,678,7004,49937006,39604453
2022-06-07,951,7849,49937957,39612302
2022-06-08,981,7907,49938938,39620209
2022-06-09,1036,8417,49939974,39628626
2022-06-10,958,8563,49940932,39637189
2022-06-11,903,6207,49941835,39643396
2022-06-12,140,768,49941975,39644164
2022-06-13,601,6301,49942576,39650465
2022-06-14,832,7901,49943408,39658366
2022-06-15,960,7855,49944368,39666221
2022-06-16,733,7396,49945101,39673617
2022-06-17,724,7249,49945825,39680866
2022-06-18,777,5594,49946602,39686460
2022-06-19,49,521,49946651,39686981
2022-06-20,587,6699,49947238,39693680
2022-06-21,741,7663,49947979,39701343
2022-06-22,780,7311,49948759,39708654
2022-06-23,647,7472,49949406,39716126
2022-06-24,644,7474,49950050,39723600
2022-06-25,835,6533,49950885,39730133
2022-06-26,128,523,49951013,39730656
2022-06-27,534,7125,49951547,39737781
2022-06-28,747,8207,49952294,39745988
2022-06-29,756,7731,49953050,39753719
2022-06-30,747,8144,49953797,39761863
2022-07-01,577,6443,49954374,39768306
2022-07-02,536,4769,49954910,39773075
2022-07-03,49,456,49954959,39773531
2022-07-04,469,6277,49955428,39779808
2022-07-05,631,8118,49956059,39787926
2022-07-06,633,7611,49956692,39795537
2022-07-07,575,8271,49957267,39803808
2022-07-08,674,8083,49957941,39811891
2022-07-09,550,6105,49958491,39817996
2022-07-10,58,533,49958549,39818529
2022-07-11,491,7639,49959040,39826168
2022-07-12,667,9030,49959707,39835198
2022-07-13,644,10067,49960351,39845265
2022-07-14,637,10225,49960988,39855490
2022-07-15,626,10667,49961614,39866157
2022-07-16,522,7215,49962136,39873372
2022-07-17,48,770,49962184,39874142
2022-07-18,496,9372,49962680,39883514
2022-07-19,575,10683,49963255,39894197
2022-07-20,580,11272,49963835,39905469
2022-07-21,629,12088,49964464,39917557
2022-07-22,584,11258,49965048,39928815
2022-07-23,381,6773,49965429,39935588
2022-07-24,76,857,49965505,39936445
2022-07-25,503,9051,49966008,39945496
2022-07-26,520,9761,49966528,39955257
2022-07-27,552,10208,49967080,39965465
2022-07-28,533,10533,49967613,39975998
2022-07-29,511,9465,49968124,39985463
2022-07-30,383,5880,49968507,39991343
2022-07-31,49,764,49968556,39992107
2022-08-01,386,6864,49968942,39998971
2022-08-02,545,7589,49969487,40006560
2022-08-03,512,7178,49969999,40013738
2022-08-04,455,7488,49970454,40021226
2022-08-05,421,6527,49970875,40027753
2022-08-06,299,3613,49971174,40031366
2022-08-07,44,561,49971218,40031927
2022-08-08,403,4890,49971621,40036817
2022-08-09,381,5311,49972002,40042128
2022-08-10,384,4817,49972386,40046945
2022-08-11,369,4803,49972755,40051748
2022-08-12,293,3720,49973048,40055468
2022-08-13,143,1600,49973191,40057068
2022-08-14,9,129,49973200,40057197
2022-08-15,1,26,49973201,40057223
2022-08-16,282,3043,49973483,40060266
2022-08-17,352,3536,49973835,40063802
2022-08-18,391,4160,49974226,40067962
2022-08-19,341,3320,49974567,40071282
2022-08-20,183,1715,49974750,40072997
2022-08-21,24,149,49974774,40073146
2022-08-22,329,2952,49975103,40076098
2022-08-23,370,3674,49975473,40079772
2022-08-24,384,3360,49975857,40083132
2022-08-25,422,3774,49976279,40086906
2022-08-26,399,3574,49976678,40090480
2022-08-27,237,1769,49976915,40092249
2022-08-28,29,267,49976944,40092516
2022-08-29,354,3161,49977298,40095677
2022-08-30,403,3671,49977701,40099348
2022-08-31,438,3734,49978139,40103082
2022-09-01,353,3116,49978492,40106198
2022-09-02,296,2893,49978788,40109091
2022-09-03,200,1689,49978988,40110780
2022-09-04,24,149,49979012,40110929
2022-09-05,187,2656,49979199,40113585
2022-09-06,305,2981,49979504,40116566
2022-09-07,540,2937,49980044,40119503
2022-09-08,292,2962,49980336,40122465
2022-09-09,305,2884,49980641,40125349
2022-09-10,227,1326,49980868,40126675
2022-09-11,23,124,49980891,40126799
2022-09-12,267,2267,49981158,40129066
2022-09-13,252,2276,49981410,40131342
2022-09-14,266,2566,49981676,40133908
2022-09-15,282,2498,49981958,40136406
2022-09-16,254,2545,49982212,40138951
2022-09-17,239,1339,49982451,40140290
2022-09-18,20,170,49982471,40140460
2022-09-19,206,1970,49982677,40142430
2022-09-20,236,2391,49982913,40144821
2022-09-21,289,2526,49983202,40147347
2022-09-22,266,2662,49983468,40150009
2022-09-23,259,2543,49983727,40152552
2022-09-24,193,1427,49983920,40153979
2022-09-25,29,133,49983949,40154112
2022-09-26,280,2248,49984229,40156360
2022-09-27,287,2683,49984516,40159043
2022-09-28,310,2903,49984826,40161946
2022-09-29,257,3049,49985083,40164995
2022-09-30,291,2989,49985374,40167984
2022-10-01,195,1515,49985569,40169499
2022-10-02,12,187,49985581,40169686
2022-10-03,183,2473,49985764,40172159
2022-10-04,236,2864,49986000,40175023
2022-10-05,229,3249,49986229,40178272
2022-10-06,243,3874,49986472,40182146
2022-10-07,282,4187,49986754,40186333
2022-10-08,202,2270,49986956,40188603
2022-10-09,8,305,49986964,40188908
2022-10-10,210,3356,49987174,40192264
2022-10-11,192,4379,49987366,40196643
2022-10-12,209,4439,49987575,40201082
2022-10-13,201,5304,49987776,40206386
2022-10-14,232,5021,49988008,40211407
2022-10-15,190,2671,49988198,40214078
2022-10-16,6,360,49988204,40214438
2022-10-17,185,3871,49988389,40218309
2022-10-18,257,4964,49988646,40223273
2022-10-19,244,5478,49988890,40228751
2022-10-20,224,5993,49989114,40234744
2022-10-21,250,5474,49989364,40240218
2022-10-22,195,2910,49989559,40243128
2022-10-23,13,364,49989572,40243492
2022-10-24,171,3924,49989743,40247416
2022-10-25,253,4925,49989996,40252341
2022-10-26,345,5499,49990341,40257840
2022-10-27,240,5669,49990581,40263509
2022-10-28,198,5260,49990779,40268769
2022-10-29,128,2844,49990907,40271613
2022-10-30,3,327,49990910,40271940
2022-10-31,117,3035,49991027,40274975
2022-11-01,11,353,49991038,40275328
2022-11-02,143,3712,49991181,40279040
2022-11-03,174,4780,49991355,40283820
2022-11-04,224,4594,49991579,40288414
2022-11-05,143,2593,49991722,40291007
2022-11-06,10,259,49991732,40291266
2022-11-07,170,3222,49991902,40294488
2022-11-08,259,4239,49992161,40298727
2022-11-09,196,4321,49992357,40303048
2022-11-10,182,4575,49992539,40307623
2022-11-11,191,4216,49992730,40311839
2022-11-12,154,2362,49992884,40314201
2022-11-13,7,335,49992891,40314536
2022-11-14,150,2835,49993041,40317371
2022-11-15,201,3736,49993242,40321107
2022-11-16,216,3964,49993458,40325071
2022-11-17,193,4075,49993651,40329146
2022-11-18,247,4000,49993898,40333146
2022-11-19,112,2085,49994010,40335231
2022-11-20,24,314,49994034,40335545
2022-11-21,118,2606,49994152,40338151
2022-11-22,141,3196,49994293,40341347
2022-11-23,192,3609,49994485,40344956
2022-11-24,154,3790,49994639,40348746
2022-11-25,184,3733,49994823,40352479
2022-11-26,130,2086,49994953,40354565
2022-11-27,22,356,49994975,40354921
2022-11-28,176,2659,49995151,40357580
2022-11-29,183,3188,49995334,40360768
2022-11-30,173,3664,49995507,40364432
2022-12-01,222,3542,49995729,40367974
2022-12-02,155,3448,49995884,40371422
2022-12-03,106,1908,49995990,40373330
2022-12-04,5,291,49995995,40373621
2022-12-05,122,2674,49996117,40376295
2022-12-06,140,2722,49996257,40379017