data_somministrazione,vaccinazioni,booster,cum_vaccinazioni,cum_booster
2020-12-27,18,0,18,0
2020-12-28,2,0,20,0
2020-12-29,1,0,21,0
2020-12-30,6,0,27,0
2020-12-31,53,0,80,0
2021-01-01,20,0,100,0
2021-01-02,88,0,188,0
2021-01-03,69,0,257,0
2021-01-04,184,0,441,0
2021-01-05,226,0,667,0
2021-01-06,177,0,844,0
2021-01-07,266,0,1110,0
2021-01-08,313,0,1423,0
2021-01-09,234,0,1657,0
2021-01-10,138,0,1795,0
2021-01-11,257,0,2052,0
2021-01-12,259,0,2311,0
2021-01-13,371,0,2682,0
2021-01-14,460,0,3142,0
2021-01-15,283,0,3425,0
2021-01-16,198,0,3623,0
2021-01-17,3055,0,6678,0
2021-01-18,5206,0,11884,0
2021-01-19,1890,0,13774,0
2021-01-20,4651,0,18425,0
2021-01-21,20008,0,38433,0
2021-01-22,14201,0,52634,0
2021-01-23,33341,0,85975,0
2021-01-24,30794,0,116769,0
2021-01-25,64744,0,181513,0
2021-01-26,76508,0,258021,0
2021-01-27,64853,0,322874,0
2021-01-28,89313,0,412187,0
2021-01-29,94045,0,506232,0
2021-01-30,86584,0,592816,0
2021-01-31,57345,0,650161,0
2021-02-01,81881,0,732042,0
2021-02-02,82149,0,814191,0
2021-02-03,91201,0,905392,0
2021-02-04,95405,0,1000797,0
2021-02-05,90291,0,1091088,0
2021-02-06,63451,0,1154539,0
2021-02-07,32925,0,1187464,0
2021-02-08,40432,0,1227896,0
2021-02-09,32864,0,1260760,0
2021-02-10,28413,0,1289173,0
2021-02-11,20380,0,1309553,0
2021-02-12,16219,0,1325772,0
2021-02-13,7243,0,1333015,0
2021-02-14,2861,0,1335876,0
2021-02-15,6835,0,1342711,0
2021-02-16,6990,0,1349701,0
2021-02-17,10517,0,1360218,0
2021-02-18,9241,0,1369459,0
2021-02-19,8231,0,1377690,0
2021-02-20,5532,0,1383222,0
2021-02-21,2976,0,1386198,0
2021-02-22,6876,0,1393074,0
2021-02-23,7154,0,1400228,0
2021-02-24,9822,0,1410050,0
2021-02-25,14199,0,1424249,0
2021-02-26,17545,0,1441794,0
2021-02-27,13894,0,1455688,0
2021-02-28,9384,0,1465072,0
2021-03-01,26505,0,1491577,0
2021-03-02,33231,0,1524808,0
2021-03-03,44642,0,1569450,0
2021-03-04,50287,0,1619737,0
2021-03-05,55734,0,1675471,0
2021-03-06,41870,0,1717341,0
2021-03-07,22319,0,1739660,0
2021-03-08,50786,0,1790446,0
2021-03-09,53056,0,1843502,0
2021-03-10,58619,0,1902121,0
2021-03-11,63822,0,1965943,0
2021-03-12,65086,0,2031029,0
2021-03-13,51697,0,2082726,0
2021-03-14,35382,0,2118108,0
2021-03-15,73420,0,2191528,0
2021-03-16,74021,0,2265549,0
2021-03-17,83128,0,2348677,0
2021-03-18,81617,0,2430294,0
2021-03-19,81079,0,2511373,0
2021-03-20,64700,0,2576073,0
2021-03-21,47284,0,2623357,0
2021-03-22,69467,0,2692824,0
2021-03-23,75774,0,2768598,0
2021-03-24,90875,0,2859473,0
2021-03-25,89776,0,2949249,0
2021-03-26,83590,0,3032839,0
2021-03-27,71902,0,3104741,0
2021-03-28,44112,0,3148853,0
2021-03-29,70795,0,3219648,0
2021-03-30,81346,0,3300994,0
2021-03-31,96201,0,3397195,0
2021-04-01,95287,0,3492482,0
2021-04-02,84062,0,3576544,0
2021-04-03,64294,0,3640838,0
2021-04-04,21715,0,3662553,0
2021-04-05,40294,0,3702847,0
2021-04-06,81290,0,3784137,0
2021-04-07,95791,0,3879928,0
2021-04-08,95218,0,3975146,0
2021-04-09,88467,0,4063613,0
2021-04-10,74018,0,4137631,0
2021-04-11,44743,0,4182374,0
2021-04-12,66900,0,4249274,0
2021-04-13,72551,0,4321825,0
2021-04-14,85513,0,4407338,0
2021-04-15,105395,0,4512733,0
2021-04-16,106402,0,4619135,0
2021-04-17,90476,0,4709611,0
2021-04-18,58580,0,4768191,0
2021-04-19,93426,0,4861617,0
2021-04-20,103755,0,4965372,0
2021-04-21,125320,0,5090692,0
2021-04-22,143499,0,5234191,0
2021-04-23,138705,0,5372896,0
2021-04-24,124427,0,5497323,0
2021-04-25,61448,0,5558771,0
2021-04-26,97869,0,5656640,0
2021-04-27,128345,0,5784985,0
2021-04-28,156345,0,5941330,0
2021-04-29,195566,0,6136896,0
2021-04-30,214549,0,6351445,0
2021-05-01,174084,0,6525529,0
2021-05-02,135786,0,6661315,0
2021-05-03,141990,0,6803305,0
2021-05-04,158675,0,6961980,0
2021-05-05,170458,0,7132438,0
2021-05-06,197782,0,7330220,0
2021-05-07,213796,0,7544016,0
2021-05-08,213367,0,7757383,0
2021-05-09,143189,0,7900572,0
2021-05-10,165066,0,8065638,0
2021-05-11,174941,0,8240579,0
2021-05-12,179126,0,8419705,0
2021-05-13,203342,0,8623047,0
2021-05-14,222880,0,8845927,0
2021-05-15,210319,0,9056246,0
2021-05-16,159250,0,9215496,0
2021-05-17,219166,0,9434662,0
2021-05-18,212989,0,9647651,0
2021-05-19,207048,0,9854699,0
2021-05-20,270831,0,10125530,0
2021-05-21,270844,0,10396374,0
2021-05-22,245505,0,10641879,0
2021-05-23,197167,0,10839046,0
2021-05-24,228279,0,11067325,0
2021-05-25,245671,0,11312996,0
2021-05-26,277470,0,11590466,0
2021-05-27,311064,0,11901530,0
2021-05-28,299542,0,12201072,0
2021-05-29,231184,0,12432256,0
2021-05-30,170807,0,12603063,0
2021-05-31,216387,0,12819450,0
2021-06-01,207619,0,13027069,0
2021-06-02,115754,0,13142823,0
2021-06-03,180078,0,13322901,0
2021-06-04,184822,0,13507723,0
2021-06-05,185897,0,13693620,0
2021-06-06,139487,0,13833107,0
2021-06-07,161798,0,13994905,0
2021-06-08,171127,0,14166032,0
2021-06-09,171388,0,14337420,0
2021-06-10,173990,0,14511410,0
2021-06-11,169902,0,14681312,0
2021-06-12,128277,0,14809589,0
2021-06-13,91113,0,14900702,0
2021-06-14,214616,0,15115318,0
2021-06-15,228349,0,15343667,0
2021-06-16,253012,0,15596679,0
2021-06-17,301674,0,15898353,0
2021-06-18,306229,0,16204582,0
2021-06-19,275026,0,16479608,0
2021-06-20,220696,0,16700304,0
2021-06-21,288012,0,16988316,0
2021-06-22,296161,0,17284477,0
2021-06-23,302650,0,17587127,0
2021-06-24,332528,0,17919655,0
2021-06-25,348678,0,18268333,0
2021-06-26,300076,0,18568409,0
2021-06-27,228596,0,18797005,0
2021-06-28,307012,0,19104017,0
2021-06-29,329203,0,19433220,0
2021-06-30,342073,0,19775293,0
2021-07-01,363132,0,20138425,0
2021-07-02,368415,0,20506840,0
2021-07-03,371054,0,20877894,0
2021-07-04,283180,0,21161074,0
2021-07-05,384494,0,21545568,0
2021-07-06,385420,0,21930988,0
2021-07-07,412046,0,22343034,0
2021-07-08,479631,0,22822665,0
2021-07-09,498506,0,23321171,0
2021-07-10,475179,0,23796350,0
2021-07-11,357705,0,24154055,0
2021-07-12,485921,0,24639976,0
2021-07-13,492157,0,25132133,0
2021-07-14,480486,0,25612619,0
2021-07-15,523519,0,26136138,0
2021-07-16,509793,0,26645931,0
2021-07-17,464379,0,27110310,0
2021-07-18,364706,0,27475016,0
2021-07-19,463084,0,27938100,0
2021-07-20,458100,0,28396200,0
2021-07-21,462820,0,28859020,0
2021-07-22,475397,0,29334417,0
2021-07-23,441309,0,29775726,0
2021-07-24,386189,0,30161915,0
2021-07-25,287612,0,30449527,0
2021-07-26,430907,0,30880434,0
2021-07-27,440132,0,31320566,0
2021-07-28,391024,0,31711590,0
2021-07-29,372083,0,32083673,0
2021-07-30,341485,0,32425158,0
2021-07-31,286997,0,32712155,0
2021-08-01,191016,0,32903171,0
2021-08-02,333725,0,33236896,0
2021-08-03,323180,0,33560076,0
2021-08-04,310965,0,33871041,0
2021-08-05,292514,0,34163555,0
2021-08-06,259989,0,34423544,0
2021-08-07,199034,0,34622578,0
2021-08-08,153103,0,34775681,0
2021-08-09,234069,0,35009750,0
2021-08-10,205239,0,35214989,0
2021-08-11,193738,0,35408727,0
2021-08-12,167951,0,35576678,0
2021-08-13,148578,0,35725256,0
2021-08-14,66081,0,35791337,0
2021-08-15,26329,0,35817666,0
2021-08-16,114665,0,35932331,0
2021-08-17,129232,0,36061563,0
2021-08-18,128723,0,36190286,0
2021-08-19,124775,0,36315061,0
2021-08-20,123776,0,36438837,0
2021-08-21,83102,0,36521939,0
2021-08-22,68160,0,36590099,0
2021-08-23,176868,0,36766967,0
2021-08-24,156896,0,36923863,0
2021-08-25,177162,0,37101025,0
2021-08-26,172346,0,37273371,0
2021-08-27,185858,0,37459229,0
2021-08-28,140265,0,37599494,0
2021-08-29,99008,0,37698502,0
2021-08-30,209634,0,37908136,0
2021-08-31,194625,0,38102761,0
2021-09-01,192212,0,38294973,0
2021-09-02,189938,0,38484911,0
2021-09-03,191355,0,38676266,0
2021-09-04,131491,0,38807757,0
2021-09-05,87877,0,38895634,0
2021-09-06,193665,0,39089299,0
2021-09-07,196074,0,39285373,0
2021-09-08,187916,0,39473289,0
2021-09-09,201480,0,39674769,0
2021-09-10,198120,0,39872889,0
2021-09-11,141335,0,40014224,0
2021-09-12,89606,0,40103830,0
2021-09-13,191189,520,40295019,520
2021-09-14,177278,552,40472297,1072
2021-09-15,163130,559,40635427,1631
2021-09-16,160101,901,40795528,2532
2021-09-17,150171,1095,40945699,3627
2021-09-18,127976,717,41073675,4344
2021-09-19,81134,479,41154809,4823
2021-09-20,180081,9051,41334890,13874
2021-09-21,166617,8817,41501507,22691
2021-09-22,159070,9417,41660577,32108
2021-09-23,138069,9308,41798646,41416
2021-09-24,140530,8942,41939176,50358
2021-09-25,119539,5624,42058715,55982
2021-09-26,71946,4333,42130661,60315
2021-09-27,135624,10032,42266285,70347
2021-09-28,117475,11370,42383760,81717
2021-09-29,112310,11820,42496070,93537
2021-09-30,110215,14929,42606285,108466
2021-10-01,94965,19097,42701250,127563
2021-10-02,78461,14010,42779711,141573
2021-10-03,47716,7651,42827427,149224
2021-10-04,88369,34436,42915796,183660
2021-10-05,80353,33963,42996149,217623
2021-10-06,71970,34149,43068119,251772
2021-10-07,71840,34335,43139959,286107
2021-10-08,80613,33581,43220572,319688
2021-10-09,76093,22159,43296665,341847
2021-10-10,45770,13610,43342435,355457
2021-10-11,87395,41094,43429830,396551
2021-10-12,84481,46885,43514311,443436
2021-10-13,88182,52098,43602493,495534
2021-10-14,91517,58488,43694010,554022
2021-10-15,93580,55605,43787590,609627
2021-10-16,82951,36770,43870541,646397
2021-10-17,51456,23820,43921997,670217
2021-10-18,90286,59467,44012283,729684
2021-10-19,78334,69364,44090617,799048
2021-10-20,75075,78143,44165692,877191
2021-10-21,78306,81736,44243998,958927
2021-10-22,73796,77006,44317794,1035933
2021-10-23,60813,51945,44378607,1087878
2021-10-24,33383,23440,44411990,1111318
2021-10-25,64903,81614,44476893,1192932
2021-10-26,58369,91767,44535262,1284699
2021-10-27,58328,103953,44593590,1388652
2021-10-28,61465,114093,44655055,1502745
2021-10-29,61666,103096,44716721,1605841
2021-10-30,50673,68106,44767394,1673947
2021-10-31,25168,28280,44792562,1702227
2021-11-01,19048,28145,44811610,1730372
2021-11-02,62775,89356,44874385,1819728
2021-11-03,60732,118653,44935117,1938381
2021-11-04,59245,126648,44994362,2065029
2021-11-05,63098,135160,45057460,2200189
2021-11-06,46470,90920,45103930,2291109
2021-11-07,22253,37891,45126183,2329000
2021-11-08,51527,131248,45177710,2460248
2021-11-09,45404,144182,45223114,2604430
2021-11-10,42576,156339,45265690,2760769
2021-11-11,44933,155126,45310623,2915895
2021-11-12,46371,158557,45356994,3074452
2021-11-13,33254,116639,45390248,3191091
2021-11-14,14476,52445,45404724,3243536
2021-11-15,36895,157411,45441619,3400947
2021-11-16,30541,171366,45472160,3572313
2021-11-17,28440,178426,45500600,3750739
2021-11-18,30275,193706,45530875,3944445
2021-11-19,28787,205840,45559662,4150285
2021-11-20,20986,156433,45580648,4306718
2021-11-21,10603,64853,45591251,4371571
2021-11-22,21922,213136,45613173,4584707
2021-11-23,23554,241735,45636727,4826442
2021-11-24,27822,270933,45664549,5097375
2021-11-25,23219,301892,45687768,5399267
2021-11-26,24558,318256,45712326,5717523
2021-11-27,21363,266145,45733689,5983668
2021-11-28,9888,137052,45743577,6120720
2021-11-29,22306,326054,45765883,6446774
2021-11-30,23065,365813,45788948,6812587
2021-12-01,21501,413490,45810449,7226077
2021-12-02,23738,440381,45834187,7666458
2021-12-03,25208,467443,45859395,8133901
2021-12-04,22331,418718,45881726,8552619
2021-12-05,11902,261328,45893628,8813947
2021-12-06,25790,457553,45919418,9271500
2021-12-07,24094,480238,45943512,9751738
2021-12-08,9983,249674,45953495,10001412
2021-12-09,31539,491905,45985034,10493317
2021-12-10,28026,517851,46013060,11011168
2021-12-11,23531,459236,46036591,11470404
2021-12-12,12285,293489,46048876,11763893
2021-12-13,26117,467611,46074993,12231504
2021-12-14,25139,494179,46100132,12725683
2021-12-15,25292,517121,46125424,13242804
2021-12-16,27842,520227,46153266,13763031
2021-12-17,29308,517148,46182574,14280179
2021-12-18,26996,468705,46209570,14748884
2021-12-19,15118,300508,46224688,15049392
2021-12-20,30583,477459,46255271,15526851
2021-12-21,30318,493363,46285589,16020214
2021-12-22,29398,484688,46314987,16504902
2021-12-23,28185,426886,46343172,16931788
2021-12-24,13098,210815,46356270,17142603
2021-12-25,2101,33052,46358371,17175655
2021-12-26,8744,159061,46367115,17334716
2021-12-27,46714,504639,46413829,17839355
2021-12-28,42388,554183,46456217,18393538
2021-12-29,34246,550633,46490463,18944171
2021-12-30,31756,499804,46522219,19443975
2021-12-31,14080,247389,46536299,19691364
2022-01-01,3488,64811,46539787,19756175
2022-01-02,22701,276716,46562488,20032891
2022-01-03,47707,520003,46610195,20552894
2022-01-04,46212,572062,46656407,21124956
2022-01-05,40610,560371,46697017,21685327
2022-01-06,23402,274477,46720419,21959804
2022-01-07,63524,554171,46783943,22513975
2022-01-08,60672,503366,46844615,23017341
2022-01-09,42689,319681,46887304,23337022
2022-01-10,60921,542263,46948225,23879285
2022-01-11,61533,586973,47009758,24466258
2022-01-12,58272,581266,47068030,25047524
2022-01-13,58415,580363,47126445,25627887
2022-01-14,46597,588549,47173042,26216436
2022-01-15,39134,569927,47212176,26786363
2022-01-16,31051,341846,47243227,27128209
2022-01-17,54630,489641,47297857,27617850
2022-01-18,58247,517000,47356104,28134850
2022-01-19,57067,502773,47413171,28637623
2022-01-20,54205,498800,47467376,29136423
2022-01-21,41919,493856,47509295,29630279
2022-01-22,31018,469583,47540313,30099862
2022-01-23,34824,275359,47575137,30375221
2022-01-24,56084,437203,47631221,30812424
2022-01-25,61446,452078,47692667,31264502
2022-01-26,58439,435807,47751106,31700309
2022-01-27,48756,432346,47799862,32132655
2022-01-28,58563,436517,47858425,32569172
2022-01-29,68000,412470,47926425,32981642
2022-01-30,50298,235960,47976723,33217602
2022-01-31,60489,356915,48037212,33574517
2022-02-01,65438,328420,48102650,33902937
2022-02-02,63093,296950,48165743,34199887
2022-02-03,59969,274506,48225712,34474393
2022-02-04,72283,268434,48297995,34742827
2022-02-05,83672,248519,48381667,34991346
2022-02-06,55226,116190,48436893,35107536
2022-02-07,65077,199925,48501970,35307461
2022-02-08,66868,186099,48568838,35493560
2022-02-09,58693,166327,48627531,35659887
2022-02-10,58489,163228,48686020,35823115
2022-02-11,62171,162448,48748191,35985563
2022-02-12,71914,152132,48820105,36137695
2022-02-13,41444,68848,48861549,36206543
2022-02-14,46634,116180,48908183,36322723
2022-02-15,48475,123477,48956658,36446200
2022-02-16,45634,106106,49002292,36552306
2022-02-17,42832,98096,49045124,36650402
2022-02-18,46574,112565,49091698,36762967
2022-02-19,52498,100325,49144196,36863292
2022-02-20,31404,40358,49175600,36903650
2022-02-21,37873,89637,49213473,36993287
2022-02-22,37183,83763,49250656,37077050
2022-02-23,33363,79401,49284019,37156451
2022-02-24,32536,78158,49316555,37234609
2022-02-25,34734,90701,49351289,37325310
2022-02-26,39132,89131,49390421,37414441
2022-02-27,22535,35855,49412956,37450296
2022-02-28,28453,81689,49441409,37531985
2022-03-01,22680,53932,49464089,37585917
2022-03-02,21978,50624,49486067,37636541
2022-03-03,22585,54939,49508652,37691480
2022-03-04,23201,62788,49531853,37754268
2022-03-05,23765,57949,49555618,37812217
2022-03-06,9468,17199,49565086,37829416
2022-03-07,15888,51387,49580974,37880803
2022-03-08,15435,48796,49596409,37929599
2022-03-09,13788,46511,49610197,37976110
2022-03-10,14016,52115,49624213,38028225
2022-03-11,15549,57246,49639762,38085471
2022-03-12,15478,56611,49655240,38142082
2022-03-13,5540,16848,49660780,38158930
2022-03-14,10513,46690,49671293,38205620
2022-03-15,10523,46892,49681816,38252512
2022-03-16,9463,41975,49691279,38294487
2022-03-17,9693,44874,49700972,38339361
2022-03-18,10144,49046,49711116,38388407
2022-03-19,9138,46531,49720254,38434938
2022-03-20,2603,11699,49722857,38446637
2022-03-21,7565,40217,49730422,38486854
2022-03-22,8431,37744,49738853,38524598
2022-03-23,7201,33695,49746054,38558293
2022-03-24,8239,38793,49754293,38597086
2022-03-25,8111,43660,49762404,38640746
2022-03-26,8117,41717,49770521,38682463
2022-03-27,2425,9683,49772946,38692146
2022-03-28,6093,35228,49779039,38727374
2022-03-29,5772,32522,49784811,38759896
2022-03-30,5550,30193,49790361,38790089
2022-03-31,5875,33166,49796236,38823255
2022-04-01,4339,25178,49800575,38848433
2022-04-02,4485,23270,49805060,38871703
2022-04-03,1045,4499,49806105,38876202
2022-04-04,3648,21532,49809753,38897734
2022-04-05,3743,22922,49813496,38920656
2022-04-06,4093,21837,49817589,38942493
2022-04-07,3948,23318,49821537,38965811
2022-04-08,4681,26707,49826218,38992518
2022-04-09,4373,23883,49830591,39016401
2022-04-10,892,4614,49831483,39021015
2022-04-11,3798,22681,49835281,39043696
2022-04-12,3351,21774,49838632,39065470
2022-04-13,3553,21334,49842185,39086804
2022-04-14,3477,23772,49845662,39110576
2022-04-15,3076,20613,49848738,39131189
2022-04-16,2145,11920,49850883,39143109
2022-04-17,63,348,49850946,39143457
2022-04-18,148,650,49851094,39144107
2022-04-19,3480,21976,49854574,39166083
2022-04-20,3491,20249,49858065,39186332
2022-04-21,2834,19774,49860899,39206106
2022-04-22,2912,20694,49863811,39226800
2022-04-23,2634,16205,49866445,39243005
2022-04-24,509,2335,49866954,39245340
2022-04-25,183,1165,49867137,39246505
2022-04-26,2756,17790,49869893,39264295
2022-04-27,2362,15777,49872255,39280072
2022-04-28,2345,15533,49874600,39295605
2022-04-29,2287,14831,49876887,39310436
2022-04-30,2116,11577,49879003,39322013
2022-05-01,113,530,49879116,39322543
2022-05-02,1443,9380,49880559,39331923
2022-05-03,1569,10307,49882128,39342230
2022-05-04,1744,10254,49883872,39352484
2022-05-05,1647,10273,49885519,39362757
2022-05-06,1693,10943,49887212,39373700
2022-05-07,1431,8561,49888643,39382261
2022-05-08,404,1514,49889047,39383775
2022-05-09,1023,8914,49890070,39392689
2022-05-10,1418,9536,49891488,39402225
2022-05-11,1476,10087,49892964,39412312
2022-05-12,1362,10117,49894326,39422429
2022-05-13,1587,10505,49895913,39432934
2022-05-14,1355,8226,49897268,39441160
2022-05-15,336,1129,49897604,39442289
2022-05-16,809,8388,49898413,39450677
2022-05-17,1239,8665,49899652,39459342
2022-05-18,1368,9208,49901020,39468550
2022-05-19,1496,9265,49902516,39477815
2022-05-20,1419,9488,49903935,39487303
2022-05-21,1299,7891,49905234,39495194
2022-05-22,232,1011,49905466,39496205
2022-05-23,824,8259,49906290,39504464
2022-05-24,1069,8663,49907359,39513127
2022-05-25,1363,9443,49908722,39522570
2022-05-26,1192,9452,49909914,39532022
2022-05-27,1223,9908,49911137,39541930
2022-05-28,1201,7873,49912338,39549803
2022-05-29,285,1263,49912623,39551066
2022-05-30,926,8023,49913549,39559089
2022-05-31,1032,8529,49914581,39567618
2022-06-01,890,7642,49915471,39575260
2022-06-02,34,474,49915505,39575734
2022-06-03,811,7327,49916316,39583061
2022-06-04,869,5155,49917185,39588216
2022-06-05,89,586,49917274,39588802
2022-06-06,670,6963,49917944,39595765
2022-06-07,928,7841,49918872,39603606
2022-06-08,977,7896,49919849,39611502
2022-06-09,1031,8398,49920880,39619900
2022-06-10,949,8534,49921829,39628434
2022-06-11,897,6208,49922726,39634642
2022-06-12,140,767,49922866,39635409
2022-06-13,601,6292,49923467,39641701
2022-06-14,824,7870,49924291,39649571
2022-06-15,949,7842,49925240,39657413
2022-06-16,726,7382,49925966,39664795
2022-06-17,715,7232,49926681,39672027
2022-06-18,775,5587,49927456,39677614
2022-06-19,47,522,49927503,39678136
2022-06-20,587,6694,49928090,39684830
2022-06-21,730,7636,49928820,39692466
2022-06-22,775,7299,49929595,39699765
2022-06-23,646,7454,49930241,39707219
2022-06-24,638,7454,49930879,39714673
2022-06-25,835,6531,49931714,39721204
2022-06-26,128,523,49931842,39721727
2022-06-27,528,7110,49932370,39728837
2022-06-28,741,8190,49933111,39737027
2022-06-29,754,7710,49933865,39744737
2022-06-30,741,8128,49934606,39752865
2022-07-01,576,6434,49935182,39759299
2022-07-02,535,4763,49935717,39764062
2022-07-03,49,456,49935766,39764518
2022-07-04,468,6260,49936234,39770778
2022-07-05,617,8104,49936851,39778882
2022-07-06,622,7576,49937473,39786458
2022-07-07,561,8244,49938034,39794702
2022-07-08,667,8066,49938701,39802768
2022-07-09,548,6101,49939249,39808869
2022-07-10,58,533,49939307,39809402
2022-07-11,473,7623,49939780,39817025
2022-07-12,648,8962,49940428,39825987
2022-07-13,624,10055,49941052,39836042
2022-07-14,618,10174,49941670,39846216
2022-07-15,616,10613,49942286,39856829
2022-07-16,511,7194,49942797,39864023
2022-07-17,48,767,49942845,39864790
2022-07-18,493,9324,49943338,39874114
2022-07-19,558,10606,49943896,39884720
2022-07-20,556,11198,49944452,39895918
2022-07-21,615,11949,49945067,39907867
2022-07-22,562,11162,49945629,39919029
2022-07-23,373,6693,49946002,39925722
2022-07-24,75,834,49946077,39926556
2022-07-25,488,8999,49946565,39935555
2022-07-26,512,9664,49947077,39945219
2022-07-27,522,10009,49947599,39955228
2022-07-28,516,10302,49948115,39965530
2022-07-29,484,9179,49948599,39974709
2022-07-30,375,5748,49948974,39980457
2022-07-31,49,734,49949023,39981191
2022-08-01,409,6593,49949432,39987784