data_somministrazione,vaccinazioni,booster,cum_vaccinazioni,cum_booster
2020-12-27,21,0,21,0
2020-12-28,2,0,23,0
2020-12-29,1,0,24,0
2020-12-30,9,0,33,0
2020-12-31,80,0,113,0
2021-01-01,26,0,139,0
2021-01-02,146,0,285,0
2021-01-03,111,0,396,0
2021-01-04,243,0,639,0
2021-01-05,286,0,925,0
2021-01-06,258,0,1183,0
2021-01-07,327,0,1510,0
2021-01-08,383,0,1893,0
2021-01-09,286,0,2179,0
2021-01-10,168,0,2347,0
2021-01-11,311,0,2658,0
2021-01-12,287,0,2945,0
2021-01-13,420,0,3365,0
2021-01-14,505,0,3870,0
2021-01-15,323,0,4193,0
2021-01-16,225,0,4418,0
2021-01-17,3065,0,7483,0
2021-01-18,5220,0,12703,0
2021-01-19,1895,0,14598,0
2021-01-20,4659,0,19257,0
2021-01-21,20004,0,39261,0
2021-01-22,14220,0,53481,0
2021-01-23,33320,0,86801,0
2021-01-24,30775,0,117576,0
2021-01-25,64701,0,182277,0
2021-01-26,76459,0,258736,0
2021-01-27,64806,0,323542,0
2021-01-28,89249,0,412791,0
2021-01-29,93991,0,506782,0
2021-01-30,86542,0,593324,0
2021-01-31,57324,0,650648,0
2021-02-01,81833,0,732481,0
2021-02-02,82132,0,814613,0
2021-02-03,91105,0,905718,0
2021-02-04,95382,0,1001100,0
2021-02-05,90267,0,1091367,0
2021-02-06,63450,0,1154817,0
2021-02-07,32934,0,1187751,0
2021-02-08,40420,0,1228171,0
2021-02-09,32880,0,1261051,0
2021-02-10,28437,0,1289488,0
2021-02-11,20407,0,1309895,0
2021-02-12,16251,0,1326146,0
2021-02-13,7280,0,1333426,0
2021-02-14,2862,0,1336288,0
2021-02-15,6848,0,1343136,0
2021-02-16,7006,0,1350142,0
2021-02-17,10527,0,1360669,0
2021-02-18,9257,0,1369926,0
2021-02-19,8259,0,1378185,0
2021-02-20,5581,0,1383766,0
2021-02-21,3015,0,1386781,0
2021-02-22,6883,0,1393664,0
2021-02-23,7189,0,1400853,0
2021-02-24,9815,0,1410668,0
2021-02-25,14213,0,1424881,0
2021-02-26,17562,0,1442443,0
2021-02-27,13923,0,1456366,0
2021-02-28,9398,0,1465764,0
2021-03-01,26529,0,1492293,0
2021-03-02,33247,0,1525540,0
2021-03-03,44652,0,1570192,0
2021-03-04,50300,0,1620492,0
2021-03-05,55745,0,1676237,0
2021-03-06,41885,0,1718122,0
2021-03-07,22332,0,1740454,0
2021-03-08,50843,0,1791297,0
2021-03-09,53096,0,1844393,0
2021-03-10,58696,0,1903089,0
2021-03-11,63893,0,1966982,0
2021-03-12,65140,0,2032122,0
2021-03-13,51731,0,2083853,0
2021-03-14,35423,0,2119276,0
2021-03-15,73463,0,2192739,0
2021-03-16,74030,0,2266769,0
2021-03-17,83143,0,2349912,0
2021-03-18,81632,0,2431544,0
2021-03-19,81090,0,2512634,0
2021-03-20,64740,0,2577374,0
2021-03-21,47309,0,2624683,0
2021-03-22,69508,0,2694191,0
2021-03-23,75819,0,2770010,0
2021-03-24,90934,0,2860944,0
2021-03-25,89829,0,2950773,0
2021-03-26,83642,0,3034415,0
2021-03-27,71960,0,3106375,0
2021-03-28,44188,0,3150563,0
2021-03-29,70849,0,3221412,0
2021-03-30,81419,0,3302831,0
2021-03-31,96265,0,3399096,0
2021-04-01,95339,0,3494435,0
2021-04-02,84091,0,3578526,0
2021-04-03,64314,0,3642840,0
2021-04-04,21726,0,3664566,0
2021-04-05,40321,0,3704887,0
2021-04-06,81343,0,3786230,0
2021-04-07,95846,0,3882076,0
2021-04-08,95262,0,3977338,0
2021-04-09,88509,0,4065847,0
2021-04-10,74038,0,4139885,0
2021-04-11,44775,0,4184660,0
2021-04-12,66928,0,4251588,0
2021-04-13,72600,0,4324188,0
2021-04-14,85559,0,4409747,0
2021-04-15,105429,0,4515176,0
2021-04-16,106434,0,4621610,0
2021-04-17,90530,0,4712140,0
2021-04-18,58597,0,4770737,0
2021-04-19,93445,0,4864182,0
2021-04-20,103781,0,4967963,0
2021-04-21,125345,0,5093308,0
2021-04-22,143537,0,5236845,0
2021-04-23,138761,0,5375606,0
2021-04-24,124453,0,5500059,0
2021-04-25,61471,0,5561530,0
2021-04-26,97917,0,5659447,0
2021-04-27,128381,0,5787828,0
2021-04-28,156402,0,5944230,0
2021-04-29,195623,0,6139853,0
2021-04-30,214621,0,6354474,0
2021-05-01,174150,0,6528624,0
2021-05-02,135814,0,6664438,0
2021-05-03,142077,0,6806515,0
2021-05-04,158720,0,6965235,0
2021-05-05,170555,0,7135790,0
2021-05-06,197834,0,7333624,0
2021-05-07,213880,0,7547504,0
2021-05-08,213448,0,7760952,0
2021-05-09,143220,0,7904172,0
2021-05-10,165107,0,8069279,0
2021-05-11,175014,0,8244293,0
2021-05-12,179235,0,8423528,0
2021-05-13,203425,0,8626953,0
2021-05-14,222949,0,8849902,0
2021-05-15,210399,0,9060301,0
2021-05-16,159292,0,9219593,0
2021-05-17,219223,0,9438816,0
2021-05-18,213036,0,9651852,0
2021-05-19,207107,0,9858959,0
2021-05-20,270900,0,10129859,0
2021-05-21,270916,0,10400775,0
2021-05-22,245552,0,10646327,0
2021-05-23,197197,0,10843524,0
2021-05-24,228312,0,11071836,0
2021-05-25,245702,0,11317538,0
2021-05-26,277574,0,11595112,0
2021-05-27,311106,0,11906218,0
2021-05-28,299594,0,12205812,0
2021-05-29,231258,0,12437070,0
2021-05-30,170858,0,12607928,0
2021-05-31,216441,0,12824369,0
2021-06-01,207643,0,13032012,0
2021-06-02,115807,0,13147819,0
2021-06-03,180180,0,13327999,0
2021-06-04,184930,0,13512929,0
2021-06-05,186008,0,13698937,0
2021-06-06,139600,0,13838537,0
2021-06-07,161916,0,14000453,0
2021-06-08,171300,0,14171753,0
2021-06-09,171532,0,14343285,0
2021-06-10,174174,0,14517459,0
2021-06-11,170052,0,14687511,0
2021-06-12,128413,0,14815924,0
2021-06-13,91240,0,14907164,0
2021-06-14,214713,0,15121877,0
2021-06-15,228471,0,15350348,0
2021-06-16,253121,0,15603469,0
2021-06-17,301795,0,15905264,0
2021-06-18,306340,0,16211604,0
2021-06-19,275131,0,16486735,0
2021-06-20,220831,0,16707566,0
2021-06-21,288113,0,16995679,0
2021-06-22,296264,0,17291943,0
2021-06-23,302715,0,17594658,0
2021-06-24,332629,0,17927287,0
2021-06-25,348744,0,18276031,0
2021-06-26,300151,0,18576182,0
2021-06-27,228703,0,18804885,0
2021-06-28,307165,0,19112050,0
2021-06-29,329348,0,19441398,0
2021-06-30,342237,0,19783635,0
2021-07-01,363256,0,20146891,0
2021-07-02,368514,0,20515405,0
2021-07-03,371106,0,20886511,0
2021-07-04,283245,0,21169756,0
2021-07-05,384570,0,21554326,0
2021-07-06,385498,0,21939824,0
2021-07-07,412143,0,22351967,0
2021-07-08,479592,0,22831559,0
2021-07-09,498466,0,23330025,0
2021-07-10,475176,0,23805201,0
2021-07-11,357689,0,24162890,0
2021-07-12,485874,0,24648764,0
2021-07-13,492071,0,25140835,0
2021-07-14,480431,0,25621266,0
2021-07-15,523414,0,26144680,0
2021-07-16,509745,0,26654425,0
2021-07-17,464321,0,27118746,0
2021-07-18,364630,0,27483376,0
2021-07-19,463035,0,27946411,0
2021-07-20,458044,0,28404455,0
2021-07-21,462787,0,28867242,0
2021-07-22,475373,0,29342615,0
2021-07-23,441326,0,29783941,0
2021-07-24,386148,0,30170089,0
2021-07-25,287545,0,30457634,0
2021-07-26,430893,0,30888527,0
2021-07-27,440107,0,31328634,0
2021-07-28,391016,0,31719650,0
2021-07-29,372072,0,32091722,0
2021-07-30,341522,0,32433244,0
2021-07-31,287048,0,32720292,0
2021-08-01,190997,0,32911289,0
2021-08-02,333702,0,33244991,0
2021-08-03,323191,0,33568182,0
2021-08-04,310993,0,33879175,0
2021-08-05,292478,0,34171653,0
2021-08-06,260043,0,34431696,0
2021-08-07,199067,0,34630763,0
2021-08-08,153108,0,34783871,0
2021-08-09,234081,0,35017952,0
2021-08-10,205292,0,35223244,0
2021-08-11,193798,0,35417042,0
2021-08-12,168074,0,35585116,0
2021-08-13,148675,0,35733791,0
2021-08-14,66105,0,35799896,0
2021-08-15,26343,0,35826239,0
2021-08-16,114718,0,35940957,0
2021-08-17,129257,0,36070214,0
2021-08-18,128765,0,36198979,0
2021-08-19,124863,0,36323842,0
2021-08-20,123799,0,36447641,0
2021-08-21,83134,0,36530775,0
2021-08-22,68182,0,36598957,0
2021-08-23,176869,0,36775826,0
2021-08-24,156890,0,36932716,0
2021-08-25,177169,0,37109885,0
2021-08-26,172353,0,37282238,0
2021-08-27,185831,0,37468069,0
2021-08-28,140292,0,37608361,0
2021-08-29,98994,0,37707355,0
2021-08-30,209585,0,37916940,0
2021-08-31,194642,0,38111582,0
2021-09-01,192218,0,38303800,0
2021-09-02,189924,0,38493724,0
2021-09-03,191280,0,38685004,0
2021-09-04,131442,0,38816446,0
2021-09-05,87840,0,38904286,0
2021-09-06,193599,0,39097885,0
2021-09-07,196036,0,39293921,0
2021-09-08,187860,0,39481781,0
2021-09-09,201419,0,39683200,0
2021-09-10,198052,0,39881252,0
2021-09-11,141290,0,40022542,0
2021-09-12,89591,0,40112133,0
2021-09-13,191102,656,40303235,656
2021-09-14,177207,657,40480442,1313
2021-09-15,163079,654,40643521,1967
2021-09-16,160039,1011,40803560,2978
2021-09-17,150153,1173,40953713,4151
2021-09-18,127981,783,41081694,4934
2021-09-19,81142,511,41162836,5445
2021-09-20,180059,9136,41342895,14581
2021-09-21,166675,8864,41509570,23445
2021-09-22,159117,9465,41668687,32910
2021-09-23,138108,9358,41806795,42268
2021-09-24,140547,9020,41947342,51288
2021-09-25,119561,5676,42066903,56964
2021-09-26,71993,4367,42138896,61331
2021-09-27,135673,10086,42274569,71417
2021-09-28,117521,11431,42392090,82848
2021-09-29,112380,11854,42504470,94702
2021-09-30,110294,14982,42614764,109684
2021-10-01,95003,19144,42709767,128828
2021-10-02,78523,14047,42788290,142875
2021-10-03,47759,7671,42836049,150546
2021-10-04,88393,34488,42924442,185034
2021-10-05,80382,34023,43004824,219057
2021-10-06,72010,34217,43076834,253274
2021-10-07,71881,34379,43148715,287653
2021-10-08,80648,33625,43229363,321278
2021-10-09,76115,22201,43305478,343479
2021-10-10,45792,13632,43351270,357111
2021-10-11,87446,41136,43438716,398247
2021-10-12,84517,46937,43523233,445184
2021-10-13,88222,52172,43611455,497356
2021-10-14,91559,58561,43703014,555917
2021-10-15,93598,55685,43796612,611602
2021-10-16,82977,36829,43879589,648431
2021-10-17,51461,23863,43931050,672294
2021-10-18,90301,59526,44021351,731820
2021-10-19,78354,69420,44099705,801240
2021-10-20,75061,78212,44174766,879452
2021-10-21,78281,81824,44253047,961276
2021-10-22,73768,77086,44326815,1038362
2021-10-23,60838,51976,44387653,1090338
2021-10-24,33371,23480,44421024,1113818
2021-10-25,64894,81671,44485918,1195489
2021-10-26,58374,91840,44544292,1287329
2021-10-27,58318,104042,44602610,1391371
2021-10-28,61443,114165,44664053,1505536
2021-10-29,61625,103197,44725678,1608733
2021-10-30,50673,68157,44776351,1676890
2021-10-31,25161,28312,44801512,1705202
2021-11-01,19050,28159,44820562,1733361
2021-11-02,62736,89446,44883298,1822807
2021-11-03,60717,118704,44944015,1941511
2021-11-04,59236,126708,45003251,2068219
2021-11-05,63090,135232,45066341,2203451
2021-11-06,46496,90943,45112837,2294394
2021-11-07,22248,37907,45135085,2332301
2021-11-08,51525,131299,45186610,2463600
2021-11-09,45402,144237,45232012,2607837
2021-11-10,42594,156378,45274606,2764215
2021-11-11,44928,155176,45319534,2919391
2021-11-12,46296,158711,45365830,3078102
2021-11-13,33272,116682,45399102,3194784
2021-11-14,14489,52462,45413591,3247246
2021-11-15,36909,157445,45450500,3404691
2021-11-16,30569,171414,45481069,3576105
2021-11-17,28469,178470,45509538,3754575
2021-11-18,30296,193769,45539834,3948344
2021-11-19,28823,205890,45568657,4154234
2021-11-20,21013,156460,45589670,4310694
2021-11-21,10612,64870,45600282,4375564
2021-11-22,21959,213164,45622241,4588728
2021-11-23,23607,241803,45645848,4830531
2021-11-24,27767,271104,45673615,5101635
2021-11-25,23273,301950,45696888,5403585
2021-11-26,24601,318312,45721489,5721897
2021-11-27,21417,266172,45742906,5988069
2021-11-28,9909,137072,45752815,6125141
2021-11-29,22368,326082,45775183,6451223
2021-11-30,23123,365860,45798306,6817083
2021-12-01,21560,413547,45819866,7230630
2021-12-02,23798,440445,45843664,7671075
2021-12-03,25282,467546,45868946,8138621
2021-12-04,22388,418811,45891334,8557432
2021-12-05,11944,261369,45903278,8818801
2021-12-06,25847,457636,45929125,9276437
2021-12-07,24168,480309,45953293,9756746
2021-12-08,10032,249722,45963325,10006468
2021-12-09,31624,491966,45994949,10498434
2021-12-10,28106,517937,46023055,11016371
2021-12-11,23595,459285,46046650,11475656
2021-12-12,12327,293536,46058977,11769192
2021-12-13,26183,467660,46085160,12236852
2021-12-14,25206,494243,46110366,12731095
2021-12-15,25377,517192,46135743,13248287
2021-12-16,27932,520310,46163675,13768597
2021-12-17,29400,517229,46193075,14285826
2021-12-18,27118,468787,46220193,14754613
2021-12-19,15173,300545,46235366,15055158
2021-12-20,30678,477513,46266044,15532671
2021-12-21,30418,493449,46296462,16026120
2021-12-22,29492,484759,46325954,16510879
2021-12-23,28290,426970,46354244,16937849
2021-12-24,13124,210846,46367368,17148695
2021-12-25,2104,33052,46369472,17181747
2021-12-26,8780,159078,46378252,17340825
2021-12-27,46851,504699,46425103,17845524
2021-12-28,42513,554265,46467616,18399789
2021-12-29,34402,550684,46502018,18950473
2021-12-30,31900,499869,46533918,19450342
2021-12-31,14151,247409,46548069,19697751
2022-01-01,3501,64814,46551570,19762565
2022-01-02,22835,276728,46574405,20039293
2022-01-03,47954,520037,46622359,20559330
2022-01-04,46486,572106,46668845,21131436
2022-01-05,40858,560430,46709703,21691866
2022-01-06,23540,274491,46733243,21966357
2022-01-07,63804,554225,46797047,22520582
2022-01-08,60987,503424,46858034,23024006
2022-01-09,42972,319706,46901006,23343712
2022-01-10,61183,542330,46962189,23886042
2022-01-11,61865,587039,47024054,24473081
2022-01-12,58565,581316,47082619,25054397
2022-01-13,58722,580434,47141341,25634831
2022-01-14,46952,588621,47188293,26223452
2022-01-15,39582,569995,47227875,26793447
2022-01-16,31329,341895,47259204,27135342
2022-01-17,54859,489692,47314063,27625034
2022-01-18,58476,517056,47372539,28142090
2022-01-19,57272,502827,47429811,28644917
2022-01-20,54428,498866,47484239,29143783
2022-01-21,42189,493899,47526428,29637682
2022-01-22,31304,469623,47557732,30107305
2022-01-23,34984,275390,47592716,30382695
2022-01-24,56231,437254,47648947,30819949
2022-01-25,61604,452135,47710551,31272084
2022-01-26,58597,435851,47769148,31707935
2022-01-27,48896,432411,47818044,32140346
2022-01-28,58758,436566,47876802,32576912
2022-01-29,68197,412518,47944999,32989430
2022-01-30,50413,235989,47995412,33225419
2022-01-31,60717,356950,48056129,33582369
2022-02-01,65614,328474,48121743,33910843
2022-02-02,63252,296999,48184995,34207842
2022-02-03,60094,274538,48245089,34482380
2022-02-04,72416,268473,48317505,34750853
2022-02-05,83817,248559,48401322,34999412
2022-02-06,55310,116207,48456632,35115619
2022-02-07,65191,199946,48521823,35315565
2022-02-08,66959,186132,48588782,35501697
2022-02-09,58777,166353,48647559,35668050
2022-02-10,58603,163254,48706162,35831304
2022-02-11,62276,162478,48768438,35993782
2022-02-12,72014,152157,48840452,36145939
2022-02-13,41483,68858,48881935,36214797
2022-02-14,46711,116194,48928646,36330991
2022-02-15,48571,123482,48977217,36454473
2022-02-16,45692,106130,49022909,36560603
2022-02-17,42874,98121,49065783,36658724
2022-02-18,46637,112586,49112420,36771310
2022-02-19,52547,100339,49164967,36871649
2022-02-20,31416,40367,49196383,36912016
2022-02-21,37900,89659,49234283,37001675
2022-02-22,37227,83784,49271510,37085459
2022-02-23,33402,79409,49304912,37164868
2022-02-24,32561,78168,49337473,37243036
2022-02-25,34774,90715,49372247,37333751
2022-02-26,39164,89138,49411411,37422889
2022-02-27,22549,35857,49433960,37458746
2022-02-28,28489,81700,49462449,37540446
2022-03-01,22730,53943,49485179,37594389
2022-03-02,21936,50713,49507115,37645102
2022-03-03,22639,54947,49529754,37700049
2022-03-04,23244,62801,49552998,37762850
2022-03-05,23803,57953,49576801,37820803
2022-03-06,9474,17201,49586275,37838004
2022-03-07,15927,51391,49602202,37889395
2022-03-08,15481,48797,49617683,37938192
2022-03-09,13816,46517,49631499,37984709
2022-03-10,14059,52125,49645558,38036834
2022-03-11,15592,57274,49661150,38094108
2022-03-12,15513,56619,49676663,38150727
2022-03-13,5545,16852,49682208,38167579
2022-03-14,10529,46701,49692737,38214280
2022-03-15,10553,46895,49703290,38261175
2022-03-16,9482,41977,49712772,38303152
2022-03-17,9725,44875,49722497,38348027
2022-03-18,10162,49059,49732659,38397086
2022-03-19,9151,46539,49741810,38443625
2022-03-20,2608,11704,49744418,38455329
2022-03-21,7581,40230,49751999,38495559
2022-03-22,8448,37767,49760447,38533326
2022-03-23,7219,33701,49767666,38567027
2022-03-24,8260,38821,49775926,38605848
2022-03-25,8143,43671,49784069,38649519
2022-03-26,8128,41722,49792197,38691241
2022-03-27,2431,9683,49794628,38700924
2022-03-28,6112,35244,49800740,38736168
2022-03-29,5783,32532,49806523,38768700
2022-03-30,5567,30204,49812090,38798904
2022-03-31,5905,33187,49817995,38832091
2022-04-01,4351,25188,49822346,38857279
2022-04-02,4497,23275,49826843,38880554
2022-04-03,1049,4500,49827892,38885054
2022-04-04,3660,21545,49831552,38906599
2022-04-05,3758,22936,49835310,38929535
2022-04-06,4105,21852,49839415,38951387
2022-04-07,3970,23321,49843385,38974708
2022-04-08,4696,26714,49848081,39001422
2022-04-09,4381,23889,49852462,39025311
2022-04-10,893,4613,49853355,39029924
2022-04-11,3819,22689,49857174,39052613
2022-04-12,3365,21779,49860539,39074392
2022-04-13,3572,21337,49864111,39095729
2022-04-14,3488,23788,49867599,39119517
2022-04-15,3085,20621,49870684,39140138
2022-04-16,2151,11918,49872835,39152056
2022-04-17,63,348,49872898,39152404
2022-04-18,152,650,49873050,39153054
2022-04-19,3498,21984,49876548,39175038
2022-04-20,3513,20249,49880061,39195287
2022-04-21,2848,19792,49882909,39215079
2022-04-22,2928,20714,49885837,39235793
2022-04-23,2648,16222,49888485,39252015
2022-04-24,509,2334,49888994,39254349
2022-04-25,183,1165,49889177,39255514
2022-04-26,2759,17811,49891936,39273325
2022-04-27,2374,15795,49894310,39289120
2022-04-28,2362,15563,49896672,39304683
2022-04-29,2298,14850,49898970,39319533
2022-04-30,2123,11584,49901093,39331117
2022-05-01,113,531,49901206,39331648
2022-05-02,1451,9392,49902657,39341040
2022-05-03,1577,10323,49904234,39351363
2022-05-04,1745,10273,49905979,39361636
2022-05-05,1654,10297,49907633,39371933
2022-05-06,1702,10971,49909335,39382904
2022-05-07,1431,8570,49910766,39391474
2022-05-08,416,1526,49911182,39393000
2022-05-09,1029,8930,49912211,39401930
2022-05-10,1426,9549,49913637,39411479
2022-05-11,1484,10105,49915121,39421584
2022-05-12,1371,10137,49916492,39431721
2022-05-13,1597,10520,49918089,39442241
2022-05-14,1360,8240,49919449,39450481
2022-05-15,336,1136,49919785,39451617
2022-05-16,814,8405,49920599,39460022
2022-05-17,1244,8697,49921843,39468719
2022-05-18,1372,9237,49923215,39477956
2022-05-19,1500,9283,49924715,39487239
2022-05-20,1425,9532,49926140,39496771
2022-05-21,1302,7900,49927442,39504671
2022-05-22,231,1013,49927673,39505684
2022-05-23,830,8272,49928503,39513956
2022-05-24,1073,8673,49929576,39522629
2022-05-25,1372,9460,49930948,39532089
2022-05-26,1197,9480,49932145,39541569
2022-05-27,1232,9915,49933377,39551484
2022-05-28,1205,7887,49934582,39559371
2022-05-29,288,1265,49934870,39560636
2022-05-30,931,8058,49935801,39568694
2022-05-31,1039,8548,49936840,39577242
2022-06-01,895,7658,49937735,39584900
2022-06-02,35,474,49937770,39585374
2022-06-03,817,7334,49938587,39592708
2022-06-04,870,5162,49939457,39597870
2022-06-05,89,586,49939546,39598456
2022-06-06,679,7004,49940225,39605460
2022-06-07,952,7850,49941177,39613310
2022-06-08,981,7907,49942158,39621217
2022-06-09,1036,8418,49943194,39629635
2022-06-10,958,8563,49944152,39638198
2022-06-11,904,6206,49945056,39644404
2022-06-12,140,768,49945196,39645172
2022-06-13,602,6301,49945798,39651473
2022-06-14,832,7903,49946630,39659376
2022-06-15,960,7856,49947590,39667232
2022-06-16,733,7397,49948323,39674629
2022-06-17,724,7249,49949047,39681878
2022-06-18,778,5594,49949825,39687472
2022-06-19,49,521,49949874,39687993
2022-06-20,587,6699,49950461,39694692
2022-06-21,741,7664,49951202,39702356
2022-06-22,779,7312,49951981,39709668
2022-06-23,648,7472,49952629,39717140
2022-06-24,644,7474,49953273,39724614
2022-06-25,835,6533,49954108,39731147
2022-06-26,128,523,49954236,39731670
2022-06-27,534,7125,49954770,39738795
2022-06-28,747,8207,49955517,39747002
2022-06-29,756,7733,49956273,39754735
2022-06-30,747,8145,49957020,39762880
2022-07-01,577,6443,49957597,39769323
2022-07-02,536,4769,49958133,39774092
2022-07-03,49,456,49958182,39774548
2022-07-04,469,6277,49958651,39780825
2022-07-05,631,8122,49959282,39788947
2022-07-06,633,7611,49959915,39796558
2022-07-07,576,8271,49960491,39804829
2022-07-08,674,8085,49961165,39812914
2022-07-09,550,6105,49961715,39819019
2022-07-10,58,533,49961773,39819552
2022-07-11,491,7641,49962264,39827193
2022-07-12,668,9031,49962932,39836224
2022-07-13,644,10067,49963576,39846291
2022-07-14,637,10225,49964213,39856516
2022-07-15,627,10672,49964840,39867188
2022-07-16,523,7215,49965363,39874403
2022-07-17,48,770,49965411,39875173
2022-07-18,496,9374,49965907,39884547
2022-07-19,575,10682,49966482,39895229
2022-07-20,582,11276,49967064,39906505
2022-07-21,630,12091,49967694,39918596
2022-07-22,585,11260,49968279,39929856
2022-07-23,381,6775,49968660,39936631
2022-07-24,76,857,49968736,39937488
2022-07-25,503,9052,49969239,39946540
2022-07-26,522,9762,49969761,39956302
2022-07-27,553,10210,49970314,39966512
2022-07-28,532,10534,49970846,39977046
2022-07-29,511,9466,49971357,39986512
2022-07-30,383,5882,49971740,39992394
2022-07-31,49,764,49971789,39993158
2022-08-01,386,6864,49972175,40000022
2022-08-02,545,7590,49972720,40007612
2022-08-03,513,7179,49973233,40014791
2022-08-04,455,7490,49973688,40022281
2022-08-05,421,6526,49974109,40028807
2022-08-06,299,3613,49974408,40032420
2022-08-07,44,563,49974452,40032983
2022-08-08,403,4890,49974855,40037873
2022-08-09,381,5312,49975236,40043185
2022-08-10,385,4816,49975621,40048001
2022-08-11,369,4803,49975990,40052804
2022-08-12,293,3720,49976283,40056524
2022-08-13,143,1600,49976426,40058124
2022-08-14,9,129,49976435,40058253
2022-08-15,1,26,49976436,40058279
2022-08-16,283,3043,49976719,40061322
2022-08-17,352,3536,49977071,40064858
2022-08-18,392,4160,49977463,40069018
2022-08-19,342,3319,49977805,40072337
2022-08-20,183,1715,49977988,40074052
2022-08-21,24,149,49978012,40074201
2022-08-22,329,2952,49978341,40077153
2022-08-23,370,3674,49978711,40080827
2022-08-24,384,3360,49979095,40084187
2022-08-25,422,3774,49979517,40087961
2022-08-26,399,3575,49979916,40091536
2022-08-27,237,1769,49980153,40093305
2022-08-28,29,267,49980182,40093572
2022-08-29,354,3161,49980536,40096733
2022-08-30,404,3671,49980940,40100404
2022-08-31,438,3734,49981378,40104138
2022-09-01,353,3116,49981731,40107254
2022-09-02,296,2893,49982027,40110147
2022-09-03,200,1689,49982227,40111836
2022-09-04,24,149,49982251,40111985
2022-09-05,187,2656,49982438,40114641
2022-09-06,306,2983,49982744,40117624
2022-09-07,541,2937,49983285,40120561
2022-09-08,293,2963,49983578,40123524
2022-09-09,305,2886,49983883,40126410
2022-09-10,228,1326,49984111,40127736
2022-09-11,23,124,49984134,40127860
2022-09-12,267,2267,49984401,40130127
2022-09-13,252,2276,49984653,40132403
2022-09-14,266,2566,49984919,40134969
2022-09-15,282,2501,49985201,40137470
2022-09-16,255,2546,49985456,40140016
2022-09-17,239,1339,49985695,40141355
2022-09-18,20,170,49985715,40141525
2022-09-19,206,1971,49985921,40143496
2022-09-20,237,2392,49986158,40145888
2022-09-21,289,2526,49986447,40148414
2022-09-22,266,2662,49986713,40151076
2022-09-23,259,2545,49986972,40153621
2022-09-24,193,1427,49987165,40155048
2022-09-25,29,133,49987194,40155181
2022-09-26,280,2248,49987474,40157429
2022-09-27,287,2682,49987761,40160111
2022-09-28,310,2904,49988071,40163015
2022-09-29,257,3049,49988328,40166064
2022-09-30,292,2989,49988620,40169053
2022-10-01,195,1515,49988815,40170568
2022-10-02,12,187,49988827,40170755
2022-10-03,185,2474,49989012,40173229
2022-10-04,236,2862,49989248,40176091
2022-10-05,229,3252,49989477,40179343
2022-10-06,243,3874,49989720,40183217
2022-10-07,282,4189,49990002,40187406
2022-10-08,203,2270,49990205,40189676
2022-10-09,8,305,49990213,40189981
2022-10-10,210,3356,49990423,40193337
2022-10-11,194,4378,49990617,40197715
2022-10-12,209,4441,49990826,40202156
2022-10-13,203,5304,49991029,40207460
2022-10-14,232,5024,49991261,40212484
2022-10-15,190,2671,49991451,40215155
2022-10-16,6,360,49991457,40215515
2022-10-17,186,3871,49991643,40219386
2022-10-18,257,4965,49991900,40224351
2022-10-19,244,5477,49992144,40229828
2022-10-20,224,5993,49992368,40235821
2022-10-21,250,5477,49992618,40241298
2022-10-22,195,2911,49992813,40244209
2022-10-23,13,364,49992826,40244573
2022-10-24,171,3929,49992997,40248502
2022-10-25,253,4926,49993250,40253428
2022-10-26,347,5502,49993597,40258930
2022-10-27,241,5671,49993838,40264601
2022-10-28,199,5262,49994037,40269863
2022-10-29,128,2844,49994165,40272707
2022-10-30,3,328,49994168,40273035
2022-10-31,117,3039,49994285,40276074
2022-11-01,11,353,49994296,40276427
2022-11-02,143,3721,49994439,40280148
2022-11-03,173,4786,49994612,40284934
2022-11-04,225,4603,49994837,40289537
2022-11-05,144,2597,49994981,40292134
2022-11-06,10,261,49994991,40292395
2022-11-07,169,3225,49995160,40295620
2022-11-08,260,4244,49995420,40299864
2022-11-09,197,4331,49995617,40304195
2022-11-10,183,4586,49995800,40308781
2022-11-11,193,4219,49995993,40313000
2022-11-12,152,2370,49996145,40315370
2022-11-13,7,335,49996152,40315705
2022-11-14,149,2837,49996301,40318542
2022-11-15,202,3745,49996503,40322287
2022-11-16,216,3983,49996719,40326270
2022-11-17,191,4099,49996910,40330369
2022-11-18,247,4027,49997157,40334396
2022-11-19,112,2099,49997269,40336495
2022-11-20,24,317,49997293,40336812
2022-11-21,119,2619,49997412,40339431
2022-11-22,142,3209,49997554,40342640
2022-11-23,191,3618,49997745,40346258
2022-11-24,156,3822,49997901,40350080
2022-11-25,185,3775,49998086,40353855
2022-11-26,130,2091,49998216,40355946
2022-11-27,22,356,49998238,40356302
2022-11-28,181,2673,49998419,40358975
2022-11-29,183,3215,49998602,40362190
2022-11-30,182,3721,49998784,40365911
2022-12-01,222,3614,49999006,40369525
2022-12-02,156,3513,49999162,40373038
2022-12-03,105,1958,49999267,40374996
2022-12-04,5,290,49999272,40375286
2022-12-05,128,2844,49999400,40378130
2022-12-06,176,3637,49999576,40381767
2022-12-07,136,3117,49999712,40384884
2022-12-08,8,169,49999720,40385053
2022-12-09,159,3009,49999879,40388062
2022-12-10,78,1600,49999957,40389662
2022-12-11,7,193,49999964,40389855
2022-12-12,169,2514,50000133,40392369
2022-12-13,254,3015,50000387,40395384
2022-12-14,221,3175,50000608,40398559
2022-12-15,201,3184,50000809,40401743
2022-12-16,160,3093,50000969,40404836
2022-12-17,94,1651,50001063,40406487
2022-12-18,10,270,50001073,40406757
2022-12-19,137,2084,50001210,40408841
2022-12-20,207,2372,50001417,40411213
2022-12-21,108,1126,50001525,40412339