data_somministrazione,vaccinazioni,booster,cum_vaccinazioni,cum_booster
2020-12-27,16,0,16,0
2020-12-28,2,0,18,0
2020-12-29,1,0,19,0
2020-12-30,3,0,22,0
2020-12-31,34,0,56,0
2021-01-01,12,0,68,0
2021-01-02,53,0,121,0
2021-01-03,46,0,167,0
2021-01-04,122,0,289,0
2021-01-05,159,0,448,0
2021-01-06,134,0,582,0
2021-01-07,196,0,778,0
2021-01-08,245,0,1023,0
2021-01-09,172,0,1195,0
2021-01-10,109,0,1304,0
2021-01-11,199,0,1503,0
2021-01-12,207,0,1710,0
2021-01-13,310,0,2020,0
2021-01-14,410,0,2430,0
2021-01-15,248,0,2678,0
2021-01-16,165,0,2843,0
2021-01-17,3048,0,5891,0
2021-01-18,5184,0,11075,0
2021-01-19,1871,0,12946,0
2021-01-20,4660,0,17606,0
2021-01-21,20017,0,37623,0
2021-01-22,14196,0,51819,0
2021-01-23,33369,0,85188,0
2021-01-24,30794,0,115982,0
2021-01-25,64785,0,180767,0
2021-01-26,76708,0,257475,0
2021-01-27,64883,0,322358,0
2021-01-28,89397,0,411755,0
2021-01-29,94180,0,505935,0
2021-01-30,86801,0,592736,0
2021-01-31,57388,0,650124,0
2021-02-01,81942,0,732066,0
2021-02-02,82219,0,814285,0
2021-02-03,91387,0,905672,0
2021-02-04,95446,0,1001118,0
2021-02-05,90349,0,1091467,0
2021-02-06,63816,0,1155283,0
2021-02-07,32950,0,1188233,0
2021-02-08,40489,0,1228722,0
2021-02-09,32837,0,1261559,0
2021-02-10,28384,0,1289943,0
2021-02-11,20351,0,1310294,0
2021-02-12,16178,0,1326472,0
2021-02-13,7217,0,1333689,0
2021-02-14,2855,0,1336544,0
2021-02-15,6869,0,1343413,0
2021-02-16,6975,0,1350388,0
2021-02-17,10511,0,1360899,0
2021-02-18,9329,0,1370228,0
2021-02-19,8241,0,1378469,0
2021-02-20,5559,0,1384028,0
2021-02-21,2978,0,1387006,0
2021-02-22,6859,0,1393865,0
2021-02-23,7134,0,1400999,0
2021-02-24,9790,0,1410789,0
2021-02-25,14166,0,1424955,0
2021-02-26,17516,0,1442471,0
2021-02-27,13852,0,1456323,0
2021-02-28,9372,0,1465695,0
2021-03-01,26435,0,1492130,0
2021-03-02,33171,0,1525301,0
2021-03-03,44669,0,1569970,0
2021-03-04,50237,0,1620207,0
2021-03-05,55711,0,1675918,0
2021-03-06,41856,0,1717774,0
2021-03-07,22284,0,1740058,0
2021-03-08,50689,0,1790747,0
2021-03-09,53030,0,1843777,0
2021-03-10,58559,0,1902336,0
2021-03-11,63819,0,1966155,0
2021-03-12,65063,0,2031218,0
2021-03-13,51723,0,2082941,0
2021-03-14,35340,0,2118281,0
2021-03-15,73563,0,2191844,0
2021-03-16,74075,0,2265919,0
2021-03-17,83074,0,2348993,0
2021-03-18,81623,0,2430616,0
2021-03-19,81076,0,2511692,0
2021-03-20,64744,0,2576436,0
2021-03-21,47270,0,2623706,0
2021-03-22,69448,0,2693154,0
2021-03-23,75803,0,2768957,0
2021-03-24,90844,0,2859801,0
2021-03-25,89747,0,2949548,0
2021-03-26,83540,0,3033088,0
2021-03-27,71905,0,3104993,0
2021-03-28,44029,0,3149022,0
2021-03-29,70802,0,3219824,0
2021-03-30,81282,0,3301106,0
2021-03-31,96133,0,3397239,0
2021-04-01,95230,0,3492469,0
2021-04-02,84089,0,3576558,0
2021-04-03,64288,0,3640846,0
2021-04-04,21686,0,3662532,0
2021-04-05,40259,0,3702791,0
2021-04-06,81321,0,3784112,0
2021-04-07,95823,0,3879935,0
2021-04-08,95346,0,3975281,0
2021-04-09,88442,0,4063723,0
2021-04-10,74035,0,4137758,0
2021-04-11,44769,0,4182527,0
2021-04-12,67002,0,4249529,0
2021-04-13,72687,0,4322216,0
2021-04-14,85500,0,4407716,0
2021-04-15,105366,0,4513082,0
2021-04-16,106432,0,4619514,0
2021-04-17,90630,0,4710144,0
2021-04-18,58765,0,4768909,0
2021-04-19,93559,0,4862468,0
2021-04-20,103886,0,4966354,0
2021-04-21,125491,0,5091845,0
2021-04-22,143639,0,5235484,0
2021-04-23,138817,0,5374301,0
2021-04-24,124481,0,5498782,0
2021-04-25,61398,0,5560180,0
2021-04-26,97943,0,5658123,0
2021-04-27,128567,0,5786690,0
2021-04-28,156483,0,5943173,0
2021-04-29,195620,0,6138793,0
2021-04-30,214774,0,6353567,0
2021-05-01,174287,0,6527854,0
2021-05-02,136482,0,6664336,0
2021-05-03,142242,0,6806578,0
2021-05-04,158914,0,6965492,0
2021-05-05,171323,0,7136815,0
2021-05-06,198775,0,7335590,0
2021-05-07,214688,0,7550278,0
2021-05-08,213867,0,7764145,0
2021-05-09,143412,0,7907557,0
2021-05-10,165386,0,8072943,0
2021-05-11,175232,0,8248175,0
2021-05-12,179370,0,8427545,0
2021-05-13,203565,0,8631110,0
2021-05-14,223430,0,8854540,0
2021-05-15,211928,0,9066468,0
2021-05-16,160725,0,9227193,0
2021-05-17,219427,0,9446620,0
2021-05-18,213410,0,9660030,0
2021-05-19,207426,0,9867456,0
2021-05-20,271243,0,10138699,0
2021-05-21,271263,0,10409962,0
2021-05-22,246468,0,10656430,0
2021-05-23,198408,0,10854838,0
2021-05-24,228706,0,11083544,0
2021-05-25,247129,0,11330673,0
2021-05-26,278951,0,11609624,0
2021-05-27,312602,0,11922226,0
2021-05-28,300072,0,12222298,0
2021-05-29,231701,0,12453999,0
2021-05-30,172004,0,12626003,0
2021-05-31,217925,0,12843928,0
2021-06-01,208330,0,13052258,0
2021-06-02,116254,0,13168512,0
2021-06-03,180510,0,13349022,0
2021-06-04,186084,0,13535106,0
2021-06-05,186591,0,13721697,0
2021-06-06,140121,0,13861818,0
2021-06-07,162244,0,14024062,0
2021-06-08,171241,0,14195303,0
2021-06-09,171635,0,14366938,0
2021-06-10,174057,0,14540995,0
2021-06-11,169990,0,14710985,0
2021-06-12,128275,0,14839260,0
2021-06-13,91491,0,14930751,0
2021-06-14,215244,0,15145995,0
2021-06-15,228929,0,15374924,0
2021-06-16,254255,0,15629179,0
2021-06-17,302847,0,15932026,0
2021-06-18,307139,0,16239165,0
2021-06-19,276225,0,16515390,0
2021-06-20,221560,0,16736950,0
2021-06-21,289156,0,17026106,0
2021-06-22,297607,0,17323713,0
2021-06-23,304339,0,17628052,0
2021-06-24,333953,0,17962005,0
2021-06-25,350003,0,18312008,0
2021-06-26,301418,0,18613426,0
2021-06-27,229715,0,18843141,0
2021-06-28,308385,0,19151526,0
2021-06-29,330984,0,19482510,0
2021-06-30,344160,0,19826670,0
2021-07-01,364844,0,20191514,0
2021-07-02,370277,0,20561791,0
2021-07-03,373380,0,20935171,0
2021-07-04,284533,0,21219704,0
2021-07-05,386276,0,21605980,0
2021-07-06,387413,0,21993393,0
2021-07-07,414233,0,22407626,0
2021-07-08,482540,0,22890166,0
2021-07-09,500747,0,23390913,0
2021-07-10,477335,0,23868248,0
2021-07-11,359014,0,24227262,0
2021-07-12,487794,0,24715056,0
2021-07-13,494545,0,25209601,0
2021-07-14,482762,0,25692363,0
2021-07-15,525899,0,26218262,0
2021-07-16,511681,0,26729943,0
2021-07-17,466379,0,27196322,0
2021-07-18,366083,0,27562405,0
2021-07-19,465155,0,28027560,0
2021-07-20,459857,0,28487417,0
2021-07-21,464664,0,28952081,0
2021-07-22,476603,0,29428684,0
2021-07-23,442878,0,29871562,0
2021-07-24,386902,0,30258464,0
2021-07-25,288010,0,30546474,0
2021-07-26,432367,0,30978841,0
2021-07-27,441799,0,31420640,0
2021-07-28,392557,0,31813197,0
2021-07-29,373614,0,32186811,0
2021-07-30,342932,0,32529743,0
2021-07-31,288371,0,32818114,0
2021-08-01,191382,0,33009496,0
2021-08-02,335339,0,33344835,0
2021-08-03,324448,0,33669283,0
2021-08-04,312255,0,33981538,0
2021-08-05,293658,0,34275196,0
2021-08-06,260993,0,34536189,0
2021-08-07,199353,0,34735542,0
2021-08-08,153571,0,34889113,0
2021-08-09,235273,0,35124386,0
2021-08-10,205527,0,35329913,0
2021-08-11,194247,0,35524160,0
2021-08-12,168475,0,35692635,0
2021-08-13,148637,0,35841272,0
2021-08-14,65975,0,35907247,0
2021-08-15,26291,0,35933538,0
2021-08-16,114897,0,36048435,0
2021-08-17,129241,0,36177676,0
2021-08-18,128911,0,36306587,0
2021-08-19,125232,0,36431819,0
2021-08-20,124287,0,36556106,0
2021-08-21,83461,0,36639567,0
2021-08-22,68333,0,36707900,0
2021-08-23,177048,0,36884948,0
2021-08-24,157826,0,37042774,0
2021-08-25,177767,0,37220541,0
2021-08-26,173219,0,37393760,0
2021-08-27,186375,0,37580135,0
2021-08-28,140222,0,37720357,0
2021-08-29,99125,0,37819482,0
2021-08-30,210117,0,38029599,0
2021-08-31,195276,0,38224875,0
2021-09-01,192757,0,38417632,0
2021-09-02,190251,0,38607883,0
2021-09-03,191343,0,38799226,0
2021-09-04,131499,0,38930725,0
2021-09-05,87963,0,39018688,0
2021-09-06,193798,0,39212486,0
2021-09-07,195908,0,39408394,0
2021-09-08,187855,0,39596249,0
2021-09-09,201495,0,39797744,0
2021-09-10,198174,0,39995918,0
2021-09-11,141199,0,40137117,0
2021-09-12,89543,0,40226660,0
2021-09-13,191182,348,40417842,348
2021-09-14,177465,426,40595307,774
2021-09-15,163146,457,40758453,1231
2021-09-16,160108,789,40918561,2020
2021-09-17,150179,1005,41068740,3025
2021-09-18,127899,658,41196639,3683
2021-09-19,81077,441,41277716,4124
2021-09-20,179912,8957,41457628,13081
2021-09-21,166367,8726,41623995,21807
2021-09-22,158903,9369,41782898,31176
2021-09-23,137762,9242,41920660,40418
2021-09-24,140242,8855,42060902,49273
2021-09-25,119353,5562,42180255,54835
2021-09-26,71794,4293,42252049,59128
2021-09-27,135433,9980,42387482,69108
2021-09-28,117221,11303,42504703,80411
2021-09-29,112062,11763,42616765,92174
2021-09-30,109984,14848,42726749,107022
2021-10-01,94674,19028,42821423,126050
2021-10-02,78215,13986,42899638,140036
2021-10-03,47552,7628,42947190,147664
2021-10-04,88082,34361,43035272,182025
2021-10-05,80116,33927,43115388,215952
2021-10-06,71767,34078,43187155,250030
2021-10-07,71509,34288,43258664,284318
2021-10-08,80364,33503,43339028,317821
2021-10-09,75817,22107,43414845,339928
2021-10-10,45642,13590,43460487,353518
2021-10-11,87118,40996,43547605,394514
2021-10-12,84215,46791,43631820,441305
2021-10-13,87936,52001,43719756,493306
2021-10-14,91120,58398,43810876,551704
2021-10-15,93243,55483,43904119,607187
2021-10-16,82664,36707,43986783,643894
2021-10-17,51254,23782,44038037,667676
2021-10-18,90068,59336,44128105,727012
2021-10-19,78166,69291,44206271,796303
2021-10-20,74940,78033,44281211,874336
2021-10-21,78110,81597,44359321,955933
2021-10-22,73762,76896,44433083,1032829
2021-10-23,60738,51890,44493821,1084719
2021-10-24,33314,23401,44527135,1108120
2021-10-25,64823,81529,44591958,1189649
2021-10-26,58265,91630,44650223,1281279
2021-10-27,58138,103831,44708361,1385110
2021-10-28,61292,113876,44769653,1498986
2021-10-29,61625,103011,44831278,1601997
2021-10-30,50574,68118,44881852,1670115
2021-10-31,25112,28238,44906964,1698353
2021-11-01,19008,28118,44925972,1726471
2021-11-02,62687,89284,44988659,1815755
2021-11-03,60629,118607,45049288,1934362
2021-11-04,59112,126494,45108400,2060856
2021-11-05,62984,134982,45171384,2195838
2021-11-06,46346,90896,45217730,2286734
2021-11-07,22202,37835,45239932,2324569
2021-11-08,51359,131124,45291291,2455693
2021-11-09,45322,143996,45336613,2599689
2021-11-10,42510,156159,45379123,2755848
2021-11-11,44803,155011,45423926,2910859
2021-11-12,46225,158487,45470151,3069346
2021-11-13,33139,116559,45503290,3185905
2021-11-14,14440,52389,45517730,3238294
2021-11-15,36755,157210,45554485,3395504
2021-11-16,30424,171290,45584909,3566794
2021-11-17,28293,178383,45613202,3745177
2021-11-18,30123,193938,45643325,3939115
2021-11-19,28643,205821,45671968,4144936
2021-11-20,20865,156233,45692833,4301169
2021-11-21,10533,64745,45703366,4365914
2021-11-22,21773,213181,45725139,4579095
2021-11-23,23413,241819,45748552,4820914
2021-11-24,27636,270998,45776188,5091912
2021-11-25,23003,301836,45799191,5393748
2021-11-26,24354,318113,45823545,5711861
2021-11-27,21200,265866,45844745,5977727
2021-11-28,9794,136846,45854539,6114573
2021-11-29,22031,325757,45876570,6440330
2021-11-30,22796,365570,45899366,6805900
2021-12-01,21198,413000,45920564,7218900
2021-12-02,23417,440191,45943981,7659091
2021-12-03,24856,467065,45968837,8126156
2021-12-04,22025,418586,45990862,8544742
2021-12-05,11682,261242,46002544,8805984
2021-12-06,25273,457679,46027817,9263663
2021-12-07,23644,480312,46051461,9743975
2021-12-08,9742,249896,46061203,9993871
2021-12-09,30952,492078,46092155,10485949
2021-12-10,27514,517726,46119669,11003675
2021-12-11,23047,459472,46142716,11463147
2021-12-12,11961,293624,46154677,11756771
2021-12-13,25551,467633,46180228,12224404
2021-12-14,24538,494233,46204766,12718637
2021-12-15,24695,517117,46229461,13235754
2021-12-16,27041,520199,46256502,13755953
2021-12-17,28597,516826,46285099,14272779
2021-12-18,26246,468945,46311345,14741724
2021-12-19,14622,300738,46325967,15042462
2021-12-20,29816,477559,46355783,15520021
2021-12-21,29575,493322,46385358,16013343
2021-12-22,28471,484712,46413829,16498055
2021-12-23,27291,427104,46441120,16925159
2021-12-24,12751,210914,46453871,17136073
2021-12-25,2072,33018,46455943,17169091
2021-12-26,8403,158994,46464346,17328085
2021-12-27,45260,505200,46509606,17833285
2021-12-28,40392,554721,46549998,18388006
2021-12-29,32035,551112,46582033,18939118
2021-12-30,29510,500354,46611543,19439472
2021-12-31,12928,247974,46624471,19687446
2022-01-01,3247,64763,46627718,19752209
2022-01-02,20524,277441,46648242,20029650
2022-01-03,44012,521496,46692254,20551146
2022-01-04,41966,573549,46734220,21124695
2022-01-05,36065,561738,46770285,21686433
2022-01-06,20843,274647,46791128,21961080
2022-01-07,58764,555391,46849892,22516471
2022-01-08,55513,503852,46905405,23020323
2022-01-09,38730,319478,46944135,23339801
2022-01-10,57128,542473,47001263,23882274
2022-01-11,57249,587145,47058512,24469419
2022-01-12,54106,581376,47112618,25050795
2022-01-13,54614,580463,47167232,25631258
2022-01-14,42751,588334,47209983,26219592
2022-01-15,34358,568064,47244341,26787656
2022-01-16,27876,340944,47272217,27128600
2022-01-17,52104,489887,47324321,27618487
2022-01-18,55814,517072,47380135,28135559
2022-01-19,54772,502874,47434907,28638433
2022-01-20,52038,498740,47486945,29137173
2022-01-21,39698,493639,47526643,29630812
2022-01-22,28231,468923,47554874,30099735
2022-01-23,33287,274913,47588161,30374648
2022-01-24,54573,437354,47642734,30812002
2022-01-25,60083,451978,47702817,31263980
2022-01-26,56923,435800,47759740,31699780
2022-01-27,47226,431978,47806966,32131758
2022-01-28,56953,436226,47863919,32567984
2022-01-29,66085,411313,47930004,32979297
2022-01-30,49017,235170,47979021,33214467
2022-01-31,58884,356574,48037905,33571041
2022-02-01,64075,327794,48101980,33898835
2022-02-02,61707,295775,48163687,34194610
2022-02-03,58643,272021,48222330,34466631
2022-02-04,72924,259544,48295254,34726175