data_somministrazione,vaccinazioni,booster,cum_vaccinazioni,cum_booster
2020-12-27,16,0,16,0
2020-12-28,2,0,18,0
2020-12-29,1,0,19,0
2020-12-30,3,0,22,0
2020-12-31,34,0,56,0
2021-01-01,12,0,68,0
2021-01-02,53,0,121,0
2021-01-03,46,0,167,0
2021-01-04,124,0,291,0
2021-01-05,162,0,453,0
2021-01-06,135,0,588,0
2021-01-07,200,0,788,0
2021-01-08,247,0,1035,0
2021-01-09,173,0,1208,0
2021-01-10,110,0,1318,0
2021-01-11,199,0,1517,0
2021-01-12,207,0,1724,0
2021-01-13,313,0,2037,0
2021-01-14,414,0,2451,0
2021-01-15,251,0,2702,0
2021-01-16,167,0,2869,0
2021-01-17,3050,0,5919,0
2021-01-18,5186,0,11105,0
2021-01-19,1875,0,12980,0
2021-01-20,4649,0,17629,0
2021-01-21,20006,0,37635,0
2021-01-22,14195,0,51830,0
2021-01-23,33355,0,85185,0
2021-01-24,30793,0,115978,0
2021-01-25,64773,0,180751,0
2021-01-26,76548,0,257299,0
2021-01-27,64875,0,322174,0
2021-01-28,89340,0,411514,0
2021-01-29,94072,0,505586,0
2021-01-30,86615,0,592201,0
2021-01-31,57348,0,649549,0
2021-02-01,81902,0,731451,0
2021-02-02,82168,0,813619,0
2021-02-03,91216,0,904835,0
2021-02-04,95374,0,1000209,0
2021-02-05,90284,0,1090493,0
2021-02-06,63729,0,1154222,0
2021-02-07,32918,0,1187140,0
2021-02-08,40410,0,1227550,0
2021-02-09,32839,0,1260389,0
2021-02-10,28384,0,1288773,0
2021-02-11,20352,0,1309125,0
2021-02-12,16179,0,1325304,0
2021-02-13,7217,0,1332521,0
2021-02-14,2856,0,1335377,0
2021-02-15,6823,0,1342200,0
2021-02-16,6973,0,1349173,0
2021-02-17,10491,0,1359664,0
2021-02-18,9215,0,1368879,0
2021-02-19,8162,0,1377041,0
2021-02-20,5472,0,1382513,0
2021-02-21,2947,0,1385460,0
2021-02-22,6836,0,1392296,0
2021-02-23,7103,0,1399399,0
2021-02-24,9788,0,1409187,0
2021-02-25,14170,0,1423357,0
2021-02-26,17485,0,1440842,0
2021-02-27,13856,0,1454698,0
2021-02-28,9344,0,1464042,0
2021-03-01,26435,0,1490477,0
2021-03-02,33166,0,1523643,0
2021-03-03,44592,0,1568235,0
2021-03-04,50199,0,1618434,0
2021-03-05,55685,0,1674119,0
2021-03-06,41839,0,1715958,0
2021-03-07,22287,0,1738245,0
2021-03-08,50522,0,1788767,0
2021-03-09,52905,0,1841672,0
2021-03-10,58524,0,1900196,0
2021-03-11,63740,0,1963936,0
2021-03-12,65011,0,2028947,0
2021-03-13,51648,0,2080595,0
2021-03-14,35343,0,2115938,0
2021-03-15,73360,0,2189298,0
2021-03-16,73986,0,2263284,0
2021-03-17,82997,0,2346281,0
2021-03-18,81583,0,2427864,0
2021-03-19,81013,0,2508877,0
2021-03-20,64639,0,2573516,0
2021-03-21,47245,0,2620761,0
2021-03-22,69399,0,2690160,0
2021-03-23,75691,0,2765851,0
2021-03-24,90774,0,2856625,0
2021-03-25,89697,0,2946322,0
2021-03-26,83481,0,3029803,0
2021-03-27,71813,0,3101616,0
2021-03-28,44033,0,3145649,0
2021-03-29,70687,0,3216336,0
2021-03-30,81240,0,3297576,0
2021-03-31,96082,0,3393658,0
2021-04-01,95190,0,3488848,0
2021-04-02,83972,0,3572820,0
2021-04-03,64240,0,3637060,0
2021-04-04,21687,0,3658747,0
2021-04-05,40253,0,3699000,0
2021-04-06,81217,0,3780217,0
2021-04-07,95716,0,3875933,0
2021-04-08,95146,0,3971079,0
2021-04-09,88371,0,4059450,0
2021-04-10,73936,0,4133386,0
2021-04-11,44698,0,4178084,0
2021-04-12,66834,0,4244918,0
2021-04-13,72492,0,4317410,0
2021-04-14,85413,0,4402823,0
2021-04-15,105288,0,4508111,0
2021-04-16,106299,0,4614410,0
2021-04-17,90392,0,4704802,0
2021-04-18,58528,0,4763330,0
2021-04-19,93379,0,4856709,0
2021-04-20,103678,0,4960387,0
2021-04-21,125259,0,5085646,0
2021-04-22,143414,0,5229060,0
2021-04-23,138586,0,5367646,0
2021-04-24,124341,0,5491987,0
2021-04-25,61382,0,5553369,0
2021-04-26,97788,0,5651157,0
2021-04-27,128258,0,5779415,0
2021-04-28,156235,0,5935650,0
2021-04-29,195404,0,6131054,0
2021-04-30,214400,0,6345454,0
2021-05-01,173984,0,6519438,0
2021-05-02,135725,0,6655163,0
2021-05-03,141885,0,6797048,0
2021-05-04,158577,0,6955625,0
2021-05-05,170339,0,7125964,0
2021-05-06,197676,0,7323640,0
2021-05-07,213638,0,7537278,0
2021-05-08,213275,0,7750553,0
2021-05-09,143067,0,7893620,0
2021-05-10,164975,0,8058595,0
2021-05-11,174791,0,8233386,0
2021-05-12,178954,0,8412340,0
2021-05-13,203148,0,8615488,0
2021-05-14,222722,0,8838210,0
2021-05-15,210139,0,9048349,0
2021-05-16,159144,0,9207493,0
2021-05-17,219063,0,9426556,0
2021-05-18,212853,0,9639409,0
2021-05-19,206907,0,9846316,0
2021-05-20,270644,0,10116960,0
2021-05-21,270664,0,10387624,0
2021-05-22,245388,0,10633012,0
2021-05-23,197099,0,10830111,0
2021-05-24,228203,0,11058314,0
2021-05-25,245588,0,11303902,0
2021-05-26,277347,0,11581249,0
2021-05-27,310940,0,11892189,0
2021-05-28,299409,0,12191598,0
2021-05-29,231044,0,12422642,0
2021-05-30,170740,0,12593382,0
2021-05-31,216286,0,12809668,0
2021-06-01,207522,0,13017190,0
2021-06-02,115653,0,13132843,0
2021-06-03,179872,0,13312715,0
2021-06-04,184593,0,13497308,0
2021-06-05,185654,0,13682962,0
2021-06-06,139285,0,13822247,0
2021-06-07,161595,0,13983842,0
2021-06-08,170833,0,14154675,0
2021-06-09,171160,0,14325835,0
2021-06-10,173705,0,14499540,0
2021-06-11,169626,0,14669166,0
2021-06-12,128044,0,14797210,0
2021-06-13,90996,0,14888206,0
2021-06-14,214464,0,15102670,0
2021-06-15,228216,0,15330886,0
2021-06-16,252941,0,15583827,0
2021-06-17,301565,0,15885392,0
2021-06-18,306108,0,16191500,0
2021-06-19,275004,0,16466504,0
2021-06-20,220638,0,16687142,0
2021-06-21,287971,0,16975113,0
2021-06-22,296086,0,17271199,0
2021-06-23,302662,0,17573861,0
2021-06-24,332506,0,17906367,0
2021-06-25,348646,0,18255013,0
2021-06-26,300048,0,18555061,0
2021-06-27,228650,0,18783711,0
2021-06-28,306933,0,19090644,0
2021-06-29,329176,0,19419820,0
2021-06-30,342059,0,19761879,0
2021-07-01,363053,0,20124932,0
2021-07-02,368459,0,20493391,0
2021-07-03,371121,0,20864512,0
2021-07-04,283172,0,21147684,0
2021-07-05,384497,0,21532181,0
2021-07-06,385405,0,21917586,0
2021-07-07,412086,0,22329672,0
2021-07-08,479868,0,22809540,0
2021-07-09,498617,0,23308157,0
2021-07-10,475314,0,23783471,0
2021-07-11,357843,0,24141314,0
2021-07-12,486047,0,24627361,0
2021-07-13,492357,0,25119718,0
2021-07-14,480632,0,25600350,0
2021-07-15,523638,0,26123988,0
2021-07-16,509884,0,26633872,0
2021-07-17,464559,0,27098431,0
2021-07-18,364852,0,27463283,0
2021-07-19,463283,0,27926566,0
2021-07-20,458194,0,28384760,0
2021-07-21,462885,0,28847645,0
2021-07-22,475417,0,29323062,0
2021-07-23,441330,0,29764392,0
2021-07-24,386171,0,30150563,0
2021-07-25,287598,0,30438161,0
2021-07-26,430921,0,30869082,0
2021-07-27,440154,0,31309236,0
2021-07-28,391033,0,31700269,0
2021-07-29,372083,0,32072352,0
2021-07-30,341408,0,32413760,0
2021-07-31,286947,0,32700707,0
2021-08-01,190838,0,32891545,0
2021-08-02,333724,0,33225269,0
2021-08-03,323127,0,33548396,0
2021-08-04,310913,0,33859309,0
2021-08-05,292522,0,34151831,0
2021-08-06,259940,0,34411771,0
2021-08-07,198921,0,34610692,0
2021-08-08,153058,0,34763750,0
2021-08-09,234097,0,34997847,0
2021-08-10,205120,0,35202967,0
2021-08-11,193574,0,35396541,0
2021-08-12,167767,0,35564308,0
2021-08-13,148373,0,35712681,0
2021-08-14,65981,0,35778662,0
2021-08-15,26298,0,35804960,0
2021-08-16,114506,0,35919466,0
2021-08-17,129088,0,36048554,0
2021-08-18,128553,0,36177107,0
2021-08-19,124610,0,36301717,0
2021-08-20,123630,0,36425347,0
2021-08-21,83040,0,36508387,0
2021-08-22,68112,0,36576499,0
2021-08-23,176695,0,36753194,0
2021-08-24,156903,0,36910097,0
2021-08-25,177019,0,37087116,0
2021-08-26,172205,0,37259321,0
2021-08-27,185717,0,37445038,0
2021-08-28,140100,0,37585138,0
2021-08-29,98968,0,37684106,0
2021-08-30,209409,0,37893515,0
2021-08-31,194413,0,38087928,0
2021-09-01,192030,0,38279958,0
2021-09-02,189699,0,38469657,0
2021-09-03,191179,0,38660836,0
2021-09-04,131382,0,38792218,0
2021-09-05,87794,0,38880012,0
2021-09-06,193549,0,39073561,0
2021-09-07,195813,0,39269374,0
2021-09-08,187778,0,39457152,0
2021-09-09,201327,0,39658479,0
2021-09-10,197927,0,39856406,0
2021-09-11,141180,0,39997586,0
2021-09-12,89505,0,40087091,0
2021-09-13,191078,345,40278169,345
2021-09-14,177141,422,40455310,767
2021-09-15,162962,454,40618272,1221
2021-09-16,159921,788,40778193,2009
2021-09-17,149945,1005,40928138,3014
2021-09-18,127743,655,41055881,3669
2021-09-19,81021,442,41136902,4111
2021-09-20,179791,8956,41316693,13067
2021-09-21,166315,8728,41483008,21795
2021-09-22,158760,9365,41641768,31160
2021-09-23,137723,9242,41779491,40402
2021-09-24,140202,8861,41919693,49263
2021-09-25,119311,5562,42039004,54825
2021-09-26,71780,4294,42110784,59119
2021-09-27,135323,9978,42246107,69097
2021-09-28,117186,11312,42363293,80409
2021-09-29,112000,11759,42475293,92168
2021-09-30,109919,14851,42585212,107019
2021-10-01,94691,19029,42679903,126048
2021-10-02,78230,13986,42758133,140034
2021-10-03,47556,7631,42805689,147665
2021-10-04,88102,34358,42893791,182023
2021-10-05,80128,33907,42973919,215930
2021-10-06,71745,34076,43045664,250006
2021-10-07,71520,34288,43117184,284294
2021-10-08,80363,33492,43197547,317786
2021-10-09,75829,22109,43273376,339895
2021-10-10,45628,13591,43319004,353486
2021-10-11,87124,41003,43406128,394489
2021-10-12,84210,46794,43490338,441283
2021-10-13,87883,52000,43578221,493283
2021-10-14,91162,58391,43669383,551674
2021-10-15,93205,55481,43762588,607155
2021-10-16,82652,36708,43845240,643863
2021-10-17,51266,23782,43896506,667645
2021-10-18,90046,59332,43986552,726977
2021-10-19,78103,69288,44064655,796265
2021-10-20,74826,78033,44139481,874298
2021-10-21,78067,81596,44217548,955894
2021-10-22,73646,76894,44291194,1032788
2021-10-23,60629,51883,44351823,1084671
2021-10-24,33311,23402,44385134,1108073
2021-10-25,64776,81518,44449910,1189591
2021-10-26,58245,91628,44508155,1281219
2021-10-27,58149,103832,44566304,1385051
2021-10-28,61287,113851,44627591,1498902
2021-10-29,61568,102948,44689159,1601850
2021-10-30,50548,68007,44739707,1669857
2021-10-31,25116,28237,44764823,1698094
2021-11-01,19012,28119,44783835,1726213
2021-11-02,62689,89211,44846524,1815424
2021-11-03,60631,118499,44907155,1933923
2021-11-04,59114,126459,44966269,2060382
2021-11-05,62967,134981,45029236,2195363
2021-11-06,46354,90796,45075590,2286159
2021-11-07,22204,37836,45097794,2323995
2021-11-08,51366,131116,45149160,2455111
2021-11-09,45310,143934,45194470,2599045
2021-11-10,42468,156037,45236938,2755082
2021-11-11,44803,154955,45281741,2910037
2021-11-12,46221,158371,45327962,3068408
2021-11-13,33119,116507,45361081,3184915
2021-11-14,14437,52395,45375518,3237310
2021-11-15,36775,157171,45412293,3394481
2021-11-16,30431,171170,45442724,3565651
2021-11-17,28316,178257,45471040,3743908
2021-11-18,30105,193461,45501145,3937369
2021-11-19,28651,205549,45529796,4142918
2021-11-20,20875,156161,45550671,4299079
2021-11-21,10536,64705,45561207,4363784
2021-11-22,21799,212920,45583006,4576704
2021-11-23,23423,241444,45606429,4818148
2021-11-24,27653,270627,45634082,5088775
2021-11-25,23029,301547,45657111,5390322
2021-11-26,24384,317906,45681495,5708228
2021-11-27,21203,265819,45702698,5974047
2021-11-28,9819,136826,45712517,6110873
2021-11-29,22093,325659,45734610,6436532
2021-11-30,22846,365361,45757456,6801893
2021-12-01,21249,412918,45778705,7214811
2021-12-02,23506,440126,45802211,7654937
2021-12-03,24945,467084,45827156,8122021
2021-12-04,22113,418543,45849269,8540564
2021-12-05,11735,261216,45861004,8801780
2021-12-06,25436,457335,45886440,9259115
2021-12-07,23790,479954,45910230,9739069
2021-12-08,9829,249547,45920059,9988616
2021-12-09,31154,491670,45951213,10480286
2021-12-10,27687,517498,45978900,10997784
2021-12-11,23228,459020,46002128,11456804
2021-12-12,12084,293330,46014212,11750134
2021-12-13,25767,467361,46039979,12217495
2021-12-14,24763,493897,46064742,12711392
2021-12-15,24916,516829,46089658,13228221
2021-12-16,27351,519907,46117009,13748128
2021-12-17,28888,516687,46145897,14264815
2021-12-18,26548,468449,46172445,14733264
2021-12-19,14837,300328,46187282,15033592
2021-12-20,30120,477188,46217402,15510780
2021-12-21,29906,493048,46247308,16003828
2021-12-22,28895,484375,46276203,16488203
2021-12-23,27675,426632,46303878,16914835
2021-12-24,12890,210701,46316768,17125536
2021-12-25,2079,33034,46318847,17158570
2021-12-26,8585,159006,46327432,17317576
2021-12-27,46015,504382,46373447,17821958
2021-12-28,41481,553845,46414928,18375803
2021-12-29,33177,550264,46448105,18926067
2021-12-30,30737,499489,46478842,19425556
2021-12-31,13419,247281,46492261,19672837
2022-01-01,3363,64776,46495624,19737613
2022-01-02,21808,276632,46517432,20014245
2022-01-03,45934,520725,46563366,20534970
2022-01-04,44178,572731,46607544,21107701
2022-01-05,38189,561000,46645733,21668701
2022-01-06,21925,274315,46667658,21943016
2022-01-07,60509,554649,46728167,22497665
2022-01-08,57329,503129,46785496,23000794
2022-01-09,40006,319551,46825502,23320345
2022-01-10,58043,542672,46883545,23863017
2022-01-11,58069,587392,46941614,24450409
2022-01-12,54594,581594,46996208,25032003
2022-01-13,54947,580757,47051155,25612760
2022-01-14,42925,588544,47094080,26201304
2022-01-15,34481,568369,47128561,26769673
2022-01-16,27994,341072,47156555,27110745
2022-01-17,52169,490014,47208724,27600759
2022-01-18,55876,517866,47264600,28118625
2022-01-19,54843,503131,47319443,28621756
2022-01-20,52120,499070,47371563,29120826
2022-01-21,39788,493968,47411351,29614794
2022-01-22,28298,469121,47439649,30083915
2022-01-23,33319,275065,47472968,30358980
2022-01-24,54608,437583,47527576,30796563
2022-01-25,60117,452388,47587693,31248951
2022-01-26,57005,436092,47644698,31685043
2022-01-27,47298,432423,47691996,32117466
2022-01-28,57019,436730,47749015,32554196
2022-01-29,66215,411716,47815230,32965912
2022-01-30,49065,235497,47864295,33201409
2022-01-31,59029,357200,47923324,33558609
2022-02-01,64243,328654,47987567,33887263
2022-02-02,61988,296985,48049555,34184248
2022-02-03,59032,274492,48108587,34458740
2022-02-04,71250,268243,48179837,34726983
2022-02-05,82321,247783,48262158,34974766
2022-02-06,54529,115849,48316687,35090615
2022-02-07,64170,199925,48380857,35290540
2022-02-08,65873,185708,48446730,35476248
2022-02-09,57724,165248,48504454,35641496
2022-02-10,58334,157627,48562788,35799123