data_somministrazione,vaccinazioni,booster,cum_vaccinazioni,cum_booster
2020-12-27,20,0,20,0
2020-12-28,2,0,22,0
2020-12-29,1,0,23,0
2020-12-30,8,0,31,0
2020-12-31,71,0,102,0
2021-01-01,23,0,125,0
2021-01-02,119,0,244,0
2021-01-03,83,0,327,0
2021-01-04,210,0,537,0
2021-01-05,245,0,782,0
2021-01-06,212,0,994,0
2021-01-07,299,0,1293,0
2021-01-08,342,0,1635,0
2021-01-09,256,0,1891,0
2021-01-10,152,0,2043,0
2021-01-11,278,0,2321,0
2021-01-12,269,0,2590,0
2021-01-13,395,0,2985,0
2021-01-14,481,0,3466,0
2021-01-15,299,0,3765,0
2021-01-16,212,0,3977,0
2021-01-17,3059,0,7036,0
2021-01-18,5210,0,12246,0
2021-01-19,1893,0,14139,0
2021-01-20,4655,0,18794,0
2021-01-21,19999,0,38793,0
2021-01-22,14206,0,52999,0
2021-01-23,33324,0,86323,0
2021-01-24,30785,0,117108,0
2021-01-25,64726,0,181834,0
2021-01-26,76496,0,258330,0
2021-01-27,64831,0,323161,0
2021-01-28,89282,0,412443,0
2021-01-29,94016,0,506459,0
2021-01-30,86561,0,593020,0
2021-01-31,57333,0,650353,0
2021-02-01,81858,0,732211,0
2021-02-02,82144,0,814355,0
2021-02-03,91192,0,905547,0
2021-02-04,95396,0,1000943,0
2021-02-05,90276,0,1091219,0
2021-02-06,63445,0,1154664,0
2021-02-07,32928,0,1187592,0
2021-02-08,40428,0,1228020,0
2021-02-09,32866,0,1260886,0
2021-02-10,28422,0,1289308,0
2021-02-11,20394,0,1309702,0
2021-02-12,16231,0,1325933,0
2021-02-13,7264,0,1333197,0
2021-02-14,2861,0,1336058,0
2021-02-15,6840,0,1342898,0
2021-02-16,6997,0,1349895,0
2021-02-17,10520,0,1360415,0
2021-02-18,9251,0,1369666,0
2021-02-19,8245,0,1377911,0
2021-02-20,5555,0,1383466,0
2021-02-21,2996,0,1386462,0
2021-02-22,6883,0,1393345,0
2021-02-23,7166,0,1400511,0
2021-02-24,9828,0,1410339,0
2021-02-25,14209,0,1424548,0
2021-02-26,17555,0,1442103,0
2021-02-27,13908,0,1456011,0
2021-02-28,9387,0,1465398,0
2021-03-01,26515,0,1491913,0
2021-03-02,33238,0,1525151,0
2021-03-03,44643,0,1569794,0
2021-03-04,50290,0,1620084,0
2021-03-05,55736,0,1675820,0
2021-03-06,41871,0,1717691,0
2021-03-07,22324,0,1740015,0
2021-03-08,50821,0,1790836,0
2021-03-09,53066,0,1843902,0
2021-03-10,58646,0,1902548,0
2021-03-11,63858,0,1966406,0
2021-03-12,65107,0,2031513,0
2021-03-13,51714,0,2083227,0
2021-03-14,35393,0,2118620,0
2021-03-15,73439,0,2192059,0
2021-03-16,74028,0,2266087,0
2021-03-17,83135,0,2349222,0
2021-03-18,81620,0,2430842,0
2021-03-19,81080,0,2511922,0
2021-03-20,64717,0,2576639,0
2021-03-21,47296,0,2623935,0
2021-03-22,69474,0,2693409,0
2021-03-23,75792,0,2769201,0
2021-03-24,90907,0,2860108,0
2021-03-25,89798,0,2949906,0
2021-03-26,83617,0,3033523,0
2021-03-27,71931,0,3105454,0
2021-03-28,44140,0,3149594,0
2021-03-29,70825,0,3220419,0
2021-03-30,81379,0,3301798,0
2021-03-31,96231,0,3398029,0
2021-04-01,95305,0,3493334,0
2021-04-02,84070,0,3577404,0
2021-04-03,64303,0,3641707,0
2021-04-04,21718,0,3663425,0
2021-04-05,40310,0,3703735,0
2021-04-06,81309,0,3785044,0
2021-04-07,95829,0,3880873,0
2021-04-08,95234,0,3976107,0
2021-04-09,88485,0,4064592,0
2021-04-10,74031,0,4138623,0
2021-04-11,44760,0,4183383,0
2021-04-12,66916,0,4250299,0
2021-04-13,72571,0,4322870,0
2021-04-14,85538,0,4408408,0
2021-04-15,105418,0,4513826,0
2021-04-16,106418,0,4620244,0
2021-04-17,90511,0,4710755,0
2021-04-18,58587,0,4769342,0
2021-04-19,93430,0,4862772,0
2021-04-20,103768,0,4966540,0
2021-04-21,125338,0,5091878,0
2021-04-22,143517,0,5235395,0
2021-04-23,138736,0,5374131,0
2021-04-24,124444,0,5498575,0
2021-04-25,61454,0,5560029,0
2021-04-26,97890,0,5657919,0
2021-04-27,128361,0,5786280,0
2021-04-28,156368,0,5942648,0
2021-04-29,195591,0,6138239,0
2021-04-30,214573,0,6352812,0
2021-05-01,174110,0,6526922,0
2021-05-02,135803,0,6662725,0
2021-05-03,142027,0,6804752,0
2021-05-04,158694,0,6963446,0
2021-05-05,170495,0,7133941,0
2021-05-06,197804,0,7331745,0
2021-05-07,213839,0,7545584,0
2021-05-08,213407,0,7758991,0
2021-05-09,143198,0,7902189,0
2021-05-10,165086,0,8067275,0
2021-05-11,174984,0,8242259,0
2021-05-12,179175,0,8421434,0
2021-05-13,203376,0,8624810,0
2021-05-14,222906,0,8847716,0
2021-05-15,210355,0,9058071,0
2021-05-16,159270,0,9217341,0
2021-05-17,219191,0,9436532,0
2021-05-18,213017,0,9649549,0
2021-05-19,207082,0,9856631,0
2021-05-20,270856,0,10127487,0
2021-05-21,270878,0,10398365,0
2021-05-22,245523,0,10643888,0
2021-05-23,197180,0,10841068,0
2021-05-24,228301,0,11069369,0
2021-05-25,245695,0,11315064,0
2021-05-26,277487,0,11592551,0
2021-05-27,311080,0,11903631,0
2021-05-28,299572,0,12203203,0
2021-05-29,231217,0,12434420,0
2021-05-30,170836,0,12605256,0
2021-05-31,216421,0,12821677,0
2021-06-01,207632,0,13029309,0
2021-06-02,115787,0,13145096,0
2021-06-03,180137,0,13325233,0
2021-06-04,184868,0,13510101,0
2021-06-05,185951,0,13696052,0
2021-06-06,139537,0,13835589,0
2021-06-07,161863,0,13997452,0
2021-06-08,171202,0,14168654,0
2021-06-09,171464,0,14340118,0
2021-06-10,174083,0,14514201,0
2021-06-11,169962,0,14684163,0
2021-06-12,128317,0,14812480,0
2021-06-13,91171,0,14903651,0
2021-06-14,214669,0,15118320,0
2021-06-15,228408,0,15346728,0
2021-06-16,253068,0,15599796,0
2021-06-17,301723,0,15901519,0
2021-06-18,306291,0,16207810,0
2021-06-19,275075,0,16482885,0
2021-06-20,220772,0,16703657,0
2021-06-21,288069,0,16991726,0
2021-06-22,296211,0,17287937,0
2021-06-23,302686,0,17590623,0
2021-06-24,332588,0,17923211,0
2021-06-25,348710,0,18271921,0
2021-06-26,300103,0,18572024,0
2021-06-27,228655,0,18800679,0
2021-06-28,307082,0,19107761,0
2021-06-29,329275,0,19437036,0
2021-06-30,342149,0,19779185,0
2021-07-01,363200,0,20142385,0
2021-07-02,368466,0,20510851,0
2021-07-03,371085,0,20881936,0
2021-07-04,283208,0,21165144,0
2021-07-05,384542,0,21549686,0
2021-07-06,385464,0,21935150,0
2021-07-07,412116,0,22347266,0
2021-07-08,479617,0,22826883,0
2021-07-09,498493,0,23325376,0
2021-07-10,475190,0,23800566,0
2021-07-11,357702,0,24158268,0
2021-07-12,485898,0,24644166,0
2021-07-13,492133,0,25136299,0
2021-07-14,480474,0,25616773,0
2021-07-15,523463,0,26140236,0
2021-07-16,509778,0,26650014,0
2021-07-17,464358,0,27114372,0
2021-07-18,364670,0,27479042,0
2021-07-19,463067,0,27942109,0
2021-07-20,458076,0,28400185,0
2021-07-21,462803,0,28862988,0
2021-07-22,475404,0,29338392,0
2021-07-23,441317,0,29779709,0
2021-07-24,386170,0,30165879,0
2021-07-25,287573,0,30453452,0
2021-07-26,430874,0,30884326,0
2021-07-27,440125,0,31324451,0
2021-07-28,391009,0,31715460,0
2021-07-29,372079,0,32087539,0
2021-07-30,341502,0,32429041,0
2021-07-31,287028,0,32716069,0
2021-08-01,191009,0,32907078,0
2021-08-02,333718,0,33240796,0
2021-08-03,323190,0,33563986,0
2021-08-04,310974,0,33874960,0
2021-08-05,292514,0,34167474,0
2021-08-06,260003,0,34427477,0
2021-08-07,199045,0,34626522,0
2021-08-08,153110,0,34779632,0
2021-08-09,234075,0,35013707,0
2021-08-10,205249,0,35218956,0
2021-08-11,193767,0,35412723,0
2021-08-12,168020,0,35580743,0
2021-08-13,148620,0,35729363,0
2021-08-14,66093,0,35795456,0
2021-08-15,26337,0,35821793,0
2021-08-16,114695,0,35936488,0
2021-08-17,129247,0,36065735,0
2021-08-18,128745,0,36194480,0
2021-08-19,124808,0,36319288,0
2021-08-20,123798,0,36443086,0
2021-08-21,83123,0,36526209,0
2021-08-22,68170,0,36594379,0
2021-08-23,176871,0,36771250,0
2021-08-24,156901,0,36928151,0
2021-08-25,177169,0,37105320,0
2021-08-26,172355,0,37277675,0
2021-08-27,185840,0,37463515,0
2021-08-28,140276,0,37603791,0
2021-08-29,98990,0,37702781,0
2021-08-30,209616,0,37912397,0
2021-08-31,194639,0,38107036,0
2021-09-01,192210,0,38299246,0
2021-09-02,189937,0,38489183,0
2021-09-03,191321,0,38680504,0
2021-09-04,131469,0,38811973,0
2021-09-05,87860,0,38899833,0
2021-09-06,193638,0,39093471,0
2021-09-07,196045,0,39289516,0
2021-09-08,187889,0,39477405,0
2021-09-09,201456,0,39678861,0
2021-09-10,198088,0,39876949,0
2021-09-11,141313,0,40018262,0
2021-09-12,89601,0,40107863,0
2021-09-13,191141,584,40299004,584
2021-09-14,177242,601,40476246,1185
2021-09-15,163100,610,40639346,1795
2021-09-16,160085,945,40799431,2740
2021-09-17,150173,1129,40949604,3869
2021-09-18,127980,748,41077584,4617
2021-09-19,81135,498,41158719,5115
2021-09-20,180077,9093,41338796,14208
2021-09-21,166645,8842,41505441,23050
2021-09-22,159085,9447,41664526,32497
2021-09-23,138076,9337,41802602,41834
2021-09-24,140537,8975,41943139,50809
2021-09-25,119555,5646,42062694,56455
2021-09-26,71968,4345,42134662,60800
2021-09-27,135656,10056,42270318,70856
2021-09-28,117503,11399,42387821,82255
2021-09-29,112354,11831,42500175,94086
2021-09-30,110242,14960,42610417,109046
2021-10-01,94983,19118,42705400,128164
2021-10-02,78496,14028,42783896,142192
2021-10-03,47744,7662,42831640,149854
2021-10-04,88375,34463,42920015,184317
2021-10-05,80369,33986,43000384,218303
2021-10-06,71995,34180,43072379,252483
2021-10-07,71855,34361,43144234,286844
2021-10-08,80630,33597,43224864,320441
2021-10-09,76101,22181,43300965,342622
2021-10-10,45775,13620,43346740,356242
2021-10-11,87432,41112,43434172,397354
2021-10-12,84495,46913,43518667,444267
2021-10-13,88195,52129,43606862,496396
2021-10-14,91540,58525,43698402,554921
2021-10-15,93600,55642,43792002,610563
2021-10-16,82967,36792,43874969,647355
2021-10-17,51463,23836,43926432,671191
2021-10-18,90303,59494,44016735,730685
2021-10-19,78345,69385,44095080,800070
2021-10-20,75071,78182,44170151,878252
2021-10-21,78297,81773,44248448,960025
2021-10-22,73784,77043,44322232,1037068
2021-10-23,60824,51963,44383056,1089031
2021-10-24,33373,23465,44416429,1112496
2021-10-25,64907,81637,44481336,1194133
2021-10-26,58372,91810,44539708,1285943
2021-10-27,58327,103994,44598035,1389937
2021-10-28,61464,114121,44659499,1504058
2021-10-29,61643,103143,44721142,1607201
2021-10-30,50672,68125,44771814,1675326
2021-10-31,25163,28297,44796977,1703623
2021-11-01,19046,28152,44816023,1731775
2021-11-02,62754,89395,44878777,1821170
2021-11-03,60728,118674,44939505,1939844
2021-11-04,59242,126677,44998747,2066521
2021-11-05,63095,135193,45061842,2201714
2021-11-06,46480,90935,45108322,2292649
2021-11-07,22254,37896,45130576,2330545
2021-11-08,51528,131275,45182104,2461820
2021-11-09,45402,144212,45227506,2606032
2021-11-10,42586,156357,45270092,2762389
2021-11-11,44934,155141,45315026,2917530
2021-11-12,46374,158586,45361400,3076116
2021-11-13,33258,116660,45394658,3192776
2021-11-14,14488,52451,45409146,3245227
2021-11-15,36894,157436,45446040,3402663
2021-11-16,30553,171383,45476593,3574046
2021-11-17,28458,178450,45505051,3752496
2021-11-18,30285,193734,45535336,3946230
2021-11-19,28808,205867,45564144,4152097
2021-11-20,20995,156453,45585139,4308550
2021-11-21,10612,64860,45595751,4373410
2021-11-22,21939,213152,45617690,4586562
2021-11-23,23577,241759,45641267,4828321
2021-11-24,27844,270962,45669111,5099283
2021-11-25,23237,301919,45692348,5401202
2021-11-26,24585,318281,45716933,5719483
2021-11-27,21383,266158,45738316,5985641
2021-11-28,9901,137059,45748217,6122700
2021-11-29,22336,326074,45770553,6448774
2021-11-30,23095,365830,45793648,6814604
2021-12-01,21555,413521,45815203,7228125
2021-12-02,23763,440413,45838966,7668538
2021-12-03,25260,467482,45864226,8136020
2021-12-04,22372,418753,45886598,8554773
2021-12-05,11930,261350,45898528,8816123
2021-12-06,25815,457592,45924343,9273715
2021-12-07,24136,480269,45948479,9753984
2021-12-08,10006,249696,45958485,10003680
2021-12-09,31585,491943,45990070,10495623
2021-12-10,28069,517896,46018139,11013519
2021-12-11,23566,459260,46041705,11472779
2021-12-12,12309,293515,46054014,11766294
2021-12-13,26158,467638,46080172,12233932
2021-12-14,25173,494214,46105345,12728146
2021-12-15,25339,517160,46130684,13245306
2021-12-16,27886,520271,46158570,13765577
2021-12-17,29366,517188,46187936,14282765
2021-12-18,27063,468737,46214999,14751502
2021-12-19,15146,300536,46230145,15052038
2021-12-20,30636,477496,46260781,15529534
2021-12-21,30374,493399,46291155,16022933
2021-12-22,29451,484720,46320606,16507653
2021-12-23,28251,426916,46348857,16934569
2021-12-24,13111,210834,46361968,17145403
2021-12-25,2102,33053,46364070,17178456
2021-12-26,8762,159071,46372832,17337527
2021-12-27,46792,504670,46419624,17842197
2021-12-28,42452,554226,46462076,18396423
2021-12-29,34351,550648,46496427,18947071
2021-12-30,31846,499836,46528273,19446907
2021-12-31,14121,247396,46542394,19694303
2022-01-01,3496,64814,46545890,19759117
2022-01-02,22771,276726,46568661,20035843
2022-01-03,47856,520021,46616517,20555864
2022-01-04,46374,572091,46662891,21127955
2022-01-05,40757,560399,46703648,21688354
2022-01-06,23487,274488,46727135,21962842
2022-01-07,63696,554193,46790831,22517035
2022-01-08,60863,503389,46851694,23020424
2022-01-09,42858,319688,46894552,23340112
2022-01-10,61079,542296,46955631,23882408
2022-01-11,61714,586993,47017345,24469401
2022-01-12,58438,581276,47075783,25050677
2022-01-13,58605,580391,47134388,25631068
2022-01-14,46792,588570,47181180,26219638
2022-01-15,39408,569940,47220588,26789578
2022-01-16,31222,341861,47251810,27131439
2022-01-17,54775,489660,47306585,27621099
2022-01-18,58392,517016,47364977,28138115
2022-01-19,57192,502783,47422169,28640898
2022-01-20,54335,498827,47476504,29139725
2022-01-21,42079,493870,47518583,29633595
2022-01-22,31189,469595,47549772,30103190
2022-01-23,34928,275365,47584700,30378555
2022-01-24,56181,437215,47640881,30815770
2022-01-25,61542,452106,47702423,31267876
2022-01-26,58539,435828,47760962,31703704
2022-01-27,48838,432360,47809800,32136064
2022-01-28,58691,436533,47868491,32572597
2022-01-29,68117,412488,47936608,32985085
2022-01-30,50372,235968,47986980,33221053
2022-01-31,60619,356930,48047599,33577983
2022-02-01,65546,328440,48113145,33906423
2022-02-02,63195,296974,48176340,34203397
2022-02-03,60052,274513,48236392,34477910
2022-02-04,72378,268452,48308770,34746362
2022-02-05,83769,248532,48392539,34994894
2022-02-06,55283,116200,48447822,35111094
2022-02-07,65136,199939,48512958,35311033
2022-02-08,66924,186110,48579882,35497143
2022-02-09,58755,166335,48638637,35663478
2022-02-10,58565,163234,48697202,35826712
2022-02-11,62244,162459,48759446,35989171
2022-02-12,71976,152141,48831422,36141312
2022-02-13,41470,68849,48872892,36210161
2022-02-14,46684,116187,48919576,36326348
2022-02-15,48526,123479,48968102,36449827
2022-02-16,45672,106117,49013774,36555944
2022-02-17,42857,98107,49056631,36654051
2022-02-18,46616,112570,49103247,36766621
2022-02-19,52527,100329,49155774,36866950
2022-02-20,31410,40361,49187184,36907311
2022-02-21,37884,89645,49225068,36996956
2022-02-22,37218,83771,49262286,37080727
2022-02-23,33388,79405,49295674,37160132
2022-02-24,32548,78160,49328222,37238292
2022-02-25,34754,90709,49362976,37329001
2022-02-26,39152,89132,49402128,37418133
2022-02-27,22541,35856,49424669,37453989
2022-02-28,28472,81689,49453141,37535678
2022-03-01,22716,53940,49475857,37589618
2022-03-02,21992,50629,49497849,37640247
2022-03-03,22609,54940,49520458,37695187
2022-03-04,23224,62793,49543682,37757980
2022-03-05,23792,57952,49567474,37815932
2022-03-06,9470,17200,49576944,37833132
2022-03-07,15910,51386,49592854,37884518
2022-03-08,15470,48794,49608324,37933312
2022-03-09,13810,46516,49622134,37979828
2022-03-10,14043,52116,49636177,38031944
2022-03-11,15579,57259,49651756,38089203
2022-03-12,15499,56614,49667255,38145817
2022-03-13,5544,16849,49672799,38162666
2022-03-14,10521,46694,49683320,38209360
2022-03-15,10536,46891,49693856,38256251
2022-03-16,9476,41975,49703332,38298226
2022-03-17,9711,44871,49713043,38343097
2022-03-18,10155,49053,49723198,38392150
2022-03-19,9147,46531,49732345,38438681
2022-03-20,2608,11700,49734953,38450381
2022-03-21,7578,40223,49742531,38490604
2022-03-22,8446,37756,49750977,38528360
2022-03-23,7210,33699,49758187,38562059
2022-03-24,8254,38798,49766441,38600857
2022-03-25,8131,43660,49774572,38644517
2022-03-26,8124,41721,49782696,38686238
2022-03-27,2429,9681,49785125,38695919
2022-03-28,6104,35236,49791229,38731155
2022-03-29,5773,32527,49797002,38763682
2022-03-30,5561,30200,49802563,38793882
2022-03-31,5887,33178,49808450,38827060
2022-04-01,4347,25187,49812797,38852247
2022-04-02,4490,23274,49817287,38875521
2022-04-03,1049,4499,49818336,38880020
2022-04-04,3654,21534,49821990,38901554
2022-04-05,3753,22926,49825743,38924480
2022-04-06,4098,21848,49829841,38946328
2022-04-07,3964,23320,49833805,38969648
2022-04-08,4689,26709,49838494,38996357
2022-04-09,4380,23884,49842874,39020241
2022-04-10,891,4614,49843765,39024855
2022-04-11,3813,22685,49847578,39047540
2022-04-12,3359,21778,49850937,39069318
2022-04-13,3561,21333,49854498,39090651
2022-04-14,3485,23782,49857983,39114433
2022-04-15,3082,20616,49861065,39135049
2022-04-16,2149,11919,49863214,39146968
2022-04-17,63,348,49863277,39147316
2022-04-18,151,650,49863428,39147966
2022-04-19,3494,21978,49866922,39169944
2022-04-20,3505,20248,49870427,39190192
2022-04-21,2841,19782,49873268,39209974
2022-04-22,2925,20696,49876193,39230670
2022-04-23,2641,16218,49878834,39246888
2022-04-24,509,2335,49879343,39249223
2022-04-25,183,1165,49879526,39250388
2022-04-26,2757,17798,49882283,39268186
2022-04-27,2371,15786,49884654,39283972
2022-04-28,2356,15554,49887010,39299526
2022-04-29,2292,14835,49889302,39314361
2022-04-30,2121,11577,49891423,39325938
2022-05-01,113,530,49891536,39326468
2022-05-02,1450,9387,49892986,39335855
2022-05-03,1574,10312,49894560,39346167
2022-05-04,1746,10258,49896306,39356425
2022-05-05,1651,10277,49897957,39366702
2022-05-06,1701,10946,49899658,39377648
2022-05-07,1431,8563,49901089,39386211
2022-05-08,404,1514,49901493,39387725
2022-05-09,1026,8918,49902519,39396643
2022-05-10,1422,9540,49903941,39406183
2022-05-11,1483,10089,49905424,39416272
2022-05-12,1367,10122,49906791,39426394
2022-05-13,1590,10510,49908381,39436904
2022-05-14,1356,8228,49909737,39445132
2022-05-15,336,1129,49910073,39446261
2022-05-16,811,8392,49910884,39454653
2022-05-17,1243,8674,49912127,39463327
2022-05-18,1372,9221,49913499,39472548
2022-05-19,1500,9270,49914999,39481818
2022-05-20,1421,9498,49916420,39491316
2022-05-21,1299,7892,49917719,39499208
2022-05-22,231,1012,49917950,39500220
2022-05-23,827,8261,49918777,39508481
2022-05-24,1072,8665,49919849,39517146
2022-05-25,1368,9445,49921217,39526591
2022-05-26,1194,9454,49922411,39536045
2022-05-27,1226,9911,49923637,39545956
2022-05-28,1203,7873,49924840,39553829
2022-05-29,286,1264,49925126,39555093
2022-05-30,929,8029,49926055,39563122
2022-05-31,1033,8532,49927088,39571654
2022-06-01,891,7644,49927979,39579298
2022-06-02,35,474,49928014,39579772
2022-06-03,816,7328,49928830,39587100
2022-06-04,870,5155,49929700,39592255
2022-06-05,89,586,49929789,39592841
2022-06-06,675,6984,49930464,39599825
2022-06-07,932,7842,49931396,39607667
2022-06-08,982,7900,49932378,39615567
2022-06-09,1036,8400,49933414,39623967
2022-06-10,957,8552,49934371,39632519
2022-06-11,900,6206,49935271,39638725
2022-06-12,140,767,49935411,39639492
2022-06-13,602,6296,49936013,39645788
2022-06-14,826,7882,49936839,39653670
2022-06-15,954,7844,49937793,39661514
2022-06-16,729,7389,49938522,39668903
2022-06-17,720,7242,49939242,39676145
2022-06-18,777,5588,49940019,39681733
2022-06-19,47,522,49940066,39682255
2022-06-20,588,6694,49940654,39688949
2022-06-21,733,7652,49941387,39696601
2022-06-22,780,7306,49942167,39703907
2022-06-23,651,7459,49942818,39711366
2022-06-24,642,7473,49943460,39718839
2022-06-25,835,6532,49944295,39725371
2022-06-26,128,523,49944423,39725894
2022-06-27,531,7120,49944954,39733014
2022-06-28,746,8192,49945700,39741206
2022-06-29,756,7720,49946456,39748926
2022-06-30,745,8132,49947201,39757058
2022-07-01,576,6438,49947777,39763496
2022-07-02,536,4766,49948313,39768262
2022-07-03,49,456,49948362,39768718
2022-07-04,470,6274,49948832,39774992
2022-07-05,628,8112,49949460,39783104
2022-07-06,630,7606,49950090,39790710
2022-07-07,569,8263,49950659,39798973
2022-07-08,670,8079,49951329,39807052
2022-07-09,550,6103,49951879,39813155
2022-07-10,58,533,49951937,39813688
2022-07-11,487,7639,49952424,39821327
2022-07-12,665,9026,49953089,39830353
2022-07-13,639,10060,49953728,39840413
2022-07-14,636,10219,49954364,39850632
2022-07-15,623,10663,49954987,39861295
2022-07-16,522,7209,49955509,39868504
2022-07-17,48,769,49955557,39869273
2022-07-18,497,9350,49956054,39878623
2022-07-19,574,10653,49956628,39889276
2022-07-20,576,11258,49957204,39900534
2022-07-21,625,12040,49957829,39912574
2022-07-22,582,11227,49958411,39923801
2022-07-23,379,6743,49958790,39930544
2022-07-24,76,834,49958866,39931378
2022-07-25,501,9033,49959367,39940411
2022-07-26,519,9728,49959886,39950139
2022-07-27,549,10155,49960435,39960294
2022-07-28,527,10483,49960962,39970777
2022-07-29,510,9424,49961472,39980201
2022-07-30,380,5852,49961852,39986053
2022-07-31,49,745,49961901,39986798
2022-08-01,386,6823,49962287,39993621
2022-08-02,539,7518,49962826,40001139
2022-08-03,511,7143,49963337,40008282
2022-08-04,452,7426,49963789,40015708
2022-08-05,419,6488,49964208,40022196
2022-08-06,298,3582,49964506,40025778
2022-08-07,44,551,49964550,40026329
2022-08-08,401,4874,49964951,40031203
2022-08-09,383,5268,49965334,40036471
2022-08-10,376,4788,49965710,40041259
2022-08-11,364,4756,49966074,40046015
2022-08-12,288,3700,49966362,40049715
2022-08-13,143,1597,49966505,40051312
2022-08-14,9,128,49966514,40051440
2022-08-15,1,26,49966515,40051466
2022-08-16,283,3027,49966798,40054493
2022-08-17,351,3513,49967149,40058006
2022-08-18,388,4142,49967537,40062148
2022-08-19,341,3305,49967878,40065453
2022-08-20,183,1710,49968061,40067163
2022-08-21,24,146,49968085,40067309
2022-08-22,329,2936,49968414,40070245
2022-08-23,371,3655,49968785,40073900
2022-08-24,381,3332,49969166,40077232
2022-08-25,419,3734,49969585,40080966
2022-08-26,394,3545,49969979,40084511
2022-08-27,235,1767,49970214,40086278
2022-08-28,29,260,49970243,40086538
2022-08-29,353,3138,49970596,40089676
2022-08-30,401,3636,49970997,40093312
2022-08-31,435,3703,49971432,40097015
2022-09-01,352,3073,49971784,40100088
2022-09-02,292,2866,49972076,40102954
2022-09-03,199,1684,49972275,40104638
2022-09-04,22,147,49972297,40104785
2022-09-05,186,2626,49972483,40107411
2022-09-06,301,2962,49972784,40110373
2022-09-07,538,2907,49973322,40113280
2022-09-08,288,2944,49973610,40116224
2022-09-09,299,2850,49973909,40119074
2022-09-10,226,1324,49974135,40120398
2022-09-11,21,123,49974156,40120521
2022-09-12,267,2199,49974423,40122720
2022-09-13,249,2261,49974672,40124981
2022-09-14,259,2546,49974931,40127527
2022-09-15,276,2471,49975207,40129998
2022-09-16,252,2527,49975459,40132525
2022-09-17,239,1339,49975698,40133864
2022-09-18,20,170,49975718,40134034
2022-09-19,206,1964,49975924,40135998
2022-09-20,232,2366,49976156,40138364
2022-09-21,288,2505,49976444,40140869
2022-09-22,258,2614,49976702,40143483
2022-09-23,249,2301,49976951,40145784
2022-09-24,195,1423,49977146,40147207
2022-09-25,28,134,49977174,40147341
2022-09-26,280,2236,49977454,40149577
2022-09-27,280,2578,49977734,40152155
2022-09-28,302,2847,49978036,40155002
2022-09-29,244,2814,49978280,40157816
2022-09-30,273,2701,49978553,40160517
2022-10-01,191,1408,49978744,40161925
2022-10-02,11,187,49978755,40162112
2022-10-03,174,2385,49978929,40164497
2022-10-04,230,2741,49979159,40167238
2022-10-05,211,3041,49979370,40170279
2022-10-06,126,1874,49979496,40172153