data_somministrazione,vaccinazioni,booster,cum_vaccinazioni,cum_booster
2020-12-27,21,0,21,0
2020-12-28,2,0,23,0
2020-12-29,1,0,24,0
2020-12-30,9,0,33,0
2020-12-31,80,0,113,0
2021-01-01,26,0,139,0
2021-01-02,148,0,287,0
2021-01-03,112,0,399,0
2021-01-04,245,0,644,0
2021-01-05,286,0,930,0
2021-01-06,260,0,1190,0
2021-01-07,328,0,1518,0
2021-01-08,383,0,1901,0
2021-01-09,287,0,2188,0
2021-01-10,170,0,2358,0
2021-01-11,312,0,2670,0
2021-01-12,289,0,2959,0
2021-01-13,421,0,3380,0
2021-01-14,505,0,3885,0
2021-01-15,323,0,4208,0
2021-01-16,225,0,4433,0
2021-01-17,3065,0,7498,0
2021-01-18,5220,0,12718,0
2021-01-19,1895,0,14613,0
2021-01-20,4659,0,19272,0
2021-01-21,20004,0,39276,0
2021-01-22,14220,0,53496,0
2021-01-23,33320,0,86816,0
2021-01-24,30775,0,117591,0
2021-01-25,64700,0,182291,0
2021-01-26,76459,0,258750,0
2021-01-27,64805,0,323555,0
2021-01-28,89248,0,412803,0
2021-01-29,93992,0,506795,0
2021-01-30,86542,0,593337,0
2021-01-31,57323,0,650660,0
2021-02-01,81833,0,732493,0
2021-02-02,82130,0,814623,0
2021-02-03,91104,0,905727,0
2021-02-04,95382,0,1001109,0
2021-02-05,90267,0,1091376,0
2021-02-06,63450,0,1154826,0
2021-02-07,32935,0,1187761,0
2021-02-08,40421,0,1228182,0
2021-02-09,32881,0,1261063,0
2021-02-10,28439,0,1289502,0
2021-02-11,20407,0,1309909,0
2021-02-12,16252,0,1326161,0
2021-02-13,7280,0,1333441,0
2021-02-14,2862,0,1336303,0
2021-02-15,6850,0,1343153,0
2021-02-16,7007,0,1350160,0
2021-02-17,10527,0,1360687,0
2021-02-18,9257,0,1369944,0
2021-02-19,8259,0,1378203,0
2021-02-20,5581,0,1383784,0
2021-02-21,3015,0,1386799,0
2021-02-22,6883,0,1393682,0
2021-02-23,7190,0,1400872,0
2021-02-24,9815,0,1410687,0
2021-02-25,14213,0,1424900,0
2021-02-26,17562,0,1442462,0
2021-02-27,13925,0,1456387,0
2021-02-28,9398,0,1465785,0
2021-03-01,26530,0,1492315,0
2021-03-02,33248,0,1525563,0
2021-03-03,44652,0,1570215,0
2021-03-04,50300,0,1620515,0
2021-03-05,55745,0,1676260,0
2021-03-06,41885,0,1718145,0
2021-03-07,22332,0,1740477,0
2021-03-08,50843,0,1791320,0
2021-03-09,53095,0,1844415,0
2021-03-10,58697,0,1903112,0
2021-03-11,63895,0,1967007,0
2021-03-12,65142,0,2032149,0
2021-03-13,51733,0,2083882,0
2021-03-14,35425,0,2119307,0
2021-03-15,73464,0,2192771,0
2021-03-16,74030,0,2266801,0
2021-03-17,83143,0,2349944,0
2021-03-18,81632,0,2431576,0
2021-03-19,81090,0,2512666,0
2021-03-20,64741,0,2577407,0
2021-03-21,47310,0,2624717,0
2021-03-22,69508,0,2694225,0
2021-03-23,75819,0,2770044,0
2021-03-24,90938,0,2860982,0
2021-03-25,89829,0,2950811,0
2021-03-26,83644,0,3034455,0
2021-03-27,71961,0,3106416,0
2021-03-28,44190,0,3150606,0
2021-03-29,70849,0,3221455,0
2021-03-30,81419,0,3302874,0
2021-03-31,96267,0,3399141,0
2021-04-01,95340,0,3494481,0
2021-04-02,84091,0,3578572,0
2021-04-03,64313,0,3642885,0
2021-04-04,21726,0,3664611,0
2021-04-05,40323,0,3704934,0
2021-04-06,81346,0,3786280,0
2021-04-07,95847,0,3882127,0
2021-04-08,95263,0,3977390,0
2021-04-09,88509,0,4065899,0
2021-04-10,74038,0,4139937,0
2021-04-11,44775,0,4184712,0
2021-04-12,66928,0,4251640,0
2021-04-13,72600,0,4324240,0
2021-04-14,85561,0,4409801,0
2021-04-15,105429,0,4515230,0
2021-04-16,106436,0,4621666,0
2021-04-17,90533,0,4712199,0
2021-04-18,58597,0,4770796,0
2021-04-19,93445,0,4864241,0
2021-04-20,103782,0,4968023,0
2021-04-21,125345,0,5093368,0
2021-04-22,143538,0,5236906,0
2021-04-23,138764,0,5375670,0
2021-04-24,124453,0,5500123,0
2021-04-25,61470,0,5561593,0
2021-04-26,97917,0,5659510,0
2021-04-27,128381,0,5787891,0
2021-04-28,156402,0,5944293,0
2021-04-29,195625,0,6139918,0
2021-04-30,214621,0,6354539,0
2021-05-01,174150,0,6528689,0
2021-05-02,135815,0,6664504,0
2021-05-03,142077,0,6806581,0
2021-05-04,158719,0,6965300,0
2021-05-05,170556,0,7135856,0
2021-05-06,197834,0,7333690,0
2021-05-07,213883,0,7547573,0
2021-05-08,213447,0,7761020,0
2021-05-09,143221,0,7904241,0
2021-05-10,165108,0,8069349,0
2021-05-11,175015,0,8244364,0
2021-05-12,179236,0,8423600,0
2021-05-13,203426,0,8627026,0
2021-05-14,222949,0,8849975,0
2021-05-15,210399,0,9060374,0
2021-05-16,159293,0,9219667,0
2021-05-17,219226,0,9438893,0
2021-05-18,213036,0,9651929,0
2021-05-19,207107,0,9859036,0
2021-05-20,270900,0,10129936,0
2021-05-21,270917,0,10400853,0
2021-05-22,245553,0,10646406,0
2021-05-23,197197,0,10843603,0
2021-05-24,228312,0,11071915,0
2021-05-25,245702,0,11317617,0
2021-05-26,277577,0,11595194,0
2021-05-27,311107,0,11906301,0
2021-05-28,299593,0,12205894,0
2021-05-29,231260,0,12437154,0
2021-05-30,170858,0,12608012,0
2021-05-31,216442,0,12824454,0
2021-06-01,207644,0,13032098,0
2021-06-02,115807,0,13147905,0
2021-06-03,180182,0,13328087,0
2021-06-04,184930,0,13513017,0
2021-06-05,186010,0,13699027,0
2021-06-06,139601,0,13838628,0
2021-06-07,161916,0,14000544,0
2021-06-08,171300,0,14171844,0
2021-06-09,171534,0,14343378,0
2021-06-10,174176,0,14517554,0
2021-06-11,170055,0,14687609,0
2021-06-12,128412,0,14816021,0
2021-06-13,91244,0,14907265,0
2021-06-14,214715,0,15121980,0
2021-06-15,228471,0,15350451,0
2021-06-16,253122,0,15603573,0
2021-06-17,301797,0,15905370,0
2021-06-18,306342,0,16211712,0
2021-06-19,275136,0,16486848,0
2021-06-20,220837,0,16707685,0
2021-06-21,288115,0,16995800,0
2021-06-22,296267,0,17292067,0
2021-06-23,302716,0,17594783,0
2021-06-24,332629,0,17927412,0
2021-06-25,348746,0,18276158,0
2021-06-26,300154,0,18576312,0
2021-06-27,228704,0,18805016,0
2021-06-28,307166,0,19112182,0
2021-06-29,329356,0,19441538,0
2021-06-30,342237,0,19783775,0
2021-07-01,363258,0,20147033,0
2021-07-02,368515,0,20515548,0
2021-07-03,371108,0,20886656,0
2021-07-04,283247,0,21169903,0
2021-07-05,384570,0,21554473,0
2021-07-06,385497,0,21939970,0
2021-07-07,412142,0,22352112,0
2021-07-08,479592,0,22831704,0
2021-07-09,498465,0,23330169,0
2021-07-10,475177,0,23805346,0
2021-07-11,357689,0,24163035,0
2021-07-12,485874,0,24648909,0
2021-07-13,492071,0,25140980,0
2021-07-14,480431,0,25621411,0
2021-07-15,523413,0,26144824,0
2021-07-16,509744,0,26654568,0
2021-07-17,464323,0,27118891,0
2021-07-18,364627,0,27483518,0
2021-07-19,463037,0,27946555,0
2021-07-20,458043,0,28404598,0
2021-07-21,462787,0,28867385,0
2021-07-22,475374,0,29342759,0
2021-07-23,441327,0,29784086,0
2021-07-24,386147,0,30170233,0
2021-07-25,287544,0,30457777,0
2021-07-26,430893,0,30888670,0
2021-07-27,440107,0,31328777,0
2021-07-28,391016,0,31719793,0
2021-07-29,372075,0,32091868,0
2021-07-30,341524,0,32433392,0
2021-07-31,287049,0,32720441,0
2021-08-01,190995,0,32911436,0
2021-08-02,333714,0,33245150,0
2021-08-03,323189,0,33568339,0
2021-08-04,310996,0,33879335,0
2021-08-05,292478,0,34171813,0
2021-08-06,260045,0,34431858,0
2021-08-07,199067,0,34630925,0
2021-08-08,153108,0,34784033,0
2021-08-09,234084,0,35018117,0
2021-08-10,205294,0,35223411,0
2021-08-11,193798,0,35417209,0
2021-08-12,168076,0,35585285,0
2021-08-13,148677,0,35733962,0
2021-08-14,66105,0,35800067,0
2021-08-15,26344,0,35826411,0
2021-08-16,114720,0,35941131,0
2021-08-17,129257,0,36070388,0
2021-08-18,128764,0,36199152,0
2021-08-19,124862,0,36324014,0
2021-08-20,123798,0,36447812,0
2021-08-21,83134,0,36530946,0
2021-08-22,68182,0,36599128,0
2021-08-23,176869,0,36775997,0
2021-08-24,156890,0,36932887,0
2021-08-25,177169,0,37110056,0
2021-08-26,172351,0,37282407,0
2021-08-27,185831,0,37468238,0
2021-08-28,140292,0,37608530,0
2021-08-29,98996,0,37707526,0
2021-08-30,209585,0,37917111,0
2021-08-31,194643,0,38111754,0
2021-09-01,192216,0,38303970,0
2021-09-02,189924,0,38493894,0
2021-09-03,191278,0,38685172,0
2021-09-04,131440,0,38816612,0
2021-09-05,87839,0,38904451,0
2021-09-06,193601,0,39098052,0
2021-09-07,196037,0,39294089,0
2021-09-08,187859,0,39481948,0
2021-09-09,201421,0,39683369,0
2021-09-10,198051,0,39881420,0
2021-09-11,141291,0,40022711,0
2021-09-12,89591,0,40112302,0
2021-09-13,191103,657,40303405,657
2021-09-14,177207,657,40480612,1314
2021-09-15,163079,654,40643691,1968
2021-09-16,160037,1014,40803728,2982
2021-09-17,150153,1173,40953881,4155
2021-09-18,127982,783,41081863,4938
2021-09-19,81141,512,41163004,5450
2021-09-20,180058,9137,41343062,14587
2021-09-21,166675,8864,41509737,23451
2021-09-22,159119,9465,41668856,32916
2021-09-23,138108,9358,41806964,42274
2021-09-24,140549,9020,41947513,51294
2021-09-25,119563,5676,42067076,56970
2021-09-26,71993,4367,42139069,61337
2021-09-27,135673,10086,42274742,71423
2021-09-28,117523,11432,42392265,82855
2021-09-29,112381,11855,42504646,94710
2021-09-30,110294,14985,42614940,109695
2021-10-01,95004,19144,42709944,128839
2021-10-02,78526,14047,42788470,142886
2021-10-03,47761,7671,42836231,150557
2021-10-04,88392,34489,42924623,185046
2021-10-05,80384,34023,43005007,219069
2021-10-06,72010,34217,43077017,253286
2021-10-07,71882,34380,43148899,287666
2021-10-08,80650,33625,43229549,321291
2021-10-09,76114,22202,43305663,343493
2021-10-10,45792,13632,43351455,357125
2021-10-11,87446,41136,43438901,398261
2021-10-12,84518,46937,43523419,445198
2021-10-13,88224,52172,43611643,497370
2021-10-14,91559,58561,43703202,555931
2021-10-15,93600,55685,43796802,611616
2021-10-16,82978,36829,43879780,648445
2021-10-17,51460,23864,43931240,672309
2021-10-18,90301,59526,44021541,731835
2021-10-19,78355,69420,44099896,801255
2021-10-20,75061,78214,44174957,879469
2021-10-21,78282,81824,44253239,961293
2021-10-22,73768,77089,44327007,1038382
2021-10-23,60838,51976,44387845,1090358
2021-10-24,33372,23480,44421217,1113838
2021-10-25,64894,81671,44486111,1195509
2021-10-26,58374,91841,44544485,1287350
2021-10-27,58318,104042,44602803,1391392
2021-10-28,61443,114165,44664246,1505557
2021-10-29,61625,103197,44725871,1608754
2021-10-30,50672,68159,44776543,1676913
2021-10-31,25161,28313,44801704,1705226
2021-11-01,19050,28159,44820754,1733385
2021-11-02,62737,89446,44883491,1822831
2021-11-03,60716,118705,44944207,1941536
2021-11-04,59237,126708,45003444,2068244
2021-11-05,63091,135231,45066535,2203475
2021-11-06,46496,90943,45113031,2294418
2021-11-07,22248,37908,45135279,2332326
2021-11-08,51525,131299,45186804,2463625
2021-11-09,45402,144237,45232206,2607862
2021-11-10,42593,156380,45274799,2764242
2021-11-11,44928,155176,45319727,2919418
2021-11-12,46296,158711,45366023,3078129
2021-11-13,33272,116682,45399295,3194811
2021-11-14,14490,52462,45413785,3247273
2021-11-15,36909,157445,45450694,3404718
2021-11-16,30570,171413,45481264,3576131
2021-11-17,28469,178470,45509733,3754601
2021-11-18,30296,193770,45540029,3948371
2021-11-19,28823,205890,45568852,4154261
2021-11-20,21014,156459,45589866,4310720
2021-11-21,10613,64870,45600479,4375590
2021-11-22,21961,213163,45622440,4588753
2021-11-23,23607,241802,45646047,4830555
2021-11-24,27768,271104,45673815,5101659
2021-11-25,23272,301951,45697087,5403610
2021-11-26,24601,318311,45721688,5721921
2021-11-27,21418,266172,45743106,5988093
2021-11-28,9909,137072,45753015,6125165
2021-11-29,22368,326082,45775383,6451247
2021-11-30,23122,365861,45798505,6817108
2021-12-01,21561,413546,45820066,7230654
2021-12-02,23799,440445,45843865,7671099
2021-12-03,25283,467546,45869148,8138645
2021-12-04,22388,418811,45891536,8557456
2021-12-05,11944,261369,45903480,8818825
2021-12-06,25848,457636,45929328,9276461
2021-12-07,24168,480309,45953496,9756770
2021-12-08,10032,249723,45963528,10006493
2021-12-09,31624,491967,45995152,10498460
2021-12-10,28108,517938,46023260,11016398
2021-12-11,23596,459285,46046856,11475683
2021-12-12,12327,293536,46059183,11769219
2021-12-13,26185,467661,46085368,12236880
2021-12-14,25207,494244,46110575,12731124
2021-12-15,25379,517191,46135954,13248315
2021-12-16,27934,520311,46163888,13768626
2021-12-17,29402,517229,46193290,14285855
2021-12-18,27118,468787,46220408,14754642
2021-12-19,15174,300545,46235582,15055187
2021-12-20,30679,477513,46266261,15532700
2021-12-21,30420,493450,46296681,16026150
2021-12-22,29493,484758,46326174,16510908
2021-12-23,28290,426970,46354464,16937878
2021-12-24,13124,210845,46367588,17148723
2021-12-25,2104,33053,46369692,17181776
2021-12-26,8780,159078,46378472,17340854
2021-12-27,46851,504702,46425323,17845556
2021-12-28,42514,554267,46467837,18399823
2021-12-29,34406,550684,46502243,18950507
2021-12-30,31903,499870,46534146,19450377
2021-12-31,14150,247410,46548296,19697787
2022-01-01,3502,64814,46551798,19762601
2022-01-02,22835,276728,46574633,20039329
2022-01-03,47958,520037,46622591,20559366
2022-01-04,46488,572107,46669079,21131473
2022-01-05,40860,560430,46709939,21691903
2022-01-06,23542,274491,46733481,21966394
2022-01-07,63809,554225,46797290,22520619
2022-01-08,60991,503425,46858281,23024044
2022-01-09,42976,319706,46901257,23343750
2022-01-10,61184,542330,46962441,23886080
2022-01-11,61873,587040,47024314,24473120
2022-01-12,58568,581316,47082882,25054436
2022-01-13,58723,580434,47141605,25634870
2022-01-14,46954,588624,47188559,26223494
2022-01-15,39584,570002,47228143,26793496
2022-01-16,31330,341896,47259473,27135392
2022-01-17,54864,489692,47314337,27625084
2022-01-18,58477,517057,47372814,28142141
2022-01-19,57275,502827,47430089,28644968
2022-01-20,54430,498866,47484519,29143834
2022-01-21,42189,493899,47526708,29637733
2022-01-22,31305,469623,47558013,30107356
2022-01-23,34984,275390,47592997,30382746
2022-01-24,56231,437255,47649228,30820001
2022-01-25,61606,452135,47710834,31272136
2022-01-26,58599,435851,47769433,31707987
2022-01-27,48898,432413,47818331,32140400
2022-01-28,58760,436566,47877091,32576966
2022-01-29,68197,412520,47945288,32989486
2022-01-30,50413,235990,47995701,33225476
2022-01-31,60718,356950,48056419,33582426
2022-02-01,65615,328473,48122034,33910899
2022-02-02,63252,297000,48185286,34207899
2022-02-03,60095,274538,48245381,34482437
2022-02-04,72417,268473,48317798,34750910
2022-02-05,83817,248559,48401615,34999469
2022-02-06,55309,116207,48456924,35115676
2022-02-07,65192,199947,48522116,35315623
2022-02-08,66958,186132,48589074,35501755
2022-02-09,58778,166355,48647852,35668110
2022-02-10,58603,163256,48706455,35831366
2022-02-11,62278,162477,48768733,35993843
2022-02-12,72015,152157,48840748,36146000
2022-02-13,41483,68859,48882231,36214859
2022-02-14,46711,116194,48928942,36331053
2022-02-15,48572,123482,48977514,36454535
2022-02-16,45693,106129,49023207,36560664
2022-02-17,42876,98124,49066083,36658788
2022-02-18,46639,112587,49112722,36771375
2022-02-19,52547,100339,49165269,36871714
2022-02-20,31416,40367,49196685,36912081
2022-02-21,37900,89659,49234585,37001740
2022-02-22,37227,83784,49271812,37085524
2022-02-23,33402,79409,49305214,37164933
2022-02-24,32561,78168,49337775,37243101
2022-02-25,34774,90715,49372549,37333816
2022-02-26,39164,89138,49411713,37422954
2022-02-27,22549,35857,49434262,37458811
2022-02-28,28489,81700,49462751,37540511
2022-03-01,22731,53943,49485482,37594454
2022-03-02,21936,50713,49507418,37645167
2022-03-03,22640,54947,49530058,37700114
2022-03-04,23244,62801,49553302,37762915
2022-03-05,23803,57953,49577105,37820868
2022-03-06,9474,17201,49586579,37838069
2022-03-07,15927,51391,49602506,37889460
2022-03-08,15481,48797,49617987,37938257
2022-03-09,13816,46517,49631803,37984774
2022-03-10,14061,52127,49645864,38036901
2022-03-11,15592,57274,49661456,38094175
2022-03-12,15514,56619,49676970,38150794
2022-03-13,5545,16852,49682515,38167646
2022-03-14,10529,46701,49693044,38214347
2022-03-15,10553,46895,49703597,38261242
2022-03-16,9483,41977,49713080,38303219
2022-03-17,9725,44875,49722805,38348094
2022-03-18,10163,49058,49732968,38397152
2022-03-19,9151,46539,49742119,38443691
2022-03-20,2608,11704,49744727,38455395
2022-03-21,7581,40231,49752308,38495626
2022-03-22,8448,37767,49760756,38533393
2022-03-23,7219,33701,49767975,38567094
2022-03-24,8260,38821,49776235,38605915
2022-03-25,8143,43672,49784378,38649587
2022-03-26,8128,41722,49792506,38691309
2022-03-27,2431,9683,49794937,38700992
2022-03-28,6112,35244,49801049,38736236
2022-03-29,5783,32532,49806832,38768768
2022-03-30,5567,30204,49812399,38798972
2022-03-31,5905,33187,49818304,38832159
2022-04-01,4351,25188,49822655,38857347
2022-04-02,4497,23275,49827152,38880622
2022-04-03,1049,4500,49828201,38885122
2022-04-04,3660,21545,49831861,38906667
2022-04-05,3758,22938,49835619,38929605
2022-04-06,4105,21852,49839724,38951457
2022-04-07,3970,23321,49843694,38974778
2022-04-08,4696,26714,49848390,39001492
2022-04-09,4381,23889,49852771,39025381
2022-04-10,893,4613,49853664,39029994
2022-04-11,3819,22689,49857483,39052683
2022-04-12,3365,21779,49860848,39074462
2022-04-13,3574,21337,49864422,39095799
2022-04-14,3487,23789,49867909,39119588
2022-04-15,3085,20621,49870994,39140209
2022-04-16,2151,11918,49873145,39152127
2022-04-17,63,348,49873208,39152475
2022-04-18,152,650,49873360,39153125
2022-04-19,3498,21984,49876858,39175109
2022-04-20,3513,20249,49880371,39195358
2022-04-21,2848,19792,49883219,39215150
2022-04-22,2928,20714,49886147,39235864
2022-04-23,2648,16222,49888795,39252086
2022-04-24,509,2334,49889304,39254420
2022-04-25,183,1165,49889487,39255585
2022-04-26,2759,17810,49892246,39273395
2022-04-27,2374,15795,49894620,39289190
2022-04-28,2362,15564,49896982,39304754
2022-04-29,2298,14850,49899280,39319604
2022-04-30,2123,11584,49901403,39331188
2022-05-01,113,531,49901516,39331719
2022-05-02,1451,9393,49902967,39341112
2022-05-03,1577,10323,49904544,39351435
2022-05-04,1747,10273,49906291,39361708
2022-05-05,1654,10297,49907945,39372005
2022-05-06,1702,10971,49909647,39382976
2022-05-07,1431,8570,49911078,39391546
2022-05-08,416,1526,49911494,39393072
2022-05-09,1029,8930,49912523,39402002
2022-05-10,1426,9549,49913949,39411551
2022-05-11,1484,10108,49915433,39421659
2022-05-12,1371,10137,49916804,39431796
2022-05-13,1597,10520,49918401,39442316
2022-05-14,1360,8240,49919761,39450556
2022-05-15,336,1136,49920097,39451692
2022-05-16,814,8405,49920911,39460097
2022-05-17,1244,8698,49922155,39468795
2022-05-18,1373,9237,49923528,39478032
2022-05-19,1500,9283,49925028,39487315
2022-05-20,1426,9532,49926454,39496847
2022-05-21,1302,7900,49927756,39504747
2022-05-22,231,1013,49927987,39505760
2022-05-23,830,8272,49928817,39514032
2022-05-24,1073,8673,49929890,39522705
2022-05-25,1372,9460,49931262,39532165
2022-05-26,1198,9480,49932460,39541645
2022-05-27,1232,9915,49933692,39551560
2022-05-28,1205,7887,49934897,39559447
2022-05-29,288,1265,49935185,39560712
2022-05-30,931,8058,49936116,39568770
2022-05-31,1039,8548,49937155,39577318
2022-06-01,895,7658,49938050,39584976
2022-06-02,35,474,49938085,39585450
2022-06-03,817,7334,49938902,39592784
2022-06-04,870,5162,49939772,39597946
2022-06-05,89,586,49939861,39598532
2022-06-06,679,7004,49940540,39605536
2022-06-07,952,7850,49941492,39613386
2022-06-08,981,7906,49942473,39621292
2022-06-09,1037,8418,49943510,39629710
2022-06-10,958,8563,49944468,39638273
2022-06-11,904,6206,49945372,39644479
2022-06-12,140,768,49945512,39645247
2022-06-13,602,6301,49946114,39651548
2022-06-14,832,7903,49946946,39659451
2022-06-15,960,7856,49947906,39667307
2022-06-16,733,7397,49948639,39674704
2022-06-17,724,7249,49949363,39681953
2022-06-18,778,5594,49950141,39687547
2022-06-19,49,521,49950190,39688068
2022-06-20,587,6699,49950777,39694767
2022-06-21,741,7664,49951518,39702431
2022-06-22,779,7312,49952297,39709743
2022-06-23,648,7472,49952945,39717215
2022-06-24,644,7474,49953589,39724689
2022-06-25,835,6533,49954424,39731222
2022-06-26,128,523,49954552,39731745
2022-06-27,534,7125,49955086,39738870
2022-06-28,747,8207,49955833,39747077
2022-06-29,756,7732,49956589,39754809
2022-06-30,747,8145,49957336,39762954
2022-07-01,577,6443,49957913,39769397
2022-07-02,536,4769,49958449,39774166
2022-07-03,49,456,49958498,39774622
2022-07-04,469,6277,49958967,39780899
2022-07-05,631,8122,49959598,39789021
2022-07-06,634,7611,49960232,39796632
2022-07-07,576,8272,49960808,39804904
2022-07-08,674,8085,49961482,39812989
2022-07-09,550,6105,49962032,39819094
2022-07-10,58,533,49962090,39819627
2022-07-11,491,7641,49962581,39827268
2022-07-12,668,9031,49963249,39836299
2022-07-13,644,10067,49963893,39846366
2022-07-14,637,10225,49964530,39856591
2022-07-15,627,10672,49965157,39867263
2022-07-16,523,7215,49965680,39874478
2022-07-17,48,770,49965728,39875248
2022-07-18,496,9374,49966224,39884622
2022-07-19,575,10682,49966799,39895304
2022-07-20,582,11276,49967381,39906580
2022-07-21,630,12091,49968011,39918671
2022-07-22,585,11260,49968596,39929931
2022-07-23,381,6775,49968977,39936706
2022-07-24,76,857,49969053,39937563
2022-07-25,503,9052,49969556,39946615
2022-07-26,522,9762,49970078,39956377
2022-07-27,553,10210,49970631,39966587
2022-07-28,532,10535,49971163,39977122
2022-07-29,511,9466,49971674,39986588
2022-07-30,383,5882,49972057,39992470
2022-07-31,49,764,49972106,39993234
2022-08-01,386,6865,49972492,40000099
2022-08-02,546,7590,49973038,40007689
2022-08-03,513,7179,49973551,40014868
2022-08-04,455,7491,49974006,40022359
2022-08-05,421,6526,49974427,40028885
2022-08-06,299,3613,49974726,40032498
2022-08-07,44,563,49974770,40033061
2022-08-08,403,4890,49975173,40037951
2022-08-09,381,5312,49975554,40043263
2022-08-10,385,4816,49975939,40048079
2022-08-11,369,4803,49976308,40052882
2022-08-12,293,3720,49976601,40056602
2022-08-13,143,1600,49976744,40058202
2022-08-14,9,129,49976753,40058331
2022-08-15,1,26,49976754,40058357
2022-08-16,283,3043,49977037,40061400
2022-08-17,352,3536,49977389,40064936
2022-08-18,392,4160,49977781,40069096
2022-08-19,342,3319,49978123,40072415
2022-08-20,183,1715,49978306,40074130
2022-08-21,24,149,49978330,40074279
2022-08-22,329,2952,49978659,40077231
2022-08-23,370,3674,49979029,40080905
2022-08-24,384,3360,49979413,40084265
2022-08-25,422,3774,49979835,40088039
2022-08-26,399,3575,49980234,40091614
2022-08-27,237,1769,49980471,40093383
2022-08-28,29,267,49980500,40093650
2022-08-29,354,3161,49980854,40096811
2022-08-30,405,3671,49981259,40100482
2022-08-31,438,3734,49981697,40104216
2022-09-01,353,3116,49982050,40107332
2022-09-02,296,2893,49982346,40110225
2022-09-03,200,1689,49982546,40111914
2022-09-04,24,149,49982570,40112063
2022-09-05,187,2656,49982757,40114719
2022-09-06,306,2983,49983063,40117702
2022-09-07,541,2937,49983604,40120639
2022-09-08,293,2963,49983897,40123602
2022-09-09,305,2886,49984202,40126488
2022-09-10,228,1326,49984430,40127814
2022-09-11,23,124,49984453,40127938
2022-09-12,267,2267,49984720,40130205
2022-09-13,252,2276,49984972,40132481
2022-09-14,266,2566,49985238,40135047
2022-09-15,282,2501,49985520,40137548
2022-09-16,255,2546,49985775,40140094
2022-09-17,239,1339,49986014,40141433
2022-09-18,20,170,49986034,40141603
2022-09-19,206,1971,49986240,40143574
2022-09-20,237,2392,49986477,40145966
2022-09-21,289,2526,49986766,40148492
2022-09-22,267,2663,49987033,40151155
2022-09-23,259,2545,49987292,40153700
2022-09-24,193,1427,49987485,40155127
2022-09-25,29,133,49987514,40155260
2022-09-26,280,2248,49987794,40157508
2022-09-27,287,2682,49988081,40160190
2022-09-28,310,2904,49988391,40163094
2022-09-29,257,3048,49988648,40166142
2022-09-30,292,2989,49988940,40169131
2022-10-01,195,1515,49989135,40170646
2022-10-02,12,187,49989147,40170833
2022-10-03,185,2474,49989332,40173307
2022-10-04,236,2862,49989568,40176169
2022-10-05,229,3252,49989797,40179421
2022-10-06,243,3874,49990040,40183295
2022-10-07,282,4189,49990322,40187484
2022-10-08,203,2270,49990525,40189754
2022-10-09,8,305,49990533,40190059
2022-10-10,210,3356,49990743,40193415
2022-10-11,194,4378,49990937,40197793
2022-10-12,209,4441,49991146,40202234
2022-10-13,203,5304,49991349,40207538
2022-10-14,232,5024,49991581,40212562
2022-10-15,190,2671,49991771,40215233
2022-10-16,6,360,49991777,40215593
2022-10-17,186,3871,49991963,40219464
2022-10-18,257,4966,49992220,40224430
2022-10-19,244,5477,49992464,40229907
2022-10-20,224,5995,49992688,40235902
2022-10-21,250,5477,49992938,40241379
2022-10-22,195,2911,49993133,40244290
2022-10-23,13,364,49993146,40244654
2022-10-24,171,3930,49993317,40248584
2022-10-25,253,4926,49993570,40253510
2022-10-26,347,5502,49993917,40259012
2022-10-27,241,5671,49994158,40264683
2022-10-28,199,5262,49994357,40269945
2022-10-29,128,2844,49994485,40272789
2022-10-30,3,328,49994488,40273117
2022-10-31,117,3040,49994605,40276157
2022-11-01,11,353,49994616,40276510
2022-11-02,143,3721,49994759,40280231
2022-11-03,174,4786,49994933,40285017
2022-11-04,225,4603,49995158,40289620
2022-11-05,144,2597,49995302,40292217
2022-11-06,10,261,49995312,40292478
2022-11-07,169,3225,49995481,40295703
2022-11-08,260,4247,49995741,40299950
2022-11-09,197,4331,49995938,40304281
2022-11-10,183,4586,49996121,40308867
2022-11-11,193,4219,49996314,40313086
2022-11-12,152,2370,49996466,40315456
2022-11-13,7,335,49996473,40315791
2022-11-14,149,2837,49996622,40318628
2022-11-15,202,3747,49996824,40322375
2022-11-16,217,3983,49997041,40326358
2022-11-17,191,4099,49997232,40330457
2022-11-18,247,4030,49997479,40334487
2022-11-19,112,2104,49997591,40336591
2022-11-20,24,317,49997615,40336908
2022-11-21,119,2620,49997734,40339528
2022-11-22,142,3212,49997876,40342740
2022-11-23,191,3618,49998067,40346358
2022-11-24,156,3830,49998223,40350188
2022-11-25,185,3777,49998408,40353965
2022-11-26,130,2092,49998538,40356057
2022-11-27,22,356,49998560,40356413
2022-11-28,181,2673,49998741,40359086
2022-11-29,183,3222,49998924,40362308
2022-11-30,181,3724,49999105,40366032
2022-12-01,222,3617,49999327,40369649
2022-12-02,156,3514,49999483,40373163
2022-12-03,105,1958,49999588,40375121
2022-12-04,5,290,49999593,40375411
2022-12-05,128,2849,49999721,40378260
2022-12-06,176,3641,49999897,40381901
2022-12-07,136,3120,50000033,40385021
2022-12-08,8,169,50000041,40385190
2022-12-09,159,3010,50000200,40388200
2022-12-10,78,1599,50000278,40389799
2022-12-11,7,193,50000285,40389992
2022-12-12,169,2517,50000454,40392509
2022-12-13,254,3017,50000708,40395526
2022-12-14,222,3184,50000930,40398710
2022-12-15,203,3213,50001133,40401923
2022-12-16,161,3112,50001294,40405035
2022-12-17,95,1655,50001389,40406690
2022-12-18,10,270,50001399,40406960
2022-12-19,140,2121,50001539,40409081
2022-12-20,211,2430,50001750,40411511
2022-12-21,149,2103,50001899,40413614
2022-12-22,133,1692,50002032,40415306