data_somministrazione,vaccinazioni,booster,cum_vaccinazioni,cum_booster
2020-12-27,19,0,19,0
2020-12-28,2,0,21,0
2020-12-29,1,0,22,0
2020-12-30,6,0,28,0
2020-12-31,57,0,85,0
2021-01-01,22,0,107,0
2021-01-02,96,0,203,0
2021-01-03,73,0,276,0
2021-01-04,188,0,464,0
2021-01-05,229,0,693,0
2021-01-06,182,0,875,0
2021-01-07,273,0,1148,0
2021-01-08,319,0,1467,0
2021-01-09,235,0,1702,0
2021-01-10,141,0,1843,0
2021-01-11,259,0,2102,0
2021-01-12,260,0,2362,0
2021-01-13,380,0,2742,0
2021-01-14,466,0,3208,0
2021-01-15,287,0,3495,0
2021-01-16,200,0,3695,0
2021-01-17,3057,0,6752,0
2021-01-18,5206,0,11958,0
2021-01-19,1889,0,13847,0
2021-01-20,4652,0,18499,0
2021-01-21,20005,0,38504,0
2021-01-22,14201,0,52705,0
2021-01-23,33337,0,86042,0
2021-01-24,30792,0,116834,0
2021-01-25,64741,0,181575,0
2021-01-26,76503,0,258078,0
2021-01-27,64851,0,322929,0
2021-01-28,89307,0,412236,0
2021-01-29,94039,0,506275,0
2021-01-30,86580,0,592855,0
2021-01-31,57342,0,650197,0
2021-02-01,81880,0,732077,0
2021-02-02,82149,0,814226,0
2021-02-03,91199,0,905425,0
2021-02-04,95403,0,1000828,0
2021-02-05,90285,0,1091113,0
2021-02-06,63452,0,1154565,0
2021-02-07,32926,0,1187491,0
2021-02-08,40431,0,1227922,0
2021-02-09,32866,0,1260788,0
2021-02-10,28417,0,1289205,0
2021-02-11,20383,0,1309588,0
2021-02-12,16222,0,1325810,0
2021-02-13,7248,0,1333058,0
2021-02-14,2861,0,1335919,0
2021-02-15,6836,0,1342755,0
2021-02-16,6992,0,1349747,0
2021-02-17,10518,0,1360265,0
2021-02-18,9244,0,1369509,0
2021-02-19,8234,0,1377743,0
2021-02-20,5536,0,1383279,0
2021-02-21,2985,0,1386264,0
2021-02-22,6879,0,1393143,0
2021-02-23,7156,0,1400299,0
2021-02-24,9823,0,1410122,0
2021-02-25,14200,0,1424322,0
2021-02-26,17550,0,1441872,0
2021-02-27,13895,0,1455767,0
2021-02-28,9385,0,1465152,0
2021-03-01,26506,0,1491658,0
2021-03-02,33232,0,1524890,0
2021-03-03,44642,0,1569532,0
2021-03-04,50290,0,1619822,0
2021-03-05,55733,0,1675555,0
2021-03-06,41871,0,1717426,0
2021-03-07,22320,0,1739746,0
2021-03-08,50790,0,1790536,0
2021-03-09,53055,0,1843591,0
2021-03-10,58621,0,1902212,0
2021-03-11,63830,0,1966042,0
2021-03-12,65091,0,2031133,0
2021-03-13,51703,0,2082836,0
2021-03-14,35383,0,2118219,0
2021-03-15,73424,0,2191643,0
2021-03-16,74021,0,2265664,0
2021-03-17,83128,0,2348792,0
2021-03-18,81621,0,2430413,0
2021-03-19,81077,0,2511490,0
2021-03-20,64704,0,2576194,0
2021-03-21,47285,0,2623479,0
2021-03-22,69469,0,2692948,0
2021-03-23,75777,0,2768725,0
2021-03-24,90883,0,2859608,0
2021-03-25,89782,0,2949390,0
2021-03-26,83602,0,3032992,0
2021-03-27,71913,0,3104905,0
2021-03-28,44120,0,3149025,0
2021-03-29,70803,0,3219828,0
2021-03-30,81352,0,3301180,0
2021-03-31,96214,0,3397394,0
2021-04-01,95289,0,3492683,0
2021-04-02,84060,0,3576743,0
2021-04-03,64296,0,3641039,0
2021-04-04,21715,0,3662754,0
2021-04-05,40296,0,3703050,0
2021-04-06,81296,0,3784346,0
2021-04-07,95799,0,3880145,0
2021-04-08,95224,0,3975369,0
2021-04-09,88477,0,4063846,0
2021-04-10,74027,0,4137873,0
2021-04-11,44747,0,4182620,0
2021-04-12,66904,0,4249524,0
2021-04-13,72559,0,4322083,0
2021-04-14,85514,0,4407597,0
2021-04-15,105395,0,4512992,0
2021-04-16,106407,0,4619399,0
2021-04-17,90488,0,4709887,0
2021-04-18,58581,0,4768468,0
2021-04-19,93424,0,4861892,0
2021-04-20,103760,0,4965652,0
2021-04-21,125323,0,5090975,0
2021-04-22,143502,0,5234477,0
2021-04-23,138712,0,5373189,0
2021-04-24,124429,0,5497618,0
2021-04-25,61453,0,5559071,0
2021-04-26,97874,0,5656945,0
2021-04-27,128348,0,5785293,0
2021-04-28,156346,0,5941639,0
2021-04-29,195575,0,6137214,0
2021-04-30,214550,0,6351764,0
2021-05-01,174085,0,6525849,0
2021-05-02,135791,0,6661640,0
2021-05-03,141999,0,6803639,0
2021-05-04,158670,0,6962309,0
2021-05-05,170463,0,7132772,0
2021-05-06,197785,0,7330557,0
2021-05-07,213800,0,7544357,0
2021-05-08,213376,0,7757733,0
2021-05-09,143186,0,7900919,0
2021-05-10,165078,0,8065997,0
2021-05-11,174950,0,8240947,0
2021-05-12,179139,0,8420086,0
2021-05-13,203350,0,8623436,0
2021-05-14,222885,0,8846321,0
2021-05-15,210327,0,9056648,0
2021-05-16,159256,0,9215904,0
2021-05-17,219175,0,9435079,0
2021-05-18,212993,0,9648072,0
2021-05-19,207065,0,9855137,0
2021-05-20,270834,0,10125971,0
2021-05-21,270858,0,10396829,0
2021-05-22,245512,0,10642341,0
2021-05-23,197170,0,10839511,0
2021-05-24,228287,0,11067798,0
2021-05-25,245683,0,11313481,0
2021-05-26,277477,0,11590958,0
2021-05-27,311074,0,11902032,0
2021-05-28,299553,0,12201585,0
2021-05-29,231187,0,12432772,0
2021-05-30,170819,0,12603591,0
2021-05-31,216401,0,12819992,0
2021-06-01,207625,0,13027617,0
2021-06-02,115764,0,13143381,0
2021-06-03,180093,0,13323474,0
2021-06-04,184835,0,13508309,0
2021-06-05,185911,0,13694220,0
2021-06-06,139500,0,13833720,0
2021-06-07,161821,0,13995541,0
2021-06-08,171143,0,14166684,0
2021-06-09,171413,0,14338097,0
2021-06-10,174021,0,14512118,0
2021-06-11,169917,0,14682035,0
2021-06-12,128291,0,14810326,0
2021-06-13,91124,0,14901450,0
2021-06-14,214625,0,15116075,0
2021-06-15,228372,0,15344447,0
2021-06-16,253021,0,15597468,0
2021-06-17,301688,0,15899156,0
2021-06-18,306242,0,16205398,0
2021-06-19,275036,0,16480434,0
2021-06-20,220726,0,16701160,0
2021-06-21,288024,0,16989184,0
2021-06-22,296175,0,17285359,0
2021-06-23,302650,0,17588009,0
2021-06-24,332547,0,17920556,0
2021-06-25,348684,0,18269240,0
2021-06-26,300081,0,18569321,0
2021-06-27,228606,0,18797927,0
2021-06-28,307023,0,19104950,0
2021-06-29,329222,0,19434172,0
2021-06-30,342083,0,19776255,0
2021-07-01,363139,0,20139394,0
2021-07-02,368426,0,20507820,0
2021-07-03,371059,0,20878879,0
2021-07-04,283187,0,21162066,0
2021-07-05,384492,0,21546558,0
2021-07-06,385424,0,21931982,0
2021-07-07,412055,0,22344037,0
2021-07-08,479629,0,22823666,0
2021-07-09,498497,0,23322163,0
2021-07-10,475181,0,23797344,0
2021-07-11,357708,0,24155052,0
2021-07-12,485919,0,24640971,0
2021-07-13,492158,0,25133129,0
2021-07-14,480487,0,25613616,0
2021-07-15,523507,0,26137123,0
2021-07-16,509792,0,26646915,0
2021-07-17,464375,0,27111290,0
2021-07-18,364705,0,27475995,0
2021-07-19,463082,0,27939077,0
2021-07-20,458088,0,28397165,0
2021-07-21,462822,0,28859987,0
2021-07-22,475391,0,29335378,0
2021-07-23,441309,0,29776687,0
2021-07-24,386192,0,30162879,0
2021-07-25,287599,0,30450478,0
2021-07-26,430897,0,30881375,0
2021-07-27,440128,0,31321503,0
2021-07-28,391020,0,31712523,0
2021-07-29,372078,0,32084601,0
2021-07-30,341500,0,32426101,0
2021-07-31,287009,0,32713110,0
2021-08-01,191025,0,32904135,0
2021-08-02,333733,0,33237868,0
2021-08-03,323186,0,33561054,0
2021-08-04,310973,0,33872027,0
2021-08-05,292514,0,34164541,0
2021-08-06,259999,0,34424540,0
2021-08-07,199042,0,34623582,0
2021-08-08,153104,0,34776686,0
2021-08-09,234075,0,35010761,0
2021-08-10,205246,0,35216007,0
2021-08-11,193750,0,35409757,0
2021-08-12,167966,0,35577723,0
2021-08-13,148591,0,35726314,0
2021-08-14,66083,0,35792397,0
2021-08-15,26333,0,35818730,0
2021-08-16,114670,0,35933400,0
2021-08-17,129237,0,36062637,0
2021-08-18,128724,0,36191361,0
2021-08-19,124782,0,36316143,0
2021-08-20,123781,0,36439924,0
2021-08-21,83111,0,36523035,0
2021-08-22,68161,0,36591196,0
2021-08-23,176863,0,36768059,0
2021-08-24,156906,0,36924965,0
2021-08-25,177167,0,37102132,0
2021-08-26,172351,0,37274483,0
2021-08-27,185853,0,37460336,0
2021-08-28,140273,0,37600609,0
2021-08-29,99003,0,37699612,0
2021-08-30,209636,0,37909248,0
2021-08-31,194629,0,38103877,0
2021-09-01,192214,0,38296091,0
2021-09-02,189943,0,38486034,0
2021-09-03,191348,0,38677382,0
2021-09-04,131493,0,38808875,0
2021-09-05,87874,0,38896749,0
2021-09-06,193664,0,39090413,0
2021-09-07,196072,0,39286485,0
2021-09-08,187915,0,39474400,0
2021-09-09,201480,0,39675880,0
2021-09-10,198115,0,39873995,0
2021-09-11,141328,0,40015323,0
2021-09-12,89605,0,40104928,0
2021-09-13,191182,531,40296110,531
2021-09-14,177271,565,40473381,1096
2021-09-15,163135,561,40636516,1657
2021-09-16,160105,907,40796621,2564
2021-09-17,150173,1104,40946794,3668
2021-09-18,127976,726,41074770,4394
2021-09-19,81133,485,41155903,4879
2021-09-20,180076,9060,41335979,13939
2021-09-21,166624,8825,41502603,22764
2021-09-22,159076,9424,41661679,32188
2021-09-23,138078,9312,41799757,41500
2021-09-24,140539,8944,41940296,50444
2021-09-25,119540,5628,42059836,56072
2021-09-26,71949,4336,42131785,60408
2021-09-27,135633,10034,42267418,70442
2021-09-28,117483,11376,42384901,81818
2021-09-29,112327,11821,42497228,93639
2021-09-30,110224,14933,42607452,108572
2021-10-01,94970,19101,42702422,127673
2021-10-02,78469,14011,42780891,141684
2021-10-03,47725,7653,42828616,149337
2021-10-04,88375,34438,42916991,183775
2021-10-05,80359,33967,42997350,217742
2021-10-06,71975,34155,43069325,251897
2021-10-07,71846,34339,43141171,286236
2021-10-08,80620,33585,43221791,319821
2021-10-09,76099,22161,43297890,341982
2021-10-10,45770,13614,43343660,355596
2021-10-11,87405,41096,43431065,396692
2021-10-12,84486,46892,43515551,443584
2021-10-13,88187,52102,43603738,495686
2021-10-14,91521,58498,43695259,554184
2021-10-15,93580,55615,43788839,609799
2021-10-16,82958,36774,43871797,646573
2021-10-17,51459,23823,43923256,670396
2021-10-18,90289,59473,44013545,729869
2021-10-19,78341,69367,44091886,799236
2021-10-20,75074,78156,44166960,877392
2021-10-21,78301,81744,44245261,959136
2021-10-22,73795,77010,44319056,1036146
2021-10-23,60813,51945,44379869,1088091
2021-10-24,33380,23446,44413249,1111537
2021-10-25,64903,81620,44478152,1193157
2021-10-26,58374,91770,44536526,1284927
2021-10-27,58329,103957,44594855,1388884
2021-10-28,61467,114094,44656322,1502978
2021-10-29,61658,103104,44717980,1606082
2021-10-30,50672,68108,44768652,1674190
2021-10-31,25168,28282,44793820,1702472
2021-11-01,19047,28146,44812867,1730618
2021-11-02,62771,89364,44875638,1819982
2021-11-03,60733,118655,44936371,1938637
2021-11-04,59244,126653,44995615,2065290
2021-11-05,63093,135166,45058708,2200456
2021-11-06,46471,90921,45105179,2291377
2021-11-07,22253,37892,45127432,2329269
2021-11-08,51526,131259,45178958,2460528
2021-11-09,45404,144188,45224362,2604716
2021-11-10,42579,156342,45266941,2761058
2021-11-11,44933,155133,45311874,2916191
2021-11-12,46369,158569,45358243,3074760
2021-11-13,33253,116639,45391496,3191399
2021-11-14,14479,52446,45405975,3243845
2021-11-15,36894,157419,45442869,3401264
2021-11-16,30543,171370,45473412,3572634
2021-11-17,28447,178430,45501859,3751064
2021-11-18,30278,193705,45532137,3944769
2021-11-19,28794,205846,45560931,4150615
2021-11-20,20990,156433,45581921,4307048
2021-11-21,10607,64854,45592528,4371902
2021-11-22,21924,213137,45614452,4585039
2021-11-23,23563,241738,45638015,4826777
2021-11-24,27829,270941,45665844,5097718
2021-11-25,23229,301893,45689073,5399611
2021-11-26,24572,318258,45713645,5717869
2021-11-27,21373,266148,45735018,5984017
2021-11-28,9894,137053,45744912,6121070
2021-11-29,22310,326059,45767222,6447129
2021-11-30,23077,365818,45790299,6812947
2021-12-01,21508,413495,45811807,7226442
2021-12-02,23748,440374,45835555,7666816
2021-12-03,25223,467448,45860778,8134264
2021-12-04,22344,418722,45883122,8552986
2021-12-05,11903,261330,45895025,8814316
2021-12-06,25799,457561,45920824,9271877
2021-12-07,24101,480241,45944925,9752118
2021-12-08,9992,249677,45954917,10001795
2021-12-09,31556,491909,45986473,10493704
2021-12-10,28040,517862,46014513,11011566
2021-12-11,23543,459235,46038056,11470801
2021-12-12,12293,293494,46050349,11764295
2021-12-13,26126,467616,46076475,12231911
2021-12-14,25149,494186,46101624,12726097
2021-12-15,25303,517126,46126927,13243223
2021-12-16,27860,520236,46154787,13763459
2021-12-17,29332,517156,46184119,14280615
2021-12-18,27024,468709,46211143,14749324
2021-12-19,15128,300512,46226271,15049836
2021-12-20,30603,477467,46256874,15527303
2021-12-21,30343,493373,46287217,16020676
2021-12-22,29423,484694,46316640,16505370
2021-12-23,28215,426890,46344855,16932260
2021-12-24,13103,210817,46357958,17143077
2021-12-25,2101,33052,46360059,17176129
2021-12-26,8750,159064,46368809,17335193
2021-12-27,46747,504646,46415556,17839839
2021-12-28,42415,554194,46457971,18394033
2021-12-29,34294,550625,46492265,18944658
2021-12-30,31787,499816,46524052,19444474
2021-12-31,14093,247394,46538145,19691868
2022-01-01,3493,64812,46541638,19756680
2022-01-02,22730,276715,46564368,20033395
2022-01-03,47772,520007,46612140,20553402
2022-01-04,46278,572067,46658418,21125469
2022-01-05,40661,560377,46699079,21685846
2022-01-06,23435,274478,46722514,21960324
2022-01-07,63600,554173,46786114,22514497
2022-01-08,60753,503374,46846867,23017871
2022-01-09,42755,319683,46889622,23337554
2022-01-10,60987,542268,46950609,23879822
2022-01-11,61613,586979,47012222,24466801
2022-01-12,58348,581269,47070570,25048070
2022-01-13,58501,580368,47129071,25628438
2022-01-14,46677,588557,47175748,26216995
2022-01-15,39236,569933,47214984,26786928
2022-01-16,31104,341848,47246088,27128776
2022-01-17,54701,489642,47300789,27618418
2022-01-18,58302,517003,47359091,28135421
2022-01-19,57121,502778,47416212,28638199
2022-01-20,54257,498807,47470469,29137006
2022-01-21,41972,493865,47512441,29630871
2022-01-22,31077,469587,47543518,30100458
2022-01-23,34866,275364,47578384,30375822
2022-01-24,56123,437205,47634507,30813027
2022-01-25,61488,452085,47695995,31265112
2022-01-26,58476,435814,47754471,31700926
2022-01-27,48774,432352,47803245,32133278
2022-01-28,58614,436521,47861859,32569799
2022-01-29,68037,412476,47929896,32982275
2022-01-30,50330,235965,47980226,33218240
2022-01-31,60555,356917,48040781,33575157
2022-02-01,65476,328428,48106257,33903585
2022-02-02,63124,296959,48169381,34200544
2022-02-03,59997,274511,48229378,34475055
2022-02-04,72316,268442,48301694,34743497
2022-02-05,83701,248522,48385395,34992019
2022-02-06,55251,116193,48440646,35108212
2022-02-07,65097,199928,48505743,35308140
2022-02-08,66889,186101,48572632,35494241
2022-02-09,58723,166329,48631355,35660570
2022-02-10,58520,163231,48689875,35823801
2022-02-11,62211,162450,48752086,35986251
2022-02-12,71936,152133,48824022,36138384
2022-02-13,41456,68848,48865478,36207232
2022-02-14,46651,116180,48912129,36323412
2022-02-15,48491,123477,48960620,36446889
2022-02-16,45651,106107,49006271,36552996
2022-02-17,42843,98100,49049114,36651096
2022-02-18,46588,112565,49095702,36763661
2022-02-19,52512,100324,49148214,36863985
2022-02-20,31407,40359,49179621,36904344
2022-02-21,37881,89639,49217502,36993983
2022-02-22,37204,83767,49254706,37077750
2022-02-23,33368,79404,49288074,37157154
2022-02-24,32544,78160,49320618,37235314
2022-02-25,34740,90702,49355358,37326016
2022-02-26,39140,89131,49394498,37415147
2022-02-27,22539,35855,49417037,37451002
2022-02-28,28463,81689,49445500,37532691
2022-03-01,22693,53934,49468193,37586625
2022-03-02,21985,50627,49490178,37637252
2022-03-03,22596,54940,49512774,37692192
2022-03-04,23204,62789,49535978,37754981
2022-03-05,23779,57950,49559757,37812931
2022-03-06,9469,17199,49569226,37830130
2022-03-07,15895,51389,49585121,37881519
2022-03-08,15446,48796,49600567,37930315
2022-03-09,13797,46512,49614364,37976827
2022-03-10,14027,52115,49628391,38028942
2022-03-11,15563,57249,49643954,38086191
2022-03-12,15486,56615,49659440,38142806
2022-03-13,5541,16848,49664981,38159654
2022-03-14,10516,46691,49675497,38206345
2022-03-15,10533,46892,49686030,38253237
2022-03-16,9470,41975,49695500,38295212
2022-03-17,9697,44875,49705197,38340087
2022-03-18,10149,49052,49715346,38389139
2022-03-19,9141,46531,49724487,38435670
2022-03-20,2606,11699,49727093,38447369
2022-03-21,7569,40221,49734662,38487590
2022-03-22,8438,37745,49743100,38525335
2022-03-23,7202,33695,49750302,38559030
2022-03-24,8245,38796,49758547,38597826
2022-03-25,8122,43664,49766669,38641490
2022-03-26,8118,41719,49774787,38683209
2022-03-27,2428,9682,49777215,38692891
2022-03-28,6097,35230,49783312,38728121
2022-03-29,5773,32523,49789085,38760644
2022-03-30,5554,30192,49794639,38790836
2022-03-31,5884,33170,49800523,38824006
2022-04-01,4340,25182,49804863,38849188
2022-04-02,4486,23272,49809349,38872460
2022-04-03,1048,4499,49810397,38876959
2022-04-04,3650,21532,49814047,38898491
2022-04-05,3746,22923,49817793,38921414
2022-04-06,4095,21839,49821888,38943253
2022-04-07,3954,23317,49825842,38966570
2022-04-08,4682,26709,49830524,38993279
2022-04-09,4374,23882,49834898,39017161
2022-04-10,892,4614,49835790,39021775
2022-04-11,3801,22682,49839591,39044457
2022-04-12,3355,21776,49842946,39066233
2022-04-13,3557,21333,49846503,39087566
2022-04-14,3482,23774,49849985,39111340
2022-04-15,3076,20613,49853061,39131953
2022-04-16,2147,11920,49855208,39143873
2022-04-17,63,348,49855271,39144221
2022-04-18,148,650,49855419,39144871
2022-04-19,3483,21977,49858902,39166848
2022-04-20,3495,20249,49862397,39187097
2022-04-21,2838,19781,49865235,39206878
2022-04-22,2914,20695,49868149,39227573
2022-04-23,2635,16205,49870784,39243778
2022-04-24,509,2335,49871293,39246113
2022-04-25,183,1165,49871476,39247278
2022-04-26,2758,17792,49874234,39265070
2022-04-27,2364,15782,49876598,39280852
2022-04-28,2348,15534,49878946,39296386
2022-04-29,2290,14834,49881236,39311220
2022-04-30,2117,11577,49883353,39322797
2022-05-01,113,530,49883466,39323327
2022-05-02,1443,9381,49884909,39332708
2022-05-03,1571,10307,49886480,39343015
2022-05-04,1744,10256,49888224,39353271
2022-05-05,1647,10273,49889871,39363544
2022-05-06,1692,10944,49891563,39374488
2022-05-07,1431,8563,49892994,39383051
2022-05-08,404,1514,49893398,39384565
2022-05-09,1023,8915,49894421,39393480
2022-05-10,1418,9536,49895839,39403016
2022-05-11,1477,10087,49897316,39413103
2022-05-12,1365,10119,49898681,39423222
2022-05-13,1588,10508,49900269,39433730
2022-05-14,1355,8226,49901624,39441956
2022-05-15,336,1129,49901960,39443085
2022-05-16,809,8388,49902769,39451473
2022-05-17,1239,8667,49904008,39460140
2022-05-18,1368,9214,49905376,39469354
2022-05-19,1498,9267,49906874,39478621
2022-05-20,1420,9491,49908294,39488112
2022-05-21,1299,7891,49909593,39496003
2022-05-22,231,1012,49909824,39497015
2022-05-23,825,8260,49910649,39505275
2022-05-24,1070,8664,49911719,39513939
2022-05-25,1365,9444,49913084,39523383
2022-05-26,1192,9452,49914276,39532835
2022-05-27,1223,9908,49915499,39542743
2022-05-28,1202,7872,49916701,39550615
2022-05-29,285,1264,49916986,39551879
2022-05-30,928,8026,49917914,39559905
2022-05-31,1033,8529,49918947,39568434
2022-06-01,891,7643,49919838,39576077
2022-06-02,35,474,49919873,39576551
2022-06-03,813,7327,49920686,39583878
2022-06-04,869,5155,49921555,39589033
2022-06-05,89,586,49921644,39589619
2022-06-06,671,6964,49922315,39596583
2022-06-07,930,7841,49923245,39604424
2022-06-08,981,7896,49924226,39612320
2022-06-09,1034,8398,49925260,39620718
2022-06-10,950,8537,49926210,39629255
2022-06-11,898,6207,49927108,39635462
2022-06-12,140,767,49927248,39636229
2022-06-13,602,6295,49927850,39642524
2022-06-14,824,7880,49928674,39650404
2022-06-15,949,7842,49929623,39658246
2022-06-16,728,7383,49930351,39665629
2022-06-17,717,7235,49931068,39672864
2022-06-18,776,5588,49931844,39678452
2022-06-19,47,522,49931891,39678974
2022-06-20,587,6694,49932478,39685668
2022-06-21,731,7637,49933209,39693305
2022-06-22,779,7300,49933988,39700605
2022-06-23,648,7455,49934636,39708060
2022-06-24,643,7468,49935279,39715528
2022-06-25,835,6531,49936114,39722059
2022-06-26,128,523,49936242,39722582
2022-06-27,532,7116,49936774,39729698
2022-06-28,743,8208,49937517,39737906
2022-06-29,755,7717,49938272,39745623
2022-06-30,743,8132,49939015,39753755
2022-07-01,577,6436,49939592,39760191
2022-07-02,536,4765,49940128,39764956
2022-07-03,49,456,49940177,39765412
2022-07-04,470,6269,49940647,39771681
2022-07-05,622,8107,49941269,39779788
2022-07-06,624,7595,49941893,39787383
2022-07-07,562,8249,49942455,39795632
2022-07-08,670,8074,49943125,39803706
2022-07-09,548,6103,49943673,39809809
2022-07-10,58,533,49943731,39810342
2022-07-11,477,7626,49944208,39817968
2022-07-12,652,8980,49944860,39826948
2022-07-13,627,10060,49945487,39837008
2022-07-14,618,10218,49946105,39847226
2022-07-15,616,10644,49946721,39857870
2022-07-16,512,7207,49947233,39865077
2022-07-17,48,769,49947281,39865846
2022-07-18,495,9339,49947776,39875185
2022-07-19,560,10641,49948336,39885826
2022-07-20,563,11243,49948899,39897069
2022-07-21,620,11997,49949519,39909066
2022-07-22,568,11197,49950087,39920263
2022-07-23,375,6730,49950462,39926993
2022-07-24,75,834,49950537,39927827
2022-07-25,492,9019,49951029,39936846
2022-07-26,516,9699,49951545,39946545
2022-07-27,533,10127,49952078,39956672
2022-07-28,525,10451,49952603,39967123
2022-07-29,505,9386,49953108,39976509
2022-07-30,380,5844,49953488,39982353
2022-07-31,49,746,49953537,39983099
2022-08-01,383,6805,49953920,39989904
2022-08-02,534,7487,49954454,39997391
2022-08-03,488,7075,49954942,40004466
2022-08-04,443,7382,49955385,40011848
2022-08-05,410,6443,49955795,40018291
2022-08-06,295,3566,49956090,40021857
2022-08-07,44,547,49956134,40022404
2022-08-08,389,4830,49956523,40027234
2022-08-09,375,5227,49956898,40032461
2022-08-10,368,4712,49957266,40037173
2022-08-11,359,4683,49957625,40041856
2022-08-12,276,3599,49957901,40045455
2022-08-13,136,1547,49958037,40047002
2022-08-14,9,127,49958046,40047129
2022-08-15,1,24,49958047,40047153
2022-08-16,215,1812,49958262,40048965