data_somministrazione,vaccinazioni,booster,cum_vaccinazioni,cum_booster
2020-12-27,22,0,22,0
2020-12-28,2,0,24,0
2020-12-29,1,0,25,0
2020-12-30,8,0,33,0
2020-12-31,84,0,117,0
2021-01-01,27,0,144,0
2021-01-02,154,0,298,0
2021-01-03,118,0,416,0
2021-01-04,250,0,666,0
2021-01-05,295,0,961,0
2021-01-06,267,0,1228,0
2021-01-07,336,0,1564,0
2021-01-08,392,0,1956,0
2021-01-09,299,0,2255,0
2021-01-10,179,0,2434,0
2021-01-11,315,0,2749,0
2021-01-12,295,0,3044,0
2021-01-13,427,0,3471,0
2021-01-14,509,0,3980,0
2021-01-15,330,0,4310,0
2021-01-16,226,0,4536,0
2021-01-17,3065,0,7601,0
2021-01-18,5222,0,12823,0
2021-01-19,1897,0,14720,0
2021-01-20,4660,0,19380,0
2021-01-21,20002,0,39382,0
2021-01-22,14219,0,53601,0
2021-01-23,33314,0,86915,0
2021-01-24,30771,0,117686,0
2021-01-25,64693,0,182379,0
2021-01-26,76451,0,258830,0
2021-01-27,64802,0,323632,0
2021-01-28,89236,0,412868,0
2021-01-29,93984,0,506852,0
2021-01-30,86533,0,593385,0
2021-01-31,57315,0,650700,0
2021-02-01,81828,0,732528,0
2021-02-02,82126,0,814654,0
2021-02-03,91098,0,905752,0
2021-02-04,95378,0,1001130,0
2021-02-05,90264,0,1091394,0
2021-02-06,63451,0,1154845,0
2021-02-07,32935,0,1187780,0
2021-02-08,40420,0,1228200,0
2021-02-09,32882,0,1261082,0
2021-02-10,28443,0,1289525,0
2021-02-11,20410,0,1309935,0
2021-02-12,16254,0,1326189,0
2021-02-13,7287,0,1333476,0
2021-02-14,2862,0,1336338,0
2021-02-15,6852,0,1343190,0
2021-02-16,7009,0,1350199,0
2021-02-17,10528,0,1360727,0
2021-02-18,9261,0,1369988,0
2021-02-19,8259,0,1378247,0
2021-02-20,5593,0,1383840,0
2021-02-21,3017,0,1386857,0
2021-02-22,6885,0,1393742,0
2021-02-23,7191,0,1400933,0
2021-02-24,9817,0,1410750,0
2021-02-25,14218,0,1424968,0
2021-02-26,17563,0,1442531,0
2021-02-27,13929,0,1456460,0
2021-02-28,9400,0,1465860,0
2021-03-01,26535,0,1492395,0
2021-03-02,33246,0,1525641,0
2021-03-03,44653,0,1570294,0
2021-03-04,50304,0,1620598,0
2021-03-05,55747,0,1676345,0
2021-03-06,41886,0,1718231,0
2021-03-07,22332,0,1740563,0
2021-03-08,50839,0,1791402,0
2021-03-09,53096,0,1844498,0
2021-03-10,58702,0,1903200,0
2021-03-11,63899,0,1967099,0
2021-03-12,65153,0,2032252,0
2021-03-13,51733,0,2083985,0
2021-03-14,35429,0,2119414,0
2021-03-15,73467,0,2192881,0
2021-03-16,74031,0,2266912,0
2021-03-17,83150,0,2350062,0
2021-03-18,81632,0,2431694,0
2021-03-19,81092,0,2512786,0
2021-03-20,64749,0,2577535,0
2021-03-21,47316,0,2624851,0
2021-03-22,69508,0,2694359,0
2021-03-23,75826,0,2770185,0
2021-03-24,90945,0,2861130,0
2021-03-25,89832,0,2950962,0
2021-03-26,83649,0,3034611,0
2021-03-27,71965,0,3106576,0
2021-03-28,44197,0,3150773,0
2021-03-29,70853,0,3221626,0
2021-03-30,81424,0,3303050,0
2021-03-31,96273,0,3399323,0
2021-04-01,95345,0,3494668,0
2021-04-02,84090,0,3578758,0
2021-04-03,64315,0,3643073,0
2021-04-04,21727,0,3664800,0
2021-04-05,40330,0,3705130,0
2021-04-06,81362,0,3786492,0
2021-04-07,95854,0,3882346,0
2021-04-08,95271,0,3977617,0
2021-04-09,88510,0,4066127,0
2021-04-10,74044,0,4140171,0
2021-04-11,44770,0,4184941,0
2021-04-12,66928,0,4251869,0
2021-04-13,72606,0,4324475,0
2021-04-14,85561,0,4410036,0
2021-04-15,105426,0,4515462,0
2021-04-16,106444,0,4621906,0
2021-04-17,90538,0,4712444,0
2021-04-18,58601,0,4771045,0
2021-04-19,93449,0,4864494,0
2021-04-20,103784,0,4968278,0
2021-04-21,125345,0,5093623,0
2021-04-22,143540,0,5237163,0
2021-04-23,138769,0,5375932,0
2021-04-24,124457,0,5500389,0
2021-04-25,61472,0,5561861,0
2021-04-26,97921,0,5659782,0
2021-04-27,128386,0,5788168,0
2021-04-28,156409,0,5944577,0
2021-04-29,195629,0,6140206,0
2021-04-30,214626,0,6354832,0
2021-05-01,174153,0,6528985,0
2021-05-02,135821,0,6664806,0
2021-05-03,142093,0,6806899,0
2021-05-04,158726,0,6965625,0
2021-05-05,170559,0,7136184,0
2021-05-06,197841,0,7334025,0
2021-05-07,211995,0,7546020,0
2021-05-08,213452,0,7759472,0
2021-05-09,143229,0,7902701,0
2021-05-10,165109,0,8067810,0
2021-05-11,175018,0,8242828,0
2021-05-12,179245,0,8422073,0
2021-05-13,203446,0,8625519,0
2021-05-14,222961,0,8848480,0
2021-05-15,210401,0,9058881,0
2021-05-16,159301,0,9218182,0
2021-05-17,218866,0,9437048,0
2021-05-18,213034,0,9650082,0
2021-05-19,207107,0,9857189,0
2021-05-20,270921,0,10128110,0
2021-05-21,270919,0,10399029,0
2021-05-22,245551,0,10644580,0
2021-05-23,197199,0,10841779,0
2021-05-24,228328,0,11070107,0
2021-05-25,245703,0,11315810,0
2021-05-26,277578,0,11593388,0
2021-05-27,311112,0,11904500,0
2021-05-28,299596,0,12204096,0
2021-05-29,231265,0,12435361,0
2021-05-30,170861,0,12606222,0
2021-05-31,216451,0,12822673,0
2021-06-01,207649,0,13030322,0
2021-06-02,115816,0,13146138,0
2021-06-03,180197,0,13326335,0
2021-06-04,184948,0,13511283,0
2021-06-05,186031,0,13697314,0
2021-06-06,139610,0,13836924,0
2021-06-07,161934,0,13998858,0
2021-06-08,171323,0,14170181,0
2021-06-09,171549,0,14341730,0
2021-06-10,174194,0,14515924,0
2021-06-11,170077,0,14686001,0
2021-06-12,128427,0,14814428,0
2021-06-13,91265,0,14905693,0
2021-06-14,214724,0,15120417,0
2021-06-15,228482,0,15348899,0
2021-06-16,253129,0,15602028,0
2021-06-17,301810,0,15903838,0
2021-06-18,306367,0,16210205,0
2021-06-19,275156,0,16485361,0
2021-06-20,220836,0,16706197,0
2021-06-21,288129,0,16994326,0
2021-06-22,296280,0,17290606,0
2021-06-23,302726,0,17593332,0
2021-06-24,332635,0,17925967,0
2021-06-25,348747,0,18274714,0
2021-06-26,300159,0,18574873,0
2021-06-27,228719,0,18803592,0
2021-06-28,307177,0,19110769,0
2021-06-29,329370,0,19440139,0
2021-06-30,342247,0,19782386,0
2021-07-01,363270,0,20145656,0
2021-07-02,368526,0,20514182,0
2021-07-03,371111,0,20885293,0
2021-07-04,283259,0,21168552,0
2021-07-05,384572,0,21553124,0
2021-07-06,385502,0,21938626,0
2021-07-07,412148,0,22350774,0
2021-07-08,479582,0,22830356,0
2021-07-09,498452,0,23328808,0
2021-07-10,475172,0,23803980,0
2021-07-11,357685,0,24161665,0
2021-07-12,485869,0,24647534,0
2021-07-13,492052,0,25139586,0
2021-07-14,480425,0,25620011,0
2021-07-15,523399,0,26143410,0
2021-07-16,509729,0,26653139,0
2021-07-17,464312,0,27117451,0
2021-07-18,364618,0,27482069,0
2021-07-19,463027,0,27945096,0
2021-07-20,458030,0,28403126,0
2021-07-21,462788,0,28865914,0
2021-07-22,475367,0,29341281,0
2021-07-23,441317,0,29782598,0
2021-07-24,386142,0,30168740,0
2021-07-25,287528,0,30456268,0
2021-07-26,430881,0,30887149,0
2021-07-27,440102,0,31327251,0
2021-07-28,391008,0,31718259,0
2021-07-29,372067,0,32090326,0
2021-07-30,341532,0,32431858,0
2021-07-31,287053,0,32718911,0
2021-08-01,190997,0,32909908,0
2021-08-02,333706,0,33243614,0
2021-08-03,323184,0,33566798,0
2021-08-04,311005,0,33877803,0
2021-08-05,292477,0,34170280,0
2021-08-06,260044,0,34430324,0
2021-08-07,199077,0,34629401,0
2021-08-08,153111,0,34782512,0
2021-08-09,234081,0,35016593,0
2021-08-10,205296,0,35221889,0
2021-08-11,193803,0,35415692,0
2021-08-12,168083,0,35583775,0
2021-08-13,148686,0,35732461,0
2021-08-14,66109,0,35798570,0
2021-08-15,26346,0,35824916,0
2021-08-16,114725,0,35939641,0
2021-08-17,129265,0,36068906,0
2021-08-18,128766,0,36197672,0
2021-08-19,124868,0,36322540,0
2021-08-20,123802,0,36446342,0
2021-08-21,83139,0,36529481,0
2021-08-22,68182,0,36597663,0
2021-08-23,176860,0,36774523,0
2021-08-24,156889,0,36931412,0
2021-08-25,177167,0,37108579,0
2021-08-26,172343,0,37280922,0
2021-08-27,185828,0,37466750,0
2021-08-28,140293,0,37607043,0
2021-08-29,98997,0,37706040,0
2021-08-30,209581,0,37915621,0
2021-08-31,194636,0,38110257,0
2021-09-01,192216,0,38302473,0
2021-09-02,189931,0,38492404,0
2021-09-03,191268,0,38683672,0
2021-09-04,131427,0,38815099,0
2021-09-05,87839,0,38902938,0
2021-09-06,193589,0,39096527,0
2021-09-07,196027,0,39292554,0
2021-09-08,187846,0,39480400,0
2021-09-09,201408,0,39681808,0
2021-09-10,198037,0,39879845,0
2021-09-11,141281,0,40021126,0
2021-09-12,89588,0,40110714,0
2021-09-13,191085,678,40301799,678
2021-09-14,177201,672,40479000,1350
2021-09-15,163078,666,40642078,2016
2021-09-16,160037,1025,40802115,3041
2021-09-17,150159,1184,40952274,4225
2021-09-18,127986,789,41080260,5014
2021-09-19,81140,515,41161400,5529
2021-09-20,180059,9149,41341459,14678
2021-09-21,166678,8869,41508137,23547
2021-09-22,159129,9472,41667266,33019
2021-09-23,138117,9366,41805383,42385
2021-09-24,140556,9026,41945939,51411
2021-09-25,119561,5685,42065500,57096
2021-09-26,71996,4371,42137496,61467
2021-09-27,135672,10100,42273168,71567
2021-09-28,117524,11439,42390692,83006
2021-09-29,112388,11859,42503080,94865
2021-09-30,110299,14994,42613379,109859
2021-10-01,95011,19146,42708390,129005
2021-10-02,78534,14048,42786924,143053
2021-10-03,47761,7673,42834685,150726
2021-10-04,88394,34495,42923079,185221
2021-10-05,80393,34025,43003472,219246
2021-10-06,72002,34228,43075474,253474
2021-10-07,71883,34386,43147357,287860
2021-10-08,80648,33634,43228005,321494
2021-10-09,76119,22204,43304124,343698
2021-10-10,45797,13632,43349921,357330
2021-10-11,87457,41140,43437378,398470
2021-10-12,84519,46943,43521897,445413
2021-10-13,88229,52179,43610126,497592
2021-10-14,91559,58566,43701685,556158
2021-10-15,93604,55693,43795289,611851
2021-10-16,82977,36837,43878266,648688
2021-10-17,51460,23866,43929726,672554
2021-10-18,90303,59536,44020029,732090
2021-10-19,78354,69429,44098383,801519
2021-10-20,75061,78225,44173444,879744
2021-10-21,78285,81831,44251729,961575
2021-10-22,73768,77094,44325497,1038669
2021-10-23,60840,51977,44386337,1090646
2021-10-24,33365,23487,44419702,1114133
2021-10-25,64902,81677,44484604,1195810
2021-10-26,58369,91854,44542973,1287664
2021-10-27,58317,104047,44601290,1391711
2021-10-28,61443,114176,44662733,1505887
2021-10-29,61619,103209,44724352,1609096
2021-10-30,50670,68165,44775022,1677261
2021-10-31,25158,28314,44800180,1705575
2021-11-01,19049,28161,44819229,1733736
2021-11-02,62738,89453,44881967,1823189
2021-11-03,60711,118721,44942678,1941910
2021-11-04,59237,126719,45001915,2068629
2021-11-05,63091,135240,45065006,2203869
2021-11-06,46494,90947,45111500,2294816
2021-11-07,22248,37908,45133748,2332724
2021-11-08,51521,131310,45185269,2464034
2021-11-09,45407,144240,45230676,2608274
2021-11-10,42594,156387,45273270,2764661
2021-11-11,44927,155191,45318197,2919852
2021-11-12,46304,158725,45364501,3078577
2021-11-13,33270,116685,45397771,3195262
2021-11-14,14490,52463,45412261,3247725
2021-11-15,36908,157459,45449169,3405184
2021-11-16,30567,171426,45479736,3576610
2021-11-17,28468,178472,45508204,3755082
2021-11-18,30297,193779,45538501,3948861
2021-11-19,28823,205900,45567324,4154761
2021-11-20,21014,156462,45588338,4311223
2021-11-21,10611,64872,45598949,4376095
2021-11-22,21962,213170,45620911,4589265
2021-11-23,23609,241806,45644520,4831071
2021-11-24,27770,271107,45672290,5102178
2021-11-25,23267,301955,45695557,5404133
2021-11-26,24602,318316,45720159,5722449
2021-11-27,21418,266179,45741577,5988628
2021-11-28,9911,137072,45751488,6125700
2021-11-29,22370,326081,45773858,6451781
2021-11-30,23122,365865,45796980,6817646
2021-12-01,21566,413547,45818546,7231193
2021-12-02,23800,440445,45842346,7671638
2021-12-03,25287,467549,45867633,8139187
2021-12-04,22396,418816,45890029,8558003
2021-12-05,11945,261372,45901974,8819375
2021-12-06,25854,457639,45927828,9277014
2021-12-07,24174,480314,45952002,9757328
2021-12-08,10033,249727,45962035,10007055
2021-12-09,31635,491972,45993670,10499027
2021-12-10,28113,517940,46021783,11016967
2021-12-11,23596,459289,46045379,11476256
2021-12-12,12327,293539,46057706,11769795
2021-12-13,26188,467666,46083894,12237461
2021-12-14,25213,494248,46109107,12731709
2021-12-15,25387,517190,46134494,13248899
2021-12-16,27942,520315,46162436,13769214
2021-12-17,29404,517232,46191840,14286446
2021-12-18,27118,468788,46218958,14755234
2021-12-19,15177,300549,46234135,15055783
2021-12-20,30687,477512,46264822,15533295
2021-12-21,30425,493454,46295247,16026749
2021-12-22,29498,484761,46324745,16511510
2021-12-23,28292,426976,46353037,16938486
2021-12-24,13129,210846,46366166,17149332
2021-12-25,2104,33053,46368270,17182385
2021-12-26,8784,159079,46377054,17341464
2021-12-27,46853,504707,46423907,17846171
2021-12-28,42512,554275,46466419,18400446
2021-12-29,34406,550695,46500825,18951141
2021-12-30,31905,499876,46532730,19451017
2021-12-31,14154,247410,46546884,19698427
2022-01-01,3503,64816,46550387,19763243
2022-01-02,22845,276728,46573232,20039971
2022-01-03,47963,520049,46621195,20560020
2022-01-04,46498,572110,46667693,21132130
2022-01-05,40871,560433,46708564,21692563
2022-01-06,23548,274489,46732112,21967052
2022-01-07,63819,554233,46795931,22521285
2022-01-08,61017,503429,46856948,23024714
2022-01-09,42990,319710,46899938,23344424
2022-01-10,61195,542334,46961133,23886758
2022-01-11,61883,587043,47023016,24473801
2022-01-12,58575,581319,47081591,25055120
2022-01-13,58737,580439,47140328,25635559
2022-01-14,46969,588630,47187297,26224189
2022-01-15,39623,570003,47226920,26794192
2022-01-16,31336,341899,47258256,27136091
2022-01-17,54869,489700,47313125,27625791
2022-01-18,58485,517061,47371610,28142852
2022-01-19,57292,502828,47428902,28645680
2022-01-20,54440,498867,47483342,29144547
2022-01-21,42199,493908,47525541,29638455
2022-01-22,31300,469090,47556841,30107545
2022-01-23,35000,275394,47591841,30382939
2022-01-24,56239,437259,47648080,30820198
2022-01-25,61514,451763,47709594,31271961
2022-01-26,58609,435852,47768203,31707813
2022-01-27,48908,432423,47817111,32140236
2022-01-28,58774,436572,47875885,32576808
2022-01-29,68204,412523,47944089,32989331
2022-01-30,50415,235995,47994504,33225326
2022-01-31,60730,356958,48055234,33582284
2022-02-01,65630,328473,48120864,33910757
2022-02-02,63254,297004,48184118,34207761
2022-02-03,60105,274542,48244223,34482303
2022-02-04,72420,268479,48316643,34750782
2022-02-05,83824,248562,48400467,34999344
2022-02-06,55309,116208,48455776,35115552
2022-02-07,65193,199949,48520969,35315501
2022-02-08,66961,186134,48587930,35501635
2022-02-09,58783,166357,48646713,35667992
2022-02-10,58603,163258,48705316,35831250
2022-02-11,62282,162483,48767598,35993733
2022-02-12,72020,152157,48839618,36145890
2022-02-13,41488,68860,48881106,36214750
2022-02-14,46714,116196,48927820,36330946
2022-02-15,48573,123483,48976393,36454429
2022-02-16,45704,106133,49022097,36560562
2022-02-17,42878,98128,49064975,36658690
2022-02-18,46638,112591,49111613,36771281
2022-02-19,52547,100342,49164160,36871623
2022-02-20,31416,40369,49195576,36911992
2022-02-21,37905,89661,49233481,37001653
2022-02-22,37228,83787,49270709,37085440
2022-02-23,33406,79409,49304115,37164849
2022-02-24,32563,78169,49336678,37243018
2022-02-25,34776,90716,49371454,37333734
2022-02-26,39167,89139,49410621,37422873
2022-02-27,22550,35860,49433171,37458733
2022-02-28,28492,81701,49461663,37540434
2022-03-01,22735,53944,49484398,37594378
2022-03-02,21939,50713,49506337,37645091
2022-03-03,22641,54947,49528978,37700038
2022-03-04,23245,62803,49552223,37762841
2022-03-05,23805,57953,49576028,37820794
2022-03-06,9474,17202,49585502,37837996
2022-03-07,15928,51391,49601430,37889387
2022-03-08,15482,48799,49616912,37938186
2022-03-09,13815,46518,49630727,37984704
2022-03-10,14055,52056,49644782,38036760
2022-03-11,15594,57277,49660376,38094037
2022-03-12,15513,56621,49675889,38150658
2022-03-13,5546,16852,49681435,38167510
2022-03-14,10528,46703,49691963,38214213
2022-03-15,10555,46895,49702518,38261108
2022-03-16,9487,41980,49712005,38303088
2022-03-17,9727,44878,49721732,38347966
2022-03-18,10164,49059,49731896,38397025
2022-03-19,9153,46541,49741049,38443566
2022-03-20,2608,11704,49743657,38455270
2022-03-21,7588,40233,49751245,38495503
2022-03-22,8448,37769,49759693,38533272
2022-03-23,7221,33701,49766914,38566973
2022-03-24,8262,38821,49775176,38605794
2022-03-25,8144,43674,49783320,38649468
2022-03-26,8128,41724,49791448,38691192
2022-03-27,2432,9683,49793880,38700875
2022-03-28,6113,35245,49799993,38736120
2022-03-29,5784,32532,49805777,38768652
2022-03-30,5567,30206,49811344,38798858
2022-03-31,5906,33187,49817250,38832045
2022-04-01,4351,25191,49821601,38857236
2022-04-02,4498,23275,49826099,38880511
2022-04-03,1049,4500,49827148,38885011
2022-04-04,3663,21546,49830811,38906557
2022-04-05,3759,22938,49834570,38929495
2022-04-06,4105,21853,49838675,38951348
2022-04-07,3971,23321,49842646,38974669
2022-04-08,4696,26716,49847342,39001385
2022-04-09,4382,23888,49851724,39025273
2022-04-10,893,4613,49852617,39029886
2022-04-11,3819,22691,49856436,39052577
2022-04-12,3364,21781,49859800,39074358
2022-04-13,3574,21337,49863374,39095695
2022-04-14,3487,23789,49866861,39119484
2022-04-15,3085,20623,49869946,39140107
2022-04-16,2153,11918,49872099,39152025
2022-04-17,63,348,49872162,39152373
2022-04-18,152,650,49872314,39153023
2022-04-19,3500,21988,49875814,39175011
2022-04-20,3513,20250,49879327,39195261
2022-04-21,2848,19793,49882175,39215054
2022-04-22,2928,20716,49885103,39235770
2022-04-23,2648,16222,49887751,39251992
2022-04-24,509,2335,49888260,39254327
2022-04-25,183,1165,49888443,39255492
2022-04-26,2761,17813,49891204,39273305
2022-04-27,2375,15795,49893579,39289100
2022-04-28,2363,15567,49895942,39304667
2022-04-29,2299,14850,49898241,39319517
2022-04-30,2123,11585,49900364,39331102
2022-05-01,113,531,49900477,39331633
2022-05-02,1451,9394,49901928,39341027
2022-05-03,1577,10326,49903505,39351353
2022-05-04,1747,10276,49905252,39361629
2022-05-05,1654,10301,49906906,39371930
2022-05-06,1702,10972,49908608,39382902
2022-05-07,1431,8575,49910039,39391477
2022-05-08,417,1526,49910456,39393003
2022-05-09,1028,8935,49911484,39401938
2022-05-10,1427,9554,49912911,39411492
2022-05-11,1485,10109,49914396,39421601
2022-05-12,1371,10137,49915767,39431738
2022-05-13,1596,10527,49917363,39442265
2022-05-14,1361,8248,49918724,39450513
2022-05-15,336,1138,49919060,39451651
2022-05-16,814,8409,49919874,39460060
2022-05-17,1244,8708,49921118,39468768
2022-05-18,1373,9256,49922491,39478024
2022-05-19,1501,9287,49923992,39487311
2022-05-20,1426,9535,49925418,39496846
2022-05-21,1302,7902,49926720,39504748
2022-05-22,231,1013,49926951,39505761
2022-05-23,830,8274,49927781,39514035
2022-05-24,1073,8673,49928854,39522708
2022-05-25,1372,9460,49930226,39532168
2022-05-26,1198,9480,49931424,39541648
2022-05-27,1233,9917,49932657,39551565
2022-05-28,1205,7890,49933862,39559455
2022-05-29,288,1265,49934150,39560720
2022-05-30,931,8060,49935081,39568780
2022-05-31,1039,8549,49936120,39577329
2022-06-01,896,7657,49937016,39584986
2022-06-02,35,474,49937051,39585460
2022-06-03,817,7334,49937868,39592794
2022-06-04,870,5162,49938738,39597956
2022-06-05,88,586,49938826,39598542
2022-06-06,679,7004,49939505,39605546
2022-06-07,952,7850,49940457,39613396
2022-06-08,981,7906,49941438,39621302
2022-06-09,1037,8418,49942475,39629720
2022-06-10,958,8563,49943433,39638283
2022-06-11,903,6207,49944336,39644490
2022-06-12,140,768,49944476,39645258
2022-06-13,602,6302,49945078,39651560
2022-06-14,832,7905,49945910,39659465
2022-06-15,960,7856,49946870,39667321
2022-06-16,733,7399,49947603,39674720
2022-06-17,723,7248,49948326,39681968
2022-06-18,778,5596,49949104,39687564
2022-06-19,49,521,49949153,39688085
2022-06-20,587,6699,49949740,39694784
2022-06-21,741,7664,49950481,39702448
2022-06-22,779,7313,49951260,39709761
2022-06-23,649,7472,49951909,39717233
2022-06-24,644,7475,49952553,39724708
2022-06-25,835,6533,49953388,39731241
2022-06-26,128,523,49953516,39731764
2022-06-27,534,7126,49954050,39738890
2022-06-28,748,8208,49954798,39747098
2022-06-29,756,7733,49955554,39754831
2022-06-30,747,8145,49956301,39762976
2022-07-01,577,6443,49956878,39769419
2022-07-02,536,4769,49957414,39774188
2022-07-03,49,456,49957463,39774644
2022-07-04,469,6278,49957932,39780922
2022-07-05,631,8122,49958563,39789044
2022-07-06,634,7611,49959197,39796655
2022-07-07,576,8274,49959773,39804929
2022-07-08,677,8086,49960450,39813015
2022-07-09,550,6105,49961000,39819120
2022-07-10,58,533,49961058,39819653
2022-07-11,493,7642,49961551,39827295
2022-07-12,669,9030,49962220,39836325
2022-07-13,645,10066,49962865,39846391
2022-07-14,637,10225,49963502,39856616
2022-07-15,627,10674,49964129,39867290
2022-07-16,523,7215,49964652,39874505
2022-07-17,48,770,49964700,39875275
2022-07-18,496,9375,49965196,39884650
2022-07-19,576,10684,49965772,39895334
2022-07-20,582,11277,49966354,39906611
2022-07-21,632,12093,49966986,39918704
2022-07-22,584,11261,49967570,39929965
2022-07-23,381,6775,49967951,39936740
2022-07-24,76,857,49968027,39937597
2022-07-25,504,9056,49968531,39946653
2022-07-26,522,9768,49969053,39956421
2022-07-27,554,10212,49969607,39966633
2022-07-28,533,10534,49970140,39977167
2022-07-29,510,9467,49970650,39986634
2022-07-30,383,5884,49971033,39992518
2022-07-31,49,764,49971082,39993282
2022-08-01,386,6865,49971468,40000147
2022-08-02,548,7590,49972016,40007737
2022-08-03,513,7182,49972529,40014919
2022-08-04,455,7493,49972984,40022412
2022-08-05,421,6529,49973405,40028941
2022-08-06,300,3613,49973705,40032554
2022-08-07,44,563,49973749,40033117
2022-08-08,403,4890,49974152,40038007
2022-08-09,381,5313,49974533,40043320
2022-08-10,385,4816,49974918,40048136
2022-08-11,369,4804,49975287,40052940
2022-08-12,295,3719,49975582,40056659
2022-08-13,143,1600,49975725,40058259
2022-08-14,9,129,49975734,40058388
2022-08-15,1,26,49975735,40058414
2022-08-16,283,3043,49976018,40061457
2022-08-17,352,3536,49976370,40064993
2022-08-18,394,4160,49976764,40069153
2022-08-19,341,3321,49977105,40072474
2022-08-20,184,1715,49977289,40074189
2022-08-21,24,149,49977313,40074338
2022-08-22,330,2952,49977643,40077290
2022-08-23,370,3674,49978013,40080964
2022-08-24,384,3360,49978397,40084324
2022-08-25,423,3773,49978820,40088097
2022-08-26,399,3585,49979219,40091682
2022-08-27,237,1770,49979456,40093452
2022-08-28,29,267,49979485,40093719
2022-08-29,354,3161,49979839,40096880
2022-08-30,406,3672,49980245,40100552
2022-08-31,438,3734,49980683,40104286
2022-09-01,353,3117,49981036,40107403
2022-09-02,297,2894,49981333,40110297
2022-09-03,200,1692,49981533,40111989
2022-09-04,24,149,49981557,40112138
2022-09-05,187,2656,49981744,40114794
2022-09-06,307,2985,49982051,40117779
2022-09-07,542,2937,49982593,40120716
2022-09-08,293,2964,49982886,40123680
2022-09-09,308,2886,49983194,40126566
2022-09-10,228,1327,49983422,40127893
2022-09-11,23,124,49983445,40128017
2022-09-12,267,2269,49983712,40130286
2022-09-13,253,2279,49983965,40132565
2022-09-14,266,2566,49984231,40135131
2022-09-15,283,2501,49984514,40137632
2022-09-16,255,2542,49984769,40140174
2022-09-17,239,1339,49985008,40141513
2022-09-18,20,170,49985028,40141683
2022-09-19,206,1971,49985234,40143654
2022-09-20,237,2392,49985471,40146046
2022-09-21,289,2526,49985760,40148572
2022-09-22,267,2663,49986027,40151235
2022-09-23,261,2546,49986288,40153781
2022-09-24,193,1427,49986481,40155208
2022-09-25,29,133,49986510,40155341
2022-09-26,281,2249,49986791,40157590
2022-09-27,287,2680,49987078,40160270
2022-09-28,310,2905,49987388,40163175
2022-09-29,257,3050,49987645,40166225
2022-09-30,292,2987,49987937,40169212
2022-10-01,195,1515,49988132,40170727
2022-10-02,12,187,49988144,40170914
2022-10-03,186,2475,49988330,40173389
2022-10-04,236,2861,49988566,40176250
2022-10-05,233,3253,49988799,40179503
2022-10-06,244,3872,49989043,40183375
2022-10-07,283,4184,49989326,40187559
2022-10-08,206,2268,49989532,40189827
2022-10-09,8,305,49989540,40190132
2022-10-10,214,3347,49989754,40193479
2022-10-11,195,4378,49989949,40197857
2022-10-12,211,4436,49990160,40202293
2022-10-13,206,5299,49990366,40207592
2022-10-14,233,5006,49990599,40212598
2022-10-15,191,2669,49990790,40215267
2022-10-16,6,360,49990796,40215627
2022-10-17,187,3873,49990983,40219500
2022-10-18,257,4959,49991240,40224459
2022-10-19,246,5477,49991486,40229936
2022-10-20,225,5995,49991711,40235931
2022-10-21,257,5475,49991968,40241406
2022-10-22,195,2911,49992163,40244317
2022-10-23,13,364,49992176,40244681
2022-10-24,171,3929,49992347,40248610
2022-10-25,256,4925,49992603,40253535
2022-10-26,350,5501,49992953,40259036
2022-10-27,240,5675,49993193,40264711
2022-10-28,199,5265,49993392,40269976
2022-10-29,128,2844,49993520,40272820
2022-10-30,3,328,49993523,40273148
2022-10-31,117,3039,49993640,40276187
2022-11-01,11,353,49993651,40276540
2022-11-02,146,3721,49993797,40280261
2022-11-03,172,4788,49993969,40285049
2022-11-04,228,4600,49994197,40289649
2022-11-05,144,2598,49994341,40292247
2022-11-06,10,261,49994351,40292508
2022-11-07,169,3227,49994520,40295735
2022-11-08,261,4253,49994781,40299988
2022-11-09,202,4335,49994983,40304323
2022-11-10,184,4598,49995167,40308921
2022-11-11,194,4231,49995361,40313152
2022-11-12,161,2378,49995522,40315530
2022-11-13,7,338,49995529,40315868
2022-11-14,150,2836,49995679,40318704
2022-11-15,204,3748,49995883,40322452
2022-11-16,217,4000,49996100,40326452
2022-11-17,194,4108,49996294,40330560
2022-11-18,248,4034,49996542,40334594
2022-11-19,112,2087,49996654,40336681
2022-11-20,24,317,49996678,40336998
2022-11-21,119,2621,49996797,40339619
2022-11-22,142,3222,49996939,40342841
2022-11-23,191,3626,49997130,40346467
2022-11-24,158,3846,49997288,40350313
2022-11-25,184,3780,49997472,40354093
2022-11-26,134,2094,49997606,40356187
2022-11-27,22,356,49997628,40356543
2022-11-28,182,2691,49997810,40359234
2022-11-29,257,3232,49998067,40362466
2022-11-30,183,3737,49998250,40366203
2022-12-01,151,3630,49998401,40369833
2022-12-02,162,3528,49998563,40373361
2022-12-03,106,1995,49998669,40375356
2022-12-04,5,290,49998674,40375646
2022-12-05,129,2856,49998803,40378502
2022-12-06,177,3659,49998980,40382161
2022-12-07,136,3128,49999116,40385289
2022-12-08,8,168,49999124,40385457
2022-12-09,164,3035,49999288,40388492
2022-12-10,71,1602,49999359,40390094
2022-12-11,7,193,49999366,40390287
2022-12-12,172,2534,49999538,40392821
2022-12-13,251,3050,49999789,40395871
2022-12-14,232,3237,50000021,40399108
2022-12-15,206,3288,50000227,40402396
2022-12-16,161,3213,50000388,40405609
2022-12-17,95,1692,50000483,40407301
2022-12-18,10,270,50000493,40407571
2022-12-19,147,2164,50000640,40409735
2022-12-20,213,2522,50000853,40412257
2022-12-21,159,2249,50001012,40414506
2022-12-22,140,1870,50001152,40416376
2022-12-23,153,1219,50001305,40417595
2022-12-24,32,161,50001337,40417756
2022-12-25,0,6,50001337,40417762
2022-12-26,6,42,50001343,40417804
2022-12-27,133,1552,50001476,40419356
2022-12-28,138,1777,50001614,40421133
2022-12-29,93,1705,50001707,40422838
2022-12-30,116,1610,50001823,40424448
2022-12-31,21,273,50001844,40424721
2023-01-01,0,6,50001844,40424727
2023-01-02,48,1125,50001892,40425852
2023-01-03,97,1897,50001989,40427749
2023-01-04,111,2004,50002100,40429753
2023-01-05,98,1902,50002198,40431655
2023-01-06,0,69,50002198,40431724
2023-01-07,51,686,50002249,40432410
2023-01-08,2,97,50002251,40432507
2023-01-09,124,1404,50002375,40433911
2023-01-10,125,1758,50002500,40435669
2023-01-11,113,1748,50002613,40437417
2023-01-12,111,1957,50002724,40439374
2023-01-13,105,1850,50002829,40441224
2023-01-14,61,924,50002890,40442148
2023-01-15,1,64,50002891,40442212
2023-01-16,34,647,50002925,40442859