data_somministrazione,vaccinazioni,booster,cum_vaccinazioni,cum_booster
2020-12-27,17,0,17,0
2020-12-28,2,0,19,0
2020-12-29,1,0,20,0
2020-12-30,6,0,26,0
2020-12-31,41,0,67,0
2021-01-01,14,0,81,0
2021-01-02,71,0,152,0
2021-01-03,53,0,205,0
2021-01-04,146,0,351,0
2021-01-05,183,0,534,0
2021-01-06,151,0,685,0
2021-01-07,228,0,913,0
2021-01-08,271,0,1184,0
2021-01-09,200,0,1384,0
2021-01-10,118,0,1502,0
2021-01-11,207,0,1709,0
2021-01-12,232,0,1941,0
2021-01-13,341,0,2282,0
2021-01-14,431,0,2713,0
2021-01-15,263,0,2976,0
2021-01-16,171,0,3147,0
2021-01-17,3050,0,6197,0
2021-01-18,5195,0,11392,0
2021-01-19,1882,0,13274,0
2021-01-20,4649,0,17923,0
2021-01-21,20010,0,37933,0
2021-01-22,14196,0,52129,0
2021-01-23,33354,0,85483,0
2021-01-24,30795,0,116278,0
2021-01-25,64771,0,181049,0
2021-01-26,76541,0,257590,0
2021-01-27,64871,0,322461,0
2021-01-28,89341,0,411802,0
2021-01-29,94072,0,505874,0
2021-01-30,86610,0,592484,0
2021-01-31,57350,0,649834,0
2021-02-01,81910,0,731744,0
2021-02-02,82172,0,813916,0
2021-02-03,91219,0,905135,0
2021-02-04,95429,0,1000564,0
2021-02-05,90303,0,1090867,0
2021-02-06,63738,0,1154605,0
2021-02-07,32919,0,1187524,0
2021-02-08,40422,0,1227946,0
2021-02-09,32854,0,1260800,0
2021-02-10,28401,0,1289201,0
2021-02-11,20366,0,1309567,0
2021-02-12,16205,0,1325772,0
2021-02-13,7222,0,1332994,0
2021-02-14,2859,0,1335853,0
2021-02-15,6828,0,1342681,0
2021-02-16,6981,0,1349662,0
2021-02-17,10509,0,1360171,0
2021-02-18,9229,0,1369400,0
2021-02-19,8210,0,1377610,0
2021-02-20,5496,0,1383106,0
2021-02-21,2956,0,1386062,0
2021-02-22,6866,0,1392928,0
2021-02-23,7134,0,1400062,0
2021-02-24,9807,0,1409869,0
2021-02-25,14182,0,1424051,0
2021-02-26,17528,0,1441579,0
2021-02-27,13882,0,1455461,0
2021-02-28,9364,0,1464825,0
2021-03-01,26478,0,1491303,0
2021-03-02,33211,0,1524514,0
2021-03-03,44630,0,1569144,0
2021-03-04,50251,0,1619395,0
2021-03-05,55768,0,1675163,0
2021-03-06,41853,0,1717016,0
2021-03-07,22307,0,1739323,0
2021-03-08,50557,0,1789880,0
2021-03-09,52940,0,1842820,0
2021-03-10,58562,0,1901382,0
2021-03-11,63787,0,1965169,0
2021-03-12,65059,0,2030228,0
2021-03-13,51674,0,2081902,0
2021-03-14,35359,0,2117261,0
2021-03-15,73385,0,2190646,0
2021-03-16,74007,0,2264653,0
2021-03-17,83119,0,2347772,0
2021-03-18,81609,0,2429381,0
2021-03-19,81044,0,2510425,0
2021-03-20,64667,0,2575092,0
2021-03-21,47264,0,2622356,0
2021-03-22,69427,0,2691783,0
2021-03-23,75733,0,2767516,0
2021-03-24,90818,0,2858334,0
2021-03-25,89741,0,2948075,0
2021-03-26,83528,0,3031603,0
2021-03-27,71851,0,3103454,0
2021-03-28,44075,0,3147529,0
2021-03-29,70734,0,3218263,0
2021-03-30,81284,0,3299547,0
2021-03-31,96141,0,3395688,0
2021-04-01,95226,0,3490914,0
2021-04-02,84023,0,3574937,0
2021-04-03,64258,0,3639195,0
2021-04-04,21702,0,3660897,0
2021-04-05,40274,0,3701171,0
2021-04-06,81259,0,3782430,0
2021-04-07,95760,0,3878190,0
2021-04-08,95180,0,3973370,0
2021-04-09,88438,0,4061808,0
2021-04-10,73970,0,4135778,0
2021-04-11,44714,0,4180492,0
2021-04-12,66871,0,4247363,0
2021-04-13,72527,0,4319890,0
2021-04-14,85468,0,4405358,0
2021-04-15,105353,0,4510711,0
2021-04-16,106356,0,4617067,0
2021-04-17,90441,0,4707508,0
2021-04-18,58543,0,4766051,0
2021-04-19,93405,0,4859456,0
2021-04-20,103710,0,4963166,0
2021-04-21,125284,0,5088450,0
2021-04-22,143455,0,5231905,0
2021-04-23,138652,0,5370557,0
2021-04-24,124385,0,5494942,0
2021-04-25,61417,0,5556359,0
2021-04-26,97832,0,5654191,0
2021-04-27,128285,0,5782476,0
2021-04-28,156290,0,5938766,0
2021-04-29,195495,0,6134261,0
2021-04-30,214493,0,6348754,0
2021-05-01,174007,0,6522761,0
2021-05-02,135748,0,6658509,0
2021-05-03,141916,0,6800425,0
2021-05-04,158619,0,6959044,0
2021-05-05,170390,0,7129434,0
2021-05-06,197719,0,7327153,0
2021-05-07,213706,0,7540859,0
2021-05-08,213303,0,7754162,0
2021-05-09,143125,0,7897287,0
2021-05-10,165016,0,8062303,0
2021-05-11,174880,0,8237183,0
2021-05-12,179059,0,8416242,0
2021-05-13,203244,0,8619486,0
2021-05-14,222805,0,8842291,0
2021-05-15,210227,0,9052518,0
2021-05-16,159190,0,9211708,0
2021-05-17,219111,0,9430819,0
2021-05-18,212928,0,9643747,0
2021-05-19,206988,0,9850735,0
2021-05-20,270762,0,10121497,0
2021-05-21,270761,0,10392258,0
2021-05-22,245444,0,10637702,0
2021-05-23,197124,0,10834826,0
2021-05-24,228246,0,11063072,0
2021-05-25,245638,0,11308710,0
2021-05-26,277425,0,11586135,0
2021-05-27,311005,0,11897140,0
2021-05-28,299486,0,12196626,0
2021-05-29,231105,0,12427731,0
2021-05-30,170757,0,12598488,0
2021-05-31,216322,0,12814810,0
2021-06-01,207564,0,13022374,0
2021-06-02,115700,0,13138074,0
2021-06-03,179963,0,13318037,0
2021-06-04,184706,0,13502743,0
2021-06-05,185849,0,13688592,0
2021-06-06,139390,0,13827982,0
2021-06-07,161692,0,13989674,0
2021-06-08,171006,0,14160680,0
2021-06-09,171285,0,14331965,0
2021-06-10,173881,0,14505846,0
2021-06-11,169777,0,14675623,0
2021-06-12,128166,0,14803789,0
2021-06-13,91028,0,14894817,0
2021-06-14,214548,0,15109365,0
2021-06-15,228248,0,15337613,0
2021-06-16,252923,0,15590536,0
2021-06-17,301574,0,15892110,0
2021-06-18,306141,0,16198251,0
2021-06-19,274959,0,16473210,0
2021-06-20,220607,0,16693817,0
2021-06-21,287927,0,16981744,0
2021-06-22,296080,0,17277824,0
2021-06-23,302607,0,17580431,0
2021-06-24,332459,0,17912890,0
2021-06-25,348615,0,18261505,0
2021-06-26,300004,0,18561509,0
2021-06-27,228548,0,18790057,0
2021-06-28,306929,0,19096986,0
2021-06-29,329094,0,19426080,0
2021-06-30,342015,0,19768095,0
2021-07-01,363051,0,20131146,0
2021-07-02,368351,0,20499497,0
2021-07-03,371022,0,20870519,0
2021-07-04,283114,0,21153633,0
2021-07-05,384445,0,21538078,0
2021-07-06,385339,0,21923417,0
2021-07-07,412003,0,22335420,0
2021-07-08,479650,0,22815070,0
2021-07-09,498528,0,23313598,0
2021-07-10,475182,0,23788780,0
2021-07-11,357711,0,24146491,0
2021-07-12,485926,0,24632417,0
2021-07-13,492171,0,25124588,0
2021-07-14,480487,0,25605075,0
2021-07-15,523534,0,26128609,0
2021-07-16,509805,0,26638414,0
2021-07-17,464446,0,27102860,0
2021-07-18,364722,0,27467582,0
2021-07-19,463100,0,27930682,0
2021-07-20,458132,0,28388814,0
2021-07-21,462801,0,28851615,0
2021-07-22,475391,0,29327006,0
2021-07-23,441288,0,29768294,0
2021-07-24,386179,0,30154473,0
2021-07-25,287611,0,30442084,0
2021-07-26,430878,0,30872962,0
2021-07-27,440103,0,31313065,0
2021-07-28,390987,0,31704052,0
2021-07-29,372055,0,32076107,0
2021-07-30,341411,0,32417518,0
2021-07-31,286949,0,32704467,0
2021-08-01,190923,0,32895390,0
2021-08-02,333618,0,33229008,0
2021-08-03,323150,0,33552158,0
2021-08-04,310886,0,33863044,0
2021-08-05,292504,0,34155548,0
2021-08-06,259946,0,34415494,0
2021-08-07,198980,0,34614474,0
2021-08-08,153078,0,34767552,0
2021-08-09,234021,0,35001573,0
2021-08-10,205201,0,35206774,0
2021-08-11,193676,0,35400450,0
2021-08-12,167850,0,35568300,0
2021-08-13,148503,0,35716803,0
2021-08-14,66042,0,35782845,0
2021-08-15,26321,0,35809166,0
2021-08-16,114611,0,35923777,0
2021-08-17,129181,0,36052958,0
2021-08-18,128674,0,36181632,0
2021-08-19,124688,0,36306320,0
2021-08-20,123721,0,36430041,0
2021-08-21,83059,0,36513100,0
2021-08-22,68132,0,36581232,0
2021-08-23,176814,0,36758046,0
2021-08-24,156862,0,36914908,0
2021-08-25,177130,0,37092038,0
2021-08-26,172301,0,37264339,0
2021-08-27,185839,0,37450178,0
2021-08-28,140223,0,37590401,0
2021-08-29,99013,0,37689414,0
2021-08-30,209606,0,37899020,0
2021-08-31,194554,0,38093574,0
2021-09-01,192158,0,38285732,0
2021-09-02,189887,0,38475619,0
2021-09-03,191333,0,38666952,0
2021-09-04,131486,0,38798438,0
2021-09-05,87865,0,38886303,0
2021-09-06,193693,0,39079996,0
2021-09-07,196062,0,39276058,0
2021-09-08,187920,0,39463978,0
2021-09-09,201467,0,39665445,0
2021-09-10,198105,0,39863550,0
2021-09-11,141311,0,40004861,0
2021-09-12,89599,0,40094460,0
2021-09-13,191221,412,40285681,412
2021-09-14,177280,480,40462961,892
2021-09-15,163119,508,40626080,1400
2021-09-16,160088,836,40786168,2236
2021-09-17,150149,1032,40936317,3268
2021-09-18,127940,675,41064257,3943
2021-09-19,81094,460,41145351,4403
2021-09-20,180028,8986,41325379,13389
2021-09-21,166562,8778,41491941,22167
2021-09-22,158989,9392,41650930,31559
2021-09-23,138009,9272,41788939,40831
2021-09-24,140474,8892,41929413,49723
2021-09-25,119513,5580,42048926,55303
2021-09-26,71900,4319,42120826,59622
2021-09-27,135541,9999,42256367,69621
2021-09-28,117406,11337,42373773,80958
2021-09-29,112250,11783,42486023,92741
2021-09-30,110159,14879,42596182,107620
2021-10-01,94893,19071,42691075,126691
2021-10-02,78397,14000,42769472,140691
2021-10-03,47671,7640,42817143,148331
2021-10-04,88302,34408,42905445,182739
2021-10-05,80310,33939,42985755,216678
2021-10-06,71908,34107,43057663,250785
2021-10-07,71748,34304,43129411,285089
2021-10-08,80564,33531,43209975,318620
2021-10-09,76045,22130,43286020,340750
2021-10-10,45735,13598,43331755,354348
2021-10-11,87351,41041,43419106,395389
2021-10-12,84427,46831,43503533,442220
2021-10-13,88105,52046,43591638,494266
2021-10-14,91427,58425,43683065,552691
2021-10-15,93515,55531,43776580,608222
2021-10-16,82875,36733,43859455,644955
2021-10-17,51407,23794,43910862,668749
2021-10-18,90257,59381,44001119,728130
2021-10-19,78284,69324,44079403,797454
2021-10-20,75006,78107,44154409,875561
2021-10-21,78252,81686,44232661,957247
2021-10-22,73778,76945,44306439,1034192
2021-10-23,60754,51926,44367193,1086118
2021-10-24,33367,23417,44400560,1109535
2021-10-25,64870,81574,44465430,1191109
2021-10-26,58337,91708,44523767,1282817
2021-10-27,58307,103899,44582074,1386716
2021-10-28,61437,114023,44643511,1500739
2021-10-29,61666,103025,44705177,1603764
2021-10-30,50656,68070,44755833,1671834
2021-10-31,25158,28260,44780991,1700094
2021-11-01,19038,28133,44800029,1728227
2021-11-02,62760,89288,44862789,1817515
2021-11-03,60725,118592,44923514,1936107
2021-11-04,59237,126582,44982751,2062689
2021-11-05,63067,135104,45045818,2197793
2021-11-06,46453,90924,45092271,2288717
2021-11-07,22236,37868,45114507,2326585
2021-11-08,51505,131197,45166012,2457782
2021-11-09,45390,144128,45211402,2601910
2021-11-10,42564,156353,45253966,2758263
2021-11-11,44916,155114,45298882,2913377
2021-11-12,46343,158545,45345225,3071922
2021-11-13,33223,116665,45378448,3188587
2021-11-14,14470,52429,45392918,3241016
2021-11-15,36865,157354,45429783,3398370
2021-11-16,30513,171341,45460296,3569711
2021-11-17,28415,178397,45488711,3748108
2021-11-18,30244,193635,45518955,3941743
2021-11-19,28758,205776,45547713,4147519
2021-11-20,20953,156471,45568666,4303990
2021-11-21,10590,64845,45579256,4368835
2021-11-22,21886,213098,45601142,4581933
2021-11-23,23521,241665,45624663,4823598
2021-11-24,27780,270890,45652443,5094488
2021-11-25,23165,301855,45675608,5396343
2021-11-26,24507,318204,45700115,5714547
2021-11-27,21308,266091,45721423,5980638
2021-11-28,9863,137017,45731286,6117655
2021-11-29,22234,326001,45753520,6443656
2021-11-30,22990,365767,45776510,6809423
2021-12-01,21429,413462,45797939,7222885
2021-12-02,23680,440305,45821619,7663190
2021-12-03,25127,467367,45846746,8130557
2021-12-04,22262,418696,45869008,8549253
2021-12-05,11865,261302,45880873,8810555
2021-12-06,25689,457500,45906562,9268055
2021-12-07,24013,480145,45930575,9748200
2021-12-08,9935,249640,45940510,9997840
2021-12-09,31441,491867,45971951,10489707
2021-12-10,27933,517812,45999884,11007519
2021-12-11,23455,459182,46023339,11466701
2021-12-12,12239,293453,46035578,11760154
2021-12-13,26033,467553,46061611,12227707
2021-12-14,25048,494128,46086659,12721835
2021-12-15,25206,517068,46111865,13238903
2021-12-16,27696,520153,46139561,13759056
2021-12-17,29197,517086,46168758,14276142
2021-12-18,26848,468657,46195606,14744799
2021-12-19,15023,300468,46210629,15045267
2021-12-20,30459,477402,46241088,15522669
2021-12-21,30223,493270,46271311,16015939
2021-12-22,29253,484635,46300564,16500574
2021-12-23,28070,426850,46328634,16927424
2021-12-24,13038,210786,46341672,17138210
2021-12-25,2094,33051,46343766,17171261
2021-12-26,8690,159049,46352456,17330310
2021-12-27,46568,504573,46399024,17834883
2021-12-28,42197,554131,46441221,18389014
2021-12-29,34055,550564,46475276,18939578
2021-12-30,31579,499761,46506855,19439339
2021-12-31,13985,247374,46520840,19686713
2022-01-01,3459,64801,46524299,19751514
2022-01-02,22568,276703,46546867,20028217
2022-01-03,47515,520910,46594382,20549127
2022-01-04,46065,572931,46640447,21122058
2022-01-05,40339,561255,46680786,21683313
2022-01-06,23207,274453,46703993,21957766
2022-01-07,63261,555066,46767254,22512832
2022-01-08,60293,503320,46827547,23016152
2022-01-09,42387,319661,46869934,23335813
2022-01-10,60638,543140,46930572,23878953
2022-01-11,61259,587887,46991831,24466840
2022-01-12,57967,582173,47049798,25049013
2022-01-13,58122,581218,47107920,25630231
2022-01-14,46230,589320,47154150,26219551
2022-01-15,38647,569880,47192797,26789431
2022-01-16,30774,341814,47223571,27131245
2022-01-17,54384,490510,47277955,27621755
2022-01-18,58085,517824,47336040,28139579
2022-01-19,56848,503562,47392888,28643141
2022-01-20,54043,499607,47446931,29142748
2022-01-21,41682,494678,47488613,29637426
2022-01-22,30649,469539,47519262,30106965
2022-01-23,34618,275328,47553880,30382293
2022-01-24,55913,438092,47609793,30820385
2022-01-25,61410,452978,47671203,31273363
2022-01-26,58262,436644,47729465,31710007
2022-01-27,48572,433153,47778037,32143160
2022-01-28,58360,437364,47836397,32580524
2022-01-29,67693,412351,47904090,32992875
2022-01-30,50116,235916,47954206,33228791
2022-01-31,60229,357823,48014435,33586614
2022-02-01,65259,329341,48079694,33915955
2022-02-02,62954,297763,48142648,34213718
2022-02-03,59883,275273,48202531,34488991
2022-02-04,72210,269200,48274741,34758191
2022-02-05,83459,248442,48358200,35006633
2022-02-06,55083,116170,48413283,35122803
2022-02-07,64993,200725,48478276,35323528
2022-02-08,66733,186844,48545009,35510372
2022-02-09,58592,166989,48603601,35677361
2022-02-10,58390,163857,48661991,35841218
2022-02-11,62115,163036,48724106,36004254
2022-02-12,71750,152100,48795856,36156354
2022-02-13,41367,68821,48837223,36225175
2022-02-14,46591,116816,48883814,36341991
2022-02-15,48410,124057,48932224,36466048
2022-02-16,45563,106654,48977787,36572702
2022-02-17,42829,98489,49020616,36671191
2022-02-18,46531,112892,49067147,36784083
2022-02-19,52398,100286,49119545,36884369
2022-02-20,31351,40341,49150896,36924710
2022-02-21,37874,89848,49188770,37014558
2022-02-22,37179,83901,49225949,37098459
2022-02-23,33367,79500,49259316,37177959
2022-02-24,32520,78250,49291836,37256209
2022-02-25,34708,90822,49326544,37347031
2022-02-26,39065,89101,49365609,37436132
2022-02-27,22498,35835,49388107,37471967
2022-02-28,28444,81887,49416551,37553854
2022-03-01,22641,54091,49439192,37607945
2022-03-02,21957,50687,49461149,37658632
2022-03-03,22558,55023,49483707,37713655
2022-03-04,23159,62902,49506866,37776557
2022-03-05,23702,57936,49530568,37834493
2022-03-06,9442,17191,49540010,37851684
2022-03-07,15866,51530,49555876,37903214
2022-03-08,15423,48980,49571299,37952194
2022-03-09,13767,46571,49585066,37998765
2022-03-10,13954,52251,49599020,38051016
2022-03-11,15508,57340,49614528,38108356
2022-03-12,15413,56599,49629941,38164955
2022-03-13,5519,16827,49635460,38181782
2022-03-14,10473,46805,49645933,38228587
2022-03-15,10491,47000,49656424,38275587
2022-03-16,9425,42066,49665849,38317653
2022-03-17,9655,44941,49675504,38362594
2022-03-18,10123,49105,49685627,38411699
2022-03-19,9057,46491,49694684,38458190
2022-03-20,2582,11672,49697266,38469862
2022-03-21,7536,40316,49704802,38510178
2022-03-22,8392,37798,49713194,38547976
2022-03-23,7177,33723,49720371,38581699
2022-03-24,8217,38816,49728588,38620515
2022-03-25,8087,43695,49736675,38664210
2022-03-26,8059,41672,49744734,38705882
2022-03-27,2414,9681,49747148,38715563
2022-03-28,6076,35268,49753224,38750831
2022-03-29,5744,32557,49758968,38783388
2022-03-30,5509,30204,49764477,38813592
2022-03-31,5830,33162,49770307,38846754
2022-04-01,4317,25142,49774624,38871896
2022-04-02,4457,23250,49779081,38895146
2022-04-03,1034,4489,49780115,38899635
2022-04-04,3610,21481,49783725,38921116
2022-04-05,3748,23003,49787473,38944119
2022-04-06,4046,21823,49791519,38965942
2022-04-07,3919,23324,49795438,38989266
2022-04-08,4628,26649,49800066,39015915
2022-04-09,4331,23843,49804397,39039758
2022-04-10,872,4580,49805269,39044338
2022-04-11,3738,22646,49809007,39066984
2022-04-12,3323,21788,49812330,39088772
2022-04-13,3506,21270,49815836,39110042
2022-04-14,3423,23661,49819259,39133703
2022-04-15,2983,20395,49822242,39154098
2022-04-16,2113,11786,49824355,39165884
2022-04-17,60,311,49824415,39166195
2022-04-18,147,643,49824562,39166838
2022-04-19,1871,11251,49826433,39178089