data_somministrazione,vaccinazioni,booster,cum_vaccinazioni,cum_booster
2020-12-27,16,0,16,0
2020-12-28,2,0,18,0
2020-12-29,1,0,19,0
2020-12-30,3,0,22,0
2020-12-31,34,0,56,0
2021-01-01,12,0,68,0
2021-01-02,53,0,121,0
2021-01-03,46,0,167,0
2021-01-04,123,0,290,0
2021-01-05,160,0,450,0
2021-01-06,135,0,585,0
2021-01-07,198,0,783,0
2021-01-08,245,0,1028,0
2021-01-09,172,0,1200,0
2021-01-10,110,0,1310,0
2021-01-11,199,0,1509,0
2021-01-12,208,0,1717,0
2021-01-13,312,0,2029,0
2021-01-14,413,0,2442,0
2021-01-15,250,0,2692,0
2021-01-16,165,0,2857,0
2021-01-17,3049,0,5906,0
2021-01-18,5186,0,11092,0
2021-01-19,1872,0,12964,0
2021-01-20,4660,0,17624,0
2021-01-21,20015,0,37639,0
2021-01-22,14196,0,51835,0
2021-01-23,33369,0,85204,0
2021-01-24,30794,0,115998,0
2021-01-25,64787,0,180785,0
2021-01-26,76710,0,257495,0
2021-01-27,64883,0,322378,0
2021-01-28,89400,0,411778,0
2021-01-29,94181,0,505959,0
2021-01-30,86802,0,592761,0
2021-01-31,57383,0,650144,0
2021-02-01,81944,0,732088,0
2021-02-02,82219,0,814307,0
2021-02-03,91387,0,905694,0
2021-02-04,95447,0,1001141,0
2021-02-05,90351,0,1091492,0
2021-02-06,63816,0,1155308,0
2021-02-07,32951,0,1188259,0
2021-02-08,40485,0,1228744,0
2021-02-09,32838,0,1261582,0
2021-02-10,28385,0,1289967,0
2021-02-11,20354,0,1310321,0
2021-02-12,16178,0,1326499,0
2021-02-13,7218,0,1333717,0
2021-02-14,2856,0,1336573,0
2021-02-15,6872,0,1343445,0
2021-02-16,6976,0,1350421,0
2021-02-17,10510,0,1360931,0
2021-02-18,9331,0,1370262,0
2021-02-19,8242,0,1378504,0
2021-02-20,5560,0,1384064,0
2021-02-21,2983,0,1387047,0
2021-02-22,6861,0,1393908,0
2021-02-23,7136,0,1401044,0
2021-02-24,9789,0,1410833,0
2021-02-25,14168,0,1425001,0
2021-02-26,17517,0,1442518,0
2021-02-27,13855,0,1456373,0
2021-02-28,9372,0,1465745,0
2021-03-01,26436,0,1492181,0
2021-03-02,33174,0,1525355,0
2021-03-03,44669,0,1570024,0
2021-03-04,50243,0,1620267,0
2021-03-05,55717,0,1675984,0
2021-03-06,41860,0,1717844,0
2021-03-07,22286,0,1740130,0
2021-03-08,50686,0,1790816,0
2021-03-09,53031,0,1843847,0
2021-03-10,58567,0,1902414,0
2021-03-11,63823,0,1966237,0
2021-03-12,65065,0,2031302,0
2021-03-13,51723,0,2083025,0
2021-03-14,35343,0,2118368,0
2021-03-15,73562,0,2191930,0
2021-03-16,74076,0,2266006,0
2021-03-17,83074,0,2349080,0
2021-03-18,81625,0,2430705,0
2021-03-19,81078,0,2511783,0
2021-03-20,64749,0,2576532,0
2021-03-21,47273,0,2623805,0
2021-03-22,69451,0,2693256,0
2021-03-23,75809,0,2769065,0
2021-03-24,90852,0,2859917,0
2021-03-25,89748,0,2949665,0
2021-03-26,83536,0,3033201,0
2021-03-27,71906,0,3105107,0
2021-03-28,44032,0,3149139,0
2021-03-29,70794,0,3219933,0
2021-03-30,81274,0,3301207,0
2021-03-31,96139,0,3397346,0
2021-04-01,95235,0,3492581,0
2021-04-02,84076,0,3576657,0
2021-04-03,64287,0,3640944,0
2021-04-04,21687,0,3662631,0
2021-04-05,40261,0,3702892,0
2021-04-06,81327,0,3784219,0
2021-04-07,95829,0,3880048,0
2021-04-08,95349,0,3975397,0
2021-04-09,88433,0,4063830,0
2021-04-10,74041,0,4137871,0
2021-04-11,44766,0,4182637,0
2021-04-12,66996,0,4249633,0
2021-04-13,72675,0,4322308,0
2021-04-14,85492,0,4407800,0
2021-04-15,105351,0,4513151,0
2021-04-16,106438,0,4619589,0
2021-04-17,90632,0,4710221,0
2021-04-18,58751,0,4768972,0
2021-04-19,93543,0,4862515,0
2021-04-20,103882,0,4966397,0
2021-04-21,125484,0,5091881,0
2021-04-22,143638,0,5235519,0
2021-04-23,138814,0,5374333,0
2021-04-24,124489,0,5498822,0
2021-04-25,61403,0,5560225,0
2021-04-26,97942,0,5658167,0
2021-04-27,128558,0,5786725,0
2021-04-28,156480,0,5943205,0
2021-04-29,195618,0,6138823,0
2021-04-30,214776,0,6353599,0
2021-05-01,174280,0,6527879,0
2021-05-02,136479,0,6664358,0
2021-05-03,142239,0,6806597,0
2021-05-04,158925,0,6965522,0
2021-05-05,171328,0,7136850,0
2021-05-06,198772,0,7335622,0
2021-05-07,214695,0,7550317,0
2021-05-08,213874,0,7764191,0
2021-05-09,143416,0,7907607,0
2021-05-10,165396,0,8073003,0
2021-05-11,175237,0,8248240,0
2021-05-12,179365,0,8427605,0
2021-05-13,203584,0,8631189,0
2021-05-14,223434,0,8854623,0
2021-05-15,211941,0,9066564,0
2021-05-16,160730,0,9227294,0
2021-05-17,219435,0,9446729,0
2021-05-18,213418,0,9660147,0
2021-05-19,207435,0,9867582,0
2021-05-20,271259,0,10138841,0
2021-05-21,271278,0,10410119,0
2021-05-22,246483,0,10656602,0
2021-05-23,198412,0,10855014,0
2021-05-24,228706,0,11083720,0
2021-05-25,247141,0,11330861,0
2021-05-26,278964,0,11609825,0
2021-05-27,312615,0,11922440,0
2021-05-28,300085,0,12222525,0
2021-05-29,231712,0,12454237,0
2021-05-30,172013,0,12626250,0
2021-05-31,217944,0,12844194,0
2021-06-01,208343,0,13052537,0
2021-06-02,116265,0,13168802,0
2021-06-03,180528,0,13349330,0
2021-06-04,186098,0,13535428,0
2021-06-05,186613,0,13722041,0
2021-06-06,140142,0,13862183,0
2021-06-07,162261,0,14024444,0
2021-06-08,171252,0,14195696,0
2021-06-09,171661,0,14367357,0
2021-06-10,174073,0,14541430,0
2021-06-11,170000,0,14711430,0
2021-06-12,128297,0,14839727,0
2021-06-13,91510,0,14931237,0
2021-06-14,215255,0,15146492,0
2021-06-15,228929,0,15375421,0
2021-06-16,254261,0,15629682,0
2021-06-17,302850,0,15932532,0
2021-06-18,307141,0,16239673,0
2021-06-19,276233,0,16515906,0
2021-06-20,221567,0,16737473,0
2021-06-21,289156,0,17026629,0
2021-06-22,297604,0,17324233,0
2021-06-23,304336,0,17628569,0
2021-06-24,333948,0,17962517,0
2021-06-25,350003,0,18312520,0
2021-06-26,301421,0,18613941,0
2021-06-27,229721,0,18843662,0
2021-06-28,308398,0,19152060,0
2021-06-29,331008,0,19483068,0
2021-06-30,344159,0,19827227,0
2021-07-01,364841,0,20192068,0
2021-07-02,370284,0,20562352,0
2021-07-03,373389,0,20935741,0
2021-07-04,284529,0,21220270,0
2021-07-05,386284,0,21606554,0
2021-07-06,387430,0,21993984,0
2021-07-07,414233,0,22408217,0
2021-07-08,482553,0,22890770,0
2021-07-09,500764,0,23391534,0
2021-07-10,477356,0,23868890,0
2021-07-11,359029,0,24227919,0
2021-07-12,487804,0,24715723,0
2021-07-13,494562,0,25210285,0
2021-07-14,482767,0,25693052,0
2021-07-15,525857,0,26218909,0
2021-07-16,511649,0,26730558,0
2021-07-17,466391,0,27196949,0
2021-07-18,366095,0,27563044,0
2021-07-19,465079,0,28028123,0
2021-07-20,459807,0,28487930,0
2021-07-21,464660,0,28952590,0
2021-07-22,476611,0,29429201,0
2021-07-23,442881,0,29872082,0
2021-07-24,386911,0,30258993,0
2021-07-25,288032,0,30547025,0
2021-07-26,432373,0,30979398,0
2021-07-27,441773,0,31421171,0
2021-07-28,392588,0,31813759,0
2021-07-29,373624,0,32187383,0
2021-07-30,342890,0,32530273,0
2021-07-31,288350,0,32818623,0
2021-08-01,191393,0,33010016,0
2021-08-02,335340,0,33345356,0
2021-08-03,324449,0,33669805,0
2021-08-04,312291,0,33982096,0
2021-08-05,293696,0,34275792,0
2021-08-06,260994,0,34536786,0
2021-08-07,199385,0,34736171,0
2021-08-08,153563,0,34889734,0
2021-08-09,235238,0,35124972,0
2021-08-10,205539,0,35330511,0
2021-08-11,194252,0,35524763,0
2021-08-12,168468,0,35693231,0
2021-08-13,148640,0,35841871,0
2021-08-14,65976,0,35907847,0
2021-08-15,26295,0,35934142,0
2021-08-16,114856,0,36048998,0
2021-08-17,129244,0,36178242,0
2021-08-18,128833,0,36307075,0
2021-08-19,125169,0,36432244,0
2021-08-20,124256,0,36556500,0
2021-08-21,83485,0,36639985,0
2021-08-22,68358,0,36708343,0
2021-08-23,177068,0,36885411,0
2021-08-24,157825,0,37043236,0
2021-08-25,177772,0,37221008,0
2021-08-26,173138,0,37394146,0
2021-08-27,186318,0,37580464,0
2021-08-28,140247,0,37720711,0
2021-08-29,99147,0,37819858,0
2021-08-30,210011,0,38029869,0
2021-08-31,195075,0,38224944,0
2021-09-01,192642,0,38417586,0
2021-09-02,190115,0,38607701,0
2021-09-03,191306,0,38799007,0
2021-09-04,131490,0,38930497,0
2021-09-05,87894,0,39018391,0
2021-09-06,193761,0,39212152,0
2021-09-07,195916,0,39408068,0
2021-09-08,187864,0,39595932,0
2021-09-09,201479,0,39797411,0
2021-09-10,198134,0,39995545,0
2021-09-11,141206,0,40136751,0
2021-09-12,89559,0,40226310,0
2021-09-13,191188,349,40417498,349
2021-09-14,177310,425,40594808,774
2021-09-15,163080,456,40757888,1230
2021-09-16,160038,789,40917926,2019
2021-09-17,150070,1005,41067996,3024
2021-09-18,127799,656,41195795,3680
2021-09-19,81106,441,41276901,4121
2021-09-20,179872,8958,41456773,13079
2021-09-21,166360,8728,41623133,21807
2021-09-22,158905,9369,41782038,31176
2021-09-23,137786,9244,41919824,40420
2021-09-24,140249,8857,42060073,49277
2021-09-25,119346,5561,42179419,54838
2021-09-26,71799,4293,42251218,59131
2021-09-27,135410,9980,42386628,69111
2021-09-28,117233,11310,42503861,80421
2021-09-29,112067,11762,42615928,92183
2021-09-30,109969,14848,42725897,107031
2021-10-01,94690,19029,42820587,126060
2021-10-02,78227,13986,42898814,140046
2021-10-03,47568,7630,42946382,147676
2021-10-04,88091,34357,43034473,182033
2021-10-05,80122,33919,43114595,215952
2021-10-06,71740,34076,43186335,250028
2021-10-07,71514,34292,43257849,284320
2021-10-08,80351,33503,43338200,317823
2021-10-09,75825,22107,43414025,339930
2021-10-10,45649,13590,43459674,353520
2021-10-11,87112,40999,43546786,394519
2021-10-12,84202,46793,43630988,441312
2021-10-13,87865,52002,43718853,493314
2021-10-14,91137,58398,43809990,551712
2021-10-15,93196,55482,43903186,607194
2021-10-16,82637,36706,43985823,643900
2021-10-17,51255,23780,44037078,667680
2021-10-18,90028,59335,44127106,727015
2021-10-19,78095,69293,44205201,796308
2021-10-20,74813,78032,44280014,874340
2021-10-21,78057,81602,44358071,955942
2021-10-22,73640,76896,44431711,1032838
2021-10-23,60631,51884,44492342,1084722
2021-10-24,33311,23400,44525653,1108122
2021-10-25,64835,81531,44590488,1189653
2021-10-26,58241,91632,44648729,1281285
2021-10-27,58143,103829,44706872,1385114
2021-10-28,61280,113881,44768152,1498995
2021-10-29,61568,103023,44829720,1602018
2021-10-30,50544,68118,44880264,1670136
2021-10-31,25112,28237,44905376,1698373
2021-11-01,19011,28118,44924387,1726491
2021-11-02,62712,89283,44987099,1815774
2021-11-03,60632,118606,45047731,1934380
2021-11-04,59114,126488,45106845,2060868
2021-11-05,62963,134983,45169808,2195851
2021-11-06,46345,90885,45216153,2286736
2021-11-07,22205,37836,45238358,2324572
2021-11-08,51360,131122,45289718,2455694
2021-11-09,45325,143985,45335043,2599679
2021-11-10,42463,156156,45377506,2755835
2021-11-11,44795,155010,45422301,2910845
2021-11-12,46210,158487,45468511,3069332
2021-11-13,33109,116546,45501620,3185878
2021-11-14,14444,52391,45516064,3238269
2021-11-15,36764,157218,45552828,3395487
2021-11-16,30425,171289,45583253,3566776
2021-11-17,28301,178396,45611554,3745172
2021-11-18,30097,193935,45641651,3939107
2021-11-19,28642,205828,45670293,4144935
2021-11-20,20872,156244,45691165,4301179
2021-11-21,10534,64739,45701699,4365918
2021-11-22,21787,213186,45723486,4579104
2021-11-23,23426,241815,45746912,4820919
2021-11-24,27650,271005,45774562,5091924
2021-11-25,23017,301850,45797579,5393774
2021-11-26,24366,318121,45821945,5711895
2021-11-27,21198,265872,45843143,5977767
2021-11-28,9812,136848,45852955,6114615
2021-11-29,22076,325773,45875031,6440388
2021-11-30,22833,365599,45897864,6805987
2021-12-01,21227,412994,45919091,7218981
2021-12-02,23463,440210,45942554,7659191
2021-12-03,24910,467086,45967464,8126277
2021-12-04,22089,418596,45989553,8544873
2021-12-05,11721,261236,46001274,8806109
2021-12-06,25385,457690,46026659,9263799
2021-12-07,23734,480324,46050393,9744123
2021-12-08,9797,249891,46060190,9994014
2021-12-09,31084,491977,46091274,10485991
2021-12-10,27636,517736,46118910,11003727
2021-12-11,23167,459478,46142077,11463205
2021-12-12,12042,293622,46154119,11756827
2021-12-13,25698,467667,46179817,12224494
2021-12-14,24690,494243,46204507,12718737
2021-12-15,24846,517121,46229353,13235858
2021-12-16,27258,520225,46256611,13756083
2021-12-17,28797,516868,46285408,14272951
2021-12-18,26459,468950,46311867,14741901
2021-12-19,14768,300748,46326635,15042649
2021-12-20,30022,477576,46356657,15520225
2021-12-21,29813,493365,46386470,16013590
2021-12-22,28782,484744,46415252,16498334
2021-12-23,27556,427144,46442808,16925478
2021-12-24,12854,210938,46455662,17136416
2021-12-25,2078,33030,46457740,17169446
2021-12-26,8521,159000,46466261,17328446
2021-12-27,45790,505205,46512051,17833651
2021-12-28,41130,554746,46553181,18388397
2021-12-29,32795,551140,46585976,18939537
2021-12-30,30337,500371,46616313,19439908
2021-12-31,13234,248014,46629547,19687922
2022-01-01,3318,64770,46632865,19752692
2022-01-02,21346,277458,46654211,20030150
2022-01-03,45236,521522,46699447,20551672
2022-01-04,43268,573565,46742715,21125237
2022-01-05,37252,561768,46779967,21687005
2022-01-06,21396,274654,46801363,21961659
2022-01-07,59630,555434,46860993,22517093
2022-01-08,56266,503904,46917259,23020997
2022-01-09,39196,319519,46956455,23340516
2022-01-10,57369,542542,47013824,23883058
2022-01-11,57414,587233,47071238,24470291
2022-01-12,54150,581453,47125388,25051744
2022-01-13,54640,580553,47180028,25632297
2022-01-14,42764,588422,47222792,26220719
2022-01-15,34386,568191,47257178,26788910
2022-01-16,27903,341014,47285081,27129924
2022-01-17,52119,489957,47337200,27619881
2022-01-18,55822,517172,47393022,28137053
2022-01-19,54785,502955,47447807,28640008
2022-01-20,52059,498845,47499866,29138853
2022-01-21,39728,493770,47539594,29632623
2022-01-22,28253,469014,47567847,30101637
2022-01-23,33298,274976,47601145,30376613
2022-01-24,54594,437464,47655739,30814077
2022-01-25,60093,452138,47715832,31266215
2022-01-26,56970,435935,47772802,31702150
2022-01-27,47263,432210,47820065,32134360
2022-01-28,56975,436430,47877040,32570790
2022-01-29,66193,411506,47943233,32982296
2022-01-30,49041,235375,47992274,33217671
2022-01-31,58967,356804,48051241,33574475
2022-02-01,64132,328212,48115373,33902687
2022-02-02,61871,296419,48177244,34199106
2022-02-03,58852,273743,48236096,34472849
2022-02-04,70979,267263,48307075,34740112
2022-02-05,81873,247173,48388948,34987285
2022-02-06,54303,115283,48443251,35102568
2022-02-07,63544,189404,48506795,35291972