data_somministrazione,vaccinazioni,booster,cum_vaccinazioni,cum_booster
2020-12-27,20,0,20,0
2020-12-28,2,0,22,0
2020-12-29,1,0,23,0
2020-12-30,8,0,31,0
2020-12-31,72,0,103,0
2021-01-01,23,0,126,0
2021-01-02,127,0,253,0
2021-01-03,89,0,342,0
2021-01-04,215,0,557,0
2021-01-05,255,0,812,0
2021-01-06,223,0,1035,0
2021-01-07,306,0,1341,0
2021-01-08,350,0,1691,0
2021-01-09,263,0,1954,0
2021-01-10,158,0,2112,0
2021-01-11,286,0,2398,0
2021-01-12,275,0,2673,0
2021-01-13,401,0,3074,0
2021-01-14,486,0,3560,0
2021-01-15,305,0,3865,0
2021-01-16,213,0,4078,0
2021-01-17,3060,0,7138,0
2021-01-18,5215,0,12353,0
2021-01-19,1893,0,14246,0
2021-01-20,4656,0,18902,0
2021-01-21,20005,0,38907,0
2021-01-22,14220,0,53127,0
2021-01-23,33328,0,86455,0
2021-01-24,30785,0,117240,0
2021-01-25,64724,0,181964,0
2021-01-26,76492,0,258456,0
2021-01-27,64825,0,323281,0
2021-01-28,89272,0,412553,0
2021-01-29,94012,0,506565,0
2021-01-30,86556,0,593121,0
2021-01-31,57330,0,650451,0
2021-02-01,81855,0,732306,0
2021-02-02,82141,0,814447,0
2021-02-03,91115,0,905562,0
2021-02-04,95396,0,1000958,0
2021-02-05,90272,0,1091230,0
2021-02-06,63450,0,1154680,0
2021-02-07,32932,0,1187612,0
2021-02-08,40426,0,1228038,0
2021-02-09,32867,0,1260905,0
2021-02-10,28426,0,1289331,0
2021-02-11,20401,0,1309732,0
2021-02-12,16237,0,1325969,0
2021-02-13,7271,0,1333240,0
2021-02-14,2862,0,1336102,0
2021-02-15,6841,0,1342943,0
2021-02-16,7000,0,1349943,0
2021-02-17,10524,0,1360467,0
2021-02-18,9252,0,1369719,0
2021-02-19,8250,0,1377969,0
2021-02-20,5563,0,1383532,0
2021-02-21,3002,0,1386534,0
2021-02-22,6884,0,1393418,0
2021-02-23,7173,0,1400591,0
2021-02-24,9808,0,1410399,0
2021-02-25,14211,0,1424610,0
2021-02-26,17555,0,1442165,0
2021-02-27,13914,0,1456079,0
2021-02-28,9388,0,1465467,0
2021-03-01,26518,0,1491985,0
2021-03-02,33245,0,1525230,0
2021-03-03,44645,0,1569875,0
2021-03-04,50295,0,1620170,0
2021-03-05,55734,0,1675904,0
2021-03-06,41871,0,1717775,0
2021-03-07,22322,0,1740097,0
2021-03-08,50824,0,1790921,0
2021-03-09,53076,0,1843997,0
2021-03-10,58651,0,1902648,0
2021-03-11,63868,0,1966516,0
2021-03-12,65110,0,2031626,0
2021-03-13,51720,0,2083346,0
2021-03-14,35402,0,2118748,0
2021-03-15,73446,0,2192194,0
2021-03-16,74027,0,2266221,0
2021-03-17,83131,0,2349352,0
2021-03-18,81626,0,2430978,0
2021-03-19,81081,0,2512059,0
2021-03-20,64726,0,2576785,0
2021-03-21,47301,0,2624086,0
2021-03-22,69482,0,2693568,0
2021-03-23,75800,0,2769368,0
2021-03-24,90919,0,2860287,0
2021-03-25,89804,0,2950091,0
2021-03-26,83626,0,3033717,0
2021-03-27,71941,0,3105658,0
2021-03-28,44148,0,3149806,0
2021-03-29,70828,0,3220634,0
2021-03-30,81388,0,3302022,0
2021-03-31,96240,0,3398262,0
2021-04-01,95309,0,3493571,0
2021-04-02,84073,0,3577644,0
2021-04-03,64305,0,3641949,0
2021-04-04,21718,0,3663667,0
2021-04-05,40313,0,3703980,0
2021-04-06,81319,0,3785299,0
2021-04-07,95831,0,3881130,0
2021-04-08,95242,0,3976372,0
2021-04-09,88492,0,4064864,0
2021-04-10,74033,0,4138897,0
2021-04-11,44764,0,4183661,0
2021-04-12,66917,0,4250578,0
2021-04-13,72575,0,4323153,0
2021-04-14,85542,0,4408695,0
2021-04-15,105417,0,4514112,0
2021-04-16,106418,0,4620530,0
2021-04-17,90516,0,4711046,0
2021-04-18,58592,0,4769638,0
2021-04-19,93430,0,4863068,0
2021-04-20,103770,0,4966838,0
2021-04-21,125339,0,5092177,0
2021-04-22,143518,0,5235695,0
2021-04-23,138744,0,5374439,0
2021-04-24,124446,0,5498885,0
2021-04-25,61458,0,5560343,0
2021-04-26,97895,0,5658238,0
2021-04-27,128362,0,5786600,0
2021-04-28,156372,0,5942972,0
2021-04-29,195598,0,6138570,0
2021-04-30,214586,0,6353156,0
2021-05-01,174122,0,6527278,0
2021-05-02,135802,0,6663080,0
2021-05-03,142042,0,6805122,0
2021-05-04,158697,0,6963819,0
2021-05-05,170503,0,7134322,0
2021-05-06,197811,0,7332133,0
2021-05-07,213851,0,7545984,0
2021-05-08,213416,0,7759400,0
2021-05-09,143205,0,7902605,0
2021-05-10,165082,0,8067687,0
2021-05-11,174987,0,8242674,0
2021-05-12,179184,0,8421858,0
2021-05-13,203393,0,8625251,0
2021-05-14,222923,0,8848174,0
2021-05-15,210371,0,9058545,0
2021-05-16,159277,0,9217822,0
2021-05-17,219196,0,9437018,0
2021-05-18,213022,0,9650040,0
2021-05-19,207090,0,9857130,0
2021-05-20,270867,0,10127997,0
2021-05-21,270892,0,10398889,0
2021-05-22,245526,0,10644415,0
2021-05-23,197182,0,10841597,0
2021-05-24,228310,0,11069907,0
2021-05-25,245698,0,11315605,0
2021-05-26,277503,0,11593108,0
2021-05-27,311088,0,11904196,0
2021-05-28,299574,0,12203770,0
2021-05-29,231225,0,12434995,0
2021-05-30,170841,0,12605836,0
2021-05-31,216426,0,12822262,0
2021-06-01,207636,0,13029898,0
2021-06-02,115801,0,13145699,0
2021-06-03,180148,0,13325847,0
2021-06-04,184888,0,13510735,0
2021-06-05,185964,0,13696699,0
2021-06-06,139553,0,13836252,0
2021-06-07,161877,0,13998129,0
2021-06-08,171232,0,14169361,0
2021-06-09,171491,0,14340852,0
2021-06-10,174112,0,14514964,0
2021-06-11,169991,0,14684955,0
2021-06-12,128331,0,14813286,0
2021-06-13,91190,0,14904476,0
2021-06-14,214687,0,15119163,0
2021-06-15,228424,0,15347587,0
2021-06-16,253081,0,15600668,0
2021-06-17,301739,0,15902407,0
2021-06-18,306303,0,16208710,0
2021-06-19,275091,0,16483801,0
2021-06-20,220793,0,16704594,0
2021-06-21,288077,0,16992671,0
2021-06-22,296228,0,17288899,0
2021-06-23,302696,0,17591595,0
2021-06-24,332611,0,17924206,0
2021-06-25,348718,0,18272924,0
2021-06-26,300126,0,18573050,0
2021-06-27,228668,0,18801718,0
2021-06-28,307101,0,19108819,0
2021-06-29,329294,0,19438113,0
2021-06-30,342172,0,19780285,0
2021-07-01,363218,0,20143503,0
2021-07-02,368481,0,20511984,0
2021-07-03,371097,0,20883081,0
2021-07-04,283217,0,21166298,0
2021-07-05,384548,0,21550846,0
2021-07-06,385477,0,21936323,0
2021-07-07,412117,0,22348440,0
2021-07-08,479609,0,22828049,0
2021-07-09,498485,0,23326534,0
2021-07-10,475183,0,23801717,0
2021-07-11,357698,0,24159415,0
2021-07-12,485903,0,24645318,0
2021-07-13,492118,0,25137436,0
2021-07-14,480465,0,25617901,0
2021-07-15,523458,0,26141359,0
2021-07-16,509764,0,26651123,0
2021-07-17,464346,0,27115469,0
2021-07-18,364654,0,27480123,0
2021-07-19,463058,0,27943181,0
2021-07-20,458063,0,28401244,0
2021-07-21,462797,0,28864041,0
2021-07-22,475393,0,29339434,0
2021-07-23,441324,0,29780758,0
2021-07-24,386164,0,30166922,0
2021-07-25,287559,0,30454481,0
2021-07-26,430886,0,30885367,0
2021-07-27,440132,0,31325499,0
2021-07-28,391013,0,31716512,0
2021-07-29,372075,0,32088587,0
2021-07-30,341521,0,32430108,0
2021-07-31,287034,0,32717142,0
2021-08-01,191006,0,32908148,0
2021-08-02,333708,0,33241856,0
2021-08-03,323199,0,33565055,0
2021-08-04,310979,0,33876034,0
2021-08-05,292504,0,34168538,0
2021-08-06,260018,0,34428556,0
2021-08-07,199053,0,34627609,0
2021-08-08,153110,0,34780719,0
2021-08-09,234074,0,35014793,0
2021-08-10,205252,0,35220045,0
2021-08-11,193774,0,35413819,0
2021-08-12,168035,0,35581854,0
2021-08-13,148638,0,35730492,0
2021-08-14,66093,0,35796585,0
2021-08-15,26338,0,35822923,0
2021-08-16,114704,0,35937627,0
2021-08-17,129252,0,36066879,0
2021-08-18,128750,0,36195629,0
2021-08-19,124819,0,36320448,0
2021-08-20,123793,0,36444241,0
2021-08-21,83128,0,36527369,0
2021-08-22,68171,0,36595540,0
2021-08-23,176875,0,36772415,0
2021-08-24,156898,0,36929313,0
2021-08-25,177171,0,37106484,0
2021-08-26,172366,0,37278850,0
2021-08-27,185839,0,37464689,0
2021-08-28,140281,0,37604970,0
2021-08-29,98995,0,37703965,0
2021-08-30,209602,0,37913567,0
2021-08-31,194642,0,38108209,0
2021-09-01,192210,0,38300419,0
2021-09-02,189931,0,38490350,0
2021-09-03,191301,0,38681651,0
2021-09-04,131465,0,38813116,0
2021-09-05,87858,0,38900974,0
2021-09-06,193630,0,39094604,0
2021-09-07,196038,0,39290642,0
2021-09-08,187883,0,39478525,0
2021-09-09,201450,0,39679975,0
2021-09-10,198080,0,39878055,0
2021-09-11,141298,0,40019353,0
2021-09-12,89598,0,40108951,0
2021-09-13,191129,600,40300080,600
2021-09-14,177235,611,40477315,1211
2021-09-15,163101,616,40640416,1827
2021-09-16,160076,962,40800492,2789
2021-09-17,150170,1139,40950662,3928
2021-09-18,127980,755,41078642,4683
2021-09-19,81137,501,41159779,5184
2021-09-20,180078,9099,41339857,14283
2021-09-21,166652,8846,41506509,23129
2021-09-22,159096,9447,41665605,32576
2021-09-23,138082,9342,41803687,41918
2021-09-24,140546,8979,41944233,50897
2021-09-25,119555,5654,42063788,56551
2021-09-26,71969,4351,42135757,60902
2021-09-27,135660,10062,42271417,70964
2021-09-28,117509,11407,42388926,82371
2021-09-29,112352,11838,42501278,94209
2021-09-30,110260,14962,42611538,109171
2021-10-01,94992,19121,42706530,128292
2021-10-02,78508,14030,42785038,142322
2021-10-03,47748,7664,42832786,149986
2021-10-04,88381,34466,42921167,184452
2021-10-05,80371,33995,43001538,218447
2021-10-06,71996,34186,43073534,252633
2021-10-07,71865,34361,43145399,286994
2021-10-08,80631,33605,43226030,320599
2021-10-09,76103,22183,43302133,342782
2021-10-10,45780,13623,43347913,356405
2021-10-11,87440,41118,43435353,397523
2021-10-12,84502,46920,43519855,444443
2021-10-13,88203,52137,43608058,496580
2021-10-14,91550,58532,43699608,555112
2021-10-15,93596,55647,43793204,610759
2021-10-16,82966,36801,43876170,647560
2021-10-17,51464,23840,43927634,671400
2021-10-18,90305,59499,44017939,730899
2021-10-19,78349,69391,44096288,800290
2021-10-20,75069,78191,44171357,878481
2021-10-21,78298,81775,44249655,960256
2021-10-22,73783,77055,44323438,1037311
2021-10-23,60827,51965,44384265,1089276
2021-10-24,33372,23469,44417637,1112745
2021-10-25,64908,81640,44482545,1194385
2021-10-26,58374,91819,44540919,1286204
2021-10-27,58332,104007,44599251,1390211
2021-10-28,61455,114134,44660706,1504345
2021-10-29,61639,103155,44722345,1607500
2021-10-30,50674,68129,44773019,1675629
2021-10-31,25160,28303,44798179,1703932
2021-11-01,19047,28156,44817226,1732088
2021-11-02,62743,89415,44879969,1821503
2021-11-03,60727,118677,44940696,1940180
2021-11-04,59246,126682,44999942,2066862
2021-11-05,63094,135204,45063036,2202066
2021-11-06,46483,90932,45109519,2292998
2021-11-07,22252,37900,45131771,2330898
2021-11-08,51529,131282,45183300,2462180
2021-11-09,45398,144221,45228698,2606401
2021-11-10,42586,156361,45271284,2762762
2021-11-11,44935,155147,45316219,2917909
2021-11-12,46316,158652,45362535,3076561
2021-11-13,33265,116660,45395800,3193221
2021-11-14,14490,52454,45410290,3245675
2021-11-15,36901,157437,45447191,3403112
2021-11-16,30559,171393,45477750,3574505
2021-11-17,28468,178446,45506218,3752951
2021-11-18,30285,193739,45536503,3946690
2021-11-19,28811,205868,45565314,4152558
2021-11-20,21002,156453,45586316,4309011
2021-11-21,10612,64862,45596928,4373873
2021-11-22,21944,213158,45618872,4587031
2021-11-23,23590,241759,45642462,4828790
2021-11-24,27796,271019,45670258,5099809
2021-11-25,23243,301924,45693501,5401733
2021-11-26,24590,318283,45718091,5720016
2021-11-27,21389,266159,45739480,5986175
2021-11-28,9905,137060,45749385,6123235
2021-11-29,22344,326074,45771729,6449309
2021-11-30,23106,365840,45794835,6815149
2021-12-01,21528,413506,45816363,7228655
2021-12-02,23773,440422,45840136,7669077
2021-12-03,25271,467492,45865407,8136569
2021-12-04,22379,418782,45887786,8555351
2021-12-05,11938,261353,45899724,8816704
2021-12-06,25829,457612,45925553,9274316
2021-12-07,24148,480280,45949701,9754596
2021-12-08,10013,249707,45959714,10004303
2021-12-09,31602,491947,45991316,10496250
2021-12-10,28082,517903,46019398,11014153
2021-12-11,23579,459259,46042977,11473412
2021-12-12,12312,293514,46055289,11766926
2021-12-13,26167,467637,46081456,12234563
2021-12-14,25185,494219,46106641,12728782
2021-12-15,25349,517166,46131990,13245948
2021-12-16,27898,520274,46159888,13766222
2021-12-17,29376,517192,46189264,14283414
2021-12-18,27080,468748,46216344,14752162
2021-12-19,15156,300532,46231500,15052694
2021-12-20,30645,477496,46262145,15530190
2021-12-21,30396,493402,46292541,16023592
2021-12-22,29462,484726,46322003,16508318
2021-12-23,28265,426923,46350268,16935241
2021-12-24,13116,210836,46363384,17146077
2021-12-25,2103,33053,46365487,17179130
2021-12-26,8768,159074,46374255,17338204
2021-12-27,46816,504673,46421071,17842877
2021-12-28,42477,554229,46463548,18397106
2021-12-29,34369,550657,46497917,18947763
2021-12-30,31860,499843,46529777,19447606
2021-12-31,14131,247398,46543908,19695004
2022-01-01,3498,64815,46547406,19759819
2022-01-02,22796,276722,46570202,20036541
2022-01-03,47886,520021,46618088,20556562
2022-01-04,46410,572091,46664498,21128653
2022-01-05,40787,560400,46705285,21689053
2022-01-06,23504,274489,46728789,21963542
2022-01-07,63734,554198,46792523,22517740
2022-01-08,60899,503399,46853422,23021139
2022-01-09,42889,319686,46896311,23340825
2022-01-10,61119,542295,46957430,23883120
2022-01-11,61770,586996,47019200,24470116
2022-01-12,58483,581280,47077683,25051396
2022-01-13,58642,580395,47136325,25631791
2022-01-14,46844,588578,47183169,26220369
2022-01-15,39457,569946,47222626,26790315
2022-01-16,31256,341863,47253882,27132178
2022-01-17,54802,489664,47308684,27621842
2022-01-18,58422,517019,47367106,28138861
2022-01-19,57223,502790,47424329,28641651
2022-01-20,54359,498829,47478688,29140480
2022-01-21,42115,493878,47520803,29634358
2022-01-22,31226,469597,47552029,30103955
2022-01-23,34950,275375,47586979,30379330
2022-01-24,56193,437227,47643172,30816557
2022-01-25,61564,452111,47704736,31268668
2022-01-26,58563,435833,47763299,31704501
2022-01-27,48847,432379,47812146,32136880
2022-01-28,58711,436541,47870857,32573421
2022-01-29,68149,412496,47939006,32985917
2022-01-30,50392,235968,47989398,33221885
2022-01-31,60643,356935,48050041,33578820
2022-02-01,65566,328446,48115607,33907266
2022-02-02,63215,296978,48178822,34204244
2022-02-03,60063,274517,48238885,34478761
2022-02-04,72385,268458,48311270,34747219
2022-02-05,83787,248532,48395057,34995751
2022-02-06,55299,116202,48450356,35111953
2022-02-07,65157,199940,48515513,35311893
2022-02-08,66931,186114,48582444,35498007
2022-02-09,58764,166334,48641208,35664341
2022-02-10,58582,163239,48699790,35827580
2022-02-11,62254,162465,48762044,35990045
2022-02-12,71983,152140,48834027,36142185
2022-02-13,41475,68851,48875502,36211036
2022-02-14,46694,116186,48922196,36327222
2022-02-15,48540,123479,48970736,36450701
2022-02-16,45677,106122,49016413,36556823
2022-02-17,42863,98105,49059276,36654928
2022-02-18,46624,112570,49105900,36767498
2022-02-19,52536,100333,49158436,36867831
2022-02-20,31411,40362,49189847,36908193
2022-02-21,37887,89650,49227734,36997843
2022-02-22,37219,83775,49264953,37081618
2022-02-23,33395,79408,49298348,37161026
2022-02-24,32552,78161,49330900,37239187
2022-02-25,34759,90709,49365659,37329896
2022-02-26,39157,89133,49404816,37419029
2022-02-27,22545,35856,49427361,37454885
2022-02-28,28480,81690,49455841,37536575
2022-03-01,22722,53939,49478563,37590514
2022-03-02,21949,50678,49500512,37641192
2022-03-03,22618,54945,49523130,37696137
2022-03-04,23230,62795,49546360,37758932
2022-03-05,23797,57951,49570157,37816883
2022-03-06,9471,17200,49579628,37834083
2022-03-07,15914,51387,49595542,37885470
2022-03-08,15475,48795,49611017,37934265
2022-03-09,13811,46518,49624828,37980783
2022-03-10,14048,52117,49638876,38032900
2022-03-11,15582,57261,49654458,38090161
2022-03-12,15502,56617,49669960,38146778
2022-03-13,5543,16850,49675503,38163628
2022-03-14,10523,46697,49686026,38210325
2022-03-15,10540,46890,49696566,38257215
2022-03-16,9479,41973,49706045,38299188
2022-03-17,9715,44871,49715760,38344059
2022-03-18,10158,49055,49725918,38393114
2022-03-19,9149,46532,49735067,38439646
2022-03-20,2609,11701,49737676,38451347
2022-03-21,7579,40224,49745255,38491571
2022-03-22,8448,37758,49753703,38529329
2022-03-23,7214,33699,49760917,38563028
2022-03-24,8258,38800,49769175,38601828
2022-03-25,8136,43661,49777311,38645489
2022-03-26,8124,41721,49785435,38687210
2022-03-27,2430,9681,49787865,38696891
2022-03-28,6108,35238,49793973,38732129
2022-03-29,5776,32527,49799749,38764656
2022-03-30,5565,30201,49805314,38794857
2022-03-31,5894,33180,49811208,38828037
2022-04-01,4347,25187,49815555,38853224
2022-04-02,4493,23274,49820048,38876498
2022-04-03,1049,4500,49821097,38880998
2022-04-04,3656,21538,49824753,38902536
2022-04-05,3756,22929,49828509,38925465
2022-04-06,4102,21851,49832611,38947316
2022-04-07,3965,23320,49836576,38970636
2022-04-08,4691,26710,49841267,38997346
2022-04-09,4381,23885,49845648,39021231
2022-04-10,891,4614,49846539,39025845
2022-04-11,3814,22685,49850353,39048530
2022-04-12,3362,21776,49853715,39070306
2022-04-13,3564,21332,49857279,39091638
2022-04-14,3486,23786,49860765,39115424
2022-04-15,3084,20617,49863849,39136041
2022-04-16,2149,11918,49865998,39147959
2022-04-17,63,348,49866061,39148307
2022-04-18,151,650,49866212,39148957
2022-04-19,3497,21977,49869709,39170934
2022-04-20,3509,20249,49873218,39191183
2022-04-21,2844,19783,49876062,39210966
2022-04-22,2927,20698,49878989,39231664
2022-04-23,2642,16218,49881631,39247882
2022-04-24,509,2334,49882140,39250216
2022-04-25,183,1165,49882323,39251381
2022-04-26,2759,17802,49885082,39269183
2022-04-27,2372,15789,49887454,39284972
2022-04-28,2357,15557,49889811,39300529
2022-04-29,2293,14837,49892104,39315366
2022-04-30,2122,11578,49894226,39326944
2022-05-01,113,530,49894339,39327474
2022-05-02,1450,9389,49895789,39336863
2022-05-03,1575,10314,49897364,39347177
2022-05-04,1746,10261,49899110,39357438
2022-05-05,1653,10278,49900763,39367716
2022-05-06,1700,10953,49902463,39378669
2022-05-07,1431,8563,49903894,39387232
2022-05-08,416,1517,49904310,39388749
2022-05-09,1027,8918,49905337,39397667
2022-05-10,1422,9542,49906759,39407209
2022-05-11,1483,10091,49908242,39417300
2022-05-12,1370,10122,49909612,39427422
2022-05-13,1592,10511,49911204,39437933
2022-05-14,1356,8230,49912560,39446163
2022-05-15,336,1130,49912896,39447293
2022-05-16,813,8394,49913709,39455687
2022-05-17,1243,8677,49914952,39464364
2022-05-18,1374,9225,49916326,39473589
2022-05-19,1500,9272,49917826,39482861
2022-05-20,1421,9499,49919247,39492360
2022-05-21,1300,7893,49920547,39500253
2022-05-22,231,1012,49920778,39501265
2022-05-23,830,8262,49921608,39509527
2022-05-24,1073,8664,49922681,39518191
2022-05-25,1369,9446,49924050,39527637
2022-05-26,1195,9456,49925245,39537093
2022-05-27,1231,9909,49926476,39547002
2022-05-28,1204,7873,49927680,39554875
2022-05-29,286,1265,49927966,39556140
2022-05-30,930,8031,49928896,39564171
2022-05-31,1035,8532,49929931,39572703
2022-06-01,890,7644,49930821,39580347
2022-06-02,35,474,49930856,39580821
2022-06-03,818,7330,49931674,39588151
2022-06-04,870,5157,49932544,39593308
2022-06-05,89,586,49932633,39593894
2022-06-06,678,6985,49933311,39600879
2022-06-07,951,7842,49934262,39608721
2022-06-08,983,7901,49935245,39616622
2022-06-09,1037,8399,49936282,39625021
2022-06-10,958,8552,49937240,39633573
2022-06-11,903,6206,49938143,39639779
2022-06-12,140,767,49938283,39640546
2022-06-13,602,6298,49938885,39646844
2022-06-14,827,7883,49939712,39654727
2022-06-15,954,7844,49940666,39662571
2022-06-16,730,7390,49941396,39669961
2022-06-17,722,7241,49942118,39677202
2022-06-18,777,5589,49942895,39682791
2022-06-19,47,522,49942942,39683313
2022-06-20,587,6695,49943529,39690008
2022-06-21,735,7656,49944264,39697664
2022-06-22,780,7307,49945044,39704971
2022-06-23,651,7459,49945695,39712430
2022-06-24,643,7472,49946338,39719902
2022-06-25,835,6532,49947173,39726434
2022-06-26,128,523,49947301,39726957
2022-06-27,531,7123,49947832,39734080
2022-06-28,745,8196,49948577,39742276
2022-06-29,756,7723,49949333,39749999
2022-06-30,746,8132,49950079,39758131
2022-07-01,576,6438,49950655,39764569
2022-07-02,536,4767,49951191,39769336
2022-07-03,49,456,49951240,39769792
2022-07-04,469,6275,49951709,39776067
2022-07-05,628,8112,49952337,39784179
2022-07-06,633,7608,49952970,39791787
2022-07-07,570,8265,49953540,39800052
2022-07-08,671,8080,49954211,39808132
2022-07-09,550,6103,49954761,39814235
2022-07-10,58,533,49954819,39814768
2022-07-11,487,7639,49955306,39822407
2022-07-12,667,9026,49955973,39831433
2022-07-13,641,10063,49956614,39841496
2022-07-14,636,10220,49957250,39851716
2022-07-15,625,10664,49957875,39862380
2022-07-16,522,7209,49958397,39869589
2022-07-17,48,769,49958445,39870358
2022-07-18,497,9350,49958942,39879708
2022-07-19,573,10657,49959515,39890365
2022-07-20,579,11257,49960094,39901622
2022-07-21,627,12040,49960721,39913662
2022-07-22,584,11226,49961305,39924888
2022-07-23,379,6744,49961684,39931632
2022-07-24,76,834,49961760,39932466
2022-07-25,503,9033,49962263,39941499
2022-07-26,521,9727,49962784,39951226
2022-07-27,550,10159,49963334,39961385
2022-07-28,529,10483,49963863,39971868
2022-07-29,510,9427,49964373,39981295
2022-07-30,382,5853,49964755,39987148
2022-07-31,49,745,49964804,39987893
2022-08-01,386,6824,49965190,39994717
2022-08-02,540,7526,49965730,40002243
2022-08-03,513,7140,49966243,40009383
2022-08-04,454,7439,49966697,40016822
2022-08-05,419,6491,49967116,40023313
2022-08-06,298,3582,49967414,40026895
2022-08-07,44,551,49967458,40027446
2022-08-08,401,4874,49967859,40032320
2022-08-09,382,5269,49968241,40037589
2022-08-10,380,4790,49968621,40042379
2022-08-11,366,4757,49968987,40047136
2022-08-12,292,3699,49969279,40050835
2022-08-13,143,1597,49969422,40052432
2022-08-14,9,128,49969431,40052560
2022-08-15,1,26,49969432,40052586
2022-08-16,283,3028,49969715,40055614
2022-08-17,352,3511,49970067,40059125
2022-08-18,389,4143,49970456,40063268
2022-08-19,341,3309,49970797,40066577
2022-08-20,183,1710,49970980,40068287
2022-08-21,24,146,49971004,40068433
2022-08-22,329,2940,49971333,40071373
2022-08-23,371,3656,49971704,40075029
2022-08-24,383,3344,49972087,40078373
2022-08-25,420,3752,49972507,40082125
2022-08-26,397,3561,49972904,40085686
2022-08-27,235,1769,49973139,40087455
2022-08-28,29,260,49973168,40087715
2022-08-29,354,3148,49973522,40090863
2022-08-30,403,3646,49973925,40094509
2022-08-31,436,3716,49974361,40098225
2022-09-01,352,3098,49974713,40101323
2022-09-02,296,2882,49975009,40104205
2022-09-03,199,1686,49975208,40105891
2022-09-04,23,147,49975231,40106038
2022-09-05,186,2646,49975417,40108684
2022-09-06,302,2984,49975719,40111668
2022-09-07,540,2911,49976259,40114579
2022-09-08,289,2951,49976548,40117530
2022-09-09,304,2876,49976852,40120406
2022-09-10,227,1325,49977079,40121731
2022-09-11,21,123,49977100,40121854
2022-09-12,267,2248,49977367,40124102
2022-09-13,250,2267,49977617,40126369
2022-09-14,263,2558,49977880,40128927
2022-09-15,279,2484,49978159,40131411
2022-09-16,253,2532,49978412,40133943
2022-09-17,239,1339,49978651,40135282
2022-09-18,20,170,49978671,40135452
2022-09-19,205,1965,49978876,40137417
2022-09-20,236,2373,49979112,40139790
2022-09-21,289,2513,49979401,40142303
2022-09-22,260,2638,49979661,40144941
2022-09-23,256,2518,49979917,40147459
2022-09-24,193,1426,49980110,40148885
2022-09-25,28,133,49980138,40149018
2022-09-26,281,2239,49980419,40151257
2022-09-27,282,2639,49980701,40153896
2022-09-28,309,2875,49981010,40156771
2022-09-29,251,3033,49981261,40159804
2022-09-30,289,2967,49981550,40162771
2022-10-01,193,1505,49981743,40164276
2022-10-02,11,187,49981754,40164463
2022-10-03,179,2454,49981933,40166917
2022-10-04,233,2825,49982166,40169742
2022-10-05,224,3196,49982390,40172938
2022-10-06,240,3781,49982630,40176719
2022-10-07,282,4110,49982912,40180829
2022-10-08,199,2209,49983111,40183038
2022-10-09,8,287,49983119,40183325
2022-10-10,206,3308,49983325,40186633
2022-10-11,191,4270,49983516,40190903
2022-10-12,206,4370,49983722,40195273
2022-10-13,196,5228,49983918,40200501
2022-10-14,223,4946,49984141,40205447
2022-10-15,185,2582,49984326,40208029
2022-10-16,6,348,49984332,40208377
2022-10-17,185,3784,49984517,40212161
2022-10-18,254,4861,49984771,40217022
2022-10-19,232,5281,49985003,40222303
2022-10-20,216,5772,49985219,40228075
2022-10-21,221,5108,49985440,40233183
2022-10-22,191,2807,49985631,40235990
2022-10-23,13,343,49985644,40236333
2022-10-24,181,3537,49985825,40239870