data_somministrazione,vaccinazioni,booster,cum_vaccinazioni,cum_booster
2020-12-27,20,0,20,0
2020-12-28,2,0,22,0
2020-12-29,1,0,23,0
2020-12-30,9,0,32,0
2020-12-31,73,0,105,0
2021-01-01,23,0,128,0
2021-01-02,128,0,256,0
2021-01-03,93,0,349,0
2021-01-04,219,0,568,0
2021-01-05,257,0,825,0
2021-01-06,227,0,1052,0
2021-01-07,306,0,1358,0
2021-01-08,353,0,1711,0
2021-01-09,265,0,1976,0
2021-01-10,160,0,2136,0
2021-01-11,290,0,2426,0
2021-01-12,275,0,2701,0
2021-01-13,404,0,3105,0
2021-01-14,488,0,3593,0
2021-01-15,305,0,3898,0
2021-01-16,214,0,4112,0
2021-01-17,3060,0,7172,0
2021-01-18,5215,0,12387,0
2021-01-19,1893,0,14280,0
2021-01-20,4656,0,18936,0
2021-01-21,20005,0,38941,0
2021-01-22,14220,0,53161,0
2021-01-23,33329,0,86490,0
2021-01-24,30782,0,117272,0
2021-01-25,64721,0,181993,0
2021-01-26,76487,0,258480,0
2021-01-27,64824,0,323304,0
2021-01-28,89269,0,412573,0
2021-01-29,94018,0,506591,0
2021-01-30,86552,0,593143,0
2021-01-31,57329,0,650472,0
2021-02-01,81852,0,732324,0
2021-02-02,82140,0,814464,0
2021-02-03,91113,0,905577,0
2021-02-04,95395,0,1000972,0
2021-02-05,90272,0,1091244,0
2021-02-06,63449,0,1154693,0
2021-02-07,32933,0,1187626,0
2021-02-08,40424,0,1228050,0
2021-02-09,32870,0,1260920,0
2021-02-10,28428,0,1289348,0
2021-02-11,20403,0,1309751,0
2021-02-12,16239,0,1325990,0
2021-02-13,7273,0,1333263,0
2021-02-14,2862,0,1336125,0
2021-02-15,6844,0,1342969,0
2021-02-16,7002,0,1349971,0
2021-02-17,10525,0,1360496,0
2021-02-18,9252,0,1369748,0
2021-02-19,8251,0,1377999,0
2021-02-20,5567,0,1383566,0
2021-02-21,3003,0,1386569,0
2021-02-22,6884,0,1393453,0
2021-02-23,7179,0,1400632,0
2021-02-24,9808,0,1410440,0
2021-02-25,14211,0,1424651,0
2021-02-26,17555,0,1442206,0
2021-02-27,13915,0,1456121,0
2021-02-28,9388,0,1465509,0
2021-03-01,26519,0,1492028,0
2021-03-02,33243,0,1525271,0
2021-03-03,44649,0,1569920,0
2021-03-04,50292,0,1620212,0
2021-03-05,55734,0,1675946,0
2021-03-06,41872,0,1717818,0
2021-03-07,22322,0,1740140,0
2021-03-08,50824,0,1790964,0
2021-03-09,53077,0,1844041,0
2021-03-10,58658,0,1902699,0
2021-03-11,63871,0,1966570,0
2021-03-12,65112,0,2031682,0
2021-03-13,51725,0,2083407,0
2021-03-14,35404,0,2118811,0
2021-03-15,73447,0,2192258,0
2021-03-16,74026,0,2266284,0
2021-03-17,83130,0,2349414,0
2021-03-18,81629,0,2431043,0
2021-03-19,81084,0,2512127,0
2021-03-20,64725,0,2576852,0
2021-03-21,47302,0,2624154,0
2021-03-22,69486,0,2693640,0
2021-03-23,75805,0,2769445,0
2021-03-24,90917,0,2860362,0
2021-03-25,89812,0,2950174,0
2021-03-26,83631,0,3033805,0
2021-03-27,71945,0,3105750,0
2021-03-28,44149,0,3149899,0
2021-03-29,70832,0,3220731,0
2021-03-30,81392,0,3302123,0
2021-03-31,96243,0,3398366,0
2021-04-01,95311,0,3493677,0
2021-04-02,84075,0,3577752,0
2021-04-03,64306,0,3642058,0
2021-04-04,21718,0,3663776,0
2021-04-05,40316,0,3704092,0
2021-04-06,81324,0,3785416,0
2021-04-07,95834,0,3881250,0
2021-04-08,95245,0,3976495,0
2021-04-09,88493,0,4064988,0
2021-04-10,74031,0,4139019,0
2021-04-11,44766,0,4183785,0
2021-04-12,66917,0,4250702,0
2021-04-13,72581,0,4323283,0
2021-04-14,85545,0,4408828,0
2021-04-15,105415,0,4514243,0
2021-04-16,106421,0,4620664,0
2021-04-17,90519,0,4711183,0
2021-04-18,58596,0,4769779,0
2021-04-19,93432,0,4863211,0
2021-04-20,103772,0,4966983,0
2021-04-21,125344,0,5092327,0
2021-04-22,143521,0,5235848,0
2021-04-23,138746,0,5374594,0
2021-04-24,124445,0,5499039,0
2021-04-25,61458,0,5560497,0
2021-04-26,97894,0,5658391,0
2021-04-27,128362,0,5786753,0
2021-04-28,156375,0,5943128,0
2021-04-29,195598,0,6138726,0
2021-04-30,214590,0,6353316,0
2021-05-01,174125,0,6527441,0
2021-05-02,135806,0,6663247,0
2021-05-03,142048,0,6805295,0
2021-05-04,158696,0,6963991,0
2021-05-05,170510,0,7134501,0
2021-05-06,197809,0,7332310,0
2021-05-07,213850,0,7546160,0
2021-05-08,213419,0,7759579,0
2021-05-09,143204,0,7902783,0
2021-05-10,165085,0,8067868,0
2021-05-11,174992,0,8242860,0
2021-05-12,179191,0,8422051,0
2021-05-13,203395,0,8625446,0
2021-05-14,222923,0,8848369,0
2021-05-15,210375,0,9058744,0
2021-05-16,159280,0,9218024,0
2021-05-17,219205,0,9437229,0
2021-05-18,213024,0,9650253,0
2021-05-19,207091,0,9857344,0
2021-05-20,270872,0,10128216,0
2021-05-21,270899,0,10399115,0
2021-05-22,245530,0,10644645,0
2021-05-23,197183,0,10841828,0
2021-05-24,228310,0,11070138,0
2021-05-25,245697,0,11315835,0
2021-05-26,277511,0,11593346,0
2021-05-27,311089,0,11904435,0
2021-05-28,299577,0,12204012,0
2021-05-29,231233,0,12435245,0
2021-05-30,170844,0,12606089,0
2021-05-31,216430,0,12822519,0
2021-06-01,207639,0,13030158,0
2021-06-02,115805,0,13145963,0
2021-06-03,180156,0,13326119,0
2021-06-04,184891,0,13511010,0
2021-06-05,185969,0,13696979,0
2021-06-06,139556,0,13836535,0
2021-06-07,161883,0,13998418,0
2021-06-08,171243,0,14169661,0
2021-06-09,171498,0,14341159,0
2021-06-10,174119,0,14515278,0
2021-06-11,169996,0,14685274,0
2021-06-12,128342,0,14813616,0
2021-06-13,91198,0,14904814,0
2021-06-14,214691,0,15119505,0
2021-06-15,228430,0,15347935,0
2021-06-16,253087,0,15601022,0
2021-06-17,301743,0,15902765,0
2021-06-18,306305,0,16209070,0
2021-06-19,275102,0,16484172,0
2021-06-20,220797,0,16704969,0
2021-06-21,288077,0,16993046,0
2021-06-22,296232,0,17289278,0
2021-06-23,302694,0,17591972,0
2021-06-24,332616,0,17924588,0
2021-06-25,348716,0,18273304,0
2021-06-26,300130,0,18573434,0
2021-06-27,228678,0,18802112,0
2021-06-28,307107,0,19109219,0
2021-06-29,329307,0,19438526,0
2021-06-30,342179,0,19780705,0
2021-07-01,363229,0,20143934,0
2021-07-02,368484,0,20512418,0
2021-07-03,371097,0,20883515,0
2021-07-04,283220,0,21166735,0
2021-07-05,384550,0,21551285,0
2021-07-06,385484,0,21936769,0
2021-07-07,412123,0,22348892,0
2021-07-08,479603,0,22828495,0
2021-07-09,498485,0,23326980,0
2021-07-10,475179,0,23802159,0
2021-07-11,357704,0,24159863,0
2021-07-12,485896,0,24645759,0
2021-07-13,492109,0,25137868,0
2021-07-14,480456,0,25618324,0
2021-07-15,523451,0,26141775,0
2021-07-16,509764,0,26651539,0
2021-07-17,464335,0,27115874,0
2021-07-18,364651,0,27480525,0
2021-07-19,463053,0,27943578,0
2021-07-20,458064,0,28401642,0
2021-07-21,462797,0,28864439,0
2021-07-22,475391,0,29339830,0
2021-07-23,441330,0,29781160,0
2021-07-24,386158,0,30167318,0
2021-07-25,287558,0,30454876,0
2021-07-26,430886,0,30885762,0
2021-07-27,440131,0,31325893,0
2021-07-28,391014,0,31716907,0
2021-07-29,372082,0,32088989,0
2021-07-30,341515,0,32430504,0
2021-07-31,287035,0,32717539,0
2021-08-01,191001,0,32908540,0
2021-08-02,333704,0,33242244,0
2021-08-03,323199,0,33565443,0
2021-08-04,310980,0,33876423,0
2021-08-05,292497,0,34168920,0
2021-08-06,260021,0,34428941,0
2021-08-07,199053,0,34627994,0
2021-08-08,153108,0,34781102,0
2021-08-09,234077,0,35015179,0
2021-08-10,205259,0,35220438,0
2021-08-11,193779,0,35414217,0
2021-08-12,168038,0,35582255,0
2021-08-13,148638,0,35730893,0
2021-08-14,66096,0,35796989,0
2021-08-15,26339,0,35823328,0
2021-08-16,114704,0,35938032,0
2021-08-17,129251,0,36067283,0
2021-08-18,128753,0,36196036,0
2021-08-19,124826,0,36320862,0
2021-08-20,123790,0,36444652,0
2021-08-21,83130,0,36527782,0
2021-08-22,68172,0,36595954,0
2021-08-23,176872,0,36772826,0
2021-08-24,156896,0,36929722,0
2021-08-25,177172,0,37106894,0
2021-08-26,172366,0,37279260,0
2021-08-27,185833,0,37465093,0
2021-08-28,140282,0,37605375,0
2021-08-29,98990,0,37704365,0
2021-08-30,209599,0,37913964,0
2021-08-31,194644,0,38108608,0
2021-09-01,192207,0,38300815,0
2021-09-02,189929,0,38490744,0
2021-09-03,191294,0,38682038,0
2021-09-04,131466,0,38813504,0
2021-09-05,87852,0,38901356,0
2021-09-06,193624,0,39094980,0
2021-09-07,196032,0,39291012,0
2021-09-08,187881,0,39478893,0
2021-09-09,201444,0,39680337,0
2021-09-10,198075,0,39878412,0
2021-09-11,141295,0,40019707,0
2021-09-12,89595,0,40109302,0
2021-09-13,191123,611,40300425,611
2021-09-14,177227,621,40477652,1232
2021-09-15,163096,622,40640748,1854
2021-09-16,160071,966,40800819,2820
2021-09-17,150172,1144,40950991,3964
2021-09-18,127982,758,41078973,4722
2021-09-19,81139,502,41160112,5224
2021-09-20,180071,9108,41340183,14332
2021-09-21,166657,8847,41506840,23179
2021-09-22,159098,9449,41665938,32628
2021-09-23,138084,9343,41804022,41971
2021-09-24,140550,8985,41944572,50956
2021-09-25,119560,5657,42064132,56613
2021-09-26,71979,4352,42136111,60965
2021-09-27,135665,10066,42271776,71031
2021-09-28,117510,11411,42389286,82442
2021-09-29,112354,11842,42501640,94284
2021-09-30,110268,14967,42611908,109251
2021-10-01,94992,19123,42706900,128374
2021-10-02,78512,14032,42785412,142406
2021-10-03,47750,7665,42833162,150071
2021-10-04,88383,34468,42921545,184539
2021-10-05,80377,34000,43001922,218539
2021-10-06,71997,34190,43073919,252729
2021-10-07,71868,34362,43145787,287091
2021-10-08,80631,33607,43226418,320698
2021-10-09,76106,22186,43302524,342884
2021-10-10,45781,13625,43348305,356509
2021-10-11,87440,41122,43435745,397631
2021-10-12,84506,46922,43520251,444553
2021-10-13,88208,52138,43608459,496691
2021-10-14,91547,58541,43700006,555232
2021-10-15,93594,55655,43793600,610887
2021-10-16,82972,36809,43876572,647696
2021-10-17,51461,23846,43928033,671542
2021-10-18,90303,59502,44018336,731044
2021-10-19,78348,69396,44096684,800440
2021-10-20,75071,78194,44171755,878634
2021-10-21,78303,81780,44250058,960414
2021-10-22,73781,77059,44323839,1037473
2021-10-23,60830,51967,44384669,1089440
2021-10-24,33372,23472,44418041,1112912
2021-10-25,64907,81646,44482948,1194558
2021-10-26,58375,91820,44541323,1286378
2021-10-27,58330,104013,44599653,1390391
2021-10-28,61453,114139,44661106,1504530
2021-10-29,61638,103160,44722744,1607690
2021-10-30,50675,68132,44773419,1675822
2021-10-31,25162,28303,44798581,1704125
2021-11-01,19048,28157,44817629,1732282
2021-11-02,62743,89421,44880372,1821703
2021-11-03,60728,118678,44941100,1940381
2021-11-04,59246,126683,45000346,2067064
2021-11-05,63097,135207,45063443,2202271
2021-11-06,46481,90935,45109924,2293206
2021-11-07,22253,37900,45132177,2331106
2021-11-08,51529,131286,45183706,2462392
2021-11-09,45399,144222,45229105,2606614
2021-11-10,42590,156362,45271695,2762976
2021-11-11,44929,155157,45316624,2918133
2021-11-12,46319,158657,45362943,3076790
2021-11-13,33265,116665,45396208,3193455
2021-11-14,14492,52456,45410700,3245911
2021-11-15,36910,157439,45447610,3403350
2021-11-16,30562,171396,45478172,3574746
2021-11-17,28467,178452,45506639,3753198
2021-11-18,30289,193744,45536928,3946942
2021-11-19,28812,205872,45565740,4152814
2021-11-20,21003,156455,45586743,4309269
2021-11-21,10612,64865,45597355,4374134
2021-11-22,21946,213160,45619301,4587294
2021-11-23,23590,241764,45642891,4829058
2021-11-24,27796,271025,45670687,5100083
2021-11-25,23246,301930,45693933,5402013
2021-11-26,24590,318289,45718523,5720302
2021-11-27,21392,266165,45739915,5986467
2021-11-28,9903,137064,45749818,6123531
2021-11-29,22349,326072,45772167,6449603
2021-11-30,23106,365847,45795273,6815450
2021-12-01,21531,413512,45816804,7228962
2021-12-02,23775,440425,45840579,7669387
2021-12-03,25269,467499,45865848,8136886
2021-12-04,22382,418786,45888230,8555672
2021-12-05,11938,261358,45900168,8817030
2021-12-06,25833,457619,45926001,9274649
2021-12-07,24152,480286,45950153,9754935
2021-12-08,10019,249711,45960172,10004646
2021-12-09,31607,491951,45991779,10496597
2021-12-10,28082,517917,46019861,11014514
2021-12-11,23582,459263,46043443,11473777
2021-12-12,12311,293520,46055754,11767297
2021-12-13,26168,467640,46081922,12234937
2021-12-14,25189,494221,46107111,12729158
2021-12-15,25357,517174,46132468,13246332
2021-12-16,27904,520285,46160372,13766617
2021-12-17,29377,517198,46189749,14283815
2021-12-18,27081,468759,46216830,14752574
2021-12-19,15160,300539,46231990,15053113
2021-12-20,30650,477498,46262640,15530611
2021-12-21,30404,493413,46293044,16024024
2021-12-22,29471,484730,46322515,16508754
2021-12-23,28267,426929,46350782,16935683
2021-12-24,13119,210836,46363901,17146519
2021-12-25,2103,33053,46366004,17179572
2021-12-26,8769,159075,46374773,17338647
2021-12-27,46820,504676,46421593,17843323
2021-12-28,42484,554233,46464077,18397556
2021-12-29,34376,550662,46498453,18948218
2021-12-30,31863,499850,46530316,19448068
2021-12-31,14131,247403,46544447,19695471
2022-01-01,3499,64815,46547946,19760286
2022-01-02,22798,276725,46570744,20037011
2022-01-03,47894,520027,46618638,20557038
2022-01-04,46418,572098,46665056,21129136
2022-01-05,40791,560405,46705847,21689541
2022-01-06,23511,274490,46729358,21964031
2022-01-07,63747,554202,46793105,22518233
2022-01-08,60914,503405,46854019,23021638
2022-01-09,42906,319695,46896925,23341333
2022-01-10,61129,542313,46958054,23883646
2022-01-11,61780,587015,47019834,24470661
2022-01-12,58497,581299,47078331,25051960
2022-01-13,58657,580413,47136988,25632373
2022-01-14,46865,588599,47183853,26220972
2022-01-15,39472,569961,47223325,26790933
2022-01-16,31268,341884,47254593,27132817
2022-01-17,54814,489677,47309407,27622494
2022-01-18,58431,517038,47367838,28139532
2022-01-19,57237,502808,47425075,28642340
2022-01-20,54371,498836,47479446,29141176
2022-01-21,42130,493885,47521576,29635061
2022-01-22,31235,469608,47552811,30104669
2022-01-23,34952,275384,47587763,30380053
2022-01-24,56197,437235,47643960,30817288
2022-01-25,61572,452118,47705532,31269406
2022-01-26,58565,435837,47764097,31705243
2022-01-27,48859,432385,47812956,32137628
2022-01-28,58722,436549,47871678,32574177
2022-01-29,68156,412502,47939834,32986679
2022-01-30,50397,235976,47990231,33222655
2022-01-31,60658,356938,48050889,33579593
2022-02-01,65574,328452,48116463,33908045
2022-02-02,63217,296983,48179680,34205028
2022-02-03,60070,274520,48239750,34479548
2022-02-04,72392,268462,48312142,34748010
2022-02-05,83793,248539,48395935,34996549
2022-02-06,55300,116207,48451235,35112756
2022-02-07,65161,199941,48516396,35312697
2022-02-08,66934,186118,48583330,35498815
2022-02-09,58764,166335,48642094,35665150
2022-02-10,58588,163239,48700682,35828389
2022-02-11,62258,162466,48762940,35990855
2022-02-12,71987,152147,48834927,36143002
2022-02-13,41476,68852,48876403,36211854
2022-02-14,46698,116187,48923101,36328041
2022-02-15,48542,123479,48971643,36451520
2022-02-16,45679,106122,49017322,36557642
2022-02-17,42867,98113,49060189,36655755
2022-02-18,46625,112578,49106814,36768333
2022-02-19,52541,100334,49159355,36868667
2022-02-20,31409,40366,49190764,36909033
2022-02-21,37887,89653,49228651,36998686
2022-02-22,37224,83776,49265875,37082462
2022-02-23,33397,79409,49299272,37161871
2022-02-24,32555,78161,49331827,37240032
2022-02-25,34763,90709,49366590,37330741
2022-02-26,39158,89134,49405748,37419875
2022-02-27,22545,35857,49428293,37455732
2022-02-28,28481,81690,49456774,37537422
2022-03-01,22722,53940,49479496,37591362
2022-03-02,21951,50681,49501447,37642043
2022-03-03,22620,54947,49524067,37696990
2022-03-04,23234,62798,49547301,37759788
2022-03-05,23798,57951,49571099,37817739
2022-03-06,9471,17201,49580570,37834940
2022-03-07,15916,51389,49596486,37886329
2022-03-08,15477,48796,49611963,37935125
2022-03-09,13812,46518,49625775,37981643
2022-03-10,14050,52119,49639825,38033762
2022-03-11,15584,57264,49655409,38091026
2022-03-12,15504,56618,49670913,38147644
2022-03-13,5544,16850,49676457,38164494
2022-03-14,10525,46698,49686982,38211192
2022-03-15,10548,46893,49697530,38258085
2022-03-16,9481,41973,49707011,38300058
2022-03-17,9717,44873,49716728,38344931
2022-03-18,10158,49056,49726886,38393987
2022-03-19,9150,46533,49736036,38440520
2022-03-20,2609,11702,49738645,38452222
2022-03-21,7579,40224,49746224,38492446
2022-03-22,8448,37758,49754672,38530204
2022-03-23,7213,33700,49761885,38563904
2022-03-24,8258,38803,49770143,38602707
2022-03-25,8139,43666,49778282,38646373
2022-03-26,8124,41721,49786406,38688094
2022-03-27,2430,9682,49788836,38697776
2022-03-28,6108,35238,49794944,38733014
2022-03-29,5777,32527,49800721,38765541
2022-03-30,5566,30201,49806287,38795742
2022-03-31,5898,33179,49812185,38828921
2022-04-01,4348,25189,49816533,38854110
2022-04-02,4494,23273,49821027,38877383
2022-04-03,1049,4500,49822076,38881883
2022-04-04,3656,21540,49825732,38903423
2022-04-05,3756,22931,49829488,38926354
2022-04-06,4102,21853,49833590,38948207
2022-04-07,3965,23320,49837555,38971527
2022-04-08,4692,26712,49842247,38998239
2022-04-09,4382,23885,49846629,39022124
2022-04-10,892,4613,49847521,39026737
2022-04-11,3815,22685,49851336,39049422
2022-04-12,3363,21777,49854699,39071199
2022-04-13,3566,21335,49858265,39092534
2022-04-14,3486,23786,49861751,39116320
2022-04-15,3084,20617,49864835,39136937
2022-04-16,2149,11918,49866984,39148855
2022-04-17,63,348,49867047,39149203
2022-04-18,152,650,49867199,39149853
2022-04-19,3499,21979,49870698,39171832
2022-04-20,3511,20250,49874209,39192082
2022-04-21,2847,19786,49877056,39211868
2022-04-22,2927,20702,49879983,39232570
2022-04-23,2644,16219,49882627,39248789
2022-04-24,509,2334,49883136,39251123
2022-04-25,183,1165,49883319,39252288
2022-04-26,2759,17805,49886078,39270093
2022-04-27,2374,15792,49888452,39285885
2022-04-28,2358,15558,49890810,39301443
2022-04-29,2293,14844,49893103,39316287
2022-04-30,2123,11580,49895226,39327867
2022-05-01,113,531,49895339,39328398
2022-05-02,1450,9391,49896789,39337789
2022-05-03,1576,10318,49898365,39348107
2022-05-04,1746,10264,49900111,39358371
2022-05-05,1653,10285,49901764,39368656
2022-05-06,1702,10955,49903466,39379611
2022-05-07,1431,8567,49904897,39388178
2022-05-08,416,1519,49905313,39389697
2022-05-09,1027,8928,49906340,39398625
2022-05-10,1423,9545,49907763,39408170
2022-05-11,1483,10098,49909246,39418268
2022-05-12,1370,10131,49910616,39428399
2022-05-13,1594,10517,49912210,39438916
2022-05-14,1357,8235,49913567,39447151
2022-05-15,336,1131,49913903,39448282
2022-05-16,813,8405,49914716,39456687
2022-05-17,1243,8696,49915959,39465383
2022-05-18,1373,9231,49917332,39474614
2022-05-19,1500,9277,49918832,39483891
2022-05-20,1421,9514,49920253,39493405
2022-05-21,1300,7899,49921553,39501304
2022-05-22,231,1013,49921784,39502317
2022-05-23,830,8267,49922614,39510584
2022-05-24,1073,8672,49923687,39519256
2022-05-25,1369,9459,49925056,39528715
2022-05-26,1195,9474,49926251,39538189
2022-05-27,1232,9912,49927483,39548101
2022-05-28,1205,7885,49928688,39555986
2022-05-29,286,1266,49928974,39557252
2022-05-30,931,8054,49929905,39565306
2022-05-31,1036,8545,49930941,39573851
2022-06-01,891,7655,49931832,39581506
2022-06-02,35,474,49931867,39581980
2022-06-03,818,7332,49932685,39589312
2022-06-04,870,5162,49933555,39594474
2022-06-05,89,586,49933644,39595060
2022-06-06,678,6991,49934322,39602051
2022-06-07,951,7847,49935273,39609898
2022-06-08,982,7908,49936255,39617806
2022-06-09,1037,8413,49937292,39626219
2022-06-10,958,8564,49938250,39634783
2022-06-11,903,6206,49939153,39640989
2022-06-12,140,768,49939293,39641757
2022-06-13,602,6301,49939895,39648058
2022-06-14,827,7896,49940722,39655954
2022-06-15,955,7852,49941677,39663806
2022-06-16,730,7392,49942407,39671198
2022-06-17,723,7243,49943130,39678441
2022-06-18,777,5593,49943907,39684034
2022-06-19,47,522,49943954,39684556
2022-06-20,587,6698,49944541,39691254
2022-06-21,736,7665,49945277,39698919
2022-06-22,780,7308,49946057,39706227
2022-06-23,651,7465,49946708,39713692
2022-06-24,644,7474,49947352,39721166
2022-06-25,835,6534,49948187,39727700
2022-06-26,128,523,49948315,39728223
2022-06-27,532,7123,49948847,39735346
2022-06-28,745,8206,49949592,39743552
2022-06-29,756,7728,49950348,39751280
2022-06-30,746,8143,49951094,39759423
2022-07-01,577,6443,49951671,39765866
2022-07-02,536,4769,49952207,39770635
2022-07-03,49,456,49952256,39771091
2022-07-04,469,6277,49952725,39777368
2022-07-05,628,8117,49953353,39785485
2022-07-06,633,7610,49953986,39793095
2022-07-07,571,8269,49954557,39801364
2022-07-08,673,8083,49955230,39809447
2022-07-09,550,6104,49955780,39815551
2022-07-10,58,533,49955838,39816084
2022-07-11,487,7640,49956325,39823724
2022-07-12,667,9027,49956992,39832751
2022-07-13,641,10067,49957633,39842818
2022-07-14,636,10225,49958269,39853043
2022-07-15,625,10666,49958894,39863709
2022-07-16,522,7214,49959416,39870923
2022-07-17,48,770,49959464,39871693
2022-07-18,497,9369,49959961,39881062
2022-07-19,574,10682,49960535,39891744
2022-07-20,580,11272,49961115,39903016
2022-07-21,627,12085,49961742,39915101
2022-07-22,583,11259,49962325,39926360
2022-07-23,379,6771,49962704,39933131
2022-07-24,76,857,49962780,39933988
2022-07-25,503,9052,49963283,39943040
2022-07-26,519,9758,49963802,39952798
2022-07-27,550,10200,49964352,39962998
2022-07-28,530,10528,49964882,39973526
2022-07-29,510,9465,49965392,39982991
2022-07-30,382,5881,49965774,39988872
2022-07-31,49,764,49965823,39989636
2022-08-01,386,6864,49966209,39996500
2022-08-02,539,7583,49966748,40004083
2022-08-03,513,7174,49967261,40011257
2022-08-04,455,7489,49967716,40018746
2022-08-05,420,6520,49968136,40025266
2022-08-06,298,3611,49968434,40028877
2022-08-07,44,562,49968478,40029439
2022-08-08,402,4893,49968880,40034332
2022-08-09,382,5307,49969262,40039639
2022-08-10,381,4814,49969643,40044453
2022-08-11,366,4777,49970009,40049230
2022-08-12,292,3721,49970301,40052951
2022-08-13,143,1600,49970444,40054551
2022-08-14,9,129,49970453,40054680
2022-08-15,1,26,49970454,40054706
2022-08-16,283,3043,49970737,40057749
2022-08-17,352,3536,49971089,40061285
2022-08-18,390,4159,49971479,40065444
2022-08-19,341,3318,49971820,40068762
2022-08-20,183,1714,49972003,40070476
2022-08-21,24,149,49972027,40070625
2022-08-22,329,2950,49972356,40073575
2022-08-23,370,3674,49972726,40077249
2022-08-24,383,3359,49973109,40080608
2022-08-25,421,3772,49973530,40084380
2022-08-26,396,3571,49973926,40087951
2022-08-27,237,1769,49974163,40089720
2022-08-28,29,267,49974192,40089987
2022-08-29,355,3161,49974547,40093148
2022-08-30,403,3669,49974950,40096817
2022-08-31,437,3734,49975387,40100551
2022-09-01,352,3117,49975739,40103668
2022-09-02,296,2890,49976035,40106558
2022-09-03,199,1688,49976234,40108246
2022-09-04,23,149,49976257,40108395
2022-09-05,186,2653,49976443,40111048
2022-09-06,303,2988,49976746,40114036
2022-09-07,540,2935,49977286,40116971
2022-09-08,291,2959,49977577,40119930
2022-09-09,304,2885,49977881,40122815
2022-09-10,227,1326,49978108,40124141
2022-09-11,21,124,49978129,40124265
2022-09-12,267,2262,49978396,40126527
2022-09-13,251,2274,49978647,40128801
2022-09-14,263,2564,49978910,40131365
2022-09-15,280,2491,49979190,40133856
2022-09-16,253,2542,49979443,40136398
2022-09-17,239,1339,49979682,40137737
2022-09-18,20,170,49979702,40137907
2022-09-19,205,1969,49979907,40139876
2022-09-20,236,2383,49980143,40142259
2022-09-21,289,2525,49980432,40144784
2022-09-22,262,2647,49980694,40147431
2022-09-23,257,2530,49980951,40149961
2022-09-24,193,1427,49981144,40151388
2022-09-25,28,133,49981172,40151521
2022-09-26,280,2247,49981452,40153768
2022-09-27,286,2669,49981738,40156437
2022-09-28,308,2888,49982046,40159325
2022-09-29,255,3040,49982301,40162365
2022-09-30,290,2969,49982591,40165334
2022-10-01,193,1510,49982784,40166844
2022-10-02,11,187,49982795,40167031
2022-10-03,181,2469,49982976,40169500
2022-10-04,235,2854,49983211,40172354
2022-10-05,223,3215,49983434,40175569
2022-10-06,241,3832,49983675,40179401
2022-10-07,282,4156,49983957,40183557
2022-10-08,200,2234,49984157,40185791
2022-10-09,8,304,49984165,40186095
2022-10-10,206,3336,49984371,40189431
2022-10-11,191,4342,49984562,40193773
2022-10-12,207,4408,49984769,40198181
2022-10-13,200,5286,49984969,40203467
2022-10-14,229,5011,49985198,40208478
2022-10-15,186,2660,49985384,40211138
2022-10-16,6,358,49985390,40211496
2022-10-17,185,3847,49985575,40215343
2022-10-18,255,4945,49985830,40220288
2022-10-19,235,5424,49986065,40225712
2022-10-20,220,5938,49986285,40231650
2022-10-21,251,5402,49986536,40237052
2022-10-22,194,2898,49986730,40239950
2022-10-23,13,355,49986743,40240305
2022-10-24,168,3866,49986911,40244171
2022-10-25,245,4841,49987156,40249012
2022-10-26,287,5328,49987443,40254340
2022-10-27,225,5452,49987668,40259792
2022-10-28,197,4969,49987865,40264761
2022-10-29,126,2530,49987991,40267291
2022-10-30,3,280,49987994,40267571
2022-10-31,105,2929,49988099,40270500
2022-11-01,4,198,49988103,40270698