data_somministrazione,vaccinazioni,booster,cum_vaccinazioni,cum_booster
2020-12-27,19,0,19,0
2020-12-28,2,0,21,0
2020-12-29,1,0,22,0
2020-12-30,6,0,28,0
2020-12-31,63,0,91,0
2021-01-01,22,0,113,0
2021-01-02,101,0,214,0
2021-01-03,74,0,288,0
2021-01-04,193,0,481,0
2021-01-05,232,0,713,0
2021-01-06,187,0,900,0
2021-01-07,279,0,1179,0
2021-01-08,324,0,1503,0
2021-01-09,238,0,1741,0
2021-01-10,144,0,1885,0
2021-01-11,265,0,2150,0
2021-01-12,263,0,2413,0
2021-01-13,383,0,2796,0
2021-01-14,467,0,3263,0
2021-01-15,291,0,3554,0
2021-01-16,202,0,3756,0
2021-01-17,3057,0,6813,0
2021-01-18,5206,0,12019,0
2021-01-19,1889,0,13908,0
2021-01-20,4652,0,18560,0
2021-01-21,20000,0,38560,0
2021-01-22,14201,0,52761,0
2021-01-23,33334,0,86095,0
2021-01-24,30791,0,116886,0
2021-01-25,64736,0,181622,0
2021-01-26,76503,0,258125,0
2021-01-27,64846,0,322971,0
2021-01-28,89302,0,412273,0
2021-01-29,94033,0,506306,0
2021-01-30,86576,0,592882,0
2021-01-31,57340,0,650222,0
2021-02-01,81877,0,732099,0
2021-02-02,82145,0,814244,0
2021-02-03,91195,0,905439,0
2021-02-04,95403,0,1000842,0
2021-02-05,90284,0,1091126,0
2021-02-06,63451,0,1154577,0
2021-02-07,32926,0,1187503,0
2021-02-08,40432,0,1227935,0
2021-02-09,32865,0,1260800,0
2021-02-10,28420,0,1289220,0
2021-02-11,20388,0,1309608,0
2021-02-12,16226,0,1325834,0
2021-02-13,7250,0,1333084,0
2021-02-14,2861,0,1335945,0
2021-02-15,6836,0,1342781,0
2021-02-16,6993,0,1349774,0
2021-02-17,10518,0,1360292,0
2021-02-18,9245,0,1369537,0
2021-02-19,8238,0,1377775,0
2021-02-20,5536,0,1383311,0
2021-02-21,2986,0,1386297,0
2021-02-22,6881,0,1393178,0
2021-02-23,7160,0,1400338,0
2021-02-24,9824,0,1410162,0
2021-02-25,14200,0,1424362,0
2021-02-26,17551,0,1441913,0
2021-02-27,13899,0,1455812,0
2021-02-28,9387,0,1465199,0
2021-03-01,26507,0,1491706,0
2021-03-02,33238,0,1524944,0
2021-03-03,44644,0,1569588,0
2021-03-04,50288,0,1619876,0
2021-03-05,55735,0,1675611,0
2021-03-06,41872,0,1717483,0
2021-03-07,22321,0,1739804,0
2021-03-08,50795,0,1790599,0
2021-03-09,53056,0,1843655,0
2021-03-10,58621,0,1902276,0
2021-03-11,63836,0,1966112,0
2021-03-12,65095,0,2031207,0
2021-03-13,51706,0,2082913,0
2021-03-14,35384,0,2118297,0
2021-03-15,73425,0,2191722,0
2021-03-16,74022,0,2265744,0
2021-03-17,83128,0,2348872,0
2021-03-18,81622,0,2430494,0
2021-03-19,81078,0,2511572,0
2021-03-20,64707,0,2576279,0
2021-03-21,47284,0,2623563,0
2021-03-22,69470,0,2693033,0
2021-03-23,75775,0,2768808,0
2021-03-24,90887,0,2859695,0
2021-03-25,89785,0,2949480,0
2021-03-26,83601,0,3033081,0
2021-03-27,71916,0,3104997,0
2021-03-28,44125,0,3149122,0
2021-03-29,70806,0,3219928,0
2021-03-30,81355,0,3301283,0
2021-03-31,96217,0,3397500,0
2021-04-01,95292,0,3492792,0
2021-04-02,84062,0,3576854,0
2021-04-03,64295,0,3641149,0
2021-04-04,21716,0,3662865,0
2021-04-05,40296,0,3703161,0
2021-04-06,81297,0,3784458,0
2021-04-07,95805,0,3880263,0
2021-04-08,95227,0,3975490,0
2021-04-09,88477,0,4063967,0
2021-04-10,74025,0,4137992,0
2021-04-11,44749,0,4182741,0
2021-04-12,66908,0,4249649,0
2021-04-13,72560,0,4322209,0
2021-04-14,85517,0,4407726,0
2021-04-15,105398,0,4513124,0
2021-04-16,106409,0,4619533,0
2021-04-17,90489,0,4710022,0
2021-04-18,58582,0,4768604,0
2021-04-19,93422,0,4862026,0
2021-04-20,103762,0,4965788,0
2021-04-21,125325,0,5091113,0
2021-04-22,143502,0,5234615,0
2021-04-23,138716,0,5373331,0
2021-04-24,124434,0,5497765,0
2021-04-25,61452,0,5559217,0
2021-04-26,97874,0,5657091,0
2021-04-27,128348,0,5785439,0
2021-04-28,156348,0,5941787,0
2021-04-29,195578,0,6137365,0
2021-04-30,214556,0,6351921,0
2021-05-01,174088,0,6526009,0
2021-05-02,135790,0,6661799,0
2021-05-03,142000,0,6803799,0
2021-05-04,158673,0,6962472,0
2021-05-05,170467,0,7132939,0
2021-05-06,197785,0,7330724,0
2021-05-07,213800,0,7544524,0
2021-05-08,213382,0,7757906,0
2021-05-09,143189,0,7901095,0
2021-05-10,165080,0,8066175,0
2021-05-11,174955,0,8241130,0
2021-05-12,179144,0,8420274,0
2021-05-13,203354,0,8623628,0
2021-05-14,222891,0,8846519,0
2021-05-15,210330,0,9056849,0
2021-05-16,159261,0,9216110,0
2021-05-17,219176,0,9435286,0
2021-05-18,212995,0,9648281,0
2021-05-19,207067,0,9855348,0
2021-05-20,270833,0,10126181,0
2021-05-21,270859,0,10397040,0
2021-05-22,245514,0,10642554,0
2021-05-23,197173,0,10839727,0
2021-05-24,228288,0,11068015,0
2021-05-25,245683,0,11313698,0
2021-05-26,277478,0,11591176,0
2021-05-27,311078,0,11902254,0
2021-05-28,299557,0,12201811,0
2021-05-29,231189,0,12433000,0
2021-05-30,170822,0,12603822,0
2021-05-31,216406,0,12820228,0
2021-06-01,207630,0,13027858,0
2021-06-02,115767,0,13143625,0
2021-06-03,180098,0,13323723,0
2021-06-04,184845,0,13508568,0
2021-06-05,185918,0,13694486,0
2021-06-06,139504,0,13833990,0
2021-06-07,161834,0,13995824,0
2021-06-08,171155,0,14166979,0
2021-06-09,171425,0,14338404,0
2021-06-10,174036,0,14512440,0
2021-06-11,169928,0,14682368,0
2021-06-12,128297,0,14810665,0
2021-06-13,91135,0,14901800,0
2021-06-14,214633,0,15116433,0
2021-06-15,228376,0,15344809,0
2021-06-16,253029,0,15597838,0
2021-06-17,301692,0,15899530,0
2021-06-18,306252,0,16205782,0
2021-06-19,275044,0,16480826,0
2021-06-20,220730,0,16701556,0
2021-06-21,288032,0,16989588,0
2021-06-22,296178,0,17285766,0
2021-06-23,302660,0,17588426,0
2021-06-24,332548,0,17920974,0
2021-06-25,348686,0,18269660,0
2021-06-26,300083,0,18569743,0
2021-06-27,228609,0,18798352,0
2021-06-28,307032,0,19105384,0
2021-06-29,329235,0,19434619,0
2021-06-30,342102,0,19776721,0
2021-07-01,363150,0,20139871,0
2021-07-02,368426,0,20508297,0
2021-07-03,371064,0,20879361,0
2021-07-04,283190,0,21162551,0
2021-07-05,384496,0,21547047,0
2021-07-06,385425,0,21932472,0
2021-07-07,412064,0,22344536,0
2021-07-08,479626,0,22824162,0
2021-07-09,498486,0,23322648,0
2021-07-10,475180,0,23797828,0
2021-07-11,357707,0,24155535,0
2021-07-12,485913,0,24641448,0
2021-07-13,492146,0,25133594,0
2021-07-14,480476,0,25614070,0
2021-07-15,523490,0,26137560,0
2021-07-16,509790,0,26647350,0
2021-07-17,464371,0,27111721,0
2021-07-18,364701,0,27476422,0
2021-07-19,463075,0,27939497,0
2021-07-20,458091,0,28397588,0
2021-07-21,462818,0,28860406,0
2021-07-22,475394,0,29335800,0
2021-07-23,441314,0,29777114,0
2021-07-24,386190,0,30163304,0
2021-07-25,287597,0,30450901,0
2021-07-26,430894,0,30881795,0
2021-07-27,440126,0,31321921,0
2021-07-28,391018,0,31712939,0
2021-07-29,372077,0,32085016,0
2021-07-30,341513,0,32426529,0
2021-07-31,287016,0,32713545,0
2021-08-01,191023,0,32904568,0
2021-08-02,333729,0,33238297,0
2021-08-03,323184,0,33561481,0
2021-08-04,310971,0,33872452,0
2021-08-05,292509,0,34164961,0
2021-08-06,260005,0,34424966,0
2021-08-07,199050,0,34624016,0
2021-08-08,153108,0,34777124,0
2021-08-09,234076,0,35011200,0
2021-08-10,205247,0,35216447,0
2021-08-11,193756,0,35410203,0
2021-08-12,167972,0,35578175,0
2021-08-13,148598,0,35726773,0
2021-08-14,66086,0,35792859,0
2021-08-15,26333,0,35819192,0
2021-08-16,114675,0,35933867,0
2021-08-17,129237,0,36063104,0
2021-08-18,128731,0,36191835,0
2021-08-19,124785,0,36316620,0
2021-08-20,123787,0,36440407,0
2021-08-21,83113,0,36523520,0
2021-08-22,68163,0,36591683,0
2021-08-23,176867,0,36768550,0
2021-08-24,156906,0,36925456,0
2021-08-25,177169,0,37102625,0
2021-08-26,172353,0,37274978,0
2021-08-27,185841,0,37460819,0
2021-08-28,140271,0,37601090,0
2021-08-29,99004,0,37700094,0
2021-08-30,209635,0,37909729,0
2021-08-31,194631,0,38104360,0
2021-09-01,192213,0,38296573,0
2021-09-02,189942,0,38486515,0
2021-09-03,191338,0,38677853,0
2021-09-04,131488,0,38809341,0
2021-09-05,87870,0,38897211,0
2021-09-06,193658,0,39090869,0
2021-09-07,196065,0,39286934,0
2021-09-08,187908,0,39474842,0
2021-09-09,201476,0,39676318,0
2021-09-10,198113,0,39874431,0
2021-09-11,141329,0,40015760,0
2021-09-12,89602,0,40105362,0
2021-09-13,191164,549,40296526,549
2021-09-14,177268,569,40473794,1118
2021-09-15,163131,567,40636925,1685
2021-09-16,160103,914,40797028,2599
2021-09-17,150171,1110,40947199,3709
2021-09-18,127980,731,41075179,4440
2021-09-19,81129,490,41156308,4930
2021-09-20,180075,9069,41336383,13999
2021-09-21,166630,8826,41503013,22825
2021-09-22,159077,9429,41662090,32254
2021-09-23,138080,9318,41800170,41572
2021-09-24,140543,8947,41940713,50519
2021-09-25,119544,5632,42060257,56151
2021-09-26,71951,4338,42132208,60489
2021-09-27,135633,10038,42267841,70527
2021-09-28,117487,11377,42385328,81904
2021-09-29,112328,11823,42497656,93727
2021-09-30,110222,14944,42607878,108671
2021-10-01,94970,19103,42702848,127774
2021-10-02,78474,14011,42781322,141785
2021-10-03,47731,7656,42829053,149441
2021-10-04,88373,34442,42917426,183883
2021-10-05,80361,33968,42997787,217851
2021-10-06,71979,34156,43069766,252007
2021-10-07,71851,34340,43141617,286347
2021-10-08,80622,33588,43222239,319935
2021-10-09,76099,22166,43298338,342101
2021-10-10,45772,13614,43344110,355715
2021-10-11,87408,41100,43431518,396815
2021-10-12,84491,46893,43516009,443708
2021-10-13,88184,52108,43604193,495816
2021-10-14,91521,58502,43695714,554318
2021-10-15,93582,55620,43789296,609938
2021-10-16,82958,36778,43872254,646716
2021-10-17,51460,23823,43923714,670539
2021-10-18,90287,59479,44014001,730018
2021-10-19,78341,69369,44092342,799387
2021-10-20,75072,78160,44167414,877547
2021-10-21,78299,81746,44245713,959293
2021-10-22,73793,77015,44319506,1036308
2021-10-23,60811,51950,44380317,1088258
2021-10-24,33377,23451,44413694,1111709
2021-10-25,64903,81622,44478597,1193331
2021-10-26,58373,91774,44536970,1285105
2021-10-27,58327,103962,44595297,1389067
2021-10-28,61467,114096,44656764,1503163
2021-10-29,61661,103107,44718425,1606270
2021-10-30,50672,68110,44769097,1674380
2021-10-31,25165,28286,44794262,1702666
2021-11-01,19047,28147,44813309,1730813
2021-11-02,62768,89370,44876077,1820183
2021-11-03,60735,118656,44936812,1938839
2021-11-04,59245,126656,44996057,2065495
2021-11-05,63094,135166,45059151,2200661
2021-11-06,46471,90922,45105622,2291583
2021-11-07,22253,37892,45127875,2329475
2021-11-08,51526,131259,45179401,2460734
2021-11-09,45402,144195,45224803,2604929
2021-11-10,42578,156343,45267381,2761272
2021-11-11,44935,155136,45312316,2916408
2021-11-12,46372,158570,45358688,3074978
2021-11-13,33251,116644,45391939,3191622
2021-11-14,14478,52446,45406417,3244068
2021-11-15,36893,157421,45443310,3401489
2021-11-16,30544,171373,45473854,3572862
2021-11-17,28446,178435,45502300,3751297
2021-11-18,30282,193710,45532582,3945007
2021-11-19,28799,205847,45561381,4150854
2021-11-20,20990,156434,45582371,4307288
2021-11-21,10610,64855,45592981,4372143
2021-11-22,21929,213139,45614910,4585282
2021-11-23,23562,241741,45638472,4827023
2021-11-24,27830,270941,45666302,5097964
2021-11-25,23229,301896,45689531,5399860
2021-11-26,24574,318262,45714105,5718122
2021-11-27,21375,266149,45735480,5984271
2021-11-28,9895,137054,45745375,6121325
2021-11-29,22316,326061,45767691,6447386
2021-11-30,23077,365819,45790768,6813205
2021-12-01,21511,413499,45812279,7226704
2021-12-02,23749,440378,45836028,7667082
2021-12-03,25226,467451,45861254,8134533
2021-12-04,22348,418727,45883602,8553260
2021-12-05,11905,261330,45895507,8814590
2021-12-06,25801,457563,45921308,9272153
2021-12-07,24110,480247,45945418,9752400
2021-12-08,9994,249677,45955412,10002077
2021-12-09,31562,491916,45986974,10493993
2021-12-10,28046,517865,46015020,11011858
2021-12-11,23540,459240,46038560,11471098
2021-12-12,12294,293496,46050854,11764594
2021-12-13,26128,467618,46076982,12232212
2021-12-14,25152,494187,46102134,12726399
2021-12-15,25305,517128,46127439,13243527
2021-12-16,27864,520239,46155303,13763766
2021-12-17,29344,517160,46184647,14280926
2021-12-18,27024,468711,46211671,14749637
2021-12-19,15127,300514,46226798,15050151
2021-12-20,30609,477467,46257407,15527618
2021-12-21,30349,493378,46287756,16020996
2021-12-22,29429,484697,46317185,16505693
2021-12-23,28222,426891,46345407,16932584
2021-12-24,13106,210820,46358513,17143404
2021-12-25,2101,33052,46360614,17176456
2021-12-26,8751,159065,46369365,17335521
2021-12-27,46753,504651,46416118,17840172
2021-12-28,42419,554203,46458537,18394375
2021-12-29,34312,550625,46492849,18945000
2021-12-30,31795,499819,46524644,19444819
2021-12-31,14100,247394,46538744,19692213
2022-01-01,3492,64813,46542236,19757026
2022-01-02,22736,276717,46564972,20033743
2022-01-03,47788,520007,46612760,20553750
2022-01-04,46292,572070,46659052,21125820
2022-01-05,40680,560379,46699732,21686199
2022-01-06,23443,274481,46723175,21960680
2022-01-07,63621,554178,46786796,22514858
2022-01-08,60770,503377,46847566,23018235
2022-01-09,42769,319684,46890335,23337919
2022-01-10,61000,542274,46951335,23880193
2022-01-11,61632,586981,47012967,24467174
2022-01-12,58367,581271,47071334,25048445
2022-01-13,58523,580373,47129857,25628818
2022-01-14,46701,588559,47176558,26217377
2022-01-15,39268,569935,47215826,26787312
2022-01-16,31121,341849,47246947,27129161
2022-01-17,54711,489645,47301658,27618806
2022-01-18,58321,517009,47359979,28135815
2022-01-19,57130,502782,47417109,28638597
2022-01-20,54273,498810,47471382,29137407
2022-01-21,41997,493867,47513379,29631274
2022-01-22,31089,469591,47544468,30100865
2022-01-23,34879,275364,47579347,30376229
2022-01-24,56123,437209,47635470,30813438
2022-01-25,61502,452086,47696972,31265524
2022-01-26,58492,435815,47755464,31701339
2022-01-27,48783,432353,47804247,32133692
2022-01-28,58625,436525,47862872,32570217
2022-01-29,68052,412478,47930924,32982695
2022-01-30,50335,235966,47981259,33218661
2022-01-31,60573,356920,48041832,33575581
2022-02-01,65491,328431,48107323,33904012
2022-02-02,63138,296961,48170461,34200973
2022-02-03,60011,274512,48230472,34475485
2022-02-04,72324,268446,48302796,34743931
2022-02-05,83709,248524,48386505,34992455
2022-02-06,55257,116194,48441762,35108649
2022-02-07,65102,199928,48506864,35308577
2022-02-08,66897,186102,48573761,35494679
2022-02-09,58730,166330,48632491,35661009
2022-02-10,58525,163231,48691016,35824240
2022-02-11,62216,162451,48753232,35986691
2022-02-12,71945,152136,48825177,36138827
2022-02-13,41462,68849,48866639,36207676
2022-02-14,46655,116182,48913294,36323858
2022-02-15,48501,123477,48961795,36447335
2022-02-16,45659,106110,49007454,36553445
2022-02-17,42847,98099,49050301,36651544
2022-02-18,46593,112565,49096894,36764109
2022-02-19,52514,100326,49149408,36864435
2022-02-20,31409,40360,49180817,36904795
2022-02-21,37883,89642,49218700,36994437
2022-02-22,37209,83769,49255909,37078206
2022-02-23,33373,79404,49289282,37157610
2022-02-24,32545,78160,49321827,37235770
2022-02-25,34745,90703,49356572,37326473
2022-02-26,39142,89132,49395714,37415605
2022-02-27,22539,35855,49418253,37451460
2022-02-28,28464,81691,49446717,37533151
2022-03-01,22699,53935,49469416,37587086
2022-03-02,21987,50627,49491403,37637713
2022-03-03,22599,54941,49514002,37692654
2022-03-04,23208,62790,49537210,37755444
2022-03-05,23782,57951,49560992,37813395
2022-03-06,9470,17200,49570462,37830595
2022-03-07,15897,51389,49586359,37881984
2022-03-08,15450,48795,49601809,37930779
2022-03-09,13801,46514,49615610,37977293
2022-03-10,14030,52115,49629640,38029408
2022-03-11,15566,57251,49645206,38086659
2022-03-12,15490,56614,49660696,38143273
2022-03-13,5542,16848,49666238,38160121
2022-03-14,10517,46691,49676755,38206812
2022-03-15,10534,46892,49687289,38253704
2022-03-16,9470,41978,49696759,38295682
2022-03-17,9698,44875,49706457,38340557
2022-03-18,10150,49052,49716607,38389609
2022-03-19,9143,46531,49725750,38436140
2022-03-20,2606,11699,49728356,38447839
2022-03-21,7573,40222,49735929,38488061
2022-03-22,8439,37748,49744368,38525809
2022-03-23,7205,33695,49751573,38559504
2022-03-24,8246,38795,49759819,38598299
2022-03-25,8127,43665,49767946,38641964
2022-03-26,8121,41720,49776067,38683684
2022-03-27,2428,9682,49778495,38693366
2022-03-28,6098,35230,49784593,38728596
2022-03-29,5773,32523,49790366,38761119
2022-03-30,5556,30192,49795922,38791311
2022-03-31,5884,33171,49801806,38824482
2022-04-01,4340,25186,49806146,38849668
2022-04-02,4487,23272,49810633,38872940
2022-04-03,1048,4499,49811681,38877439
2022-04-04,3652,21531,49815333,38898970
2022-04-05,3746,22923,49819079,38921893
2022-04-06,4097,21844,49823176,38943737
2022-04-07,3956,23317,49827132,38967054
2022-04-08,4682,26709,49831814,38993763
2022-04-09,4374,23884,49836188,39017647
2022-04-10,892,4614,49837080,39022261
2022-04-11,3801,22683,49840881,39044944
2022-04-12,3356,21776,49844237,39066720
2022-04-13,3559,21333,49847796,39088053
2022-04-14,3484,23775,49851280,39111828
2022-04-15,3076,20615,49854356,39132443
2022-04-16,2149,11921,49856505,39144364
2022-04-17,63,348,49856568,39144712
2022-04-18,149,650,49856717,39145362
2022-04-19,3488,21978,49860205,39167340
2022-04-20,3497,20249,49863702,39187589
2022-04-21,2839,19781,49866541,39207370
2022-04-22,2916,20692,49869457,39228062
2022-04-23,2637,16207,49872094,39244269
2022-04-24,509,2335,49872603,39246604
2022-04-25,183,1165,49872786,39247769
2022-04-26,2759,17791,49875545,39265560
2022-04-27,2364,15783,49877909,39281343
2022-04-28,2349,15534,49880258,39296877
2022-04-29,2292,14835,49882550,39311712
2022-04-30,2120,11576,49884670,39323288
2022-05-01,113,530,49884783,39323818
2022-05-02,1443,9382,49886226,39333200
2022-05-03,1572,10309,49887798,39343509
2022-05-04,1743,10255,49889541,39353764
2022-05-05,1647,10272,49891188,39364036
2022-05-06,1693,10944,49892881,39374980
2022-05-07,1431,8563,49894312,39383543
2022-05-08,404,1514,49894716,39385057
2022-05-09,1023,8917,49895739,39393974
2022-05-10,1418,9536,49897157,39403510
2022-05-11,1478,10087,49898635,39413597
2022-05-12,1366,10119,49900001,39423716
2022-05-13,1587,10509,49901588,39434225
2022-05-14,1356,8226,49902944,39442451
2022-05-15,336,1129,49903280,39443580
2022-05-16,812,8387,49904092,39451967
2022-05-17,1241,8669,49905333,39460636
2022-05-18,1368,9214,49906701,39469850
2022-05-19,1498,9267,49908199,39479117
2022-05-20,1419,9492,49909618,39488609
2022-05-21,1299,7892,49910917,39496501
2022-05-22,231,1012,49911148,39497513
2022-05-23,826,8260,49911974,39505773
2022-05-24,1070,8665,49913044,39514438
2022-05-25,1365,9444,49914409,39523882
2022-05-26,1192,9453,49915601,39533335
2022-05-27,1223,9910,49916824,39543245
2022-05-28,1202,7873,49918026,39551118
2022-05-29,285,1264,49918311,39552382
2022-05-30,930,8026,49919241,39560408
2022-05-31,1033,8530,49920274,39568938
2022-06-01,891,7644,49921165,39576582
2022-06-02,35,474,49921200,39577056
2022-06-03,813,7327,49922013,39584383
2022-06-04,870,5155,49922883,39589538
2022-06-05,89,586,49922972,39590124
2022-06-06,672,6964,49923644,39597088
2022-06-07,930,7841,49924574,39604929
2022-06-08,981,7897,49925555,39612826
2022-06-09,1034,8399,49926589,39621225
2022-06-10,955,8540,49927544,39629765
2022-06-11,900,6207,49928444,39635972
2022-06-12,140,767,49928584,39636739
2022-06-13,603,6295,49929187,39643034
2022-06-14,825,7880,49930012,39650914
2022-06-15,950,7845,49930962,39658759
2022-06-16,729,7383,49931691,39666142
2022-06-17,719,7238,49932410,39673380
2022-06-18,776,5589,49933186,39678969
2022-06-19,47,522,49933233,39679491
2022-06-20,587,6694,49933820,39686185
2022-06-21,732,7640,49934552,39693825
2022-06-22,780,7303,49935332,39701128
2022-06-23,649,7455,49935981,39708583
2022-06-24,643,7472,49936624,39716055
2022-06-25,835,6531,49937459,39722586
2022-06-26,128,523,49937587,39723109
2022-06-27,532,7118,49938119,39730227
2022-06-28,744,8208,49938863,39738435
2022-06-29,755,7718,49939618,39746153
2022-06-30,744,8131,49940362,39754284
2022-07-01,577,6436,49940939,39760720
2022-07-02,536,4765,49941475,39765485
2022-07-03,49,456,49941524,39765941
2022-07-04,470,6269,49941994,39772210
2022-07-05,623,8107,49942617,39780317
2022-07-06,625,7594,49943242,39787911
2022-07-07,561,8251,49943803,39796162
2022-07-08,670,8076,49944473,39804238
2022-07-09,549,6103,49945022,39810341
2022-07-10,58,533,49945080,39810874
2022-07-11,481,7629,49945561,39818503
2022-07-12,656,8981,49946217,39827484
2022-07-13,636,10066,49946853,39837550
2022-07-14,626,10219,49947479,39847769
2022-07-15,618,10650,49948097,39858419
2022-07-16,514,7207,49948611,39865626
2022-07-17,48,769,49948659,39866395
2022-07-18,498,9345,49949157,39875740
2022-07-19,572,10644,49949729,39886384
2022-07-20,571,11247,49950300,39897631
2022-07-21,623,12026,49950923,39909657
2022-07-22,573,11209,49951496,39920866
2022-07-23,377,6732,49951873,39927598
2022-07-24,75,834,49951948,39928432
2022-07-25,497,9022,49952445,39937454
2022-07-26,517,9716,49952962,39947170
2022-07-27,540,10145,49953502,39957315
2022-07-28,523,10459,49954025,39967774
2022-07-29,511,9404,49954536,39977178
2022-07-30,380,5849,49954916,39983027
2022-07-31,49,746,49954965,39983773
2022-08-01,384,6815,49955349,39990588
2022-08-02,534,7503,49955883,39998091
2022-08-03,494,7099,49956377,40005190
2022-08-04,448,7397,49956825,40012587
2022-08-05,411,6453,49957236,40019040
2022-08-06,297,3576,49957533,40022616
2022-08-07,44,549,49957577,40023165
2022-08-08,390,4849,49957967,40028014
2022-08-09,380,5242,49958347,40033256
2022-08-10,368,4757,49958715,40038013
2022-08-11,360,4735,49959075,40042748
2022-08-12,286,3676,49959361,40046424
2022-08-13,139,1595,49959500,40048019
2022-08-14,9,128,49959509,40048147
2022-08-15,1,24,49959510,40048171
2022-08-16,280,3001,49959790,40051172
2022-08-17,343,3474,49960133,40054646
2022-08-18,379,4104,49960512,40058750
2022-08-19,329,3283,49960841,40062033
2022-08-20,180,1688,49961021,40063721
2022-08-21,24,144,49961045,40063865
2022-08-22,324,2908,49961369,40066773
2022-08-23,360,3568,49961729,40070341
2022-08-24,257,1857,49961986,40072198