data_somministrazione,vaccinazioni,booster,cum_vaccinazioni,cum_booster
2020-12-27,20,0,20,0
2020-12-28,2,0,22,0
2020-12-29,1,0,23,0
2020-12-30,9,0,32,0
2020-12-31,79,0,111,0
2021-01-01,26,0,137,0
2021-01-02,145,0,282,0
2021-01-03,110,0,392,0
2021-01-04,242,0,634,0
2021-01-05,283,0,917,0
2021-01-06,254,0,1171,0
2021-01-07,326,0,1497,0
2021-01-08,382,0,1879,0
2021-01-09,284,0,2163,0
2021-01-10,166,0,2329,0
2021-01-11,311,0,2640,0
2021-01-12,285,0,2925,0
2021-01-13,419,0,3344,0
2021-01-14,505,0,3849,0
2021-01-15,321,0,4170,0
2021-01-16,224,0,4394,0
2021-01-17,3065,0,7459,0
2021-01-18,5220,0,12679,0
2021-01-19,1896,0,14575,0
2021-01-20,4659,0,19234,0
2021-01-21,20004,0,39238,0
2021-01-22,14220,0,53458,0
2021-01-23,33321,0,86779,0
2021-01-24,30773,0,117552,0
2021-01-25,64702,0,182254,0
2021-01-26,76462,0,258716,0
2021-01-27,64808,0,323524,0
2021-01-28,89252,0,412776,0
2021-01-29,93992,0,506768,0
2021-01-30,86544,0,593312,0
2021-01-31,57326,0,650638,0
2021-02-01,81833,0,732471,0
2021-02-02,82133,0,814604,0
2021-02-03,91106,0,905710,0
2021-02-04,95382,0,1001092,0
2021-02-05,90267,0,1091359,0
2021-02-06,63450,0,1154809,0
2021-02-07,32934,0,1187743,0
2021-02-08,40421,0,1228164,0
2021-02-09,32881,0,1261045,0
2021-02-10,28437,0,1289482,0
2021-02-11,20406,0,1309888,0
2021-02-12,16251,0,1326139,0
2021-02-13,7279,0,1333418,0
2021-02-14,2862,0,1336280,0
2021-02-15,6847,0,1343127,0
2021-02-16,7004,0,1350131,0
2021-02-17,10527,0,1360658,0
2021-02-18,9257,0,1369915,0
2021-02-19,8259,0,1378174,0
2021-02-20,5581,0,1383755,0
2021-02-21,3015,0,1386770,0
2021-02-22,6883,0,1393653,0
2021-02-23,7188,0,1400841,0
2021-02-24,9815,0,1410656,0
2021-02-25,14213,0,1424869,0
2021-02-26,17561,0,1442430,0
2021-02-27,13920,0,1456350,0
2021-02-28,9398,0,1465748,0
2021-03-01,26528,0,1492276,0
2021-03-02,33247,0,1525523,0
2021-03-03,44651,0,1570174,0
2021-03-04,50301,0,1620475,0
2021-03-05,55745,0,1676220,0
2021-03-06,41885,0,1718105,0
2021-03-07,22332,0,1740437,0
2021-03-08,50843,0,1791280,0
2021-03-09,53097,0,1844377,0
2021-03-10,58696,0,1903073,0
2021-03-11,63892,0,1966965,0
2021-03-12,65138,0,2032103,0
2021-03-13,51731,0,2083834,0
2021-03-14,35423,0,2119257,0
2021-03-15,73463,0,2192720,0
2021-03-16,74031,0,2266751,0
2021-03-17,83143,0,2349894,0
2021-03-18,81632,0,2431526,0
2021-03-19,81090,0,2512616,0
2021-03-20,64740,0,2577356,0
2021-03-21,47309,0,2624665,0
2021-03-22,69505,0,2694170,0
2021-03-23,75820,0,2769990,0
2021-03-24,90932,0,2860922,0
2021-03-25,89828,0,2950750,0
2021-03-26,83641,0,3034391,0
2021-03-27,71961,0,3106352,0
2021-03-28,44187,0,3150539,0
2021-03-29,70849,0,3221388,0
2021-03-30,81416,0,3302804,0
2021-03-31,96264,0,3399068,0
2021-04-01,95338,0,3494406,0
2021-04-02,84091,0,3578497,0
2021-04-03,64312,0,3642809,0
2021-04-04,21726,0,3664535,0
2021-04-05,40321,0,3704856,0
2021-04-06,81342,0,3786198,0
2021-04-07,95844,0,3882042,0
2021-04-08,95262,0,3977304,0
2021-04-09,88508,0,4065812,0
2021-04-10,74036,0,4139848,0
2021-04-11,44774,0,4184622,0
2021-04-12,66928,0,4251550,0
2021-04-13,72600,0,4324150,0
2021-04-14,85560,0,4409710,0
2021-04-15,105429,0,4515139,0
2021-04-16,106434,0,4621573,0
2021-04-17,90529,0,4712102,0
2021-04-18,58598,0,4770700,0
2021-04-19,93444,0,4864144,0
2021-04-20,103780,0,4967924,0
2021-04-21,125345,0,5093269,0
2021-04-22,143536,0,5236805,0
2021-04-23,138759,0,5375564,0
2021-04-24,124453,0,5500017,0
2021-04-25,61471,0,5561488,0
2021-04-26,97916,0,5659404,0
2021-04-27,128378,0,5787782,0
2021-04-28,156402,0,5944184,0
2021-04-29,195622,0,6139806,0
2021-04-30,214617,0,6354423,0
2021-05-01,174150,0,6528573,0
2021-05-02,135814,0,6664387,0
2021-05-03,142074,0,6806461,0
2021-05-04,158716,0,6965177,0
2021-05-05,170553,0,7135730,0
2021-05-06,197834,0,7333564,0
2021-05-07,213879,0,7547443,0
2021-05-08,213447,0,7760890,0
2021-05-09,143221,0,7904111,0
2021-05-10,165108,0,8069219,0
2021-05-11,175014,0,8244233,0
2021-05-12,179232,0,8423465,0
2021-05-13,203426,0,8626891,0
2021-05-14,222951,0,8849842,0
2021-05-15,210399,0,9060241,0
2021-05-16,159290,0,9219531,0
2021-05-17,219224,0,9438755,0
2021-05-18,213036,0,9651791,0
2021-05-19,207107,0,9858898,0
2021-05-20,270899,0,10129797,0
2021-05-21,270917,0,10400714,0
2021-05-22,245549,0,10646263,0
2021-05-23,197194,0,10843457,0
2021-05-24,228314,0,11071771,0
2021-05-25,245704,0,11317475,0
2021-05-26,277574,0,11595049,0
2021-05-27,311107,0,11906156,0
2021-05-28,299594,0,12205750,0
2021-05-29,231257,0,12437007,0
2021-05-30,170857,0,12607864,0
2021-05-31,216442,0,12824306,0
2021-06-01,207641,0,13031947,0
2021-06-02,115808,0,13147755,0
2021-06-03,180180,0,13327935,0
2021-06-04,184929,0,13512864,0
2021-06-05,186008,0,13698872,0
2021-06-06,139597,0,13838469,0
2021-06-07,161913,0,14000382,0
2021-06-08,171297,0,14171679,0
2021-06-09,171533,0,14343212,0
2021-06-10,174171,0,14517383,0
2021-06-11,170046,0,14687429,0
2021-06-12,128408,0,14815837,0
2021-06-13,91237,0,14907074,0
2021-06-14,214712,0,15121786,0
2021-06-15,228470,0,15350256,0
2021-06-16,253121,0,15603377,0
2021-06-17,301792,0,15905169,0
2021-06-18,306337,0,16211506,0
2021-06-19,275122,0,16486628,0
2021-06-20,220828,0,16707456,0
2021-06-21,288111,0,16995567,0
2021-06-22,296259,0,17291826,0
2021-06-23,302712,0,17594538,0
2021-06-24,332627,0,17927165,0
2021-06-25,348745,0,18275910,0
2021-06-26,300151,0,18576061,0
2021-06-27,228705,0,18804766,0
2021-06-28,307161,0,19111927,0
2021-06-29,329344,0,19441271,0
2021-06-30,342234,0,19783505,0
2021-07-01,363252,0,20146757,0
2021-07-02,368513,0,20515270,0
2021-07-03,371107,0,20886377,0
2021-07-04,283243,0,21169620,0
2021-07-05,384568,0,21554188,0
2021-07-06,385495,0,21939683,0
2021-07-07,412141,0,22351824,0
2021-07-08,479594,0,22831418,0
2021-07-09,498467,0,23329885,0
2021-07-10,475175,0,23805060,0
2021-07-11,357694,0,24162754,0
2021-07-12,485875,0,24648629,0
2021-07-13,492073,0,25140702,0
2021-07-14,480432,0,25621134,0
2021-07-15,523414,0,26144548,0
2021-07-16,509749,0,26654297,0
2021-07-17,464325,0,27118622,0
2021-07-18,364631,0,27483253,0
2021-07-19,463032,0,27946285,0
2021-07-20,458043,0,28404328,0
2021-07-21,462788,0,28867116,0
2021-07-22,475373,0,29342489,0
2021-07-23,441330,0,29783819,0
2021-07-24,386151,0,30169970,0
2021-07-25,287547,0,30457517,0
2021-07-26,430887,0,30888404,0
2021-07-27,440110,0,31328514,0
2021-07-28,391016,0,31719530,0
2021-07-29,372076,0,32091606,0
2021-07-30,341522,0,32433128,0
2021-07-31,287051,0,32720179,0
2021-08-01,190996,0,32911175,0
2021-08-02,333705,0,33244880,0
2021-08-03,323192,0,33568072,0
2021-08-04,310996,0,33879068,0
2021-08-05,292480,0,34171548,0
2021-08-06,260042,0,34431590,0
2021-08-07,199066,0,34630656,0
2021-08-08,153107,0,34783763,0
2021-08-09,234085,0,35017848,0
2021-08-10,205292,0,35223140,0
2021-08-11,193795,0,35416935,0
2021-08-12,168070,0,35585005,0
2021-08-13,148675,0,35733680,0
2021-08-14,66105,0,35799785,0
2021-08-15,26344,0,35826129,0
2021-08-16,114717,0,35940846,0
2021-08-17,129255,0,36070101,0
2021-08-18,128766,0,36198867,0
2021-08-19,124860,0,36323727,0
2021-08-20,123799,0,36447526,0
2021-08-21,83135,0,36530661,0
2021-08-22,68180,0,36598841,0
2021-08-23,176875,0,36775716,0
2021-08-24,156892,0,36932608,0
2021-08-25,177168,0,37109776,0
2021-08-26,172352,0,37282128,0
2021-08-27,185832,0,37467960,0
2021-08-28,140292,0,37608252,0
2021-08-29,98995,0,37707247,0
2021-08-30,209586,0,37916833,0
2021-08-31,194639,0,38111472,0
2021-09-01,192217,0,38303689,0
2021-09-02,189924,0,38493613,0
2021-09-03,191282,0,38684895,0
2021-09-04,131443,0,38816338,0
2021-09-05,87841,0,38904179,0
2021-09-06,193601,0,39097780,0
2021-09-07,196036,0,39293816,0
2021-09-08,187859,0,39481675,0
2021-09-09,201417,0,39683092,0
2021-09-10,198054,0,39881146,0
2021-09-11,141287,0,40022433,0
2021-09-12,89592,0,40112025,0
2021-09-13,191105,652,40303130,652
2021-09-14,177209,655,40480339,1307
2021-09-15,163078,654,40643417,1961
2021-09-16,160041,1007,40803458,2968
2021-09-17,150151,1172,40953609,4140
2021-09-18,127979,783,41081588,4923
2021-09-19,81143,510,41162731,5433
2021-09-20,180063,9133,41342794,14566
2021-09-21,166672,8863,41509466,23429
2021-09-22,159114,9465,41668580,32894
2021-09-23,138108,9357,41806688,42251
2021-09-24,140549,9019,41947237,51270
2021-09-25,119561,5674,42066798,56944
2021-09-26,71992,4367,42138790,61311
2021-09-27,135672,10084,42274462,71395
2021-09-28,117520,11430,42391982,82825
2021-09-29,112380,11851,42504362,94676
2021-09-30,110292,14982,42614654,109658
2021-10-01,95002,19144,42709656,128802
2021-10-02,78524,14045,42788180,142847
2021-10-03,47758,7671,42835938,150518
2021-10-04,88392,34487,42924330,185005
2021-10-05,80380,34022,43004710,219027
2021-10-06,72010,34214,43076720,253241
2021-10-07,71881,34379,43148601,287620
2021-10-08,80646,33623,43229247,321243
2021-10-09,76115,22200,43305362,343443
2021-10-10,45791,13632,43351153,357075
2021-10-11,87447,41134,43438600,398209
2021-10-12,84517,46936,43523117,445145
2021-10-13,88221,52168,43611338,497313
2021-10-14,91557,58561,43702895,555874
2021-10-15,93598,55682,43796493,611556
2021-10-16,82977,36828,43879470,648384
2021-10-17,51462,23862,43930932,672246
2021-10-18,90302,59522,44021234,731768
2021-10-19,78357,69417,44099591,801185
2021-10-20,75062,78212,44174653,879397
2021-10-21,78285,81821,44252938,961218
2021-10-22,73768,77085,44326706,1038303
2021-10-23,60839,51975,44387545,1090278
2021-10-24,33370,23480,44420915,1113758
2021-10-25,64896,81670,44485811,1195428
2021-10-26,58376,91838,44544187,1287266
2021-10-27,58318,104041,44602505,1391307
2021-10-28,61444,114162,44663949,1505469
2021-10-29,61629,103193,44725578,1608662
2021-10-30,50676,68154,44776254,1676816
2021-10-31,25161,28312,44801415,1705128
2021-11-01,19050,28159,44820465,1733287
2021-11-02,62737,89444,44883202,1822731
2021-11-03,60718,118703,44943920,1941434
2021-11-04,59238,126706,45003158,2068140
2021-11-05,63092,135230,45066250,2203370
2021-11-06,46494,90943,45112744,2294313
2021-11-07,22248,37907,45134992,2332220
2021-11-08,51525,131298,45186517,2463518
2021-11-09,45401,144237,45231918,2607755
2021-11-10,42593,156376,45274511,2764131
2021-11-11,44927,155176,45319438,2919307
2021-11-12,46295,158711,45365733,3078018
2021-11-13,33272,116682,45399005,3194700
2021-11-14,14491,52461,45413496,3247161
2021-11-15,36911,157445,45450407,3404606
2021-11-16,30569,171413,45480976,3576019
2021-11-17,28469,178469,45509445,3754488
2021-11-18,30295,193768,45539740,3948256
2021-11-19,28822,205888,45568562,4154144
2021-11-20,21012,156460,45589574,4310604
2021-11-21,10610,64872,45600184,4375476
2021-11-22,21959,213164,45622143,4588640
2021-11-23,23606,241803,45645749,4830443
2021-11-24,27766,271104,45673515,5101547
2021-11-25,23271,301952,45696786,5403499
2021-11-26,24600,318311,45721386,5721810
2021-11-27,21415,266173,45742801,5987983
2021-11-28,9908,137072,45752709,6125055
2021-11-29,22367,326082,45775076,6451137
2021-11-30,23123,365861,45798199,6816998
2021-12-01,21559,413548,45819758,7230546
2021-12-02,23794,440445,45843552,7670991
2021-12-03,25280,467543,45868832,8138534
2021-12-04,22389,418809,45891221,8557343
2021-12-05,11944,261369,45903165,8818712
2021-12-06,25846,457637,45929011,9276349
2021-12-07,24167,480309,45953178,9756658
2021-12-08,10032,249722,45963210,10006380
2021-12-09,31623,491967,45994833,10498347
2021-12-10,28104,517937,46022937,11016284
2021-12-11,23596,459285,46046533,11475569
2021-12-12,12327,293536,46058860,11769105
2021-12-13,26182,467658,46085042,12236763
2021-12-14,25206,494244,46110248,12731007
2021-12-15,25376,517192,46135624,13248199
2021-12-16,27934,520308,46163558,13768507
2021-12-17,29401,517229,46192959,14285736
2021-12-18,27119,468786,46220078,14754522
2021-12-19,15173,300544,46235251,15055066
2021-12-20,30678,477513,46265929,15532579
2021-12-21,30417,493451,46296346,16026030
2021-12-22,29492,484758,46325838,16510788
2021-12-23,28289,426969,46354127,16937757
2021-12-24,13126,210844,46367253,17148601
2021-12-25,2104,33053,46369357,17181654
2021-12-26,8780,159078,46378137,17340732
2021-12-27,46853,504696,46424990,17845428
2021-12-28,42513,554265,46467503,18399693
2021-12-29,34400,550683,46501903,18950376
2021-12-30,31899,499871,46533802,19450247
2021-12-31,14150,247409,46547952,19697656
2022-01-01,3501,64814,46551453,19762470
2022-01-02,22833,276727,46574286,20039197
2022-01-03,47955,520036,46622241,20559233
2022-01-04,46483,572106,46668724,21131339
2022-01-05,40856,560428,46709580,21691767
2022-01-06,23539,274492,46733119,21966259
2022-01-07,63803,554225,46796922,22520484
2022-01-08,60986,503424,46857908,23023908
2022-01-09,42969,319706,46900877,23343614
2022-01-10,61181,542328,46962058,23885942
2022-01-11,61856,587039,47023914,24472981
2022-01-12,58562,581312,47082476,25054293
2022-01-13,58720,580434,47141196,25634727
2022-01-14,46949,588621,47188145,26223348
2022-01-15,39577,569995,47227722,26793343
2022-01-16,31326,341895,47259048,27135238
2022-01-17,54858,489692,47313906,27624930
2022-01-18,58476,517056,47372382,28141986
2022-01-19,57271,502827,47429653,28644813
2022-01-20,54427,498865,47484080,29143678
2022-01-21,42188,493899,47526268,29637577
2022-01-22,31302,469622,47557570,30107199
2022-01-23,34985,275390,47592555,30382589
2022-01-24,56232,437251,47648787,30819840
2022-01-25,61602,452135,47710389,31271975
2022-01-26,58596,435851,47768985,31707826
2022-01-27,48895,432411,47817880,32140237
2022-01-28,58758,436566,47876638,32576803
2022-01-29,68193,412517,47944831,32989320
2022-01-30,50413,235988,47995244,33225308
2022-01-31,60715,356950,48055959,33582258
2022-02-01,65616,328469,48121575,33910727
2022-02-02,63252,297000,48184827,34207727
2022-02-03,60094,274536,48244921,34482263
2022-02-04,72415,268473,48317336,34750736
2022-02-05,83819,248557,48401155,34999293
2022-02-06,55310,116207,48456465,35115500
2022-02-07,65188,199946,48521653,35315446
2022-02-08,66960,186130,48588613,35501576
2022-02-09,58777,166353,48647390,35667929
2022-02-10,58603,163252,48705993,35831181
2022-02-11,62275,162477,48768268,35993658
2022-02-12,72014,152156,48840282,36145814
2022-02-13,41483,68857,48881765,36214671
2022-02-14,46712,116193,48928477,36330864
2022-02-15,48569,123482,48977046,36454346
2022-02-16,45692,106130,49022738,36560476
2022-02-17,42875,98120,49065613,36658596
2022-02-18,46638,112586,49112251,36771182
2022-02-19,52546,100340,49164797,36871522
2022-02-20,31416,40367,49196213,36911889
2022-02-21,37899,89659,49234112,37001548
2022-02-22,37226,83784,49271338,37085332
2022-02-23,33402,79409,49304740,37164741
2022-02-24,32561,78168,49337301,37242909
2022-02-25,34773,90715,49372074,37333624
2022-02-26,39164,89138,49411238,37422762
2022-02-27,22549,35857,49433787,37458619
2022-02-28,28489,81700,49462276,37540319
2022-03-01,22730,53943,49485006,37594262
2022-03-02,21935,50713,49506941,37644975
2022-03-03,22638,54947,49529579,37699922
2022-03-04,23244,62801,49552823,37762723
2022-03-05,23804,57952,49576627,37820675
2022-03-06,9474,17201,49586101,37837876
2022-03-07,15927,51391,49602028,37889267
2022-03-08,15481,48796,49617509,37938063
2022-03-09,13816,46517,49631325,37984580
2022-03-10,14058,52125,49645383,38036705
2022-03-11,15592,57274,49660975,38093979
2022-03-12,15513,56619,49676488,38150598
2022-03-13,5545,16852,49682033,38167450
2022-03-14,10529,46701,49692562,38214151
2022-03-15,10553,46895,49703115,38261046
2022-03-16,9482,41977,49712597,38303023
2022-03-17,9725,44875,49722322,38347898
2022-03-18,10162,49058,49732484,38396956
2022-03-19,9151,46539,49741635,38443495
2022-03-20,2608,11704,49744243,38455199
2022-03-21,7581,40229,49751824,38495428
2022-03-22,8448,37767,49760272,38533195
2022-03-23,7219,33701,49767491,38566896
2022-03-24,8260,38821,49775751,38605717
2022-03-25,8142,43671,49783893,38649388
2022-03-26,8128,41722,49792021,38691110
2022-03-27,2431,9683,49794452,38700793
2022-03-28,6112,35244,49800564,38736037
2022-03-29,5782,32532,49806346,38768569
2022-03-30,5567,30204,49811913,38798773
2022-03-31,5904,33187,49817817,38831960
2022-04-01,4351,25188,49822168,38857148
2022-04-02,4497,23275,49826665,38880423
2022-04-03,1049,4500,49827714,38884923
2022-04-04,3660,21545,49831374,38906468
2022-04-05,3758,22936,49835132,38929404
2022-04-06,4105,21852,49839237,38951256
2022-04-07,3970,23320,49843207,38974576
2022-04-08,4696,26714,49847903,39001290
2022-04-09,4381,23888,49852284,39025178
2022-04-10,893,4613,49853177,39029791
2022-04-11,3819,22689,49856996,39052480
2022-04-12,3365,21779,49860361,39074259
2022-04-13,3571,21337,49863932,39095596
2022-04-14,3488,23787,49867420,39119383
2022-04-15,3084,20621,49870504,39140004
2022-04-16,2151,11918,49872655,39151922
2022-04-17,63,348,49872718,39152270
2022-04-18,152,650,49872870,39152920
2022-04-19,3498,21984,49876368,39174904
2022-04-20,3512,20250,49879880,39195154
2022-04-21,2848,19791,49882728,39214945
2022-04-22,2928,20712,49885656,39235657
2022-04-23,2647,16222,49888303,39251879
2022-04-24,509,2334,49888812,39254213
2022-04-25,183,1165,49888995,39255378
2022-04-26,2759,17810,49891754,39273188
2022-04-27,2374,15795,49894128,39288983
2022-04-28,2362,15564,49896490,39304547
2022-04-29,2297,14850,49898787,39319397
2022-04-30,2123,11584,49900910,39330981
2022-05-01,113,531,49901023,39331512
2022-05-02,1451,9392,49902474,39340904
2022-05-03,1576,10323,49904050,39351227
2022-05-04,1745,10272,49905795,39361499
2022-05-05,1654,10296,49907449,39371795
2022-05-06,1702,10971,49909151,39382766
2022-05-07,1431,8570,49910582,39391336
2022-05-08,416,1526,49910998,39392862
2022-05-09,1029,8930,49912027,39401792
2022-05-10,1426,9549,49913453,39411341
2022-05-11,1484,10104,49914937,39421445
2022-05-12,1371,10137,49916308,39431582
2022-05-13,1596,10519,49917904,39442101
2022-05-14,1360,8240,49919264,39450341
2022-05-15,336,1136,49919600,39451477
2022-05-16,814,8405,49920414,39459882
2022-05-17,1244,8697,49921658,39468579
2022-05-18,1372,9236,49923030,39477815
2022-05-19,1500,9283,49924530,39487098
2022-05-20,1425,9532,49925955,39496630
2022-05-21,1302,7900,49927257,39504530
2022-05-22,231,1013,49927488,39505543
2022-05-23,830,8272,49928318,39513815
2022-05-24,1073,8672,49929391,39522487
2022-05-25,1372,9460,49930763,39531947
2022-05-26,1196,9480,49931959,39541427
2022-05-27,1232,9915,49933191,39551342
2022-05-28,1205,7887,49934396,39559229
2022-05-29,288,1265,49934684,39560494
2022-05-30,931,8057,49935615,39568551
2022-05-31,1038,8548,49936653,39577099
2022-06-01,895,7658,49937548,39584757
2022-06-02,35,474,49937583,39585231
2022-06-03,817,7334,49938400,39592565
2022-06-04,870,5162,49939270,39597727
2022-06-05,89,586,49939359,39598313
2022-06-06,679,7004,49940038,39605317
2022-06-07,952,7850,49940990,39613167
2022-06-08,981,7907,49941971,39621074
2022-06-09,1036,8417,49943007,39629491
2022-06-10,958,8563,49943965,39638054
2022-06-11,904,6206,49944869,39644260
2022-06-12,140,768,49945009,39645028
2022-06-13,602,6301,49945611,39651329
2022-06-14,832,7903,49946443,39659232
2022-06-15,960,7856,49947403,39667088
2022-06-16,733,7397,49948136,39674485
2022-06-17,724,7249,49948860,39681734
2022-06-18,778,5594,49949638,39687328
2022-06-19,49,521,49949687,39687849
2022-06-20,587,6699,49950274,39694548
2022-06-21,741,7664,49951015,39702212
2022-06-22,779,7312,49951794,39709524
2022-06-23,648,7472,49952442,39716996
2022-06-24,644,7474,49953086,39724470
2022-06-25,835,6533,49953921,39731003
2022-06-26,128,523,49954049,39731526
2022-06-27,534,7125,49954583,39738651
2022-06-28,747,8207,49955330,39746858
2022-06-29,756,7732,49956086,39754590
2022-06-30,747,8145,49956833,39762735
2022-07-01,577,6443,49957410,39769178
2022-07-02,536,4769,49957946,39773947
2022-07-03,49,456,49957995,39774403
2022-07-04,469,6277,49958464,39780680
2022-07-05,631,8120,49959095,39788800
2022-07-06,633,7611,49959728,39796411
2022-07-07,576,8272,49960304,39804683
2022-07-08,674,8085,49960978,39812768
2022-07-09,550,6105,49961528,39818873
2022-07-10,58,533,49961586,39819406
2022-07-11,491,7641,49962077,39827047
2022-07-12,668,9031,49962745,39836078
2022-07-13,644,10067,49963389,39846145
2022-07-14,637,10225,49964026,39856370
2022-07-15,627,10669,49964653,39867039
2022-07-16,523,7215,49965176,39874254
2022-07-17,48,770,49965224,39875024
2022-07-18,496,9374,49965720,39884398
2022-07-19,575,10683,49966295,39895081
2022-07-20,581,11276,49966876,39906357
2022-07-21,630,12091,49967506,39918448
2022-07-22,585,11260,49968091,39929708
2022-07-23,381,6775,49968472,39936483
2022-07-24,76,857,49968548,39937340
2022-07-25,503,9052,49969051,39946392
2022-07-26,522,9761,49969573,39956153
2022-07-27,553,10209,49970126,39966362
2022-07-28,532,10534,49970658,39976896
2022-07-29,511,9465,49971169,39986361
2022-07-30,383,5882,49971552,39992243
2022-07-31,49,764,49971601,39993007
2022-08-01,386,6865,49971987,39999872
2022-08-02,545,7590,49972532,40007462
2022-08-03,512,7179,49973044,40014641
2022-08-04,455,7490,49973499,40022131
2022-08-05,421,6527,49973920,40028658
2022-08-06,299,3613,49974219,40032271
2022-08-07,44,561,49974263,40032832
2022-08-08,403,4890,49974666,40037722
2022-08-09,381,5312,49975047,40043034
2022-08-10,385,4816,49975432,40047850
2022-08-11,369,4803,49975801,40052653
2022-08-12,293,3720,49976094,40056373
2022-08-13,143,1600,49976237,40057973
2022-08-14,9,129,49976246,40058102
2022-08-15,1,26,49976247,40058128
2022-08-16,283,3043,49976530,40061171
2022-08-17,352,3536,49976882,40064707
2022-08-18,392,4160,49977274,40068867
2022-08-19,341,3319,49977615,40072186
2022-08-20,183,1715,49977798,40073901
2022-08-21,24,149,49977822,40074050
2022-08-22,329,2952,49978151,40077002
2022-08-23,370,3674,49978521,40080676
2022-08-24,384,3360,49978905,40084036
2022-08-25,422,3774,49979327,40087810
2022-08-26,399,3575,49979726,40091385
2022-08-27,237,1769,49979963,40093154
2022-08-28,29,267,49979992,40093421
2022-08-29,354,3161,49980346,40096582
2022-08-30,404,3671,49980750,40100253
2022-08-31,438,3734,49981188,40103987
2022-09-01,353,3116,49981541,40107103
2022-09-02,296,2893,49981837,40109996
2022-09-03,200,1689,49982037,40111685
2022-09-04,24,149,49982061,40111834
2022-09-05,187,2656,49982248,40114490
2022-09-06,306,2982,49982554,40117472
2022-09-07,541,2937,49983095,40120409
2022-09-08,293,2963,49983388,40123372
2022-09-09,305,2886,49983693,40126258
2022-09-10,227,1327,49983920,40127585
2022-09-11,23,124,49983943,40127709
2022-09-12,267,2267,49984210,40129976
2022-09-13,252,2276,49984462,40132252
2022-09-14,266,2566,49984728,40134818
2022-09-15,282,2500,49985010,40137318
2022-09-16,255,2546,49985265,40139864
2022-09-17,239,1339,49985504,40141203
2022-09-18,20,170,49985524,40141373
2022-09-19,206,1971,49985730,40143344
2022-09-20,236,2391,49985966,40145735
2022-09-21,289,2526,49986255,40148261
2022-09-22,266,2662,49986521,40150923
2022-09-23,259,2545,49986780,40153468
2022-09-24,193,1427,49986973,40154895
2022-09-25,29,133,49987002,40155028
2022-09-26,280,2248,49987282,40157276
2022-09-27,287,2682,49987569,40159958
2022-09-28,310,2905,49987879,40162863
2022-09-29,257,3049,49988136,40165912
2022-09-30,292,2989,49988428,40168901
2022-10-01,195,1515,49988623,40170416
2022-10-02,12,187,49988635,40170603
2022-10-03,185,2474,49988820,40173077
2022-10-04,236,2862,49989056,40175939
2022-10-05,229,3251,49989285,40179190
2022-10-06,243,3874,49989528,40183064
2022-10-07,282,4187,49989810,40187251
2022-10-08,203,2270,49990013,40189521
2022-10-09,8,305,49990021,40189826
2022-10-10,210,3356,49990231,40193182
2022-10-11,193,4378,49990424,40197560
2022-10-12,209,4441,49990633,40202001
2022-10-13,203,5304,49990836,40207305
2022-10-14,232,5023,49991068,40212328
2022-10-15,190,2671,49991258,40214999
2022-10-16,6,360,49991264,40215359
2022-10-17,186,3871,49991450,40219230
2022-10-18,257,4965,49991707,40224195
2022-10-19,244,5477,49991951,40229672
2022-10-20,224,5993,49992175,40235665
2022-10-21,250,5476,49992425,40241141
2022-10-22,195,2911,49992620,40244052
2022-10-23,13,364,49992633,40244416
2022-10-24,171,3929,49992804,40248345
2022-10-25,253,4926,49993057,40253271
2022-10-26,347,5501,49993404,40258772
2022-10-27,241,5671,49993645,40264443
2022-10-28,199,5261,49993844,40269704
2022-10-29,128,2844,49993972,40272548
2022-10-30,3,328,49993975,40272876
2022-10-31,117,3037,49994092,40275913
2022-11-01,11,353,49994103,40276266
2022-11-02,143,3721,49994246,40279987
2022-11-03,173,4785,49994419,40284772
2022-11-04,225,4603,49994644,40289375
2022-11-05,144,2597,49994788,40291972
2022-11-06,10,261,49994798,40292233
2022-11-07,169,3224,49994967,40295457
2022-11-08,260,4242,49995227,40299699
2022-11-09,197,4327,49995424,40304026
2022-11-10,183,4586,49995607,40308612
2022-11-11,193,4219,49995800,40312831
2022-11-12,152,2367,49995952,40315198
2022-11-13,7,335,49995959,40315533
2022-11-14,149,2837,49996108,40318370
2022-11-15,202,3743,49996310,40322113
2022-11-16,215,3979,49996525,40326092
2022-11-17,191,4092,49996716,40330184
2022-11-18,247,4019,49996963,40334203
2022-11-19,112,2098,49997075,40336301
2022-11-20,24,317,49997099,40336618
2022-11-21,118,2613,49997217,40339231
2022-11-22,142,3207,49997359,40342438
2022-11-23,192,3615,49997551,40346053
2022-11-24,156,3816,49997707,40349869
2022-11-25,185,3769,49997892,40353638
2022-11-26,130,2091,49998022,40355729
2022-11-27,22,356,49998044,40356085
2022-11-28,181,2671,49998225,40358756
2022-11-29,183,3212,49998408,40361968
2022-11-30,179,3720,49998587,40365688
2022-12-01,223,3608,49998810,40369296
2022-12-02,156,3503,49998966,40372799
2022-12-03,104,1953,49999070,40374752
2022-12-04,5,290,49999075,40375042
2022-12-05,127,2835,49999202,40377877
2022-12-06,176,3632,49999378,40381509
2022-12-07,135,3106,49999513,40384615
2022-12-08,8,169,49999521,40384784
2022-12-09,156,3000,49999677,40387784
2022-12-10,78,1599,49999755,40389383
2022-12-11,7,192,49999762,40389575
2022-12-12,169,2498,49999931,40392073
2022-12-13,168,2979,50000099,40395052
2022-12-14,220,3143,50000319,40398195
2022-12-15,196,3078,50000515,40401273
2022-12-16,148,2931,50000663,40404204
2022-12-17,91,1564,50000754,40405768
2022-12-18,9,265,50000763,40406033