data_somministrazione,vaccinazioni,booster,cum_vaccinazioni,cum_booster
2020-12-27,22,0,22,0
2020-12-28,2,0,24,0
2020-12-29,1,0,25,0
2020-12-30,8,0,33,0
2020-12-31,84,0,117,0
2021-01-01,27,0,144,0
2021-01-02,154,0,298,0
2021-01-03,118,0,416,0
2021-01-04,251,0,667,0
2021-01-05,296,0,963,0
2021-01-06,268,0,1231,0
2021-01-07,337,0,1568,0
2021-01-08,392,0,1960,0
2021-01-09,299,0,2259,0
2021-01-10,179,0,2438,0
2021-01-11,316,0,2754,0
2021-01-12,295,0,3049,0
2021-01-13,429,0,3478,0
2021-01-14,510,0,3988,0
2021-01-15,330,0,4318,0
2021-01-16,226,0,4544,0
2021-01-17,3065,0,7609,0
2021-01-18,5223,0,12832,0
2021-01-19,1897,0,14729,0
2021-01-20,4660,0,19389,0
2021-01-21,20002,0,39391,0
2021-01-22,14219,0,53610,0
2021-01-23,33314,0,86924,0
2021-01-24,30771,0,117695,0
2021-01-25,64693,0,182388,0
2021-01-26,76451,0,258839,0
2021-01-27,64802,0,323641,0
2021-01-28,89237,0,412878,0
2021-01-29,93984,0,506862,0
2021-01-30,86533,0,593395,0
2021-01-31,57315,0,650710,0
2021-02-01,81827,0,732537,0
2021-02-02,82126,0,814663,0
2021-02-03,91096,0,905759,0
2021-02-04,95378,0,1001137,0
2021-02-05,90265,0,1091402,0
2021-02-06,63451,0,1154853,0
2021-02-07,32935,0,1187788,0
2021-02-08,40419,0,1228207,0
2021-02-09,32882,0,1261089,0
2021-02-10,28443,0,1289532,0
2021-02-11,20411,0,1309943,0
2021-02-12,16255,0,1326198,0
2021-02-13,7287,0,1333485,0
2021-02-14,2862,0,1336347,0
2021-02-15,6852,0,1343199,0
2021-02-16,7010,0,1350209,0
2021-02-17,10528,0,1360737,0
2021-02-18,9261,0,1369998,0
2021-02-19,8259,0,1378257,0
2021-02-20,5593,0,1383850,0
2021-02-21,3020,0,1386870,0
2021-02-22,6887,0,1393757,0
2021-02-23,7191,0,1400948,0
2021-02-24,9817,0,1410765,0
2021-02-25,14219,0,1424984,0
2021-02-26,17563,0,1442547,0
2021-02-27,13931,0,1456478,0
2021-02-28,9400,0,1465878,0
2021-03-01,26535,0,1492413,0
2021-03-02,33247,0,1525660,0
2021-03-03,44656,0,1570316,0
2021-03-04,50304,0,1620620,0
2021-03-05,55748,0,1676368,0
2021-03-06,41886,0,1718254,0
2021-03-07,22334,0,1740588,0
2021-03-08,50839,0,1791427,0
2021-03-09,53097,0,1844524,0
2021-03-10,58703,0,1903227,0
2021-03-11,63901,0,1967128,0
2021-03-12,65153,0,2032281,0
2021-03-13,51733,0,2084014,0
2021-03-14,35431,0,2119445,0
2021-03-15,73468,0,2192913,0
2021-03-16,74031,0,2266944,0
2021-03-17,83154,0,2350098,0
2021-03-18,81631,0,2431729,0
2021-03-19,81092,0,2512821,0
2021-03-20,64750,0,2577571,0
2021-03-21,47316,0,2624887,0
2021-03-22,69508,0,2694395,0
2021-03-23,75827,0,2770222,0
2021-03-24,90946,0,2861168,0
2021-03-25,89834,0,2951002,0
2021-03-26,83652,0,3034654,0
2021-03-27,71965,0,3106619,0
2021-03-28,44197,0,3150816,0
2021-03-29,70854,0,3221670,0
2021-03-30,81425,0,3303095,0
2021-03-31,96274,0,3399369,0
2021-04-01,95344,0,3494713,0
2021-04-02,84091,0,3578804,0
2021-04-03,64315,0,3643119,0
2021-04-04,21727,0,3664846,0
2021-04-05,40329,0,3705175,0
2021-04-06,81362,0,3786537,0
2021-04-07,95852,0,3882389,0
2021-04-08,95271,0,3977660,0
2021-04-09,88510,0,4066170,0
2021-04-10,74044,0,4140214,0
2021-04-11,44770,0,4184984,0
2021-04-12,66928,0,4251912,0
2021-04-13,72606,0,4324518,0
2021-04-14,85562,0,4410080,0
2021-04-15,105430,0,4515510,0
2021-04-16,106445,0,4621955,0
2021-04-17,90539,0,4712494,0
2021-04-18,58601,0,4771095,0
2021-04-19,93450,0,4864545,0
2021-04-20,103784,0,4968329,0
2021-04-21,125345,0,5093674,0
2021-04-22,143540,0,5237214,0
2021-04-23,138769,0,5375983,0
2021-04-24,124458,0,5500441,0
2021-04-25,61473,0,5561914,0
2021-04-26,97921,0,5659835,0
2021-04-27,128388,0,5788223,0
2021-04-28,156410,0,5944633,0
2021-04-29,195630,0,6140263,0
2021-04-30,214626,0,6354889,0
2021-05-01,174154,0,6529043,0
2021-05-02,135823,0,6664866,0
2021-05-03,142093,0,6806959,0
2021-05-04,158728,0,6965687,0
2021-05-05,170559,0,7136246,0
2021-05-06,197841,0,7334087,0
2021-05-07,211997,0,7546084,0
2021-05-08,213456,0,7759540,0
2021-05-09,143230,0,7902770,0
2021-05-10,165111,0,8067881,0
2021-05-11,175019,0,8242900,0
2021-05-12,179246,0,8422146,0
2021-05-13,203447,0,8625593,0
2021-05-14,222963,0,8848556,0
2021-05-15,210402,0,9058958,0
2021-05-16,159303,0,9218261,0
2021-05-17,218866,0,9437127,0
2021-05-18,213033,0,9650160,0
2021-05-19,207106,0,9857266,0
2021-05-20,270923,0,10128189,0
2021-05-21,270920,0,10399109,0
2021-05-22,245550,0,10644659,0
2021-05-23,197199,0,10841858,0
2021-05-24,228328,0,11070186,0
2021-05-25,245702,0,11315888,0
2021-05-26,277578,0,11593466,0
2021-05-27,311114,0,11904580,0
2021-05-28,299597,0,12204177,0
2021-05-29,231268,0,12435445,0
2021-05-30,170862,0,12606307,0
2021-05-31,216451,0,12822758,0
2021-06-01,207650,0,13030408,0
2021-06-02,115817,0,13146225,0
2021-06-03,180199,0,13326424,0
2021-06-04,184950,0,13511374,0
2021-06-05,186033,0,13697407,0
2021-06-06,139614,0,13837021,0
2021-06-07,161933,0,13998954,0
2021-06-08,171327,0,14170281,0
2021-06-09,171550,0,14341831,0
2021-06-10,174196,0,14516027,0
2021-06-11,170080,0,14686107,0
2021-06-12,128429,0,14814536,0
2021-06-13,91270,0,14905806,0
2021-06-14,214726,0,15120532,0
2021-06-15,228483,0,15349015,0
2021-06-16,253132,0,15602147,0
2021-06-17,301810,0,15903957,0
2021-06-18,306370,0,16210327,0
2021-06-19,275162,0,16485489,0
2021-06-20,220840,0,16706329,0
2021-06-21,288133,0,16994462,0
2021-06-22,296285,0,17290747,0
2021-06-23,302729,0,17593476,0
2021-06-24,332637,0,17926113,0
2021-06-25,348750,0,18274863,0
2021-06-26,300162,0,18575025,0
2021-06-27,228723,0,18803748,0
2021-06-28,307180,0,19110928,0
2021-06-29,329374,0,19440302,0
2021-06-30,342248,0,19782550,0
2021-07-01,363273,0,20145823,0
2021-07-02,368526,0,20514349,0
2021-07-03,371112,0,20885461,0
2021-07-04,283260,0,21168721,0
2021-07-05,384574,0,21553295,0
2021-07-06,385502,0,21938797,0
2021-07-07,412149,0,22350946,0
2021-07-08,479581,0,22830527,0
2021-07-09,498453,0,23328980,0
2021-07-10,475170,0,23804150,0
2021-07-11,357683,0,24161833,0
2021-07-12,485870,0,24647703,0
2021-07-13,492050,0,25139753,0
2021-07-14,480426,0,25620179,0
2021-07-15,523399,0,26143578,0
2021-07-16,509731,0,26653309,0
2021-07-17,464309,0,27117618,0
2021-07-18,364618,0,27482236,0
2021-07-19,463028,0,27945264,0
2021-07-20,458028,0,28403292,0
2021-07-21,462787,0,28866079,0
2021-07-22,475368,0,29341447,0
2021-07-23,441317,0,29782764,0
2021-07-24,386144,0,30168908,0
2021-07-25,287530,0,30456438,0
2021-07-26,430881,0,30887319,0
2021-07-27,440101,0,31327420,0
2021-07-28,391007,0,31718427,0
2021-07-29,372068,0,32090495,0
2021-07-30,341534,0,32432029,0
2021-07-31,287051,0,32719080,0
2021-08-01,190994,0,32910074,0
2021-08-02,333707,0,33243781,0
2021-08-03,323186,0,33566967,0
2021-08-04,311006,0,33877973,0
2021-08-05,292476,0,34170449,0
2021-08-06,260046,0,34430495,0
2021-08-07,199080,0,34629575,0
2021-08-08,153110,0,34782685,0
2021-08-09,234083,0,35016768,0
2021-08-10,205296,0,35222064,0
2021-08-11,193803,0,35415867,0
2021-08-12,168083,0,35583950,0
2021-08-13,148689,0,35732639,0
2021-08-14,66111,0,35798750,0
2021-08-15,26346,0,35825096,0
2021-08-16,114727,0,35939823,0
2021-08-17,129265,0,36069088,0
2021-08-18,128767,0,36197855,0
2021-08-19,124869,0,36322724,0
2021-08-20,123802,0,36446526,0
2021-08-21,83139,0,36529665,0
2021-08-22,68182,0,36597847,0
2021-08-23,176861,0,36774708,0
2021-08-24,156890,0,36931598,0
2021-08-25,177168,0,37108766,0
2021-08-26,172343,0,37281109,0
2021-08-27,185827,0,37466936,0
2021-08-28,140294,0,37607230,0
2021-08-29,98998,0,37706228,0
2021-08-30,209580,0,37915808,0
2021-08-31,194635,0,38110443,0
2021-09-01,192216,0,38302659,0
2021-09-02,189931,0,38492590,0
2021-09-03,191268,0,38683858,0
2021-09-04,131426,0,38815284,0
2021-09-05,87840,0,38903124,0
2021-09-06,193588,0,39096712,0
2021-09-07,196030,0,39292742,0
2021-09-08,187846,0,39480588,0
2021-09-09,201412,0,39682000,0
2021-09-10,198036,0,39880036,0
2021-09-11,141283,0,40021319,0
2021-09-12,89587,0,40110906,0
2021-09-13,191084,680,40301990,680
2021-09-14,177199,674,40479189,1354
2021-09-15,163079,666,40642268,2020
2021-09-16,160036,1026,40802304,3046
2021-09-17,150162,1185,40952466,4231
2021-09-18,127986,789,41080452,5020
2021-09-19,81140,516,41161592,5536
2021-09-20,180061,9149,41341653,14685
2021-09-21,166680,8870,41508333,23555
2021-09-22,159133,9472,41667466,33027
2021-09-23,138121,9366,41805587,42393
2021-09-24,140557,9026,41946144,51419
2021-09-25,119566,5686,42065710,57105
2021-09-26,72001,4371,42137711,61476
2021-09-27,135673,10100,42273384,71576
2021-09-28,117524,11442,42390908,83018
2021-09-29,112389,11859,42503297,94877
2021-09-30,110302,14994,42613599,109871
2021-10-01,95010,19146,42708609,129017
2021-10-02,78533,14049,42787142,143066
2021-10-03,47761,7673,42834903,150739
2021-10-04,88393,34499,42923296,185238
2021-10-05,80393,34026,43003689,219264
2021-10-06,72001,34229,43075690,253493
2021-10-07,71884,34386,43147574,287879
2021-10-08,80648,33635,43228222,321514
2021-10-09,76120,22204,43304342,343718
2021-10-10,45797,13632,43350139,357350
2021-10-11,87458,41140,43437597,398490
2021-10-12,84519,46945,43522116,445435
2021-10-13,88228,52179,43610344,497614
2021-10-14,91560,58567,43701904,556181
2021-10-15,93603,55694,43795507,611875
2021-10-16,82976,36838,43878483,648713
2021-10-17,51463,23866,43929946,672579
2021-10-18,90302,59540,44020248,732119
2021-10-19,78356,69429,44098604,801548
2021-10-20,75060,78226,44173664,879774
2021-10-21,78285,81833,44251949,961607
2021-10-22,73768,77095,44325717,1038702
2021-10-23,60840,51977,44386557,1090679
2021-10-24,33365,23487,44419922,1114166
2021-10-25,64904,81678,44484826,1195844
2021-10-26,58369,91854,44543195,1287698
2021-10-27,58316,104048,44601511,1391746
2021-10-28,61442,114178,44662953,1505924
2021-10-29,61619,103209,44724572,1609133
2021-10-30,50670,68165,44775242,1677298
2021-10-31,25157,28315,44800399,1705613
2021-11-01,19050,28161,44819449,1733774
2021-11-02,62738,89453,44882187,1823227
2021-11-03,60712,118721,44942899,1941948
2021-11-04,59237,126719,45002136,2068667
2021-11-05,63092,135240,45065228,2203907
2021-11-06,46494,90948,45111722,2294855
2021-11-07,22248,37908,45133970,2332763
2021-11-08,51522,131310,45185492,2464073
2021-11-09,45407,144240,45230899,2608313
2021-11-10,42594,156388,45273493,2764701
2021-11-11,44927,155191,45318420,2919892
2021-11-12,46305,158724,45364725,3078616
2021-11-13,33270,116685,45397995,3195301
2021-11-14,14490,52463,45412485,3247764
2021-11-15,36908,157459,45449393,3405223
2021-11-16,30566,171428,45479959,3576651
2021-11-17,28468,178472,45508427,3755123
2021-11-18,30298,193780,45538725,3948903
2021-11-19,28827,205899,45567552,4154802
2021-11-20,21013,156463,45588565,4311265
2021-11-21,10610,64873,45599175,4376138
2021-11-22,21962,213170,45621137,4589308
2021-11-23,23610,241807,45644747,4831115
2021-11-24,27772,271108,45672519,5102223
2021-11-25,23243,300963,45695762,5403186
2021-11-26,24602,318316,45720364,5721502
2021-11-27,21418,266181,45741782,5987683
2021-11-28,9911,137073,45751693,6124756
2021-11-29,22370,326081,45774063,6450837
2021-11-30,23123,365865,45797186,6816702
2021-12-01,21566,413547,45818752,7230249
2021-12-02,23800,440445,45842552,7670694
2021-12-03,25286,467550,45867838,8138244
2021-12-04,22397,418817,45890235,8557061
2021-12-05,11945,261372,45902180,8818433
2021-12-06,25856,457638,45928036,9276071
2021-12-07,24175,480314,45952211,9756385
2021-12-08,10035,249726,45962246,10006111
2021-12-09,31636,491972,45993882,10498083
2021-12-10,28113,517941,46021995,11016024
2021-12-11,23596,459290,46045591,11475314
2021-12-12,12330,293536,46057921,11768850
2021-12-13,26189,467666,46084110,12236516
2021-12-14,25214,494248,46109324,12730764
2021-12-15,25389,517188,46134713,13247952
2021-12-16,27944,520315,46162657,13768267
2021-12-17,29404,517232,46192061,14285499
2021-12-18,27120,468788,46219181,14754287
2021-12-19,15178,300549,46234359,15054836
2021-12-20,30688,477512,46265047,15532348
2021-12-21,30426,493455,46295473,16025803
2021-12-22,29500,484761,46324973,16510564
2021-12-23,28293,426975,46353266,16937539
2021-12-24,13130,210846,46366396,17148385
2021-12-25,2104,33053,46368500,17181438
2021-12-26,8785,159080,46377285,17340518
2021-12-27,46853,504708,46424138,17845226
2021-12-28,42514,554275,46466652,18399501
2021-12-29,34405,550694,46501057,18950195
2021-12-30,31905,499878,46532962,19450073
2021-12-31,14154,247410,46547116,19697483
2022-01-01,3503,64816,46550619,19762299
2022-01-02,22846,276728,46573465,20039027
2022-01-03,47963,520049,46621428,20559076
2022-01-04,46498,572110,46667926,21131186
2022-01-05,40872,560432,46708798,21691618
2022-01-06,23550,274490,46732348,21966108
2022-01-07,63822,554232,46796170,22520340
2022-01-08,61018,503429,46857188,23023769
2022-01-09,42992,319709,46900180,23343478
2022-01-10,61196,542334,46961376,23885812
2022-01-11,61887,587042,47023263,24472854
2022-01-12,58577,581321,47081840,25054175
2022-01-13,58737,580440,47140577,25634615
2022-01-14,46970,588630,47187547,26223245
2022-01-15,39627,570003,47227174,26793248
2022-01-16,31340,341903,47258514,27135151
2022-01-17,54872,489701,47313386,27624852
2022-01-18,58486,517061,47371872,28141913
2022-01-19,57287,502827,47429159,28644740
2022-01-20,54304,498445,47483463,29143185
2022-01-21,42198,493908,47525661,29637093
2022-01-22,31302,469090,47556963,30106183
2022-01-23,34995,275396,47591958,30381579
2022-01-24,56239,437259,47648197,30818838
2022-01-25,61516,451763,47709713,31270601
2022-01-26,58610,435852,47768323,31706453
2022-01-27,48909,432424,47817232,32138877
2022-01-28,58773,436574,47876005,32575451
2022-01-29,68204,412523,47944209,32987974
2022-01-30,50416,235995,47994625,33223969
2022-01-31,60730,356958,48055355,33580927
2022-02-01,65633,328472,48120988,33909399
2022-02-02,63254,297005,48184242,34206404
2022-02-03,60105,274543,48244347,34480947
2022-02-04,72421,268478,48316768,34749425
2022-02-05,83830,248561,48400598,34997986
2022-02-06,55309,116208,48455907,35114194
2022-02-07,65194,199950,48521101,35314144
2022-02-08,66962,186135,48588063,35500279
2022-02-09,58783,166357,48646846,35666636
2022-02-10,58602,163260,48705448,35829896
2022-02-11,62283,162484,48767731,35992380
2022-02-12,72019,152157,48839750,36144537
2022-02-13,41486,68860,48881236,36213397
2022-02-14,46714,116196,48927950,36329593
2022-02-15,48574,123483,48976524,36453076
2022-02-16,45704,106134,49022228,36559210
2022-02-17,42877,98129,49065105,36657339
2022-02-18,46639,112591,49111744,36769930
2022-02-19,52548,100342,49164292,36870272
2022-02-20,31416,40369,49195708,36910641
2022-02-21,37905,89661,49233613,37000302
2022-02-22,37228,83787,49270841,37084089
2022-02-23,33406,79409,49304247,37163498
2022-02-24,32563,78169,49336810,37241667
2022-02-25,34775,90717,49371585,37332384
2022-02-26,39168,89139,49410753,37421523
2022-02-27,22550,35860,49433303,37457383
2022-02-28,28493,81702,49461796,37539085
2022-03-01,22735,53944,49484531,37593029
2022-03-02,21940,50714,49506471,37643743
2022-03-03,22641,54947,49529112,37698690
2022-03-04,23245,62803,49552357,37761493
2022-03-05,23805,57954,49576162,37819447
2022-03-06,9473,17203,49585635,37836650
2022-03-07,15927,51392,49601562,37888042
2022-03-08,15482,48799,49617044,37936841
2022-03-09,13815,46518,49630859,37983359
2022-03-10,14055,52056,49644914,38035415
2022-03-11,15594,57277,49660508,38092692
2022-03-12,15513,56621,49676021,38149313
2022-03-13,5546,16852,49681567,38166165
2022-03-14,10528,46703,49692095,38212868
2022-03-15,10555,46895,49702650,38259763
2022-03-16,9487,41979,49712137,38301742
2022-03-17,9727,44878,49721864,38346620
2022-03-18,10164,49059,49732028,38395679
2022-03-19,9153,46541,49741181,38442220
2022-03-20,2608,11704,49743789,38453924
2022-03-21,7588,40233,49751377,38494157
2022-03-22,8448,37769,49759825,38531926
2022-03-23,7221,33701,49767046,38565627
2022-03-24,8262,38821,49775308,38604448
2022-03-25,8144,43675,49783452,38648123
2022-03-26,8128,41724,49791580,38689847
2022-03-27,2432,9683,49794012,38699530
2022-03-28,6113,35245,49800125,38734775
2022-03-29,5783,32533,49805908,38767308
2022-03-30,5568,30206,49811476,38797514
2022-03-31,5906,33188,49817382,38830702
2022-04-01,4351,25190,49821733,38855892
2022-04-02,4497,23275,49826230,38879167
2022-04-03,1049,4500,49827279,38883667
2022-04-04,3663,21546,49830942,38905213
2022-04-05,3759,22938,49834701,38928151
2022-04-06,4106,21853,49838807,38950004
2022-04-07,3971,23321,49842778,38973325
2022-04-08,4696,26716,49847474,39000041
2022-04-09,4382,23888,49851856,39023929
2022-04-10,893,4613,49852749,39028542
2022-04-11,3819,22691,49856568,39051233
2022-04-12,3364,21781,49859932,39073014
2022-04-13,3575,21336,49863507,39094350
2022-04-14,3487,23789,49866994,39118139
2022-04-15,3085,20623,49870079,39138762
2022-04-16,2153,11918,49872232,39150680
2022-04-17,63,348,49872295,39151028
2022-04-18,152,650,49872447,39151678
2022-04-19,3500,21988,49875947,39173666
2022-04-20,3513,20250,49879460,39193916
2022-04-21,2848,19793,49882308,39213709
2022-04-22,2928,20716,49885236,39234425
2022-04-23,2648,16222,49887884,39250647
2022-04-24,509,2335,49888393,39252982
2022-04-25,183,1165,49888576,39254147
2022-04-26,2761,17813,49891337,39271960
2022-04-27,2375,15795,49893712,39287755
2022-04-28,2363,15567,49896075,39303322
2022-04-29,2299,14850,49898374,39318172
2022-04-30,2123,11585,49900497,39329757
2022-05-01,113,531,49900610,39330288
2022-05-02,1451,9394,49902061,39339682
2022-05-03,1577,10326,49903638,39350008
2022-05-04,1747,10276,49905385,39360284
2022-05-05,1654,10301,49907039,39370585
2022-05-06,1703,10972,49908742,39381557
2022-05-07,1431,8575,49910173,39390132
2022-05-08,417,1526,49910590,39391658
2022-05-09,1028,8935,49911618,39400593
2022-05-10,1427,9554,49913045,39410147
2022-05-11,1486,10109,49914531,39420256
2022-05-12,1372,10137,49915903,39430393
2022-05-13,1596,10526,49917499,39440919
2022-05-14,1361,8248,49918860,39449167
2022-05-15,336,1138,49919196,39450305
2022-05-16,814,8409,49920010,39458714
2022-05-17,1244,8708,49921254,39467422
2022-05-18,1373,9256,49922627,39476678
2022-05-19,1502,9287,49924129,39485965
2022-05-20,1426,9535,49925555,39495500
2022-05-21,1302,7902,49926857,39503402
2022-05-22,231,1013,49927088,39504415
2022-05-23,830,8274,49927918,39512689
2022-05-24,1073,8674,49928991,39521363
2022-05-25,1372,9460,49930363,39530823
2022-05-26,1198,9480,49931561,39540303
2022-05-27,1233,9917,49932794,39550220
2022-05-28,1205,7890,49933999,39558110
2022-05-29,288,1265,49934287,39559375
2022-05-30,931,8060,49935218,39567435
2022-05-31,1039,8549,49936257,39575984
2022-06-01,896,7657,49937153,39583641
2022-06-02,35,474,49937188,39584115
2022-06-03,819,7334,49938007,39591449
2022-06-04,870,5162,49938877,39596611
2022-06-05,88,586,49938965,39597197
2022-06-06,679,7004,49939644,39604201
2022-06-07,952,7851,49940596,39612052
2022-06-08,981,7906,49941577,39619958
2022-06-09,1037,8418,49942614,39628376
2022-06-10,958,8563,49943572,39636939
2022-06-11,903,6207,49944475,39643146
2022-06-12,140,768,49944615,39643914
2022-06-13,602,6302,49945217,39650216
2022-06-14,832,7906,49946049,39658122
2022-06-15,960,7856,49947009,39665978
2022-06-16,733,7399,49947742,39673377
2022-06-17,723,7248,49948465,39680625
2022-06-18,778,5596,49949243,39686221
2022-06-19,49,521,49949292,39686742
2022-06-20,587,6699,49949879,39693441
2022-06-21,741,7664,49950620,39701105
2022-06-22,779,7313,49951399,39708418
2022-06-23,649,7472,49952048,39715890
2022-06-24,644,7475,49952692,39723365
2022-06-25,835,6533,49953527,39729898
2022-06-26,128,523,49953655,39730421
2022-06-27,534,7126,49954189,39737547
2022-06-28,748,8208,49954937,39745755
2022-06-29,756,7733,49955693,39753488
2022-06-30,747,8145,49956440,39761633
2022-07-01,577,6443,49957017,39768076
2022-07-02,536,4769,49957553,39772845
2022-07-03,49,456,49957602,39773301
2022-07-04,469,6278,49958071,39779579
2022-07-05,631,8122,49958702,39787701
2022-07-06,634,7611,49959336,39795312
2022-07-07,576,8274,49959912,39803586
2022-07-08,677,8086,49960589,39811672
2022-07-09,550,6105,49961139,39817777
2022-07-10,58,533,49961197,39818310
2022-07-11,493,7642,49961690,39825952
2022-07-12,669,9030,49962359,39834982
2022-07-13,645,10066,49963004,39845048
2022-07-14,637,10225,49963641,39855273
2022-07-15,627,10674,49964268,39865947
2022-07-16,523,7215,49964791,39873162
2022-07-17,48,770,49964839,39873932
2022-07-18,496,9377,49965335,39883309
2022-07-19,576,10684,49965911,39893993
2022-07-20,582,11277,49966493,39905270
2022-07-21,632,12093,49967125,39917363
2022-07-22,584,11261,49967709,39928624
2022-07-23,381,6775,49968090,39935399
2022-07-24,76,857,49968166,39936256
2022-07-25,504,9057,49968670,39945313
2022-07-26,522,9768,49969192,39955081
2022-07-27,554,10212,49969746,39965293
2022-07-28,533,10534,49970279,39975827
2022-07-29,510,9467,49970789,39985294
2022-07-30,383,5884,49971172,39991178
2022-07-31,49,764,49971221,39991942
2022-08-01,386,6865,49971607,39998807
2022-08-02,548,7590,49972155,40006397
2022-08-03,513,7182,49972668,40013579
2022-08-04,455,7493,49973123,40021072
2022-08-05,421,6529,49973544,40027601
2022-08-06,300,3613,49973844,40031214
2022-08-07,44,563,49973888,40031777
2022-08-08,403,4890,49974291,40036667
2022-08-09,381,5313,49974672,40041980
2022-08-10,385,4816,49975057,40046796
2022-08-11,369,4804,49975426,40051600
2022-08-12,295,3719,49975721,40055319
2022-08-13,143,1600,49975864,40056919
2022-08-14,9,129,49975873,40057048
2022-08-15,1,26,49975874,40057074
2022-08-16,283,3043,49976157,40060117
2022-08-17,352,3533,49976509,40063650
2022-08-18,394,4160,49976903,40067810
2022-08-19,341,3321,49977244,40071131
2022-08-20,184,1715,49977428,40072846
2022-08-21,24,149,49977452,40072995
2022-08-22,331,2952,49977783,40075947
2022-08-23,370,3674,49978153,40079621
2022-08-24,384,3360,49978537,40082981
2022-08-25,423,3773,49978960,40086754
2022-08-26,399,3585,49979359,40090339
2022-08-27,237,1770,49979596,40092109
2022-08-28,29,267,49979625,40092376
2022-08-29,354,3161,49979979,40095537
2022-08-30,406,3672,49980385,40099209
2022-08-31,438,3734,49980823,40102943
2022-09-01,353,3117,49981176,40106060
2022-09-02,297,2894,49981473,40108954
2022-09-03,200,1692,49981673,40110646
2022-09-04,24,149,49981697,40110795
2022-09-05,187,2656,49981884,40113451
2022-09-06,307,2985,49982191,40116436
2022-09-07,542,2937,49982733,40119373
2022-09-08,293,2964,49983026,40122337
2022-09-09,308,2886,49983334,40125223
2022-09-10,228,1327,49983562,40126550
2022-09-11,23,124,49983585,40126674
2022-09-12,267,2269,49983852,40128943
2022-09-13,253,2279,49984105,40131222
2022-09-14,266,2566,49984371,40133788
2022-09-15,283,2501,49984654,40136289
2022-09-16,255,2542,49984909,40138831
2022-09-17,239,1339,49985148,40140170
2022-09-18,20,170,49985168,40140340
2022-09-19,206,1971,49985374,40142311
2022-09-20,237,2392,49985611,40144703
2022-09-21,289,2526,49985900,40147229
2022-09-22,267,2663,49986167,40149892
2022-09-23,261,2546,49986428,40152438
2022-09-24,193,1427,49986621,40153865
2022-09-25,29,133,49986650,40153998
2022-09-26,281,2249,49986931,40156247
2022-09-27,287,2680,49987218,40158927
2022-09-28,310,2905,49987528,40161832
2022-09-29,257,3050,49987785,40164882
2022-09-30,292,2987,49988077,40167869
2022-10-01,195,1515,49988272,40169384
2022-10-02,12,187,49988284,40169571
2022-10-03,186,2475,49988470,40172046
2022-10-04,236,2861,49988706,40174907
2022-10-05,233,3254,49988939,40178161
2022-10-06,244,3872,49989183,40182033
2022-10-07,283,4184,49989466,40186217
2022-10-08,206,2268,49989672,40188485
2022-10-09,8,305,49989680,40188790
2022-10-10,214,3347,49989894,40192137
2022-10-11,195,4378,49990089,40196515
2022-10-12,211,4436,49990300,40200951
2022-10-13,206,5299,49990506,40206250
2022-10-14,233,5006,49990739,40211256
2022-10-15,191,2669,49990930,40213925
2022-10-16,6,360,49990936,40214285
2022-10-17,187,3873,49991123,40218158
2022-10-18,257,4959,49991380,40223117
2022-10-19,246,5477,49991626,40228594
2022-10-20,225,5995,49991851,40234589
2022-10-21,257,5475,49992108,40240064
2022-10-22,195,2911,49992303,40242975
2022-10-23,13,364,49992316,40243339
2022-10-24,171,3929,49992487,40247268
2022-10-25,256,4925,49992743,40252193
2022-10-26,350,5501,49993093,40257694
2022-10-27,240,5675,49993333,40263369
2022-10-28,199,5265,49993532,40268634
2022-10-29,128,2844,49993660,40271478
2022-10-30,3,328,49993663,40271806
2022-10-31,118,3039,49993781,40274845
2022-11-01,11,353,49993792,40275198
2022-11-02,146,3721,49993938,40278919
2022-11-03,173,4788,49994111,40283707
2022-11-04,228,4600,49994339,40288307
2022-11-05,145,2598,49994484,40290905
2022-11-06,10,261,49994494,40291166
2022-11-07,169,3227,49994663,40294393
2022-11-08,261,4253,49994924,40298646
2022-11-09,202,4335,49995126,40302981
2022-11-10,184,4599,49995310,40307580
2022-11-11,194,4231,49995504,40311811
2022-11-12,161,2378,49995665,40314189
2022-11-13,7,338,49995672,40314527
2022-11-14,150,2836,49995822,40317363
2022-11-15,204,3748,49996026,40321111
2022-11-16,217,4000,49996243,40325111
2022-11-17,194,4110,49996437,40329221
2022-11-18,248,4040,49996685,40333261
2022-11-19,112,2087,49996797,40335348
2022-11-20,24,317,49996821,40335665
2022-11-21,119,2620,49996940,40338285
2022-11-22,142,3222,49997082,40341507
2022-11-23,191,3627,49997273,40345134
2022-11-24,158,3846,49997431,40348980
2022-11-25,184,3780,49997615,40352760
2022-11-26,134,2094,49997749,40354854
2022-11-27,22,356,49997771,40355210
2022-11-28,182,2691,49997953,40357901
2022-11-29,257,3231,49998210,40361132
2022-11-30,183,3737,49998393,40364869
2022-12-01,151,3630,49998544,40368499
2022-12-02,162,3529,49998706,40372028
2022-12-03,106,1997,49998812,40374025
2022-12-04,5,290,49998817,40374315
2022-12-05,129,2856,49998946,40377171
2022-12-06,177,3656,49999123,40380827
2022-12-07,136,3128,49999259,40383955
2022-12-08,8,168,49999267,40384123
2022-12-09,164,3035,49999431,40387158
2022-12-10,71,1602,49999502,40388760
2022-12-11,7,193,49999509,40388953
2022-12-12,172,2534,49999681,40391487
2022-12-13,251,3050,49999932,40394537
2022-12-14,232,3237,50000164,40397774
2022-12-15,207,3289,50000371,40401063
2022-12-16,161,3213,50000532,40404276
2022-12-17,95,1692,50000627,40405968
2022-12-18,10,270,50000637,40406238
2022-12-19,148,2164,50000785,40408402
2022-12-20,213,2523,50000998,40410925
2022-12-21,159,2249,50001157,40413174
2022-12-22,140,1870,50001297,40415044
2022-12-23,153,1219,50001450,40416263
2022-12-24,32,161,50001482,40416424
2022-12-25,0,6,50001482,40416430
2022-12-26,6,42,50001488,40416472
2022-12-27,133,1552,50001621,40418024
2022-12-28,138,1776,50001759,40419800
2022-12-29,93,1705,50001852,40421505
2022-12-30,116,1612,50001968,40423117
2022-12-31,21,273,50001989,40423390
2023-01-01,0,6,50001989,40423396
2023-01-02,48,1125,50002037,40424521
2023-01-03,98,1899,50002135,40426420
2023-01-04,111,2006,50002246,40428426
2023-01-05,99,1903,50002345,40430329
2023-01-06,0,69,50002345,40430398
2023-01-07,51,686,50002396,40431084
2023-01-08,2,97,50002398,40431181
2023-01-09,129,1419,50002527,40432600
2023-01-10,125,1775,50002652,40434375
2023-01-11,115,1756,50002767,40436131
2023-01-12,113,1976,50002880,40438107
2023-01-13,106,1862,50002986,40439969
2023-01-14,64,928,50003050,40440897
2023-01-15,1,64,50003051,40440961
2023-01-16,36,1119,50003087,40442080
2023-01-17,110,1245,50003197,40443325