data_somministrazione,vaccinazioni,booster,cum_vaccinazioni,cum_booster
2020-12-27,22,0,22,0
2020-12-28,2,0,24,0
2020-12-29,1,0,25,0
2020-12-30,8,0,33,0
2020-12-31,84,0,117,0
2021-01-01,27,0,144,0
2021-01-02,154,0,298,0
2021-01-03,118,0,416,0
2021-01-04,250,0,666,0
2021-01-05,295,0,961,0
2021-01-06,267,0,1228,0
2021-01-07,336,0,1564,0
2021-01-08,391,0,1955,0
2021-01-09,299,0,2254,0
2021-01-10,179,0,2433,0
2021-01-11,315,0,2748,0
2021-01-12,295,0,3043,0
2021-01-13,427,0,3470,0
2021-01-14,509,0,3979,0
2021-01-15,330,0,4309,0
2021-01-16,226,0,4535,0
2021-01-17,3065,0,7600,0
2021-01-18,5222,0,12822,0
2021-01-19,1897,0,14719,0
2021-01-20,4660,0,19379,0
2021-01-21,20002,0,39381,0
2021-01-22,14219,0,53600,0
2021-01-23,33314,0,86914,0
2021-01-24,30771,0,117685,0
2021-01-25,64693,0,182378,0
2021-01-26,76451,0,258829,0
2021-01-27,64802,0,323631,0
2021-01-28,89236,0,412867,0
2021-01-29,93984,0,506851,0
2021-01-30,86533,0,593384,0
2021-01-31,57315,0,650699,0
2021-02-01,81828,0,732527,0
2021-02-02,82126,0,814653,0
2021-02-03,91097,0,905750,0
2021-02-04,95378,0,1001128,0
2021-02-05,90264,0,1091392,0
2021-02-06,63451,0,1154843,0
2021-02-07,32935,0,1187778,0
2021-02-08,40420,0,1228198,0
2021-02-09,32882,0,1261080,0
2021-02-10,28443,0,1289523,0
2021-02-11,20410,0,1309933,0
2021-02-12,16254,0,1326187,0
2021-02-13,7287,0,1333474,0
2021-02-14,2862,0,1336336,0
2021-02-15,6852,0,1343188,0
2021-02-16,7009,0,1350197,0
2021-02-17,10528,0,1360725,0
2021-02-18,9261,0,1369986,0
2021-02-19,8259,0,1378245,0
2021-02-20,5593,0,1383838,0
2021-02-21,3017,0,1386855,0
2021-02-22,6885,0,1393740,0
2021-02-23,7191,0,1400931,0
2021-02-24,9817,0,1410748,0
2021-02-25,14218,0,1424966,0
2021-02-26,17563,0,1442529,0
2021-02-27,13929,0,1456458,0
2021-02-28,9400,0,1465858,0
2021-03-01,26535,0,1492393,0
2021-03-02,33246,0,1525639,0
2021-03-03,44653,0,1570292,0
2021-03-04,50304,0,1620596,0
2021-03-05,55747,0,1676343,0
2021-03-06,41885,0,1718228,0
2021-03-07,22331,0,1740559,0
2021-03-08,50839,0,1791398,0
2021-03-09,53095,0,1844493,0
2021-03-10,58702,0,1903195,0
2021-03-11,63898,0,1967093,0
2021-03-12,65153,0,2032246,0
2021-03-13,51733,0,2083979,0
2021-03-14,35429,0,2119408,0
2021-03-15,73467,0,2192875,0
2021-03-16,74031,0,2266906,0
2021-03-17,83150,0,2350056,0
2021-03-18,81632,0,2431688,0
2021-03-19,81092,0,2512780,0
2021-03-20,64749,0,2577529,0
2021-03-21,47316,0,2624845,0
2021-03-22,69508,0,2694353,0
2021-03-23,75826,0,2770179,0
2021-03-24,90945,0,2861124,0
2021-03-25,89832,0,2950956,0
2021-03-26,83649,0,3034605,0
2021-03-27,71965,0,3106570,0
2021-03-28,44197,0,3150767,0
2021-03-29,70853,0,3221620,0
2021-03-30,81423,0,3303043,0
2021-03-31,96273,0,3399316,0
2021-04-01,95345,0,3494661,0
2021-04-02,84088,0,3578749,0
2021-04-03,64315,0,3643064,0
2021-04-04,21727,0,3664791,0
2021-04-05,40330,0,3705121,0
2021-04-06,81361,0,3786482,0
2021-04-07,95854,0,3882336,0
2021-04-08,95271,0,3977607,0
2021-04-09,88509,0,4066116,0
2021-04-10,74044,0,4140160,0
2021-04-11,44770,0,4184930,0
2021-04-12,66928,0,4251858,0
2021-04-13,72606,0,4324464,0
2021-04-14,85560,0,4410024,0
2021-04-15,105427,0,4515451,0
2021-04-16,106441,0,4621892,0
2021-04-17,90538,0,4712430,0
2021-04-18,58601,0,4771031,0
2021-04-19,93449,0,4864480,0
2021-04-20,103783,0,4968263,0
2021-04-21,125345,0,5093608,0
2021-04-22,143540,0,5237148,0
2021-04-23,138769,0,5375917,0
2021-04-24,124457,0,5500374,0
2021-04-25,61472,0,5561846,0
2021-04-26,97921,0,5659767,0
2021-04-27,128386,0,5788153,0
2021-04-28,156408,0,5944561,0
2021-04-29,195629,0,6140190,0
2021-04-30,214625,0,6354815,0
2021-05-01,174152,0,6528967,0
2021-05-02,135821,0,6664788,0
2021-05-03,142093,0,6806881,0
2021-05-04,158724,0,6965605,0
2021-05-05,170559,0,7136164,0
2021-05-06,197841,0,7334005,0
2021-05-07,213890,0,7547895,0
2021-05-08,213450,0,7761345,0
2021-05-09,143228,0,7904573,0
2021-05-10,165109,0,8069682,0
2021-05-11,175018,0,8244700,0
2021-05-12,179245,0,8423945,0
2021-05-13,203445,0,8627390,0
2021-05-14,222958,0,8850348,0
2021-05-15,210400,0,9060748,0
2021-05-16,159300,0,9220048,0
2021-05-17,219233,0,9439281,0
2021-05-18,213034,0,9652315,0
2021-05-19,207106,0,9859421,0
2021-05-20,270919,0,10130340,0
2021-05-21,270917,0,10401257,0
2021-05-22,245551,0,10646808,0
2021-05-23,197199,0,10844007,0
2021-05-24,228312,0,11072319,0
2021-05-25,245703,0,11318022,0
2021-05-26,277578,0,11595600,0
2021-05-27,311112,0,11906712,0
2021-05-28,299594,0,12206306,0
2021-05-29,231264,0,12437570,0
2021-05-30,170861,0,12608431,0
2021-05-31,216451,0,12824882,0
2021-06-01,207649,0,13032531,0
2021-06-02,115815,0,13148346,0
2021-06-03,180197,0,13328543,0
2021-06-04,184947,0,13513490,0
2021-06-05,186030,0,13699520,0
2021-06-06,139610,0,13839130,0
2021-06-07,161932,0,14001062,0
2021-06-08,171323,0,14172385,0
2021-06-09,171549,0,14343934,0
2021-06-10,174194,0,14518128,0
2021-06-11,170077,0,14688205,0
2021-06-12,128427,0,14816632,0
2021-06-13,91265,0,14907897,0
2021-06-14,214724,0,15122621,0
2021-06-15,228482,0,15351103,0
2021-06-16,253129,0,15604232,0
2021-06-17,301810,0,15906042,0
2021-06-18,306364,0,16212406,0
2021-06-19,275155,0,16487561,0
2021-06-20,220837,0,16708398,0
2021-06-21,288127,0,16996525,0
2021-06-22,296280,0,17292805,0
2021-06-23,302725,0,17595530,0
2021-06-24,332635,0,17928165,0
2021-06-25,348746,0,18276911,0
2021-06-26,300159,0,18577070,0
2021-06-27,228718,0,18805788,0
2021-06-28,307178,0,19112966,0
2021-06-29,329370,0,19442336,0
2021-06-30,342247,0,19784583,0
2021-07-01,363270,0,20147853,0
2021-07-02,368524,0,20516377,0
2021-07-03,371111,0,20887488,0
2021-07-04,283257,0,21170745,0
2021-07-05,384572,0,21555317,0
2021-07-06,385502,0,21940819,0
2021-07-07,412148,0,22352967,0
2021-07-08,479582,0,22832549,0
2021-07-09,498452,0,23331001,0
2021-07-10,475172,0,23806173,0
2021-07-11,357685,0,24163858,0
2021-07-12,485869,0,24649727,0
2021-07-13,492052,0,25141779,0
2021-07-14,480425,0,25622204,0
2021-07-15,523397,0,26145601,0
2021-07-16,509729,0,26655330,0
2021-07-17,464311,0,27119641,0
2021-07-18,364616,0,27484257,0
2021-07-19,463027,0,27947284,0
2021-07-20,458029,0,28405313,0
2021-07-21,462787,0,28868100,0
2021-07-22,475366,0,29343466,0
2021-07-23,441318,0,29784784,0
2021-07-24,386142,0,30170926,0
2021-07-25,287529,0,30458455,0
2021-07-26,430880,0,30889335,0
2021-07-27,440102,0,31329437,0
2021-07-28,391009,0,31720446,0
2021-07-29,372064,0,32092510,0
2021-07-30,341534,0,32434044,0
2021-07-31,287054,0,32721098,0
2021-08-01,190997,0,32912095,0
2021-08-02,333704,0,33245799,0
2021-08-03,323183,0,33568982,0
2021-08-04,311005,0,33879987,0
2021-08-05,292475,0,34172462,0
2021-08-06,260044,0,34432506,0
2021-08-07,199077,0,34631583,0
2021-08-08,153110,0,34784693,0
2021-08-09,234081,0,35018774,0
2021-08-10,205296,0,35224070,0
2021-08-11,193803,0,35417873,0
2021-08-12,168083,0,35585956,0
2021-08-13,148685,0,35734641,0
2021-08-14,66108,0,35800749,0
2021-08-15,26346,0,35827095,0
2021-08-16,114725,0,35941820,0
2021-08-17,129265,0,36071085,0
2021-08-18,128766,0,36199851,0
2021-08-19,124869,0,36324720,0
2021-08-20,123800,0,36448520,0
2021-08-21,83139,0,36531659,0
2021-08-22,68182,0,36599841,0
2021-08-23,176860,0,36776701,0
2021-08-24,156887,0,36933588,0
2021-08-25,177167,0,37110755,0
2021-08-26,172343,0,37283098,0
2021-08-27,185828,0,37468926,0
2021-08-28,140293,0,37609219,0
2021-08-29,98997,0,37708216,0
2021-08-30,209581,0,37917797,0
2021-08-31,194636,0,38112433,0
2021-09-01,192216,0,38304649,0
2021-09-02,189931,0,38494580,0
2021-09-03,191267,0,38685847,0
2021-09-04,131427,0,38817274,0
2021-09-05,87839,0,38905113,0
2021-09-06,193589,0,39098702,0
2021-09-07,196027,0,39294729,0
2021-09-08,187846,0,39482575,0
2021-09-09,201408,0,39683983,0
2021-09-10,198037,0,39882020,0
2021-09-11,141281,0,40023301,0
2021-09-12,89588,0,40112889,0
2021-09-13,191086,677,40303975,677
2021-09-14,177200,672,40481175,1349
2021-09-15,163078,666,40644253,2015
2021-09-16,160038,1024,40804291,3039
2021-09-17,150158,1184,40954449,4223
2021-09-18,127986,789,41082435,5012
2021-09-19,81140,515,41163575,5527
2021-09-20,180057,9149,41343632,14676
2021-09-21,166679,8868,41510311,23544
2021-09-22,159129,9472,41669440,33016
2021-09-23,138116,9366,41807556,42382
2021-09-24,140555,9026,41948111,51408
2021-09-25,119561,5684,42067672,57092
2021-09-26,71994,4371,42139666,61463
2021-09-27,135672,10099,42275338,71562
2021-09-28,117523,11439,42392861,83001
2021-09-29,112387,11859,42505248,94860
2021-09-30,110296,14994,42615544,109854
2021-10-01,95011,19146,42710555,129000
2021-10-02,78534,14048,42789089,143048
2021-10-03,47761,7673,42836850,150721
2021-10-04,88394,34493,42925244,185214
2021-10-05,80393,34025,43005637,219239
2021-10-06,72002,34228,43077639,253467
2021-10-07,71883,34386,43149522,287853
2021-10-08,80649,33633,43230171,321486
2021-10-09,76119,22204,43306290,343690
2021-10-10,45796,13632,43352086,357322
2021-10-11,87457,41140,43439543,398462
2021-10-12,84519,46943,43524062,445405
2021-10-13,88229,52179,43612291,497584
2021-10-14,91559,58565,43703850,556149
2021-10-15,93604,55693,43797454,611842
2021-10-16,82976,36837,43880430,648679
2021-10-17,51460,23866,43931890,672545
2021-10-18,90304,59535,44022194,732080
2021-10-19,78354,69429,44100548,801509
2021-10-20,75059,78225,44175607,879734
2021-10-21,78286,81830,44253893,961564
2021-10-22,73768,77094,44327661,1038658
2021-10-23,60840,51977,44388501,1090635
2021-10-24,33365,23487,44421866,1114122
2021-10-25,64902,81677,44486768,1195799
2021-10-26,58369,91854,44545137,1287653
2021-10-27,58317,104048,44603454,1391701
2021-10-28,61443,114176,44664897,1505877
2021-10-29,61619,103209,44726516,1609086
2021-10-30,50670,68165,44777186,1677251
2021-10-31,25158,28314,44802344,1705565
2021-11-01,19049,28161,44821393,1733726
2021-11-02,62738,89453,44884131,1823179
2021-11-03,60711,118721,44944842,1941900
2021-11-04,59237,126719,45004079,2068619
2021-11-05,63091,135240,45067170,2203859
2021-11-06,46494,90946,45113664,2294805
2021-11-07,22248,37908,45135912,2332713
2021-11-08,51522,131309,45187434,2464022
2021-11-09,45407,144240,45232841,2608262
2021-11-10,42594,156387,45275435,2764649
2021-11-11,44927,155191,45320362,2919840
2021-11-12,46304,158724,45366666,3078564
2021-11-13,33271,116684,45399937,3195248
2021-11-14,14490,52464,45414427,3247712
2021-11-15,36908,157459,45451335,3405171
2021-11-16,30567,171426,45481902,3576597
2021-11-17,28467,178472,45510369,3755069
2021-11-18,30297,193777,45540666,3948846
2021-11-19,28822,205899,45569488,4154745
2021-11-20,21014,156462,45590502,4311207
2021-11-21,10611,64872,45601113,4376079
2021-11-22,21961,213170,45623074,4589249
2021-11-23,23609,241805,45646683,4831054
2021-11-24,27770,271105,45674453,5102159
2021-11-25,23267,301954,45697720,5404113
2021-11-26,24602,318315,45722322,5722428
2021-11-27,21419,266179,45743741,5988607
2021-11-28,9911,137072,45753652,6125679
2021-11-29,22370,326082,45776022,6451761
2021-11-30,23121,365865,45799143,6817626
2021-12-01,21566,413547,45820709,7231173
2021-12-02,23800,440445,45844509,7671618
2021-12-03,25286,467547,45869795,8139165
2021-12-04,22397,418814,45892192,8557979
2021-12-05,11946,261370,45904138,8819349
2021-12-06,25854,457638,45929992,9276987
2021-12-07,24173,480314,45954165,9757301
2021-12-08,10033,249727,45964198,10007028
2021-12-09,31635,491972,45995833,10499000
2021-12-10,28112,517941,46023945,11016941
2021-12-11,23596,459289,46047541,11476230
2021-12-12,12327,293539,46059868,11769769
2021-12-13,26188,467665,46086056,12237434
2021-12-14,25212,494249,46111268,12731683
2021-12-15,25385,517190,46136653,13248873
2021-12-16,27943,520313,46164596,13769186
2021-12-17,29404,517232,46194000,14286418
2021-12-18,27118,468788,46221118,14755206
2021-12-19,15177,300548,46236295,15055754
2021-12-20,30687,477512,46266982,15533266
2021-12-21,30425,493453,46297407,16026719
2021-12-22,29498,484761,46326905,16511480
2021-12-23,28291,426974,46355196,16938454
2021-12-24,13129,210846,46368325,17149300
2021-12-25,2104,33053,46370429,17182353
2021-12-26,8785,159077,46379214,17341430
2021-12-27,46853,504706,46426067,17846136
2021-12-28,42511,554274,46468578,18400410
2021-12-29,34407,550692,46502985,18951102
2021-12-30,31904,499874,46534889,19450976
2021-12-31,14154,247410,46549043,19698386
2022-01-01,3503,64816,46552546,19763202
2022-01-02,22844,276728,46575390,20039930
2022-01-03,47963,520049,46623353,20559979
2022-01-04,46499,572109,46669852,21132088
2022-01-05,40869,560432,46710721,21692520
2022-01-06,23548,274489,46734269,21967009
2022-01-07,63817,554233,46798086,22521242
2022-01-08,61014,503428,46859100,23024670
2022-01-09,42988,319710,46902088,23344380
2022-01-10,61194,542333,46963282,23886713
2022-01-11,61881,587042,47025163,24473755
2022-01-12,58574,581319,47083737,25055074
2022-01-13,58736,580439,47142473,25635513
2022-01-14,46966,588628,47189439,26224141
2022-01-15,39620,570003,47229059,26794144
2022-01-16,31335,341899,47260394,27136043
2022-01-17,54866,489701,47315260,27625744
2022-01-18,58484,517061,47373744,28142805
2022-01-19,57285,502827,47431029,28645632
2022-01-20,54441,498866,47485470,29144498
2022-01-21,42198,493907,47527668,29638405
2022-01-22,31323,469625,47558991,30108030
2022-01-23,34992,275394,47593983,30383424
2022-01-24,56237,437259,47650220,30820683
2022-01-25,61513,451763,47711733,31272446
2022-01-26,58608,435852,47770341,31708298
2022-01-27,48905,432422,47819246,32140720
2022-01-28,58772,436572,47878018,32577292
2022-01-29,68203,412523,47946221,32989815
2022-01-30,50414,235995,47996635,33225810
2022-01-31,60729,356957,48057364,33582767
2022-02-01,65627,328473,48122991,33911240
2022-02-02,63254,297004,48186245,34208244
2022-02-03,60102,274542,48246347,34482786
2022-02-04,72419,268479,48318766,34751265
2022-02-05,83824,248561,48402590,34999826
2022-02-06,55309,116208,48457899,35116034
2022-02-07,65193,199948,48523092,35315982
2022-02-08,66960,186134,48590052,35502116
2022-02-09,58783,166357,48648835,35668473
2022-02-10,58601,163258,48707436,35831731
2022-02-11,62282,162483,48769718,35994214
2022-02-12,72019,152157,48841737,36146371
2022-02-13,41488,68860,48883225,36215231
2022-02-14,46714,116196,48929939,36331427
2022-02-15,48573,123483,48978512,36454910
2022-02-16,45702,106133,49024214,36561043
2022-02-17,42878,98128,49067092,36659171
2022-02-18,46638,112591,49113730,36771762
2022-02-19,52547,100342,49166277,36872104
2022-02-20,31415,40369,49197692,36912473
2022-02-21,37904,89661,49235596,37002134
2022-02-22,37228,83786,49272824,37085920
2022-02-23,33405,79409,49306229,37165329
2022-02-24,32563,78169,49338792,37243498
2022-02-25,34776,90716,49373568,37334214
2022-02-26,39166,89139,49412734,37423353
2022-02-27,22549,35860,49435283,37459213
2022-02-28,28492,81701,49463775,37540914
2022-03-01,22735,53944,49486510,37594858
2022-03-02,21938,50713,49508448,37645571
2022-03-03,22641,54947,49531089,37700518
2022-03-04,23245,62803,49554334,37763321
2022-03-05,23805,57953,49578139,37821274
2022-03-06,9474,17202,49587613,37838476
2022-03-07,15928,51391,49603541,37889867
2022-03-08,15482,48798,49619023,37938665
2022-03-09,13815,46518,49632838,37985183
2022-03-10,14055,52056,49646893,38037239
2022-03-11,15594,57276,49662487,38094515
2022-03-12,15513,56621,49678000,38151136
2022-03-13,5545,16852,49683545,38167988
2022-03-14,10528,46703,49694073,38214691
2022-03-15,10555,46895,49704628,38261586
2022-03-16,9487,41980,49714115,38303566
2022-03-17,9727,44878,49723842,38348444
2022-03-18,10164,49059,49734006,38397503
2022-03-19,9153,46541,49743159,38444044
2022-03-20,2608,11704,49745767,38455748
2022-03-21,7588,40233,49753355,38495981
2022-03-22,8448,37769,49761803,38533750
2022-03-23,7221,33701,49769024,38567451
2022-03-24,8262,38821,49777286,38606272
2022-03-25,8144,43673,49785430,38649945
2022-03-26,8128,41723,49793558,38691668
2022-03-27,2432,9683,49795990,38701351
2022-03-28,6113,35245,49802103,38736596
2022-03-29,5783,32532,49807886,38769128
2022-03-30,5567,30205,49813453,38799333
2022-03-31,5906,33187,49819359,38832520
2022-04-01,4351,25191,49823710,38857711
2022-04-02,4498,23275,49828208,38880986
2022-04-03,1049,4500,49829257,38885486
2022-04-04,3662,21547,49832919,38907033
2022-04-05,3759,22938,49836678,38929971
2022-04-06,4105,21853,49840783,38951824
2022-04-07,3971,23321,49844754,38975145
2022-04-08,4696,26716,49849450,39001861
2022-04-09,4382,23888,49853832,39025749
2022-04-10,893,4613,49854725,39030362
2022-04-11,3819,22691,49858544,39053053
2022-04-12,3364,21781,49861908,39074834
2022-04-13,3574,21337,49865482,39096171
2022-04-14,3487,23789,49868969,39119960
2022-04-15,3085,20623,49872054,39140583
2022-04-16,2152,11918,49874206,39152501
2022-04-17,63,348,49874269,39152849
2022-04-18,152,650,49874421,39153499
2022-04-19,3500,21988,49877921,39175487
2022-04-20,3513,20250,49881434,39195737
2022-04-21,2848,19793,49884282,39215530
2022-04-22,2928,20715,49887210,39236245
2022-04-23,2648,16222,49889858,39252467
2022-04-24,509,2335,49890367,39254802
2022-04-25,183,1165,49890550,39255967
2022-04-26,2761,17813,49893311,39273780
2022-04-27,2375,15795,49895686,39289575
2022-04-28,2363,15567,49898049,39305142
2022-04-29,2299,14850,49900348,39319992
2022-04-30,2123,11585,49902471,39331577
2022-05-01,113,531,49902584,39332108
2022-05-02,1451,9394,49904035,39341502
2022-05-03,1577,10326,49905612,39351828
2022-05-04,1747,10276,49907359,39362104
2022-05-05,1654,10301,49909013,39372405
2022-05-06,1702,10972,49910715,39383377
2022-05-07,1431,8575,49912146,39391952
2022-05-08,417,1526,49912563,39393478
2022-05-09,1028,8935,49913591,39402413
2022-05-10,1427,9554,49915018,39411967
2022-05-11,1485,10109,49916503,39422076
2022-05-12,1371,10137,49917874,39432213
2022-05-13,1596,10527,49919470,39442740
2022-05-14,1361,8248,49920831,39450988
2022-05-15,336,1138,49921167,39452126
2022-05-16,814,8409,49921981,39460535
2022-05-17,1244,8708,49923225,39469243
2022-05-18,1373,9256,49924598,39478499
2022-05-19,1501,9287,49926099,39487786
2022-05-20,1426,9535,49927525,39497321
2022-05-21,1302,7902,49928827,39505223
2022-05-22,231,1013,49929058,39506236
2022-05-23,830,8274,49929888,39514510
2022-05-24,1073,8673,49930961,39523183
2022-05-25,1372,9460,49932333,39532643
2022-05-26,1198,9480,49933531,39542123
2022-05-27,1232,9917,49934763,39552040
2022-05-28,1205,7890,49935968,39559930
2022-05-29,288,1265,49936256,39561195
2022-05-30,931,8060,49937187,39569255
2022-05-31,1039,8549,49938226,39577804
2022-06-01,896,7657,49939122,39585461
2022-06-02,35,474,49939157,39585935
2022-06-03,817,7334,49939974,39593269
2022-06-04,870,5162,49940844,39598431
2022-06-05,88,586,49940932,39599017
2022-06-06,679,7004,49941611,39606021
2022-06-07,952,7850,49942563,39613871
2022-06-08,981,7906,49943544,39621777
2022-06-09,1037,8418,49944581,39630195
2022-06-10,958,8563,49945539,39638758
2022-06-11,903,6207,49946442,39644965
2022-06-12,140,768,49946582,39645733
2022-06-13,602,6302,49947184,39652035
2022-06-14,832,7905,49948016,39659940
2022-06-15,960,7856,49948976,39667796
2022-06-16,733,7399,49949709,39675195
2022-06-17,723,7248,49950432,39682443
2022-06-18,778,5596,49951210,39688039
2022-06-19,49,521,49951259,39688560
2022-06-20,587,6699,49951846,39695259
2022-06-21,741,7664,49952587,39702923
2022-06-22,779,7313,49953366,39710236
2022-06-23,649,7472,49954015,39717708
2022-06-24,644,7474,49954659,39725182
2022-06-25,835,6533,49955494,39731715
2022-06-26,128,523,49955622,39732238
2022-06-27,534,7126,49956156,39739364
2022-06-28,748,8208,49956904,39747572
2022-06-29,756,7733,49957660,39755305
2022-06-30,747,8145,49958407,39763450
2022-07-01,577,6443,49958984,39769893
2022-07-02,536,4769,49959520,39774662
2022-07-03,49,456,49959569,39775118
2022-07-04,469,6278,49960038,39781396
2022-07-05,631,8122,49960669,39789518
2022-07-06,634,7611,49961303,39797129
2022-07-07,576,8274,49961879,39805403
2022-07-08,677,8086,49962556,39813489
2022-07-09,550,6105,49963106,39819594
2022-07-10,58,533,49963164,39820127
2022-07-11,493,7642,49963657,39827769
2022-07-12,669,9029,49964326,39836798
2022-07-13,645,10066,49964971,39846864
2022-07-14,637,10225,49965608,39857089
2022-07-15,627,10674,49966235,39867763
2022-07-16,523,7215,49966758,39874978
2022-07-17,48,770,49966806,39875748
2022-07-18,496,9375,49967302,39885123
2022-07-19,576,10684,49967878,39895807
2022-07-20,582,11277,49968460,39907084
2022-07-21,632,12093,49969092,39919177
2022-07-22,584,11261,49969676,39930438
2022-07-23,381,6775,49970057,39937213
2022-07-24,76,857,49970133,39938070
2022-07-25,504,9056,49970637,39947126
2022-07-26,522,9768,49971159,39956894
2022-07-27,554,10210,49971713,39967104
2022-07-28,533,10534,49972246,39977638
2022-07-29,510,9467,49972756,39987105
2022-07-30,383,5884,49973139,39992989
2022-07-31,49,764,49973188,39993753
2022-08-01,386,6865,49973574,40000618
2022-08-02,548,7590,49974122,40008208
2022-08-03,513,7182,49974635,40015390
2022-08-04,455,7493,49975090,40022883
2022-08-05,421,6528,49975511,40029411
2022-08-06,300,3613,49975811,40033024
2022-08-07,44,563,49975855,40033587
2022-08-08,403,4890,49976258,40038477
2022-08-09,381,5313,49976639,40043790
2022-08-10,385,4816,49977024,40048606
2022-08-11,369,4804,49977393,40053410
2022-08-12,294,3719,49977687,40057129
2022-08-13,143,1600,49977830,40058729
2022-08-14,9,129,49977839,40058858
2022-08-15,1,26,49977840,40058884
2022-08-16,283,3043,49978123,40061927
2022-08-17,352,3536,49978475,40065463
2022-08-18,394,4160,49978869,40069623
2022-08-19,341,3321,49979210,40072944
2022-08-20,184,1715,49979394,40074659
2022-08-21,24,149,49979418,40074808
2022-08-22,330,2952,49979748,40077760
2022-08-23,370,3674,49980118,40081434
2022-08-24,384,3360,49980502,40084794
2022-08-25,423,3773,49980925,40088567
2022-08-26,399,3585,49981324,40092152
2022-08-27,237,1770,49981561,40093922
2022-08-28,29,267,49981590,40094189
2022-08-29,354,3161,49981944,40097350
2022-08-30,406,3672,49982350,40101022
2022-08-31,438,3734,49982788,40104756
2022-09-01,353,3117,49983141,40107873
2022-09-02,297,2894,49983438,40110767
2022-09-03,200,1692,49983638,40112459
2022-09-04,24,149,49983662,40112608
2022-09-05,187,2656,49983849,40115264
2022-09-06,306,2985,49984155,40118249
2022-09-07,542,2936,49984697,40121185
2022-09-08,293,2964,49984990,40124149
2022-09-09,308,2886,49985298,40127035
2022-09-10,228,1327,49985526,40128362
2022-09-11,23,124,49985549,40128486
2022-09-12,267,2269,49985816,40130755
2022-09-13,253,2279,49986069,40133034
2022-09-14,266,2566,49986335,40135600
2022-09-15,283,2501,49986618,40138101
2022-09-16,255,2542,49986873,40140643
2022-09-17,239,1339,49987112,40141982
2022-09-18,20,170,49987132,40142152
2022-09-19,206,1971,49987338,40144123
2022-09-20,237,2392,49987575,40146515
2022-09-21,289,2526,49987864,40149041
2022-09-22,267,2663,49988131,40151704
2022-09-23,261,2546,49988392,40154250
2022-09-24,193,1427,49988585,40155677
2022-09-25,29,133,49988614,40155810
2022-09-26,281,2249,49988895,40158059
2022-09-27,287,2680,49989182,40160739
2022-09-28,310,2905,49989492,40163644
2022-09-29,257,3050,49989749,40166694
2022-09-30,292,2987,49990041,40169681
2022-10-01,195,1515,49990236,40171196
2022-10-02,12,187,49990248,40171383
2022-10-03,186,2475,49990434,40173858
2022-10-04,236,2861,49990670,40176719
2022-10-05,233,3253,49990903,40179972
2022-10-06,243,3872,49991146,40183844
2022-10-07,283,4184,49991429,40188028
2022-10-08,206,2268,49991635,40190296
2022-10-09,8,305,49991643,40190601
2022-10-10,214,3347,49991857,40193948
2022-10-11,195,4378,49992052,40198326
2022-10-12,207,4436,49992259,40202762
2022-10-13,206,5299,49992465,40208061
2022-10-14,233,5006,49992698,40213067
2022-10-15,191,2669,49992889,40215736
2022-10-16,6,360,49992895,40216096
2022-10-17,187,3873,49993082,40219969
2022-10-18,257,4959,49993339,40224928
2022-10-19,246,5477,49993585,40230405
2022-10-20,224,5995,49993809,40236400
2022-10-21,257,5475,49994066,40241875
2022-10-22,195,2911,49994261,40244786
2022-10-23,13,364,49994274,40245150
2022-10-24,171,3929,49994445,40249079
2022-10-25,256,4925,49994701,40254004
2022-10-26,350,5501,49995051,40259505
2022-10-27,240,5675,49995291,40265180
2022-10-28,199,5265,49995490,40270445
2022-10-29,128,2844,49995618,40273289
2022-10-30,3,328,49995621,40273617
2022-10-31,117,3039,49995738,40276656
2022-11-01,11,353,49995749,40277009
2022-11-02,146,3721,49995895,40280730
2022-11-03,172,4788,49996067,40285518
2022-11-04,228,4600,49996295,40290118
2022-11-05,144,2598,49996439,40292716
2022-11-06,10,261,49996449,40292977
2022-11-07,169,3226,49996618,40296203
2022-11-08,261,4252,49996879,40300455
2022-11-09,202,4334,49997081,40304789
2022-11-10,184,4597,49997265,40309386
2022-11-11,194,4230,49997459,40313616
2022-11-12,161,2378,49997620,40315994
2022-11-13,7,338,49997627,40316332
2022-11-14,150,2836,49997777,40319168
2022-11-15,204,3749,49997981,40322917
2022-11-16,217,4000,49998198,40326917
2022-11-17,194,4109,49998392,40331026
2022-11-18,248,4034,49998640,40335060
2022-11-19,112,2087,49998752,40337147
2022-11-20,24,317,49998776,40337464
2022-11-21,119,2621,49998895,40340085
2022-11-22,142,3220,49999037,40343305
2022-11-23,191,3625,49999228,40346930
2022-11-24,158,3845,49999386,40350775
2022-11-25,184,3778,49999570,40354553
2022-11-26,134,2094,49999704,40356647
2022-11-27,22,356,49999726,40357003
2022-11-28,182,2691,49999908,40359694
2022-11-29,257,3233,50000165,40362927
2022-11-30,183,3734,50000348,40366661
2022-12-01,151,3629,50000499,40370290
2022-12-02,158,3528,50000657,40373818
2022-12-03,106,1972,50000763,40375790
2022-12-04,5,290,50000768,40376080
2022-12-05,129,2856,50000897,40378936
2022-12-06,177,3659,50001074,40382595
2022-12-07,136,3128,50001210,40385723
2022-12-08,8,168,50001218,40385891
2022-12-09,164,3035,50001382,40388926
2022-12-10,71,1601,50001453,40390527
2022-12-11,7,193,50001460,40390720
2022-12-12,171,2534,50001631,40393254
2022-12-13,251,3049,50001882,40396303
2022-12-14,232,3234,50002114,40399537
2022-12-15,206,3287,50002320,40402824
2022-12-16,161,3210,50002481,40406034
2022-12-17,95,1692,50002576,40407726
2022-12-18,10,270,50002586,40407996
2022-12-19,147,2164,50002733,40410160
2022-12-20,213,2518,50002946,40412678
2022-12-21,159,2247,50003105,40414925
2022-12-22,141,1868,50003246,40416793
2022-12-23,153,1219,50003399,40418012
2022-12-24,32,161,50003431,40418173
2022-12-25,0,6,50003431,40418179
2022-12-26,6,41,50003437,40418220
2022-12-27,133,1557,50003570,40419777
2022-12-28,136,1775,50003706,40421552
2022-12-29,93,1703,50003799,40423255
2022-12-30,116,1610,50003915,40424865
2022-12-31,21,273,50003936,40425138
2023-01-01,0,6,50003936,40425144
2023-01-02,48,1122,50003984,40426266
2023-01-03,97,1894,50004081,40428160
2023-01-04,110,1997,50004191,40430157
2023-01-05,98,1900,50004289,40432057
2023-01-06,0,69,50004289,40432126
2023-01-07,51,686,50004340,40432812
2023-01-08,2,97,50004342,40432909
2023-01-09,124,1402,50004466,40434311
2023-01-10,123,1750,50004589,40436061
2023-01-11,113,1725,50004702,40437786
2023-01-12,112,1926,50004814,40439712
2023-01-13,59,962,50004873,40440674