data_somministrazione,vaccinazioni,booster,cum_vaccinazioni,cum_booster
2020-12-27,20,0,20,0
2020-12-28,2,0,22,0
2020-12-29,1,0,23,0
2020-12-30,10,0,33,0
2020-12-31,76,0,109,0
2021-01-01,25,0,134,0
2021-01-02,142,0,276,0
2021-01-03,105,0,381,0
2021-01-04,236,0,617,0
2021-01-05,278,0,895,0
2021-01-06,245,0,1140,0
2021-01-07,322,0,1462,0
2021-01-08,378,0,1840,0
2021-01-09,281,0,2121,0
2021-01-10,165,0,2286,0
2021-01-11,303,0,2589,0
2021-01-12,283,0,2872,0
2021-01-13,417,0,3289,0
2021-01-14,502,0,3791,0
2021-01-15,317,0,4108,0
2021-01-16,223,0,4331,0
2021-01-17,3063,0,7394,0
2021-01-18,5220,0,12614,0
2021-01-19,1894,0,14508,0
2021-01-20,4659,0,19167,0
2021-01-21,20006,0,39173,0
2021-01-22,14220,0,53393,0
2021-01-23,33323,0,86716,0
2021-01-24,30776,0,117492,0
2021-01-25,64707,0,182199,0
2021-01-26,76467,0,258666,0
2021-01-27,64814,0,323480,0
2021-01-28,89257,0,412737,0
2021-01-29,93998,0,506735,0
2021-01-30,86544,0,593279,0
2021-01-31,57325,0,650604,0
2021-02-01,81839,0,732443,0
2021-02-02,82135,0,814578,0
2021-02-03,91107,0,905685,0
2021-02-04,95385,0,1001070,0
2021-02-05,90270,0,1091340,0
2021-02-06,63447,0,1154787,0
2021-02-07,32935,0,1187722,0
2021-02-08,40423,0,1228145,0
2021-02-09,32879,0,1261024,0
2021-02-10,28435,0,1289459,0
2021-02-11,20405,0,1309864,0
2021-02-12,16251,0,1326115,0
2021-02-13,7279,0,1333394,0
2021-02-14,2862,0,1336256,0
2021-02-15,6846,0,1343102,0
2021-02-16,7004,0,1350106,0
2021-02-17,10526,0,1360632,0
2021-02-18,9255,0,1369887,0
2021-02-19,8255,0,1378142,0
2021-02-20,5577,0,1383719,0
2021-02-21,3014,0,1386733,0
2021-02-22,6882,0,1393615,0
2021-02-23,7187,0,1400802,0
2021-02-24,9812,0,1410614,0
2021-02-25,14213,0,1424827,0
2021-02-26,17559,0,1442386,0
2021-02-27,13918,0,1456304,0
2021-02-28,9394,0,1465698,0
2021-03-01,26526,0,1492224,0
2021-03-02,33248,0,1525472,0
2021-03-03,44646,0,1570118,0
2021-03-04,50302,0,1620420,0
2021-03-05,55744,0,1676164,0
2021-03-06,41879,0,1718043,0
2021-03-07,22330,0,1740373,0
2021-03-08,50833,0,1791206,0
2021-03-09,53090,0,1844296,0
2021-03-10,58683,0,1902979,0
2021-03-11,63883,0,1966862,0
2021-03-12,65136,0,2031998,0
2021-03-13,51729,0,2083727,0
2021-03-14,35423,0,2119150,0
2021-03-15,73461,0,2192611,0
2021-03-16,74028,0,2266639,0
2021-03-17,83140,0,2349779,0
2021-03-18,81628,0,2431407,0
2021-03-19,81089,0,2512496,0
2021-03-20,64736,0,2577232,0
2021-03-21,47312,0,2624544,0
2021-03-22,69501,0,2694045,0
2021-03-23,75815,0,2769860,0
2021-03-24,90923,0,2860783,0
2021-03-25,89822,0,2950605,0
2021-03-26,83640,0,3034245,0
2021-03-27,71955,0,3106200,0
2021-03-28,44184,0,3150384,0
2021-03-29,70847,0,3221231,0
2021-03-30,81402,0,3302633,0
2021-03-31,96261,0,3398894,0
2021-04-01,95326,0,3494220,0
2021-04-02,84084,0,3578304,0
2021-04-03,64304,0,3642608,0
2021-04-04,21724,0,3664332,0
2021-04-05,40317,0,3704649,0
2021-04-06,81335,0,3785984,0
2021-04-07,95841,0,3881825,0
2021-04-08,95260,0,3977085,0
2021-04-09,88503,0,4065588,0
2021-04-10,74032,0,4139620,0
2021-04-11,44768,0,4184388,0
2021-04-12,66921,0,4251309,0
2021-04-13,72595,0,4323904,0
2021-04-14,85551,0,4409455,0
2021-04-15,105425,0,4514880,0
2021-04-16,106428,0,4621308,0
2021-04-17,90528,0,4711836,0
2021-04-18,58596,0,4770432,0
2021-04-19,93433,0,4863865,0
2021-04-20,103776,0,4967641,0
2021-04-21,125342,0,5092983,0
2021-04-22,143524,0,5236507,0
2021-04-23,138750,0,5375257,0
2021-04-24,124454,0,5499711,0
2021-04-25,61470,0,5561181,0
2021-04-26,97908,0,5659089,0
2021-04-27,128373,0,5787462,0
2021-04-28,156392,0,5943854,0
2021-04-29,195617,0,6139471,0
2021-04-30,214608,0,6354079,0
2021-05-01,174141,0,6528220,0
2021-05-02,135806,0,6664026,0
2021-05-03,142066,0,6806092,0
2021-05-04,158712,0,6964804,0
2021-05-05,170541,0,7135345,0
2021-05-06,197818,0,7333163,0
2021-05-07,213873,0,7547036,0
2021-05-08,213439,0,7760475,0
2021-05-09,143218,0,7903693,0
2021-05-10,165102,0,8068795,0
2021-05-11,175006,0,8243801,0
2021-05-12,179221,0,8423022,0
2021-05-13,203420,0,8626442,0
2021-05-14,222939,0,8849381,0
2021-05-15,210389,0,9059770,0
2021-05-16,159285,0,9219055,0
2021-05-17,219218,0,9438273,0
2021-05-18,213032,0,9651305,0
2021-05-19,207098,0,9858403,0
2021-05-20,270887,0,10129290,0
2021-05-21,270915,0,10400205,0
2021-05-22,245544,0,10645749,0
2021-05-23,197188,0,10842937,0
2021-05-24,228311,0,11071248,0
2021-05-25,245700,0,11316948,0
2021-05-26,277516,0,11594464,0
2021-05-27,311104,0,11905568,0
2021-05-28,299586,0,12205154,0
2021-05-29,231246,0,12436400,0
2021-05-30,170851,0,12607251,0
2021-05-31,216436,0,12823687,0
2021-06-01,207640,0,13031327,0
2021-06-02,115804,0,13147131,0
2021-06-03,180171,0,13327302,0
2021-06-04,184921,0,13512223,0
2021-06-05,185997,0,13698220,0
2021-06-06,139586,0,13837806,0
2021-06-07,161905,0,13999711,0
2021-06-08,171283,0,14170994,0
2021-06-09,171525,0,14342519,0
2021-06-10,174153,0,14516672,0
2021-06-11,170023,0,14686695,0
2021-06-12,128388,0,14815083,0
2021-06-13,91230,0,14906313,0
2021-06-14,214707,0,15121020,0
2021-06-15,228460,0,15349480,0
2021-06-16,253113,0,15602593,0
2021-06-17,301772,0,15904365,0
2021-06-18,306327,0,16210692,0
2021-06-19,275116,0,16485808,0
2021-06-20,220819,0,16706627,0
2021-06-21,288100,0,16994727,0
2021-06-22,296249,0,17290976,0
2021-06-23,302703,0,17593679,0
2021-06-24,332622,0,17926301,0
2021-06-25,348730,0,18275031,0
2021-06-26,300154,0,18575185,0
2021-06-27,228693,0,18803878,0
2021-06-28,307147,0,19111025,0
2021-06-29,329330,0,19440355,0
2021-06-30,342217,0,19782572,0
2021-07-01,363240,0,20145812,0
2021-07-02,368504,0,20514316,0
2021-07-03,371105,0,20885421,0
2021-07-04,283239,0,21168660,0
2021-07-05,384567,0,21553227,0
2021-07-06,385495,0,21938722,0
2021-07-07,412140,0,22350862,0
2021-07-08,479593,0,22830455,0
2021-07-09,498464,0,23328919,0
2021-07-10,475170,0,23804089,0
2021-07-11,357696,0,24161785,0
2021-07-12,485882,0,24647667,0
2021-07-13,492079,0,25139746,0
2021-07-14,480435,0,25620181,0
2021-07-15,523431,0,26143612,0
2021-07-16,509755,0,26653367,0
2021-07-17,464326,0,27117693,0
2021-07-18,364642,0,27482335,0
2021-07-19,463035,0,27945370,0
2021-07-20,458049,0,28403419,0
2021-07-21,462787,0,28866206,0
2021-07-22,475380,0,29341586,0
2021-07-23,441319,0,29782905,0
2021-07-24,386150,0,30169055,0
2021-07-25,287552,0,30456607,0
2021-07-26,430890,0,30887497,0
2021-07-27,440110,0,31327607,0
2021-07-28,391023,0,31718630,0
2021-07-29,372073,0,32090703,0
2021-07-30,341516,0,32432219,0
2021-07-31,287045,0,32719264,0
2021-08-01,191001,0,32910265,0
2021-08-02,333707,0,33243972,0
2021-08-03,323182,0,33567154,0
2021-08-04,310986,0,33878140,0
2021-08-05,292488,0,34170628,0
2021-08-06,260038,0,34430666,0
2021-08-07,199068,0,34629734,0
2021-08-08,153106,0,34782840,0
2021-08-09,234083,0,35016923,0
2021-08-10,205274,0,35222197,0
2021-08-11,193785,0,35415982,0
2021-08-12,168059,0,35584041,0
2021-08-13,148663,0,35732704,0
2021-08-14,66102,0,35798806,0
2021-08-15,26343,0,35825149,0
2021-08-16,114711,0,35939860,0
2021-08-17,129252,0,36069112,0
2021-08-18,128766,0,36197878,0
2021-08-19,124848,0,36322726,0
2021-08-20,123797,0,36446523,0
2021-08-21,83136,0,36529659,0
2021-08-22,68178,0,36597837,0
2021-08-23,176874,0,36774711,0
2021-08-24,156897,0,36931608,0
2021-08-25,177173,0,37108781,0
2021-08-26,172354,0,37281135,0
2021-08-27,185832,0,37466967,0
2021-08-28,140289,0,37607256,0
2021-08-29,98993,0,37706249,0
2021-08-30,209585,0,37915834,0
2021-08-31,194645,0,38110479,0
2021-09-01,192217,0,38302696,0
2021-09-02,189932,0,38492628,0
2021-09-03,191286,0,38683914,0
2021-09-04,131451,0,38815365,0
2021-09-05,87849,0,38903214,0
2021-09-06,193608,0,39096822,0
2021-09-07,196043,0,39292865,0
2021-09-08,187867,0,39480732,0
2021-09-09,201422,0,39682154,0
2021-09-10,198056,0,39880210,0
2021-09-11,141289,0,40021499,0
2021-09-12,89592,0,40111091,0
2021-09-13,191114,635,40302205,635
2021-09-14,177220,641,40479425,1276
2021-09-15,163081,645,40642506,1921
2021-09-16,160048,993,40802554,2914
2021-09-17,150160,1164,40952714,4078
2021-09-18,127979,775,41080693,4853
2021-09-19,81142,508,41161835,5361
2021-09-20,180068,9120,41341903,14481
2021-09-21,166670,8861,41508573,23342
2021-09-22,159110,9461,41667683,32803
2021-09-23,138098,9356,41805781,42159
2021-09-24,140555,9008,41946336,51167
2021-09-25,119560,5672,42065896,56839
2021-09-26,71993,4361,42137889,61200
2021-09-27,135664,10081,42273553,71281
2021-09-28,117518,11422,42391071,82703
2021-09-29,112371,11850,42503442,94553
2021-09-30,110285,14979,42613727,109532
2021-10-01,94993,19144,42708720,128676
2021-10-02,78518,14043,42787238,142719
2021-10-03,47760,7668,42834998,150387
2021-10-04,88392,34479,42923390,184866
2021-10-05,80380,34016,43003770,218882
2021-10-06,72011,34204,43075781,253086
2021-10-07,71880,34369,43147661,287455
2021-10-08,80638,33621,43228299,321076
2021-10-09,76114,22191,43304413,343267
2021-10-10,45789,13630,43350202,356897
2021-10-11,87449,41130,43437651,398027
2021-10-12,84518,46931,43522169,444958
2021-10-13,88213,52163,43610382,497121
2021-10-14,91553,58554,43701935,555675
2021-10-15,93600,55673,43795535,611348
2021-10-16,82971,36823,43878506,648171
2021-10-17,51463,23858,43929969,672029
2021-10-18,90301,59518,44020270,731547
2021-10-19,78355,69406,44098625,800953
2021-10-20,75063,78205,44173688,879158
2021-10-21,78291,81807,44251979,960965
2021-10-22,73769,77079,44325748,1038044
2021-10-23,60834,51973,44386582,1090017
2021-10-24,33369,23478,44419951,1113495
2021-10-25,64896,81664,44484847,1195159
2021-10-26,58376,91830,44543223,1286989
2021-10-27,58314,104029,44601537,1391018
2021-10-28,61448,114155,44662985,1505173
2021-10-29,61634,103180,44724619,1608353
2021-10-30,50676,68143,44775295,1676496
2021-10-31,25160,28310,44800455,1704806
2021-11-01,19049,28158,44819504,1732964
2021-11-02,62740,89434,44882244,1822398
2021-11-03,60717,118698,44942961,1941096
2021-11-04,59237,126699,45002198,2067795
2021-11-05,63095,135218,45065293,2203013
2021-11-06,46489,90938,45111782,2293951
2021-11-07,22250,37904,45134032,2331855
2021-11-08,51529,131291,45185561,2463146
2021-11-09,45402,144236,45230963,2607382
2021-11-10,42593,156371,45273556,2763753
2021-11-11,44930,155167,45318486,2918920
2021-11-12,46312,158684,45364798,3077604
2021-11-13,33266,116678,45398064,3194282
2021-11-14,14492,52459,45412556,3246741
2021-11-15,36908,157445,45449464,3404186
2021-11-16,30566,171403,45480030,3575589
2021-11-17,28469,178460,45508499,3754049
2021-11-18,30293,193762,45538792,3947811
2021-11-19,28819,205881,45567611,4153692
2021-11-20,21005,156460,45588616,4310152
2021-11-21,10611,64871,45599227,4375023
2021-11-22,21957,213161,45621184,4588184
2021-11-23,23603,241801,45644787,4829985
2021-11-24,27807,271053,45672594,5101038
2021-11-25,23267,301934,45695861,5402972
2021-11-26,24596,318307,45720457,5721279
2021-11-27,21408,266170,45741865,5987449
2021-11-28,9908,137070,45751773,6124519
2021-11-29,22366,326073,45774139,6450592
2021-11-30,23117,365864,45797256,6816456
2021-12-01,21554,413528,45818810,7229984
2021-12-02,23792,440440,45842602,7670424
2021-12-03,25271,467530,45867873,8137954
2021-12-04,22393,418797,45890266,8556751
2021-12-05,11944,261366,45902210,8818117
2021-12-06,25842,457629,45928052,9275746
2021-12-07,24160,480304,45952212,9756050
2021-12-08,10029,249721,45962241,10005771
2021-12-09,31619,491964,45993860,10497735
2021-12-10,28097,517930,46021957,11015665
2021-12-11,23587,459275,46045544,11474940
2021-12-12,12320,293527,46057864,11768467
2021-12-13,26175,467653,46084039,12236120
2021-12-14,25203,494236,46109242,12730356
2021-12-15,25369,517188,46134611,13247544
2021-12-16,27924,520299,46162535,13767843
2021-12-17,29395,517217,46191930,14285060
2021-12-18,27112,468777,46219042,14753837
2021-12-19,15171,300539,46234213,15054376
2021-12-20,30671,477504,46264884,15531880
2021-12-21,30409,493436,46295293,16025316
2021-12-22,29483,484751,46324776,16510067
2021-12-23,28286,426958,46353062,16937025
2021-12-24,13125,210842,46366187,17147867
2021-12-25,2104,33053,46368291,17180920
2021-12-26,8774,159076,46377065,17339996
2021-12-27,46844,504692,46423909,17844688
2021-12-28,42507,554254,46466416,18398942
2021-12-29,34394,550676,46500810,18949618
2021-12-30,31887,499863,46532697,19449481
2021-12-31,14146,247407,46546843,19696888
2022-01-01,3499,64815,46550342,19761703
2022-01-02,22824,276727,46573166,20038430
2022-01-03,47932,520034,46621098,20558464
2022-01-04,46466,572100,46667564,21130564
2022-01-05,40838,560419,46708402,21690983
2022-01-06,23535,274491,46731937,21965474
2022-01-07,63792,554219,46795729,22519693
2022-01-08,60964,503411,46856693,23023104
2022-01-09,42948,319699,46899641,23342803
2022-01-10,61167,542324,46960808,23885127
2022-01-11,61834,587038,47022642,24472165
2022-01-12,58543,581305,47081185,25053470
2022-01-13,58705,580431,47139890,25633901
2022-01-14,46923,588607,47186813,26222508
2022-01-15,39546,569982,47226359,26792490
2022-01-16,31307,341890,47257666,27134380
2022-01-17,54850,489689,47312516,27624069
2022-01-18,58467,517051,47370983,28141120
2022-01-19,57263,502819,47428246,28643939
2022-01-20,54412,498860,47482658,29142799
2022-01-21,42169,493896,47524827,29636695
2022-01-22,31284,469616,47556111,30106311
2022-01-23,34981,275391,47591092,30381702
2022-01-24,56227,437245,47647319,30818947
2022-01-25,61595,452131,47708914,31271078
2022-01-26,58585,435848,47767499,31706926
2022-01-27,48884,432399,47816383,32139325
2022-01-28,58747,436559,47875130,32575884
2022-01-29,68183,412515,47943313,32988399
2022-01-30,50409,235984,47993722,33224383
2022-01-31,60698,356946,48054420,33581329
2022-02-01,65607,328463,48120027,33909792
2022-02-02,63245,296994,48183272,34206786
2022-02-03,60086,274533,48243358,34481319
2022-02-04,72402,268469,48315760,34749788
2022-02-05,83818,248549,48399578,34998337
2022-02-06,55306,116208,48454884,35114545
2022-02-07,65177,199946,48520061,35314491
2022-02-08,66954,186125,48587015,35500616
2022-02-09,58775,166352,48645790,35666968
2022-02-10,58597,163247,48704387,35830215
2022-02-11,62274,162474,48766661,35992689
2022-02-12,72003,152153,48838664,36144842
2022-02-13,41482,68854,48880146,36213696
2022-02-14,46711,116190,48926857,36329886
2022-02-15,48560,123482,48975417,36453368
2022-02-16,45684,106129,49021101,36559497
2022-02-17,42873,98118,49063974,36657615
2022-02-18,46631,112583,49110605,36770198
2022-02-19,52544,100340,49163149,36870538
2022-02-20,31414,40368,49194563,36910906
2022-02-21,37900,89659,49232463,37000565
2022-02-22,37225,83782,49269688,37084347
2022-02-23,33399,79410,49303087,37163757
2022-02-24,32562,78166,49335649,37241923
2022-02-25,34770,90713,49370419,37332636
2022-02-26,39163,89135,49409582,37421771
2022-02-27,22548,35857,49432130,37457628
2022-02-28,28485,81696,49460615,37539324
2022-03-01,22726,53942,49483341,37593266
2022-03-02,21959,50685,49505300,37643951
2022-03-03,22632,54947,49527932,37698898
2022-03-04,23241,62800,49551173,37761698
2022-03-05,23802,57952,49574975,37819650
2022-03-06,9473,17201,49584448,37836851
2022-03-07,15922,51390,49600370,37888241
2022-03-08,15480,48795,49615850,37937036
2022-03-09,13814,46519,49629664,37983555
2022-03-10,14054,52124,49643718,38035679
2022-03-11,15590,57270,49659308,38092949
2022-03-12,15510,56619,49674818,38149568
2022-03-13,5545,16852,49680363,38166420
2022-03-14,10526,46701,49690889,38213121
2022-03-15,10550,46895,49701439,38260016
2022-03-16,9482,41974,49710921,38301990
2022-03-17,9723,44876,49720644,38346866
2022-03-18,10161,49058,49730805,38395924
2022-03-19,9150,46538,49739955,38442462
2022-03-20,2608,11704,49742563,38454166
2022-03-21,7580,40226,49750143,38494392
2022-03-22,8447,37766,49758590,38532158
2022-03-23,7217,33700,49765807,38565858
2022-03-24,8258,38819,49774065,38604677
2022-03-25,8141,43671,49782206,38648348
2022-03-26,8127,41721,49790333,38690069
2022-03-27,2431,9683,49792764,38699752
2022-03-28,6112,35242,49798876,38734994
2022-03-29,5779,32531,49804655,38767525
2022-03-30,5567,30204,49810222,38797729
2022-03-31,5901,33187,49816123,38830916
2022-04-01,4350,25189,49820473,38856105
2022-04-02,4496,23275,49824969,38879380
2022-04-03,1049,4500,49826018,38883880
2022-04-04,3660,21545,49829678,38905425
2022-04-05,3758,22936,49833436,38928361
2022-04-06,4104,21853,49837540,38950214
2022-04-07,3970,23320,49841510,38973534
2022-04-08,4696,26713,49846206,39000247
2022-04-09,4383,23887,49850589,39024134
2022-04-10,892,4613,49851481,39028747
2022-04-11,3818,22689,49855299,39051436
2022-04-12,3365,21778,49858664,39073214
2022-04-13,3568,21336,49862232,39094550
2022-04-14,3486,23787,49865718,39118337
2022-04-15,3084,20620,49868802,39138957
2022-04-16,2150,11918,49870952,39150875
2022-04-17,63,348,49871015,39151223
2022-04-18,152,650,49871167,39151873
2022-04-19,3499,21984,49874666,39173857
2022-04-20,3511,20252,49878177,39194109
2022-04-21,2847,19790,49881024,39213899
2022-04-22,2928,20711,49883952,39234610
2022-04-23,2646,16220,49886598,39250830
2022-04-24,509,2334,49887107,39253164
2022-04-25,183,1165,49887290,39254329
2022-04-26,2760,17809,49890050,39272138
2022-04-27,2374,15795,49892424,39287933
2022-04-28,2361,15562,49894785,39303495
2022-04-29,2296,14849,49897081,39318344
2022-04-30,2123,11583,49899204,39329927
2022-05-01,113,531,49899317,39330458
2022-05-02,1451,9391,49900768,39339849
2022-05-03,1576,10321,49902344,39350170
2022-05-04,1745,10271,49904089,39360441
2022-05-05,1654,10296,49905743,39370737
2022-05-06,1702,10965,49907445,39381702
2022-05-07,1431,8570,49908876,39390272
2022-05-08,416,1523,49909292,39391795
2022-05-09,1028,8929,49910320,39400724
2022-05-10,1426,9548,49911746,39410272
2022-05-11,1483,10105,49913229,39420377
2022-05-12,1370,10131,49914599,39430508
2022-05-13,1596,10518,49916195,39441026
2022-05-14,1358,8237,49917553,39449263
2022-05-15,336,1134,49917889,39450397
2022-05-16,813,8405,49918702,39458802
2022-05-17,1243,8697,49919945,39467499
2022-05-18,1371,9233,49921316,39476732
2022-05-19,1500,9281,49922816,39486013
2022-05-20,1422,9532,49924238,39495545
2022-05-21,1300,7900,49925538,39503445
2022-05-22,231,1014,49925769,39504459
2022-05-23,830,8271,49926599,39512730
2022-05-24,1073,8672,49927672,39521402
2022-05-25,1371,9460,49929043,39530862
2022-05-26,1195,9480,49930238,39540342
2022-05-27,1232,9915,49931470,39550257
2022-05-28,1205,7887,49932675,39558144
2022-05-29,288,1265,49932963,39559409
2022-05-30,930,8057,49933893,39567466
2022-05-31,1037,8548,49934930,39576014
2022-06-01,893,7656,49935823,39583670
2022-06-02,35,474,49935858,39584144
2022-06-03,817,7334,49936675,39591478
2022-06-04,870,5162,49937545,39596640
2022-06-05,89,586,49937634,39597226
2022-06-06,678,7003,49938312,39604229
2022-06-07,951,7849,49939263,39612078
2022-06-08,981,7907,49940244,39619985
2022-06-09,1036,8417,49941280,39628402
2022-06-10,958,8564,49942238,39636966
2022-06-11,903,6207,49943141,39643173
2022-06-12,140,768,49943281,39643941
2022-06-13,602,6301,49943883,39650242
2022-06-14,832,7902,49944715,39658144
2022-06-15,960,7854,49945675,39665998
2022-06-16,732,7396,49946407,39673394
2022-06-17,724,7249,49947131,39680643
2022-06-18,777,5594,49947908,39686237
2022-06-19,48,522,49947956,39686759
2022-06-20,587,6699,49948543,39693458
2022-06-21,739,7665,49949282,39701123
2022-06-22,782,7308,49950064,39708431
2022-06-23,652,7468,49950716,39715899
2022-06-24,644,7473,49951360,39723372
2022-06-25,835,6535,49952195,39729907
2022-06-26,128,523,49952323,39730430
2022-06-27,533,7126,49952856,39737556
2022-06-28,747,8207,49953603,39745763
2022-06-29,756,7731,49954359,39753494
2022-06-30,746,8145,49955105,39761639
2022-07-01,577,6444,49955682,39768083
2022-07-02,536,4770,49956218,39772853
2022-07-03,49,456,49956267,39773309
2022-07-04,469,6277,49956736,39779586
2022-07-05,631,8118,49957367,39787704
2022-07-06,633,7611,49958000,39795315
2022-07-07,573,8272,49958573,39803587
2022-07-08,673,8083,49959246,39811670
2022-07-09,550,6105,49959796,39817775
2022-07-10,58,533,49959854,39818308
2022-07-11,490,7640,49960344,39825948
2022-07-12,667,9030,49961011,39834978
2022-07-13,643,10068,49961654,39845046
2022-07-14,637,10225,49962291,39855271
2022-07-15,625,10668,49962916,39865939
2022-07-16,522,7214,49963438,39873153
2022-07-17,48,770,49963486,39873923
2022-07-18,496,9372,49963982,39883295
2022-07-19,575,10683,49964557,39893978
2022-07-20,580,11274,49965137,39905252
2022-07-21,628,12088,49965765,39917340
2022-07-22,584,11257,49966349,39928597
2022-07-23,381,6773,49966730,39935370
2022-07-24,76,857,49966806,39936227
2022-07-25,503,9051,49967309,39945278
2022-07-26,519,9761,49967828,39955039
2022-07-27,552,10209,49968380,39965248
2022-07-28,532,10534,49968912,39975782
2022-07-29,510,9465,49969422,39985247
2022-07-30,382,5881,49969804,39991128
2022-07-31,49,764,49969853,39991892
2022-08-01,386,6864,49970239,39998756
2022-08-02,543,7590,49970782,40006346
2022-08-03,512,7179,49971294,40013525
2022-08-04,455,7488,49971749,40021013
2022-08-05,421,6528,49972170,40027541
2022-08-06,299,3613,49972469,40031154
2022-08-07,44,561,49972513,40031715
2022-08-08,404,4889,49972917,40036604
2022-08-09,381,5310,49973298,40041914
2022-08-10,384,4817,49973682,40046731
2022-08-11,369,4803,49974051,40051534
2022-08-12,293,3720,49974344,40055254
2022-08-13,143,1600,49974487,40056854
2022-08-14,9,129,49974496,40056983
2022-08-15,1,26,49974497,40057009
2022-08-16,282,3043,49974779,40060052
2022-08-17,352,3536,49975131,40063588
2022-08-18,392,4160,49975523,40067748
2022-08-19,341,3320,49975864,40071068
2022-08-20,183,1715,49976047,40072783
2022-08-21,24,149,49976071,40072932
2022-08-22,329,2952,49976400,40075884
2022-08-23,370,3674,49976770,40079558
2022-08-24,384,3359,49977154,40082917
2022-08-25,422,3774,49977576,40086691
2022-08-26,399,3574,49977975,40090265
2022-08-27,237,1769,49978212,40092034
2022-08-28,29,267,49978241,40092301
2022-08-29,354,3161,49978595,40095462
2022-08-30,403,3671,49978998,40099133
2022-08-31,438,3735,49979436,40102868
2022-09-01,353,3116,49979789,40105984
2022-09-02,296,2893,49980085,40108877
2022-09-03,200,1688,49980285,40110565
2022-09-04,23,149,49980308,40110714
2022-09-05,187,2656,49980495,40113370
2022-09-06,304,2982,49980799,40116352
2022-09-07,540,2937,49981339,40119289
2022-09-08,292,2962,49981631,40122251
2022-09-09,305,2884,49981936,40125135
2022-09-10,227,1326,49982163,40126461
2022-09-11,23,124,49982186,40126585
2022-09-12,267,2267,49982453,40128852
2022-09-13,252,2276,49982705,40131128
2022-09-14,266,2566,49982971,40133694
2022-09-15,282,2498,49983253,40136192
2022-09-16,254,2545,49983507,40138737
2022-09-17,239,1339,49983746,40140076
2022-09-18,20,170,49983766,40140246
2022-09-19,206,1970,49983972,40142216
2022-09-20,236,2391,49984208,40144607
2022-09-21,289,2526,49984497,40147133
2022-09-22,264,2662,49984761,40149795
2022-09-23,259,2543,49985020,40152338
2022-09-24,193,1427,49985213,40153765
2022-09-25,29,133,49985242,40153898
2022-09-26,280,2248,49985522,40156146
2022-09-27,287,2683,49985809,40158829
2022-09-28,310,2903,49986119,40161732
2022-09-29,257,3049,49986376,40164781
2022-09-30,291,2989,49986667,40167770
2022-10-01,195,1515,49986862,40169285
2022-10-02,12,187,49986874,40169472
2022-10-03,182,2474,49987056,40171946
2022-10-04,236,2864,49987292,40174810
2022-10-05,229,3249,49987521,40178059
2022-10-06,243,3874,49987764,40181933
2022-10-07,282,4187,49988046,40186120
2022-10-08,202,2270,49988248,40188390
2022-10-09,8,305,49988256,40188695
2022-10-10,210,3356,49988466,40192051
2022-10-11,192,4379,49988658,40196430
2022-10-12,209,4439,49988867,40200869
2022-10-13,201,5304,49989068,40206173
2022-10-14,232,5020,49989300,40211193
2022-10-15,190,2671,49989490,40213864
2022-10-16,6,360,49989496,40214224
2022-10-17,185,3871,49989681,40218095
2022-10-18,257,4964,49989938,40223059
2022-10-19,244,5478,49990182,40228537
2022-10-20,224,5993,49990406,40234530
2022-10-21,251,5472,49990657,40240002
2022-10-22,195,2910,49990852,40242912
2022-10-23,13,356,49990865,40243268
2022-10-24,171,3922,49991036,40247190
2022-10-25,253,4925,49991289,40252115
2022-10-26,343,5489,49991632,40257604
2022-10-27,239,5668,49991871,40263272
2022-10-28,198,5259,49992069,40268531
2022-10-29,128,2844,49992197,40271375
2022-10-30,3,327,49992200,40271702
2022-10-31,117,3035,49992317,40274737
2022-11-01,11,353,49992328,40275090
2022-11-02,143,3712,49992471,40278802
2022-11-03,174,4778,49992645,40283580
2022-11-04,224,4592,49992869,40288172
2022-11-05,143,2592,49993012,40290764
2022-11-06,10,259,49993022,40291023
2022-11-07,170,3222,49993192,40294245
2022-11-08,259,4235,49993451,40298480
2022-11-09,197,4317,49993648,40302797
2022-11-10,181,4569,49993829,40307366
2022-11-11,190,4213,49994019,40311579
2022-11-12,154,2354,49994173,40313933
2022-11-13,7,335,49994180,40314268
2022-11-14,150,2830,49994330,40317098
2022-11-15,200,3724,49994530,40320822
2022-11-16,215,3958,49994745,40324780
2022-11-17,192,4073,49994937,40328853
2022-11-18,246,3993,49995183,40332846
2022-11-19,112,2074,49995295,40334920
2022-11-20,24,314,49995319,40335234
2022-11-21,118,2602,49995437,40337836
2022-11-22,141,3185,49995578,40341021
2022-11-23,191,3592,49995769,40344613
2022-11-24,152,3771,49995921,40348384
2022-11-25,182,3684,49996103,40352068
2022-11-26,130,2084,49996233,40354152
2022-11-27,22,356,49996255,40354508
2022-11-28,174,2625,49996429,40357133
2022-11-29,180,3152,49996609,40360285
2022-11-30,167,3561,49996776,40363846
2022-12-01,213,3396,49996989,40367242
2022-12-02,147,3125,49997136,40370367