data_somministrazione,vaccinazioni,booster,cum_vaccinazioni,cum_booster
2020-12-27,20,0,20,0
2020-12-28,2,0,22,0
2020-12-29,1,0,23,0
2020-12-30,10,0,33,0
2020-12-31,74,0,107,0
2021-01-01,25,0,132,0
2021-01-02,139,0,271,0
2021-01-03,102,0,373,0
2021-01-04,232,0,605,0
2021-01-05,277,0,882,0
2021-01-06,244,0,1126,0
2021-01-07,319,0,1445,0
2021-01-08,373,0,1818,0
2021-01-09,280,0,2098,0
2021-01-10,165,0,2263,0
2021-01-11,301,0,2564,0
2021-01-12,282,0,2846,0
2021-01-13,414,0,3260,0
2021-01-14,502,0,3762,0
2021-01-15,316,0,4078,0
2021-01-16,222,0,4300,0
2021-01-17,3063,0,7363,0
2021-01-18,5219,0,12582,0
2021-01-19,1894,0,14476,0
2021-01-20,4659,0,19135,0
2021-01-21,20008,0,39143,0
2021-01-22,14220,0,53363,0
2021-01-23,33325,0,86688,0
2021-01-24,30777,0,117465,0
2021-01-25,64712,0,182177,0
2021-01-26,76468,0,258645,0
2021-01-27,64815,0,323460,0
2021-01-28,89257,0,412717,0
2021-01-29,94001,0,506718,0
2021-01-30,86545,0,593263,0
2021-01-31,57325,0,650588,0
2021-02-01,81840,0,732428,0
2021-02-02,82135,0,814563,0
2021-02-03,91107,0,905670,0
2021-02-04,95388,0,1001058,0
2021-02-05,90265,0,1091323,0
2021-02-06,63446,0,1154769,0
2021-02-07,32934,0,1187703,0
2021-02-08,40424,0,1228127,0
2021-02-09,32878,0,1261005,0
2021-02-10,28435,0,1289440,0
2021-02-11,20405,0,1309845,0
2021-02-12,16249,0,1326094,0
2021-02-13,7279,0,1333373,0
2021-02-14,2862,0,1336235,0
2021-02-15,6846,0,1343081,0
2021-02-16,7004,0,1350085,0
2021-02-17,10526,0,1360611,0
2021-02-18,9254,0,1369865,0
2021-02-19,8254,0,1378119,0
2021-02-20,5577,0,1383696,0
2021-02-21,3012,0,1386708,0
2021-02-22,6882,0,1393590,0
2021-02-23,7186,0,1400776,0
2021-02-24,9812,0,1410588,0
2021-02-25,14214,0,1424802,0
2021-02-26,17557,0,1442359,0
2021-02-27,13916,0,1456275,0
2021-02-28,9394,0,1465669,0
2021-03-01,26521,0,1492190,0
2021-03-02,33246,0,1525436,0
2021-03-03,44646,0,1570082,0
2021-03-04,50299,0,1620381,0
2021-03-05,55741,0,1676122,0
2021-03-06,41877,0,1717999,0
2021-03-07,22329,0,1740328,0
2021-03-08,50833,0,1791161,0
2021-03-09,53087,0,1844248,0
2021-03-10,58681,0,1902929,0
2021-03-11,63879,0,1966808,0
2021-03-12,65130,0,2031938,0
2021-03-13,51729,0,2083667,0
2021-03-14,35421,0,2119088,0
2021-03-15,73458,0,2192546,0
2021-03-16,74027,0,2266573,0
2021-03-17,83139,0,2349712,0
2021-03-18,81628,0,2431340,0
2021-03-19,81090,0,2512430,0
2021-03-20,64735,0,2577165,0
2021-03-21,47311,0,2624476,0
2021-03-22,69496,0,2693972,0
2021-03-23,75810,0,2769782,0
2021-03-24,90922,0,2860704,0
2021-03-25,89821,0,2950525,0
2021-03-26,83642,0,3034167,0
2021-03-27,71953,0,3106120,0
2021-03-28,44176,0,3150296,0
2021-03-29,70845,0,3221141,0
2021-03-30,81402,0,3302543,0
2021-03-31,96258,0,3398801,0
2021-04-01,95326,0,3494127,0
2021-04-02,84084,0,3578211,0
2021-04-03,64302,0,3642513,0
2021-04-04,21724,0,3664237,0
2021-04-05,40319,0,3704556,0
2021-04-06,81335,0,3785891,0
2021-04-07,95840,0,3881731,0
2021-04-08,95257,0,3976988,0
2021-04-09,88501,0,4065489,0
2021-04-10,74033,0,4139522,0
2021-04-11,44768,0,4184290,0
2021-04-12,66918,0,4251208,0
2021-04-13,72593,0,4323801,0
2021-04-14,85550,0,4409351,0
2021-04-15,105424,0,4514775,0
2021-04-16,106426,0,4621201,0
2021-04-17,90526,0,4711727,0
2021-04-18,58597,0,4770324,0
2021-04-19,93434,0,4863758,0
2021-04-20,103776,0,4967534,0
2021-04-21,125341,0,5092875,0
2021-04-22,143525,0,5236400,0
2021-04-23,138749,0,5375149,0
2021-04-24,124454,0,5499603,0
2021-04-25,61468,0,5561071,0
2021-04-26,97907,0,5658978,0
2021-04-27,128371,0,5787349,0
2021-04-28,156386,0,5943735,0
2021-04-29,195614,0,6139349,0
2021-04-30,214605,0,6353954,0
2021-05-01,174138,0,6528092,0
2021-05-02,135804,0,6663896,0
2021-05-03,142067,0,6805963,0
2021-05-04,158710,0,6964673,0
2021-05-05,170538,0,7135211,0
2021-05-06,197819,0,7333030,0
2021-05-07,213870,0,7546900,0
2021-05-08,213440,0,7760340,0
2021-05-09,143218,0,7903558,0
2021-05-10,165103,0,8068661,0
2021-05-11,175003,0,8243664,0
2021-05-12,179217,0,8422881,0
2021-05-13,203417,0,8626298,0
2021-05-14,222940,0,8849238,0
2021-05-15,210388,0,9059626,0
2021-05-16,159285,0,9218911,0
2021-05-17,219217,0,9438128,0
2021-05-18,213030,0,9651158,0
2021-05-19,207100,0,9858258,0
2021-05-20,270886,0,10129144,0
2021-05-21,270907,0,10400051,0
2021-05-22,245542,0,10645593,0
2021-05-23,197188,0,10842781,0
2021-05-24,228308,0,11071089,0
2021-05-25,245701,0,11316790,0
2021-05-26,277513,0,11594303,0
2021-05-27,311098,0,11905401,0
2021-05-28,299583,0,12204984,0
2021-05-29,231243,0,12436227,0
2021-05-30,170851,0,12607078,0
2021-05-31,216436,0,12823514,0
2021-06-01,207640,0,13031154,0
2021-06-02,115805,0,13146959,0
2021-06-03,180169,0,13327128,0
2021-06-04,184917,0,13512045,0
2021-06-05,185995,0,13698040,0
2021-06-06,139580,0,13837620,0
2021-06-07,161902,0,13999522,0
2021-06-08,171279,0,14170801,0
2021-06-09,171518,0,14342319,0
2021-06-10,174147,0,14516466,0
2021-06-11,170014,0,14686480,0
2021-06-12,128374,0,14814854,0
2021-06-13,91223,0,14906077,0
2021-06-14,214709,0,15120786,0
2021-06-15,228456,0,15349242,0
2021-06-16,253109,0,15602351,0
2021-06-17,301769,0,15904120,0
2021-06-18,306325,0,16210445,0
2021-06-19,275117,0,16485562,0
2021-06-20,220815,0,16706377,0
2021-06-21,288097,0,16994474,0
2021-06-22,296250,0,17290724,0
2021-06-23,302703,0,17593427,0
2021-06-24,332618,0,17926045,0
2021-06-25,348729,0,18274774,0
2021-06-26,300144,0,18574918,0
2021-06-27,228689,0,18803607,0
2021-06-28,307145,0,19110752,0
2021-06-29,329326,0,19440078,0
2021-06-30,342210,0,19782288,0
2021-07-01,363243,0,20145531,0
2021-07-02,368495,0,20514026,0
2021-07-03,371099,0,20885125,0
2021-07-04,283237,0,21168362,0
2021-07-05,384560,0,21552922,0
2021-07-06,385490,0,21938412,0
2021-07-07,412139,0,22350551,0
2021-07-08,479593,0,22830144,0
2021-07-09,498466,0,23328610,0
2021-07-10,475171,0,23803781,0
2021-07-11,357696,0,24161477,0
2021-07-12,485881,0,24647358,0
2021-07-13,492084,0,25139442,0
2021-07-14,480443,0,25619885,0
2021-07-15,523436,0,26143321,0
2021-07-16,509758,0,26653079,0
2021-07-17,464328,0,27117407,0
2021-07-18,364640,0,27482047,0
2021-07-19,463033,0,27945080,0
2021-07-20,458052,0,28403132,0
2021-07-21,462788,0,28865920,0
2021-07-22,475384,0,29341304,0
2021-07-23,441319,0,29782623,0
2021-07-24,386146,0,30168769,0
2021-07-25,287559,0,30456328,0
2021-07-26,430890,0,30887218,0
2021-07-27,440111,0,31327329,0
2021-07-28,391019,0,31718348,0
2021-07-29,372073,0,32090421,0
2021-07-30,341515,0,32431936,0
2021-07-31,287041,0,32718977,0
2021-08-01,191001,0,32909978,0
2021-08-02,333708,0,33243686,0
2021-08-03,323183,0,33566869,0
2021-08-04,310985,0,33877854,0
2021-08-05,292488,0,34170342,0
2021-08-06,260037,0,34430379,0
2021-08-07,199064,0,34629443,0
2021-08-08,153107,0,34782550,0
2021-08-09,234085,0,35016635,0
2021-08-10,205270,0,35221905,0
2021-08-11,193786,0,35415691,0
2021-08-12,168056,0,35583747,0
2021-08-13,148656,0,35732403,0
2021-08-14,66101,0,35798504,0
2021-08-15,26341,0,35824845,0
2021-08-16,114711,0,35939556,0
2021-08-17,129251,0,36068807,0
2021-08-18,128765,0,36197572,0
2021-08-19,124843,0,36322415,0
2021-08-20,123798,0,36446213,0
2021-08-21,83136,0,36529349,0
2021-08-22,68178,0,36597527,0
2021-08-23,176872,0,36774399,0
2021-08-24,156896,0,36931295,0
2021-08-25,177172,0,37108467,0
2021-08-26,172354,0,37280821,0
2021-08-27,185830,0,37466651,0
2021-08-28,140285,0,37606936,0
2021-08-29,98992,0,37705928,0
2021-08-30,209588,0,37915516,0
2021-08-31,194643,0,38110159,0
2021-09-01,192214,0,38302373,0
2021-09-02,189934,0,38492307,0
2021-09-03,191288,0,38683595,0
2021-09-04,131451,0,38815046,0
2021-09-05,87850,0,38902896,0
2021-09-06,193608,0,39096504,0
2021-09-07,196040,0,39292544,0
2021-09-08,187867,0,39480411,0
2021-09-09,201431,0,39681842,0
2021-09-10,198063,0,39879905,0
2021-09-11,141290,0,40021195,0
2021-09-12,89592,0,40110787,0
2021-09-13,191114,633,40301901,633
2021-09-14,177220,638,40479121,1271
2021-09-15,163080,644,40642201,1915
2021-09-16,160050,989,40802251,2904
2021-09-17,150162,1161,40952413,4065
2021-09-18,127981,772,41080394,4837
2021-09-19,81141,507,41161535,5344
2021-09-20,180067,9118,41341602,14462
2021-09-21,166670,8857,41508272,23319
2021-09-22,159109,9461,41667381,32780
2021-09-23,138093,9355,41805474,42135
2021-09-24,140555,9004,41946029,51139
2021-09-25,119560,5668,42065589,56807
2021-09-26,71991,4361,42137580,61168
2021-09-27,135667,10075,42273247,71243
2021-09-28,117518,11419,42390765,82662
2021-09-29,112370,11850,42503135,94512
2021-09-30,110281,14979,42613416,109491
2021-10-01,94991,19140,42708407,128631
2021-10-02,78518,14041,42786925,142672
2021-10-03,47758,7668,42834683,150340
2021-10-04,88392,34478,42923075,184818
2021-10-05,80383,34012,43003458,218830
2021-10-06,72005,34205,43075463,253035
2021-10-07,71877,34369,43147340,287404
2021-10-08,80634,33621,43227974,321025
2021-10-09,76113,22190,43304087,343215
2021-10-10,45788,13630,43349875,356845
2021-10-11,87446,41129,43437321,397974
2021-10-12,84518,46928,43521839,444902
2021-10-13,88209,52162,43610048,497064
2021-10-14,91549,58553,43701597,555617
2021-10-15,93602,55669,43795199,611286
2021-10-16,82968,36822,43878167,648108
2021-10-17,51463,23857,43929630,671965
2021-10-18,90302,59515,44019932,731480
2021-10-19,78350,69402,44098282,800882
2021-10-20,75064,78204,44173346,879086
2021-10-21,78294,81805,44251640,960891
2021-10-22,73770,77077,44325410,1037968
2021-10-23,60834,51973,44386244,1089941
2021-10-24,33367,23479,44419611,1113420
2021-10-25,64898,81662,44484509,1195082
2021-10-26,58374,91830,44542883,1286912
2021-10-27,58315,104028,44601198,1390940
2021-10-28,61450,114152,44662648,1505092
2021-10-29,61638,103175,44724286,1608267
2021-10-30,50678,68139,44774964,1676406
2021-10-31,25160,28308,44800124,1704714
2021-11-01,19048,28158,44819172,1732872
2021-11-02,62740,89431,44881912,1822303
2021-11-03,60716,118696,44942628,1940999
2021-11-04,59237,126697,45001865,2067696
2021-11-05,63094,135217,45064959,2202913
2021-11-06,46487,90938,45111446,2293851
2021-11-07,22250,37904,45133696,2331755
2021-11-08,51529,131290,45185225,2463045
2021-11-09,45401,144236,45230626,2607281
2021-11-10,42594,156370,45273220,2763651
2021-11-11,44928,155167,45318148,2918818
2021-11-12,46311,158680,45364459,3077498
2021-11-13,33265,116676,45397724,3194174
2021-11-14,14491,52459,45412215,3246633
2021-11-15,36909,157443,45449124,3404076
2021-11-16,30567,171401,45479691,3575477
2021-11-17,28469,178460,45508160,3753937
2021-11-18,30293,193763,45538453,3947700
2021-11-19,28815,205882,45567268,4153582
2021-11-20,21003,156459,45588271,4310041
2021-11-21,10611,64871,45598882,4374912
2021-11-22,21956,213162,45620838,4588074
2021-11-23,23603,241795,45644441,4829869
2021-11-24,27806,271046,45672247,5100915
2021-11-25,23265,301932,45695512,5402847
2021-11-26,24598,318303,45720110,5721150
2021-11-27,21402,266167,45741512,5987317
2021-11-28,9909,137066,45751421,6124383
2021-11-29,22364,326073,45773785,6450456
2021-11-30,23114,365863,45796899,6816319
2021-12-01,21551,413528,45818450,7229847
2021-12-02,23790,440438,45842240,7670285
2021-12-03,25270,467530,45867510,8137815
2021-12-04,22394,418792,45889904,8556607
2021-12-05,11944,261365,45901848,8817972
2021-12-06,25839,457628,45927687,9275600
2021-12-07,24156,480304,45951843,9755904
2021-12-08,10028,249719,45961871,10005623
2021-12-09,31618,491961,45993489,10497584
2021-12-10,28095,517928,46021584,11015512
2021-12-11,23583,459275,46045167,11474787
2021-12-12,12318,293525,46057485,11768312
2021-12-13,26172,467654,46083657,12235966
2021-12-14,25202,494234,46108859,12730200
2021-12-15,25368,517191,46134227,13247391
2021-12-16,27920,520301,46162147,13767692
2021-12-17,29395,517216,46191542,14284908
2021-12-18,27103,468776,46218645,14753684
2021-12-19,15169,300540,46233814,15054224
2021-12-20,30670,477502,46264484,15531726
2021-12-21,30405,493432,46294889,16025158
2021-12-22,29477,484750,46324366,16509908
2021-12-23,28285,426955,46352651,16936863
2021-12-24,13123,210841,46365774,17147704
2021-12-25,2104,33053,46367878,17180757
2021-12-26,8775,159076,46376653,17339833
2021-12-27,46844,504690,46423497,17844523
2021-12-28,42505,554252,46466002,18398775
2021-12-29,34393,550676,46500395,18949451
2021-12-30,31885,499862,46532280,19449313
2021-12-31,14143,247407,46546423,19696720
2022-01-01,3498,64815,46549921,19761535
2022-01-02,22819,276726,46572740,20038261
2022-01-03,47923,520035,46620663,20558296
2022-01-04,46456,572100,46667119,21130396
2022-01-05,40829,560416,46707948,21690812
2022-01-06,23533,274489,46731481,21965301
2022-01-07,63785,554220,46795266,22519521
2022-01-08,60956,503411,46856222,23022932
2022-01-09,42944,319701,46899166,23342633
2022-01-10,61155,542324,46960321,23884957
2022-01-11,61825,587036,47022146,24471993
2022-01-12,58531,581303,47080677,25053296
2022-01-13,58693,580429,47139370,25633725
2022-01-14,46915,588608,47186285,26222333
2022-01-15,39536,569980,47225821,26792313
2022-01-16,31302,341887,47257123,27134200
2022-01-17,54842,489686,47311965,27623886
2022-01-18,58460,517048,47370425,28140934
2022-01-19,57254,502822,47427679,28643756
2022-01-20,54408,498858,47482087,29142614
2022-01-21,42162,493898,47524249,29636512
2022-01-22,31275,469616,47555524,30106128
2022-01-23,34975,275387,47590499,30381515
2022-01-24,56223,437242,47646722,30818757
2022-01-25,61590,452130,47708312,31270887
2022-01-26,58577,435846,47766889,31706733
2022-01-27,48883,432398,47815772,32139131
2022-01-28,58741,436555,47874513,32575686
2022-01-29,68178,412509,47942691,32988195
2022-01-30,50405,235985,47993096,33224180
2022-01-31,60690,356943,48053786,33581123
2022-02-01,65601,328462,48119387,33909585
2022-02-02,63240,296990,48182627,34206575
2022-02-03,60086,274530,48242713,34481105
2022-02-04,72400,268468,48315113,34749573
2022-02-05,83815,248548,48398928,34998121
2022-02-06,55305,116207,48454233,35114328
2022-02-07,65175,199945,48519408,35314273
2022-02-08,66952,186124,48586360,35500397
2022-02-09,58773,166350,48645133,35666747
2022-02-10,58594,163245,48703727,35829992
2022-02-11,62273,162473,48766000,35992465
2022-02-12,72000,152153,48838000,36144618
2022-02-13,41480,68854,48879480,36213472
2022-02-14,46707,116190,48926187,36329662
2022-02-15,48557,123481,48974744,36453143
2022-02-16,45684,106127,49020428,36559270
2022-02-17,42869,98118,49063297,36657388
2022-02-18,46630,112583,49109927,36769971
2022-02-19,52543,100338,49162470,36870309
2022-02-20,31412,40368,49193882,36910677
2022-02-21,37900,89658,49231782,37000335
2022-02-22,37227,83780,49269009,37084115
2022-02-23,33400,79409,49302409,37163524
2022-02-24,32562,78164,49334971,37241688
2022-02-25,34770,90713,49369741,37332401
2022-02-26,39161,89136,49408902,37421537
2022-02-27,22549,35856,49431451,37457393
2022-02-28,28483,81695,49459934,37539088
2022-03-01,22724,53942,49482658,37593030
2022-03-02,21957,50685,49504615,37643715
2022-03-03,22631,54947,49527246,37698662
2022-03-04,23240,62800,49550486,37761462
2022-03-05,23802,57952,49574288,37819414
2022-03-06,9473,17201,49583761,37836615
2022-03-07,15922,51391,49599683,37888006
2022-03-08,15480,48795,49615163,37936801
2022-03-09,13814,46519,49628977,37983320
2022-03-10,14053,52123,49643030,38035443
2022-03-11,15589,57270,49658619,38092713
2022-03-12,15509,56619,49674128,38149332
2022-03-13,5545,16852,49679673,38166184
2022-03-14,10526,46701,49690199,38212885
2022-03-15,10550,46895,49700749,38259780
2022-03-16,9482,41974,49710231,38301754
2022-03-17,9722,44874,49719953,38346628
2022-03-18,10160,49058,49730113,38395686
2022-03-19,9152,46535,49739265,38442221
2022-03-20,2608,11704,49741873,38453925
2022-03-21,7580,40226,49749453,38494151
2022-03-22,8447,37764,49757900,38531915
2022-03-23,7216,33700,49765116,38565615
2022-03-24,8258,38819,49773374,38604434
2022-03-25,8141,43670,49781515,38648104
2022-03-26,8126,41721,49789641,38689825
2022-03-27,2431,9682,49792072,38699507
2022-03-28,6112,35241,49798184,38734748
2022-03-29,5779,32531,49803963,38767279
2022-03-30,5566,30205,49809529,38797484
2022-03-31,5901,33185,49815430,38830669
2022-04-01,4349,25190,49819779,38855859
2022-04-02,4496,23274,49824275,38879133
2022-04-03,1049,4500,49825324,38883633
2022-04-04,3658,21544,49828982,38905177
2022-04-05,3756,22934,49832738,38928111
2022-04-06,4103,21853,49836841,38949964
2022-04-07,3970,23321,49840811,38973285
2022-04-08,4696,26713,49845507,38999998
2022-04-09,4383,23887,49849890,39023885
2022-04-10,892,4613,49850782,39028498
2022-04-11,3818,22689,49854600,39051187
2022-04-12,3365,21778,49857965,39072965
2022-04-13,3568,21335,49861533,39094300
2022-04-14,3486,23786,49865019,39118086
2022-04-15,3084,20620,49868103,39138706
2022-04-16,2149,11918,49870252,39150624
2022-04-17,63,348,49870315,39150972
2022-04-18,152,650,49870467,39151622
2022-04-19,3499,21982,49873966,39173604
2022-04-20,3511,20252,49877477,39193856
2022-04-21,2847,19790,49880324,39213646
2022-04-22,2928,20704,49883252,39234350
2022-04-23,2646,16220,49885898,39250570
2022-04-24,509,2334,49886407,39252904
2022-04-25,183,1165,49886590,39254069
2022-04-26,2759,17809,49889349,39271878
2022-04-27,2374,15793,49891723,39287671
2022-04-28,2361,15562,49894084,39303233
2022-04-29,2296,14848,49896380,39318081
2022-04-30,2123,11582,49898503,39329663
2022-05-01,113,531,49898616,39330194
2022-05-02,1451,9391,49900067,39339585
2022-05-03,1576,10321,49901643,39349906
2022-05-04,1745,10270,49903388,39360176
2022-05-05,1654,10296,49905042,39370472
2022-05-06,1702,10965,49906744,39381437
2022-05-07,1431,8570,49908175,39390007
2022-05-08,416,1523,49908591,39391530
2022-05-09,1028,8929,49909619,39400459
2022-05-10,1426,9548,49911045,39410007
2022-05-11,1483,10105,49912528,39420112
2022-05-12,1370,10131,49913898,39430243
2022-05-13,1596,10518,49915494,39440761
2022-05-14,1358,8237,49916852,39448998
2022-05-15,336,1134,49917188,39450132
2022-05-16,813,8405,49918001,39458537
2022-05-17,1243,8697,49919244,39467234
2022-05-18,1372,9233,49920616,39476467
2022-05-19,1500,9278,49922116,39485745
2022-05-20,1422,9532,49923538,39495277
2022-05-21,1300,7900,49924838,39503177
2022-05-22,231,1014,49925069,39504191
2022-05-23,830,8270,49925899,39512461
2022-05-24,1073,8672,49926972,39521133
2022-05-25,1370,9460,49928342,39530593
2022-05-26,1195,9479,49929537,39540072
2022-05-27,1232,9915,49930769,39549987
2022-05-28,1205,7887,49931974,39557874
2022-05-29,288,1265,49932262,39559139
2022-05-30,930,8057,49933192,39567196
2022-05-31,1037,8547,49934229,39575743
2022-06-01,893,7655,49935122,39583398
2022-06-02,35,474,49935157,39583872
2022-06-03,818,7333,49935975,39591205
2022-06-04,870,5163,49936845,39596368
2022-06-05,89,586,49936934,39596954
2022-06-06,678,7003,49937612,39603957
2022-06-07,952,7849,49938564,39611806
2022-06-08,981,7908,49939545,39619714
2022-06-09,1036,8417,49940581,39628131
2022-06-10,958,8564,49941539,39636695
2022-06-11,903,6207,49942442,39642902
2022-06-12,140,768,49942582,39643670
2022-06-13,602,6301,49943184,39649971
2022-06-14,832,7902,49944016,39657873
2022-06-15,960,7854,49944976,39665727
2022-06-16,730,7396,49945706,39673123
2022-06-17,724,7247,49946430,39680370
2022-06-18,777,5593,49947207,39685963
2022-06-19,48,522,49947255,39686485
2022-06-20,587,6699,49947842,39693184
2022-06-21,737,7665,49948579,39700849
2022-06-22,781,7308,49949360,39708157
2022-06-23,652,7468,49950012,39715625
2022-06-24,644,7473,49950656,39723098
2022-06-25,835,6535,49951491,39729633
2022-06-26,128,523,49951619,39730156
2022-06-27,533,7126,49952152,39737282
2022-06-28,747,8207,49952899,39745489
2022-06-29,756,7731,49953655,39753220
2022-06-30,746,8145,49954401,39761365
2022-07-01,577,6443,49954978,39767808
2022-07-02,536,4770,49955514,39772578
2022-07-03,49,456,49955563,39773034
2022-07-04,469,6277,49956032,39779311
2022-07-05,630,8118,49956662,39787429
2022-07-06,633,7611,49957295,39795040
2022-07-07,573,8271,49957868,39803311
2022-07-08,673,8083,49958541,39811394
2022-07-09,550,6104,49959091,39817498
2022-07-10,58,533,49959149,39818031
2022-07-11,488,7638,49959637,39825669
2022-07-12,667,9030,49960304,39834699
2022-07-13,643,10068,49960947,39844767
2022-07-14,637,10226,49961584,39854993
2022-07-15,625,10666,49962209,39865659
2022-07-16,522,7214,49962731,39872873
2022-07-17,48,770,49962779,39873643
2022-07-18,496,9369,49963275,39883012
2022-07-19,575,10683,49963850,39893695
2022-07-20,580,11274,49964430,39904969
2022-07-21,628,12088,49965058,39917057
2022-07-22,584,11257,49965642,39928314
2022-07-23,381,6773,49966023,39935087
2022-07-24,76,857,49966099,39935944
2022-07-25,503,9051,49966602,39944995
2022-07-26,519,9760,49967121,39954755
2022-07-27,553,10207,49967674,39964962
2022-07-28,532,10535,49968206,39975497
2022-07-29,509,9464,49968715,39984961
2022-07-30,382,5881,49969097,39990842
2022-07-31,49,764,49969146,39991606
2022-08-01,386,6863,49969532,39998469
2022-08-02,543,7588,49970075,40006057
2022-08-03,511,7177,49970586,40013234
2022-08-04,456,7488,49971042,40020722
2022-08-05,420,6528,49971462,40027250
2022-08-06,299,3613,49971761,40030863
2022-08-07,44,561,49971805,40031424
2022-08-08,403,4890,49972208,40036314
2022-08-09,380,5310,49972588,40041624
2022-08-10,384,4816,49972972,40046440
2022-08-11,369,4783,49973341,40051223
2022-08-12,293,3720,49973634,40054943
2022-08-13,143,1600,49973777,40056543
2022-08-14,9,129,49973786,40056672
2022-08-15,1,26,49973787,40056698
2022-08-16,283,3043,49974070,40059741
2022-08-17,352,3536,49974422,40063277
2022-08-18,392,4160,49974814,40067437
2022-08-19,341,3320,49975155,40070757
2022-08-20,183,1715,49975338,40072472
2022-08-21,24,149,49975362,40072621
2022-08-22,329,2952,49975691,40075573
2022-08-23,370,3674,49976061,40079247
2022-08-24,384,3359,49976445,40082606
2022-08-25,422,3773,49976867,40086379
2022-08-26,399,3574,49977266,40089953
2022-08-27,237,1769,49977503,40091722
2022-08-28,29,267,49977532,40091989
2022-08-29,354,3161,49977886,40095150
2022-08-30,403,3671,49978289,40098821
2022-08-31,437,3735,49978726,40102556
2022-09-01,353,3116,49979079,40105672
2022-09-02,296,2893,49979375,40108565
2022-09-03,200,1688,49979575,40110253
2022-09-04,23,149,49979598,40110402
2022-09-05,187,2656,49979785,40113058
2022-09-06,303,2983,49980088,40116041
2022-09-07,540,2937,49980628,40118978
2022-09-08,292,2962,49980920,40121940
2022-09-09,305,2884,49981225,40124824
2022-09-10,227,1326,49981452,40126150
2022-09-11,23,124,49981475,40126274
2022-09-12,267,2267,49981742,40128541
2022-09-13,253,2276,49981995,40130817
2022-09-14,266,2565,49982261,40133382
2022-09-15,281,2497,49982542,40135879
2022-09-16,254,2544,49982796,40138423
2022-09-17,239,1339,49983035,40139762
2022-09-18,20,170,49983055,40139932
2022-09-19,206,1970,49983261,40141902
2022-09-20,236,2387,49983497,40144289
2022-09-21,289,2526,49983786,40146815
2022-09-22,264,2662,49984050,40149477
2022-09-23,258,2542,49984308,40152019
2022-09-24,193,1427,49984501,40153446
2022-09-25,29,133,49984530,40153579
2022-09-26,280,2248,49984810,40155827
2022-09-27,287,2683,49985097,40158510
2022-09-28,309,2896,49985406,40161406
2022-09-29,257,3048,49985663,40164454
2022-09-30,291,2988,49985954,40167442
2022-10-01,195,1515,49986149,40168957
2022-10-02,12,187,49986161,40169144
2022-10-03,182,2474,49986343,40171618
2022-10-04,236,2865,49986579,40174483
2022-10-05,229,3249,49986808,40177732
2022-10-06,243,3874,49987051,40181606
2022-10-07,282,4187,49987333,40185793
2022-10-08,202,2270,49987535,40188063
2022-10-09,8,304,49987543,40188367
2022-10-10,210,3354,49987753,40191721
2022-10-11,192,4374,49987945,40196095
2022-10-12,209,4435,49988154,40200530
2022-10-13,201,5301,49988355,40205831
2022-10-14,232,5022,49988587,40210853
2022-10-15,189,2671,49988776,40213524
2022-10-16,6,360,49988782,40213884
2022-10-17,185,3869,49988967,40217753
2022-10-18,257,4958,49989224,40222711
2022-10-19,242,5466,49989466,40228177
2022-10-20,224,5988,49989690,40234165
2022-10-21,249,5471,49989939,40239636
2022-10-22,195,2909,49990134,40242545
2022-10-23,13,356,49990147,40242901
2022-10-24,171,3918,49990318,40246819
2022-10-25,251,4919,49990569,40251738
2022-10-26,342,5484,49990911,40257222
2022-10-27,239,5662,49991150,40262884
2022-10-28,198,5254,49991348,40268138
2022-10-29,128,2844,49991476,40270982
2022-10-30,3,326,49991479,40271308
2022-10-31,117,3035,49991596,40274343
2022-11-01,10,330,49991606,40274673
2022-11-02,143,3706,49991749,40278379
2022-11-03,172,4776,49991921,40283155
2022-11-04,224,4590,49992145,40287745
2022-11-05,143,2590,49992288,40290335
2022-11-06,10,258,49992298,40290593
2022-11-07,161,3217,49992459,40293810
2022-11-08,259,4213,49992718,40298023
2022-11-09,197,4307,49992915,40302330
2022-11-10,181,4569,49993096,40306899
2022-11-11,190,4204,49993286,40311103
2022-11-12,153,2353,49993439,40313456
2022-11-13,7,335,49993446,40313791
2022-11-14,150,2827,49993596,40316618
2022-11-15,200,3720,49993796,40320338
2022-11-16,210,3941,49994006,40324279
2022-11-17,191,4054,49994197,40328333
2022-11-18,247,3975,49994444,40332308
2022-11-19,112,2067,49994556,40334375
2022-11-20,24,312,49994580,40334687
2022-11-21,119,2592,49994699,40337279
2022-11-22,141,3155,49994840,40340434
2022-11-23,187,3575,49995027,40344009
2022-11-24,126,3387,49995153,40347396
2022-11-25,170,3567,49995323,40350963
2022-11-26,130,2058,49995453,40353021
2022-11-27,22,353,49995475,40353374
2022-11-28,177,2451,49995652,40355825