data_somministrazione,vaccinazioni,booster,cum_vaccinazioni,cum_booster
2020-12-27,20,0,20,0
2020-12-28,2,0,22,0
2020-12-29,1,0,23,0
2020-12-30,8,0,31,0
2020-12-31,71,0,102,0
2021-01-01,23,0,125,0
2021-01-02,125,0,250,0
2021-01-03,87,0,337,0
2021-01-04,212,0,549,0
2021-01-05,253,0,802,0
2021-01-06,218,0,1020,0
2021-01-07,303,0,1323,0
2021-01-08,349,0,1672,0
2021-01-09,260,0,1932,0
2021-01-10,157,0,2089,0
2021-01-11,280,0,2369,0
2021-01-12,270,0,2639,0
2021-01-13,399,0,3038,0
2021-01-14,484,0,3522,0
2021-01-15,302,0,3824,0
2021-01-16,213,0,4037,0
2021-01-17,3060,0,7097,0
2021-01-18,5211,0,12308,0
2021-01-19,1893,0,14201,0
2021-01-20,4655,0,18856,0
2021-01-21,19999,0,38855,0
2021-01-22,14206,0,53061,0
2021-01-23,33320,0,86381,0
2021-01-24,30782,0,117163,0
2021-01-25,64723,0,181886,0
2021-01-26,76492,0,258378,0
2021-01-27,64825,0,323203,0
2021-01-28,89275,0,412478,0
2021-01-29,94013,0,506491,0
2021-01-30,86559,0,593050,0
2021-01-31,57329,0,650379,0
2021-02-01,81856,0,732235,0
2021-02-02,82141,0,814376,0
2021-02-03,91193,0,905569,0
2021-02-04,95395,0,1000964,0
2021-02-05,90272,0,1091236,0
2021-02-06,63444,0,1154680,0
2021-02-07,32929,0,1187609,0
2021-02-08,40426,0,1228035,0
2021-02-09,32865,0,1260900,0
2021-02-10,28422,0,1289322,0
2021-02-11,20398,0,1309720,0
2021-02-12,16237,0,1325957,0
2021-02-13,7267,0,1333224,0
2021-02-14,2861,0,1336085,0
2021-02-15,6840,0,1342925,0
2021-02-16,6998,0,1349923,0
2021-02-17,10522,0,1360445,0
2021-02-18,9252,0,1369697,0
2021-02-19,8246,0,1377943,0
2021-02-20,5559,0,1383502,0
2021-02-21,2999,0,1386501,0
2021-02-22,6884,0,1393385,0
2021-02-23,7168,0,1400553,0
2021-02-24,9831,0,1410384,0
2021-02-25,14211,0,1424595,0
2021-02-26,17555,0,1442150,0
2021-02-27,13910,0,1456060,0
2021-02-28,9388,0,1465448,0
2021-03-01,26516,0,1491964,0
2021-03-02,33238,0,1525202,0
2021-03-03,44644,0,1569846,0
2021-03-04,50291,0,1620137,0
2021-03-05,55730,0,1675867,0
2021-03-06,41870,0,1717737,0
2021-03-07,22323,0,1740060,0
2021-03-08,50823,0,1790883,0
2021-03-09,53072,0,1843955,0
2021-03-10,58650,0,1902605,0
2021-03-11,63861,0,1966466,0
2021-03-12,65109,0,2031575,0
2021-03-13,51717,0,2083292,0
2021-03-14,35396,0,2118688,0
2021-03-15,73440,0,2192128,0
2021-03-16,74028,0,2266156,0
2021-03-17,83132,0,2349288,0
2021-03-18,81622,0,2430910,0
2021-03-19,81082,0,2511992,0
2021-03-20,64720,0,2576712,0
2021-03-21,47295,0,2624007,0
2021-03-22,69476,0,2693483,0
2021-03-23,75797,0,2769280,0
2021-03-24,90912,0,2860192,0
2021-03-25,89799,0,2949991,0
2021-03-26,83620,0,3033611,0
2021-03-27,71937,0,3105548,0
2021-03-28,44144,0,3149692,0
2021-03-29,70824,0,3220516,0
2021-03-30,81383,0,3301899,0
2021-03-31,96235,0,3398134,0
2021-04-01,95308,0,3493442,0
2021-04-02,84072,0,3577514,0
2021-04-03,64305,0,3641819,0
2021-04-04,21718,0,3663537,0
2021-04-05,40310,0,3703847,0
2021-04-06,81311,0,3785158,0
2021-04-07,95830,0,3880988,0
2021-04-08,95234,0,3976222,0
2021-04-09,88489,0,4064711,0
2021-04-10,74030,0,4138741,0
2021-04-11,44762,0,4183503,0
2021-04-12,66918,0,4250421,0
2021-04-13,72573,0,4322994,0
2021-04-14,85538,0,4408532,0
2021-04-15,105417,0,4513949,0
2021-04-16,106417,0,4620366,0
2021-04-17,90514,0,4710880,0
2021-04-18,58588,0,4769468,0
2021-04-19,93430,0,4862898,0
2021-04-20,103769,0,4966667,0
2021-04-21,125338,0,5092005,0
2021-04-22,143516,0,5235521,0
2021-04-23,138737,0,5374258,0
2021-04-24,124444,0,5498702,0
2021-04-25,61455,0,5560157,0
2021-04-26,97894,0,5658051,0
2021-04-27,128361,0,5786412,0
2021-04-28,156369,0,5942781,0
2021-04-29,195593,0,6138374,0
2021-04-30,214578,0,6352952,0
2021-05-01,174115,0,6527067,0
2021-05-02,135803,0,6662870,0
2021-05-03,142035,0,6804905,0
2021-05-04,158695,0,6963600,0
2021-05-05,170500,0,7134100,0
2021-05-06,197808,0,7331908,0
2021-05-07,213845,0,7545753,0
2021-05-08,213409,0,7759162,0
2021-05-09,143200,0,7902362,0
2021-05-10,165086,0,8067448,0
2021-05-11,174986,0,8242434,0
2021-05-12,179180,0,8421614,0
2021-05-13,203379,0,8624993,0
2021-05-14,222909,0,8847902,0
2021-05-15,210357,0,9058259,0
2021-05-16,159273,0,9217532,0
2021-05-17,219192,0,9436724,0
2021-05-18,213017,0,9649741,0
2021-05-19,207084,0,9856825,0
2021-05-20,270858,0,10127683,0
2021-05-21,270886,0,10398569,0
2021-05-22,245524,0,10644093,0
2021-05-23,197178,0,10841271,0
2021-05-24,228303,0,11069574,0
2021-05-25,245694,0,11315268,0
2021-05-26,277491,0,11592759,0
2021-05-27,311082,0,11903841,0
2021-05-28,299571,0,12203412,0
2021-05-29,231218,0,12434630,0
2021-05-30,170839,0,12605469,0
2021-05-31,216420,0,12821889,0
2021-06-01,207631,0,13029520,0
2021-06-02,115789,0,13145309,0
2021-06-03,180139,0,13325448,0
2021-06-04,184875,0,13510323,0
2021-06-05,185955,0,13696278,0
2021-06-06,139544,0,13835822,0
2021-06-07,161868,0,13997690,0
2021-06-08,171212,0,14168902,0
2021-06-09,171469,0,14340371,0
2021-06-10,174092,0,14514463,0
2021-06-11,169972,0,14684435,0
2021-06-12,128322,0,14812757,0
2021-06-13,91183,0,14903940,0
2021-06-14,214673,0,15118613,0
2021-06-15,228417,0,15347030,0
2021-06-16,253074,0,15600104,0
2021-06-17,301735,0,15901839,0
2021-06-18,306296,0,16208135,0
2021-06-19,275084,0,16483219,0
2021-06-20,220776,0,16703995,0
2021-06-21,288074,0,16992069,0
2021-06-22,296217,0,17288286,0
2021-06-23,302687,0,17590973,0
2021-06-24,332591,0,17923564,0
2021-06-25,348711,0,18272275,0
2021-06-26,300120,0,18572395,0
2021-06-27,228661,0,18801056,0
2021-06-28,307090,0,19108146,0
2021-06-29,329281,0,19437427,0
2021-06-30,342162,0,19779589,0
2021-07-01,363206,0,20142795,0
2021-07-02,368467,0,20511262,0
2021-07-03,371088,0,20882350,0
2021-07-04,283210,0,21165560,0
2021-07-05,384544,0,21550104,0
2021-07-06,385466,0,21935570,0
2021-07-07,412122,0,22347692,0
2021-07-08,479615,0,22827307,0
2021-07-09,498483,0,23325790,0
2021-07-10,475187,0,23800977,0
2021-07-11,357701,0,24158678,0
2021-07-12,485901,0,24644579,0
2021-07-13,492127,0,25136706,0
2021-07-14,480469,0,25617175,0
2021-07-15,523465,0,26140640,0
2021-07-16,509763,0,26650403,0
2021-07-17,464349,0,27114752,0
2021-07-18,364655,0,27479407,0
2021-07-19,463065,0,27942472,0
2021-07-20,458066,0,28400538,0
2021-07-21,462794,0,28863332,0
2021-07-22,475396,0,29338728,0
2021-07-23,441317,0,29780045,0
2021-07-24,386172,0,30166217,0
2021-07-25,287562,0,30453779,0
2021-07-26,430877,0,30884656,0
2021-07-27,440125,0,31324781,0
2021-07-28,391014,0,31715795,0
2021-07-29,372077,0,32087872,0
2021-07-30,341509,0,32429381,0
2021-07-31,287024,0,32716405,0
2021-08-01,191000,0,32907405,0
2021-08-02,333714,0,33241119,0
2021-08-03,323191,0,33564310,0
2021-08-04,310973,0,33875283,0
2021-08-05,292506,0,34167789,0
2021-08-06,260007,0,34427796,0
2021-08-07,199047,0,34626843,0
2021-08-08,153111,0,34779954,0
2021-08-09,234067,0,35014021,0
2021-08-10,205249,0,35219270,0
2021-08-11,193767,0,35413037,0
2021-08-12,168025,0,35581062,0
2021-08-13,148627,0,35729689,0
2021-08-14,66093,0,35795782,0
2021-08-15,26337,0,35822119,0
2021-08-16,114698,0,35936817,0
2021-08-17,129242,0,36066059,0
2021-08-18,128747,0,36194806,0
2021-08-19,124811,0,36319617,0
2021-08-20,123796,0,36443413,0
2021-08-21,83130,0,36526543,0
2021-08-22,68172,0,36594715,0
2021-08-23,176870,0,36771585,0
2021-08-24,156896,0,36928481,0
2021-08-25,177169,0,37105650,0
2021-08-26,172358,0,37278008,0
2021-08-27,185835,0,37463843,0
2021-08-28,140275,0,37604118,0
2021-08-29,98993,0,37703111,0
2021-08-30,209604,0,37912715,0
2021-08-31,194637,0,38107352,0
2021-09-01,192207,0,38299559,0
2021-09-02,189935,0,38489494,0
2021-09-03,191310,0,38680804,0
2021-09-04,131468,0,38812272,0
2021-09-05,87857,0,38900129,0
2021-09-06,193632,0,39093761,0
2021-09-07,196041,0,39289802,0
2021-09-08,187883,0,39477685,0
2021-09-09,201450,0,39679135,0
2021-09-10,198081,0,39877216,0
2021-09-11,141307,0,40018523,0
2021-09-12,89600,0,40108123,0
2021-09-13,191137,589,40299260,589
2021-09-14,177235,607,40476495,1196
2021-09-15,163100,612,40639595,1808
2021-09-16,160078,952,40799673,2760
2021-09-17,150171,1133,40949844,3893
2021-09-18,127979,750,41077823,4643
2021-09-19,81134,499,41158957,5142
2021-09-20,180078,9094,41339035,14236
2021-09-21,166648,8842,41505683,23078
2021-09-22,159086,9447,41664769,32525
2021-09-23,138078,9338,41802847,41863
2021-09-24,140539,8976,41943386,50839
2021-09-25,119556,5651,42062942,56490
2021-09-26,71967,4349,42134909,60839
2021-09-27,135656,10058,42270565,70897
2021-09-28,117508,11401,42388073,82298
2021-09-29,112354,11833,42500427,94131
2021-09-30,110247,14961,42610674,109092
2021-10-01,94985,19119,42705659,128211
2021-10-02,78500,14030,42784159,142241
2021-10-03,47743,7663,42831902,149904
2021-10-04,88376,34465,42920278,184369
2021-10-05,80369,33992,43000647,218361
2021-10-06,71996,34183,43072643,252544
2021-10-07,71858,34360,43144501,286904
2021-10-08,80630,33599,43225131,320503
2021-10-09,76100,22183,43301231,342686
2021-10-10,45776,13620,43347007,356306
2021-10-11,87434,41115,43434441,397421
2021-10-12,84494,46917,43518935,444338
2021-10-13,88195,52130,43607130,496468
2021-10-14,91546,58525,43698676,554993
2021-10-15,93600,55643,43792276,610636
2021-10-16,82963,36799,43875239,647435
2021-10-17,51463,23838,43926702,671273
2021-10-18,90303,59495,44017005,730768
2021-10-19,78345,69386,44095350,800154
2021-10-20,75066,78186,44170416,878340
2021-10-21,78293,81775,44248709,960115
2021-10-22,73783,77044,44322492,1037159
2021-10-23,60825,51964,44383317,1089123
2021-10-24,33373,23466,44416690,1112589
2021-10-25,64904,81639,44481594,1194228
2021-10-26,58369,91813,44539963,1286041
2021-10-27,58327,103997,44598290,1390038
2021-10-28,61462,114123,44659752,1504161
2021-10-29,61643,103148,44721395,1607309
2021-10-30,50673,68124,44772068,1675433
2021-10-31,25162,28300,44797230,1703733
2021-11-01,19046,28152,44816276,1731885
2021-11-02,62747,89398,44879023,1821283
2021-11-03,60728,118673,44939751,1939956
2021-11-04,59242,126679,44998993,2066635
2021-11-05,63093,135195,45062086,2201830
2021-11-06,46481,90933,45108567,2292763
2021-11-07,22253,37897,45130820,2330660
2021-11-08,51531,131278,45182351,2461938
2021-11-09,45398,144216,45227749,2606154
2021-11-10,42583,156357,45270332,2762511
2021-11-11,44935,155141,45315267,2917652
2021-11-12,46374,158589,45361641,3076241
2021-11-13,33260,116658,45394901,3192899
2021-11-14,14488,52454,45409389,3245353
2021-11-15,36898,157436,45446287,3402789
2021-11-16,30556,171386,45476843,3574175
2021-11-17,28465,178445,45505308,3752620
2021-11-18,30281,193736,45535589,3946356
2021-11-19,28811,205861,45564400,4152217
2021-11-20,20998,156452,45585398,4308669
2021-11-21,10611,64860,45596009,4373529
2021-11-22,21942,213154,45617951,4586683
2021-11-23,23579,241761,45641530,4828444
2021-11-24,27844,270964,45669374,5099408
2021-11-25,23239,301916,45692613,5401324
2021-11-26,24583,318277,45717196,5719601
2021-11-27,21386,266157,45738582,5985758
2021-11-28,9903,137059,45748485,6122817
2021-11-29,22341,326075,45770826,6448892
2021-11-30,23100,365825,45793926,6814717
2021-12-01,21526,413522,45815452,7228239
2021-12-02,23769,440422,45839221,7668661
2021-12-03,25265,467478,45864486,8136139
2021-12-04,22373,418758,45886859,8554897
2021-12-05,11933,261349,45898792,8816246
2021-12-06,25820,457594,45924612,9273840
2021-12-07,24141,480270,45948753,9754110
2021-12-08,10006,249698,45958759,10003808
2021-12-09,31591,491940,45990350,10495748
2021-12-10,28077,517895,46018427,11013643
2021-12-11,23571,459259,46041998,11472902
2021-12-12,12309,293514,46054307,11766416
2021-12-13,26160,467639,46080467,12234055
2021-12-14,25176,494216,46105643,12728271
2021-12-15,25343,517159,46130986,13245430
2021-12-16,27890,520267,46158876,13765697
2021-12-17,29368,517186,46188244,14282883
2021-12-18,27072,468739,46215316,14751622
2021-12-19,15152,300532,46230468,15052154
2021-12-20,30638,477492,46261106,15529646
2021-12-21,30386,493393,46291492,16023039
2021-12-22,29458,484717,46320950,16507756
2021-12-23,28261,426916,46349211,16934672
2021-12-24,13114,210834,46362325,17145506
2021-12-25,2102,33053,46364427,17178559
2021-12-26,8765,159071,46373192,17337630
2021-12-27,46806,504668,46419998,17842298
2021-12-28,42460,554226,46462458,18396524
2021-12-29,34359,550652,46496817,18947176
2021-12-30,31852,499837,46528669,19447013
2021-12-31,14125,247395,46542794,19694408
2022-01-01,3496,64815,46546290,19759223
2022-01-02,22780,276723,46569070,20035946
2022-01-03,47866,520019,46616936,20555965
2022-01-04,46394,572090,46663330,21128055
2022-01-05,40772,560398,46704102,21688453
2022-01-06,23496,274487,46727598,21962940
2022-01-07,63719,554192,46791317,22517132
2022-01-08,60877,503392,46852194,23020524
2022-01-09,42874,319685,46895068,23340209
2022-01-10,61095,542291,46956163,23882500
2022-01-11,61739,586995,47017902,24469495
2022-01-12,58459,581278,47076361,25050773
2022-01-13,58619,580386,47134980,25631159
2022-01-14,46822,588569,47181802,26219728
2022-01-15,39428,569939,47221230,26789667
2022-01-16,31239,341859,47252469,27131526
2022-01-17,54788,489661,47307257,27621187
2022-01-18,58400,517016,47365657,28138203
2022-01-19,57201,502788,47422858,28640991
2022-01-20,54345,498825,47477203,29139816
2022-01-21,42096,493870,47519299,29633686
2022-01-22,31201,469593,47550500,30103279
2022-01-23,34941,275366,47585441,30378645
2022-01-24,56183,437222,47641624,30815867
2022-01-25,61556,452109,47703180,31267976
2022-01-26,58547,435829,47761727,31703805
2022-01-27,48843,432367,47810570,32136172
2022-01-28,58701,436533,47869271,32572705
2022-01-29,68130,412487,47937401,32985192
2022-01-30,50375,235963,47987776,33221155
2022-01-31,60624,356931,48048400,33578086
2022-02-01,65556,328442,48113956,33906528
2022-02-02,63199,296974,48177155,34203502
2022-02-03,60056,274515,48237211,34478017
2022-02-04,72380,268451,48309591,34746468
2022-02-05,83778,248527,48393369,34994995
2022-02-06,55289,116200,48448658,35111195
2022-02-07,65143,199937,48513801,35311132
2022-02-08,66925,186111,48580726,35497243
2022-02-09,58757,166334,48639483,35663577
2022-02-10,58572,163235,48698055,35826812
2022-02-11,62245,162465,48760300,35989277
2022-02-12,71975,152139,48832275,36141416
2022-02-13,41473,68848,48873748,36210264
2022-02-14,46689,116186,48920437,36326450
2022-02-15,48531,123477,48968968,36449927
2022-02-16,45676,106117,49014644,36556044
2022-02-17,42860,98105,49057504,36654149
2022-02-18,46617,112570,49104121,36766719
2022-02-19,52533,100329,49156654,36867048
2022-02-20,31410,40360,49188064,36907408
2022-02-21,37884,89648,49225948,36997056
2022-02-22,37217,83773,49263165,37080829
2022-02-23,33390,79405,49296555,37160234
2022-02-24,32547,78161,49329102,37238395
2022-02-25,34755,90709,49363857,37329104
2022-02-26,39154,89130,49403011,37418234
2022-02-27,22542,35856,49425553,37454090
2022-02-28,28477,81688,49454030,37535778
2022-03-01,22718,53939,49476748,37589717
2022-03-02,21995,50627,49498743,37640344
2022-03-03,22613,54940,49521356,37695284
2022-03-04,23228,62792,49544584,37758076
2022-03-05,23795,57950,49568379,37816026
2022-03-06,9470,17199,49577849,37833225
2022-03-07,15911,51387,49593760,37884612
2022-03-08,15471,48794,49609231,37933406
2022-03-09,13811,46517,49623042,37979923
2022-03-10,14047,52114,49637089,38032037
2022-03-11,15580,57260,49652669,38089297
2022-03-12,15501,56614,49668170,38145911
2022-03-13,5542,16850,49673712,38162761
2022-03-14,10520,46694,49684232,38209455
2022-03-15,10537,46890,49694769,38256345
2022-03-16,9476,41972,49704245,38298317
2022-03-17,9712,44871,49713957,38343188
2022-03-18,10157,49053,49724114,38392241
2022-03-19,9147,46531,49733261,38438772
2022-03-20,2608,11700,49735869,38450472
2022-03-21,7578,40223,49743447,38490695
2022-03-22,8447,37756,49751894,38528451
2022-03-23,7211,33699,49759105,38562150
2022-03-24,8255,38798,49767360,38600948
2022-03-25,8134,43660,49775494,38644608
2022-03-26,8125,41720,49783619,38686328
2022-03-27,2429,9681,49786048,38696009
2022-03-28,6105,35236,49792153,38731245
2022-03-29,5773,32527,49797926,38763772
2022-03-30,5563,30200,49803489,38793972
2022-03-31,5888,33181,49809377,38827153
2022-04-01,4347,25186,49813724,38852339
2022-04-02,4493,23274,49818217,38875613
2022-04-03,1049,4499,49819266,38880112
2022-04-04,3655,21535,49822921,38901647
2022-04-05,3755,22927,49826676,38924574
2022-04-06,4098,21848,49830774,38946422
2022-04-07,3964,23320,49834738,38969742
2022-04-08,4691,26710,49839429,38996452
2022-04-09,4381,23884,49843810,39020336
2022-04-10,891,4614,49844701,39024950
2022-04-11,3814,22685,49848515,39047635
2022-04-12,3359,21777,49851874,39069412
2022-04-13,3561,21333,49855435,39090745
2022-04-14,3485,23784,49858920,39114529
2022-04-15,3084,20616,49862004,39135145
2022-04-16,2149,11918,49864153,39147063
2022-04-17,63,348,49864216,39147411
2022-04-18,151,650,49864367,39148061
2022-04-19,3496,21977,49867863,39170038
2022-04-20,3506,20249,49871369,39190287
2022-04-21,2842,19783,49874211,39210070
2022-04-22,2926,20695,49877137,39230765
2022-04-23,2642,16217,49879779,39246982
2022-04-24,509,2334,49880288,39249316
2022-04-25,183,1165,49880471,39250481
2022-04-26,2756,17801,49883227,39268282
2022-04-27,2371,15788,49885598,39284070
2022-04-28,2356,15555,49887954,39299625
2022-04-29,2292,14836,49890246,39314461
2022-04-30,2122,11577,49892368,39326038
2022-05-01,113,530,49892481,39326568
2022-05-02,1450,9388,49893931,39335956
2022-05-03,1574,10312,49895505,39346268
2022-05-04,1746,10258,49897251,39356526
2022-05-05,1651,10278,49898902,39366804
2022-05-06,1700,10950,49900602,39377754
2022-05-07,1431,8564,49902033,39386318
2022-05-08,405,1514,49902438,39387832
2022-05-09,1027,8918,49903465,39396750
2022-05-10,1422,9541,49904887,39406291
2022-05-11,1483,10090,49906370,39416381
2022-05-12,1369,10122,49907739,39426503
2022-05-13,1590,10510,49909329,39437013
2022-05-14,1356,8228,49910685,39445241
2022-05-15,336,1129,49911021,39446370
2022-05-16,811,8392,49911832,39454762
2022-05-17,1243,8674,49913075,39463436
2022-05-18,1372,9222,49914447,39472658
2022-05-19,1500,9270,49915947,39481928
2022-05-20,1422,9498,49917369,39491426
2022-05-21,1299,7892,49918668,39499318
2022-05-22,231,1012,49918899,39500330
2022-05-23,829,8262,49919728,39508592
2022-05-24,1073,8664,49920801,39517256
2022-05-25,1369,9444,49922170,39526700
2022-05-26,1194,9455,49923364,39536155
2022-05-27,1227,9912,49924591,39546067
2022-05-28,1203,7874,49925794,39553941
2022-05-29,286,1264,49926080,39555205
2022-05-30,929,8029,49927009,39563234
2022-05-31,1033,8532,49928042,39571766
2022-06-01,890,7644,49928932,39579410
2022-06-02,35,474,49928967,39579884
2022-06-03,817,7328,49929784,39587212
2022-06-04,870,5156,49930654,39592368
2022-06-05,89,586,49930743,39592954
2022-06-06,675,6986,49931418,39599940
2022-06-07,951,7842,49932369,39607782
2022-06-08,983,7901,49933352,39615683
2022-06-09,1037,8399,49934389,39624082
2022-06-10,957,8552,49935346,39632634
2022-06-11,901,6206,49936247,39638840
2022-06-12,140,767,49936387,39639607
2022-06-13,602,6295,49936989,39645902
2022-06-14,827,7882,49937816,39653784
2022-06-15,954,7844,49938770,39661628
2022-06-16,729,7389,49939499,39669017
2022-06-17,720,7242,49940219,39676259
2022-06-18,777,5588,49940996,39681847
2022-06-19,47,522,49941043,39682369
2022-06-20,587,6695,49941630,39689064
2022-06-21,734,7654,49942364,39696718
2022-06-22,780,7307,49943144,39704025
2022-06-23,651,7459,49943795,39711484
2022-06-24,642,7472,49944437,39718956
2022-06-25,835,6532,49945272,39725488
2022-06-26,128,523,49945400,39726011
2022-06-27,531,7122,49945931,39733133
2022-06-28,745,8193,49946676,39741326
2022-06-29,756,7721,49947432,39749047
2022-06-30,745,8132,49948177,39757179
2022-07-01,576,6437,49948753,39763616
2022-07-02,536,4766,49949289,39768382
2022-07-03,49,456,49949338,39768838
2022-07-04,471,6274,49949809,39775112
2022-07-05,628,8112,49950437,39783224
2022-07-06,630,7607,49951067,39790831
2022-07-07,570,8264,49951637,39799095
2022-07-08,671,8079,49952308,39807174
2022-07-09,550,6103,49952858,39813277
2022-07-10,58,533,49952916,39813810
2022-07-11,487,7639,49953403,39821449
2022-07-12,665,9026,49954068,39830475
2022-07-13,640,10063,49954708,39840538
2022-07-14,636,10219,49955344,39850757
2022-07-15,624,10663,49955968,39861420
2022-07-16,522,7209,49956490,39868629
2022-07-17,48,769,49956538,39869398
2022-07-18,497,9350,49957035,39878748
2022-07-19,573,10657,49957608,39889405
2022-07-20,577,11258,49958185,39900663
2022-07-21,625,12040,49958810,39912703
2022-07-22,582,11227,49959392,39923930
2022-07-23,379,6744,49959771,39930674
2022-07-24,76,834,49959847,39931508
2022-07-25,501,9034,49960348,39940542
2022-07-26,519,9728,49960867,39950270
2022-07-27,550,10156,49961417,39960426
2022-07-28,528,10483,49961945,39970909
2022-07-29,510,9426,49962455,39980335
2022-07-30,380,5852,49962835,39986187
2022-07-31,49,745,49962884,39986932
2022-08-01,386,6824,49963270,39993756
2022-08-02,541,7526,49963811,40001282
2022-08-03,510,7142,49964321,40008424
2022-08-04,454,7439,49964775,40015863
2022-08-05,419,6487,49965194,40022350
2022-08-06,298,3582,49965492,40025932
2022-08-07,44,551,49965536,40026483
2022-08-08,401,4874,49965937,40031357
2022-08-09,383,5269,49966320,40036626
2022-08-10,376,4789,49966696,40041415
2022-08-11,364,4756,49967060,40046171
2022-08-12,291,3698,49967351,40049869
2022-08-13,143,1597,49967494,40051466
2022-08-14,9,128,49967503,40051594
2022-08-15,1,26,49967504,40051620
2022-08-16,283,3028,49967787,40054648
2022-08-17,351,3512,49968138,40058160
2022-08-18,389,4141,49968527,40062301
2022-08-19,341,3309,49968868,40065610
2022-08-20,183,1710,49969051,40067320
2022-08-21,24,146,49969075,40067466
2022-08-22,329,2940,49969404,40070406
2022-08-23,371,3656,49969775,40074062
2022-08-24,382,3344,49970157,40077406
2022-08-25,419,3753,49970576,40081159
2022-08-26,395,3562,49970971,40084721
2022-08-27,235,1769,49971206,40086490
2022-08-28,29,260,49971235,40086750
2022-08-29,353,3148,49971588,40089898
2022-08-30,402,3646,49971990,40093544
2022-08-31,436,3716,49972426,40097260
2022-09-01,351,3097,49972777,40100357
2022-09-02,293,2883,49973070,40103240
2022-09-03,199,1684,49973269,40104924
2022-09-04,22,147,49973291,40105071
2022-09-05,186,2646,49973477,40107717
2022-09-06,301,2984,49973778,40110701
2022-09-07,540,2912,49974318,40113613
2022-09-08,288,2946,49974606,40116559
2022-09-09,301,2852,49974907,40119411
2022-09-10,226,1324,49975133,40120735
2022-09-11,21,123,49975154,40120858
2022-09-12,267,2202,49975421,40123060
2022-09-13,248,2267,49975669,40125327
2022-09-14,261,2551,49975930,40127878
2022-09-15,279,2479,49976209,40130357
2022-09-16,252,2530,49976461,40132887
2022-09-17,239,1339,49976700,40134226
2022-09-18,20,170,49976720,40134396
2022-09-19,205,1965,49976925,40136361
2022-09-20,234,2371,49977159,40138732
2022-09-21,289,2508,49977448,40141240
2022-09-22,258,2618,49977706,40143858
2022-09-23,249,2315,49977955,40146173
2022-09-24,194,1426,49978149,40147599
2022-09-25,28,134,49978177,40147733
2022-09-26,280,2237,49978457,40149970
2022-09-27,280,2617,49978737,40152587
2022-09-28,307,2868,49979044,40155455
2022-09-29,249,3024,49979293,40158479
2022-09-30,287,2873,49979580,40161352
2022-10-01,193,1490,49979773,40162842
2022-10-02,11,187,49979784,40163029
2022-10-03,177,2450,49979961,40165479
2022-10-04,232,2806,49980193,40168285
2022-10-05,221,3170,49980414,40171455
2022-10-06,238,3758,49980652,40175213
2022-10-07,283,4080,49980935,40179293
2022-10-08,196,2206,49981131,40181499
2022-10-09,8,287,49981139,40181786
2022-10-10,204,3264,49981343,40185050
2022-10-11,187,4194,49981530,40189244
2022-10-12,195,4139,49981725,40193383
2022-10-13,181,4710,49981906,40198093