data_somministrazione,vaccinazioni,booster,cum_vaccinazioni,cum_booster
2020-12-27,20,0,20,0
2020-12-28,2,0,22,0
2020-12-29,1,0,23,0
2020-12-30,8,0,31,0
2020-12-31,71,0,102,0
2021-01-01,23,0,125,0
2021-01-02,124,0,249,0
2021-01-03,87,0,336,0
2021-01-04,212,0,548,0
2021-01-05,252,0,800,0
2021-01-06,218,0,1018,0
2021-01-07,303,0,1321,0
2021-01-08,348,0,1669,0
2021-01-09,259,0,1928,0
2021-01-10,157,0,2085,0
2021-01-11,280,0,2365,0
2021-01-12,270,0,2635,0
2021-01-13,398,0,3033,0
2021-01-14,484,0,3517,0
2021-01-15,302,0,3819,0
2021-01-16,213,0,4032,0
2021-01-17,3060,0,7092,0
2021-01-18,5211,0,12303,0
2021-01-19,1893,0,14196,0
2021-01-20,4655,0,18851,0
2021-01-21,19998,0,38849,0
2021-01-22,14206,0,53055,0
2021-01-23,33321,0,86376,0
2021-01-24,30783,0,117159,0
2021-01-25,64724,0,181883,0
2021-01-26,76496,0,258379,0
2021-01-27,64829,0,323208,0
2021-01-28,89277,0,412485,0
2021-01-29,94014,0,506499,0
2021-01-30,86561,0,593060,0
2021-01-31,57331,0,650391,0
2021-02-01,81857,0,732248,0
2021-02-02,82141,0,814389,0
2021-02-03,91194,0,905583,0
2021-02-04,95397,0,1000980,0
2021-02-05,90274,0,1091254,0
2021-02-06,63445,0,1154699,0
2021-02-07,32929,0,1187628,0
2021-02-08,40427,0,1228055,0
2021-02-09,32866,0,1260921,0
2021-02-10,28422,0,1289343,0
2021-02-11,20398,0,1309741,0
2021-02-12,16237,0,1325978,0
2021-02-13,7266,0,1333244,0
2021-02-14,2861,0,1336105,0
2021-02-15,6840,0,1342945,0
2021-02-16,6998,0,1349943,0
2021-02-17,10521,0,1360464,0
2021-02-18,9252,0,1369716,0
2021-02-19,8246,0,1377962,0
2021-02-20,5556,0,1383518,0
2021-02-21,2998,0,1386516,0
2021-02-22,6884,0,1393400,0
2021-02-23,7168,0,1400568,0
2021-02-24,9831,0,1410399,0
2021-02-25,14211,0,1424610,0
2021-02-26,17555,0,1442165,0
2021-02-27,13910,0,1456075,0
2021-02-28,9389,0,1465464,0
2021-03-01,26516,0,1491980,0
2021-03-02,33238,0,1525218,0
2021-03-03,44644,0,1569862,0
2021-03-04,50289,0,1620151,0
2021-03-05,55733,0,1675884,0
2021-03-06,41869,0,1717753,0
2021-03-07,22323,0,1740076,0
2021-03-08,50822,0,1790898,0
2021-03-09,53072,0,1843970,0
2021-03-10,58650,0,1902620,0
2021-03-11,63861,0,1966481,0
2021-03-12,65109,0,2031590,0
2021-03-13,51717,0,2083307,0
2021-03-14,35395,0,2118702,0
2021-03-15,73440,0,2192142,0
2021-03-16,74028,0,2266170,0
2021-03-17,83132,0,2349302,0
2021-03-18,81621,0,2430923,0
2021-03-19,81080,0,2512003,0
2021-03-20,64720,0,2576723,0
2021-03-21,47296,0,2624019,0
2021-03-22,69477,0,2693496,0
2021-03-23,75797,0,2769293,0
2021-03-24,90912,0,2860205,0
2021-03-25,89799,0,2950004,0
2021-03-26,83620,0,3033624,0
2021-03-27,71937,0,3105561,0
2021-03-28,44143,0,3149704,0
2021-03-29,70824,0,3220528,0
2021-03-30,81383,0,3301911,0
2021-03-31,96234,0,3398145,0
2021-04-01,95308,0,3493453,0
2021-04-02,84072,0,3577525,0
2021-04-03,64305,0,3641830,0
2021-04-04,21718,0,3663548,0
2021-04-05,40310,0,3703858,0
2021-04-06,81311,0,3785169,0
2021-04-07,95830,0,3880999,0
2021-04-08,95234,0,3976233,0
2021-04-09,88488,0,4064721,0
2021-04-10,74031,0,4138752,0
2021-04-11,44762,0,4183514,0
2021-04-12,66918,0,4250432,0
2021-04-13,72573,0,4323005,0
2021-04-14,85538,0,4408543,0
2021-04-15,105417,0,4513960,0
2021-04-16,106420,0,4620380,0
2021-04-17,90515,0,4710895,0
2021-04-18,58588,0,4769483,0
2021-04-19,93431,0,4862914,0
2021-04-20,103769,0,4966683,0
2021-04-21,125338,0,5092021,0
2021-04-22,143516,0,5235537,0
2021-04-23,138738,0,5374275,0
2021-04-24,124444,0,5498719,0
2021-04-25,61454,0,5560173,0
2021-04-26,97893,0,5658066,0
2021-04-27,128362,0,5786428,0
2021-04-28,156368,0,5942796,0
2021-04-29,195593,0,6138389,0
2021-04-30,214577,0,6352966,0
2021-05-01,174116,0,6527082,0
2021-05-02,135804,0,6662886,0
2021-05-03,142034,0,6804920,0
2021-05-04,158695,0,6963615,0
2021-05-05,170500,0,7134115,0
2021-05-06,197807,0,7331922,0
2021-05-07,213846,0,7545768,0
2021-05-08,213409,0,7759177,0
2021-05-09,143200,0,7902377,0
2021-05-10,165087,0,8067464,0
2021-05-11,174987,0,8242451,0
2021-05-12,179178,0,8421629,0
2021-05-13,203380,0,8625009,0
2021-05-14,222910,0,8847919,0
2021-05-15,210357,0,9058276,0
2021-05-16,159274,0,9217550,0
2021-05-17,219192,0,9436742,0
2021-05-18,213017,0,9649759,0
2021-05-19,207084,0,9856843,0
2021-05-20,270861,0,10127704,0
2021-05-21,270886,0,10398590,0
2021-05-22,245523,0,10644113,0
2021-05-23,197180,0,10841293,0
2021-05-24,228303,0,11069596,0
2021-05-25,245696,0,11315292,0
2021-05-26,277489,0,11592781,0
2021-05-27,311084,0,11903865,0
2021-05-28,299571,0,12203436,0
2021-05-29,231217,0,12434653,0
2021-05-30,170839,0,12605492,0
2021-05-31,216421,0,12821913,0
2021-06-01,207631,0,13029544,0
2021-06-02,115789,0,13145333,0
2021-06-03,180141,0,13325474,0
2021-06-04,184873,0,13510347,0
2021-06-05,185954,0,13696301,0
2021-06-06,139540,0,13835841,0
2021-06-07,161869,0,13997710,0
2021-06-08,171209,0,14168919,0
2021-06-09,171469,0,14340388,0
2021-06-10,174092,0,14514480,0
2021-06-11,169973,0,14684453,0
2021-06-12,128323,0,14812776,0
2021-06-13,91185,0,14903961,0
2021-06-14,214671,0,15118632,0
2021-06-15,228417,0,15347049,0
2021-06-16,253076,0,15600125,0
2021-06-17,301734,0,15901859,0
2021-06-18,306298,0,16208157,0
2021-06-19,275081,0,16483238,0
2021-06-20,220778,0,16704016,0
2021-06-21,288076,0,16992092,0
2021-06-22,296217,0,17288309,0
2021-06-23,302690,0,17590999,0
2021-06-24,332593,0,17923592,0
2021-06-25,348711,0,18272303,0
2021-06-26,300118,0,18572421,0
2021-06-27,228663,0,18801084,0
2021-06-28,307092,0,19108176,0
2021-06-29,329283,0,19437459,0
2021-06-30,342160,0,19779619,0
2021-07-01,363205,0,20142824,0
2021-07-02,368467,0,20511291,0
2021-07-03,371089,0,20882380,0
2021-07-04,283209,0,21165589,0
2021-07-05,384543,0,21550132,0
2021-07-06,385467,0,21935599,0
2021-07-07,412124,0,22347723,0
2021-07-08,479615,0,22827338,0
2021-07-09,498488,0,23325826,0
2021-07-10,475191,0,23801017,0
2021-07-11,357701,0,24158718,0
2021-07-12,485902,0,24644620,0
2021-07-13,492131,0,25136751,0
2021-07-14,480472,0,25617223,0
2021-07-15,523471,0,26140694,0
2021-07-16,509771,0,26650465,0
2021-07-17,464352,0,27114817,0
2021-07-18,364662,0,27479479,0
2021-07-19,463067,0,27942546,0
2021-07-20,458071,0,28400617,0
2021-07-21,462800,0,28863417,0
2021-07-22,475399,0,29338816,0
2021-07-23,441318,0,29780134,0
2021-07-24,386176,0,30166310,0
2021-07-25,287564,0,30453874,0
2021-07-26,430879,0,30884753,0
2021-07-27,440127,0,31324880,0
2021-07-28,391013,0,31715893,0
2021-07-29,372079,0,32087972,0
2021-07-30,341504,0,32429476,0
2021-07-31,287027,0,32716503,0
2021-08-01,191007,0,32907510,0
2021-08-02,333717,0,33241227,0
2021-08-03,323195,0,33564422,0
2021-08-04,310977,0,33875399,0
2021-08-05,292512,0,34167911,0
2021-08-06,260008,0,34427919,0
2021-08-07,199048,0,34626967,0
2021-08-08,153112,0,34780079,0
2021-08-09,234070,0,35014149,0
2021-08-10,205251,0,35219400,0
2021-08-11,193768,0,35413168,0
2021-08-12,168024,0,35581192,0
2021-08-13,148624,0,35729816,0
2021-08-14,66093,0,35795909,0
2021-08-15,26336,0,35822245,0
2021-08-16,114697,0,35936942,0
2021-08-17,129244,0,36066186,0
2021-08-18,128749,0,36194935,0
2021-08-19,124810,0,36319745,0
2021-08-20,123797,0,36443542,0
2021-08-21,83127,0,36526669,0
2021-08-22,68173,0,36594842,0
2021-08-23,176870,0,36771712,0
2021-08-24,156899,0,36928611,0
2021-08-25,177170,0,37105781,0
2021-08-26,172359,0,37278140,0
2021-08-27,185838,0,37463978,0
2021-08-28,140276,0,37604254,0
2021-08-29,98992,0,37703246,0
2021-08-30,209606,0,37912852,0
2021-08-31,194637,0,38107489,0
2021-09-01,192210,0,38299699,0
2021-09-02,189935,0,38489634,0
2021-09-03,191315,0,38680949,0
2021-09-04,131471,0,38812420,0
2021-09-05,87860,0,38900280,0
2021-09-06,193634,0,39093914,0
2021-09-07,196043,0,39289957,0
2021-09-08,187883,0,39477840,0
2021-09-09,201453,0,39679293,0
2021-09-10,198082,0,39877375,0
2021-09-11,141310,0,40018685,0
2021-09-12,89601,0,40108286,0
2021-09-13,191141,585,40299427,585
2021-09-14,177238,604,40476665,1189
2021-09-15,163103,609,40639768,1798
2021-09-16,160082,948,40799850,2746
2021-09-17,150171,1133,40950021,3879
2021-09-18,127981,748,41078002,4627
2021-09-19,81135,498,41159137,5125
2021-09-20,180076,9094,41339213,14219
2021-09-21,166647,8842,41505860,23061
2021-09-22,159086,9447,41664946,32508
2021-09-23,138077,9338,41803023,41846
2021-09-24,140539,8975,41943562,50821
2021-09-25,119557,5650,42063119,56471
2021-09-26,71969,4347,42135088,60818
2021-09-27,135657,10057,42270745,70875
2021-09-28,117507,11401,42388252,82276
2021-09-29,112354,11833,42500606,94109
2021-09-30,110247,14960,42610853,109069
2021-10-01,94985,19119,42705838,128188
2021-10-02,78499,14030,42784337,142218
2021-10-03,47743,7663,42832080,149881
2021-10-04,88377,34464,42920457,184345
2021-10-05,80368,33992,43000825,218337
2021-10-06,71996,34183,43072821,252520
2021-10-07,71859,34359,43144680,286879
2021-10-08,80631,33598,43225311,320477
2021-10-09,76102,22181,43301413,342658
2021-10-10,45776,13620,43347189,356278
2021-10-11,87435,41114,43434624,397392
2021-10-12,84495,46916,43519119,444308
2021-10-13,88196,52129,43607315,496437
2021-10-14,91547,58524,43698862,554961
2021-10-15,93600,55643,43792462,610604
2021-10-16,82967,36795,43875429,647399
2021-10-17,51464,23837,43926893,671236
2021-10-18,90304,59494,44017197,730730
2021-10-19,78346,69384,44095543,800114
2021-10-20,75069,78183,44170612,878297
2021-10-21,78294,81774,44248906,960071
2021-10-22,73785,77042,44322691,1037113
2021-10-23,60824,51964,44383515,1089077
2021-10-24,33373,23466,44416888,1112543
2021-10-25,64905,81638,44481793,1194181
2021-10-26,58369,91813,44540162,1285994
2021-10-27,58329,103995,44598491,1389989
2021-10-28,61462,114123,44659953,1504112
2021-10-29,61643,103146,44721596,1607258
2021-10-30,50672,68124,44772268,1675382
2021-10-31,25162,28300,44797430,1703682
2021-11-01,19046,28152,44816476,1731834
2021-11-02,62749,89396,44879225,1821230
2021-11-03,60728,118673,44939953,1939903
2021-11-04,59243,126678,44999196,2066581
2021-11-05,63092,135195,45062288,2201776
2021-11-06,46481,90933,45108769,2292709
2021-11-07,22253,37897,45131022,2330606
2021-11-08,51531,131277,45182553,2461883
2021-11-09,45399,144214,45227952,2606097
2021-11-10,42584,156356,45270536,2762453
2021-11-11,44936,155140,45315472,2917593
2021-11-12,46375,158588,45361847,3076181
2021-11-13,33260,116658,45395107,3192839
2021-11-14,14489,52453,45409596,3245292
2021-11-15,36896,157437,45446492,3402729
2021-11-16,30557,171385,45477049,3574114
2021-11-17,28465,178444,45505514,3752558
2021-11-18,30283,193734,45535797,3946292
2021-11-19,28810,205861,45564607,4152153
2021-11-20,20997,156453,45585604,4308606
2021-11-21,10611,64860,45596215,4373466
2021-11-22,21942,213154,45618157,4586620
2021-11-23,23582,241758,45641739,4828378
2021-11-24,27843,270964,45669582,5099342
2021-11-25,23238,301916,45692820,5401258
2021-11-26,24583,318277,45717403,5719535
2021-11-27,21386,266155,45738789,5985690
2021-11-28,9903,137059,45748692,6122749
2021-11-29,22340,326073,45771032,6448822
2021-11-30,23099,365824,45794131,6814646
2021-12-01,21527,413521,45815658,7228167
2021-12-02,23776,440413,45839434,7668580
2021-12-03,25267,467476,45864701,8136056
2021-12-04,22373,418758,45887074,8554814
2021-12-05,11933,261349,45899007,8816163
2021-12-06,25822,457590,45924829,9273753
2021-12-07,24141,480269,45948970,9754022
2021-12-08,10005,249698,45958975,10003720
2021-12-09,31592,491938,45990567,10495658
2021-12-10,28078,517894,46018645,11013552
2021-12-11,23572,459258,46042217,11472810
2021-12-12,12309,293513,46054526,11766323
2021-12-13,26160,467639,46080686,12233962
2021-12-14,25175,494216,46105861,12728178
2021-12-15,25344,517158,46131205,13245336
2021-12-16,27890,520267,46159095,13765603
2021-12-17,29369,517185,46188464,14282788
2021-12-18,27075,468735,46215539,14751523
2021-12-19,15151,300532,46230690,15052055
2021-12-20,30638,477492,46261328,15529547
2021-12-21,30385,493393,46291713,16022940
2021-12-22,29457,484716,46321170,16507656
2021-12-23,28260,426916,46349430,16934572
2021-12-24,13114,210834,46362544,17145406
2021-12-25,2102,33053,46364646,17178459
2021-12-26,8767,159070,46373413,17337529
2021-12-27,46805,504667,46420218,17842196
2021-12-28,42460,554225,46462678,18396421
2021-12-29,34362,550649,46497040,18947070
2021-12-30,31851,499837,46528891,19446907
2021-12-31,14126,247394,46543017,19694301
2022-01-01,3496,64815,46546513,19759116
2022-01-02,22783,276720,46569296,20035836
2022-01-03,47866,520019,46617162,20555855
2022-01-04,46391,572090,46663553,21127945
2022-01-05,40770,560398,46704323,21688343
2022-01-06,23496,274487,46727819,21962830
2022-01-07,63720,554189,46791539,22517019
2022-01-08,60876,503391,46852415,23020410
2022-01-09,42873,319685,46895288,23340095
2022-01-10,61095,542290,46956383,23882385
2022-01-11,61738,586994,47018121,24469379
2022-01-12,58455,581277,47076576,25050656
2022-01-13,58621,580384,47135197,25631040
2022-01-14,46821,588568,47182018,26219608
2022-01-15,39427,569936,47221445,26789544
2022-01-16,31237,341859,47252682,27131403
2022-01-17,54788,489659,47307470,27621062
2022-01-18,58401,517015,47365871,28138077
2022-01-19,57201,502785,47423072,28640862
2022-01-20,54345,498824,47477417,29139686
2022-01-21,42096,493870,47519513,29633556
2022-01-22,31199,469593,47550712,30103149
2022-01-23,34938,275366,47585650,30378515
2022-01-24,56185,437219,47641835,30815734
2022-01-25,61552,452109,47703387,31267843
2022-01-26,58548,435826,47761935,31703669
2022-01-27,48843,432366,47810778,32136035
2022-01-28,58699,436532,47869477,32572567
2022-01-29,68127,412486,47937604,32985053
2022-01-30,50376,235962,47987980,33221015
2022-01-31,60623,356928,48048603,33577943
2022-02-01,65555,328441,48114158,33906384
2022-02-02,63198,296974,48177356,34203358
2022-02-03,60055,274515,48237411,34477873
2022-02-04,72380,268451,48309791,34746324
2022-02-05,83779,248525,48393570,34994849
2022-02-06,55289,116200,48448859,35111049
2022-02-07,65139,199938,48513998,35310987
2022-02-08,66926,186110,48580924,35497097
2022-02-09,58757,166334,48639681,35663431
2022-02-10,58572,163235,48698253,35826666
2022-02-11,62247,162461,48760500,35989127
2022-02-12,71975,152139,48832475,36141266
2022-02-13,41471,68849,48873946,36210115
2022-02-14,46688,116186,48920634,36326301
2022-02-15,48530,123477,48969164,36449778
2022-02-16,45676,106116,49014840,36555894
2022-02-17,42861,98104,49057701,36653998
2022-02-18,46617,112570,49104318,36766568
2022-02-19,52532,100329,49156850,36866897
2022-02-20,31410,40360,49188260,36907257
2022-02-21,37886,89646,49226146,36996903
2022-02-22,37217,83773,49263363,37080676
2022-02-23,33390,79405,49296753,37160081
2022-02-24,32548,78161,49329301,37238242
2022-02-25,34753,90709,49364054,37328951
2022-02-26,39155,89129,49403209,37418080
2022-02-27,22542,35856,49425751,37453936
2022-02-28,28477,81687,49454228,37535623
2022-03-01,22718,53939,49476946,37589562
2022-03-02,21994,50627,49498940,37640189
2022-03-03,22612,54940,49521552,37695129
2022-03-04,23226,62793,49544778,37757922
2022-03-05,23795,57950,49568573,37815872
2022-03-06,9470,17199,49578043,37833071
2022-03-07,15911,51387,49593954,37884458
2022-03-08,15471,48794,49609425,37933252
2022-03-09,13811,46517,49623236,37979769
2022-03-10,14047,52114,49637283,38031883
2022-03-11,15580,57260,49652863,38089143
2022-03-12,15501,56614,49668364,38145757
2022-03-13,5543,16849,49673907,38162606
2022-03-14,10520,46694,49684427,38209300
2022-03-15,10536,46890,49694963,38256190
2022-03-16,9476,41972,49704439,38298162
2022-03-17,9712,44871,49714151,38343033
2022-03-18,10157,49053,49724308,38392086
2022-03-19,9147,46531,49733455,38438617
2022-03-20,2608,11700,49736063,38450317
2022-03-21,7578,40223,49743641,38490540
2022-03-22,8447,37756,49752088,38528296
2022-03-23,7211,33699,49759299,38561995
2022-03-24,8255,38798,49767554,38600793
2022-03-25,8133,43660,49775687,38644453
2022-03-26,8125,41720,49783812,38686173
2022-03-27,2429,9681,49786241,38695854
2022-03-28,6105,35236,49792346,38731090
2022-03-29,5773,32527,49798119,38763617
2022-03-30,5564,30199,49803683,38793816
2022-03-31,5888,33181,49809571,38826997
2022-04-01,4347,25185,49813918,38852182
2022-04-02,4493,23274,49818411,38875456
2022-04-03,1049,4499,49819460,38879955
2022-04-04,3655,21535,49823115,38901490
2022-04-05,3755,22927,49826870,38924417
2022-04-06,4098,21848,49830968,38946265
2022-04-07,3964,23320,49834932,38969585
2022-04-08,4690,26709,49839622,38996294
2022-04-09,4381,23884,49844003,39020178
2022-04-10,891,4614,49844894,39024792
2022-04-11,3814,22685,49848708,39047477
2022-04-12,3359,21777,49852067,39069254
2022-04-13,3561,21333,49855628,39090587
2022-04-14,3485,23784,49859113,39114371
2022-04-15,3084,20616,49862197,39134987
2022-04-16,2149,11918,49864346,39146905
2022-04-17,63,348,49864409,39147253
2022-04-18,151,650,49864560,39147903
2022-04-19,3495,21977,49868055,39169880
2022-04-20,3506,20248,49871561,39190128
2022-04-21,2842,19783,49874403,39209911
2022-04-22,2926,20695,49877329,39230606
2022-04-23,2642,16216,49879971,39246822
2022-04-24,509,2334,49880480,39249156
2022-04-25,183,1165,49880663,39250321
2022-04-26,2756,17801,49883419,39268122
2022-04-27,2371,15787,49885790,39283909
2022-04-28,2356,15555,49888146,39299464
2022-04-29,2292,14836,49890438,39314300
2022-04-30,2122,11577,49892560,39325877
2022-05-01,113,530,49892673,39326407
2022-05-02,1450,9388,49894123,39335795
2022-05-03,1574,10312,49895697,39346107
2022-05-04,1746,10258,49897443,39356365
2022-05-05,1651,10278,49899094,39366643
2022-05-06,1700,10950,49900794,39377593
2022-05-07,1431,8564,49902225,39386157
2022-05-08,405,1514,49902630,39387671
2022-05-09,1027,8918,49903657,39396589
2022-05-10,1422,9541,49905079,39406130
2022-05-11,1483,10090,49906562,39416220
2022-05-12,1369,10122,49907931,39426342
2022-05-13,1590,10510,49909521,39436852
2022-05-14,1356,8228,49910877,39445080
2022-05-15,336,1129,49911213,39446209
2022-05-16,811,8392,49912024,39454601
2022-05-17,1243,8674,49913267,39463275
2022-05-18,1372,9222,49914639,39472497
2022-05-19,1500,9271,49916139,39481768
2022-05-20,1422,9498,49917561,39491266
2022-05-21,1299,7892,49918860,39499158
2022-05-22,231,1012,49919091,39500170
2022-05-23,829,8262,49919920,39508432
2022-05-24,1073,8664,49920993,39517096
2022-05-25,1369,9444,49922362,39526540
2022-05-26,1194,9455,49923556,39535995
2022-05-27,1227,9912,49924783,39545907
2022-05-28,1203,7874,49925986,39553781
2022-05-29,286,1264,49926272,39555045
2022-05-30,929,8029,49927201,39563074
2022-05-31,1033,8532,49928234,39571606
2022-06-01,890,7644,49929124,39579250
2022-06-02,35,474,49929159,39579724
2022-06-03,817,7328,49929976,39587052
2022-06-04,870,5156,49930846,39592208
2022-06-05,89,586,49930935,39592794
2022-06-06,675,6986,49931610,39599780
2022-06-07,951,7842,49932561,39607622
2022-06-08,983,7901,49933544,39615523
2022-06-09,1036,8400,49934580,39623923
2022-06-10,957,8552,49935537,39632475
2022-06-11,901,6206,49936438,39638681
2022-06-12,140,767,49936578,39639448
2022-06-13,602,6295,49937180,39645743
2022-06-14,827,7882,49938007,39653625
2022-06-15,954,7844,49938961,39661469
2022-06-16,729,7389,49939690,39668858
2022-06-17,721,7241,49940411,39676099
2022-06-18,777,5588,49941188,39681687
2022-06-19,47,522,49941235,39682209
2022-06-20,587,6695,49941822,39688904
2022-06-21,734,7654,49942556,39696558
2022-06-22,780,7307,49943336,39703865
2022-06-23,651,7459,49943987,39711324
2022-06-24,642,7472,49944629,39718796
2022-06-25,835,6532,49945464,39725328
2022-06-26,128,523,49945592,39725851
2022-06-27,531,7122,49946123,39732973
2022-06-28,745,8193,49946868,39741166
2022-06-29,756,7721,49947624,39748887
2022-06-30,745,8132,49948369,39757019
2022-07-01,576,6437,49948945,39763456
2022-07-02,536,4766,49949481,39768222
2022-07-03,49,456,49949530,39768678
2022-07-04,471,6274,49950001,39774952
2022-07-05,628,8112,49950629,39783064
2022-07-06,630,7607,49951259,39790671
2022-07-07,570,8264,49951829,39798935
2022-07-08,671,8079,49952500,39807014
2022-07-09,550,6103,49953050,39813117
2022-07-10,58,533,49953108,39813650
2022-07-11,487,7639,49953595,39821289
2022-07-12,665,9026,49954260,39830315
2022-07-13,640,10063,49954900,39840378
2022-07-14,636,10219,49955536,39850597
2022-07-15,624,10663,49956160,39861260
2022-07-16,522,7209,49956682,39868469
2022-07-17,48,769,49956730,39869238
2022-07-18,497,9350,49957227,39878588
2022-07-19,573,10657,49957800,39889245
2022-07-20,577,11258,49958377,39900503
2022-07-21,625,12040,49959002,39912543
2022-07-22,582,11227,49959584,39923770
2022-07-23,379,6743,49959963,39930513
2022-07-24,76,834,49960039,39931347
2022-07-25,501,9034,49960540,39940381
2022-07-26,519,9728,49961059,39950109
2022-07-27,550,10156,49961609,39960265
2022-07-28,528,10483,49962137,39970748
2022-07-29,510,9426,49962647,39980174
2022-07-30,380,5852,49963027,39986026
2022-07-31,49,745,49963076,39986771
2022-08-01,386,6824,49963462,39993595
2022-08-02,541,7525,49964003,40001120
2022-08-03,510,7142,49964513,40008262
2022-08-04,454,7439,49964967,40015701
2022-08-05,419,6487,49965386,40022188
2022-08-06,298,3582,49965684,40025770
2022-08-07,44,551,49965728,40026321
2022-08-08,401,4874,49966129,40031195
2022-08-09,383,5269,49966512,40036464
2022-08-10,376,4789,49966888,40041253
2022-08-11,364,4756,49967252,40046009
2022-08-12,291,3698,49967543,40049707
2022-08-13,143,1597,49967686,40051304
2022-08-14,9,128,49967695,40051432
2022-08-15,1,26,49967696,40051458
2022-08-16,283,3028,49967979,40054486
2022-08-17,351,3512,49968330,40057998
2022-08-18,390,4140,49968720,40062138
2022-08-19,341,3309,49969061,40065447
2022-08-20,183,1710,49969244,40067157
2022-08-21,24,146,49969268,40067303
2022-08-22,329,2940,49969597,40070243
2022-08-23,371,3656,49969968,40073899
2022-08-24,382,3344,49970350,40077243
2022-08-25,419,3753,49970769,40080996
2022-08-26,395,3562,49971164,40084558
2022-08-27,235,1769,49971399,40086327
2022-08-28,29,260,49971428,40086587
2022-08-29,353,3148,49971781,40089735
2022-08-30,402,3646,49972183,40093381
2022-08-31,436,3716,49972619,40097097
2022-09-01,351,3097,49972970,40100194
2022-09-02,293,2883,49973263,40103077
2022-09-03,199,1684,49973462,40104761
2022-09-04,22,147,49973484,40104908
2022-09-05,186,2646,49973670,40107554
2022-09-06,301,2984,49973971,40110538
2022-09-07,540,2912,49974511,40113450
2022-09-08,288,2945,49974799,40116395
2022-09-09,301,2852,49975100,40119247
2022-09-10,226,1324,49975326,40120571
2022-09-11,21,123,49975347,40120694
2022-09-12,267,2202,49975614,40122896
2022-09-13,248,2267,49975862,40125163
2022-09-14,261,2551,49976123,40127714
2022-09-15,279,2479,49976402,40130193
2022-09-16,252,2530,49976654,40132723
2022-09-17,239,1339,49976893,40134062
2022-09-18,20,170,49976913,40134232
2022-09-19,205,1965,49977118,40136197
2022-09-20,234,2371,49977352,40138568
2022-09-21,289,2508,49977641,40141076
2022-09-22,258,2617,49977899,40143693
2022-09-23,249,2315,49978148,40146008
2022-09-24,194,1426,49978342,40147434
2022-09-25,28,134,49978370,40147568
2022-09-26,280,2237,49978650,40149805
2022-09-27,280,2617,49978930,40152422
2022-09-28,307,2865,49979237,40155287
2022-09-29,249,3022,49979486,40158309
2022-09-30,287,2870,49979773,40161179
2022-10-01,193,1490,49979966,40162669
2022-10-02,11,187,49979977,40162856
2022-10-03,177,2450,49980154,40165306
2022-10-04,232,2803,49980386,40168109
2022-10-05,221,3168,49980607,40171277
2022-10-06,237,3749,49980844,40175026
2022-10-07,283,4078,49981127,40179104
2022-10-08,196,2185,49981323,40181289
2022-10-09,8,287,49981331,40181576
2022-10-10,205,3262,49981536,40184838
2022-10-11,187,4185,49981723,40189023
2022-10-12,195,4114,49981918,40193137
2022-10-13,90,2323,49982008,40195460